,Rolandic_Oper_R,Frontal_Inf_Tri_R,Supp_Motor_Area_L,ACC_sub_R,ACC_sup_L,Thal_Re_R,Frontal_Sup_2_R,Thal_MGN_L,SN_pr_L,Amygdala_L,Vermis_8,Raphe_M,Temporal_Inf_L,Thal_LP_R,N_Acc_R,OFCpost_L,Rolandic_Oper_L,OFCant_R,Thal_AV_L,Cerebellum_6_R,Hippocampus_R,Cerebellum_7b_R,Temporal_Pole_Sup_L,ACC_pre_R,Putamen_R,Vermis_10,Occipital_Inf_L,Cerebellum_9_L,Calcarine_R,Cerebellum_6_L,Temporal_Pole_Mid_L,ACC_sup_R,Supp_Motor_Area_R,OFCant_L,Thal_VPL_R,VTA_R,Thal_PuA_R,Frontal_Inf_Orb_2_L,Frontal_Sup_Medial_R,Thal_MDl_L,Postcentral_L,Thal_VL_R,Frontal_Sup_Medial_L,Thal_MDm_L,Precuneus_L,Frontal_Inf_Oper_R,Cerebellum_8_R,Thal_PuA_L,Cerebellum_Crus1_R,Pallidum_R,Lingual_R,N_Acc_L,Cerebellum_4_5_R,Cerebellum_7b_L,Temporal_Sup_L,Parietal_Inf_L,Cingulate_Mid_R,Thal_PuM_R,Parietal_Sup_R,SN_pr_R
Rolandic_Oper_R,1.0,0.643082599543433,0.39324800988618713,-0.35049141114760757,-0.2606655865151031,0.054987820184210785,0.2296133524137462,0.34012521407890106,0.12752278165626327,0.4664494614981382,-0.18323331958984868,-0.058030603939132806,0.029123692094387008,0.1582592505359083,-0.19080386873899777,0.3164315629351035,0.6751515835218813,-0.006981178644089273,0.3028649170448823,0.03683804143500152,0.28760621778504725,-0.21801409080244405,-0.16596440296287931,-0.21990087499773134,0.3678301212059298,-0.17366213478113032,0.023000136125909836,-0.33635252924725495,0.1145958080390019,-0.0011672540409627774,-0.014636411676201853,-0.11214381120525974,0.6006542835753451,0.5210044034546802,0.5608403267658755,0.08213479397897813,0.39860894942285485,0.29034992361636064,0.49352274793395523,0.1688944403010805,0.3807179841259982,0.47807839416080095,-0.3900072308315756,0.15294499690209276,0.08893169042406691,0.7495028132960477,-0.2437088180247508,0.4948240421223495,-0.16494772087156648,0.19554025742961917,0.4484140236340282,0.006394136502851646,0.1069821653173284,-0.24042559213933015,0.4265459844013933,0.18230934481369301,0.32466009062173223,0.47218357359289104,-0.008515387682516052,0.02743620205852054
Frontal_Inf_Tri_R,0.643082599543433,1.0,0.16666960751882898,-0.05226949412592372,-0.2870252337726119,-0.2057216682862684,0.21390660087669525,0.4699674689145653,0.11568230622733425,0.020879925038038816,-0.17007832605132614,0.0779683749030045,0.20651633506347206,0.12301011647890518,-0.17419500877799743,0.249860455151916,0.503369115249404,0.07403178490229896,0.2161818753484264,0.3830341756636111,0.3499273934533179,0.20061603199526792,-0.12286222233584017,0.0698779026957799,0.47085994319349983,-0.019955855077893367,0.2667279095072618,0.01810398767559506,0.2833568095485016,0.4160155236938625,-0.0966912345700961,-0.008154110763966044,0.2947976053919981,0.21613732649711279,0.40083576572895147,0.20306632746133296,0.25575429294400964,0.3305483137798159,0.619088676400377,0.051868041867087294,0.46686720854655733,0.29874386855471124,-0.11291631450247942,0.023592574032304057,0.37038181314225177,0.8878571748243317,0.19694258851168606,0.4137578577364546,0.21447943083265134,0.3310231195754379,0.38571291905546046,-0.29342958015600623,0.27500609429893524,0.01817145094376934,0.5631226187633164,0.3416231712724833,0.2259485096560646,0.4056903410152067,0.19771142751073956,0.06000669520604995
Supp_Motor_Area_L,0.39324800988618713,0.16666960751882898,1.0,-0.45321229070598573,0.43561480335387615,0.500531149010377,0.6629762921465276,0.36287745381758607,0.3221937597839117,0.3823538080378123,-0.025457256956533975,0.4378752331608815,0.3171621514000807,0.23324601676779702,0.273060267663514,0.2659579727144033,0.381657874346585,0.01187782773335199,0.5431627702079588,-0.16128330041298228,0.13971572261570284,-0.2740388830113262,0.027369874415622636,-0.21653642972001758,0.40465336286216586,-0.018255489648949737,0.09088099880754603,-0.20798608938020324,-0.02964125450372587,-0.1077759575827703,0.419757627446371,0.40124057505118127,0.9149618278382747,0.3584336860114761,0.6316745220754107,0.19852366860346762,0.5315949145275973,0.18311859589681048,0.18729037119089556,0.6204692147512547,0.11760369761815288,0.6939922457624379,0.15915448079085004,0.6163371393331997,0.024569950101113982,0.32133386232992045,-0.16700472966684404,0.5517446166099222,-0.13563981220371069,0.3208702202437623,0.26194179717636645,0.4211491007874152,0.026806786546483125,-0.007701936200451128,0.32061090111285784,0.06964282418136201,0.6606587241042903,0.46272877396359796,0.08089221784054407,0.0891522595327131
ACC_sub_R,-0.35049141114760757,-0.05226949412592372,-0.45321229070598573,1.0,-0.0001937882466207447,-0.20220222852089084,-0.11332353764260823,-0.07859635065663202,-0.006425377790053275,-0.26522665296340214,0.0515999768166694,-0.032261226915048694,0.026747205862860533,-0.13233243970227845,-0.04386473766070512,-0.05020065169726051,-0.2020507943877822,0.015249329909380212,-0.2635663173360354,0.03782095142282122,0.0338356892060483,0.16168544787910233,0.12938623620516262,0.34231879171006646,-0.13039184748499363,0.13446927780126514,-0.037848159464764705,0.1901579035200584,0.029338591858464533,0.10307784227691728,-0.05321568347675217,-0.019541115348436354,-0.4586927175820158,-0.27557486043395496,-0.3149797666630992,-0.22699480141790765,-0.17040972032439683,-0.051623067806758474,-0.08604459637696686,-0.3500519244239179,-0.12756079195971778,-0.47515045515110055,0.1912535673544287,-0.36191394200863014,0.04870625635848687,-0.20623720888037503,0.14451420330141623,-0.2935812400304048,-0.05987274909312796,-0.08667174702408362,-0.10273179712484981,-0.2737150732504267,0.013884436175898303,0.11734483308310392,-0.1741117776793864,-0.039376266157495565,-0.10684986497472014,-0.15830896960633062,-0.03761949833543246,-0.0944997743504642
ACC_sup_L,-0.2606655865151031,-0.2870252337726119,0.43561480335387615,-0.0001937882466207447,1.0,0.3862347106038171,0.5604216382258599,0.233285589262687,0.377762105699938,0.023881413953344668,-0.05548405259998315,0.6454893539044728,0.4023514177078995,0.2235557694345743,0.23886012791304695,0.3174487683554191,-0.027191087735343254,-0.04303346765157049,0.49481408769151763,0.006266712281796022,-0.01711465682004616,-0.08974517809577115,0.01841724591836545,0.05774712548047522,0.21569100206058373,0.05785407795308423,0.24384019487195197,0.0012361845487087514,0.1224614719787897,0.09216507904827774,0.3792580505469128,0.8054626072812535,0.3409759217232206,0.14784237583886878,0.26093688929688874,0.2266656108752347,0.32043563200064884,0.24115532630146963,-0.010567643354983343,0.4384051712188548,-0.03601770217324675,0.26663610578891916,0.5851907658033549,0.38710244227530605,0.13429969751982848,-0.23702516304691199,-0.014610978967253552,0.020308513507079774,0.11871376610185344,0.3085830203093475,0.17420215219936064,0.3225057960365234,0.19294828210366477,0.2701994446814411,0.25406216932575004,0.06297955389168922,0.6043355418914522,0.08622115648961216,0.1598457134880273,-0.06303953044826174
Thal_Re_R,0.054987820184210785,-0.2057216682862684,0.500531149010377,-0.20220222852089084,0.3862347106038171,1.0,0.23727653103427387,0.3364440914085797,0.374750216008656,0.3056965913539593,0.10594080988226859,0.4127083189775459,0.23129059463559928,0.2448954223274099,0.41798536037302886,0.11479755759641154,0.27023416130225275,0.0002381249637605976,0.465806934401363,-0.3592048947056883,0.1425031710494033,-0.28019036779836737,0.19254726963588265,-0.24215642274123633,0.15492704482597763,0.04303081486892582,-0.19528995181149153,-0.11034513175899881,-0.2013526569075817,-0.31786709239377675,0.3155642002743118,0.3739426966518989,0.46676119472063815,0.2163640561107799,0.4168087364835556,-0.10510138858940067,0.5039179404053493,0.015294857724106324,-0.008227591789171417,0.6053925315299109,-0.09057111095177237,0.44525636379126243,-0.01578853301442966,0.5635598960199336,-0.25867752189905047,-0.026964982066874744,-0.190388413757773,0.27045693476170724,-0.22813092817190747,0.18184642131404993,-0.012209685964917298,0.6403040628029769,-0.14387310458973324,0.02027976375744052,-0.008384914187556745,-0.18038961553769134,0.30600405441663475,0.28252357568451886,-0.16854271167102913,0.03717855500676913
Frontal_Sup_2_R,0.2296133524137462,0.21390660087669525,0.6629762921465276,-0.11332353764260823,0.5604216382258599,0.23727653103427387,1.0,0.31678276910824343,0.29006467834094307,0.058145379738663995,0.042842103546474615,0.4559640031783276,0.4278361059902254,0.22895638718415978,0.1454101108182474,0.2832028463044924,0.33266567708129346,0.16138119912002116,0.449007737113594,0.005110843905036473,0.26529594517156563,-0.04010548614111068,0.11222998487177402,0.16650842151119943,0.33340617977870984,0.05978969387284089,0.13650992936022707,0.01715830754031785,0.03828913637435533,0.10228151093411278,0.2906631509364916,0.5193535334107058,0.6738232714557887,0.09370418485920412,0.47341808777056854,0.1253810951958586,0.46120149359182827,0.20372288525269358,0.5362922274537394,0.41836891094912354,0.1963199244758071,0.4757623815585376,0.5686225306285977,0.3438179677663165,0.1821527366840817,0.29009356360104277,0.08900659890840733,0.4110471170006112,0.06300680573789666,0.24427869042846037,0.2330590814176287,0.12277943212160139,0.09114290029501428,0.14243978425650883,0.4023944814591139,0.16345038943045365,0.696815710569259,0.3695833683015116,0.22216643581455245,-0.0016671423056097824
Thal_MGN_L,0.34012521407890106,0.4699674689145653,0.36287745381758607,-0.07859635065663202,0.233285589262687,0.3364440914085797,0.31678276910824343,1.0,0.5051553703040783,0.18673039794479188,0.016422165721849562,0.48423266775536405,0.5291710569651189,0.156183091984564,0.1544627148274768,0.38285249840421365,0.5744991153152235,0.17590571917071557,0.5183800899090969,0.11994704009365073,0.5257980173644692,0.0877741709392534,-0.016408765895911354,0.006957248763445907,0.3529213604308123,0.10240425376374719,0.15702079300528266,0.07743659847000088,0.2015028151326122,0.26203978204565204,0.15578318192067364,0.45829078504234255,0.47598659028953405,0.23656319197984005,0.6119779660894491,0.035248527957965965,0.6583080496274932,0.4452546592196962,0.49560570890580297,0.48992959244841044,0.4635762365895739,0.41775113602014885,-0.011978769416069603,0.47020464678509605,0.2559251642586866,0.5406789726529024,0.25619676692205057,0.4388764456277703,0.05157118641367699,0.23558710567861996,0.3516491968795526,0.28251131851365285,0.2404008074940729,0.3268553958769968,0.49846649962400014,0.31656829480669213,0.3744095511865608,0.5807194976730312,0.054438099157109295,0.18214656115051733
SN_pr_L,0.12752278165626327,0.11568230622733425,0.3221937597839117,-0.006425377790053275,0.377762105699938,0.374750216008656,0.29006467834094307,0.5051553703040783,1.0,0.1954502332570932,-0.13984762303574105,0.5682088564009528,0.41001841175483966,0.09872941429485405,0.11985771240801985,0.2814980389760054,0.2849818840871075,-0.020626041659466642,0.5726676053054318,-0.03113440061171998,0.2580172027709792,-0.06093112484977957,-0.05997189842919294,-0.14651049472173228,0.16287113962418173,0.12452644336339933,0.126851245294755,0.007386754716592864,0.1525798105591718,0.152275201831721,0.2350097981134834,0.4569617429830409,0.3501902512757583,0.3027190441196161,0.4296528101619824,0.034360693985336456,0.5544297086181195,0.3631711513173426,0.19322707683540696,0.4451641173388669,0.22048464742463933,0.2619693831854785,0.02358870569193623,0.3347473901073126,0.17633328153116565,0.20251780843820988,0.08244659901943212,0.16422527381358618,-0.01766084691183619,0.176290184487905,0.19037307238110154,0.27570921704729373,0.16280952104369717,0.35521067850875077,0.29267512086700226,0.1728332688532249,0.31975184912294186,0.2605403980911,0.09983133981616746,-0.1478063197944445
Amygdala_L,0.4664494614981382,0.020879925038038816,0.3823538080378123,-0.26522665296340214,0.023881413953344668,0.3056965913539593,0.058145379738663995,0.18673039794479188,0.1954502332570932,1.0,-0.16431343178568247,-0.0029161751452512004,-0.033442511984053735,0.039000801811983565,0.019205422806518508,0.2308063969298446,0.3824330406282249,-0.19884205919516487,0.2921720425683085,-0.19087307852671956,0.1160822648873114,-0.24274418160316855,-0.18707833154434897,-0.2519538691147041,-0.016542105708318478,-0.2830182094539545,-0.13396192861859066,-0.35358118377810693,0.04791363681579919,-0.23084972549379645,0.17470135072915305,0.06606205004074811,0.4562842621420085,0.43545825993177434,0.3768952485214766,0.13997297360388064,0.3189036903120412,0.22128265852254952,-0.03272101032681506,0.3440313274804247,0.2679930355551354,0.3161108324867758,-0.38266186511311284,0.3481326241444028,-0.0042364186501476515,0.23508800650753855,-0.31815679348040365,0.26017111896998496,-0.3977476640211432,0.038364191106071144,0.29231859966236945,0.3678023719595372,0.06932782654344612,-0.14776343044077286,0.014791994782080707,0.11232237883764135,0.19041912015231643,0.3068164445578333,0.007601277200922549,-0.10791661091987775
Vermis_8,-0.18323331958984868,-0.17007832605132614,-0.025457256956533975,0.0515999768166694,-0.05548405259998315,0.10594080988226859,0.042842103546474615,0.016422165721849562,-0.13984762303574105,-0.16431343178568247,1.0,-0.20174484064380926,0.28355341624618735,-0.013413347117828036,0.5548822896754413,-0.3602352104183583,0.18484359573074988,0.6595343242562061,-0.27354570092549546,-0.34632482489210076,0.4608060173584376,0.058219018448930175,0.7482944353857648,0.12371773550664468,0.14004697041988287,0.5289218241337321,-0.4375794792646548,0.4615898996526279,-0.7324070554912749,-0.504203338428502,0.11603141740506105,-0.003621571476207232,0.014484280046028083,-0.5923216160341056,-0.005091350382895609,-0.5160436210362978,0.11476178009291212,-0.539887998654887,0.14537634015851292,0.10226391569974326,-0.37637303198654715,0.15041042111801106,0.10720156157935648,0.2867751581161033,-0.569766787774692,-0.16855399000233393,0.4757501267454796,0.3201164289925049,-0.16164037922832086,-0.1626122858097528,-0.5836298364618437,0.3320260810974735,-0.7312487166936017,0.09269151433588894,-0.03359361026473214,-0.5094134712795213,-6.530806286512767e-05,0.2647178692877921,-0.50949015431166,0.33644865505630694
Raphe_M,-0.058030603939132806,0.0779683749030045,0.4378752331608815,-0.032261226915048694,0.6454893539044728,0.4127083189775459,0.4559640031783276,0.48423266775536405,0.5682088564009528,-0.0029161751452512004,-0.20174484064380926,1.0,0.6405644161901475,0.07638107156895248,0.12664117330025224,0.34768059026392983,0.16437502146149113,-0.13607489025946912,0.5979293396686375,0.2050665600519997,0.15384328117364734,-0.08524479490777159,-0.13738070548904774,0.025153081477194462,0.21258939599687546,-0.017448815258030104,0.3637178993590228,-0.08732062424074405,0.3641284491275374,0.36064518837754816,0.5047925087976778,0.7029563977645928,0.3726263055485786,0.23155364429020323,0.4459182523166682,0.2906641736478321,0.45950056140857304,0.4367645279252499,0.13414138958685745,0.45990034246247424,0.26918827879576845,0.28193839544772187,0.3484745903111582,0.3310618416710009,0.36926930863810614,0.12444258211537645,0.042009738065626856,0.057860684085762434,0.20061877374017453,0.2968652291861106,0.39224297392595003,0.15938691837503913,0.4398963038682711,0.37349100234269034,0.4487325279904675,0.34094172998985073,0.45037238270571794,0.20005198222754417,0.3439996188333474,-0.04279996591245941
Temporal_Inf_L,0.029123692094387008,0.20651633506347206,0.3171621514000807,0.026747205862860533,0.4023514177078995,0.23129059463559928,0.4278361059902254,0.5291710569651189,0.41001841175483966,-0.033442511984053735,0.28355341624618735,0.6405644161901475,1.0,0.01298136171721265,0.38909436650152024,0.23419099513880368,0.4518717690280485,0.3180810390758448,0.3990100747367995,0.14589042267321928,0.5760063057520198,0.01808343575142524,0.24538403197456007,0.17985210332235876,0.27078015719895915,0.21826806183960692,0.14638296642216952,0.15554097669986752,0.03589309148367514,0.23394278443352312,0.5792110745687507,0.5165592396292725,0.3780138191499882,-0.1931879870361743,0.43367522874551023,0.05215494975529508,0.5446649950139117,0.2916126177261662,0.3903468825592619,0.4468970153816987,0.2980485978681331,0.29716276932266156,0.2749561865525683,0.36799262915116654,0.19468516959673474,0.25072533624608984,0.46515518787431,0.2423884783605168,0.18324070752561006,0.15962089133145213,0.18802102293557357,0.18770976709896411,0.08617198623248128,0.5210944530887144,0.622570960515627,0.25134450710929845,0.3857477084172565,0.40619491147839565,0.1236665894132582,0.10952421933778787
Thal_LP_R,0.1582592505359083,0.12301011647890518,0.23324601676779702,-0.13233243970227845,0.2235557694345743,0.2448954223274099,0.22895638718415978,0.156183091984564,0.09872941429485405,0.039000801811983565,-0.013413347117828036,0.07638107156895248,0.01298136171721265,1.0,0.09793224199902979,0.11369950692166393,0.22977481761519516,-0.055368090156545674,0.35401068343285,0.09493115407496032,-0.061994136353862375,-0.16438539035168456,0.023889528985194988,-0.13570894028601246,0.4152332463509571,-0.06561908466423955,0.06728188021740189,-0.07473197686534519,-0.058201029469173424,0.0021969800479950553,-0.0033972405790092548,0.14823221736990821,0.2900622588835138,0.25018997596038434,0.2098804728810929,0.19149600649337023,0.2837376390991627,0.09638585736798547,0.15271841448521162,0.3194835807542549,-0.08559569763651256,0.403386365017216,0.050712032598150714,0.22185395679839207,-0.096567032058074,0.1185883642686236,-0.12238925599635811,0.2201792113898193,0.1546518043109464,0.45812337716264745,0.013133336673109808,0.08698765361466985,-0.004894613613028893,-0.12456292278938343,0.24334346022445583,-0.085991912455659,0.4103744747276938,0.10645220489098921,-0.08935812952176785,-0.004544160240498438
N_Acc_R,-0.19080386873899777,-0.17419500877799743,0.273060267663514,-0.04386473766070512,0.23886012791304695,0.41798536037302886,0.1454101108182474,0.1544627148274768,0.11985771240801985,0.019205422806518508,0.5548822896754413,0.12664117330025224,0.38909436650152024,0.09793224199902979,1.0,-0.24336522485354906,0.204790541390014,0.3981812442970438,0.012613358745190538,-0.2666067874221117,0.43111087050685487,0.05989535486643001,0.6396246432820811,0.23505509877824005,0.25213471374927937,0.38136095696315403,-0.24450591581223372,0.3791851250628202,-0.5357099004540619,-0.3571253798476954,0.2573693535487086,0.22765616680556897,0.21623811199639223,-0.41358359003383016,0.2436522986376394,-0.23324496107320597,0.2942216661316825,-0.3715843220708571,0.04161756445500772,0.50176457429516,-0.19144653706994405,0.3954008364663306,0.19491215179159344,0.5731755371789115,-0.38173694399465025,-0.08565893803519384,0.34389087006989877,0.3690748137015008,-0.039314193574217934,0.14129823966924993,-0.41657216698745025,0.7207940032193725,-0.4955792724400685,0.1557499730973512,0.025351352292700077,-0.28180308566120305,0.16742485823671532,0.3466251920213296,-0.34532925862336983,0.3711255498831262
OFCpost_L,0.3164315629351035,0.249860455151916,0.2659579727144033,-0.05020065169726051,0.3174487683554191,0.11479755759641154,0.2832028463044924,0.38285249840421365,0.2814980389760054,0.2308063969298446,-0.3602352104183583,0.34768059026392983,0.23419099513880368,0.11369950692166393,-0.24336522485354906,1.0,0.28223283638912416,-0.3400866547100558,0.5288860486223128,0.2731353838207207,-0.1004856526788287,-0.20482607893112068,-0.45681519906414664,-0.034548909559559395,-0.009143109904527467,-0.2616109759234285,0.21266942071656378,-0.3483761839108516,0.5097814079085377,0.35937542841112874,-0.024085342220244024,0.3502503736658893,0.3217898208118504,0.5406300377718045,0.24863125183521537,0.20227376831194996,0.31509869963575987,0.7773488515268202,0.248424965300361,0.17098818576397717,0.4039234749453539,0.09304280861470807,0.030704345119554936,0.030288098693422656,0.3924073716505965,0.2882859398594012,-0.19575074503536227,-0.04351059502568776,0.07688386263265223,0.051353451786143624,0.6338888658621445,0.012562692277867542,0.5180884415441243,0.06211264685744997,0.32887909426910855,0.47593555961807554,0.18428515117005365,0.051235188493483096,0.2909379400299108,-0.24739448682917178
Rolandic_Oper_L,0.6751515835218813,0.503369115249404,0.381657874346585,-0.2020507943877822,-0.027191087735343254,0.27023416130225275,0.33266567708129346,0.5744991153152235,0.2849818840871075,0.3824330406282249,0.18484359573074988,0.16437502146149113,0.4518717690280485,0.22977481761519516,0.204790541390014,0.28223283638912416,1.0,0.27617815430690035,0.3729772655291466,0.023269414559938598,0.591481867410535,-0.14506144832462756,0.1782189638655905,-0.03834616514767361,0.44661266424502644,0.10878272941297866,-0.12443266093931771,-0.12553622201075246,-0.138867290706358,-0.08578960633084434,0.21700229936755008,0.17763715683845085,0.5921206160247645,0.23444074463988504,0.6547778327177213,-0.0891368832194294,0.6552991210992899,0.21032971374144296,0.6362962672026717,0.4170393907062952,0.3581486135236944,0.5524934637563136,-0.20292204801939587,0.40258534175029836,-0.07235916742630227,0.6132106702898326,0.07971978865803968,0.5908519072767275,-0.13918161618651376,0.19137814380509025,0.23027441534894724,0.2928312052880971,-0.08646154383090743,-0.03305184145445668,0.5505228935393041,0.07746719751218967,0.39770858710743445,0.6673912310832246,-0.1634740234351828,0.17248263134082678
OFCant_R,-0.006981178644089273,0.07403178490229896,0.01187782773335199,0.015249329909380212,-0.04303346765157049,0.0002381249637605976,0.16138119912002116,0.17590571917071557,-0.020626041659466642,-0.19884205919516487,0.6595343242562061,-0.13607489025946912,0.3180810390758448,-0.055368090156545674,0.3981812442970438,-0.3400866547100558,0.27617815430690035,1.0,-0.20785974378814523,-0.2806856260785787,0.5442786726612687,0.22631716964554552,0.6364692412899973,0.09168159756156985,0.22650436612262112,0.5215257897845261,-0.2620447055118671,0.4490193732910298,-0.5473705386931361,-0.2566468375707891,0.17179627239768108,0.016985171504946744,0.08461041733923902,-0.44636809051380816,0.16261499426694023,-0.45322689231794044,0.2021392824556368,-0.41913595939647885,0.37224385957486467,0.0983711065344416,-0.18968256854893936,0.20148266683356444,0.10959177866033831,0.2529549363250221,-0.3531686384368628,0.0818025974707512,0.4961131145980251,0.3951781410304057,-0.1788130123156697,-0.15923741391372126,-0.4392062953886745,0.23416089758574862,-0.5577660609178325,0.2713014557309801,0.09091692014170993,-0.3593540698927204,0.0823725168605554,0.4033374215465261,-0.4300388386176173,0.29818997130660957
Thal_AV_L,0.3028649170448823,0.2161818753484264,0.5431627702079588,-0.2635663173360354,0.49481408769151763,0.465806934401363,0.449007737113594,0.5183800899090969,0.5726676053054318,0.2921720425683085,-0.27354570092549546,0.5979293396686375,0.3990100747367995,0.35401068343285,0.012613358745190538,0.5288860486223128,0.3729772655291466,-0.20785974378814523,1.0,0.11630300395507717,0.0957501982690859,-0.24662027098133088,-0.2713972572752687,-0.18301946108544992,0.22480375740166167,-0.13460148321372492,0.19258419880624542,-0.2584257320447761,0.31249027958098424,0.2219657878161431,0.24756331148932026,0.5777386714370385,0.5916058060720648,0.47199080183861164,0.6041090978926625,0.26635759328350694,0.689247483398427,0.5778558047232448,0.25969081665331706,0.668273844518287,0.3554433885787143,0.5175365785180562,0.029421910042031606,0.4936037929540217,0.2866735107747164,0.3489533519748633,-0.13721461913104188,0.20783285486987438,0.007910284784216494,0.3020933157433251,0.4762138606841812,0.25980848559062947,0.3552403178180183,0.17863175692956035,0.4538148674545915,0.3432592748918537,0.4668405661725224,0.3051983306363599,0.2571408752875615,-0.14522791947712124
Cerebellum_6_R,0.03683804143500152,0.3830341756636111,-0.16128330041298228,0.03782095142282122,0.006266712281796022,-0.3592048947056883,0.005110843905036473,0.11994704009365073,-0.03113440061171998,-0.19087307852671956,-0.34632482489210076,0.2050665600519997,0.14589042267321928,0.09493115407496032,-0.2666067874221117,0.2731353838207207,0.023269414559938598,-0.2806856260785787,0.11630300395507717,1.0,-0.10405920284021589,0.1913481728911697,-0.47959339552493213,0.20185962668981539,0.1199182644977071,-0.24432293228569232,0.5240804096741959,-0.11190967152445078,0.6169649331748976,0.7653557303582975,-0.19460972123701892,0.11176450553829295,-0.15077278922627413,0.12079219141118756,0.025393091968985877,0.643572926340434,-0.14463318070317063,0.49700951457951775,0.06280732034112269,-0.04949601482516901,0.48828165757689734,-0.07249227361539597,0.11628164024317644,-0.1908079429208069,0.6563445090903182,0.24665223608165157,0.15243586744892526,-0.1399002858947698,0.6874752743032068,0.3393326450862115,0.4411752098126519,-0.4523635710922688,0.6426129921235122,0.1615926673485147,0.47715560924202316,0.600946857655234,0.02337921401741911,-0.06216645143869768,0.5608417752761802,0.012698487963571111
Hippocampus_R,0.28760621778504725,0.3499273934533179,0.13971572261570284,0.0338356892060483,-0.01711465682004616,0.1425031710494033,0.26529594517156563,0.5257980173644692,0.2580172027709792,0.1160822648873114,0.4608060173584376,0.15384328117364734,0.5760063057520198,-0.061994136353862375,0.43111087050685487,-0.1004856526788287,0.591481867410535,0.5442786726612687,0.0957501982690859,-0.10405920284021589,1.0,0.2572103392662508,0.524263879826395,0.26308957920851617,0.30330071643496737,0.43053462385162766,-0.1352890405618438,0.44312079339839583,-0.281515952759072,-0.10961065996481772,0.31256832320340805,0.25855041339669943,0.30018779775623566,-0.26222244384664833,0.511614717063089,-0.24787779628255424,0.4834976388517495,-0.09107341003779942,0.5601659334900799,0.3471535366515417,0.30555121225670634,0.38011361408934924,0.04560991298909052,0.4069574112466856,-0.04158370936184736,0.39616047980711755,0.5429384175654357,0.4991061993202437,-0.13348720897752267,0.04464821483409394,-0.023154181630614643,0.2879315976173107,-0.2762013440316703,0.30342261400522313,0.39654542160033923,0.03266397576731687,0.26991060363791297,0.6566698605115387,-0.1373202632041302,0.32077964167472
Cerebellum_7b_R,-0.21801409080244405,0.20061603199526792,-0.2740388830113262,0.16168544787910233,-0.08974517809577115,-0.28019036779836737,-0.04010548614111068,0.0877741709392534,-0.06093112484977957,-0.24274418160316855,0.058219018448930175,-0.08524479490777159,0.01808343575142524,-0.16438539035168456,0.05989535486643001,-0.20482607893112068,-0.14506144832462756,0.22631716964554552,-0.24662027098133088,0.1913481728911697,0.2572103392662508,1.0,0.15424568352721238,0.35522772035369926,-0.046890959335978914,0.25375604810426816,0.1870849895998746,0.5639261198114167,0.12347935954487055,0.27948762892419543,-0.07651880787377485,0.01710603391275298,-0.30829983572338404,-0.3669730694445379,-0.07942719203446012,0.12355256086628114,-0.20660592662233315,-0.12049477290195222,0.11538846810330755,-0.096927949956914,0.17716836015942813,-0.13891083586014852,0.23594199214456055,-0.06668704523091028,0.3313758080619733,0.11611063695580422,0.667579633762448,0.030867914814606955,0.282408355007555,0.003594152075405959,-0.10294740661198667,-0.16972003416333858,0.14105982588459937,0.41634638596881507,-0.006591348262211279,0.16976726560807145,-0.1366078190204582,0.07021896667893918,0.14134324441924606,0.10871899624328545
Temporal_Pole_Sup_L,-0.16596440296287931,-0.12286222233584017,0.027369874415622636,0.12938623620516262,0.01841724591836545,0.19254726963588265,0.11222998487177402,-0.016408765895911354,-0.05997189842919294,-0.18707833154434897,0.7482944353857648,-0.13738070548904774,0.24538403197456007,0.023889528985194988,0.6396246432820811,-0.45681519906414664,0.1782189638655905,0.6364692412899973,-0.2713972572752687,-0.47959339552493213,0.524263879826395,0.15424568352721238,1.0,0.21496074428609419,0.3479875576833633,0.5455897007063197,-0.39024791369795053,0.47641857515124036,-0.8083696785738003,-0.6002709337737098,0.2183028899561304,0.017755312426887836,0.03224229811193744,-0.5715259934284261,0.053769995149476245,-0.5480328252121164,0.13636264004506066,-0.7080349687616798,0.19130296495624477,0.14307611470150586,-0.5142593324402562,0.2447107080036752,0.21765380892262517,0.30366755026612635,-0.6680946239316876,-0.16790253692722976,0.33335430851394415,0.3718184304759106,-0.14092066571700113,0.06499515459197752,-0.6240945580636357,0.40180792849494107,-0.7601336489724791,-0.008119472458723328,-0.026702536998035986,-0.6577422107238003,0.10194302350461859,0.2900158725395524,-0.590990553797903,0.2775433542398869
ACC_pre_R,-0.21990087499773134,0.0698779026957799,-0.21653642972001758,0.34231879171006646,0.05774712548047522,-0.24215642274123633,0.16650842151119943,0.006957248763445907,-0.14651049472173228,-0.2519538691147041,0.12371773550664468,0.025153081477194462,0.17985210332235876,-0.13570894028601246,0.23505509877824005,-0.034548909559559395,-0.03834616514767361,0.09168159756156985,-0.18301946108544992,0.20185962668981539,0.26308957920851617,0.35522772035369926,0.21496074428609419,1.0,-0.1079147421653615,0.08039797957428266,0.034169713328751766,0.4084221467517337,0.08492171438152013,0.2343173947773599,-0.07585759902865727,0.17945164143211972,-0.25791300115096094,-0.43411277079499944,-0.0311407497805721,0.026108728295661954,-0.0945457558925365,-0.06433490707343202,0.22855712799804023,-0.04858114338967015,0.20273991939631644,-0.10476807088128341,0.4688062008864056,-0.03517759315884826,0.23749102653681664,0.05035624387231844,0.4090949756327363,0.0343227801563254,0.31063855085036246,-0.07261079381618907,0.0068379718459234805,-0.049277496014738874,0.08844124573167218,0.17020966640304944,0.028550664961752292,0.22687802182716332,-0.07997105188419382,0.09774567969802887,0.18084656170672836,0.13413391677674738
Putamen_R,0.3678301212059298,0.47085994319349983,0.40465336286216586,-0.13039184748499363,0.21569100206058373,0.15492704482597763,0.33340617977870984,0.3529213604308123,0.16287113962418173,-0.016542105708318478,0.14004697041988287,0.21258939599687546,0.27078015719895915,0.4152332463509571,0.25213471374927937,-0.009143109904527467,0.44661266424502644,0.22650436612262112,0.22480375740166167,0.1199182644977071,0.30330071643496737,-0.046890959335978914,0.3479875576833633,-0.1079147421653615,1.0,0.2148900809453615,0.20746128940320138,0.02602238886926545,-0.21139796106170056,-0.05938211985313426,0.1475002969441135,0.24331717829504904,0.45266416731843484,0.16027186541565025,0.4740590071891982,0.16007198768240422,0.33963233089571493,-0.08254479272831548,0.35612597023613285,0.3347560552926343,-0.14583803143106724,0.6463054413718494,0.1364387020872755,0.38028775765945877,-0.1640374551817037,0.34563920778011853,-0.00010242574848508527,0.5699201394453062,0.21661686078714826,0.8059651200558653,0.015594280833946055,0.12717585319308922,-0.12558581995074009,-0.10364994080478378,0.6298904119413476,-0.2364963394535947,0.6233325035834876,0.4705540505440214,-0.18066029748131582,0.2373401035386672
Vermis_10,-0.17366213478113032,-0.019955855077893367,-0.018255489648949737,0.13446927780126514,0.05785407795308423,0.04303081486892582,0.05978969387284089,0.10240425376374719,0.12452644336339933,-0.2830182094539545,0.5289218241337321,-0.017448815258030104,0.21826806183960692,-0.06561908466423955,0.38136095696315403,-0.2616109759234285,0.10878272941297866,0.5215257897845261,-0.13460148321372492,-0.24432293228569232,0.43053462385162766,0.25375604810426816,0.5455897007063197,0.08039797957428266,0.2148900809453615,1.0,-0.14201015950798915,0.540338659699414,-0.4905746617791794,-0.23788339562676208,0.15854360502135692,0.11098096206124668,-0.02207672094068399,-0.35767840247826777,0.08597505753285964,-0.3462842951210415,0.11354582596151196,-0.39156319319057753,0.17511605465613564,0.08963177917291539,-0.25639382996487853,0.09886476828825727,0.2072832375707868,0.20911186441381596,-0.2590769210004673,-0.11789788072883892,0.4617985544060761,0.2251162367133939,-0.09064170699510737,-0.02919868879604858,-0.48264917826463527,0.218388382309227,-0.5244120307015724,0.22751852194171857,0.033095896579900835,-0.35492912434111884,0.06323736055963285,0.22299216545432946,-0.3181873940243702,0.250792678151652
Occipital_Inf_L,0.023000136125909836,0.2667279095072618,0.09088099880754603,-0.037848159464764705,0.24384019487195197,-0.19528995181149153,0.13650992936022707,0.15702079300528266,0.126851245294755,-0.13396192861859066,-0.4375794792646548,0.3637178993590228,0.14638296642216952,0.06728188021740189,-0.24450591581223372,0.21266942071656378,-0.12443266093931771,-0.2620447055118671,0.19258419880624542,0.5240804096741959,-0.1352890405618438,0.1870849895998746,-0.39024791369795053,0.034169713328751766,0.20746128940320138,-0.14201015950798915,1.0,-0.012941011791827038,0.5718371063748374,0.5817649971929851,0.02845593006405447,0.18304603190135624,0.047115901165250475,0.22554272401760236,0.11976305599700567,0.5391682506472176,-0.04989219557451242,0.41588053013813386,-0.01526953975736233,-0.005824739255156818,0.290123261901837,0.0472570159193994,0.19573635026552022,-0.1374319096503101,0.5885660252002827,0.1590805359754369,0.06744457145830939,-0.06406981886159874,0.4587182167192586,0.3983938833101636,0.3963769523495796,-0.3326655642969884,0.5691858742708961,0.20451595075937337,0.39876897076968865,0.4686148693739424,0.23253162340116346,-0.04980992190716609,0.41512471223499153,-0.08111171447548232
Cerebellum_9_L,-0.33635252924725495,0.01810398767559506,-0.20798608938020324,0.1901579035200584,0.0012361845487087514,-0.11034513175899881,0.01715830754031785,0.07743659847000088,0.007386754716592864,-0.35358118377810693,0.4615898996526279,-0.08732062424074405,0.15554097669986752,-0.07473197686534519,0.3791851250628202,-0.3483761839108516,-0.12553622201075246,0.4490193732910298,-0.2584257320447761,-0.11190967152445078,0.44312079339839583,0.5639261198114167,0.47641857515124036,0.4084221467517337,0.02602238886926545,0.540338659699414,-0.012941011791827038,1.0,-0.2793538638012683,-0.03468856809817457,0.03947286446315307,0.10343608024065698,-0.24264763484499816,-0.5579496030718168,-0.03370000820482861,-0.21591504692732486,-0.04513432226035493,-0.31640191897472125,0.14906728733806396,-0.00950355073105158,-0.06760153559317943,-0.02694208457608622,0.3052645137176222,0.11727389310457907,-0.02920534919228024,-0.045463706103806005,0.7464841974708234,0.15365335708547767,0.1009002219515104,-0.07030516102380702,-0.4291916797332741,0.0864589080035695,-0.3342845185498865,0.3470296131710228,-0.09670111023510328,-0.10915845748104556,-0.07349454876334119,0.1627395324254416,-0.10136364600146236,0.29554455945956276
Calcarine_R,0.1145958080390019,0.2833568095485016,-0.02964125450372587,0.029338591858464533,0.1224614719787897,-0.2013526569075817,0.03828913637435533,0.2015028151326122,0.1525798105591718,0.04791363681579919,-0.7324070554912749,0.3641284491275374,0.03589309148367514,-0.058201029469173424,-0.5357099004540619,0.5097814079085377,-0.138867290706358,-0.5473705386931361,0.31249027958098424,0.6169649331748976,-0.281515952759072,0.12347935954487055,-0.8083696785738003,0.08492171438152013,-0.21139796106170056,-0.4905746617791794,0.5718371063748374,-0.2793538638012683,1.0,0.8165953179601749,-0.11488412334566561,0.1884240326514088,-0.044228422717728366,0.44572761736775174,0.06642962321404913,0.6120773666265101,-0.06467026671520196,0.7765157574062438,-0.03176428912766601,-0.1009486022759041,0.6514776775672559,-0.1997967416780113,0.022902742642726782,-0.28267111376174037,0.8809383392630403,0.2864773831805559,-0.08299687554397187,-0.3292427765700348,0.373446454318357,0.09236994701497689,0.7864112511301014,-0.44050914991824724,0.9459493714787618,0.23861963117854232,0.2575106767114184,0.8280725046712175,-0.01819551453261136,-0.17174518006009665,0.7056430269361728,-0.2500941104829617
Cerebellum_6_L,-0.0011672540409627774,0.4160155236938625,-0.1077759575827703,0.10307784227691728,0.09216507904827774,-0.31786709239377675,0.10228151093411278,0.26203978204565204,0.152275201831721,-0.23084972549379645,-0.504203338428502,0.36064518837754816,0.23394278443352312,0.0021969800479950553,-0.3571253798476954,0.35937542841112874,-0.08578960633084434,-0.2566468375707891,0.2219657878161431,0.7653557303582975,-0.10961065996481772,0.27948762892419543,-0.6002709337737098,0.2343173947773599,-0.05938211985313426,-0.23788339562676208,0.5817649971929851,-0.03468856809817457,0.8165953179601749,1.0,-0.1452189068093832,0.19267636511091205,-0.1188855013756538,0.17794440053457108,0.035577117300199135,0.5565993869549677,-0.04393212768107712,0.6562675951387653,0.13509657439520656,-0.05324371833082535,0.5953844943718252,-0.17853860502380384,0.184009887929187,-0.24935945159245929,0.8382211175402708,0.3238836010961397,0.25247791943634806,-0.22553216368162074,0.5952729223755032,0.14454974096778522,0.5365270813308788,-0.4775576387900125,0.7955033201339192,0.4273002489052891,0.38817152177926834,0.7614798151616274,0.012007777440186178,-0.1160907709680617,0.6288432432720636,-0.12312156338861596
Temporal_Pole_Mid_L,-0.014636411676201853,-0.0966912345700961,0.419757627446371,-0.05321568347675217,0.3792580505469128,0.3155642002743118,0.2906631509364916,0.15578318192067364,0.2350097981134834,0.17470135072915305,0.11603141740506105,0.5047925087976778,0.5792110745687507,-0.0033972405790092548,0.2573693535487086,-0.024085342220244024,0.21700229936755008,0.17179627239768108,0.24756331148932026,-0.19460972123701892,0.31256832320340805,-0.07651880787377485,0.2183028899561304,-0.07585759902865727,0.1475002969441135,0.15854360502135692,0.02845593006405447,0.03947286446315307,-0.11488412334566561,-0.1452189068093832,1.0,0.3965302244652275,0.3599755527701785,-0.01992194639578022,0.33308376077927515,0.025773583644639428,0.30380454060830386,-0.027227545827593673,0.03053658023399708,0.2891006629074689,-0.005376329337816765,0.2609503924331667,0.16510294031153677,0.3148201660154917,-0.0018668815793398486,-0.01758213135171821,0.08130239010936173,0.16894984110857056,-0.2157496013750626,0.09427676145118671,0.09107012082472232,0.22135690638577832,-0.0586893803587497,0.23214930571922338,0.25070614155116544,-0.03043247349888523,0.37235462924887314,0.2526368679290024,0.03605441452192981,0.02132112949092163
ACC_sup_R,-0.11214381120525974,-0.008154110763966044,0.40124057505118127,-0.019541115348436354,0.8054626072812535,0.3739426966518989,0.5193535334107058,0.45829078504234255,0.4569617429830409,0.06606205004074811,-0.003621571476207232,0.7029563977645928,0.5165592396292725,0.14823221736990821,0.22765616680556897,0.3502503736658893,0.17763715683845085,0.016985171504946744,0.5777386714370385,0.11176450553829295,0.25855041339669943,0.01710603391275298,0.017755312426887836,0.17945164143211972,0.24331717829504904,0.11098096206124668,0.18304603190135624,0.10343608024065698,0.1884240326514088,0.19267636511091205,0.3965302244652275,1.0,0.3515126041775426,0.15693834438257315,0.44203596061604467,0.20390337535001427,0.4448425427438417,0.2917162185032719,0.20350567973044037,0.49316543265277696,0.1866060190374983,0.3333454498810924,0.4459409713052062,0.48868667077736033,0.24362293950685715,0.0533106448713209,0.12506497833795677,0.13827467161287876,0.0941923399274829,0.2658048386409709,0.29419923143179927,0.3223313244901046,0.2547249748114021,0.32707286137886304,0.4151747546373174,0.17938354802739703,0.501108980941021,0.3079550838280601,0.236515263093342,0.005173744593082595
