,SN_pc_R,Thal_MDl_L,OFCpost_R,Temporal_Sup_R,OFClat_L,Heschl_R,Cuneus_L,Occipital_Inf_R,Temporal_Inf_R,Red_N_R,Vermis_8,Thal_AV_L,Thal_LGN_R,Paracentral_Lobule_R,Vermis_9,Amygdala_R,Temporal_Sup_L,N_Acc_L,Thal_Re_R,Precentral_L,Raphe_D,Frontal_Inf_Orb_2_R,Insula_L,Postcentral_L,Vermis_7,Hippocampus_R,Cerebellum_10_R,Parietal_Sup_L,Precuneus_L,SupraMarginal_R,Vermis_6,ACC_sub_L,Occipital_Sup_R,ParaHippocampal_L,Supp_Motor_Area_L,SN_pr_L,Temporal_Mid_R,Frontal_Inf_Orb_2_L,Frontal_Sup_2_L,Thal_IL_L,Temporal_Inf_L,Vermis_1_2,Thal_VL_L,Thal_LP_R,Rolandic_Oper_R,Occipital_Sup_L,Thal_VPL_L,Caudate_L,Parietal_Inf_R,Cerebellum_Crus1_R,Thal_VA_R,Frontal_Sup_Medial_L,Raphe_M,Frontal_Med_Orb_R,Pallidum_L,Rectus_L,Cerebellum_6_R,Thal_MDm_L,Postcentral_R,Cerebellum_10_L
SN_pc_R,1.0,0.10008919436530618,0.33078805067150285,0.6925983461177976,-0.1331153713291307,0.3812689347888191,0.1985925653023001,0.5112745860571601,0.6956466858929125,0.5093305691257204,0.4113739881746013,-0.17521519291627669,0.47199961615472374,0.34745979003413113,0.45004167234241454,0.3708629414927909,-0.3557037141759552,0.1785641617458335,0.024724461887301943,0.4330799189409909,0.34974157636495845,0.46746059418926506,-0.14303883768968945,0.3949033357490718,0.243764500731986,0.5259003900918048,0.4646234997917147,0.3676171699787085,0.3660690291504793,0.4952353951899202,0.44565385120504436,-0.4141289624762189,0.23763842753924846,0.05746227985388042,0.2368147927056409,-0.19308529544311215,0.6908518574368264,0.34991561674094085,0.03725462720477301,-0.13141978313652158,-0.3418721101193035,0.3281574076562764,0.22470666232162131,0.20524871191486804,0.5204330634045842,0.17697798289538208,0.3540722650919027,0.3164794850913297,0.22325528351172413,0.604952808057605,-0.011325103227621196,0.034725762128343086,0.2591812255216685,-0.4023064470441229,0.25061668822155087,-0.26939611760940935,0.4577903573670176,0.1684079279300752,0.4526606315734845,-0.01289665684339692
Thal_MDl_L,0.10008919436530618,1.0,-0.0787739567724461,0.043333168942830486,-0.24699488206999942,0.11388796063926653,0.04649994686330691,-0.0829985915480079,-0.11712797016917333,0.23505222798286413,0.1120734961539977,-0.25277074394305643,0.425113253372474,0.5589597512130252,-0.3233919421689782,0.2490340660620156,0.27645769886894017,0.30742355540432176,-0.2816019707277386,0.47980810925629924,0.46949382789444544,0.04187783662680464,0.2123319544555065,0.41398124013090565,0.03666430520555724,0.4885756137523913,0.11074250028280819,0.34244266587106953,0.5939804917704306,0.14928964242579554,0.24899245163937234,-0.12393323248764851,0.25712336626190235,0.3459989425131533,0.438644574802019,0.4217102151134223,-0.10401581814921387,-0.19997542678349597,0.1390985774807492,0.3057930050325905,0.5523463646920393,0.6837492350509667,0.8446168517220968,-0.0024265185884750767,0.1742582954266631,0.11945547608704218,0.5523451633949112,0.5663398973725284,0.2207586841902785,-0.24523864463532244,0.2900707807177602,0.023725666810868493,0.32505554987109564,-0.018018013847924126,0.5733672977820385,0.001077975398660701,0.34576467194950145,0.5019031431563299,0.4576757799383064,-0.22666412872698513
OFCpost_R,0.33078805067150285,-0.0787739567724461,1.0,0.658762070090088,0.10737350399528862,0.6434396777566986,-0.10904681035427284,0.3650587777331371,0.5931816375423004,0.03363828210378012,0.06294648535903291,0.07901678440143907,0.03561383389306194,0.36645009448766636,0.1541713491890121,0.29709588559081174,-0.3625005871195422,0.34960064928538187,0.35863371822378215,0.45377664636962134,0.07601143939260661,0.7267312551292313,-0.19363465694832344,0.5606328205769233,0.15101861232598288,0.41893782478871383,0.702929897358164,0.421015594961605,0.3067846792693062,0.14580966241531346,-0.026271563075506488,-0.36023490684328113,0.014197988525358241,0.13897303602056862,0.39835472248754433,-0.17235049228479593,0.4187000286004002,0.11913186182595754,0.042541661167787806,-0.16152992227901067,-0.23105790995637732,0.16391311530141842,0.12776264900612574,0.18724289621116597,0.7096621968143175,0.1433790302236647,-0.05942702232704619,0.2020628302617827,-0.09377177576418567,0.48037619493959155,0.19020800326206927,0.16690238796985965,0.12095105396305382,-0.4475223855043592,0.13025498450740627,-0.3765315633927312,0.45442608956893366,0.24938938301369312,0.3509493081768926,-0.18699577793398567
Temporal_Sup_R,0.6925983461177976,0.043333168942830486,0.658762070090088,1.0,-0.23509558962901675,0.6364148034758575,-0.02493730771701063,0.6316109288418047,0.9242389846973982,0.2743769625751449,0.31418134069541814,-0.021464428466175262,0.3428570016853291,0.40402733330772245,0.35493164144732114,0.5305502024162019,-0.6213596017150019,0.29995413711595764,0.3354337360368374,0.547654112716,0.3025577969109141,0.805537794989732,-0.35800098927783347,0.503610765504347,0.06074973075103121,0.6238746720871466,0.762422938342442,0.4275802013545338,0.4227239109028029,0.5462821683624605,0.31883033688206025,-0.5771072468337408,0.11345386630440271,0.07743712584451219,0.31617207637645167,-0.20652964421749354,0.8244375555144168,0.18376860150265814,-0.08394908298059965,-0.2810743031390662,-0.46269627218885023,0.35398339253386113,0.18683147570920733,0.4035394309332896,0.8258895515107684,0.021689481474517814,0.21001762343978694,0.33825748330266814,0.04684071198166963,0.753111551540372,0.16048097523100127,0.03104412280749221,0.17826274541151108,-0.6566881594997087,0.3156280791405316,-0.5831988552277205,0.6221541293882064,0.31937411292936213,0.5526261795676892,-0.1986008546441765
OFClat_L,-0.1331153713291307,-0.24699488206999942,0.10737350399528862,-0.23509558962901675,1.0,0.1616864796610099,0.03763439205105276,-0.25971991414261386,-0.17455658068868377,-0.051077272776498595,-0.32592973054790947,0.021230634475934988,-0.08742314332398696,-0.1949228320508146,0.14385614617650186,-0.13526173954383203,0.49646566478179444,0.024713209327869,0.1311612496425772,-0.006872831945732754,-0.0663781625779898,-0.08189515390680357,0.643941747484576,-0.06714489006092832,0.3352568124255886,0.047884340493669644,-0.14691506911656443,-0.2697421822996444,-0.26903199027952474,-0.1769531899481705,-0.3342220819820743,0.4322563673061481,-0.1714049973005385,0.38028578422042963,0.10726674304150596,0.16237188801713606,-0.16863122862628874,0.4582230585803457,0.5859945503420321,0.18967831213602546,0.05367931941084676,-0.18085556719796345,-0.16707028001303886,-0.21655156165254014,-0.10045955165314077,0.10599057996094614,-0.07878228012644055,0.026960064440459786,0.019110843049087518,-0.11703845924460725,-0.019438853458131452,0.5641827941052834,0.2693816190410417,0.43282351529272245,-0.06445443349779292,0.4308174455294352,-0.3317464222351717,0.14973298862545045,-0.19783309428920526,0.600294722420826
Heschl_R,0.3812689347888191,0.11388796063926653,0.6434396777566986,0.6364148034758575,0.1616864796610099,1.0,-0.3326431629617429,0.045290255782549374,0.4887256724713677,-0.05465544470795011,-0.12643843130852775,0.12380961123462048,0.3055924781144525,0.322329159950415,-0.06462729545668391,0.6072853172685525,-0.15141947698985372,0.518777605788618,0.257296525276583,0.5282531292416184,0.28685017803094626,0.741521278740456,0.14244226650606906,0.4480520928891476,0.3156608622705276,0.7913905243565057,0.6015929470352531,0.07860050195077681,0.2212216161128775,0.18573397277085335,-0.08312963250765266,-0.22693467616516802,-0.3347486969523186,0.5669573663779013,0.46425370192245957,0.05540558856461941,0.28420190945652224,0.27877602482147723,0.36527545743046946,-0.1502901907415675,-0.2264945285768527,0.25623290523318837,0.29754567111380104,0.13523638866317114,0.6203793069445225,-0.21535063492674525,0.027806232916607974,0.5198116415042184,-0.07724007987096108,0.3116042459189879,0.5196297607063156,0.4731697449736842,0.5042379144095057,-0.2775873324116628,0.44148991529426596,-0.17783828685975675,0.14045947872621373,0.6275820210489966,0.31592252611710386,0.024828584456748324
Cuneus_L,0.1985925653023001,0.04649994686330691,-0.10904681035427284,-0.02493730771701063,0.03763439205105276,-0.3326431629617429,1.0,0.5271167591879596,0.06391412660865137,0.6620507031834305,0.3171190633935166,-0.18329277355749557,0.35173438431288045,0.09354862317395153,0.46142004987673296,-0.429456346250765,0.16065408268862486,-0.2730184684925783,-0.0348325772555787,0.15150194407602718,0.10170169397487568,-0.37561261613068625,0.1378448313981453,0.2682968045710177,-0.03002312368448978,-0.10585981984224575,-0.11137236770592676,0.5795429407031908,0.3582425126542448,0.45737366576527316,0.4100066080428475,0.16703124396554572,0.845403229414254,-0.13924711194038425,0.258668403885002,-0.05202850018922061,0.42568102003777897,0.26237143895953696,0.1815775538889306,0.46555255201615536,0.22632388399397912,0.2579535559441049,-0.10578173810537515,0.1234420386469989,-0.07835899361585631,0.8759924994056184,0.6194176993904081,-0.2565444395232131,0.6920971585270399,0.23931013776649437,-0.4402780434778517,0.011856277950942412,0.009182514851841728,0.13846168918520937,-0.09494555398915974,0.027301638527153643,0.3735815958552492,-0.29099468112866417,0.4397840737518233,0.23936888115896368
Occipital_Inf_R,0.5112745860571601,-0.0829985915480079,0.3650587777331371,0.6316109288418047,-0.25971991414261386,0.045290255782549374,0.5271167591879596,1.0,0.7070587157395674,0.6255119839887778,0.45384559088803933,-0.22968121955147125,0.3367450876479175,0.2196022832515805,0.5564478821230944,-0.009062464351691422,-0.4832052475725729,-0.017910870979616276,0.1524395295519159,0.3636262684110723,0.15204056029280277,0.31225759606842163,-0.3742077338262343,0.4538476757003466,-0.2628340241210359,0.14301417859109813,0.45947590402287375,0.6387340774097703,0.38467190841677484,0.4746952163455874,0.5794879462419941,-0.3558949751981384,0.6111009343342578,-0.3010699119142141,0.1926088604310711,-0.3390275640994081,0.8165192099580056,0.1915694471289214,-0.1318986528218802,-0.06446126699795697,-0.26381356226090247,0.30086729465760614,-0.14637081241550318,0.3695214992862602,0.4564170557514539,0.5074839370890165,0.42597504978104445,-0.08080726627177459,0.25260630993148264,0.7918171563031892,-0.3894373068307077,-0.11188176827910304,-0.09037258694390124,-0.40363590200747373,0.12276937767929795,-0.5187686262918367,0.7421469632570373,-0.15241924437754253,0.5068820681750318,-0.09508086396278477
Temporal_Inf_R,0.6956466858929125,-0.11712797016917333,0.5931816375423004,0.9242389846973982,-0.17455658068868377,0.4887256724713677,0.06391412660865137,0.7070587157395674,1.0,0.28737769220574605,0.36866858308147393,-0.03763689018380339,0.25727439143550923,0.2454623998230877,0.5242206086401308,0.40834916671199395,-0.6219143481272081,0.13839705296565374,0.3154052267168492,0.42134228763714365,0.2077379611651499,0.7442398209662248,-0.3717715282292094,0.39853482415155805,0.04890693171947919,0.45384130096012787,0.6904721190988389,0.3579194711871556,0.261338316226878,0.4536291800279249,0.3760601002709735,-0.45883684136418273,0.14006495629789473,-0.057367574054731446,0.19804108654497962,-0.2735796828736565,0.8627981729699525,0.26567458049789794,-0.08692618438069019,-0.280039411753003,-0.5740322369792263,0.2145217440439588,0.016476200069130517,0.4355977750448312,0.729331827006496,0.07404765052250947,0.14793913898889355,0.24688025376408881,-0.011942944801618047,0.8389797143436459,-0.0007035676312243277,0.042148544343173985,0.0749654144570238,-0.5306303116405057,0.14981111414689743,-0.4962630173798328,0.5873782366198795,0.13516189498896874,0.3970188589502327,-0.027031827933054562
Red_N_R,0.5093305691257204,0.23505222798286413,0.03363828210378012,0.2743769625751449,-0.051077272776498595,-0.05465544470795011,0.6620507031834305,0.6255119839887778,0.28737769220574605,1.0,0.40943326627574944,-0.3747860879066408,0.5659336914569538,0.3019795641251009,0.3984367773262432,-0.10043910161651683,-0.11645070499968206,0.04604896844047068,-0.13648346281012957,0.3796626868595074,0.2536888684097578,-0.08140243670839553,-0.029821862000429127,0.4100915107442184,0.0025363709207249915,0.25071955444527844,0.14793822664205541,0.6074020423704665,0.4984958167381127,0.5125930254575158,0.5630483928886894,-0.18198219567526086,0.6986784119909896,-0.1224572932437092,0.2880674272692191,-0.1526362690807299,0.5459198818878176,0.12599590588705717,0.06876331753173258,0.13626325617368018,0.05100154643743052,0.4851033924854802,0.08870341210478278,0.024681718045979933,0.1999338675937333,0.619865068840966,0.6629155679138192,-0.014887726327430793,0.5438461517802867,0.37335492545930754,-0.36032576193166915,-0.06113578280972318,0.11243737908152089,-0.15129219293271318,0.2402499387027952,-0.2009629368639376,0.5496450919015325,-0.015299355014418297,0.5648055814447731,-0.016291637594394646
Vermis_8,0.4113739881746013,0.1120734961539977,0.06294648535903291,0.31418134069541814,-0.32592973054790947,-0.12643843130852775,0.3171190633935166,0.45384559088803933,0.36866858308147393,0.40943326627574944,1.0,-0.12351693133395335,0.25227757054297556,0.184894192484344,0.21010499982079228,-0.06211173441823902,-0.25231280619376967,-0.07371337239976287,-0.03381212998255745,0.17915980873913748,0.16542985002328162,0.07919451561543807,-0.25834603767176323,0.19286263450587018,0.012151123504177646,0.0805287751544462,0.15457185324894002,0.3959714661331542,0.3126966501113809,0.386450359216543,0.321299538747036,-0.21135255309681633,0.433735798289627,-0.219482844129856,0.044083437005539475,-0.15105928827855483,0.4570671478928841,0.04854338076696369,-0.1869422002553018,0.06824852444788616,-0.13254997760239626,0.17890232316199722,0.1164149196429394,0.1781011561612275,0.25016418739247787,0.28668171809399084,0.2828377885590136,0.10120945440607243,0.23532562039027513,0.3009651814494578,-0.11110896310143631,-0.25975796748406565,-0.09673940666786258,-0.2215526032027384,-0.06474746246781472,-0.1668259053556367,0.4188553896716051,-0.1616993671961399,0.32575756786503224,-0.14347771172964405
Thal_AV_L,-0.17521519291627669,-0.25277074394305643,0.07901678440143907,-0.021464428466175262,0.021230634475934988,0.12380961123462048,-0.18329277355749557,-0.22968121955147125,-0.03763689018380339,-0.3747860879066408,-0.12351693133395335,1.0,-0.2632331735847641,0.05739140245845619,-0.10755801276733211,0.0060438822483142125,0.07595487202995925,-0.2587714526289891,0.3590078830514354,0.06168101103148867,-0.031181942964711367,0.11887247544776984,0.015139383653438851,0.0007386057594171824,0.05920339554133737,-0.03747312572565897,-0.06858864995650453,-0.1629029165572312,-0.09715145105386437,0.08087698525998466,-0.3060599325965837,0.10299800518056271,-0.17226995087552163,0.23898838271036787,0.15867346411003774,0.10400047355399392,-0.11906041275879121,0.007034268743377235,0.10970022276638827,0.12065996010369834,0.06225555932866182,-0.12656930471776026,-0.10589425536796065,0.506627327508026,0.10216734461535648,-0.19329218469881554,-0.3020513677243156,-0.01480357518701977,-0.007579416386775703,-0.17362741740744564,0.41134038766465825,0.23894814141667134,0.06805627590501262,0.06898224774311293,-0.3186148297706753,0.028594338005975006,-0.170221275236927,0.08806829985319363,-0.035109254240299266,0.01972422147279949
Thal_LGN_R,0.47199961615472374,0.425113253372474,0.03561383389306194,0.3428570016853291,-0.08742314332398696,0.3055924781144525,0.35173438431288045,0.3367450876479175,0.25727439143550923,0.5659336914569538,0.25227757054297556,-0.2632331735847641,1.0,0.34778925703302405,0.10102212268012183,0.16729554730396956,0.03683241336097226,0.22455464479505458,-0.06148397132844496,0.527653725674728,0.5176710134388811,0.132713150106294,0.20041122526192381,0.44097253717062407,0.05160293416039298,0.5743230390358685,0.21972797652919313,0.38365430865803846,0.4834837352097789,0.45574487418646936,0.4350588751907442,-0.05723551252061759,0.3344717309650884,0.31490094376299854,0.43083900711097933,0.1252229987736062,0.3865434100592688,0.2500213828583579,0.3265504729184027,0.31646719833772835,0.129791844030662,0.530997165052846,0.2726729124494937,0.0481754722138493,0.3247731329037154,0.2904249576830697,0.5068831584416957,0.32377263467005724,0.3871948353693128,0.2596045834133041,0.08558771998570175,0.2147889174816153,0.3686924997298353,-0.04629977565422751,0.5782567180520081,-0.0695228063563541,0.37750976917143936,0.24828611815353888,0.5621404708397358,0.06894973495031222
Paracentral_Lobule_R,0.34745979003413113,0.5589597512130252,0.36645009448766636,0.40402733330772245,-0.1949228320508146,0.322329159950415,0.09354862317395153,0.2196022832515805,0.2454623998230877,0.3019795641251009,0.184894192484344,0.05739140245845619,0.34778925703302405,1.0,-0.05605486211163434,0.20373900501652972,-0.02379384831191968,0.30254657786247047,0.11086452887186232,0.8142711568245414,0.4576005006293068,0.33929500815785485,-0.02819406997505457,0.7935063225943686,-0.06167952736255669,0.6201504673502632,0.38491839384073967,0.6788371245819738,0.894406927426446,0.4571085706923819,0.2586504949339294,-0.47155808620094175,0.4297951183662523,0.34048952711108704,0.7563062917349287,0.10656390809122827,0.21560554476614724,-0.21531718693602336,0.044347597301474084,0.2230966490942097,0.4328761030507589,0.7475631867970609,0.6631771823666252,0.3237907460619117,0.5656141479335104,0.2932254436701303,0.46747830699158427,0.40733147588626445,0.37489149575466263,0.047137076258012424,0.3646984344523497,0.029949265339240323,0.2232039271863438,-0.39432170979971115,0.47106057648589855,-0.3805775682597213,0.6574386167931845,0.44476938110582515,0.7813189032266415,-0.40724686643430835
Vermis_9,0.45004167234241454,-0.3233919421689782,0.1541713491890121,0.35493164144732114,0.14385614617650186,-0.06462729545668391,0.46142004987673296,0.5564478821230944,0.5242206086401308,0.3984367773262432,0.21010499982079228,-0.10755801276733211,0.10102212268012183,-0.05605486211163434,1.0,-0.14554677528064525,-0.2467180342133569,-0.19951511630611066,0.16799760201994784,0.015152991714543923,-0.07769316139078182,0.1143227906729318,-0.13067666061760885,0.05701192501393288,0.04050303155590588,-0.0868922452684853,0.1144740918854908,0.19993864858401622,-0.0043964108449116995,0.322196386055965,0.29476652647376556,-0.11855761319322602,0.33504555599425495,-0.3213097983762712,-0.04873891339247774,-0.27038810197746377,0.6470568419916755,0.4014410972191376,-0.07444042581191505,-0.04388974164757935,-0.44522950149690504,-0.05544167711605948,-0.29739403867858083,0.23365183336331344,0.23025018444361386,0.3756751959305331,0.17592768186679503,-0.16346705201443223,0.171598889277449,0.6129380982801254,-0.4051666274771495,-0.01520398193926845,-0.14930062669535316,-0.17719226407863628,-0.18125858036434062,-0.178227079973789,0.2910579689180781,-0.2513202420593983,0.09775217932026325,0.30220152602111366
Amygdala_R,0.3708629414927909,0.2490340660620156,0.29709588559081174,0.5305502024162019,-0.13526173954383203,0.6072853172685525,-0.429456346250765,-0.009062464351691422,0.40834916671199395,-0.10043910161651683,-0.06211173441823902,0.0060438822483142125,0.16729554730396956,0.20373900501652972,-0.14554677528064525,1.0,-0.23528985278784578,0.5835203646805524,-0.01487317174400614,0.32760846209796207,0.36373064846365905,0.6189526582412783,-0.05390831913071492,0.14863410620323264,0.22304783426758637,0.64426328637207,0.4698415822958098,-0.09976632742265477,0.12488269324066033,0.17182972214096018,0.08705760383365005,-0.2605518999741608,-0.3549264420261529,0.3777105692479446,0.15470189583144614,0.18938253148707362,0.2250208454364776,0.1344862794892715,0.12550076544869393,-0.352174014411344,-0.24571089901671384,0.33687928492589947,0.3274038014152487,0.14126652018797342,0.42877798738370354,-0.4276566197847588,0.05266283876073946,0.5234860259355745,-0.14770965013888768,0.21676077185706508,0.3818936064469129,0.19878287937460554,0.4154731028474879,-0.25804570517494485,0.4770557145517536,-0.19973722600061114,0.0997156624880861,0.5923333167238362,0.14820846580556146,-0.05537087501734402
Temporal_Sup_L,-0.3557037141759552,0.27645769886894017,-0.3625005871195422,-0.6213596017150019,0.49646566478179444,-0.15141947698985372,0.16065408268862486,-0.4832052475725729,-0.6219143481272081,-0.11645070499968206,-0.25231280619376967,0.07595487202995925,0.03683241336097226,-0.02379384831191968,-0.2467180342133569,-0.23528985278784578,1.0,-0.07216885267465602,-0.2384840076582535,0.08024331810949802,0.19479522346616213,-0.39595619910648555,0.8505778956225118,0.03278493558886135,0.16804630255790928,-0.027503352813418862,-0.41672899149438947,-0.18849690567021976,-0.08466685243905189,-0.2580404936555373,-0.2919964578971437,0.6276018426197937,0.01602328428058723,0.5186671013325209,0.27799791054426864,0.6082418862857357,-0.5708707729754698,0.24754658064843177,0.6824502226878539,0.6102742671329988,0.6177904663896018,0.07132710651887735,0.21615987723408156,-0.11024009297346049,-0.29034082378399784,0.20426400367150732,0.18486423479234132,0.21090853354538144,0.135251826298433,-0.538249232525673,0.13660268995366223,0.5315989791269341,0.3772849032736725,0.7131040732202579,0.025443814760522303,0.679534878516103,-0.3952134094638875,0.210460463990959,-0.13637720907512138,0.5198179902853842
N_Acc_L,0.1785641617458335,0.30742355540432176,0.34960064928538187,0.29995413711595764,0.024713209327869,0.518777605788618,-0.2730184684925783,-0.017910870979616276,0.13839705296565374,0.04604896844047068,-0.07371337239976287,-0.2587714526289891,0.22455464479505458,0.30254657786247047,-0.19951511630611066,0.5835203646805524,-0.07216885267465602,1.0,-0.12126944252580892,0.33243159993991356,0.28420965969854367,0.35625804535087224,0.08380300993336642,0.2716943946235005,0.16392807684179075,0.5542728906588851,0.3083925786152515,0.11380439781230142,0.25759786586687916,0.052744456755686966,0.0028950194568305703,-0.2585048858753487,-0.149423177888597,0.32835146865668186,0.2162980391601842,0.11737422798221021,0.04512433164017494,0.08941256018103151,0.08713185617362451,-0.2665317567058751,-0.023938935161952786,0.37505203786630936,0.3701464465692976,-0.22367230873632954,0.25297221292540534,-0.15000923296128105,0.15681773329747603,0.4132024638182117,-0.02065356086131419,0.08434196975837144,0.30843652367779817,0.049008802424839015,0.26810237407187243,-0.24189445748708985,0.5732258227806805,-0.12812204124678195,0.1840931480061734,0.4881458341893662,0.22423887715866753,-0.17675488660946473
Thal_Re_R,0.024724461887301943,-0.2816019707277386,0.35863371822378215,0.3354337360368374,0.1311612496425772,0.257296525276583,-0.0348325772555787,0.1524395295519159,0.3154052267168492,-0.13648346281012957,-0.03381212998255745,0.3590078830514354,-0.06148397132844496,0.11086452887186232,0.16799760201994784,-0.01487317174400614,-0.2384840076582535,-0.12126944252580892,1.0,0.1424254728047362,-0.0543387546231042,0.2987861950879376,-0.13029791659820666,0.15689981675282988,-0.0743981966811584,0.0778306934637159,0.18251924735672187,0.09528791170564077,0.039023663181754265,0.29732838337409434,-0.18084537072706444,-0.17429017615357684,0.0035167138797677685,0.09399216559513564,0.15580059586704698,-0.17303801889501882,0.29884942607166676,0.053279808778656235,-0.004104155952906343,0.044378897690270244,-0.1586681631719381,-0.11608631373677333,-0.23330442387916175,0.3247404706098242,0.36908484225753696,0.03566059151039168,-0.15148953071800186,-0.1767108684591621,0.06295178939897957,0.25593241586931376,0.16022076089206724,0.055788655131949555,-0.03373213812908552,-0.2971534318591086,-0.12091540812406333,-0.3596213817957914,0.11724930529992394,0.01609774945334469,0.170413301723056,-0.06788054062677276
Precentral_L,0.4330799189409909,0.47980810925629924,0.45377664636962134,0.547654112716,-0.006872831945732754,0.5282531292416184,0.15150194407602718,0.3636262684110723,0.42134228763714365,0.3796626868595074,0.17915980873913748,0.06168101103148867,0.527653725674728,0.8142711568245414,0.015152991714543923,0.32760846209796207,0.08024331810949802,0.33243159993991356,0.1424254728047362,1.0,0.6354997447096377,0.5147575246973093,0.18585832658705184,0.8739267470678694,0.0009970303404447265,0.7882282586498689,0.5248574587127705,0.6126792161613221,0.7714168507066655,0.4952202648306158,0.2878231488645798,-0.3003236840524585,0.37696312227071405,0.5768699788614513,0.8777601056019506,0.18597703716454772,0.3745183397648197,0.14133178316641423,0.42220599120167773,0.2833647460533257,0.3223820321650875,0.7537996745945769,0.5720235152025612,0.41829273130748207,0.7022256842003644,0.30265571511875067,0.5101445459807411,0.5548222890224975,0.3439817872580614,0.2679017801728441,0.3621481181217988,0.39859789971502385,0.4494275675096127,-0.2524876889303255,0.5572865717459528,-0.28360488256601046,0.6247116276237575,0.567987622089944,0.8072473770746483,-0.12465329979200142
Raphe_D,0.34974157636495845,0.46949382789444544,0.07601143939260661,0.3025577969109141,-0.0663781625779898,0.28685017803094626,0.10170169397487568,0.15204056029280277,0.2077379611651499,0.2536888684097578,0.16542985002328162,-0.031181942964711367,0.5176710134388811,0.4576005006293068,-0.07769316139078182,0.36373064846365905,0.19479522346616213,0.28420965969854367,-0.0543387546231042,0.6354997447096377,1.0,0.28967916355920403,0.2761957016637054,0.45932899682813744,-0.033458213065359295,0.5706727727044107,0.2740289305261711,0.27467111937853284,0.4666385069312884,0.3299654903084109,0.27431654973939235,-0.06641955928206895,0.20838348196278436,0.4894645885558768,0.5436687630157391,0.3709225898870767,0.1995532873357092,0.21170047362841535,0.3759085718385262,0.247740037032097,0.26133914915359835,0.5506460142277547,0.4572706572804782,0.32338402651888193,0.38176638004343794,0.13239339708406414,0.48984077533734316,0.5241542079400954,0.23642753541959555,0.12855806051193588,0.2912598368732184,0.31759780608108673,0.4527775968937728,-0.017263517535031497,0.5297455957791477,-0.052692923646056544,0.3325914129237665,0.47034111978273857,0.46715832553276865,0.017885523453798364
Frontal_Inf_Orb_2_R,0.46746059418926506,0.04187783662680464,0.7267312551292313,0.805537794989732,-0.08189515390680357,0.741521278740456,-0.37561261613068625,0.31225759606842163,0.7442398209662248,-0.08140243670839553,0.07919451561543807,0.11887247544776984,0.132713150106294,0.33929500815785485,0.1143227906729318,0.6189526582412783,-0.39595619910648555,0.35625804535087224,0.2987861950879376,0.5147575246973093,0.28967916355920403,1.0,-0.19768229680729138,0.4655962869000756,0.09769264920941924,0.5978260455945928,0.8130106653473953,0.16956847822422844,0.21758607885709866,0.15660338607079619,0.06667589264914543,-0.3992651928856797,-0.22905281319774715,0.2669264599636752,0.3348755143399789,-0.01837229969601586,0.4420367388660428,0.199423534547669,0.0782111424150217,-0.2650381567995566,-0.36993896133574816,0.21609670925270327,0.2530210797773187,0.37162048509185674,0.8308134873756673,-0.20584208635749182,-0.07300550902193127,0.504846756538025,-0.28164400163445436,0.5765586092981959,0.3568907777700106,0.27920774123374464,0.26195320391051397,-0.4529312371153833,0.3040591281137434,-0.3755822914819657,0.36313218314398044,0.43508532671477945,0.24788230898573532,-0.1295691147690103
Insula_L,-0.14303883768968945,0.2123319544555065,-0.19363465694832344,-0.35800098927783347,0.643941747484576,0.14244226650606906,0.1378448313981453,-0.3742077338262343,-0.3717715282292094,-0.029821862000429127,-0.25834603767176323,0.015139383653438851,0.20041122526192381,-0.02819406997505457,-0.13067666061760885,-0.05390831913071492,0.8505778956225118,0.08380300993336642,-0.13029791659820666,0.18585832658705184,0.2761957016637054,-0.19768229680729138,1.0,0.06633591432675634,0.31215786988133803,0.2126343317084187,-0.26945148827849197,-0.21724788082449958,-0.07163279510356375,-0.12863648420433685,-0.275351945091644,0.6117877602830712,-0.06568664639136873,0.6306674875077144,0.3109797668435432,0.5963961808949073,-0.3145977172564334,0.4747993724272741,0.8367585236826869,0.510367940603791,0.3746952522798196,0.12250536816142689,0.21157612722878283,-0.1139591370316605,-0.16945424965398276,0.14635108227649424,0.22609624841124715,0.3742714847957562,0.1847859946724407,-0.33820139387861503,0.19558134627456267,0.6970206501019091,0.5285868581628257,0.641805469947262,0.17642980650104478,0.6558772231286613,-0.3803777043411693,0.3535408216239714,-0.03148650339224967,0.6651241410952086
Postcentral_L,0.3949033357490718,0.41398124013090565,0.5606328205769233,0.503610765504347,-0.06714489006092832,0.4480520928891476,0.2682968045710177,0.4538476757003466,0.39853482415155805,0.4100915107442184,0.19286263450587018,0.0007386057594171824,0.44097253717062407,0.7935063225943686,0.05701192501393288,0.14863410620323264,0.03278493558886135,0.2716943946235005,0.15689981675282988,0.8739267470678694,0.45932899682813744,0.4655962869000756,0.06633591432675634,1.0,-0.05120033087130351,0.6243968635173512,0.573457854521826,0.8087736979902838,0.7902170733625532,0.35590301336127156,0.2931137266972688,-0.3323188012058014,0.5024734290854215,0.3823424184145846,0.8514384505727739,0.062329556716755365,0.34162854916341695,0.020491939225392376,0.287245842252891,0.3119344053128238,0.33861479494883745,0.6801755928930407,0.5045672914598864,0.32039761589378496,0.6600369683616076,0.5154124384584371,0.47139468065786005,0.3919708179783383,0.2784231061609277,0.3430358897950432,0.22833384446268937,0.27986864397431777,0.33053989819359975,-0.31211541243586405,0.44829134135127735,-0.341054657322485,0.6796473063556222,0.38320302917244686,0.7790297156238875,-0.23520020436710404
Vermis_7,0.243764500731986,0.03666430520555724,0.15101861232598288,0.06074973075103121,0.3352568124255886,0.3156608622705276,-0.03002312368448978,-0.2628340241210359,0.04890693171947919,0.0025363709207249915,0.012151123504177646,0.05920339554133737,0.05160293416039298,-0.06167952736255669,0.04050303155590588,0.22304783426758637,0.16804630255790928,0.16392807684179075,-0.0743981966811584,0.0009970303404447265,-0.033458213065359295,0.09769264920941924,0.31215786988133803,-0.05120033087130351,1.0,0.24459256619827982,0.04947615781116126,-0.12285257647850735,-0.10241627585045933,0.03419580857173577,-0.2108691135276135,0.18183020687260087,-0.16021255630305806,0.2589030703269422,0.05983437337858869,0.1353500673818422,0.02797641559902452,0.3202747738574701,0.2621642567679479,-0.01654505025205839,-0.15591165161610734,-0.031668934771003764,0.2201547395207857,-0.2461941789653017,0.07248194207708755,-0.0048482285259092445,-0.030662134636075273,0.27362615072293817,0.045162891737432515,-0.06171750670922659,0.2383413941359878,0.16711255560710614,0.31236370840912614,0.14250869523814816,-0.06432486376977631,0.3806476752767147,-0.21647307111442904,0.18263845764991285,-0.03986441891045026,0.2528555476678585
Hippocampus_R,0.5259003900918048,0.4885756137523913,0.41893782478871383,0.6238746720871466,0.047884340493669644,0.7913905243565057,-0.10585981984224575,0.14301417859109813,0.45384130096012787,0.25071955444527844,0.0805287751544462,-0.03747312572565897,0.5743230390358685,0.6201504673502632,-0.0868922452684853,0.64426328637207,-0.027503352813418862,0.5542728906588851,0.0778306934637159,0.7882282586498689,0.5706727727044107,0.5978260455945928,0.2126343317084187,0.6243968635173512,0.24459256619827982,1.0,0.5505920628443581,0.31677247776289996,0.5705682232454988,0.4165270009885624,0.20693262779116084,-0.28994410656939407,0.005333236905793049,0.689287961724514,0.6509397017750206,0.17243790806928685,0.3486938783410685,0.18263085157452102,0.4157421315264077,0.020538580525012683,0.08014383070476236,0.6325105810959873,0.5887524969611001,0.1820901210639122,0.6162737614956859,-0.024157847230791573,0.4085542298523466,0.6638939883946086,0.19942443908406027,0.23683055876572717,0.4644154808471836,0.4088172439920545,0.5929035854012455,-0.25467990197013557,0.6853570685900758,-0.1942585582970297,0.3774697936861377,0.7359766756134535,0.621757665367161,-0.03823978710865616
Cerebellum_10_R,0.4646234997917147,0.11074250028280819,0.702929897358164,0.762422938342442,-0.14691506911656443,0.6015929470352531,-0.11137236770592676,0.45947590402287375,0.6904721190988389,0.14793822664205541,0.15457185324894002,-0.06858864995650453,0.21972797652919313,0.38491839384073967,0.1144740918854908,0.4698415822958098,-0.41672899149438947,0.3083925786152515,0.18251924735672187,0.5248574587127705,0.2740289305261711,0.8130106653473953,-0.26945148827849197,0.573457854521826,0.04947615781116126,0.5505920628443581,1.0,0.43980945158177437,0.391163286121618,0.1797972692174777,0.2963345681065031,-0.47118205454617135,0.02863693455257065,0.17599469794465714,0.3649094759467832,-0.13223003962501156,0.4723975651369797,-0.003450567856643106,0.010617227364660238,-0.139735204039264,-0.1994497835230196,0.33000225686823764,0.2658140895995672,0.2521157438722327,0.7764661532313554,0.09915849327015294,0.1116785565878073,0.37299121834099586,-0.140090516504504,0.6058721376499275,0.1222950027748641,0.14973507448120799,0.22961534138236422,-0.4779818643401697,0.3833207622773581,-0.45938621052292145,0.5459043488092605,0.2977397889661981,0.39017713322784814,-0.20082410109777807
Parietal_Sup_L,0.3676171699787085,0.34244266587106953,0.421015594961605,0.4275802013545338,-0.2697421822996444,0.07860050195077681,0.5795429407031908,0.6387340774097703,0.3579194711871556,0.6074020423704665,0.3959714661331542,-0.1629029165572312,0.38365430865803846,0.6788371245819738,0.19993864858401622,-0.09976632742265477,-0.18849690567021976,0.11380439781230142,0.09528791170564077,0.6126792161613221,0.27467111937853284,0.16956847822422844,-0.21724788082449958,0.8087736979902838,-0.12285257647850735,0.31677247776289996,0.43980945158177437,1.0,0.8453663618074057,0.48731408312892993,0.47561039813807326,-0.4145979938923713,0.8174257710284016,-0.023563664906030405,0.5963762233939247,-0.13769515957823286,0.4818596202858311,-0.14105244067741873,-0.060822222137098564,0.265672628713615,0.30818472875867636,0.624486194538448,0.3378040986966828,0.23200236257214127,0.45534682242437746,0.7410914556295456,0.5579416194821413,0.05217112743120173,0.4995190972003482,0.36438499709182504,-0.07686669113569737,-0.14005792243445214,0.03854326926456618,-0.4092639654451084,0.27459133077396414,-0.4491283256635002,0.8210385560653288,0.015785730072530004,0.8128948969064353,-0.37668814746818313
Precuneus_L,0.3660690291504793,0.5939804917704306,0.3067846792693062,0.4227239109028029,-0.26903199027952474,0.2212216161128775,0.3582425126542448,0.38467190841677484,0.261338316226878,0.4984958167381127,0.3126966501113809,-0.09715145105386437,0.4834837352097789,0.894406927426446,-0.0043964108449116995,0.12488269324066033,-0.08466685243905189,0.25759786586687916,0.039023663181754265,0.7714168507066655,0.4666385069312884,0.21758607885709866,-0.07163279510356375,0.7902170733625532,-0.10241627585045933,0.5705682232454988,0.391163286121618,0.8453663618074057,1.0,0.5842649628472485,0.42748291594565524,-0.4467545405573747,0.6464617373758798,0.2312469455913783,0.7200285222630705,0.07777142023785741,0.3572457654973625,-0.20170784811272355,0.02630016554570236,0.30453244856863476,0.4606237062800116,0.808048825170464,0.6055017361595326,0.26362880111946824,0.49522792098800567,0.48583381134604003,0.6136347933336973,0.30036816556256835,0.558245469220073,0.11617710594609808,0.2151730494211375,-0.046881336988853155,0.20141763512775232,-0.3963743476371007,0.48695210894311314,-0.4102540980720526,0.7671364229212699,0.3173025249533438,0.8992560520163132,-0.4201808170990759
SupraMarginal_R,0.4952353951899202,0.14928964242579554,0.14580966241531346,0.5462821683624605,-0.1769531899481705,0.18573397277085335,0.45737366576527316,0.4746952163455874,0.4536291800279249,0.5125930254575158,0.386450359216543,0.08087698525998466,0.45574487418646936,0.4571085706923819,0.322196386055965,0.17182972214096018,-0.2580404936555373,0.052744456755686966,0.29732838337409434,0.4952202648306158,0.3299654903084109,0.15660338607079619,-0.12863648420433685,0.35590301336127156,0.03419580857173577,0.4165270009885624,0.1797972692174777,0.48731408312892993,0.5842649628472485,1.0,0.27293804033864405,-0.33535124866257576,0.5278954902995122,0.11199670254624702,0.4031369620852221,-0.0670614471348073,0.6836331426982141,0.19688279446310994,-0.002520255542538933,0.14223181799425638,-0.023087397004512594,0.42805967002146916,0.11302166667975029,0.44407875937167784,0.45869642579269365,0.32411670523582947,0.5170435227544523,0.032045170245878295,0.746487733335041,0.3122852291596808,0.1288088385706768,-0.05282252409448266,0.13961620979990713,-0.40449843847006,0.168422747141837,-0.410893393672541,0.5211643502660789,0.20495072220876379,0.7615836419036284,-0.13433309979566838
Vermis_6,0.44565385120504436,0.24899245163937234,-0.026271563075506488,0.31883033688206025,-0.3342220819820743,-0.08312963250765266,0.4100066080428475,0.5794879462419941,0.3760601002709735,0.5630483928886894,0.321299538747036,-0.3060599325965837,0.4350588751907442,0.2586504949339294,0.29476652647376556,0.08705760383365005,-0.2919964578971437,0.0028950194568305703,-0.18084537072706444,0.2878231488645798,0.27431654973939235,0.06667589264914543,-0.275351945091644,0.2931137266972688,-0.2108691135276135,0.20693262779116084,0.2963345681065031,0.47561039813807326,0.42748291594565524,0.27293804033864405,1.0,-0.277553165009646,0.4840008250542364,-0.14416172469170146,0.1160698189332983,-0.31018018268251957,0.4602900384616868,-0.039652657221228585,-0.10196971387044274,-0.008877358711003076,0.08777525058825957,0.44343895494269336,0.11755027863577547,0.1587426694290043,0.1674572444552542,0.302186380051842,0.4935676235276695,0.02797292771376578,0.2437814098873899,0.4498396685453156,-0.38943445691951845,-0.15403185446558676,0.04292599058031381,-0.1928222129800999,0.3947599260080204,-0.36339484125563376,0.6736238827551706,-0.07214324253312082,0.3788414720429194,-0.10186026940611276
ACC_sub_L,-0.4141289624762189,-0.12393323248764851,-0.36023490684328113,-0.5771072468337408,0.4322563673061481,-0.22693467616516802,0.16703124396554572,-0.3558949751981384,-0.45883684136418273,-0.18198219567526086,-0.21135255309681633,0.10299800518056271,-0.05723551252061759,-0.47155808620094175,-0.11855761319322602,-0.2605518999741608,0.6276018426197937,-0.2585048858753487,-0.17429017615357684,-0.3003236840524585,-0.06641955928206895,-0.3992651928856797,0.6117877602830712,-0.3323188012058014,0.18183020687260087,-0.28994410656939407,-0.47118205454617135,-0.4145979938923713,-0.4467545405573747,-0.33535124866257576,-0.277553165009646,1.0,-0.1402197764480619,0.20205001507700632,-0.10666546459957378,0.4020020500816621,-0.3982322179078851,0.2994200999569687,0.5373508862765269,0.37102675729458584,0.19597531412801197,-0.2999625921131986,-0.23413517934887482,-0.11859980367507274,-0.4837546922028029,0.06319528505943381,-0.11568194949126911,-0.03327422979864437,0.012298787921106202,-0.36834451278960634,-0.0791907122262633,0.44563845996162377,0.11651780701281216,0.8539613470244367,-0.24206602686453066,0.7762843408105851,-0.5501793145414254,-0.13079994232528006,-0.3977897094086044,0.6515594837633977
Occipital_Sup_R,0.23763842753924846,0.25712336626190235,0.014197988525358241,0.11345386630440271,-0.1714049973005385,-0.3347486969523186,0.845403229414254,0.6111009343342578,0.14006495629789473,0.6986784119909896,0.433735798289627,-0.17226995087552163,0.3344717309650884,0.4297951183662523,0.33504555599425495,-0.3549264420261529,0.01602328428058723,-0.149423177888597,0.0035167138797677685,0.37696312227071405,0.20838348196278436,-0.22905281319774715,-0.06568664639136873,0.5024734290854215,-0.16021255630305806,0.005333236905793049,0.02863693455257065,0.8174257710284016,0.6464617373758798,0.5278954902995122,0.4840008250542364,-0.1402197764480619,1.0,-0.16054978183497579,0.38748707935083565,-0.07799412117742134,0.4369618064543469,-0.011172959671573935,-0.024584922790368335,0.39993410984183053,0.3701390680506329,0.4853595297991828,0.12441534384827477,0.22967388059620672,0.11659446549683933,0.8510275082114369,0.6451720084597026,-0.15407474363697027,0.674540860139159,0.22728433953288849,-0.3138538613509763,-0.18451713874986478,-0.07770521646609972,-0.12830491896624863,0.04800349240140826,-0.22887491082949657,0.6539882077886102,-0.20051508468317095,0.6488755641910164,-0.12537908111955753
