,Occipital_Mid_R,Frontal_Inf_Oper_L,Occipital_Sup_R,Temporal_Pole_Sup_L,LC_R,Thal_AV_L,Calcarine_R,Temporal_Sup_R,Cerebellum_7b_L,Amygdala_R,Thal_VPL_R,Olfactory_R,Cuneus_L,Fusiform_R,Thal_LGN_R,Frontal_Inf_Orb_2_L,Thal_PuL_L,Vermis_7,Thal_LP_R,Cerebellum_4_5_R,Vermis_1_2,OFClat_L,Vermis_3,Cerebellum_Crus1_L,Cerebellum_6_R,Thal_PuA_R,Thal_VPL_L,Olfactory_L,Vermis_9,ParaHippocampal_L,Cerebellum_10_R,Vermis_6,Rolandic_Oper_L,Cerebellum_Crus2_R,Cerebellum_9_R,Fusiform_L,Thal_MGN_L,Paracentral_Lobule_R,Angular_L,Lingual_R,Pallidum_R,Cingulate_Post_R,Frontal_Inf_Tri_R,SN_pc_R,Paracentral_Lobule_L,OFCmed_L,Cingulate_Mid_R,Cerebellum_9_L,Thal_PuI_L,Temporal_Inf_L,Cuneus_R,Frontal_Sup_Medial_L,Cerebellum_10_L,Occipital_Inf_L,Vermis_4_5,Frontal_Med_Orb_L,OFCant_R,Thal_LP_L,Temporal_Pole_Mid_R,Temporal_Sup_L,Precuneus_L,ACC_sub_L,Parietal_Inf_L,Cerebellum_3_R,Occipital_Inf_R,Cingulate_Post_L,OFCmed_R,Thal_LGN_L,Parietal_Sup_L,Raphe_M,Caudate_R,Rectus_L,Frontal_Inf_Orb_2_R,Cerebellum_Crus1_R,Thal_VA_R,Thal_PuI_R,Thal_MDm_R,Frontal_Med_Orb_R,SN_pr_R,OFCpost_L
Occipital_Mid_R,1.0,-0.20688309663842863,0.8679728827960098,0.0387502982055904,0.22154967141328225,-0.17882011883064308,0.7037288291788321,0.235224936171886,-0.521935188684932,-0.3251544437654025,0.44302620049589225,-0.33636050953724483,0.8544529802063972,0.3610393357965322,0.28825503964052707,0.1367018149809581,0.637101267865377,-0.09409009168441652,0.2397820884790186,0.10440653185112621,0.2585392965903714,-0.1808402157013016,-0.15311647414178184,0.15442376729752588,0.5532592447025849,0.10887367481620865,0.553607892827764,-0.5283788397887561,0.5659108816447427,-0.3669214406110456,-0.0106532146747337,0.4792435264627745,-0.17666993735117237,0.5729588502228685,0.36854593542016595,0.26963746397761845,0.04440181345933619,0.13799523212915868,0.4722654267366717,0.6126682870005888,-0.3626736896677284,0.19988958524127723,0.19716225779771496,0.3555606716008675,0.3022960851119036,0.002539391835430586,0.23564698696167846,0.5315047974238859,0.38987018906892457,-0.020396859631427598,0.8678037962373271,-0.26537594660501307,0.025644793001321095,0.457756955125757,0.4068201413799863,-0.20481431653477558,0.10101878091274366,0.36740653195526696,0.16346889225194353,-0.19650696663087536,0.3959564658740161,-0.10034400733412259,0.42526536466775716,-0.11804274701359783,0.7161387027433669,-0.08017597254865394,0.06579047763645958,0.1544396078639259,0.6239459094448283,-0.18482540362054825,-0.3785930308607303,-0.21176259614451698,-0.22019354363461704,0.41891271775400746,-0.44656165682215854,0.24789396058167468,-0.09297992002792994,-0.13902572776475478,0.002903456117712926,-0.007282803890357296
Frontal_Inf_Oper_L,-0.20688309663842863,1.0,-0.006409863736765628,0.06557983700575923,0.2914632130254568,0.0333687699096348,0.1787036622864898,-0.21221636538614272,0.4154070101768699,0.06807141347838327,0.2762986676815161,0.08109462968349378,0.1001487875909215,0.013632499083357423,0.24938731594348568,0.2824585047443746,0.02784928141118254,0.2510815840218962,-0.010753370140235327,0.4721733098626295,0.3431208682797342,0.45947802579846414,0.5129082125440618,0.41336598810306774,-0.14439498120695252,0.2728186925580583,0.25850886900977493,0.3170304974363413,-0.11307710353796915,0.6166903575023533,-0.024379527522186098,-0.11426815052317127,0.7681954175039384,-0.10524886159218723,0.045423968592747346,0.4830122105334352,0.08947707465178435,0.24778262510040483,0.3418113200361261,0.1989333888610553,0.20227765955332314,0.4607875437287179,-0.0826770994591899,-0.040681304646235095,0.10384076502154309,0.43629307735855827,0.5093808238593626,-0.016454410939678865,0.10622927345660398,0.4500718418655618,0.0023735683111228375,0.6984366178971322,0.4790003118170692,0.004870617754280135,0.23412365931196227,0.5369934629553564,0.47634604423991705,0.271706242923184,-0.062349379550711514,0.7923166287594678,0.1684872941089685,0.42609280772873126,0.2797501595606236,0.5094865042680528,-0.28081055855016007,0.22552587432835058,0.04518380847301083,0.5689430010633927,0.00684199505619876,0.5392899535396902,0.5548887661587005,0.5117828209577797,-0.009555465474020548,-0.2684460226739351,0.2792807444585847,0.005325613062643347,0.4055044725431138,0.5121307752799346,0.11210026864014457,0.41765291133318627
Occipital_Sup_R,0.8679728827960098,-0.006409863736765628,1.0,0.08257271285037479,0.4024536350351561,-0.17226995087552163,0.791320932553253,0.11345386630440271,-0.28260358454202156,-0.3549264420261529,0.5060239770741736,-0.2506128228576598,0.845403229414254,0.4081069101325931,0.3344717309650884,-0.011172959671573935,0.643324198471724,-0.16021255630305806,0.22967388059620672,0.3409817441896724,0.4853595297991828,-0.1714049973005385,0.06562972464353019,0.21560525953895152,0.6539882077886102,0.30753412517893014,0.6451720084597026,-0.3622308959985019,0.33504555599425495,-0.16054978183497579,0.02863693455257065,0.4840008250542364,-0.10215057247494151,0.5549293736640873,0.57516258114017,0.6121603016205523,0.18581745864918034,0.4297951183662523,0.7421922283358722,0.698989518164823,-0.27822373866088573,0.5246277667819507,0.19243621465406754,0.23763842753924846,0.5253558855753194,-0.049418743653574904,0.42849021362249784,0.3509697032963879,0.5250040514684907,0.3701390680506329,0.9483101156777577,-0.18451713874986478,-0.12537908111955753,0.5982400588690284,0.6938321057501231,-0.1951933894152314,0.17588082348547152,0.481645183958578,0.2949401078910419,0.01602328428058723,0.6464617373758798,-0.1402197764480619,0.6945866846508297,0.023762733739217848,0.6111009343342578,0.2024006116638794,0.08093244931535302,0.4336076228705091,0.8174257710284016,-0.07770521646609972,-0.21393615257425458,-0.22887491082949657,-0.22905281319774715,0.22728433953288849,-0.3138538613509763,0.24251487557868343,0.08745102561162847,-0.12830491896624863,-0.03296268586837381,-0.07787951691513495
Temporal_Pole_Sup_L,0.0387502982055904,0.06557983700575923,0.08257271285037479,1.0,0.34663463308479275,-0.21363460873051407,0.13508701870093678,-0.1934033229168505,0.04803534202479551,-0.06934178777826278,-0.09817667160266416,0.24367444308193156,0.19607318354006745,-0.17801322968132222,0.25963557081552807,0.038515584118388,0.09779629802602276,-0.2573525404561646,-0.0939489329463951,0.18315275914642806,0.1449254071414315,0.12419783678899979,0.010782909239074281,0.39142593869886166,0.042949568532450765,-0.19092675174011772,0.2647703669432824,-0.09677696344444858,-0.005194380520507708,0.10994124684353783,-0.09014142645529995,0.4786209592764908,0.09950108136193714,0.10077635178939218,0.16858762005751404,0.26317658772680047,0.1093370021701785,-0.07432425696327133,0.008771049139071972,0.13060058827863597,-0.058613405651058895,0.08282427801802542,-0.24214819438599713,-0.04006968014800076,-0.022899811937117213,-0.07929446486381868,0.16451685908308486,0.2545717926884666,0.4599938701659672,0.18451823725169958,-0.006619244704798383,0.12703577303771227,0.200282935087091,0.08733320338441622,0.13424478903595444,0.1444783277151877,0.3341609767514916,0.17834205656453447,0.5948182158109598,0.1241125068613288,-0.01248330387115163,0.11623292736222837,0.021781997356149666,0.22281115670828452,0.07330737732989685,0.09391383705023754,0.40941387565766657,0.07459029542409137,-0.008870481463887598,0.14193291263302665,-0.09968796095991107,-0.04079417808786789,-0.2600052980332502,0.028207058945239644,-0.3475414309689863,0.04683627822203636,0.05955661097028523,0.19375380685159174,-0.05788522243858658,-0.21021705740750476
LC_R,0.22154967141328225,0.2914632130254568,0.4024536350351561,0.34663463308479275,1.0,-0.08635938222166885,0.3782181447825002,-0.10659094636730493,-0.039898080447072645,-0.2755829767853296,0.23128719689688013,0.15112775334217288,0.38971257497602374,0.15407557999278176,0.3097905695573777,0.0393122981545314,0.11361216256422633,0.02370621100143523,-0.09043731417064584,0.4999955662491037,0.28817471430931413,0.24696181553631713,0.3612458258788884,0.30784814299848173,0.14428434868551668,0.12388094298266208,0.42642072092453864,0.10074213208287318,0.03386672171150509,0.29291495997691575,-0.09845856627273003,0.09296071511040714,0.21038963551692771,0.20705969590137235,0.20486910377492762,0.5988975609312182,0.3097137435569904,0.37945300478260174,0.42468598669182683,0.3864838147290209,-0.08000097838103774,0.5064595650538786,-0.006758792208142905,0.050089955970758396,0.3238541815915607,0.0004798268824433636,0.5384398687647826,-0.1113641213385177,0.4538441419260085,0.47091030848423165,0.35814796800579146,0.15560142076609415,0.0026423791033188117,0.12176926541049986,0.5068826053304264,0.09832319850492145,0.35102328204032557,0.3499302451864573,0.49717698483063333,0.31869714492678064,0.37080709776737153,0.00876774310268027,0.43860930900526107,0.5511828423877573,0.04717903297623938,0.29873406972496114,0.2906717583307204,0.5186014567449667,0.3762607851418169,0.18819283345211685,0.023239982752450126,0.03960981119113578,-0.21264885192772837,-0.08822790572794204,-0.04323180639051236,0.07771655695981679,0.2981468864395922,0.10839558937082835,-0.17066671382809967,-0.32887113841697124
Thal_AV_L,-0.17882011883064308,0.0333687699096348,-0.17226995087552163,-0.21363460873051407,-0.08635938222166885,1.0,-0.3013497073378923,-0.021464428466175262,0.15585691430491053,0.0060438822483142125,-0.12358150473799263,0.09706943175097267,-0.18329277355749557,0.008151183636648754,-0.2632331735847641,0.007034268743377235,0.1422445297759884,0.05920339554133737,0.506627327508026,0.06028075088075845,-0.12656930471776026,0.021230634475934988,0.11987896093919874,-0.0653314337395772,-0.170221275236927,-0.155248827327669,-0.3020513677243156,0.08121851263136022,-0.10755801276733211,0.23898838271036787,-0.06858864995650453,-0.3060599325965837,0.12005648456633455,-0.07140360237015485,-0.19344882486281198,-0.08013902901343004,-0.1370290969342181,0.05739140245845619,-0.06517647118999104,-0.1718865397566318,0.023249901106521448,0.10407313850226779,-0.049663571951934424,-0.17521519291627669,-0.03272590360057749,-0.07935921136724997,0.06250659169962147,-0.08054664828486081,-0.42658812198996876,0.06225555932866182,-0.22750223626198404,0.23894814141667134,0.01972422147279949,-0.22574841303373513,-0.09183645859931037,0.0899941824895424,-0.03172936045082797,0.21866942379574614,0.011441481578710892,0.07595487202995925,-0.09715145105386437,0.10299800518056271,-0.07140829417390167,0.028691084735697286,-0.22968121955147125,0.06919633397214142,0.2666799870484437,0.12130892301133692,-0.1629029165572312,0.06805627590501262,0.054673108213240576,0.028594338005975006,0.11887247544776984,-0.17362741740744564,0.41134038766465825,0.10411399217406124,-0.02019629154286567,0.06898224774311293,0.00029087953840272086,-0.05990063132885815
Calcarine_R,0.7037288291788321,0.1787036622864898,0.791320932553253,0.13508701870093678,0.3782181447825002,-0.3013497073378923,1.0,0.33463948959028533,-0.19033981638247163,-0.045504855364179836,0.7142943404591344,-0.075354338602049,0.7589802779131828,0.5496382616554055,0.52308416666054,0.3691039933403948,0.49500189197764866,0.030173837019697513,0.20220149630899753,0.49666760720673303,0.5548434350241327,-0.006348885411966873,0.2644850991575547,0.13998570552881012,0.5936505665347468,0.3875689469022573,0.7800294895480007,-0.26454233653535647,0.39495556559924816,0.08226324795158747,0.2610347028343127,0.4992945830437247,0.07008923170238975,0.6170240487297625,0.4555586103481832,0.5540022557862382,0.3040708113748573,0.38015670487253034,0.5766070276157789,0.9162170522606573,0.012377636879356958,0.4848540639464868,0.3968889923377652,0.49803604715832767,0.4539378719142613,0.07624126539647642,0.5787236289849015,0.42747341649929993,0.5884725036325407,0.18764001240422565,0.8402899568250467,0.10275240499027649,0.07743873370760812,0.4811215138299756,0.63456892920087,-0.17099965713764673,0.08565001779265397,0.29999916839551305,0.1755404055648055,0.09069347611468066,0.5621002324067386,-0.13176217642729382,0.6422648865748674,0.2636710292620607,0.6556399776969685,0.21910374941952254,-0.026900270165875168,0.4940106944611399,0.6984551343147739,0.2328897382169917,0.05129645553565825,-0.1869518161521616,0.07473066781547187,0.4502225973687144,-0.2564596241355755,0.3697052066476001,0.2599072185584162,-0.12539571890053142,0.2581399817634608,0.06792416514305827
Temporal_Sup_R,0.235224936171886,-0.21221636538614272,0.11345386630440271,-0.1934033229168505,-0.10659094636730493,-0.021464428466175262,0.33463948959028533,1.0,-0.240456637541703,0.5305502024162019,0.6119074093110886,0.23093648940819328,-0.02493730771701063,0.8418616550632808,0.3428570016853291,0.18376860150265814,0.006803084416289404,0.06074973075103121,0.4035394309332896,0.33926847631169477,0.35398339253386113,-0.23509558962901675,0.41663698310956915,-0.7597538361502844,0.6221541293882064,0.2829576263537612,0.21001762343978694,-0.26279360115163436,0.35493164144732114,0.07743712584451219,0.762422938342442,0.31883033688206025,-0.38605256237773483,0.3376992066135703,0.10924432557402698,-0.18304870353825287,0.49147534956880806,0.40402733330772245,-0.06128556398864171,0.47582518967541065,0.5551304617434704,-0.07786191390206637,0.9272676754572295,0.6925983461177976,0.5340322967296668,-0.2982840397012305,0.13134214144537895,0.3949432142286722,0.18346106609576177,-0.46269627218885023,0.22291081440513594,0.03104412280749221,-0.1986008546441765,-0.050436575008081734,0.2875580484699162,-0.6632435778878686,-0.6856641634901287,0.002434660280993337,-0.11806134190739517,-0.6213596017150019,0.4227239109028029,-0.5771072468337408,0.33245113642231494,0.17005045437888663,0.6316109288418047,0.15897944784833262,-0.358031854642201,-0.1236704041531059,0.4275802013545338,0.17826274541151108,0.38598613974662194,-0.5831988552277205,0.805537794989732,0.753111551540372,0.16048097523100127,0.49288669108373234,0.25186735433290763,-0.6566881594997087,0.7161183042205438,-0.20078720508489442
Cerebellum_7b_L,-0.521935188684932,0.4154070101768699,-0.28260358454202156,0.04803534202479551,-0.039898080447072645,0.15585691430491053,-0.19033981638247163,-0.240456637541703,1.0,0.3372032867491273,-0.02169570587898023,0.3361824447702191,-0.3297059937247801,-0.16120788313536136,0.09955314184076101,-0.16574157063003417,-0.16008352721768795,0.12999847530309314,-0.08699997119536265,0.3449034899605403,0.24222296504778323,0.045782734524112856,0.4437018059141838,0.1065221793630513,-0.2536720891560312,0.28345150047277545,0.019137490102658743,0.484115908251528,-0.6918250555590297,0.5980377874725412,0.024710002377502094,-0.20434113368659632,0.3054198541947482,-0.3501762491275751,0.11486228212321536,0.3680567908388734,0.16017425922815226,0.19356667604448574,0.000921005871898258,-0.18465046290143017,0.44995446799343686,0.3796338676951005,-0.12386475558801884,-0.249306727876654,0.03261453212068649,0.07150215764306853,0.35546125508112764,-0.3070864111269324,-0.0015010875873641787,0.49743032738995985,-0.2712546725608164,0.3035273427003075,-0.07784417232309845,-0.007215841656574852,0.11108335368982478,0.2207477172555469,0.25473227128149134,0.014427756175441009,0.010296203892853333,0.41900805249875256,0.1521181736476862,0.1590163543461015,0.0005028793827542097,0.35313674780466786,-0.5463772110221132,0.4367992080178945,0.03086276323230334,0.3863333576951599,-0.13070450206373826,0.4584216715709118,0.407454350524604,0.22421201270499866,0.004062447372997667,-0.5093870791741131,0.4714553486417609,-0.0284902093251452,0.4555118463578366,0.21681553502808193,0.08261439934782815,0.10374059430390953
Amygdala_R,-0.3251544437654025,0.06807141347838327,-0.3549264420261529,-0.06934178777826278,-0.2755829767853296,0.0060438822483142125,-0.045504855364179836,0.5305502024162019,0.3372032867491273,1.0,0.3228775852736339,0.5469325368108039,-0.429456346250765,0.35679990077361,0.16729554730396956,0.1344862794892715,-0.21264402686837444,0.22304783426758637,0.14126652018797342,0.29392775553944656,0.33687928492589947,-0.13526173954383203,0.4022457236191578,-0.4782808167699973,0.0997156624880861,0.28217796708413034,0.05266283876073946,0.2254039908527088,-0.14554677528064525,0.3777105692479446,0.4698415822958098,0.08705760383365005,-0.0164367481081649,-0.09367706901277043,-0.0676335188774253,-0.16971864768416345,0.319982355219762,0.20373900501652972,-0.34565309541444866,0.04118788667082136,0.7496620852470022,-0.07337026922722517,0.5131867967339659,0.3708629414927909,0.201869757184745,-0.20458728692521483,0.09385995986514743,0.16939457965638158,0.039892553841737746,-0.24571089901671384,-0.28541979177800436,0.19878287937460554,-0.05537087501734402,-0.2209906856598411,0.01649752287834373,-0.2828538734692723,-0.40099594853817105,-0.2517155629933663,-0.22047601580758128,-0.23528985278784578,0.12488269324066033,-0.2605518999741608,-0.07846423144702226,0.2458421151114566,-0.009062464351691422,0.2097486367442759,-0.2668755317843674,-0.12584137799192094,-0.09976632742265477,0.4154731028474879,0.5017462503290167,-0.19973722600061114,0.6189526582412783,0.21676077185706508,0.3818936064469129,0.3936396079811983,0.39289083929823626,-0.25804570517494485,0.6849336076912189,0.039654005001858735
Thal_VPL_R,0.44302620049589225,0.2762986676815161,0.5060239770741736,-0.09817667160266416,0.23128719689688013,-0.12358150473799263,0.7142943404591344,0.6119074093110886,-0.02169570587898023,0.3228775852736339,1.0,0.052384453052398916,0.3898411737683854,0.7646140897372243,0.5207382782603877,0.22347378567765203,0.30392120585777554,0.18029846393819338,0.29997878701610253,0.6551261731816839,0.6718515546805518,-0.0593800445745274,0.5652152069632235,-0.20840479480074642,0.6006949321019995,0.6388254214313835,0.6486719846610768,-0.07569398635987616,0.280496165379685,0.306097701960736,0.4837811481728336,0.40394766439409063,0.03607851010426878,0.4149664100966999,0.2962382140690901,0.4110199924194714,0.45542592479640015,0.609912569492328,0.35639656721196367,0.7129281215294156,0.4113591502676749,0.40791375939856694,0.6656951543647804,0.6272663525112471,0.6701713293561367,0.009533996418608581,0.5475859375020721,0.37104482036692044,0.47058975369567185,0.06529602626967808,0.5797504874884234,0.21561763880722848,-0.007278797418475078,0.22282274100020763,0.6390246984357006,-0.302672424900727,-0.1222082122759909,0.3044866047979768,-0.04002162177367511,-0.07735727092768173,0.6792900683702943,-0.3113002108644242,0.572827852782669,0.417205521630291,0.4960494348403945,0.3686611020416633,-0.238138006626894,0.42885371996836563,0.6040275400560005,0.35053991852053523,0.4052647535174071,-0.22621334480664446,0.39581720085612987,0.4092171943567135,0.13302566967092966,0.6195511129366539,0.5740045303321557,-0.25452734605050303,0.4979089629412236,0.0970290038704557
Olfactory_R,-0.33636050953724483,0.08109462968349378,-0.2506128228576598,0.24367444308193156,0.15112775334217288,0.09706943175097267,-0.075354338602049,0.23093648940819328,0.3361824447702191,0.5469325368108039,0.052384453052398916,1.0,-0.28186894459668327,0.17505808776769125,0.18590306860645284,0.16142883881366926,-0.2451282657666103,0.06130592674935277,0.05879228807237499,0.39217404043785,0.2510533101842739,0.11347432518333302,0.45166330794533927,-0.2232269310716571,0.0004965374502806885,0.07644403619291729,0.05447278785557987,0.15124903844215,-0.23014135526363175,0.46997322683002724,0.1584258756410337,-0.10746279774805578,0.08700861314597307,-0.02457344120054518,-0.024560353653492094,0.07633411202536669,0.4382655940554381,0.21262547094501213,-0.1892714229446504,0.04934484678905257,0.5146485285683159,0.1388713628577609,0.22323655405294268,0.023442580715498932,0.14418468316215813,-0.23603671971493734,0.30594187773899356,-0.06496897269291539,0.1965283308981761,0.04610133103344083,-0.2245980280170953,0.23176637410150508,-0.0821340606398679,-0.3092255992649445,0.10190821208678398,-0.20660303057774612,-0.20222055356363405,-0.05863945105403401,0.28788076500365534,0.0028220866716423014,0.1457185413427876,-0.16422072317102443,0.004049579382173618,0.5032523245570207,-0.14907920798174287,0.37193751246062684,0.07874703654085242,0.09418763932740515,-0.049963456131836254,0.36387186390138726,0.29608748206268826,-0.2545193562290742,0.2691190448174361,-0.01707289245657093,0.39251009516981583,0.12820315251164927,0.4373527784809304,-0.21766832172070144,0.38579647562951475,-0.4096545412850254
Cuneus_L,0.8544529802063972,0.1001487875909215,0.845403229414254,0.19607318354006745,0.38971257497602374,-0.18329277355749557,0.7589802779131828,-0.02493730771701063,-0.3297059937247801,-0.429456346250765,0.3898411737683854,-0.28186894459668327,1.0,0.22016084054546506,0.35173438431288045,0.26237143895953696,0.6139135696098972,-0.03002312368448978,0.1234420386469989,0.23331232599722473,0.2579535559441049,0.03763439205105276,-0.04597891037809464,0.47710038320435383,0.3735815958552492,0.043109044494657224,0.6194176993904081,-0.38134316041210425,0.46142004987673296,-0.13924711194038425,-0.11137236770592676,0.4100066080428475,0.10988441332021112,0.5233594024964277,0.39550672949580656,0.4833427574938423,0.0324852520687735,0.09354862317395153,0.6225177009880406,0.6565333956761794,-0.4392955298713869,0.3752902290293991,-0.04215186491179104,0.1985925653023001,0.1609519507968886,0.13626647997510652,0.43968826785163767,0.4721748848946438,0.4060083870615484,0.22632388399397912,0.8603486966634387,0.011856277950942412,0.23936888115896368,0.422127586074198,0.44501344059404285,0.0936029504187828,0.3944352870970815,0.5076490432532158,0.29087482410973675,0.16065408268862486,0.3582425126542448,0.16703124396554572,0.5027363731785307,0.0757661510510096,0.5271167591879596,0.033090209171144684,0.2542079365741159,0.40640524831500197,0.5795429407031908,0.009182514851841728,-0.3101196526516163,0.027301638527153643,-0.37561261613068625,0.23931013776649437,-0.4402780434778517,0.16837911774829367,-0.021486592682104483,0.13846168918520937,-0.09832310814156221,0.04065656445902402
Fusiform_R,0.3610393357965322,0.013632499083357423,0.4081069101325931,-0.17801322968132222,0.15407557999278176,0.008151183636648754,0.5496382616554055,0.8418616550632808,-0.16120788313536136,0.35679990077361,0.7646140897372243,0.17505808776769125,0.22016084054546506,1.0,0.4364161647863986,0.1746377902863151,0.10885016116696575,0.1281154503054382,0.40590633116541464,0.6478039215844589,0.5579980457157036,-0.10652205100547642,0.6016337292271978,-0.5589531962640184,0.7663576016685325,0.4438475108784104,0.38526837175536116,-0.16678880956348732,0.32116902616098586,0.2642094637126663,0.700913801594633,0.3467387765287297,-0.20310236525278774,0.4893162409379743,0.26516275594924704,0.2227122170025372,0.5575622644457044,0.6409447030523442,0.3075321340982113,0.6496915358540397,0.4722507804119091,0.21928953113780325,0.8587649860354115,0.6532454317943138,0.7263549739329295,-0.16550982092572122,0.3859128938934933,0.34793327079756164,0.2886288371301922,-0.08889562313152558,0.48459492407991656,0.13939041709605332,-0.163555848702812,0.10720020167639319,0.6279890998199509,-0.5109635883965506,-0.4594748811062572,0.28173318304944994,-0.003455332019609061,-0.3421093143759523,0.6672605465297531,-0.4652604698574571,0.6340049631986381,0.35345426952492187,0.6124265517275503,0.3338788101043516,-0.25039745590807727,0.19897043478343396,0.6776934842776431,0.24921832208024602,0.42337775586583354,-0.4358027927403202,0.6644739707367643,0.6086560584353892,0.19560658975543965,0.5447065386207028,0.4017201711450412,-0.48508608637866024,0.6323415149361918,-0.1865940208839914
Thal_LGN_R,0.28825503964052707,0.24938731594348568,0.3344717309650884,0.25963557081552807,0.3097905695573777,-0.2632331735847641,0.52308416666054,0.3428570016853291,0.09955314184076101,0.16729554730396956,0.5207382782603877,0.18590306860645284,0.35173438431288045,0.4364161647863986,1.0,0.2500213828583579,0.16057097310433602,0.05160293416039298,0.0481754722138493,0.575235964167428,0.530997165052846,-0.08742314332398696,0.45954186405982705,0.03665877298344885,0.37750976917143936,0.24217845304673052,0.5068831584416957,-0.2120432755399206,0.10102212268012183,0.31490094376299854,0.21972797652919313,0.4350588751907442,0.13559974840698194,0.26311843562961484,0.31009961802117997,0.41115748476344705,0.6389101919630484,0.34778925703302405,0.2023398379857646,0.5811642796972346,0.3580614948182119,0.3368039417585951,0.386926039736536,0.47199961615472374,0.41720648505100527,0.07276377779139022,0.5251410933156844,0.3573159266610863,0.6341212107895604,0.129791844030662,0.3819916292679774,0.2147889174816153,0.06894973495031222,0.1935326343979392,0.48052007701089955,-0.08776510621489583,0.1356207378543829,0.25834025731847066,0.2311884870773561,0.03683241336097226,0.4834837352097789,-0.05723551252061759,0.3482872529476941,0.47006638836764003,0.3367450876479175,0.37316709279809473,0.03370112807944044,0.4054789868504669,0.38365430865803846,0.3686924997298353,0.3533181596291127,-0.0695228063563541,0.132713150106294,0.2596045834133041,0.08558771998570175,0.27700338190084595,0.3848791717633274,-0.04629977565422751,0.4368016946558003,0.005269936881699926
Frontal_Inf_Orb_2_L,0.1367018149809581,0.2824585047443746,-0.011172959671573935,0.038515584118388,0.0393122981545314,0.007034268743377235,0.3691039933403948,0.18376860150265814,-0.16574157063003417,0.1344862794892715,0.22347378567765203,0.16142883881366926,0.26237143895953696,0.1746377902863151,0.2500213828583579,1.0,0.01005435994406393,0.3202747738574701,0.1390982829667391,0.1309948720483478,-0.02700729246152168,0.4582230585803457,0.14007777635916746,0.19157505902903466,-0.11248288619152065,-0.18401615757522286,0.18034789508546165,-0.15750236742917426,0.4014410972191376,0.27862835181043527,-0.003450567856643106,-0.039652657221228585,0.48482221246605756,0.26882522440785606,-0.29880245906105657,-0.06808914750303317,0.004381900048465993,-0.21531718693602336,-0.11184934317071231,0.4037778478954456,0.09321899347008529,-0.05370575222260873,0.12802525075285756,0.34991561674094085,-0.22122330685486447,0.28645859154057685,0.28995604779512035,0.3454876501459783,-0.04764766832879877,-0.3002961944106353,0.07418463520603333,0.5225230048583465,0.6086815532142692,-0.2260641692321538,-0.1348511338435345,0.21487771056913577,0.020658525147691946,0.06860000540846166,-0.04424972790562831,0.24754658064843177,-0.20170784811272355,0.2994200999569687,-0.07067381818787395,0.2898908004021611,0.1915694471289214,-0.11948576005195033,-0.021652672159840382,0.17119337697143353,-0.14105244067741873,0.39165259959382587,0.142088003144977,0.23372147040950747,0.199423534547669,0.3766430452072994,0.012380780710896244,0.08546713856025841,-0.012912598686943905,0.19477349058278937,0.2994416382304858,0.2980544708367414
Thal_PuL_L,0.637101267865377,0.02784928141118254,0.643324198471724,0.09779629802602276,0.11361216256422633,0.1422445297759884,0.49500189197764866,0.006803084416289404,-0.16008352721768795,-0.21264402686837444,0.30392120585777554,-0.2451282657666103,0.6139135696098972,0.10885016116696575,0.16057097310433602,0.01005435994406393,1.0,-0.2744181761801121,0.5451534762940474,0.16718323615433545,0.3172441811705178,-0.36976210443253765,-0.04377226947431788,0.31115278078042197,0.3758491929729217,0.2752421736404312,0.567149771202435,-0.4391155430433193,0.2468731905093444,-0.1504453556318618,-0.1448409040277583,0.38461806470801513,0.04686887482071527,0.43630993550774577,0.4383183585613763,0.34718991944704886,-0.07363453208133774,0.21990299711816705,0.4514429750395203,0.40539984940308826,-0.22535587716698818,0.4530158221753606,0.0020519921921296636,0.0885174195341895,0.28003197060123103,0.031909393394465885,0.34014356741918944,0.5119756044716047,0.3178240374208923,0.2659320523977504,0.5537898913652487,-0.10635099057581417,0.004814143713166564,0.5204288752808223,0.3760216031665426,-0.07149477912671211,0.2900018953026289,0.34265062385538614,0.19856830147242688,0.11428551212011885,0.3450043865938891,0.009988556306687024,0.31274396083700784,-0.15546256198839306,0.3904902883858298,0.06455100089647786,0.22186333327216215,0.3740139847362519,0.3851214001835439,-0.005260585358279975,-0.16147422499909975,-0.1145232912143717,-0.22774779897169484,0.11120698568743517,-0.1680935522445051,0.07468430999080908,-0.07697643570027381,0.013271221436962213,0.01826299422016535,0.1473202886014143
Vermis_7,-0.09409009168441652,0.2510815840218962,-0.16021255630305806,-0.2573525404561646,0.02370621100143523,0.05920339554133737,0.030173837019697513,0.06074973075103121,0.12999847530309314,0.22304783426758637,0.18029846393819338,0.06130592674935277,-0.03002312368448978,0.1281154503054382,0.05160293416039298,0.3202747738574701,-0.2744181761801121,1.0,-0.2461941789653017,0.1434364600206144,-0.031668934771003764,0.3352568124255886,0.1759370942859285,-0.0014899971999998319,-0.21647307111442904,0.06374573318095572,-0.030662134636075273,0.3205419885559649,0.04050303155590588,0.2589030703269422,0.04947615781116126,-0.2108691135276135,0.28106641178213637,-0.1032423083572597,-0.3378692821204521,-0.050359050146805785,0.137752016865037,-0.06167952736255669,-0.08111374506249105,-0.03682351315937442,0.22991045958848924,-0.08098255477182251,0.05119650546540829,0.243764500731986,-0.15942854312750526,0.33917378398288694,0.12455241410727787,-0.15830590393958313,-0.1451985239132513,-0.15591165161610734,-0.041135198349528924,0.16711255560710614,0.2528555476678585,-0.3631505809496032,-0.1085572145051148,0.16625637041452362,0.017840836027917462,-0.1427374961830255,-0.3865132728753963,0.16804630255790928,-0.10241627585045933,0.18183020687260087,-0.08037465818379098,0.3235200323451852,-0.2628340241210359,-0.028573756962668156,-0.09089812404299887,0.04575913553917156,-0.12285257647850735,0.31236370840912614,0.12776789104882558,0.3806476752767147,0.09769264920941924,-0.06171750670922659,0.2383413941359878,0.1289812558557124,0.30033422418000955,0.14250869523814816,0.06710436885412994,0.3146728306794972
Thal_LP_R,0.2397820884790186,-0.010753370140235327,0.22967388059620672,-0.0939489329463951,-0.09043731417064584,0.506627327508026,0.20220149630899753,0.4035394309332896,-0.08699997119536265,0.14126652018797342,0.29997878701610253,0.05879228807237499,0.1234420386469989,0.40590633116541464,0.0481754722138493,0.1390982829667391,0.5451534762940474,-0.2461941789653017,1.0,0.2695512195643911,0.19934778918860258,-0.21655156165254014,0.2724655450825039,-0.2194830139262954,0.35888298691230663,0.13535448698765576,0.1840027417006358,-0.3862107582338311,0.23365183336331344,0.15334302766546845,0.2521157438722327,0.1587426694290043,0.010139213410705481,0.35106446251772866,0.23696994700107937,0.057611306031964474,-0.017556403201057526,0.3237907460619117,0.12474523198888361,0.3450588730386203,0.17087632575539802,0.21390951594463598,0.39644019682290643,0.20524871191486804,0.3696617597168664,-0.14288787345187826,0.262693963509842,0.5030993209467342,-0.07159097189588527,-0.010418000701694349,0.13393423956667957,0.2482990330104896,0.02623037162920868,0.1583489012692492,0.2497203976923857,-0.2039535322636267,-0.20554708472105482,0.4358266454692049,0.0874675728543595,-0.11024009297346049,0.26362880111946824,-0.11859980367507274,0.26158706061483866,0.0018992914213358284,0.3695214992862602,0.1485462429851673,0.12064568454915581,0.15725521426504513,0.23200236257214127,0.16679826893724783,0.19642351717718987,-0.3008804577760882,0.37162048509185674,0.3156632506528428,0.15998373197498555,0.2772379566661993,-0.016571836927429563,-0.17286260597678108,0.4209707466905459,-0.06921586425291681
Cerebellum_4_5_R,0.10440653185112621,0.4721733098626295,0.3409817441896724,0.18315275914642806,0.4999955662491037,0.06028075088075845,0.49666760720673303,0.33926847631169477,0.3449034899605403,0.29392775553944656,0.6551261731816839,0.39217404043785,0.23331232599722473,0.6478039215844589,0.575235964167428,0.1309948720483478,0.16718323615433545,0.1434364600206144,0.2695512195643911,1.0,0.7120765858792512,0.12115009726168079,0.8564900929396795,-0.023501745912408598,0.4751396472496503,0.5162779004586369,0.5772097081858976,0.12768865454428976,-0.07649579919361212,0.7065018774878881,0.360323559219425,0.26469941320162615,0.30226208237599844,0.26387118313672364,0.3528646347762314,0.7121281049869906,0.6318155128353787,0.7234116524914239,0.42057660956593673,0.5651837838011545,0.5253630583606267,0.6327788273067554,0.4455838215234105,0.3616979007230197,0.6785489638851063,0.02760433331644787,0.7980937920120357,0.17677435291051977,0.5111281282048534,0.4784301092006207,0.34276113513316037,0.4166205474255301,0.006902801930578792,0.1364197331480466,0.7886244683316943,-0.09287095462371339,0.12127984915717267,0.4725860272211611,0.3077382725312529,0.26726004727660657,0.7065358552274184,-0.13644892165226025,0.5930457113250422,0.7605639716461011,0.13225949231342307,0.6526419696756047,0.11347267331762899,0.6303996985821871,0.5047995541662,0.5591735968299578,0.5467284622217005,-0.09785124149988245,0.2869491722694028,0.06177398005930017,0.3685426539681262,0.41996469662224556,0.6820451737400558,-0.05656833137646914,0.43948274476591204,-0.10160382486770338
Vermis_1_2,0.2585392965903714,0.3431208682797342,0.4853595297991828,0.1449254071414315,0.28817471430931413,-0.12656930471776026,0.5548434350241327,0.35398339253386113,0.24222296504778323,0.33687928492589947,0.6718515546805518,0.2510533101842739,0.2579535559441049,0.5579980457157036,0.530997165052846,-0.02700729246152168,0.3172441811705178,-0.031668934771003764,0.19934778918860258,0.7120765858792512,1.0,-0.18085556719796345,0.5868104412971964,-0.09128948714973997,0.6272971610362825,0.6959057555379548,0.65803352758833,0.002760717512063859,-0.05544167711605948,0.3507662399561866,0.33000225686823764,0.44343895494269336,0.03759043851058208,0.2731202442394765,0.4748380552498488,0.6269253454378582,0.5056541078818402,0.7475631867970609,0.4698410996560041,0.5265750761977298,0.4929463097678514,0.555859107022775,0.45460084975055076,0.3281574076562764,0.7625402281170915,-0.0663447843525659,0.5612487192601135,0.28150027373678155,0.6468800326471625,0.4021644761183754,0.48327987066856637,0.11748575748097913,-0.1791244943550116,0.4243525923959453,0.7847819853210694,-0.27040178526627695,0.009644511216594636,0.24916294947713935,0.162794018720625,0.07132710651887735,0.808048825170464,-0.2999625921131986,0.608896664530415,0.372485111355434,0.30086729465760614,0.5594653068452972,-0.16726538896136525,0.5134885833267339,0.624486194538448,0.37518748351935544,0.4283738786978503,-0.2507944871134309,0.21609670925270327,0.0908918513707993,0.21344901652694775,0.40671836214920953,0.5678221095312761,-0.20441719110672704,0.4295826778100452,0.0039173092619239095
OFClat_L,-0.1808402157013016,0.45947802579846414,-0.1714049973005385,0.12419783678899979,0.24696181553631713,0.021230634475934988,-0.006348885411966873,-0.23509558962901675,0.045782734524112856,-0.13526173954383203,-0.0593800445745274,0.11347432518333302,0.03763439205105276,-0.10652205100547642,-0.08742314332398696,0.4582230585803457,-0.36976210443253765,0.3352568124255886,-0.21655156165254014,0.12115009726168079,-0.18085556719796345,1.0,0.19816045219578818,0.32174233539722036,-0.3317464222351717,-0.23675863211491577,-0.07878228012644055,0.1826866237304264,0.14385614617650186,0.38028578422042963,-0.14691506911656443,-0.3342220819820743,0.599805163479046,-0.08822884613897523,-0.33809466323519427,0.08988322597946388,-0.11873880260285435,-0.1949228320508146,-0.057785536157127955,0.032707604912770104,-0.08709461171167147,-0.07025416856817768,-0.21034894853807404,-0.1331153713291307,-0.2786750095536699,0.2891977688145025,0.19533560110078219,-0.11759244576921785,-0.22084518518056423,0.05367931941084676,-0.13787274910239739,0.5641827941052834,0.600294722420826,-0.3690848127698111,-0.10390427761523557,0.5097804066133097,0.21355066219056046,0.13927005329467404,0.0573032729243694,0.49646566478179444,-0.26903199027952474,0.4322563673061481,-0.09393549385927501,0.4040928511341012,-0.25971991414261386,-0.09956290886086476,0.14600241711088893,0.10094180654025742,-0.2697421822996444,0.2693816190410417,0.09265505298733949,0.4308174455294352,-0.08189515390680357,-0.11703845924460725,-0.019438853458131452,-0.0598340719309181,0.11718176870067684,0.43282351529272245,-0.06490388655301517,0.10056519922716725
Vermis_3,-0.15311647414178184,0.5129082125440618,0.06562972464353019,0.010782909239074281,0.3612458258788884,0.11987896093919874,0.2644850991575547,0.41663698310956915,0.4437018059141838,0.4022457236191578,0.5652152069632235,0.45166330794533927,-0.04597891037809464,0.6016337292271978,0.45954186405982705,0.14007777635916746,-0.04377226947431788,0.1759370942859285,0.2724655450825039,0.8564900929396795,0.5868104412971964,0.19816045219578818,1.0,-0.19979731250011654,0.2932318810794254,0.48919385698864104,0.35919433935055833,0.18505302504817892,-0.17799419249420326,0.8111805588220282,0.4301708100520778,0.029855054372902153,0.3281425570100854,0.09544676495505684,0.20073720758609268,0.5115526078602189,0.5948671922815625,0.661693194680994,0.1853642838763165,0.40042056540926674,0.6645810266635909,0.47622730629366905,0.5143727506325416,0.3015370076297077,0.5975257395290031,0.0680387138486233,0.6799761549568104,0.05225303696539851,0.2758221064026227,0.3511995457650513,0.09279570642243044,0.5536681555530939,0.03513205512594125,-0.07258828971029362,0.5946811599805997,-0.044998631175255446,-0.010419950854633625,0.33585619336559436,0.16356963049919845,0.24221188193622264,0.5910395897806091,-0.1064368882408057,0.47052217528729157,0.7497135265445108,-0.010531418995347422,0.57059970499522,-0.054408449710762107,0.5535942821753457,0.33506675117219076,0.5880528222143051,0.7508953268778311,-0.02751227120210052,0.4720384013680676,0.04162658452348184,0.5397378569162533,0.3053278617830747,0.6535027672509226,-0.054849260351990226,0.5326739705481757,-0.06606805138446063
Cerebellum_Crus1_L,0.15442376729752588,0.41336598810306774,0.21560525953895152,0.39142593869886166,0.30784814299848173,-0.0653314337395772,0.13998570552881012,-0.7597538361502844,0.1065221793630513,-0.4782808167699973,-0.20840479480074642,-0.2232269310716571,0.47710038320435383,-0.5589531962640184,0.03665877298344885,0.19157505902903466,0.31115278078042197,-0.0014899971999998319,-0.2194830139262954,-0.023501745912408598,-0.09128948714973997,0.32174233539722036,-0.19979731250011654,1.0,-0.3639150472225849,-0.19647120168887397,0.24344542129599236,0.033592015539031655,-0.033391194705125686,0.08368206491111628,-0.6389297090667722,0.04413046216415915,0.6059981156529748,-0.05099138433729928,0.07653078884416604,0.4350440129325523,-0.3143382060383157,-0.29495076024661515,0.23316917615917804,0.002757573850513703,-0.5018674509555184,0.29175099172623237,-0.7274143710372104,-0.34619680484739396,-0.36144427460717166,0.4153126881265166,0.25468621056903157,0.05837185294762874,0.11893494495170757,0.48711906030224716,0.1398874659882456,0.21659323333056804,0.5095740868605558,0.1678237731306898,-0.0028540503494039493,0.702858343780034,0.857089522765088,0.30023160497878987,0.2725228179781694,0.7263955399993924,-0.20070646076809473,0.6425396437474393,-0.11935078370923859,0.06194141715122461,-0.29284712300286886,-0.06672641934339972,0.48082343841478814,0.35929803063970195,-0.20292025183995926,0.08098830030008956,-0.24984279153655065,0.5884686050564549,-0.761016632892554,-0.45958155321970506,-0.28657823751673306,-0.24430097094255224,-0.1365822709728312,0.726438747820057,-0.4712357856504471,0.3481257609642841
