,ParaHippocampal_L,Cerebellum_10_L,Thal_PuI_L,ACC_sup_R,Temporal_Inf_L,OFCant_R,Pallidum_R,Vermis_9,ParaHippocampal_R,Thal_PuA_L,Thal_PuA_R,Frontal_Inf_Tri_R,SupraMarginal_R,Precentral_R,Temporal_Sup_L,Thal_VL_R,Thal_AV_L,ACC_sup_L,Cerebellum_Crus2_L,OFCmed_L,Red_N_L,Precuneus_L,Occipital_Inf_L,Cerebellum_7b_R,Cerebellum_8_L,Vermis_10,Rectus_R,Thal_PuL_R,Paracentral_Lobule_L,Temporal_Mid_R,Frontal_Sup_2_L,Insula_L,Lingual_L,Occipital_Sup_R,Frontal_Inf_Oper_R,Cerebellum_4_5_L,Occipital_Mid_R,Cerebellum_4_5_R,Cerebellum_9_L,Supp_Motor_Area_L,Angular_L,N_Acc_L,Frontal_Sup_Medial_L,Raphe_D,Cerebellum_3_R,Cerebellum_Crus1_L,Pallidum_L,Caudate_L,Cingulate_Mid_R,Precentral_L,Temporal_Mid_L,Frontal_Inf_Orb_2_R,Frontal_Inf_Tri_L,Amygdala_R,ACC_sub_R,SN_pr_L,Hippocampus_L,Thal_AV_R,Cerebellum_Crus2_R,Frontal_Mid_2_L,Cerebellum_6_R,Occipital_Sup_L,Frontal_Inf_Orb_2_L,Cerebellum_3_L,Cingulate_Post_L
ParaHippocampal_L,1.0,0.2858798179482344,0.06894366172403553,0.2146162070984767,0.4146057857562843,0.18373574646147361,0.561501424770812,-0.3213097983762712,0.6943148518091502,0.14629853115640373,0.24143429253702478,0.1600799281901436,0.11199670254624702,0.6994782421986941,0.5186671013325209,0.47053779876938706,0.23898838271036787,0.5042852957807132,-0.06450362833145434,0.18711020538038228,-0.04523888676285349,0.2312469455913783,-0.24156488713394653,0.23567837605092723,0.4352580670763716,-0.45183467972015784,0.16822497270570028,0.21379708044291074,0.2354716887036561,-0.16319400306462392,0.753065395146987,0.6306674875077144,0.19580048463378447,-0.16054978183497579,0.10047348938155458,0.5413618072237258,-0.3669214406110456,0.7065018774878881,-0.064492101028925,0.6015573300873538,0.0021292834660594706,0.32835146865668186,0.7056358178870484,0.4894645885558768,0.7489880859067851,0.08368206491111628,0.4578005874557204,0.5541590817362786,0.6006541571615103,0.5768699788614513,0.18251276506135766,0.2669264599636752,0.5751119159904059,0.3777105692479446,0.12438390865232044,0.4132829049253997,0.8026031919038602,0.5884436113324819,-0.10985172162518901,0.5642248339914854,-0.10605933104308336,-0.04995992872764699,0.27862835181043527,0.7132190544191929,0.4158624412236627
Cerebellum_10_L,0.2858798179482344,1.0,-0.23000160375937975,-0.059142735769827454,-0.1252631885824687,0.36991262450798523,-0.1683374032175687,0.30220152602111366,-0.1271322139073246,-0.31344009824310126,-0.2996289840471865,-0.2992723534509791,-0.13433309979566838,-0.06295869720398536,0.5198179902853842,-0.19471801536162384,0.01972422147279949,0.346971172459048,-0.028840224423835586,0.4715554219154292,-0.0027878346797852818,-0.4201808170990759,-0.2667342837585928,0.12250630227870027,0.030285702575240676,0.1379214805589741,0.4535519821155925,0.0993167143034816,-0.43049940682513865,0.015707893995893882,0.6643529374719254,0.6651241410952086,0.2751700908401967,-0.12537908111955753,-0.24792111228083813,-0.15663831121120422,0.025644793001321095,0.006902801930578792,0.35010602727630524,-0.04605868389182774,-0.14398069864627533,-0.17675488660946473,0.6308194026429637,0.017885523453798364,0.21537808624318913,0.5095740868605558,-0.12716422450137796,0.10505093382393027,0.1174166989460328,-0.12465329979200142,0.2626936796369853,-0.1295691147690103,0.5602230239230045,-0.05537087501734402,0.2397031991383404,0.3033194482525366,0.016506742072009573,-0.0715385490744783,-0.01833862641378811,-0.004502052132772526,-0.3774336399332332,0.0890468837482979,0.6086815532142692,-0.05213382177329084,-0.32060706825112334
Thal_PuI_L,0.06894366172403553,-0.23000160375937975,1.0,0.4080361777875579,0.31781873712914377,0.18905097809291105,0.2198004164814307,0.06497299170867929,0.32180956689278,0.6111719470052959,0.39551923997090765,0.24724485959976705,0.3989303302533814,0.3450131639189484,-0.01105833672674262,0.16600568529264748,-0.42658812198996876,0.322104372519094,0.334838102955311,-0.06779993397597728,0.6373418485052051,0.5990238914032723,0.4541219557256994,-0.0957315422138199,0.2508714349775195,0.28107595429913196,-0.13389237185582104,0.4383916373453968,0.5500887850758824,0.2668084579118397,0.017057144182290516,0.003282903832451125,0.5459604625451435,0.5250040514684907,0.393838469500832,0.5757451832575743,0.38987018906892457,0.5111281282048534,0.22385293028513248,0.35555044047116424,0.35387819791813785,0.2484741242789017,-0.14814004197695518,0.4180013724578398,0.32612511555562845,0.11893494495170757,0.6294875948670468,0.09974894457638027,0.4489905241759337,0.44518144282515343,0.14744500498608182,-0.09148747995534658,0.016277820421798955,0.039892553841737746,-0.32186048002141954,-0.09147704174407624,0.46237429688461507,0.21560219893404245,0.26873703494456685,0.19891800680368024,0.5288258482379102,0.3583068387121725,-0.04764766832879877,0.29257790952818585,0.390716497118245
ACC_sup_R,0.2146162070984767,-0.059142735769827454,0.4080361777875579,1.0,-0.12197073830566484,-0.31282571040351165,0.5835257419386644,0.1881928007911016,0.4108788807015306,0.17530696431045314,0.6236356832375162,0.7140926203864351,0.3517836013855204,0.464753828854445,-0.13524566224184506,0.5772269883605935,-0.33899946819790416,0.44473645792051053,-0.16143201203776297,0.03100243569946931,0.07505240018763418,0.47847277498413326,0.18703517576787837,-0.1515359016100696,0.16293822009566142,0.12122225224831192,-0.25133654092372726,0.37855136464943595,0.5249730193867864,0.5210171996116478,0.1081494421723144,0.06031743398740354,0.28443827082601963,0.19670338893930286,0.6842933642328195,0.3802417083643728,0.18556109807522278,0.4286916022149208,0.28393043493993353,0.31032973497629845,0.07574546763302292,0.3943745305927289,0.07536674354366055,0.4463158374240286,0.2451247402314537,-0.3645565952104798,0.4982898341080052,0.6431285767994718,0.3096876387301245,0.5550540261091116,-0.2315791743544634,0.5426719189771534,0.014453043365365948,0.48525353812343386,-0.5019635996639141,0.16639172831870627,0.5225470669961183,0.22814340596255495,0.26625839496237647,0.5556330335578173,0.5003237793677009,0.10883134936735418,0.2409119074886379,0.0680112528532141,0.22744764092808276
Temporal_Inf_L,0.4146057857562843,-0.1252631885824687,0.31781873712914377,-0.12197073830566484,1.0,0.5540589243120967,-0.05499806824444242,-0.44522950149690504,0.27311646357018443,0.6593780765972188,0.3578951937335343,-0.26406529184581234,-0.023087397004512594,0.35686295688898145,0.6177904663896018,0.2707138374752008,0.06225555932866182,0.3718325703023722,0.3919958895678182,0.09390813181352269,0.4905524398665573,0.4606237062800116,0.3986727669755518,0.105397873566563,0.2625929867515486,-0.06504506775236613,0.21669205793302337,0.20222949181883357,0.3409600329501788,-0.48551617177958734,0.3024082409559699,0.3746952522798196,0.3645221145715098,0.3701390680506329,-0.05416049370626331,0.6253257400184145,-0.020396859631427598,0.4784301092006207,-0.2321984829775015,0.47115437676592875,0.5626321980861777,-0.023938935161952786,0.15361519289865347,0.26133914915359835,0.26247790219097367,0.48711906030224716,0.24405247708510827,0.08717390545795686,0.5167062209848561,0.3223820321650875,0.7697921189994125,-0.36993896133574816,0.4372783651308536,-0.24571089901671384,0.1783315956719294,0.33590459680996304,0.5123402510193207,0.18084357881153512,-0.0392860765825633,0.020361761114188998,0.12022698297990948,0.35196810316890403,-0.3002961944106353,0.7553859609920897,0.4404134111279739
OFCant_R,0.18373574646147361,0.36991262450798523,0.18905097809291105,-0.31282571040351165,0.5540589243120967,1.0,-0.3526658983932811,-0.16891483687134037,-0.17969874967539096,0.388336739556051,-0.051709921094248816,-0.6297024950283517,-0.12336759615383959,-0.053783389653945,0.6989110047549872,-0.18239502172523858,-0.03172936045082797,0.4078430586634589,0.3464449908636861,0.4993113783774703,0.6447761120313157,-0.05659320418497613,0.22819298377620792,0.060696228888656965,0.06195208900305359,0.06833172785323995,0.6204946522013468,0.18689845160029428,-0.20669557802760458,-0.4600249342732831,0.3989364290108258,0.5345770323279934,0.4160207265307185,0.17588082348547152,-0.4090037379830165,0.1557863832451137,0.10101878091274366,0.12127984915717267,-0.008973926234226173,0.05387613359602943,0.2622308807128415,-0.21132597792463897,0.22130042564871527,0.06666407141446026,0.20070295098818186,0.857089522765088,-0.04316460266541187,-0.046909252767673694,0.331566427605012,-0.15758128906015104,0.7523338134833127,-0.6900225542063759,0.5269829802920396,-0.40099594853817105,0.4108356327853375,0.3183332275484309,0.17453882469324247,-0.019181974273123143,-0.07975940692025998,-0.25634476004570855,-0.3283195195428433,0.28150675527718316,0.020658525147691946,0.43769595989491655,0.03065229482193194
Pallidum_R,0.561501424770812,-0.1683374032175687,0.2198004164814307,0.5835257419386644,-0.05499806824444242,-0.3526658983932811,1.0,-0.2198272459934038,0.6076080940849847,0.046150188952604344,0.43609478644701527,0.574070338375184,0.2369037695944802,0.6154327938637205,-0.12366130468360194,0.5918183253058895,0.023249901106521448,0.26593886603385153,-0.431890767802803,-0.1281906213460706,-0.1921300685247232,0.3634502740188458,-0.16987187150443978,-0.00324072908226827,0.2213045753539038,-0.5303339141596572,-0.2765860589490767,0.15410645339652207,0.430129325002554,0.17906426751993104,0.23258028451384302,0.09332660913481099,-0.11667338686052214,-0.27822373866088573,0.3337037057509054,0.38423038880810634,-0.3626736896677284,0.5253630583606267,0.05898724006736356,0.40336097120783293,-0.21768649640077276,0.517928413956446,0.25130306941642416,0.4760751037692318,0.47830610517180644,-0.5018674509555184,0.6776056980518685,0.6493575489261674,0.2919518565489519,0.5654838874271341,-0.4199548332265513,0.6333112464434196,0.0796759532196393,0.7496620852470022,-0.3149718496154298,0.18461391905994512,0.6452901638783042,0.6407799687712686,-0.14751454369304698,0.6064529505532298,0.1961079044867747,-0.38394097062135846,0.09321899347008529,0.3145282705090019,0.4627251359839824
Vermis_9,-0.3213097983762712,0.30220152602111366,0.06497299170867929,0.1881928007911016,-0.44522950149690504,-0.16891483687134037,-0.2198272459934038,1.0,-0.08695070039491785,-0.1667972412655614,-0.1416437078258923,0.2612563395632414,0.322196386055965,-0.1182691138183335,-0.2467180342133569,-0.06834005287315437,-0.10755801276733211,-0.04785101073462469,0.13182794799709194,-0.009010030655944763,-0.05090494786623446,-0.0043964108449116995,-0.04475999333602829,-0.035782686200217344,0.013353627818576212,0.6581938641528824,0.0004231203839945516,0.11189071623495415,0.03002695835067058,0.6470568419916755,-0.07444042581191505,-0.13067666061760885,0.33946608445305043,0.33504555599425495,0.3765659359870604,-0.06981578175887304,0.5659108816447427,-0.07649579919361212,0.5192517087000792,-0.04873891339247774,0.12408626426842245,-0.19951511630611066,-0.01520398193926845,-0.07769316139078182,-0.09616331886197271,-0.033391194705125686,-0.18125858036434062,-0.16346705201443223,-0.02627281893860171,0.015152991714543923,-0.21268084141860477,0.1143227906729318,-0.06557670930147962,-0.14554677528064525,-0.048633770300425996,-0.27038810197746377,-0.28777297275549707,-0.3688960748017588,0.4052243814901679,0.0727871610240351,0.2910579689180781,0.3756751959305331,0.4014410972191376,-0.5382081928924408,-0.212702678177272
ParaHippocampal_R,0.6943148518091502,-0.1271322139073246,0.32180956689278,0.4108788807015306,0.27311646357018443,-0.17969874967539096,0.6076080940849847,-0.08695070039491785,1.0,0.2970388041358732,0.3949796231962811,0.6126874084655051,0.37775108635577115,0.7822464660258447,0.012585522093913826,0.5676152552335793,0.07716968216297214,0.2808907682269912,0.021289682727840983,-0.12231662388618937,-0.052712569681820365,0.6174232348924809,-0.06501232860975745,0.09652416036766834,0.4579285283345978,-0.14096200095821315,-0.1623783402315325,0.436668117993677,0.6520362202676075,0.27418969220647454,0.3931300777503187,0.16322556620623585,0.24215370925194227,0.1537310913502377,0.5595064106010773,0.7399000884735432,-0.05275265639908327,0.8382266281484928,0.006828790179879668,0.7694143011176995,0.263222068891496,0.43984096045303567,0.38424615990504524,0.458627104305159,0.7030494583604169,-0.3390651901922539,0.5309586630624406,0.44843002647931285,0.5771791781808302,0.8052881211031713,-0.12110821106666567,0.5378891158958526,0.22321168147491796,0.3637562239983971,-0.08164952765521145,0.012043363001754468,0.7157466211832267,0.5379830734873225,0.14501661803601426,0.6707897243169089,0.45268771551834036,0.20929036092796083,0.06783845518932714,0.5132705264478966,0.5344974399339104
Thal_PuA_L,0.14629853115640373,-0.31344009824310126,0.6111719470052959,0.17530696431045314,0.6593780765972188,0.388336739556051,0.046150188952604344,-0.1667972412655614,0.2970388041358732,1.0,0.4992148669555518,0.0755170368560967,0.27703506416820306,0.4283253448617964,0.19337270216812422,0.33830081144807184,-0.14969666532796508,0.40129049126214594,0.4358017301838268,-0.03870296375622541,0.6202629152423056,0.7057822110058166,0.5557510087235046,-0.06649868624804131,0.21111991532237553,0.1631510163277337,0.029799600079399503,0.3687640701881519,0.5916799528825709,-0.042834233515823515,0.04814071338615543,0.043491200473764015,0.5108534376050169,0.590180444766929,0.2716199706937644,0.6657099814236991,0.3220547920654461,0.5270852005360055,0.05934844535193922,0.5226355187996309,0.6243062074358443,0.07034199328049044,-0.05871619266366012,0.3704935489007102,0.24972033079595043,0.26065972133121224,0.3636105376689765,0.16656410034298424,0.533321396073722,0.45592476067152526,0.44077322841232097,-0.2022123535823819,0.15218204095603585,-0.13154262610959266,-0.03640241715329914,0.11662046100479405,0.49783872212568564,0.18225263198226252,0.1359210234759478,0.1881790403834073,0.45052593446431854,0.4638659199276647,-0.26369018771614644,0.4930026907780531,0.5838344537247754
Thal_PuA_R,0.24143429253702478,-0.2996289840471865,0.39551923997090765,0.6236356832375162,0.3578951937335343,-0.051709921094248816,0.43609478644701527,-0.1416437078258923,0.3949796231962811,0.4992148669555518,1.0,0.3931313506869206,0.2616765036184653,0.5322861040089086,0.07683047140691791,0.7327188630696921,-0.155248827327669,0.4647562128281755,0.008774565784283801,-0.005732299505664221,0.2518771695143499,0.6744349786590756,0.3534748014128926,-0.15361605398617406,0.1262483002738238,-0.048353886850757886,-0.14438656459414542,0.30789771669690724,0.6542304633477973,0.14151014703983442,0.01944247204359079,0.06946652888030674,0.27906408100970215,0.30753412517893014,0.48145439825764863,0.5955005260094683,0.10887367481620865,0.5162779004586369,0.051549577895373545,0.452566316908467,0.34186055410405924,0.2985841142077545,-0.049971496637971576,0.4164140684023369,0.22115228487628807,-0.19647120168887397,0.39290926996730047,0.5450696256531277,0.40427958473567194,0.5592039703398554,0.12168603466366722,0.22037822557560008,0.1457950036024778,0.28217796708413034,-0.2762754960067956,0.3166044749200428,0.5841638476721028,0.25204114122959925,0.1607261596825784,0.35524292920962935,0.4790891710649459,0.15228699737103124,-0.18401615757522286,0.34238165496744055,0.43248957243391745
Frontal_Inf_Tri_R,0.1600799281901436,-0.2992723534509791,0.24724485959976705,0.7140926203864351,-0.26406529184581234,-0.6297024950283517,0.574070338375184,0.2612563395632414,0.6126874084655051,0.0755170368560967,0.3931313506869206,1.0,0.5216341021523963,0.5586914790839886,-0.4890152637906069,0.5718847730920363,-0.049663571951934424,0.02556327840236106,-0.12049198095230496,-0.2762237442008155,-0.23067263628350518,0.5406068923317845,0.08787735309954492,-0.00045710357972820884,0.2586651723858563,0.1389868236506393,-0.4428292683335891,0.22222042993370084,0.6600800073465224,0.6960317367771238,-0.04341724991639123,-0.2860256737744326,0.12265556306598706,0.19243621465406754,0.8618440162059398,0.37805657193510545,0.19716225779771496,0.4455838215234105,0.2595292385386259,0.45123713316483405,0.10092296192025008,0.3641550939372379,0.07281828538311577,0.39682180538117057,0.20867345115258013,-0.7274143710372104,0.403824779671241,0.46186998901210613,0.23722197259839192,0.6775536590316319,-0.5434128660480174,0.8207099498742944,-0.183975239616013,0.5131867967339659,-0.3644536700399511,-0.08361579025712246,0.3722714065696653,0.2228016528578023,0.3308482702177357,0.7236471911276563,0.6692441328133852,0.1172020532535414,0.12802525075285756,-0.08034944524348986,0.28290359249268665
SupraMarginal_R,0.11199670254624702,-0.13433309979566838,0.3989303302533814,0.3517836013855204,-0.023087397004512594,-0.12336759615383959,0.2369037695944802,0.322196386055965,0.37775108635577115,0.27703506416820306,0.2616765036184653,0.5216341021523963,1.0,0.41578954160591436,-0.2580404936555373,0.41532746934465864,0.08087698525998466,-0.033384743156892674,0.30323309369546475,-0.17606875230589025,0.07899842539011283,0.5842649628472485,0.11334417515383016,0.34192296023518676,0.4634457031371999,0.29395064620421646,-0.17893279274204096,0.1282532725355819,0.5112754143649307,0.6836331426982141,-0.002520255542538933,-0.12863648420433685,0.46698946254389995,0.5278954902995122,0.6366805607213414,0.5303507867536755,0.6050078133513407,0.4966173957513547,0.4286356292551994,0.4031369620852221,0.2194664820324401,0.052744456755686966,-0.05282252409448266,0.3299654903084109,0.3256699481366308,-0.16294611060431027,0.168422747141837,0.032045170245878295,0.575602115595272,0.4952202648306158,-0.24022942592350513,0.15660338607079619,-0.06778601645348963,0.17182972214096018,-0.052691204553060596,-0.0670614471348073,0.34341696396233845,-0.06668841862073349,0.40863598558834197,0.5108539618127873,0.5211643502660789,0.32411670523582947,0.19688279446310994,0.0008453291252257535,0.331830740828618
Precentral_R,0.6994782421986941,-0.06295869720398536,0.3450131639189484,0.464753828854445,0.35686295688898145,-0.053783389653945,0.6154327938637205,-0.1182691138183335,0.7822464660258447,0.4283253448617964,0.5322861040089086,0.5586914790839886,0.41578954160591436,1.0,0.2120135697094896,0.7061049841999851,0.19720000823955222,0.4878477644147539,0.11260446500266948,-0.03358427901869387,0.08633339716532218,0.6623578169262069,0.08682961195299028,0.1672905337444239,0.4786521618938792,-0.1616132231688404,-0.08916886456043202,0.24186320113603205,0.7119419828713289,0.19346593682584953,0.5057087473792459,0.3026087406832424,0.40064414001208826,0.1874826884794317,0.5461611005409645,0.7646595607059308,-0.05537469904756295,0.8289864971451862,0.13767867353760332,0.8777405288562001,0.2997658858397913,0.3257513250681556,0.5253901783436137,0.6369347888151685,0.6412553363689801,-0.20715786111029097,0.5357897985365805,0.6250598328438977,0.7083985978380078,0.9264559059182668,0.037850731448843454,0.4944675412168425,0.4225604581995599,0.3972327289170024,-0.030430126346297735,0.3236705141127685,0.8290206228790106,0.5192071554213276,0.1525795726438994,0.7763579462632765,0.39842008017963254,0.14420113221005937,0.14255874124397508,0.5407498846430917,0.6085537476513916
Temporal_Sup_L,0.5186671013325209,0.5198179902853842,-0.01105833672674262,-0.13524566224184506,0.6177904663896018,0.6989110047549872,-0.12366130468360194,-0.2467180342133569,0.012585522093913826,0.19337270216812422,0.07683047140691791,-0.4890152637906069,-0.2580404936555373,0.2120135697094896,1.0,0.0779766531060889,0.07595487202995925,0.5828498583450932,0.22470858839789007,0.5092028058589881,0.376212092004743,-0.08466685243905189,0.044546154744103734,0.1191665068130072,0.17363298578857583,-0.11096006200132028,0.48064193807480465,0.17351868289769104,-0.1865314725999716,-0.5708707729754698,0.6824502226878539,0.8505778956225118,0.3748439060845784,0.01602328428058723,-0.3205185862365067,0.2557383267701939,-0.19650696663087536,0.26726004727660657,-0.1672166635591144,0.27799791054426864,0.28714231555602177,-0.07216885267465602,0.5315989791269341,0.19479522346616213,0.35566907159376177,0.7263955399993924,0.025443814760522303,0.21090853354538144,0.4358305945488378,0.08024331810949802,0.826866324618415,-0.39595619910648555,0.8354201272712651,-0.23528985278784578,0.3066588623358354,0.6082418862857357,0.3895125353843281,0.12598904519791476,-0.12817303784448428,0.025081747987662432,-0.3952134094638875,0.20426400367150732,0.24754658064843177,0.6097913150860563,0.08378392086972541
Thal_VL_R,0.47053779876938706,-0.19471801536162384,0.16600568529264748,0.5772269883605935,0.2707138374752008,-0.18239502172523858,0.5918183253058895,-0.06834005287315437,0.5676152552335793,0.33830081144807184,0.7327188630696921,0.5718847730920363,0.41532746934465864,0.7061049841999851,0.0779766531060889,1.0,0.16135430170977066,0.36990482483965403,-0.033401652205296936,0.025117988180875156,-0.08638188360298107,0.6169294798363507,0.08693733494949489,0.16421014362631114,0.3742959378519062,-0.16117444125967045,-0.06682328623924012,0.14270285652867468,0.6493326134633062,0.22147790136377576,0.18107425610096387,0.15120589864363596,0.16660275439434508,0.14880961074036198,0.5326946732208607,0.62090480593835,-0.013685689151529639,0.6158841912103834,0.07327586685122296,0.6076813928808436,0.22753298743482162,0.23010495280349993,0.1926085432244971,0.46684573930954454,0.35634512750704656,-0.34268908311875357,0.35610101188425175,0.648860008569567,0.4939689731844305,0.6850292059913093,-0.056661013152941225,0.45507078039421095,0.2609829169210524,0.3212474340883861,-0.15352353301147728,0.37695417853408575,0.6333467229943486,0.3147557525174014,0.1576840816974962,0.6357374395818953,0.4387800725987098,0.04111844485994537,-0.003114144349293205,0.3547329261512298,0.4575800299927907
Thal_AV_L,0.23898838271036787,0.01972422147279949,-0.42658812198996876,-0.33899946819790416,0.06225555932866182,-0.03172936045082797,0.023249901106521448,-0.10755801276733211,0.07716968216297214,-0.14969666532796508,-0.155248827327669,-0.049663571951934424,0.08087698525998466,0.19720000823955222,0.07595487202995925,0.16135430170977066,1.0,-0.11103915365262684,0.15340943851426767,-0.07935921136724997,-0.3912721378461463,-0.09715145105386437,-0.22574841303373513,0.3906821457266856,0.1889484126633046,-0.2402703251979505,0.10568786019669599,-0.4717445776592934,-0.03272590360057749,-0.11906041275879121,0.10970022276638827,0.015139383653438851,-0.1909276468377879,-0.17226995087552163,-0.10945784073552633,0.04090882257449287,-0.17882011883064308,0.06028075088075845,-0.08054664828486081,0.15867346411003774,-0.06517647118999104,-0.2587714526289891,0.23894814141667134,-0.031181942964711367,0.028691084735697286,-0.0653314337395772,-0.3186148297706753,-0.01480357518701977,0.06250659169962147,0.06168101103148867,-0.05662280591972313,0.11887247544776984,0.09575032071503613,0.0060438822483142125,0.40442469806069103,0.10400047355399392,-0.009085062666594331,-0.013948210992783473,-0.07140360237015485,0.1875757311031066,-0.170221275236927,-0.19329218469881554,0.007034268743377235,0.041181787097528795,0.06919633397214142
ACC_sup_L,0.5042852957807132,0.346971172459048,0.322104372519094,0.44473645792051053,0.3718325703023722,0.4078430586634589,0.26593886603385153,-0.04785101073462469,0.2808907682269912,0.40129049126214594,0.4647562128281755,0.02556327840236106,-0.033384743156892674,0.4878477644147539,0.5828498583450932,0.36990482483965403,-0.11103915365262684,1.0,0.059240658623214044,0.3731233431068924,0.4341598250099506,0.2840717055168988,0.14558977768077677,-0.1120768991439408,0.13808153768413317,-0.027932752695614658,0.2619210430103364,0.4013186484104259,0.2132899115740218,-0.107730462793925,0.5776480683941023,0.6081699884991275,0.46446896898578455,0.1235260470231526,0.12787590883052213,0.44441144759782303,-0.02917979529819414,0.5028639730843711,0.11452282840852285,0.4428351415003125,0.2875504794891086,0.14923155836870192,0.5338068455695029,0.40800778973089236,0.43460716363426016,0.35628838687963515,0.3422024085677034,0.6174460110638932,0.49908321426389224,0.4081329923734298,0.45371879425427486,0.02871645751563838,0.602894702760951,0.13130753413066476,-0.014512533892004268,0.4855855099369015,0.612569431729975,0.3874097120953993,0.005971855256433383,0.3334583308910346,0.023389949340640738,0.2116491549161517,0.23858910611463965,0.4879262217685736,0.2784693737173561
Cerebellum_Crus2_L,-0.06450362833145434,-0.028840224423835586,0.334838102955311,-0.16143201203776297,0.3919958895678182,0.3464449908636861,-0.431890767802803,0.13182794799709194,0.021289682727840983,0.4358017301838268,0.008774565784283801,-0.12049198095230496,0.30323309369546475,0.11260446500266948,0.22470858839789007,-0.033401652205296936,0.15340943851426767,0.059240658623214044,1.0,0.04542602305251878,0.36667222569364505,0.2685082095255014,0.338636836272193,0.29269286946531514,0.38163729942278046,0.5096367363491383,0.14819141974653827,0.04732581804734468,0.2012635073392587,0.06861633228914778,0.05719572100257807,0.06585443776109637,0.5785089951844468,0.5709201902225411,0.14195353955874462,0.35097319933046045,0.48199381681751396,0.21358565627772869,0.04805398169264273,0.2630100865623627,0.45301677545199315,-0.29314708773236536,-0.02247519291393697,0.1013417129534277,0.07891925586712176,0.4127155741310228,-0.152060849390922,-0.27150595540818534,0.3793646411689633,0.1360734211858378,0.4517217746322574,-0.3413897409935487,0.13716230638333704,-0.5030905605083,0.2343691282374561,-0.035436966737393376,0.06254925548005695,-0.3154777115095653,0.42067505702905644,0.020267395644350514,0.20294335940846947,0.5535250854313917,0.07416004667601986,0.14588101661179181,0.1508972593389915
OFCmed_L,0.18711020538038228,0.4715554219154292,-0.06779993397597728,0.03100243569946931,0.09390813181352269,0.4993113783774703,-0.1281906213460706,-0.009010030655944763,-0.12231662388618937,-0.03870296375622541,-0.005732299505664221,-0.2762237442008155,-0.17606875230589025,-0.03358427901869387,0.5092028058589881,0.025117988180875156,-0.07935921136724997,0.3731233431068924,0.04542602305251878,1.0,0.31955834467536914,-0.1962642601442509,-0.0053830202952238684,-0.03013719208749661,0.02663592884967864,0.01442890912567234,0.6075899713400552,0.16407586964000828,-0.21449080232426931,-0.18729864481632144,0.39567966329558,0.5220524178696243,0.22244268065397546,-0.049418743653574904,-0.2251211167135815,-0.0437908605637589,0.002539391835430586,0.02760433331644787,-0.0644777208882629,-0.007369554745251125,-0.012859131484531806,0.015788636805377884,0.24554398424042495,0.09741900645993885,0.10844397890951654,0.4153126881265166,-0.13997213134202272,0.2540081610524009,0.09217149096908431,-0.0832889899383524,0.3775470589641162,-0.256357224858848,0.447049472978274,-0.20458728692521483,0.20827855629292977,0.38401050703688094,0.09983460347412981,-0.05075966290266518,0.07232482835863041,-0.04243472807926477,-0.27746988651443827,0.11572925983785554,0.28645859154057685,0.15131653207355023,-0.2597014809770084
Red_N_L,-0.04523888676285349,-0.0027878346797852818,0.6373418485052051,0.07505240018763418,0.4905524398665573,0.6447761120313157,-0.1921300685247232,-0.05090494786623446,-0.052712569681820365,0.6202629152423056,0.2518771695143499,-0.23067263628350518,0.07899842539011283,0.08633339716532218,0.376212092004743,-0.08638188360298107,-0.3912721378461463,0.4341598250099506,0.36667222569364505,0.31955834467536914,1.0,0.3262231177848441,0.585140335678229,-0.2094897255709893,0.0604324753420609,0.3165584281779368,0.17878073285189058,0.44173158891137926,0.1920929382567945,-0.12845412165979864,0.141670595378814,0.2325833772772027,0.6050251475916187,0.5160945675948513,0.0336146241559955,0.3562667867628047,0.37645585808128196,0.244678076189253,0.09736881405553485,0.15613498796546058,0.4835886097694619,0.019480155261344615,-0.06731393812858427,0.2638554492494341,0.12073307596917748,0.5698437996823658,0.2346322145331753,0.03437268351093011,0.39406225611848006,0.13733543209205185,0.6068079081990521,-0.4867799933405393,0.2342946562950969,-0.2655510206149161,0.03631484010407081,0.12673769702050466,0.2758599832641786,-0.0202814392509162,0.13707223684913802,-0.09954610109390821,0.17405794737237792,0.46663813822812045,-0.06406223068629575,0.35370677450047944,0.17378200982464906
Precuneus_L,0.2312469455913783,-0.4201808170990759,0.5990238914032723,0.47847277498413326,0.4606237062800116,-0.05659320418497613,0.3634502740188458,-0.0043964108449116995,0.6174232348924809,0.7057822110058166,0.6744349786590756,0.5406068923317845,0.5842649628472485,0.6623578169262069,-0.08466685243905189,0.6169294798363507,-0.09715145105386437,0.2840717055168988,0.2685082095255014,-0.1962642601442509,0.3262231177848441,1.0,0.43509012779968353,0.014450260021085121,0.3734447481250452,0.17048234047021424,-0.25166624353556244,0.4119188354629493,0.9028904048075854,0.3572457654973625,0.02630016554570236,-0.07163279510356375,0.4883386509012548,0.6464617373758798,0.6965683356416227,0.8408736188122934,0.3959564658740161,0.7065358552274184,0.1952382730746889,0.7200285222630705,0.6410364989635032,0.25759786586687916,-0.046881336988853155,0.4666385069312884,0.3435623797568313,-0.20070646076809473,0.48695210894311314,0.30036816556256835,0.6149837791964426,0.7714168507066655,0.1059424019065649,0.21758607885709866,0.06523930400214607,0.12488269324066033,-0.19270230929960086,0.07777142023785741,0.619721816798478,0.2387645858803782,0.3220451005219103,0.47734747764192575,0.7671364229212699,0.48583381134604003,-0.20170784811272355,0.37828613916210596,0.6926856894760453
Occipital_Inf_L,-0.24156488713394653,-0.2667342837585928,0.4541219557256994,0.18703517576787837,0.3986727669755518,0.22819298377620792,-0.16987187150443978,-0.04475999333602829,-0.06501232860975745,0.5557510087235046,0.3534748014128926,0.08787735309954492,0.11334417515383016,0.08682961195299028,0.044546154744103734,0.08693733494949489,-0.22574841303373513,0.14558977768077677,0.338636836272193,-0.0053830202952238684,0.585140335678229,0.43509012779968353,1.0,-0.045921732093857255,0.11154218070403768,0.4235681746000751,-0.0917624992183546,0.17639632562990262,0.38810851879869646,0.08082498677943645,-0.12523830044685966,-0.14176143964111176,0.4579894757010835,0.5982400588690284,0.3023404873823864,0.2793131585068736,0.457756955125757,0.1364197331480466,0.24064289974058173,0.16588710877330123,0.5588132427210585,-0.11009465778884693,-0.196611372391127,0.1975404330798509,-0.21682730127318517,0.1678237731306898,0.1555069019862883,-0.021562183815163716,0.17342177439473686,0.2174833798575271,0.40038882862105935,-0.16712380448176106,-0.021733703679137,-0.2209906856598411,-0.10111885681224166,0.04047431399667639,0.1474309597215213,-0.19989621012647277,0.28065179935314893,0.0017465447433649406,0.5064213221583296,0.4689890223102823,-0.2260641692321538,0.07287502833430062,0.10615193460403681
Cerebellum_7b_R,0.23567837605092723,0.12250630227870027,-0.0957315422138199,-0.1515359016100696,0.105397873566563,0.060696228888656965,-0.00324072908226827,-0.035782686200217344,0.09652416036766834,-0.06649868624804131,-0.15361605398617406,-0.00045710357972820884,0.34192296023518676,0.1672905337444239,0.1191665068130072,0.16421014362631114,0.3906821457266856,-0.1120768991439408,0.29269286946531514,-0.03013719208749661,-0.2094897255709893,0.014450260021085121,-0.045921732093857255,1.0,0.715329062916585,-0.018699652449157115,0.10750294914541096,-0.17558587917398222,-0.07538640464223505,0.12288870366105835,0.2560490637634381,0.146739154886927,0.20102763404368731,0.04855174168988864,0.039061448444829644,0.1497429331356061,0.08550944238855075,0.19732121822650703,0.19508125984004518,0.19442703104289186,-0.015353338828519261,-0.16740079670518188,0.24909055945716563,0.18403693248946731,0.14970277770076534,0.09742734550684165,-0.057249169098772576,-0.15505830769613746,0.35248705092831123,0.10856190903188936,0.045947834705998135,-0.005341910469312772,0.16602275619007656,-0.06645422128908499,0.2220166029936217,0.13824816575729068,0.17709138111779607,-0.13723267103161998,0.1998871142624232,0.20869361026531064,-0.008000302650024325,0.07523608660736536,0.3002167568869012,0.10682271598376028,0.1396293228108263
Cerebellum_8_L,0.4352580670763716,0.030285702575240676,0.2508714349775195,0.16293822009566142,0.2625929867515486,0.06195208900305359,0.2213045753539038,0.013353627818576212,0.4579285283345978,0.21111991532237553,0.1262483002738238,0.2586651723858563,0.4634457031371999,0.4786521618938792,0.17363298578857583,0.3742959378519062,0.1889484126633046,0.13808153768413317,0.38163729942278046,0.02663592884967864,0.0604324753420609,0.3734447481250452,0.11154218070403768,0.715329062916585,1.0,0.06779951741079314,-0.003851489597488815,0.16758826734473276,0.27028068231734365,0.26098984726583674,0.39817607233124264,0.23989358720262877,0.4927474902578268,0.3071897333181281,0.36716630894979,0.529925959006574,0.20319894724054244,0.5698400960697382,0.2240596882334114,0.5140335378298865,0.2615008139055417,0.11332471583784626,0.312716725010089,0.45285852764771306,0.4402483296662158,0.027670500808893463,0.2510898578598373,0.07764584503059313,0.6346967560091318,0.4736035199868293,0.12150650272132642,0.16526153107578884,0.23386016263013668,0.036124117101014895,0.0954534135114302,0.1203900323210434,0.524087141591482,0.07160587883095802,0.4617235843660739,0.4757565177165733,0.2943580803504076,0.31797805284073793,0.3651452331685385,0.32744639458034003,0.37515511686743636
Vermis_10,-0.45183467972015784,0.1379214805589741,0.28107595429913196,0.12122225224831192,-0.06504506775236613,0.06833172785323995,-0.5303339141596572,0.6581938641528824,-0.14096200095821315,0.1631510163277337,-0.048353886850757886,0.1389868236506393,0.29395064620421646,-0.1616132231688404,-0.11096006200132028,-0.16117444125967045,-0.2402703251979505,-0.027932752695614658,0.5096367363491383,0.01442890912567234,0.3165584281779368,0.17048234047021424,0.4235681746000751,-0.018699652449157115,0.06779951741079314,1.0,0.02091749174707157,0.2072057195503728,0.15931157296299536,0.5251228842195306,-0.11626651987579122,-0.13402166158388037,0.6007547361666362,0.7238597004440033,0.42794671319464045,0.04893661314460182,0.8263418586789918,-0.06046035823225375,0.45230149906083533,0.0048944453560455905,0.44360795727588603,-0.3593854761203979,-0.16640386362695495,-0.036769481578296896,-0.24307466189483595,0.22783007324283477,-0.2290014145956581,-0.2951140971189114,0.06953977307684632,0.031102751715506013,0.2010868335271104,-0.1647802292332404,-0.0881061980261309,-0.467890676341844,-0.04968468692896513,-0.2553856151603014,-0.25686131230883014,-0.5509449388919139,0.5494194119485689,-0.05415126087780813,0.4491679410098874,0.7134922105343369,0.1866587253787001,-0.3712218681583809,-0.22143892422964379
Rectus_R,0.16822497270570028,0.4535519821155925,-0.13389237185582104,-0.25133654092372726,0.21669205793302337,0.6204946522013468,-0.2765860589490767,0.0004231203839945516,-0.1623783402315325,0.029799600079399503,-0.14438656459414542,-0.4428292683335891,-0.17893279274204096,-0.08916886456043202,0.48064193807480465,-0.06682328623924012,0.10568786019669599,0.2619210430103364,0.14819141974653827,0.6075899713400552,0.17878073285189058,-0.25166624353556244,-0.0917624992183546,0.10750294914541096,-0.003851489597488815,0.02091749174707157,1.0,-0.003174691600411263,-0.27728548414705945,-0.27755830926281144,0.3474578111262124,0.4340560951237445,0.16173975053276363,-0.039874328704223395,-0.391063325306719,-0.0657078706407569,-0.006560763829982381,-0.03376801054823255,-0.07352813722116976,-0.005851217957698541,-0.03479104240881862,-0.20825234850328345,0.26706065873647783,-0.018762745566696395,0.11698384541053221,0.5196286322601125,-0.23547479981209968,0.0489570373016266,0.07810510337210548,-0.21083898697641335,0.4053906134515075,-0.35799075351640236,0.42289152361890664,-0.2720914664134175,0.30604574037871124,0.23898630734199092,0.014584827561715644,-0.09580243839044715,-0.03929316863310116,-0.16817818318900635,-0.36440701672814146,0.08607568988505501,0.1516401931166696,0.15277893876734808,-0.25350544618962
Thal_PuL_R,0.21379708044291074,0.0993167143034816,0.4383916373453968,0.37855136464943595,0.20222949181883357,0.18689845160029428,0.15410645339652207,0.11189071623495415,0.436668117993677,0.3687640701881519,0.30789771669690724,0.22222042993370084,0.1282532725355819,0.24186320113603205,0.17351868289769104,0.14270285652867468,-0.4717445776592934,0.4013186484104259,0.04732581804734468,0.16407586964000828,0.44173158891137926,0.4119188354629493,0.17639632562990262,-0.17558587917398222,0.16758826734473276,0.2072057195503728,-0.003174691600411263,1.0,0.3014898641726208,0.17152294683541994,0.3124786966439126,0.3035252472437669,0.48185034180757286,0.35310523502311614,0.374877783401477,0.4473111460725785,0.245244822774033,0.46344867686589175,0.05595794774147926,0.37005368781891185,0.40820694609426705,0.3390770065629689,0.17116825533515082,0.25713230774902646,0.45700844341305413,0.12719725581843097,0.4035429423246866,0.24952928637284286,0.4325523906164946,0.34093874018313164,0.24056194870293807,0.004994312619978125,0.2356010127871048,0.02322851813912399,-0.1753279363966264,0.07082400488933603,0.41349944225226193,0.2100640927579298,0.13682649889429307,0.21051389949565924,0.30052418982427226,0.5197041470743083,0.1509819326128954,0.34174376385438315,0.3035854353717535
Paracentral_Lobule_L,0.2354716887036561,-0.43049940682513865,0.5500887850758824,0.5249730193867864,0.3409600329501788,-0.20669557802760458,0.430129325002554,0.03002695835067058,0.6520362202676075,0.5916799528825709,0.6542304633477973,0.6600800073465224,0.5112754143649307,0.7119419828713289,-0.1865314725999716,0.6493326134633062,-0.03272590360057749,0.2132899115740218,0.2012635073392587,-0.21449080232426931,0.1920929382567945,0.9028904048075854,0.38810851879869646,-0.07538640464223505,0.27028068231734365,0.15931157296299536,-0.27728548414705945,0.3014898641726208,1.0,0.39224033470744335,-0.018730762274842966,-0.15854054016753197,0.349943234209762,0.5253558855753194,0.7126568627616667,0.7604909493965031,0.3022960851119036,0.6785489638851063,0.1991932386555371,0.7022037103244921,0.47806887630268935,0.2840372375490114,-0.035194551349549595,0.5039612681938944,0.28719378693280695,-0.36144427460717166,0.5092429362513328,0.3877925415371191,0.45299387109198735,0.833931052626042,-0.06631406261149118,0.3841139213969865,-0.01553750477562547,0.201869757184745,-0.23514932489374896,0.014813808393876839,0.5552471319712337,0.28399126316369994,0.303846512069763,0.570724873423813,0.8089862039812499,0.3218663144962226,-0.22122330685486447,0.2688211735709989,0.5920791981209971
Temporal_Mid_R,-0.16319400306462392,0.015707893995893882,0.2668084579118397,0.5210171996116478,-0.48551617177958734,-0.4600249342732831,0.17906426751993104,0.6470568419916755,0.27418969220647454,-0.042834233515823515,0.14151014703983442,0.6960317367771238,0.6836331426982141,0.19346593682584953,-0.5708707729754698,0.22147790136377576,-0.11906041275879121,-0.107730462793925,0.06861633228914778,-0.18729864481632144,-0.12845412165979864,0.3572457654973625,0.08082498677943645,0.12288870366105835,0.26098984726583674,0.5251228842195306,-0.27755830926281144,0.17152294683541994,0.39224033470744335,1.0,-0.08666430844386837,-0.3145977172564334,0.35570042104704525,0.4369618064543469,0.7318360260625969,0.17188663411376617,0.6579035261174206,0.21788745839069898,0.6399610876460615,0.18376505741550692,0.0552133360364126,0.04512433164017494,-0.06854709076008662,0.1995532873357092,0.04920089650938693,-0.43287130170387783,0.0873235457724728,0.042882381990269836,0.14470699666174763,0.3745183397648197,-0.518706964629775,0.4420367388660428,-0.2747994760788956,0.2250208454364776,-0.2565413365788448,-0.28479504318747956,0.04813400934233964,-0.198829079701737,0.5343147494458116,0.4185824634623639,0.6378019079728536,0.31989063992723277,0.33370318062005794,-0.4830109806399125,-0.03793882650014091
