,Pallidum_R,Vermis_4_5,Supp_Motor_Area_R,Olfactory_R,Temporal_Sup_R,Insula_L,Cerebellum_6_R,Frontal_Mid_2_R,OFCmed_R,Temporal_Pole_Mid_L,Hippocampus_L,Cerebellum_3_L,Thal_PuM_L,Paracentral_Lobule_R,ParaHippocampal_R,Vermis_9,Occipital_Inf_L,Thal_VA_L,N_Acc_R,SupraMarginal_L,Cerebellum_4_5_R,Calcarine_L,Temporal_Pole_Sup_R,OFCpost_R,Occipital_Sup_L,Red_N_R,Temporal_Sup_L,Cingulate_Post_L,Rectus_L,Precentral_R,Heschl_R,ACC_sup_L,Thal_LGN_L,Temporal_Inf_R,Thal_VL_L,OFClat_R,ACC_sub_R,SN_pc_R,Red_N_L,ACC_pre_L
Pallidum_R,1.0,0.16524525299995835,0.3333770554117545,0.43213281261036507,0.4423197759707835,0.3142937615027752,-0.33192670078981357,0.21979936901713193,0.6050032131471942,-0.5755990324044354,0.4770911168630462,0.45677019423522724,-0.1599274290181998,0.2825507861314765,0.6595153380484039,-0.49788777729584766,-0.4763251552405141,0.19259577659842814,0.028752729429114623,-0.4676292137433945,0.29000442905588836,-0.5081402113175689,0.05865321116495233,-0.03225581797433249,-0.5293805898590177,0.1494878392035583,-0.23232109473836837,0.2447219441154182,0.6233512117836599,0.4517049851346754,0.3884569314530738,0.10221212135223999,0.04230203054140404,-0.35237492449263463,0.5479958705508765,0.7336546480418175,0.44195866820045665,0.37033938629154173,-0.1479905301950957,0.6870970280194512
Vermis_4_5,0.16524525299995835,1.0,0.16181171230383318,0.23421188105343843,0.013893177790933638,0.39336359161883167,0.3068142228095819,0.31389743920716157,0.14780205430165533,0.20998921719157343,0.4859482842380264,0.5137370225244314,-0.04753924077014861,0.4384899173447091,0.235177149359701,0.2117417078134113,0.16015203393316227,0.43807450728790837,0.023999817852845648,0.23414272139150938,0.599791027809219,0.09656615316678914,0.21388026175557848,0.3027089284661865,-0.0082773184783787,0.16745570205694443,0.4308123981847203,0.18841912966920613,0.15198817161323688,-0.1243643609521941,0.2718052864669242,-0.05009227129521714,0.23928986440829628,0.11597824663440569,0.35632996226286606,0.004226650780705454,0.19007192539239004,0.06704724931997058,0.17815779864962072,0.09845159459970881
Supp_Motor_Area_R,0.3333770554117545,0.16181171230383318,1.0,0.43586188940883047,0.6317889938995105,0.5126890891411274,0.2652040788438882,0.26392475569335444,0.18288709248348095,-0.28852826666270354,0.15366975477423525,0.15444619898487075,0.2772600632519871,0.43022148145696054,0.36863010163198606,0.06453250248951391,-0.06721074542340714,-0.07785667793887545,0.10429041362189143,-0.3991459432433568,0.2574403814908778,-0.0028647626372881093,0.45629604396116236,-0.0654081213381361,-0.11266336409685634,-0.011320597877805063,-0.2605956784697832,-0.011710456827310816,0.35663671602715447,0.6106269808205032,0.2184515584812467,-0.39035838549118995,-0.056358500835455225,0.3267857412136817,0.22329209587740415,0.3072149789279146,0.04826247100597966,0.39719941538763937,-0.11571167319460283,0.33867636853302646
Olfactory_R,0.43213281261036507,0.23421188105343843,0.43586188940883047,1.0,0.3118781884258404,0.5997143180044654,-0.05243191977940058,0.2863479159812304,0.6106681022924755,-0.12252947913438506,0.5015822762690811,0.4981373456365017,-0.2488923774648124,0.3752843708189727,0.6026134408241488,-0.007573221668128822,-0.21078485088809631,0.06561039614613469,-0.11753708580637437,-0.2329348852810266,0.36222157517250614,-0.43262687724769106,0.40969696093905195,0.2695576108374141,-0.3965753028494422,-0.09338260202585037,0.11368051852982251,0.13011494463330164,0.5143632227622477,0.1418309262718398,0.1566683727297306,-0.15858740169554889,-0.2868974438500248,0.17804705709205593,0.4796272687041624,0.4485322432016834,0.30347079067045296,0.5231582353554828,-0.04121172790602726,0.612949448388916
Temporal_Sup_R,0.4423197759707835,0.013893177790933638,0.6317889938995105,0.3118781884258404,1.0,0.3071928135337076,0.3232482884855373,0.09975048687365413,0.2598162415335036,-0.44952022611474174,0.09256793146316873,0.0877263414318622,0.5332499703162116,0.31848328075441684,0.5462673946132377,-0.06396175118856572,-0.2369270507915888,-0.08510992739537444,-0.03686024894814532,-0.7669925689688596,0.18964187195867188,-0.009914625012231148,0.600620569166329,-0.3067056393914664,-0.23226696801567245,-0.0669359740599369,-0.4273788356257687,0.06505551551864329,0.49453254887597414,0.760981937492728,0.21598624014942552,-0.40929362471636865,0.07014102964664759,0.23454210923229799,0.3563082359501476,0.5079950221345125,0.20774020313569497,0.3406432755482929,-0.500967938650121,0.4396814042758365
Insula_L,0.3142937615027752,0.39336359161883167,0.5126890891411274,0.5997143180044654,0.3071928135337076,1.0,0.3492330309541842,0.4941140126018854,0.39809563948332566,0.06091457352133846,0.30437317089238713,0.47871397841569396,-0.11410529955163187,0.49513459029138157,0.3517467691273496,0.35121727311062817,0.22314341156432943,0.2800422330194024,-0.16362987587182987,-0.03430016076023348,0.47605504932286025,0.0411044566013078,0.5377522385920814,0.5187351578498827,-0.06698247858004706,0.02012037774962958,0.12032298643175961,-0.0604777831281147,0.43291943852177034,0.016879085200346196,0.5084251403191276,-0.42538884555315065,-0.007598615268667007,0.2626536096659554,0.4662321946041165,0.19476089692610832,0.14981437558074603,0.38322643879927293,0.023950621344396898,0.3574197730390742
Cerebellum_6_R,-0.33192670078981357,0.3068142228095819,0.2652040788438882,-0.05243191977940058,0.3232482884855373,0.3492330309541842,1.0,0.11655523015220766,-0.21174114537890035,0.37944545426300597,-0.1742720513784335,-0.05760517052948081,0.43948486125435915,0.3984504771234736,-0.12320943098651545,0.7093584607450211,0.4885885985584162,0.07910477474786122,-0.10475184113499789,0.014020036263802028,0.2927365552332368,0.5836020814899101,0.5421706734413179,0.12105581728957222,0.343497348768219,-0.13085714101732432,0.09210417182273731,-0.043804148276528336,-0.05937937539089196,0.010005475171573746,0.09987420544582926,-0.49509483221469575,0.16853416959596204,0.582029359463713,0.01746911436511278,-0.3341482953559137,-0.22155591138595776,-0.05627965161016133,-0.1778350724244107,-0.26527365497269145
Frontal_Mid_2_R,0.21979936901713193,0.31389743920716157,0.26392475569335444,0.2863479159812304,0.09975048687365413,0.4941140126018854,0.11655523015220766,1.0,0.4182073781893548,0.12401749354127493,0.4491064090696109,0.5409664120253679,-0.17644629003768678,0.5063516970378364,0.31654758376703424,0.08016582846988472,0.30400071280638596,0.5405339789813038,-0.382834598465241,0.11466316319034285,0.3874068574524179,0.20654542060328387,0.33780771700373957,0.42781301063659194,0.09833235950218043,-0.08457263350089106,0.40266355157809425,-0.14106283420083182,0.44151670993699177,-0.051701591059579236,0.2853532576629296,-0.15502721818298776,0.06609808433276747,-0.15355513130665507,0.3678174416201685,0.12844871526682583,0.23238249154507415,0.14343795058853515,-0.07669472543616314,0.3085952899215389
OFCmed_R,0.6050032131471942,0.14780205430165533,0.18288709248348095,0.6106681022924755,0.2598162415335036,0.39809563948332566,-0.21174114537890035,0.4182073781893548,1.0,-0.2767963459042695,0.5644643562404357,0.5824211535360502,-0.43474384954502493,0.4258091722541348,0.733726226191243,-0.33430695398991467,-0.31854964080944786,0.27270923889720367,-0.4202837056782939,-0.3127143222981601,0.27068243486569776,-0.4527997456053135,0.08403029910495093,0.20956491550884956,-0.624351468847075,-0.13015059219251324,0.12781470275303392,0.04054750781669316,0.7489159450339723,0.16784624633758222,0.3632171801629873,0.036584387464435375,-0.17796517328519257,-0.38769040522442094,0.6883825147205472,0.6816789795511569,0.5487669591776354,0.31668103562153577,-0.3209443996965833,0.7615833097378726
Temporal_Pole_Mid_L,-0.5755990324044354,0.20998921719157343,-0.28852826666270354,-0.12252947913438506,-0.44952022611474174,0.06091457352133846,0.37944545426300597,0.12401749354127493,-0.2767963459042695,1.0,-0.14097255517972243,-0.038375334180667735,-0.12761560946881542,0.03778722683434811,-0.34650158645695484,0.47981923067973203,0.4454718147141434,0.12036995552272331,-0.09987720886573732,0.5321842259669185,0.1599677999474443,0.31338708129031473,0.11927658448079446,0.3918182461398106,0.39227998080370996,0.0030631275994669185,0.39773354264190175,-0.24080078191972326,-0.3431787609166406,-0.5019697223730653,-0.2760520472091868,-0.059127526906824206,0.15618704293555713,0.44392903240432857,-0.15627591448655098,-0.5946493440398573,-0.20761021309839547,-0.29436052478165475,0.2128176108168323,-0.4778380603471691
Hippocampus_L,0.4770911168630462,0.4859482842380264,0.15366975477423525,0.5015822762690811,0.09256793146316873,0.30437317089238713,-0.1742720513784335,0.4491064090696109,0.5644643562404357,-0.14097255517972243,1.0,0.7300355671250762,-0.235382442821934,0.5146649890462415,0.6903445550529282,-0.260791641059658,-0.25412260294837924,0.34393185640416435,-0.3438702256149743,0.07687860997630168,0.4078427366334152,-0.31771015258291657,0.09729021164611942,0.18544579543603093,-0.3054386493112296,-0.1262539879623655,0.5722735420772458,0.41790934488986614,0.620812091518603,0.011247100922596662,0.20295475451058398,0.27352873446591247,-0.07860874216361749,-0.26972084022981807,0.43161902303478134,0.44155055425002976,0.4546220073075756,0.42475397217458943,-0.13677866043206027,0.5514241628081507
Cerebellum_3_L,0.45677019423522724,0.5137370225244314,0.15444619898487075,0.4981373456365017,0.0877263414318622,0.47871397841569396,-0.05760517052948081,0.5409664120253679,0.5824211535360502,-0.038375334180667735,0.7300355671250762,1.0,-0.41591241112532096,0.5285652760317164,0.6011051487752801,-0.13251314118499563,-0.07382068869453542,0.3624816341542663,-0.3016392653358771,0.09607688699321584,0.5287793800627649,-0.2598973902560473,0.11506391872425795,0.23524597947413384,-0.311297353279941,-0.11047236902196447,0.4322416996385113,0.16436146564258827,0.5657209439805778,-0.027418853622341838,0.37020515504633134,0.23547621161978144,-0.06538398907741272,-0.16950155111069587,0.5382252531309646,0.34075208946939367,0.3212968898840752,0.3744298041237559,-0.05326717245611038,0.48828931726318875
Thal_PuM_L,-0.1599274290181998,-0.04753924077014861,0.2772600632519871,-0.2488923774648124,0.5332499703162116,-0.11410529955163187,0.43948486125435915,-0.17644629003768678,-0.43474384954502493,-0.12761560946881542,-0.235382442821934,-0.41591241112532096,1.0,-0.04468520155076331,-0.07876423951154107,0.15784800812231406,0.09112887491248094,-0.15162752430406842,0.17927513023473968,-0.29765739017665394,-0.08839739469542565,0.46746978498074593,0.3557611457805317,-0.3465612192475516,0.41009158056993894,-0.048094164979942455,-0.28434478349453257,0.134227205290977,-0.13360225998729794,0.4298474570926393,-0.12058867184457218,-0.28323587118969207,0.16780030777809524,0.372723230387256,-0.2805573648208795,-0.14045363031865568,-0.20493007432592306,0.014106064842033953,-0.2795259375663765,-0.23460589513730112
Paracentral_Lobule_R,0.2825507861314765,0.4384899173447091,0.43022148145696054,0.3752843708189727,0.31848328075441684,0.49513459029138157,0.3984504771234736,0.5063516970378364,0.4258091722541348,0.03778722683434811,0.5146649890462415,0.5285652760317164,-0.04468520155076331,1.0,0.4515855757078956,0.19963053657680013,0.11122659932838386,0.3252117525506979,-0.3282755294196962,-0.06631829306262613,0.4268751219550697,0.0467582606859507,0.3772162664291555,0.26610137663387023,-0.18713629237638726,-0.16433810203300042,0.3169332756915625,0.2740632866321774,0.5164714484339227,0.2028211781392712,0.3992040849108462,-0.07878880865808346,0.0827451730968858,0.024144839833389522,0.4699581991668191,0.24990105012142177,0.2510724210780752,0.252032776696822,-0.26053009566165886,0.4095675654337189
ParaHippocampal_R,0.6595153380484039,0.235177149359701,0.36863010163198606,0.6026134408241488,0.5462673946132377,0.3517467691273496,-0.12320943098651545,0.31654758376703424,0.733726226191243,-0.34650158645695484,0.6903445550529282,0.6011051487752801,-0.07876423951154107,0.4515855757078956,1.0,-0.43916181860357906,-0.5530688011608629,0.12454657454171443,-0.35709269036915586,-0.468382752187051,0.42216662460645665,-0.4542613816221115,0.21006266593925002,-0.06926116351552236,-0.5708237936930944,-0.13934770787354425,0.04705203494487743,0.2718303645631877,0.8559424218115226,0.5198601143703977,0.21512463512777932,0.11325127271057117,-0.1095342753628486,-0.14820741992928982,0.6143399345324048,0.7690909860647972,0.5728388928265269,0.37579104132183205,-0.49216919866733805,0.7890166989546418
Vermis_9,-0.49788777729584766,0.2117417078134113,0.06453250248951391,-0.007573221668128822,-0.06396175118856572,0.35121727311062817,0.7093584607450211,0.08016582846988472,-0.33430695398991467,0.47981923067973203,-0.260791641059658,-0.13251314118499563,0.15784800812231406,0.19963053657680013,-0.43916181860357906,1.0,0.7019405447039043,0.17067984166423023,0.07044878233063763,0.2923222707767654,0.048850425093196155,0.46067633875266845,0.47685331008309634,0.3845283199323709,0.439941266697685,0.11936855302042985,0.20873004422576028,-0.18905320884622703,-0.3407978708157899,-0.40952294933295,0.024442181767786984,-0.5322175266595529,0.13979134996737183,0.5866116675534169,-0.10170676829607513,-0.5455024356005048,-0.24702931472954356,-0.02995205348951175,0.3256243042984903,-0.4534407820147428
Occipital_Inf_L,-0.4763251552405141,0.16015203393316227,-0.06721074542340714,-0.21078485088809631,-0.2369270507915888,0.22314341156432943,0.4885885985584162,0.30400071280638596,-0.31854964080944786,0.4454718147141434,-0.25412260294837924,-0.07382068869453542,0.09112887491248094,0.11122659932838386,-0.5530688011608629,0.7019405447039043,1.0,0.340746551651052,0.037588370357205345,0.5160323241412642,0.06874422546922883,0.7063871776894272,0.24832995117529633,0.44530959482344024,0.6739607103198874,-0.00460236827902602,0.25861393445272424,-0.28996177890306624,-0.4434938135453382,-0.48176567538617304,0.19473610494023286,-0.3277443878707125,0.1369822892353686,0.2827096329197907,-0.2323952060302391,-0.7037231853298958,-0.4507113333368986,-0.08348944738324338,0.3291297742004906,-0.5858633228889846
Thal_VA_L,0.19259577659842814,0.43807450728790837,-0.07785667793887545,0.06561039614613469,-0.08510992739537444,0.2800422330194024,0.07910477474786122,0.5405339789813038,0.27270923889720367,0.12036995552272331,0.34393185640416435,0.3624816341542663,-0.15162752430406842,0.3252117525506979,0.12454657454171443,0.17067984166423023,0.340746551651052,1.0,-0.16677218887991643,0.2292609039434407,0.16883625536663882,0.08432921836849859,0.18628345467070873,0.42471093511476504,0.07508594373095756,0.3162045744808143,0.4042747158962436,0.001984204443461487,0.18851755579136023,-0.31113345207578935,0.36982382538304326,-0.18678928646865378,0.32665362272413384,-0.23493695182073085,0.48622709526526375,0.0668360010460794,0.4502141557214783,0.039461024607855444,0.15468391273821763,0.08315390238202647
N_Acc_R,0.028752729429114623,0.023999817852845648,0.10429041362189143,-0.11753708580637437,-0.03686024894814532,-0.16362987587182987,-0.10475184113499789,-0.382834598465241,-0.4202837056782939,-0.09987720886573732,-0.3438702256149743,-0.3016392653358771,0.17927513023473968,-0.3282755294196962,-0.35709269036915586,0.07044878233063763,0.037588370357205345,-0.16677218887991643,1.0,-0.013845754656577901,-0.0848410383135249,-0.09923036228731524,-0.0401929931908262,-0.026536149872158413,0.22735749502343622,0.5887691764246296,-0.34691783904588563,0.04878117124943063,-0.5312091806342385,0.04247588253548207,-0.14102492343841433,-0.056825377236572876,0.2644468428955677,0.2596770359390421,-0.23229722678726888,-0.12912575260684472,-0.22196010036215638,-0.10950446463432313,0.6423672362383153,-0.367339170009177
SupraMarginal_L,-0.4676292137433945,0.23414272139150938,-0.3991459432433568,-0.2329348852810266,-0.7669925689688596,-0.03430016076023348,0.014020036263802028,0.11466316319034285,-0.3127143222981601,0.5321842259669185,0.07687860997630168,0.09607688699321584,-0.29765739017665394,-0.06631829306262613,-0.468382752187051,0.2923222707767654,0.5160323241412642,0.2292609039434407,-0.013845754656577901,1.0,0.04835547217811958,0.3559821984669693,-0.26709902626204013,0.3698216136791868,0.5327032565759243,-0.04874089094675525,0.6711757358602043,-0.003403357754918797,-0.4415953989006607,-0.7461255363813417,0.014246934125276105,0.24929077471053637,-0.04603092948745105,0.014665071060585467,-0.3718962088273638,-0.6439553796044042,-0.364187533697869,-0.1784249029267032,0.4570531857116862,-0.5713214952006307
Cerebellum_4_5_R,0.29000442905588836,0.599791027809219,0.2574403814908778,0.36222157517250614,0.18964187195867188,0.47605504932286025,0.2927365552332368,0.3874068574524179,0.27068243486569776,0.1599677999474443,0.4078427366334152,0.5287793800627649,-0.08839739469542565,0.4268751219550697,0.42216662460645665,0.048850425093196155,0.06874422546922883,0.16883625536663882,-0.0848410383135249,0.04835547217811958,1.0,0.05810036179102515,0.23647148911002616,0.21499561565725053,0.002297371924048956,-0.05749194622229224,0.13390939736919744,0.1697769936950578,0.31652238754963796,0.17230314453019402,0.1813706203937232,0.06828156913085702,0.07367026566613921,0.2737628887888987,0.18916290490645357,0.0627442743189729,-0.05656722830224643,0.269945690834974,-0.05593859796951369,0.20521479081787583
Calcarine_L,-0.5081402113175689,0.09656615316678914,-0.0028647626372881093,-0.43262687724769106,-0.009914625012231148,0.0411044566013078,0.5836020814899101,0.20654542060328387,-0.4527997456053135,0.31338708129031473,-0.31771015258291657,-0.2598973902560473,0.46746978498074593,0.0467582606859507,-0.4542613816221115,0.46067633875266845,0.7063871776894272,0.08432921836849859,-0.09923036228731524,0.3559821984669693,0.05810036179102515,1.0,0.20037032327201806,0.07445266251033479,0.7536235773383729,-0.29584262888079954,0.16901473633443415,-0.19133833190990215,-0.37275274084415944,-0.1424287590157602,0.13993561013326633,-0.22943889605780124,0.018672887685204524,0.2653149286310648,-0.44520050501285074,-0.6342899821380907,-0.5619434502927753,-0.24086165065908907,-0.0926877742700135,-0.5707477917762727
Temporal_Pole_Sup_R,0.05865321116495233,0.21388026175557848,0.45629604396116236,0.40969696093905195,0.600620569166329,0.5377522385920814,0.5421706734413179,0.33780771700373957,0.08403029910495093,0.11927658448079446,0.09729021164611942,0.11506391872425795,0.3557611457805317,0.3772162664291555,0.21006266593925002,0.47685331008309634,0.24832995117529633,0.18628345467070873,-0.0401929931908262,-0.26709902626204013,0.23647148911002616,0.20037032327201806,1.0,0.24681138751045692,0.1476302902788468,0.025047093114433983,0.019852740393376898,-0.025891637799467043,0.26331676714964447,0.15964737037740542,0.04006596035184116,-0.6422984097112463,0.17908589149898022,0.53954628097813,0.2854475926538848,0.10911828996448174,0.1270441370254851,0.24725826666312767,-0.10885013041320205,0.16925086048824323
OFCpost_R,-0.03225581797433249,0.3027089284661865,-0.0654081213381361,0.2695576108374141,-0.3067056393914664,0.5187351578498827,0.12105581728957222,0.42781301063659194,0.20956491550884956,0.3918182461398106,0.18544579543603093,0.23524597947413384,-0.3465612192475516,0.26610137663387023,-0.06926116351552236,0.3845283199323709,0.44530959482344024,0.42471093511476504,-0.026536149872158413,0.3698216136791868,0.21499561565725053,0.07445266251033479,0.24681138751045692,1.0,0.14957518366158656,0.202870039562513,0.3532836457065855,0.025990524173362062,-0.039411663229641576,-0.5269128717844911,0.20559978279256633,-0.20119854714002272,0.12831976001465673,0.042945242879516315,0.26487191699401463,-0.1029149204566011,0.0919592503076425,-0.04368399526143476,0.3567033155729959,0.03461731548620906
Occipital_Sup_L,-0.5293805898590177,-0.0082773184783787,-0.11266336409685634,-0.3965753028494422,-0.23226696801567245,-0.06698247858004706,0.343497348768219,0.09833235950218043,-0.624351468847075,0.39227998080370996,-0.3054386493112296,-0.311297353279941,0.41009158056993894,-0.18713629237638726,-0.5708237936930944,0.439941266697685,0.6739607103198874,0.07508594373095756,0.22735749502343622,0.5327032565759243,0.002297371924048956,0.7536235773383729,0.1476302902788468,0.14957518366158656,1.0,-0.05373367984609066,0.16819010184549685,-0.16999330925476622,-0.5848306386832072,-0.31250807734415686,-0.16286423984931736,-0.11406946283623912,0.09395158655072215,0.3739381093308605,-0.6099608031092831,-0.7333507334400774,-0.607822910103448,-0.22314358035454948,0.27384210945282045,-0.7351487148967963
Red_N_R,0.1494878392035583,0.16745570205694443,-0.011320597877805063,-0.09338260202585037,-0.0669359740599369,0.02012037774962958,-0.13085714101732432,-0.08457263350089106,-0.13015059219251324,0.0030631275994669185,-0.1262539879623655,-0.11047236902196447,-0.048094164979942455,-0.16433810203300042,-0.13934770787354425,0.11936855302042985,-0.00460236827902602,0.3162045744808143,0.5887691764246296,-0.04874089094675525,-0.05749194622229224,-0.29584262888079954,0.025047093114433983,0.202870039562513,-0.05373367984609066,1.0,-0.19885243611174333,-0.02793793192246897,-0.157793961442582,-0.09141220123699112,-0.012743446875210437,-0.2514611136293777,0.5861232098824302,0.014468106375864969,0.268140815872181,0.12519070561595028,0.39473113460807874,-0.059118099356559636,0.632573318714737,-0.11489711731404076
Temporal_Sup_L,-0.23232109473836837,0.4308123981847203,-0.2605956784697832,0.11368051852982251,-0.4273788356257687,0.12032298643175961,0.09210417182273731,0.40266355157809425,0.12781470275303392,0.39773354264190175,0.5722735420772458,0.4322416996385113,-0.28434478349453257,0.3169332756915625,0.04705203494487743,0.20873004422576028,0.25861393445272424,0.4042747158962436,-0.34691783904588563,0.6711757358602043,0.13390939736919744,0.16901473633443415,0.019852740393376898,0.3532836457065855,0.16819010184549685,-0.19885243611174333,1.0,0.1993016518071758,0.08767044810430791,-0.5956848883927951,0.056158660974443525,0.18268876128001904,-0.11498705375618634,-0.1176537083905705,0.061397210173636765,-0.18593059829466388,0.12036381494582632,0.024661458129106393,0.11132892269498888,-0.05981635811023382
Cingulate_Post_L,0.2447219441154182,0.18841912966920613,-0.011710456827310816,0.13011494463330164,0.06505551551864329,-0.0604777831281147,-0.043804148276528336,-0.14106283420083182,0.04054750781669316,-0.24080078191972326,0.41790934488986614,0.16436146564258827,0.134227205290977,0.2740632866321774,0.2718303645631877,-0.18905320884622703,-0.28996177890306624,0.001984204443461487,0.04878117124943063,-0.003403357754918797,0.1697769936950578,-0.19133833190990215,-0.025891637799467043,0.025990524173362062,-0.16999330925476622,-0.02793793192246897,0.1993016518071758,1.0,0.15894086664848175,0.13482465132088012,0.009907425445408628,0.3649324846129952,-0.018927156225931833,-0.14734005315472024,0.03150413899848851,0.2656573927045376,0.17531096369412427,0.1974250520500937,-0.08439356885083862,0.2585916497744384
Rectus_L,0.6233512117836599,0.15198817161323688,0.35663671602715447,0.5143632227622477,0.49453254887597414,0.43291943852177034,-0.05937937539089196,0.44151670993699177,0.7489159450339723,-0.3431787609166406,0.620812091518603,0.5657209439805778,-0.13360225998729794,0.5164714484339227,0.8559424218115226,-0.3407978708157899,-0.4434938135453382,0.18851755579136023,-0.5312091806342385,-0.4415953989006607,0.31652238754963796,-0.37275274084415944,0.26331676714964447,-0.039411663229641576,-0.5848306386832072,-0.157793961442582,0.08767044810430791,0.15894086664848175,1.0,0.4206780899575812,0.2598194990747891,-0.03867166763541539,-0.08713624632385672,-0.27366017797317616,0.6270867458086941,0.7486261024804101,0.602791204120273,0.4231938560318909,-0.5262761750277168,0.7960130050874643
Precentral_R,0.4517049851346754,-0.1243643609521941,0.6106269808205032,0.1418309262718398,0.760981937492728,0.016879085200346196,0.010005475171573746,-0.051701591059579236,0.16784624633758222,-0.5019697223730653,0.011247100922596662,-0.027418853622341838,0.4298474570926393,0.2028211781392712,0.5198601143703977,-0.40952294933295,-0.48176567538617304,-0.31113345207578935,0.04247588253548207,-0.7461255363813417,0.17230314453019402,-0.1424287590157602,0.15964737037740542,-0.5269128717844911,-0.31250807734415686,-0.09141220123699112,-0.5956848883927951,0.13482465132088012,0.4206780899575812,1.0,0.06766912331908548,-0.0264402228744068,0.033149672318664815,0.08010537076269902,0.14583456992260574,0.5135969104155774,0.11584945309221677,0.19514748662803028,-0.5057499332486857,0.4238969711551849
Heschl_R,0.3884569314530738,0.2718052864669242,0.2184515584812467,0.1566683727297306,0.21598624014942552,0.5084251403191276,0.09987420544582926,0.2853532576629296,0.3632171801629873,-0.2760520472091868,0.20295475451058398,0.37020515504633134,-0.12058867184457218,0.3992040849108462,0.21512463512777932,0.024442181767786984,0.19473610494023286,0.36982382538304326,-0.14102492343841433,0.014246934125276105,0.1813706203937232,0.13993561013326633,0.04006596035184116,0.20559978279256633,-0.16286423984931736,-0.012743446875210437,0.056158660974443525,0.009907425445408628,0.2598194990747891,0.06766912331908548,1.0,-0.06911746649098278,0.04277002614105487,-0.2636172176100822,0.4279103406247154,0.2159662522713403,0.09870830116035882,0.1549917565185351,-0.057610673983706624,0.21853770022577443
ACC_sup_L,0.10221212135223999,-0.05009227129521714,-0.39035838549118995,-0.15858740169554889,-0.40929362471636865,-0.42538884555315065,-0.49509483221469575,-0.15502721818298776,0.036584387464435375,-0.059127526906824206,0.27352873446591247,0.23547621161978144,-0.28323587118969207,-0.07878880865808346,0.11325127271057117,-0.5322175266595529,-0.3277443878707125,-0.18678928646865378,-0.056825377236572876,0.24929077471053637,0.06828156913085702,-0.22943889605780124,-0.6422984097112463,-0.20119854714002272,-0.11406946283623912,-0.2514611136293777,0.18268876128001904,0.3649324846129952,-0.03867166763541539,-0.0264402228744068,-0.06911746649098278,1.0,-0.1514999871171191,-0.4087119775688808,-0.21656487282517026,0.009909869370977875,-0.10407141764641292,-0.09959889906451647,-0.05958863525282334,0.04599527524665684
Thal_LGN_L,0.04230203054140404,0.23928986440829628,-0.056358500835455225,-0.2868974438500248,0.07014102964664759,-0.007598615268667007,0.16853416959596204,0.06609808433276747,-0.17796517328519257,0.15618704293555713,-0.07860874216361749,-0.06538398907741272,0.16780030777809524,0.0827451730968858,-0.1095342753628486,0.13979134996737183,0.1369822892353686,0.32665362272413384,0.2644468428955677,-0.04603092948745105,0.07367026566613921,0.018672887685204524,0.17908589149898022,0.12831976001465673,0.09395158655072215,0.5861232098824302,-0.11498705375618634,-0.018927156225931833,-0.08713624632385672,0.033149672318664815,0.04277002614105487,-0.1514999871171191,1.0,0.06531185170808418,0.28504601784373995,-0.021179146772816636,0.262536774473891,-0.26667951197138245,0.21625095789774534,-0.1474122136504746
Temporal_Inf_R,-0.35237492449263463,0.11597824663440569,0.3267857412136817,0.17804705709205593,0.23454210923229799,0.2626536096659554,0.582029359463713,-0.15355513130665507,-0.38769040522442094,0.44392903240432857,-0.26972084022981807,-0.16950155111069587,0.372723230387256,0.024144839833389522,-0.14820741992928982,0.5866116675534169,0.2827096329197907,-0.23493695182073085,0.2596770359390421,0.014665071060585467,0.2737628887888987,0.2653149286310648,0.53954628097813,0.042945242879516315,0.3739381093308605,0.014468106375864969,-0.1176537083905705,-0.14734005315472024,-0.27366017797317616,0.08010537076269902,-0.2636172176100822,-0.4087119775688808,0.06531185170808418,1.0,-0.23938358852331934,-0.39689472953691957,-0.3767521718089155,0.07838926177362565,0.14238929150890695,-0.3623531282130151
Thal_VL_L,0.5479958705508765,0.35632996226286606,0.22329209587740415,0.4796272687041624,0.3563082359501476,0.4662321946041165,0.01746911436511278,0.3678174416201685,0.6883825147205472,-0.15627591448655098,0.43161902303478134,0.5382252531309646,-0.2805573648208795,0.4699581991668191,0.6143399345324048,-0.10170676829607513,-0.2323952060302391,0.48622709526526375,-0.23229722678726888,-0.3718962088273638,0.18916290490645357,-0.44520050501285074,0.2854475926538848,0.26487191699401463,-0.6099608031092831,0.268140815872181,0.061397210173636765,0.03150413899848851,0.6270867458086941,0.14583456992260574,0.4279103406247154,-0.21656487282517026,0.28504601784373995,-0.23938358852331934,1.0,0.6438070816136628,0.7706302860325794,0.14878641735993875,-0.1476408641789098,0.6787704404313663
OFClat_R,0.7336546480418175,0.004226650780705454,0.3072149789279146,0.4485322432016834,0.5079950221345125,0.19476089692610832,-0.3341482953559137,0.12844871526682583,0.6816789795511569,-0.5946493440398573,0.44155055425002976,0.34075208946939367,-0.14045363031865568,0.24990105012142177,0.7690909860647972,-0.5455024356005048,-0.7037231853298958,0.0668360010460794,-0.12912575260684472,-0.6439553796044042,0.0627442743189729,-0.6342899821380907,0.10911828996448174,-0.1029149204566011,-0.7333507334400774,0.12519070561595028,-0.18593059829466388,0.2656573927045376,0.7486261024804101,0.5135969104155774,0.2159662522713403,0.009909869370977875,-0.021179146772816636,-0.39689472953691957,0.6438070816136628,1.0,0.7011797695099962,0.2705712121944509,-0.3264295602245972,0.8640538231689592
ACC_sub_R,0.44195866820045665,0.19007192539239004,0.04826247100597966,0.30347079067045296,0.20774020313569497,0.14981437558074603,-0.22155591138595776,0.23238249154507415,0.5487669591776354,-0.20761021309839547,0.4546220073075756,0.3212968898840752,-0.20493007432592306,0.2510724210780752,0.5728388928265269,-0.24702931472954356,-0.4507113333368986,0.4502141557214783,-0.22196010036215638,-0.364187533697869,-0.05656722830224643,-0.5619434502927753,0.1270441370254851,0.0919592503076425,-0.607822910103448,0.39473113460807874,0.12036381494582632,0.17531096369412427,0.602791204120273,0.11584945309221677,0.09870830116035882,-0.10407141764641292,0.262536774473891,-0.3767521718089155,0.7706302860325794,0.7011797695099962,1.0,0.08541768387754899,-0.10695472983111973,0.6515696646775796
SN_pc_R,0.37033938629154173,0.06704724931997058,0.39719941538763937,0.5231582353554828,0.3406432755482929,0.38322643879927293,-0.05627965161016133,0.14343795058853515,0.31668103562153577,-0.29436052478165475,0.42475397217458943,0.3744298041237559,0.014106064842033953,0.252032776696822,0.37579104132183205,-0.02995205348951175,-0.08348944738324338,0.039461024607855444,-0.10950446463432313,-0.1784249029267032,0.269945690834974,-0.24086165065908907,0.24725826666312767,-0.04368399526143476,-0.22314358035454948,-0.059118099356559636,0.024661458129106393,0.1974250520500937,0.4231938560318909,0.19514748662803028,0.1549917565185351,-0.09959889906451647,-0.26667951197138245,0.07838926177362565,0.14878641735993875,0.2705712121944509,0.08541768387754899,1.0,-0.008875269371605208,0.33632397826240423
Red_N_L,-0.1479905301950957,0.17815779864962072,-0.11571167319460283,-0.04121172790602726,-0.500967938650121,0.023950621344396898,-0.1778350724244107,-0.07669472543616314,-0.3209443996965833,0.2128176108168323,-0.13677866043206027,-0.05326717245611038,-0.2795259375663765,-0.26053009566165886,-0.49216919866733805,0.3256243042984903,0.3291297742004906,0.15468391273821763,0.6423672362383153,0.4570531857116862,-0.05593859796951369,-0.0926877742700135,-0.10885013041320205,0.3567033155729959,0.27384210945282045,0.632573318714737,0.11132892269498888,-0.08439356885083862,-0.5262761750277168,-0.5057499332486857,-0.057610673983706624,-0.05958863525282334,0.21625095789774534,0.14238929150890695,-0.1476408641789098,-0.3264295602245972,-0.10695472983111973,-0.008875269371605208,1.0,-0.41986631053924584
ACC_pre_L,0.6870970280194512,0.09845159459970881,0.33867636853302646,0.612949448388916,0.4396814042758365,0.3574197730390742,-0.26527365497269145,0.3085952899215389,0.7615833097378726,-0.4778380603471691,0.5514241628081507,0.48828931726318875,-0.23460589513730112,0.4095675654337189,0.7890166989546418,-0.4534407820147428,-0.5858633228889846,0.08315390238202647,-0.367339170009177,-0.5713214952006307,0.20521479081787583,-0.5707477917762727,0.16925086048824323,0.03461731548620906,-0.7351487148967963,-0.11489711731404076,-0.05981635811023382,0.2585916497744384,0.7960130050874643,0.4238969711551849,0.21853770022577443,0.04599527524665684,-0.1474122136504746,-0.3623531282130151,0.6787704404313663,0.8640538231689592,0.6515696646775796,0.33632397826240423,-0.41986631053924584,1.0
