,Frontal_Mid_2_L,Thal_PuL_R,Thal_LGN_L,Thal_MGN_L,Raphe_D,Temporal_Sup_L,Cingulate_Mid_R,Fusiform_R,Cerebellum_6_R,Frontal_Sup_Medial_L,Lingual_L,Raphe_M,Cerebellum_Crus2_R,Postcentral_R,ParaHippocampal_R,Vermis_1_2,LC_R,SupraMarginal_R,Olfactory_L,Postcentral_L,Thal_VA_R,OFCmed_R,Parietal_Sup_L,ACC_sup_L,Cerebellum_3_R,SN_pr_L,SN_pc_R,Precentral_L,Thal_PuA_R,Frontal_Inf_Oper_R,Thal_MDl_R,Cerebellum_9_R,Red_N_L,Vermis_8,Frontal_Sup_2_R,Thal_LP_L,Parietal_Inf_L,OFCant_R,Cerebellum_Crus2_L,Hippocampus_R,Rolandic_Oper_L,Parietal_Inf_R,Cerebellum_6_L,Cingulate_Post_L,ACC_sub_L,Thal_MGN_R,ACC_sub_R,Temporal_Sup_R,Cerebellum_Crus1_L,OFClat_R,Thal_VL_L,Insula_L,Cerebellum_3_L,Thal_LP_R,Occipital_Inf_L,Angular_R,Precuneus_L,Frontal_Inf_Tri_R,Thal_AV_L,Cerebellum_8_R,Frontal_Med_Orb_R,Paracentral_Lobule_R,Thal_IL_R,Temporal_Pole_Sup_L,Occipital_Mid_R,SN_pr_R,Pallidum_R,Frontal_Inf_Orb_2_R,Occipital_Inf_R,Thal_VPL_L,Heschl_R,Lingual_R,Fusiform_L,Hippocampus_L,Thal_VPL_R,Rolandic_Oper_R,Frontal_Sup_2_L,Cerebellum_Crus1_R,Olfactory_R,Caudate_L,Temporal_Inf_L,Red_N_R,Cuneus_L,Cerebellum_7b_L,Vermis_6,Heschl_L,Cerebellum_7b_R,OFCpost_R,Thal_VA_L,Frontal_Mid_2_R,Amygdala_L,Insula_R,Temporal_Inf_R,Amygdala_R,Vermis_9,Angular_L,Thal_PuM_R,Thal_Re_L,Supp_Motor_Area_L,Cerebellum_8_L
Frontal_Mid_2_L,1.0,0.2316197222885284,-0.06224522455289201,0.281203753502404,-0.014110492274219684,0.5298925142332508,-0.25123296768460796,-0.4523498504204136,-0.3315455998108493,-0.02595290146826884,-0.16649635568369545,0.22569998852478404,-0.43642670788864,-0.2516029356668211,0.107721090163873,0.19181693328452232,0.3569378373196872,-0.49695326757927827,0.020926045863425387,0.5240546866284577,0.14590127235107347,0.19469144210955877,0.3168008929172713,0.5303171526488998,0.009967610574054517,0.13784059533309198,0.014833592875484834,0.5687415584125995,-0.020841403848893023,-0.09609812588294162,0.1130900316509673,-0.34364139418759543,0.1463055388766753,-0.18939410485615596,-0.06752627949327578,-0.2689575927511034,0.5135700677488936,0.5659714395950776,-0.17429418831778543,-0.0230758476705276,0.31321023126319736,-0.16060695953172766,-0.26617754429836393,0.24155701621456882,0.07556952689753535,-0.11148815264730746,0.12194109657767113,-0.4342248093451502,-0.3219710311839001,0.027647866311676133,0.026622764144499444,-0.09431451298390464,0.4111053420023445,0.17415399950153537,-0.05283709854951191,-0.443433064509809,0.32836110536927443,-0.08986767301570309,-0.007079813657349939,-0.3803479602383778,-0.1104718273357289,0.13508035445124622,0.18686638624382146,-0.3619738313219437,-0.3317471230765351,-0.008438232161119061,0.19521888851314803,0.12218835594259989,-0.183794945998464,-0.11596176372882035,0.25315742807424485,-0.27099214143486716,0.2588034755820477,0.5122784231922322,0.22493176287765482,-0.25236052889577076,0.034530185271884,-0.3497419014393328,-0.09536071300623203,0.5824093678973928,0.29070349390539874,-0.029503730064021974,-0.07788254333772293,-0.27762704364835056,-0.028914447220279513,0.19991711778828528,-0.014205395383967251,0.04347112588726651,0.31026527440013385,0.28661735102830643,0.40604551892367097,0.00843711947342807,-0.5850118496763866,-0.3432576968707031,-0.3038027685346908,0.3522679143144846,0.13365676966659756,0.3136031086155318,0.3104567309337245,-0.1898665802530189
Thal_PuL_R,0.2316197222885284,1.0,-0.17343463458220323,0.012083508891034805,0.036637712667591166,0.37059262650264546,-0.4770403910096605,-0.4058633055015704,0.1524891087461723,-0.20007398352401282,0.2624734858757485,-0.29720349160189735,-0.08228925174896659,-0.36685161407685657,-0.5128203387089607,-0.18774673329367622,-0.13819546736782154,-0.40219864576245806,0.20304688091762402,0.5107970440167527,-0.4753343476235713,-0.3387503142281468,0.508272523727543,0.041708510427386256,-0.2256668744697989,0.2250942153657584,-0.09594302855605753,0.28619397752477416,0.6510233767710614,-0.3173727079148303,-0.20856428562719712,0.3445868526759794,0.19323421630693713,0.49147425580851295,-0.2830251146894193,0.27711760903708504,0.5765701936654936,-0.08554657502402062,0.24955193980235976,-0.5006978198645619,0.13148078475069597,-0.10671329508553896,0.2992160295556732,-0.12428396427860298,-0.46452107203556586,-0.30341970056103873,-0.4297838497804247,-0.3934202429759937,0.339048932876323,-0.5513978950928455,-0.3294473125307653,0.027102271727485625,-0.029580590496352237,0.48609090190002896,0.5040671331590783,-0.055229178117555684,0.28555600567340617,-0.5120957057538048,-0.17415352658008304,0.1425885403717555,-0.32152012379005734,-0.06809792653986199,0.06313639277703048,0.2284016118241896,0.13253049736344374,0.05781934654961044,-0.43355979421266544,-0.5668061630301139,0.08414920165235078,-0.3429336230208431,0.22536300261451644,0.2544518600987055,0.37437093752023953,-0.139954026306132,-0.15950507538382466,-0.36199878309018935,-0.2795481573115955,0.04025308773969578,-0.31620519905078315,-0.015202145934174476,0.435568489942138,-0.269405510459629,0.5529248321444672,0.2829214841538281,0.15428801474502282,-0.12184941428578774,-0.022252124535444673,0.10811781077145174,0.011152355734911025,0.016394027806920473,0.07531996972533309,0.20720762391603523,-0.05295244328178483,-0.4208598244990502,0.2855046747018565,0.596401673720479,0.6576486021759554,0.21629826870862426,0.14614372523008481,0.3462126173553009
Thal_LGN_L,-0.06224522455289201,-0.17343463458220323,1.0,0.1576418708387572,0.005831048438466776,-0.11498705375618634,0.23373758734594913,0.30661256476407206,0.16853416959596204,-0.05907563408427925,0.3964418919909218,-0.03451435348511964,-0.07236589762382328,0.0396450975573492,-0.1095342753628486,-0.0965942460352743,0.132450455142405,0.15115329143482514,-0.6096614931343639,0.057584452348010524,0.19099323390954265,-0.17796517328519257,-0.039854967954561504,-0.1514999871171191,0.10083693986238133,-0.490320477149996,-0.26667951197138245,0.006782245035059489,0.16830052371495166,0.06720780675109098,0.4645509240127348,0.1398705749252995,0.21625095789774534,-0.0857906742339135,0.058449841370436344,-0.17261708124427866,0.058515010185504084,-0.07536499094605821,0.2655990139833895,0.07635830420861855,-0.023115823076983833,0.13078854167246884,0.20406165995116715,-0.018927156225931833,-0.06193518716055447,0.21994531213357932,0.262536774473891,0.07014102964664759,0.1642341642101464,-0.021179146772816636,0.28504601784373995,-0.007598615268667007,-0.06538398907741272,0.12477707751861433,0.1369822892353686,0.12037533504293972,0.3171812448530087,0.09686537791497819,0.4007405214901249,0.08258597593025757,-0.015430544567439594,0.0827451730968858,0.24113221730992948,0.19421679334805073,0.1737287702447681,-0.4532182242507557,0.04230203054140404,0.1709971628634298,0.1769717745392226,0.23006723233989704,0.04277002614105487,0.39173942144462065,0.09457587270454926,-0.07860874216361749,0.06371306678088284,0.08689669785113703,-0.0998650600967675,0.47627001564364885,-0.2868974438500248,0.04766946633238995,0.01570044530585174,0.5861232098824302,0.010509037005746291,0.25249128611863497,0.2563834382203254,-0.061485953149543415,-0.022825303527000313,0.12831976001465673,0.32665362272413384,0.06609808433276747,0.0847703771514483,0.018364092522937827,0.06531185170808418,0.15983512948641476,0.13979134996737183,-9.685886602943321e-05,0.2186423487645648,-0.027690636249189767,-0.11664361372521435,0.2200052841243673
Thal_MGN_L,0.281203753502404,0.012083508891034805,0.1576418708387572,1.0,0.4033568609896194,0.43248907913581497,0.0153188940060071,-0.01713448278021814,0.0668606571210745,-0.09232324788503599,0.21088561768149564,-0.0040225464874388125,-0.08495551972528674,-0.19321230784126076,-0.005814294648294427,0.21443883398689173,0.12958009629849054,-0.10359280415645962,-0.02267389575286233,0.12292818887385466,0.3447896801098441,-0.13660576685173262,0.10932666954885951,0.05137052562683857,0.3038756363697007,-0.014792225848699379,0.06658632971956738,0.09031166140321718,0.12265251184557889,0.2521129650171874,0.34782551747707074,-0.01624341157428604,0.21114403067723583,-0.06021660030441643,0.06828844189737153,-0.12752697381659187,0.15718528551080332,0.12633096680757844,0.08468192622526466,0.2400700175401465,0.4456806964239522,-0.0590126201405377,0.15417656401288884,0.0628845671136213,0.08138575698217967,0.1852703917056054,0.05435371626331085,-0.10610218566617434,0.01641771557168821,-0.11789763384998288,-0.029526013367800356,-0.03294042768058096,0.2549388724602164,0.10912543305061292,0.10044851502888406,-0.19040530503726935,0.2264085396498899,0.09441561353833496,0.2525699924186938,0.01011407098448751,-0.31011465905479035,0.17634612939056987,0.09079464092406962,0.08901069467582251,0.02427405944397866,0.13502330911790977,-0.03485194870250533,0.02931861560993366,0.2953719331151392,0.19955040924267564,-0.18117483893230693,0.16781685729957935,0.3520497294927421,0.38796285173606865,0.1565043145228221,0.08083687537764754,0.07259552213908041,-0.28289890389915606,-0.00318123799874807,0.017421211335811995,0.3662937828764052,0.1434555272739773,0.16070381097550804,0.0033741949346321495,0.3311720162698129,0.11487096804328298,0.16720004381720296,0.04238280810277407,0.2431370999472515,0.2631509848266124,0.15368341860189613,0.364213701952811,0.10715030645392712,0.1626850355105074,0.10607070435698297,0.24109801937337114,0.1692096993376064,-0.10314856541358455,0.49623269873399156,-0.0360949746122663
Raphe_D,-0.014110492274219684,0.036637712667591166,0.005831048438466776,0.4033568609896194,1.0,0.36977032864136733,0.018358740271331938,0.24141735410005388,0.2893990459151927,0.08414436206584733,0.3600525075615262,-0.06414058919576124,0.06649973642478757,-0.31015373279210745,0.018937126496757124,0.2758153066334055,0.046487313085380975,-0.04684762164979331,0.3166985611055105,0.015442274476361572,0.21451962476775013,0.008209535141761043,0.057409037657779965,-0.2699489003406427,0.40348240323162726,0.16565865147002645,0.3199238121078373,-0.11211536042463383,0.30933034602482723,0.29024756988149114,0.3139477368581958,0.19800496905343284,0.3304233717079817,0.09042746027713816,0.34027770005255553,-0.12754089951842454,0.08208787834688744,-0.06049856861092292,0.16810192009259925,0.2490049988885142,0.354584030549285,-0.06524736138815769,0.4906208961649718,0.07520718805856032,0.062242446260542615,0.1381690974888928,0.007148333935678072,0.0232687290911934,0.2987291413592988,-0.18045268105156131,0.10411669841810563,0.41027544601625243,0.30439971370123275,0.07334229578057735,0.43847008712578284,-0.01869399909269831,0.17317705650052484,0.11617211302115893,0.2750169866759348,0.08549228659750295,-0.21382301914608476,0.27753970847123044,0.08166026965520967,0.2567291901614061,0.013145854802025651,0.38710954978231377,-0.039897307576670545,0.04615404992481547,0.19872342380074123,0.39703321709995937,0.007729157463413315,0.32474300358504316,0.6327522280393653,0.3016563246937052,0.29770182217243185,0.1412942422677321,0.167182472448329,-0.021056497985007704,0.42879912246528146,0.0622420675977233,0.4953755539583193,0.11713125310389445,0.25948345537158496,0.22528113897921723,0.5868438628609528,0.09158448218100762,0.028193776336165953,0.39677236781415215,0.33524642274403965,0.4334486413225627,0.319254139513396,0.667999866450749,0.32823127073926145,0.4107034985365142,0.5072147557931784,0.24995321086334685,0.25979545567232887,-0.24722731518787058,0.5297909286793041,0.181621327173628
Temporal_Sup_L,0.5298925142332508,0.37059262650264546,-0.11498705375618634,0.43248907913581497,0.36977032864136733,1.0,-0.34262820781793224,-0.3975266106703403,0.09210417182273731,-0.19511043444540865,0.014671765484885864,0.13000974788677802,-0.35700262622495316,-0.6800711490632577,0.04705203494487743,0.36263930953628887,0.2563380728068047,-0.6680760363035733,0.1897591900054736,0.5185881535482147,0.27202732526865775,0.12781470275303392,0.24283538907259303,0.18268876128001904,-0.08958005194477447,0.33209835882855615,0.024661458129106393,0.4577429322121169,0.36939446140824583,-0.03988864136764259,0.18331343723874777,-0.0663201931532989,0.11132892269498888,0.2556974335728296,-0.0034009194144836268,-0.09878316450697532,0.5057509626344996,0.4194332706813617,0.06574164769452154,0.18732098086638113,0.7830283072611263,-0.3838635595157095,0.17795254348765585,0.1993016518071758,-0.052532264134737335,-0.2641949816723405,0.12036381494582632,-0.4273788356257687,0.16553107810000048,-0.18593059829466388,0.061397210173636765,0.12032298643175961,0.4322416996385113,0.32143701042791567,0.25861393445272424,-0.5981409280396889,0.28358039116674255,-0.10280843035905758,0.18379044808764913,-0.21332481532342776,-0.3052141570992631,0.3169332756915625,0.13221415779824888,0.06756644333878098,-0.2920447715110107,0.27816651858016384,-0.23232109473836837,0.0392181500712177,0.23015853402605566,-0.11325413151123787,0.056158660974443525,-0.044261130257649814,0.6135601632539033,0.5722735420772458,0.24563696137916174,-0.1515965710194092,-0.05530085934752305,-0.4470921199505537,0.11368051852982251,0.20098152644343692,0.8063614566804486,-0.19885243611174333,0.19169488269221957,0.08169653258904307,0.29988023904021677,0.49848413134432834,-0.18248332112218343,0.3532836457065855,0.4042747158962436,0.40266355157809425,0.5680935032890719,0.6198593471642093,-0.1176537083905705,0.06386680260646732,0.20873004422576028,0.5031567385161325,0.37944072816936963,0.28290064015150185,0.690730877235187,0.027706726019028648
Cingulate_Mid_R,-0.25123296768460796,-0.4770403910096605,0.23373758734594913,0.0153188940060071,0.018358740271331938,-0.34262820781793224,1.0,0.6356910640863195,0.2190644559280451,0.4793358865067131,0.1349735923344887,0.208133271827652,0.2463329757682053,0.5269033403344319,0.5800743089334924,0.31904890465783586,0.275176445702621,0.6803530258721857,-0.17795097417669026,-0.5604885011622766,0.2598276539786512,0.37840724545331056,-0.4144893228344012,-0.36228439013368474,0.08825285856704271,-0.0892223008331685,0.2651038640718078,-0.4581149861062012,-0.34303267552469385,0.7346430953968985,0.2659363062536363,-0.31559446024366195,-0.3723284855947097,-0.32552642101894913,0.6408533500570964,0.0015809096835730813,-0.5563937246996871,-0.18191359303504362,-0.2703839088514078,0.5151839134303092,-0.1708245328898647,0.3884118996120316,-0.10400050876908233,-0.011099903421899076,0.41835885032189307,0.5423026332413166,0.37456545164298516,0.8390858945692343,-0.08562818204945766,0.5366381118032375,0.5239252917350312,0.3264318789875608,0.1786706974932147,-0.045461353147088726,-0.21334470196677746,0.35457591201631317,-0.027358327680580847,0.7388530136736915,0.22746087761201642,-0.05288548587048662,0.4476530205069016,0.4762542538879774,0.33868033083573307,-0.1773942359535476,-0.09236386702481157,-0.1345354235097422,0.47897681035720824,0.47941642553510183,-0.3130648543292409,0.5978421296535245,0.2423865292394602,0.02271398205094002,-0.10800940966286701,0.19602755933674632,0.2622188131410799,0.5632585135669149,0.5103264608234916,0.0887592535783834,0.33890825416904524,0.08635168669947257,-0.3494142746930301,0.11511906482891077,-0.18033015556023593,-0.11938728567367972,-0.11337873775843058,0.011964118144873736,0.1793003950647015,-0.1477608588179045,0.10120339826795613,0.3135682621036029,0.045286616587893354,0.0003353268778194347,0.11714661944516135,0.4666881481712762,-0.10086331156878156,-0.605581184552853,-0.24549130189697518,0.003311074636649483,-0.07069547111602398,-0.3412551025709758
Fusiform_R,-0.4523498504204136,-0.4058633055015704,0.30661256476407206,-0.01713448278021814,0.24141735410005388,-0.3975266106703403,0.6356910640863195,1.0,0.6194440301024101,0.27465799870730057,0.45995818857862614,0.06814893877497177,0.4331339854568972,0.3488895873153921,0.276043231416005,0.16736928275859292,0.09402337251154903,0.6118369285492401,-0.14935237481082841,-0.44475633656398444,0.02489896192011012,0.0004539604232145361,-0.3062816736883093,-0.5059609551334218,0.43187499843147176,-0.19195199750934525,0.15516074380886388,-0.4436462451501346,-0.008872871658414447,0.5029401531189027,0.22868561143407864,0.08381609789592973,-0.09040265320909731,-0.0907793460007916,0.42784658762466465,0.018001246258064638,-0.39337031124661326,-0.4397472854058115,0.1470448846490948,0.3588385373895932,-0.16681994095507793,0.2898529834662111,0.4066887713178771,-0.011776764288044661,0.1691966983809997,0.47580622283703916,0.044265343420750954,0.683957376413708,0.354882892698873,0.1311601164371847,0.25623924968534845,0.45859850262152235,0.021289665670352648,-0.11044287520105686,0.09120006852760915,0.5698156168184704,0.0161982814112852,0.3554426152683821,0.27733631907711337,0.1608662383027113,0.10407029096882418,0.2949678799428625,0.10485508402141674,0.236234847837423,0.34736791414449586,-0.07312094030498748,0.2089217574151447,0.11999800505164049,0.10584568527484176,0.4809058025020577,0.11815886284160625,0.4794235890583911,0.09706757841581913,-0.10370242959922535,0.026597856881380166,0.5327067668822908,0.2786459641643867,0.4943288481017338,0.2665523874665004,-0.279580943825811,-0.12305913856820305,0.2482119234400142,0.17806937596575098,0.15978417901322733,0.27424542125666496,-0.08504778597103616,0.002445920037375032,0.0034398162178086813,0.04724864058448153,0.08843995870892479,-0.04290178214326546,0.16492779111653574,0.6119483295580412,0.5589044590535579,0.3439930971794526,-0.3308746493322851,-0.0479741307788118,-0.2362487696079038,-0.09959929513372229,-0.0626476146970585
Cerebellum_6_R,-0.3315455998108493,0.1524891087461723,0.16853416959596204,0.0668606571210745,0.2893990459151927,0.09210417182273731,0.2190644559280451,0.6194440301024101,1.0,0.055006974932267215,0.6736262578738669,-0.13276645200896672,0.33233608919871654,-0.1296001505340918,-0.12320943098651545,0.073513096287068,-0.07666886985195102,0.1405869847600864,-0.037479936964031915,-0.09626322033683492,-0.2275902810385412,-0.21174114537890035,-0.03872791920405314,-0.49509483221469575,0.10016557378649639,0.12109167862548922,-0.05627965161016133,-0.24333319043518403,0.4947503402682078,0.1633480427303603,0.12014718791351642,0.5117520111567486,-0.1778350724244107,0.5960094857420409,0.18855173262194005,0.29165758514377776,-7.574970905791776e-06,-0.41012568558765716,0.37575095042324974,-0.002952068491193243,0.10725213242225468,0.09247255267954316,0.8084157725625737,-0.043804148276528336,-0.26047046972782634,0.13249343242938894,-0.22155591138595776,0.3232482884855373,0.8098606382663719,-0.3341482953559137,0.01746911436511278,0.3492330309541842,-0.05760517052948081,0.318242512170162,0.4885885985584162,0.3409227657317195,0.17748583994399966,-0.05133364435592745,0.13178571662374955,0.46840680383812044,-0.24250255089736877,0.3984504771234736,0.09563025838891853,0.5710287778122656,0.3790138656616475,-0.016211749634543197,-0.33192670078981357,-0.27759825202500105,0.3248417994881108,0.10773745425063093,0.09987420544582926,0.6553537526277118,0.4015001267082753,-0.1742720513784335,-0.1790635808030326,0.1342332127939047,0.04369631547434955,0.46283426239685743,-0.05243191977940058,-0.4092139056705621,0.3916717811244717,-0.13085714101732432,0.4734144229523545,0.6561250731996792,0.36230863619996534,-0.06385207237406305,-0.18471820691271054,0.12105581728957222,0.07910477474786122,0.11655523015220766,0.03604080393644676,0.40188592961939007,0.582029359463713,0.27921802364360593,0.7093584607450211,0.08673173722702496,0.38209284735502036,0.025393954786028752,0.16541161285221118,0.3931259764679796
Frontal_Sup_Medial_L,-0.02595290146826884,-0.20007398352401282,-0.05907563408427925,-0.09232324788503599,0.08414436206584733,-0.19511043444540865,0.4793358865067131,0.27465799870730057,0.055006974932267215,1.0,0.05539018034085199,0.00021897370528320696,0.13928696160187318,0.4963762003046741,0.43331815486652636,0.0553022803456975,0.10323611517700079,0.4955620951773918,0.08839481282978011,-0.5340480250135118,0.03928988119404659,0.2834447411529562,-0.015162598087150519,-0.21323296065210723,0.07481039747791392,-0.006525281997956825,0.24986772838429155,-0.5047560032593295,-0.30832842026150453,0.4189650847424637,0.3813784907984442,-0.11604898425229815,-0.36025852919378254,-0.19332647267387276,0.7392187356201128,0.18321763223949428,-0.27548411756986374,-0.10110209170529043,-0.35557927248932397,0.24147193621613683,-0.3539322483266789,0.43356227011299797,-0.19468148385345208,0.3777720446162023,0.4401947244468128,0.1065266586110422,0.33989086980178107,0.5598939649111269,-0.26942593888584127,0.568650341097106,0.2891494325541556,0.3317413363737616,0.10591359038778529,0.14726494091563141,-0.2992431100230296,0.3486171424727237,0.12833621672763812,0.3976888281225015,-0.0025093627688053716,0.17404807502088596,0.5463100780221242,0.27042918367023633,0.3063238125272225,-0.34466137966107857,-0.0438117603852071,-0.09923362352460002,0.45492770114361264,0.32842802281956207,-0.4184827956528032,0.5090268507784809,0.16712362150393828,-0.0937213680450429,-0.18373418604224498,0.23512912106892908,0.23691746600518354,0.1128065124562303,0.8791194514850612,-0.07698945067022185,0.2843310135458288,0.25069563796327965,-0.3608509994143037,-0.05666042184543882,-0.23239932052602746,-0.1319540612768464,-0.3059637634350716,-0.10367867836917448,0.20858735008144857,-0.030043429788692837,0.041514006950821795,0.292288171411422,-0.07252910195915459,-0.1971844112530099,-0.19789061011649547,0.05837025135035656,-0.18754411756158199,-0.2832759783580231,-0.21758130124226394,-0.16473959969293878,0.08361745616033732,-0.2673127501455833
Lingual_L,-0.16649635568369545,0.2624734858757485,0.3964418919909218,0.21088561768149564,0.3600525075615262,0.014671765484885864,0.1349735923344887,0.45995818857862614,0.6736262578738669,0.05539018034085199,1.0,-0.3537746204572701,0.2770545284208751,-0.044959593281649265,-0.3791660984765186,-0.1925053174534095,-0.19633469194846406,0.2098853876361955,-0.1711653274522895,0.05557261480091472,-0.32003787827107955,-0.47428601966654654,0.2645628700591043,-0.4470928094495114,0.2630258456974048,-0.13832891030262232,-0.027115497350723397,-0.1876886185849573,0.6199600920661724,0.10276239605880588,0.3511681477009046,0.5584477769747043,0.1510542449343091,0.37164499645849514,0.13561971827207975,0.1582561866662276,0.24999525271818332,-0.35932401155349347,0.36236828265078275,-0.25907059593065473,-0.04355580453081373,0.2936141876491994,0.7504390599086219,-0.08219303257743497,-0.372892173326019,0.17403550188219288,-0.2836056281456516,0.15219155591784633,0.6353772481057691,-0.4841157627896329,-0.18360723254371908,0.221729451114674,-0.18556780327532352,0.3871672860719725,0.6513252812503623,0.4749246368927197,0.48136630965002564,-0.20976564751285462,0.134433737650291,0.44517137194713124,-0.400890007803228,0.17103460144218174,0.2615569194608076,0.5854531290942564,0.5164410778947394,-0.1561276069096324,-0.32012669857601633,-0.3834827053314746,0.24034985859560445,0.11054344224759903,0.11987456542995115,0.8859773048466723,0.5066135478941666,-0.23575667903996192,-0.1930705111882463,0.006920452677306319,-0.02828725482880981,0.5133032683141369,-0.3101690825787653,-0.2357675176169761,0.29592522000767035,0.19328021237226112,0.6273027714760459,0.5765268490401048,0.4528584938057137,-0.3156270856702424,-0.10779438489867557,0.17388253980751844,0.25267235138040145,0.18179514488153317,-0.06751278536016893,0.35619359851236476,0.38705572189373877,0.06503371156623888,0.6288111705813254,0.35530718834340846,0.6422180128947643,-0.14883828822609949,0.11083993012058,0.5023441074056701
Raphe_M,0.22569998852478404,-0.29720349160189735,-0.03451435348511964,-0.0040225464874388125,-0.06414058919576124,0.13000974788677802,0.208133271827652,0.06814893877497177,-0.13276645200896672,0.00021897370528320696,-0.3537746204572701,1.0,-0.2938547384887089,-0.0016937022111840538,0.6226739880522839,0.5795102973376299,0.5208964233040119,-0.1093720248931294,0.0942285023314664,0.08885437170372322,0.3869472132770418,0.5856449392047857,-0.3199545122097549,0.2941056733927787,0.1397856249992409,0.2705535832444116,0.24550274728746474,0.3356236723630933,-0.4225013056682591,0.24720994820560566,-0.07835833971843033,-0.5933368980099183,-0.2505311906510942,-0.27790872342310946,0.1888005101292546,-0.32187584264249636,-0.14131671065853454,0.262275215044483,-0.16665282641185586,0.5477927980769284,0.3093771209649606,-0.23861942529376284,-0.2912928540314061,0.14304769895060837,0.24631151235082532,0.21999238085303774,0.307279413074776,0.12435016299119456,-0.1742922060476148,0.4022756101543926,0.40947831386420114,0.2247172910392086,0.5212281284621961,-0.3020791861317801,-0.3476042335038315,-0.314027402288249,-0.11399915524912668,0.4314575572149053,0.16024878089292688,-0.5912287582595559,0.2553580549531154,0.29024273800198136,0.014464411006161982,-0.3799038758953093,-0.37722668859758784,0.1706931407008574,0.4217355614184583,0.5067740469303494,-0.047761326928106994,0.20585282661834667,0.14189584706033825,-0.35600186460737315,-0.04120701129923761,0.476506353204902,0.26851208742575466,0.4703217047048829,0.1022757641348884,-0.1701641563177047,0.3291889684016762,0.25079788433576894,0.05872012727371514,-0.08719299435536637,-0.3228622533429876,-0.36952954333884946,-0.17502357387533993,0.508096682489549,-0.06790405869982631,0.05766790747256778,0.12553404904245605,0.21014282689773167,0.3249716103240723,0.027111542382782905,-0.10760941482253676,0.28058960775144176,-0.3038671568889033,-0.3416077240691393,-0.3761288761577235,0.2816584105498797,0.0609387234869425,-0.48820184380951415
Cerebellum_Crus2_R,-0.43642670788864,-0.08228925174896659,-0.07236589762382328,-0.08495551972528674,0.06649973642478757,-0.35700262622495316,0.2463329757682053,0.4331339854568972,0.33233608919871654,0.13928696160187318,0.2770545284208751,-0.2938547384887089,1.0,0.19667701493748874,-0.08622940154959681,-0.049384355763946126,-0.3419079371106982,0.3452568668258579,0.14065803483848116,-0.4570369569842602,-0.14613177942533012,-0.24008090321595144,-0.21682939696248552,-0.4080707576225299,0.008321809699079903,-0.07822203513991732,0.2898575471701858,-0.4544555071594689,-0.0013955867491646757,0.15079940445698975,-0.03645248238246696,0.2714211400428165,-0.050354994489882905,0.06613299730264623,0.0481888997270361,0.15114694142998122,-0.35324850106702543,-0.3813606186152855,0.07694813454160081,-0.025732500421068054,-0.25578487258889643,0.07069254023567892,0.2758903807237955,0.031387135982147644,-0.06340547147190205,0.06477350806027354,-0.1834369300660752,0.38025795006159147,0.23509295090370394,-0.047310694341722574,-0.12185989004410759,0.16581480550225938,-0.2395622248226196,-0.16612572682051238,0.07203393605074346,0.4352191403463467,-0.180706674383984,-0.04955866874639769,0.02317820696722557,0.3258641531833779,-0.009487552218528839,0.06973631970618718,0.024389099159685672,0.2225588418769216,0.22334167177318912,0.08783245806398071,-0.029056433221070134,-0.222034988733818,-0.07934130795301679,0.08839967305281358,-0.029401214463064176,0.20350236380429543,-0.027020525458375688,-0.242863365426361,-0.006791064557323427,0.15889539042242817,0.0959605759265735,0.15334986879846546,0.1138664491977989,-0.31386906662861386,-0.19192516882865324,0.025940993213258597,0.20396211022478694,0.08565373215433046,0.0931942885619718,-0.3008424806825127,0.021749554846955545,-0.15177738309064034,-0.19745706420996093,-0.3081372987338243,-0.2487990609127793,-0.010432762577014358,0.43360972839366285,0.1831889943119437,0.298979166408389,-0.14711989512705728,-0.027270906858922153,-0.34652040312648513,-0.18401296809138926,0.018973172363077006
Postcentral_R,-0.2516029356668211,-0.36685161407685657,0.0396450975573492,-0.19321230784126076,-0.31015373279210745,-0.6800711490632577,0.5269033403344319,0.3488895873153921,-0.1296001505340918,0.4963762003046741,-0.044959593281649265,-0.0016937022111840538,0.19667701493748874,1.0,0.29634738001419647,-0.14895187191434173,-0.06977892564895417,0.8514835295911432,-0.06416865185437191,-0.5331721710951979,-0.157966351006146,-0.004858997379206109,0.02664717240888823,0.017336296819893023,0.21979765087289085,-0.1177351804266213,0.07400674985861999,-0.46678016934166616,-0.5068065936270192,0.36750712757430837,-0.01542074763055998,-0.26678018315235036,-0.4410154230813381,-0.2835200473408951,0.3170937681584326,0.3402538921923433,-0.3724115813491563,-0.3439926163983144,-0.3396631157480592,0.07814250993583037,-0.6206022358446938,0.717031873955397,-0.40569480370003635,0.07796016859196447,0.36470129931522993,0.34593260521735,-0.0023134952317875254,0.6481416612049263,-0.3937681711233401,0.38594460644457607,-0.058410487127068006,-0.17757659261730793,-0.21864290287828533,-0.15886035251608438,-0.4088814664516421,0.6692743382912668,-0.014344904645259346,0.38505309134760685,-0.29657726405763274,0.1485373875147665,0.2860990486773486,-0.07444310341778362,0.06440153254800676,-0.2362599925950528,0.32759964752415494,-0.1743127152294356,0.4001496269967462,0.09920218531092785,-0.30604257663669204,0.2807173153269875,-0.057902679865888165,-0.010282900433997768,-0.5891714241928304,-0.17568638888908206,-0.27450054986649536,0.30758390997162066,0.4353463388287035,0.02404362975494491,-0.07071192352277628,-0.10903440224698209,-0.7858702128049363,-0.06526587916681165,-0.18618067008645162,-0.23266161857996245,-0.5179037622920961,-0.23699215474861854,0.25583589416662644,-0.5818931216701073,-0.31542619635933056,-0.09997056400258916,-0.5241723180588996,-0.5110067574523459,-0.05286403778838169,-0.0727476265170789,-0.4849132500945904,-0.4215259462413348,-0.39309767836390863,-0.14843200671699375,-0.3914902113916624,-0.3372596175672172
ParaHippocampal_R,0.107721090163873,-0.5128203387089607,-0.1095342753628486,-0.005814294648294427,0.018937126496757124,0.04705203494487743,0.5800743089334924,0.276043231416005,-0.12320943098651545,0.43331815486652636,-0.3791660984765186,0.6226739880522839,-0.08622940154959681,0.29634738001419647,1.0,0.6923901603038604,0.5851001794274534,0.21493980538073032,0.1115702457344272,-0.34277140552184343,0.5375067271517837,0.733726226191243,-0.45009240953572427,0.11325127271057117,0.07693956951951202,0.2698325684545724,0.37579104132183205,-0.0709686440574209,-0.6302640343001839,0.5616351227421885,0.15051549570359576,-0.790579635862657,-0.49216919866733805,-0.42638594245166966,0.5536635199443342,-0.1801225594708554,-0.46305842731648045,0.2442577651311054,-0.4398905774007642,0.8204171585970507,0.19480259780122572,-0.014062499714689562,-0.4801008880716932,0.2718303645631877,0.6049821936334894,0.36933091367746856,0.5728388928265269,0.5462673946132377,-0.3832537634590391,0.7690909860647972,0.6143399345324048,0.3517467691273496,0.6011051487752801,-0.23240613909683933,-0.5530688011608629,-0.15077726145015938,-0.21988560821902303,0.742406924141353,0.16371807148175424,-0.5269706096442462,0.5365407799612492,0.4515855757078956,0.17974971077646235,-0.5869505153632033,-0.4620228475999576,0.18996373638957076,0.6595153380484039,0.7113709732830904,-0.31022635224055367,0.5171016116352358,0.21512463512777932,-0.4932330978717421,-0.16207093726935082,0.6903445550529282,0.44765824149394723,0.5751474893324842,0.5067491584390503,-0.3802614624624704,0.6026134408241488,0.3089707181624533,-0.19491210196581438,-0.13934770787354425,-0.4656779363924473,-0.5100655461810878,-0.341881140466332,0.5208637122551716,0.016142301339368312,-0.06926116351552236,0.12454657454171443,0.31654758376703424,0.3647857182418121,0.015021686593054664,-0.14820741992928982,0.4529606479364158,-0.43916181860357906,-0.5869666828461165,-0.5499229526747432,0.2528539430782751,0.10684681542720866,-0.7707750860124445
Vermis_1_2,0.19181693328452232,-0.18774673329367622,-0.0965942460352743,0.21443883398689173,0.2758153066334055,0.36263930953628887,0.31904890465783586,0.16736928275859292,0.073513096287068,0.0553022803456975,-0.1925053174534095,0.5795102973376299,-0.049384355763946126,-0.14895187191434173,0.6923901603038604,1.0,0.6181919464729465,-0.1309734382127055,0.2554780258477967,0.003978150544426193,0.5141470299882931,0.5477548168559159,-0.386543390234183,0.10466507000514193,0.12174352537588766,0.42674990520796774,0.43538926675845757,0.19920917215637213,-0.23229035091344497,0.46990072993958165,0.03988807637752486,-0.584397609815463,-0.23551659237342173,-0.14425148967353457,0.3331695535389531,-0.25044724087696624,-0.2172607076886633,0.19699411405732578,-0.09672154770472485,0.7339144774000208,0.5585831482847595,-0.30294321286787257,-0.11579575488045774,0.1438132609591895,0.298446095971875,0.26028494216092124,0.341221173392543,0.27239634664185736,-0.019051170436603967,0.34761236863669404,0.49818649400721915,0.42723591506106623,0.7699433943695196,-0.17749752261396184,-0.21476664172547494,-0.35769464634848047,-0.21386428566261795,0.5370973548569505,0.27278666026850773,-0.5306690747164526,0.18788751427276634,0.5264002470791735,0.12336420727367756,-0.3278083429598344,-0.451507119877349,0.40958014382949437,0.3563906990236049,0.4524971037741335,-0.009448554818140284,0.4209808350027829,0.21464735911523622,-0.3017199823367436,0.20723286081757689,0.6770683463966708,0.47595897926707226,0.5769308317103369,0.1918567502346557,-0.3108808516447133,0.5740149565526411,0.21137825004805125,0.2413348072517776,-0.1658982434149162,-0.20924182060628324,-0.29537619348715416,0.025914366279157997,0.5568729667974665,-0.11393060087460101,0.06002733144901813,0.1772153060408884,0.34351467453407725,0.513858821273955,0.3688726068267941,0.04544954773001501,0.49028736384762817,-0.06561271595785921,-0.29656556590956046,-0.2602142922629673,0.3189257293086948,0.33380754891898345,-0.5396216572140811
LC_R,0.3569378373196872,-0.13819546736782154,0.132450455142405,0.12958009629849054,0.046487313085380975,0.2563380728068047,0.275176445702621,0.09402337251154903,-0.07666886985195102,0.10323611517700079,-0.19633469194846406,0.5208964233040119,-0.3419079371106982,-0.06977892564895417,0.5851001794274534,0.6181919464729465,1.0,-0.10843304607644136,-0.13700916116645537,0.14261736623705507,0.4498416038392743,0.538186990788556,-0.23315795888631843,0.11640421716459569,0.06885813018826503,0.07713059116493048,0.06995383319831322,0.26190621218567034,-0.1560294697605501,0.3567484594321525,0.21027309932222837,-0.5938730338756659,-0.06603355283967738,-0.27300829212752986,0.31825791114205604,-0.3196235429741958,-0.050723097684199143,0.25496077264458095,-0.10902896275268267,0.5680147247659596,0.3353626776910031,-0.17243158851621845,-0.2570580632578396,0.01966148783660611,0.3349519612042949,0.14630323686961863,0.43874015388622833,0.1327919344727002,-0.15879988277767834,0.4360258019121944,0.584705644824399,0.34020337010468155,0.6725069655385376,0.04711588660008314,-0.2269301858876559,-0.3498908568891792,-0.03256734929828272,0.4591171225128462,0.3963208519576363,-0.5837665071483924,0.31966553087526633,0.361569078484298,0.15658203207369534,-0.5227679231352393,-0.3639025170998796,-0.03360850277282011,0.422124503667869,0.5052507283687471,-0.06302606284096636,0.3473054173804256,0.3745688117781756,-0.258781496350717,0.14127472094048313,0.5244049432204126,0.4215759003510573,0.3133141383068721,0.20095615100469275,-0.10078382139277271,0.33836950264997284,0.42328010816401335,0.1595333654223831,0.07221635664694692,-0.21911898426952778,-0.34981419126901975,0.04450701336896644,0.40537627487867156,-0.037320935568196045,0.09337391812245839,0.33979210872873356,0.38611967093549104,0.48690988609930924,0.12347738362269858,-0.19690050966602243,0.2801654292734686,-0.1840890636657754,-0.2287715949179469,-0.11289288166530098,0.3653018024188265,0.15137631208280242,-0.493349922120339
SupraMarginal_R,-0.49695326757927827,-0.40219864576245806,0.15115329143482514,-0.10359280415645962,-0.04684762164979331,-0.6680760363035733,0.6803530258721857,0.6118369285492401,0.1405869847600864,0.4955620951773918,0.2098853876361955,-0.1093720248931294,0.3452568668258579,0.8514835295911432,0.21493980538073032,-0.1309734382127055,-0.10843304607644136,1.0,-0.1126896363031611,-0.6334201943513008,-0.11554227773689153,-0.03885240576148398,-0.05092355149770985,-0.3739184891832257,0.31607443917135136,-0.22632341765697406,0.11865364351638069,-0.678588102828042,-0.2743084259507372,0.5766332511044914,0.1490723156931757,-0.059484652094430615,-0.2905134364694669,-0.2066211531112542,0.4749795601405054,0.30407824410622475,-0.44457116380497613,-0.5604800483372661,-0.1740868773520215,0.15280303162683093,-0.5674907355425262,0.7762362738302131,-0.09258521581849133,-0.12650510740165383,0.32388950947964895,0.45902751230871214,-0.0012824872872003277,0.799248502747929,-0.1363225006241825,0.3033062924135433,0.03904276297151772,0.056927547634504264,-0.23398677878576768,-0.10820805502740607,-0.16991196463966327,0.7818648318783729,0.021749218307714965,0.47957276538281296,-0.08121419684669334,0.2790668912083718,0.26099970204041884,-0.022706000689179655,0.13907473362654313,-0.024608828619949858,0.43832315815556777,-0.18261355933227463,0.3141533143030032,0.0866263887533415,-0.18678083113423233,0.4421033840570254,-0.043814269381615166,0.2570433179562944,-0.34685604642955165,-0.2543665536635097,-0.19768814681004113,0.40668339696456296,0.48197142331341,0.22003714607800073,0.060920912967018355,-0.21706935331537092,-0.6338525142471675,0.10078607393251189,0.011679808869622636,-0.04154098647737999,-0.18797844855092372,-0.31083069364411325,0.2725992973492828,-0.3901240571785102,-0.19863661015177136,0.02682728191579525,-0.49952929586291583,-0.2279805297418423,0.23816273294375653,0.20536755838855436,-0.12348506910416869,-0.4108726478958954,-0.21312473917024277,-0.32213212121918977,-0.2763522650963563,-0.1778300307635385
Olfactory_L,0.020926045863425387,0.20304688091762402,-0.6096614931343639,-0.02267389575286233,0.3166985611055105,0.1897591900054736,-0.17795097417669026,-0.14935237481082841,-0.037479936964031915,0.08839481282978011,-0.1711653274522895,0.0942285023314664,0.14065803483848116,-0.06416865185437191,0.1115702457344272,0.2554780258477967,-0.13700916116645537,-0.1126896363031611,1.0,-0.011231219716708079,-0.13355111353630245,0.1120357663797557,0.07604063663238324,0.15713685220772497,0.16959172557836485,0.7257710499396625,0.5707256619897147,0.02807696780555398,-0.09502417553677378,0.07939158987198273,-0.4848250134885181,-0.07960848741836098,-0.11620602119702023,0.1473577755093706,0.14085720910873883,0.08159252690712816,-0.023341072810899175,-0.10059407619357984,-0.05082673924222807,0.05523476879528283,0.21411197431807655,-0.15507786256477032,0.05737573672601224,0.1526104747953744,0.01021408714259276,-0.08725429740722226,-0.3819448910011872,-0.007039037929397564,0.0034937215198796636,-0.12561642553080898,-0.29655587698270053,0.22743047853196566,0.22910907818547305,-0.2480775453481188,0.05156423288075935,0.007496346338726241,-0.1733005039098403,0.011091367091036414,-0.3650815020190652,-0.11389674526019601,-0.14232308628146245,0.12841672921402653,-0.29079549678938776,-0.0019780431994186136,-0.06932387717925283,0.8285846080588117,-0.010971426463906538,-0.18962664845960805,-0.024690760076925562,-0.005953634500443907,-0.049943297660102026,-0.17154113436769336,0.14701896875261553,0.2736335773263978,-0.030472152285018473,0.19987050170107223,0.1565259341513074,-0.40148116445325116,0.47613327640653835,-0.04423992543732248,0.16994268660899697,-0.6054727453822439,0.13154471224417627,-0.1526789882268029,-0.07315353301739486,0.11088474809653473,-0.02903458679954449,-0.0331204618244375,-0.2704293629677978,0.08856784178343322,0.04305890418539304,0.22649531651926416,0.16275845649283308,0.020518031704788695,0.0414689506942044,0.10078631477829939,-0.1323705148448709,-0.06764840342469285,0.23744698769191136,-0.16889187676809944
