,OFClat_R,Thal_IL_R,Thal_VPL_R,Putamen_L,Frontal_Inf_Oper_R,Thal_VA_R,SN_pc_R,Vermis_7,Vermis_4_5,Cerebellum_8_R,Rolandic_Oper_R,Thal_PuA_R,Frontal_Inf_Oper_L,OFClat_L,Cerebellum_6_R,Heschl_R,Precentral_R,ACC_sub_R,Precuneus_L,OFCant_L,Cerebellum_Crus1_R,Thal_PuM_L,Thal_LGN_L,Thal_VL_L,Parietal_Sup_L,Cerebellum_Crus1_L,Thal_LP_R,Thal_LGN_R,Occipital_Mid_L,SN_pr_L,Calcarine_L,Temporal_Mid_L,Temporal_Pole_Mid_R,Cerebellum_7b_L,LC_L,Thal_VA_L,Rectus_R,SupraMarginal_R,Precuneus_R,ParaHippocampal_L,Angular_L,VTA_L,Frontal_Med_Orb_L,Cerebellum_3_R,Thal_PuL_L,OFCant_R,Frontal_Inf_Orb_2_R,Thal_MDm_L,Vermis_8,Thal_AV_R,Cuneus_R,Rolandic_Oper_L,Putamen_R,Fusiform_R,Thal_PuI_L,Pallidum_L,Cerebellum_9_L,Thal_PuM_R,Amygdala_R,Thal_PuA_L,Hippocampus_R,Postcentral_L,Cerebellum_9_R,Parietal_Inf_R,Frontal_Sup_Medial_R,Hippocampus_L,ACC_sup_R,Frontal_Mid_2_R,Lingual_L,Frontal_Inf_Orb_2_L,Cerebellum_3_L,Frontal_Inf_Tri_L,Thal_MGN_L,Thal_MDl_L,Frontal_Inf_Tri_R,Frontal_Sup_2_R,Cerebellum_4_5_R,Supp_Motor_Area_R,Thal_IL_L,Thal_MDl_R,VTA_R,Thal_PuL_R,SN_pc_L,Parietal_Sup_R,Vermis_10,Frontal_Sup_2_L,Temporal_Inf_L,Cerebellum_8_L,Olfactory_L,Cerebellum_Crus2_L,Frontal_Med_Orb_R,OFCpost_L,Insula_L,Cuneus_L,Olfactory_R,Occipital_Inf_R,Raphe_M,Cerebellum_Crus2_R,Vermis_3,N_Acc_L
OFClat_R,1.0,0.07773417163238262,-0.6290656011784368,0.6264321787858496,0.3511971152710848,0.6908437478221795,0.0035584536493730207,0.36203470242004143,0.5147572356613256,0.15408031546603707,-0.009452115141182467,0.5368247729307823,0.20376538146608286,0.3360796537416713,0.37219700735426486,0.4547614779714677,-0.09848983530966807,0.5999480500384279,-0.0007736210553171694,0.6729787167344518,0.2883320411867414,-0.43856043043323506,-0.4481046695983859,0.3338387972106902,-0.04423571549700919,-0.20110146697918824,0.5830641762772504,-0.5296623410476713,-0.3505129592898752,-0.16404885354710716,-0.3839248055329265,-0.41647672761989524,0.5232582997521007,-0.19568543734036137,0.507979585758647,0.5219396382181188,0.6980524740383511,-0.24568615286963208,0.17982867856381549,0.5202481912704466,-0.2952819144705436,-0.35297102656784785,0.6228540710587215,0.05569814676613862,-0.6247343314795621,0.5740653903730166,0.6992534843508168,0.24236200196649793,0.4708597332114871,-0.6483256223136563,0.10740624630191416,0.2891716643710874,0.6668725515270827,0.6278983894925858,-0.13978831050439453,0.49849105627085666,0.4912611942018661,0.5858697760649506,0.3155736496009444,-0.3783135564690315,0.7880676982108582,0.09302111416665455,0.4363767000493714,-0.26473088977254405,0.5487523413737088,0.22866432463400277,-0.3533015381463465,0.009758141567277997,-0.46382870813293164,0.3841785579581642,0.10063043957427048,0.09366266896811713,0.4545758890305619,-0.17476512799578578,0.39537009832825054,0.4357865225901963,0.44684297648398164,0.3195912895052957,0.5400398670985949,-0.45766162512150765,0.19442637984407243,-0.6143513348735283,0.307673996280267,-0.21674850458968392,0.4311593359337294,0.5078444196833732,-0.06918907864452595,-0.15756905289156772,-0.2655427776967582,-0.4112018908945465,0.7911257010721876,0.3380778361894982,0.2873533380887762,-0.2944587436235954,-0.24610466238338422,-0.3304885963305304,0.44668583073636264,-0.012712273343621683,-0.07227784414834706,0.4747699849620337
Thal_IL_R,0.07773417163238262,1.0,-0.12227186657816969,0.08645509605930908,-0.252654770685145,0.5064470130802554,-0.2744749444443355,0.3922815732828695,0.012058969799323398,0.1659870342855562,-0.24484163743380646,0.4199207195511086,-0.1716492710409852,0.28017513067993044,0.37959672710687764,0.13795616572616873,-0.3820553649980211,0.4665115001896819,-0.29302419992244416,-0.2170326591441376,0.10759287031999039,-0.3343485183671744,-0.08500806882002056,0.3668020405757849,-0.36280606392401593,0.5481480158669029,0.24588678777336126,0.15432822100349988,-0.27090186774399055,-0.21790958290013995,-0.22048843739846222,0.2535801844445025,0.1107511224722228,0.017836727291783795,0.42224641208596775,0.5037727404167777,0.30489981549670936,-0.24189141267067035,-0.1496657372773118,0.5118086950368924,-0.2731953652933743,-0.006495785030953597,0.3162068564472636,-0.16132986394408785,-0.3492432520157768,0.2391976486076032,-0.09676721043276797,0.5018442415328731,0.4400273015716736,-0.17551284206044493,0.050726352244806074,0.10962546570278493,0.3340626729757222,0.31182537104733843,-0.049833329769127174,0.508129647633936,0.317213532669804,0.32648823208726785,0.039397632299722596,-0.4167042447827454,0.4140142378669306,-0.28104386936568704,0.2967264574716075,-0.2817929296780062,-0.19648114187478014,0.6595507727170776,-0.3047893887801361,-0.14864579791283547,-0.13300674890481576,0.19227792360899565,-0.16067652828464313,0.20888085889297925,0.5026831743488793,-0.19415863397915603,-0.1132119799420198,-0.09454479399523993,0.10288748315205858,-0.15251658588905412,0.5785389648187884,0.3907484632527817,-0.20482446631170786,-0.11243834486541077,0.12211074864398087,-0.35509387911467016,0.3123021543960796,-0.20416056829423898,0.5190845743456536,0.265209744534321,0.31025744043900927,-0.22388165491480277,0.2462502321750134,-0.21820536690922668,-0.25602310339559925,-0.26690576074381855,-0.20242016398565307,-0.1887383252169529,0.24063046941733351,-0.05659857216978912,-0.029447142791081637,0.41928250993571936
Thal_VPL_R,-0.6290656011784368,-0.12227186657816969,1.0,-0.3123283112294903,-0.1321140063261999,-0.8143034033455688,0.4690148245002208,-0.20930073860799117,-0.31814851829682617,0.27157880708872056,0.16261353925288557,-0.681742737041908,0.09963213220631927,-0.483818030178286,-0.21929887452858945,-0.09967579621000217,0.1444800888210593,-0.6481606122782139,0.2929302132886943,-0.1506168519579552,-0.006942489115525393,0.8260796329524775,0.7089959939724763,-0.22740414993464136,0.32075519465425445,-0.03717478575131598,-0.5508081504432135,0.8806203821552868,0.46327779078688186,0.4847638051782747,0.6439966836228204,0.4734169816500422,-0.1338511323859808,0.4482630808204447,-0.353961262579466,-0.6729168638896602,-0.7094736564660613,0.49921886104533336,0.1270584437062149,-0.6496506047059963,0.6042630094415797,0.484410445454718,-0.6289721004182812,0.3126291958062158,0.8264294871928866,-0.5948946129793214,-0.27832471894271393,0.01673121217480599,-0.5882676359582555,0.8776996281339912,0.17378815258329935,-0.0324994688251337,-0.45347163497509413,-0.4313362162858936,0.6804505280606706,-0.3665184846783592,-0.00897301158957117,-0.5702620256916827,0.043593348002366264,0.7922612167419067,-0.5348342572690705,0.16132732547366938,-0.1009118877390304,0.31394132645183775,-0.07957812500500604,-0.05899430881839735,0.7036844934526839,0.21028757117615945,0.7754236161364048,-0.36783935874038015,0.12173773125860114,-0.07880279340686387,-0.3930884154893166,0.6818594888122018,-0.020584442091209007,-0.16082092971092599,-0.26382967646962063,-0.0994280379985051,-0.47463643274558537,0.7741138662758137,0.1476965712181499,0.9364668005222401,-0.13187652363435934,0.34916490059095806,-0.06840114441074427,-0.0791539288673639,-0.2552124983133013,0.38071659159887977,0.4562068795269958,0.5669770446345122,-0.7199286133343933,0.1804736264286002,0.1056215821335871,0.5698001614058482,0.6243718218621661,0.5972714343897316,-0.4861643458315872,0.28128425702476156,0.41646378664974865,-0.664848941216452
Putamen_L,0.6264321787858496,0.08645509605930908,-0.3123283112294903,1.0,0.6178336905390422,0.4434213376945356,0.3532886248314895,0.4028964294509146,0.5950562555848289,0.34601023748813553,0.43255164663623613,0.4499887820327291,0.32742429931470407,0.13324701556339685,0.507884240118149,0.5917378043190308,0.02699843622822152,0.43980511241981485,0.1206826012842774,0.5770202679100417,0.2249780092498177,-0.1584803262299385,-0.14785413007615342,0.18781533424139527,-0.08370982169117833,-0.1631017969862647,0.5757286313134138,-0.2379119221080669,-0.2804716274093114,0.2753115537869272,-0.06859861893582045,-0.18240239308194897,0.4304590387197207,0.11029892459991508,0.314278995301221,0.28575882525956636,0.34783155213810923,-0.013360919424301055,0.4233316176948781,0.235566918328203,-0.20392809403894033,-0.17054271743462565,0.5187389855140607,0.505954906387226,-0.2792056991562951,0.30357919884578216,0.8209970154669348,0.2976432848032803,0.12026717834276608,-0.35257547977581355,0.36649227582963195,0.6094069941670723,0.7075899527916475,0.6416074107064516,0.09166871891624989,0.6367915021972359,0.5470507107577548,0.6106835032335137,0.6071027524252844,-0.11065709345893406,0.5559742426218791,0.037667249610220006,0.40863094053763843,-0.16750868799193458,0.7021322249215999,0.31343297064831116,-0.06228956799866265,0.20319371368195052,-0.04439136820270955,0.5624819131086229,0.4332587621552884,0.27950556463701165,0.4457670612592781,-0.011306598704660793,0.6497056253115335,0.5530943816134689,0.5993690871233491,0.4603286037570053,0.4389857898987742,-0.21081535625918285,0.011335654431195432,-0.32929042507644074,0.5328953022415922,-0.14166610330370263,0.6057314585697764,0.6241004070974894,-0.06358687169670164,0.09943738533328997,0.07287228923234458,0.012938234372652239,0.5504926053521177,0.49532117776674606,0.6655892427271011,-0.07788310371604262,0.1438864370921931,0.03647676180987163,0.3139718917940621,0.2861927695228694,0.4085390176715921,0.32052551393368955
Frontal_Inf_Oper_R,0.3511971152710848,-0.252654770685145,-0.1321140063261999,0.6178336905390422,1.0,0.11281819507260332,0.3781810742548997,0.11638959152625372,0.526284553051532,0.08874810661442797,0.7541004513846102,-0.005827022985854725,0.7175880661085545,-0.023942333997220594,0.23347148010327484,0.09612023180354162,0.4975556298009636,0.14477531999994686,0.31883927356284014,0.45863119110675116,0.04300302909072174,0.056071942195329766,-0.028335798220287277,-0.08229876986783242,0.18956057222849898,-0.34339700678270074,0.1645251044226504,-0.19369908826483412,0.07998712671613918,0.3183643436512417,0.1275702636089893,-0.06635025003196471,0.22708253672460652,-0.09000533342822785,-0.013200890424744502,-0.08502635901545923,0.07644636031367284,0.13899463750109373,0.4967762921682543,-0.042961138157597986,0.08034973048919417,-0.10506096200367729,0.23314033587873365,0.4539270619069405,0.017749478881015388,0.06472338933178781,0.6360051265577535,0.17765078245570337,-0.1707084372552133,-0.010454392071040756,0.3859723962085535,0.5630365604346428,0.2323555678784745,0.43614806165846204,0.11425630554946782,0.10547778823681542,0.19549496054467663,0.1411230808473362,0.5314935607334207,0.12229854732860682,0.22407035535588563,0.39485771168725775,0.06194991232390082,0.03673453333366727,0.6378800986870513,0.038589582571654235,0.212282302038524,0.3226359709695031,0.023326217091077163,0.3710117345615263,0.5508365899742197,0.3347152062621098,0.04939444283804926,0.15701298188942903,0.7551830844012861,0.5849378324055036,0.49603647509645726,0.6399911021132089,0.033126257176054844,-0.14886133719480582,-0.07908916457446545,-0.2333161334937776,0.16747540539890562,0.04851305776556593,0.2767803250303729,0.6953783109156569,-0.22697056490769638,-0.205905238418766,-0.09950185235158684,0.06231053849999196,0.19966680717448973,0.43078213353008715,0.7099596878313826,0.1903507892246115,0.20067144957386682,0.2195362213032131,0.15113842696945884,0.16730776792913482,0.30685343980859975,-0.10385022805217226
Thal_VA_R,0.6908437478221795,0.5064470130802554,-0.8143034033455688,0.4434213376945356,0.11281819507260332,1.0,-0.35578510627114474,0.3454820445849621,0.3549288714139148,-0.008675925284778849,-0.16377275104533393,0.8080164042247827,-0.08523817297077162,0.5583345172066945,0.36104164916806186,0.3096175523813421,-0.3239720377862579,0.8479665594415537,-0.37174268933411875,0.22661567444089212,0.0808232698190939,-0.8097452239035705,-0.5100541914073303,0.5428109258181176,-0.44636224090403287,0.2002360777680652,0.6905824999905898,-0.5734708353681016,-0.5729161075527149,-0.4622078578869098,-0.6611431318980705,-0.29094312580212595,0.2958994682988182,-0.25787532918643286,0.5398498156602786,0.8720366223134819,0.8136989134405865,-0.5221459478298599,-0.17682014648916458,0.8090407496433506,-0.6449297418828673,-0.3627109913735217,0.7740482457445891,-0.1973867156319669,-0.8661405393731736,0.6786592135850938,0.3430797090100599,0.3093097184929442,0.6192075052039521,-0.7509496125896893,-0.14550745915637148,0.18424694042196638,0.687860066096854,0.5983399146273484,-0.37699875875435496,0.6388793673136809,0.34006676439172784,0.7371051329878433,0.13681221751504777,-0.7835859300606434,0.7943739524239266,-0.26381011369105645,0.33575867037063023,-0.4497955714705884,0.11962924015018887,0.4890699125506584,-0.6732481579959816,-0.20871685459978867,-0.6674033948228769,0.47199875347358133,-0.09478113521003706,0.2430097636842908,0.7129785936010189,-0.5365076032550797,0.10639620491056777,0.1660456071730142,0.32952346642823255,0.03567345709591192,0.7961726416769888,-0.46790328738395603,-0.13472791669450856,-0.8278567227957594,0.24975295795906283,-0.4923672940587228,0.36354611582966234,0.10956466779030978,0.4104075472391636,-0.12232478345440091,-0.22515719651065846,-0.4840159230046807,0.832867023779978,-0.05344472330299239,-0.052113766516231806,-0.6173932452154419,-0.5461198782680511,-0.5401571132440703,0.517023219814767,-0.15351305649003644,-0.2993462614845307,0.766712013644172
SN_pc_R,0.0035584536493730207,-0.2744749444443355,0.4690148245002208,0.3532886248314895,0.3781810742548997,-0.35578510627114474,1.0,0.08043386785021678,0.12773194023221762,0.4839759700008617,0.41544336869988513,-0.22967539991579816,0.2542044485974592,-0.5608265162996803,0.16623961838073972,0.23809666334940321,0.17136891134859092,-0.2824242198121334,0.39107635266630175,0.32417914682889015,0.297152486503825,0.6482086933071398,0.43045728754787227,-0.287612926788743,0.3339175321600259,-0.4309119218821984,-0.0026664591067228436,0.3907981133830261,0.213794262606713,0.6877754161793338,0.5309758619132113,-0.14014662915565027,0.2612461802629128,0.2760941696538925,-0.19614435622424212,-0.5054300271317932,-0.38234133753665106,0.3989734173336181,0.41328934651245824,-0.570434326849252,0.39889340450674965,0.2821818451707272,-0.23875936229859965,0.7289365367183708,0.5049272574700634,-0.4308006113605059,0.3739905388989297,0.25901254984968886,-0.5047641713037798,0.3617151203046495,0.35218903702450416,0.1944109888921078,0.02732244479373684,0.13102262817923838,0.6306805254332585,-0.022814250859914013,0.3353729470814181,-0.013980782276251444,0.5709155697190721,0.6517750595738593,-0.05611655525294378,0.22130785815202067,0.1087878858167044,0.18046161646899941,0.4689617019749201,-0.05036165101390587,0.5878906198653837,0.24254106369660602,0.653924232182122,-0.16257794110178656,0.514300740596481,-0.08462500123100734,-0.09319756912397831,0.6148463528721348,0.4594190334714576,0.1920901027006814,0.17716672443203418,0.21054960689826283,-0.1592415227249835,0.29392944657840453,0.15011455922381436,0.4172386380917044,0.2711344554793411,0.22186176095358387,0.27107626165218945,0.425308870042176,-0.5860404010018366,0.17813504759369864,0.2987138765984344,0.5137172767192225,-0.23538946994484483,0.4602351570586882,0.5081503081090324,0.4602040549736139,0.7658326116497477,0.6303685043177771,-0.278975273410647,0.590959264005072,0.6993960001533872,-0.5134181047974359
Vermis_7,0.36203470242004143,0.3922815732828695,-0.20930073860799117,0.4028964294509146,0.11638959152625372,0.3454820445849621,0.08043386785021678,1.0,0.4640512343070254,0.5792364634994313,-0.07857782246750501,0.44389101874782927,-0.004467154301862403,-0.06052144054982154,0.859220274729089,0.4776186090283863,-0.19566514058386866,0.3233920919063068,0.06547186143241039,0.22737945998928344,0.7001813259543531,-0.07877109693187967,-0.3214714913991873,-0.051688702871700666,-0.1578767046773884,0.3231086014145136,0.488997520169784,-0.11852042948638246,-0.24011286680208294,0.04851864650868916,0.1344724013674056,-0.13074664803082253,0.5656872679745,0.043414301111869835,0.53499873935868,0.22379807158803683,0.1266693353444262,-0.15438855054513348,0.34430234775419905,0.21784199086840692,-0.09443359857507239,-0.21378824501832674,0.23673349696661386,0.36095295211398026,-0.3336300743693884,0.1642127352125779,0.34084418393481186,0.4123823862761805,0.524317609887376,-0.3323041313069957,0.49753941890863423,0.2137532694525778,0.46509151523096276,0.7048186395408139,0.06857200335724088,0.42811918711845154,0.5802963897612166,0.4679122985021019,0.20273215782177448,-0.1025343285307849,0.5718286036317175,0.019941835855389087,0.7607586085251405,-0.2743869779512097,0.2641291433468735,0.19022128132013574,-0.10760738742954802,0.01676541565145155,0.1503113058289268,0.13565340346350152,0.30542088524559335,0.03028645276838779,0.34626350671322137,0.01610047037363058,0.19854700795094382,0.26622773978426073,0.5543278745226349,0.1486284753949208,0.44282442835622426,0.1436264931934326,0.09587507247753904,-0.1374278585242722,0.2338257327335781,-0.332783883646069,0.6141923896126394,0.3494115514832259,0.13231056055757823,0.211650848214577,0.14674329884904663,-0.06984505941622514,0.26696797246602544,0.16908418491771207,0.18610201774805527,0.034819127143300065,0.04902795562929943,0.23399253340285098,-0.041068004747304106,0.4025664259888515,0.38752761567598276,0.2007085587307295
Vermis_4_5,0.5147572356613256,0.012058969799323398,-0.31814851829682617,0.5950562555848289,0.526284553051532,0.3549288714139148,0.12773194023221762,0.4640512343070254,1.0,0.13988941832432752,0.29941356241040434,0.26607613750857184,0.43346570636646153,0.27540862358286294,0.5929296235324817,0.2780962117062699,0.1840103575473343,0.2990131997084685,0.16207019198543837,0.5216880794727148,0.14071275564875818,-0.28891111534659364,-0.23274235013243935,0.20506482849126403,-0.1576803688828502,0.06739140003240872,0.4501312392358441,-0.28070053127979083,-0.30681996274588486,0.13436876690833977,-0.05345498278917145,0.00043095564331936166,0.26235794536547336,0.03141623477501513,0.3239803723499656,0.322000569868026,0.2617588129328589,-0.15439603166024424,0.5341594619808833,0.31121283291072305,-0.2066046055198627,-0.22953957307016268,0.3803780454602488,0.46055310579216363,-0.3562938507764098,0.3719578717849083,0.5445149418956189,0.06706519187756729,0.25817210092445764,-0.2619140929334235,0.41778520501754596,0.5436437829565178,0.49540203213888473,0.6351094443286838,0.0022521588601973077,0.34121952420791823,0.2512718264791652,0.4406274522835791,0.3428260759760178,-0.2130872559755457,0.4710737434972052,0.16877597019682464,0.36322302681196666,-0.24016663411197012,0.5022176105154927,0.1704142589356498,-0.09757635177627166,0.18558376907571908,-0.1053026589474858,0.5590578682631789,0.7015182527858635,0.3224770398993513,0.28109537916452887,-0.12022963023054165,0.4083065666298127,0.606718871146126,0.9380640136779972,0.4854459342338101,0.2685021442967382,-0.19377354277578443,0.1144228049530831,-0.3939520536490595,0.45560661224062876,-0.23779892286909318,0.40232686547693997,0.6073520857863742,0.09774935807354754,0.05432761496958455,-0.08109746620259121,-0.1453943940992154,0.39988020127662394,0.39886085658887666,0.46468465796486436,-0.01187329142093508,-0.11597598779228958,-0.04964454263808902,0.15775875641348536,0.025231195856770697,0.3823089900885014,0.3110973797636715
Cerebellum_8_R,0.15408031546603707,0.1659870342855562,0.27157880708872056,0.34601023748813553,0.08874810661442797,-0.008675925284778849,0.4839759700008617,0.5792364634994313,0.13988941832432752,1.0,-0.04135718263333407,0.15206617250130186,0.033329697947592406,-0.33285445698565985,0.5386634024316134,0.5895701936473973,-0.26662077485779884,0.0800523608797194,0.05998680046189179,0.30060428879227147,0.7057717857398745,0.3923984076118835,0.20660943327602888,-0.09007743622704589,-0.027704072634601618,0.07541829952222334,0.29738442394760173,0.29442844304566007,-0.15007758082528072,0.38684576638230017,0.2963520621027802,-0.07477899535955702,0.6917133326290656,0.508011187903209,0.27951363619059033,-0.10689781109737262,-0.21889384813534515,0.04538688509918016,0.17912277643650326,-0.2567145920966101,0.09921733353993166,0.15506141365560644,-0.007641114073591111,0.5721157264733099,0.09206995208664373,-0.1262812165122213,0.41267997624999175,0.38412126138486324,-0.02246543729444194,-0.01154574631043446,0.2427096975639176,0.250002144559256,0.36447671936607007,0.36785192037778786,0.49466982102973855,0.29734966926056783,0.7389391762970725,0.25650037377701984,0.30801246891482353,0.36998853392789055,0.2964011682099205,-0.05190142475718794,0.7959547746088037,-0.18340697874611767,0.337452358274498,0.12473563862439381,0.19960003947695718,0.0305892505089889,0.5153248858125484,-0.040307719345056066,0.31664909603429126,-0.027398590484968923,0.20850336394032973,0.42656000564002167,0.32848624324828274,0.1445961748898878,0.24433166154408162,0.010449102911841915,0.26940972281216513,0.3334471723282856,0.308118549463162,0.316374760284179,0.3494237743093392,-0.15164413232661386,0.5992590588144645,0.2982750513679159,-0.2025980661820741,0.5359855108374685,0.37863859162239283,0.5631892550620194,0.047344540877048494,0.4388100683782174,0.30230404262448823,0.11840426967163398,0.4698360756852396,0.5834667789250431,-0.3185636773403849,0.8536877052444721,0.6158466121274201,-0.10469422937927354
Rolandic_Oper_R,-0.009452115141182467,-0.24484163743380646,0.16261353925288557,0.43255164663623613,0.7541004513846102,-0.16377275104533393,0.41544336869988513,-0.07857782246750501,0.29941356241040434,-0.04135718263333407,1.0,-0.16442970459250983,0.4747834142283512,-0.06567707585047189,0.0718331258855845,0.013607727557380322,0.5627951768426241,-0.10966557197290432,0.42893093749341604,0.284709392247766,-0.12734325368478916,0.21248756058327992,0.14360279325389022,-0.07401555829621313,0.22529057110344083,-0.25456254334285194,-0.13842688191299388,0.052648465867478574,0.3478809082200437,0.3680008782507877,0.36065481423009815,0.15249124987425125,-0.11925029633397438,-0.03511974584056814,-0.17738260071963008,-0.23425964759802942,-0.10064025144064004,0.342973307488767,0.5495968022263281,-0.16092547607423424,0.22660949500645042,0.1587854113300166,0.0716159906884149,0.5087752380812552,0.3098019739558463,-0.046100196136114636,0.3944444772137317,0.09275002222365544,-0.3417946449286263,0.33347238075804947,0.5051035230877379,0.4280798342045445,-0.06513341903287335,0.2164068735526571,0.23794210273934935,-0.10030818705151588,0.06058186535138544,-0.06513174455678696,0.46462503782117487,0.2825307865140247,-0.059618705606802255,0.3819723788932725,-0.14893055832402777,0.22278999380158213,0.42867133851902306,0.038193014981950636,0.36841249790900094,0.383307787123978,0.23724548215360453,0.3189102011727731,0.5126488247594727,0.3171427460381128,-0.01285733287583621,0.19490686073775926,0.5065249268569377,0.4124847259619871,0.33919284884887596,0.5468068191815436,-0.14133346045198394,0.027045769317042584,-0.15531382405344224,-0.005898958212708961,0.10504220487980047,0.17696883578986752,0.14496237638711795,0.5017441263259804,-0.08143065681868451,-0.13933507441723117,0.0324015825131257,0.1154666405238675,-0.0833451668624987,0.3165194740473801,0.6483300808814502,0.42035961594072696,0.2964887933197333,0.29566467144372094,0.14975813020491763,0.07905787849194905,0.29046602597330795,-0.24828145706958155
Thal_PuA_R,0.5368247729307823,0.4199207195511086,-0.681742737041908,0.4499887820327291,-0.005827022985854725,0.8080164042247827,-0.22967539991579816,0.44389101874782927,0.26607613750857184,0.15206617250130186,-0.16442970459250983,1.0,-0.28651973004039494,0.3748655290208938,0.4197193482492347,0.4784258205142917,-0.511174113592372,0.655164237658199,-0.41675359151382113,0.20938505746272343,0.27694765619864176,-0.6452923894921931,-0.4475038154824546,0.36411043012240873,-0.5395231862113026,0.1941612943591737,0.7534721516537644,-0.5366839639515588,-0.5652656033587745,-0.31015819039569825,-0.45682089287744254,-0.39376603977234403,0.2881457214582255,-0.139633112795571,0.4891039358321504,0.73685311140153,0.6120652853363995,-0.5647557515368874,-0.1580668635779384,0.5802019964927524,-0.6426595210455116,-0.252917915566693,0.6829400919882921,-0.022253476958968937,-0.7357338243816719,0.5365648312961657,0.3522229450156711,0.19485312584117206,0.5330953747935719,-0.7451784964617925,-0.04003640974415476,0.061043139900630525,0.6239336278487433,0.5225272907497682,-0.2939699375018454,0.5793691329435655,0.34327826523486304,0.8328043769234535,0.09989820079790078,-0.6344897634871143,0.6607838339507235,-0.4083146374026373,0.4229196096383913,-0.5409847621752583,0.04479860311176016,0.2967533988193649,-0.6368358684196648,-0.353063985127067,-0.41148674736331065,0.3992675534425919,-0.044952085532491866,0.10400349538127454,0.6608816878035669,-0.5556164345194948,-0.030311809594748912,-0.02352015983044518,0.29440124176011945,-0.14476464749245835,0.7135683784531914,-0.4624022321349008,-0.08243115900835929,-0.6674461405980618,0.30655191715537206,-0.5889331049785913,0.3496105092873463,0.01572546214481759,0.32660842287967606,-0.04208964656500215,-0.2005981673905211,-0.2729774900184862,0.7097647003662237,-0.06117610567480878,-0.004560790532079299,-0.5381998475289326,-0.4085005244368587,-0.3175708630842505,0.359260139996598,0.08796732932117834,-0.12075231430971457,0.6698676717181788
Frontal_Inf_Oper_L,0.20376538146608286,-0.1716492710409852,0.09963213220631927,0.32742429931470407,0.7175880661085545,-0.08523817297077162,0.2542044485974592,-0.004467154301862403,0.43346570636646153,0.033329697947592406,0.4747834142283512,-0.28651973004039494,1.0,-0.006531769752202248,0.10844598731063235,-0.1185967224106753,0.490179553943474,-0.04506106673724512,0.3410746815685499,0.3035013654681211,-0.03470661218313434,0.13903347706140104,0.18328181443456812,0.04963926111473723,0.3674070719602369,-0.3619698989544804,-0.15628398966055657,0.013497248850682396,0.18845872077425063,0.3945868916261462,0.0909669680558361,0.2560362937344154,0.13568844540513855,-0.002393334379213834,-0.09263572618126295,-0.17513468403888863,-0.1204738840436424,0.12259932438870305,0.47548279593026876,-0.1538401057281572,0.3613538670074468,-0.1020593127819581,-0.022532121835036674,0.26859366867158535,0.18697885561177216,-0.07560432622724912,0.38405511242396106,-0.09930568705912018,-0.22409982750597887,0.2228177582285672,0.27961382886882136,0.6526433291849247,0.1452905653406458,0.2546953064273243,0.15247616857630855,0.003415832121338732,0.12674059269949636,-0.18676583540621036,0.4533151939041814,0.21659355999321303,0.046377768710493976,0.6806137396891889,-0.029029139944470168,0.05692433544350031,0.4579063502025622,0.01722951424155233,0.3537582668265793,0.29815982398141566,-0.01348780354096701,0.31845474951853076,0.4534656986826728,0.5010498250518962,-0.15823524032959202,0.16480073207505125,0.5234662011060449,0.5554290558936035,0.3849357971160764,0.6963585963767744,-0.22765125299679118,0.12678977012368442,0.009586275212969697,0.033575045316711974,0.09034576883245998,0.17860002303729364,0.1518044962035131,0.6800923883560194,-0.280742928121739,-0.16932278730946876,0.09437778446731752,0.04355622051423978,-0.03533293290838723,0.4351120764226643,0.634841097462521,0.2189010259912628,0.17074762245299702,0.16623514132236705,0.0070090899453317855,0.0711426556294735,0.28841590827235347,-0.18053531764396125
OFClat_L,0.3360796537416713,0.28017513067993044,-0.483818030178286,0.13324701556339685,-0.023942333997220594,0.5583345172066945,-0.5608265162996803,-0.06052144054982154,0.27540862358286294,-0.33285445698565985,-0.06567707585047189,0.3748655290208938,-0.006531769752202248,1.0,-0.05868713206894866,0.06554664256304008,-0.03618246405708522,0.4882414438572746,-0.25072401738239586,0.12822393843635008,-0.4190155901559924,-0.725571189331856,-0.3126697072695164,0.7438814635753931,-0.4024901857732483,0.3984072631402497,0.2656363336400921,-0.36040560324432624,-0.4063199385362407,-0.47931383206604306,-0.5569507897718634,0.31851432726131906,-0.26548831874594814,0.06934385456430978,0.3664907357167835,0.7842656990283057,0.668221190696217,-0.32595887123905604,-0.1569398614613807,0.7512563693736731,-0.5530609515760749,-0.07164529578906073,0.5973269123341051,-0.3407310161654094,-0.589799288391722,0.8460125399284989,0.06393571156550111,-0.16001033632626488,0.47612967951458723,-0.3528528373434475,-0.22096725361703567,0.27686356856230376,0.44348225119506574,0.1332392719292507,-0.3930778901164085,0.39506679052308913,0.02579612007323451,0.3231394204543415,-0.0787614543980493,-0.6486240442521891,0.3079357810563244,-0.23443160177584668,0.03271775989695129,-0.15840318331102507,-0.05517336085845792,0.41068677587070446,-0.6532804448843351,0.006465048570481494,-0.6280189760915016,0.7408025568954759,-0.1865371436258546,0.5258603165014449,0.4539267476981799,-0.5482527550655862,-0.09134195797006026,0.23858291988477423,0.2009654022149176,0.04507362768084192,0.4494105994728713,-0.35823894058183703,0.16324194945906154,-0.5524303872824318,0.216943767108058,-0.19498762678442416,0.15486213241695254,-0.06999548397100457,0.7148182478932955,0.1349394334023446,-0.13731634796240155,-0.3943341794753225,0.5570285316136415,0.04802906406963713,-0.14315752585923186,-0.47765015030548363,-0.7738378907624868,-0.720467869601248,0.4886890838928247,-0.5381656078841734,-0.44326528393795966,0.7945965518742527
Cerebellum_6_R,0.37219700735426486,0.37959672710687764,-0.21929887452858945,0.507884240118149,0.23347148010327484,0.36104164916806186,0.16623961838073972,0.859220274729089,0.5929296235324817,0.5386634024316134,0.0718331258855845,0.4197193482492347,0.10844598731063235,-0.05868713206894866,1.0,0.4470148704746651,-0.09257188541261469,0.35939525305244696,0.13866674764962267,0.2959385833414185,0.647037204213371,-0.12332932262595833,-0.32739195274421357,-0.012386887766757632,-0.14772358867832208,0.2746429337814088,0.48190782081760875,-0.12319179067697655,-0.24549382604613657,0.16872190228355324,0.09718066706533887,-0.10137738051776604,0.5508050737759493,0.04115507148543603,0.530309896655469,0.22501716829621232,0.11033070751259329,-0.11888050872433989,0.48628938766754926,0.23616582577696812,-0.09049537863589485,-0.16165935653146032,0.26707040830636386,0.4451637803623454,-0.3111417801913992,0.12332320018746198,0.4365446800358144,0.3887106144082799,0.49419222869835133,-0.32784542343879153,0.5795584944750698,0.3535233962252426,0.44435441412393706,0.8276149340807907,0.08672970355807248,0.4594431087973212,0.5589587274866357,0.48597590175651045,0.2696711653917663,-0.12828880410967844,0.5772441406940422,0.09236118304564953,0.6903814121935806,-0.2605242449426811,0.3632413342652167,0.20968117054568491,-0.03877442937528302,0.08942736973313095,0.09855146936900806,0.2429509913506186,0.45966733384164576,0.12422038909752484,0.4045972950719575,0.002974421937698988,0.30635842305430394,0.36563160080057927,0.7030286331437192,0.2823697855144891,0.45403107893450667,0.11082938002930663,0.08827830652414217,-0.17341641441431177,0.4127602600080893,-0.31864220571039964,0.5866094411179471,0.46262294121951697,0.16224352123335575,0.17767945723503314,0.12453623574489173,-0.06137405543232183,0.29093998779464647,0.22452035218273725,0.3244101409105726,0.06715413873984992,0.09656208880934739,0.26854687359952356,0.06548865345415701,0.3893010917057217,0.4511457724439339,0.20391827323073564
Heschl_R,0.4547614779714677,0.13795616572616873,-0.09967579621000217,0.5917378043190308,0.09612023180354162,0.3096175523813421,0.23809666334940321,0.4776186090283863,0.2780962117062699,0.5895701936473973,0.013607727557380322,0.4784258205142917,-0.1185967224106753,0.06554664256304008,0.4470148704746651,1.0,-0.43733976508202677,0.3659074004243991,-0.16956087009460363,0.49958925836740825,0.48406078053942136,-0.08664922983328681,-0.08622191855367324,0.24604583439336944,-0.31066593045466323,0.08650341536467594,0.5634269207795323,-0.021910099033829924,-0.34667050710475733,0.08481049219239095,-0.05128065994654941,-0.15073425793128725,0.53083270992243,0.33664031133509476,0.4043648571645075,0.31151208878240316,0.24732338031922113,-0.2372400607145434,0.08039955353719204,0.14377523134750114,-0.2847669545323722,0.02762822187357433,0.36391481103835216,0.35269081111859224,-0.30192081575282526,0.3179286078252518,0.6165389270672915,0.17959487426594758,0.2617726833746659,-0.33776492196617436,0.2031350549990269,0.2227089427136087,0.5840115231082399,0.45261457281120115,0.20174372215217956,0.4673550636284443,0.5878587401438436,0.5380163039896964,0.2150829203349677,-0.06431503734802653,0.49461437693230303,-0.2843406622489905,0.6668322510428168,-0.3975515097538211,0.3830525859112102,0.14032209690412825,-0.21105593853045576,-0.09970913770778737,0.11691108440348248,0.29646124880537666,0.13731634475939383,0.03526738065456215,0.47106146807320853,0.001419490377523308,0.2552460836936179,0.14633784449629705,0.26475818836689474,-0.007677558497285301,0.5086156665779378,-0.11478393756201091,0.40712749784678237,-0.08428935152986766,0.4447263422729489,-0.35379343190568757,0.549705196985468,0.2540604670205012,0.06189881491788646,0.3447630324432051,-0.02948018964758968,0.19632038057101875,0.46095115869732795,0.4355221086391016,0.3373639002928544,-0.2316550220409158,0.023970825602587592,0.1447704978648549,0.029466115012138083,0.43462777750197523,0.2647063549742621,0.31169753384385634
Precentral_R,-0.09848983530966807,-0.3820553649980211,0.1444800888210593,0.02699843622822152,0.4975556298009636,-0.3239720377862579,0.17136891134859092,-0.19566514058386866,0.1840103575473343,-0.26662077485779884,0.5627951768426241,-0.511174113592372,0.490179553943474,-0.03618246405708522,-0.09257188541261469,-0.43733976508202677,1.0,-0.25612601848384875,0.7520832988322996,0.0018406032688381944,-0.3465016778315622,0.26187095660975784,0.05609238446207257,-0.2014871740964455,0.636944691477346,-0.18099352111170144,-0.38823278724515337,0.01994156511369017,0.430874658505334,0.2630619096534707,0.304285765887201,0.154246573308814,-0.31358083524954244,-0.0644447081879722,-0.20634267862951278,-0.39682939585899035,-0.22698067519849438,0.6982262619194057,0.6115897033001163,-0.16888066078194777,0.42658768289000887,-0.01354716217070417,-0.2689402795992901,0.1507316582292617,0.3755949145310661,-0.1616255445292664,0.009846828681833297,-0.0299179889027204,-0.2435788782210881,0.3817672571293933,0.2840412877714704,0.24887059583226154,-0.24135076756542623,-0.03853401014765531,0.033574922395764206,-0.21867467081477532,-0.16423589928801532,-0.35998007972042095,0.25042218660732557,0.3272548021674241,-0.2771746288488645,0.632388895741948,-0.34137435319975246,0.7740627701019508,0.4140004517986898,-0.06480825463548019,0.46074693661340405,0.7452464269528476,0.0812779519804547,0.06401087496113372,0.27280590832249546,0.06865851376057523,-0.3686787615366317,0.3342056414100675,0.4249309769853828,0.6546203368956875,0.20427067427926593,0.6977163618427448,-0.3710130327142602,0.05740199620076968,-0.09332141099968567,0.07694928288661985,-0.09831697403797109,0.6917145846047154,-0.06124109144836672,0.43198973786602607,-0.11973127410654598,-0.09399712243396248,0.009681347143004856,-0.06605311924908808,-0.32893833880802453,0.09701516471215922,0.2215377587885011,0.5338167172992686,0.22769394817970426,0.03337743553170407,0.04652572399696729,-0.2096028716811807,0.12463633003487007,-0.31499872935966866
ACC_sub_R,0.5999480500384279,0.4665115001896819,-0.6481606122782139,0.43980511241981485,0.14477531999994686,0.8479665594415537,-0.2824242198121334,0.3233920919063068,0.2990131997084685,0.0800523608797194,-0.10966557197290432,0.655164237658199,-0.04506106673724512,0.4882414438572746,0.35939525305244696,0.3659074004243991,-0.25612601848384875,1.0,-0.2711848537962393,0.201578572028853,0.08569995712921488,-0.6400206985545102,-0.45840305551838245,0.5549540956106986,-0.3421261442388328,0.20197074663539716,0.5807901610779255,-0.4805742216953172,-0.46563618337060136,-0.27464569010761514,-0.4884617723518015,-0.1922875710665793,0.3151732686554332,-0.09161116016099916,0.5434975666123644,0.7386888636547453,0.7299217342946541,-0.3653376458158095,-0.08275002311586219,0.7412594662631389,-0.4962124362908427,-0.3527137891458766,0.753378667973209,-0.10838170906273234,-0.6795340314432706,0.5847674228474737,0.36900810244240184,0.27742791446724185,0.5696094532634273,-0.6164896159388603,-0.11956534902613367,0.19246803404448173,0.6235808198730861,0.5525595360032982,-0.31499434100611307,0.624401744534389,0.4373191118963417,0.6252596782974207,0.18299672376173529,-0.6211177548420458,0.7116402351099149,-0.22368701315874756,0.3631110611701718,-0.333024985535299,0.23042063994039133,0.5133757184863413,-0.5613874562994522,-0.10002151116979077,-0.5230171757424648,0.41455527999122804,-0.1105604365324561,0.2344112026056644,0.6478553238932433,-0.36782795422732745,0.17460146608961608,0.2072852284200011,0.28870568164453647,0.05289102247184033,0.7347130008458119,-0.32747309585076634,-0.1446748391567673,-0.6330574850537897,0.36137659695135516,-0.3839438569929615,0.4182570305158494,0.1399945910410945,0.3954206717783455,0.0025795403432127785,-0.1338422572431678,-0.3795752057767088,0.8097339124920065,-0.008636719220881715,-0.015014611440774922,-0.46960102039580176,-0.40763921487511356,-0.41942930768724224,0.4986232740125555,-0.07979569210151406,-0.19993190569098448,0.7214858927452555
Precuneus_L,-0.0007736210553171694,-0.29302419992244416,0.2929302132886943,0.1206826012842774,0.31883927356284014,-0.37174268933411875,0.39107635266630175,0.06547186143241039,0.16207019198543837,0.05998680046189179,0.42893093749341604,-0.41675359151382113,0.3410746815685499,-0.25072401738239586,0.13866674764962267,-0.16956087009460363,0.7520832988322996,-0.2711848537962393,1.0,0.10887908005413742,0.03330414259898843,0.5062023489219437,0.13323226954481784,-0.2760695994764963,0.8365907790258793,-0.31892844475200455,-0.3490039862573721,0.13292147484161917,0.5856785843206447,0.4440044472167854,0.5989604766962423,-0.010432924697745781,-0.07277637255929292,0.03898274565397259,-0.10529907252960588,-0.48954079173996085,-0.2799271071241174,0.7390150648142119,0.7803173346081419,-0.29200572533454655,0.6737148024115486,0.05440715029669839,-0.2808041405306824,0.3772850306660291,0.47682394316705673,-0.233289947121938,0.09404963817787979,0.11918061846433946,-0.18484830255114235,0.3879104592116204,0.5209842131218786,0.13518547483845786,-0.16541771173975048,0.11872455961942699,0.23353002598286787,-0.12247978296078495,0.12213033364337397,-0.2606882831115166,0.3587108553148177,0.5547729020882514,-0.09409380254590523,0.7200797417038646,-0.09422600332313096,0.7499575036575482,0.44432914127386786,-0.0412281763877401,0.5720761846036667,0.6059222649226564,0.3619325189272488,-0.08760104993460165,0.34082612159719994,-0.026848608013439187,-0.29691042045705357,0.5078524764760785,0.3018735953714032,0.5307555945546777,0.25886350346770876,0.5909778445855618,-0.3086857885214965,0.22547297902574837,0.008202320094869415,0.27311989242234425,0.03883619263530595,0.7386100196053531,0.10116365643918744,0.5448329012596937,-0.29322158997908315,0.021101992660393924,0.17779068744775856,0.03430289717312577,-0.287233612624867,0.22562298458972754,0.3422512810411742,0.7931250332068377,0.4307923173052569,0.21085882548685664,-0.01283044166505045,0.09030820020581372,0.3646555741301593,-0.3841569698908134
