,SN_pr_L,Thal_MDl_R,OFCpost_R,Temporal_Sup_R,OFClat_L,Heschl_R,Cuneus_L,Occipital_Inf_R,Temporal_Inf_R,Red_N_R,Vermis_8,Thal_AV_L,Thal_MGN_L,Paracentral_Lobule_R,Vermis_9,Amygdala_R,Temporal_Sup_L,N_Acc_L,Thal_MDm_L,Precentral_L,Raphe_D,Frontal_Inf_Orb_2_R,Insula_L,Postcentral_L,Vermis_7,Hippocampus_R,Cerebellum_10_R,Parietal_Sup_L,Precuneus_L,SupraMarginal_R,Vermis_6,ACC_sub_L,Occipital_Sup_R,ParaHippocampal_L,Supp_Motor_Area_L,Raphe_M,Temporal_Mid_R,Frontal_Mid_2_R,Frontal_Sup_2_L,Thal_VPL_R,Temporal_Inf_L,Vermis_1_2,Thal_LP_R,Rolandic_Oper_R,Occipital_Sup_L,Thal_VL_R,Caudate_L,Parietal_Inf_R,Cerebellum_Crus1_R,Thal_VA_R,Frontal_Sup_Medial_L,SN_pc_R,Frontal_Med_Orb_R,Pallidum_L,Rectus_L
SN_pr_L,1.0,0.34029242893075745,-0.09311110924956956,0.397523819736501,-0.47931383206604306,0.08481049219239095,0.5200127701059782,0.5405761901742008,-0.24159129481753538,0.8042663072697348,-0.5399158150816711,0.29379672809072777,-0.2506632272850244,0.4307035345027835,0.3350582136918616,0.545197728949895,0.24192794686923688,-0.40667643509850543,-0.04723582201672262,0.299184104900192,0.5671382375629501,0.30612541897968726,0.4727291929366289,0.32328297265170064,0.04851864650868916,-0.2596248247166476,-0.3005786697449844,0.38219723046451876,0.4440044472167854,0.44284920439583736,0.025097078820708413,-0.29160000717170803,0.44964536087495166,-0.6039660191585622,0.3818640149162851,-0.25672568757526215,0.370309148530486,0.3355709449221501,0.37431694392280257,0.4847638051782747,-0.5052964224775657,-0.11262664901304277,-0.13562707352721046,0.3680008782507877,0.3656745188432802,0.3576416012563277,-0.12299021239795928,0.2586932333225529,0.15443519060071964,-0.4622078578869098,0.382196640273892,0.6877754161793338,-0.35175540402338373,-0.014177802743870972,-0.4441407394795062
Thal_MDl_R,0.34029242893075745,1.0,-0.16889052365785753,-0.018324449198425498,-0.35823894058183703,-0.11478393756201091,0.43535750525700057,0.46206307080895104,-0.2810331840753232,0.49809166094086144,-0.24330221168970084,0.4677845214247873,-0.13339035348462236,0.004065685234249413,0.38162690720275355,0.1046088541401987,0.302676603406683,-0.4201050305036185,0.3484358223162127,0.0853281143442594,0.19221473674539827,-0.27977878152813124,-0.013256690504432796,0.15163506525094042,0.1436264931934326,-0.2063002827631018,-0.13106686245489874,0.22906104450412476,0.22547297902574837,0.38653634123580327,0.04155069131646907,-0.39969586179205635,0.38231261748634826,-0.3122234028667277,0.004250236493827073,-0.33004978179752753,0.12379726276778909,0.19212912323229375,-0.061870076315701135,0.7741138662758137,-0.023707732241366283,-0.11043999168823818,-0.394577647732394,0.027045769317042584,0.40292126160304903,0.7227042934778585,0.11786059806764258,0.20953041262801797,0.1252717821561822,-0.46790328738395603,0.08520857164152677,0.29392944657840453,-0.5200474833835765,-0.08212169532223307,-0.5601108057034404
OFCpost_R,-0.09311110924956956,-0.16889052365785753,1.0,0.41618974459208585,0.4795420736541071,0.48324628878140735,-0.26371448437289985,-0.2710142952284649,0.5167425624447776,-0.22729417894381693,0.43191173957365375,-0.10386060696569188,0.49827227425299025,0.28956600077402467,0.13160123210350025,0.33046770315741464,0.39502915600997435,0.5320178015688549,0.2610407672274562,0.12344584585926141,-0.08925768552842761,0.6092367425866566,0.31179730815638823,0.051680831113420186,0.3879547423290552,0.7205395935648713,0.46858969068446277,-0.09094255870036747,0.028226347955419635,-0.16237972273367876,0.36514077200471606,0.5185469708259585,-0.3116318618268889,0.5174231570317249,0.34209694707166544,0.320374536295733,0.1966418587378074,0.10050454500817212,0.4451281697089791,-0.37097983630545084,0.18725167324894407,0.6847401575287448,0.4666631275320041,-0.03913644366878871,-0.36705817368033467,-0.060055282179308174,0.44195134493015475,-0.19105388842370635,0.19644795879882718,0.5770193464222323,0.431693780061171,0.027599593067237284,0.6588551931525228,0.6150482607101058,0.6493141146055937
Temporal_Sup_R,0.397523819736501,-0.018324449198425498,0.41618974459208585,1.0,-0.23317370500380313,0.5260718097621317,0.16639340305480751,0.3869832379132171,0.4678014463972526,0.38088618161471016,-0.04429206832096596,0.18185963384305195,0.14418219120996367,0.515752316735511,0.28161105317692087,0.5994928862805254,0.3206673811092336,-0.10598430413119962,0.37174344392257763,0.35992727531742846,0.3790787328468023,0.7444832583256747,0.6454828020932303,0.2480670940919094,0.4216559871522067,0.4244564006033377,-0.09078875552053164,0.17611768455944302,0.27906370236590033,0.22517345188192553,0.3230569611099974,0.13688221426217342,0.19147975208639625,-0.0717527758769816,0.5515020346360499,0.08303115337132724,0.8344356291975515,0.299050432149808,0.6825153177121971,-0.044894931698748274,-0.3414095519095221,0.1731944954407473,0.32170376887019425,0.46228903355011486,0.031084751704565983,0.13488682016617337,-0.08149464419805423,-0.02546118210432763,0.4581589221353727,0.13869741340696434,0.5592563273897821,0.5451427449292434,0.24295005891363364,0.29408318385261073,0.12227690892672469
OFClat_L,-0.47931383206604306,-0.35823894058183703,0.4795420736541071,-0.23317370500380313,1.0,0.06554664256304008,-0.47765015030548363,-0.720467869601248,0.07241962196792659,-0.5281712576800005,0.47612967951458723,-0.39792079805098046,0.4539267476981799,0.027109809557878825,-0.34027662844326534,-0.0787614543980493,0.2526074781398582,0.7945965518742527,-0.16001033632626488,-0.19843105620047163,-0.1986041196564236,0.06393571156550111,-0.14315752585923186,-0.23443160177584668,-0.06052144054982154,0.3079357810563244,0.6332362488110719,-0.4024901857732483,-0.25072401738239586,-0.32595887123905604,0.023735135688296764,0.6155781643310999,-0.5134443517635893,0.7512563693736731,-0.03699327461201561,0.4886890838928247,-0.47153816819750866,0.006465048570481494,-0.06999548397100457,-0.483818030178286,0.7148182478932955,0.5883047726626052,0.2656363336400921,-0.06567707585047189,-0.4678882725383784,-0.2570187162237032,0.5828906210513155,-0.15840318331102507,-0.4190155901559924,0.5583345172066945,0.047479182192766464,-0.5608265162996803,0.5570285316136415,0.39506679052308913,0.7020246250926228
Heschl_R,0.08481049219239095,-0.11478393756201091,0.48324628878140735,0.5260718097621317,0.06554664256304008,1.0,-0.2316550220409158,0.1447704978648549,0.4376032804232258,-0.050254535055552586,0.2617726833746659,-0.11854436072598445,0.47106146807320853,0.0759004518961984,0.4617884391343249,0.2150829203349677,0.08146141646716992,0.31169753384385634,0.17959487426594758,-0.21429630125812385,-0.016029111307041814,0.6165389270672915,0.3373639002928544,-0.2843406622489905,0.4776186090283863,0.49461437693230303,0.059144624840426326,-0.31066593045466323,-0.16956087009460363,-0.2372400607145434,0.4985866203837174,0.4030235745242197,-0.293705329634656,0.14377523134750114,0.02898223535681449,0.029466115012138083,0.355420633443846,-0.09970913770778737,0.2540604670205012,-0.09967579621000217,0.06189881491788646,0.43472418405766866,0.5634269207795323,0.013607727557380322,-0.31863537196972824,-0.0002882492804049596,0.3510650767135608,-0.3975515097538211,0.48406078053942136,0.3096175523813421,0.2995767948144969,0.23809666334940321,0.46095115869732795,0.4673550636284443,0.32391356883685624
Cuneus_L,0.5200127701059782,0.43535750525700057,-0.26371448437289985,0.16639340305480751,-0.47765015030548363,-0.2316550220409158,1.0,0.4831531230184995,-0.15480488171268825,0.5346493284605458,-0.3249582454382802,0.5350589645559825,-0.41372577362919194,0.37442481570463343,0.0777856713093875,0.19697382048851253,0.03539326979644353,-0.6166748831039168,0.09698062356044876,0.4847234969024399,0.3308412628581038,-0.08318996338225544,0.3043568708769278,0.5808318693396424,0.034819127143300065,-0.2880368051395475,-0.1577519282351473,0.6980308699633628,0.7931250332068377,0.6869265613253541,0.06260044373598456,-0.5062456761934658,0.9000359758208418,-0.49462874059618317,0.3451987158938076,-0.1408842148171244,0.4383359116498377,0.3725982829337253,0.30154556922655645,0.5698001614058482,-0.36022787682233637,-0.26176811049080473,-0.5386052645064004,0.42035961594072696,0.8716138912249688,0.47169328107607505,-0.32657564227558517,0.5609826131350093,0.1351080533110817,-0.6173932452154419,0.2808414299626717,0.4602040549736139,-0.5156000996931143,-0.3432547420126668,-0.463691551057917
Occipital_Inf_R,0.5405761901742008,0.46206307080895104,-0.2710142952284649,0.3869832379132171,-0.720467869601248,0.1447704978648549,0.4831531230184995,1.0,-0.0018448918565804218,0.5861512183410569,-0.4580260452596168,0.347815185984253,-0.21791919052092676,0.03302385238984035,0.5420902690132948,0.1259266834722252,0.12638952739414108,-0.6563385434383795,0.20311791998015538,0.19632581127565596,0.28741917634823944,0.13281267006308553,0.38504748479592815,0.19586820947853353,0.23399253340285098,-0.2113643474361122,-0.7092579189619975,0.17994441629173835,0.21085882548685664,0.24422077591553995,0.14927426179326084,-0.38493162388463475,0.4611203639634549,-0.6819936154560915,0.12765284394439563,-0.5439570518800046,0.6118229324083898,0.05562803228403189,0.21162062385143832,0.5972714343897316,-0.4228800431124662,-0.44753628902496295,-0.16082299476961812,0.29566467144372094,0.38587632942235,0.4314588028260574,-0.351093105890164,0.005818556987350583,0.529459959874807,-0.5401571132440703,0.11751519669400172,0.6303685043177771,-0.47033716184849356,-0.28927403122440104,-0.5638265307994713
Temporal_Inf_R,-0.24159129481753538,-0.2810331840753232,0.5167425624447776,0.4678014463972526,0.07241962196792659,0.4376032804232258,-0.15480488171268825,-0.0018448918565804218,1.0,-0.24864646921200823,0.6716161348391643,-0.22874601880801215,0.471670936066258,0.15729378225935797,0.1977792719646923,0.08675172629914298,-0.059842965996927004,0.31083223930377823,0.39177079666969106,0.20850025885909024,-0.032247888198476696,0.5136358301102385,0.24611153987736753,0.12003512170548426,0.697506166267648,0.8069284315118772,0.13581718083641603,-0.11124200689628899,-0.022296592238891813,-0.3644578698563823,0.6605978221159376,0.46952450041580485,-0.15344068696138075,0.45802684999943793,0.23604452264858772,0.3034420625495511,0.5484032495336074,-0.15836664725585817,0.42465984583177613,-0.583939933194538,0.057484156510862194,0.3892053784587401,0.5270831617903838,-0.05276689669486426,-0.2487615155256448,-0.3768588923930168,0.03299740031411874,-0.38547827311053917,0.671433902282406,0.627017825551467,0.2625788561431519,-0.06796288560966887,0.6078792471082973,0.3426404431620585,0.49794274683269524
Red_N_R,0.8042663072697348,0.49809166094086144,-0.22729417894381693,0.38088618161471016,-0.5281712576800005,-0.050254535055552586,0.5346493284605458,0.5861512183410569,-0.24864646921200823,1.0,-0.5319329325729801,0.3291796685302929,-0.31960045895933614,0.46926479289363454,0.25973783530698163,0.5153727008730222,0.23581973243353133,-0.5159916308468966,0.06746797557920929,0.34750998921360915,0.8183198466629386,0.12773995844771285,0.3473790363377994,0.3516554504652926,0.12618247543905273,-0.31213395032865715,-0.3745143699810881,0.3463699876433127,0.40204089054956793,0.487347474824758,0.01916587289586828,-0.40584829096665587,0.48556653307364134,-0.5856377270951472,0.3722370250754571,-0.3098607385375615,0.40525553055719543,0.36663462441402983,0.3124687052679725,0.5048545082267715,-0.44962759759171533,-0.23915179986416996,-0.20459769837797936,0.4261605377075659,0.37975394533934514,0.4039824570166207,-0.15388894095225533,0.26401103581812063,0.1322580086028256,-0.4610112962088954,0.2902501220326889,0.6075335220407835,-0.4730570079762457,-0.06982414958414686,-0.549496655252404
Vermis_8,-0.5399158150816711,-0.24330221168970084,0.43191173957365375,-0.04429206832096596,0.47612967951458723,0.2617726833746659,-0.3249582454382802,-0.4580260452596168,0.6716161348391643,-0.5319329325729801,1.0,-0.3093461288750062,0.45455355021501404,-0.02404823336449493,0.03717920984963394,-0.23553503347213883,-0.12365005140087842,0.5876830846049016,0.1702151745046375,-0.10081063187660673,-0.27213730774685835,0.10087734885253599,-0.19293943223750692,-0.13128292978214584,0.524317609887376,0.5819861288025404,0.4971724691825708,-0.30205452600240956,-0.18484830255114235,-0.37480340377891624,0.5624610310936414,0.48151593149625993,-0.3217441882313226,0.7320149431194962,-0.05639419978693661,0.402207749512191,-0.03439302255770007,-0.12624078198036776,0.0022777959086210365,-0.5882676359582555,0.5156914154783944,0.6106913361833447,0.37533283709274784,-0.3417946449286263,-0.3538399475346193,-0.4375319370193469,0.32197551153105675,-0.2849098764726857,0.2820967759755816,0.6192075052039521,0.03664836422162454,-0.5047641713037798,0.5302065509418383,0.3932590470797942,0.5768339859603803
Thal_AV_L,0.29379672809072777,0.4677845214247873,-0.10386060696569188,0.18185963384305195,-0.39792079805098046,-0.11854436072598445,0.5350589645559825,0.347815185984253,-0.22874601880801215,0.3291796685302929,-0.3093461288750062,1.0,-0.35068138780488234,0.13697259254328956,-0.0005962981891271006,0.18377322302905372,0.17813769235422192,-0.5591403553614817,0.32646959318069674,0.27655438134736526,0.1282136848662033,-0.0705387814900663,0.1373061223904264,0.3025538389767609,-0.04853421828890922,-0.14830194662918783,0.029350578440294265,0.4170665556703104,0.42305785651882266,0.5593150115814454,-0.08616818182614563,-0.5229253727312468,0.5051809088344026,-0.3158892632965394,0.22214507850217,-0.2008488114848243,0.25603283787720493,0.4094900734278464,0.20845442673372422,0.5834634558720613,-0.32432455177795294,-0.15004589119845796,-0.34796199960362373,0.21752157723722887,0.48862366575004573,0.6989590729940884,-0.2268474555081755,0.3875439039945886,0.0015878416624989634,-0.43718475917782207,0.27469052604246497,0.45499285309546317,-0.47256339604215114,-0.22589893917340453,-0.38396753649079773
Thal_MGN_L,-0.2506632272850244,-0.13339035348462236,0.49827227425299025,0.14418219120996367,0.4539267476981799,0.47106146807320853,-0.41372577362919194,-0.21791919052092676,0.471670936066258,-0.31960045895933614,0.45455355021501404,-0.35068138780488234,1.0,-0.0833718924621631,0.1687713683743839,0.14006985406161135,0.002918364616022526,0.631168955199764,0.3549387808619167,-0.2864667263536821,-0.14221058622161198,0.3496077290133933,0.0853875486671857,-0.3385439326767541,0.34626350671322137,0.7050079503827572,0.3392648770518081,-0.4648784221317448,-0.29691042045705357,-0.3913421199272129,0.4447348422560764,0.7090783182428144,-0.43771540949854626,0.6302955331050587,-0.12292561579593872,0.3135853139428306,0.009871048436052576,-0.19295240657982687,0.07981890699743852,-0.3930884154893166,0.47697860679270737,0.5751122919192205,0.5614185719876932,-0.01285733287583621,-0.47204114224717586,-0.10536980520503043,0.5851595525924439,-0.42153916262541585,0.1592522434110162,0.7129785936010189,0.1371345721181717,-0.09319756912397831,0.679085188638408,0.6093626905801889,0.5426229434351586
Paracentral_Lobule_R,0.4307035345027835,0.004065685234249413,0.28956600077402467,0.515752316735511,0.027109809557878825,0.0759004518961984,0.37442481570463343,0.03302385238984035,0.15729378225935797,0.46926479289363454,-0.02404823336449493,0.13697259254328956,-0.0833718924621631,1.0,-0.06217526880393285,0.5489251611054526,0.34838868450721244,-0.039364002028837115,-0.011016296885813424,0.7198112904622664,0.5737272278161674,0.4114791066748607,0.5151038276919464,0.6803085149918783,0.1984610000026054,0.13123261531258493,0.15437150631381705,0.5377652881893237,0.6751860726953653,0.44290594417629814,0.1280358846744026,-0.013828066563974645,0.4319037379624263,-0.025607331758360434,0.8449914316267566,0.1670683578241588,0.4281641445122406,0.5753605374833328,0.7475306066979004,-0.043865357369471725,-0.15231750527140928,0.22753053581979074,-0.0283428786596931,0.5015414913439488,0.21664074597621163,0.06256741179472937,-0.0012371752003108901,0.410969311498282,0.05637079365412409,-0.007405844971907128,0.6267825281404379,0.25752532477063456,0.036976123716255097,0.18485604639738984,0.08855372486084263
Vermis_9,0.3350582136918616,0.38162690720275355,0.13160123210350025,0.28161105317692087,-0.34027662844326534,0.4617884391343249,0.0777856713093875,0.5420902690132948,0.1977792719646923,0.25973783530698163,0.03717920984963394,-0.0005962981891271006,0.1687713683743839,-0.06217526880393285,1.0,0.08102430917788792,-0.007200965945221349,-0.08981490047525136,0.2825818184384949,-0.18961380506799372,0.016819348057282746,0.19378096135811793,0.1059682559437921,-0.1700418209796852,0.5686542541986274,0.12391271524796844,-0.3372899701827733,-0.0875975518001465,0.0008553526979748599,0.021521646900010852,0.5010202702589984,-0.002149611343870427,0.009623381589552957,-0.30004707015218773,-0.056579690325287764,-0.4166481600121037,0.3473847766476146,-0.014461418240564863,0.060504277759836925,0.2842489725392246,-0.10469585159479623,0.09239037146759184,0.25497696632018796,-0.21685658334811425,-0.017623364534538256,0.18010965538093504,0.2115325168143232,-0.14762199922270322,0.6895841167970777,-0.0970616824571621,0.12496012576396058,0.3570619518458812,-0.041555400180712215,0.2522448523463942,-0.23630706367084214
Amygdala_R,0.545197728949895,0.1046088541401987,0.33046770315741464,0.5994928862805254,-0.0787614543980493,0.2150829203349677,0.19697382048851253,0.1259266834722252,0.08675172629914298,0.5153727008730222,-0.23553503347213883,0.18377322302905372,0.14006985406161135,0.5489251611054526,0.08102430917788792,1.0,0.325064111321673,-0.04438673960321604,0.22393342302770922,0.3266741431256767,0.4530343640414066,0.44966659394663416,0.5403253828680659,0.28113691189438633,0.20273215782177448,0.2808249983209562,0.11182625095191603,0.2428584088779815,0.3587108553148177,0.2682541968104466,0.17069530147345627,0.045144305275748496,0.16564740823859186,-0.06767436705403254,0.5098285765418653,0.11974519971488809,0.3858521634058528,0.31937495132323435,0.5970313164881492,0.043593348002366264,-0.2672407083367124,0.1777114089592063,0.19169539068643696,0.46462503782117487,0.05112665315999676,0.257459882098256,0.21040915803581095,0.10422114196067568,0.05035942022175954,0.13681221751504777,0.591431198364021,0.5709155697190721,0.11488076378909828,0.4118656535541312,0.008158162705943993
Temporal_Sup_L,0.24192794686923688,0.302676603406683,0.39502915600997435,0.3206673811092336,0.2526074781398582,0.08146141646716992,0.03539326979644353,0.12638952739414108,-0.059842965996927004,0.23581973243353133,-0.12365005140087842,0.17813769235422192,0.002918364616022526,0.34838868450721244,-0.007200965945221349,0.325064111321673,1.0,0.04689735781433745,-0.042473059085039365,0.4029881034868395,0.19365108389788097,0.29649573288171455,0.4881333049294891,0.33133462527958996,0.07831772536069642,0.06349915656114755,0.062033569215215474,0.01742464582913005,0.07808616755279847,0.039073120803779275,-0.0449309685811505,0.051166539668833035,-0.053593561095968856,0.05387536871475989,0.4607041085207628,-0.010942708094644819,0.10204477660900113,0.25839929020736513,0.4285199021822636,0.22951963058672184,0.12962058348065833,0.20040286028556945,-0.07808536331912641,0.3209156981166178,-0.07511156777775023,0.40627569028538624,0.19416900911691784,-0.06472629638457522,-0.09954151304910451,-0.04169161125871074,0.44375965996348987,0.11254682821447409,0.00400147822847299,0.15640715500427727,0.06484877331892619
N_Acc_L,-0.40667643509850543,-0.4201050305036185,0.5320178015688549,-0.10598430413119962,0.7945965518742527,0.31169753384385634,-0.6166748831039168,-0.6563385434383795,0.31083223930377823,-0.5159916308468966,0.5876830846049016,-0.5591403553614817,0.631168955199764,-0.039364002028837115,-0.08981490047525136,-0.04438673960321604,0.04689735781433745,1.0,-0.012767785265521282,-0.35902808588704477,-0.20639612287659487,0.2410378128753093,-0.1696544426010419,-0.39896070903464054,0.2007085587307295,0.5328283413306557,0.5555545115716763,-0.5111649470794172,-0.3841569698908134,-0.45590106026488186,0.26512777352078715,0.8042219303614935,-0.6455461486212427,0.8006161680211417,-0.12446309894035112,0.47117390483660143,-0.35648635915802285,-0.143934804072843,-0.055524608767665344,-0.664848941216452,0.6291869834823981,0.6808366344128651,0.5736342691378025,-0.24828145706958155,-0.6254026126894823,-0.4587192510586235,0.6612546452232744,-0.324166369464096,-0.16000054220912652,0.766712013644172,0.06532160043003837,-0.5134181047974359,0.7568376812951242,0.6250094062313557,0.6835852971982118
Thal_MDm_L,-0.04723582201672262,0.3484358223162127,0.2610407672274562,0.37174344392257763,-0.16001033632626488,0.17959487426594758,0.09698062356044876,0.20311791998015538,0.39177079666969106,0.06746797557920929,0.1702151745046375,0.32646959318069674,0.3549387808619167,-0.011016296885813424,0.2825818184384949,0.22393342302770922,-0.042473059085039365,-0.012767785265521282,1.0,-0.06956893146281262,-0.0034100034571796526,0.21377091267091833,-0.0026111350737783945,-0.10681681052710155,0.4123823862761805,0.47187309854282317,0.11148575591532642,0.029247326108661553,0.11918061846433946,0.19828547646925,0.35366884762783013,0.13548999770164244,0.13180582166637952,0.21884391017424717,0.09248204916176353,0.07992082583136434,0.4527020125957617,0.16450674504120713,0.12143346377591847,0.01673121217480599,0.04869009268759872,0.21147745586802252,0.2617485445222511,0.09275002222365544,0.0915781413829903,0.2650428381886837,0.1140411778384216,0.0672667943593877,0.31574553531046473,0.3093097184929442,0.148114466808698,0.25901254984968886,0.14312602775470226,0.32203792615822324,-0.03538404614521062
Precentral_L,0.299184104900192,0.0853281143442594,0.12344584585926141,0.35992727531742846,-0.19843105620047163,-0.21429630125812385,0.4847234969024399,0.19632581127565596,0.20850025885909024,0.34750998921360915,-0.10081063187660673,0.27655438134736526,-0.2864667263536821,0.7198112904622664,-0.18961380506799372,0.3266741431256767,0.4029881034868395,-0.35902808588704477,-0.06956893146281262,1.0,0.38854416449246754,0.23382555591901333,0.5488521786862128,0.9634411326520639,0.06005593906331533,0.04154081957071336,-0.07468769967481176,0.7022234784446575,0.6470245572612192,0.31449234842409224,-0.045509314754744595,-0.2372750916957396,0.5201526105745837,-0.20691571073666726,0.778521821220565,0.04237112034739716,0.43913860056845716,0.37279463235448623,0.7361094025548636,0.06876248547879946,-0.36966037926297424,-0.07659706682850506,-0.3409969362945383,0.4483961284743536,0.4092156945050158,0.1569295982049946,-0.32902824454975826,0.32072008525382295,0.11692591863515163,-0.17223570506890407,0.5254016560534757,0.21780633295288432,-0.14986500979942255,-0.2004976387274763,-0.04345913006380078
Raphe_D,0.5671382375629501,0.19221473674539827,-0.08925768552842761,0.3790787328468023,-0.1986041196564236,-0.016029111307041814,0.3308412628581038,0.28741917634823944,-0.032247888198476696,0.8183198466629386,-0.27213730774685835,0.1282136848662033,-0.14221058622161198,0.5737272278161674,0.016819348057282746,0.4530343640414066,0.19365108389788097,-0.20639612287659487,-0.0034100034571796526,0.38854416449246754,1.0,0.23932323742120845,0.2882237929618058,0.3453043593919376,0.1629587877045998,-0.10848446579275248,-0.19341563399180906,0.21095896428621963,0.307694900495443,0.28291121179275847,0.06371080916665686,-0.1182729960483391,0.30336868099718095,-0.25739398413966036,0.4170631887677009,-0.04516416059085563,0.35351995124042324,0.31453071250487064,0.34330734365907134,0.12860214611883689,-0.24308805985698637,-0.04418920158276781,-0.06638924134220073,0.4446631314078669,0.18808533833314012,0.13758758207967156,-0.08233054550223405,0.15588948871622704,0.06433140766089486,-0.1416851127183652,0.284763207731168,0.32996469093375075,-0.1886974306790705,0.01746592429748833,-0.2201101607776554
Frontal_Inf_Orb_2_R,0.30612541897968726,-0.27977878152813124,0.6092367425866566,0.7444832583256747,0.06393571156550111,0.6165389270672915,-0.08318996338225544,0.13281267006308553,0.5136358301102385,0.12773995844771285,0.10087734885253599,-0.0705387814900663,0.3496077290133933,0.4114791066748607,0.19378096135811793,0.44966659394663416,0.29649573288171455,0.2410378128753093,0.21377091267091833,0.23382555591901333,0.23932323742120845,1.0,0.6528564198187902,0.1159833719230369,0.34084418393481186,0.5254176733068789,0.02557170561547384,-0.013105010959547626,0.09404963817787979,-0.06237197454337326,0.3188983021354608,0.4660498919914947,-0.09639821131540861,0.12467402053428656,0.47697278877549576,0.19514210683674588,0.5541244900876178,0.1521120021500538,0.6435328055458313,-0.27832471894271393,-0.18974248708014685,0.3770971343561314,0.513128360863042,0.3944444772137317,-0.20845817410555392,-0.09789993123388716,0.055734952395910545,-0.19974474088775188,0.3506374955040089,0.3430797090100599,0.5212147143338963,0.3739905388989297,0.5654376627184744,0.427743933538953,0.436989241329986
Insula_L,0.4727291929366289,-0.013256690504432796,0.31179730815638823,0.6454828020932303,-0.14315752585923186,0.3373639002928544,0.3043568708769278,0.38504748479592815,0.24611153987736753,0.3473790363377994,-0.19293943223750692,0.1373061223904264,0.0853875486671857,0.5151038276919464,0.1059682559437921,0.5403253828680659,0.4881333049294891,-0.1696544426010419,-0.0026111350737783945,0.5488521786862128,0.2882237929618058,0.6528564198187902,1.0,0.48178936553182267,0.18610201774805527,0.24750051383436142,-0.16087104524210555,0.2365706963558666,0.3422512810411742,0.05776152256804515,0.19518177773170042,0.07164463014484222,0.23734058395524749,-0.1931421744137882,0.5644699266017498,0.06067339040486002,0.5435168147098131,0.12089733888075452,0.7346366232235134,0.1056215821335871,-0.29919552625078955,0.08751825479526587,0.08733907581639166,0.6483300808814502,0.1495062091779679,0.20376061224581296,-0.09402864434472803,-0.10676667673186273,0.2649319736770128,-0.052113766516231806,0.5496348379751087,0.5081503081090324,0.1383790596666698,0.12324082632471513,0.09932221652419833
Postcentral_L,0.32328297265170064,0.15163506525094042,0.051680831113420186,0.2480670940919094,-0.23443160177584668,-0.2843406622489905,0.5808318693396424,0.19586820947853353,0.12003512170548426,0.3516554504652926,-0.13128292978214584,0.3025538389767609,-0.3385439326767541,0.6803085149918783,-0.1700418209796852,0.28113691189438633,0.33133462527958996,-0.39896070903464054,-0.10681681052710155,0.9634411326520639,0.3453043593919376,0.1159833719230369,0.48178936553182267,1.0,0.019941835855389087,-0.040359346950727716,-0.06418263500785142,0.7897594801168589,0.7200797417038646,0.38333077462546117,-0.07730558746483225,-0.3039949977452172,0.6071796854293445,-0.2674899677312191,0.6849426053070197,0.002586694959170669,0.38355641451081446,0.3679057033478463,0.659540421740891,0.16132732547366938,-0.3739968757771573,-0.11365179066420168,-0.4262252272770836,0.3819723788932725,0.5093285009680645,0.1978437165277519,-0.2935007693913657,0.41349918160800103,0.09488337307930518,-0.26381011369105645,0.4756780414366075,0.22130785815202067,-0.2318741804342657,-0.23295631798303468,-0.11368321990788349
Vermis_7,0.04851864650868916,0.1436264931934326,0.3879547423290552,0.4216559871522067,-0.06052144054982154,0.4776186090283863,0.034819127143300065,0.23399253340285098,0.697506166267648,0.12618247543905273,0.524317609887376,-0.04853421828890922,0.34626350671322137,0.1984610000026054,0.5686542541986274,0.20273215782177448,0.07831772536069642,0.2007085587307295,0.4123823862761805,0.06005593906331533,0.1629587877045998,0.34084418393481186,0.18610201774805527,0.019941835855389087,1.0,0.5718286036317175,0.007235159850960951,-0.1578767046773884,0.06547186143241039,-0.15438855054513348,0.8763852193294533,0.2484134110847208,-0.057347010985637936,0.21784199086840692,0.21889123746189282,-0.041068004747304106,0.4703680891399215,0.01676541565145155,0.3494115514832259,-0.20930073860799117,0.13231056055757823,0.3814405967497049,0.488997520169784,-0.07857782246750501,-0.15078346738417092,-0.09238947789848911,0.22381790342688432,-0.2743869779512097,0.7001813259543531,0.3454820445849621,0.34284811213083805,0.08043386785021678,0.26696797246602544,0.42811918711845154,0.09107386143139551
Hippocampus_R,-0.2596248247166476,-0.2063002827631018,0.7205395935648713,0.4244564006033377,0.3079357810563244,0.49461437693230303,-0.2880368051395475,-0.2113643474361122,0.8069284315118772,-0.31213395032865715,0.5819861288025404,-0.14830194662918783,0.7050079503827572,0.13123261531258493,0.12391271524796844,0.2808249983209562,0.06349915656114755,0.5328283413306557,0.47187309854282317,0.04154081957071336,-0.10848446579275248,0.5254176733068789,0.24750051383436142,-0.040359346950727716,0.5718286036317175,1.0,0.4195981748341419,-0.20888753525566534,-0.09409380254590523,-0.361513663969926,0.6002434759919429,0.6301026145266841,-0.3149184357491655,0.6686151150409689,0.15784600132483576,0.4188535097754868,0.3197535012114036,-0.15082791907967788,0.3907271917874712,-0.5348342572690705,0.2070927827330458,0.6406267806931594,0.6122089131044184,-0.059618705606802255,-0.3974959598223625,-0.16760579630103925,0.3813881730168618,-0.41602638850136325,0.40513407134281615,0.7943739524239266,0.3365553293915138,-0.05611655525294378,0.7702987576324086,0.5793015112011705,0.6240652046682496
Cerebellum_10_R,-0.3005786697449844,-0.13106686245489874,0.46858969068446277,-0.09078875552053164,0.6332362488110719,0.059144624840426326,-0.1577519282351473,-0.7092579189619975,0.13581718083641603,-0.3745143699810881,0.4971724691825708,0.029350578440294265,0.3392648770518081,0.15437150631381705,-0.3372899701827733,0.11182625095191603,0.062033569215215474,0.5555545115716763,0.11148575591532642,-0.07468769967481176,-0.19341563399180906,0.02557170561547384,-0.16087104524210555,-0.06418263500785142,0.007235159850960951,0.4195981748341419,1.0,-0.031064077073728713,0.05374508710658814,0.04082530526610506,0.0672764538447007,0.3888509090781985,-0.17670396096016594,0.717135610706719,0.04778649511902857,0.6533041214516766,-0.27243100751284,0.21138592871436923,0.043333518055844684,-0.32451346625401706,0.45155212676478496,0.6557978330437603,0.11788585017803264,-0.10208028356503016,-0.14186315076783795,-0.046186405942022744,0.4987691848210346,0.12098653081164562,-0.3270015135304514,0.47269882511590416,0.20399949208076593,-0.3332797477745024,0.43554706312373853,0.43828003436182617,0.5278849394796665
Parietal_Sup_L,0.38219723046451876,0.22906104450412476,-0.09094255870036747,0.17611768455944302,-0.4024901857732483,-0.31066593045466323,0.6980308699633628,0.17994441629173835,-0.11124200689628899,0.3463699876433127,-0.30205452600240956,0.4170665556703104,-0.4648784221317448,0.5377652881893237,-0.0875975518001465,0.2428584088779815,0.01742464582913005,-0.5111649470794172,0.029247326108661553,0.7022234784446575,0.21095896428621963,-0.013105010959547626,0.2365706963558666,0.7897594801168589,-0.1578767046773884,-0.20888753525566534,-0.031064077073728713,1.0,0.8365907790258793,0.6707606366616895,-0.2273313535613683,-0.4522887107885801,0.7809792283371139,-0.4196911136501168,0.5082460369328743,-0.07487240372580424,0.3384440857433434,0.4139152577548519,0.41614948402483964,0.32075519465425445,-0.5209109541683435,-0.2510680272899449,-0.5239748930510097,0.22529057110344083,0.7365830442712548,0.25383162800090997,-0.36006293540962153,0.7283024098823132,0.00422096271306924,-0.44636224090403287,0.32219283742933763,0.3339175321600259,-0.34746584447523093,-0.2750977328682802,-0.2715426975205153
Precuneus_L,0.4440044472167854,0.22547297902574837,0.028226347955419635,0.27906370236590033,-0.25072401738239586,-0.16956087009460363,0.7931250332068377,0.21085882548685664,-0.022296592238891813,0.40204089054956793,-0.18484830255114235,0.42305785651882266,-0.29691042045705357,0.6751860726953653,0.0008553526979748599,0.3587108553148177,0.07808616755279847,-0.3841569698908134,0.11918061846433946,0.6470245572612192,0.307694900495443,0.09404963817787979,0.3422512810411742,0.7200797417038646,0.06547186143241039,-0.09409380254590523,0.05374508710658814,0.8365907790258793,1.0,0.7390150648142119,0.0863330090728524,-0.3139852442592006,0.8354268717738453,-0.29200572533454655,0.6540937827618334,-0.01283044166505045,0.43518129630208446,0.6059222649226564,0.5448329012596937,0.2929302132886943,-0.29322158997908315,-0.06341975252310432,-0.3490039862573721,0.42893093749341604,0.6908483756732561,0.3053508010684773,-0.2246321205233696,0.7499575036575482,0.03330414259898843,-0.37174268933411875,0.44370396252560146,0.39107635266630175,-0.287233612624867,-0.12247978296078495,-0.1970710454257427
SupraMarginal_R,0.44284920439583736,0.38653634123580327,-0.16237972273367876,0.22517345188192553,-0.32595887123905604,-0.2372400607145434,0.6869265613253541,0.24422077591553995,-0.3644578698563823,0.487347474824758,-0.37480340377891624,0.5593150115814454,-0.3913421199272129,0.44290594417629814,0.021521646900010852,0.2682541968104466,0.039073120803779275,-0.45590106026488186,0.19828547646925,0.31449234842409224,0.28291121179275847,-0.06237197454337326,0.05776152256804515,0.38333077462546117,-0.15438855054513348,-0.361513663969926,0.04082530526610506,0.6707606366616895,0.7390150648142119,1.0,-0.2122870260027106,-0.44386446219244907,0.7711325649757486,-0.3604899452462919,0.4297532715658902,-0.09361027626059723,0.2770858974877956,0.7909358414153088,0.21493750057526534,0.49921886104533336,-0.2676802957597023,-0.18756322844044168,-0.3992532506434047,0.342973307488767,0.6308413373554943,0.4639786379029772,-0.2220520653715323,0.8799848909977371,-0.18354262090699747,-0.5221459478298599,0.27584323081692236,0.3989734173336181,-0.4897960290902759,-0.13294942403250393,-0.40638121561830687
Vermis_6,0.025097078820708413,0.04155069131646907,0.36514077200471606,0.3230569611099974,0.023735135688296764,0.4985866203837174,0.06260044373598456,0.14927426179326084,0.6605978221159376,0.01916587289586828,0.5624610310936414,-0.08616818182614563,0.4447348422560764,0.1280358846744026,0.5010202702589984,0.17069530147345627,-0.0449309685811505,0.26512777352078715,0.35366884762783013,-0.045509314754744595,0.06371080916665686,0.3188983021354608,0.19518177773170042,-0.07730558746483225,0.8763852193294533,0.6002434759919429,0.0672764538447007,-0.2273313535613683,0.0863330090728524,-0.2122870260027106,1.0,0.301445667830334,-0.06538255727758581,0.27547261467804807,0.1339040597823969,0.02585614287389386,0.37700558959495506,-0.07072330293977451,0.300453926877056,-0.2322658574075175,0.1736536107493182,0.4533444861300549,0.5146708143247908,-0.04333146967835914,-0.13719693971686148,-0.10201800850781245,0.26708333254968997,-0.3252016019496113,0.617243785003687,0.3691194114521139,0.32634516049052387,0.09231695310050805,0.31076268142138075,0.41267531119834755,0.17774116807283397
ACC_sub_L,-0.29160000717170803,-0.39969586179205635,0.5185469708259585,0.13688221426217342,0.6155781643310999,0.4030235745242197,-0.5062456761934658,-0.38493162388463475,0.46952450041580485,-0.40584829096665587,0.48151593149625993,-0.5229253727312468,0.7090783182428144,-0.013828066563974645,-0.002149611343870427,0.045144305275748496,0.051166539668833035,0.8042219303614935,0.13548999770164244,-0.2372750916957396,-0.1182729960483391,0.4660498919914947,0.07164463014484222,-0.3039949977452172,0.2484134110847208,0.6301026145266841,0.3888509090781985,-0.4522887107885801,-0.3139852442592006,-0.44386446219244907,0.301445667830334,1.0,-0.5200993287095322,0.7063834365745446,-0.050837153817837946,0.4463498783688599,-0.03754939064613872,-0.16946970126086666,0.12243052145708988,-0.6068079352957174,0.49891914357856765,0.5965936129612045,0.6188434375935098,0.0022076243063242117,-0.5301194786852178,-0.3618698619520405,0.5265643514121474,-0.3785765759524912,0.01831646479174221,0.7590133723719015,0.12258828646596506,-0.2759758840357415,0.8604205662307168,0.5808495134280389,0.7275685784011087
Occipital_Sup_R,0.44964536087495166,0.38231261748634826,-0.3116318618268889,0.19147975208639625,-0.5134443517635893,-0.293705329634656,0.9000359758208418,0.4611203639634549,-0.15344068696138075,0.48556653307364134,-0.3217441882313226,0.5051809088344026,-0.43771540949854626,0.4319037379624263,0.009623381589552957,0.16564740823859186,-0.053593561095968856,-0.6455461486212427,0.13180582166637952,0.5201526105745837,0.30336868099718095,-0.09639821131540861,0.23734058395524749,0.6071796854293445,-0.057347010985637936,-0.3149184357491655,-0.17670396096016594,0.7809792283371139,0.8354268717738453,0.7711325649757486,-0.06538255727758581,-0.5200993287095322,1.0,-0.47890705653050714,0.39471516910050364,-0.11577203947138776,0.4724623070170196,0.46684351828480114,0.2858894066272738,0.514419104547716,-0.359356838878518,-0.3267173795917334,-0.5599641171322711,0.43474690960302603,0.8588926398103535,0.3955489863171288,-0.4458045855178514,0.6986711858101331,0.08064555538110817,-0.614589026508374,0.20046522150759177,0.42689910965237904,-0.5354032215177957,-0.38378920160285496,-0.4472934407025168
ParaHippocampal_L,-0.6039660191585622,-0.3122234028667277,0.5174231570317249,-0.0717527758769816,0.7512563693736731,0.14377523134750114,-0.49462874059618317,-0.6819936154560915,0.45802684999943793,-0.5856377270951472,0.7320149431194962,-0.3158892632965394,0.6302955331050587,-0.025607331758360434,-0.30004707015218773,-0.06767436705403254,0.05387536871475989,0.8006161680211417,0.21884391017424717,-0.20691571073666726,-0.25739398413966036,0.12467402053428656,-0.1931421744137882,-0.2674899677312191,0.21784199086840692,0.6686151150409689,0.717135610706719,-0.4196911136501168,-0.29200572533454655,-0.3604899452462919,0.27547261467804807,0.7063834365745446,-0.47890705653050714,1.0,-0.0734427669921158,0.6206170390853609,-0.23910212199247083,-0.06214165179057105,-0.03171052329642134,-0.6496506047059963,0.6940616897376585,0.6530370756768895,0.43869763185237526,-0.16092547607423424,-0.5006785541342625,-0.3216094045527315,0.5038858604965157,-0.2596747964270992,-0.16001881270166549,0.8090407496433506,0.03797629630625267,-0.570434326849252,0.7092904736222164,0.5228901627060707,0.7214981320329658
Supp_Motor_Area_L,0.3818640149162851,0.004250236493827073,0.34209694707166544,0.5515020346360499,-0.03699327461201561,0.02898223535681449,0.3451987158938076,0.12765284394439563,0.23604452264858772,0.3722370250754571,-0.05639419978693661,0.22214507850217,-0.12292561579593872,0.8449914316267566,-0.056579690325287764,0.5098285765418653,0.4607041085207628,-0.12446309894035112,0.09248204916176353,0.778521821220565,0.4170631887677009,0.47697278877549576,0.5644699266017498,0.6849426053070197,0.21889123746189282,0.15784600132483576,0.04778649511902857,0.5082460369328743,0.6540937827618334,0.4297532715658902,0.1339040597823969,-0.050837153817837946,0.39471516910050364,-0.0734427669921158,1.0,0.10270694457734375,0.46794301141530525,0.6464477686056295,0.8313487999728589,-0.06292232478759524,-0.2326866029122945,0.1339760054790665,0.012289367061062742,0.5197996153399391,0.17317493900160305,0.0965912267835872,-0.20141790145478425,0.3975714351091242,0.07207118596606298,-0.012148242186438094,0.6610733526334147,0.3133691224334915,0.008461689504604814,0.09751255610341769,0.038795662727899936
Raphe_M,-0.25672568757526215,-0.33004978179752753,0.320374536295733,0.08303115337132724,0.4886890838928247,0.029466115012138083,-0.1408842148171244,-0.5439570518800046,0.3034420625495511,-0.3098607385375615,0.402207749512191,-0.2008488114848243,0.3135853139428306,0.1670683578241588,-0.4166481600121037,0.11974519971488809,-0.010942708094644819,0.47117390483660143,0.07992082583136434,0.04237112034739716,-0.04516416059085563,0.19514210683674588,0.06067339040486002,0.002586694959170669,-0.041068004747304106,0.4188535097754868,0.6533041214516766,-0.07487240372580424,-0.01283044166505045,-0.09361027626059723,0.02585614287389386,0.4463498783688599,-0.11577203947138776,0.6206170390853609,0.10270694457734375,1.0,-0.025685610476325154,0.046124138183954604,0.11366783288759971,-0.4861643458315872,0.33645079817448315,0.47026205114952924,0.12541210741537856,0.14975813020491763,-0.1115507823349691,-0.26268456321789496,0.20770231386821636,-0.020206027886335874,-0.19371675071646402,0.517023219814767,0.08972930787295064,-0.278975273410647,0.4969634572079815,0.3237767024338551,0.5301049266058723
