,Thal_PuI_R,Rolandic_Oper_R,Supp_Motor_Area_R,Thal_PuM_L,Frontal_Sup_2_R,Frontal_Inf_Oper_L,Thal_VL_L,Occipital_Mid_L,Red_N_L,Raphe_D,ACC_sub_L,Parietal_Inf_R,Heschl_R,Thal_VL_R,OFCpost_R,Cuneus_L,Hippocampus_L,Thal_VPL_L,Thal_PuL_L,Thal_VA_R,Insula_R,OFCant_R,Thal_LP_L,Temporal_Pole_Mid_R,Temporal_Pole_Sup_L,N_Acc_R,OFCmed_L,Frontal_Mid_2_L,Precuneus_R,Paracentral_Lobule_R,Occipital_Sup_R,SupraMarginal_R,Cingulate_Post_R,Cerebellum_9_L,Parietal_Sup_L,Thal_IL_R,OFCpost_L,Precentral_R,Thal_VPL_R,Cerebellum_6_L,Frontal_Inf_Oper_R,Rolandic_Oper_L,Temporal_Inf_R,Cerebellum_3_L,Angular_L,Temporal_Mid_R,Vermis_4_5,Occipital_Inf_R,Thal_LGN_L,Vermis_6,Pallidum_L,Thal_PuM_R,Olfactory_L,Raphe_M,Temporal_Sup_L,Thal_PuI_L,Lingual_L,Putamen_R,Vermis_10,Olfactory_R,Rectus_R,Frontal_Med_Orb_R,ACC_sup_R,Calcarine_L,Frontal_Inf_Tri_L,Frontal_Med_Orb_L,Thal_Re_L,Frontal_Inf_Orb_2_R,Cerebellum_9_R,Thal_AV_R,Frontal_Sup_2_L,OFClat_R,Frontal_Sup_Medial_R,Cerebellum_4_5_R,Thal_LP_R
Thal_PuI_R,1.0,0.3929525760605194,0.740580344452451,0.7180487084384339,0.46633111867677773,0.6084327268297409,0.397123126633531,0.3023721291886258,0.37291105526282264,-0.07830920151917312,-0.012193742316312057,0.6401802008274289,0.13927106975773965,0.6282762950910274,0.0583166433104227,0.24837194035585708,0.5745327539567163,0.653296117873398,0.7058324488867376,0.4003220180449944,0.1729582883637499,0.0514451645596437,0.3304366885136827,-0.2600562653109231,0.043194389179168347,0.19622436449805006,0.18519066618983968,0.6594447537577778,0.703536279596045,0.7083846770373745,0.33667890302686915,0.7381318695546673,0.6665636269787246,0.04549403837376146,0.30904095562478395,0.4801682165107275,-0.14872946949242266,0.7220342839946884,0.45617654898549237,0.10087240505390305,0.7255834271923552,0.26563173752444397,0.2222204166878714,0.2930051385523808,0.37954176506065435,0.22305370074510855,0.40074528399129405,0.11631179541227028,0.060119400773895895,0.12244885097062934,0.5880471226830137,0.4099315038874227,-0.18662555971861447,-0.14314584796137017,0.454595281903898,0.6980981067921821,0.4919220867691806,0.4280951735492835,0.37357469785578984,-0.14373674410336187,0.12273582002702967,0.10169298224537271,0.22679568576709308,0.37441427340519084,0.4686867445198597,0.2913162245155988,0.08031541828986956,0.02878460380180681,0.06403396188951375,0.33523054478076786,0.4326844837681928,-0.1733986729414359,0.4397842262931225,0.6485130867768459,0.44433568540343504
Rolandic_Oper_R,0.3929525760605194,1.0,0.3442355447246686,0.3778873345505307,0.4311849987145808,0.3890311348124074,0.344514381468865,0.09284478151072939,0.04451933643657114,-0.17712748144365104,0.23996671331223962,0.5555799705036956,0.6704897081810146,0.3246402562591271,0.16759676549515634,0.18859305375492258,0.30664100263494404,0.5500762537494469,0.45389218160343964,0.30519819878772936,0.76153200636154,0.040209612280285315,0.2977231894317398,-0.06442070070888196,-0.05799410669936313,0.19780969126067702,0.020531366074329985,0.7341982140784362,0.48439708362945066,0.4504215319563299,0.3128781272675102,0.700037838208495,0.6192717311467234,0.48779048191994473,0.24435668259580834,-0.05001255636356425,-0.14510620846725872,0.3775019658870175,0.5140876900748633,0.1875591964785231,0.7128425918902469,0.13476256561838654,0.6462905219823327,-0.09629660478127831,0.2819939878834045,0.6894585745588008,0.6936886105220509,0.5075778040773344,0.33626880423724925,0.486906342835675,0.2553569820389565,0.30374096483935153,-0.08591119718513919,0.06521801727332978,0.20673400423366464,0.41966047718982313,0.5824284199690123,0.6264646295437576,0.3359660537810796,0.007590270874626207,0.024817334583145306,0.14022023607101744,0.32477648268941944,0.4078136412454809,0.29368461591269845,0.28319740495498413,0.24593463570311924,0.3093858955785423,0.25785103352275773,0.26181995791200335,0.4860179805201075,-0.18652833614303913,0.4137488902723523,0.5210087521877307,0.3358517550374577
Supp_Motor_Area_R,0.740580344452451,0.3442355447246686,1.0,0.7046407335487226,0.5609348407694584,0.6127922270429519,0.4644765116760747,0.43307550487665636,0.22840555540156648,0.07383740428198152,0.03611612308621271,0.5931108739195174,-0.015652902470870325,0.5897500146621129,0.025596110249493854,0.34389140781641875,0.5324910100406616,0.6661497407574893,0.6617322175133831,0.3819575848906844,-0.02431217718112696,0.050812516259810855,0.30447098266133543,-0.05254201430426649,0.1817537880026773,0.016885029382156642,0.2516919276410753,0.6729246838262973,0.7486122673538289,0.7632172131746889,0.350009393602764,0.6937735061967002,0.5966108284683027,-0.1124969497898788,0.4713993457658021,0.49548268344277263,-0.007028815653468994,0.7586786082224148,0.3238724657859749,0.14568102589066187,0.7565419522369895,0.2408866300375109,0.07545016269834406,0.49737467201203833,0.4823858828224979,0.0886887356895456,0.2958401497103829,0.03528970120091677,-0.17629096928737195,0.030871621779781654,0.4404680993181026,0.33654531481581423,-0.3213751046474919,-0.1856349158220634,0.4797555187843258,0.6019097386282262,0.4592205103114034,0.343901718827898,0.4024916951163921,-0.24821916138504144,0.11232335427502894,0.07958442700206396,0.24737208078302936,0.40112503849006487,0.46785270564009024,0.2729108760329126,0.21485967844260465,-0.04480980200188791,0.0017495498140664824,0.22383845200770128,0.3690420257476642,-0.2156912425148405,0.4303928373020283,0.5973400150849282,0.13264213215247664
Thal_PuM_L,0.7180487084384339,0.3778873345505307,0.7046407335487226,1.0,0.4853183784744102,0.664390381445355,0.2643069591878318,0.5710915980341579,0.32034783232418823,-0.060282072815070975,0.02805047026556,0.6835880625754422,0.03714642473834243,0.43311898018852674,-0.15460259861860948,0.5984478475482131,0.3265498330555077,0.7430689730868695,0.8564794457865171,0.2289326173389782,0.17317002815645297,0.11972009328446465,0.4848095715319691,-0.031127997111193042,0.005067944062327297,0.24242196463193966,0.045836678218326564,0.5458292877844407,0.7821770638022515,0.8079032983395109,0.6004441721297726,0.7007185523282761,0.7648142931294792,-0.010896574321564417,0.38906016477448296,0.2941623019824742,-0.24035195008959376,0.6615276283652081,0.4620995605906461,0.31296633104151206,0.685946017578062,0.4394998019716989,0.2593438536206118,0.42651489047145824,0.5372295040692452,0.3530990787896182,0.5228657483604369,0.2461314487420977,0.11836513926019791,0.28288359441683064,0.5100530132752695,0.36481701005669454,-0.02886339955972297,0.0889606764768044,0.580728575055784,0.6774132754257173,0.7064945214823223,0.4163078496341052,0.44709812028822743,-0.26470184877025144,0.1190745459602111,0.024175002178943073,0.021984959395342243,0.6949371250330632,0.47077702236987723,0.4021007896137347,0.1915850997783535,-0.20874181696996189,0.16189054619935586,0.12654352456211476,0.4431889738258662,-0.24938828798756615,0.5252918023262808,0.41635996035859585,0.2954120282183619
Frontal_Sup_2_R,0.46633111867677773,0.4311849987145808,0.5609348407694584,0.4853183784744102,1.0,0.7565710028572777,0.4079135727280794,0.20743876866570096,0.25264226997932404,0.10498350220955126,0.048054945310408576,0.6161690974119743,0.1520182225028259,0.5776915962982195,0.2690847909550388,0.2275240373647921,0.5847373491354411,0.46777988002510196,0.4397486744853885,0.14217601395794835,0.27840463244868985,0.5221918136709375,0.1036793108903282,-0.07786116505402178,0.22725959258438133,0.11779873942301666,0.0028059597885825315,0.5720765458890951,0.4841331004855146,0.5448419845339788,0.08575826007900343,0.5994448139726313,0.48535726239681665,-0.027098497485189034,0.11443141526544738,0.5334621418766137,0.2068592943327968,0.6506795680260611,0.08147805424623221,0.18799718355061373,0.5642786836753406,0.5580285651279896,-0.019885469911482514,0.37763798955729466,0.23102345111453393,0.0794192275589654,0.22586082373476812,-0.11333436143378732,0.12342444129240115,0.010698183469794492,0.5362663641680914,0.11766105945028459,-0.2554102525907188,-0.06909716409963972,0.6297412815718922,0.40153267050784763,0.3938609433711645,0.6561088053505467,0.39621954278451693,-0.11696426012518497,0.060820672526307754,-0.059981532999835614,0.5955626202561464,0.27808932014433996,0.7781755730011649,0.31899031049891585,0.19316049257435453,0.33956035506140547,0.22545622109318952,0.11398058981925283,0.8235956671657502,-0.5217661786152045,0.8012362791153332,0.4833729910067562,0.2978309657928225
Frontal_Inf_Oper_L,0.6084327268297409,0.3890311348124074,0.6127922270429519,0.664390381445355,0.7565710028572777,1.0,0.35215957844513607,0.37825714704670094,0.2562197505984248,0.11964185412221721,-0.07339192586657525,0.6483747117766863,0.05934873690527738,0.5351700846619972,0.1889881681698938,0.34332841047595164,0.53954487271639,0.5354144767746996,0.5793460945021061,0.08188328506635656,0.22420971926222089,0.5744788708878777,0.21859284895456918,-0.08962911731610632,0.2982972756002945,0.18413780256433546,-0.0017193285038149097,0.5360752397273695,0.49070775146151635,0.6654826125578883,0.23576715730833223,0.6429444218648531,0.5664739768422385,0.039614212288872505,0.057987882739180256,0.5424101443585427,0.03168943011815708,0.7566427312380754,0.11339972751756093,0.4302177165730125,0.6164416281409433,0.719549032365738,0.10722989341642371,0.36871305302670754,0.34184594301702015,0.16816415990994685,0.31649999501997,0.09495557560656728,0.2719955754646438,0.2238470272213559,0.5870876426928879,0.19281363632358262,-0.1597023053821089,-0.003715647693122145,0.8406896106714363,0.4201144357034743,0.5668563838582653,0.6576997771704978,0.5233763617375271,-0.20656074101452399,0.011170284524361118,-0.0903620816263214,0.42780578797773666,0.5016861842971112,0.863618459804952,0.27339075499490556,0.155956334864945,0.2011117405753057,0.3852574117706732,0.022163701019531218,0.7466272146100318,-0.5576303898575815,0.7434467612515198,0.4293915919960513,0.3948929637485162
Thal_VL_L,0.397123126633531,0.344514381468865,0.4644765116760747,0.2643069591878318,0.4079135727280794,0.35215957844513607,1.0,0.08141072624782393,0.25902098233043247,0.3794028629320018,-0.015264340336078371,0.22961919084596166,0.2139562597427101,0.7562727991052575,0.18939161235980334,-0.0329576280905015,0.659790869077137,0.5195287649408283,0.23285546512706018,0.4900411904732692,0.030157359898356922,0.02153059385074798,0.1334621680397366,0.00565738058257455,0.2671113180448093,-0.16928508341097284,0.3470270779594129,0.5024494219296779,0.37935465912663385,0.30624361004533385,-0.0416167040598854,0.4252053065357637,0.3436151617186473,0.23196001780245368,0.20461759701213394,0.6093678244025654,0.09612345253055704,0.33965856259920835,0.3027124443030114,0.09600673508152349,0.5159505287604416,0.00591063618296921,0.06284310655067901,0.26592850597451506,0.208442002958831,-0.053080727482119894,0.2584294455823204,-0.06587225098249187,-0.05302627808675687,0.07277838321560387,0.40252491496034076,0.33996634196988457,-0.25217651078263176,0.004442509625487646,0.20967823373084202,0.3226104760316931,0.2568534003227249,0.2927964817493682,0.14955019185563234,-0.13791884730156684,0.13942607003969013,0.013050349652207043,0.4201049090117162,-0.049666851906061626,0.39442276451649944,-0.08313800355827532,0.1029942174177535,0.24395337212630566,0.0674440861961217,0.3763165218894897,0.20666115002673058,-0.12769091555302667,0.17862256403532262,0.6021244926789459,0.04971643050365055
Occipital_Mid_L,0.3023721291886258,0.09284478151072939,0.43307550487665636,0.5710915980341579,0.20743876866570096,0.37825714704670094,0.08141072624782393,1.0,0.21457912321150854,-0.07391202676266796,0.03977601133591793,0.24432306634615106,-0.017900534192668044,-0.008766132683925135,-0.25147689941983753,0.7712597365900888,-0.05040540508585397,0.5347712851018276,0.4600644245170377,0.041685863811104104,-0.04718970746282621,0.05816561587118783,0.6357932648153103,0.23793845712528489,0.27807468100132937,-0.12104003155322841,-0.05117110881803562,0.15607026598606225,0.5135724095417024,0.4888454890140136,0.7238053707841939,0.3373526326984573,0.4208556969875936,0.033538423880582695,0.5605607532223638,0.017115475748499625,-0.12249301630423132,0.2832274568764704,0.21793243354838632,0.6027969443891157,0.26862509252702466,0.4413500724159638,0.22090020550777145,0.5386099064457466,0.867235126308581,0.19822600506477914,0.4407949029350666,0.3440309449460386,0.10988565399127583,0.45856319128043455,0.07942755662087884,0.20912529496981963,0.02075271891579445,0.08015696957434729,0.44383393405383925,0.35155803483300135,0.5589020064343204,0.13520594637768824,0.33039717621478554,-0.10979133197882451,-0.005436507229331898,-0.0907741411869484,-0.22901628743896937,0.6280340866631512,0.21343385985297686,0.09876557019486205,0.28261909405077296,-0.41327873943409377,0.2785196890420249,-0.003977289225037269,0.0987383149175997,0.05850685783733328,0.22416058602016947,0.05357174679592063,-0.08118917004892957
Red_N_L,0.37291105526282264,0.04451933643657114,0.22840555540156648,0.32034783232418823,0.25264226997932404,0.2562197505984248,0.25902098233043247,0.21457912321150854,1.0,-0.1375397032683926,-0.020990025901812422,0.17337518585655495,-0.015523348291398653,0.32418141995686006,-0.029565561850821105,0.18373948438560792,0.3798590727108347,0.3374991359288585,0.2732900809251938,0.3137640109019545,-0.08923347143188383,0.07590631143513245,0.35657969810014534,-0.17961272907159676,0.11519932369376308,0.16771542825305266,0.04044543944157051,0.27458847466079717,0.35312226891433723,0.33582310996538545,0.12578562941867782,0.27188403281585316,0.32029207838850154,0.06233360332585329,0.2691125810225559,0.3190465283320371,-0.07153838414667875,0.18737220337386348,0.0309509040521537,0.033807477831856905,0.2270207441786741,0.14202248707729426,-0.03308237491107267,0.2896218198267144,0.26366505954482733,-0.10541422442845255,0.16151638622899447,-0.1613117588584582,0.00048543762505005145,0.03515083680287013,0.45782903235276223,0.010567026587713284,-0.14062381800706944,-0.113457333201995,0.21340277957487727,0.2477472896146271,0.2002531861646122,0.1534654764047215,-0.07831280420968438,-0.17787592415630674,0.2606693980076181,-0.09267853372658501,0.11759364469904364,0.0124994001520707,0.282032997181698,0.04950846499134522,-0.07576288066342418,0.04163604060358569,0.07024199521038327,0.22397473474717286,0.16733946980605754,-0.09718966827221384,0.2960550409466325,0.2830265539261779,0.44984065602346673
Raphe_D,-0.07830920151917312,-0.17712748144365104,0.07383740428198152,-0.060282072815070975,0.10498350220955126,0.11964185412221721,0.3794028629320018,-0.07391202676266796,-0.1375397032683926,1.0,-0.10956925397313315,-0.1134403575873968,-0.08926770554846239,0.12262507820438799,0.1486819337097573,-0.18474369027154505,0.2405013051849019,-0.07315822671338708,-0.1083758732929476,-0.04867145707317771,-0.18032969161983564,0.2721818325182896,-0.326328147021985,0.3570650745875106,0.24631767501222837,-0.27374749815441324,0.16511612933128147,-0.17493180290816732,-0.14460914341066292,-0.16409090900815992,-0.28717780934079035,-0.11640965923646804,-0.2274081193766631,-0.09978998526092595,-0.2292853463470874,0.3786475070867817,0.13787181837270318,0.0010737500929414192,-0.27151808174330555,0.05617562389550485,-0.09470780416695265,0.06355037413592557,-0.4310654521021474,0.2534844660470435,-0.1657052959615201,-0.40920253366248444,-0.3026406900312458,-0.3142536093279566,-0.12894449413795833,-0.28081182227743556,0.013668412008248847,0.006476155432330883,-0.05348846629541937,0.11327112507554406,0.12690187940856737,-0.06430780588201053,-0.21400379614860976,-0.008338257086600997,0.09753567855185799,-0.23685996531334672,-0.07811931875812289,-0.19284963307257624,0.23481905390564856,-0.19942529029989728,0.22519789180116268,-0.203325037704139,0.04941521810037887,0.19538535759911244,0.15801655938789838,-0.19292030121944811,0.004015667594322291,0.002999986674498837,-0.07447478251622873,0.08009181832571736,-0.3107095505223018
ACC_sub_L,-0.012193742316312057,0.23996671331223962,0.03611612308621271,0.02805047026556,0.048054945310408576,-0.07339192586657525,-0.015264340336078371,0.03977601133591793,-0.020990025901812422,-0.10956925397313315,1.0,0.06284872448191875,0.2173015162619577,-0.13079588446902007,-0.08523864161170853,0.09301986009557238,-0.15375428475041428,0.03993194139200316,0.055575344074915774,0.11417814779543817,0.3164244480201389,-0.17561769637398902,0.03821261179596832,-0.024212317428711896,-0.20056485970264926,0.1389198798924471,0.12553217252420582,0.1585169180013926,0.09786663880849544,0.1665011462150718,0.1099825916419403,0.11174409609883318,0.14806966516123538,0.1907461932004422,0.10653565757979523,-0.2815173119116392,-0.25042877062222524,0.022984860047813662,0.15369244042371358,0.06812479872725342,0.15139260303048013,-0.05063630408334896,0.30499586223569386,-0.10594085684785888,0.054158984837198915,0.30897985116781923,0.35566851926827897,0.2178291502129951,0.13700562255165535,0.2685167808175754,0.025643930745465147,0.024835399974640814,0.17904411847034205,0.18725810332880594,-0.08132351875708374,0.06037201115437901,0.2320791158877289,0.09976259282355589,0.027369872949478354,-0.10980546638767484,-0.0158031323058238,0.15384779342992272,-0.11955881671083579,0.16649157638920506,-0.08967690705477668,0.11965397310454728,0.009968287657581516,0.026489747150413176,-0.018120147652286474,0.016974513571414083,0.09170973799618957,-0.022509637600021087,0.03470071349386594,0.015285826850689879,0.10131569427075808
Parietal_Inf_R,0.6401802008274289,0.5555799705036956,0.5931108739195174,0.6835880625754422,0.6161690974119743,0.6483747117766863,0.22961919084596166,0.24432306634615106,0.17337518585655495,-0.1134403575873968,0.06284872448191875,1.0,0.17340832794760028,0.43188946902502445,-0.07924158510051535,0.3556006438702821,0.37467167180932975,0.5899538128346257,0.6392663427262049,0.20055530509010105,0.39677822994432854,0.12240493974182615,0.23521247409690302,-0.16635803865820395,-0.1513218876211802,0.42064877600109846,0.055743171213196545,0.710620682979426,0.6718128372077993,0.7270137835119064,0.44342114060219195,0.8054374983106161,0.7190362456607974,0.10188304290631615,0.28750496376758633,0.26674246693435927,-0.2464415927975426,0.7382660524366044,0.42613941365744024,0.10957248225668755,0.7080019293423845,0.41873319262816594,0.3011266807299817,0.10472087545407723,0.2791311849026973,0.5122711056442472,0.4372757928466633,0.2272411171383991,0.2929249750893423,0.17473407791475495,0.5478946955422043,0.3139788641972239,-0.0689598051479002,0.033956645979758955,0.5407748895187612,0.6008247266805251,0.5575004071464921,0.5351925388237426,0.38052722958310214,-0.20509277454828806,0.13866416846236126,-0.02406191872810091,0.17935405077432906,0.5277741614513929,0.4881642644396871,0.5563725280952211,0.2613972288839675,-0.035065616077421084,0.2093550653669361,0.16305155398516236,0.6344157994367119,-0.4011190322173868,0.6315222022574518,0.4554981795707973,0.42709108352431846
Heschl_R,0.13927106975773965,0.6704897081810146,-0.015652902470870325,0.03714642473834243,0.1520182225028259,0.05934873690527738,0.2139562597427101,-0.017900534192668044,-0.015523348291398653,-0.08926770554846239,0.2173015162619577,0.17340832794760028,1.0,0.12292271243419924,0.10616479057401693,0.017678456476487425,0.10729541806387806,0.250043512015617,0.13862140602802353,0.16757497011314604,0.740490223090589,-0.03429269020666707,0.10513476111903763,-0.02472455938815668,0.011697202370802823,-0.010137832932287377,0.010717888037887102,0.32722816159680446,0.11063827552954314,0.06598645913988574,0.21777621806275604,0.2659614972588111,0.2518034866126885,0.6509167433139996,0.06497094542089343,-0.1528360099836155,-0.12536084814962445,0.05033634569402904,0.424004746280851,0.16824877721538078,0.2937241553833932,-0.0788120984246754,0.5513255057935791,-0.26598911731397146,0.06648527113149451,0.5187498776793315,0.5176681267359058,0.47720677224105085,0.43970938275118077,0.44143698589935576,-0.05671645281592542,0.3540992441583459,0.14332929595302424,0.08289005148948175,-0.12029552860149018,0.11617333587814434,0.3102328739630833,0.4005315773005218,0.04267639554910952,0.10341950109673231,-0.048495484180274565,0.2274549364571433,0.25863235783215893,0.136877839607285,-0.03329711476322726,-0.029947208087492738,-0.012802839448128375,0.31640628292180223,0.40364875955663937,0.23617606468682717,0.18537918135473344,0.0594506488952507,0.06182104207521686,0.3090098909746442,0.23526180642953648
Thal_VL_R,0.6282762950910274,0.3246402562591271,0.5897500146621129,0.43311898018852674,0.5776915962982195,0.5351700846619972,0.7562727991052575,-0.008766132683925135,0.32418141995686006,0.12262507820438799,-0.13079588446902007,0.43188946902502445,0.12292271243419924,1.0,0.3473837794451973,-0.05469709187920621,0.8086136490593001,0.5040514604461555,0.43031651582349745,0.4412412913678592,-0.008154974080880777,0.1730535142644823,0.12142174063946334,-0.3240972637527382,0.220607233125018,0.024460009171924778,0.2979183388240884,0.621894757454725,0.4952382434688753,0.4644151936850926,-0.08016142267251683,0.5769255993496029,0.4872517511887075,0.016028326767958553,0.1376806050206268,0.7936983435070253,0.2308178624657936,0.5698466765286327,0.3693409182264453,-0.02379698649321545,0.6042250719289443,0.06358894316327078,-0.022865050271373182,0.30349357359520607,0.11207655707100188,-0.09865356224037049,0.1493058165792885,-0.18668169509998023,-0.13193328611045071,-0.09931047768515774,0.5735482980478648,0.37299792793595865,-0.39597143278398617,-0.22011008738099463,0.3047412593884154,0.44801144060932824,0.2556949395901724,0.43724862549409144,0.16842727887973932,-0.01833629834191172,0.13037250557322672,0.07704128049911572,0.6039735000173763,-0.011204395752136907,0.5469268417528085,0.0442318505051907,0.007855460970931776,0.3405448836468118,-0.0049396367725321735,0.49516938825031226,0.3793110057986632,-0.3481444279004573,0.39077022157095254,0.6888032962901657,0.2519958231109574
OFCpost_R,0.0583166433104227,0.16759676549515634,0.025596110249493854,-0.15460259861860948,0.2690847909550388,0.1889881681698938,0.18939161235980334,-0.25147689941983753,-0.029565561850821105,0.1486819337097573,-0.08523864161170853,-0.07924158510051535,0.10616479057401693,0.3473837794451973,1.0,-0.19027182530951522,0.48315033538768504,-0.007314679432882687,-0.034865595219429835,0.05426904974775154,0.09461385043869146,0.4078901974360626,-0.13790545098304893,-0.05089938407944364,0.4016363402423174,-0.28379196017362757,-0.16231757657884907,0.050857588410096494,-0.15072954252628423,-0.1226336290784679,-0.4301733216563329,0.061890679567828386,-0.17993626763599332,-0.010033017702676963,-0.23563673837906154,0.3270200816286471,0.5502025917536003,0.14465861423414642,-0.2508973048161529,0.12733697263945382,-0.00022672318699311944,-0.009309227023012102,-0.09233995722873675,0.042924715202283574,-0.1779800645251773,-0.19626298883682536,-0.09204106410585638,-0.11925058553097946,-0.1972939615699533,-0.07078694241944657,0.07939097083672411,-0.23198040375717624,-0.5478933838109583,-0.3768401990884503,0.10038846264008328,0.06461174781987988,-0.10866497391782975,0.484268685389267,0.15241513735845041,0.4344129429144313,-0.2322679673621213,0.030417712714370028,0.6926740217624912,-0.12435563891525671,0.4556114897772775,-0.5178321238132979,-0.2158291955182026,0.8300774839904564,0.03230007764023789,0.1328842286719276,0.20321634466983912,-0.17407896819770197,0.020607526207993568,0.3348177738097248,0.03422150442132816
Cuneus_L,0.24837194035585708,0.18859305375492258,0.34389140781641875,0.5984478475482131,0.2275240373647921,0.34332841047595164,-0.0329576280905015,0.7712597365900888,0.18373948438560792,-0.18474369027154505,0.09301986009557238,0.3556006438702821,0.017678456476487425,-0.05469709187920621,-0.19027182530951522,1.0,-0.10766689850357113,0.49386805418857177,0.4425392909241273,0.02309128182795906,0.05959393718575073,0.05188983592667167,0.5348607441777596,0.1889146276984622,0.17508329102071482,-0.03587910946797299,-0.114524213878323,0.18059677043917888,0.5501421314048958,0.5090023631282536,0.8393264755488096,0.3039342169945157,0.43721149287101013,0.029725811846719668,0.5523217693309793,-0.1124723456722933,-0.12083489206129856,0.27072964623412793,0.23940700806576143,0.5299775593537557,0.27443872825239374,0.37465466250450524,0.2964018516951413,0.46770079429661027,0.7033615295378487,0.3557023917145475,0.5365841195011597,0.35318060842577,0.1852943920131586,0.46599437565230395,0.0613294400357476,0.14758659322710893,0.028131007392390644,0.061197529490852394,0.3282854594371671,0.3654707140152353,0.602310482711809,0.19810742634102582,0.291701447596895,-0.02195035467741971,-0.0058471242571085215,-0.05457106949545441,-0.17791938481851888,0.7709732188965623,0.18800848250764485,0.11141933634827383,0.33215495757660174,-0.32373887919274563,0.23037013968631134,0.03566842350036591,0.1578376191605159,0.0017155424978212825,0.26818028889466056,0.002251768173607343,-0.05285166303685874
Hippocampus_L,0.5745327539567163,0.30664100263494404,0.5324910100406616,0.3265498330555077,0.5847373491354411,0.53954487271639,0.659790869077137,-0.05040540508585397,0.3798590727108347,0.2405013051849019,-0.15375428475041428,0.37467167180932975,0.10729541806387806,0.8086136490593001,0.48315033538768504,-0.10766689850357113,1.0,0.41393675988740747,0.34785589923719096,0.526566071292263,-0.044089681281164,0.2707579732894218,0.12660019226390773,-0.2868405981488645,0.3469000427075478,0.0004727534712559252,0.24659389770347392,0.5368715796787872,0.40016023571523157,0.3294038032862019,-0.1872246387933188,0.503631558164319,0.3321886793749963,0.10097106049220346,0.09401570756104756,0.7727794978279701,0.3211495488448132,0.48326361312281596,0.0508572961339322,-0.019238605928480514,0.4398195316081566,0.12953913057765476,-0.14515996686467403,0.2986820594414828,0.07955160306190745,-0.21554073109839245,0.046300382655226895,-0.29105296041762263,-0.12439310831055779,-0.16134150787760373,0.5552482548379593,0.14707808923184928,-0.5793937201761732,-0.3609292483598132,0.40415619734248165,0.4243367566295179,0.17670541036936566,0.4493258250781084,0.18530029546104193,-0.024906078600728705,0.16458181063446103,-0.0066015702872842235,0.6896376433135453,-0.09066723795239137,0.6039823660433361,-0.06393922960149218,-0.040133464779003244,0.4798419146192327,0.12504377561213356,0.4640180741890532,0.38921759114997617,-0.2819086049975666,0.3562050897472303,0.7923784490897098,0.3351207297059942
Thal_VPL_L,0.653296117873398,0.5500762537494469,0.6661497407574893,0.7430689730868695,0.46777988002510196,0.5354144767746996,0.5195287649408283,0.5347712851018276,0.3374991359288585,-0.07315822671338708,0.03993194139200316,0.5899538128346257,0.250043512015617,0.5040514604461555,-0.007314679432882687,0.49386805418857177,0.41393675988740747,1.0,0.7206905229098098,0.42631069790855664,0.29167232891133216,0.04084813246290557,0.5532178738715808,0.06945195599177564,0.10331462923925236,0.043833950724790204,0.0321150902502027,0.6619119301856402,0.7199953523507625,0.6789806050963308,0.488719448471781,0.7250955293561062,0.7148643265846876,0.20501135096180728,0.47476142409190936,0.257536545744185,-0.12194561846921556,0.5749394081623158,0.4611001023837184,0.30690476152099055,0.7135780882566364,0.3082600894006455,0.37732939795085263,0.3770320253859533,0.6013460702349915,0.3739335779782705,0.6097135252397083,0.30344030054188253,0.16629101978002359,0.3661994897832524,0.44236474316652613,0.30364980770197164,-0.20574117650600743,-0.014413552170541586,0.45621115400993417,0.7237590612134452,0.6518340257924018,0.5313762089516503,0.4035787721416068,-0.08189770834718725,0.14455979290392448,0.009393337500496302,0.16812264118012274,0.5219739739823321,0.45708963383883267,0.2791799323144961,0.2748351947700418,-0.08203871216317908,0.17769832738918395,0.3167821933578992,0.38130255351080233,-0.1651088661370337,0.4748353744058282,0.5571999747129093,0.18683583214959215
Thal_PuL_L,0.7058324488867376,0.45389218160343964,0.6617322175133831,0.8564794457865171,0.4397486744853885,0.5793460945021061,0.23285546512706018,0.4600644245170377,0.2732900809251938,-0.1083758732929476,0.055575344074915774,0.6392663427262049,0.13862140602802353,0.43031651582349745,-0.034865595219429835,0.4425392909241273,0.34785589923719096,0.7206905229098098,1.0,0.3122000653609288,0.257943729677868,0.1014137015795655,0.4698799104077131,-0.04737573218736832,-0.01186684715119626,0.2510975264102952,0.13009847896445745,0.5646668833793138,0.6906978798066987,0.7383320425839356,0.4928124082191723,0.7188302465837326,0.6968984046054453,0.03624715711948215,0.35031676793118094,0.25888818444578365,-0.18191796266817928,0.6628414177734425,0.4342555055364584,0.2700628402452729,0.6870503026291344,0.2835124454767229,0.30228769511616754,0.31413213602101664,0.4607550618946614,0.3850397147611136,0.4698972724634068,0.29390957218307234,0.05093244161270527,0.26638821038445865,0.45788158892274416,0.30758037728149,-0.10194548735889647,0.01880860032967376,0.4593088394305175,0.6277107894283467,0.6083241699462719,0.45422665748086094,0.38199577488405617,-0.23106607119297484,0.1614835579895069,0.01691748010441737,0.05012558237324741,0.5996815476330338,0.39841306708312285,0.32200522392945846,0.1638744745475862,-0.08427369628469071,0.1660814872823188,0.21937622506625937,0.36820657226971926,-0.2625600127341095,0.42914785966708613,0.4461746299952126,0.3410424187785708
Thal_VA_R,0.4003220180449944,0.30519819878772936,0.3819575848906844,0.2289326173389782,0.14217601395794835,0.08188328506635656,0.4900411904732692,0.041685863811104104,0.3137640109019545,-0.04867145707317771,0.11417814779543817,0.20055530509010105,0.16757497011314604,0.4412412913678592,0.05426904974775154,0.02309128182795906,0.526566071292263,0.42631069790855664,0.3122000653609288,1.0,-0.020711515201247595,-0.23244568076000494,0.3495976128292594,-0.16304204501726485,0.12516549220369114,0.06959043043351,0.36603063795003365,0.4573177159903585,0.3939660512019962,0.24658623098314203,0.08866355033548055,0.4114241566017255,0.292482831808413,0.19414745239297457,0.35875980088528414,0.24108683636742692,0.09127582204810941,0.21054288375085528,0.22256986367880283,-0.056303102302367354,0.3759267906408846,-0.2243884838757888,0.12239896039237448,0.10413266741866836,0.23055284462668046,0.05102573121572003,0.26734283568935835,-0.00372249685686863,-0.187784469206298,0.044078623077448434,0.34933386202835776,0.1379918923905729,-0.4295130408104755,-0.3206001655220539,0.021862262979572174,0.42011072340476774,0.19849679163920564,0.10519037225660151,0.015948499056165282,-0.1054642077384636,0.48428050796595284,0.06072865257825616,0.12278669033737809,0.03200918832086107,0.02198591731414336,-0.044265002333619366,0.06027583398508694,0.0667694007388012,-0.07690261993796174,0.6707148586910975,-0.0614667911028023,-0.009571133638218718,-0.02214209761311871,0.6312815570517532,0.37867344132952
Insula_R,0.1729582883637499,0.76153200636154,-0.02431217718112696,0.17317002815645297,0.27840463244868985,0.22420971926222089,0.030157359898356922,-0.04718970746282621,-0.08923347143188383,-0.18032969161983564,0.3164244480201389,0.39677822994432854,0.740490223090589,-0.008154974080880777,0.09461385043869146,0.05959393718575073,-0.044089681281164,0.29167232891133216,0.257943729677868,-0.020711515201247595,1.0,0.09223340966071655,0.07851527103058008,0.05371464865774216,-0.25898085406491556,0.2747343477180864,-0.18032717591777764,0.388073755678412,0.11274172140690898,0.20530658930659287,0.2104635342172989,0.39723715341418253,0.3601250663302482,0.4991750387279327,-0.08250123697487244,-0.31478709240001695,-0.2782519931488266,0.20803363810772516,0.3842866195559561,0.19969210352937203,0.43239389337666245,0.22034852379145115,0.6311694431844156,-0.3356305626551586,0.01160508375516362,0.7297876097299086,0.5992194455717119,0.5704195907214494,0.6032429399067927,0.5024202772823323,0.13114584990756442,0.16540739633059048,0.2874729346500824,0.27699457011760503,0.13010129293227107,0.2027720205962741,0.43895778145185005,0.645684154634047,0.293197340324679,0.05859846312623776,-0.10058622955712339,0.131663896903488,0.17117861963355022,0.3542106363120699,0.17599429091736515,0.2840802607392393,0.10515054036254107,0.2802565873081744,0.37917263721425953,-0.0521429261324313,0.49340475253723426,-0.14990892408849027,0.3543561308033044,0.18215144298749936,0.3156687729869054
OFCant_R,0.0514451645596437,0.040209612280285315,0.050812516259810855,0.11972009328446465,0.5221918136709375,0.5744788708878777,0.02153059385074798,0.05816561587118783,0.07590631143513245,0.2721818325182896,-0.17561769637398902,0.12240493974182615,-0.03429269020666707,0.1730535142644823,0.4078901974360626,0.05188983592667167,0.2707579732894218,0.04084813246290557,0.1014137015795655,-0.23244568076000494,0.09223340966071655,1.0,-0.11698187528488267,0.09629204723143388,0.38878605779660863,-0.0005272704893410427,-0.26008265052859736,-0.005070892299679451,-0.04983083082803913,0.0922257309580141,-0.22131839149742402,0.14406332189820398,0.0217508086860947,-0.09766778563394822,-0.29591399700733545,0.41158085741255107,0.3724906845438297,0.27124635442352135,-0.3847302079146315,0.3031415387262538,0.010804924077392421,0.55991456100445,-0.2505729611882401,0.3248981393836289,-0.01654290931536161,-0.2102204650466875,-0.08575387919049808,-0.19386223541271902,0.16342813900346503,-0.032391476204053395,0.2105497057050291,-0.19541527853575216,-0.15462174196793563,0.03006523764296428,0.5256973595772353,-0.0005001349628813235,0.066177646343662,0.48083354829746117,0.2959826133653381,-0.020418128831648306,-0.08313624383746225,-0.22765060626831388,0.5006153695242072,0.1100639851560173,0.6779674481773199,-0.06656159190377564,-0.0845538399820666,0.46624148413633903,0.303301007302955,-0.18401421173286722,0.5180872493949576,-0.4981582967491602,0.483980648448658,0.10070086442660542,0.17345021708497807
Thal_LP_L,0.3304366885136827,0.2977231894317398,0.30447098266133543,0.4848095715319691,0.1036793108903282,0.21859284895456918,0.1334621680397366,0.6357932648153103,0.35657969810014534,-0.326328147021985,0.03821261179596832,0.23521247409690302,0.10513476111903763,0.12142174063946334,-0.13790545098304893,0.5348607441777596,0.12660019226390773,0.5532178738715808,0.4698799104077131,0.3495976128292594,0.07851527103058008,-0.11698187528488267,1.0,-0.11508980448044949,0.08701161219602377,0.1677718233488635,-0.09613414610133776,0.35777099702275517,0.47437035874646216,0.39504548039463067,0.5358450200035696,0.4155226134634364,0.4901754668642426,0.26215168057994226,0.554393377285534,-0.05183860878013564,-0.16617473744004302,0.13043964611806605,0.4213044843621515,0.44306831022388166,0.2547428691431581,0.2703439643983046,0.44140657652923876,0.3269209805587768,0.7554259861682052,0.3099629723702484,0.5925597699291766,0.4143348926598938,0.144656964185915,0.5767848551967897,0.22966540968318735,0.2877948035716344,-0.13453363219649214,-0.12715385521997605,0.34257446371111505,0.4300659100815525,0.5933676367271056,0.20762465116461015,0.25831102965481095,0.062409782311361274,0.15836247019352778,0.006245039701567558,-0.15356444370619313,0.4719672765633325,0.10838273703129603,0.12999782433867155,0.2965621290837254,-0.32393378431112474,0.16198835425601193,0.3332822322395922,0.07637358470482736,0.021557965372047433,0.20409532047285225,0.3202297515186095,0.2097770751551866
Temporal_Pole_Mid_R,-0.2600562653109231,-0.06442070070888196,-0.05254201430426649,-0.031127997111193042,-0.07786116505402178,-0.08962911731610632,0.00565738058257455,0.23793845712528489,-0.17961272907159676,0.3570650745875106,-0.024212317428711896,-0.16635803865820395,-0.02472455938815668,-0.3240972637527382,-0.05089938407944364,0.1889146276984622,-0.2868405981488645,0.06945195599177564,-0.04737573218736832,-0.16304204501726485,0.05371464865774216,0.09629204723143388,-0.11508980448044949,1.0,0.21422548557115537,-0.38314784762771736,-0.09917411805394685,-0.2870680484110698,-0.1845969325571179,-0.18974137935643143,0.11637949070893797,-0.17719129870006814,-0.24419375469636506,-0.05236669707122838,-0.11966696348800304,-0.22718200257388246,0.06952851482057808,-0.11389347811697721,-0.21709838628470585,0.3216753073912646,-0.14301655610621988,0.09068744049549138,-0.07912730791928371,0.17534839229953658,0.04890589315085116,0.0019208234723093731,-0.007267374269966435,0.18729784624313833,-0.04315835385110592,0.09864786571566388,-0.3233832860304521,-0.19917007321880986,0.04100439890169217,0.21503892079041892,0.045300801528103674,-0.08304170320819525,0.011297038761915647,-0.08018611433740348,0.2299582644198789,0.011542489816627626,-0.15853100079482016,-0.22446488765556763,-0.20915644123774998,0.21032912079254024,-0.03410912332365936,-0.11288250661201538,0.1196453081382128,-0.15573065807854697,0.23143078047684779,-0.3066841158549917,-0.12483180999581396,0.15119780628007667,-0.1822347936455537,-0.2421386466415712,-0.4372706539174649
Temporal_Pole_Sup_L,0.043194389179168347,-0.05799410669936313,0.1817537880026773,0.005067944062327297,0.22725959258438133,0.2982972756002945,0.2671113180448093,0.27807468100132937,0.11519932369376308,0.24631767501222837,-0.20056485970264926,-0.1513218876211802,0.011697202370802823,0.220607233125018,0.4016363402423174,0.17508329102071482,0.3469000427075478,0.10331462923925236,-0.01186684715119626,0.12516549220369114,-0.25898085406491556,0.38878605779660863,0.08701161219602377,0.21422548557115537,1.0,-0.6155399370812985,-0.04022169660121858,-0.05841647578338489,-0.06103742559001958,-0.0653345550932229,0.0020426143325995606,-0.0017409435387316552,-0.14625713489621964,-0.02433932168396699,-0.12486355550914978,0.42000613908060763,0.4497676849261805,0.1273460352037185,-0.3203005175650755,0.5413432475115688,-0.037847562980043346,0.1484600832413462,-0.18661757473314947,0.4188627779209446,0.15644895870622752,-0.3116345400250685,-0.08197922804486388,0.004252030954825609,-0.18721735137507237,0.08947515672052192,-0.23242520529014463,-0.11468687721165217,-0.4958640809740355,-0.36706925564999826,0.2575017235707152,-0.08772461259610408,0.10795209446354538,0.08815096232588854,0.1467436332008912,0.06510070560169331,-0.16866791415851015,-0.15877300434022257,0.39714007548071467,0.1343597895877024,0.3125095554654726,-0.5599792454331156,-0.2307237600401002,0.29110837875333045,0.3967097213049115,0.12686983175540925,-0.060428613227101684,-0.08816957808708044,-0.05762648671677078,0.14519421544810432,0.009159872281042076
N_Acc_R,0.19622436449805006,0.19780969126067702,0.016885029382156642,0.24242196463193966,0.11779873942301666,0.18413780256433546,-0.16928508341097284,-0.12104003155322841,0.16771542825305266,-0.27374749815441324,0.1389198798924471,0.42064877600109846,-0.010137832932287377,0.024460009171924778,-0.28379196017362757,-0.03587910946797299,0.0004727534712559252,0.043833950724790204,0.2510975264102952,0.06959043043351,0.2747343477180864,-0.0005272704893410427,0.1677718233488635,-0.38314784762771736,-0.6155399370812985,1.0,0.013012273113854769,0.2275108260265223,0.215249263598668,0.27703586350058645,0.08436226229391146,0.2691873808808009,0.3760446618036882,0.09417325179418749,0.06922236583544437,-0.09151445237837781,-0.32776594860245556,0.12715832393295456,0.2549344423099511,-0.177207459860736,0.19395830226844013,0.27658662519636756,0.20248392283028316,-0.24944903647102673,-0.02729083070911803,0.3122931853950628,0.22618821322010454,0.03311762542334388,0.3504358314306068,0.10690090953562308,0.5778643823862873,0.1954169870844115,0.27724509277509396,0.26045923504424273,0.23502652614527167,0.20334421188035484,0.17753460655694045,0.21748816490835526,0.10029563593315638,-0.357645394464023,0.4228574972864914,-0.00676226666067498,-0.13333194106846774,0.08990260720641718,0.07954936535585642,0.554160294034977,0.15724165870417395,-0.13003293346698708,-0.05304488642961135,-0.05695141168496665,0.35757333647416445,-0.19532717864720375,0.3988820383814132,0.08278196374463637,0.47685554572318317
