,SN_pc_R,Thal_MDl_L,OFCpost_R,Temporal_Sup_R,OFClat_L,Heschl_R,Cuneus_L,Occipital_Inf_R,Temporal_Inf_R,SN_pr_R,Vermis_8,Thal_AV_L,Thal_LGN_R,Paracentral_Lobule_R,Vermis_9,Amygdala_R,Temporal_Sup_L,ACC_sup_L,Thal_Re_L,Precentral_L,Raphe_D,Frontal_Inf_Orb_2_R,Insula_L,Postcentral_L,Vermis_7,Hippocampus_R,Cerebellum_10_R,Parietal_Sup_L,Precuneus_L,SupraMarginal_R,Vermis_6,Thal_PuL_L,Occipital_Sup_R,ParaHippocampal_L,Supp_Motor_Area_L,SN_pc_L,Cerebellum_Crus1_R,Thal_AV_R,Amygdala_L,Frontal_Mid_2_R,Frontal_Sup_2_L,Thal_VL_L,Temporal_Inf_L,Vermis_1_2,Rolandic_Oper_R,Occipital_Sup_L,Thal_VA_L,Caudate_L,Parietal_Inf_R,Thal_IL_L,Thal_VPL_R,Frontal_Sup_Medial_L,VTA_R,Frontal_Med_Orb_R,Pallidum_L,Rectus_L,Cerebellum_6_R,Thal_IL_R,Postcentral_R,Cerebellum_9_L,Lingual_L,SN_pr_L,Thal_LP_L,Red_N_R,Rectus_R,Frontal_Inf_Oper_R,Fusiform_L,ACC_pre_R,Olfactory_L,Thal_MGN_L
SN_pc_R,1.0,0.13297369736884881,0.41213901214721577,0.43879518452703564,0.14378823415365452,0.46108332184695283,0.0004852247439474202,0.05203975682429032,0.34536974691487904,0.7862759789943172,0.1222152776267944,0.30808198657885205,0.4723995026999103,-0.037099426597967035,0.27093156288767045,0.5894085726145466,0.4836925594395728,0.5296732014648604,0.33070003094952527,0.11880538601398469,0.558658255291354,0.15116584957935406,0.5414530547055307,0.0753645201852097,0.4224564050323072,0.43082880682356994,0.34956574909756527,-0.11025971131675076,0.09501083882736691,0.24189271099128698,0.2358927540964062,0.4529085188751221,0.0021209477256942484,0.3838939126717215,0.15045542634875608,0.305031290130692,-0.024540636005533967,0.24072477854965654,0.188125052074994,0.4270040874217986,0.4469386685278633,0.4563802550747152,0.39683113730466524,0.4338268157995371,0.553898740811275,0.07193352427910217,0.5262653837816461,0.5095196977038656,-0.10303985770769117,0.40920502051334723,0.5655451525015974,0.4522872239465841,0.6431803025450085,-0.16635121758717256,0.29361760662680514,0.1399973636357941,0.2836629426328298,-0.05955222737260776,0.02622777074439317,0.07275040940674173,0.09647169624476248,0.5131936828116427,0.2965560955663529,0.14019187338612624,0.4085203496783118,0.5353991679487542,0.3828554251899835,0.45103717123851395,0.5529855674375014,0.14664023261192646
Thal_MDl_L,0.13297369736884881,1.0,0.20889856912613916,0.5432745937826685,0.16121431142799747,0.34519551794603,0.31393113678351303,0.29419147097732967,0.6094054517174594,-0.04171531981081887,0.5106646424660379,0.8219556815253186,0.2472008351272584,0.1253391918291753,0.2459263823830689,0.2572139724637822,0.39434496849457645,0.3614754468258206,-0.002000509890294302,0.006184486523826757,0.20346057437557744,0.28552161277017996,0.291800289016184,0.05638340410275952,0.31426729831346595,0.5921207426902703,0.47640804565193307,0.2261394541106144,0.38102540983097793,0.5584209359109494,0.3766382269036906,0.3483809991179342,0.49666421399043026,0.5990010345981943,0.18291395547858777,0.41881337196665236,0.36275155833220785,0.26127326440865084,0.3685495739795691,0.38278842003595,0.34522768817976235,0.6103994254229309,0.2821236476922937,0.6810464716844868,0.3994675901016773,0.14575131559958834,0.3025707994041304,0.3297961840105277,0.1352240147487941,0.5149897260959246,0.38496566012455197,0.27533762353209706,0.14665780682848276,0.3005034188713519,0.43718560898835235,0.12987266716933069,0.4848461707114261,0.3331825210684767,-0.0676561909741361,0.49371060929275196,0.19123397499099534,0.07961231052512298,0.28626063547486175,0.11238163464736534,0.08869521361899158,0.42305356957693047,0.44996320772606696,0.02850456815091726,0.07755110649425401,0.39411110752795714
OFCpost_R,0.41213901214721577,0.20889856912613916,1.0,0.5006194300908852,0.12280886753213982,0.24431693466673338,0.11257768581348544,-0.009113451959853629,0.38388112990130213,0.3469760167786498,0.2433568300438185,0.241716490756922,0.4072310718880276,0.2097861248767317,0.26655210747449665,0.5890952752107773,0.6071539876669788,0.28849777517961506,0.3784067080316159,0.20233098210086933,0.42835666859091204,0.4443824131747557,0.6205518237257016,0.21284370850596124,0.3684155474211643,0.5739082555716938,0.6055264313329314,0.2660268126383132,0.4400302529455413,0.26893003879911587,0.14740461517033898,0.1005370458622527,0.20845270101983546,0.6565408744706207,0.3225811578187524,0.21627879767518748,0.09941055267112771,0.08775680338360274,0.6085439328898022,0.5560840699880938,0.35926456878027657,0.35530318181000115,0.42700609157906855,0.3681004460054008,0.40206204305819704,0.172914135122152,0.4934172731735762,0.44472300256223163,0.0911027886346192,0.4563196359083723,0.3635129499170647,0.4402774707189777,0.12518592684032193,-0.11260753922136661,0.5294725461072538,0.13496202016071887,0.33595369950743215,0.06674797334051481,0.06760805767498355,0.09892072213038809,0.11365066370007208,0.3767038685047186,0.07389145004308516,-0.0007100431226142064,0.40766529503880433,0.5731707249177265,0.4752479307891758,0.2992921948734846,0.5815041465535512,0.4706050178938553
Temporal_Sup_R,0.43879518452703564,0.5432745937826685,0.5006194300908852,1.0,0.45300797414595806,0.09942488010402317,0.5337246635668246,0.18207381312250803,0.6744229114593164,0.3117115691842637,0.2548438050945733,0.5348127626641276,0.09629658887479688,0.5981405933579574,0.5394639886811267,0.3039514653975494,0.8456869107630415,0.5115208480725886,0.24832702201544748,0.6119180891575415,0.3935692270505497,0.5539039966538551,0.6974440819990889,0.5562237583414922,0.5305394685559236,0.6684119841056244,0.541497447409269,0.3674748349302067,0.7628723020020415,0.7394913313176045,0.5396403196465044,0.4277818612262296,0.5384423036546169,0.624049575402606,0.7350599950097211,0.31717336707400334,0.32870702025144766,0.25709956655583915,0.34843399818343906,0.8670864367199853,0.741231506578926,0.6647666602877774,0.5528966497766021,0.7254237916085462,0.6883504195390365,0.4736793063128685,0.5580772525272201,0.5651756323741168,0.5105414759771517,0.8302896592868169,0.2922329458171559,0.7330720945222294,0.3713537788015927,-0.07270243598709332,0.6573119563369961,0.23987986056319893,0.6478949747228049,0.2085881459912566,0.49327051843067915,0.5382858837592638,0.5975813327548519,0.3906602093327131,0.185758965794865,0.08340417113302638,0.2571946176293505,0.8372427684987328,0.8143915434815896,0.2948737503238648,0.34059828661020325,0.7225665082452879
OFClat_L,0.14378823415365452,0.16121431142799747,0.12280886753213982,0.45300797414595806,1.0,-0.2765778477354844,0.10574580948525027,-0.17324353822448343,0.1752045210311698,0.11683733678897952,-0.012152334530712974,0.2498956211916323,-0.04632538208103981,0.4732334800352023,0.1095316560429011,0.16661033342384746,0.4450291353691425,0.4258483663461604,0.30542582232516746,0.4583637504076426,0.3625782091218293,0.4053652328527369,0.5841107700282202,0.3662849434784205,0.25784569053764983,0.2955921652564725,0.07711743142693188,-0.055735089853493805,0.39142960247599246,0.3052111715858216,0.22276035150893528,0.1590832504584096,0.0467058087270773,0.338372606106465,0.49696955259477804,0.14013511068752293,0.023323562550295843,0.33465819372737154,0.3328505907917066,0.5130187027814107,0.6756964823102863,0.5177904608702408,0.48875075412242475,0.315345202692279,0.2581412050072939,-0.022234936244106218,0.5996480124348141,0.49898486289016486,0.3684331520129479,0.5207373328105017,0.06686500604445507,0.5767442663048511,-0.0028728277627449368,0.05920657393225288,0.6327263821437169,0.11235606219951833,0.1916696467104488,-0.08623037818999091,0.45982185108324825,0.27258953493168436,0.25121477428515016,0.3439071128874572,0.10862904213350606,-0.13929220080047733,0.23457418173670888,0.3029628379001161,0.5124481571163021,0.5461454211479961,0.5399221768217587,0.39716359228399706
Heschl_R,0.46108332184695283,0.34519551794603,0.24431693466673338,0.09942488010402317,-0.2765778477354844,1.0,-0.23257142724590932,0.29354493028031686,0.3311695340801833,0.46001103697815193,0.2889771517304548,0.4002021504461377,0.6908453599739535,-0.5089717970130943,0.24569778916925772,0.5982369504558158,0.13021749993812964,0.358286922175729,-0.0068274394838927915,-0.4366607160272365,0.3886808598211796,0.1642118854636606,0.2341028773886046,-0.2920044360715921,0.21263344418153676,0.480252851794457,0.24969335761747347,-0.09273007607498059,-0.26819279467816365,3.850582444837051e-06,-0.11767905983747946,0.3801342515340475,-0.019649777107989912,0.22158554815143475,-0.38605246634330626,0.3303898787841211,0.04768499732632044,0.12044167200089412,0.21667838220313643,0.03313791452169819,-0.026116017461668792,0.314520044333021,-0.020590235783048864,0.27843350471194706,0.4924691232196193,-0.1768563826800878,0.17085661384177891,0.35241231546317586,-0.5168230946544113,0.24336084671975552,0.7095239471959326,0.13007877555620487,0.4560175586747224,0.02609796420583001,0.0433636847899292,0.1087429895786567,0.13551678106371273,0.31625247833854253,-0.597049103290413,-0.0046568547962953614,-0.22329551476395107,0.41031360049448157,0.39753227133041985,0.45805289027219825,0.06647922664067278,0.2791460431488651,-0.02931774036455629,0.1651867906624616,0.21564435280113564,0.024561574547444395
Cuneus_L,0.0004852247439474202,0.31393113678351303,0.11257768581348544,0.5337246635668246,0.10574580948525027,-0.23257142724590932,1.0,0.22896038677913036,0.4083713485407753,-0.28567980315316055,0.1411553429111209,0.2469059283114741,-0.37364658776544585,0.6564334984635922,0.317098246714941,-0.30525080748636785,0.3472501728062888,-0.022329391492010398,0.009764257164993972,0.6577059492000333,-0.21441737619558765,-0.12148048815535421,0.08021288874078718,0.6062358125363747,0.20490402355739948,0.016091776576554657,0.19465515673485673,0.5764283351450412,0.7548669363658465,0.4887373189807038,0.6959443552737082,0.07253666064237901,0.649655781026547,0.19051818637253135,0.6824181873158545,0.03528902061503921,0.3764078588650802,-0.018749510094148894,-0.2432969941300587,0.5016664063223197,0.35126594075823037,0.16904227853686288,0.10259575995016688,0.4853404829868017,0.13219306988634594,0.7525243182750455,0.03827955095576568,-0.0506514567392306,0.5826219032274464,0.357523239144459,-0.13152302692567833,0.3291779654003958,0.14436810793090538,-0.0037479817104758666,0.09981537484213501,0.09074603181629724,0.5194985136371094,-0.004007232934908621,0.515960444703942,0.5562256223007694,0.7326369672600888,-0.29305939073719844,-0.0854264063673612,-0.23378391697383005,0.22031132959812738,0.4535469543131746,0.5039463877436723,-0.09543121945845869,-0.25373829454510033,0.37946435321721367
Occipital_Inf_R,0.05203975682429032,0.29419147097732967,-0.009113451959853629,0.18207381312250803,-0.17324353822448343,0.29354493028031686,0.22896038677913036,1.0,0.5956670738187819,0.04425902398015691,0.28110482032678274,0.279557389076936,0.05679502595061114,0.044144208763101496,0.4593005528616525,0.08703363322427791,0.04633731476513274,-0.10300705251626886,-0.2820639459117788,-0.03166060332338653,-0.1933434736100632,0.05261684275575229,-0.18332616389830633,-0.04951945246826498,0.3930805686751714,0.23754465774680505,0.28223523472751155,0.05140742205349133,0.035544633266530734,-0.0017313643322987376,0.41783605281388125,-0.08948296994454275,0.34364043316729764,0.10753589628192652,0.03137587966372716,0.19026397930577874,0.6816487825831388,-0.12081560232032929,-0.04084931546785586,0.037174647470469536,-0.2214757838619521,0.12669843264270064,-0.04322112634893945,0.2959509266874074,0.1452939801333152,0.19655723857492308,-0.19895599048305834,-0.12507112409280824,-0.20032374508603987,0.17717384904104663,0.12174708526346943,-0.014243466169357387,0.261632809077661,0.20203759204964136,-0.12286734073176164,0.08859351753066674,0.5677075436775384,0.2843721808968232,-0.3644014971962779,0.5966043340625801,0.2724935791489093,-0.02280462993999786,0.028779050511973665,0.3059366115082564,-0.107212988461444,0.172113833507476,0.0666866953718476,-0.36089361561291505,-0.2027097139471074,0.17839167395769928
Temporal_Inf_R,0.34536974691487904,0.6094054517174594,0.38388112990130213,0.6744229114593164,0.1752045210311698,0.3311695340801833,0.4083713485407753,0.5956670738187819,1.0,0.2205006983668603,0.40151952540601504,0.5787047577337233,0.29376236137602,0.41291729765154317,0.6088756592259846,0.40215857096726115,0.5749280492644873,0.15920517043723695,0.05252323957462012,0.3122167424713689,0.2830871657622394,0.3986669195951074,0.3211421493465843,0.2108995222458013,0.7780002597438135,0.6278136247530486,0.6995717099229328,0.097074814307035,0.518419972014368,0.280787947346277,0.6431951391998386,0.08285688499105168,0.4271339320493737,0.4945744973759613,0.4380005225645499,0.3908662081216868,0.7523234873248754,-0.06365129501548629,0.29571848638802056,0.6007440560035651,0.30064436723088606,0.5048607963333701,0.4700072725709542,0.7565630718241213,0.37367415788496805,0.23673834844642608,0.37153264565819666,0.2935782729315135,-0.0441832755688682,0.7010856524274236,0.33081003777608714,0.43949176993542355,0.412493081969102,0.1541240070630446,0.4619017939805036,0.25671551183289754,0.9186798819931773,0.2240480757664876,-0.10016311901982058,0.7436316910285211,0.44128187451852907,0.30701102666364377,-0.0001727853736135046,0.1529926978140606,0.24554045056614748,0.5456662428197551,0.6545614068094402,0.07419190850606931,0.24202047140740127,0.6293559359928116
SN_pr_R,0.7862759789943172,-0.04171531981081887,0.3469760167786498,0.3117115691842637,0.11683733678897952,0.46001103697815193,-0.28567980315316055,0.04425902398015691,0.2205006983668603,1.0,0.028327697872782436,0.13068207403834267,0.5511584700757131,-0.17199009143039096,0.31712078150501166,0.6137490583129497,0.35341697072879635,0.46828964217942687,0.2635684585078343,-0.049245965253882064,0.49624319972434805,0.36191956565777905,0.4868294202608056,-0.06502641352892434,0.3054731230088115,0.46177801575638583,0.26261332553248046,-0.17621618815952111,-0.08002139437590874,0.08966879992227643,-0.1183756296155127,0.34900700926346995,-0.11743782865837306,0.20144002143297096,-0.060576504971709216,0.3233548870649205,-0.07828412453396319,0.16194053764953267,0.28058766313076794,0.24210248705954635,0.28549363807883155,0.3327689180745581,0.3552134386337728,0.1934153020804499,0.5703337625957305,-0.03780439928541097,0.40489687662273627,0.4978084505299159,-0.1869232655404338,0.3416314223220799,0.5012283784518476,0.3395908290868659,0.576322920241962,-0.32340412703990973,0.24351651709966593,0.13759488865476444,0.12261681493355793,0.08293418972522036,-0.08404017309032326,-0.10663637172229712,-0.025463265929812528,0.6635541176821389,0.2636320860484263,0.3928388482819992,0.08702545776394421,0.38373353921079606,0.2457707021206407,0.4343419543463466,0.5610141785763281,0.11415862119639995
Vermis_8,0.1222152776267944,0.5106646424660379,0.2433568300438185,0.2548438050945733,-0.012152334530712974,0.2889771517304548,0.1411553429111209,0.28110482032678274,0.40151952540601504,0.028327697872782436,1.0,0.3590471036097543,0.2053568624294279,0.014294457776901193,0.19490496308691035,0.15520096396163247,0.1986162963858738,0.22384488496735,-0.2773552988244556,-0.11964909575418337,0.26396240723541947,0.32740963230700426,0.14942052919342538,-0.06441031028006337,0.3174811406931341,0.4484175665694077,0.3370088134123409,0.0485927161581678,0.2131781981534147,0.1611306371528078,0.09937617865634366,0.1783398913259925,0.1473159260760215,0.3433421811439289,0.009640985213416988,0.5112297576085875,0.25951890582059617,0.11107301480412994,0.29256181311994905,0.16675333311136148,0.1246887280601565,0.3593937215340465,0.13182173272996803,0.47654032708821276,0.21953598005825609,0.038623416318724874,0.10429821047270986,0.3063319918422295,-0.08789672744558201,0.2922415987247829,0.36401439283577336,0.11567058640118955,0.18891086504165863,0.17024986136005613,0.32917095528889245,0.12855361268389975,0.2725554300490004,0.4264494314835405,-0.17765821402052018,0.3067382757578028,0.1037769105956182,0.15735781900302456,0.23474450123629106,0.18518827795755538,0.043760507029589446,0.24929328072189375,0.18094147939578936,0.04416625590354252,0.03622575433996101,0.35934838818763415
Thal_AV_L,0.30808198657885205,0.8219556815253186,0.241716490756922,0.5348127626641276,0.2498956211916323,0.4002021504461377,0.2469059283114741,0.279557389076936,0.5787047577337233,0.13068207403834267,0.3590471036097543,1.0,0.4286592753219062,0.08585698073396082,0.1496224787117477,0.41310153037518954,0.45999363264963383,0.5019735874321238,0.15458917527874974,0.091858851499198,0.31323775112310687,0.22855498919525946,0.40076777188953444,0.0933305572146236,0.33543429520538237,0.635122472338472,0.5198562227822268,0.15818366376941087,0.3115848757506215,0.5240828135270895,0.39840978438493296,0.4613742601831261,0.42942057350619023,0.5162641242526735,0.2165823796814703,0.3946610337127511,0.29039411206265475,0.5023087482331916,0.3467233185740617,0.41775758653231726,0.4766502423523116,0.7358980325712251,0.3821972607188267,0.6287153147004619,0.447892659753349,0.08571690746332321,0.4792091424529693,0.40285836597903857,0.11499848290047043,0.4666183836147414,0.5032052992557362,0.3921936822975047,0.27578696005747355,0.3552214449780465,0.37432883220065083,0.18733511672176434,0.4833693593679121,0.14423899858674527,-0.020748969533414405,0.4036461970402294,0.1689696484779799,0.2511700806042453,0.3891454179864357,0.12652234566683798,0.24058125349927895,0.4664271591085932,0.479248830779,0.2461353123617293,0.26701325180263097,0.25021502495774617
Thal_LGN_R,0.4723995026999103,0.2472008351272584,0.4072310718880276,0.09629658887479688,-0.04632538208103981,0.6908453599739535,-0.37364658776544585,0.05679502595061114,0.29376236137602,0.5511584700757131,0.2053568624294279,0.4286592753219062,1.0,-0.34662297643970447,0.07410894834776954,0.657814095788048,0.30469166229199346,0.45315039847645167,0.3261773527908752,-0.3117977533762731,0.6263068810597882,0.29520874401408437,0.4103566616714476,-0.2936081096150734,0.39429617724855687,0.6099294856762993,0.39394997013026667,-0.2758021528859123,-0.18128988959589884,-0.10253115646732128,-0.1895505092900541,0.3425264172652429,-0.14734004687909402,0.26436789672697464,-0.2423819707302681,0.4639390368588731,0.010167943978462504,0.2384173972618772,0.39558304831632923,0.15842455212453016,0.1572147028181389,0.46743794300364666,0.46308720040775253,0.2962154292683002,0.446063120162489,-0.33496117341411036,0.5022211219154553,0.5438805374841259,-0.5065692783143364,0.22391253076189274,0.819263411036886,0.21189761781698582,0.2895801359848697,0.045878032955425134,0.31045395191724035,0.18677919182845676,0.16448387638112988,0.10667680956973151,-0.46452631662167665,-0.13749113406134003,-0.26254165423490494,0.6295530817763247,0.33975237993505375,0.3749564736448138,0.1350640410386755,0.31350593900313806,0.2341814391377973,0.3984839986621423,0.4752132321929598,0.06017098298792557
Paracentral_Lobule_R,-0.037099426597967035,0.1253391918291753,0.2097861248767317,0.5981405933579574,0.4732334800352023,-0.5089717970130943,0.6564334984635922,0.044144208763101496,0.41291729765154317,-0.17199009143039096,0.014294457776901193,0.08585698073396082,-0.34662297643970447,1.0,0.42192562095593383,-0.2347307731287594,0.5882444816711486,0.07462387192681988,0.23715062993181912,0.8966039874889733,0.03979563613382387,0.270452453963367,0.33003934069259677,0.8059235189101585,0.345646932492739,0.14661450659732783,0.2777648580803968,0.46668433170010387,0.8618729724464185,0.2993593382126414,0.606992318310256,-0.012815002675636643,0.4633945149652385,0.19686059819569512,0.9290132895491602,0.047175778082253796,0.4010248588223126,-0.027166411217927837,-0.03204345528050079,0.7333564177653661,0.5536284615408114,0.28050346506107043,0.37916929775057495,0.48800099359937205,0.149843557490939,0.5474182847915655,0.3157085426063471,0.17362143521506757,0.6024059285631379,0.5051797517896405,-0.16741539386346063,0.5638978683409385,0.02784864594545912,-0.0669271633024754,0.44133013822966405,0.1685436088727511,0.5540379479825711,-0.09521258939489886,0.6921105574002431,0.5866748392218563,0.7477584291275703,-0.019140874829392213,-0.17397612848110808,-0.2582316089090811,0.20857601216571212,0.458183130342684,0.6846294060114478,0.14958109770903014,0.020929173396446215,0.5306978751188658
Vermis_9,0.27093156288767045,0.2459263823830689,0.26655210747449665,0.5394639886811267,0.1095316560429011,0.24569778916925772,0.317098246714941,0.4593005528616525,0.6088756592259846,0.31712078150501166,0.19490496308691035,0.1496224787117477,0.07410894834776954,0.42192562095593383,1.0,0.067741830849375,0.5366419312430643,0.12707825179322282,0.022408897480131813,0.3029746272196319,0.10601917111824562,0.4015018969908838,0.295266987601034,0.3156640953082848,0.512094702828961,0.35902847892000644,0.3306919262750245,0.243039932577354,0.4147962225300283,0.15203441542807747,0.4415278995341561,0.101500050849995,0.41674886642384645,0.1788360312681253,0.390604231370198,0.21800979415506638,0.5287426670008964,-0.13773760739784577,0.0579631786197013,0.4934320215757697,0.19744182839156932,0.3005836973717738,0.24885316786375883,0.6038185595894997,0.48853693837279843,0.4062848785888867,0.13712803707461116,0.27675280449553463,0.0504531247716621,0.6237387689004894,0.24829475799087528,0.4273911356296172,0.4501331656801152,-0.18567804742022456,0.24752032769171925,0.17417464679608027,0.6580125658873565,0.2900154786222514,0.007932248605473717,0.6358478557393686,0.5629006531626334,0.28569470116197776,-0.033785329486861256,0.2709126701531999,-0.06643327648690599,0.46521977607243264,0.5119303688203527,-0.04166802971560276,0.05761154865297395,0.49920471196064936
Amygdala_R,0.5894085726145466,0.2572139724637822,0.5890952752107773,0.3039514653975494,0.16661033342384746,0.5982369504558158,-0.30525080748636785,0.08703363322427791,0.40215857096726115,0.6137490583129497,0.15520096396163247,0.41310153037518954,0.657814095788048,-0.2347307731287594,0.067741830849375,1.0,0.32632761524431175,0.36512842515439053,0.33097870340892116,-0.18620863342219118,0.532501884826294,0.37067098828293193,0.5065360425292116,-0.1835453462389172,0.32713337649747504,0.6081334415999182,0.5019520062599946,-0.1416196737601988,-0.020918624853772595,0.10752190983717297,-0.037974831648055166,0.16640015994317506,-0.12796856197494696,0.5041876785274665,-0.11129045460378237,0.18936187025219153,0.009775230360870623,0.18057065546709294,0.5856192413478475,0.2879265184456501,0.24023221358431113,0.40124066333012237,0.3235819981024322,0.18672909685322825,0.384949262837576,-0.2687126993644799,0.5355445040010991,0.43501767402731095,-0.30491119669524935,0.36226104418458593,0.4741010582758538,0.3431987256040235,0.2490242975717638,-0.08184649436972034,0.3904098766920399,0.17989236894922528,0.18229648516073965,0.0009650396574181347,-0.3107235353024517,-0.03148993945616249,-0.301472605036768,0.5382502143178111,0.22844190345428464,0.15374043721033545,0.389337723216105,0.3318872729460359,0.20138321537461926,0.4742664279518797,0.7506926539719357,0.2079770118090754
Temporal_Sup_L,0.4836925594395728,0.39434496849457645,0.6071539876669788,0.8456869107630415,0.4450291353691425,0.13021749993812964,0.3472501728062888,0.04633731476513274,0.5749280492644873,0.35341697072879635,0.1986162963858738,0.45999363264963383,0.30469166229199346,0.5882444816711486,0.5366419312430643,0.32632761524431175,1.0,0.5691349308645421,0.40504022469300344,0.5810915573904754,0.5871613124263082,0.5615773303724598,0.7723405143338263,0.5169480498086453,0.5794371058965632,0.6700508164105027,0.6226914869975068,0.28744516821142885,0.6879325926490771,0.4814404212732505,0.46684402789453805,0.4268485429032988,0.40513947484794355,0.5610531247199957,0.719912418319109,0.3624759833231084,0.22602592192213883,0.26886524237536785,0.3598460671121713,0.89922586750942,0.7554592614698763,0.7013939211403447,0.6957714651296121,0.7270889268236609,0.6842170970879402,0.31804259023989084,0.7125530186156085,0.6913031459986553,0.3326126956952441,0.7859954758176622,0.47791929888880774,0.7939585587396759,0.3525669418688597,-0.07267817612049744,0.7073194077398063,0.2495088586856172,0.617295265946431,0.10159511052160061,0.4011565874787899,0.4198558138993605,0.4921693104892314,0.5413861400426142,0.16396813168962157,0.06273316063956223,0.36505130280315873,0.8346111991368768,0.8416255351766455,0.3964371960810473,0.4570801180704516,0.6521636666878063
ACC_sup_L,0.5296732014648604,0.3614754468258206,0.28849777517961506,0.5115208480725886,0.4258483663461604,0.358286922175729,-0.022329391492010398,-0.10300705251626886,0.15920517043723695,0.46828964217942687,0.22384488496735,0.5019735874321238,0.45315039847645167,0.07462387192681988,0.12707825179322282,0.36512842515439053,0.5691349308645421,1.0,0.27390548437610474,0.1856624686469328,0.6445489597195382,0.4646768201230041,0.7394620559461842,0.3135582191204461,0.17415077626823744,0.6349788645032218,0.25103539137526987,0.10575107635558595,0.17938769997158968,0.43249302018215735,-0.01039153114212558,0.8521402312587636,0.14488878404376668,0.3790638520580515,0.23964854859634305,0.5579479414372864,-0.15266114159321167,0.7166811455245804,0.27567999302845103,0.5362848176647883,0.7638256203035911,0.8139836237747837,0.3878696029904194,0.4338375747031737,0.7647948906423774,0.08986126891823895,0.6132822254653595,0.8607783745173787,0.19919158270913828,0.4469098208022573,0.7274116653488489,0.6665394697131679,0.446485659497831,-0.005558801661755862,0.5249356311349134,0.19952149081916898,0.07352223076331611,0.28026985327149667,0.275054047940278,0.06457594750405157,0.21444973634567727,0.5974688030690116,0.7185925461045005,0.3910594507218174,0.1389664005549723,0.5935268733931559,0.4036275657708049,0.6891165196460096,0.4067582493897587,0.22006739277583803
Thal_Re_L,0.33070003094952527,-0.002000509890294302,0.3784067080316159,0.24832702201544748,0.30542582232516746,-0.0068274394838927915,0.009764257164993972,-0.2820639459117788,0.05252323957462012,0.2635684585078343,-0.2773552988244556,0.15458917527874974,0.3261773527908752,0.23715062993181912,0.022408897480131813,0.33097870340892116,0.40504022469300344,0.27390548437610474,1.0,0.3242872052572795,0.4018972202115824,-0.02009463581734216,0.5032631538795438,0.28452307759464285,0.11558888477127612,0.18202209436713784,0.304594939672343,0.027898848280951294,0.2237469716786751,0.10354267717349155,0.20908087215350024,0.12040615795942052,-0.06978727990682908,0.3312354415600388,0.35691740867826244,-0.2297056275727666,-0.1802766087982336,0.1421373004407382,0.2074114927295314,0.4497598179017396,0.43748528987536445,0.23846328776291006,0.42786487142540863,0.13605636350008252,0.2117790884301506,-0.07420293415778392,0.6352777263182462,0.27961997463090227,0.0726157470375059,0.19922924122740124,0.18416426887329582,0.37103336827006134,-0.08485939358964203,-0.10571580534687287,0.2991992967817763,-0.020772580358607216,0.12105257334104348,-0.5738729068475359,0.24100042473579236,-0.11743359898548184,-0.0887448785459091,0.15343464023156886,0.042052002941455585,-0.35508867678049716,0.38774974259792727,0.30624103282534565,0.37900125441844057,0.3646616005700577,0.5079673813339014,-0.033510686496087155
Precentral_L,0.11880538601398469,0.006184486523826757,0.20233098210086933,0.6119180891575415,0.4583637504076426,-0.4366607160272365,0.6577059492000333,-0.03166060332338653,0.3122167424713689,-0.049245965253882064,-0.11964909575418337,0.091858851499198,-0.3117977533762731,0.8966039874889733,0.3029746272196319,-0.18620863342219118,0.5810915573904754,0.1856624686469328,0.3242872052572795,1.0,0.0847638200563536,0.16533235524924603,0.40837020527392326,0.9013048590645768,0.25137561143331005,0.12767229410573738,0.2032083964737527,0.48014769136666197,0.8041236411425473,0.3908337292087724,0.5687309235647645,0.16110123383503713,0.43314181432634685,0.17733285807070975,0.9453470124037288,-0.001651878092962649,0.20816163316441202,0.10221695929963301,-0.0918214118189186,0.72505046953451,0.6582432455934466,0.28146264680075633,0.3364787700950647,0.39090192801536616,0.23474465835089994,0.5907747407693208,0.3530444754208136,0.18958628518285206,0.6613077402058417,0.4514183762284711,-0.12367485750713111,0.593145258413098,0.13187422647643265,-0.12201081783416802,0.36785667786303305,0.15529837636207738,0.44007407641661256,-0.1672298985864985,0.8102649521301634,0.4160239209509051,0.7376754608788979,0.019214317628273133,-0.05941711325337409,-0.2564701625598859,0.26588222542835127,0.5473004836175125,0.6466530816286152,0.2308748877888961,0.04931304727783876,0.41975469029593204
Raphe_D,0.558658255291354,0.20346057437557744,0.42835666859091204,0.3935692270505497,0.3625782091218293,0.3886808598211796,-0.21441737619558765,-0.1933434736100632,0.2830871657622394,0.49624319972434805,0.26396240723541947,0.31323775112310687,0.6263068810597882,0.03979563613382387,0.10601917111824562,0.532501884826294,0.5871613124263082,0.6445489597195382,0.4018972202115824,0.0847638200563536,1.0,0.543231385292754,0.6997031074064107,0.01431027746081198,0.47714486685227747,0.6249451345788454,0.4138252456238177,-0.3218057404348524,0.1452864996034248,0.0962346612049259,-0.028932736048753207,0.4329818438058933,-0.2656193212318004,0.4407981811060059,0.17649603724228563,0.4733993266964775,-0.11317532868820596,0.316209429138807,0.4744188466678721,0.5123724781167205,0.5644764370302843,0.6232885461643177,0.6574753016824815,0.455854853887607,0.5015357625069027,-0.3010444880968215,0.7916012028577949,0.8265987577289802,-0.18534846218923925,0.5472535112514954,0.6933870780281276,0.5096497076145833,0.2708232903407475,0.013438134505639535,0.6877071438854874,0.19647197121608054,0.19356231150556297,0.051033726518269984,0.030613043806854513,-0.0686113314700527,-0.07888039169695076,0.7686641173994648,0.3226462949385846,0.16200078925650446,0.3235590187258438,0.49563529498870346,0.4778225433586424,0.6293273938485713,0.6747832717214657,0.34647162495831857
Frontal_Inf_Orb_2_R,0.15116584957935406,0.28552161277017996,0.4443824131747557,0.5539039966538551,0.4053652328527369,0.1642118854636606,-0.12148048815535421,0.05261684275575229,0.3986669195951074,0.36191956565777905,0.32740963230700426,0.22855498919525946,0.29520874401408437,0.270452453963367,0.4015018969908838,0.37067098828293193,0.5615773303724598,0.4646768201230041,-0.02009463581734216,0.16533235524924603,0.543231385292754,1.0,0.5837097199886866,0.18868472533839825,0.4156568090914719,0.7614361941155007,0.3840543695190574,0.04441030435963304,0.36063742630418955,0.254046940024879,-0.14861975099653457,0.23321547840709636,0.1075495211056404,0.43824740161203835,0.2723281658660508,0.5511653907391827,0.20913174872691112,0.23522182051128965,0.6638349090552401,0.4915639156011273,0.397975425798266,0.535593892866737,0.4485991433800678,0.3683876799723744,0.5583130961214374,-0.01957525470801772,0.4033978239026088,0.6673973430191197,0.13335776299101434,0.6557615810239139,0.3800276134703951,0.43446154019086713,0.12609017065122324,-0.010280868227694412,0.7372023030293676,0.164053035366801,0.25872215523523767,0.5706253717849972,0.1295331810546508,0.21272775391775728,0.20431077172710307,0.6740287198569543,0.2131599571052903,0.4397102894813633,-0.14826503641862307,0.4891884956986284,0.4489123994255278,0.32316015990879393,0.39645263264820596,0.6934040429223784
Insula_L,0.5414530547055307,0.291800289016184,0.6205518237257016,0.6974440819990889,0.5841107700282202,0.2341028773886046,0.08021288874078718,-0.18332616389830633,0.3211421493465843,0.4868294202608056,0.14942052919342538,0.40076777188953444,0.4103566616714476,0.33003934069259677,0.295266987601034,0.5065360425292116,0.7723405143338263,0.7394620559461842,0.5032631538795438,0.40837020527392326,0.6997031074064107,0.5837097199886866,1.0,0.43233725351550906,0.3768246401845215,0.6836731879234668,0.41081707574463844,0.17060795117580563,0.4547500869106308,0.4893595623325847,0.11148141113688452,0.5704524129606642,0.19701848776756495,0.6205573865094257,0.4887620789478296,0.317209948736112,-0.08539953089614324,0.43308920584146726,0.564876096861361,0.7404959422216792,0.8065985499764708,0.7038890753261042,0.6103566935262096,0.5156581392911223,0.7443341994867456,0.10199852880329602,0.7827560285143704,0.8110142974025896,0.29867003011800886,0.6954217978486242,0.5489859344781449,0.7666289052646361,0.302229929897684,-0.1192390332917243,0.7640668624271385,0.15487697465586722,0.273161956370334,0.10907516631972884,0.3679243364313389,0.09126495257672318,0.22544738381867946,0.6432709998906345,0.39960644208800733,0.09956601226692097,0.3319698334201821,0.7458010209331357,0.6740237770120548,0.65112430946678,0.680201067441222,0.5301636999374467
Postcentral_L,0.0753645201852097,0.05638340410275952,0.21284370850596124,0.5562237583414922,0.3662849434784205,-0.2920044360715921,0.6062358125363747,-0.04951945246826498,0.2108995222458013,-0.06502641352892434,-0.06441031028006337,0.0933305572146236,-0.2936081096150734,0.8059235189101585,0.3156640953082848,-0.1835453462389172,0.5169480498086453,0.3135582191204461,0.28452307759464285,0.9013048590645768,0.01431027746081198,0.18868472533839825,0.43233725351550906,1.0,0.05779019759324645,0.15052703354062164,0.13859009881434717,0.6966106069272242,0.73399011153463,0.4012141506239874,0.4315759791204509,0.33599369384730815,0.5285225109588103,0.17560109584221117,0.845319356723876,0.014352472909338398,0.15090603855110094,0.20121632732192743,-0.09617686779826211,0.6817692449675969,0.6396865348025921,0.28421283042521617,0.08359616560207012,0.3325986525589171,0.36617009804895767,0.6568569840623759,0.24048288933364448,0.21708635273077526,0.6747199229236026,0.36740378098484316,-0.03278555645497205,0.6001478558811533,0.15743109728572588,-0.13808522123292827,0.2907529696547294,0.13702442291865988,0.29145080733067424,-0.019650415314137037,0.7587625817520898,0.39690119786162587,0.7200185497485295,-0.04491765587727992,0.12642564613725335,-0.13020732685495723,0.16261863404494195,0.5349403748723617,0.48140788403523577,0.2410580384275704,-0.06001433759250191,0.33104795319377767
Vermis_7,0.4224564050323072,0.31426729831346595,0.3684155474211643,0.5305394685559236,0.25784569053764983,0.21263344418153676,0.20490402355739948,0.3930805686751714,0.7780002597438135,0.3054731230088115,0.3174811406931341,0.33543429520538237,0.39429617724855687,0.345646932492739,0.512094702828961,0.32713337649747504,0.5794371058965632,0.17415077626823744,0.11558888477127612,0.25137561143331005,0.47714486685227747,0.4156568090914719,0.3768246401845215,0.05779019759324645,1.0,0.5306088539453647,0.5496997988178474,-0.24081627438241757,0.3418136587926291,0.05449715257004539,0.485937047292213,0.0411049286691967,0.12897468262563305,0.39811543278039013,0.38277806793584934,0.42512204357312966,0.5719920343666162,-0.13131819150287402,0.28265950960548863,0.5496535116730823,0.28632710967329156,0.45501463051679397,0.6785284544627361,0.6758229934147139,0.34698609460141744,-0.013520050748578196,0.494497571315235,0.4251686981779039,-0.1815403613539152,0.6515395746611111,0.407139583157272,0.4115933390542412,0.3566599767365263,0.1446955562999067,0.5505407849051699,0.18402762522533664,0.7932412263849273,0.13749423916816245,-0.10052757785585141,0.5411907124015399,0.32280490956509783,0.5065425965642327,-0.06484644461537743,0.10633537465425155,0.2641365389714263,0.49493782360459976,0.6572697010660853,0.16309775069923663,0.36639373708621104,0.6322204747621722
Hippocampus_R,0.43082880682356994,0.5921207426902703,0.5739082555716938,0.6684119841056244,0.2955921652564725,0.480252851794457,0.016091776576554657,0.23754465774680505,0.6278136247530486,0.46177801575638583,0.4484175665694077,0.635122472338472,0.6099294856762993,0.14661450659732783,0.35902847892000644,0.6081334415999182,0.6700508164105027,0.6349788645032218,0.18202209436713784,0.12767229410573738,0.6249451345788454,0.7614361941155007,0.6836731879234668,0.15052703354062164,0.5306088539453647,1.0,0.6310220704277418,0.09420608989305386,0.3699232603661086,0.43228778214195657,0.0879198481489134,0.4730584644063749,0.29107827590262075,0.6692876975736333,0.2624752688704101,0.6194432265940507,0.30424094303545085,0.40235788485153784,0.6909481931019504,0.5876455583062623,0.5106259653312133,0.7577466655473172,0.5468794443569879,0.6038369669809556,0.7273761103692923,0.019356627075173733,0.5525843405918475,0.7082531662307838,0.03423680397012398,0.6560151761231505,0.6658863747081373,0.5044547830073827,0.33895601772627054,0.11704879088988128,0.6766757472416037,0.17977355055612534,0.4618612797507683,0.4314796215933769,-0.02543147537579165,0.3001846771500122,0.182652793712462,0.6513701280365183,0.4345028498926715,0.4119533805520809,0.06731240274817153,0.6831533372791593,0.5658571761141875,0.34997081410836534,0.468142685463329,0.5636516129618707
Cerebellum_10_R,0.34956574909756527,0.47640804565193307,0.6055264313329314,0.541497447409269,0.07711743142693188,0.24969335761747347,0.19465515673485673,0.28223523472751155,0.6995717099229328,0.26261332553248046,0.3370088134123409,0.5198562227822268,0.39394997013026667,0.2777648580803968,0.3306919262750245,0.5019520062599946,0.6226914869975068,0.25103539137526987,0.304594939672343,0.2032083964737527,0.4138252456238177,0.3840543695190574,0.41081707574463844,0.13859009881434717,0.5496997988178474,0.6310220704277418,1.0,0.1337009229540887,0.4214197863838084,0.2519471248512565,0.4039095835570099,0.12037813242064187,0.335220413264967,0.56915792322446,0.3563479258143539,0.3014396235340112,0.46642530397882204,0.05527995823923989,0.4602534061692046,0.5440559697450165,0.3350588232668601,0.4048463856231695,0.5094951987400553,0.5371041823748312,0.33252641522919907,0.07471750161843022,0.46553048443052114,0.3212413278680666,-0.007995748073466038,0.4859755479367031,0.3253921573410756,0.367020364317673,0.28551356400014405,0.16527952191429562,0.4564561604567473,0.19894079388632974,0.674361318431164,0.10174455055402594,-0.032473481466002437,0.3540584683670167,0.14218150648472686,0.358662533306385,0.018196677540232697,0.06800332240407586,0.340995598690049,0.4661176246821144,0.5142548939904442,0.1332369134123168,0.40229384229748355,0.45952066428047095
Parietal_Sup_L,-0.11025971131675076,0.2261394541106144,0.2660268126383132,0.3674748349302067,-0.055735089853493805,-0.09273007607498059,0.5764283351450412,0.05140742205349133,0.097074814307035,-0.17621618815952111,0.0485927161581678,0.15818366376941087,-0.2758021528859123,0.46668433170010387,0.243039932577354,-0.1416196737601988,0.28744516821142885,0.10575107635558595,0.027898848280951294,0.48014769136666197,-0.3218057404348524,0.04441030435963304,0.17060795117580563,0.6966106069272242,-0.24081627438241757,0.09420608989305386,0.1337009229540887,1.0,0.6050145124577667,0.4873128629785187,0.21422746868653453,0.23260813750175946,0.771011899440154,0.19437684384454149,0.4658768923141515,-0.037278279277810834,0.05784642938372692,0.191054521322168,-0.04849632162486418,0.3472825736237466,0.2745815729055351,0.10621334701118106,-0.2250051594127789,0.16410092811968546,0.27622033694549114,0.7720804539893349,-0.13172288627903647,-0.061214043898966466,0.6721243249205642,0.12491395483364745,-0.08829762199274015,0.2728842901015325,0.05835286476121162,-0.17604228745558628,-0.006675982924067143,0.08614800867246253,0.10232929273298605,0.18225164164834354,0.46499190994258016,0.25631887205474924,0.4970843670880423,-0.2875638254630554,0.13593976983767136,-0.021092158976986262,0.00814385971416941,0.3976831088241158,0.20169654959351002,-0.08131033384694657,-0.2790137813674954,0.16768714890363104
