,Precentral_R,ACC_pre_L,Vermis_8,Paracentral_Lobule_L,Frontal_Inf_Orb_2_L,Cerebellum_7b_R,Raphe_M,Parietal_Sup_L,Frontal_Mid_2_R,Occipital_Mid_L,Parietal_Inf_L,Cerebellum_8_L,Cerebellum_9_L,Frontal_Mid_2_L,Amygdala_L,Cerebellum_Crus1_L,Thal_IL_L,N_Acc_L,Frontal_Sup_Medial_L,Thal_LP_R,Vermis_10,Thal_PuL_R,Olfactory_R,Caudate_R,Thal_VA_R,OFCant_R,Hippocampus_L,Rolandic_Oper_R,Cerebellum_6_L,SN_pr_R,Cerebellum_7b_L,Cerebellum_Crus2_R,Frontal_Inf_Orb_2_R,Pallidum_L,ParaHippocampal_L,Calcarine_L,Angular_L,Thal_AV_L,Rectus_L,Precuneus_L,Vermis_1_2,Thal_LGN_R,Cerebellum_10_L,Temporal_Sup_L,Temporal_Sup_R,Cerebellum_Crus2_L,Occipital_Mid_R,Cingulate_Post_R,Heschl_R,Insula_L,OFClat_L,Frontal_Med_Orb_L,SN_pc_R,Temporal_Inf_R,VTA_L,ACC_sup_R,Postcentral_L,Vermis_6,Vermis_3,Calcarine_R,OFCant_L,Thal_VL_R,Thal_MGN_L,Lingual_L,Vermis_9,Cerebellum_6_R,Cingulate_Mid_R,Supp_Motor_Area_R,SN_pr_L,ACC_sub_R,Frontal_Sup_Medial_R,Parietal_Sup_R,Thal_MDl_L,Paracentral_Lobule_R,Lingual_R,Temporal_Mid_R,Cingulate_Post_L,Putamen_L,Occipital_Inf_L,OFCpost_R,Vermis_4_5,Frontal_Sup_2_R,Thal_VA_L,Thal_MDl_R,Putamen_R,Temporal_Pole_Sup_L,Thal_IL_R,Heschl_L,Red_N_L,Cerebellum_Crus1_R
Precentral_R,1.0,-0.033614846480243196,0.3516784847867774,-0.1460210675925276,0.17243698649155847,0.43788513460963296,0.005495807351099218,-0.0442046023348671,0.8492432623317673,0.5080242217682022,0.3645948959242785,0.2680258876385805,0.24995458374371085,0.5801719510318468,-0.16931303878996348,0.1399559560972045,0.35123604690086707,-0.32759929362002094,0.37649474287545487,-0.0893936762313253,0.11478011509640823,0.3900399016851067,0.05086598332433666,0.2793927985532059,0.11201325924085345,-0.62945552752317,0.11995047121263379,0.2543937932745649,0.3674059417816493,0.3736777345780376,0.18985931085272162,-0.0804890035621471,0.707950939569967,0.12841772845894023,0.5683383442492858,0.537180694479207,-0.09081953196133849,0.3055685967719669,-0.43755010911587694,0.666390380223313,0.05096907590970444,0.6270892012610213,0.20796907327696573,0.5922235508700877,0.6811736995142466,0.20802397628524316,0.4965619245076396,0.6446635687075324,0.3269050436367744,0.3899343945571154,-0.26029378124745617,-0.6618022064118723,0.5631400100545475,0.3484646133866239,0.009228837437895814,0.44671750812031374,0.5812033518764693,0.5846389224917156,0.300391025995516,0.713593477674178,-0.539355858728415,-0.2130435109321898,0.25241991819341963,0.5567113015926471,0.2939411095948159,0.3413082213906925,0.7852932001687355,0.8733026543133693,-0.43855723181486034,-0.11505222929368264,0.6211189346662787,-0.06118872776145143,0.30226986998375216,-0.19395936989903273,0.6638082857112237,0.6670600476932915,0.5398902974558771,0.2897529938935437,0.2378868884901116,0.2765877427595415,0.5058669821626322,0.7374528262210319,0.3984932944399009,0.36451292188594986,0.16421981832773022,0.07130055854801148,0.268224463431119,-0.0871826461636668,0.4658654876983447,0.19698607335200263
ACC_pre_L,-0.033614846480243196,1.0,0.2890416099095457,-0.04917220833932106,0.6449164050758581,0.03336474372873073,0.20147999495001284,-0.0351568944199474,0.10181896098205256,0.1506665788043464,-0.0903918113710304,0.45592279457741314,0.3846049759603973,0.17600010721253978,0.25731771600283576,0.283284578649728,0.0034222385131234693,0.6302576049010626,0.5511441343782737,0.5000323542628053,0.3538428451976126,-0.01895288827893396,0.41095792608542114,0.3937210020981902,0.4344991659253298,0.4761431461538318,0.47439489978376476,0.6750271012068068,0.5137491198124752,0.4135120421881684,0.1848141875695465,0.2654219282842978,0.24881714001175814,0.4352549384648523,0.33238592569619535,0.2990789757827416,0.024991771775566364,0.0489464867450861,0.2940469496351184,0.21900089943244144,0.32368426527252653,0.044664156881931726,0.24906790003549437,0.35070661833562755,0.4483135359140352,0.14426588799004467,-0.15498071119897147,0.5340117797490914,0.23889332061772417,0.5552129907597837,0.42392978898362993,0.3705996446758694,-0.006870632543438789,0.6119716384119902,0.12645081149581816,0.6413800686417103,0.03385903768466329,0.26415840749171354,0.4071709020334104,0.2882729095500784,0.3575596652589877,0.6307176460995644,0.18657746200365827,0.40832833003773406,0.3181053784902906,0.40483246729358885,0.445562084186066,-0.08875104954841447,0.33974757870718253,0.3614531022577705,0.33361676250580585,0.15621866198497478,0.013281351480963814,0.04467055642876034,0.41000689344085484,0.42410167386281494,0.42424612708506054,0.5212854748365057,0.13647991297344655,0.5271696282498102,0.5251341828970756,0.3126935422314594,0.19340103615497492,0.42695714504796867,0.46020294575360154,0.5947978329229736,0.2216343997022477,0.496287228932402,0.036239133744279256,0.15546114664641197
Vermis_8,0.3516784847867774,0.2890416099095457,1.0,0.05947236239974704,0.29228842425244944,0.5284992996310027,0.008727464212080966,0.01600558143747169,0.3438771772046546,0.22551046714560757,-0.042679503246787945,0.6858077126025713,0.6257117532876143,0.14276000948396267,0.0034769937968107084,0.6688539330833233,0.13846299653943325,0.05022365044643922,0.2138077280680848,0.2733145550119388,0.29802220341713614,0.1329928760807943,0.2638353674278927,0.2661346099601602,0.15948970738732002,-0.21467053541082193,0.2870678174494535,0.3386808083230772,0.6953589199842892,0.2922876156749242,0.5855624237085862,0.5549109185805751,0.46059602705724517,0.36345525741513246,0.3562468504822065,0.4900384025902692,-0.034891948245140976,0.045268262870281774,-0.2297236508888926,0.21014712551647075,0.0023838685114792105,0.3034713606828009,0.3830333608807676,0.17552307168065093,0.44569692898649116,0.5702982369568609,0.2848407288536183,0.4591834611009827,0.03186525711046464,0.47776529189486844,-0.016846894773895282,-0.18166186977651894,0.3533633756103805,0.621300846580336,0.06841765352211585,0.3453200548307271,0.0038864670770975946,0.669473258313176,0.25970737035163816,0.43610636979696354,-0.22164133669143923,0.12478303820614071,0.16798896262778354,0.5668161723374016,0.695102229545959,0.7371045179698694,0.4552180816721175,0.23191590358329195,-0.08169478904198048,-0.05170042367891834,0.2772564719437541,0.10808390797847131,0.08915150230389192,0.004073494930824516,0.6604575746120533,0.59141241327044,0.37390946545896997,0.3550242447734569,0.3465743025386668,0.5413474784185631,0.5575759089757675,0.25940094643557443,0.1806983710934283,0.2510734281526778,0.20501047567515596,0.3593187860368977,0.1818123397847705,0.31057439753456534,0.41093536740984404,0.6866024641194453
Paracentral_Lobule_L,-0.1460210675925276,-0.04917220833932106,0.05947236239974704,1.0,-0.1657573978787348,0.09453756606393289,-0.0026112490393096865,0.07022987592258857,-0.19768677650532968,-0.3650236100452488,-0.31065231104056007,0.07856665088887468,-0.06269006033405751,-0.1941433170673342,-0.04211379911028272,0.2437961685495517,0.13433287648822131,0.015840556200159953,-0.22105716006921833,0.0027918636140772026,-0.0020166802497702165,0.24117794114308816,0.017679243695919965,0.21275411361811125,-0.0716621779274093,-0.011326426440691205,0.010667322541230454,-0.19656327000172155,-0.005725846373470234,-0.18582447311750272,0.2612212504113656,0.2818868505513714,-0.06701348488664328,0.19066000414222659,-0.30114121757224843,-0.2891174689383321,-0.3024614636331655,0.0331051384997054,-0.08146678403721505,-0.37941251217153876,0.0016522677261553702,-0.23151681899853255,-0.061865296156648486,-0.3590998806643577,-0.18180285550849468,0.22526676269218168,-0.08874125675161192,-0.23451049606592445,-0.23079328969462806,0.059942528546542286,-0.06849291031539545,0.13118680613643524,-0.17979114091363416,-0.06563432696180707,0.261347354364843,-0.23119380047874938,-0.43041637372078856,-0.13042581410913387,-0.08137273576017422,-0.15741097080852343,0.050354722570076636,0.05559221084953298,-0.16392132923410613,0.00010917999365848265,-0.002634213754570822,0.1090356081189451,-0.2840685419642977,-0.31968816435749603,0.10056479306606692,-0.23023606064504312,-0.13350702391884717,0.19991938339276774,-0.17869101564948628,0.15911806381292173,-0.1595431814281074,-0.1649706963161673,-0.3495852115872219,0.07588685164747731,0.018016250677121298,0.07906806903837921,-0.045006962598128857,-0.1610979607752061,0.23972830716158644,-0.08678353952926002,-0.19102189298531816,-0.09586930337822208,-0.25935002181700373,0.3335329836817682,-0.057135527893419906,0.2730996456795746
Frontal_Inf_Orb_2_L,0.17243698649155847,0.6449164050758581,0.29228842425244944,-0.1657573978787348,1.0,-0.15295847696497086,0.508548392418488,-0.10946514719585888,0.4525941636147955,0.04025327600138142,-0.1590406938850217,0.4697294779125944,0.5119589040453911,0.5065501034205119,0.5508954619698555,0.1893442803450791,-0.2547583715845113,0.6938434180002456,0.794556041785292,0.575977193385334,0.3059822835642153,-0.22915470668764104,0.4119642163645931,0.38657803627705223,0.19616134414448858,0.2968039942058687,0.5346953784595028,0.6721571003010021,0.49151940319306653,0.3687191251399827,0.08522698568861854,0.200301603888564,0.5292206855297811,0.3818990511107626,0.3268753970778708,0.15658507434455948,-0.12279482844926257,-0.14821886972620993,0.4271505078438344,0.10499907703489676,0.4809445406527801,-0.13214511526957343,0.3085257508395076,0.3434455497064182,0.4500294310193893,-0.009892195779907756,-0.25537519008882237,0.6496705239763366,0.3354225065232032,0.5815517772665146,0.6742351655612039,0.2540020684345898,-0.1600368569358479,0.48834533561594357,-0.08075671793646617,0.6763787370942346,0.005754900754344585,0.2808493363001208,0.5013858114660034,0.1779418742670865,0.376467894662674,0.631798854658995,0.11062873736492956,0.1925050088713355,0.3960409502140699,0.4679281527178718,0.5220813573102899,0.1472054490270643,0.5106814021050003,0.5599499363453931,0.6554418633530243,-0.08985159880835786,-0.11738879442772913,-0.02269955167045329,0.4257197788471757,0.3486890669142429,0.354299635159011,0.40853620498009857,0.036951714004703796,0.24138047000554047,0.5318374569046904,0.5943201202878822,0.07792795564695136,0.44196870354364676,0.4244474813333069,0.7754586755100987,0.3798187260973977,0.28810714396162873,-0.2687542430621308,0.04900693140333983
Cerebellum_7b_R,0.43788513460963296,0.03336474372873073,0.5284992996310027,0.09453756606393289,-0.15295847696497086,1.0,-0.46435769374536146,0.09510481953364745,0.12470669187382181,0.4717886556016744,0.24415191014783127,0.2501406123260931,0.03708178487916226,0.009513394126561076,-0.5446896823719508,0.4950187781271404,0.4777658158740015,-0.41651332430180926,-0.12234864301011422,-0.18597014583921162,-0.056976022087676624,0.5147110046028289,-0.03635574520096175,0.11557919652405856,0.11230322568760708,-0.36457835714880554,-0.07599515883557903,-0.03428916386002952,0.2373543492281615,0.08380543901937176,0.7077637107031701,0.20115490896464416,0.241379715201431,0.06167743487925444,0.19355558007924295,0.4309044023990237,0.17593751569974067,0.22931139765614514,-0.6523669122913756,0.4117122333830782,-0.3095285743515765,0.5613206955841735,0.01828926688484864,0.30210803706731815,0.3814534459255161,0.7772464288017247,0.532436959801875,0.2105689656269021,0.06390682076987876,0.21880840070402272,-0.38777268126365727,-0.34489842266255966,0.5483041189606226,0.29563501131685177,0.17431764317711876,0.03111186071122354,0.2295660670001497,0.44793613567811486,0.05421388237049706,0.5587870550360737,-0.41433085702959027,-0.2667316522074002,0.1020683210644605,0.5774523051208492,0.0967832900482884,0.26446283588868896,0.3546984846713829,0.24879490945647018,-0.6274379416458878,-0.4824808971311712,-0.010130518451699787,0.23451195971890237,0.16160994240957774,0.07234572732217265,0.42080246958009404,0.5258766946016582,0.23107203895485706,0.14316405273363908,0.5217795817356194,0.4376767740206511,0.24713935202632875,0.07086271297438876,0.35569740062185823,0.1405788354978511,-0.1450059835907816,-0.12901594105840583,-0.047896355442255394,0.17799902001872575,0.6499073088550336,0.4751030873275262
Raphe_M,0.005495807351099218,0.20147999495001284,0.008727464212080966,-0.0026112490393096865,0.508548392418488,-0.46435769374536146,1.0,-0.04807279002404548,0.36122695569547225,-0.39900727969667027,-0.22201560581648846,0.3093352663092013,0.36547504132530456,0.3762836804407555,0.6261346512552425,-0.08340480595268547,-0.3733357240490407,0.5613362487043636,0.571954275917223,0.34874858393356173,0.3653808230987315,-0.3364434679191185,0.2085378360198124,0.27807385073940066,0.040468853156399996,0.2335512593508735,0.3881240824873424,0.16170772366050917,0.17583337291597934,0.0894769556033474,-0.2188574610976389,0.026480827957334988,0.28102390072925504,0.24176559716241885,0.03311377342609975,-0.23491351518392925,-0.33153426063300234,-0.22916714922095882,0.5002455572389328,-0.24181163403531164,0.5782043837953951,-0.3922947214978371,0.2289928703190601,-0.11731452233134697,0.09559448504685311,-0.3385388992194377,-0.38423553298569824,0.3259533247961363,0.2797269552100621,0.24306158447710507,0.5997883645103088,0.30738434257758307,-0.4265970118999423,0.07393450956399625,-0.11050524097207716,0.2847876475378175,-0.25420520420015075,0.01528512571278803,0.40113480909786103,-0.2622511388843442,0.38714943196318974,0.4979046610439495,-0.06265951604053581,-0.19580125078370209,0.27769886222616413,0.19040568439869382,0.023716017046453965,0.009296919138878073,0.6075264940214613,0.5833812772672076,0.5866994728355625,-0.19063374336070943,-0.18213166285808605,0.00043318099050837933,0.006572854237776349,-0.12773894198321828,0.015656696718398182,0.1350143541504326,-0.3290466553508271,-0.1814347685790779,0.27475669634215305,0.42916703741899365,-0.03576913545645343,0.17719401087321912,0.22949604205582647,0.4591816842049528,0.2490544412501592,0.06609048060635257,-0.5262789349714669,-0.16146284199395675
Parietal_Sup_L,-0.0442046023348671,-0.0351568944199474,0.01600558143747169,0.07022987592258857,-0.10946514719585888,0.09510481953364745,-0.04807279002404548,1.0,-0.05373803956458358,0.08996291400466185,0.09976403649285988,-0.02971809261461787,-0.06420750618363273,-0.0831245701868105,-0.20128033136192167,0.31458440072800353,-0.15253205308927167,0.06157430095347985,-0.10281307209146176,-0.11831742784106028,0.09070371225684509,-0.11604138553448286,-0.3142074926110299,-0.17842813608207844,-0.03546048131057874,-0.09605315746182032,-0.2005267416969423,-0.1616327607397083,-0.016339107994089216,-0.20127429023326332,0.31645442981073824,0.15030682435840304,0.051568311261118445,-0.2099326324777082,-0.22237609051663645,0.003057139046610828,0.02623492806922884,-0.2599283394846407,-0.19572963200872306,-0.13196281824428766,0.036519892397347625,-0.11868445032489426,0.04429329331136951,-0.08479063951178045,-0.0775801118479295,0.34316699579876464,0.03750872165742779,-0.1772481637493084,0.04043747725215927,-0.06556110257800164,-0.001272922117952664,0.012769441454286386,0.0890599635438365,0.006525456400546726,-0.13999759570939205,-0.08376203446705613,0.032400236163236305,0.052105683026519266,0.20503471610630083,0.05470330948942112,-0.0098817379303789,-0.07856965066961837,-0.16704292207047647,-0.0968099635679233,-0.2020179427436385,0.03373267362806263,-0.10940638686662535,-0.07498917536297423,-0.008410578540794564,-0.30463551545683804,-0.08665981582738344,0.07617041338372744,-0.133195125500512,0.34114087190339465,0.023981460850205485,-0.051398298622504016,-0.26809704430610015,-0.22221542387086413,0.4963119654430571,0.09129262792449241,-0.0015695719066196447,-0.037722683476991266,0.002151516148508609,-0.15797773565107653,-0.319080334094075,-0.04258598341559122,0.011029344011417962,0.03919144405510222,-0.008639547516714445,0.14201010332393993
Frontal_Mid_2_R,0.8492432623317673,0.10181896098205256,0.3438771772046546,-0.19768677650532968,0.4525941636147955,0.12470669187382181,0.36122695569547225,-0.05373803956458358,1.0,0.31594195258661284,0.23052996405005796,0.4183187408274469,0.49549146043910497,0.7080345786968517,0.16027639725497708,0.16035426450189916,-0.03908470282326891,0.021672407304455833,0.6508158237100985,0.19012015519798225,0.2564894887937491,-0.0044634326592179595,0.10392008316103951,0.23445350919915334,0.1646250111897364,-0.5353822928911423,0.3089771718986723,0.41693367893994826,0.46476895491124354,0.4469103430096248,0.045790218280965855,0.0012459991186904427,0.8284191546904615,0.17670728569368443,0.5738850203348319,0.4659730065343083,-0.20756608203397311,0.0054980169907880485,-0.18883593964817025,0.48321366599398824,0.33110281411281123,0.4265281916092356,0.4530875021238999,0.4921313301383812,0.6778746121217669,0.010506057614879027,0.2822488942780709,0.7257871821003347,0.43909812576146123,0.47920734058229286,-0.01670735355760196,-0.5435092035217899,0.37059740874493996,0.43572229468679075,-0.24230674311846753,0.6574370873105361,0.4350847317709797,0.5717022179527427,0.5257064974110571,0.4877276951873262,-0.39267814081572394,0.0796887580963081,0.2402984256665345,0.32751827937780276,0.4103479610128903,0.45021515402509404,0.6977104950142337,0.8021524897535458,-0.11359349975294387,0.21876977391000396,0.8387358325448661,-0.21981477612079908,0.2250375499235755,-0.1744642835989565,0.6385649978263355,0.5642692237250126,0.5534820152593121,0.29081330273153316,0.13958473464590357,0.19091317825603543,0.6214920395581138,0.8624330155635067,0.17125478990341067,0.38191243844501405,0.33645070293645546,0.3349381425545651,0.5291539859965757,-0.09133772864123046,0.23275737768170143,0.19816561726906493
Occipital_Mid_L,0.5080242217682022,0.1506665788043464,0.22551046714560757,-0.3650236100452488,0.04025327600138142,0.4717886556016744,-0.39900727969667027,0.08996291400466185,0.31594195258661284,1.0,0.6303887360231203,0.003064064282056501,0.021955356238730087,0.30502599202289227,-0.45104465664118093,0.0795669013898847,0.21705143790200845,-0.2810529829669652,0.08622452453312739,-0.2382286319279186,-0.06851087728203377,0.15698644585095717,-0.1427975124870465,-0.21418698154840876,0.20901021105544215,-0.29461104396460536,-0.18620426650106864,0.2188097272936412,0.17194196826999894,0.29001631324688426,0.18978516777524038,-0.24453723088738458,0.3121340403743385,-0.1788406562065797,0.5246163004851422,0.7578945350964753,0.3979827290131302,0.22033025931391811,-0.4693199109174713,0.7933558376297013,-0.16624007106038136,0.7156309489810314,0.16227019720014813,0.7124350170985261,0.4630127345880505,0.3154214208561254,0.5179459963232288,0.3833416201522024,0.3119877941092845,0.06588759190953504,-0.3088451600269234,-0.5005624102806415,0.7134968339298313,0.32001286103785714,-0.20162940669341325,0.34154468433006013,0.8236217803758037,0.5519097257239873,0.2786190904031106,0.7373307647738733,-0.500463819505392,-0.2698253359263497,0.33109220904287157,0.48198990134479375,-0.020831971863458424,0.05258223017567706,0.6435517699386348,0.6204222455514546,-0.6140735311589662,-0.25090610014322845,0.09685490174671883,0.018799811600979974,0.3589683414560155,-0.12542814435140712,0.5770872812810907,0.5921867156404649,0.5874654160871146,0.056654272842601765,0.5095967264028427,0.43079785384506974,0.3103041048281541,0.2600043225923035,0.06352789038514518,0.32547660720538685,0.08536157365122322,-0.1023431515460439,0.3336122039600097,-0.2876735943240942,0.6067578819786744,0.025805706786717158
Parietal_Inf_L,0.3645948959242785,-0.0903918113710304,-0.042679503246787945,-0.31065231104056007,-0.1590406938850217,0.24415191014783127,-0.22201560581648846,0.09976403649285988,0.23052996405005796,0.6303887360231203,1.0,-0.10694947049446006,-0.028833137082775167,0.2749854091193998,-0.3822224079850423,-0.22804164767163465,0.07078215306616971,-0.3093355263131041,-0.008894432881607997,-0.3400215050786184,-0.08581917690362315,0.058100742924386724,-0.296734478475559,-0.3212034264557119,0.1131873694106894,-0.3069287845635908,-0.2618922744597524,-0.09503673092773221,-0.12046335134243534,0.08612292616602397,-0.13522701411250995,-0.5117849094047917,0.14805904104829945,-0.2778466697508852,0.39810668957201206,0.39291779301189284,0.25590852083988985,0.08916120436344674,-0.36245284495976154,0.5853845782009964,-0.07402667872416556,0.5625698056387937,0.14247516863978937,0.4921609449336255,0.2559987259417395,-0.04668334916879217,0.2949145507775957,0.15067429478971225,0.4063390555603538,-0.14030036851150798,-0.30980747220398974,-0.4620794969512756,0.45846115993510644,-0.07357160107585377,-0.34363483082921387,0.1086631406239243,0.7414355145106839,0.18952053011058967,0.1459973395279859,0.3483343325879794,-0.4772289266014474,-0.37644284416144747,0.2909794426985838,0.12210966534380824,-0.13486145451485132,-0.275930821013404,0.3385641001599791,0.504371747717774,-0.5754441366516692,-0.20610896671453843,0.05418825806364609,-0.09086580777223768,0.28817575540393037,-0.20941376114760193,0.15893938356594617,0.1913060159045289,0.35921884833294865,-0.1806281552036406,0.17966773018334972,0.0843912883928383,0.01780704214067261,0.17843130827379083,-0.03735265833570885,0.0038578213859816737,-0.038706432172573316,-0.23097786524112932,0.28883101766046804,-0.40016195842674157,0.37501477053289406,-0.2866667709060582
Cerebellum_8_L,0.2680258876385805,0.45592279457741314,0.6858077126025713,0.07856665088887468,0.4697294779125944,0.2501406123260931,0.3093352663092013,-0.02971809261461787,0.4183187408274469,0.003064064282056501,-0.10694947049446006,1.0,0.864810380837168,0.1834088567201242,0.34237790067584484,0.5211303815606518,0.04651289252661218,0.385718232840941,0.4813405026528846,0.3665567034151019,0.6284930614953811,0.02756479060094437,0.45373771001154933,0.4660325407513428,0.4088266976682486,-0.006537543414917116,0.6252444170817701,0.52765813820167,0.7818111819486736,0.4834903219406779,0.4220410327203,0.594938544366047,0.5213458237823378,0.5753336862541195,0.5300327926977391,0.2876549211309957,-0.2123729961553752,0.03405227363491352,0.09444801513867547,0.09870405827051688,0.3385117108535986,0.18489506472557934,0.4450860505374985,0.21034344960959872,0.5360004296278534,0.2820666429418565,0.08256284641700791,0.539600727593086,0.22468867472185722,0.6969641132137185,0.2464952635962864,0.06733134451834762,0.10993014380661738,0.6866635777893783,0.1446755625849675,0.5271228025806572,-0.08079124082109776,0.47986625805999805,0.4917894210964169,0.31723901239494456,0.1125904539752741,0.44558320442988797,0.18965153798652962,0.4732429527052801,0.7584617931017421,0.7593204769917421,0.3597421033132155,0.06347123003538398,0.2997909838140354,0.3000868208643342,0.4669086005913501,0.15006271338592156,0.19655824386997486,0.025847900962891746,0.5519381260628654,0.5481528940198129,0.32498835304870316,0.5929588412527348,0.12608526674346496,0.5368648548575929,0.657056695949517,0.3841689392811743,0.29606431070770767,0.3040593429563741,0.45396343899414204,0.591798585002793,0.225014736706612,0.40464746098629456,0.20722687716103866,0.5102772484431932
Cerebellum_9_L,0.24995458374371085,0.3846049759603973,0.6257117532876143,-0.06269006033405751,0.5119589040453911,0.03708178487916226,0.36547504132530456,-0.06420750618363273,0.49549146043910497,0.021955356238730087,-0.028833137082775167,0.864810380837168,1.0,0.1995996382965371,0.4739593124988177,0.40079487523847557,-0.1870720678522039,0.43465498117056195,0.49342151241350996,0.46795485138904036,0.6068941562112197,-0.19799033475445932,0.3733735323500491,0.28706402671944964,0.37697370970422,-0.06305172201805664,0.580031116223872,0.5972224179657143,0.7097351096120094,0.48325880914269265,0.17520096123451037,0.45442074109418124,0.529439982057327,0.3642463838063137,0.5392852157664959,0.32394107994644106,-0.24299489233432356,-0.12329849304029723,0.17406174961963397,0.11371849108520188,0.4469935132952799,0.1682368017163006,0.6627778554856345,0.19333554542149653,0.5359927773805114,0.06307999709917361,0.03018681715083934,0.5445966344936257,0.27274601924433545,0.6301027654075585,0.22952786978416181,-0.03495702389533669,0.10148894621972533,0.6555125111779748,-0.17000556001379363,0.6097635171598476,-0.0022229763993709965,0.47271046288703256,0.547867120857146,0.23417421255373497,0.03812745634860228,0.4612555693696709,0.17562431919073912,0.2859675597064974,0.78422057008597,0.6747165473264033,0.3335952460925078,0.13004218772137977,0.3099412645215766,0.38754548509347575,0.47649438729636423,-0.025980507385789147,0.1967183082060735,-0.11327686130871412,0.5236899089036239,0.47159819498170036,0.3900809735752733,0.4441883422023438,0.03558623958133406,0.36573499051228114,0.6368096424170675,0.39840005442674203,0.027915602385954485,0.2473634887023701,0.5183035671645365,0.6282552262349329,0.46308922142283,0.2430307635133494,0.15618197742405507,0.43015446120785716
Frontal_Mid_2_L,0.5801719510318468,0.17600010721253978,0.14276000948396267,-0.1941433170673342,0.5065501034205119,0.009513394126561076,0.3762836804407555,-0.0831245701868105,0.7080345786968517,0.30502599202289227,0.2749854091193998,0.1834088567201242,0.1995996382965371,1.0,0.11843757896136842,-0.0334832878121709,0.010788957678461908,0.1625008412837351,0.6593018289057871,-0.029898685324011406,0.0991604730922403,0.03080240205274758,-0.12815782860203423,0.18594624596809514,0.019138837705578237,-0.13233321261462852,0.19236422814824863,0.21168547547084163,0.24667142469870212,0.10622547707094433,-0.01669380630075994,-0.24857095800437579,0.7087204844400332,0.09288707516941207,0.4004841677183661,0.2434126363100299,0.12116916043087862,0.052011404414800545,-0.05667461541513307,0.37102955849463676,0.1735682147859613,0.14853475098797359,0.13622880436368737,0.5668406999971165,0.449075222168375,-0.017038526644381196,-0.03114480907917448,0.5692786577403721,0.6694913431533659,0.2847696933399362,0.3002495104752725,-0.2283195166978716,0.10046980839054419,0.08941975683480798,-0.08930756984250159,0.47782715376762036,0.41406911561875065,0.2794922115072824,0.3354306288074374,0.3377148127634682,-0.16137948407149152,0.061605253313457606,0.024327492102856414,0.2539751182957777,0.2484054873426988,0.16771932399732437,0.6077842720509536,0.6765915808102861,-0.03432991282874175,0.12064900050780403,0.7613473944165433,-0.16776963795259753,-0.07048641494272134,-0.04404112486602622,0.3760284099531363,0.2986670302843115,0.3439534287915871,0.12217109400709221,0.09768315302427494,0.1622309793875742,0.3424762662676269,0.8068924963439752,0.27845664912739987,0.3136772680786543,-0.029669855431360588,0.2709559336870204,0.24008844021446077,-0.05001042955166647,-0.11080164711487148,-0.17529479446361423
Amygdala_L,-0.16931303878996348,0.25731771600283576,0.0034769937968107084,-0.04211379911028272,0.5508954619698555,-0.5446896823719508,0.6261346512552425,-0.20128033136192167,0.16027639725497708,-0.45104465664118093,-0.3822224079850423,0.34237790067584484,0.4739593124988177,0.11843757896136842,1.0,-0.05647897644799805,-0.4300480933542383,0.6031291035861764,0.4153844055583061,0.47175755431496286,0.3183942011875913,-0.38947709342182024,0.33156563604378886,0.242111295084486,0.15825780575567194,0.3353236016919081,0.505884628745886,0.38415251285773755,0.25668296176419664,0.16225540133906088,-0.273992628636826,0.20546004211675528,0.11712909920813656,0.37050829454880757,0.11159467923183036,-0.22082733975048044,-0.303846114482103,-0.22335518601006296,0.6507521444774492,-0.3255696230818518,0.48151602458493364,-0.3878495342328144,0.31242800189120556,-0.1212028472864572,0.09566717995588168,-0.40498184457427233,-0.4436924183401738,0.2636489968699373,0.1413338605503248,0.31865990455614535,0.6264447944070719,0.3742485928382309,-0.4906083134923997,0.2071731164347411,-0.10075237375803885,0.2528242639956835,-0.37417681669497754,-0.12288490145084971,0.22139494923695707,-0.28714288724528353,0.48051953764119915,0.5575068672939555,-0.012966478562915888,-0.20065853483499543,0.3553582191933148,0.27678595524084937,-0.03652094772963617,-0.19090304091766425,0.7107329471408188,0.6370660428362659,0.3404627070983437,-0.08558302912267912,-0.10921946953691468,-0.14603526494931426,0.00564920798535861,-0.10827810412600546,0.004107293767224435,0.30779546271011676,-0.41703122356216543,-0.16372561054391147,0.2275262350023918,0.19523946004136644,-0.14422933416881994,0.046872138544139935,0.38106600071175006,0.5737647402677866,0.17463964333970544,0.1839540594953512,-0.4948761264152991,-0.0190321276398303
Cerebellum_Crus1_L,0.1399559560972045,0.283284578649728,0.6688539330833233,0.2437961685495517,0.1893442803450791,0.4950187781271404,-0.08340480595268547,0.31458440072800353,0.16035426450189916,0.0795669013898847,-0.22804164767163465,0.5211303815606518,0.40079487523847557,-0.0334832878121709,-0.05647897644799805,1.0,0.03871407051504036,0.15542044157613927,0.09546710678258219,0.41066512280482903,0.2697952182714316,0.06521297908338004,0.04502210138281566,0.18825176387392667,0.05178661455439883,-0.20677412203037257,0.2626614371426666,0.3137017821928895,0.6755584787116888,0.0931825326466143,0.851484673397121,0.8014801776201522,0.37277231880833966,0.28502423939242905,0.018478014388574573,0.42065146842596374,-0.04304332244556084,-0.1576267796383039,-0.3450886576462579,-0.03883465867479052,0.054371826924708266,0.07329317084949724,0.3209245891510585,0.01723575716216749,0.36936315960603694,0.8239022955040677,0.24201262155090783,0.2687398581261711,0.01894377322430681,0.4765328579744153,-0.0040139455989048715,-0.07436687746409769,0.2684036566302399,0.5977275674993191,0.08325915409466998,0.211737447018853,-0.2135436252869173,0.5403244477425425,0.3385174416785015,0.37636231316791297,-0.12851749748006402,0.16606134217155014,-0.10874338055374921,0.43538341254902096,0.4040539222773875,0.7887515844079936,0.1906546389648766,-0.035538066850817694,0.0036087990959057484,-0.24854541460379517,0.11006767654608317,0.14531887011193947,-0.023565463599183628,0.20461285156753392,0.5471351671533113,0.4474719451993777,0.12280975911224074,0.2661291664605652,0.6935735886576353,0.4886138529349982,0.5458469363288606,0.09737014204219163,0.17995141997879296,0.08290935460907012,-0.037995903651619874,0.3600542373438916,0.04300116549427745,0.563472733400029,0.313301302349151,0.887530699920506
Thal_IL_L,0.35123604690086707,0.0034222385131234693,0.13846299653943325,0.13433287648822131,-0.2547583715845113,0.4777658158740015,-0.3733357240490407,-0.15253205308927167,-0.03908470282326891,0.21705143790200845,0.07078215306616971,0.04651289252661218,-0.1870720678522039,0.010788957678461908,-0.4300480933542383,0.03871407051504036,1.0,-0.403773720262261,-0.15088345785317786,-0.30193635103681576,0.04798721544143798,0.8555507585187413,0.145016488760445,0.5454674305703515,0.11725351739803574,-0.02714742836963619,0.16722150695317387,0.029266533940386783,0.1705440934970175,0.1513448570275225,0.26574643976216555,0.013924177120338065,0.0665142125134142,0.2790061011976158,0.23766208730140737,0.13404040134345485,0.0857277054982433,0.8105269348760356,-0.2564214963696161,0.3810491479159733,-0.23270478789497442,0.3605208252797301,-0.5232158855890584,0.357048076606095,0.2849474257547785,0.2696210112182152,0.2869476937126083,0.13800098358405657,-0.08290118059860827,0.25797951305731365,-0.3146273176309323,-0.09234732710436853,0.24445565286797444,0.1212138950124414,0.7066810386697328,-0.0459911746180692,0.1544047710777453,0.12518135933959113,-0.17959632054660873,0.4767705139700244,-0.10235935856173255,-0.15614269519102772,0.014103735988394471,0.6749987578828468,0.12060672016856179,0.09105805477079042,0.2678250219830178,0.1319358456377095,-0.33809983477086214,-0.35920530786782,-0.08890945127782257,0.26626473388747024,0.26598332290686555,0.010927223468347255,0.20134300019360019,0.4481547171250267,0.17795317727454887,0.4255930471773965,0.07904490185500457,0.3559623163382819,0.11222347268781134,0.03412323198652179,0.759537130317652,0.3045827981586721,-0.022812930042942266,-0.2077058048580538,-0.4210817694309485,0.3203604554832196,0.4532764113539589,0.04800143556880658
N_Acc_L,-0.32759929362002094,0.6302576049010626,0.05022365044643922,0.015840556200159953,0.6938434180002456,-0.41651332430180926,0.5613362487043636,0.06157430095347985,0.021672407304455833,-0.2810529829669652,-0.3093355263131041,0.385718232840941,0.43465498117056195,0.1625008412837351,0.6031291035861764,0.15542044157613927,-0.403773720262261,1.0,0.5217672552364644,0.5645066882949314,0.3750003346429239,-0.38942342796846424,0.3142583988179184,0.2832151487065753,0.26622097113783316,0.571801936361072,0.48758376787667834,0.4873364299397526,0.34514415913954805,0.19659549458341333,-0.010820055711588958,0.25939080814374227,0.15397747020479974,0.33095153373850245,0.04126449193001299,-0.12895926797610857,-0.12840158453679176,-0.3001690523199314,0.6170475244027297,-0.23030708480144466,0.537021900309854,-0.41887919580893584,0.25298915825786433,-0.0019179977655022313,0.11713297979983717,-0.12151023816920513,-0.455918957014295,0.28815386239959384,0.269707352240943,0.40062626354467,0.728300107061665,0.6086439221041643,-0.4249700710436328,0.2839081921630138,-0.07779199781874768,0.466176423465379,-0.2824778019601909,-0.05500461380213907,0.4427774788420511,-0.15154308077848283,0.6405120302171261,0.7521630641687126,-0.03868390711344007,-0.04437155846923001,0.2562972973730547,0.29607551599282783,0.013692175530265704,-0.3520020462511326,0.7673295510838974,0.6039713242190557,0.3153732688683846,-0.01789052165729553,-0.20310533855323215,0.13141761212920824,0.08962684019677523,-0.01888087155045128,0.010425612483412157,0.2798683555749265,-0.033649595966732,0.12950140239823915,0.3037607442983282,0.18945084694439318,-0.011279435385305715,0.14130055455322774,0.34166705004188586,0.653778826217316,0.2012710962234255,0.36053413556558656,-0.46733697339984104,-0.02662290638550877
Frontal_Sup_Medial_L,0.37649474287545487,0.5511441343782737,0.2138077280680848,-0.22105716006921833,0.794556041785292,-0.12234864301011422,0.571954275917223,-0.10281307209146176,0.6508158237100985,0.08622452453312739,-0.008894432881607997,0.4813405026528846,0.49342151241350996,0.6593018289057871,0.4153844055583061,0.09546710678258219,-0.15088345785317786,0.5217672552364644,1.0,0.3888782348735022,0.4500380938751842,-0.15084138617526208,0.3111738761033351,0.3985304192055693,0.18314807758729446,0.18832207911852344,0.5144543922915673,0.5343810132800549,0.4428338281406731,0.34092206549023374,0.01570036527338409,0.1146347893003783,0.5690138619960573,0.3352997054413989,0.38525305813929245,0.15645634587667234,-0.11417640912343242,-0.07783037013149463,0.37664550559696297,0.212587561101191,0.531189588241626,-0.014994261643163946,0.23155349906292963,0.38322315346480806,0.495184428962832,-0.10325051796358076,-0.1055008374924414,0.6840202667589013,0.4634450869692756,0.5368195652445329,0.5627841721097845,0.16000893466874352,-0.1235390903934855,0.4513475213388664,-0.045535793952870864,0.7166262905057748,0.14558193338633463,0.3101143358053494,0.5555774506088627,0.19737150675612894,0.2878427725333534,0.4685667997524869,0.13336044543941683,0.20208310875478167,0.4181441882792602,0.36279149732795357,0.567039437547333,0.35858346463323376,0.38051438952648864,0.5381264206935565,0.8882640144195874,-0.11822294111105965,-0.08279887879734119,-0.04173148046860992,0.39158360448879126,0.34312330288002874,0.4266389131420027,0.33408721679098496,-0.028112978568334286,0.17939559329738655,0.5670401126848489,0.8193886640410685,0.15813516316965842,0.43487738474311305,0.3768751583342225,0.6482386093607423,0.3430764993535907,0.17493683252680142,-0.20611956970971967,-0.04583167739014493
Thal_LP_R,-0.0893936762313253,0.5000323542628053,0.2733145550119388,0.0027918636140772026,0.575977193385334,-0.18597014583921162,0.34874858393356173,-0.11831742784106028,0.19012015519798225,-0.2382286319279186,-0.3400215050786184,0.3665567034151019,0.46795485138904036,-0.029898685324011406,0.47175755431496286,0.41066512280482903,-0.30193635103681576,0.5645066882949314,0.3888782348735022,1.0,0.22254061216044974,-0.2730960927669474,0.3963834159435314,0.29835487545868605,0.14008812453131647,0.16233219218080072,0.5341673660209051,0.676241640833766,0.5136208449429392,0.29040879555047444,0.15196578026607807,0.4924132419057513,0.2116211405519141,0.3620173643877451,0.03892240292697093,0.1872881548839847,-0.23202971895897057,-0.29181350179200677,0.2881603798098808,-0.061092345925102584,0.35634955793411155,-0.18032198531257165,0.3857992321604965,-0.0043238538818882915,0.36181742686314505,0.043818023253617805,-0.20713066212311068,0.45257694732619297,0.0024504925681906606,0.5352901873400568,0.31449170225715606,0.2116398706104066,-0.17929444761866606,0.5065785400589708,-0.14128759745072145,0.47840319710528334,-0.287664646460318,0.19146984378292453,0.3126098111795739,-0.0037397592106725957,0.24381494927245545,0.671639482300211,0.02210295822742671,0.06559340327955517,0.3864852893546842,0.5628405337282985,0.12185075455986911,-0.206220022789536,0.4450146683660676,0.46702707422741246,0.24717090718395812,-0.11610615869810219,-0.008744823886859397,-0.07594456181861452,0.2827334726292208,0.2293924667235045,0.35632952889160624,0.3973218271977982,0.024846399083857645,0.11795405498377516,0.42021459906346575,0.1484423433300999,-0.1549632972659219,0.1928000064868818,0.49521697459402897,0.6544432748302629,0.32780434762818444,0.4885152752207624,-0.09468479364969952,0.40175480157962007
Vermis_10,0.11478011509640823,0.3538428451976126,0.29802220341713614,-0.0020166802497702165,0.3059822835642153,-0.056976022087676624,0.3653808230987315,0.09070371225684509,0.2564894887937491,-0.06851087728203377,-0.08581917690362315,0.6284930614953811,0.6068941562112197,0.0991604730922403,0.3183942011875913,0.2697952182714316,0.04798721544143798,0.3750003346429239,0.4500380938751842,0.22254061216044974,1.0,-0.08323873409299841,0.3210023889886584,0.39567981016095777,0.17095649939491178,0.13789448079753697,0.5834607723719856,0.3460736402897939,0.5322246320603178,0.3170106025984854,0.15214133235504715,0.33430772959383187,0.31566994990028363,0.3506423463439881,0.3648571017437591,0.07347230261254796,-0.07098828960016489,0.1241623883626802,0.2585624771147656,0.043784488441757474,0.5210235360357298,-0.010812820202200674,0.1472793524939398,0.19090361513420853,0.3397266987470453,0.020944324364849783,-0.035987777078792145,0.32057649512554276,0.2826260123567198,0.529088838965043,0.2808789416203513,0.19777873932939252,-0.0382496433195863,0.43062842799710993,0.15385045846555837,0.35796976448789697,-0.03090446111126738,0.2174104978695345,0.5083091987930516,0.18775421989099295,0.24917953125130485,0.33749656465010347,0.040720070810383306,0.25881937323524423,0.5703843399390516,0.4170162289463025,0.13829319310120053,-0.0361791454874067,0.37259271491519746,0.31582634217571187,0.39680675020048456,0.03480417214771255,0.10228052581101654,0.004651976982921587,0.3017107826802794,0.263868533153324,0.1529359748614092,0.42712026406798903,0.0031680543058351537,0.2864698814671361,0.5409512502685142,0.27588688750985907,0.2778357629245584,0.17128317891009096,0.30087591337121955,0.47537043682179164,0.07962098797308292,0.25371135601548234,-0.013850666390290983,0.125071448711737
