,Cuneus_L,OFCant_R,Temporal_Sup_R,Cingulate_Mid_L,Paracentral_Lobule_R,Cerebellum_3_L,ParaHippocampal_L,ACC_sup_R,ACC_sub_R,Cerebellum_6_R,Heschl_R,Thal_PuI_L,Frontal_Inf_Tri_R,Caudate_L,ParaHippocampal_R,Cerebellum_9_R,N_Acc_L,Vermis_3,Cerebellum_7b_L,Parietal_Inf_L,ACC_pre_L,SN_pr_R,VTA_L,LC_L,Frontal_Med_Orb_L,Raphe_D,ACC_sub_L,Cerebellum_Crus1_R,Thal_LP_L,Thal_VL_L,Parietal_Sup_L,Hippocampus_L,Cingulate_Post_R,Caudate_R,Pallidum_R,Cerebellum_10_R,Rolandic_Oper_L,Hippocampus_R,Temporal_Inf_L,Cerebellum_3_R,Parietal_Inf_R,Precentral_L,Thal_MGN_R,Vermis_6,OFCmed_L,Frontal_Inf_Orb_2_L,Olfactory_L,Occipital_Inf_R,OFCpost_L,Heschl_L,Thal_MDl_L,Vermis_4_5,Vermis_9,Occipital_Mid_L,Red_N_L,OFCmed_R,Supp_Motor_Area_L,OFCant_L,Cerebellum_7b_R,Fusiform_L,Occipital_Sup_R,Temporal_Mid_L,Rolandic_Oper_R,Thal_PuL_L,Postcentral_R
Cuneus_L,1.0,-0.17546114107172608,0.049455888373611846,0.1776523252380919,0.6142779048613435,0.12184848139275373,-0.06882553613197875,-0.15796505651031173,-0.2878901235539552,0.10738069204750338,-0.3764765805412396,0.6667452445846596,-0.09126655190258469,-0.006524805894205118,-0.14938995406279149,0.14052732607211604,0.13787424535452913,0.0831995078615705,-0.10333228839089303,0.725421989678101,-0.2047106667146863,-0.26395176408867005,0.3919327762963971,0.048183268243584196,-0.2166478347970281,0.5259540667660935,-0.3702624029950316,0.04457957638480518,0.5708337092033162,-0.14114909246524499,0.619067967704878,0.19256966026678812,0.01145810877100324,0.22048439160094271,0.04120450907772173,-0.02101247711544076,0.17440322950121276,-0.0062199664655151156,0.3253825787332027,-0.1301022040136227,0.6615585285782148,0.524316699281485,0.5985918435250827,0.055776155401280766,-0.15366272292334845,-0.1490832484026548,0.37374223324662625,0.2885487791359287,-0.14544936486598453,-0.4268035162619093,0.5000829097078915,0.3131212751461603,-0.18684742777069022,0.35150419449574705,0.2965652957692108,-0.2552676460396446,0.500643051512319,-0.1858204495683408,-0.10626163840038481,0.4373698300469217,0.8253577115130953,0.4902167165957186,-0.11513196348343954,0.0245605131077621,0.4853927591965441
OFCant_R,-0.17546114107172608,1.0,-0.22383723121607532,0.18402501733377924,-0.04078815085941139,0.2874856581325817,0.5567225955192681,0.42269231464778756,0.5684295146450529,-0.11831579462209141,0.6220920641603583,-0.4225197905075981,-0.28589035414428765,0.6210164739344068,0.4360855513218924,0.17256651334555329,0.6009364769672629,0.24938244441493806,0.19487572158991062,-0.18176657604423357,0.25567418027554106,0.1533975409841036,-0.25603241431957824,-0.27892349216434204,0.5146361044239879,-0.16243594591248225,0.4701126444981383,-0.3537069753407275,-0.6238043585969734,0.4490081251337248,-0.13523546407546752,0.048755124626872134,0.2274154165383651,-0.22958026906852025,0.10650145628302603,0.19484420406918104,0.289221625903907,0.33087421937610567,0.5438253398061222,0.22319003203657367,-0.2931243051921992,-0.050626053253390695,0.0011580307204273662,0.004717538683779714,0.27928215372089543,0.5675112619954482,0.23495961803480828,-0.5652080245828455,0.3282575754636705,0.5218516117707777,-0.03166268233183593,0.2062741417800069,0.41568036092268745,0.058302877690720095,-0.3827459954191263,0.6648497495382649,-0.15118241221951917,0.042843799003459915,-0.312394975235985,0.33564860104751465,-0.3590386604047597,0.4168354790932028,0.4646656163655392,-0.025091704842030733,-0.27420647767146716
Temporal_Sup_R,0.049455888373611846,-0.22383723121607532,1.0,0.2907736709958522,0.14191964498107584,0.3238204050145785,0.42069864006666485,0.27772394335541134,0.11703350690045541,0.3700972806709376,0.10718533109198011,0.24960372593782348,0.8729853113442242,-0.34111600370410305,0.38741540897809285,0.25080012686737907,-0.3260950823618088,0.15953160932173377,-0.13606953631603289,-0.1474725008827955,0.13492250067869158,0.3757169275800996,-0.09772683442260231,0.32351254186732303,-0.20435276997237484,0.07095346210206063,0.21833174435813021,0.22016932873704703,0.23885888693385193,0.02982402397998365,-0.13842861905424494,0.4864057990201978,0.5279398061640502,0.5706577909130917,0.44805503170198707,0.29727087104151995,0.3293687095429924,0.5924649916423157,-0.09104842297742312,0.49024764843290275,0.2732457658708089,-0.13168031350835716,0.0852330829790387,0.2500147403419876,0.29954784375920934,0.19780194035157225,-0.014055367618556644,0.28826727915416334,0.3203264155467232,-0.02920770088035486,0.42069535884271303,0.21539085627555665,0.19723495401869445,-0.25110842647425835,0.3887973477343478,0.026532049650784234,0.166968177997981,0.5195494438539819,0.0836621110296313,0.14993933429840448,0.20612843210642728,-0.30345025594347647,0.418741061365385,0.33035557543558264,0.5449205669622224
Cingulate_Mid_L,0.1776523252380919,0.18402501733377924,0.2907736709958522,1.0,0.3574142547872319,0.39870667569175716,0.32364297443184104,0.6014143498549558,0.28921088008463264,0.3776771703074896,0.30172815780468976,0.0014535671061645513,0.17687861124152227,0.5422420174957416,0.34041965092567233,0.5805898898061911,0.4063986523707065,0.50797232047563,0.14450954924604878,0.11600273294788302,0.2080526640381352,0.3403865355452755,0.08199121393692425,0.0844015565962141,0.11705018597572586,0.2725854058962328,0.09499339394228565,0.14139902296114853,0.11962247295422192,0.6178933297648624,0.05878430841533752,0.45666929131961237,0.7649905032087368,0.584571704583901,0.3188986351042698,0.4139192609989981,0.6595313556697295,0.4861184702675269,0.4807531496370407,0.39714893593509715,0.0442193707423084,0.35118635781763013,0.3900005615777379,0.14868731899114485,0.05135106510544642,0.38091026284135715,0.16069225395419443,-0.01730266928232388,0.07612750754317169,0.30253664973580113,0.34591380873215255,0.5643191278564067,0.36622292211425456,0.20429521337493625,0.11784226201352037,0.05954736740786802,0.5805580515117781,0.1605757905455508,0.051101434173624366,0.5260739597158534,0.10855626364231086,0.43374535454023555,0.6177375042546979,0.4034002573449359,0.12023803335731895
Paracentral_Lobule_R,0.6142779048613435,-0.04078815085941139,0.14191964498107584,0.3574142547872319,1.0,0.21373907257128125,-0.0394615641470468,0.08911575615612517,-0.04393612065692837,0.16844702282084043,-0.0747703307473963,0.33827159019201164,0.008082964229788075,0.15472252614634122,0.02263624888267159,0.41977852195491144,0.20988313239289172,0.24990275519035834,-0.2385702223400361,0.7085561210509064,-0.02772528782501985,-0.007459030277770286,0.25439390575909754,0.19622491886430143,-0.13060086868282794,0.6920002980886282,-0.14427134510718506,0.09876596931152061,0.45798657544697247,-0.016207188916196234,0.6289398665785251,0.265806511241718,0.18115747070310653,0.14154809783592223,0.27942151277630933,0.23863346480955017,0.35439503420104496,0.1494131157304196,0.261805314531961,0.16904115998764208,0.46918568563110014,0.6873514050420421,0.43834681291432215,0.2133372433983171,-0.08074569820496014,0.08452058670533512,0.3487561991414242,0.13933770662453268,-0.0798061255892288,-0.38444899709610536,0.25941055000275404,0.41647241048372197,-0.07819727709239625,0.18665688083077173,0.3293311799680691,-0.06561724863280273,0.6161044981189793,-0.07284213288028742,-0.10969741159332934,0.31607962242715026,0.6181796421814106,0.42187991416948123,0.23479064711420716,0.07587791535019048,0.2660757863338633
Cerebellum_3_L,0.12184848139275373,0.2874856581325817,0.3238204050145785,0.39870667569175716,0.21373907257128125,1.0,0.5457109937460837,0.42070891584371267,0.3154958410341513,0.24400025924775096,0.3218577244984642,0.05421666639863998,0.27133765340150573,0.3673058069823987,0.4886976735835438,0.4470763950227211,0.18740097604283618,0.34107282222524865,0.10360014784950523,0.03204092977697823,0.18404857071775757,0.1814249114190145,-0.17111552453438292,0.047552787694185215,0.22032441603125308,0.05828264023747595,0.23118209572388432,0.04346992058997343,-0.031045429455976953,0.550836966392963,0.0871004739461382,0.7113813146779917,0.5763207895333085,0.37950489918831565,0.2540483213800179,0.2993485534525234,0.5539193823855574,0.6733775014593318,0.5517421803759128,0.7220063155421497,0.1178538002082722,0.0787119004918273,0.47025944463391645,0.40558893583742867,0.2673440375439768,0.5055914336305966,0.30145156284985714,-0.08501520749543698,0.2380559619699196,0.2632598790516078,0.41070289101338053,0.668303515245016,0.37802472568666956,0.16948495638316746,-0.003995505668909983,0.42784604179001395,0.17908300189025825,0.3045076512742663,-0.1043184071825255,0.5943893766552583,0.04170945435026395,0.40364550863507975,0.47639487341004016,0.20762937091919223,0.17017630915827572
ParaHippocampal_L,-0.06882553613197875,0.5567225955192681,0.42069864006666485,0.32364297443184104,-0.0394615641470468,0.5457109937460837,1.0,0.4099358502388712,0.5258089213095835,0.1535627032167361,0.4556738927317201,-0.12475120257788926,0.36408999310639045,0.2325053508933237,0.682146652856835,0.34500696588952384,0.2807561744022735,0.33491485785102226,0.15476743316830116,-0.35530820178892875,0.20131126501054547,0.3862944875120227,-0.1770145385836567,0.03618368801722841,0.15219734765927054,-0.22626101703568022,0.5319312533188639,-0.18242833615376153,-0.34653116621118624,0.38935525227814494,-0.31463199949604503,0.4616194385279625,0.47184716438364305,0.29204019160612477,0.4590078073628086,0.37918602538296753,0.377288061668021,0.7026382664938636,0.5352768912277845,0.5323405237941229,-0.031294797368354596,-0.28197744696472066,0.06963025862458433,0.19864204361607338,0.46349947220782395,0.5094288767973653,0.15147069740140373,-0.2384784541320478,0.5782667783856033,0.49656841836710613,0.24411809815917304,0.3749905994922085,0.6075700570562887,-0.12326240079513721,-0.00771175893213694,0.44795139929447075,-0.02482402122086382,0.5451170105225268,-0.23157558685973315,0.49637565027812464,-0.16363185617497011,0.13476168538776015,0.5029418785010431,0.21787157680691618,0.19598399484674148
ACC_sup_R,-0.15796505651031173,0.42269231464778756,0.27772394335541134,0.6014143498549558,0.08911575615612517,0.42070891584371267,0.4099358502388712,1.0,0.38325893292622076,0.2875989697577178,0.5272066864708082,-0.054951798141432785,0.23640208594154538,0.5042235105565461,0.341132286378903,0.4450514172331667,0.37471804640404904,0.3171386348021249,0.12697892305548755,-0.027510487724955176,0.3331219307302892,0.12014328791862675,-0.08070954353912718,-0.11464451150729452,0.2433285963835305,0.024718909757624502,0.30413875810743707,0.09976929118833235,-0.16370084071461447,0.5794629624155646,-0.06183500288088074,0.5129269766383292,0.7043054856797684,0.3804655537714398,0.12265950297042423,0.41549953328437295,0.7524082226846971,0.5500118400900487,0.35712398765235615,0.4055830514723948,-0.08947719142848042,0.2432801007169029,0.3689003056044294,0.11343333836449039,0.18786527001670472,0.7046140137218919,0.2778207777089535,-0.14214908975098878,0.16357248831796953,0.3042976278896133,0.45489218591811104,0.4693988402024719,0.3327200646850067,0.08879147471963253,-0.04913240961347076,0.37084102461694446,0.27339248874205685,0.09756382410633746,0.0682557225139587,0.41020779392844253,-0.1109559707709738,0.3303174274087574,0.6699897103586925,0.3005213093476532,-0.030324750755424974
ACC_sub_R,-0.2878901235539552,0.5684295146450529,0.11703350690045541,0.28921088008463264,-0.04393612065692837,0.3154958410341513,0.5258089213095835,0.38325893292622076,1.0,-0.19798215649990047,0.6019467510293425,-0.5540340655637972,0.2051786878800096,0.4757933062999529,0.7030778509084185,0.06433597855408173,0.1996918984972304,0.29971944260082756,-0.1422126111662493,-0.26016264861438265,0.7574422827238723,0.489007621218731,-0.3422122111703444,-0.028548840832962434,0.49183972094596057,-0.08707105708094544,0.8164341207446837,-0.2532205179992421,-0.48713433425296304,0.529654921461709,-0.18867583716410743,0.16637267648295873,0.34501536247306747,0.17904483669671115,0.48230297641381015,0.17033551191678378,0.15465424630977279,0.427949890891058,0.25676084930471,0.38756593528407013,-0.16764883774368478,-0.25690408305609286,-0.057607235308959316,-0.07074607420530597,0.5574948122125915,0.36848415684468394,-0.2961725890009789,-0.584774204495621,0.6639064580590393,0.3276312334308249,-0.04556021841051404,0.07474314019771218,0.1674366649689027,-0.3165479114154946,-0.22776280086592487,0.5790320898633416,-0.33097210206572,0.45590936785180675,-0.31906867102783415,-0.019881322168621908,-0.20437318963076673,0.03205895777800989,0.5762480805618129,0.12215034763463996,-0.19995139149616908
Cerebellum_6_R,0.10738069204750338,-0.11831579462209141,0.3700972806709376,0.3776771703074896,0.16844702282084043,0.24400025924775096,0.1535627032167361,0.2875989697577178,-0.19798215649990047,1.0,0.09398099790841513,0.29581681515169256,0.1858614849047041,0.129683542094353,0.12081406561598919,0.776286468701318,0.14772784830088262,0.027793879604443295,0.6600586906768585,-0.14326434115468334,-0.1484147936323517,0.23495976772366417,0.4653874320672282,-0.07373888527564314,-0.10697252060417412,-0.10271752525975864,-0.27706863842296753,0.8267761766153254,0.015245299038632733,0.21089440311727917,-0.21067074026958907,0.37104472968578056,0.43208754610150507,0.32147122558667296,0.1828078413154498,0.7459823603734115,0.4391875106010879,0.2996720610921973,0.20136174406176752,0.4024398581569505,-0.12587491153493724,0.16298561781260978,0.25609994386107915,0.6814911768466162,-0.17495851508295016,0.25838037858223684,0.24621677345198367,0.6968074167796806,-0.19823566736571935,0.2782349404876283,0.28845871873582535,0.43086510232772307,0.48502656364917396,0.1031942296729326,0.35343686971230254,-0.17351716839708006,0.38878098996349153,-0.13277865027592609,0.7654225118281446,0.5513566817959576,-0.013448330060201578,0.2055325201870003,0.3780992077104591,0.2791450739855501,0.14470824615619562
Heschl_R,-0.3764765805412396,0.6220920641603583,0.10718533109198011,0.30172815780468976,-0.0747703307473963,0.3218577244984642,0.4556738927317201,0.5272066864708082,0.6019467510293425,0.09398099790841513,1.0,-0.34748558626241816,0.045904541045652364,0.5547251691432366,0.5164192632179228,0.3431977498304236,0.34539818340945655,0.4117572909668723,0.057334270398724047,-0.2503401468699482,0.37983472272421487,0.3911842581040325,-0.06802225243234937,-0.00907731968065612,0.22165164896891396,-0.17602978525796187,0.490220397676308,-0.17957809144376574,-0.6862021955741138,0.5388010944623288,-0.2950320885478133,0.11675900734573474,0.4947264474531587,0.12006781628726501,0.3363311666554449,0.4087785182286288,0.3343739848876413,0.503115815058854,0.15285591182763475,0.5198878313747409,-0.5305188850568189,0.004017595830266533,0.017316982292538675,-0.04250349024433601,0.11867125759887649,0.43980776480166933,0.20593894218995726,-0.4490848687058005,0.1865522126832149,0.4995619010129159,0.12028689081410075,0.40245833035391976,0.5052391831005428,-0.38443791598870763,0.0026928002669076036,0.3473855410386217,-0.1257364705684972,0.031266991653368964,-0.020609464542775166,0.12149624843230863,-0.5293286375612881,0.0506555689680096,0.6752833395892127,0.07570537086660482,-0.45711293619053167
Thal_PuI_L,0.6667452445846596,-0.4225197905075981,0.24960372593782348,0.0014535671061645513,0.33827159019201164,0.05421666639863998,-0.12475120257788926,-0.054951798141432785,-0.5540340655637972,0.29581681515169256,-0.34748558626241816,1.0,0.07976259055463178,-0.29963433955697966,-0.3332181887150922,0.14496308477753772,-0.16888089251635666,-0.0714095587470057,-0.04478788904790292,0.4987225851975761,-0.3919995580318222,-0.3399723535467102,0.49714791341390746,0.11259518035778483,-0.47044858358950775,0.263472887935654,-0.5337245721315791,0.2323927348956149,0.5399193493913794,-0.3446163415741733,0.39996826579453904,0.2661834823289032,0.01117731839375127,0.22868865236276395,-0.08043234857445324,0.08576420221313241,0.17137496840991492,0.01667849764145495,-0.05044895759469287,-0.05770032398563229,0.49389455538961735,0.4184341338704324,0.5105253479243185,0.10074740334949052,-0.3379198576881793,-0.12855356083525793,0.5241919882250824,0.5390687651504595,-0.4019552314725316,-0.3978629706744312,0.5776593877337289,0.31507291879022026,-0.14909070681922976,0.2468083867923683,0.47383396274708556,-0.4010731876423428,0.46514212856538345,-0.29728070419080704,0.22335874252549728,0.3352636233544281,0.5642495907071461,0.1588672539364468,-0.23208634912115628,0.1285692174424396,0.4308779071574432
Frontal_Inf_Tri_R,-0.09126655190258469,-0.28589035414428765,0.8729853113442242,0.17687861124152227,0.008082964229788075,0.27133765340150573,0.36408999310639045,0.23640208594154538,0.2051786878800096,0.1858614849047041,0.045904541045652364,0.07976259055463178,1.0,-0.4325474074642521,0.36847959410269404,0.12848720703921904,-0.419298436599846,0.18295657134515234,-0.22194906994197816,-0.2714138286776653,0.3490197739633659,0.36114536769126615,-0.17142421430952837,0.34329822074523764,-0.06104148122101419,0.07009148353801625,0.400715935016017,0.17538218648068085,0.1724698401912299,0.025553048754086136,-0.2000134726079826,0.4023693047424466,0.45339257612034234,0.5895478417076235,0.46132840022589594,0.13834102266066467,0.1853748989605279,0.44803836983859585,-0.15658690560119212,0.38994619268534764,0.2668423845340559,-0.31258963221259994,-0.0380590892319142,0.07436312242779045,0.4944496582887941,0.043977868508259896,-0.24901149864049874,0.17061209313150907,0.49672048964877463,-0.10020698523845126,0.3146427401608216,0.07692691087992815,0.07057029264173509,-0.2989209733905332,0.3558859804676659,0.02304681432225377,0.009877146690901357,0.6773886582526457,0.010488050399451563,-0.04969414362328694,0.14020897833896673,-0.465832255460067,0.2815453360579018,0.3116555781676752,0.5034985403361663
Caudate_L,-0.006524805894205118,0.6210164739344068,-0.34111600370410305,0.5422420174957416,0.15472252614634122,0.3673058069823987,0.2325053508933237,0.5042235105565461,0.4757933062999529,0.129683542094353,0.5547251691432366,-0.29963433955697966,-0.4325474074642521,1.0,0.36463003119036447,0.4212810821887602,0.7155417301321041,0.3539140174570702,0.27590932740366625,0.10611093607671326,0.28580068631879824,0.21337350202919275,0.0366685024482275,-0.20035486732093508,0.3823095561212183,0.0552223897472341,0.14453329089278416,-0.04929785758791912,-0.35825131512440506,0.7936145814646304,0.0520824153682565,0.23986667781880838,0.4385230340103634,0.1304154740495734,0.13454058277847525,0.3624213413176293,0.49595701686493315,0.3464346785642314,0.6020232850230269,0.2848693538296376,-0.33770116118720167,0.3291335727368484,0.3226072503475831,0.09305372304208842,-0.07423605383222669,0.49898838347057667,0.20593368860306513,-0.37427176015948244,-0.02306682282011731,0.5016084575014693,0.11939928496332891,0.45470973361186906,0.3565854727609554,0.17103093950223602,-0.24119720438250924,0.34222045894970266,0.12244610482884481,-0.2050278580058451,-0.01780139828193222,0.44365063313537795,-0.2085913832388032,0.6851653282296027,0.5849241119484319,0.025220316403324547,-0.4498170220866898
ParaHippocampal_R,-0.14938995406279149,0.4360855513218924,0.38741540897809285,0.34041965092567233,0.02263624888267159,0.4886976735835438,0.682146652856835,0.341132286378903,0.7030778509084185,0.12081406561598919,0.5164192632179228,-0.3332181887150922,0.36847959410269404,0.36463003119036447,1.0,0.24649706603042928,0.14758104023798307,0.43956619018728665,-0.04854824277141925,-0.23423573492664682,0.5023906988197392,0.7049343151580129,-0.2523718400002795,0.1915951348028281,0.31941613962663273,-0.04877214530751112,0.5949364691422795,-0.11444114763019486,-0.2850177083721694,0.5599323362780942,-0.23407183250843272,0.33429351376197414,0.524936576500115,0.4354442948547466,0.6518326705259734,0.2820420154305244,0.23102245305669616,0.5963714657301217,0.34388132301492846,0.649476035215516,-0.1804918825289218,-0.17129626786708804,-0.09902507239877112,0.17417296583006228,0.44565697829189,0.39246167138283644,-0.17452627739531096,-0.2872514725283717,0.5914353352878684,0.3485999220402389,0.08086167484999228,0.28325285930903166,0.432954793115019,-0.3268442501628201,0.035305566480489804,0.4573759108319701,-0.18274519005526552,0.5486237145724782,-0.15181490053311505,0.18617193368955193,-0.17444084133009652,0.012219888150172366,0.5863039474247265,0.13985134746491318,-0.10406618168795508
Cerebellum_9_R,0.14052732607211604,0.17256651334555329,0.25080012686737907,0.5805898898061911,0.41977852195491144,0.4470763950227211,0.34500696588952384,0.4450514172331667,0.06433597855408173,0.776286468701318,0.3431977498304236,0.14496308477753772,0.12848720703921904,0.4212810821887602,0.24649706603042928,1.0,0.42635240079888503,0.3630397547667839,0.46945318494334215,0.0007318496024385184,0.026865835356570795,0.32404552373267936,0.3904191876490911,0.03599689136692772,0.08039001896412036,0.15085856239474757,-0.041400709837915266,0.5108227723508304,-0.09145448308324153,0.42060747289321077,-0.04404442942340254,0.47550902648435606,0.5575382771632461,0.3203541582482826,0.3438434109665,0.781829418506095,0.6269622657828787,0.44103929069798936,0.4763492713333818,0.5114587931693951,-0.13010452843661702,0.31717767806125874,0.36242383869545847,0.4926852762254761,-0.04531795698691885,0.3953837698054772,0.35017859924380546,0.29809615513798615,-0.05643527281542899,0.3289045181338996,0.27840271821994145,0.677255537854583,0.5989231079608732,0.18765070343643858,0.32494697867714556,-0.008074567698638015,0.514208091444658,-0.02826302325336163,0.4441408008466185,0.6675372552469122,-0.042014802274937264,0.41816176839818014,0.5293329732849639,0.3131067755919516,0.02510017546129769
N_Acc_L,0.13787424535452913,0.6009364769672629,-0.3260950823618088,0.4063986523707065,0.20988313239289172,0.18740097604283618,0.2807561744022735,0.37471804640404904,0.1996918984972304,0.14772784830088262,0.34539818340945655,-0.16888089251635666,-0.419298436599846,0.7155417301321041,0.14758104023798307,0.42635240079888503,1.0,0.3560449049788394,0.368716808558589,0.07741551609889966,-0.07442766591860472,0.08678073475904627,0.1702585968504068,-0.23605628740773332,0.13761941946978581,0.12734345939538924,0.010288827179343903,-0.11892213282293222,-0.25948305225145557,0.4901894919178339,-0.0018243735439007992,0.09778876179445947,0.2745706967338694,-0.010516264375219637,0.05157086605257273,0.30014191672823176,0.4379853884486463,0.21099684214199085,0.7058326010374212,0.0593352340840384,-0.17641125690057208,0.27162560247175427,0.23878654559252435,0.05641267435408655,-0.13592188137806843,0.4101808449125518,0.3785744906837941,-0.25009284969501205,-0.05903059089257783,0.45774931777264566,0.10980786179883383,0.3922092359926705,0.4337873509244465,0.24963293661456792,-0.1329050048563217,0.11647833052751727,0.25499924589322415,-0.20846762825780724,-0.11535588532521777,0.5728941065569231,-0.11350233873772476,0.6806921119088446,0.41710719262309337,-0.015201228116961375,-0.16726336921489118
Vermis_3,0.0831995078615705,0.24938244441493806,0.15953160932173377,0.50797232047563,0.24990275519035834,0.34107282222524865,0.33491485785102226,0.3171386348021249,0.29971944260082756,0.027793879604443295,0.4117572909668723,-0.0714095587470057,0.18295657134515234,0.3539140174570702,0.43956619018728665,0.3630397547667839,0.3560449049788394,1.0,-0.22691473078229893,0.07215756608278563,0.2793089571896832,0.5286312110789032,0.12062517162733964,0.5389861780658324,0.09929054947388456,0.5402107567397202,0.37955047858721974,-0.24742687983427877,-0.13790926987308377,0.40734584131036866,-0.013870117798324868,0.17532519925233872,0.5372644107919793,0.4046243332260406,0.520263701467938,0.15487833640091742,0.3429583654607466,0.353141344661046,0.36512320548919874,0.40950588928113,-0.08887060003820164,0.13298926835863525,0.07400285614614377,-0.3485491532327959,0.1711111073866902,0.04013563872950775,0.08435917971344614,-0.3016721092923019,0.2583211824899054,0.2532416323117203,0.22415092509639203,0.6126431203511297,0.33117523565692564,-0.08059301127304144,0.3673698793597999,-0.07165756229338217,0.17365662458505715,0.33546840204527284,-0.22042417377216794,0.22701537962696627,-0.059029662462300195,0.14941650573969473,0.3806860483235646,0.10457989481232524,-0.11828223580107157
Cerebellum_7b_L,-0.10333228839089303,0.19487572158991062,-0.13606953631603289,0.14450954924604878,-0.2385702223400361,0.10360014784950523,0.15476743316830116,0.12697892305548755,-0.1422126111662493,0.6600586906768585,0.057334270398724047,-0.04478788904790292,-0.22194906994197816,0.27590932740366625,-0.04854824277141925,0.46945318494334215,0.368716808558589,-0.22691473078229893,1.0,-0.44865616813907144,-0.2789788281806135,-0.004212944540415795,0.2480144517715224,-0.5191996638416461,0.06318719718419001,-0.4815788589905437,-0.26877449176612306,0.5732351728588524,-0.3064179642143322,0.2580749620927338,-0.4311840869651816,0.0699049862927579,0.13722692455176602,-0.07503260966815871,-0.2400980400684463,0.4635167587799887,0.2246359684052789,0.04888411235259656,0.395250382265994,0.05286689354161809,-0.28723489587023165,-0.17575950591937278,0.10505873904207556,0.5931321489349137,-0.15682372314370074,0.24454349790435548,0.1621811701190819,0.3977274110058074,-0.17534721083425656,0.6032861404970588,-0.010806473373416175,0.1258504581223416,0.49548141600414813,0.26353619737635636,-0.1670201081099608,0.021462947723507042,0.08924414224537612,-0.22272598759777104,0.5519625959238406,0.5375377336584385,-0.2918493428393305,0.3816277642655642,0.1893412795636028,0.11745437621118639,0.037205351959488465
Parietal_Inf_L,0.725421989678101,-0.18176657604423357,-0.1474725008827955,0.11600273294788302,0.7085561210509064,0.03204092977697823,-0.35530820178892875,-0.027510487724955176,-0.26016264861438265,-0.14326434115468334,-0.2503401468699482,0.4987225851975761,-0.2714138286776653,0.10611093607671326,-0.23423573492664682,0.0007318496024385184,0.07741551609889966,0.07215756608278563,-0.44865616813907144,1.0,-0.11527794851578108,-0.343729449806895,0.2291066992529385,0.13921063082592505,-0.13479423026138573,0.6284404378896287,-0.3643289927648218,-0.11737062518128287,0.6008050770347574,-0.12639022111266232,0.8912041911977648,0.14300123591324632,-0.06558285154398588,0.05487819375733112,-0.07018868907071342,-0.1493817844777851,0.17974004070261992,-0.13909009469337014,0.07977706227402781,-0.12998102916822352,0.500134705485114,0.8380849163317493,0.5057750031855283,-0.10253532625160952,-0.26890563850862925,-0.03912702367389482,0.3670726420677747,0.0678122571387093,-0.31915777019416663,-0.6233231721114293,0.34992255489220053,0.24465403358525306,-0.3815476398634505,0.3283645545674895,0.1540125121027307,-0.14108483309974892,0.4922086121570606,-0.3506060249083241,-0.19110807843396316,0.12118965901172139,0.6931773725063309,0.42777410571624025,-0.1440272174505935,-0.062039500891342546,0.09174746822575229
ACC_pre_L,-0.2047106667146863,0.25567418027554106,0.13492250067869158,0.2080526640381352,-0.02772528782501985,0.18404857071775757,0.20131126501054547,0.3331219307302892,0.7574422827238723,-0.1484147936323517,0.37983472272421487,-0.3919995580318222,0.3490197739633659,0.28580068631879824,0.5023906988197392,0.026865835356570795,-0.07442766591860472,0.2793089571896832,-0.2789788281806135,-0.11527794851578108,1.0,0.39292438384063066,-0.224883708858112,0.09787135010029453,0.6086886908478075,0.12005110209486224,0.7490852610260356,0.022440327286664213,-0.30236546099735767,0.3965120037462399,0.007116338551989869,0.16611514018973603,0.312311083379653,0.289570312300955,0.4565630305051985,0.0775915767721447,0.11644810449468121,0.23742630136468068,0.009929422310020688,0.26038285019759216,-0.014427970172355772,-0.18645056344678634,0.00998182131282944,-0.2019422425525823,0.6564800270356773,0.11120909498265512,-0.47405779122110353,-0.3620782450965467,0.6653319961289182,0.019996021307234987,0.05234090778703286,0.007689989407566271,-0.1834187743097093,-0.23661405699364962,-0.04430572935367245,0.4162264343210747,-0.3423920229455892,0.4239483396533844,-0.09360463750155625,-0.20948925453958128,-0.009316111870040186,-0.10528674968707512,0.4091523633636255,0.2169916484227014,-0.16653786138152435
SN_pr_R,-0.26395176408867005,0.1533975409841036,0.3757169275800996,0.3403865355452755,-0.007459030277770286,0.1814249114190145,0.3862944875120227,0.12014328791862675,0.489007621218731,0.23495976772366417,0.3911842581040325,-0.3399723535467102,0.36114536769126615,0.21337350202919275,0.7049343151580129,0.32404552373267936,0.08678073475904627,0.5286312110789032,-0.004212944540415795,-0.343729449806895,0.39292438384063066,1.0,-0.09428520559138495,0.3898006573266415,0.22079074938604512,0.010482457184075037,0.44168050596515607,0.04067321278232795,-0.2959609668776093,0.3356018136287406,-0.33498008598769513,0.1090282575744756,0.4087337968644875,0.33151298561294384,0.6772444735365944,0.30893156823821366,0.12534429738387676,0.3004294656127955,0.14911424279851074,0.4818130013423784,-0.36333765405331747,-0.23172609625357704,-0.32942076606960974,0.08578352119905538,0.28369271355711106,0.0928584613934822,-0.3102907278071226,-0.1207930082509136,0.3753019174443017,0.4192188463397646,-0.12745323849663573,0.22211705247181662,0.43052664322897083,-0.24540905324478723,0.19236175363155295,0.13399455853149456,-0.15112378199349383,0.42622850330897527,0.06600521174505297,0.023265910736572255,-0.3180238479567373,-0.15392621593955352,0.4074053770114509,0.13120879650698952,-0.20141075367255862
VTA_L,0.3919327762963971,-0.25603241431957824,-0.09772683442260231,0.08199121393692425,0.25439390575909754,-0.17111552453438292,-0.1770145385836567,-0.08070954353912718,-0.3422122111703444,0.4653874320672282,-0.06802225243234937,0.49714791341390746,-0.17142421430952837,0.0366685024482275,-0.2523718400002795,0.3904191876490911,0.1702585968504068,0.12062517162733964,0.2480144517715224,0.2291066992529385,-0.224883708858112,-0.09428520559138495,1.0,0.0848930165929528,-0.33831621159589764,0.2052138989069536,-0.4029549553018006,0.35778632938933586,0.10390717753114022,-0.11792892564082211,0.08906179526779838,-0.07363632789898529,0.028089283622539537,0.15502852526211844,0.10728738575781076,0.3627620616045972,0.047600817892157164,-0.14629402483348117,0.012709994100858964,-0.06708170607233954,0.03395523475739542,0.35670247019603324,0.2252124208863999,0.0434918811127573,-0.4442474923730701,-0.2543711305832821,0.28128009904825196,0.4192852749725715,-0.4197889452781051,-0.07539955232751483,0.22366189594173788,0.3110350477738094,0.1530692474157949,0.04521503346613009,0.5627400954449787,-0.6014308035915498,0.39570893739943613,-0.43527377096336034,0.4673071271508771,0.25320627016864017,0.1912292732461815,0.14854017944422956,-0.06882212124473173,0.039596535831448613,0.013918995603762014
LC_L,0.048183268243584196,-0.27892349216434204,0.32351254186732303,0.0844015565962141,0.19622491886430143,0.047552787694185215,0.03618368801722841,-0.11464451150729452,-0.028548840832962434,-0.07373888527564314,-0.00907731968065612,0.11259518035778483,0.34329822074523764,-0.20035486732093508,0.1915951348028281,0.03599689136692772,-0.23605628740773332,0.5389861780658324,-0.5191996638416461,0.13921063082592505,0.09787135010029453,0.3898006573266415,0.0848930165929528,1.0,-0.1245082217832929,0.43224568835620636,0.11443391050689906,-0.16569246458408143,0.238659722721008,-0.03926440838889209,0.12305901160046943,0.0952591956829313,0.1659890018646145,0.3678865060423113,0.4238217355924211,-0.04436346448840693,-0.09455639519113195,0.14233486733543282,-0.16559540291562735,0.2130393942421008,0.04249804471651778,0.09263527314661935,-0.23292370145339686,-0.34582545098738254,0.039615994039039766,-0.25981774732870344,-0.11408366815364641,-0.020623326668800568,0.0685510702206007,-0.21063429491457358,0.015863189684425835,0.23755062044324857,-0.03992114214637017,-0.16480081065606356,0.5473856212057571,-0.30827832501733204,0.14971529550358056,0.28213300749352865,-0.1116611971018805,-0.1853862880237334,0.059408206576443454,-0.3475794097752559,-0.03367910023955129,0.01105254861830019,-0.011024301345364298
Frontal_Med_Orb_L,-0.2166478347970281,0.5146361044239879,-0.20435276997237484,0.11705018597572586,-0.13060086868282794,0.22032441603125308,0.15219734765927054,0.2433285963835305,0.49183972094596057,-0.10697252060417412,0.22165164896891396,-0.47044858358950775,-0.06104148122101419,0.3823095561212183,0.31941613962663273,0.08039001896412036,0.13761941946978581,0.09929054947388456,0.06318719718419001,-0.13479423026138573,0.6086886908478075,0.22079074938604512,-0.33831621159589764,-0.1245082217832929,1.0,-0.08726896980359306,0.4924131513879411,0.020181037295398316,-0.36090535097382553,0.36079722042513546,0.09160085944762958,0.09634636246558598,0.16574692031270036,-0.14631238166898772,0.06364652237157703,0.007863618015570586,0.20127745709421138,-0.00248402076449766,0.28254536549833587,0.09598148045561593,-0.21545423165028962,-0.10542570655166997,-0.09110895619844045,0.007603618418074699,0.5859123624672719,0.30479763391511616,-0.2993728878736338,-0.29270110598761767,0.4351324385194346,0.23016303425017526,-0.20502045763140325,0.022592026958901095,-0.029217183640319572,0.3284627694967239,-0.32526031030888064,0.6424507863642934,-0.24677168373359132,0.18375563826077035,-0.017777687653548667,0.033377234677056146,-0.24697476282554445,0.2102166400161153,0.17572979543267425,0.2014720256698823,-0.31525149336158437
Raphe_D,0.5259540667660935,-0.16243594591248225,0.07095346210206063,0.2725854058962328,0.6920002980886282,0.05828264023747595,-0.22626101703568022,0.024718909757624502,-0.08707105708094544,-0.10271752525975864,-0.17602978525796187,0.263472887935654,0.07009148353801625,0.0552223897472341,-0.04877214530751112,0.15085856239474757,0.12734345939538924,0.5402107567397202,-0.4815788589905437,0.6284404378896287,0.12005110209486224,0.010482457184075037,0.2052138989069536,0.43224568835620636,-0.08726896980359306,1.0,-0.023928240293409193,-0.10277982182472065,0.5088623940414051,0.0022257667731436503,0.5503411650058856,0.1319199210753546,0.11873716103727769,0.22927610680503407,0.2598534139096437,-0.09367888213109768,0.16886344484066784,0.019807680820737316,0.13706855243268998,-0.04199939059771127,0.5044935282502389,0.47680405889577204,0.2994386215015807,-0.31783781092732755,-0.00809708477151756,-0.19344735587287729,0.07993404247478256,-0.0619793110845038,0.02607859249719864,-0.46451686158089345,0.22196746417432947,0.2617557549081032,-0.26295615971331276,0.10815002372992305,0.4181061090350229,-0.2721425885561307,0.3815628515541107,0.09786708100552971,-0.3004781247319466,0.07425595501957499,0.610796410653439,0.22517579764879375,0.06726467157501177,0.019875175408168303,0.22201005102589375
ACC_sub_L,-0.3702624029950316,0.4701126444981383,0.21833174435813021,0.09499339394228565,-0.14427134510718506,0.23118209572388432,0.5319312533188639,0.30413875810743707,0.8164341207446837,-0.27706863842296753,0.490220397676308,-0.5337245721315791,0.400715935016017,0.14453329089278416,0.5949364691422795,-0.041400709837915266,0.010288827179343903,0.37955047858721974,-0.26877449176612306,-0.3643289927648218,0.7490852610260356,0.44168050596515607,-0.4029549553018006,0.11443391050689906,0.4924131513879411,-0.023928240293409193,1.0,-0.2855233769192191,-0.5054897942946286,0.3070764818713107,-0.2229809778217634,0.08154313424924212,0.259743558571291,0.08915787383345643,0.4368154702493272,0.0439701973698294,0.08303433903136696,0.3094494405288087,0.10885824463844679,0.3093270574568098,-0.09710598109678392,-0.4363515356512377,-0.25432412627874373,-0.2335261924178209,0.787292266295784,0.1818214497131213,-0.38563452303838675,-0.5538626878815412,0.8442890486035614,0.2539346794446796,-0.07920118372695736,-0.015002399297147624,0.08903831290389108,-0.347026722054841,-0.12158908131061708,0.5335230261564206,-0.4622049737558352,0.6833109268219243,-0.3544602484132913,-0.18539797955088677,-0.23219792897767627,-0.22676139438085777,0.38308820873549815,0.1036633060987951,-0.09832901364504956
Cerebellum_Crus1_R,0.04457957638480518,-0.3537069753407275,0.22016932873704703,0.14139902296114853,0.09876596931152061,0.04346992058997343,-0.18242833615376153,0.09976929118833235,-0.2532205179992421,0.8267761766153254,-0.17957809144376574,0.2323927348956149,0.17538218648068085,-0.04929785758791912,-0.11444114763019486,0.5108227723508304,-0.11892213282293222,-0.24742687983427877,0.5732351728588524,-0.11737062518128287,0.022440327286664213,0.04067321278232795,0.35778632938933586,-0.16569246458408143,0.020181037295398316,-0.10277982182472065,-0.2855233769192191,1.0,0.11904059019094357,0.03174130239714451,-0.09284923006916225,0.2708501042667849,0.17476960418412818,0.16871328054272058,0.009322818198455006,0.5287266345507525,0.22711713049889945,0.01316375818524777,-0.06381760455770387,0.1496696085440595,-0.01500899578069976,0.06963202799457059,0.19745111543822502,0.6277751484254924,-0.048878198151429283,0.06178181221718767,-0.028176453733159322,0.7864598447695008,-0.15411096858865772,0.0103483044577025,0.14124204149899097,0.1071322667298499,0.018559635387155958,0.14973857496849147,0.22257679622946333,-0.15429645216014226,0.21254861550090656,-0.13264042464671003,0.8267372874431276,0.23840864450813762,0.10158490205129113,0.0720198698642875,0.16022418845959216,0.27438920450597665,0.13589103526196653
Thal_LP_L,0.5708337092033162,-0.6238043585969734,0.23885888693385193,0.11962247295422192,0.45798657544697247,-0.031045429455976953,-0.34653116621118624,-0.16370084071461447,-0.48713433425296304,0.015245299038632733,-0.6862021955741138,0.5399193493913794,0.1724698401912299,-0.35825131512440506,-0.2850177083721694,-0.09145448308324153,-0.25948305225145557,-0.13790926987308377,-0.3064179642143322,0.6008050770347574,-0.30236546099735767,-0.2959609668776093,0.10390717753114022,0.238659722721008,-0.36090535097382553,0.5088623940414051,-0.5054897942946286,0.11904059019094357,1.0,-0.25168823602940493,0.5809384964200205,0.26397072171942654,-0.04332543317200217,0.31010570253168246,-0.08614844939176336,-0.24468047415621647,0.05070626251552056,-0.10459485164811635,-0.07243457240565886,-0.21261524719746006,0.689950809256294,0.44580021867945757,0.3051690315787609,0.05895568648513223,-0.21607256902600647,-0.16550988822809098,0.0755557590627056,0.39034904351935057,-0.26407745494882906,-0.6623348807713965,0.24470942143528887,-0.035433154184526645,-0.38879365276589567,0.31916264157410473,0.248351970404863,-0.3573379840144511,0.5326890665398707,-0.002963043950827205,-0.07373954964767586,0.0750016713867973,0.7418490782219145,0.07621204828944174,-0.27764329050116177,0.14471344131712777,0.5442947287509928
Thal_VL_L,-0.14114909246524499,0.4490081251337248,0.02982402397998365,0.6178933297648624,-0.016207188916196234,0.550836966392963,0.38935525227814494,0.5794629624155646,0.529654921461709,0.21089440311727917,0.5388010944623288,-0.3446163415741733,0.025553048754086136,0.7936145814646304,0.5599323362780942,0.42060747289321077,0.4901894919178339,0.40734584131036866,0.2580749620927338,-0.12639022111266232,0.3965120037462399,0.3356018136287406,-0.11792892564082211,-0.03926440838889209,0.36079722042513546,0.0022257667731436503,0.3070764818713107,0.03174130239714451,-0.25168823602940493,1.0,-0.14475297831629924,0.48837867826352843,0.6897933903709842,0.5064362407436345,0.22265123094712763,0.33184409648082624,0.5471816047232423,0.5810505053221878,0.5341723845205381,0.46395218695446,-0.2815381295694748,0.10880248864486168,0.23420371156813416,0.1302615035355323,0.11796167821657981,0.5166979102069992,0.010831003171632356,-0.2989181211436546,0.19479471602521028,0.5016218936354154,0.2716308633575078,0.43332561271091813,0.4370254646655972,0.01568089278987175,-0.10966682095397932,0.30634733349264265,0.08140399227952476,0.17725816394319593,-0.003382269968339482,0.4202835892974688,-0.24074192478525416,0.4213693418527719,0.6847028369716888,0.20039610576577443,-0.2313029167742847
