,LC_L,Thal_MGN_R,OFCpost_R,Temporal_Sup_R,OFClat_L,Heschl_R,Cuneus_L,Occipital_Inf_R,Temporal_Inf_R,Red_N_R,Thal_AV_R,Thal_VA_L,Thal_PuM_L,Paracentral_Lobule_R,Thal_LP_L,Amygdala_R,Temporal_Sup_L,N_Acc_L,Thal_LGN_L,Precentral_L,Raphe_D,Frontal_Inf_Orb_2_R,Insula_L,Postcentral_L,Thal_AV_L
LC_L,1.0,-0.1369818681588133,0.39065480349767245,-0.17673387358452722,0.02687356242712922,-0.27326753791229696,-0.07708764639002744,-0.047648962380793865,0.056981032965355706,-0.067825837373988,-0.23881643523251117,0.10905471569342993,-0.12219637031621622,-0.22165375674326437,-0.2672901073323139,-0.13923163469280378,-0.402910062739531,0.3167565286368783,-0.051941211236040744,0.05315278669601297,-0.2547357010237146,-0.12839390557868874,-0.18023289540434287,-0.21376826246431835,0.05415379696908114
Thal_MGN_R,-0.1369818681588133,1.0,0.0043300920818901195,0.4347342242294645,0.21999424901592587,0.496816353479734,0.014911214834046687,0.12865504482968756,0.2133299966693598,0.46814430558644987,0.4725023311502321,0.5271290182430098,0.4964271311779205,0.4741056298075315,0.4022163727757346,-0.00569389180382919,0.2215324804201239,0.14098683958236144,0.10597412979310034,0.3557636811663655,0.35470048196974996,0.17713361737165542,0.42749434854962776,0.4850213886204495,0.43491969239467015
OFCpost_R,0.39065480349767245,0.0043300920818901195,1.0,-0.2490412959668214,-0.020451073744689782,-0.10828820315319562,-0.11017694511750317,-0.09052087321173424,0.021174383534622733,-0.22244476628821003,-0.2605331203715495,0.16108854953253265,0.0937461602624794,-0.011009235513112543,-0.16594940088119603,-0.05164185771822682,0.021191407064334197,0.34089175299546265,0.13006889248978293,0.233818038934042,-0.10758295394722629,-0.18939359089918645,-0.042663141538544426,0.07126775771862752,0.21154611927402694
Temporal_Sup_R,-0.17673387358452722,0.4347342242294645,-0.2490412959668214,1.0,0.16183977213909329,0.8114873289556308,0.17068214831957412,0.027480237015037413,-0.16645846483481924,0.5259034912517404,0.6289884268510407,0.4463601395963937,0.14098780988703655,0.3777159147686065,0.4311173810546797,-0.07766583957534977,0.16343821625547175,-0.04584592967978738,-0.3665113423626066,0.10283899479412273,0.26907514358999957,0.5281714259054897,0.26836523329106193,0.35887350427803705,0.3836835207189918
OFClat_L,0.02687356242712922,0.21999424901592587,-0.020451073744689782,0.16183977213909329,1.0,0.10605731479060836,0.08770697362672278,-0.1711091854150815,0.24937685386165037,0.36521352472374546,0.2943477082778576,0.20795497340254634,0.24401562273598718,0.2803311429651506,0.14059350989529085,0.18213921221240525,-0.020664291411300877,-0.06683734191304286,-0.004115049835248621,0.2057061113729388,0.10944373278824417,0.1160398043712388,0.2019535780486626,0.25811428047404916,0.04033965986432995
Heschl_R,-0.27326753791229696,0.496816353479734,-0.10828820315319562,0.8114873289556308,0.10605731479060836,1.0,-0.18888025573368233,-0.0025801929506100237,-0.21351894065967425,0.42922403734943493,0.5569749833840464,0.5785151874128371,0.31548926261827337,0.3885295442304122,0.4138344149410451,-0.18253828117177737,0.24878612556332266,0.10801642410937883,-0.25425606237230275,0.08792356104866543,0.3098784935306921,0.5561892933842917,0.3749221028657418,0.3426500511520673,0.543109371543357
Cuneus_L,-0.07708764639002744,0.014911214834046687,-0.11017694511750317,0.17068214831957412,0.08770697362672278,-0.18888025573368233,1.0,0.22878489346845907,0.09836772839838741,0.11815182687179601,0.013430605893377395,-0.13217881759727168,-0.016695429233786713,0.23802684329254278,0.1509270380162211,0.293568367840641,0.029976732129409583,-0.11777432666497238,0.1316579422680748,0.20853758748291643,0.007861186143779795,-0.12351524179922677,-0.09467093035784124,0.25967203804974365,-0.03357484557512482
Occipital_Inf_R,-0.047648962380793865,0.12865504482968756,-0.09052087321173424,0.027480237015037413,-0.1711091854150815,-0.0025801929506100237,0.22878489346845907,1.0,0.03618057174752126,-0.06139464698922253,0.019490965382223044,-0.024369155368843164,-0.14778885298738925,0.049017522024006194,-0.005773501793493946,-0.1515862677827434,-0.036227305991587355,-0.03488767938116531,-0.05964085705624712,-0.041793281702630976,0.05777356808599058,-0.12373107988318796,-0.007653641734056278,0.038262385451841595,0.038544198202790585
Temporal_Inf_R,0.056981032965355706,0.2133299966693598,0.021174383534622733,-0.16645846483481924,0.24937685386165037,-0.21351894065967425,0.09836772839838741,0.03618057174752126,1.0,0.12757678995375243,0.05097346917361686,0.01605696162145203,0.22124341758471192,0.09783631608133112,0.008676210838046481,-0.0348972311392046,-0.1338795155860253,0.037165358351812346,0.2972912961350381,0.20266721368119528,0.09226480893072073,-0.31235575559932954,0.13192692568769415,0.09493070506478259,8.70206218059923e-05
Red_N_R,-0.067825837373988,0.46814430558644987,-0.22244476628821003,0.5259034912517404,0.36521352472374546,0.42922403734943493,0.11815182687179601,-0.06139464698922253,0.12757678995375243,1.0,0.7664820071441503,0.5273932045949423,0.4358197109996751,0.5053231889313778,0.6215776284373392,-0.07752458165723257,0.16423775298856308,-0.09842857221453155,0.05294352995401297,0.4582057357759932,0.36984910664279014,0.39838616187196296,0.5975047032911214,0.569651563162422,0.21575975112961474
Thal_AV_R,-0.23881643523251117,0.4725023311502321,-0.2605331203715495,0.6289884268510407,0.2943477082778576,0.5569749833840464,0.013430605893377395,0.019490965382223044,0.05097346917361686,0.7664820071441503,1.0,0.5440330975624916,0.40404588679726866,0.593280690898123,0.6719800458439985,0.02434154392624549,0.3557560984691871,-0.24095174619733015,-0.1055281948672438,0.40784733899947606,0.38908959604351334,0.6049391621242607,0.6930240055646716,0.6073823925756937,0.19242206676443557
Thal_VA_L,0.10905471569342993,0.5271290182430098,0.16108854953253265,0.4463601395963937,0.20795497340254634,0.5785151874128371,-0.13217881759727168,-0.024369155368843164,0.01605696162145203,0.5273932045949423,0.5440330975624916,1.0,0.505064877852414,0.5172556628583922,0.30560116054249603,-0.09408740571022405,0.3154993701466638,0.38142258674382307,-0.040879976293006444,0.5209447004126861,0.27813864566112295,0.3834392816462127,0.6106773797405257,0.6017039572247002,0.7331610909206742
Thal_PuM_L,-0.12219637031621622,0.4964271311779205,0.0937461602624794,0.14098780988703655,0.24401562273598718,0.31548926261827337,-0.016695429233786713,-0.14778885298738925,0.22124341758471192,0.4358197109996751,0.40404588679726866,0.505064877852414,1.0,0.6220717981719591,0.5632412648676574,0.15887662507617228,0.5400122064227116,0.014633202181796432,0.4292967232485794,0.7013565026124645,0.45099437698558237,0.14451723031114902,0.6282115205097343,0.7210619293848725,0.3545879022253114
Paracentral_Lobule_R,-0.22165375674326437,0.4741056298075315,-0.011009235513112543,0.3777159147686065,0.2803311429651506,0.3885295442304122,0.23802684329254278,0.049017522024006194,0.09783631608133112,0.5053231889313778,0.593280690898123,0.5172556628583922,0.6220717981719591,1.0,0.562942008499755,0.1908145784036554,0.47593097492336595,-0.0764094280393171,0.16114208188762474,0.6744547191476259,0.47882168077771337,0.3740803404576426,0.5508183557374196,0.8536411960491348,0.3376216759810478
Thal_LP_L,-0.2672901073323139,0.4022163727757346,-0.16594940088119603,0.4311173810546797,0.14059350989529085,0.4138344149410451,0.1509270380162211,-0.005773501793493946,0.008676210838046481,0.6215776284373392,0.6719800458439985,0.30560116054249603,0.5632412648676574,0.562942008499755,1.0,0.007303892859320048,0.44135899715059906,-0.2637881304582151,0.05351604539500847,0.4125397835788475,0.3763768782721128,0.4101842685642449,0.5635195464802768,0.5874037945894683,0.11990286417573238
Amygdala_R,-0.13923163469280378,-0.00569389180382919,-0.05164185771822682,-0.07766583957534977,0.18213921221240525,-0.18253828117177737,0.293568367840641,-0.1515862677827434,-0.0348972311392046,-0.07752458165723257,0.02434154392624549,-0.09408740571022405,0.15887662507617228,0.1908145784036554,0.007303892859320048,1.0,0.14370469643149106,-0.05277192993254857,0.1547209193622055,0.20400290708477878,-0.04345234163930115,-0.03658206489968313,-0.06605062218089663,0.17676519934167773,-0.10557042036361305
Temporal_Sup_L,-0.402910062739531,0.2215324804201239,0.021191407064334197,0.16343821625547175,-0.020664291411300877,0.24878612556332266,0.029976732129409583,-0.036227305991587355,-0.1338795155860253,0.16423775298856308,0.3557560984691871,0.3154993701466638,0.5400122064227116,0.47593097492336595,0.44135899715059906,0.14370469643149106,1.0,-0.07860094350533567,0.10001684366277085,0.4207241678688605,0.39605873516765777,0.21065590753704408,0.5412577190983723,0.6031796494843448,0.16488033052006562
N_Acc_L,0.3167565286368783,0.14098683958236144,0.34089175299546265,-0.04584592967978738,-0.06683734191304286,0.10801642410937883,-0.11777432666497238,-0.03488767938116531,0.037165358351812346,-0.09842857221453155,-0.24095174619733015,0.38142258674382307,0.014633202181796432,-0.0764094280393171,-0.2637881304582151,-0.05277192993254857,-0.07860094350533567,1.0,0.017988206244113097,0.06793912157139577,-0.1971855511261946,-0.1219370106435115,-0.07215327322698521,-0.036512867277393724,0.5138845382064631
Thal_LGN_L,-0.051941211236040744,0.10597412979310034,0.13006889248978293,-0.3665113423626066,-0.004115049835248621,-0.25425606237230275,0.1316579422680748,-0.05964085705624712,0.2972912961350381,0.05294352995401297,-0.1055281948672438,-0.040879976293006444,0.4292967232485794,0.16114208188762474,0.05351604539500847,0.1547209193622055,0.10001684366277085,0.017988206244113097,1.0,0.4684524371268665,0.2596678090863557,-0.329542242531744,0.1843730593685725,0.28524406803322444,-0.040493396992466735
Precentral_L,0.05315278669601297,0.3557636811663655,0.233818038934042,0.10283899479412273,0.2057061113729388,0.08792356104866543,0.20853758748291643,-0.041793281702630976,0.20266721368119528,0.4582057357759932,0.40784733899947606,0.5209447004126861,0.7013565026124645,0.6744547191476259,0.4125397835788475,0.20400290708477878,0.4207241678688605,0.06793912157139577,0.4684524371268665,1.0,0.403214661318444,0.08929825295845609,0.628009758999877,0.8632988223857094,0.3137920681512461
Raphe_D,-0.2547357010237146,0.35470048196974996,-0.10758295394722629,0.26907514358999957,0.10944373278824417,0.3098784935306921,0.007861186143779795,0.05777356808599058,0.09226480893072073,0.36984910664279014,0.38908959604351334,0.27813864566112295,0.45099437698558237,0.47882168077771337,0.3763768782721128,-0.04345234163930115,0.39605873516765777,-0.1971855511261946,0.2596678090863557,0.403214661318444,1.0,0.21402917427660986,0.547655936229377,0.5595144217763376,0.11310713423088231
Frontal_Inf_Orb_2_R,-0.12839390557868874,0.17713361737165542,-0.18939359089918645,0.5281714259054897,0.1160398043712388,0.5561892933842917,-0.12351524179922677,-0.12373107988318796,-0.31235575559932954,0.39838616187196296,0.6049391621242607,0.3834392816462127,0.14451723031114902,0.3740803404576426,0.4101842685642449,-0.03658206489968313,0.21065590753704408,-0.1219370106435115,-0.329542242531744,0.08929825295845609,0.21402917427660986,1.0,0.38760974732081954,0.2798127314382584,0.12411878081335703
Insula_L,-0.18023289540434287,0.42749434854962776,-0.042663141538544426,0.26836523329106193,0.2019535780486626,0.3749221028657418,-0.09467093035784124,-0.007653641734056278,0.13192692568769415,0.5975047032911214,0.6930240055646716,0.6106773797405257,0.6282115205097343,0.5508183557374196,0.5635195464802768,-0.06605062218089663,0.5412577190983723,-0.07215327322698521,0.1843730593685725,0.628009758999877,0.547655936229377,0.38760974732081954,1.0,0.7182617981995583,0.2719924380276514
Postcentral_L,-0.21376826246431835,0.4850213886204495,0.07126775771862752,0.35887350427803705,0.25811428047404916,0.3426500511520673,0.25967203804974365,0.038262385451841595,0.09493070506478259,0.569651563162422,0.6073823925756937,0.6017039572247002,0.7210619293848725,0.8536411960491348,0.5874037945894683,0.17676519934167773,0.6031796494843448,-0.036512867277393724,0.28524406803322444,0.8632988223857094,0.5595144217763376,0.2798127314382584,0.7182617981995583,1.0,0.3670348400911736
Thal_AV_L,0.05415379696908114,0.43491969239467015,0.21154611927402694,0.3836835207189918,0.04033965986432995,0.543109371543357,-0.03357484557512482,0.038544198202790585,8.70206218059923e-05,0.21575975112961474,0.19242206676443557,0.7331610909206742,0.3545879022253114,0.3376216759810478,0.11990286417573238,-0.10557042036361305,0.16488033052006562,0.5138845382064631,-0.040493396992466735,0.3137920681512461,0.11310713423088231,0.12411878081335703,0.2719924380276514,0.3670348400911736,1.0
