,Thal_PuM_R,Vermis_6,Vermis_7,Cerebellum_6_L,Frontal_Sup_2_R,OFCmed_L,Thal_LGN_L,Cerebellum_4_5_R,Insula_L,OFClat_R,Cingulate_Mid_R,Amygdala_R,Fusiform_R,Rolandic_Oper_R,Vermis_8,OFCant_L,Frontal_Inf_Oper_L,N_Acc_R,Cerebellum_Crus1_L,Frontal_Inf_Orb_2_R,Heschl_L,Supp_Motor_Area_L,Thal_MDm_R,Thal_PuI_L,Raphe_M,Temporal_Pole_Sup_R,Precuneus_L,Thal_VL_L,Frontal_Sup_2_L,Temporal_Mid_L,Thal_PuM_L,Temporal_Pole_Mid_L,Putamen_L,Cerebellum_Crus2_R,Thal_IL_L,Thal_MGN_R,Thal_IL_R,Lingual_L,Cerebellum_8_L,Occipital_Sup_R,Precuneus_R,Pallidum_L,Cerebellum_8_R,Vermis_1_2,Temporal_Pole_Mid_R,OFCant_R,Calcarine_R,Thal_MDm_L,Occipital_Inf_L,Olfactory_L
Thal_PuM_R,1.0,-0.5255857580125676,-0.12596828508968166,-0.23748669735777225,0.8362374245124614,0.10821203220224818,-0.0572141234097234,0.719573421075722,0.6419815598206118,-0.3614622637012243,0.6230107212161062,-0.0723418436871386,0.4343010569131146,0.8510545199472566,0.188339477429984,0.007122732302711871,0.566986186554859,-0.009994251021312841,-0.3735643823735707,0.5842734584562823,0.21910254788681627,0.5211058240135895,0.4566277268400641,0.7571898594363115,0.6783694009696026,-0.01594395899386237,-0.14651875834320943,0.7560880782966625,0.5612657821404604,0.41857035245410906,0.607234966684803,-0.03064271036894056,0.7565801339723423,0.3436830550449358,0.16095199264937313,0.5482867629820352,0.6512582525743956,-0.4146605266000127,0.05196800038360804,-0.6437979968298312,-0.15048357675053756,0.512301990766772,0.45008065935834457,0.8109819602364751,-0.1594285917552751,0.2237907153876627,0.3177280688319301,0.3475360894820619,0.020775208026788963,-0.149158358876549
Vermis_6,-0.5255857580125676,1.0,0.3397810646879265,0.5160931316603313,-0.4354471434652627,-0.048031361647171804,0.19193794599345507,-0.24949765937734228,-0.21087201686924362,0.36261953595649216,-0.1368259155665904,0.11248107767489013,0.10201567127497763,-0.5099316222959944,0.07112445919808848,-0.08259467325650019,-0.21574221145525388,0.03591987153914871,0.5465833525687741,-0.34090028991996035,0.045770956472486544,-0.027546195231569405,0.05894484831666947,-0.4729203688967975,-0.4730222933941838,0.03660161903558685,0.4374517988116997,-0.2509991861033037,-0.012254945610118204,-0.2868073713199646,-0.22865523556056858,-0.027245840666674515,-0.38946812247671264,-0.27145640439687085,0.04271336809921095,-0.2296007792715134,-0.16472904666371155,0.655265341128504,-0.11681279432251133,0.5337724684780926,0.47341914216332365,-0.3019465668636602,-0.14908387528141268,-0.5357414263456155,0.22307038011715385,-0.1952205185648622,0.10529522615955006,0.14201928499965152,0.0350582373626288,0.08955294879167079
Vermis_7,-0.12596828508968166,0.3397810646879265,1.0,0.18232397606493064,-0.14016457136008995,0.01984203428554812,0.13689539854852503,-0.10343287857706145,0.06075219649603851,0.08520202805298467,-0.009536906581697261,0.12606036665848647,-0.06924386519209415,-0.1496969581905902,0.01818098998416524,-0.036077985738445416,-0.013436316545975033,-0.017194715034507164,0.22466932407375387,-0.2006298591898135,0.11972905142559821,0.04156480086724358,-0.11218221600304834,0.03067780404024311,-0.13782412132358152,0.061190171714047344,0.23528444511512536,-0.09939660649750336,0.0031201701139037417,0.08575747445045771,-0.02640760880347761,-0.14209071366420375,-0.05028788352925044,0.0044553483555334296,0.042568794563860805,0.04588346326052722,0.06700316560804995,0.2490810288922336,-0.030563780796642525,0.2603498932073246,0.2267994905335238,-0.035152061552701314,0.11442181006165186,-0.11026824869790604,-0.0317803189138797,0.22748842586200355,-0.026849396810420728,0.022344182440969928,-0.09217770602995042,0.011419338946181024
Cerebellum_6_L,-0.23748669735777225,0.5160931316603313,0.18232397606493064,1.0,-0.17320928707357672,0.2104932587054735,0.13637700590075166,-0.09840631129593568,-0.07835680837263974,0.21743825506049605,0.028027674973123102,-0.05354418568653902,0.3288059105688257,-0.18333706927026266,-0.007229923705198122,-0.183434876923375,-0.19862522749054856,-0.034747051777581674,0.2977755979429491,-0.2526249888292626,-0.1498203290843212,0.11771253052480277,0.3807430175707514,-0.3411815255825569,-0.3271012847006187,0.13286590356292632,0.2612758698586099,-0.09110273302248877,0.17708061077186993,-0.32815297853306785,-0.12240298885842323,-0.2103523448905379,-0.17004326655040103,-0.5374312910669563,0.007492416437505093,0.14021754660579447,0.05220964602181481,0.6319345492947835,0.42659677066975965,0.2616037388086117,0.23683192336140552,-0.09712543235275455,-0.13086950036524034,-0.235510239844272,-0.10470450387109566,0.0487059763696844,0.05285106146076775,0.2268024897380355,0.01593796103971749,0.04775484136497645
Frontal_Sup_2_R,0.8362374245124614,-0.4354471434652627,-0.14016457136008995,-0.17320928707357672,1.0,0.04194386210128084,-0.06709369494755987,0.6306190424132767,0.6257515406079591,-0.402108214720888,0.5935793220746924,-0.08351722522012468,0.41112389901160923,0.8390110256697985,0.12766362661713748,-0.05596386399063516,0.6119602703640545,0.021704376114322688,-0.2781944388021679,0.6213624658021812,0.25907009863943276,0.5563873335928339,0.3855816145815678,0.6212582108777467,0.6382849814619838,-0.04669704743091886,-0.23519574419108044,0.6919360159586718,0.6397715015289548,0.3949618546061514,0.5077555747027648,-0.0488345725073353,0.6875673873928595,0.1969948772601053,0.11130295471840407,0.5057472697757941,0.5521169106725042,-0.3174076353683348,0.11255454861633632,-0.671817520849748,-0.2486235479682972,0.400038272244014,0.40569545249038064,0.7253773187325343,-0.14586407941096008,0.15325912324258137,0.21656103587259604,0.2418137998164352,0.08492969210182648,-0.2659527154891377
OFCmed_L,0.10821203220224818,-0.048031361647171804,0.01984203428554812,0.2104932587054735,0.04194386210128084,1.0,-0.014316416288916766,0.0716271990679033,0.043033700779373095,0.11735209811162563,0.18981360810077136,0.16188904959511488,0.1907462025140041,0.13678236092615662,-0.044331666691328785,-0.048847322313619816,-0.06274683311870348,0.18125380332644186,0.27580256403612713,-0.12600770088575242,0.026487099314066627,0.16001809474195056,0.2262890954673906,0.04139965665787276,-0.02594718503532624,0.08378189379002912,0.16351796605522692,0.1405276950852534,0.1623560444028575,-0.007521665452371916,0.19186174811191717,0.060770993203289464,-0.04208651348490024,-0.02737713370718935,0.08207279682864378,0.142237737068697,-0.03083055323939053,0.12781381245278378,0.06121957295713045,-0.047142418281118835,0.13224356326092657,-0.07370670988207544,-0.10684830087833744,0.0589881173201257,0.031096033004998608,0.1816957803450285,0.07631736673742692,0.15257073812913755,0.08693850232599916,0.1998124324033484
Thal_LGN_L,-0.0572141234097234,0.19193794599345507,0.13689539854852503,0.13637700590075166,-0.06709369494755987,-0.014316416288916766,1.0,-0.28541995542302095,0.1843730593685725,0.45359340334126064,0.22899116390051105,0.1547209193622055,-0.152345924491787,-0.32396376814738104,-0.057466805756978545,0.06164352529325756,-0.02421036511843059,-0.0020497039764590733,0.29312147206557476,-0.329542242531744,0.4823567820171042,0.38165641845590575,0.178853364955972,0.0726237471292038,-0.41832849046376064,0.10529682125808525,0.3685291915798415,0.27243694478648617,0.3416436146070535,0.03364620008263082,0.4292967232485794,-0.042156604329832044,-0.11729790565855083,-0.07074467436354487,0.48422702248590493,0.10597412979310034,0.02474411818089751,0.2897938776309896,-0.11975695790395818,0.2851080280279933,0.4535762559525134,-0.08407094860464243,-0.024347835486192244,-0.3225968954405785,0.12599956172306379,0.13968803167349642,-0.19638470727373813,0.47221108642615045,0.19184802844939725,-0.07076908204447713
Cerebellum_4_5_R,0.719573421075722,-0.24949765937734228,-0.10343287857706145,-0.09840631129593568,0.6306190424132767,0.0716271990679033,-0.28541995542302095,1.0,0.3585915124294529,-0.511669891644735,0.353439805666354,0.08134862033389888,0.7655070707783513,0.8076274689176753,-0.025117680824079038,-0.11587351284648431,0.32800798365699857,-0.09984022175344881,-0.24204893838537211,0.5716199478497984,-0.09212271883196177,0.3514269732172295,0.4037368969473734,0.3981159149505919,0.823990057351193,0.20887293429878473,-0.04316450880831244,0.5129860896882793,0.36347039560196626,0.3415258832886263,0.22446274890382603,0.1720756386959744,0.43519282836387263,0.2805281807395353,-0.040855106411373944,0.395647827379921,0.4966210108336132,-0.19341838746089146,0.16214439988861834,-0.5429118753508322,-0.12895617619050304,0.1895011644908804,0.2462552450682522,0.8273864427577854,0.021090817577571867,0.013670433073740273,0.6968324012138765,0.213964769021302,0.0858872637191478,-0.19238446983709057
Insula_L,0.6419815598206118,-0.21087201686924362,0.06075219649603851,-0.07835680837263974,0.6257515406079591,0.043033700779373095,0.1843730593685725,0.3585915124294529,1.0,-0.16463777097511342,0.7334822942312802,-0.06605062218089663,0.19288125502626793,0.42746215819619243,0.13639136683474112,0.08585097474288955,0.6795337239235463,-0.13532279797999994,-0.12218646640758064,0.38760974732081954,0.5316481786074071,0.6829364060270099,0.5711817486058278,0.5657188658675433,0.3171170783246549,-0.033088777342557864,0.18459389934777215,0.6908788497551095,0.7385966382514569,0.35737509432672326,0.6282115205097343,-0.30722748399864935,0.7788306338428684,0.018896885054392482,0.41853233411044194,0.42749434854962776,0.44547651140504957,-0.03239332024358389,0.07319381248661513,-0.22013051873466366,0.2442258213241823,0.6644068209897218,0.32587320710167655,0.4715830679273175,-0.051583994936612976,0.07536956743226442,-0.003917805449075419,0.547234829060961,0.08124380645082485,-0.010813212659345576
OFClat_R,-0.3614622637012243,0.36261953595649216,0.08520202805298467,0.21743825506049605,-0.402108214720888,0.11735209811162563,0.45359340334126064,-0.511669891644735,-0.16463777097511342,1.0,-0.0734240608997156,0.09474875620086666,-0.31029432368493987,-0.48923821486779184,0.1285074948515903,0.06818754000130038,-0.2634260487028425,0.055789848522914375,0.3227011859813359,-0.4535253917088003,0.23371841325012152,-0.019545100705865515,-0.020282934933790776,-0.16277407779217035,-0.5182201746647437,-0.10958271993594551,0.22054866827415923,-0.03690191698126187,-0.09905970530876484,-0.15989487172342523,0.12636385730589608,-0.11836892846363842,-0.354131485906519,-0.11602577066351596,0.2597182860726924,-0.1578072799262468,-0.246266863164716,0.18857945090726344,-0.18794115119865812,0.2959507851963501,0.3023134514026365,-0.23441445096489127,0.0033189369865622375,-0.5159371788884254,0.15884484308451008,0.08065118030061902,-0.3056624918401837,0.19039318830862037,-0.06650625972020877,0.21427249504762644
Cingulate_Mid_R,0.6230107212161062,-0.1368259155665904,-0.009536906581697261,0.028027674973123102,0.5935793220746924,0.18981360810077136,0.22899116390051105,0.353439805666354,0.7334822942312802,-0.0734240608997156,1.0,0.08216007652821225,0.3574630877670185,0.37867630006000663,0.14859658204519124,-0.008653555981073313,0.5900737699029813,0.10025040475741055,-0.03879080488002247,0.22850116968749978,0.5512020909702792,0.8285168500229896,0.5904721902166669,0.5316559708474597,0.21252323830543904,0.06896259683643727,0.4402652307868063,0.726176175580966,0.8273281799683823,0.36278966878072877,0.6662850440750292,-0.22637340625961835,0.63649380220487,0.0996908583254473,0.4130969819742428,0.46605440711870005,0.5053326478622123,0.0747182428327581,0.08663672348966742,-0.17717510097683864,0.46475573744291715,0.4885910340555857,0.32285141814953355,0.3851302966208216,0.0451998735706473,0.04170400887076787,0.2818142482095221,0.6821867629052116,0.17087601865800678,-0.016904075089355302
Amygdala_R,-0.0723418436871386,0.11248107767489013,0.12606036665848647,-0.05354418568653902,-0.08351722522012468,0.16188904959511488,0.1547209193622055,0.08134862033389888,-0.06605062218089663,0.09474875620086666,0.08216007652821225,1.0,0.13307709910734616,-0.11397209938592463,-0.2933725118955335,-0.04616052769492793,-0.011123776487778245,0.2629281288810651,0.2197296121863449,-0.03658206489968313,0.14076282723502745,0.14102174010679258,0.04681339032538105,0.003102196877261774,0.009360355496638871,0.3407841690204422,0.2966290335227393,0.16894287935963925,0.08096771425901449,0.2505863429578687,0.15887662507617228,0.3392804670948623,-0.0934637933974183,0.022776020181062225,0.0904728379704027,-0.00569389180382919,-0.14837279766505648,0.03078706022944046,0.024403457718561544,0.03277597006124417,0.22435001073969627,-0.10584426077033975,-0.059500685856182144,-0.04356774597713875,0.33677373552714396,0.14246179041109175,0.3327517725078019,0.1539242199509198,0.10913774172829692,-0.08389570671692034
Fusiform_R,0.4343010569131146,0.10201567127497763,-0.06924386519209415,0.3288059105688257,0.41112389901160923,0.1907462025140041,-0.152345924491787,0.7655070707783513,0.19288125502626793,-0.31029432368493987,0.3574630877670185,0.13307709910734616,1.0,0.5152918749050022,0.03379488460099704,-0.15658414456064743,0.18639576212096762,-0.0403121603362428,-0.04084293140559572,0.368324936627953,-0.18705391376571706,0.42465268921918076,0.6303680963100904,0.05538475388583777,0.4776225081778035,0.4035814104068114,0.23788785555485512,0.38807089794110533,0.466245488587426,-0.019284931877301566,0.10430230298051098,0.2166287593196532,0.24874447700732566,-0.007451349411760463,-0.008364638088114874,0.3560943532662472,0.37664825896240745,0.1826941383849176,0.2850270836946346,-0.2817219284944433,0.14499938558461836,0.11840249828447665,0.1392689542830594,0.5024542610006669,0.15879378864087232,-0.07001173025643376,0.6887509993578981,0.3501205328147452,0.06993511907796372,-0.20800665435181928
Rolandic_Oper_R,0.8510545199472566,-0.5099316222959944,-0.1496969581905902,-0.18333706927026266,0.8390110256697985,0.13678236092615662,-0.32396376814738104,0.8076274689176753,0.42746215819619243,-0.48923821486779184,0.37867630006000663,-0.11397209938592463,0.5152918749050022,1.0,0.15288585561209758,-0.09178478684525905,0.39309765001686464,-0.031669921831846616,-0.41826229521022373,0.6729945352524436,-0.07473592710617259,0.30872718086785406,0.3011945349558149,0.5840498243570025,0.8208588966190471,-0.014914131351509709,-0.35598106902582316,0.5377667796014441,0.35165106841105254,0.2920814715667132,0.30099472466282384,0.03232451160636727,0.5982359541383021,0.26394461252395673,-0.10033535989379305,0.4795260411442936,0.5309802616437557,-0.45231539944736265,0.14281900243511697,-0.7542373457248203,-0.4103773537583385,0.3469252621418242,0.42395031548243456,0.8864546316166506,-0.16164229813423617,0.1948970209780821,0.3798960115861647,0.08340156909737548,0.03624947686574078,-0.1817371067330718
Vermis_8,0.188339477429984,0.07112445919808848,0.01818098998416524,-0.007229923705198122,0.12766362661713748,-0.044331666691328785,-0.057466805756978545,-0.025117680824079038,0.13639136683474112,0.1285074948515903,0.14859658204519124,-0.2933725118955335,0.03379488460099704,0.15288585561209758,1.0,0.0651089832263806,0.11889574824543399,-0.057233968422776525,-0.2628746502250023,0.1809208348286744,-0.023294939359104292,0.10550630690919513,0.15191843520484974,0.19883348137447537,0.11119858673076072,-0.1402964457870221,-0.00945849264217447,0.18991044193500511,0.11068866652658224,0.0005737941589449112,0.08042066570149023,-0.018356912861328796,0.21820076763240093,0.14752394761214266,0.10751694786361576,0.10401021657270475,0.16149680217834894,-0.05906623779142883,-0.35842620661517105,-0.08019278717518274,0.0023418004006322555,0.24008827151121054,0.34750374452433125,0.15659996083146208,-0.04003642192779254,0.14112790780407794,-0.012197018783609551,0.11237646458040727,-0.06363817027997679,0.020380195435353504
OFCant_L,0.007122732302711871,-0.08259467325650019,-0.036077985738445416,-0.183434876923375,-0.05596386399063516,-0.048847322313619816,0.06164352529325756,-0.11587351284648431,0.08585097474288955,0.06818754000130038,-0.008653555981073313,-0.04616052769492793,-0.15658414456064743,-0.09178478684525905,0.0651089832263806,1.0,0.014661457583290597,0.00416722526813212,-0.11015004268013455,0.004491173455299674,0.10858930515486044,0.001129196492982743,0.03753538407958067,0.041693610874845376,-0.07564582964507084,-0.11224388499127226,-0.05824068440706544,0.03827351303220579,-0.014604066829739498,0.028455588069120543,0.04660401747840464,-0.06326320795424122,0.12877842007535562,-0.005250201571812848,0.10406982882067704,-0.04133084926234525,0.012663903294459416,-0.031008220309266043,-0.09609581976283883,0.017996712201398653,-0.02466302967015006,0.13450166133715394,0.03978119166866239,-0.03414163692824575,-0.21908329576976796,0.0876294857782141,-0.12133073188439555,0.08224229830884791,-0.06466203061005309,0.11363466045306772
Frontal_Inf_Oper_L,0.566986186554859,-0.21574221145525388,-0.013436316545975033,-0.19862522749054856,0.6119602703640545,-0.06274683311870348,-0.02421036511843059,0.32800798365699857,0.6795337239235463,-0.2634260487028425,0.5900737699029813,-0.011123776487778245,0.18639576212096762,0.39309765001686464,0.11889574824543399,0.014661457583290597,1.0,0.004725358339020982,-0.27866589679315673,0.451642357659984,0.4506621507857462,0.506665418619215,0.3342997003049713,0.5995531283464456,0.383393417627744,-0.07992069193706892,0.035178459245119274,0.5845152778773914,0.6087794981848903,0.409336841442662,0.4622508821470829,-0.10338863417339339,0.7762717533662886,0.17969340268905715,0.21187620958663508,0.29761339489743305,0.4681081143837961,-0.25738798227969534,-0.019072612177527648,-0.3807777903963654,0.02863216891364411,0.5703147630107653,0.3552239494642869,0.4461779675983315,-0.12069157849449189,-0.08317651991169063,0.15832738813873273,0.2949419283243317,-0.03882842459141279,-0.15281139468154503
N_Acc_R,-0.009994251021312841,0.03591987153914871,-0.017194715034507164,-0.034747051777581674,0.021704376114322688,0.18125380332644186,-0.0020497039764590733,-0.09984022175344881,-0.13532279797999994,0.055789848522914375,0.10025040475741055,0.2629281288810651,-0.0403121603362428,-0.031669921831846616,-0.057233968422776525,0.00416722526813212,0.004725358339020982,1.0,0.16283530913876998,-0.014882868899145474,0.14086491388270014,-0.07307780021230695,-0.1849221217194521,-0.009672161266798039,-0.09488151265758481,0.006749835451991753,0.06600727128886767,-0.06566399870615011,-0.022816417657754155,0.11581084409344358,0.017796561157363416,0.23324714003684024,-0.026617863055603826,0.07019820604130216,-0.06946025423496674,-0.0015026005490703133,-0.1284574357422833,-0.038473975928153534,-0.09326787039841726,0.026891562191247064,0.0197684887044361,-0.06988372590201675,-0.03305370918635771,-0.11328144432258977,0.049992913325255614,0.10048227864936958,0.14419287683910847,-0.15701803138233544,-0.02203935914075733,0.0700623758924562
Cerebellum_Crus1_L,-0.3735643823735707,0.5465833525687741,0.22466932407375387,0.2977755979429491,-0.2781944388021679,0.27580256403612713,0.29312147206557476,-0.24204893838537211,-0.12218646640758064,0.3227011859813359,-0.03879080488002247,0.2197296121863449,-0.04084293140559572,-0.41826229521022373,-0.2628746502250023,-0.11015004268013455,-0.27866589679315673,0.16283530913876998,1.0,-0.3370837316442147,0.1945313214301268,0.07364998532941477,-0.00889297571991314,-0.33620061879657387,-0.4488025815924087,0.11752355283224772,0.3754765478123718,-0.09727444925215259,0.04062220204805709,-0.05872905549578089,0.021465061331373155,0.010404177004506772,-0.40304914210171255,-0.21848357697571621,0.20652384221901374,-0.12091333436287385,-0.22525765333204392,0.5544327196559705,-0.12343027424566341,0.4251435709398426,0.42357226580135593,-0.3187168951890687,-0.32395927635732835,-0.4537396493541824,0.23770613558671236,0.002933946565122763,-0.019525891564228282,0.14992283001030482,0.22362384986963488,0.1569591849729898
Frontal_Inf_Orb_2_R,0.5842734584562823,-0.34090028991996035,-0.2006298591898135,-0.2526249888292626,0.6213624658021812,-0.12600770088575242,-0.329542242531744,0.5716199478497984,0.38760974732081954,-0.4535253917088003,0.22850116968749978,-0.03658206489968313,0.368324936627953,0.6729945352524436,0.1809208348286744,0.004491173455299674,0.451642357659984,-0.014882868899145474,-0.3370837316442147,1.0,-0.056644065836358774,0.18852485486005305,0.20646651069729782,0.33230632926694603,0.6545791300322414,0.05199129694168945,-0.2884751579008055,0.37138980209640465,0.2630301286045423,0.1408639858299089,0.14451723031114902,0.19412272173200007,0.5325908819894782,0.2275184574104376,-0.0780635065781307,0.17713361737165542,0.25941592374526323,-0.4374501630252859,0.07665751519175272,-0.563756969966931,-0.30608750735658474,0.3919890687120739,0.3613694217375257,0.5914246121954759,0.028576518433037598,-0.0007829094455609401,0.22125292085339054,-0.038736934430317074,0.05145032086011343,-0.12738384828212418
Heschl_L,0.21910254788681627,0.045770956472486544,0.11972905142559821,-0.1498203290843212,0.25907009863943276,0.026487099314066627,0.4823567820171042,-0.09212271883196177,0.5316481786074071,0.23371841325012152,0.5512020909702792,0.14076282723502745,-0.18705391376571706,-0.07473592710617259,-0.023294939359104292,0.10858930515486044,0.4506621507857462,0.14086491388270014,0.1945313214301268,-0.056644065836358774,1.0,0.5623981290139364,0.16537448799732804,0.4037289059894533,-0.1446089280811763,-0.1598565119496922,0.3639717160538239,0.5087124383260685,0.5661184012731569,0.448945705018121,0.6596659837016888,-0.21284605581797164,0.3242011170046199,0.1267428430221254,0.5238981518219864,0.15333566324475276,0.2246964357276209,0.10361243987531381,-0.19437941516142526,0.12961431475765112,0.4419493207829041,0.16672811995738754,0.118219272283898,-0.055831692861432566,0.03051430096169413,0.1296521249508103,-0.08856625533034482,0.46902092297651565,0.16175373218662362,0.0447488015690768
Supp_Motor_Area_L,0.5211058240135895,-0.027546195231569405,0.04156480086724358,0.11771253052480277,0.5563873335928339,0.16001809474195056,0.38165641845590575,0.3514269732172295,0.6829364060270099,-0.019545100705865515,0.8285168500229896,0.14102174010679258,0.42465268921918076,0.30872718086785406,0.10550630690919513,0.001129196492982743,0.506665418619215,-0.07307780021230695,0.07364998532941477,0.18852485486005305,0.5623981290139364,1.0,0.6916151734141502,0.4776093880160368,0.14033505122638273,0.22959566618963753,0.4924505397598745,0.7936450231356557,0.8905089453921466,0.33112459581949305,0.7219077454680112,-0.17540355810214206,0.5091554146299706,0.035250874636648395,0.5270764363803874,0.4438378752023819,0.504987992854908,0.2165944208235929,0.06198050605981477,-0.11433500874442949,0.5126194296061014,0.33922627389407195,0.27088191104709053,0.3253887754079611,0.12251977885886592,0.10763280551879555,0.27198121964875455,0.7734299021690195,0.2557128600357171,-0.19508511041688806
Thal_MDm_R,0.4566277268400641,0.05894484831666947,-0.11218221600304834,0.3807430175707514,0.3855816145815678,0.2262890954673906,0.178853364955972,0.4037368969473734,0.5711817486058278,-0.020282934933790776,0.5904721902166669,0.04681339032538105,0.6303680963100904,0.3011945349558149,0.15191843520484974,0.03753538407958067,0.3342997003049713,-0.1849221217194521,-0.00889297571991314,0.20646651069729782,0.16537448799732804,0.6916151734141502,1.0,0.24423893728387763,0.14524131600512186,0.2322727369152948,0.3460236271033684,0.6224266514056915,0.7084454527365307,-0.051687141741501096,0.4856894336883726,-0.18052772172034706,0.46757909783717383,-0.21824385573575017,0.29387043588690914,0.4491650400207246,0.410651551888499,0.2788077237201136,0.31084967792852675,-0.16391265814545478,0.38260458625640165,0.4489009588269501,0.14670667359935397,0.30528532045853174,0.07436008752879467,-0.00022671538232804571,0.22184050548850479,0.7265399665483994,0.045211158343792586,-0.07904130825184263
Thal_PuI_L,0.7571898594363115,-0.4729203688967975,0.03067780404024311,-0.3411815255825569,0.6212582108777467,0.04139965665787276,0.0726237471292038,0.3981159149505919,0.5657188658675433,-0.16277407779217035,0.5316559708474597,0.003102196877261774,0.05538475388583777,0.5840498243570025,0.19883348137447537,0.041693610874845376,0.5995531283464456,-0.009672161266798039,-0.33620061879657387,0.33230632926694603,0.4037289059894533,0.4776093880160368,0.24423893728387763,1.0,0.45680064584320984,-0.10505006019299239,-0.12331698028911049,0.6771311450132118,0.43911052293413083,0.5132248004287885,0.6570063820941431,-0.08292195708758392,0.6904874373895227,0.33026008804565754,0.27397091434749005,0.48707156577306066,0.6149745934199855,-0.45859784943782467,-0.13188921780227297,-0.46116447054955245,-0.10696501468128548,0.4865573228527355,0.45347031939242943,0.5898530020277257,-0.22796382788162473,0.35827384719056693,0.15903817861916353,0.32753648399965285,0.031375845399426075,-0.11542029901716105
Raphe_M,0.6783694009696026,-0.4730222933941838,-0.13782412132358152,-0.3271012847006187,0.6382849814619838,-0.02594718503532624,-0.41832849046376064,0.823990057351193,0.3171170783246549,-0.5182201746647437,0.21252323830543904,0.009360355496638871,0.4776225081778035,0.8208588966190471,0.11119858673076072,-0.07564582964507084,0.383393417627744,-0.09488151265758481,-0.4488025815924087,0.6545791300322414,-0.1446089280811763,0.14033505122638273,0.14524131600512186,0.45680064584320984,1.0,0.11643063161778398,-0.27903548787429794,0.40146642739787064,0.15382916946157973,0.4247539944495135,0.1181956225692281,0.18309071088160112,0.47464597856794505,0.3142399666476671,-0.1364276514188607,0.31137174087544106,0.3446639861373052,-0.48227411790130614,0.14929543116784982,-0.6891712006331505,-0.37945306996209704,0.249885601418061,0.24864412835360952,0.907307569207801,-0.047165404317568306,0.07602966065232163,0.4555417092129282,-0.05191045834659301,0.002662815437101147,-0.1424645414054231
Temporal_Pole_Sup_R,-0.01594395899386237,0.03660161903558685,0.061190171714047344,0.13286590356292632,-0.04669704743091886,0.08378189379002912,0.10529682125808525,0.20887293429878473,-0.033088777342557864,-0.10958271993594551,0.06896259683643727,0.3407841690204422,0.4035814104068114,-0.014914131351509709,-0.1402964457870221,-0.11224388499127226,-0.07992069193706892,0.006749835451991753,0.11752355283224772,0.05199129694168945,-0.1598565119496922,0.22959566618963753,0.2322727369152948,-0.10505006019299239,0.11643063161778398,1.0,0.28263113954128627,0.1072933985742954,0.09587356603406363,0.10170141937819097,-0.014569850179161249,0.4212126692570607,-0.10689646885786236,-0.03512109350827192,0.05878291070973917,0.08895565269205856,-0.0766260040921176,0.1187279123873259,0.1772504540408064,-0.02335733615038463,0.2251001063720711,-0.03934253027049647,-0.1774738661499883,0.11538419776970696,0.34385790327448806,0.013351915374301821,0.3146303999165785,0.140562291628369,0.08457509918683198,-0.21631011620451315
Precuneus_L,-0.14651875834320943,0.4374517988116997,0.23528444511512536,0.2612758698586099,-0.23519574419108044,0.16351796605522692,0.3685291915798415,-0.04316450880831244,0.18459389934777215,0.22054866827415923,0.4402652307868063,0.2966290335227393,0.23788785555485512,-0.35598106902582316,-0.00945849264217447,-0.05824068440706544,0.035178459245119274,0.06600727128886767,0.3754765478123718,-0.2884751579008055,0.3639717160538239,0.4924505397598745,0.3460236271033684,-0.12331698028911049,-0.27903548787429794,0.28263113954128627,1.0,0.2464359119519795,0.40710483149723165,0.1410146045190406,0.2428195296713021,-0.10827419213659954,-0.05806672413030549,-0.11790659994582926,0.4645673024773033,0.03275947561980586,0.046137199908562805,0.6211258669625747,0.023187203518046446,0.5656950368768164,0.9341244235500229,-0.007835393682467214,-0.08353520936896934,-0.20452141936683985,0.34846385109432326,-0.12252699693034974,0.3440375755517598,0.5807897945334756,0.15694190222013188,0.12598527116613453
Thal_VL_L,0.7560880782966625,-0.2509991861033037,-0.09939660649750336,-0.09110273302248877,0.6919360159586718,0.1405276950852534,0.27243694478648617,0.5129860896882793,0.6908788497551095,-0.03690191698126187,0.726176175580966,0.16894287935963925,0.38807089794110533,0.5377667796014441,0.18991044193500511,0.03827351303220579,0.5845152778773914,-0.06566399870615011,-0.09727444925215259,0.37138980209640465,0.5087124383260685,0.7936450231356557,0.6224266514056915,0.6771311450132118,0.40146642739787064,0.1072933985742954,0.2464359119519795,1.0,0.7658786791190799,0.5141460316794425,0.7887738954649294,-0.05398169035082453,0.6030504297759788,0.19352769298826233,0.49020898527896173,0.441467866184598,0.5547210611145281,-0.08588874387203088,0.007997155101507144,-0.40148766433720084,0.24390122962487384,0.3514992224399798,0.3654703481236227,0.547438091707055,0.057628821623995394,0.20993142344431584,0.343678272218315,0.7088252980254814,0.15784563754866296,-0.16462555959281155
Frontal_Sup_2_L,0.5612657821404604,-0.012254945610118204,0.0031201701139037417,0.17708061077186993,0.6397715015289548,0.1623560444028575,0.3416436146070535,0.36347039560196626,0.7385966382514569,-0.09905970530876484,0.8273281799683823,0.08096771425901449,0.466245488587426,0.35165106841105254,0.11068866652658224,-0.014604066829739498,0.6087794981848903,-0.022816417657754155,0.04062220204805709,0.2630301286045423,0.5661184012731569,0.8905089453921466,0.7084454527365307,0.43911052293413083,0.15382916946157973,0.09587356603406363,0.40710483149723165,0.7658786791190799,1.0,0.27317194494990643,0.6780426558252093,-0.21369382571090415,0.6275313607656111,-0.029834102728379552,0.4851582172950004,0.49695684593171896,0.5568235109085703,0.24638436546772194,0.13927287956763776,-0.135794715501956,0.4229795531798419,0.4513227707333726,0.2737276754803728,0.31968698382448585,0.03329480167404956,0.07899504467009195,0.22380967289899528,0.7038312932069087,0.20686139239890647,-0.13762258190003854
Temporal_Mid_L,0.41857035245410906,-0.2868073713199646,0.08575747445045771,-0.32815297853306785,0.3949618546061514,-0.007521665452371916,0.03364620008263082,0.3415258832886263,0.35737509432672326,-0.15989487172342523,0.36278966878072877,0.2505863429578687,-0.019284931877301566,0.2920814715667132,0.0005737941589449112,0.028455588069120543,0.409336841442662,0.11581084409344358,-0.05872905549578089,0.1408639858299089,0.448945705018121,0.33112459581949305,-0.051687141741501096,0.5132248004287885,0.4247539944495135,0.10170141937819097,0.1410146045190406,0.5141460316794425,0.27317194494990643,1.0,0.43029507962049923,0.03526538020176945,0.3285970199071582,0.2505631939823881,0.2760193086005676,0.2251096001568312,0.29852223621781804,-0.1256017967029528,-0.08430815568843703,-0.21626416093911105,0.05551769831832363,0.09378859261096553,0.07446166577436916,0.4753585671039006,-0.04705184732548348,0.2514487518640576,0.35907076709986757,0.14090206357552368,0.16586877528743849,-0.13912474944185957
Thal_PuM_L,0.607234966684803,-0.22865523556056858,-0.02640760880347761,-0.12240298885842323,0.5077555747027648,0.19186174811191717,0.4292967232485794,0.22446274890382603,0.6282115205097343,0.12636385730589608,0.6662850440750292,0.15887662507617228,0.10430230298051098,0.30099472466282384,0.08042066570149023,0.04660401747840464,0.4622508821470829,0.017796561157363416,0.021465061331373155,0.14451723031114902,0.6596659837016888,0.7219077454680112,0.4856894336883726,0.6570063820941431,0.1181956225692281,-0.014569850179161249,0.2428195296713021,0.7887738954649294,0.6780426558252093,0.43029507962049923,1.0,-0.12168843820967883,0.5010384729715307,0.13605623540101008,0.5484909920632496,0.4964271311779205,0.5202045478723903,-0.03194919444767566,-0.06921637244734027,-0.19128509157148713,0.2934950369870985,0.32406315422212834,0.2750979537339668,0.2923690806932937,-0.01655024969849172,0.2826790797264417,0.0575734184993868,0.6123733333975611,0.1968480369070962,-0.12004580217535482
Temporal_Pole_Mid_L,-0.03064271036894056,-0.027245840666674515,-0.14209071366420375,-0.2103523448905379,-0.0488345725073353,0.060770993203289464,-0.042156604329832044,0.1720756386959744,-0.30722748399864935,-0.11836892846363842,-0.22637340625961835,0.3392804670948623,0.2166287593196532,0.03232451160636727,-0.018356912861328796,-0.06326320795424122,-0.10338863417339339,0.23324714003684024,0.010404177004506772,0.19412272173200007,-0.21284605581797164,-0.17540355810214206,-0.18052772172034706,-0.08292195708758392,0.18309071088160112,0.4212126692570607,-0.10827419213659954,-0.05398169035082453,-0.21369382571090415,0.03526538020176945,-0.12168843820967883,1.0,-0.22513037837112462,0.25415697500947626,-0.1958046690444417,-0.11330541246713798,-0.21710129955593999,-0.22354702155712833,-0.18557809413877033,-0.16899468126198766,-0.1645416863905577,-0.27711755041793584,0.037773956607150064,0.03796879611785267,0.30162631548019536,-0.007776151712859823,0.30684678514109487,-0.2409022204281796,0.0825760922423221,-0.1451119518277771
Putamen_L,0.7565801339723423,-0.38946812247671264,-0.05028788352925044,-0.17004326655040103,0.6875673873928595,-0.04208651348490024,-0.11729790565855083,0.43519282836387263,0.7788306338428684,-0.354131485906519,0.63649380220487,-0.0934637933974183,0.24874447700732566,0.5982359541383021,0.21820076763240093,0.12877842007535562,0.7762717533662886,-0.026617863055603826,-0.40304914210171255,0.5325908819894782,0.3242011170046199,0.5091554146299706,0.46757909783717383,0.6904874373895227,0.47464597856794505,-0.10689646885786236,-0.05806672413030549,0.6030504297759788,0.6275313607656111,0.3285970199071582,0.5010384729715307,-0.22513037837112462,1.0,0.1628788936773033,0.18140508618954443,0.49603546942468696,0.6417379346791627,-0.28080616180311274,0.0645290610929143,-0.4284271882952524,-0.06087723492803306,0.8415669198845195,0.48187074937101915,0.6192019011487292,-0.27715715412276426,0.11523182631701767,0.11550707414579003,0.31578653893424385,-0.006638445353568591,-0.05437445690323891
Cerebellum_Crus2_R,0.3436830550449358,-0.27145640439687085,0.0044553483555334296,-0.5374312910669563,0.1969948772601053,-0.02737713370718935,-0.07074467436354487,0.2805281807395353,0.018896885054392482,-0.11602577066351596,0.0996908583254473,0.022776020181062225,-0.007451349411760463,0.26394461252395673,0.14752394761214266,-0.005250201571812848,0.17969340268905715,0.07019820604130216,-0.21848357697571621,0.2275184574104376,0.1267428430221254,0.035250874636648395,-0.21824385573575017,0.33026008804565754,0.3142399666476671,-0.03512109350827192,-0.11790659994582926,0.19352769298826233,-0.029834102728379552,0.2505631939823881,0.13605623540101008,0.25415697500947626,0.1628788936773033,1.0,0.0012600213915343885,-0.033632246578755895,0.2177469703902084,-0.47128933819797564,-0.5476444280208956,-0.2440433127563999,-0.09509340656872792,0.013532734838399703,0.38784535966188555,0.2405434220109016,0.10021959030373302,-0.08046877820200683,0.2521760456350303,-0.07554974853104346,0.00492853493891548,-0.13833665890113012
Thal_IL_L,0.16095199264937313,0.04271336809921095,0.042568794563860805,0.007492416437505093,0.11130295471840407,0.08207279682864378,0.48422702248590493,-0.040855106411373944,0.41853233411044194,0.2597182860726924,0.4130969819742428,0.0904728379704027,-0.008364638088114874,-0.10033535989379305,0.10751694786361576,0.10406982882067704,0.21187620958663508,-0.06946025423496674,0.20652384221901374,-0.0780635065781307,0.5238981518219864,0.5270764363803874,0.29387043588690914,0.27397091434749005,-0.1364276514188607,0.05878291070973917,0.4645673024773033,0.49020898527896173,0.4851582172950004,0.2760193086005676,0.5484909920632496,-0.1958046690444417,0.18140508618954443,0.0012600213915343885,1.0,0.186538679701976,0.265324527505513,0.30410769792329434,-0.10626175052650244,0.22284804637345457,0.49723510174721347,0.14731414366897239,0.013081116740738283,-0.0441281611178281,0.1435353522704102,0.10219436535152424,-0.03295968503277586,0.5331752319533666,0.2035694635852732,-0.02414037341335313
Thal_MGN_R,0.5482867629820352,-0.2296007792715134,0.04588346326052722,0.14021754660579447,0.5057472697757941,0.142237737068697,0.10597412979310034,0.395647827379921,0.42749434854962776,-0.1578072799262468,0.46605440711870005,-0.00569389180382919,0.3560943532662472,0.4795260411442936,0.10401021657270475,-0.04133084926234525,0.29761339489743305,-0.0015026005490703133,-0.12091333436287385,0.17713361737165542,0.15333566324475276,0.4438378752023819,0.4491650400207246,0.48707156577306066,0.31137174087544106,0.08895565269205856,0.03275947561980586,0.441467866184598,0.49695684593171896,0.2251096001568312,0.4964271311779205,-0.11330541246713798,0.49603546942468696,-0.033632246578755895,0.186538679701976,1.0,0.5972770627274125,0.0075991317036719986,0.2469306068625478,-0.2692624959057404,0.011234493170961974,0.4431217624425627,0.2531515190558671,0.49431324444254554,-0.19524343962895757,0.24118159132035047,0.146614003091312,0.2830252364439165,0.09076210867667957,-0.18249989052874213
Thal_IL_R,0.6512582525743956,-0.16472904666371155,0.06700316560804995,0.05220964602181481,0.5521169106725042,-0.03083055323939053,0.02474411818089751,0.4966210108336132,0.44547651140504957,-0.246266863164716,0.5053326478622123,-0.14837279766505648,0.37664825896240745,0.5309802616437557,0.16149680217834894,0.012663903294459416,0.4681081143837961,-0.1284574357422833,-0.22525765333204392,0.25941592374526323,0.2246964357276209,0.504987992854908,0.410651551888499,0.6149745934199855,0.3446639861373052,-0.0766260040921176,0.046137199908562805,0.5547210611145281,0.5568235109085703,0.29852223621781804,0.5202045478723903,-0.21710129955593999,0.6417379346791627,0.2177469703902084,0.265324527505513,0.5972770627274125,1.0,-0.008747980986155477,0.03461113810932207,-0.26513316560572825,0.023490247626535517,0.44366047130945047,0.397720027107733,0.4976248459359942,-0.20571549570236705,0.20047865070656723,0.33855002968894304,0.37497367273242216,0.11053246806746443,-0.23317869895035287
Lingual_L,-0.4146605266000127,0.655265341128504,0.2490810288922336,0.6319345492947835,-0.3174076353683348,0.12781381245278378,0.2897938776309896,-0.19341838746089146,-0.03239332024358389,0.18857945090726344,0.0747182428327581,0.03078706022944046,0.1826941383849176,-0.45231539944736265,-0.05906623779142883,-0.031008220309266043,-0.25738798227969534,-0.038473975928153534,0.5544327196559705,-0.4374501630252859,0.10361243987531381,0.2165944208235929,0.2788077237201136,-0.45859784943782467,-0.48227411790130614,0.1187279123873259,0.6211258669625747,-0.08588874387203088,0.24638436546772194,-0.1256017967029528,-0.03194919444767566,-0.22354702155712833,-0.28080616180311274,-0.47128933819797564,0.30410769792329434,0.0075991317036719986,-0.008747980986155477,1.0,0.21544203268366924,0.592390492537229,0.5869383931705526,-0.2066176870924558,-0.31550987531631447,-0.4236481794337946,0.10884737179290692,-0.08214659928902894,0.08782853576129625,0.3451325549798929,0.11168974430378865,0.05377050169362742
Cerebellum_8_L,0.05196800038360804,-0.11681279432251133,-0.030563780796642525,0.42659677066975965,0.11255454861633632,0.06121957295713045,-0.11975695790395818,0.16214439988861834,0.07319381248661513,-0.18794115119865812,0.08663672348966742,0.024403457718561544,0.2850270836946346,0.14281900243511697,-0.35842620661517105,-0.09609581976283883,-0.019072612177527648,-0.09326787039841726,-0.12343027424566341,0.07665751519175272,-0.19437941516142526,0.06198050605981477,0.31084967792852675,-0.13188921780227297,0.14929543116784982,0.1772504540408064,0.023187203518046446,0.007997155101507144,0.13927287956763776,-0.08430815568843703,-0.06921637244734027,-0.18557809413877033,0.0645290610929143,-0.5476444280208956,-0.10626175052650244,0.2469306068625478,0.03461113810932207,0.21544203268366924,1.0,-0.10041236434279581,-0.05201704349830629,0.06692693766760709,-0.16264059823030805,0.1779471135449937,-0.09218701313213146,0.005141980274842666,0.03544398837918377,0.08564969202284832,-0.1324075691618423,0.0084825611354699
