,Parietal_Inf_R,Frontal_Sup_Medial_L,Thal_MDm_R,Frontal_Med_Orb_L,Paracentral_Lobule_L,ParaHippocampal_L,Frontal_Med_Orb_R,Cuneus_L,Vermis_4_5,Thal_VA_L,Vermis_6,Thal_PuA_R,Frontal_Sup_2_L,Thal_MDl_R,Vermis_10,VTA_L,N_Acc_R,Rectus_L,OFCpost_R,Cingulate_Post_R,Hippocampus_L,Occipital_Mid_R,Vermis_8,Cuneus_R,Thal_PuI_L,Lingual_R,OFCant_R,Temporal_Mid_L,SN_pc_L,Pallidum_R,ACC_sup_L,Rectus_R,Fusiform_L,Thal_IL_R,Frontal_Inf_Tri_R,Angular_R,SupraMarginal_R,Vermis_1_2,Calcarine_R,Heschl_L,Thal_PuL_R,Thal_VA_R,Red_N_L,Postcentral_R,Thal_PuM_L,Thal_PuL_L,Thal_VPL_L,Frontal_Inf_Tri_L,Pallidum_L,Frontal_Sup_2_R,Cerebellum_Crus1_L,Supp_Motor_Area_R,Hippocampus_R,SN_pr_R,Vermis_7,Thal_LGN_L,Precuneus_R,Cingulate_Mid_L,Cerebellum_Crus2_R,Rolandic_Oper_R,Cerebellum_3_R,Cerebellum_8_R,Cerebellum_10_R,Thal_MDm_L,Thal_IL_L,Temporal_Pole_Sup_R,Frontal_Mid_2_L,Vermis_9,LC_R,LC_L,Temporal_Sup_L,ACC_sup_R,Temporal_Pole_Mid_R,Cerebellum_6_R,Precentral_L,Cerebellum_9_R,Thal_LGN_R,Precuneus_L,Lingual_L,Cerebellum_3_L,Parietal_Sup_R,Parietal_Sup_L,Heschl_R,OFClat_L,Temporal_Mid_R,Putamen_R,Calcarine_L,Occipital_Sup_R,Postcentral_L,ACC_pre_R,SN_pc_R,OFCmed_R,Occipital_Inf_R,N_Acc_L,Cerebellum_8_L,Temporal_Pole_Mid_L,SupraMarginal_L,Cerebellum_7b_R,Cerebellum_Crus1_R,SN_pr_L,Frontal_Inf_Orb_2_L,Parietal_Inf_L,Cerebellum_7b_L,Supp_Motor_Area_L,Frontal_Inf_Oper_L,Thal_LP_R,Amygdala_R,Angular_L,Fusiform_R,Frontal_Sup_Medial_R,Cerebellum_Crus2_L,Thal_AV_R,OFCpost_L,Thal_LP_L,Caudate_L
Parietal_Inf_R,1.0,0.346527574473541,0.5458409834899226,0.08803367452854238,0.7606340769934765,0.5763189989859901,0.10119499634553025,0.6954531827525579,0.5474183277142777,-0.0603415387220036,0.48809828464538935,0.3268743395693861,0.43037413749371684,0.3105161814002746,0.21018819288711085,0.3930164235923999,-0.22020260817153559,-0.1585403476931215,-0.016090601990227275,0.37396158232346327,0.5679066206117327,0.6594260928864909,0.26519862379471415,0.6726513718148082,0.3983013740869555,0.5884512024529212,-0.0686432919741279,0.5102667928872129,0.4867168470507715,0.13939451034102632,0.09077517714568588,-0.17856120057489408,0.5912496812215765,0.18623471765394276,0.02810702466008591,0.80082611277385,0.8118720065253827,0.5550254274573858,0.48237528096874627,0.4539579803494622,0.05161295160764294,-0.012827791947918745,0.47564275659398275,0.8679042811250545,0.5191003697824157,0.4022618080090568,0.05724395684171042,0.36118662197447604,0.11748902477280783,0.3453572344956534,0.2793120504550559,0.7713510399730683,0.6891223401357782,0.3597813643950249,0.3955349102132956,-0.0637531364984638,0.7263072236805066,0.71463862644967,0.16229827205469616,0.5505844589948585,0.7049965515108729,0.34304470396968745,0.5379560231751603,0.5403348302994815,0.14543366507024094,-0.08061484599195146,0.45239645455188626,0.031523566324584494,0.1804086230532164,0.10994358362521443,0.5590047911539768,0.00132403769260068,-0.007000196380632409,0.44067713952707666,0.7973888104066676,0.3528426712928872,0.3730530571179082,0.7549735842792251,0.5060648813562623,0.5621300468119305,0.7749954047663621,0.5711272459608048,0.581721732466832,0.21590101457478753,0.5302881288421863,0.052796575922007094,0.5827570857260529,0.7001198618279827,0.6958252674541816,0.09159515019739355,0.35068382065197545,-0.03141464169936217,0.29497708825139674,0.029813476330038512,0.2569464692308909,-0.1546620246076882,0.7553966981692058,0.12200438840051887,0.17625110442781683,0.438132520583419,0.18009556442563066,0.8137641684504309,0.18773044857374896,0.6022466530181864,0.4242995467565346,-0.014482800618148833,0.056590780078552436,0.729798946544623,0.5878496916416629,0.4003366210796003,0.15884438648902205,-0.05047961649685699,0.08326931761758355,-0.05492005002875268,0.056682623036054265
Frontal_Sup_Medial_L,0.346527574473541,1.0,0.20026308787946973,0.3935418807359699,0.5413703411590417,0.2754536196929893,0.13206229556843113,0.08973962974218501,0.5095422984148298,0.3635364549732449,0.24759798124544696,0.12484597931392395,0.6244985503506628,0.528953820841915,0.2524247787589527,0.09497444535465352,0.04040635157380882,-0.12791995185497304,0.35251441036419645,0.38542812911700597,0.4777901780631877,0.049033832894769265,0.13377591057039898,0.1568495120448008,0.3217179950794446,0.2976974959109664,0.07272393355011798,0.2525149870082026,0.2998881432152817,0.2890846355977534,0.6481841006206589,0.0149486339720116,0.343341853076378,0.30916155593632483,0.28176036859502007,0.13485133091967008,0.38626730592495756,0.07390553656650688,0.20046152450603882,0.31407049137107285,0.47545110836340804,0.1516182871322134,0.4240164336983488,0.44128804404868316,0.132110397594354,0.38673228941647997,0.4728073911140724,0.317792896619446,0.4205172564325943,0.766039454260948,0.02282373226950367,0.5375332305708513,0.5505849917680419,0.12332933944137248,0.14851114946817737,0.4408183485057715,0.44417358075590113,0.5467136904705343,-0.06626979277900073,0.4254145293714318,0.4779195403872995,0.22499717586780119,0.49659295317338764,0.3826921319247604,0.2386500403383792,0.1359735592753926,0.4171885114937345,0.16117579806963633,0.45468104448092617,0.2810329916591025,0.49431633650948126,0.5640514688180185,-0.01748121088805511,0.24593999216714185,0.47238358690129834,0.20307069001206157,0.25204410706702157,0.21224313599833608,0.2536434303051959,0.2206933972724834,0.0672136940753135,0.04574952426259998,0.4573603897400752,0.176708560178932,0.21086852899388925,0.18990404470990835,0.3177749425327046,0.08626692619858815,0.591203359640226,0.4965319538719835,0.45942298023676714,0.22769380190188018,-0.020048640157075182,0.18316196138576196,0.07223983957828328,0.0941545429332242,0.31978347643431704,0.18702045662464858,0.09174832465738132,0.531975985303968,0.21618157807246594,0.3279455402017238,0.22706525196381755,0.6115295280109195,0.329022149469027,0.5932116652466993,0.39483685107894617,0.08215263827098396,0.5685126473812332,0.8322730520553216,-0.0007621935512215005,0.3276027562691513,0.19558057652673563,0.40686167097884857,0.016143492232081405
Thal_MDm_R,0.5458409834899226,0.20026308787946973,1.0,-0.06936710546973092,0.4551216738681988,0.5610105186397805,0.3266357545331339,0.7254974103349237,0.5586621534242665,-0.35686138469790596,0.5936110690490941,0.49050217680560565,0.29818073902012115,0.3765906292292408,0.09621933794909691,0.45798185919287004,-0.4699975673978234,-0.4023065600750295,-0.31459652620447837,0.43190730847730346,0.5033160055353796,0.6706675452191815,0.3830584346861015,0.7161348861435072,0.4822380668806778,0.6935573419480536,-0.20477319971256813,0.6396796708149586,0.5928937108555606,0.06667053174078,-0.1923964850064352,-0.4360722186143787,0.5968154585000434,0.24130711481839373,-0.1985148758855608,0.5714230962,0.4048442316561708,0.5208148750923383,0.5670172248759517,0.5482730550964949,0.15780456983385105,-0.42601904937465823,0.5632668470498448,0.425632702759987,0.3281349450886414,-0.012197387827582042,-0.13403377401917677,0.14153414109914386,-0.011916508284962029,0.2798848637635127,0.5046917359778191,0.4970169387850996,0.5274726093021873,0.2572256971695968,0.5623750961127497,-0.19209183586572257,0.5931472248048689,0.47678161211622044,0.15718588569940062,0.3650253908313192,0.3303687211409139,0.4570236375829066,0.5815041702264784,0.4669026386441994,0.09911499127231028,-0.31105904706893184,0.20561115585987447,0.037282661843616276,0.21390777205230802,0.09640218518670327,0.34646390940803157,-0.3188391179258786,-0.13923823668950075,0.5792602716477444,0.5730290914592966,0.41813582342061206,0.3870626982756912,0.4605132553004979,0.6183417190562246,0.6938350788189893,0.43896371083286106,0.31859188244431297,0.3590021318821509,-0.1134160487086371,0.4847162412015386,-0.31553457144184754,0.6161036685630101,0.6811714348407193,0.41504541960153035,0.057139947933845886,0.11432112798901684,0.08885470888193849,0.4348649863957705,0.013321552294819253,0.44521584342541337,-0.20428326317368262,0.6655894667784996,0.09984933502303253,0.37118285755292213,0.4933086530968828,0.06328021918500178,0.4949015596325473,0.3806807953150483,0.485224316526493,0.4674127366682305,-0.2418491464181414,-0.0679285137136997,0.6826724180598888,0.38071178514168696,0.27521663014886877,0.4068970233736129,0.09169162440091452,-0.0482594097763306,-0.13877746509038202,-0.13183465142821432
Frontal_Med_Orb_L,0.08803367452854238,0.3935418807359699,-0.06936710546973092,1.0,0.10460136623205891,0.01380870447023755,-0.17640092377067462,-0.13829653664715344,0.03473649654066804,0.32213126153319976,-0.06367874723510328,-0.11420778092338688,0.15355181835129145,0.2407929392956302,-0.10175151814935943,-0.05404567230063048,0.17476794790936243,-0.048340884336086375,0.28742409999266955,-0.12073871268643376,0.05924556570963559,-0.15057736670775929,-0.12932730049081076,-0.14348385080892356,-0.05793436242878408,-0.0324455503758592,-0.04175503152064319,-0.11932191090164712,-0.026976394308473695,0.31698077427222565,0.4278706183320348,0.051168389745540076,-0.06304458751613637,0.1056370082499024,0.3406840527297459,-0.044236651591258794,0.1053228498166537,-0.12480371163581035,-0.1548339325831881,0.0813911953161472,0.1906755180022412,0.083124977096474,0.18882482935446454,0.17178797748541577,-0.1859801070012746,-0.02758302554973907,0.21001985386397634,0.10016321184964652,0.3342633792346778,0.2904451757837597,-0.14824862034583952,0.1291080281153242,0.14421713267462416,0.05162515912047637,-0.11377891888898617,0.3163741823309051,0.04077747493949978,0.06430775371804041,-0.3149841045171093,0.11094955546290082,0.06933943061675792,0.1092996408788131,-0.017662332658610478,-0.04284659263007229,0.08639476455675524,0.16765561035859586,0.09165105006617162,-0.026079972898631752,0.23248937138684342,0.13412190264140905,0.036708922419067605,0.42357597198842656,-0.06484986440588983,-0.11461076158147065,0.043131979318455804,0.18518869893071738,0.009700935478726067,-0.042873332421744556,-0.07465813868100887,-0.08172818260142375,0.02897380677532686,0.05799309502894915,-0.04681917317306969,0.02908517244395217,-0.07650585887963868,0.22756037487475592,-0.09095603306764802,-0.1420471155907033,0.22864268549265188,0.37131752208830204,0.21312535957254772,0.056012600513334676,-0.10561498449484852,0.30752473000336633,-0.18030847411844464,0.16910382193379564,-0.04434355344013979,0.17460128705348754,-0.11523115638559313,0.199818365566212,0.3063930255901425,0.12093813069684961,-0.058551850094120415,0.10633473508395147,0.05606492146486739,0.3694198542276603,0.37468400484847525,-0.14251966887572076,0.13982293030343332,0.3492673334102483,-0.15581192736625915,0.30095674506086634,0.12144270730483563,0.2344091158167448,0.02818930387196965
Paracentral_Lobule_L,0.7606340769934765,0.5413703411590417,0.4551216738681988,0.10460136623205891,1.0,0.5120670611342258,0.02093980956116323,0.5022521129284628,0.6424222173420056,0.15138807850001396,0.4386759299249932,0.277104461274276,0.56237989611451,0.47348312838858025,0.34334678635392246,0.2251014391066944,-0.11920138180425258,-0.08414646240604756,0.15001087003667465,0.5477355489185708,0.6847690551846856,0.48939202836553225,0.23599349922982046,0.578311227204043,0.5034885344439253,0.539077402104113,0.06716087584873243,0.43102262021136073,0.5334563001406771,0.17289610417880424,0.37815285547515537,-0.11337407485789726,0.5749615578447197,0.287820529351433,0.3307141638079487,0.6127975457423559,0.8164027160180013,0.37903166639080793,0.4804285381912558,0.4522216984750184,0.31738646682896016,0.22074527845465738,0.43704320302985095,0.8466581946855489,0.5249892158805499,0.6113740824850897,0.3996257642114075,0.5476366249970621,0.19826333348139066,0.5832665998580215,0.18006196165420849,0.8208827593093966,0.7685867101449965,0.39011994189115745,0.2585001475791247,0.2350323729078682,0.7295036164208534,0.852356605203786,0.1162812938396873,0.7245742177714063,0.6781929027605048,0.33199215063541476,0.5539351625454793,0.7096403795905067,0.16988001150049156,0.16085286575581642,0.47255803286200954,0.18688579366723213,0.3081576184058154,0.28250856161595794,0.6705111162139721,0.30341770408533125,0.09214513239385574,0.41720018543038717,0.8534564542611159,0.31195744421652294,0.47370083508179317,0.7091600772340765,0.4462036550852979,0.47181108042836545,0.5435564747766765,0.4892190254611674,0.5878970659022613,0.3127728748947635,0.5362445335907169,0.2312867630227287,0.557099956757062,0.5359982293327,0.8322158104941509,0.16097116010745727,0.5482750530049463,-0.07662449081035391,0.1284771804292314,0.06371282131182267,0.18100370989955533,0.04959183701691015,0.704546944942026,0.12439127709364937,0.18344623652552056,0.5808746326204922,0.2182547169424624,0.7603285353490865,0.160169978285956,0.786233634603489,0.5686979012314863,0.24800765107786152,0.18239980179991624,0.5824858683376725,0.7173594148123458,0.4873302777593133,0.12174440310104792,0.1192058581701139,0.10019534894232028,0.13018430880894177,0.2511110731233233
ParaHippocampal_L,0.5763189989859901,0.2754536196929893,0.5610105186397805,0.01380870447023755,0.5120670611342258,1.0,-0.041053143260681324,0.6224039079626563,0.6736980752647295,-0.10247830194274221,0.6467619105806185,0.5674057388507887,0.5736311983935751,0.03806910591703716,0.35609508556741476,0.4455602588945549,-0.16113941822532749,-0.04625488062967122,-0.09398823618109126,0.4753150663317722,0.7546237140951468,0.6409779217400416,0.5929610000881061,0.5987124732804118,0.645365734327411,0.7546035366701263,-0.08101609911343542,0.6679268571351853,0.45323225260803535,0.20988018628156602,0.046795780178707835,-0.1306277582877689,0.7967395285879175,0.17114615336473687,-0.0451638863223245,0.4841832971792346,0.5588594299678943,0.4770828195605296,0.7092993120856345,0.6034952668726259,0.3755775370875467,-0.08904696839542635,0.5272832994287862,0.450490909385213,0.560252926791694,0.29643755742531774,-0.110212197483216,0.2926214120653642,0.24923055119067022,0.39734755112446807,0.5671722750335186,0.6080915028095761,0.7235338136025005,0.23934325517829638,0.6500897037261993,0.017745387465765008,0.4506157508103334,0.5780675352894743,0.17278564870219382,0.3820433696016527,0.6836100271134521,0.2721364196518406,0.6251834560994161,0.517680939548158,0.01879024001568711,-0.2088891448449661,0.3996638690066358,0.3051143913404207,0.2479927963119089,-0.012839406714193655,0.5692680694923422,-0.0322003326233321,-0.15715127564135864,0.7067590547872967,0.5857128905696962,0.2623389524964512,0.453694560638709,0.3883466365819817,0.7261228238004076,0.7395924779524282,0.2687249953115321,0.12076060592070174,0.48320104075864134,0.018255280422328768,0.6382971211340525,0.042445242170878084,0.6783912445954399,0.6968951732372459,0.36717093751104884,-0.05875361287176145,0.2772007949121441,0.19039337507594215,0.6105665186268922,0.10012072480459089,0.6235141293750952,-0.4000771032378604,0.6792782730154574,0.0892432817816532,0.5425225032301321,0.47370200322096045,0.25979523473964783,0.4094588505611541,0.4208924829321966,0.5341690645026572,0.4616499616615801,-0.05296165049392778,-0.10391511395039019,0.5511323922026815,0.5980031359052485,0.18197607650696856,0.5045075677213227,-0.0032082261296539397,0.1599225854053273,0.038294652833652604,-0.10210412983495555
Frontal_Med_Orb_R,0.10119499634553025,0.13206229556843113,0.3266357545331339,-0.17640092377067462,0.02093980956116323,-0.041053143260681324,1.0,0.25714577087853613,0.08829503592654402,-0.39320958221057195,0.09015495517908657,0.16269368631299838,-0.050727642086506236,0.13120877087090002,-0.17578704541859194,0.07216304306723373,-0.49364649969651514,-0.4911935261127722,-0.2092045285564661,0.1772104625936303,-0.043923832622607635,0.1321725689998605,-0.06158349632056481,0.2526639960134711,0.0281777975583625,0.0811041141756784,-0.17831486137847521,0.1933400395594895,0.19611666673030426,-0.39007481885958845,-0.1664633090613837,-0.415929238117395,0.047217686318261703,-0.04776159298386243,-0.35216839609857714,0.18433493035585774,-0.04749322085869967,0.13126512410650856,0.045501401504577856,0.10690050855230965,-0.017677537316624116,-0.47671476806475754,0.07791269835539126,-0.028510070582299634,0.07986055504969287,-0.11961672798157115,-0.23535234314652875,-0.22833374258082648,-0.3644032663597355,0.021567035792106226,0.058467284097376636,0.012479327124638022,-0.01599600057842919,0.05339028577545852,0.11463585611091257,-0.1824634129447339,0.251995882803712,0.014300659181601524,0.02796890581097839,0.023919223102967214,-0.07418808154016984,0.12234811775257141,0.1377872610016823,-0.013523722804055205,0.12660849804179344,-0.1587010596668848,-0.0018661739244457457,-0.25931648130715995,-0.02169501892611264,-0.11918601386512717,-0.024199139561681682,-0.24209510316192825,-0.20443941193835863,0.031075870060962598,0.06903038778094715,-0.0713624007644257,0.09465843550684794,0.17332668227310888,0.03893227102770714,0.1367399271228524,0.19064196272492648,0.12812099418229325,0.05982147292741978,-0.18365371588633225,-0.0031052055112992865,-0.6060694330281804,0.20707511824525876,0.1613407094935514,0.06739129746875419,0.16114997192292066,-0.0645429337591862,-0.047837518828746484,0.014555561774664235,-0.22866680847694595,0.12086669444275486,-0.012963351619427611,0.1468839846947542,-0.2611756493436726,-0.13196422633751553,0.08245454226233791,-0.2653341274778339,0.11599758749010781,0.21216614079281634,0.09783703463648048,-0.1212620668573922,-0.16927087752334286,-0.23397265379370197,0.22488396960621887,-0.061613928629703156,0.2311038835133296,0.011528009154459807,0.07892006372071846,-0.10147909512664391,-0.1427599146939687,-0.43785700610001554
Cuneus_L,0.6954531827525579,0.08973962974218501,0.7254974103349237,-0.13829653664715344,0.5022521129284628,0.6224039079626563,0.25714577087853613,1.0,0.6045197757511529,-0.4718606278455615,0.7268770094027354,0.48037901085286605,0.2365234016183581,0.1381545064062227,0.16118536492550764,0.536924432270431,-0.45156782911642257,-0.34659095873769136,-0.3720399249560237,0.4947254126001403,0.5060475129506299,0.8749735959561252,0.4822415101791972,0.909156582500183,0.4340424805689586,0.761532907172001,-0.2054521376167884,0.6905629049398937,0.583198015795952,-0.03274876737474573,-0.32773204161054226,-0.3946258519187431,0.6540766716486899,0.053244145058707955,-0.2825750547602891,0.7976840431007411,0.4830987710247229,0.7269240100462849,0.7195752672910138,0.5072610929996513,-0.02402457151143481,-0.3857922201467773,0.4792051213424318,0.5258001790303297,0.5645287722546106,0.15892639819881133,-0.3585894294202742,0.08058132767655155,-0.11944650346897272,0.1518301956306629,0.541303095602631,0.5805211864403884,0.5653311871140867,0.36241983406304756,0.6296836062133527,-0.4041014790744615,0.6794682807531871,0.5009005830791754,0.24341645070289517,0.4031794296967962,0.5718124791840918,0.38903243493945805,0.5849986692346119,0.3912409902742234,0.08753586785285719,-0.2971348351535852,0.21317758751106586,-0.0038922096039054823,-0.06391569752506762,-0.09859487429793809,0.38152280569975405,-0.41894660874566414,-0.2294328372039559,0.6535697455708095,0.6849065942825626,0.36216615461448043,0.4313323617121691,0.7064204576169342,0.6830221828002812,0.782856270313508,0.6505697382901565,0.4896374974591732,0.35101824680074795,-0.011964534053271038,0.7076806494199137,-0.2835533512328208,0.8015439883859319,0.9009870730993464,0.39440670238112974,-0.0057028116992271765,0.14067361376376591,-0.0585897552927889,0.5719716446632046,-0.0347811778767499,0.47873437191538926,-0.4251196973461477,0.7097300570026326,0.12773456372815115,0.4118454943869037,0.34892966164774003,0.11411351643759204,0.6224170470792965,0.383283792709719,0.48489540814151194,0.292941735209924,-0.3519495121010276,-0.22122225906463133,0.8709130653377479,0.4380167918557681,0.2213608160689936,0.3799003155086982,-0.20368265154455586,-0.11309746681491799,-0.3180374679320793,-0.1640804746348966
Vermis_4_5,0.5474183277142777,0.5095422984148298,0.5586621534242665,0.03473649654066804,0.6424222173420056,0.6736980752647295,0.08829503592654402,0.6045197757511529,1.0,0.07543647504490275,0.7137671985727144,0.3076652407373677,0.5951984215700805,0.44787668894884325,0.405639217219959,0.3929451080829172,-0.2238272306743857,-0.13327147480811624,-0.05555303631284862,0.5952435876548243,0.7124948335629834,0.5379122300008347,0.4878451827836049,0.6664925242029264,0.5160517837203354,0.8642807902826269,0.024838010753136526,0.6670464862388206,0.568710794405494,0.1821901752490055,0.16890857925059913,-0.17010732115868102,0.7720724826900235,0.31852747827204325,0.11514364555055152,0.44140487089879105,0.5510880942783077,0.39946383748643327,0.7836898701921376,0.6065427462393584,0.4280386499253046,-0.007208200698861775,0.5659454272285397,0.5607520657906675,0.34014540871935345,0.3005467896024278,0.17734388962793676,0.4477315920757373,0.15704629766442646,0.5174769926405952,0.4284981542716394,0.755523137200632,0.806876395475748,0.2173890321668527,0.5519985257232942,0.14343238103696507,0.6814893634362305,0.6143819312776513,0.10277935887793874,0.5735982325971871,0.7002790972123168,0.3880569275690871,0.6806748892795514,0.5924283009180327,0.18293365009573598,-0.09986083139796523,0.5145621137459276,0.3166560214818942,0.40616310580837844,0.16420563097843507,0.6720788128480336,0.1240578396785646,-0.08698346212028102,0.7195982468250584,0.6764132148900753,0.3723529441501866,0.6661136162627097,0.48480559167085,0.7713815874003931,0.7542171605382564,0.2506322430719476,0.1167396371510741,0.5638503818617929,0.12500169633674352,0.5689207433737505,0.06559274590394688,0.7817514226171813,0.626794875504031,0.5555921241776178,0.24833204655480096,0.3370421742978274,0.109999822688157,0.3828176526428113,0.10912764739208103,0.4643924355866937,-0.1793441881362442,0.594230231757323,0.0795804783404475,0.44717843903861465,0.5597784226415851,0.21334275146720144,0.4177866622228104,0.37229714997686547,0.6635428160369072,0.5030529341866621,0.19139858746814373,0.06688454265703431,0.44989701334472365,0.7422586051110137,0.455685324849709,0.320422822774525,0.11777394727274652,0.12317363889901402,0.10237039155273038,0.020493304681184498
Thal_VA_L,-0.0603415387220036,0.3635364549732449,-0.35686138469790596,0.32213126153319976,0.15138807850001396,-0.10247830194274221,-0.39320958221057195,-0.4718606278455615,0.07543647504490275,1.0,-0.280892628834992,-0.3954697887051117,0.30142193360695296,0.3724034696361416,0.20543490319200472,-0.23527003678829095,0.5202143035243648,0.46330777456993394,0.5378549589903198,-0.001226731140612586,0.08331418679300764,-0.4017127021316184,-0.15085428941861415,-0.3335447281940655,-0.11887548045131666,-0.15107820432538013,0.2701950944355361,-0.21376089961306802,-0.16029414461623034,0.3503669351424655,0.6383404144512467,0.49718224900313146,-0.0750794110998455,0.3673640695987588,0.607437397183974,-0.28876392654384103,0.11013081292323039,-0.4665568769166762,-0.1479790217230999,-0.009769851530203683,0.32638381078658796,0.6907823748284627,-0.05424540156025394,0.1557313025623671,-0.2578715087335672,0.21262972745286557,0.7917460138191983,0.498319770854255,0.3915566435298876,0.23249879443343485,-0.3098517063706408,0.16774938973197964,0.16662475438032032,-0.11814639342587101,-0.30195356939174134,0.6758235389631114,0.027418347457412815,0.11000283371793693,-0.1998013692610524,0.16505248362282934,0.07352051340870434,-0.07083298006679013,-0.03883509435515862,0.246232905065345,0.2747272569833562,0.4394654450812285,0.43625823586149287,0.2822885866226428,0.46346114545625117,0.33132466330028615,0.2591680252192833,0.7155687663227401,0.3687922655970045,-0.16606389899400575,0.020305384310553776,0.06469658163187984,0.0565343592420747,-0.14749572971457614,-0.17729946667204877,-0.3283939404795589,-0.26333633484221425,-0.23341018716259765,0.2500708563216155,0.35973991860408516,-0.1921396336168556,0.7462493220631494,-0.21233621231962707,-0.372527789700405,0.25009936752165873,0.20911223477988017,0.1335668285394161,0.11092448575539111,-0.38187587117462335,0.16986580294018927,-0.29196999509600263,0.43406347076851143,-0.16924247549531055,0.08474339867003446,-0.1256106346108956,0.032429676748035687,0.22004920060990846,-0.11802313609739092,-0.3139426828121669,0.10453378019998803,0.1752349898528909,0.674281520858626,0.504179229891878,-0.435557812315971,0.29062209387546706,0.16349274209173748,-0.2740489580063566,0.20631416278142437,0.44279064167061694,0.5162471586238154,0.5382861973603533
Vermis_6,0.48809828464538935,0.24759798124544696,0.5936110690490941,-0.06367874723510328,0.4386759299249932,0.6467619105806185,0.09015495517908657,0.7268770094027354,0.7137671985727144,-0.280892628834992,1.0,0.5651113972363735,0.4819015616895899,0.14869233774888965,0.4167764254093763,0.5297691607416382,-0.34946803333300835,-0.3926512480056108,-0.38480959684976873,0.4705190812189052,0.59470467727907,0.7577634208837114,0.7188974481789722,0.7545814878575985,0.6250775071755376,0.871228793458131,-0.16119812610820541,0.7787121124028229,0.7164338811268284,0.12424465636362036,-0.09166656354298586,-0.4816258741289776,0.8170480850163644,0.06623932131351873,-0.10920713618407689,0.4410899703197021,0.42042844192162476,0.7484409535071956,0.8362174360538818,0.652649950444501,0.26808234476762693,-0.3332476580334028,0.6063884767813338,0.3486567316445085,0.5548428259476436,0.08039270054268359,-0.2562954215212734,0.23485067182461897,0.14018890627687436,0.37973672826489285,0.7894181389754529,0.6109498545422175,0.6141351193396013,0.42928165201736446,0.8490189413497299,-0.07045318964152698,0.47325033580207665,0.4247070653463895,0.2923522388093497,0.5293957191351457,0.6171324844832805,0.2711822191138336,0.7014234217312696,0.3755628747114786,0.1933824253417461,-0.46484002601764973,0.2517072790893198,0.27857605920627265,0.12935345492760092,-0.13059785162967336,0.5874373540909753,-0.18245487842232128,-0.3104929692926942,0.9008355267988613,0.5111788667745846,0.2815787987539295,0.49382234532262986,0.3585964224294499,0.8813512417820923,0.8603234624070758,0.22294281466203708,0.04081631954645821,0.33740217394738004,-0.16721311535933528,0.71833670846537,-0.20128532842031452,0.8631846440511904,0.7755320335463385,0.21481114025886755,0.018616666320697167,0.1585215633003269,0.0430623991593745,0.7441634762913845,-0.026694179440486066,0.6318005354696803,-0.5495957933373506,0.6306726140815626,0.026531745804103713,0.7072551217626826,0.5612675441247421,0.21758653852755677,0.3401996514711929,0.46960117127697537,0.5033839136057684,0.466466638819089,-0.0319600195862806,-0.14918320215708916,0.5998350554911915,0.6054359065881598,0.20535757468324614,0.6351269045348513,-0.1471255986817479,-0.04259812844881814,0.0031195999439930155,-0.06546274450542226
Thal_PuA_R,0.3268743395693861,0.12484597931392395,0.49050217680560565,-0.11420778092338688,0.277104461274276,0.5674057388507887,0.16269368631299838,0.48037901085286605,0.3076652407373677,-0.3954697887051117,0.5651113972363735,1.0,0.3028825888017004,-0.15886226538066148,0.1920513331010771,0.27005996909930385,-0.33926419247769823,-0.4799111357621877,-0.3027275031607551,0.39194580011132013,0.3557242280956548,0.610495552326702,0.4084021315922872,0.5103927560538095,0.6114861727475842,0.48612408852737415,-0.3447163729192988,0.5560632599411174,0.4096919556340616,0.05833724888006474,-0.04590746747661177,-0.5089977868217803,0.5193942868320646,0.04823014442505882,-0.2973639206647025,0.4315240910589834,0.2981802256787693,0.5854809208611386,0.4934839006716084,0.26610888494632146,0.13609536746128237,-0.4924191818276727,0.2681470041572448,0.1804346933269044,0.6982759234295466,0.1848793170861415,-0.3828806676190206,-0.13225785286950348,0.30283018905430487,0.24999932986085724,0.5776389767346505,0.27704788470355207,0.2856378745803519,0.26150683662282137,0.6090180756638797,-0.1817607043492712,0.2464889134194226,0.32676454678465516,0.20904294790851588,0.19623236758086018,0.3994719068587699,0.05814787270375529,0.46548551939374366,0.39567456618422575,0.035811505772530734,-0.48091679989473873,-0.0345724349665474,-0.05238068119148247,-0.02153875540799892,-0.08224065523168857,0.2578097586995165,-0.18010700070365102,-0.2221970008551443,0.5530770672168996,0.33598288223772643,0.15995197729030106,0.19795520472736333,0.25647248225676494,0.4983999238008787,0.6214350174662115,0.20504875822053706,0.11708596993241496,0.20205767571840413,-0.47022657739284646,0.5228818331639942,-0.3322942983782921,0.611572941511925,0.5566862577557163,0.16714849917909985,-0.2564520294850295,0.121103530779177,0.14842949709421205,0.5901330242893973,-0.24629197238071693,0.41210974108497184,-0.462125828223536,0.5384220050501115,-0.05956435869159692,0.39414769167292246,0.42715605089737646,0.09972505592452774,0.29432320896196706,0.335903911467407,0.3307527957638301,0.17817021117470794,-0.07783014125571795,-0.380897751555542,0.583279723642425,0.2539494566329861,0.08704776184637238,0.4829059173840795,0.07169161262073034,-0.04136869423657822,-0.03473748604013196,-0.30301156873703955
Frontal_Sup_2_L,0.43037413749371684,0.6244985503506628,0.29818073902012115,0.15355181835129145,0.56237989611451,0.5736311983935751,-0.050727642086506236,0.2365234016183581,0.5951984215700805,0.30142193360695296,0.4819015616895899,0.3028825888017004,1.0,0.32467015433849344,0.5292376722818394,0.3335725495113172,0.04788662297463275,-0.11126794965011956,-0.02099167542926323,0.487116241534337,0.8237188725075546,0.32741525512691755,0.5453734304901952,0.3382966307225617,0.6453878261450126,0.5187569619287838,0.022516742526039944,0.5770741592263926,0.45386073887687894,0.32209549303774093,0.46036568500178193,-0.14131427107772634,0.7453767857721593,0.17842906679164394,0.31700507257177996,0.10740887092769058,0.4514587481447963,0.16461905331579668,0.5515753411115089,0.6403810871623453,0.7186889457979343,0.21223645251208492,0.621051170386971,0.36060492185420684,0.40653050983844846,0.340847147184829,0.3397397720738766,0.5952312268541091,0.37168762664617666,0.7779530905665181,0.460308659165864,0.6905779048752905,0.7381804004708582,0.3201413158561101,0.4990182869197824,0.5523903788026265,0.3537340140207171,0.5785832156991357,0.1202064783292748,0.5371935603705936,0.5682813372960969,0.11529970814397444,0.662655123499799,0.581326621556053,0.2213007455704544,-0.2200463532512763,0.6227655258404577,0.47947923463138276,0.42912239822158826,0.06749054573699512,0.7827987145203221,0.3671716609788637,0.04957166651917421,0.6003719679308163,0.5836032529846306,0.14027621738645574,0.3947105874007742,0.11955332861046523,0.6241088644293734,0.508673003755455,-0.09134849874059042,-0.21474907561909087,0.5954816668980596,0.18083407129658224,0.4837082285321834,0.2107832248962334,0.5023783053806768,0.3775623256931145,0.3979781148106009,0.10966025633049849,0.48246585539171605,0.21333937550665913,0.3585774251631136,0.12496589379934973,0.44274198622729605,-0.1171122723903435,0.5448160281109105,0.08949374975236829,0.5204715333871641,0.7011635761359997,0.18276432972998508,0.20670635390915024,0.22215293005508652,0.6963935797935333,0.6858003097468253,0.3804441972576854,0.13854118297076795,0.20611240185156954,0.739585978094702,0.35655291368071074,0.35902652062467394,0.12095449802234758,0.24418236768960183,0.42302392506797937,0.26093251073612705
Thal_MDl_R,0.3105161814002746,0.528953820841915,0.3765906292292408,0.2407929392956302,0.47348312838858025,0.03806910591703716,0.13120877087090002,0.1381545064062227,0.44787668894884325,0.3724034696361416,0.14869233774888965,-0.15886226538066148,0.32467015433849344,1.0,0.18169309828880842,0.08013453422297483,-0.15200634977516644,-0.19001233409911356,0.28682508386169986,0.2508412553820669,0.2616179030728937,0.06228862539064924,0.012173914205348276,0.25895337818817404,0.03985272486788632,0.2695049038926249,-0.08206467842093874,0.08374391888840396,0.3752493136824007,0.09642537425213617,0.38505751964086016,-0.16633501007825005,0.14713780095323276,0.44904296503053154,0.4567646234239897,0.19162097265800718,0.30428946516170197,-0.013894102740598843,0.155354018697055,0.35581095254884243,0.29162821535495276,0.11056838828629093,0.34368247772189653,0.48027128588717505,-0.13032149965824744,0.0623959574695973,0.5616053283204185,0.3995154092398821,0.10728636575198046,0.4407529603328442,-0.14536698251621324,0.45314061320276366,0.4604395193265474,0.22244216049436177,-0.08093266357719273,0.40822998068486743,0.6218923109154585,0.30359682713831015,-0.2254079485935912,0.5241720008411971,0.22413219769795925,0.25902273662561,0.18308097834598977,0.4437695179045951,0.33531605737921294,0.2689359941801977,0.39787115685770685,0.16606094290858572,0.39633051281591536,0.269722667722583,0.32009363416058084,0.34952832091486824,0.3057377780897348,0.0987515194935344,0.397259127000326,0.3456176280123925,0.3517249025746133,0.35907395876011255,0.1179761287903728,0.10424698247065957,0.26381705564516467,0.24709204938643548,0.2323674335428895,0.20644007553131077,0.10468441286549177,0.1278479201086374,0.2071136064202379,0.1492607854884874,0.6172908145589204,0.6122658124453606,0.18003508346982908,0.07334819209773527,-0.1850638594614245,0.11841415571797752,-0.18150437548927592,0.36184589048096366,0.26745502855733405,-0.06730540780110908,-0.04680458989972645,0.3955870703070949,0.10497097252034421,0.3845101021113763,-0.05952114698343989,0.404917944641033,0.3839083005912737,0.4083392296370363,0.5111291978077802,0.08438331687025122,0.5303364740489777,0.5725219890660606,-0.1848381101978704,0.30087464951144166,0.2951960603732467,0.268500356987287,0.21604515313706926
Vermis_10,0.21018819288711085,0.2524247787589527,0.09621933794909691,-0.10175151814935943,0.34334678635392246,0.35609508556741476,-0.17578704541859194,0.16118536492550764,0.405639217219959,0.20543490319200472,0.4167764254093763,0.1920513331010771,0.5292376722818394,0.18169309828880842,1.0,0.20947537784890927,0.13785632213077273,0.08992728945345382,-0.07155233624740641,0.33654051053480627,0.5037993481649146,0.32591181232806465,0.6466537775694813,0.2908432561843525,0.4626474818160984,0.3949548647431962,0.28808347905944726,0.35124541850083235,0.2800097341395055,0.2657090087790855,0.22573206670311657,-0.0334338356551005,0.5306739072918448,0.0962878939166135,0.32469170039885636,0.07520388459387302,0.2950402648848922,0.12083841634900622,0.4928263954583091,0.3953316076362035,0.4096116325830666,0.3311660436728865,0.2517306165948215,0.20035916997209163,0.3140994486041553,0.24597164954504655,0.225610735667999,0.48002617371288514,0.21938927489577484,0.4108990160727142,0.43739247422115907,0.4243448120984563,0.45991735451061705,0.246802218750892,0.41118151682112675,0.40667599004874166,0.19809119858042784,0.322984045678569,0.3109862729068864,0.3603405976258423,0.47038670546956773,0.2135766073198436,0.41319279622028743,0.4819068787759773,0.01608428086494823,-0.04657707617765519,0.3048648506801281,0.6873026643184942,0.2285580075332786,0.07419949175100403,0.5034491459464246,0.24770939798290453,0.11193930261988551,0.5575054118012097,0.36113142315370067,0.20279635698605172,0.3310696740417645,0.08892394133686021,0.46126901486978084,0.3750610040784165,-0.09692083799656777,-0.1603978131721996,0.29010573717908683,0.18839581538139313,0.5105958960952454,0.3099047153006771,0.3864005821998897,0.3325804022089872,0.18899736016055887,-0.0276834841600398,0.33505140848542725,0.1665051853521347,0.36409706960988975,0.05414605058785121,0.430529100468575,-0.2663588374360273,0.2775923446071682,0.04752831237172898,0.6297377558406846,0.3925285251236593,0.12713547899729527,0.0630248026967571,0.14458034094621872,0.4143197379677001,0.48391869101529517,0.15884757860431128,-0.010519016661973189,0.10521426116518433,0.5578812440538121,0.10426031311692067,0.3715466890420554,-0.03453261294671343,-0.05439633714583654,0.14684521217001706,0.3697419236331667
VTA_L,0.3930164235923999,0.09497444535465352,0.45798185919287004,-0.05404567230063048,0.2251014391066944,0.4455602588945549,0.07216304306723373,0.536924432270431,0.3929451080829172,-0.23527003678829095,0.5297691607416382,0.27005996909930385,0.3335725495113172,0.08013453422297483,0.20947537784890927,1.0,-0.14150925282734245,-0.23627597551745874,-0.3503252999106196,0.2894679982109465,0.4190725254166728,0.48574385185658764,0.4994117764511074,0.44535418005559213,0.3207305705903985,0.5108302927601834,-0.11110369927446473,0.5845383679307825,0.4312833513103105,0.11197910528750142,-0.21791195242922548,-0.28439295302465734,0.5708615530188597,-0.19846448095477667,-0.2405106422202063,0.3005512562112319,0.24432989613948333,0.3556709070371463,0.5007090091122972,0.4983169271066054,0.18966255644095747,-0.1608002713277368,0.4676962336647771,0.2147996467354668,0.23369096496588534,-0.08694867659486817,-0.256699823140505,0.21240906363859494,0.019941395464857348,0.14807888694269752,0.49340240512485667,0.4113215157940125,0.41640110182778706,0.15110585741698315,0.5655537701419711,-0.13497008654385337,0.28765756558111244,0.23575195689608164,0.11729288469261012,0.22910071773357282,0.3603951471240609,0.22133071256303644,0.47569565366798555,0.23177099378222193,-0.1188794422551057,-0.3873776162070921,0.2710561032486462,0.19109810982385989,0.045072629314641996,-0.2748764545821771,0.4254604773778582,-0.24843379442483657,-0.08961812492551102,0.557148022665078,0.3715343925772306,0.2420691687883239,0.33958167075878254,0.2490707442924658,0.5746284717189681,0.5822727382463596,0.21019707402965135,0.02254950476133498,0.34796755943520813,0.13500345851964426,0.3262242560923494,-0.11804875922549947,0.4444026860524405,0.5185935246513916,0.0983209324753103,-0.055355575385386865,0.2012246300336851,0.0022143635351922195,0.44439061705990984,0.1529414730763078,0.4546167132708555,-0.32762589195443614,0.4785119875831969,0.15273351288634618,0.4126379037560745,0.301704599241974,0.12019444829734172,0.1688754436302501,0.2901275327136746,0.34186463838488607,0.3339729410390952,-0.289265762317433,-0.14099102950997902,0.406945995694276,0.31082529465318787,0.06514326878583405,0.2992026098822381,-0.23648504748929322,-0.06645904196130002,-0.11123471100710047,-0.046383464578738876
N_Acc_R,-0.22020260817153559,0.04040635157380882,-0.4699975673978234,0.17476794790936243,-0.11920138180425258,-0.16113941822532749,-0.49364649969651514,-0.45156782911642257,-0.2238272306743857,0.5202143035243648,-0.34946803333300835,-0.33926419247769823,0.04788662297463275,-0.15200634977516644,0.13785632213077273,-0.14150925282734245,1.0,0.48606819120360345,0.27667788937007315,-0.21997032323525612,-0.026079116592263665,-0.3798043365054088,-0.12400677558050795,-0.40544975929733884,-0.13062186185723498,-0.34070460222859195,0.29791887055325766,-0.26245124204422965,-0.3286528974363566,0.5409487395404046,0.3060556216267193,0.5116415604488803,-0.17709870807906983,-0.005249443213603981,0.3934879185605156,-0.32986698036451745,-0.06469737892247689,-0.4298531613762556,-0.23619130522428528,-0.20051523237955532,0.08616647798190889,0.5512014215690632,-0.12619986975380285,-0.13988824648529521,-0.22411757040441496,0.11816887260634625,0.4068398330826691,0.2868504757799543,0.491956517142156,-0.04921477156063655,-0.21438865798409107,-0.057341751182070654,-0.0872508490916077,-0.2803195993027876,-0.26891692067421796,0.400474365812088,-0.3249045583223235,-0.09584403533131126,0.08213674475233775,-0.10122114027158342,-0.05815088336837082,-0.03819834713830701,-0.16577227337704462,-0.02829321633094657,-0.23781283343424084,0.19695117321102099,0.12902332245150896,0.25330862231845264,0.19151414831751348,0.11394149182656715,0.06595525751646317,0.47686177941827046,0.26973381231257354,-0.2116265990688628,-0.15209192172065059,0.10848395626104718,-0.045563962519246694,-0.313694743482524,-0.22587004877044803,-0.34795180629566613,-0.3454702161858886,-0.3133965436187369,0.08154189441058318,0.28618468217737214,-0.2376311624159606,0.7377723659363691,-0.3036120695274949,-0.41066423373662136,-0.11089264960261211,-0.21396038269626397,0.18024545090211777,-0.007159101160239586,-0.18381157508609933,0.3777141975393625,-0.1842790540186883,0.2038765893572382,-0.31785620977067613,0.30176312369437663,-0.02778533687595133,-0.07136539253800023,0.23998167887851593,-0.3396067526435283,-0.19588659884331858,-0.06103969491854408,0.08434743135444231,0.24961368205302442,0.2055812259981072,-0.4337336998976413,-0.08571025242875392,-0.12932558198680283,-0.17423160997624917,0.13058901048535254,-0.03521044102903127,0.22954186240084648,0.4811599356555076
