,Caudate_L,Occipital_Sup_L,ParaHippocampal_R,Temporal_Mid_R,Thal_MGN_L,Olfactory_R,OFCpost_L,OFCpost_R,Frontal_Sup_2_R,Frontal_Med_Orb_L,Thal_VL_R,Frontal_Mid_2_L,Cerebellum_Crus1_R,Cingulate_Mid_L,ACC_pre_L,Occipital_Sup_R,Temporal_Inf_R,Parietal_Sup_R,Thal_PuM_R,Supp_Motor_Area_L,Parietal_Inf_R,ACC_pre_R,VTA_R,Thal_AV_L,ACC_sup_R,Hippocampus_L,Occipital_Inf_R,Thal_LP_R,LC_R,Frontal_Inf_Orb_2_L,Rolandic_Oper_L,ParaHippocampal_L,OFCmed_L,Thal_PuI_R,Angular_L,Cerebellum_6_R,Cerebellum_9_L,Temporal_Sup_L,Thal_MDl_R,Red_N_R,Vermis_1_2,OFCmed_R,Thal_PuA_R,Cerebellum_3_L,Occipital_Mid_R,Frontal_Sup_Medial_L,Paracentral_Lobule_L,Vermis_7,OFClat_R,Cerebellum_Crus1_L,Cerebellum_Crus2_R,Cingulate_Post_R,Frontal_Sup_Medial_R,Precentral_R,Frontal_Inf_Oper_L,Precuneus_L,Rectus_L,Cerebellum_7b_L,SN_pr_L,Precentral_L,Raphe_D,Heschl_R,Frontal_Inf_Tri_L,Rectus_R,Caudate_R,Vermis_6,Occipital_Mid_L,Thal_MGN_R,Cerebellum_10_R,SupraMarginal_L,Cerebellum_7b_R,Cerebellum_8_L,Thal_VA_R,Heschl_L,LC_L,Vermis_3,Occipital_Inf_L,Temporal_Pole_Mid_L,Temporal_Inf_L,Cerebellum_Crus2_L
Caudate_L,1.0,-0.21316247930211385,-0.12202198527361985,0.10475212251342442,0.2492543119532796,0.6532537403620974,0.0990272793847028,0.11726056720971663,0.1209600726832331,0.02818930387196965,0.40768241194720095,0.27067258554599755,0.18504165566445774,0.22142550382943285,-0.095822992554118,-0.064397678556298,0.3797353541972938,-0.08505642255554437,0.10316280119004965,0.12028243626387804,0.056682623036054265,-0.050693532776925024,-0.03290626330918767,0.015789481999563766,0.34414642687445157,0.18254529415133197,-0.12086449292259281,0.14587101024546442,0.1668665221672017,0.17475212981809768,0.2534819954158649,-0.10210412983495555,0.4344830440642918,0.1580025820145147,-0.10189653979594727,0.042690213649239826,0.10679461253080395,0.30770067339033114,0.21604515313706926,-0.039371281734249024,-0.18572941903691786,-0.08269395952473611,-0.30301156873703955,-0.11417354618295807,-0.02547834779549719,0.016143492232081405,0.2511110731233233,-0.09859269158341315,0.018941535270629008,0.01894629499110225,0.09179892169472602,0.09065384580093644,-0.1328330415815221,0.10355233644183337,0.5283891358814898,0.043825902269516576,0.3969711836276574,-0.276565885138807,0.08258443408764375,0.1813087993055729,0.06590370878860209,0.19483470046939996,0.7144479732409375,0.2933181885711269,0.9072208794635136,-0.06546274450542226,-0.1321497908244199,0.02604606713800122,0.04438828481132061,-0.025644331447443776,0.07433337381886357,-0.11483523997957223,0.6672944425289041,0.13273467902228397,0.20377891158664202,0.1772394846907928,-0.12138397611632112,0.23194377838780192,0.23988357473923963,0.014967975240170354
Occipital_Sup_L,-0.21316247930211385,1.0,0.13811309845266392,0.7072488343033568,-0.01851813546659691,-0.40844421203278625,-0.048245191561225614,-0.3115650659654642,0.09214254918981453,-0.1636799418306859,-0.10951160398044237,0.04820629541643692,0.3307361365812399,0.48330145731555313,-0.11362697078153823,0.8721688826656842,-0.028902516381840028,0.6461071438315297,0.48354367101334755,0.3723954241886911,0.5933334079889544,-0.015011580929014128,0.0899786304071942,0.1345093196070613,-0.3997846700937201,0.35924320835846546,0.528303260180614,-0.3060612600818501,-0.16123569322703374,0.09443850964103424,0.32872778015578186,0.5314580412359214,-0.42299631025873435,0.09250523794467119,0.9083496747799394,0.560256058174219,0.4131900889195561,0.25665228180063604,0.08946106512595642,0.5754729707650669,0.7442095215435816,-0.030579574859097423,0.60440234168412,0.690158292291878,0.8909698937160767,0.054967905343810936,0.44171582578520985,0.527564543564803,0.17347513867010975,0.4927859119665278,0.21088985602681026,0.537055050582599,0.2092074103916469,0.3816943684387981,0.1567584511286582,0.705292327000232,-0.4296433055866374,0.28591756110576505,0.27854224290298196,0.6066836790630002,0.5778839943656255,0.20184139740299362,-0.06529451034190488,-0.4625886009164964,-0.2795243059838261,0.6364392116614228,0.869000282012324,0.34553283350499586,0.5316975134003535,0.6191938528802244,0.07744896127381459,0.35105287512900074,-0.4906646132089564,0.366453526721094,-0.06646056067340925,0.29126159261345497,0.5767142216574845,-0.3890944523609492,0.24269952771282352,0.38456114056754015
ParaHippocampal_R,-0.12202198527361985,0.13811309845266392,1.0,0.2530112602935438,0.3204725432292249,-0.03066567819518988,0.32482389527971844,0.46555155176877805,0.45429308403615415,0.23841993836005787,0.266648461532288,0.3658169374993102,0.08115466011564762,0.4743186594051363,0.039808511897710924,0.2568197448862685,0.4331129535890568,0.23884368002014483,0.2839148745628559,0.5014502274833992,0.4559107652719313,0.24172572864120642,0.22280214188474515,0.1912650277026398,0.3855382144326533,0.5495452661237695,0.09417291204410964,0.3724572940771783,0.40841785294506183,0.17988421995623605,0.46101571931292984,0.642063423766186,0.11576845072401432,-0.049551675162356666,0.1830118535775469,0.19450543107485557,0.25905108380811903,0.4287870358059646,0.29645603903082207,0.3806412980402008,0.040156032874649805,0.2695204383406196,0.21986713009050995,0.24508199964372435,0.14429202466338384,0.5311770585445555,0.5283177776967976,0.0903740150903641,0.1662561052110315,-0.05699266111846463,-0.15409157090404055,0.24423404825464604,0.4540552223371368,0.6092466487855878,0.20522152612844544,0.32731550011079635,0.13741221417833374,0.15480638719173587,0.36954981811161697,0.48208347877013447,-0.05160854683311582,0.3480100817579241,0.18446553821302267,0.1938191943218368,-0.10266182908011565,0.20795199518534066,0.03593595125099078,0.07674423599040922,0.3173336695539138,0.4391155642341005,0.1375516800586113,0.12073621189508467,0.20557921274194807,0.30707946769289146,0.15663569925148105,0.24945106239727996,-0.014854785591445844,0.08258900766512478,0.1965430034619438,-0.06930793107074366
Temporal_Mid_R,0.10475212251342442,0.7072488343033568,0.2530112602935438,1.0,0.256935397859711,-0.09431680911931047,-0.07272594369412619,-0.2726301641015399,0.36015358787550694,-0.07650585887963868,-0.03967687454686618,0.24129377598509164,0.668990604289972,0.6037750484339492,-0.22996358017345178,0.8215948679343309,0.40276921556085965,0.33164776293867065,0.5682609437852049,0.5151551804528879,0.5302881288421863,-0.09260687661500504,0.16422970647911625,0.20857968014735231,-0.14616036170111404,0.6515775979518895,0.6662475818985014,-0.027986377198236427,-0.0036996402167610424,0.25060913736738893,0.4345104876945156,0.6382971211340525,-0.1758488151147845,0.09983751036688875,0.6922153111503974,0.7323465125710173,0.5387228368247857,0.48342327347832353,0.10468441286549177,0.7195759605219146,0.6461098697597528,-0.01817148241093738,0.5228818331639942,0.7049108111346203,0.8636997082903556,0.21086852899388925,0.5362445335907169,0.6282282627498228,0.11080711913572162,0.6315396378009384,0.36929376344964354,0.6439659322029465,0.2117666478284719,0.6268708835584328,0.44407419109099094,0.503786817962958,-0.16251153376628444,0.2802903906493168,0.4687453474448492,0.6284094936848754,0.4932423785631822,0.2526366179694109,0.2620506441921531,-0.2819080427218139,0.07662013766254712,0.71833670846537,0.7719339923137604,0.2398979275924446,0.5803440077561927,0.5941481522824968,0.14244721189848913,0.5192225888951226,-0.1257458019359119,0.556436049333821,-0.029437554445919688,0.4257805045613231,0.6223732668970581,-0.5038792918604313,0.34777646949598334,0.57344193874892
Thal_MGN_L,0.2492543119532796,-0.01851813546659691,0.3204725432292249,0.256935397859711,1.0,0.04253357218506463,0.2683475362925153,0.1435545359000347,0.32103253285746913,-0.03701838638307159,0.2612111939620356,0.39143083807333007,0.21935663656868915,0.24827417255076015,0.005423026210181049,0.15623726966081666,0.2671744842773197,-0.12286984876203345,0.3006336414597433,0.2973914669790496,0.10240951499173029,0.1892947989887824,0.033697094927260134,0.07967173248307637,0.39570094791735266,0.38399284475074963,0.1535801661095045,0.37466954524808416,0.38654971571134783,0.15359469156418207,0.4379032628194145,0.296043964849674,0.1335109362550843,0.12321643742041632,-0.024918490346064946,0.3276720079768578,0.2125765667194108,0.47390629568392983,0.32632214503808515,0.2942030776092954,0.017011597632712983,0.07346539940679438,0.08931841367290073,0.25897451015846235,0.07461306596465467,0.281469209981367,0.3745298622214346,0.1949285322100337,0.08436190817566804,0.16491456929458378,0.0635276568408231,0.3377123235764125,0.17633177659935773,0.4260509327876631,0.32516165273832937,0.10709948227694088,0.06866097786393065,0.10783023284661818,0.27701142318364197,0.18548596022049027,0.16716875073270307,0.2696958909932361,0.4919291652178038,-0.009013353215663045,0.24438990938154553,0.2920508084615163,0.051154373475057795,0.3506700043160363,0.21642673395984063,0.23384367663810257,-0.34076622546937435,0.19056898256016583,0.28946051910229464,0.3107897588733966,0.1599293935228994,0.46906456703070315,0.12435212146577787,0.01276167289099724,0.28531934132464,0.14650142728703186
Olfactory_R,0.6532537403620974,-0.40844421203278625,-0.03066567819518988,-0.09431680911931047,0.04253357218506463,1.0,0.06536927987897517,0.27447163698474863,-0.07547913459715055,0.0005918756178674782,0.3187486470165105,0.1510417605654657,0.06737407451924173,0.10203098234083244,0.009515167794833967,-0.254628608683127,0.28373656121090757,-0.1334910412395572,-0.17490907725725283,-0.045588206998531756,-0.0834096162403182,-0.06961144553256582,0.0679425976111777,0.19011612704591324,0.2111654261980053,0.08662249657486983,-0.24455623119895356,-0.04087017302234442,0.09529446202918819,0.12059531691953858,-0.06751713858097759,-0.09927402917210304,0.7370089620298597,-0.05410492059623277,-0.3189899762314624,-0.17522760366614473,-0.04287388947859953,0.025155566438148824,0.004129703581234312,-0.2786761424490012,-0.3454439082605619,-0.1034610475311241,-0.5480033540754908,-0.2928392810381164,-0.2607049550640406,-0.10373925691228221,0.007372229494674168,-0.3231032691362215,-0.07302668896265818,-0.23831386213026998,0.05767858083720547,-0.1334416714437172,-0.17199501631666267,-0.06101050977391802,0.19562909571951004,-0.09837421849375096,0.8173817078294813,-0.24883107669582527,-0.2540331670977042,-0.02131000198604618,-0.2881420408410533,0.03632781074720267,0.4562107056307202,0.7193834447987424,0.6841337006035172,-0.3097343367296131,-0.36894433823689116,-0.2848419916237983,-0.16924841511219063,-0.2656182920071736,0.28421880804154065,-0.1297587376042633,0.7847317582616912,-0.06101638435620795,0.16186454758890031,-0.10083768743431261,-0.3496809648223291,0.18115773020638087,-0.02043811756181195,-0.13042503414249706
OFCpost_L,0.0990272793847028,-0.048245191561225614,0.32482389527971844,-0.07272594369412619,0.2683475362925153,0.06536927987897517,1.0,0.35181049810923914,0.13786770894171851,0.12144270730483563,0.16373950984186914,0.2897260243284329,-0.10631178844813649,0.11582525832408404,-0.011402614426734781,-0.026130313751518176,0.07232629835653574,-0.03617955301735689,0.15275216020576665,-0.004910421904314944,0.08326931761758355,0.37000059482486275,-0.24094150932325512,-0.204602080906803,0.2626295938288144,0.09859853852603347,-0.14062163771057648,0.33776967096966565,0.14326152514235116,0.02865724505936099,0.14792601561928856,0.1599225854053273,0.4051240608763007,0.2154826707981091,-0.020699599966337367,-0.021223009788607694,0.11515754131210265,0.269186815681078,0.2951960603732467,0.16807148930516114,-0.07856567572742042,0.27222365520898384,-0.04136869423657822,-0.07674145365470564,-0.09237788769139593,0.19558057652673563,0.10019534894232028,-0.07358257869397095,0.458958415675734,-0.06452643013002547,-0.2592172547365735,0.13437643653660758,0.09116465181260514,0.11707071856340667,0.030903015959363265,0.03799085565286787,0.1523828049403659,-0.20698086544639505,-0.03654847235103377,0.04818914873151489,0.16839782315252713,0.19468654541452773,0.1835267008110232,0.14512868101294213,0.15839326310906474,-0.04259812844881814,-0.08354694890886413,0.06542562088123233,0.16454252537975145,0.16356155472463332,-0.14040209570702844,-0.16068237592165288,0.13297161218038,0.19889489171472,0.02443555562514569,0.04532116754591955,-0.05857496382774923,0.2126862527850411,0.14739431084797666,-0.04508817086010721
OFCpost_R,0.11726056720971663,-0.3115650659654642,0.46555155176877805,-0.2726301641015399,0.1435545359000347,0.27447163698474863,0.35181049810923914,1.0,0.11579837546092614,0.28742409999266955,0.5229859476952539,0.16762427910429709,-0.3935340760177344,0.08856970263703866,0.14405512098504022,-0.3757292084638895,0.24888950493595974,0.03755670555019162,-0.04164791455308437,-0.02523135180342038,-0.016090601990227275,0.43185339349266477,-0.002647199986246766,-0.1018271103746488,0.583794950002411,-0.09689199941786335,-0.46372070239307583,0.45934316751127,0.26511175241550144,0.11365864415018737,0.0651771337183004,-0.09398823618109126,0.4366814882106326,0.16819734730432812,-0.2938108136235525,-0.40626238016611566,-0.27212680735539674,-0.041943371151739024,0.28682508386169986,-0.19019117109942935,-0.31782506345787287,0.08156778072969362,-0.3027275031607551,-0.44724814918581124,-0.40656408194116905,0.35251441036419645,0.15001087003667465,-0.5123415220441466,0.0669158870063709,-0.586410019171621,-0.2513488186784925,-0.09301233029040736,0.3778412066704833,-0.016029829199996497,-0.11157429638511879,0.034582994599631184,0.3823400369813335,-0.17954493009297057,-0.051222949786088955,-0.024726111523016223,-0.21413032934275145,0.019916732756083043,0.09992052232855471,0.48462483075271395,0.1528750861256712,-0.38480959684976873,-0.51817867090884,-0.19493922802902997,-0.22379838761542623,-0.1870246415663191,0.0923309466455856,-0.44618651528402176,0.431850342535558,-0.19143177958416566,0.30179513882729225,-0.007918590635199153,-0.6124419749738865,0.3956647016594448,-0.24847774929759134,-0.46863086330577997
Frontal_Sup_2_R,0.1209600726832331,0.09214254918981453,0.45429308403615415,0.36015358787550694,0.32103253285746913,-0.07547913459715055,0.13786770894171851,0.11579837546092614,1.0,0.2904451757837597,0.21103476674560034,0.284484649746008,0.31793487003967197,0.5890489392953756,0.10884378401299011,0.20238012925664017,0.4470158371043338,0.007089808289394286,0.41620563046697806,0.7165445396966436,0.3453572344956534,0.3731250522352016,0.24102288946597378,0.12040178330636374,0.41870532586541936,0.6596263508704354,0.13294440787866355,0.43549246983631035,0.3239770375206977,0.30807556098507566,0.5101570297828277,0.39734755112446807,-0.10160245841356026,-0.0031071488986499623,0.18155885366501984,0.3918283565085237,0.36471796923463135,0.5575364092762969,0.4407529603328442,0.47586681094335737,0.19422294199867887,0.19679249273029203,0.24999932986085724,0.37771869464799884,0.15063679440467992,0.766039454260948,0.5832665998580215,0.2580799695204322,0.07471529552532753,0.24691499830110122,0.030840146978474942,0.3299042475000529,0.5764201861869992,0.6655981478222667,0.5724032748743523,0.18361897344521563,-0.18673315656809303,0.21825253889499321,0.6510615814482887,0.5562753640331948,0.1445227654843854,0.33504683658546225,0.4159436362833008,-0.16805529318961465,0.1575759879768745,0.37973672826489285,0.15942416581536228,0.27520088677206356,0.5530134626978642,0.48533138825288535,0.1045707484535357,0.24728230866701414,0.17407341287786854,0.4266000933739778,0.3055422729960868,0.3761292050112288,0.18728372637505245,0.014675266845271952,0.35712113849108607,0.2472842107906671
Frontal_Med_Orb_L,0.02818930387196965,-0.1636799418306859,0.23841993836005787,-0.07650585887963868,-0.03701838638307159,0.0005918756178674782,0.12144270730483563,0.28742409999266955,0.2904451757837597,1.0,0.18491377081307264,0.09165105006617162,-0.11523115638559313,0.06430775371804041,-0.028043793646812625,-0.1420471155907033,0.17422752637772426,0.02897380677532686,-0.019523061946486304,0.10633473508395147,0.08803367452854238,0.37131752208830204,0.06296665094836006,-0.06884756522508555,0.42357597198842656,0.05924556570963559,-0.10561498449484852,0.3694198542276603,0.23248937138684342,0.3063930255901425,0.10103434044678944,0.01380870447023755,-0.030078268729529147,-0.03911468338264294,-0.14251966887572076,-0.11461076158147065,0.03990588411388093,0.036708922419067605,0.2407929392956302,0.04053153418012952,-0.12480371163581035,0.056012600513334676,-0.11420778092338688,-0.08172818260142375,-0.15057736670775929,0.3935418807359699,0.10460136623205891,-0.11377891888898617,-0.006811152902935481,-0.14824862034583952,-0.3149841045171093,-0.12073871268643376,0.3492673334102483,0.13219797874684117,0.05606492146486739,-0.042873332421744556,-0.048340884336086375,-0.058551850094120415,0.199818365566212,0.043131979318455804,-0.20169963626900395,-0.04681917317306969,0.10016321184964652,0.051168389745540076,0.10317277381928791,-0.06367874723510328,-0.22763896031143568,0.009031231072377976,-0.017662332658610478,-0.04434355344013979,0.17460128705348754,-0.18030847411844464,0.083124977096474,0.0813911953161472,0.13412190264140905,0.0022737657374155666,-0.1361640692738457,0.16910382193379564,-0.011242192031144406,-0.15581192736625915
Thal_VL_R,0.40768241194720095,-0.10951160398044237,0.266648461532288,-0.03967687454686618,0.2612111939620356,0.3187486470165105,0.16373950984186914,0.5229859476952539,0.21103476674560034,0.18491377081307264,1.0,0.2414265616422941,-0.30853071380209973,0.3514632001091715,0.10908828744028025,-0.12899791499154148,0.31972073474712837,0.3101660818090837,0.2723645006193118,0.21520635208476033,0.2645730152624171,0.3990301720202547,0.08047041036835527,-0.11039316738620737,0.43814467475774216,0.025979057376445302,-0.46222435421539415,0.43533389223555635,0.2673998240973137,0.04419326550413334,0.2874432828144505,-0.12357108490616588,0.23705085241147905,0.38782187274458463,-0.06928276358232506,-0.2280803988846262,-0.0936428227350196,0.09715272012437713,0.6266769046393795,0.016175857134461763,-0.12458814907581182,-0.010429676056806541,-0.3154629040074395,-0.21080533853424077,-0.15388756069027823,0.39179228556419265,0.43963232507987887,-0.3792795958211727,0.026730567586147058,-0.44059154661015276,-0.16567067418668532,0.07682374198023442,0.4633803278872871,0.12764844036978873,0.19190533024833828,0.35761765190137274,0.2890976132340082,-0.2183576544860382,0.0513614886662784,0.28769498384322945,-0.03646395017430697,0.18928576451594795,0.3439248122122855,0.3547884349863108,0.38989516880401015,-0.1864376249182267,-0.3422443645435695,0.11817802157169906,-0.043462000258864424,-0.02168950952797889,0.0312180291650661,-0.4615259089792671,0.4792257037031229,-0.12014152687037537,0.5252440705756081,0.1318080032887785,-0.49879865281443514,0.4403818728408957,-0.011924224375006794,-0.3852944616502083
Frontal_Mid_2_L,0.27067258554599755,0.04820629541643692,0.3658169374993102,0.24129377598509164,0.39143083807333007,0.1510417605654657,0.2897260243284329,0.16762427910429709,0.284484649746008,0.09165105006617162,0.2414265616422941,1.0,0.18759362254076353,0.41519603509031716,0.009956559527857036,0.3112314961238961,0.1905220375658069,0.11060773972847485,0.36622961924963066,0.4544088892601876,0.45239645455188626,0.10770963492993434,0.18876275225448177,0.22800444823590973,0.4121796279082816,0.5108975240269839,0.1431361885826791,0.31520891593274963,0.5108411097650036,0.18279441533416343,0.6656682298455504,0.3996638690066358,0.0523098720103592,-0.030278720410470694,0.10325134572224731,0.3861651472653231,0.4910987640422244,0.6272550878048176,0.39787115685770685,0.29566032189896563,0.01389114347113073,0.07660670757230593,-0.0345724349665474,0.27458481583055655,0.24601580216847063,0.4171885114937345,0.47255803286200954,0.31826966803884177,0.11288715795553927,0.1830372191998346,0.12108445190632994,0.38412500046500714,0.35060490193741245,0.38127417138318787,0.46731281228934146,0.21759208625776855,0.09073544195688608,0.10467016089468208,0.40896041087506474,0.4495179480448025,0.04951539276687416,0.7566348227602977,0.7037832624025951,0.08310312562941219,0.2702524582058505,0.2517072790893198,0.08172936602208884,0.2843990913831163,0.4072322680187468,0.3204740882812316,0.04556900471916277,0.2267263515566369,0.2699617134090401,0.45528586369678603,0.03828602192382933,0.361069740220576,0.20989595787865198,-0.021357991583690006,0.6248173199754786,0.042155968703476404
Cerebellum_Crus1_R,0.18504165566445774,0.3307361365812399,0.08115466011564762,0.668990604289972,0.21935663656868915,0.06737407451924173,-0.10631178844813649,-0.3935340760177344,0.31793487003967197,-0.11523115638559313,-0.30853071380209973,0.18759362254076353,1.0,0.2875380446429898,-0.17866802188204434,0.5591249804203231,0.3516199431817209,-0.16679737883157283,0.42191704446953776,0.3161769947436341,0.17625110442781683,-0.19960260310840716,0.2121358917624218,0.22929885248519222,-0.10407305757883742,0.6391973009311804,0.7175345681904892,-0.11334736680068308,0.10567299810671527,0.1966532039256783,0.317729762044076,0.5425225032301321,-0.042644014212821164,-0.18239276232568868,0.30900594083451915,0.8504342855004468,0.6970255328221944,0.511927350038402,-0.04680458989972645,0.40359655175472936,0.393248669544898,0.14399952817467576,0.39414769167292246,0.6843153596740184,0.569709325672339,0.09174832465738132,0.18344623652552056,0.7564985025178181,0.0740966406740375,0.824250347932609,0.47001502501279513,0.3981434899145924,-0.016768835549741363,0.5515839247021048,0.5309144357360104,-0.018678047843659496,-0.0688621378706347,0.3918431708348483,0.455387093816658,0.30610464876783783,0.14977892944224186,0.2058559651549326,0.30906915021692605,-0.2016397559626873,0.2120141530661844,0.7072551217626826,0.6209894413862899,0.17613027673159962,0.5613545022098255,0.402268785082027,0.2050977826034385,0.7639748214862738,-0.04577051441688571,0.6290892232697914,-0.1882250418644838,0.251362086739354,0.7440732071569338,-0.5473454776936618,0.5116580052993935,0.7836144659763976
Cingulate_Mid_L,0.22142550382943285,0.48330145731555313,0.4743186594051363,0.6037750484339492,0.24827417255076015,0.10203098234083244,0.11582525832408404,0.08856970263703866,0.5890489392953756,0.06430775371804041,0.3514632001091715,0.41519603509031716,0.2875380446429898,1.0,-0.046935690293602506,0.5424725301377313,0.3824238967341709,0.47265749886443403,0.537153389761312,0.7389975268059067,0.71463862644967,0.07760363804339676,0.3163469774705833,0.27117661049005337,0.16303989754950793,0.7275103154511715,0.21517991316966328,0.1535230601971484,0.2182663856838131,0.22124268949696763,0.6058883022378415,0.5780675352894743,0.03693507334433281,0.12234659051063387,0.6055639023506545,0.45169588335557437,0.42840649870998243,0.5806918947982526,0.30359682713831015,0.6097832586390383,0.39831170891398077,0.019085330897034243,0.32676454678465516,0.497638905104696,0.529548912302473,0.5467136904705343,0.852356605203786,0.31246849944834637,0.10324766811102695,0.2586402523694475,0.18834307180004314,0.5682215828415641,0.4819573002955498,0.5992127118122834,0.523135150128982,0.6373791586345497,0.05200472204080117,0.1652604240770326,0.5037265486200823,0.8334012988583687,0.3395416615738441,0.6000061091051337,0.43986348108671286,0.03460136134822382,0.1463889342556481,0.4247070653463895,0.4314110043300608,0.26986368903010116,0.6282733897961155,0.6377573600684673,0.27316895922091583,0.2685146353030742,0.19229748917806586,0.4075443830088817,0.2909057150940701,0.3458033238538056,0.2689293958238908,-0.017240690553824215,0.4807607504953169,0.2577858600416571
ACC_pre_L,-0.095822992554118,-0.11362697078153823,0.039808511897710924,-0.22996358017345178,0.005423026210181049,0.009515167794833967,-0.011402614426734781,0.14405512098504022,0.10884378401299011,-0.028043793646812625,0.10908828744028025,0.009956559527857036,-0.17866802188204434,-0.046935690293602506,1.0,-0.12482152657960156,-0.01179012126834934,0.11041382207480102,-0.050369611940703884,-0.003908978050380355,-0.007893992388235843,0.32974756087181106,-0.07696679148307309,0.10375704847555076,-0.033156839409884536,-0.04276058698570093,-0.19912425764069086,-0.10862739843587911,0.08214753846533876,-0.1321839156803571,-0.03759355917877597,-0.07352867946262048,-0.05138018805130423,-0.06221213841330301,-0.13055203688429246,-0.15284903203334224,-0.15657799796761804,-0.11351650149573667,0.1670352917451393,-0.20178421557199355,-0.09919617559830526,-0.05131364202000135,-0.1290160384204942,-0.12577107699165813,-0.1944741467234893,0.060399975869211024,0.004325078406522433,-0.14694197727011554,0.05427310093909395,-0.19097064181664852,-0.18142213096358617,-0.14354978540162228,0.2118384644380531,-0.10862266152816374,0.01733019284136734,0.05229173654215262,-0.003256083446824567,0.11255198220114306,-0.009252680852190751,-0.03504803282423728,-0.15573350094084354,-0.07604858141017794,0.04667025834015125,0.010843232906247748,-0.0018258200855401962,-0.07856277520166907,-0.21367918460864407,0.12907571149987648,-0.10111261643165774,-0.10638513674792124,-0.1521848742988299,-0.09796819638340865,0.062006554369066096,-0.05282279406624013,0.04744679690040202,-0.028884439607934104,-0.22113389282838466,0.20438130973431262,-0.150216284030952,-0.15888885823009943
Occipital_Sup_R,-0.064397678556298,0.8721688826656842,0.2568197448862685,0.8215948679343309,0.15623726966081666,-0.254628608683127,-0.026130313751518176,-0.3757292084638895,0.20238012925664017,-0.1420471155907033,-0.12899791499154148,0.3112314961238961,0.5591249804203231,0.5424725301377313,-0.12482152657960156,1.0,0.1860680227128707,0.5665912507560961,0.517187044089048,0.4865633661689053,0.7001198618279827,-0.07808275712204657,0.14716425503251065,0.25015682976937864,-0.3024829219890635,0.6127198819897917,0.6881395028375609,-0.25893822222045004,0.0061990235915362485,0.16517954962094306,0.5099862847509653,0.6968951732372459,-0.3755680378353135,-0.07865470038136034,0.8279475302068445,0.7479586271251161,0.6243154110267217,0.49998227495419423,0.1492607854884874,0.6626046495172154,0.720387838226546,0.00320264386302503,0.5566862577557163,0.8295938641429904,0.9487106262723135,0.08626692619858815,0.5359982293327,0.6953497690545667,0.17629931850367106,0.6370816492651207,0.3000534755231125,0.5547362992824071,0.17870827685112645,0.5938488194645717,0.40072119402656464,0.640826078519857,-0.3377205295325871,0.3490307481969737,0.4402070677905414,0.6643219240740696,0.5250659976987914,0.36436058502085417,0.21282811021285347,-0.4360406214676523,-0.07543485307330827,0.7755320335463385,0.8429755991517215,0.38765965466166286,0.6132296562207507,0.7183204025371661,0.053294197462093476,0.5539628728391938,-0.32859609971028075,0.6100803552954795,-0.14366568990242742,0.4277598377684751,0.701511816696563,-0.4789342675016988,0.44353578108028147,0.5070447523297763
Temporal_Inf_R,0.3797353541972938,-0.028902516381840028,0.4331129535890568,0.40276921556085965,0.2671744842773197,0.28373656121090757,0.07232629835653574,0.24888950493595974,0.4470158371043338,0.17422752637772426,0.31972073474712837,0.1905220375658069,0.3516199431817209,0.3824238967341709,-0.01179012126834934,0.1860680227128707,1.0,0.06721940497613625,0.2593630163134388,0.35794640538646294,0.2183005380939504,0.20745849669344527,0.041092931847928636,0.000786847332372203,0.31502271974258805,0.4698301601177384,0.11368213878487658,0.29032446331234507,0.1631966048008484,0.1220848315180638,0.2733751322794573,0.1986840201194245,0.1418294430445656,-0.030315470484570943,-0.00916162393318978,0.188894863501692,0.2097196565366249,0.3382542136108208,0.3954200209368557,0.24323159252446333,0.013374052048955204,0.054386361918417,-0.019618048378324773,0.1016799944912222,0.12556313724505805,0.3479913202812241,0.40181382392393805,-0.009359341193510728,0.14446373457527134,-0.02372141325346304,-0.05942255063868107,0.15077572174553128,0.28402837842531475,0.5172387230897503,0.398308856640731,0.1806689269495091,0.11719832020655582,-0.10359012878196747,0.39103476337795995,0.346957665956867,0.01832998328805536,0.0356145935662459,0.35429060883966595,0.056060330904366656,0.47320674808102836,0.2189148999392587,-0.07899474609436814,-0.04457165843647207,0.13812124196351802,0.17620769702630232,0.11126578440873171,-0.012424248479999575,0.3881743827875234,0.3479938196400003,0.07373139758532156,0.2954353551789257,-0.09899642789955189,0.07892681611626515,0.032520389452058346,0.020437350256174616
Parietal_Sup_R,-0.08505642255554437,0.6461071438315297,0.23884368002014483,0.33164776293867065,-0.12286984876203345,-0.1334910412395572,-0.03617955301735689,0.03755670555019162,0.007089808289394286,0.02897380677532686,0.3101660818090837,0.11060773972847485,-0.16679737883157283,0.47265749886443403,0.11041382207480102,0.5665912507560961,0.06721940497613625,1.0,0.233572226941351,0.31209371387421553,0.7749954047663621,0.14587754201484163,0.008600028117785919,0.1295536216793862,-0.1838514195802651,0.15206311595240488,0.06252928226122464,-0.2308788765806963,-0.10949521519950761,0.08206619281595838,0.32107431861056446,0.2687249953115321,-0.2732048065519183,0.06204404613268974,0.7053114479045594,0.06639437147579928,0.12960458101649946,0.07945495541154135,0.26381705564516467,0.34945214942677366,0.5235330926839789,-0.20122113144174877,0.20504875822053706,0.27810436906977504,0.5279479200987278,0.0672136940753135,0.5435564747766765,0.038762870366234034,0.09034736256141125,-0.05958146831540584,0.02836585045341998,0.16606844204738,0.32540794855204824,0.24820444919659004,0.06461144431982639,0.8869930743089981,-0.1791728170387567,0.005423002534557844,0.09463132667519764,0.5727866897525575,0.4403999008932059,0.19536520587789152,0.03046187221975004,-0.1795469567026186,-0.1338064282546026,0.22294281466203708,0.3176069424538471,0.18818420912220007,0.15446171946348755,0.4842238385594715,0.09535523598326776,-0.11030108515791506,-0.1693674284969205,0.08938016313676486,0.11132993830859045,0.1594560892887349,0.017540443845988844,-0.0019286650012128165,0.020369019232193673,-0.12128267267225147
Thal_PuM_R,0.10316280119004965,0.48354367101334755,0.2839148745628559,0.5682609437852049,0.3006336414597433,-0.17490907725725283,0.15275216020576665,-0.04164791455308437,0.41620563046697806,-0.019523061946486304,0.2723645006193118,0.36622961924963066,0.42191704446953776,0.537153389761312,-0.050369611940703884,0.517187044089048,0.2593630163134388,0.233572226941351,1.0,0.5221849671889652,0.42656297317246594,0.2135651178924992,0.1246946702642692,-0.10109885121499633,0.009741876723074626,0.5509846458990781,0.2754178345996398,0.18187418344947012,0.24229512524724148,0.03358164393875801,0.5774525478881498,0.4633864774666145,-0.20140637628099636,0.40887392838351483,0.4600684226948652,0.5691384819032427,0.52079826064591,0.5213954226494703,0.456532546809435,0.5318691577126586,0.42429593712758606,0.05158379553689548,0.40483209615747384,0.5432218954174166,0.5344991246222376,0.49202046984715764,0.5186661296256004,0.5162934074423732,0.21839140990971595,0.4480809474879735,0.09441401229080056,0.7334595555075258,0.43435412421931285,0.4746895502458224,0.45009422665697957,0.4036225217931951,-0.2229716778331793,0.293237615737202,0.5184246200527761,0.5363020917658078,0.3273703452954408,0.4993636802246305,0.27796472568676733,-0.2434021597106834,0.08599932861792059,0.5576595432476613,0.5357540632678577,0.44272767482680664,0.5864995150648479,0.4730059834518138,0.04320234497324004,0.2989911869549086,-0.12321072122602221,0.5535737781081375,0.030656972899348878,0.25656388485311005,0.43003947569895273,-0.16534210184146547,0.5159599249663867,0.34344659337008426
Supp_Motor_Area_L,0.12028243626387804,0.3723954241886911,0.5014502274833992,0.5151551804528879,0.2973914669790496,-0.045588206998531756,-0.004910421904314944,-0.02523135180342038,0.7165445396966436,0.10633473508395147,0.21520635208476033,0.4544088892601876,0.3161769947436341,0.7389975268059067,-0.003908978050380355,0.4865633661689053,0.35794640538646294,0.31209371387421553,0.5221849671889652,1.0,0.6022466530181864,0.10140718662472371,0.3003113041015677,0.28963144725925344,0.19208227747447446,0.7746980150063654,0.23781678366315984,0.22198572551098777,0.2979046893796995,0.17995714809792723,0.733116499229092,0.5341690645026572,-0.20821467893976392,-0.015598256028632023,0.4846838285209805,0.503864837686895,0.45937090155774335,0.6760557826578799,0.404917944641033,0.5754996388191945,0.34262606528751693,-0.02563155056697737,0.3307527957638301,0.5457679259802408,0.4450781077051454,0.6115295280109195,0.786233634603489,0.37469239367288226,0.04223186663190491,0.31111454687974754,0.06822493959073528,0.4750692395395978,0.4601063119786484,0.7326355474884305,0.5974939754957345,0.4792745678602803,-0.16138816142014925,0.24064638407424893,0.6807814023781555,0.8487574037848109,0.25056001120990684,0.5366794598450202,0.45155124821600157,-0.16146690503574893,0.08932679214892185,0.5033839136057684,0.3874197519013525,0.36592638084279244,0.6551601668536721,0.653780179856887,0.21767822796827524,0.31511621956371183,0.11749283974887124,0.5254696089845996,0.1920462573614336,0.4890918948284324,0.29366333489974444,-0.0055631389910887575,0.5255667415661881,0.16885425623862302
Parietal_Inf_R,0.056682623036054265,0.5933334079889544,0.4559107652719313,0.5302881288421863,0.10240951499173029,-0.0834096162403182,0.08326931761758355,-0.016090601990227275,0.3453572344956534,0.08803367452854238,0.2645730152624171,0.45239645455188626,0.17625110442781683,0.71463862644967,-0.007893992388235843,0.7001198618279827,0.2183005380939504,0.7749954047663621,0.42656297317246594,0.6022466530181864,1.0,0.09159515019739355,0.16298498781498685,0.24398026452962607,0.00132403769260068,0.5679066206117327,0.29497708825139674,-0.014482800618148833,0.1804086230532164,0.18009556442563066,0.6536765806421597,0.5763189989859901,-0.22450878714431005,0.0027394683163574087,0.729798946544623,0.44067713952707666,0.4603697341702083,0.5590047911539768,0.3105161814002746,0.5858838036933811,0.5550254274573858,-0.03141464169936217,0.3268743395693861,0.5621300468119305,0.6594260928864909,0.346527574473541,0.7606340769934765,0.3955349102132956,0.1672023753352944,0.2793120504550559,0.16229827205469616,0.37396158232346327,0.4003366210796003,0.6269082471464925,0.4242995467565346,0.7549735842792251,-0.1585403476931215,0.18773044857374896,0.438132520583419,0.7973888104066676,0.4233133012319873,0.581721732466832,0.36118662197447604,-0.17856120057489408,0.010464385579701108,0.48809828464538935,0.4642539099478059,0.32943493834320214,0.5379560231751603,0.7553966981692058,0.12200438840051887,0.2569464692308909,-0.012827791947918745,0.4539579803494622,0.10994358362521443,0.3697681409435209,0.3439938723601561,-0.1546620246076882,0.4761123764811878,0.15884438648902205
ACC_pre_R,-0.050693532776925024,-0.015011580929014128,0.24172572864120642,-0.09260687661500504,0.1892947989887824,-0.06961144553256582,0.37000059482486275,0.43185339349266477,0.3731250522352016,0.37131752208830204,0.3990301720202547,0.10770963492993434,-0.19960260310840716,0.07760363804339676,0.32974756087181106,-0.07808275712204657,0.20745849669344527,0.14587754201484163,0.2135651178924992,0.10140718662472371,0.09159515019739355,1.0,-0.07242957183877068,-0.2462614334796377,0.2895811115121268,0.0031792188624997705,-0.2713141410909391,0.29849899066690844,0.10801160704836356,0.09113830163964055,0.12187200601783907,-0.05875361287176145,0.016224376053427723,0.20489694260636435,-0.06673055197482415,-0.09821831837152965,-0.06989499911732884,0.04771114638229258,0.6122658124453606,0.11445397769722389,-0.008207258948883113,0.1766758960140678,-0.2564520294850295,-0.05392808110032912,-0.16165790501129532,0.4965319538719835,0.16097116010745727,-0.20276337761165505,0.21804205922643383,-0.25059499265581797,-0.3166334531635042,0.037339343655731966,0.6038698241726457,0.15106773116752864,-0.011694266001764616,0.179295484992513,-0.13397082832271434,-0.003669707423209396,0.08640980887931826,0.12693741505228268,0.04192786516189044,-0.05968564829878361,0.07229265056326693,-0.0205519971177985,0.07592240140273687,0.018616666320697167,-0.2141504873459132,0.23374244812619394,0.08180296555731784,0.03143188910174237,-0.12109045627691388,-0.23301391326438256,0.08069989124824807,0.13219993550435558,0.18904858309761657,0.12111961134347358,-0.28073255365659844,0.16475885367826854,-0.11263452174850883,-0.20282762303706833
VTA_R,-0.03290626330918767,0.0899786304071942,0.22280214188474515,0.16422970647911625,0.033697094927260134,0.0679425976111777,-0.24094150932325512,-0.002647199986246766,0.24102288946597378,0.06296665094836006,0.08047041036835527,0.18876275225448177,0.2121358917624218,0.3163469774705833,-0.07696679148307309,0.14716425503251065,0.041092931847928636,0.008600028117785919,0.1246946702642692,0.3003113041015677,0.16298498781498685,-0.07242957183877068,1.0,0.2027739348044477,0.09176538475942471,0.34613686925565895,0.15901232449509836,0.059880380764106726,0.35656169095006407,0.1260296960173385,0.28514063823766206,0.2988861667707072,-0.07889211737729243,-0.09323721133376522,0.1095097751436886,0.26913878775772404,0.19590680892975643,0.21272165260564152,0.05956784681449396,0.112796044201037,0.06563036467079064,0.08783554870992206,0.07546310309104683,0.2493907868680103,0.14963641863374533,0.2633595167643976,0.2593165285342036,0.2625760810482954,-0.25895838274959315,0.154499899468242,0.17879304692827774,0.2076951186090238,0.22660463295434613,0.15823229661052315,0.3051065456696766,0.0705119304831268,0.09966977051502787,0.27624343707777593,0.25819448034932346,0.2659960567402809,-0.17413203626801776,0.27223993213807757,0.1931163941838396,0.15726011957355596,-0.046250783817530956,0.2582276203620794,0.17117953777450093,0.16842526793130644,0.3021251110261397,0.16183354703177422,0.32863890199844503,0.3088145329917159,0.026177546159518603,0.15795960515630467,0.15553873299778076,0.19325125403878646,0.17578461030966422,-0.0993154073742761,0.2564989204345561,0.11800752655180491
Thal_AV_L,0.015789481999563766,0.1345093196070613,0.1912650277026398,0.20857968014735231,0.07967173248307637,0.19011612704591324,-0.204602080906803,-0.1018271103746488,0.12040178330636374,-0.06884756522508555,-0.11039316738620737,0.22800444823590973,0.22929885248519222,0.27117661049005337,0.10375704847555076,0.25015682976937864,0.000786847332372203,0.1295536216793862,-0.10109885121499633,0.28963144725925344,0.24398026452962607,-0.2462614334796377,0.2027739348044477,1.0,0.001619841892318198,0.3695070638838329,0.14963622844460117,-0.3055182085668787,0.018188886391480467,0.17076053199644764,0.22812721489981894,0.347535244849621,0.06199418916147934,-0.44206711039271873,0.2112158709696849,0.22967636720623863,0.2492099733755523,0.19733300816156385,-0.2058213170012989,0.04467702680625425,-0.03059368452675596,0.02920097423093827,0.18378280637328048,0.3068526208410822,0.21110523140113394,-0.04058278419068759,0.2613962257709648,0.169529817093716,-0.15319533183926576,0.14221078276738142,0.24299648428120232,0.1337315557423343,0.020848441905682708,0.3334203157044801,0.2126865851571772,0.1720414071075198,0.19077471239646643,0.2145280858441125,0.062269396973172735,0.3178367748281266,-0.025931768337399533,0.2671537076450438,0.26434122869283994,0.17767528155040818,-0.07273884184359554,0.03856520796607762,0.1723325124537326,-0.04866080073831853,0.1562802771373939,0.2856675831963869,0.11503260282997421,0.3801017383651728,0.2553589698871279,0.14183295190456355,0.06563381013000047,-0.005382376097652552,0.14797889028672553,-0.17671729365919664,0.22342473451378156,0.12464632825287672
