,Thal_MGN_L,Cingulate_Mid_R,ACC_sup_L,Frontal_Sup_Medial_R,Thal_VL_L,OFClat_L,Cingulate_Post_R,Cerebellum_8_R,Thal_PuA_R,Parietal_Inf_L,Occipital_Mid_L,Cerebellum_10_R,Calcarine_R,SN_pr_R,LC_L,VTA_R,Occipital_Inf_R,Cerebellum_3_R,Parietal_Inf_R,Cerebellum_10_L,OFCmed_L,Temporal_Mid_L,Frontal_Inf_Oper_R,OFCmed_R,Vermis_9,Olfactory_R,Frontal_Med_Orb_R,Cerebellum_Crus2_L,Vermis_4_5,Parietal_Sup_L,Temporal_Pole_Sup_R,Postcentral_R,Pallidum_R,Caudate_R,Thal_AV_L,Cingulate_Post_L,Temporal_Inf_R,Thal_PuI_R,OFCpost_R,Vermis_7,ACC_pre_L,Thal_IL_L,Thal_AV_R,Thal_LP_L,Cingulate_Mid_L,Frontal_Inf_Oper_L,OFCant_L,ACC_sup_R,Fusiform_L,Thal_PuA_L,Frontal_Mid_2_R,Frontal_Med_Orb_L,Occipital_Sup_R,Frontal_Sup_2_R,VTA_L,Thal_VPL_L,ParaHippocampal_R,Thal_VA_R,Thal_PuL_L,Hippocampus_L,Precuneus_L,ACC_sub_R,Frontal_Sup_2_L,Thal_MGN_R,Temporal_Inf_L,Vermis_6,Frontal_Inf_Orb_2_R,Frontal_Inf_Orb_2_L,Cerebellum_Crus2_R,LC_R,N_Acc_L,Supp_Motor_Area_L,Occipital_Mid_R,Putamen_L,Frontal_Inf_Tri_R,Thal_IL_R,Vermis_1_2,Insula_L,Thal_MDl_R,Temporal_Sup_L,Supp_Motor_Area_R,Amygdala_R,Temporal_Pole_Mid_L,ParaHippocampal_L,Temporal_Pole_Sup_L,Olfactory_L,SN_pc_R,Thal_VPL_R,OFCant_R,Amygdala_L,Rolandic_Oper_R,Cerebellum_7b_L,Rolandic_Oper_L,Precentral_L,Pallidum_L,Vermis_10,SN_pr_L,Thal_MDl_L,ACC_pre_R,Caudate_L,Cuneus_R,Precentral_R,Occipital_Sup_L,Thal_VL_R,Temporal_Pole_Mid_R,Raphe_D,Cerebellum_4_5_R,OFClat_R,Cerebellum_7b_R,Cerebellum_8_L,Occipital_Inf_L,Rectus_R,Cerebellum_6_R,Thal_PuL_R,Hippocampus_R,Temporal_Mid_R,Temporal_Sup_R,Thal_PuM_R,Thal_MDm_R,Thal_LP_R
Thal_MGN_L,1.0,0.2325594411261723,0.4225484247601437,0.17633177659935773,0.5271677255396611,0.11383453448910803,0.3377123235764125,-0.10355742088885554,0.08931841367290073,0.0257770431667375,0.051154373475057795,0.21642673395984063,0.4258005316283049,0.1439785105578935,0.1599293935228994,0.033697094927260134,0.1535801661095045,0.3295544409920757,0.10240951499173029,0.22627894719482367,0.1335109362550843,0.21146953031879903,0.40707505662116417,0.07346539940679438,0.400405561915105,0.04253357218506463,-0.06307386344146966,0.14650142728703186,0.5091212775424955,-0.2077834009003288,0.10169976688480217,0.20851175984674847,0.021973598107528032,0.24438990938154553,0.07967173248307637,0.3939445113502085,0.2671744842773197,0.12321643742041632,0.1435545359000347,0.1949285322100337,0.005423026210181049,0.2867914878431961,0.21967163449729982,0.2878244609816758,0.24827417255076015,0.32516165273832937,0.0991557204332846,0.39570094791735266,0.3973019168373934,0.3721799073511547,0.4834210031753213,-0.03701838638307159,0.15623726966081666,0.32103253285746913,-0.03426718527387229,0.4088933510342432,0.3204725432292249,0.28946051910229464,0.2513642091555625,0.38399284475074963,0.10709948227694088,-0.02489416814055124,0.4249205194735156,0.3506700043160363,0.28531934132464,0.2920508084615163,0.36269673894404747,0.15359469156418207,0.0635276568408231,0.38654971571134783,-0.10189930370037358,0.2973914669790496,0.07461306596465467,0.23144580235408713,0.3618202625697964,0.35485106955358015,0.017011597632712983,0.41860063379164697,0.32632214503808515,0.47390629568392983,0.4075137200428195,0.02516107252930201,0.01276167289099724,0.296043964849674,0.0614478274242454,0.11822137335698343,0.09357036268302649,0.29297045406249245,0.14777884899116034,0.3774833137765165,0.42623708589280096,0.10783023284661818,0.4379032628194145,0.18548596022049027,0.14714860098223242,0.3678314682055238,0.27701142318364197,0.3815496194278395,0.1892947989887824,0.2492543119532796,0.22494492673080646,0.4260509327876631,-0.01851813546659691,0.2612111939620356,0.1023310491386432,0.16716875073270307,0.5739537463188249,0.08436190817566804,-0.34076622546937435,0.19056898256016583,0.12435212146577787,-0.009013353215663045,0.3276720079768578,0.39206921367181724,0.436714146975543,0.256935397859711,0.5139427906795971,0.3006336414597433,0.020935677727039564,0.37466954524808416
Cingulate_Mid_R,0.2325594411261723,1.0,0.307138360578891,0.5890705370056549,0.3473365657514602,0.30767722214974436,0.5832963744596803,0.4351034687967466,0.34210798878970533,0.6971724352044266,0.447765556203239,0.6697488773290716,0.5404163813147617,0.29745775243879985,0.18739224492716477,0.3527211936929653,0.2705426126334089,0.7292005721198892,0.7502441510960917,0.695084747862385,-0.11192258841323954,0.5355258928606373,0.5253627451109457,0.020866171303108492,0.21667725286991965,-0.02322208029917329,0.08627762447346518,0.25722976634407463,0.6873430278989693,0.4010645638363847,0.04285942528459286,0.7275340810376599,0.2632549680714934,0.026550682243622004,0.2649625982314246,0.6309165227479031,0.35624959580468385,0.05429188403232052,0.09595160159755428,0.3975997539596394,-0.001289435434047526,0.10310129876189962,0.07797693005575826,0.10613777949993103,0.9356126812087324,0.5243740006914454,0.11724774169699911,0.1984872854987922,0.6677314303143141,0.4303111905450896,0.566934323967586,0.12818054786933183,0.5763843133307154,0.6462663199215356,0.33399998315665697,0.2658415985794583,0.5393240956010662,0.08840443148644953,0.5990830379455262,0.7727170289043833,0.6306671734476474,-0.011268559171820973,0.6307920608256999,0.3111044570233765,0.5389461860932446,0.5089353904564373,0.19699743287532281,0.25854599984530546,0.20535579041705151,0.28368876951003363,0.19141111382420897,0.7910624720291515,0.5384814177122008,0.1646765892909276,0.12272172473187799,0.16692382447051293,0.4200700786174347,0.3153833635701358,0.34712651014591855,0.6506344796706824,0.8068319547939137,0.13014209436065832,-0.053083515652329945,0.6196849107937349,0.052566512173359295,-0.09926489393347786,0.5769204173304187,0.6874660565958494,0.059836131811844315,0.5089944329282671,0.6203549141961691,0.30317712164614663,0.6906038961743569,0.8331089276702236,0.222645293612705,0.3307095393156548,0.6022183157939648,0.1812369051526289,0.1240689028509658,0.07462403483799752,0.5939915661539585,0.6466186306913912,0.4894090211802285,0.2761400426419037,-0.03515038757762928,0.29293375083245804,0.5953244164709178,0.06232716388088641,0.31570779783078173,0.3558785699413629,0.327524899109259,-0.06666516657224135,0.5205107642369753,0.3622013469296724,0.8068162424051103,0.5824290480983256,0.6420731183968605,0.5770284568252645,0.5126824058651211,0.1833259943853616
ACC_sup_L,0.4225484247601437,0.307138360578891,1.0,0.47749837679590723,0.4080954925384851,0.19827328990803866,0.08420411316328426,-0.0210339133975233,-0.04590746747661177,0.12346875462136112,-0.31544199755521174,0.12394836187271058,-0.10299120835387611,0.04752116856002884,0.35306140251143325,0.07993351531514484,-0.23239422009902155,0.24455884831966668,0.09077517714568588,0.17443132648954,0.22765108674795295,-0.08189363696152062,0.3487589102147402,0.19475805590620593,0.12394788907228026,0.04731790195480159,-0.1664633090613837,-0.11711533006292113,0.16890857925059913,-0.10862097225451246,0.3981026515363324,0.268492233310816,0.20943039080466677,0.2796699800845197,-0.04539063411209422,0.23075438160354464,0.34437668238286867,0.18185226125949597,0.543325469783416,-0.15281606487265925,-0.027524088962771972,0.3221251057993912,0.4280849090628997,0.542688683079271,0.294617303248901,0.24630185976703095,-0.11566135277980508,0.8872646673471959,0.06620952167866677,0.4124067634318789,0.6228920840608635,0.4278706183320348,-0.21401772966156443,0.5441275813317953,-0.21791195242922548,0.6712996846270212,0.41797463085400366,0.3999219251432609,0.3905077969731087,0.20015606999739716,-0.002419236248557098,-0.10575678811990133,0.46036568500178193,0.05621566552225641,0.17358292200143643,-0.09166656354298586,0.3775752147159275,0.3027656741418883,-0.07563104540888035,0.41508012987427123,0.010845547093548303,0.2746911366379862,-0.2412161273077813,0.31852506471413916,0.5935944798058247,0.35741996890844413,-0.20711530500599945,0.4288643953365815,0.38505751964086016,0.35150271459562477,0.2948365504249978,0.2867055740073889,0.28902787326155904,0.046795780178707835,0.39310448982258206,0.20577618552932536,0.34427542133971323,0.1444280320778623,0.1353307864548617,0.13761750391619865,0.3924112187360288,-0.11910584849608338,0.3631979803100868,0.16549180600483648,0.48377785194217254,0.22573206670311657,0.298371407896974,0.5281653877091292,0.3630341156681417,0.294220569882953,-0.17984909198422414,0.3025810544119271,-0.2804375037145501,0.4394204707635819,0.26363568989160197,0.011147884902774687,0.27085820392787824,0.0941704442106161,-0.01199893373912938,-0.2030250783798515,-0.21779438584007457,0.1349872239398044,-0.032681108192226034,0.4949729098667579,0.2758596445141462,-0.046644965262857475,0.5606288959811886,0.11937787182924732,-0.1923964850064352,0.7477244364950868
Frontal_Sup_Medial_R,0.17633177659935773,0.5890705370056549,0.47749837679590723,1.0,0.1377560944641055,0.13688129215985603,0.29088329096924315,0.29502040168777127,0.08704776184637238,0.46694975805494665,0.024131972384679273,0.32014490323695777,0.13181949835517398,0.0925830154069062,0.26434005617483547,0.22660463295434613,-0.017664455939800715,0.4654381304104178,0.4003366210796003,0.27504918134432416,-0.15826908559421152,0.10806453733286434,0.43668012035677417,0.15429826774819697,-0.025791460421881882,-0.17199501631666267,0.2311038835133296,-0.12505936985050511,0.455685324849709,0.30997046754848,0.2461563097505914,0.5107032911962931,0.16046775646050182,-0.102975154036677,0.020848441905682708,0.4100609904489058,0.28402837842531475,0.14354631992280223,0.3778412066704833,0.04895720911168477,0.2118384644380531,0.22158612025291768,0.3545484284851554,0.1767789937475013,0.4819573002955498,0.15377701345447697,-0.1414626003558853,0.38489317147742624,0.19955206048784827,0.11401886718204153,0.36136390651784733,0.3492673334102483,0.17870827685112645,0.5764201861869992,0.06514326878583405,0.34293618611906346,0.4540552223371368,0.018130703989754342,0.3539324013474295,0.3081933247399162,0.37980666104227384,-0.024517290420216442,0.35655291368071074,0.2163292526988544,0.15238626202669686,0.20535757468324614,0.10118842633499804,0.16300098837945456,-0.029037413043112224,0.30778680554283366,0.1743397341530795,0.4601063119786484,0.12334304531470397,-0.046465810548059636,0.21955014555778907,0.30940138489031666,0.17432273015228206,0.07891435513153514,0.5725219890660606,0.2579247636598344,0.4967279742100438,0.3500087200321976,0.05805606445729235,0.18197607650696856,0.11275193403376013,-0.14789295142376024,0.35291722497014827,0.35197752182076475,-0.03691474621799711,0.33897555095767706,0.4485412756704362,0.24684959400461648,0.4198065301542904,0.4481231180217462,0.23226765647020875,0.10426031311692067,0.3760553493436094,0.2061725854887246,0.6038698241726457,-0.1328330415815221,0.26385183095781745,0.3994371664523344,0.2092074103916469,0.4633803278872871,-0.09373758728321446,0.04574346978224274,0.446543512138273,0.10576788464144432,0.16251233606142618,-0.03510077606016364,-0.05633524537482325,-0.01006281785699404,0.1537716606215,0.2640388031368775,0.4599186006337234,0.2117666478284719,0.4979735344745589,0.43435412421931285,0.27521663014886877,0.402788889149065
Thal_VL_L,0.5271677255396611,0.3473365657514602,0.4080954925384851,0.1377560944641055,1.0,0.26495622519910367,0.32210152551829907,-0.05346665361631228,0.012710122702996552,0.31291112780904845,0.12469162412981553,0.308196115306949,0.34127839480642924,0.3113493249733099,0.13218357868818137,-0.11831708005193993,0.01761477609426322,0.40368305481871564,0.3832738330733665,0.31026793937681335,0.41589328784709323,0.22136925584679934,0.44920619410088947,-0.041020572036066565,0.1846840581588327,0.22138265360340662,-0.2141386442498276,0.09973026432579907,0.3268464969683442,0.084347015532646,0.2038301258648224,0.47890276840684,0.015591534406508244,0.4087652453569839,0.0215687687337008,0.33049354036478223,0.32503621324414494,0.4618674364675296,0.212369650680238,0.1322317053974078,-0.13073116016830608,0.5830094784604295,-0.20173437765271218,0.20514692487663896,0.4498700649063928,0.2906082260504404,-0.12881623014320912,0.31626934600056544,0.32254644073830296,0.4477623821818363,0.5741377461127031,-0.07747659053194061,0.24168865424376318,0.2390369130173319,-0.04318429391600655,0.4549175119401835,0.28987210034158145,0.4660056739008485,0.4605465006157648,0.318327089923489,0.3005341770211098,-0.0535883659405631,0.38795043642354654,0.17655218916567886,0.34848711087049355,0.24178149544685873,0.2863393062625224,0.12832866144982255,0.1152522877540816,0.12030852112331059,-0.2930920052685086,0.34155300618981554,0.24067478063188608,0.36342220008959725,0.34139648409907686,0.33139933764753177,0.20560078035709667,0.5688263502387828,0.19775359463366413,0.5206765428038997,0.4671680957647747,0.10164901822018838,0.017907704485235012,0.23553261473041937,0.19435262376323362,0.36447004920505555,0.07220010631860897,0.468760580370505,0.1864109039776829,0.25799358121283095,0.5125037108981143,-0.052627526829459204,0.478462996044368,0.405135472066318,0.08844593799566249,0.35852088867111165,0.09794843748755383,0.5552687276284163,0.11034690960743303,0.5050081591623926,0.2573121322160247,0.4406514947201042,0.12602283966626804,0.41801426812284515,0.21362622470607567,0.4137115617281478,0.5068482402845117,0.18650378645186907,-0.15343845784626262,0.029244812767539173,0.05588469973889224,0.2102768005577136,0.2477683571889793,0.1540087063927865,0.3579687059990168,0.35434327048573694,0.49882673350073714,0.3529275325482322,-0.058972755764252406,0.35052061503010706
OFClat_L,0.11383453448910803,0.30767722214974436,0.19827328990803866,0.13688129215985603,0.26495622519910367,1.0,0.10637399028584392,0.2943486754291216,-0.47022657739284646,0.1020556425782602,-0.2294859882662831,0.0817139492529962,0.003500092756464775,-0.11723719538073674,0.10102883726092081,0.13951667089917735,-0.3112359545441667,0.18703117967901445,0.21590101457478753,0.2009732956237552,0.43367394633488116,-0.002052613811773342,0.03009844864159205,-0.1722830602749274,0.24563596419742992,0.625430786748787,-0.18365371588633225,-0.12017013237372211,0.12500169633674352,0.08103811523560767,0.4746069830793591,0.2881868120296839,0.0556882783758878,0.3972256182185957,0.32136743328246453,0.1270567715473455,0.19967026507370825,-0.07046389817944423,0.22907988823100886,-0.15279487013302753,0.09844276906571828,-0.17446379838170276,-0.13443445059234907,-0.029329392096355728,0.31139329612683564,0.25355520598379894,0.22247231673440013,0.2744857786563821,0.11127798252633771,0.014063705633367977,0.4006149913090303,0.02908517244395217,-0.05382455412847177,0.12301162868445757,0.13500345851964426,0.4729699339865111,0.1151184747380247,0.6516960088468201,0.33727300583418346,0.24623494523325254,0.1916210655318884,-0.06376365902818075,0.18083407129658224,-0.06960921290914947,0.3047059201593956,-0.16721311535933528,0.2720197478035744,0.22703773399391639,0.16776809552337138,0.15270829370243513,0.30227760334531023,0.19306574693632492,-0.10334532483693365,0.4972627070376918,0.29424413185362375,-0.09367143588363301,-0.24691699093550754,0.5171969927078179,0.20644007553131077,0.29075506321490224,0.30141747364265303,0.13451082179944515,0.202400166761277,0.018255280422328768,0.5016408159302793,0.39683887809276985,0.3884193841187051,0.07952913177238458,0.42802874119985895,-0.16568529112948258,0.2100808657340656,-0.07031452702912157,0.27857005039839744,0.2552029074348021,-0.11572374799891938,0.18839581538139313,-0.026149922408251584,0.5665011843013917,0.1455870704470964,0.44467664484392216,-0.03896568136306293,0.10135036928812907,-0.2079145195015814,0.32450538170191967,0.2770943149681869,-0.05276251704508868,0.18768877314014493,-0.054625945824327574,0.27686529891786943,0.02586652149749612,-0.23922196017272662,0.45991314476728157,-0.043678406240607225,0.18595473033355078,0.3011146362816708,-0.038259929335429654,0.3169888230334663,0.012874797254915055,-0.1134160487086371,-0.03463691543860172
Cingulate_Post_R,0.3377123235764125,0.5832963744596803,0.08420411316328426,0.29088329096924315,0.32210152551829907,0.10637399028584392,1.0,0.2762808666319353,0.39194580011132013,0.3512288996317624,0.6167035260158713,0.5827397655218586,0.6077610186042594,0.2668575595472907,-0.04932949714749288,0.2076951186090238,0.3067083916423392,0.4124058855856341,0.37396158232346327,0.582854618560868,-0.12835413571425733,0.627015239128142,0.3216469184970101,0.0705280584006532,0.22193556464012068,-0.1334416714437172,0.1772104625936303,0.34592227934403774,0.5952435876548243,0.10540562177995882,-0.07737680586554138,0.34200605283237306,0.07454938975881077,0.007464318693257009,0.1337315557423343,0.8802299020616265,0.15077572174553128,0.278400664678094,-0.09301233029040736,0.480254592732087,-0.14354978540162228,0.18034633856714521,-0.04239077512608087,0.11169412594801377,0.5682215828415641,0.38213351410337176,0.0854670608217061,0.036016869369098425,0.582896632300898,0.40931082707513766,0.4101249991372445,-0.12073871268643376,0.5547362992824071,0.3299042475000529,0.2894679982109465,0.10277417487782106,0.24423404825464604,-0.06043403560906478,0.35517740195581327,0.563733663441836,0.44265446636010575,-0.03064042955044064,0.487116241534337,0.32418023385240496,0.46365043772597686,0.4705190812189052,0.18085252887034622,0.07131007135917615,0.19778752642158456,0.1890520997551297,-0.13234128174921614,0.4750692395395978,0.6013549523634449,0.026184597688826996,-0.002342274312995064,0.2118072433138513,0.3015515577141141,0.1547829196233058,0.2508412553820669,0.5104642604062389,0.48918556601244917,-0.09633713964619496,-0.20210690445007873,0.4753150663317722,-0.11961070294533496,-0.09819022610562897,0.2445395533857676,0.6216916430759346,-0.04117553123284589,0.47170834245623183,0.4697828943870949,0.27923837247593103,0.5288596582769435,0.5307813811935954,0.08782898383446067,0.33654051053480627,0.430551459495042,0.13146561290377892,0.037339343655731966,0.09065384580093644,0.5853982413179393,0.39232476238129405,0.537055050582599,0.07682374198023442,-0.0036727263589380133,0.40475968577977395,0.47462986860719414,0.082016369699263,0.0779504018773377,0.36566902677808666,0.4464916459699096,-0.18774663407186823,0.5537878510942036,0.3275549538422862,0.5349010734891066,0.6439659322029465,0.3827794851634108,0.7334595555075258,0.43190730847730346,0.11580812189649736
Cerebellum_8_R,-0.10355742088885554,0.4351034687967466,-0.0210339133975233,0.29502040168777127,-0.05346665361631228,0.2943486754291216,0.2762808666319353,1.0,0.05814787270375529,0.32838154733031794,0.3082211175078473,0.3616125567771615,0.30790202076326084,-0.08041531589742616,0.12256591611215459,0.2917249266495432,0.1467928317354697,0.26737213299834467,0.34304470396968745,0.4770117120085203,-0.10319147101248997,0.3680537672709741,0.15424637418263795,-0.04392905319317852,0.1844414485883255,0.10408794590626261,0.12234811775257141,0.1929102820149386,0.3880569275690871,0.27180567128970656,0.1729965924070053,0.36084968316214044,0.23455414345687006,0.06488810535203986,0.20836227011879446,0.3675112987893015,0.027801841016510273,-0.02072973742163921,-0.0191915173703276,0.2583534366318606,0.13093146051772026,-0.11279674496522113,0.07031564980136239,-0.12605822331605399,0.3695519633955707,0.36393351806787777,0.02489163531443776,0.009734996657695987,0.32090893368133144,0.021952677821528398,0.20575870177854272,0.1092996408788131,0.3457975806867693,0.13781879291052823,0.22133071256303644,0.08120700192624851,0.07998400993474836,-0.0528212344962663,0.10426968567157947,0.31986211875780746,0.3484762945082931,-0.007342779402448905,0.11529970814397444,0.25299033945974886,0.3727504017939026,0.2711822191138336,0.07764015964602017,0.08065510233102587,0.24856816399994536,0.19233273084012,0.20892155793014155,0.3342047549508551,0.37187757759853945,0.08135882298826515,0.037154656333723335,0.09019297054460057,0.2128261776456433,0.12437193993744412,0.25902273662561,0.2431502603648681,0.38632459397301744,-0.07234826952993359,-0.07795601735282832,0.2721364196518406,0.09083389451918787,-0.00017194987423146377,0.2752151014619865,0.34768715160433206,0.08177821235834602,0.15132789453972312,0.3820576182121148,0.14190533311002493,0.41575704252471724,0.4354587245388612,0.04525402153549229,0.2135766073198436,0.27210242048382827,0.016001942906150625,0.04771625620361507,0.06443831959169301,0.42545081297744075,0.16698284301857702,0.33112266631546095,0.1713194331309625,-0.08368981736414638,0.06570863572394305,0.26139056083626455,-0.017071369193516414,0.44312473864352153,0.2684680838304783,0.21391594308357206,0.05064310021331205,0.36231438040234754,0.18646431122079946,0.3407368096389715,0.2840147468254254,0.18257048260281014,0.3135688471766409,0.4570236375829066,-0.10551426844754978
Thal_PuA_R,0.08931841367290073,0.34210798878970533,-0.04590746747661177,0.08704776184637238,0.012710122702996552,-0.47022657739284646,0.39194580011132013,0.05814787270375529,1.0,0.29432320896196706,0.7064601248378936,0.46548551939374366,0.4934839006716084,0.26150683662282137,-0.08224065523168857,0.07546310309104683,0.5901330242893973,0.3994719068587699,0.3268743395693861,0.3412171399849378,-0.42094713799631583,0.5560632599411174,0.2793563764051844,0.14842949709421205,-0.05238068119148247,-0.5480033540754908,0.16269368631299838,0.4829059173840795,0.3076652407373677,0.11708596993241496,-0.48091679989473873,0.1804346933269044,0.05833724888006474,-0.37272496677171546,0.18378280637328048,0.3099823205161642,-0.019618048378324773,-0.03765754291673864,-0.3027275031607551,0.6090180756638797,-0.1290160384204942,0.035811505772530734,0.07169161262073034,-0.03473748604013196,0.32676454678465516,0.17817021117470794,0.05439745123867975,-0.18010700070365102,0.5193942868320646,0.5738348531961732,0.021235969366056675,-0.11420778092338688,0.5566862577557163,0.24999932986085724,0.27005996909930385,-0.3828806676190206,0.21986713009050995,-0.4924191818276727,0.1848793170861415,0.3557242280956548,0.25647248225676494,-0.0451293592956055,0.3028825888017004,0.19967139067896375,0.2362911230067753,0.5651113972363735,-0.01281949741416184,0.09972505592452774,0.20904294790851588,-0.02153875540799892,-0.24629197238071693,0.3307527957638301,0.610495552326702,-0.2600553304945725,-0.2973639206647025,0.04823014442505882,0.5854809208611386,-0.18734212053408847,-0.15886226538066148,0.2578097586995165,0.27704788470355207,-0.380897751555542,-0.462125828223536,0.5674057388507887,-0.5427804408747872,-0.4745819908497773,0.121103530779177,0.5533539213253047,-0.3447163729192988,0.5106912220933646,0.19623236758086018,0.335903911467407,0.2703049824187547,0.33598288223772643,0.30283018905430487,0.1920513331010771,0.42715605089737646,-0.43901865198269246,-0.2564520294850295,-0.30301156873703955,0.5103927560538095,0.4120234593880041,0.60440234168412,-0.3154629040074395,-0.2221970008551443,0.43577383931407715,0.20765679010841645,0.1220680481500871,-0.05956435869159692,0.41210974108497184,0.6479888552200774,-0.5089977868217803,0.5530770672168996,0.13609536746128237,0.2856378745803519,0.5228818331639942,0.034370166355014754,0.40483209615747384,0.49050217680560565,-0.07783014125571795
Parietal_Inf_L,0.0257770431667375,0.6971724352044266,0.12346875462136112,0.46694975805494665,0.31291112780904845,0.1020556425782602,0.3512288996317624,0.32838154733031794,0.29432320896196706,1.0,0.3698928949082512,0.35187828438632807,0.3020629546182566,0.4684337692840019,0.24975409198051843,0.10521545909175696,0.11224614101489323,0.5498833180223544,0.8137641684504309,0.38538469205711134,-0.20629863131317158,0.22616252982799484,0.5638294148578132,-0.10536478551025158,-0.1601170669555828,-0.13783839538083553,0.11599758749010781,0.016721941378454973,0.4177866622228104,0.8549755386392431,0.19905088899948317,0.852110739883419,0.005505568547554843,-0.061506767148225956,0.13243295486766488,0.37434938392693784,0.278573470930605,0.13889969346783815,0.13752591122154065,0.08731773884657217,0.018971888363329015,0.19065611664053775,0.02190593300171009,-0.1001453710653187,0.7109701101404527,0.26335638595870275,-0.25245109646329844,-0.004737879570922002,0.3117097478345954,0.15990309951844883,0.30131142688280577,0.12093813069684961,0.5823633397429789,0.3539445925254238,0.1688754436302501,0.06339479352966872,0.43400799636737014,-0.08068747056380296,0.46660380219713377,0.4043486811320178,0.8556958968570233,0.09114827292824804,0.20670635390915024,0.2528653069071903,0.1259146162382349,0.3401996514711929,0.034621938808089774,0.17320833167306926,0.06616291788661234,0.0010108947259429542,-0.010877910063765265,0.5507633657411458,0.5664227847564695,-0.08059333767740257,0.11933799535566667,0.23604683830495565,0.5517238464857469,0.08852730116926415,0.3845101021113763,0.27159844810306505,0.5921823306189505,0.17327916408103622,0.0060281884509618055,0.4094588505611541,-0.034925584878060974,-0.11584593398236613,0.29837010978795564,0.5748841078996626,-0.09299209334109551,0.2887418344149795,0.5468012795166692,0.07120228186577506,0.45232844417525664,0.7594613454903044,0.02846552804368579,0.0630248026967571,0.31790580382014993,0.0009757400749499036,0.2444305838938205,-0.025005933066437263,0.6023232164301889,0.5009982053623484,0.6390024019275439,0.3781019523655109,0.029579500853845225,0.4735747584533984,0.4476550642509345,0.13357821197372804,0.1482759506074515,0.0024205787341786927,0.07597726167719183,-0.16309756709778409,0.20100750589611152,-0.08185153264406231,0.5388911641608936,0.5009078729097822,0.48101103803966294,0.3861225185975098,0.4949015596325473,0.026065156810421194
Occipital_Mid_L,0.051154373475057795,0.447765556203239,-0.31544199755521174,0.024131972384679273,0.12469162412981553,-0.2294859882662831,0.6167035260158713,0.3082211175078473,0.7064601248378936,0.3698928949082512,1.0,0.6690670758910171,0.7939462046857969,0.3863161248467515,-0.17610108015625095,0.17117953777450093,0.7086994604302211,0.41936128097076314,0.4642539099478059,0.593959093564814,-0.3713105902870151,0.8388037694929552,0.31687291973898163,0.02503994463204223,0.05260662470279385,-0.36894433823689116,0.20472913847899296,0.6702693438147416,0.5066158363275888,0.18306234330008295,-0.5084379675915308,0.24658654635485594,-0.004075115553154969,-0.21363596843474972,0.1723325124537326,0.4955936709491537,-0.07899474609436814,0.04540548457180685,-0.51817867090884,0.7966561744190991,-0.21367918460864407,0.09895105474167246,-0.21964735138550193,-0.23245365016236041,0.4314110043300608,0.32101930890863517,0.12835648888224574,-0.41480631549541747,0.7098066486359584,0.4686561002786111,0.07362389623042326,-0.22763896031143568,0.8429755991517215,0.15942416581536228,0.4905348670417969,-0.4732602857770364,0.03593595125099078,-0.47326646725876603,0.06788627142082773,0.48292532980629865,0.4288968706613487,0.13019103351536046,0.29480057536897514,0.3782791213330139,0.4710457079388549,0.7759261202211588,0.0031320480424476293,0.1427977430590135,0.3609027324633158,-0.09998717702616698,-0.21910670515206396,0.3874197519013525,0.9058227378681918,-0.2189061654125621,-0.36503076313719607,-0.008540365106723052,0.7288991266233567,-0.04356252922263385,-0.08722508408281866,0.4167544679012507,0.4257641008172283,-0.4196134948933508,-0.5596652729825881,0.6175938067657811,-0.5901232152512508,-0.31670576429436204,0.03362961836384125,0.678111356571892,-0.18478565448630532,0.5218905236058443,0.3256138331993514,0.3826242038768231,0.37696073970151756,0.5174549655923881,0.008563675322604963,0.2660994566170763,0.37347456146202124,-0.4196148850339346,-0.2141504873459132,-0.1321497908244199,0.8208744101136645,0.4232524045801117,0.869000282012324,-0.3422443645435695,-0.2470670949919908,0.5446831858031125,0.3692577225950691,0.11553271348786315,0.1060189313662196,0.619359576759912,0.8506022979240037,-0.48628948198861033,0.7906585972192282,0.10130607998796926,0.3927948031527891,0.7719339923137604,0.08018523157283716,0.5357540632678577,0.664456362293926,-0.29677783396822016
Cerebellum_10_R,0.21642673395984063,0.6697488773290716,0.12394836187271058,0.32014490323695777,0.308196115306949,0.0817139492529962,0.5827397655218586,0.3616125567771615,0.46548551939374366,0.35187828438632807,0.6690670758910171,1.0,0.681264542778729,0.3260147041073006,0.07446102228833332,0.3021251110261397,0.47961682361659835,0.5870057565042134,0.5379560231751603,0.7696378035795837,-0.1614017597208553,0.8239155543382314,0.42165340946593227,0.16276288397268335,0.25195100155223443,-0.16924841511219063,0.1377872610016823,0.5428645436166601,0.6806748892795514,0.005591636580346214,-0.3140313541034025,0.43144744071614344,0.13352235954903813,0.02131669781389387,0.1562802771373939,0.6010070541757877,0.13812124196351802,0.03157892512192743,-0.22379838761542623,0.6990360303384066,-0.10111261643165774,0.22811668601844795,-0.09207728671714416,0.1201301483112502,0.6282733897961155,0.5217519544383289,0.20755443798306472,-0.0028924176737015533,0.8071901992526195,0.5265245022567775,0.46034314912653673,-0.017662332658610478,0.6132296562207507,0.5530134626978642,0.47569565366798555,0.007471233494199075,0.3173336695539138,-0.09751112931542724,0.2930192765715494,0.7121875973891119,0.3193614709205322,0.051273436082678266,0.662655123499799,0.4097069169668387,0.6798633613155582,0.7014234217312696,0.06824638920347444,0.1491801151871113,0.3031327980023893,0.26843737325475225,-0.053947891830581796,0.6551601668536721,0.5990632716283414,0.0017463445703902185,-0.07814265847268893,0.12850215967894554,0.5114908011844858,0.18612206441749343,0.18308097834598977,0.7246331470321447,0.6494011059079773,-0.10423808668129175,-0.33404124068018726,0.6251834560994161,-0.21004462556787648,-0.11008397612579605,0.3393554353098104,0.6265283364772759,0.050401020801116705,0.5962358993927179,0.4508275280127957,0.40920808539925596,0.6101246541720926,0.6834178891908517,0.1669699281792328,0.41319279622028743,0.5641086075334931,0.025271561845196334,0.08180296555731784,0.04438828481132061,0.5999229304874578,0.6304254996976,0.5316975134003535,-0.043462000258864424,-0.11763202923068353,0.36881028419558903,0.570918152110831,0.21526691733292547,0.2085069644806038,0.5798057141229127,0.6443437498491806,-0.23848870759870514,0.7552887917693429,0.42723324183292677,0.6470943218271784,0.5803440077561927,0.3718159267925727,0.5864995150648479,0.5815041702264784,0.09157482256525962
Calcarine_R,0.4258005316283049,0.5404163813147617,-0.10299120835387611,0.13181949835517398,0.34127839480642924,0.003500092756464775,0.6077610186042594,0.30790202076326084,0.4934839006716084,0.3020629546182566,0.7939462046857969,0.681264542778729,1.0,0.3654969461540176,-0.10008354927305314,0.21114294336135345,0.6596465911202236,0.6203644586916559,0.48237528096874627,0.6637129536020099,-0.20963228167200854,0.8226939394858562,0.5317744338534358,-0.004857665576344557,0.3845300929751228,-0.1159828441627377,0.045501401504577856,0.5998437810518468,0.7836898701921376,0.022566545791162906,-0.3805843097298316,0.36387113947101224,0.1573469164692143,0.058040168419629,0.23460938559148195,0.549829804613155,0.24295736327989767,0.0003580765205028262,-0.38089210050009586,0.7777599990622028,-0.1723810161971028,0.14435613198313801,-0.13117747493982643,-0.06825937799124397,0.506912586757589,0.5364048675266399,0.272805976245508,-0.15516162409432108,0.8613557882407641,0.4828840585186178,0.3929281257405369,-0.1548339325831881,0.8172463566003031,0.34391747723036725,0.5007090091122972,-0.14420600894419686,0.24464716460950742,-0.11827026557487262,0.1341741265442514,0.7056399602304504,0.3947539000045827,0.060447664367015985,0.5515753411115089,0.4754596456930653,0.622245488330404,0.8362174360538818,0.22438878454043815,0.1844976274819558,0.2574921087726644,0.1456039924064193,-0.02505272950235062,0.5660856545595547,0.7933450448747937,0.050781658653705875,-0.04976026617685749,0.13056013926014573,0.5840536490566399,0.28941220694870545,0.155354018697055,0.6758727374925266,0.6734462992445629,-0.19726568792447793,-0.4607710453524411,0.7092993120856345,-0.3879010998136189,-0.08503501379524914,0.1753681377906541,0.7021819020451903,-0.057652083071538525,0.6851529731223948,0.5322553526163886,0.3482577852563274,0.5901491522974712,0.6004612500039974,0.10985332175132519,0.4928263954583091,0.5028458002599365,-0.07865201507685196,-0.08579067651938571,0.07730385466137961,0.8150069963751108,0.6589918195510404,0.6470393599976539,-0.1198877223533243,-0.14591074042503674,0.39492455559379697,0.6921765325943388,0.11249006868833168,0.055874692116016214,0.6620550419402733,0.7598813807322896,-0.31180286997595286,0.8856048112004432,0.3673673369297714,0.6681741248373352,0.8104854818668816,0.4112530518721918,0.5932333056893385,0.5670172248759517,-0.08142578453041732
SN_pr_R,0.1439785105578935,0.29745775243879985,0.04752116856002884,0.0925830154069062,0.3113493249733099,-0.11723719538073674,0.2668575595472907,-0.08041531589742616,0.26150683662282137,0.4684337692840019,0.3863161248467515,0.3260147041073006,0.3654969461540176,1.0,0.006892572687731491,-0.11537953544277878,0.33160589142606856,0.2227286158780834,0.3597813643950249,0.20282774977589157,-0.15929018982685336,0.2579565162588034,0.5910499090463724,-0.014776633871258474,0.05372395581301877,-0.11847149016897612,0.05339028577545852,0.33843708756702595,0.2173890321668527,0.2955050039630444,-0.18242218663844903,0.3463860195619332,-0.0705321575237312,0.23860367462934262,-0.12888606713468026,0.18063148817777702,0.36160906373257806,0.15309941937394195,-0.1652803577374508,0.21534340887109918,-0.15406627700093492,0.42110467239441296,-0.1593423049396121,0.00036054021203680707,0.3714488867940081,0.307169059967116,-0.09470592136807846,-0.13179328722687642,0.3276732041061939,0.3644467096634858,0.18253131898489502,0.05162515912047637,0.4296905276980272,0.3800915307087131,0.15110585741698315,-0.03926794519302568,0.06703055992266559,-0.07658158701052048,0.09772645305375505,0.3410900303059482,0.336763425252102,0.2203254579110166,0.3201413158561101,0.15747647563229267,0.025863426009465975,0.42928165201736446,0.03596289586998291,0.1429591374166815,0.04097152288736798,-0.2098420280082149,-0.1716089770075786,0.3297577156180854,0.4402329236230279,-0.1049397443007548,0.21817218788248005,0.10351214437873231,0.5017105657164358,0.16462499763983032,0.22244216049436177,0.2978882726472831,0.33037395563778066,0.13826121389030316,-0.24220321425921928,0.23934325517829638,-0.3085381899454153,0.08380946887865097,0.050621048496371876,0.46310042691641656,-0.07377246500014024,0.2634234863318541,0.4454474848837834,-0.043704622517522405,0.17207727260837166,0.41639608694655944,-0.01808221760826762,0.246802218750892,0.3565216772696143,-0.14874750950694998,0.21665164790124025,0.1846779397995808,0.37372120154522775,0.42940694800636475,0.40192473730637635,0.049697462688021665,0.036643464166601705,0.5139452230348472,0.26255591006820345,0.2280064313674648,-0.20545130002346665,0.1258120530812009,0.2676190293117475,-0.3934094622194524,0.3090568623831809,0.04182226531603878,0.30969087024728603,0.5427053850635781,0.40956384986066396,0.31029852853124823,0.2572256971695968,0.05185479223205322
LC_L,0.1599293935228994,0.18739224492716477,0.35306140251143325,0.26434005617483547,0.13218357868818137,0.10102883726092081,-0.04932949714749288,0.12256591611215459,-0.08224065523168857,0.24975409198051843,-0.17610108015625095,0.07446102228833332,-0.10008354927305314,0.006892572687731491,1.0,0.15553873299778076,-0.2657353131676327,0.09837178110734815,0.10994358362521443,0.10770224745477193,0.15712151454487114,-0.18933885318485016,0.18297107146996947,0.0865311917112557,-0.06941138719825958,0.16186454758890031,-0.11918601386512717,-0.11866725568402653,0.16420563097843507,0.21188915121228052,0.35212540230972733,0.3038860608810249,0.18566172019567628,0.18512852723373366,0.06563381013000047,0.07032929223426375,0.07373139758532156,0.16581391362386744,0.30179513882729225,-0.23704178050168428,0.04744679690040202,0.09938488626748547,0.2974822632758552,0.009435405786306906,0.2909057150940701,0.16243230723656835,-0.1409858778532459,0.34960713217098793,-0.0638921607177189,0.015750882936095643,0.28124805005914183,0.13412190264140905,-0.14366568990242742,0.3055422729960868,-0.2748764545821771,0.44071724918650285,0.15663569925148105,0.2708408246360419,0.2828849524651533,0.07909657443336301,0.15076943065264023,0.06044379829102613,0.06749054573699512,0.17605941702724104,0.0007752692538350152,-0.13059785162967336,0.10190680779851145,0.14336953671681368,0.04666115551212633,0.34429795687148584,0.11328200204991917,0.1920462573614336,-0.13238995595670994,0.22100371904000798,0.36374417773012724,0.3686103229920338,-0.07608019700183839,0.1733270066862351,0.269722667722583,-0.021187943534171996,0.15231275114921802,0.29405206385064325,0.31634485335859375,-0.012839406714193655,0.3517244385316517,0.20542573073711212,0.14712705817982202,0.027495623424779132,0.24285451077474346,-0.05510818120676604,0.1326585073668525,-0.07095006487075661,0.07964941691838742,0.20497469598621523,0.197072932822281,0.07419949175100403,0.0935241788315092,0.31409229767519087,0.18904858309761657,0.20377891158664202,-0.04611671521581559,0.09182204367376606,-0.06646056067340925,0.5252440705756081,0.16761843352994601,-0.06146153999512662,0.24140881750768825,0.027752584546747887,0.06400135099150031,-0.22219288235135665,-0.278087998812331,0.2219664783391164,-0.11291078585219003,-0.012710648514495524,0.16401358580524475,-0.029437554445919688,0.20649622153022332,0.030656972899348878,0.09640218518670327,0.316928903400832
VTA_R,0.033697094927260134,0.3527211936929653,0.07993351531514484,0.22660463295434613,-0.11831708005193993,0.13951667089917735,0.2076951186090238,0.2917249266495432,0.07546310309104683,0.10521545909175696,0.17117953777450093,0.3021251110261397,0.21114294336135345,-0.11537953544277878,0.15553873299778076,1.0,0.15901232449509836,0.22935825892908665,0.16298498781498685,0.41084899275010384,-0.07889211737729243,0.25094522322769686,0.02097896747902149,0.08783554870992206,0.20886340474245782,0.0679425976111777,-0.016879019513265696,0.11800752655180491,0.36353105606011316,-0.01774493352450788,0.020788436384797444,0.15780390635471245,0.339040983713069,-0.046250783817530956,0.2027739348044477,0.2641495643097186,0.041092931847928636,-0.09323721133376522,-0.002647199986246766,0.2625760810482954,-0.07696679148307309,-0.23545361195556294,0.2806126427769427,0.07363302040091133,0.3163469774705833,0.3051065456696766,0.243105596410182,0.09176538475942471,0.28550330899842213,-0.02921631451524888,0.21369511943783143,0.06296665094836006,0.14716425503251065,0.24102288946597378,0.19599390574611966,0.1289346253629729,0.22280214188474515,0.026177546159518603,0.15687617830735148,0.34613686925565895,0.0705119304831268,-0.02881992673709702,0.19549855354723908,0.16842526793130644,0.2564989204345561,0.2582276203620794,0.16352917213003115,0.1260296960173385,0.17879304692827774,0.35656169095006407,0.3650424613595724,0.3003113041015677,0.14963641863374533,0.15977093326722014,0.043108472202812095,0.1586901188129555,0.06563036467079064,0.16728824128232272,0.05956784681449396,0.21272165260564152,0.29579391699260876,0.07172998972173629,-0.0993154073742761,0.2988861667707072,0.013676954462564726,-0.09018422467887287,0.3199519498803896,0.11528168558777122,0.21678429120990372,0.23808735205590703,0.07784359975317102,0.27624343707777593,0.28514063823766206,0.2659960567402809,0.24011544669346943,0.14091237716002236,0.25819448034932346,0.07373887433735483,-0.07242957183877068,-0.03290626330918767,0.1438136358157229,0.15823229661052315,0.0899786304071942,0.08047041036835527,-0.1637149726922254,-0.17413203626801776,0.19882564508112957,-0.25895838274959315,0.32863890199844503,0.3088145329917159,0.17578461030966422,0.15726011957355596,0.26913878775772404,0.1814990828562866,0.3654751414474082,0.16422970647911625,0.1660234316043005,0.1246946702642692,0.29336143987702545,0.059880380764106726
