,Temporal_Inf_L,ACC_sup_R,Olfactory_R,Rectus_R,Temporal_Pole_Mid_R,Thal_MDl_L,Lingual_L,Temporal_Pole_Sup_R,Caudate_R,Temporal_Inf_R,Thal_MDm_L,Cerebellum_7b_R,Thal_AV_L,Thal_PuM_R,Supp_Motor_Area_R,Temporal_Sup_L,Cerebellum_3_R,Parietal_Sup_R,SN_pr_R,Parietal_Sup_L,Frontal_Mid_2_R,Cerebellum_Crus2_R,Thal_LGN_L,Angular_L,Cerebellum_8_R,Cerebellum_8_L,Frontal_Med_Orb_L,SN_pc_L,Raphe_D,Thal_IL_R,Thal_PuA_R,Thal_LP_L,Frontal_Sup_2_R,Thal_VA_R,Amygdala_L,Rectus_L,Thal_VPL_L,Cerebellum_9_L,Vermis_10,SN_pc_R,ACC_sub_R,Fusiform_L,Precentral_R,Frontal_Inf_Tri_L,Thal_PuM_L,Cerebellum_Crus1_R,Frontal_Sup_2_L,Frontal_Inf_Oper_R,Thal_AV_R,Occipital_Sup_L,ACC_pre_L,Frontal_Inf_Orb_2_R,Thal_PuA_L,N_Acc_R,Cingulate_Post_L,Occipital_Inf_L,Insula_L,Thal_MDm_R,Cerebellum_6_L,Putamen_L,Cerebellum_4_5_R,Parietal_Inf_L,Heschl_R,Thal_VL_L,Occipital_Mid_R
Temporal_Inf_L,1.0,0.13496699370761037,-0.02043811756181195,-0.11541976021655047,-0.04038277053083294,0.23070400631689314,0.6958630035272668,-0.2652892488739852,0.15280136534101801,0.032520389452058346,0.514375068229531,0.2005528006500754,0.22342473451378156,0.5159599249663867,0.6463693764911637,0.7886257546832559,0.419168872526568,0.020369019232193673,0.025863426009465975,-0.22953833500123005,0.5533364170538143,0.25396631163199945,0.2332807057523896,0.3724393338293562,0.3727504017939026,0.5521176793796049,-0.011242192031144406,0.4576979399510748,0.1638801215669488,0.11178978568290585,0.2362911230067753,0.18487512896973507,0.35712113849108607,0.09142677299547516,0.5156107845589997,-0.07732470533747679,0.19580936052446513,0.7482197511807773,0.34527353623459156,0.3733605787477658,0.0354975188571738,0.7735873687747967,0.49781241790219694,0.5530371999999572,0.32251740292965125,0.5116580052993935,0.64302615249397,0.23164328695104888,-0.021964507181314815,0.24269952771282352,-0.150216284030952,0.14569280123914602,0.5185552238873189,0.0245990947722492,0.5228978710476689,0.6172147609443727,0.36439580073181504,0.471952181073048,0.6782517680925356,0.16637332882324887,0.4798387175181664,0.1259146162382349,0.7879107799286261,0.34848711087049355,0.43968479586338016
ACC_sup_R,0.13496699370761037,1.0,0.2111654261980053,0.26141688404452196,0.27565577128526364,0.628509250762662,-0.1778461844097394,0.4594774720796642,0.33699026606207566,0.31502271974258805,0.3157128905636719,0.05101286856915632,0.001619841892318198,0.009741876723074626,0.22844761576450529,0.3002663371324158,0.2021400677005602,-0.1838514195802651,-0.13179328722687642,-0.16764918103006007,0.6083259500006266,-0.09919729846696694,0.6938613738218207,-0.34083696505563754,0.009734996657695987,-0.2350249884687534,0.42357597198842656,-0.08441122350178815,-0.127405506247478,0.3082804690092499,-0.18010700070365102,0.5292688015610842,0.41870532586541936,0.5316999794879141,0.05589782469697005,0.20901100393493802,0.7106775485970693,0.03382048349134998,0.24770939798290453,0.34935506837320296,-0.13024157029929545,-0.01844565133068272,0.22115565514733151,0.48340032886635464,-0.08412047443232679,-0.10407305757883742,0.3671716609788637,0.22651840353748873,0.43847724457805637,-0.3997846700937201,-0.033156839409884536,0.4956657991963551,0.25893494774778864,0.47686177941827046,0.18584300972303444,-0.30662736118676986,0.5203933787936571,-0.3188391179258786,-0.19581297154506405,0.4884623321532689,0.22291330616737629,-0.004737879570922002,0.2653817305100683,0.31626934600056544,-0.33952823633126833
Olfactory_R,-0.02043811756181195,0.2111654261980053,1.0,0.7193834447987424,0.37116055618779137,0.5161021128029823,-0.1081987709627652,0.4258193946034145,0.6841337006035172,0.28373656121090757,-0.02466755002493486,0.28421880804154065,0.19011612704591324,-0.17490907725725283,0.006588019769346781,0.025155566438148824,-0.017166554716959673,-0.1334910412395572,-0.11847149016897612,-0.04990894383126952,0.24758535711276197,0.05767858083720547,0.2515015242776766,-0.3189899762314624,0.10408794590626261,-0.1297587376042633,0.0005918756178674782,-0.23244149328825583,-0.2881420408410533,-0.03818599424140743,-0.5480033540754908,-0.02342761520050532,-0.07547913459715055,0.7847317582616912,-0.288918508710835,0.8173817078294813,0.45952862511618237,-0.04287388947859953,0.2498396998008863,0.07201491451477685,-0.06546831021973558,-0.11416725539022923,-0.06101050977391802,0.4562107056307202,-0.30223460129486995,0.06737407451924173,0.0049328235212298165,-0.008736441344290285,-0.18811769187380467,-0.40844421203278625,0.009515167794833967,0.36173645668538884,-0.20683655497251216,0.54663703910541,-0.18958664400212935,-0.3496809648223291,0.6315363009255636,-0.3176894277747918,-0.2969520938260133,0.8146455423486076,0.02553578456863323,-0.13783839538083553,0.03632781074720267,0.22138265360340662,-0.2607049550640406
Rectus_R,-0.11541976021655047,0.26141688404452196,0.7193834447987424,1.0,0.17450697973958862,0.5055186408336193,-0.3171263791198518,0.5419718955430364,0.25815987623534653,0.056060330904366656,-0.14523533310282782,0.33398123032957794,0.17767528155040818,-0.2434021597106834,-0.1388960746995383,-0.14688958667660282,-0.04647021830267322,-0.1795469567026186,-0.3934094622194524,-0.0658150849070613,0.09693424749636895,-0.034206436201428866,0.15356352317931943,-0.3966759948807791,0.05064310021331205,-0.2282625071904812,0.051168389745540076,-0.4455441314993539,-0.4356911470406795,0.14552110235034885,-0.5089977868217803,0.05834414018500017,-0.16805529318961465,0.6675322933580272,-0.2613882319527934,0.9084488951584317,0.41055867970138016,-0.2089776749884341,-0.0334338356551005,0.0405399773682715,-0.2855740059987867,-0.29370772637548737,-0.1670209102948704,0.11160735240149591,-0.32953959821074946,-0.2016397559626873,-0.14131427107772634,-0.2532846964555999,-0.006205469181833754,-0.4625886009164964,0.010843232906247748,0.18233550064895132,-0.2709490955876771,0.5116415604488803,-0.17401415203799062,-0.4946420396105444,0.35586763388135373,-0.4360722186143787,-0.4568505993125534,0.6257353161931356,-0.07218821240942683,-0.16309756709778409,0.03623264011605311,0.2102768005577136,-0.4275742053792257
Temporal_Pole_Mid_R,-0.04038277053083294,0.27565577128526364,0.37116055618779137,0.17450697973958862,1.0,0.4308537489780144,-0.24424880026706997,0.3087682051064515,0.42942205373093645,0.25575961565114824,0.2595283398987222,0.034703526756357614,-0.09572581983644002,-0.045070715638265896,-0.007455082820321215,0.08076376608915291,-0.07580924127667144,0.021892097404923556,0.036643464166601705,0.0853036207361394,0.23845036577622294,-0.1631722823738338,0.2808579723365465,-0.11655949041514957,-0.08368981736414638,-0.4222394119384979,-0.06484986440588983,-0.10925299738771736,0.061142787687669335,0.15212236350889902,-0.2221970008551443,0.07101292382963678,0.008785202950954077,0.4031792854509883,-0.2067944548056155,0.19560417541127723,0.404624284653504,-0.04292511982868979,0.11193930261988551,0.0306384878313508,0.05368799863495892,-0.17063061199853546,-0.021339641972885477,0.25819019092286205,-0.07323863752766728,-0.17160830439245142,0.04957166651917421,0.11050605510876116,0.055305892593854156,-0.15872856647473674,-0.03806203125404079,0.0944888346613081,0.006856086272201159,0.26973381231257354,0.03500789025276573,-0.3385918093518183,0.23936426771018257,-0.13923823668950075,-0.29740356670660323,0.31605291714802497,0.08352939727021509,0.029579500853845225,0.06799292866344715,0.21362622470607567,-0.17519382217439494
Thal_MDl_L,0.23070400631689314,0.628509250762662,0.5161021128029823,0.5055186408336193,0.4308537489780144,1.0,-0.1415242128999833,0.53223109847102,0.5127210075142676,0.32300901970415113,0.39359407047090506,0.050812308860120114,0.06301526912328571,0.13183140359079829,0.277117766690227,0.35012382199247927,0.17818894012487135,-0.11183487692457168,-0.14874750950694998,-0.09960788539120202,0.603884011476294,-0.07037305984054101,0.5642273666156145,-0.3098800104768593,0.016001942906150625,-0.2571338684604353,0.044512223894997115,-0.06066336933504834,-0.1446331935324402,0.3206822374081916,-0.43901865198269246,0.3201706792127401,0.19340273513230208,0.7604390670569864,-0.030652794566999784,0.48520351247923116,0.812950377744049,0.025638152185490336,0.2816522831706958,0.2660663798666721,-0.1733219777772889,-0.014903353114784412,0.16545017520143948,0.5780397995192685,-0.15892478909982757,-0.1540003714096408,0.2836834136305236,0.15437152878620872,0.08608938830648424,-0.3837729522213446,0.024159771220998594,0.2888377353503185,0.05690355767050786,0.3815001444423724,0.23596627494757857,-0.4237502533218415,0.5554797469593075,-0.2829795099984578,-0.2577996473606497,0.5526406820422238,0.34565534844316526,0.0009757400749499036,0.417057996080956,0.5552687276284163,-0.3039449355643385
Lingual_L,0.6958630035272668,-0.1778461844097394,-0.1081987709627652,-0.3171263791198518,-0.24424880026706997,-0.1415242128999833,1.0,-0.498375920707254,0.059772372659175524,0.1985536573697281,0.4157722198374923,0.11661919108046742,0.22191962163601817,0.5847841781629898,0.6769938175564654,0.7001361624925808,0.5989625043000706,0.11124424172748187,0.35158714625996296,-0.07754861701114583,0.3667022311437203,0.301995228078015,0.012484903299439657,0.5564507968082185,0.33808067281562865,0.7477509059351781,-0.07465813868100887,0.6511869985975633,0.30440190530405187,0.04750529827692052,0.4983999238008787,0.004786378538248446,0.40916287133769186,-0.17731655291753443,0.7037481801817351,-0.20993544437289954,-0.16658071199781985,0.7822446186953491,0.46126901486978084,0.21694509315485366,0.04082048790529604,0.9246659424064626,0.644404030229247,0.37858822846291856,0.4920680763662109,0.7826649568519859,0.6241088644293734,0.4943282201358696,-0.1209048120273123,0.5526105814686532,-0.11787314901576228,0.19798428081586064,0.4639833332848386,-0.22587004877044803,0.5014410757253283,0.8405663173095598,0.27252086810228565,0.6183417190562246,0.9226332754648143,0.0424535501007967,0.6250675206998934,0.25686207814543055,0.4791561854475725,0.23311477581631804,0.7369645006436298
Temporal_Pole_Sup_R,-0.2652892488739852,0.4594774720796642,0.4258193946034145,0.5419718955430364,0.3087682051064515,0.53223109847102,-0.498375920707254,1.0,0.23222587939213524,0.19956470593994724,0.05212063362786068,0.11298668797546448,0.041438076059980115,-0.14826470225473223,-0.06458989317652326,-0.17955297658835556,-0.05039254429353172,0.15317416380860344,-0.18242218663844903,0.3209961786441571,0.1528489873645323,-0.14805426587286075,0.19580532840965276,-0.20162314114923546,0.1729965924070053,-0.47184260157704716,0.16765561035859586,-0.2760011871204838,-0.12937151319228263,0.20777913185376573,-0.48091679989473873,-0.0052770239623936505,-0.020217283440417393,0.5233105453591805,-0.35150547011613914,0.49098124231635654,0.5391856920095828,-0.33374966132783823,-0.04657707617765519,0.11665833595028727,-0.09040486832940434,-0.41511615545358094,-0.19429889429501068,0.1826842654898097,-0.24138771190589717,-0.4177543933329673,-0.2200463532512763,-0.015392600765095165,0.14241644128016098,-0.25325766423699597,0.17634849116877394,0.2190756478721972,-0.20686450860125496,0.19695117321102099,0.02233006340470733,-0.6805202050229404,0.26277651399856716,-0.31105904706893184,-0.5857196298570323,0.31837930414176285,0.04222265665695746,0.19905088899948317,-0.021943621349724614,0.2038301258648224,-0.34428133534673194
Caudate_R,0.15280136534101801,0.33699026606207566,0.6841337006035172,0.25815987623534653,0.42942205373093645,0.5127210075142676,0.059772372659175524,0.23222587939213524,1.0,0.47320674808102836,0.24191456196408545,0.04007926633432822,-0.07273884184359554,0.08599932861792059,0.17158080001489695,0.2967565776400857,-0.02627287308410745,-0.1338064282546026,0.23860367462934262,-0.10020612540671132,0.49370990714520785,0.0377778693861526,0.5151042129023412,-0.20257066432223095,0.06488810535203986,-0.10877330192635158,0.10317277381928791,0.07214281064599114,-0.0064448928511988204,0.17110611272523935,-0.37272496677171546,0.13430923236787265,0.1575759879768745,0.6425983398128416,-0.052065155269641374,0.37024629500465467,0.5800744418377716,0.0948546626163258,0.3863571695946661,0.07738987546227546,0.10686777428539346,0.06939196379971595,0.12622284379431847,0.6942255900961644,-0.09748280584508087,0.2120141530661844,0.29048357916009143,0.34831245055531157,-0.15682798683989022,-0.2795243059838261,-0.0018258200855401962,0.35547904008961084,0.06805143579785973,0.44069064325889046,0.001795623133943856,-0.15129121215541264,0.7295779508649785,-0.13763813986458695,-0.06056417986495273,0.6533066490919633,0.1590474446933665,-0.061506767148225956,0.07227974818941499,0.4087652453569839,-0.08350957559585805
Temporal_Inf_R,0.032520389452058346,0.31502271974258805,0.28373656121090757,0.056060330904366656,0.25575961565114824,0.32300901970415113,0.1985536573697281,0.19956470593994724,0.47320674808102836,1.0,0.29762078898115246,0.11126578440873171,0.000786847332372203,0.2593630163134388,0.3790842399273798,0.3382542136108208,0.41482250378003366,0.06721940497613625,0.36160906373257806,0.135064737727727,0.39699049792867636,-0.05942255063868107,0.5604750647480246,-0.00916162393318978,0.027801841016510273,-0.012424248479999575,0.17422752637772426,0.18599925234086875,0.01832998328805536,0.15953914786396356,-0.019618048378324773,0.2124599994954584,0.4470158371043338,0.3881743827875234,0.31852282758043604,0.11719832020655582,0.38292892910453674,0.2097196565366249,0.5146228525343537,0.34094635397565,-0.03857045930097106,0.2563977185352391,0.5172387230897503,0.35429060883966595,0.15509917815659466,0.3516199431817209,0.46802692898809806,0.602229368280591,0.04043676275344476,-0.028902516381840028,-0.01179012126834934,0.24378510511515258,0.19104941258359975,0.10874793801900202,0.11590824605396412,-0.09899642789955189,0.46881103792876055,-0.01905821005215126,0.08503315364568807,0.35017711112923394,0.3947912670567391,0.278573470930605,0.0356145935662459,0.32503621324414494,0.12556313724505805
Thal_MDm_L,0.514375068229531,0.3157128905636719,-0.02466755002493486,-0.14523533310282782,0.2595283398987222,0.39359407047090506,0.4157722198374923,0.05212063362786068,0.24191456196408545,0.29762078898115246,1.0,-0.0968934845413296,0.32851398804975623,0.5286671603766451,0.6529470199537848,0.6145129654002112,0.5678956700494165,0.2826632533191384,0.20716614083557625,0.15801332070252025,0.68833750957813,0.16003072845717822,0.31209122046602816,0.4185992164839663,0.21126391966147368,0.21418532697887757,-0.04284659263007229,0.42039196395901995,0.3911194630533288,0.40135812070967364,0.39567456618422575,0.10710296367757355,0.4510459904203354,0.20335687506730188,0.48513271874072655,-0.1122928688455496,0.4480681787451829,0.4570852079547041,0.4819068787759773,0.39443097988641124,-0.022666898018830508,0.5778245862841881,0.5913907727335742,0.6038285121133113,0.527032671265291,0.2628400189900736,0.581326621556053,0.5450366987456575,0.1869784355448777,0.3575215042375888,-0.08688640971422358,0.23796480546556448,0.5890402959826091,-0.02829321633094657,0.571284236693209,0.27391678253194435,0.377007432894141,0.4669026386441994,0.43268701235355395,0.19945279838066662,0.6231704014673923,0.4271889861630918,0.6538986622242536,0.5208566800440306,0.4560302160202556
Cerebellum_7b_R,0.2005528006500754,0.05101286856915632,0.28421880804154065,0.33398123032957794,0.034703526756357614,0.050812308860120114,0.11661919108046742,0.11298668797546448,0.04007926633432822,0.11126578440873171,-0.0968934845413296,1.0,0.11503260282997421,0.04320234497324004,0.20912211816596504,0.08179663735247744,0.1711282530404844,0.09535523598326776,-0.20545130002346665,0.14983865043291306,0.04477402162485086,0.1784820709463884,-0.010946338382048516,0.14193782985632114,0.44312473864352153,0.03704079130593879,0.17460128705348754,-0.02850360868026711,-0.22510525285776745,-0.11665756352905579,-0.05956435869159692,-0.039329809050466416,0.1045707484535357,0.14377770536325687,-0.0050411782823309645,0.25206156453113027,0.019482584371923555,0.24966464739710748,0.04752831237172898,0.34660171554796754,-0.006573129875002657,0.10853464981956039,0.1388682151970709,0.0005997609627734875,-0.04585830372105942,0.2050977826034385,0.08949374975236829,-0.052769863611853166,0.01227398763130137,0.07744896127381459,-0.1521848742988299,0.06616588653558177,-0.10454636665594148,0.30176312369437663,0.05776539853365948,0.028520153505958053,0.18221311738535792,0.09984933502303253,0.03601442846482749,0.317978172567171,-0.022601793281972603,0.1482759506074515,0.14736971529288845,-0.15343845784626262,0.10730730759543125
Thal_AV_L,0.22342473451378156,0.001619841892318198,0.19011612704591324,0.17767528155040818,-0.09572581983644002,0.06301526912328571,0.22191962163601817,0.041438076059980115,-0.07273884184359554,0.000786847332372203,0.32851398804975623,0.11503260282997421,1.0,-0.10109885121499633,0.30366412377325924,0.19733300816156385,0.3539514607188208,0.1295536216793862,-0.12888606713468026,0.07872391215918953,0.18318639936585954,0.24299648428120232,-0.015105500171737462,0.2112158709696849,0.20836227011879446,0.3801017383651728,-0.06884756522508555,-0.08084564246230877,-0.025931768337399533,-0.1664639359305474,0.18378280637328048,-0.1700698581738038,0.12040178330636374,0.2553589698871279,0.012281273391131864,0.19077471239646643,-0.05562575775730204,0.2492099733755523,0.25184599395298674,0.3933195956624338,-0.21044014519784895,0.33070564108763556,0.3334203157044801,0.26434122869283994,0.19462824495247938,0.22929885248519222,0.16600495551089808,0.10439792801493375,0.2062264121954395,0.1345093196070613,0.10375704847555076,0.054303929426748686,0.3069853353621563,0.007425907438693132,0.053860159129394326,0.14797889028672553,0.22245668177524597,0.12662050554762141,0.1975078505978974,0.20235176495175605,0.13762351421347044,0.13243295486766488,0.2671537076450438,0.0215687687337008,0.21110523140113394
Thal_PuM_R,0.5159599249663867,0.009741876723074626,-0.17490907725725283,-0.2434021597106834,-0.045070715638265896,0.13183140359079829,0.5847841781629898,-0.14826470225473223,0.08599932861792059,0.2593630163134388,0.5286671603766451,0.04320234497324004,-0.10109885121499633,1.0,0.5363026699149887,0.5213954226494703,0.4383247908560068,0.233572226941351,0.31029852853124823,0.12706815926534262,0.39048584188423385,0.09441401229080056,0.10753618823029593,0.4600684226948652,0.3135688471766409,0.2989911869549086,-0.019523061946486304,0.6004748858593562,0.3273703452954408,0.3469010031409411,0.40483209615747384,0.17430194785482614,0.41620563046697806,-0.12321072122602221,0.6597007490328124,-0.2229716778331793,0.19673833334891797,0.52079826064591,0.3091757925638927,0.1870153272052831,0.0481991371719218,0.5738442795569506,0.4746895502458224,0.27796472568676733,0.45251555694356116,0.42191704446953776,0.5128489907539476,0.42156204142248743,-0.08984122273155935,0.48354367101334755,-0.050369611940703884,0.09901045155837608,0.3707218252544567,-0.2766334800011656,0.6997844878388483,0.43003947569895273,0.11307092206777662,0.5803680480576124,0.5472285141819443,-0.03031510483707977,0.5546825461128576,0.3861225185975098,0.4993636802246305,0.3529275325482322,0.5344991246222376
Supp_Motor_Area_R,0.6463693764911637,0.22844761576450529,0.006588019769346781,-0.1388960746995383,-0.007455082820321215,0.277117766690227,0.6769938175564654,-0.06458989317652326,0.17158080001489695,0.3790842399273798,0.6529470199537848,0.20912211816596504,0.30366412377325924,0.5363026699149887,1.0,0.7719033639385678,0.7827521945178378,0.4249558029397599,0.33037395563778066,0.24303573842437787,0.6995522972524278,0.22941038011189835,0.27116152201411947,0.5257874358918251,0.38632459397301744,0.3911213200016589,0.1291080281153242,0.6063790728941885,0.27684675598567127,0.18313648701237162,0.27704788470355207,0.16878871463043157,0.5914363025216789,0.15902192484559705,0.5911121804688243,-0.11288705306281589,0.2899722869569097,0.6032240386659279,0.4243448120984563,0.5417200629178675,0.008258218034416922,0.7541401314488643,0.8070731911427147,0.5825581961819731,0.45319806370438637,0.41456808987739807,0.6905779048752905,0.6726107973610547,0.14469664799239093,0.4308093682688598,-0.041572380672393286,0.32016592023872914,0.44290028387262415,-0.057341751182070654,0.5492748110604887,0.4082606004605329,0.47431978680267084,0.4970169387850996,0.5723166805862984,0.23123023800192588,0.6925551099601974,0.5921823306189505,0.6474922703654652,0.4671680957647747,0.5742126606658222
Temporal_Sup_L,0.7886257546832559,0.3002663371324158,0.025155566438148824,-0.14688958667660282,0.08076376608915291,0.35012382199247927,0.7001361624925808,-0.17955297658835556,0.2967565776400857,0.3382542136108208,0.6145129654002112,0.08179663735247744,0.19733300816156385,0.5213954226494703,0.7719033639385678,1.0,0.6492684291308658,0.07945495541154135,0.2978882726472831,-0.11930794050436978,0.6922685419085437,0.21917032670712985,0.4269153049425657,0.3612847021109576,0.2431502603648681,0.5029202685720624,0.036708922419067605,0.5615182725694672,0.3099985873920694,0.1278197858510128,0.2578097586995165,0.3271836578892575,0.5575364092762969,0.23282320507304533,0.6120976447336368,-0.08722025562475025,0.2763514191049946,0.6934434308847071,0.5034491459464246,0.4702034597857424,-0.04768860993360864,0.8119105241553989,0.7385223129700772,0.6781819304377649,0.4559394005620813,0.511927350038402,0.7827987145203221,0.5559621169428599,-0.024790954035142032,0.25665228180063604,-0.11351650149573667,0.31645888418308077,0.5882170028084763,0.06595525751646317,0.5835749376634006,0.5027658219852528,0.5652880335856575,0.34646390940803157,0.6398253961878178,0.2503862570999289,0.630277452832867,0.27159844810306505,0.7097010148166495,0.5206765428038997,0.4307783883604347
Cerebellum_3_R,0.419168872526568,0.2021400677005602,-0.017166554716959673,-0.04647021830267322,-0.07580924127667144,0.17818894012487135,0.5989625043000706,-0.05039254429353172,-0.02627287308410745,0.41482250378003366,0.5678956700494165,0.1711282530404844,0.3539514607188208,0.4383247908560068,0.7827521945178378,0.6492684291308658,1.0,0.4292069915038654,0.2227286158780834,0.2668657542585153,0.5169627058406396,0.22911666667833777,0.1397192684273853,0.4752328246827055,0.26737213299834467,0.38831056272928877,0.06933943061675792,0.44890123009843746,0.3062192136482513,0.14152840439097147,0.3994719068587699,0.10322079283461393,0.4878186909323759,0.12816102871912857,0.6295225463417834,-0.03272703800569599,0.08942509130582672,0.5866030082437073,0.47038670546956773,0.5205892491477163,-0.19099277509424897,0.6913669010693629,0.7914054891370689,0.35477289756647834,0.5721119011326701,0.41838971147185655,0.5682813372960969,0.5999789075181866,0.03205108180217104,0.4611245253043247,-0.06588422895434394,0.3208830197848825,0.44248785746960273,-0.05815088336837082,0.4338168642349287,0.35882298496458387,0.37345659050277763,0.3303687211409139,0.5450233386485299,0.2277815119205515,0.73403391714102,0.5498833180223544,0.5596682597260703,0.40368305481871564,0.5473236454095166
Parietal_Sup_R,0.020369019232193673,-0.1838514195802651,-0.1334910412395572,-0.1795469567026186,0.021892097404923556,-0.11183487692457168,0.11124424172748187,0.15317416380860344,-0.1338064282546026,0.06721940497613625,0.2826632533191384,0.09535523598326776,0.1295536216793862,0.233572226941351,0.4249558029397599,0.07945495541154135,0.4292069915038654,1.0,0.2554899222626427,0.907165512064074,0.12318458452524512,0.02836585045341998,-0.39891142547053815,0.7053114479045594,0.3404922709706651,-0.11030108515791506,0.02897380677532686,0.278453868234416,0.4403999008932059,0.11769157915807403,0.20504875822053706,-0.3284655851239118,0.007089808289394286,-0.1693674284969205,0.14470248550095263,-0.1791728170387567,-0.10929945259342674,0.12960458101649946,-0.09692083799656777,0.11998027831367467,0.12556542916656388,0.1385467114552006,0.24820444919659004,0.03046187221975004,0.35852713375637796,-0.16679737883157283,-0.09134849874059042,0.3601041776419379,-0.1122232203871236,0.6461071438315297,0.11041382207480102,-0.06087866734941672,-0.04922704005327249,-0.3454702161858886,0.19176692234564288,0.017540443845988844,-0.0477077706277468,0.43896371083286106,0.08629269170079888,-0.14420150664241102,0.3141173137555628,0.8561986262995589,0.19536520587789152,0.15980857079986072,0.5279479200987278
SN_pr_R,0.025863426009465975,-0.13179328722687642,-0.11847149016897612,-0.3934094622194524,0.036643464166601705,-0.14874750950694998,0.35158714625996296,-0.18242218663844903,0.23860367462934262,0.36160906373257806,0.20716614083557625,-0.20545130002346665,-0.12888606713468026,0.31029852853124823,0.33037395563778066,0.2978882726472831,0.2227286158780834,0.2554899222626427,1.0,0.2955050039630444,0.18253131898489502,0.04097152288736798,0.048419627559052617,0.45324483222740813,-0.08041531589742616,0.1258120530812009,0.05162515912047637,0.503944188675288,0.5139452230348472,0.10351214437873231,0.26150683662282137,0.00036054021203680707,0.3800915307087131,-0.07658158701052048,0.2634234863318541,-0.31909592570301126,-0.03926794519302568,0.13313831565050493,0.246802218750892,0.050621048496371876,0.2203254579110166,0.3276732041061939,0.42940694800636475,0.15666382998088813,0.4302217659618934,0.29539484943034555,0.3201413158561101,0.5910499090463724,-0.1593423049396121,0.40192473730637635,-0.15406627700093492,0.03596289586998291,0.3644467096634858,-0.2803195993027876,0.18063148817777702,0.2676190293117475,0.16462499763983032,0.2572256971695968,0.3496303081085235,-0.1049397443007548,0.26255591006820345,0.4684337692840019,-0.08215706424502943,0.3113493249733099,0.4402329236230279
Parietal_Sup_L,-0.22953833500123005,-0.16764918103006007,-0.04990894383126952,-0.0658150849070613,0.0853036207361394,-0.09960788539120202,-0.07754861701114583,0.3209961786441571,-0.10020612540671132,0.135064737727727,0.15801332070252025,0.14983865043291306,0.07872391215918953,0.12706815926534262,0.24303573842437787,-0.11930794050436978,0.2668657542585153,0.907165512064074,0.2955050039630444,1.0,-0.0009329793690291556,-0.07717404131384266,-0.3964228938794535,0.6169566005101162,0.27180567128970656,-0.27313329492308136,0.05799309502894915,0.14912058012469684,0.35596713549871745,0.10854160806348453,0.11708596993241496,-0.3505937282652818,0.017761933130701266,-0.10528291001727311,-0.05099742355499667,-0.09006156582090874,-0.05740809326181602,-0.08793743380803769,-0.1603978131721996,0.1013671079982707,0.11261539926213837,-0.07487157347644198,0.13890340250111863,-0.09915562358532855,0.24500226073197523,-0.26748704915692934,-0.21474907561909087,0.30279111190029495,-0.0674452933770727,0.5606849161379857,0.12427861174184127,-0.1102558357855302,-0.16078706222884104,-0.3133965436187369,0.11205016394499512,-0.20368794369196805,-0.09686231746133599,0.31859188244431297,-0.1250752277865135,-0.13012752868888894,0.1865642708541999,0.8549755386392431,-0.04361434079050942,0.084347015532646,0.3693397212549711
Frontal_Mid_2_R,0.5533364170538143,0.6083259500006266,0.24758535711276197,0.09693424749636895,0.23845036577622294,0.603884011476294,0.3667022311437203,0.1528489873645323,0.49370990714520785,0.39699049792867636,0.68833750957813,0.04477402162485086,0.18318639936585954,0.39048584188423385,0.6995522972524278,0.6922685419085437,0.5169627058406396,0.12318458452524512,0.18253131898489502,-0.0009329793690291556,1.0,0.012117117234796797,0.5530376035058916,0.13395195083783853,0.20575870177854272,0.11286453341114132,0.24040159315468332,0.3330271522654248,0.11642090013883306,0.3785689790937451,0.021235969366056675,0.35535095026586927,0.5560586713480998,0.48489192425077576,0.4385686587403611,0.12220486956605645,0.653707047195205,0.4191429846089799,0.43785968645508794,0.40984689767708526,-0.016270203620908384,0.49386343472212113,0.5602470263634444,0.8207044135982381,0.22512531471612027,0.18878403108375585,0.7112399720551614,0.5571281039754873,0.18978583572620766,0.04393236651428765,-0.09427269240503215,0.5120195698469466,0.4315904949197464,0.2637788233330278,0.49584893981882844,0.11021989269341374,0.6621403927802443,0.17087498133533374,0.2659498396376492,0.5060837201313283,0.5729033645255172,0.30131142688280577,0.6328701443233399,0.5741377461127031,0.21984503871181157
Cerebellum_Crus2_R,0.25396631163199945,-0.09919729846696694,0.05767858083720547,-0.034206436201428866,-0.1631722823738338,-0.07037305984054101,0.301995228078015,-0.14805426587286075,0.0377778693861526,-0.05942255063868107,0.16003072845717822,0.1784820709463884,0.24299648428120232,0.09441401229080056,0.22941038011189835,0.21917032670712985,0.22911666667833777,0.02836585045341998,0.04097152288736798,-0.07717404131384266,0.012117117234796797,1.0,-0.08050537205776082,0.24197831758149693,0.24856816399994536,0.5077865816336172,-0.3149841045171093,0.17818823264925676,0.21788747366284658,-0.09884133147728008,0.20904294790851588,-0.08033397951888195,0.030840146978474942,-0.03570743790335481,0.09017264536963863,0.04039912982095729,-0.15292616686471347,0.23475489501285815,0.3109862729068864,0.15646361467382117,-0.06896443539497552,0.3575415938201676,0.20485193656492717,0.1949307110077142,0.36843933664523293,0.47001502501279513,0.1202064783292748,0.10261573307172527,-0.09110929466670366,0.21088985602681026,-0.18142213096358617,0.14729901016277347,0.28109130689817535,0.08213674475233775,0.0991734577810712,0.3841297586888644,0.21077439137063375,0.15718588569940062,0.3496741730390481,0.14716726409759215,0.03709504562273764,0.06616291788661234,0.2312808539382793,0.1152522877540816,0.3540371400218985
Thal_LGN_L,0.2332807057523896,0.6938613738218207,0.2515015242776766,0.15356352317931943,0.2808579723365465,0.5642273666156145,0.012484903299439657,0.19580532840965276,0.5151042129023412,0.5604750647480246,0.31209122046602816,-0.010946338382048516,-0.015105500171737462,0.10753618823029593,0.27116152201411947,0.4269153049425657,0.1397192684273853,-0.39891142547053815,0.048419627559052617,-0.3964228938794535,0.5530376035058916,-0.08050537205776082,1.0,-0.40091301379568045,-0.03250162511543659,0.01220546933766884,0.3163741823309051,0.023183478959645988,-0.27015942486291605,0.2837067292002486,-0.1817607043492712,0.5898766253340465,0.4228449194153038,0.5030273121996458,0.23006142677829083,0.1582961870095424,0.6725093630691144,0.11075465783444256,0.40667599004874166,0.306110285924474,-0.1445455829122399,0.16427908847462724,0.32315013221461886,0.536652603517436,-0.0897487220391552,0.166859356407965,0.5523903788026265,0.3390993902876763,0.36666690373745825,-0.4446500426360988,-0.01904822127785187,0.3758209718663361,0.2957109224961213,0.400474365812088,0.15562050816467526,-0.14009313433898188,0.5444964498591256,-0.19209183586572257,-0.03638723154630521,0.4532337966448817,0.2002166946894925,-0.18745943797111847,0.19907762788871208,0.2805706519796177,-0.26852240361535307
Angular_L,0.3724393338293562,-0.34083696505563754,-0.3189899762314624,-0.3966759948807791,-0.11655949041514957,-0.3098800104768593,0.5564507968082185,-0.20162314114923546,-0.20257066432223095,-0.00916162393318978,0.4185992164839663,0.14193782985632114,0.2112158709696849,0.4600684226948652,0.5257874358918251,0.3612847021109576,0.4752328246827055,0.7053114479045594,0.45324483222740813,0.6169566005101162,0.13395195083783853,0.24197831758149693,-0.40091301379568045,1.0,0.3605773510755088,0.36110249588844723,-0.14251966887572076,0.5571924616130339,0.6254698452750992,0.06239611575092896,0.583279723642425,-0.28002271759494557,0.18155885366501984,-0.3687449790893786,0.386321843107154,-0.3477893732155598,-0.3189570035361289,0.4184081447973868,0.10521426116518433,0.14666750344459156,0.1327159829930449,0.5543733323492072,0.4421089287697558,0.06251801706556333,0.6834964349889804,0.30900594083451915,0.20611240185156954,0.4055368017515755,-0.15522630614069596,0.9083496747799394,-0.13055203688429246,-0.06265846179477223,0.354830006896262,-0.4337336998976413,0.4618269657192337,0.5591774227124997,-0.03602362776642853,0.6826724180598888,0.5853262231314003,-0.22744461467407356,0.37776074711453506,0.7641935538641851,0.32616425777498914,0.21512098595056695,0.8761135578348251
Cerebellum_8_R,0.3727504017939026,0.009734996657695987,0.10408794590626261,0.05064310021331205,-0.08368981736414638,0.016001942906150625,0.33808067281562865,0.1729965924070053,0.06488810535203986,0.027801841016510273,0.21126391966147368,0.44312473864352153,0.20836227011879446,0.3135688471766409,0.38632459397301744,0.2431502603648681,0.26737213299834467,0.3404922709706651,-0.08041531589742616,0.27180567128970656,0.20575870177854272,0.24856816399994536,-0.03250162511543659,0.3605773510755088,1.0,0.2684680838304783,0.1092996408788131,0.24111633366743826,0.06570863572394305,0.09019297054460057,0.05814787270375529,-0.12605822331605399,0.13781879291052823,-0.0528212344962663,0.15132789453972312,0.059351577495025086,0.08120700192624851,0.4803925856549915,0.2135766073198436,0.2752151014619865,-0.007342779402448905,0.32090893368133144,0.16698284301857702,0.29403160159687564,0.08323508286145355,0.29613443873479733,0.11529970814397444,0.15424637418263795,0.07031564980136239,0.33112266631546095,0.13093146051772026,0.07764015964602017,0.021952677821528398,-0.03819834713830701,0.3675112987893015,0.21391594308357206,0.12437193993744412,0.4570236375829066,0.25767737368780086,0.08135882298826515,0.26139056083626455,0.32838154733031794,0.3411507859230583,-0.05346665361631228,0.37187757759853945
Cerebellum_8_L,0.5521176793796049,-0.2350249884687534,-0.1297587376042633,-0.2282625071904812,-0.4222394119384979,-0.2571338684604353,0.7477509059351781,-0.47184260157704716,-0.10877330192635158,-0.012424248479999575,0.21418532697887757,0.03704079130593879,0.3801017383651728,0.2989911869549086,0.3911213200016589,0.5029202685720624,0.38831056272928877,-0.11030108515791506,0.1258120530812009,-0.27313329492308136,0.11286453341114132,0.5077865816336172,0.01220546933766884,0.36110249588844723,0.2684680838304783,1.0,-0.18030847411844464,0.377600313444503,0.10714358829768209,-0.11598387355266007,0.41210974108497184,0.023835017598399604,0.24728230866701414,-0.1762009963985963,0.4880676334195969,-0.11315092020561453,-0.2975007705994422,0.5661815761628713,0.430529100468575,0.22645984609822475,-0.06781696160636762,0.7684865612669363,0.4556485344108979,0.2232897816240446,0.3755100547992874,0.7639748214862738,0.44274198622729605,0.17177679769235044,-0.09011698725665866,0.35105287512900074,-0.09796819638340865,0.09621034499957028,0.4334604302161798,-0.1842790540186883,0.28479370266473286,0.7705248068152656,0.1408163683049967,0.44521584342541337,0.7843574647581706,-0.03490959651860485,0.2914463937313756,0.0024205787341786927,0.32612100868715616,0.029244812767539173,0.5307101016196675
Frontal_Med_Orb_L,-0.011242192031144406,0.42357597198842656,0.0005918756178674782,0.051168389745540076,-0.06484986440588983,0.044512223894997115,-0.07465813868100887,0.16765561035859586,0.10317277381928791,0.17422752637772426,-0.04284659263007229,0.17460128705348754,-0.06884756522508555,-0.019523061946486304,0.1291080281153242,0.036708922419067605,0.06933943061675792,0.02897380677532686,0.05162515912047637,0.05799309502894915,0.24040159315468332,-0.3149841045171093,0.3163741823309051,-0.14251966887572076,0.1092996408788131,-0.18030847411844464,1.0,-0.026976394308473695,-0.20169963626900395,0.1056370082499024,-0.11420778092338688,0.2344091158167448,0.2904451757837597,0.083124977096474,0.09958765781380269,-0.048340884336086375,0.21001985386397634,0.03990588411388093,-0.10175151814935943,0.21312535957254772,0.04760888638186264,-0.06304458751613637,0.13219797874684117,0.10016321184964652,-0.1859801070012746,-0.11523115638559313,0.15355181835129145,0.16455480828601685,0.30095674506086634,-0.1636799418306859,-0.028043793646812625,0.23783559063231619,-0.018124587377071486,0.17476794790936243,-0.01716756664126687,-0.1361640692738457,0.20432230370910545,-0.06936710546973092,-0.11457490757765984,0.1650507517509055,0.012632555647142553,0.12093813069684961,-0.04681917317306969,-0.07747659053194061,-0.15057736670775929
SN_pc_L,0.4576979399510748,-0.08441122350178815,-0.23244149328825583,-0.4455441314993539,-0.10925299738771736,-0.06066336933504834,0.6511869985975633,-0.2760011871204838,0.07214281064599114,0.18599925234086875,0.42039196395901995,-0.02850360868026711,-0.08084564246230877,0.6004748858593562,0.6063790728941885,0.5615182725694672,0.44890123009843746,0.278453868234416,0.503944188675288,0.14912058012469684,0.3330271522654248,0.17818823264925676,0.023183478959645988,0.5571924616130339,0.24111633366743826,0.377600313444503,-0.026976394308473695,1.0,0.4296929428201452,0.15557891346845684,0.4096919556340616,0.10209086571080438,0.3918833280689453,-0.22041333390498732,0.5274100716711964,-0.38277870394399893,-0.021283627152157383,0.4607008578558019,0.2800097341395055,0.23338875601562695,0.13300670608631548,0.6107153450903187,0.49698238584068855,0.3110172146478373,0.4560128401556155,0.4098797927947051,0.45386073887687894,0.5126719536273744,-0.019078721405042052,0.5334303339734187,-0.0411891957790301,0.1290353061590253,0.3214506777833459,-0.3286528974363566,0.4992544195923614,0.5225330884852885,0.14635816368433227,0.5928937108555606,0.6280847502287348,-0.12418336397747429,0.49493070914181164,0.4227961149781172,0.3406897774401781,0.2978179559453196,0.6190861765595423
Raphe_D,0.1638801215669488,-0.127405506247478,-0.2881420408410533,-0.4356911470406795,0.061142787687669335,-0.1446331935324402,0.30440190530405187,-0.12937151319228263,-0.0064448928511988204,0.01832998328805536,0.3911194630533288,-0.22510525285776745,-0.025931768337399533,0.3273703452954408,0.27684675598567127,0.3099985873920694,0.3062192136482513,0.4403999008932059,0.5139452230348472,0.35596713549871745,0.11642090013883306,0.21788747366284658,-0.27015942486291605,0.6254698452750992,0.06570863572394305,0.10714358829768209,-0.20169963626900395,0.4296929428201452,1.0,0.04212998267430653,0.43577383931407715,-0.23548059425716364,0.1445227654843854,-0.21078208547082802,0.19735761407806415,-0.37264081081533323,-0.16692457166129046,0.26697727380973374,0.15945871058851666,-0.031197914534476266,0.15292837362951514,0.33255790157665355,0.27249599999314844,0.11671416132947944,0.6985041024398276,0.14977892944224186,0.15733569575058667,0.3479811739850751,-0.30690749254375477,0.5778839943656255,-0.15573350094084354,0.005389540101861619,0.48573337174845604,-0.3232390045418918,0.3315632174977568,0.36897984326524796,0.04885671507021615,0.26721581725618454,0.4049662930520573,-0.21607412210624347,0.29078710235428057,0.4735747584533984,0.22579749893611759,0.4137115617281478,0.563643725876689
Thal_IL_R,0.11178978568290585,0.3082804690092499,-0.03818599424140743,0.14552110235034885,0.15212236350889902,0.3206822374081916,0.04750529827692052,0.20777913185376573,0.17110611272523935,0.15953914786396356,0.40135812070967364,-0.11665756352905579,-0.1664639359305474,0.3469010031409411,0.18313648701237162,0.1278197858510128,0.14152840439097147,0.11769157915807403,0.10351214437873231,0.10854160806348453,0.3785689790937451,-0.09884133147728008,0.2837067292002486,0.06239611575092896,0.09019297054460057,-0.11598387355266007,0.1056370082499024,0.15557891346845684,0.04212998267430653,1.0,0.04823014442505882,0.28163064633406454,0.16261319217017992,0.09218908136487501,0.3835876646571231,0.12908077325671993,0.46149985858787984,0.016698734575859124,0.0962878939166135,-0.13132813115053468,-0.07727415917673075,0.06158652380242637,0.14675982531620982,0.2040259273903282,0.06758645345472455,-0.05955107195412856,0.17842906679164394,0.25862845509312243,0.25849827008682097,0.07337992701450152,-0.12615878283681495,0.1387335646941238,0.07369336989117052,-0.005249443213603981,0.3113292526273773,-0.05808479140795258,0.12763793160502787,0.24130711481839373,0.026538304855474423,0.12321177207396433,0.389010004538039,0.23604683830495565,0.17988211189214676,0.33139933764753177,0.07284803984778844
