,SN_pc_R,Thal_MDl_L,OFCpost_R,Temporal_Sup_R,OFClat_L,Heschl_R,Cuneus_L,Occipital_Inf_R,Temporal_Inf_R,SN_pr_L,Vermis_8,Thal_AV_L,Thal_LGN_R,Paracentral_Lobule_R,Vermis_9,Amygdala_R,Temporal_Sup_L,ACC_pre_R,Thal_Re_L,Precentral_L,Red_N_R,Frontal_Inf_Orb_2_R,Insula_L,Postcentral_L,Vermis_7,Hippocampus_R,Cerebellum_10_R,Parietal_Sup_L,Precuneus_L,SupraMarginal_R,Vermis_6,Thal_PuA_R,Occipital_Sup_R,ParaHippocampal_L,Supp_Motor_Area_L,Cerebellum_3_L,OFCant_R,Cerebellum_Crus1_R,Thal_AV_R,Amygdala_L,Frontal_Mid_2_R,Frontal_Sup_2_L,Thal_VA_L,Temporal_Inf_L,Vermis_1_2,Rolandic_Oper_R,Occipital_Sup_L,Thal_LP_L,Caudate_L,Parietal_Inf_R,Thal_VPL_L,Vermis_10,Frontal_Sup_Medial_L,VTA_L,Frontal_Med_Orb_R
SN_pc_R,1.0,0.23587414389797026,0.15434101103171471,0.4178546085322513,0.2114243666989575,0.3627119268081053,0.18687158247259392,0.18110860394003506,0.5139232907399327,0.168770099638203,0.02231943020830948,0.4420028728346705,0.2540116354931474,0.44727798701682075,0.1902274072784284,0.45435357987607644,0.40278707397587016,0.19695448582637398,-0.11552824186369645,0.502582535100656,0.46721988860223557,0.15286070648095434,0.49932036521828016,0.3798702719555063,-0.02624998966149029,0.5609916031724903,0.48605773479411923,0.06508158223262571,0.3168174134799777,0.17283547703963487,0.08487796446739225,0.20113553399222442,0.05237000895088503,0.44359845713942636,0.5174260950738774,0.5302318739137671,0.18525647113299998,0.19280039671473848,0.15297406043783046,0.3086693160901347,0.4989693149051191,0.5373467497391119,0.30891370638370036,0.2742478119872721,0.44970825714888457,0.46759678980954045,-0.048283172882136106,0.3624827919332419,0.5437283777575088,0.011660521355003515,0.3328420743784047,0.00031192371166114215,0.5008533074285642,0.06573579124965817,0.02159774723523686
Thal_MDl_L,0.23587414389797026,1.0,0.2614250785014861,0.49678586206263403,0.06989739392095466,0.5947415481710766,0.5047427573176406,0.036142084436737526,0.39373153973828295,0.02761436895503718,0.19109817792669911,0.3938679803685832,0.3425003193839969,0.46777251462503305,0.25116738053959436,0.1792039436517116,0.6055715419822976,0.31664386965997665,0.24298806438418008,0.3476628747566861,0.31302834588791484,0.2172674484649442,0.36670329640134525,0.4846865977282914,0.1002362122769001,0.4828865105800372,0.3580421221465112,0.06810633381956085,0.5442146046162893,0.3381900677124125,-0.07353813544526708,0.5571975637764405,-0.030841195770798205,0.33405520864599414,0.3697263679997835,0.4939192251122125,0.07925139153827702,-0.05127101307129212,0.27485827059149737,0.09952164852611081,0.5346425393083943,0.42148101054963244,0.6359144430338565,0.517488304750897,0.4831162645831755,0.7014375654746633,0.38661439613889,0.1046282081481384,0.2774450033432113,0.17661832393381635,0.6090705151420822,-0.06111535218787751,0.5438874141846509,-0.11125612871051227,0.15238815533337455
OFCpost_R,0.15434101103171471,0.2614250785014861,1.0,0.2485691041525138,0.5674709529546168,0.42445675768293417,0.172451201939102,0.06927604780769354,-0.04317513016962187,0.18221684689363743,0.11571906802483402,0.0674264125208026,0.3153172530441151,0.35780300220139305,0.07736371572683133,0.1884764764931677,0.5131944975481576,0.28064739785454257,0.088863477844321,0.31739444460755456,0.10045444610091504,0.31089597598824137,0.5607146948369267,0.40833685109963574,-0.0027805245102327167,0.36070553136526984,0.1294180810754383,0.16442484173020927,0.40550690554020047,0.2402215782545601,-0.03975620545486851,0.26939988780578566,0.06339896644462306,0.3482502058089428,0.3736806893858011,0.3981017392230735,0.6078039181164318,-0.14252625157163973,0.21929755432050724,0.347774757696556,0.4480422283685221,0.4249121630704151,0.385212622525699,0.4289478790493285,0.2532656388162255,0.3593687868326717,0.26756046783913906,0.012221124017680711,0.42118904791489936,0.12951106141275948,0.18585784850172396,0.07104724057857033,0.4077010199794201,0.11573768878764652,0.30497555770599355
Temporal_Sup_R,0.4178546085322513,0.49678586206263403,0.2485691041525138,1.0,-0.04781556853796632,0.6566695222624983,0.39837193578624935,0.19676769212218745,0.46806177123280396,0.1615368876195967,0.1767305447922934,0.496553927430469,0.38400809082266585,0.7245143046064987,0.2279736470182109,0.3140976010618431,0.5114213749030244,0.3125464217097611,0.15424765265882232,0.3821522521796817,0.3605080997312075,0.37412505396260504,0.513333087373436,0.5690429259240541,-0.039480999873866066,0.5854086344247877,0.564909129922284,0.22088793852012614,0.720800305143976,0.7402700507941373,0.0649581205259281,0.5034622731856156,0.01011827206736892,0.49588600675006844,0.4727615026257641,0.6672384398439976,0.14838251038391534,0.27172031274859737,0.25965845032240686,0.2877931398197418,0.6215546927123011,0.5482227820443443,0.40475753224295374,0.5319027757583465,0.5752123841626795,0.6497174026858089,0.08451551683226001,0.2733146312358047,0.6218946132065227,0.3863217148214902,0.6015638153437722,0.18500109889997732,0.6015412692641267,0.21377260787152963,0.0686793060244677
OFClat_L,0.2114243666989575,0.06989739392095466,0.5674709529546168,-0.04781556853796632,1.0,0.26013726973707124,-0.003435678555531749,0.045914201580377574,0.002138676658856731,0.014906661419617714,-0.022368960945262868,0.12947111914669288,0.3441442283112055,0.09407750722597201,0.17088946389621368,0.42934638228118865,0.4148777497083271,0.13745527243285965,0.05799530763626991,0.2910978950664412,0.26836875138991056,0.10497710267430595,0.6388282825819381,0.06321370231857522,-0.01288950832294426,0.38062807693702433,0.22787792902903425,-0.1725254208218285,0.023970851709133115,-0.22626630438017384,-0.26106051880754183,0.15853846303191158,-0.07608700780191792,0.3970417202901916,0.3766307335437414,0.35009455163732073,0.5146296140955928,-0.19328394246475708,0.3747958790869197,0.549722908131146,0.33833259301504925,0.3827395341345233,0.3360393541832686,0.22840749400739144,-0.02427825507975989,0.2651080477183056,-0.03731972991975313,0.16785855124334736,0.3408490300757178,-0.25712310756136547,0.05423768637849371,0.05041090283829119,0.24854377376410214,-0.23801891656806531,0.21114284681734768
Heschl_R,0.3627119268081053,0.5947415481710766,0.42445675768293417,0.6566695222624983,0.26013726973707124,1.0,0.5464647129410543,0.06539053263157202,0.15882872999770062,0.18737683698620702,0.15334581481986434,0.36940715780549627,0.6296761661561223,0.7313211088573388,0.36172899140516496,0.34705839810682215,0.8458298118237678,0.4607578449210452,0.3375566401900714,0.6440005370232535,0.41369630982736466,0.48754675780931284,0.6871615475042699,0.7186570176200634,0.07204220176153851,0.7386751620444018,0.43007609290860604,0.05566750851587332,0.7157648657155133,0.42930349553876074,-0.0994686699828033,0.6510961508502064,-0.13741296997798919,0.7200336309550046,0.7420925711167676,0.7987574533102061,0.2038038257303422,0.00989207536693665,0.3821880635565692,0.4156879782700547,0.8441051447014367,0.7704694077101895,0.6379881270422811,0.7185088468669563,0.5274787480431943,0.8035324924147526,0.16064137643696483,0.18792440513390216,0.7442324978862725,0.13519601058326547,0.6597398280828349,0.1899612679725671,0.8049394794079993,0.2761202444427,0.15140408307729641
Cuneus_L,0.18687158247259392,0.5047427573176406,0.172451201939102,0.39837193578624935,-0.003435678555531749,0.5464647129410543,1.0,0.12103454091823933,0.22350783987218203,0.1553933980816483,0.17454557380509447,0.22700497232755656,0.27084873328754233,0.424786633651257,-0.015436616297871887,-0.11119238545170367,0.5427654245340124,0.29795175637515464,0.18508070332951476,0.5385490174464767,0.2438723407779348,0.5184339304317906,0.3195380078925014,0.480210530262583,0.05508574036453189,0.3802334007057661,0.25978772811413414,0.06408293682813299,0.5258682375576746,0.35348706626528587,0.15420726100045545,0.30265073457859487,-0.05986214933250314,0.27616688905387793,0.5122275268941908,0.47079328492666284,-0.04301411745132191,0.2679011393858545,0.055294862411572256,-0.012100063938624903,0.48869449678778665,0.47887501731178705,0.3872827029468127,0.34409958734385027,0.6145150543891986,0.6588723526737049,0.43281452633759254,0.1989606830683721,0.41226131489676404,0.2945286542873973,0.4368826685552648,0.23148663790374388,0.5331453236442911,0.28195907639531936,0.0025543209702111524
Occipital_Inf_R,0.18110860394003506,0.036142084436737526,0.06927604780769354,0.19676769212218745,0.045914201580377574,0.06539053263157202,0.12103454091823933,1.0,0.13795568153235455,0.06242655574780717,0.13890671015976283,0.11564187595751077,0.037762959835558794,0.11006294342803107,-0.07286939389436402,0.05854448542467467,0.13243319351576735,0.19858013082219006,0.04864765995965649,0.20600736686240792,0.13378362216301715,0.2538578464350435,0.1975142464274411,-0.0157203483758796,-0.011162064227970066,0.14570407813942005,0.28637389596818136,-0.015321796176956939,0.10226724756528859,0.04449427806677301,0.056837400451464286,-0.07171537097006017,0.06522274408719642,0.11744074668941742,0.20207426559964878,0.22339314272026614,0.11345845906457017,0.19854002461599027,0.0944916239792358,0.1141222934877573,0.14864464645811398,0.22158752858334257,0.16269461067975866,0.07986702674022889,0.15793417509609362,0.15262650487078447,-0.08870435113061467,0.0005108277864592248,0.17949075509254872,-0.028920322121059164,-0.029586135382035854,0.30864626013318364,0.11394484643986022,-0.04310984040078748,0.005656775126080779
Temporal_Inf_R,0.5139232907399327,0.39373153973828295,-0.04317513016962187,0.46806177123280396,0.002138676658856731,0.15882872999770062,0.22350783987218203,0.13795568153235455,1.0,-0.019229702422243027,0.11327380834514218,0.4458143556621867,0.029053407639142798,0.3152373705000957,0.2236677332817536,0.2590191056989201,0.16865588847991184,0.0580833815640657,-0.02764222759857086,0.2663737685266261,0.34760196938232507,0.04808261772960244,0.2343301533744787,0.18360507185708694,-0.06442051353005368,0.36049656750617476,0.47979818417540465,0.08394377846589164,0.23460791540563986,0.22185510734768726,0.13654989220785657,0.12051509995417395,0.1606883644967231,0.1468811127393569,0.2476800772721395,0.3462161632551931,0.059535753330763594,0.3722034737813463,0.13977685510561466,0.005571388891494629,0.24899647306198883,0.2765651548710744,0.19606583927715135,0.0772442448909802,0.4015737812218965,0.46928417207321105,0.08446735499654268,0.5118315803272083,0.26353695819615136,0.1145943276060281,0.37387163048024724,-0.21148684259230263,0.2730435611771636,-0.23406054917457436,-0.052590925707205236
SN_pr_L,0.168770099638203,0.02761436895503718,0.18221684689363743,0.1615368876195967,0.014906661419617714,0.18737683698620702,0.1553933980816483,0.06242655574780717,-0.019229702422243027,1.0,0.09969459802797213,0.053472493170142264,0.3029955791858204,0.35377377095602974,0.04245368665227483,-0.032297251195752705,0.23985158421242977,-0.20761571761347855,0.22879463245951634,0.3682642028167537,0.18411372992913874,0.08896769983998616,0.21515488199900232,0.4246180510693357,0.020867797690477547,0.2631800429651348,0.06398523972849944,0.40433542261089167,0.43118707128528866,0.3947231338295037,0.13099545321006298,0.06190322673280056,0.12503004185621902,0.27268319245643696,0.2661497775608779,0.21279781320611266,-0.13370478159683793,0.0438580804642935,-0.36187461220494477,0.19080225733551315,0.19330611966499445,0.22458071055650197,-0.1712867815577909,0.1189609103955707,0.4004546181193144,0.06338394558299977,0.20198863410122536,0.07161968063749723,0.3326213354202984,0.4960647271832604,0.2029167706120331,0.0702868094596522,0.18837856990462112,0.3807733824370568,-0.29251171114993335
Vermis_8,0.02231943020830948,0.19109817792669911,0.11571906802483402,0.1767305447922934,-0.022368960945262868,0.15334581481986434,0.17454557380509447,0.13890671015976283,0.11327380834514218,0.09969459802797213,1.0,-0.07890639928479577,0.23636954514451977,0.19627315049697258,0.2022545478703798,-0.10080291558437683,0.19917580669485999,0.06327475495513324,0.14664838358338453,0.22486593197412552,0.037273105533598465,0.100875766841819,0.1253350338188431,0.20113789554748862,-0.08188219228552902,0.17900956713202304,0.05277658164410636,0.18137516591938088,0.28827796069089606,0.2213402353727197,0.04260118066414056,0.08687316886732635,0.08523082276593698,0.09473859159559583,0.17202571881890433,0.13413762935660037,0.04777881236983128,0.06003268735496716,-0.08312801306602217,0.09484306778595418,0.17356199410985138,0.18517651532246052,0.05634983136840117,0.12237418199598019,0.11208824317559507,0.15913853679908824,0.11137866900373761,-0.01705511843977436,0.10966432040763627,0.21261031497047359,0.09996414538282,0.031852139378784436,0.15583515924431035,-0.009131194488950398,0.07966357987870483
Thal_AV_L,0.4420028728346705,0.3938679803685832,0.0674264125208026,0.496553927430469,0.12947111914669288,0.36940715780549627,0.22700497232755656,0.11564187595751077,0.4458143556621867,0.053472493170142264,-0.07890639928479577,1.0,0.21818070798542272,0.46334983341004027,0.06484851486973602,0.4051106110922259,0.380361423935605,0.1601691265367539,-0.049690299126182516,0.36659180056079865,0.35907015860215424,0.10552558022423132,0.3676653500997722,0.4286013231847398,-0.02567763511242248,0.4864125454351119,0.4759927255125587,0.07937509672269283,0.3652219699509998,0.27012261642887814,-0.0387465870418226,0.34969333679754006,-0.032444299672128564,0.44472396950035353,0.4804354141748123,0.457915634017122,0.03721834502364023,0.15989286182381815,0.2510827617245158,0.1569910866254982,0.48019356515953765,0.43821152829682114,0.4189910474812185,0.3263138863112362,0.4422640321649608,0.4715044732425569,-0.02876918955412023,0.28996745757770764,0.4534624427476803,0.079219428282052,0.4355300196812994,0.0050733433439430434,0.5209767005647457,0.041179478258183896,-0.006475356678081593
Thal_LGN_R,0.2540116354931474,0.3425003193839969,0.3153172530441151,0.38400809082266585,0.3441442283112055,0.6296761661561223,0.27084873328754233,0.037762959835558794,0.029053407639142798,0.3029955791858204,0.23636954514451977,0.21818070798542272,1.0,0.5069688952404456,0.3391140748779332,0.3891244078786944,0.6800793898158921,0.3762234388972365,0.45997015331023233,0.5415292858059446,0.36025512821951594,0.27880840127867434,0.6134866381754506,0.46898306109572385,0.13822510005357572,0.7303057780499238,0.3393736959492819,0.06871956624784555,0.5679979479380599,0.26119006278181395,-0.16639827271443888,0.4948606913984462,-0.1614568654098859,0.6171126067860083,0.6403768627459915,0.6285098420077556,0.18329247467721355,-0.09878482496988623,0.21433130767158298,0.5087374934321399,0.6804852342564688,0.6520314485941268,0.3644153213940889,0.5270565992534517,0.3191310797674984,0.46121437033764573,0.03133221468821509,0.14843222028263311,0.612505113870837,0.06622575924884318,0.45714827167224276,0.18578825334999136,0.5941311108075938,0.14664268829094362,0.06362186242332683
Paracentral_Lobule_R,0.44727798701682075,0.46777251462503305,0.35780300220139305,0.7245143046064987,0.09407750722597201,0.7313211088573388,0.424786633651257,0.11006294342803107,0.3152373705000957,0.35377377095602974,0.19627315049697258,0.46334983341004027,0.5069688952404456,1.0,0.3168155234529077,0.30849992628053746,0.6715730114179278,0.2331418813016413,0.17641913124643924,0.693885155797236,0.3823218185179269,0.3586651414856542,0.5715970260789526,0.8417482349809626,-0.00530558424138552,0.6878979436447767,0.37283928635209146,0.45518238680303347,0.8638335458536182,0.640759725165719,0.06919680398909114,0.552688827330318,0.11454218673510612,0.6403735050726708,0.6951864257285197,0.6812602193584448,0.07990882273532242,0.12711239019798268,0.11817145698180792,0.3481570253050017,0.7229485503093992,0.7054679022324375,0.3617446412657513,0.6154533778551715,0.6302068348988119,0.6248990839288618,0.1901932116554099,0.27138312967363465,0.7233902431497924,0.447697820851211,0.6200973750934725,0.0709319307746547,0.76344787638391,0.3832110354782373,0.05765635683541357
Vermis_9,0.1902274072784284,0.25116738053959436,0.07736371572683133,0.2279736470182109,0.17088946389621368,0.36172899140516496,-0.015436616297871887,-0.07286939389436402,0.2236677332817536,0.04245368665227483,0.2022545478703798,0.06484851486973602,0.3391140748779332,0.3168155234529077,1.0,0.28258607650554224,0.28944558728116804,0.1061320947489424,0.10968420057375117,0.30698926310318586,0.3617242329267715,0.20670366698673534,0.24866148436852262,0.24908109304606674,0.07306549806589534,0.36005929812582904,0.11061744932078131,0.11435159085830668,0.26741629506473774,0.12627676063103394,-0.15910840855659067,0.24435272262013877,-0.031293438674408716,0.30733097060302067,0.274278758761459,0.3096030708646024,0.0271377375756154,0.04525442214356395,0.2380040344326635,0.22708435940722368,0.32557533201787764,0.3362756049459309,0.22291887228165658,0.1567107203298043,0.003724702132577902,0.29010993763125353,-0.07023784856133435,0.1661326922860592,0.2411725261943856,0.018818203643404273,0.20124664766011927,-0.18101915560864748,0.2282286466418891,-0.11875636394388125,0.0730156275892997
Amygdala_R,0.45435357987607644,0.1792039436517116,0.1884764764931677,0.3140976010618431,0.42934638228118865,0.34705839810682215,-0.11119238545170367,0.05854448542467467,0.2590191056989201,-0.032297251195752705,-0.10080291558437683,0.4051106110922259,0.3891244078786944,0.30849992628053746,0.28258607650554224,1.0,0.3361895112806231,0.3273200070684777,0.009366947299773398,0.2521466332323029,0.35626578555369937,0.05152428600567992,0.5610322394769633,0.1965028405488648,-0.014496607023751865,0.6548532653405251,0.5948227545647118,-0.16335888416188948,0.1726843994269822,0.018655641273254798,-0.23809462755209063,0.39213712701044584,-0.20343964244005866,0.688117629557265,0.43591709976345705,0.5445367647386784,0.25630064239767864,-0.14330019325417181,0.4482850536505288,0.7097488112145859,0.46469553998279095,0.49772975285749904,0.40590554788104827,0.42299004266075857,0.09810522160930524,0.3081307111607598,-0.37602566669645016,0.20310203421239362,0.4987958472983057,-0.2534442740479981,0.32994468037884944,0.03819606442173663,0.4545041969762469,-0.18700866884618336,0.1821807009773738
Temporal_Sup_L,0.40278707397587016,0.6055715419822976,0.5131944975481576,0.5114213749030244,0.4148777497083271,0.8458298118237678,0.5427654245340124,0.13243319351576735,0.16865588847991184,0.23985158421242977,0.19917580669485999,0.380361423935605,0.6800793898158921,0.6715730114179278,0.28944558728116804,0.3361895112806231,1.0,0.5177487307287296,0.3806750224925223,0.7145968355190868,0.42003378422244747,0.45187387710910004,0.7508540071628519,0.7311291993653211,0.03669461130040952,0.7911603221234838,0.4806547145543681,0.09879551398853954,0.6997858941336123,0.299782543216591,-0.13797968994970813,0.5895428504586979,-0.03418111612007512,0.7091203093820911,0.8169411855801416,0.8193093125244933,0.314542947711198,-0.031006159085507516,0.3695655404781478,0.493165512853947,0.8648820372650161,0.8366659324752728,0.6306196503711773,0.7491773098406493,0.5688180026042817,0.7398294047083788,0.23388690464228162,0.12609727590452272,0.7449699056639376,0.07938974870878986,0.5875199408471793,0.22793378474160536,0.8078161646075157,0.15143096875149167,0.13987072041958534
ACC_pre_R,0.19695448582637398,0.31664386965997665,0.28064739785454257,0.3125464217097611,0.13745527243285965,0.4607578449210452,0.29795175637515464,0.19858013082219006,0.0580833815640657,-0.20761571761347855,0.06327475495513324,0.1601691265367539,0.3762234388972365,0.2331418813016413,0.1061320947489424,0.3273200070684777,0.5177487307287296,1.0,0.3855938495521064,0.26965880150418575,0.14046245261443188,0.4781575200239589,0.42711265067399795,0.251810801561442,0.0010117804166692797,0.5055331752295623,0.4090778422221238,-0.20252333302070422,0.2843151804993428,0.10032165111791344,-0.027717866385616345,0.4088169242569851,0.047496402098164935,0.3985060945727401,0.4742937867745134,0.529295424675055,0.41224088417002425,0.02571992318937374,0.46878916680717536,0.26342545380584875,0.5440405709561819,0.5668791670311463,0.5252362202749679,0.5342694677416043,0.25279227948957944,0.42905509453704244,-0.034565986278855224,-0.062087059778998505,0.47262336526331045,-0.18387152465934015,0.33032797767008704,0.29172641006961886,0.5725974277853951,0.04410527935659897,0.2368159675704693
Thal_Re_L,-0.11552824186369645,0.24298806438418008,0.088863477844321,0.15424765265882232,0.05799530763626991,0.3375566401900714,0.18508070332951476,0.04864765995965649,-0.02764222759857086,0.22879463245951634,0.14664838358338453,-0.049690299126182516,0.45997015331023233,0.17641913124643924,0.10968420057375117,0.009366947299773398,0.3806750224925223,0.3855938495521064,1.0,0.20114844341766352,0.06684999308629024,0.1687158748882412,0.20894573656349413,0.23883231400538044,0.09660708646882481,0.319817247309307,0.16130489399204054,0.05753132135896443,0.34600120807273244,0.16562522961693582,-0.11413673797095801,0.34762424483519233,0.03663765222437933,0.2038489418353771,0.2742927172280437,0.28514282096501664,0.0845172938527942,-0.09359266425983949,0.18253788519247818,0.1664641382412342,0.31947636984573463,0.2750839909433641,0.09543536449260281,0.3704158874612784,0.20945847447603771,0.17988921683132506,0.07828679114400583,-0.07617781227483483,0.2269619613940363,0.1255800842629617,0.3056105842183503,0.21149869460676646,0.25868218626198564,0.007862613946193905,-0.03642555656986268
Precentral_L,0.502582535100656,0.3476628747566861,0.31739444460755456,0.3821522521796817,0.2910978950664412,0.6440005370232535,0.5385490174464767,0.20600736686240792,0.2663737685266261,0.3682642028167537,0.22486593197412552,0.36659180056079865,0.5415292858059446,0.693885155797236,0.30698926310318586,0.2521466332323029,0.7145968355190868,0.26965880150418575,0.20114844341766352,1.0,0.46174619884387014,0.5405680234217246,0.6370413531652112,0.6241804377935476,0.03684203917496563,0.7101875864648969,0.32197211258950215,0.24534942576902152,0.6246817050508596,0.26576931896738987,0.05564887931729951,0.25082852902068,0.08553772778620908,0.6101327739186917,0.8976023233911191,0.7095751009048292,0.174157870635661,0.16136287046908568,0.08788572549993179,0.3730789794413788,0.7651475058076039,0.8318048820592636,0.3845973432847315,0.3928090690731346,0.5527985303161682,0.6755816920910822,0.17647150314331295,0.30043479354369423,0.6835635696816009,0.2202066083752709,0.33621560651599414,0.11630176470150497,0.6942879845313281,0.24097936408634385,0.007199240982658217
Red_N_R,0.46721988860223557,0.31302834588791484,0.10045444610091504,0.3605080997312075,0.26836875138991056,0.41369630982736466,0.2438723407779348,0.13378362216301715,0.34760196938232507,0.18411372992913874,0.037273105533598465,0.35907015860215424,0.36025512821951594,0.3823218185179269,0.3617242329267715,0.35626578555369937,0.42003378422244747,0.14046245261443188,0.06684999308629024,0.46174619884387014,1.0,0.2340721743302832,0.4999522319141226,0.29714947030931577,-0.144866484717365,0.5129210757695624,0.43960618432558257,-0.07911764270457633,0.28674051105663384,0.05577807786934084,-0.08189498568068418,0.2450185547357827,-0.07138808477145464,0.46406248901769587,0.4763311120792676,0.5235692737453983,-0.0322880006171533,0.13124319004332022,0.27500159475125174,0.35567376228437636,0.42721256060163315,0.4498660585194563,0.4246737929977766,0.20164313827043653,0.3452697960861397,0.4754832003436784,-0.026099989768371766,0.339851769191246,0.45132878369939466,-0.07828952721010567,0.3389856897897092,0.05818130803880878,0.3890185987298134,-0.01779663407325948,0.006676983547593594
Frontal_Inf_Orb_2_R,0.15286070648095434,0.2172674484649442,0.31089597598824137,0.37412505396260504,0.10497710267430595,0.48754675780931284,0.5184339304317906,0.2538578464350435,0.04808261772960244,0.08896769983998616,0.100875766841819,0.10552558022423132,0.27880840127867434,0.3586651414856542,0.20670366698673534,0.05152428600567992,0.45187387710910004,0.4781575200239589,0.1687158748882412,0.5405680234217246,0.2340721743302832,1.0,0.4023759739301918,0.29267766345066526,0.023519212592400862,0.40869827903885536,0.22371391722470554,0.02667737961902905,0.39563051047318537,0.30646874020482723,0.15838248198472893,0.19850899436459968,0.03340992323681821,0.34880334519621004,0.5464518149533614,0.47417774368842175,0.1791653387605914,0.23183807927009123,0.17665138214826254,0.19705028246037945,0.4890013702405972,0.5878669999866798,0.407419889881664,0.2822498704550584,0.3645187205018088,0.5046476706789224,0.09572376316511153,0.09231982942204552,0.48314824541371665,0.14963470023216957,0.21281261525369555,0.38261651534185,0.49577313364087905,0.25196839985406694,0.05053716751927491
Insula_L,0.49932036521828016,0.36670329640134525,0.5607146948369267,0.513333087373436,0.6388282825819381,0.6871615475042699,0.3195380078925014,0.1975142464274411,0.2343301533744787,0.21515488199900232,0.1253350338188431,0.3676653500997722,0.6134866381754506,0.5715970260789526,0.24866148436852262,0.5610322394769633,0.7508540071628519,0.42711265067399795,0.20894573656349413,0.6370413531652112,0.4999522319141226,0.4023759739301918,1.0,0.4858526098484246,0.018019624096720914,0.7937896548804496,0.6038377566847161,-0.04280466374639905,0.5102633231875074,0.238910397722446,-0.17815683331034016,0.4435571544323559,-0.05589053654550826,0.7475756798449502,0.7656918051115611,0.805345934525634,0.44469162642828913,-0.013898070741457477,0.3621168903215928,0.6976180924603603,0.7775768554739572,0.8079340633643358,0.5900734119044675,0.6377170093601704,0.4637469718844927,0.6693442916114097,-0.05375248225580631,0.25473533862996894,0.7590098009509582,-0.028907250064493226,0.4295410670219078,0.30376383600058127,0.7090061894456591,0.00812762679376383,0.15231128270803243
Postcentral_L,0.3798702719555063,0.4846865977282914,0.40833685109963574,0.5690429259240541,0.06321370231857522,0.7186570176200634,0.480210530262583,-0.0157203483758796,0.18360507185708694,0.4246180510693357,0.20113789554748862,0.4286013231847398,0.46898306109572385,0.8417482349809626,0.24908109304606674,0.1965028405488648,0.7311291993653211,0.251810801561442,0.23883231400538044,0.6241804377935476,0.29714947030931577,0.29267766345066526,0.4858526098484246,1.0,0.05038321257860443,0.634051321234678,0.2959563598368138,0.5098306114996973,0.8674025297923821,0.591811059602582,0.06616378031471216,0.5915742131829362,0.10839780815645701,0.6202753198774907,0.6582496920930199,0.619748130137379,0.0595502301033865,0.07043941544958185,0.01468662414052784,0.29225202801969036,0.7179451692934468,0.6504753196334113,0.30903962588575284,0.6601481857183084,0.6803355900132695,0.5533126202700728,0.3108706711968707,0.19393090635127644,0.6974120795053436,0.44940442529775493,0.6546054285528699,0.04570165103757329,0.7674046560266401,0.4182723224312909,0.06726365632167605
Vermis_7,-0.02624998966149029,0.1002362122769001,-0.0027805245102327167,-0.039480999873866066,-0.01288950832294426,0.07204220176153851,0.05508574036453189,-0.011162064227970066,-0.06442051353005368,0.020867797690477547,-0.08188219228552902,-0.02567763511242248,0.13822510005357572,-0.00530558424138552,0.07306549806589534,-0.014496607023751865,0.03669461130040952,0.0010117804166692797,0.09660708646882481,0.03684203917496563,-0.144866484717365,0.023519212592400862,0.018019624096720914,0.05038321257860443,1.0,0.055527606429039485,-0.0697164985213357,-0.0015069889591631735,0.05461527668289238,0.02992595324923094,0.0827721083714661,0.10446320369994022,-0.0834095870000554,0.01570415712981747,0.05709278181411324,-0.004076297821176345,-0.05886953884508521,-0.02957365801025754,-0.02284359809832804,-0.05104586886352263,0.07820430939574737,0.06628810466434616,-0.003080571521089402,0.03858660661301457,0.06286347313791463,0.055297936414918564,0.03365570037167629,-0.09406832370627964,0.01363516655585112,0.027419363641320894,0.05786861768980452,-0.04680608099696013,0.08482719892653282,0.06540768437405552,0.02796155321862211
Hippocampus_R,0.5609916031724903,0.4828865105800372,0.36070553136526984,0.5854086344247877,0.38062807693702433,0.7386751620444018,0.3802334007057661,0.14570407813942005,0.36049656750617476,0.2631800429651348,0.17900956713202304,0.4864125454351119,0.7303057780499238,0.6878979436447767,0.36005929812582904,0.6548532653405251,0.7911603221234838,0.5055331752295623,0.319817247309307,0.7101875864648969,0.5129210757695624,0.40869827903885536,0.7937896548804496,0.634051321234678,0.055527606429039485,1.0,0.6747104356545628,0.06196024510410712,0.6790820366679554,0.3679345487569067,-0.11421894653077658,0.6381968511370096,-0.09371400380253525,0.8491372750957207,0.8566715985755557,0.8813437627381686,0.2913668389056379,0.031042456163644594,0.39205496244797855,0.6701680949145886,0.8634574712085603,0.8895613148077673,0.5512601068093556,0.691347333395058,0.5496724372755234,0.6703086379660061,-0.06301600292559832,0.24619164465542026,0.8214785838771969,0.053434098354016045,0.6555819515826911,0.23366546145817332,0.8435496519897023,0.08376182063365745,0.02062986567447199
Cerebellum_10_R,0.48605773479411923,0.3580421221465112,0.1294180810754383,0.564909129922284,0.22787792902903425,0.43007609290860604,0.25978772811413414,0.28637389596818136,0.47979818417540465,0.06398523972849944,0.05277658164410636,0.4759927255125587,0.3393736959492819,0.37283928635209146,0.11061744932078131,0.5948227545647118,0.4806547145543681,0.4090778422221238,0.16130489399204054,0.32197211258950215,0.43960618432558257,0.22371391722470554,0.6038377566847161,0.2959563598368138,-0.0697164985213357,0.6747104356545628,1.0,-0.20213962534092372,0.3381816264730279,0.22206389571595261,-0.022906180289851783,0.43721669508346594,-0.06443879974165591,0.6345944547276418,0.5319524191117956,0.7256447071920518,0.20803274522880108,0.09937342789306881,0.4013293082171369,0.5273383585553508,0.5686938608892145,0.5945341190273646,0.5120208086096135,0.5893406616996792,0.45456919078257574,0.4922482742386558,-0.2654289661176264,0.15972468393487152,0.6068853613165355,-0.1454571860289672,0.5364040518277706,0.36946941004500056,0.5955471539313847,-0.20847441337025266,0.09142277152397468
Parietal_Sup_L,0.06508158223262571,0.06810633381956085,0.16442484173020927,0.22088793852012614,-0.1725254208218285,0.05566750851587332,0.06408293682813299,-0.015321796176956939,0.08394377846589164,0.40433542261089167,0.18137516591938088,0.07937509672269283,0.06871956624784555,0.45518238680303347,0.11435159085830668,-0.16335888416188948,0.09879551398853954,-0.20252333302070422,0.05753132135896443,0.24534942576902152,-0.07911764270457633,0.02667737961902905,-0.04280466374639905,0.5098306114996973,-0.0015069889591631735,0.06196024510410712,-0.20213962534092372,1.0,0.5785163082429531,0.5403385056376417,0.20878488421338118,0.07376669454060931,0.34868594340642556,-0.016538996320738655,0.06511899428833873,-0.04121412078181644,-0.055782771822552146,0.09745283541008966,-0.3901877945015393,-0.033076807193546366,0.06415689025895366,0.04818965336239434,-0.29225884958090675,0.07197691635784326,0.2847476585904462,-0.040775189886306684,0.3806087199270035,0.03777197028453816,0.08327796851722112,0.7555470096208903,0.061162691559781074,-0.1232473723825873,0.0607972799653057,0.33030928511139984,-0.05357045504789334
Precuneus_L,0.3168174134799777,0.5442146046162893,0.40550690554020047,0.720800305143976,0.023970851709133115,0.7157648657155133,0.5258682375576746,0.10226724756528859,0.23460791540563986,0.43118707128528866,0.28827796069089606,0.3652219699509998,0.5679979479380599,0.8638335458536182,0.26741629506473774,0.1726843994269822,0.6997858941336123,0.2843151804993428,0.34600120807273244,0.6246817050508596,0.28674051105663384,0.39563051047318537,0.5102633231875074,0.8674025297923821,0.05461527668289238,0.6790820366679554,0.3381816264730279,0.5785163082429531,1.0,0.7649587934832563,0.10391117139062564,0.6281783439477667,0.06462277924012483,0.5656844394430811,0.6393179768619556,0.6595022332033804,0.09958663605374027,0.13667792662197012,0.056785387661455786,0.3212709518585114,0.7204533013859324,0.6508170424431429,0.2983333477536114,0.6437738470160761,0.6832775947186742,0.5848474336338093,0.32375339495454253,0.10504686300063429,0.6506044506734185,0.5994038943598983,0.6489583449999855,0.1701281226997286,0.7144311811152769,0.395864903289033,0.006405534421383121
SupraMarginal_R,0.17283547703963487,0.3381900677124125,0.2402215782545601,0.7402700507941373,-0.22626630438017384,0.42930349553876074,0.35348706626528587,0.04449427806677301,0.22185510734768726,0.3947231338295037,0.2213402353727197,0.27012261642887814,0.26119006278181395,0.640759725165719,0.12627676063103394,0.018655641273254798,0.299782543216591,0.10032165111791344,0.16562522961693582,0.26576931896738987,0.05577807786934084,0.30646874020482723,0.238910397722446,0.591811059602582,0.02992595324923094,0.3679345487569067,0.22206389571595261,0.5403385056376417,0.7649587934832563,1.0,0.23375061957675355,0.37477902363302734,0.0921880995933698,0.29075874461239765,0.2837628244911891,0.3711191158944937,-0.010547252382908264,0.25401196200216897,-0.10403010693821557,0.09604415852242286,0.40430776310920247,0.3285730015643761,0.07931426782857855,0.41229373084754767,0.5086049701118202,0.3585968969938477,0.2584343046563201,0.06145525496736522,0.38554261591247624,0.7807656610807585,0.4116661563666325,0.12291967140078369,0.4279470359113028,0.4076787384785167,-0.06263233456252526
Vermis_6,0.08487796446739225,-0.07353813544526708,-0.03975620545486851,0.0649581205259281,-0.26106051880754183,-0.0994686699828033,0.15420726100045545,0.056837400451464286,0.13654989220785657,0.13099545321006298,0.04260118066414056,-0.0387465870418226,-0.16639827271443888,0.06919680398909114,-0.15910840855659067,-0.23809462755209063,-0.13797968994970813,-0.027717866385616345,-0.11413673797095801,0.05564887931729951,-0.08189498568068418,0.15838248198472893,-0.17815683331034016,0.06616378031471216,0.0827721083714661,-0.11421894653077658,-0.022906180289851783,0.20878488421338118,0.10391117139062564,0.23375061957675355,1.0,-0.15662552819132125,0.2031859757038056,-0.16024250117690414,-0.009008688842831835,-0.07485050578328464,-0.09396426156904059,0.28444641682836863,-0.2312643979220463,-0.26169494007565897,-0.07067131740063289,-0.0469649949911444,-0.15006280052453666,-0.13018828567082213,0.18143070732868696,0.0463120744728318,0.20190937388249097,0.022754552027576695,0.04452748522890635,0.33376892165148964,-0.018257235032992883,-0.011222715953587755,0.024009999297141045,0.2744763700606707,0.011412336917881048
Thal_PuA_R,0.20113553399222442,0.5571975637764405,0.26939988780578566,0.5034622731856156,0.15853846303191158,0.6510961508502064,0.30265073457859487,-0.07171537097006017,0.12051509995417395,0.06190322673280056,0.08687316886732635,0.34969333679754006,0.4948606913984462,0.552688827330318,0.24435272262013877,0.39213712701044584,0.5895428504586979,0.4088169242569851,0.34762424483519233,0.25082852902068,0.2450185547357827,0.19850899436459968,0.4435571544323559,0.5915742131829362,0.10446320369994022,0.6381968511370096,0.43721669508346594,0.07376669454060931,0.6281783439477667,0.37477902363302734,-0.15662552819132125,1.0,-0.20915780584336993,0.6131347023449474,0.44909994355570765,0.6087781743224846,0.08419813602663612,-0.019292947001528678,0.36449014865060725,0.4307276353833443,0.6078770383349542,0.522481689463195,0.4428294367448453,0.6681884809453479,0.4484473944629446,0.4592567325186696,-0.004405481878424552,-0.012756556347534451,0.5355837140839753,0.07484641688758058,0.8571873925145789,0.12538096451908132,0.6733486881433836,0.1272430395703871,0.10934407585336797
Occipital_Sup_R,0.05237000895088503,-0.030841195770798205,0.06339896644462306,0.01011827206736892,-0.07608700780191792,-0.13741296997798919,-0.05986214933250314,0.06522274408719642,0.1606883644967231,0.12503004185621902,0.08523082276593698,-0.032444299672128564,-0.1614568654098859,0.11454218673510612,-0.031293438674408716,-0.20343964244005866,-0.03418111612007512,0.047496402098164935,0.03663765222437933,0.08553772778620908,-0.07138808477145464,0.03340992323681821,-0.05589053654550826,0.10839780815645701,-0.0834095870000554,-0.09371400380253525,-0.06443879974165591,0.34868594340642556,0.06462277924012483,0.0921880995933698,0.2031859757038056,-0.20915780584336993,1.0,-0.19758673303497565,-0.024987745723836528,-0.1279326120622174,0.17176004393992572,0.11418240972690319,-0.11048519589181124,-0.16914257745347552,-0.051698066665807084,-0.013367458681565518,-0.13770425631277614,-0.04506160004204474,0.11237936146646559,-0.006535165587146827,0.22558259777149395,0.07787166594630003,-0.05223387584127976,0.24739030311988272,-0.11783733927855497,-0.09648260614050624,-0.06452290305425733,-0.031768543064732625,-0.0330512920223397
ParaHippocampal_L,0.44359845713942636,0.33405520864599414,0.3482502058089428,0.49588600675006844,0.3970417202901916,0.7200336309550046,0.27616688905387793,0.11744074668941742,0.1468811127393569,0.27268319245643696,0.09473859159559583,0.44472396950035353,0.6171126067860083,0.6403735050726708,0.30733097060302067,0.688117629557265,0.7091203093820911,0.3985060945727401,0.2038489418353771,0.6101327739186917,0.46406248901769587,0.34880334519621004,0.7475756798449502,0.6202753198774907,0.01570415712981747,0.8491372750957207,0.6345944547276418,-0.016538996320738655,0.5656844394430811,0.29075874461239765,-0.16024250117690414,0.6131347023449474,-0.19758673303497565,1.0,0.7744906234600685,0.826013913469584,0.16699226728138622,-0.00980634798047055,0.35745694759297886,0.7509722154803186,0.7884631011848473,0.8004810649071102,0.5356183459369674,0.6918675216893676,0.43699700885686077,0.5633061826404557,-0.20800353853186412,0.16427729005811678,0.817374294031842,-0.028385448820990984,0.6197921493446862,0.22124686522867865,0.7900198777381378,0.1510937596874721,0.07935120239322403
Supp_Motor_Area_L,0.5174260950738774,0.3697263679997835,0.3736806893858011,0.4727615026257641,0.3766307335437414,0.7420925711167676,0.5122275268941908,0.20207426559964878,0.2476800772721395,0.2661497775608779,0.17202571881890433,0.4804354141748123,0.6403768627459915,0.6951864257285197,0.274278758761459,0.43591709976345705,0.8169411855801416,0.4742937867745134,0.2742927172280437,0.8976023233911191,0.4763311120792676,0.5464518149533614,0.7656918051115611,0.6582496920930199,0.05709278181411324,0.8566715985755557,0.5319524191117956,0.06511899428833873,0.6393179768619556,0.2837628244911891,-0.009008688842831835,0.44909994355570765,-0.024987745723836528,0.7744906234600685,1.0,0.8575684578073842,0.2795897805235363,0.09673889772830502,0.2779625691932053,0.5129312609864006,0.8856412335828512,0.9480501543592378,0.5247024196725832,0.6118563480440347,0.5829750017063974,0.7190967785548096,0.03261719838055369,0.283610589092765,0.8420858215103165,0.06195760246487772,0.49788500742607794,0.255072517400341,0.8572885519101543,0.2146208445670374,0.05968127667369263
Cerebellum_3_L,0.5302318739137671,0.4939192251122125,0.3981017392230735,0.6672384398439976,0.35009455163732073,0.7987574533102061,0.47079328492666284,0.22339314272026614,0.3462161632551931,0.21279781320611266,0.13413762935660037,0.457915634017122,0.6285098420077556,0.6812602193584448,0.3096030708646024,0.5445367647386784,0.8193093125244933,0.529295424675055,0.28514282096501664,0.7095751009048292,0.5235692737453983,0.47417774368842175,0.805345934525634,0.619748130137379,-0.004076297821176345,0.8813437627381686,0.7256447071920518,-0.04121412078181644,0.6595022332033804,0.3711191158944937,-0.07485050578328464,0.6087781743224846,-0.1279326120622174,0.826013913469584,0.8575684578073842,1.0,0.2907068229230671,0.126660020292403,0.44998421930684124,0.6096297397050262,0.8843711761311439,0.9061460178307084,0.6601312433206763,0.7372722334789349,0.6236441898727213,0.7652827470031335,-0.05798196124041187,0.19313711402939793,0.8581220664784283,0.004513372620887121,0.653252183438489,0.34520633848753274,0.851746068330678,0.10376956698578257,0.09284553144485581
OFCant_R,0.18525647113299998,0.07925139153827702,0.6078039181164318,0.14838251038391534,0.5146296140955928,0.2038038257303422,-0.04301411745132191,0.11345845906457017,0.059535753330763594,-0.13370478159683793,0.04777881236983128,0.03721834502364023,0.18329247467721355,0.07990882273532242,0.0271377375756154,0.25630064239767864,0.314542947711198,0.41224088417002425,0.0845172938527942,0.174157870635661,-0.0322880006171533,0.1791653387605914,0.44469162642828913,0.0595502301033865,-0.05886953884508521,0.2913668389056379,0.20803274522880108,-0.055782771822552146,0.09958663605374027,-0.010547252382908264,-0.09396426156904059,0.08419813602663612,0.17176004393992572,0.16699226728138622,0.2795897805235363,0.2907068229230671,1.0,-0.11052879778648779,0.39245028031601636,0.2829886143081941,0.34902962571155205,0.3579983842930202,0.32016341049143565,0.3008104569548238,-0.015473501809885706,0.22268881895949463,-0.01240823353986726,0.007572678738019287,0.27595278063823364,-0.15254350158487323,0.004801149894003457,0.07585796109970096,0.2488618953997931,-0.19083327910217107,0.2454711620598268
Cerebellum_Crus1_R,0.19280039671473848,-0.05127101307129212,-0.14252625157163973,0.27172031274859737,-0.19328394246475708,0.00989207536693665,0.2679011393858545,0.19854002461599027,0.3722034737813463,0.0438580804642935,0.06003268735496716,0.15989286182381815,-0.09878482496988623,0.12711239019798268,0.04525442214356395,-0.14330019325417181,-0.031006159085507516,0.02571992318937374,-0.09359266425983949,0.16136287046908568,0.13124319004332022,0.23183807927009123,-0.013898070741457477,0.07043941544958185,-0.02957365801025754,0.031042456163644594,0.09937342789306881,0.09745283541008966,0.13667792662197012,0.25401196200216897,0.28444641682836863,-0.019292947001528678,0.11418240972690319,-0.00980634798047055,0.09673889772830502,0.126660020292403,-0.11052879778648779,1.0,-0.049633977967487204,-0.06882507383011795,0.04920007018823048,0.10324302671305936,-0.022095757800952805,-0.16826284793874843,0.20420190191397136,0.17814688767007503,0.0919684494011901,0.2061556948549268,0.12698556193182917,0.2424508139923849,0.12405338780352024,0.008359571975489352,0.06791756778231732,0.17653457429775887,-0.17637930157454473
Thal_AV_R,0.15297406043783046,0.27485827059149737,0.21929755432050724,0.25965845032240686,0.3747958790869197,0.3821880635565692,0.055294862411572256,0.0944916239792358,0.13977685510561466,-0.36187461220494477,-0.08312801306602217,0.2510827617245158,0.21433130767158298,0.11817145698180792,0.2380040344326635,0.4482850536505288,0.3695655404781478,0.46878916680717536,0.18253788519247818,0.08788572549993179,0.27500159475125174,0.17665138214826254,0.3621168903215928,0.01468662414052784,-0.02284359809832804,0.39205496244797855,0.4013293082171369,-0.3901877945015393,0.056785387661455786,-0.10403010693821557,-0.2312643979220463,0.36449014865060725,-0.11048519589181124,0.35745694759297886,0.2779625691932053,0.44998421930684124,0.39245028031601636,-0.049633977967487204,1.0,0.3509013654893236,0.37820555132811395,0.36348887591858203,0.601680837424731,0.3698469635087779,-0.05776941844631658,0.3922558927656352,-0.1955309480447418,-0.03793429672346784,0.2959603011176046,-0.3844956253938958,0.2488019532923554,0.1295338136149546,0.32781116878287136,-0.24588044068178294,0.23136930862552138
Amygdala_L,0.3086693160901347,0.09952164852611081,0.347774757696556,0.2877931398197418,0.549722908131146,0.4156879782700547,-0.012100063938624903,0.1141222934877573,0.005571388891494629,0.19080225733551315,0.09484306778595418,0.1569910866254982,0.5087374934321399,0.3481570253050017,0.22708435940722368,0.7097488112145859,0.493165512853947,0.26342545380584875,0.1664641382412342,0.3730789794413788,0.35567376228437636,0.19705028246037945,0.6976180924603603,0.29225202801969036,-0.05104586886352263,0.6701680949145886,0.5273383585553508,-0.033076807193546366,0.3212709518585114,0.09604415852242286,-0.26169494007565897,0.4307276353833443,-0.16914257745347552,0.7509722154803186,0.5129312609864006,0.6096297397050262,0.2829886143081941,-0.06882507383011795,0.3509013654893236,1.0,0.5028589539753476,0.5633606303074615,0.34347905769878334,0.46363346940149747,0.121733758686473,0.2702969150316884,-0.3170229721923219,0.04548843549923807,0.5591046946268912,-0.11589802478195291,0.34699341544623774,0.29706196180016475,0.45058612450440555,-0.08503729006384594,0.09002840403349147
Frontal_Mid_2_R,0.4989693149051191,0.5346425393083943,0.4480422283685221,0.6215546927123011,0.33833259301504925,0.8441051447014367,0.48869449678778665,0.14864464645811398,0.24899647306198883,0.19330611966499445,0.17356199410985138,0.48019356515953765,0.6804852342564688,0.7229485503093992,0.32557533201787764,0.46469553998279095,0.8648820372650161,0.5440405709561819,0.31947636984573463,0.7651475058076039,0.42721256060163315,0.4890013702405972,0.7775768554739572,0.7179451692934468,0.07820430939574737,0.8634574712085603,0.5686938608892145,0.06415689025895366,0.7204533013859324,0.40430776310920247,-0.07067131740063289,0.6078770383349542,-0.051698066665807084,0.7884631011848473,0.8856412335828512,0.8843711761311439,0.34902962571155205,0.04920007018823048,0.37820555132811395,0.5028589539753476,1.0,0.9047318990529793,0.6434828950003796,0.7440457906772229,0.5857704858873484,0.8040204996696454,0.07981483847736627,0.21604136315295305,0.8048281853712297,0.09010787549381559,0.6051742075548281,0.21047538111604333,0.8900738578103641,0.15420977736822586,0.13241149155251267
Frontal_Sup_2_L,0.5373467497391119,0.42148101054963244,0.4249121630704151,0.5482227820443443,0.3827395341345233,0.7704694077101895,0.47887501731178705,0.22158752858334257,0.2765651548710744,0.22458071055650197,0.18517651532246052,0.43821152829682114,0.6520314485941268,0.7054679022324375,0.3362756049459309,0.49772975285749904,0.8366659324752728,0.5668791670311463,0.2750839909433641,0.8318048820592636,0.4498660585194563,0.5878669999866798,0.8079340633643358,0.6504753196334113,0.06628810466434616,0.8895613148077673,0.5945341190273646,0.04818965336239434,0.6508170424431429,0.3285730015643761,-0.0469649949911444,0.522481689463195,-0.013367458681565518,0.8004810649071102,0.9480501543592378,0.9061460178307084,0.3579983842930202,0.10324302671305936,0.36348887591858203,0.5633606303074615,0.9047318990529793,1.0,0.6054182022500633,0.7030010255242147,0.5961240772874156,0.7267416279299063,-0.01992258402940144,0.22331278556506223,0.8754778937126071,0.037932360036312375,0.5427121961249626,0.29481796885624195,0.9000957382653859,0.16770751666595038,0.12217451834063354
Thal_VA_L,0.30891370638370036,0.6359144430338565,0.385212622525699,0.40475753224295374,0.3360393541832686,0.6379881270422811,0.3872827029468127,0.16269461067975866,0.19606583927715135,-0.1712867815577909,0.05634983136840117,0.4189910474812185,0.3644153213940889,0.3617446412657513,0.22291887228165658,0.40590554788104827,0.6306196503711773,0.5252362202749679,0.09543536449260281,0.3845973432847315,0.4246737929977766,0.407419889881664,0.5900734119044675,0.30903962588575284,-0.003080571521089402,0.5512601068093556,0.5120208086096135,-0.29225884958090675,0.2983333477536114,0.07931426782857855,-0.15006280052453666,0.4428294367448453,-0.13770425631277614,0.5356183459369674,0.5247024196725832,0.6601312433206763,0.32016341049143565,-0.022095757800952805,0.601680837424731,0.34347905769878334,0.6434828950003796,0.6054182022500633,1.0,0.5909582185466725,0.2902655909521742,0.7188019244429221,0.028770124774035663,0.021679631978814472,0.4692578049982437,-0.22359780645806904,0.4250812085301467,0.22180717772396472,0.6134962902200407,-0.08018866029661813,0.29641786235709716
Temporal_Inf_L,0.2742478119872721,0.517488304750897,0.4289478790493285,0.5319027757583465,0.22840749400739144,0.7185088468669563,0.34409958734385027,0.07986702674022889,0.0772442448909802,0.1189609103955707,0.12237418199598019,0.3263138863112362,0.5270565992534517,0.6154533778551715,0.1567107203298043,0.42299004266075857,0.7491773098406493,0.5342694677416043,0.3704158874612784,0.3928090690731346,0.20164313827043653,0.2822498704550584,0.6377170093601704,0.6601481857183084,0.03858660661301457,0.691347333395058,0.5893406616996792,0.07197691635784326,0.6437738470160761,0.41229373084754767,-0.13018828567082213,0.6681884809453479,-0.04506160004204474,0.6918675216893676,0.6118563480440347,0.7372722334789349,0.3008104569548238,-0.16826284793874843,0.3698469635087779,0.46363346940149747,0.7440457906772229,0.7030010255242147,0.5909582185466725,1.0,0.5347810195230254,0.5328822509064249,-0.000910493777980995,-0.0655091986266673,0.6585212349168623,0.07646809180334518,0.6179742315133447,0.3971681803311985,0.776831095324167,0.07709065661467027,0.18237398520212178
Vermis_1_2,0.44970825714888457,0.4831162645831755,0.2532656388162255,0.5752123841626795,-0.02427825507975989,0.5274787480431943,0.6145150543891986,0.15793417509609362,0.4015737812218965,0.4004546181193144,0.11208824317559507,0.4422640321649608,0.3191310797674984,0.6302068348988119,0.003724702132577902,0.09810522160930524,0.5688180026042817,0.25279227948957944,0.20945847447603771,0.5527985303161682,0.3452697960861397,0.3645187205018088,0.4637469718844927,0.6803355900132695,0.06286347313791463,0.5496724372755234,0.45456919078257574,0.2847476585904462,0.6832775947186742,0.5086049701118202,0.18143070732868696,0.4484473944629446,0.11237936146646559,0.43699700885686077,0.5829750017063974,0.6236441898727213,-0.015473501809885706,0.20420190191397136,-0.05776941844631658,0.121733758686473,0.5857704858873484,0.5961240772874156,0.2902655909521742,0.5347810195230254,1.0,0.5787682699944859,0.23938826126889107,0.26503716745543604,0.6267976795113158,0.39862691250241744,0.6014590016515494,0.2579287269103201,0.6663193800770182,0.2925413607043096,-0.04483812093582264
Rolandic_Oper_R,0.46759678980954045,0.7014375654746633,0.3593687868326717,0.6497174026858089,0.2651080477183056,0.8035324924147526,0.6588723526737049,0.15262650487078447,0.46928417207321105,0.06338394558299977,0.15913853679908824,0.4715044732425569,0.46121437033764573,0.6248990839288618,0.29010993763125353,0.3081307111607598,0.7398294047083788,0.42905509453704244,0.17988921683132506,0.6755816920910822,0.4754832003436784,0.5046476706789224,0.6693442916114097,0.5533126202700728,0.055297936414918564,0.6703086379660061,0.4922482742386558,-0.040775189886306684,0.5848474336338093,0.3585968969938477,0.0463120744728318,0.4592567325186696,-0.006535165587146827,0.5633061826404557,0.7190967785548096,0.7652827470031335,0.22268881895949463,0.17814688767007503,0.3922558927656352,0.2702969150316884,0.8040204996696454,0.7267416279299063,0.7188019244429221,0.5328822509064249,0.5787682699944859,1.0,0.27437668882003374,0.34702739060090065,0.6376293890560255,0.12574894867572114,0.552831797329529,0.09547101990579217,0.7468700615765063,0.08401092176149377,0.1675951716506636
Occipital_Sup_L,-0.048283172882136106,0.38661439613889,0.26756046783913906,0.08451551683226001,-0.03731972991975313,0.16064137643696483,0.43281452633759254,-0.08870435113061467,0.08446735499654268,0.20198863410122536,0.11137866900373761,-0.02876918955412023,0.03133221468821509,0.1901932116554099,-0.07023784856133435,-0.37602566669645016,0.23388690464228162,-0.034565986278855224,0.07828679114400583,0.17647150314331295,-0.026099989768371766,0.09572376316511153,-0.05375248225580631,0.3108706711968707,0.03365570037167629,-0.06301600292559832,-0.2654289661176264,0.3806087199270035,0.32375339495454253,0.2584343046563201,0.20190937388249097,-0.004405481878424552,0.22558259777149395,-0.20800353853186412,0.03261719838055369,-0.05798196124041187,-0.01240823353986726,0.0919684494011901,-0.1955309480447418,-0.3170229721923219,0.07981483847736627,-0.01992258402940144,0.028770124774035663,-0.000910493777980995,0.23938826126889107,0.27437668882003374,1.0,0.1498457299464468,-0.019197128958666654,0.45334102973579027,0.09272785893244415,-0.2013247605661846,0.07599712227334379,0.2501006744844387,0.056622737308834034
Thal_LP_L,0.3624827919332419,0.1046282081481384,0.012221124017680711,0.2733146312358047,0.16785855124334736,0.18792440513390216,0.1989606830683721,0.0005108277864592248,0.5118315803272083,0.07161968063749723,-0.01705511843977436,0.28996745757770764,0.14843222028263311,0.27138312967363465,0.1661326922860592,0.20310203421239362,0.12609727590452272,-0.062087059778998505,-0.07617781227483483,0.30043479354369423,0.339851769191246,0.09231982942204552,0.25473533862996894,0.19393090635127644,-0.09406832370627964,0.24619164465542026,0.15972468393487152,0.03777197028453816,0.10504686300063429,0.06145525496736522,0.022754552027576695,-0.012756556347534451,0.07787166594630003,0.16427729005811678,0.283610589092765,0.19313711402939793,0.007572678738019287,0.2061556948549268,-0.03793429672346784,0.04548843549923807,0.21604136315295305,0.22331278556506223,0.021679631978814472,-0.0655091986266673,0.26503716745543604,0.34702739060090065,0.1498457299464468,1.0,0.3231954148462228,0.05519320646597576,0.2091802136337658,-0.2610267831279018,0.2222875233968308,0.05446022959536369,0.0009323645260608237
Caudate_L,0.5437283777575088,0.2774450033432113,0.42118904791489936,0.6218946132065227,0.3408490300757178,0.7442324978862725,0.41226131489676404,0.17949075509254872,0.26353695819615136,0.3326213354202984,0.10966432040763627,0.4534624427476803,0.612505113870837,0.7233902431497924,0.2411725261943856,0.4987958472983057,0.7449699056639376,0.47262336526331045,0.2269619613940363,0.6835635696816009,0.45132878369939466,0.48314824541371665,0.7590098009509582,0.6974120795053436,0.01363516655585112,0.8214785838771969,0.6068853613165355,0.08327796851722112,0.6506044506734185,0.38554261591247624,0.04452748522890635,0.5355837140839753,-0.05223387584127976,0.817374294031842,0.8420858215103165,0.8581220664784283,0.27595278063823364,0.12698556193182917,0.2959603011176046,0.5591046946268912,0.8048281853712297,0.8754778937126071,0.4692578049982437,0.6585212349168623,0.6267976795113158,0.6376293890560255,-0.019197128958666654,0.3231954148462228,1.0,0.06340984640073652,0.6175940202704563,0.297955290671865,0.8644963138838634,0.32501193622560964,0.11014470825195226
Parietal_Inf_R,0.011660521355003515,0.17661832393381635,0.12951106141275948,0.3863217148214902,-0.25712310756136547,0.13519601058326547,0.2945286542873973,-0.028920322121059164,0.1145943276060281,0.4960647271832604,0.21261031497047359,0.079219428282052,0.06622575924884318,0.447697820851211,0.018818203643404273,-0.2534442740479981,0.07938974870878986,-0.18387152465934015,0.1255800842629617,0.2202066083752709,-0.07828952721010567,0.14963470023216957,-0.028907250064493226,0.44940442529775493,0.027419363641320894,0.053434098354016045,-0.1454571860289672,0.7555470096208903,0.5994038943598983,0.7807656610807585,0.33376892165148964,0.07484641688758058,0.24739030311988272,-0.028385448820990984,0.06195760246487772,0.004513372620887121,-0.15254350158487323,0.2424508139923849,-0.3844956253938958,-0.11589802478195291,0.09010787549381559,0.037932360036312375,-0.22359780645806904,0.07646809180334518,0.39862691250241744,0.12574894867572114,0.45334102973579027,0.05519320646597576,0.06340984640073652,1.0,0.12789610282514965,-0.014437738543284194,0.09363673686435585,0.4130865356220615,-0.0943549247239036
Thal_VPL_L,0.3328420743784047,0.6090705151420822,0.18585784850172396,0.6015638153437722,0.05423768637849371,0.6597398280828349,0.4368826685552648,-0.029586135382035854,0.37387163048024724,0.2029167706120331,0.09996414538282,0.4355300196812994,0.45714827167224276,0.6200973750934725,0.20124664766011927,0.32994468037884944,0.5875199408471793,0.33032797767008704,0.3056105842183503,0.33621560651599414,0.3389856897897092,0.21281261525369555,0.4295410670219078,0.6546054285528699,0.05786861768980452,0.6555819515826911,0.5364040518277706,0.061162691559781074,0.6489583449999855,0.4116661563666325,-0.018257235032992883,0.8571873925145789,-0.11783733927855497,0.6197921493446862,0.49788500742607794,0.653252183438489,0.004801149894003457,0.12405338780352024,0.2488019532923554,0.34699341544623774,0.6051742075548281,0.5427121961249626,0.4250812085301467,0.6179742315133447,0.6014590016515494,0.552831797329529,0.09272785893244415,0.2091802136337658,0.6175940202704563,0.12789610282514965,1.0,0.0717460494992309,0.718204032508674,0.15253834765141644,0.006027459402471439
Vermis_10,0.00031192371166114215,-0.06111535218787751,0.07104724057857033,0.18500109889997732,0.05041090283829119,0.1899612679725671,0.23148663790374388,0.30864626013318364,-0.21148684259230263,0.0702868094596522,0.031852139378784436,0.0050733433439430434,0.18578825334999136,0.0709319307746547,-0.18101915560864748,0.03819606442173663,0.22793378474160536,0.29172641006961886,0.21149869460676646,0.11630176470150497,0.05818130803880878,0.38261651534185,0.30376383600058127,0.04570165103757329,-0.04680608099696013,0.23366546145817332,0.36946941004500056,-0.1232473723825873,0.1701281226997286,0.12291967140078369,-0.011222715953587755,0.12538096451908132,-0.09648260614050624,0.22124686522867865,0.255072517400341,0.34520633848753274,0.07585796109970096,0.008359571975489352,0.1295338136149546,0.29706196180016475,0.21047538111604333,0.29481796885624195,0.22180717772396472,0.3971681803311985,0.2579287269103201,0.09547101990579217,-0.2013247605661846,-0.2610267831279018,0.297955290671865,-0.014437738543284194,0.0717460494992309,1.0,0.22136812831310257,0.09707574297213796,-0.0622374387406599
Frontal_Sup_Medial_L,0.5008533074285642,0.5438874141846509,0.4077010199794201,0.6015412692641267,0.24854377376410214,0.8049394794079993,0.5331453236442911,0.11394484643986022,0.2730435611771636,0.18837856990462112,0.15583515924431035,0.5209767005647457,0.5941311108075938,0.76344787638391,0.2282286466418891,0.4545041969762469,0.8078161646075157,0.5725974277853951,0.25868218626198564,0.6942879845313281,0.3890185987298134,0.49577313364087905,0.7090061894456591,0.7674046560266401,0.08482719892653282,0.8435496519897023,0.5955471539313847,0.0607972799653057,0.7144311811152769,0.4279470359113028,0.024009999297141045,0.6733486881433836,-0.06452290305425733,0.7900198777381378,0.8572885519101543,0.851746068330678,0.2488618953997931,0.06791756778231732,0.32781116878287136,0.45058612450440555,0.8900738578103641,0.9000957382653859,0.6134962902200407,0.776831095324167,0.6663193800770182,0.7468700615765063,0.07599712227334379,0.2222875233968308,0.8644963138838634,0.09363673686435585,0.718204032508674,0.22136812831310257,1.0,0.2668321122130984,0.13500122542582554
VTA_L,0.06573579124965817,-0.11125612871051227,0.11573768878764652,0.21377260787152963,-0.23801891656806531,0.2761202444427,0.28195907639531936,-0.04310984040078748,-0.23406054917457436,0.3807733824370568,-0.009131194488950398,0.041179478258183896,0.14664268829094362,0.3832110354782373,-0.11875636394388125,-0.18700866884618336,0.15143096875149167,0.04410527935659897,0.007862613946193905,0.24097936408634385,-0.01779663407325948,0.25196839985406694,0.00812762679376383,0.4182723224312909,0.06540768437405552,0.08376182063365745,-0.20847441337025266,0.33030928511139984,0.395864903289033,0.4076787384785167,0.2744763700606707,0.1272430395703871,-0.031768543064732625,0.1510937596874721,0.2146208445670374,0.10376956698578257,-0.19083327910217107,0.17653457429775887,-0.24588044068178294,-0.08503729006384594,0.15420977736822586,0.16770751666595038,-0.08018866029661813,0.07709065661467027,0.2925413607043096,0.08401092176149377,0.2501006744844387,0.05446022959536369,0.32501193622560964,0.4130865356220615,0.15253834765141644,0.09707574297213796,0.2668321122130984,1.0,-0.09757322801710928
Frontal_Med_Orb_R,0.02159774723523686,0.15238815533337455,0.30497555770599355,0.0686793060244677,0.21114284681734768,0.15140408307729641,0.0025543209702111524,0.005656775126080779,-0.052590925707205236,-0.29251171114993335,0.07966357987870483,-0.006475356678081593,0.06362186242332683,0.05765635683541357,0.0730156275892997,0.1821807009773738,0.13987072041958534,0.2368159675704693,-0.03642555656986268,0.007199240982658217,0.006676983547593594,0.05053716751927491,0.15231128270803243,0.06726365632167605,0.02796155321862211,0.02062986567447199,0.09142277152397468,-0.05357045504789334,0.006405534421383121,-0.06263233456252526,0.011412336917881048,0.10934407585336797,-0.0330512920223397,0.07935120239322403,0.05968127667369263,0.09284553144485581,0.2454711620598268,-0.17637930157454473,0.23136930862552138,0.09002840403349147,0.13241149155251267,0.12217451834063354,0.29641786235709716,0.18237398520212178,-0.04483812093582264,0.1675951716506636,0.056622737308834034,0.0009323645260608237,0.11014470825195226,-0.0943549247239036,0.006027459402471439,-0.0622374387406599,0.13500122542582554,-0.09757322801710928,1.0
