,SN_pc_R,OFClat_L,Hippocampus_L,Cerebellum_Crus2_L,SN_pr_L,ParaHippocampal_L,OFClat_R,Precuneus_R,Caudate_R,Occipital_Sup_R,Frontal_Inf_Orb_2_L,OFCmed_L,Occipital_Mid_L,Red_N_L,Fusiform_R,Temporal_Pole_Mid_L,Amygdala_L,Putamen_L,Heschl_R,Cerebellum_4_5_R,Frontal_Sup_2_L,Temporal_Sup_L,Cerebellum_9_R,Precentral_L,Olfactory_L,Rectus_R,Thal_MDl_R,Cerebellum_Crus2_R,Thal_MGN_L,Thal_VL_L,VTA_L,Cerebellum_3_L,Angular_R,Cerebellum_6_L,Thal_MGN_R,Vermis_8,Temporal_Pole_Mid_R,Cingulate_Post_R,Rolandic_Oper_R,Thal_VL_R,Thal_AV_L,Rolandic_Oper_L,Cingulate_Post_L,Pallidum_R,Temporal_Pole_Sup_L,Temporal_Inf_R,Caudate_L,Temporal_Mid_L,ParaHippocampal_R,Heschl_L,ACC_sup_L,Vermis_7,Red_N_R,Thal_AV_R,Occipital_Inf_L,Thal_LGN_L,Frontal_Inf_Tri_R,Frontal_Inf_Oper_L,Thal_LP_R,Thal_VPL_L
SN_pc_R,1.0,0.2114243666989575,0.5046476994128741,-0.15147261669568907,0.168770099638203,0.44359845713942636,-0.07850572703780402,0.37837861612689444,0.4464470893457715,0.05237000895088503,0.23953590025595603,0.1401415575689492,-0.14651080779379919,0.27646038080735486,0.4927536948794753,0.008054001228133654,0.3086693160901347,0.36034701841260836,0.3627119268081053,0.40354762829672086,0.5373467497391119,0.40278707397587016,0.28254966357681693,0.502582535100656,0.16648449177257285,0.2931578934463628,0.12510181124482134,0.1706813333911834,0.4928922112069291,0.2734274836794345,0.06573579124965817,0.5302318739137671,0.057819176117565936,0.12673261214114961,0.3890836197870904,0.02231943020830948,0.21064319715776372,0.4117595005512289,0.46759678980954045,0.5008303633559718,0.4420028728346705,0.47605903175468783,0.4631754426614305,0.4466621868912704,0.33022035254800497,0.5139232907399327,0.5437283777575088,0.22093207172179433,0.4566157897066023,0.3975505117275596,0.28795633741321086,-0.02624998966149029,0.46721988860223557,0.15297406043783046,-0.08801928407945706,0.27813936935953476,0.47722767235195623,0.4230368717079941,0.13585428396974764,0.3328420743784047
OFClat_L,0.2114243666989575,1.0,0.3829468264228497,-0.09777888553222086,0.014906661419617714,0.3970417202901916,0.08956419148101115,-0.012715828294528787,0.35906398846864523,-0.07608700780191792,0.8283259768551041,0.021971528669266847,0.09135400623897924,0.22657880729340513,0.10809136284359044,-0.13463097251413256,0.549722908131146,0.45526432734007244,0.26013726973707124,0.09567898839712691,0.3827395341345233,0.4148777497083271,-0.11265811087052034,0.2910978950664412,0.5199408373982232,0.2965884548460363,-0.09553877866713682,0.02108070301959124,0.24716934123568304,0.1809326888009996,-0.23801891656806531,0.35009455163732073,0.1463111667047647,-0.13783990357623674,0.2287236217998823,-0.022368960945262868,-0.27553136367700315,0.18047420257673982,0.2651080477183056,0.32164709047015083,0.12947111914669288,0.4311753163445606,0.17808330448442253,0.4200889654930686,0.12352322046517215,0.002138676658856731,0.3408490300757178,0.15851512962197864,0.3808501993114233,0.3996596256393492,0.3480886694872622,-0.01288950832294426,0.26836875138991056,0.3747958790869197,-0.07165423113091242,0.2048983520267823,0.3154760347316157,0.30205472583598014,0.05579483333096866,0.05423768637849371
Hippocampus_L,0.5046476994128741,0.3829468264228497,1.0,-0.22195871427257638,0.25446276915041693,0.8878638260361169,0.17477661092388835,0.6723200817707804,0.8507770005411841,-0.11183864901814443,0.4376657488383245,0.21990144686803004,-0.054050569964593294,0.516440385782645,0.6601651805423396,-0.16717511202939392,0.6651528780514471,0.714517598932997,0.7785217626911818,0.7758824624726234,0.8589702799312212,0.8125182312049927,0.4232816586525406,0.6517935679364881,0.5061172998789699,0.36149091009874096,0.45182857678094407,-0.049011753434922194,0.6290309027225683,0.7281590295077406,0.04519676840770338,0.8922304719864596,0.0010595746914906356,0.4183526576030911,0.6149879983002905,0.18021467760655868,-0.23270902055287926,0.7156617654397788,0.7036070225008615,0.7844379176184381,0.4595155479264888,0.7702775565813944,0.7445464656086781,0.6904867973932014,0.35433067677785385,0.3319179675389338,0.817797598651108,0.5778046553070667,0.9035976826252897,0.7094939130592809,0.7540845949760762,0.03349805408297003,0.5164092308543918,0.36702556825584737,-0.20670596752227463,0.6921271082611256,0.7056289166809347,0.7252334547665236,0.28394877328384915,0.7511354760472014
Cerebellum_Crus2_L,-0.15147261669568907,-0.09777888553222086,-0.22195871427257638,1.0,-0.07136750539235175,-0.18321908060344877,0.214333160610634,0.011029522556164035,-0.07401285045355717,0.04560610447362887,0.016004146736717014,0.017219957614178678,0.09117448469586195,-0.19997442504663243,-0.13169866356209048,0.03937493703061466,-0.18856899558938597,-0.26853409664121797,-0.0028256635372422767,-0.07117590490371237,-0.030380087298419473,-0.006517959015047219,0.11384387115275968,0.03694453889444399,-0.1876947397288014,-0.1639054969818264,0.20135735001140154,0.07051596848007814,-0.1833136307632268,0.09975821352397396,0.1619062006863501,-0.06622385015732085,-0.27857836874914194,0.04327540085521124,-0.26812937061149994,0.017887796762327074,0.16424741367439238,0.03301620437074891,-0.05722116291295228,-0.09670039126983192,-0.2080348653412856,-0.05474491459280429,0.034649785214978114,-0.17512236883906598,-0.1180942283606079,-0.3766722405404882,-0.08631560647372846,0.16459793252025035,-0.1519882760801761,0.02763191654304366,-0.15578813068153632,-0.019017060471038457,-0.297347963783465,0.027469887171961086,0.27612470434039815,0.01861240477858009,-0.021901252543458455,-0.03984052664052592,0.0020392347295672708,-0.20913117666089118
SN_pr_L,0.168770099638203,0.014906661419617714,0.25446276915041693,-0.07136750539235175,1.0,0.27268319245643696,-0.02006259431026948,0.413934874082067,0.32527808624980903,0.12503004185621902,-0.03556246516701198,0.12821738756567996,-0.052495255416521114,0.3497380160004131,0.3482242181458137,0.21676221822206612,0.19080225733551315,0.17455108362134159,0.18737683698620702,0.16820713721617286,0.22458071055650197,0.23985158421242977,0.2419060210468491,0.3682642028167537,-0.07026887152484262,-0.15301191934324554,0.27488804512291437,0.09654859674685495,0.3466241531696674,0.17554351276295244,0.3807733824370568,0.21279781320611266,0.16875512075880866,0.39247522192690737,0.13330145324394516,0.09969459802797213,0.09434358004537527,0.06075483899404297,0.06338394558299977,0.3110702542415897,0.053472493170142264,0.146932645599265,0.18045077066842827,0.052233913949471016,0.21312098892835124,-0.019229702422243027,0.3326213354202984,0.3773676880000654,0.1078190517244875,0.32248852850835613,0.22236061677913008,0.020867797690477547,0.18411372992913874,-0.36187461220494477,-0.282881496398783,0.27050706602611674,0.1454992773601131,0.2793449916577437,0.3612766149749368,0.2029167706120331
ParaHippocampal_L,0.44359845713942636,0.3970417202901916,0.8878638260361169,-0.18321908060344877,0.27268319245643696,1.0,0.26205825803753935,0.5551137732185734,0.8122764746863607,-0.19758673303497565,0.41789814705596157,0.1790326123143687,-0.1251380494558513,0.4820632263506599,0.5883409425982062,-0.1776040597619829,0.7509722154803186,0.6155821138981988,0.7200336309550046,0.6397918364670224,0.8004810649071102,0.7091203093820911,0.31357261350366,0.6101327739186917,0.49163515404797226,0.25989502825080624,0.4172693772514873,-0.08600433357322342,0.6301422196600271,0.5753569693811144,0.1510937596874721,0.826013913469584,0.01727398438932833,0.40375348766954183,0.42416477584269535,0.09473859159559583,-0.29094949249803737,0.6343506189316199,0.5633061826404557,0.7218195133401315,0.44472396950035353,0.6312412582842571,0.6418473552352845,0.6530839915148454,0.3361255661995313,0.1468811127393569,0.817374294031842,0.5175509386240157,0.9011583844619565,0.6625473881456474,0.6805979003764395,0.01570415712981747,0.46406248901769587,0.35745694759297886,-0.16841914407512837,0.6580119788220447,0.5901276194857286,0.6335000116712685,0.2652712127050202,0.6197921493446862
OFClat_R,-0.07850572703780402,0.08956419148101115,0.17477661092388835,0.214333160610634,-0.02006259431026948,0.26205825803753935,1.0,0.15532906803335494,0.31902820873125365,-0.14778804022771505,0.20993305122550876,0.08178110476947636,-0.029274059061468016,0.06842518758616234,0.11364108153147547,-0.11395887244652673,0.37435772060567957,0.16403507371815576,0.14716270554610486,0.06117835973341605,0.29349329181133543,0.1582122396932845,0.1605752253822659,0.04349547130563747,0.2698752122062134,0.07960426746694044,0.2578096848195268,-0.07070343664160833,-0.07571878406636394,0.23832441642802726,0.12621341782532372,0.20525717779834138,-0.1508235063445911,0.517930153973194,-0.2645869726896588,-0.024158577979709276,-0.17104613495972917,0.19506945941975298,-0.09972811217366116,0.2383368019735883,-0.09094400768195064,0.036709218321392456,0.0775454059774598,0.23842077247933433,0.09206593665704585,-0.42565789539773297,0.24303355553987374,0.3688845491261407,0.3876134765341146,0.27563428339650553,0.2999493015900568,0.03410207845985374,-0.1322243995673288,0.15863956443151164,0.22602141486952224,0.1661656452361328,0.062321821381343095,-0.024717241485327123,0.36266637542371805,-0.09549775705515834
Precuneus_R,0.37837861612689444,-0.012715828294528787,0.6723200817707804,0.011029522556164035,0.413934874082067,0.5551137732185734,0.15532906803335494,1.0,0.6887568442017663,0.11296982916514951,0.12002364063864407,0.22187047096172585,0.0832485334521708,0.4210569890507338,0.7070269850006099,0.052488359980335575,0.2831585559564025,0.41000335697428136,0.677783320631463,0.6738619361759638,0.6716789977928547,0.6661955392873411,0.5371154707797484,0.6539754005925298,0.05213322332833072,0.15131186629965596,0.6077863552994988,0.1481108838094237,0.5377053330801632,0.6618444055318932,0.412995748026912,0.6546368392498013,0.11275862495157944,0.6005697208078598,0.4203877053340497,0.2659661984994848,0.08072334278583793,0.727161984875229,0.5849860048871413,0.6698668216623507,0.39811882806364685,0.5299478718670463,0.7576711426031315,0.431786975509252,0.32017586753318494,0.2654443560129875,0.6692239331631863,0.671076329310906,0.5269237317076142,0.5030514091300029,0.5009959635685615,0.028400867997244023,0.2901918764258662,0.010142605355237899,-0.09231019645085434,0.6176781161150202,0.5378130862785859,0.6000250969767014,0.3309442577236607,0.6449615631089505
Caudate_R,0.4464470893457715,0.35906398846864523,0.8507770005411841,-0.07401285045355717,0.32527808624980903,0.8122764746863607,0.31902820873125365,0.6887568442017663,1.0,-0.10904208400239772,0.466091414365149,0.14130548321374162,0.006012851724202238,0.5109344600423785,0.7161517666199954,-0.09187965222660716,0.5925198816927765,0.7161111381886035,0.8084547552257005,0.7188540442187243,0.8866105974678834,0.8195262075696529,0.4878649058253503,0.6992795488906467,0.4060577481083258,0.214181273573338,0.472781861175945,0.030496531204523444,0.5945457578096579,0.7479179903593772,0.24914661422733397,0.8589381459335826,0.03210785871559009,0.521681678503433,0.4421794436234221,0.1926461305032899,-0.16567444754065255,0.6642030721063287,0.6926139593389626,0.7954610410212413,0.39104018478657515,0.7790189878154826,0.6987817855640328,0.7017787276932462,0.32860495424786984,0.21239636881761162,0.8532493740470706,0.6079320311830658,0.7946842627489316,0.7576197963423794,0.748957112484355,0.15943634614400512,0.4134667464241018,0.3046064785741141,-0.11520903111883948,0.6881370969415849,0.7135094074752678,0.7219774849291445,0.3525406681030073,0.5690839247450826
Occipital_Sup_R,0.05237000895088503,-0.07608700780191792,-0.11183864901814443,0.04560610447362887,0.12503004185621902,-0.19758673303497565,-0.14778804022771505,0.11296982916514951,-0.10904208400239772,1.0,-0.021417961339121015,0.04608842426592331,-0.05383825677526181,-0.033852118197288186,0.027706954837560076,-0.008387321803264862,-0.16914257745347552,-0.09690664723539476,-0.13741296997798919,-0.07006144889202838,-0.013367458681565518,-0.03418111612007512,0.08592535249775965,0.08553772778620908,-0.06662331844615159,0.06815220897775681,-0.08766202133543922,0.03611494914239787,-0.020950226310365673,-0.08276015177045577,-0.031768543064732625,-0.1279326120622174,-0.054628011266713,0.09133760574067534,-0.02812430074177979,0.08523082276593698,0.2996388967948138,0.01665512802325245,-0.006535165587146827,-0.06566015533365444,-0.032444299672128564,-0.0918525178254007,0.04806887844665024,-0.03754039499072161,0.1418788013669905,0.1606883644967231,-0.05223387584127976,0.05479436680756142,-0.22394255166130106,-0.18340600765499207,-0.10959397187150187,-0.0834095870000554,-0.07138808477145464,-0.11048519589181124,-0.13987936546782995,-0.2318507118739949,-0.018933045537243336,-0.05892467115184945,0.016173853693316982,-0.11783733927855497
Frontal_Inf_Orb_2_L,0.23953590025595603,0.8283259768551041,0.4376657488383245,0.016004146736717014,-0.03556246516701198,0.41789814705596157,0.20993305122550876,0.12002364063864407,0.466091414365149,-0.021417961339121015,1.0,0.06463535877917004,0.07357012098852239,0.2941967086877509,0.20032048947638903,-0.1571139256535156,0.5346266288884182,0.5603298052378932,0.44423436675849104,0.22785618885698333,0.5171034482098118,0.5730221320682061,0.06885077391865985,0.3753458062188434,0.5713373262064112,0.23105474241186402,0.05360228516281545,0.020833605391974975,0.24611583754666796,0.39858331784639434,-0.10929479226700523,0.48232388733519116,0.04378613627926668,0.0596612267170722,0.25485603156681075,0.013076103836681958,-0.2854958612311251,0.3130986092742023,0.40272897547451886,0.41346196576966066,0.07097562378366072,0.5854508116034144,0.32129203802728606,0.5154710629560693,0.212901866827786,-0.03205725979683615,0.43866489420044197,0.32087058088478426,0.4324737763310098,0.4615247137911945,0.47580898128306515,-0.04975146472299442,0.29083332009971896,0.477164339578859,-0.01648280925523296,0.30253276374743115,0.39092310408146086,0.41428097627878213,0.0685437963344591,0.09217207603572597
OFCmed_L,0.1401415575689492,0.021971528669266847,0.21990144686803004,0.017219957614178678,0.12821738756567996,0.1790326123143687,0.08178110476947636,0.22187047096172585,0.14130548321374162,0.04608842426592331,0.06463535877917004,1.0,-0.039932603715403865,0.07231132114263694,0.2060913157843462,-0.004160818047377745,0.06014368939006093,0.06960964460335994,0.12950358352391977,0.25745984140660916,0.21573495686295066,0.22349984431899617,0.2111666596822904,0.16403391977336765,-0.06583857899825386,0.05253672314592431,0.20220533418977105,0.13150943152189407,0.14319888695897795,0.1314929024547006,0.012041577220368046,0.22666091108792255,-0.004164442900185683,0.1216706118398789,0.014708955820206199,-0.026551921051680416,-0.03309608820684323,0.20165625546582636,0.10712703723585347,0.23464308207235704,0.17893652634692067,0.1972480591645444,0.23651648979452494,0.1305897222063054,0.14808997426382928,0.10055191301161621,0.22733740582927597,0.25014805727965583,0.2229122657244389,0.19670528751563113,0.06170285836808443,0.039807836931078706,0.10578871481790464,0.008078476824392647,0.07161347280533156,0.09649366868586184,0.10819871601306456,0.07772082839800942,0.04982118770142507,0.1653949859617307
Occipital_Mid_L,-0.14651080779379919,0.09135400623897924,-0.054050569964593294,0.09117448469586195,-0.052495255416521114,-0.1251380494558513,-0.029274059061468016,0.0832485334521708,0.006012851724202238,-0.05383825677526181,0.07357012098852239,-0.039932603715403865,1.0,0.046308515220366955,-0.1174874443737791,0.08490500628481798,-0.069052823975027,0.0035814003544473606,0.006306840661433709,-0.12975310695174128,-0.08741651359243675,-0.006343243846241198,0.000811574047855254,-0.06771581732260532,0.005764087174135043,0.007147743648564324,0.05932345564374203,-0.0033318072024441365,-0.06915286865951283,0.05109905027970211,0.0010332170512938406,-0.1347233973085198,0.030510407396299483,-0.011027793634601978,0.02821486882656899,0.0688221017835808,0.023427018782625045,0.027683108254664697,0.010000720260188804,-0.024849868247507033,-0.07434062473451304,-0.04101896930022633,-0.08827324171118396,-0.08570853756426292,-0.23888605291403567,-0.06348051452929396,-0.08045804201310676,0.06470309181263563,-0.10312156226564,0.03353315772916096,0.004409705340709253,0.16490629971676193,-0.11791154952573377,-0.09170761536904903,0.18049998247254148,-0.018014707298084732,0.004011432711733273,0.05152639552061991,0.08595184199574861,-0.007013776324157641
Red_N_L,0.27646038080735486,0.22657880729340513,0.516440385782645,-0.19997442504663243,0.3497380160004131,0.4820632263506599,0.06842518758616234,0.4210569890507338,0.5109344600423785,-0.033852118197288186,0.2941967086877509,0.07231132114263694,0.046308515220366955,1.0,0.5655011658045302,0.09976526402166613,0.43899770431664087,0.6073243553191973,0.45611785821369605,0.5001534060262665,0.4803291837509579,0.4842004132745795,0.29193279918079945,0.4123730578199208,0.3944627009345477,0.015329543668556116,0.11921208739405895,0.15136102084020753,0.4158961878229327,0.2725864651284065,0.15264587201799412,0.5461869695571618,0.18368869206183805,0.42184885901397934,0.42026128327466883,0.1193591238034068,0.026796178050833636,0.22856207606624135,0.38715030688271906,0.5244810837684737,0.26395776130202275,0.4236762732841763,0.2968792192977665,0.3683038376527928,0.1415346205479191,0.25697160116789103,0.5670652394823967,0.390709779013647,0.45140389897226546,0.45320788615191,0.6149962049033645,-0.120186696952103,0.48814587725883607,0.2255343798399627,-0.15252778016766483,0.3680207691563023,0.3682849911116563,0.3960735613533091,0.31318453206484376,0.4061215011970426
Fusiform_R,0.4927536948794753,0.10809136284359044,0.6601651805423396,-0.13169866356209048,0.3482242181458137,0.5883409425982062,0.11364108153147547,0.7070269850006099,0.7161517666199954,0.027706954837560076,0.20032048947638903,0.2060913157843462,-0.1174874443737791,0.5655011658045302,1.0,0.04298051276827225,0.30151015419365657,0.5445805951954645,0.6231139961164784,0.8260448530402423,0.7662096290102264,0.6438703447213647,0.5359017602010899,0.7190135666573226,0.22761493935779767,0.020301779240276232,0.3931915808041645,0.22852533585046092,0.579345496401842,0.5378897289852269,0.3139687476001236,0.7403254118730145,0.14548256953026117,0.5565046737604693,0.43965245682900106,0.2141017138641459,0.1382362488181959,0.4174365503474393,0.6525473164294076,0.688242083022977,0.47989684543891215,0.6445880215520909,0.5572713970290911,0.5150853270742941,0.41024517898267215,0.4533756211075847,0.7647917741734652,0.5549255261360797,0.5681437283189148,0.6403024728978738,0.6459541428919326,-0.009384412638701654,0.4298128641147461,0.12197434877396678,-0.2046046151093555,0.5734427799939826,0.6386231282705023,0.5833672359408943,0.3494110151834642,0.5187840550900523
Temporal_Pole_Mid_L,0.008054001228133654,-0.13463097251413256,-0.16717511202939392,0.03937493703061466,0.21676221822206612,-0.1776040597619829,-0.11395887244652673,0.052488359980335575,-0.09187965222660716,-0.008387321803264862,-0.1571139256535156,-0.004160818047377745,0.08490500628481798,0.09976526402166613,0.04298051276827225,1.0,-0.22391566050599213,-0.10189144196753705,-0.11652402775684018,-0.05873112507894779,-0.1627090972325005,-0.08683127083911792,0.07717754738695203,-0.038164666116026376,-0.213288319991441,-0.1270742832156274,0.001537817407519094,0.18203715871153067,-0.01311424115661466,-0.19867694265396524,0.25473987663003356,-0.13559324965683742,0.06646984153735998,0.05887605769825351,-0.08443147316089224,-0.11363942795513458,0.13190056820613333,-0.14297420543005537,-0.15208899736395431,0.012443279214105351,-0.031327058849704575,-0.13263049119284043,-0.09025824418903695,-0.16218148955304676,-0.15890480226212844,-0.05291631217506922,-0.037836010164158544,0.10374461781735592,-0.20955922184806916,-0.1011401185526563,-0.07659541338679955,-0.004336682372508327,-0.04983723219959275,-0.2637462255118677,0.05611441819038636,-0.07555396229080542,-0.18777820049805016,-0.07320801220156514,0.0891195241349463,-0.06818220143750095
Amygdala_L,0.3086693160901347,0.549722908131146,0.6651528780514471,-0.18856899558938597,0.19080225733551315,0.7509722154803186,0.37435772060567957,0.2831585559564025,0.5925198816927765,-0.16914257745347552,0.5346266288884182,0.06014368939006093,-0.069052823975027,0.43899770431664087,0.30151015419365657,-0.22391566050599213,1.0,0.6411646851117105,0.4156879782700547,0.3039855671679852,0.5633606303074615,0.493165512853947,0.11711065400322812,0.3730789794413788,0.6420195774042561,0.3452387504675166,0.2070580307633278,-0.01906938569539601,0.3916696372180163,0.33438437651258957,-0.08503729006384594,0.6096297397050262,0.059061283504914054,0.30979164985170776,0.3112094006675748,0.09484306778595418,-0.31089637048528457,0.4140600758968937,0.2702969150316884,0.6186649289817479,0.1569910866254982,0.384427778023367,0.3694614250002106,0.5986117769701735,0.20256093290585667,0.005571388891494629,0.5591046946268912,0.3761865903781261,0.7224227897398677,0.5159080805182596,0.5748068494423371,-0.05104586886352263,0.35567376228437636,0.3509013654893236,-0.0776626731334674,0.3828067957322664,0.3885430525972587,0.3573616966933729,0.3337694104848471,0.34699341544623774
Putamen_L,0.36034701841260836,0.45526432734007244,0.714517598932997,-0.26853409664121797,0.17455108362134159,0.6155821138981988,0.16403507371815576,0.41000335697428136,0.7161111381886035,-0.09690664723539476,0.5603298052378932,0.06960964460335994,0.0035814003544473606,0.6073243553191973,0.5445805951954645,-0.10189144196753705,0.6411646851117105,1.0,0.6125545921505299,0.5538694688728169,0.6935365822820051,0.6777238879385147,0.2699824588854469,0.5415901787820707,0.6517499245415049,0.16974224848866803,0.18289611398728994,0.07501244067859944,0.5273882313056274,0.5335853841691137,-0.040069957884482005,0.7397070187491476,0.11377758913729019,0.3504208666835984,0.6565385479652731,0.16832253608934739,-0.1439323148686894,0.4543216628086233,0.5707842830870923,0.7601233981819043,0.2211919979468927,0.6437662677829283,0.49602925174112905,0.7590435929511342,0.22143485656623896,0.29989604296052774,0.6388944179789597,0.41336108631424395,0.6232624486912668,0.5634849470433951,0.8298514384695528,0.05910054704227068,0.45009122154365694,0.44537814742955356,-0.18089508258347656,0.5052194684319088,0.5957358498123778,0.5724729253122448,0.3423436050124367,0.4651552005264184
Heschl_R,0.3627119268081053,0.26013726973707124,0.7785217626911818,-0.0028256635372422767,0.18737683698620702,0.7200336309550046,0.14716270554610486,0.677783320631463,0.8084547552257005,-0.13741296997798919,0.44423436675849104,0.12950358352391977,0.006306840661433709,0.45611785821369605,0.6231139961164784,-0.11652402775684018,0.4156879782700547,0.6125545921505299,1.0,0.73886611419254,0.7704694077101895,0.8458298118237678,0.39601301404558387,0.6440005370232535,0.3315456717979553,0.11687157941263882,0.4202275482088439,0.03771184127590345,0.5455617111193711,0.7829453861315668,0.2761202444427,0.7987574533102061,0.05806364820880853,0.3686076440213481,0.5209656430609819,0.15334581481986434,-0.23774784984748817,0.713014608962439,0.8035324924147526,0.6947568810403302,0.36940715780549627,0.7736028148605227,0.7488464629259498,0.5823816340247756,0.291984886781641,0.15882872999770062,0.7442324978862725,0.5986768120120615,0.665606654963276,0.5840774551461184,0.6564834835580671,0.07204220176153851,0.41369630982736466,0.3821880635565692,-0.05824404648509838,0.682727097069202,0.6834228728630252,0.8034480884766773,0.18444254958631442,0.6597398280828349
Cerebellum_4_5_R,0.40354762829672086,0.09567898839712691,0.7758824624726234,-0.07117590490371237,0.16820713721617286,0.6397918364670224,0.06117835973341605,0.6738619361759638,0.7188540442187243,-0.07006144889202838,0.22785618885698333,0.25745984140660916,-0.12975310695174128,0.5001534060262665,0.8260448530402423,-0.05873112507894779,0.3039855671679852,0.5538694688728169,0.73886611419254,1.0,0.7637925048567575,0.764302559823907,0.5782767540022082,0.6476242777025636,0.26964737543935635,0.1603894172922103,0.4006084945496086,0.0789425050291385,0.5057310907339883,0.6998041159220723,0.12222552388964465,0.8017941597513156,0.054535210315270435,0.42992669848284765,0.5589674403894195,0.18613878383171514,-0.08167466984622837,0.5261157347935679,0.7819711659105593,0.6359639695979546,0.47702953440454154,0.7594381897986648,0.6875332220455127,0.4884692710783072,0.361639966572212,0.40320839317232465,0.6956384583047516,0.5879683222929614,0.6628386924068115,0.6527825875297002,0.6483908144650841,-0.003303884566946223,0.4409062045936632,0.2970212684401572,-0.15439198866010265,0.6332110904667446,0.7069061486677388,0.6781454383522694,0.18948516657762512,0.6506040695079597
Frontal_Sup_2_L,0.5373467497391119,0.3827395341345233,0.8589702799312212,-0.030380087298419473,0.22458071055650197,0.8004810649071102,0.29349329181133543,0.6716789977928547,0.8866105974678834,-0.013367458681565518,0.5171034482098118,0.21573495686295066,-0.08741651359243675,0.4803291837509579,0.7662096290102264,-0.1627090972325005,0.5633606303074615,0.6935365822820051,0.7704694077101895,0.7637925048567575,1.0,0.8366659324752728,0.48580922666142146,0.8318048820592636,0.42544875199533366,0.23106498084827548,0.4452725003915607,0.04502481160040937,0.6766437091451637,0.7332453795111766,0.16770751666595038,0.9061460178307084,-0.012668695664709507,0.4716368075776321,0.46932568827500964,0.18517651532246052,-0.08658318970825889,0.6622395525211163,0.7267416279299063,0.8080012204709913,0.43821152829682114,0.8183451675506836,0.7056847988084681,0.7339100398211369,0.39059775654107637,0.2765651548710744,0.8754778937126071,0.5855742124048045,0.8167171380654943,0.7800462107410752,0.7547848164354951,0.06628810466434616,0.4498660585194563,0.36348887591858203,-0.16322892971237185,0.7128820696299916,0.7788371033252762,0.750530644620107,0.31475399143701466,0.5427121961249626
Temporal_Sup_L,0.40278707397587016,0.4148777497083271,0.8125182312049927,-0.006517959015047219,0.23985158421242977,0.7091203093820911,0.1582122396932845,0.6661955392873411,0.8195262075696529,-0.03418111612007512,0.5730221320682061,0.22349984431899617,-0.006343243846241198,0.4842004132745795,0.6438703447213647,-0.08683127083911792,0.493165512853947,0.6777238879385147,0.8458298118237678,0.764302559823907,0.8366659324752728,1.0,0.4583297175383122,0.7145968355190868,0.3932304857711885,0.21075536961789582,0.39180639683258484,0.0055186472537393175,0.5767095286084741,0.8085431870912235,0.15143096875149167,0.8193093125244933,-0.06383730434201008,0.4011820027779323,0.5629058902549695,0.19917580669485999,-0.21550701838594177,0.6256115284258511,0.7398294047083788,0.7342747023684796,0.380361423935605,0.8498103585666198,0.6938046004147148,0.6159903748230869,0.312514247457615,0.16865588847991184,0.7449699056639376,0.6864874479099893,0.7159819103848278,0.7157747197392401,0.7199842717276315,0.03669461130040952,0.42003378422244747,0.3695655404781478,-0.08923159385723735,0.6578339359910642,0.7063410675480811,0.7882860358502355,0.2562016130838654,0.5875199408471793
Cerebellum_9_R,0.28254966357681693,-0.11265811087052034,0.4232816586525406,0.11384387115275968,0.2419060210468491,0.31357261350366,0.1605752253822659,0.5371154707797484,0.4878649058253503,0.08592535249775965,0.06885077391865985,0.2111666596822904,0.000811574047855254,0.29193279918079945,0.5359017602010899,0.07717754738695203,0.11711065400322812,0.2699824588854469,0.39601301404558387,0.5782767540022082,0.48580922666142146,0.4583297175383122,1.0,0.4169223157760058,0.04091857868633017,0.04691388335365724,0.4818396354538258,0.07821410717488578,0.28543490508526076,0.5092067407108862,0.29778233309362623,0.5023855779916274,0.004207651398894922,0.42720675226799226,0.1373233656687474,0.030881891855829936,0.16311877525913876,0.35721008093578127,0.43671970717779773,0.4307691884672249,0.19742512511476776,0.4359229077688608,0.4720047682669794,0.20879915276713085,0.36717080800619,0.15300695067088285,0.45604547644663124,0.5292850773724107,0.31875759101204065,0.4265633920306497,0.36930796407581773,0.06107493390664005,0.18621731174317735,0.05260411127768446,0.06233340609720417,0.41001390315590663,0.42678205216016113,0.35640903497807985,0.20448814192316978,0.3394332118931442
Precentral_L,0.502582535100656,0.2910978950664412,0.6517935679364881,0.03694453889444399,0.3682642028167537,0.6101327739186917,0.04349547130563747,0.6539754005925298,0.6992795488906467,0.08553772778620908,0.3753458062188434,0.16403391977336765,-0.06771581732260532,0.4123730578199208,0.7190135666573226,-0.038164666116026376,0.3730789794413788,0.5415901787820707,0.6440005370232535,0.6476242777025636,0.8318048820592636,0.7145968355190868,0.4169223157760058,1.0,0.18232510800638843,0.06045764246362872,0.3736191866762318,0.17007701100254166,0.7187197334591872,0.5812759513790898,0.24097936408634385,0.7095751009048292,0.08234851114890022,0.28351787107500165,0.474491950169659,0.22486593197412552,0.06282178476904343,0.498390371653071,0.6755816920910822,0.6715477720655518,0.36659180056079865,0.6823571812996976,0.6319146744235448,0.5882894075072382,0.3464765754042412,0.2663737685266261,0.6835635696816009,0.4635372766419959,0.5540305617651474,0.6787927359567872,0.5182677040802731,0.03684203917496563,0.46174619884387014,0.08788572549993179,-0.25052998648341784,0.6860120043176838,0.7726824559568224,0.8306037575233846,0.21570829650647153,0.33621560651599414
Olfactory_L,0.16648449177257285,0.5199408373982232,0.5061172998789699,-0.1876947397288014,-0.07026887152484262,0.49163515404797226,0.2698752122062134,0.05213322332833072,0.4060577481083258,-0.06662331844615159,0.5713373262064112,-0.06583857899825386,0.005764087174135043,0.3944627009345477,0.22761493935779767,-0.213288319991441,0.6420195774042561,0.6517499245415049,0.3315456717979553,0.26964737543935635,0.42544875199533366,0.3932304857711885,0.04091857868633017,0.18232510800638843,1.0,0.23794763011551387,-0.022824109796915848,-0.14966599919250828,0.14051787077072175,0.24270754587992066,-0.3874359108890143,0.4674006144766058,-0.09218097578054145,0.25322466289976187,0.3827299497891015,0.03632750316196496,-0.19697525316972853,0.21658707706779975,0.28254904473296416,0.3844971536068366,-0.019544003237325032,0.3523704521580193,0.15485129727928001,0.4434059180393057,0.09584518005246423,0.139509659386475,0.36711677092972644,0.2445451299534326,0.5453292061729531,0.3212892198043503,0.6374044465485705,-0.03843052044380968,0.18354800816652564,0.4825009485956426,-0.05209175077218467,0.12376877977534281,0.37232356363134855,0.25398455068174053,0.2959396586105985,0.20636314970943637
Rectus_R,0.2931578934463628,0.2965884548460363,0.36149091009874096,-0.1639054969818264,-0.15301191934324554,0.25989502825080624,0.07960426746694044,0.15131186629965596,0.214181273573338,0.06815220897775681,0.23105474241186402,0.05253672314592431,0.007147743648564324,0.015329543668556116,0.020301779240276232,-0.1270742832156274,0.3452387504675166,0.16974224848866803,0.11687157941263882,0.1603894172922103,0.23106498084827548,0.21075536961789582,0.04691388335365724,0.06045764246362872,0.23794763011551387,1.0,-0.022413996942514107,-0.07075165178659298,0.07725172134125645,0.16329608014586144,-0.27593519897386,0.24408867306642734,0.034436196598820655,-0.013902988028300898,0.20507248258442723,0.0027450716325107334,-0.08964551651032648,0.3015058317343804,0.21380742921289922,0.18982887011209543,0.15383203934559808,0.21839217699110822,0.26437981153986023,0.23481354394810708,0.18413735290242925,0.25718018367288786,0.18119369306511104,0.06011077419948842,0.34719298230580437,0.11651626346809575,0.13143026165194585,-0.1039111160302044,0.2991582355882366,0.2265118014899361,0.05113591237960044,0.02144397892936172,0.23078322653602582,0.13987001893427856,0.0070768654498877285,0.1973656586927205
Thal_MDl_R,0.12510181124482134,-0.09553877866713682,0.45182857678094407,0.20135735001140154,0.27488804512291437,0.4172693772514873,0.2578096848195268,0.6077863552994988,0.472781861175945,-0.08766202133543922,0.05360228516281545,0.20220533418977105,0.05932345564374203,0.11921208739405895,0.3931915808041645,0.001537817407519094,0.2070580307633278,0.18289611398728994,0.4202275482088439,0.4006084945496086,0.4452725003915607,0.39180639683258484,0.4818396354538258,0.3736191866762318,-0.022824109796915848,-0.022413996942514107,1.0,0.04182210227608505,0.30055457812059067,0.5399462842084389,0.3871178543500473,0.41773126160491314,-0.019866487584871508,0.4735372164552953,0.1156392484043484,0.07416327092923818,0.03363480940191742,0.47675630035834626,0.26915952011542693,0.4715010011291587,0.22212083523975268,0.31656591435608106,0.5131355071279836,0.2824327479316358,0.1983198567364349,-0.042215857271562074,0.4501265516834318,0.4944766824390193,0.37638719532761883,0.3636259806909173,0.30283157817503253,0.11459753003308164,-0.003932282729626836,-0.014856690469443264,-0.0073222772410999944,0.49310799463014,0.26086534304126524,0.3151920277408419,0.28406371842878153,0.4678991153247389
Cerebellum_Crus2_R,0.1706813333911834,0.02108070301959124,-0.049011753434922194,0.07051596848007814,0.09654859674685495,-0.08600433357322342,-0.07070343664160833,0.1481108838094237,0.030496531204523444,0.03611494914239787,0.020833605391974975,0.13150943152189407,-0.0033318072024441365,0.15136102084020753,0.22852533585046092,0.18203715871153067,-0.01906938569539601,0.07501244067859944,0.03771184127590345,0.0789425050291385,0.04502481160040937,0.0055186472537393175,0.07821410717488578,0.17007701100254166,-0.14966599919250828,-0.07075165178659298,0.04182210227608505,1.0,0.0649678088693962,-0.06247048072727874,0.18339764238748998,0.07023614994615192,0.2378304113273878,0.0514046979592497,0.04800888516652918,0.08280314277095335,0.1695961778904259,-0.059290176146232706,0.0719697799254032,0.12816009228564387,-0.02276978224186165,0.02954395281512861,0.05744448581346436,0.007316987421499239,0.010867076011671788,0.08771641191716893,0.07960855666742307,0.11808350187372534,-0.13348033391365535,0.04846924003415112,-0.044215602857619565,-0.10670673867897108,0.11224492212563264,-0.15319875868116825,0.008495770884675746,0.01689469246008385,0.041953748962318696,0.038790881705747376,-0.05561988718992162,-0.0271210547627471
Thal_MGN_L,0.4928922112069291,0.24716934123568304,0.6290309027225683,-0.1833136307632268,0.3466241531696674,0.6301422196600271,-0.07571878406636394,0.5377053330801632,0.5945457578096579,-0.020950226310365673,0.24611583754666796,0.14319888695897795,-0.06915286865951283,0.4158961878229327,0.579345496401842,-0.01311424115661466,0.3916696372180163,0.5273882313056274,0.5455617111193711,0.5057310907339883,0.6766437091451637,0.5767095286084741,0.28543490508526076,0.7187197334591872,0.14051787077072175,0.07725172134125645,0.30055457812059067,0.0649678088693962,1.0,0.3503585599809298,0.2267579497193366,0.6163046257606393,0.1171214722223393,0.2396848207960092,0.5403202787816371,0.11803658019395648,-0.013696141894586,0.46716388845131096,0.4729165579625348,0.6317259129436059,0.43016765938299567,0.5205044268885379,0.5397886183677564,0.47657080541895847,0.28830215905893464,0.354857387970331,0.6612687835788861,0.3006369984873892,0.5211738192558313,0.5101050867308331,0.4882378156129378,0.04306771020304588,0.42873894838970444,0.08175607821236387,-0.23734203521274416,0.6135088291068016,0.4811420741588357,0.5784868504228782,0.19487875039679445,0.5537316320622357
Thal_VL_L,0.2734274836794345,0.1809326888009996,0.7281590295077406,0.09975821352397396,0.17554351276295244,0.5753569693811144,0.23832441642802726,0.6618444055318932,0.7479179903593772,-0.08276015177045577,0.39858331784639434,0.1314929024547006,0.05109905027970211,0.2725864651284065,0.5378897289852269,-0.19867694265396524,0.33438437651258957,0.5335853841691137,0.7829453861315668,0.6998041159220723,0.7332453795111766,0.8085431870912235,0.5092067407108862,0.5812759513790898,0.24270754587992066,0.16329608014586144,0.5399462842084389,-0.06247048072727874,0.3503585599809298,1.0,0.18666730965444303,0.7298278305375953,-0.10746375430887357,0.39888971031911963,0.42946290984153435,0.23059305118956575,-0.20378790932554736,0.6714302693875807,0.7257177862154063,0.6173548781611452,0.29027740490682835,0.7359557047447991,0.680353164725638,0.5710011003372728,0.27512571819407716,0.09678347350476421,0.5842820523692475,0.6238492704281403,0.6175167346703152,0.5966366263563219,0.617007961723515,0.10923606292350548,0.2547255782747742,0.3154829270204382,-0.026941654448879773,0.6835790058093946,0.6810562557572951,0.7361019544008244,0.1981673971467659,0.5630386539945763
VTA_L,0.06573579124965817,-0.23801891656806531,0.04519676840770338,0.1619062006863501,0.3807733824370568,0.1510937596874721,0.12621341782532372,0.412995748026912,0.24914661422733397,-0.031768543064732625,-0.10929479226700523,0.012041577220368046,0.0010332170512938406,0.15264587201799412,0.3139687476001236,0.25473987663003356,-0.08503729006384594,-0.040069957884482005,0.2761202444427,0.12222552388964465,0.16770751666595038,0.15143096875149167,0.29778233309362623,0.24097936408634385,-0.3874359108890143,-0.27593519897386,0.3871178543500473,0.18339764238748998,0.2267579497193366,0.18666730965444303,1.0,0.10376956698578257,0.15475287496320556,0.37001726106787225,-0.16260868644418014,-0.009131194488950398,0.10660078275051818,0.16123993364987313,0.08401092176149377,0.19709549885798622,0.041179478258183896,0.1045294667776905,0.21346911205948157,0.04451938790250181,0.1876634739388883,-0.23406054917457436,0.32501193622560964,0.3479168428046199,-0.0030960026568297907,0.1677158132216928,0.08484730463559483,0.06540768437405552,-0.01779663407325948,-0.24588044068178294,0.01891869047201391,0.36592107197930746,-0.05408913898793553,0.16693377775580096,0.1104398239461411,0.15253834765141644
Cerebellum_3_L,0.5302318739137671,0.35009455163732073,0.8922304719864596,-0.06622385015732085,0.21279781320611266,0.826013913469584,0.20525717779834138,0.6546368392498013,0.8589381459335826,-0.1279326120622174,0.48232388733519116,0.22666091108792255,-0.1347233973085198,0.5461869695571618,0.7403254118730145,-0.13559324965683742,0.6096297397050262,0.7397070187491476,0.7987574533102061,0.8017941597513156,0.9061460178307084,0.8193093125244933,0.5023855779916274,0.7095751009048292,0.4674006144766058,0.24408867306642734,0.41773126160491314,0.07023614994615192,0.6163046257606393,0.7298278305375953,0.10376956698578257,1.0,0.012718398395281414,0.4187323111596477,0.5298173150006883,0.13413762935660037,-0.1254259644196405,0.6806429747715576,0.7652827470031335,0.8227603829505526,0.457915634017122,0.8101175203190172,0.7540722182315706,0.7168085238789247,0.3806661411124643,0.3462161632551931,0.8581220664784283,0.5753769563842244,0.819265625476257,0.7180267411056479,0.7617395945022382,-0.004076297821176345,0.5235692737453983,0.44998421930684124,-0.1390082638866939,0.6813987350378744,0.745646321522953,0.7148673117496217,0.215084598812499,0.653252183438489
Angular_R,0.057819176117565936,0.1463111667047647,0.0010595746914906356,-0.27857836874914194,0.16875512075880866,0.01727398438932833,-0.1508235063445911,0.11275862495157944,0.03210785871559009,-0.054628011266713,0.04378613627926668,-0.004164442900185683,0.030510407396299483,0.18368869206183805,0.14548256953026117,0.06646984153735998,0.059061283504914054,0.11377758913729019,0.05806364820880853,0.054535210315270435,-0.012668695664709507,-0.06383730434201008,0.004207651398894922,0.08234851114890022,-0.09218097578054145,0.034436196598820655,-0.019866487584871508,0.2378304113273878,0.1171214722223393,-0.10746375430887357,0.15475287496320556,0.012718398395281414,1.0,-0.1373469703408158,0.12163132018066844,-0.07485361418379853,0.08838154733423596,0.01724758390935226,0.12206056837934694,0.11287781860625909,0.16471411146249768,0.019361983137123777,0.07114756523418868,0.08374822572767888,0.18828290314686058,0.13536084877616705,0.10565217280059128,-0.10535119193887355,-0.11083543285160508,-0.031176624017933686,-0.030894257863895488,-0.027556085258499875,0.21189084499575592,-0.040115491405584736,-0.1461608061562387,0.06535425946237472,0.03556251628548775,0.06422372153857668,-0.06105722818391914,0.07704086072330456
