,Amygdala_L,Vermis_7,Cerebellum_4_5_L,Cuneus_R,ACC_sup_R,Thal_MDl_L,Rectus_R,Parietal_Inf_L,Cuneus_L,Paracentral_Lobule_R,Parietal_Inf_R,Cingulate_Mid_R,Pallidum_L,Cerebellum_4_5_R,Frontal_Inf_Tri_L,Fusiform_L,Cerebellum_10_R,Cerebellum_9_R,Occipital_Inf_L,Cingulate_Mid_L,OFCmed_L,OFCant_R,Frontal_Med_Orb_L,ACC_sub_R,Thal_MGN_L,Supp_Motor_Area_L,Temporal_Pole_Mid_L,Frontal_Mid_2_R,OFCpost_R,Thal_VL_R,Thal_Re_L,Thal_MDl_R,OFCmed_R,Frontal_Sup_2_R,Thal_PuI_R,Thal_PuI_L,Cingulate_Post_L,Cerebellum_8_R,Temporal_Pole_Sup_L,Angular_L,Thal_LP_R,Hippocampus_R,Thal_MDm_R,Cerebellum_9_L,Precuneus_L,ACC_pre_L,Vermis_4_5,N_Acc_L,Thal_MGN_R,Cerebellum_8_L,Thal_PuA_L,ParaHippocampal_L,Cerebellum_3_L,Supp_Motor_Area_R,Amygdala_R,Precentral_L,SupraMarginal_R,Rolandic_Oper_L,Calcarine_L,Frontal_Sup_Medial_R,Parietal_Sup_R,Caudate_L,Vermis_9,Frontal_Sup_Medial_L,Raphe_D,Postcentral_R,Frontal_Inf_Oper_L,Parietal_Sup_L,Thal_PuM_R,VTA_R,Vermis_3,OFCpost_L,Cerebellum_Crus2_R,Thal_IL_R,Thal_AV_R,Heschl_R,Cerebellum_6_L,Thal_AV_L,Thal_PuL_R,Thal_VL_L
Amygdala_L,1.0,-0.05104586886352263,0.34508013585987946,-0.003680261538514681,0.5251956794678367,0.09952164852611081,0.3452387504675166,-0.056332860217078805,-0.012100063938624903,0.3481570253050017,-0.11589802478195291,0.39977066419966667,0.6533832234754997,0.3039855671679852,0.5625307252600845,0.44089652259040935,0.5273383585553508,0.11711065400322812,-0.0776626731334674,0.31255222116540676,0.06014368939006093,0.2829886143081941,-0.09642319555070411,0.5073227151762845,0.3916696372180163,0.5129312609864006,-0.22391566050599213,0.5028589539753476,0.347774757696556,0.6186649289817479,0.1664641382412342,0.2070580307633278,0.22402444983105615,0.554198606395279,0.3029347255538403,0.2611916882363695,0.3694614250002106,0.10384317245288198,0.20256093290585667,-0.25817340487775864,0.3337694104848471,0.6701680949145886,0.4828396144850171,-0.03501159030730131,0.3212709518585114,0.44802654382055596,0.26547876488771766,0.6409745135887274,0.3112094006675748,-0.08388842976393075,0.5761688597009419,0.7509722154803186,0.6096297397050262,0.4813617960348492,0.7097488112145859,0.3730789794413788,0.09604415852242286,0.384427778023367,0.1938394823953498,0.5601228070170314,-0.16872221796297696,0.5591046946268912,0.22708435940722368,0.45058612450440555,0.40137286652742404,0.22449831708669749,0.3573616966933729,-0.033076807193546366,0.437443015402404,0.37088293346844914,0.34564499549593686,0.2154778596200999,-0.01906938569539601,0.4314813401909073,0.3509013654893236,0.4156879782700547,0.30979164985170776,0.1569910866254982,-0.048561603951756155,0.33438437651258957
Vermis_7,-0.05104586886352263,1.0,-0.005521065352450286,0.06505333552977631,0.005756522360187271,0.1002362122769001,-0.1039111160302044,-0.01295329068349365,0.05508574036453189,-0.00530558424138552,0.027419363641320894,-0.012566934867978758,0.03865647644460302,-0.003303884566946223,0.08492903715389435,-0.011829034348573863,-0.0697164985213357,0.06107493390664005,0.015503069443812554,-0.034925261724541926,0.039807836931078706,-0.05886953884508521,-0.01588978686205887,-0.038843921453218154,0.04306771020304588,0.05709278181411324,-0.004336682372508327,0.07820430939574737,-0.0027805245102327167,0.05127648795153013,0.09660708646882481,0.11459753003308164,0.1387280606746535,0.05489309301399783,0.021312659657540225,0.0844810971502655,-0.042047837234963845,0.013580470852155338,-0.11944234023156258,-0.10051847879277631,0.12270073488958128,0.055527606429039485,0.07288564516614057,-0.05713318917038949,0.05461527668289238,-0.07356640143231408,-0.040348902872132615,-0.06399715391373183,0.01495401124945906,-0.11679544222720545,0.0310997329416541,0.01570415712981747,-0.004076297821176345,0.05202522115419675,-0.014496607023751865,0.03684203917496563,0.02992595324923094,0.022653645642076007,0.0053962363665770756,0.06172116187436273,-0.009945303017772548,0.01363516655585112,0.07306549806589534,0.08482719892653282,-0.03831825594986638,0.056888313718979296,0.08482994483347256,-0.0015069889591631735,0.1251306825202657,0.07747555116978667,0.06622740109569722,-0.06705142656339733,-0.10670673867897108,0.177960380331072,-0.02284359809832804,0.07204220176153851,0.038781567741568095,-0.02567763511242248,-0.0021066405203817758,0.10923606292350548
Cerebellum_4_5_L,0.34508013585987946,-0.005521065352450286,1.0,0.5366960835851429,0.714390738702055,0.48742840194232356,0.16969296718051363,0.5422665390221919,0.5192180286164181,0.796389323213585,0.3377902030927861,0.814929017322356,0.39553856751008964,0.814054432708406,0.6109250352138033,0.9132382262761147,0.6084594949241877,0.5785079692096227,-0.04867745367966987,0.8264036191212509,0.2889348169672969,0.1402236502108508,0.05323927722622702,0.021210003197420793,0.5049270431227421,0.6753890407244602,0.026051822446479547,0.7295957935270811,0.3443229219007163,0.7345188542139086,0.2555450869539723,0.512915816815368,0.00534600558145195,0.7774392145298036,0.6695358181136992,0.5643133236024535,0.7212026534322051,0.6970345064258179,0.43876358131438814,0.31759048652774563,0.3474540258006107,0.7162077072463291,0.41740518114108266,0.17729271750564238,0.8153504260252648,0.44162595243301933,0.8490750023550067,0.10800269462262109,0.4134267020833078,0.5031238900446717,0.6118441624750324,0.6358981592687324,0.7870426705018502,0.7815689847255822,0.28084295771524065,0.5260307933558999,0.6615471968464196,0.6509996176128934,0.7168806937027603,0.6428274138668302,0.1634339837694571,0.7888758092150696,0.19687813595532042,0.8031539881559078,0.05551481157728328,0.7078835890510612,0.5151343328221802,0.2649733002236219,0.5543118004239435,0.41342105896079867,0.8858280374252382,0.22121342990656168,0.11963724785930178,0.5624164559973434,0.23925214324144178,0.7294693478753805,0.6681314547084418,0.4928453294992278,0.43452940286652614,0.6648208887433017
Cuneus_R,-0.003680261538514681,0.06505333552977631,0.5366960835851429,1.0,0.22431790114709205,0.43500504239363946,-0.12917630708642983,0.4684811027185248,0.6743017074168635,0.5467733085123212,0.5283903914502553,0.4774149900646092,0.20228674455646314,0.5721889681352079,0.3988439044232423,0.41245598507338355,0.07959934180921586,0.4183784223690614,-0.22222709989890674,0.43250481027795995,0.07602405257157802,-0.022296245258116198,-0.02532728101810032,-0.2628294499554154,0.40208493242600724,0.4884252473581708,0.026111699986470116,0.4477263112124309,0.21585297313163426,0.3457424085661836,0.32468255219813913,0.40939679618753216,-0.16913498035339372,0.5135096113659506,0.307701325923121,0.5515090071448353,0.4239140273257395,0.6383076329752776,0.16485516702929445,0.43295929202610955,0.15301653444998678,0.3772771766320296,0.28487818692244643,0.06529891518734585,0.7065128391901407,0.1605967404809346,0.4433043751102186,-0.24836968379489258,0.36147684154883486,0.4154917900455834,0.23777279867989246,0.2345845984322643,0.40373196821310386,0.5642895467753408,-0.1964285342060869,0.5527097867989564,0.5356014565164441,0.3708614906088349,0.6707884147932975,0.3374497277792801,0.15689088294046047,0.39955658080928336,0.0926606879955413,0.5035397664031623,-0.05689815911708072,0.676003016048568,0.518621270528666,0.39923012422881143,0.3103988363481749,0.3190309516278867,0.620814049494924,0.1439835363713081,0.20194012538063036,0.40396464946460436,-0.0689409656612569,0.5033795808815319,0.45630887596622,0.16672607129689196,0.6185676117320715,0.545583182952911
ACC_sup_R,0.5251956794678367,0.005756522360187271,0.714390738702055,0.22431790114709205,1.0,0.49270761768730104,0.333113876358183,0.17778746798999098,0.28167583769938837,0.6094568776621695,-0.049475409484914905,0.7328728700180456,0.5370014532609051,0.657921088600735,0.7067914021953088,0.6560002667860799,0.6406617612366684,0.3578921563674274,0.0008310619151618484,0.7111184177248896,0.16457735848069446,0.32299183617159016,0.10567769949201135,0.07747677377539428,0.4202580437050823,0.6518894669322404,-0.12437802093254209,0.7581945208396632,0.38821914812048736,0.6964066149133981,0.22094383223484637,0.3696591804016442,0.10095995638744541,0.7278100011745698,0.5938356148960546,0.4646356983795372,0.6745212119252995,0.44025191222989957,0.2994879639096706,-0.056599182840557344,0.22232360371720827,0.7580647863985455,0.37699285077034883,0.12038199208157604,0.5736534075332863,0.5698379452627909,0.6417394931316429,0.48914271613565125,0.3928821581095943,0.22155826332989328,0.6181973422159683,0.7319274887528343,0.7562754911678525,0.6682602992935127,0.626528160010872,0.4186334215026613,0.37493957143967505,0.630869699913684,0.42822105452358367,0.7897069232215058,-0.044926119068673206,0.7038145719493873,0.24775288138308998,0.7855251410324489,0.26643173924125485,0.4582568398812731,0.5194101023096478,-0.0363615682274851,0.6708241585290824,0.29595214279043774,0.6688905343878614,0.2124716143864267,-0.06115248148766898,0.6449881921711024,0.4508796536391732,0.6720243675699231,0.36851057943719057,0.5598931114336883,0.035443622057162685,0.6253241975308009
Thal_MDl_L,0.09952164852611081,0.1002362122769001,0.48742840194232356,0.43500504239363946,0.49270761768730104,1.0,0.24793743294781792,0.25101679446211556,0.5047427573176406,0.46777251462503305,0.17661832393381635,0.44558789129278303,0.35708344645121914,0.6136855363409104,0.6291297970779189,0.2793568220340574,0.3580421221465112,0.2847545371450713,-0.05406364099241358,0.4332958086332053,0.12438252914189964,0.07925139153827702,-0.160313764223843,-0.32000670329900555,0.2635698005612015,0.3697263679997835,-0.17313814487986623,0.5346425393083943,0.2614250785014861,0.3449937228252991,0.24298806438418008,0.27779195529323886,-0.169395534543537,0.4077302510197682,0.5080425955702808,0.46214194620156795,0.5661718704470656,0.4742567094015999,0.14750594419280308,0.28907759414825673,-0.05293518932992416,0.4828865105800372,0.2307867830807895,0.1465244131210921,0.5442146046162893,0.23031594228894875,0.5162690993424592,0.1799235966437137,0.6041272083026965,0.1789558759225002,0.25411978175200955,0.33405520864599414,0.4939192251122125,0.42684229132519974,0.1792039436517116,0.3476628747566861,0.3381900677124125,0.5800349428305703,0.5740338815966892,0.5085865413511723,0.22351325315324794,0.2774450033432113,0.25116738053959436,0.5438874141846509,0.13753281708070672,0.41857066793322034,0.6105909931896912,0.06810633381956085,0.6769939028962336,0.31523046833615403,0.5283304307546531,0.19576931275411855,-0.0855154881600976,0.6214994707705124,0.27485827059149737,0.5947415481710766,0.074466253031698,0.3938679803685832,0.31609370438961004,0.7269668011844461
Rectus_R,0.3452387504675166,-0.1039111160302044,0.16969296718051363,-0.12917630708642983,0.333113876358183,0.24793743294781792,1.0,0.010889983908721847,-0.04821863300671473,0.19266183823385705,-0.08347289710364757,0.22832606751384446,0.12529885191647772,0.1603894172922103,0.2912418823333117,0.0600460663118378,0.2928183133702177,0.04691388335365724,0.05113591237960044,0.21371193423805004,0.05253672314592431,0.22099120138312398,-0.12107732668319819,0.19857405432011044,0.07725172134125645,0.1216847688050115,-0.1270742832156274,0.24813544829719822,0.23706715415997318,0.18982887011209543,-0.11970207622810768,-0.022413996942514107,0.08108223405958714,0.17907853663997375,0.26176586900721893,-0.041713913561622414,0.26437981153986023,0.12037530021620468,0.18413735290242925,-0.0039595687088054545,0.0070768654498877285,0.26993173327732267,0.02016430391606429,0.13536550470066747,0.12114041985524995,0.2926690588805161,0.2045484751994126,0.39301299784482974,0.20507248258442723,0.0004041035726124405,0.23542695251314094,0.25989502825080624,0.24408867306642734,0.12923129870160746,0.3827964244235856,0.06045764246362872,0.05945409122164232,0.21839217699110822,0.055260101438181844,0.3111505757942847,-0.04107949209803519,0.18119369306511104,0.07244292485711563,0.24169610759377355,0.0734462693516486,0.06771823849387987,0.13987001893427856,-0.009849421145100333,0.29738867275467956,0.06802809485498486,0.13161410341052038,0.2560467271448892,-0.07075165178659298,0.15579110641671257,0.2265118014899361,0.11687157941263882,-0.013902988028300898,0.15383203934559808,-0.06261355728550144,0.16329608014586144
Parietal_Inf_L,-0.056332860217078805,-0.01295329068349365,0.5422665390221919,0.4684811027185248,0.17778746798999098,0.25101679446211556,0.010889983908721847,1.0,0.26989133536323046,0.5875417631810261,0.704337893453878,0.38270901663625495,-0.04306913159750641,0.3209241078604237,0.1399342635735832,0.49255156156000857,-0.012615126756467733,0.33045179348121617,-0.09352793684317107,0.500810929427567,0.238783752648774,-0.055962199499124544,-0.08957776367684978,0.05858630154488523,0.27534866225294036,0.22603644541174914,0.2438866886476688,0.25153629098313635,0.23778870609150432,0.30028175977922583,0.150395521476445,0.40673184048452493,-0.08409245410545957,0.3150879149373368,0.3666913920904911,0.19539971944806797,0.3887980551773743,0.45303807328955026,0.24895195541201853,0.5934525369147924,0.24875584949564394,0.21622986785197923,0.15315316436065834,0.2960292580517431,0.687786587610851,-0.0988598033384949,0.4171452207610311,-0.2647723797063227,0.1006343116940419,0.35101513730097617,0.3261290978113377,0.12359818653588628,0.18480992214620354,0.323345370413237,-0.139864153018441,0.3045752772851819,0.6154742266857528,0.19457798923460837,0.5112690630734942,0.05935676705551642,0.3385865278365066,0.30188225773917793,0.11740057558090831,0.29441279471950155,-0.2591768401891017,0.6041184742412368,0.2175590207502573,0.7756234084955705,0.08367628850166677,0.10518716354280815,0.4612531360280142,0.16952560207452871,0.1346003493396191,0.08238189109996934,-0.24365976106051618,0.3079072543758602,0.44181128551180626,0.24872285374923558,0.526411137979351,0.25789766091262095
Cuneus_L,-0.012100063938624903,0.05508574036453189,0.5192180286164181,0.6743017074168635,0.28167583769938837,0.5047427573176406,-0.04821863300671473,0.26989133536323046,1.0,0.424786633651257,0.2945286542873973,0.44019269412093776,0.13661914770273545,0.6845615107055175,0.4899830183038209,0.37163223085187463,0.25978772811413414,0.5013170644063367,-0.16141325880156715,0.4311495445218231,0.05809889762163754,-0.04301411745132191,0.03545751457347573,-0.34630064919294434,0.32877959870632034,0.5122275268941908,-0.02407520232899805,0.48869449678778665,0.172451201939102,0.34509689096826573,0.18508070332951476,0.2623742086778111,-0.11239113675861474,0.47076708241767873,0.26170380366225926,0.4841809533622307,0.4312210793165464,0.6022227371397555,0.3105879864972728,0.3170439291511228,-0.011418036728482198,0.3802334007057661,0.07550274593277505,-0.004200923934974463,0.5258682375576746,0.2207397724460137,0.4830909786072096,-0.09833217465471253,0.3659392639378464,0.5820335252697442,0.10235332264281549,0.27616688905387793,0.47079328492666284,0.5782109812627734,-0.11119238545170367,0.5385490174464767,0.35348706626528587,0.562115374028738,0.5718697057694796,0.4257002811179035,0.13774119175983685,0.41226131489676404,-0.015436616297871887,0.5331453236442911,-0.0559003464870306,0.5106874629101186,0.5542835914551523,0.06408293682813299,0.28974524709421495,0.4073623688543892,0.6304062712696101,0.137855794256719,0.1482861688737036,0.5021945045096108,0.055294862411572256,0.5464647129410543,0.26832058842298806,0.22700497232755656,0.517031028656923,0.5566731961632858
Paracentral_Lobule_R,0.3481570253050017,-0.00530558424138552,0.796389323213585,0.5467733085123212,0.6094568776621695,0.46777251462503305,0.19266183823385705,0.5875417631810261,0.424786633651257,1.0,0.447697820851211,0.8529677516098215,0.37181258985615334,0.6299570003761744,0.6495880376989681,0.7463022845864943,0.37283928635209146,0.41213535522528566,-0.1284052470849088,0.8291032379607661,0.21043258057018885,0.07990882273532242,-0.025951883773180768,0.09137719953363953,0.6187052781488912,0.6951864257285197,0.045557170596961745,0.7229485503093992,0.35780300220139305,0.6883075946243782,0.17641913124643924,0.4799674352042481,0.01274464562676499,0.7540105773759768,0.5920759749433876,0.5360069233814164,0.763916020723305,0.5990939714300352,0.38446905609926924,0.31136273222959476,0.25112015344288763,0.6878979436447767,0.3383724992068797,0.15923275312853438,0.8638335458536182,0.2818585258065924,0.6609591133685162,0.11899090549525894,0.4356126241094201,0.3989362667815032,0.6904836928868808,0.6403735050726708,0.6812602193584448,0.7422796154021484,0.30849992628053746,0.693885155797236,0.640759725165719,0.5596370849938157,0.6207299122750339,0.6165760105943074,0.27247386206774427,0.7233902431497924,0.3168155234529077,0.76344787638391,0.04349556469135246,0.8369604985169098,0.6591166076792768,0.45518238680303347,0.42982253893680955,0.44812519515377675,0.7986911612488758,0.28805950217966075,0.051683658851327904,0.47941628582014584,0.11817145698180792,0.7313211088573388,0.4687815056038422,0.46334983341004027,0.3872933156905061,0.6175389152376767
Parietal_Inf_R,-0.11589802478195291,0.027419363641320894,0.3377902030927861,0.5283903914502553,-0.049475409484914905,0.17661832393381635,-0.08347289710364757,0.704337893453878,0.2945286542873973,0.447697820851211,1.0,0.26191477933396073,-0.10408399753848205,0.13329186601457793,-0.01435060717745747,0.2919274643791694,-0.1454571860289672,0.31164264279319825,0.026874879674050833,0.27813770167051577,0.07710314012996894,-0.15254350158487323,-0.171372866370203,-0.08144704399345627,0.11502462378148817,0.06195760246487772,0.23594620034210598,0.09010787549381559,0.12951106141275948,0.12810396111036215,0.1255800842629617,0.39418560851003104,-0.14611541894986851,0.1439793866309646,0.1689852140072089,0.10284269135039908,0.21284047065843442,0.37664513238512765,0.09430148402322873,0.6355223551479885,0.2363111541120064,0.053434098354016045,0.14259453300992936,0.3124084000358615,0.5994038943598983,-0.2938699063761979,0.18577407858765024,-0.3544790206281951,0.021763722910959973,0.2658946677756661,0.11965392716202206,-0.028385448820990984,0.004513372620887121,0.18323982999117389,-0.2534442740479981,0.2202066083752709,0.7807656610807585,0.0063573495598318605,0.4460216322733465,-0.07242742811913862,0.355308504866466,0.06340984640073652,0.018818203643404273,0.09363673686435585,-0.3821868313243059,0.6899317687237811,0.1744780319162583,0.7555470096208903,-0.051628012333849393,0.06750131217686452,0.286785900041065,0.20192501247276037,0.17453021599886787,-0.011305548720712521,-0.3844956253938958,0.13519601058326547,0.3911426576122766,0.079219428282052,0.495789855342425,0.18768554392194234
Cingulate_Mid_R,0.39977066419966667,-0.012566934867978758,0.814929017322356,0.4774149900646092,0.7328728700180456,0.44558789129278303,0.22832606751384446,0.38270901663625495,0.44019269412093776,0.8529677516098215,0.26191477933396073,1.0,0.41915560875809754,0.6453097800886006,0.708260816391272,0.7716007038457401,0.4804526438465282,0.5087758490871349,-0.01827298563893421,0.9459935618824235,0.222857748294473,0.2710823879012554,0.14879444120134636,-0.015020361310840268,0.55064421536982,0.739292173321999,-0.03665967712227127,0.8108312781261774,0.40831434378424913,0.7423903025343226,0.15381601689137722,0.5310263837383015,0.07634795462216008,0.815019500829154,0.6039670623488068,0.6051607261786035,0.8408249262688061,0.654123575663666,0.3867953142726779,0.1645254168639298,0.21931893091254515,0.7446849605109639,0.2965958913169471,0.240765629955465,0.7692648298618797,0.4744059447071609,0.676502922847566,0.20507085826370816,0.3549020822505697,0.43265979187876374,0.6664651146945129,0.7001904729535687,0.79470205829843,0.7978819861158873,0.40547290102679895,0.6325968452960008,0.6188258580465925,0.6420973954849687,0.5301230706354149,0.7640245924532415,0.12669568601743353,0.8077285727531782,0.24420983043605107,0.8487852296080106,0.09236288705016842,0.7554400922411335,0.6373530668628892,0.20007234009150204,0.5384738398598115,0.3813159332809675,0.7709953767415965,0.25789736859174034,0.07206199519645948,0.5652109415696429,0.2678396772387695,0.7827177730601419,0.45983498762727104,0.45716424244266407,0.25233798359607507,0.709098897588383
Pallidum_L,0.6533832234754997,0.03865647644460302,0.39553856751008964,0.20228674455646314,0.5370014532609051,0.35708344645121914,0.12529885191647772,-0.04306913159750641,0.13661914770273545,0.37181258985615334,-0.10408399753848205,0.41915560875809754,1.0,0.43530409749625204,0.6579116674837618,0.4372872393457229,0.48825161896355523,0.1226403748177009,-0.12258368116394959,0.34421436506644737,-0.026256792212356474,0.31009580009707904,-0.23045393744505926,0.1993596305147919,0.4292660633485525,0.5687974426200917,-0.10026018492666582,0.5756705090525416,0.2621152744462262,0.6593490725079928,0.5394620323621333,0.12894069370186623,0.11343025863148812,0.5909191537243875,0.24485903429388958,0.4218264088484786,0.3938505499121498,0.2175627565720475,0.11536193851140979,-0.0758858046815788,0.338591386388591,0.6920025953930231,0.7413381683987855,-0.07498648072999085,0.37576686207573995,0.46997604733270065,0.27262374341873136,0.5358902038105136,0.5804432655290903,0.006453471032526793,0.43132644432088474,0.5918893421337699,0.6529029857206929,0.5644936203398602,0.48499409093953655,0.4518854394545847,0.12002009879536821,0.5672998825033547,0.3685482896821541,0.569784777642653,-0.020513533556585896,0.5192250277793659,0.3539561198973735,0.49300284069920913,0.5351727741240978,0.2224930120523361,0.5279921438873839,-0.102194519752533,0.5686979151659802,0.4352277945425423,0.3655606472891524,0.2305014051590075,-0.045513102587782815,0.5703266699870181,0.498271121610931,0.5565240766211095,0.29043864432800537,0.22455674976237958,0.1348646537716148,0.4814666039430497
Cerebellum_4_5_R,0.3039855671679852,-0.003303884566946223,0.814054432708406,0.5721889681352079,0.657921088600735,0.6136855363409104,0.1603894172922103,0.3209241078604237,0.6845615107055175,0.6299570003761744,0.13329186601457793,0.6453097800886006,0.43530409749625204,1.0,0.7109566269718661,0.655173121373105,0.6305149333466069,0.5782767540022082,-0.15439198866010265,0.6372799057593893,0.25745984140660916,0.08317800216897935,0.026989197378208332,-0.10755738700578159,0.5057310907339883,0.7472308899215236,-0.05873112507894779,0.7796474503796047,0.2595889069356437,0.6359639695979546,0.30149017368631104,0.4006084945496086,-0.08761647853138352,0.7599266359355998,0.5268061173394488,0.6091906730777082,0.6875332220455127,0.6574423262943112,0.361639966572212,0.14929874094333923,0.18948516657762512,0.7193572320672197,0.34641726355577035,0.07324890501008705,0.6853402632877894,0.45695553031297304,0.787350358081992,0.18489297520894418,0.5589674403894195,0.4277589595949576,0.4389055455568697,0.6397918364670224,0.8017941597513156,0.7927085109470092,0.2571464671113907,0.6476242777025636,0.4051201451580056,0.7594381897986648,0.691776096322733,0.7000592796789408,0.03662383421164622,0.6956384583047516,0.1758647841599004,0.785560945639425,0.20276866562109128,0.5816965666127071,0.6781454383522694,0.03761190653191474,0.590914567691959,0.46473121205008555,0.884290661707256,0.26144070082475607,0.0789425050291385,0.682596443684485,0.2970212684401572,0.73886611419254,0.42992669848284765,0.47702953440454154,0.3945269190428407,0.6998041159220723
Frontal_Inf_Tri_L,0.5625307252600845,0.08492903715389435,0.6109250352138033,0.3988439044232423,0.7067914021953088,0.6291297970779189,0.2912418823333117,0.1399342635735832,0.4899830183038209,0.6495880376989681,-0.01435060717745747,0.708260816391272,0.6579116674837618,0.7109566269718661,1.0,0.5312782425327905,0.533830575254588,0.3796251955193614,-0.08116418758250163,0.6440358469817736,0.15641356007315954,0.31520549849155577,0.03532732606086365,0.04573965644284214,0.5715289692496833,0.8325529511029072,-0.17529754064272543,0.8889340452595589,0.4740816140806231,0.7140937221460979,0.3420981932065743,0.3255546679200951,0.10637245563808502,0.820594800301829,0.47080802584711867,0.6086090619165835,0.6931747658270929,0.4961379792634036,0.2707988104509394,-0.026126605784867377,0.1207293182896595,0.8247835199617921,0.3504020264336542,0.0011398732845442551,0.6128179182769014,0.5794906956929479,0.5172706894163527,0.48400647721840045,0.5935937208748897,0.30131110129792005,0.5187212291543147,0.7682308468993344,0.845785317469721,0.8139265540526772,0.5029970448423083,0.72844028500549,0.23044867447823364,0.848303323581999,0.48701843364852787,0.8696648930621573,0.007379729114443992,0.7437241360035372,0.3674015078289105,0.8445184154516808,0.33820063397659983,0.5267736617581231,0.8816516162322583,-0.03396288510772904,0.6718560861832545,0.5710553598726162,0.7122056232448339,0.2513996540669585,-0.031263960385324675,0.7848546724277454,0.4512940644625142,0.8456938638728111,0.25604809248364,0.36384720320300196,0.2233851055805903,0.7930307433467965
Fusiform_L,0.44089652259040935,-0.011829034348573863,0.9132382262761147,0.41245598507338355,0.6560002667860799,0.2793568220340574,0.0600460663118378,0.49255156156000857,0.37163223085187463,0.7463022845864943,0.2919274643791694,0.7716007038457401,0.4372872393457229,0.655173121373105,0.5312782425327905,1.0,0.5862700935765788,0.4850880879664618,-0.038658392283401705,0.772633776778991,0.2170921017907895,0.17003487032981388,0.040413994931955896,0.14324190520330932,0.5114108872015813,0.6348598469540188,0.06277615596666597,0.6706604448055569,0.3538744693104535,0.7406888009135608,0.2228076299777051,0.4835417318270743,0.08155000587308936,0.7342718678791639,0.6045892291368357,0.5081616072579067,0.5983038076579441,0.539683229055296,0.42267826136741904,0.22501945361725598,0.423098065788948,0.6983912759638035,0.4804226572056398,0.21581446375945737,0.7217785287393935,0.3737294915997187,0.7478731835930187,0.11730390328491515,0.31664367973253804,0.448834082681245,0.6429315361843569,0.6792666185953461,0.7501281126965814,0.7310458301235406,0.33514755922372,0.46128527368872074,0.6254266219343421,0.5520083576859819,0.6415174677937879,0.5898486576033584,0.13423428708953716,0.7994064825569239,0.15140015661645062,0.7359605340738512,0.0779020076245119,0.6394742543621972,0.41862572550049243,0.2157465280672422,0.44847395299928317,0.3909213673796847,0.7825166246048194,0.20215131174770945,0.0965267763147491,0.4164554115718084,0.23007054550007286,0.6861421585091455,0.6824877102801665,0.4500223109143962,0.409932586618241,0.5584644684425294
Cerebellum_10_R,0.5273383585553508,-0.0697164985213357,0.6084594949241877,0.07959934180921586,0.6406617612366684,0.3580421221465112,0.2928183133702177,-0.012615126756467733,0.25978772811413414,0.37283928635209146,-0.1454571860289672,0.4804526438465282,0.48825161896355523,0.6305149333466069,0.533830575254588,0.5862700935765788,1.0,0.28788877411104324,-0.1406500733989389,0.42492588304339585,0.2501084606874138,0.20803274522880108,-0.0952305515795279,0.17883042513733735,0.3387394790682386,0.5319524191117956,-0.12047134954887324,0.5686938608892145,0.1294180810754383,0.6132175639184737,0.16130489399204054,0.18513879765660843,-0.05070142898229004,0.5622332466272295,0.4418271096452379,0.35611691690530595,0.45849046645292935,0.3757797837624491,0.28212700993304807,-0.03050565122443459,0.21964063614222434,0.6747104356545628,0.4060379371464499,0.02090156437759176,0.3381816264730279,0.4931428512744953,0.627931795972768,0.4245479526809065,0.4010349337238057,0.26973472858076775,0.45471510738540094,0.6345944547276418,0.7256447071920518,0.583036225685919,0.5948227545647118,0.32197211258950215,0.22206389571595261,0.5241287803605809,0.35849118232195326,0.6167888303456726,-0.019971352639730593,0.6068853613165355,0.11061744932078131,0.5955471539313847,0.37147342151029306,0.27232592400912997,0.30923412343647183,-0.20213962534092372,0.5571443117564885,0.36106294285951024,0.5287429695294397,0.20666906339669816,-0.017258068675363468,0.46518031002782156,0.4013293082171369,0.43007609290860604,0.36366417424232284,0.4759927255125587,0.11167772372284929,0.4151885032437321
Cerebellum_9_R,0.11711065400322812,0.06107493390664005,0.5785079692096227,0.4183784223690614,0.3578921563674274,0.2847545371450713,0.04691388335365724,0.33045179348121617,0.5013170644063367,0.41213535522528566,0.31164264279319825,0.5087758490871349,0.1226403748177009,0.5782767540022082,0.3796251955193614,0.4850880879664618,0.28788877411104324,1.0,0.06233340609720417,0.5011487141508364,0.2111666596822904,0.09703070493393946,0.09843566810919242,-0.15635914300609022,0.28543490508526076,0.4596705620459666,0.07717754738695203,0.49077607896788555,0.19319977542384342,0.4307691884672249,0.18449944437488658,0.4818396354538258,-0.18599176592052655,0.5156073669801426,0.3091934496914005,0.37784006171977585,0.4720047682669794,0.5868638026248942,0.36717080800619,0.22446916993990856,0.20448814192316978,0.40673746765280944,0.11001211275470492,0.3287097978650388,0.5156152403675281,0.16895832245769374,0.5100198870053273,-0.09304038026657863,0.1373233656687474,0.3517810628368372,0.20795545065396767,0.31357261350366,0.5023855779916274,0.5395109693671465,0.0027161690670482407,0.4169223157760058,0.4202741787064887,0.4359229077688608,0.45597774200005525,0.44381976545193824,0.1144360778806965,0.45604547644663124,-0.1202068999102565,0.5033690844692869,-0.17748353748366485,0.4943415415131598,0.35640903497807985,0.16312118263439643,0.29449664007367093,0.248133536654566,0.5526702797372959,0.17417018427451003,0.07821410717488578,0.3464288214827794,0.05260411127768446,0.39601301404558387,0.42720675226799226,0.19742512511476776,0.34148711964643147,0.5092067407108862
Occipital_Inf_L,-0.0776626731334674,0.015503069443812554,-0.04867745367966987,-0.22222709989890674,0.0008310619151618484,-0.05406364099241358,0.05113591237960044,-0.09352793684317107,-0.16141325880156715,-0.1284052470849088,0.026874879674050833,-0.01827298563893421,-0.12258368116394959,-0.15439198866010265,-0.08116418758250163,-0.038658392283401705,-0.1406500733989389,0.06233340609720417,1.0,-0.0017940528799357059,0.07161347280533156,0.2189390257467725,0.3112996100324862,-0.15013299125175444,-0.23734203521274416,-0.18785843583923065,0.05611441819038636,-0.0214055554557882,0.052263346413797186,-0.10527993993886929,-0.12497149567003742,-0.0073222772410999944,0.09686155569720983,-0.13647548936685133,-0.05186007202622618,-0.13504324712151475,-0.08519758794730384,-0.1578424613365986,-0.13546170014955444,-0.09809030511465318,-0.022579427310811057,-0.18724208211749085,-0.16171692094601428,0.14788927561934342,-0.10516198548699092,-0.03459372698156844,-0.14980719983678084,-0.030872348092135394,-0.20315982090417417,-0.11573316393975429,-0.14182038069362182,-0.16841914407512837,-0.1390082638866939,-0.17589994642067106,-0.03386391735905126,-0.25052998648341784,0.042355856290022816,-0.10569496208419772,-0.19987158030111227,-0.04342946826672451,-0.011330215412735808,-0.162308788457885,-0.10555584157417752,-0.10939890515776277,-0.09353418016295487,-0.08126999353925844,-0.15016464482228065,-0.05565734286911558,-0.04696811887233514,-0.2876872364480335,-0.1516780492432248,-0.051151031404547916,0.008495770884675746,-0.048139815536442414,0.07294771664296061,-0.05824404648509838,-0.07779770719522149,-0.04908700170804726,-0.1911449746902139,-0.026941654448879773
Cingulate_Mid_L,0.31255222116540676,-0.034925261724541926,0.8264036191212509,0.43250481027795995,0.7111184177248896,0.4332958086332053,0.21371193423805004,0.500810929427567,0.4311495445218231,0.8291032379607661,0.27813770167051577,0.9459935618824235,0.34421436506644737,0.6372799057593893,0.6440358469817736,0.772633776778991,0.42492588304339585,0.5011487141508364,-0.0017940528799357059,1.0,0.2646425690926959,0.2846131765433858,0.19460833261054947,-0.06849407649687153,0.49403046591894995,0.6743009294881482,0.015066275832933582,0.740591095746066,0.44133223264462923,0.7108776903892924,0.13159064137333018,0.4939097522179186,0.08039038804924523,0.752298804422958,0.593358122030659,0.5443787914589531,0.8507226151038472,0.640433835289879,0.4093956641036105,0.2332735784137228,0.15923489546944644,0.6590467166540354,0.2134212130444832,0.2559706770450928,0.7414291049527826,0.43433614678401905,0.675845138037721,0.1670931460285741,0.2975714451687906,0.46855903807705407,0.6255845922185846,0.6147711274776915,0.7339535893023821,0.7391543873338801,0.345365591071727,0.5769691645233531,0.5911689642252314,0.6276672103203895,0.5073515033636193,0.6690485685444485,0.14955712461847445,0.7755646053830052,0.20534899939954093,0.7932323510462386,0.01868431768569369,0.6955391666497607,0.5786410376800761,0.24275758572529219,0.4548934283083085,0.33944391603109675,0.7374015358817548,0.2570876980352633,0.07938465896452629,0.49023519034877977,0.2595730631756546,0.742072392199278,0.4217219612630636,0.4692296650392743,0.2686295784694342,0.6647427386446128
OFCmed_L,0.06014368939006093,0.039807836931078706,0.2889348169672969,0.07602405257157802,0.16457735848069446,0.12438252914189964,0.05253672314592431,0.238783752648774,0.05809889762163754,0.21043258057018885,0.07710314012996894,0.222857748294473,-0.026256792212356474,0.25745984140660916,0.15641356007315954,0.2170921017907895,0.2501084606874138,0.2111666596822904,0.07161347280533156,0.2646425690926959,1.0,0.020108503658630837,-0.0016585878501657564,0.02921268484371227,0.14319888695897795,0.21764862599349483,-0.004160818047377745,0.18001229700842433,0.08319978743950725,0.23464308207235704,-0.00580410346068607,0.20220533418977105,0.053223630513537123,0.22958702964757077,0.19618779166441952,0.15366722418192771,0.23651648979452494,0.19924068762619684,0.14808997426382928,0.08759158851531605,0.04982118770142507,0.1717207659195412,0.010596490408005655,0.07932237925188183,0.19765923700084675,0.0802165282434787,0.2739059711210877,0.02911813247579423,0.014708955820206199,0.19400474055255357,0.17871625423951626,0.1790326123143687,0.22666091108792255,0.24046349384433588,0.06868724632635632,0.16403391977336765,0.1422404336833623,0.1972480591645444,0.14074195518897598,0.11887422965710989,0.08382252324551935,0.22733740582927597,0.0007943789795442574,0.1925858445998398,-0.08668577154572542,0.1986408481820459,0.07772082839800942,0.10144992355174115,0.11943613514467061,0.13004123310194846,0.2555949138529077,0.054494695329856305,0.13150943152189407,0.10754645910051022,0.008078476824392647,0.12950358352391977,0.1216706118398789,0.17893652634692067,0.10083756342155765,0.1314929024547006
OFCant_R,0.2829886143081941,-0.05886953884508521,0.1402236502108508,-0.022296245258116198,0.32299183617159016,0.07925139153827702,0.22099120138312398,-0.055962199499124544,-0.04301411745132191,0.07990882273532242,-0.15254350158487323,0.2710823879012554,0.31009580009707904,0.08317800216897935,0.31520549849155577,0.17003487032981388,0.20803274522880108,0.09703070493393946,0.2189390257467725,0.2846131765433858,0.020108503658630837,1.0,0.30311505216835316,0.01326417905845772,0.05960182859812978,0.2795897805235363,-0.1658804724353968,0.34902962571155205,0.6078039181164318,0.2734470958845808,0.0845172938527942,0.057363293584722336,0.21878479333190223,0.3342906238639483,-0.05434150355924424,0.11460105713060369,0.2321278763462357,0.08705787482167518,0.04594785200733027,-0.050201799954584264,0.15950661161771287,0.2913668389056379,0.13688675605891057,0.12022380934974686,0.09958663605374027,0.512535887477033,0.020798977553215935,0.4700526791413441,0.08121610621744463,0.08915368715789881,0.11405988689871865,0.16699226728138622,0.2907068229230671,0.31728218131542396,0.25630064239767864,0.174157870635661,-0.010547252382908264,0.28846305054145144,-0.04383910785603158,0.36969520158269115,-0.09996166605594461,0.27595278063823364,0.0271377375756154,0.2488618953997931,0.130357478431961,0.07519227809036047,0.12783438104662745,-0.055782771822552146,0.23820022466544843,-0.06535191240936199,0.04325337035355932,0.37897840080295386,-0.026195552091369506,0.1685335923935458,0.39245028031601636,0.2038038257303422,0.0645464633118768,0.03721834502364023,-0.04596136488027135,0.274918158561468
Frontal_Med_Orb_L,-0.09642319555070411,-0.01588978686205887,0.05323927722622702,-0.02532728101810032,0.10567769949201135,-0.160313764223843,-0.12107732668319819,-0.08957776367684978,0.03545751457347573,-0.025951883773180768,-0.171372866370203,0.14879444120134636,-0.23045393744505926,0.026989197378208332,0.03532732606086365,0.040413994931955896,-0.0952305515795279,0.09843566810919242,0.3112996100324862,0.19460833261054947,-0.0016585878501657564,0.30311505216835316,1.0,-0.25050781025945235,-0.10179497410184485,0.12127456293772637,-0.17484401129084198,0.10894498706416203,0.2194554518312399,-0.11079143611639748,-0.27629507576580437,0.11141919503080604,0.2623802166337235,0.12415954104772788,-0.11818448321455194,0.002555742103926727,0.04697727516039501,-0.025462890284689472,-0.029360926447281558,-0.3118333279304823,-0.15132407111959348,-0.09249039317938693,-0.44588551291521444,-0.05852675748471333,-0.10387482708937361,0.37122197644237603,-0.10180120238416548,0.05778131768884473,-0.42425562054382726,0.12360431842721444,-0.10359597734949541,-0.00023489435561389614,0.04199473504771259,0.07852958562495639,0.048041150394199525,0.023851617972303618,-0.0875847011286853,0.10464831913276199,-0.33210958088770703,0.18918818919208236,-0.26807437869339407,0.11307651352830682,-0.09067254541142314,0.16145071019508458,-0.10312565553639778,-0.016103167266190575,-0.024804861740635183,-0.12395499013703178,-0.1223292542856243,-0.19288456323482586,0.04215818636979405,-0.06794699635662386,-0.06071545389547846,0.08148204232239702,0.18618701662795342,0.09046483895145643,-0.12807089610242187,0.11060530554685045,-0.3497402264785595,0.08716790065448661
ACC_sub_R,0.5073227151762845,-0.038843921453218154,0.021210003197420793,-0.2628294499554154,0.07747677377539428,-0.32000670329900555,0.19857405432011044,0.05858630154488523,-0.34630064919294434,0.09137719953363953,-0.08144704399345627,-0.015020361310840268,0.1993596305147919,-0.10755738700578159,0.04573965644284214,0.14324190520330932,0.17883042513733735,-0.15635914300609022,-0.15013299125175444,-0.06849407649687153,0.02921268484371227,0.01326417905845772,-0.25050781025945235,1.0,0.35381798227152406,0.17608177722497845,0.06098369715202877,0.051694348333711726,0.029830183701952055,0.28703769261178425,-0.07229707603623993,0.0031323372388057775,0.13066041282467003,0.15258145719944016,0.007758737399279066,-0.11833351458612888,-0.04417326445250199,-0.12450551545234259,0.1743211773607384,-0.1725084958802489,0.39284706554163373,0.26638189388418154,0.2791512826928891,-0.06784159283502993,0.0012385563010247412,0.02615561703456725,-0.00479820651088831,0.2895050176480727,0.04624552026676143,-0.15727597408651398,0.34571180154522735,0.33112226122277183,0.10992973945078115,0.11774862341095077,0.3755591116931011,0.1418291840239627,-0.10756021667472725,0.002202268255194277,-0.07304331132866874,0.03491604292911924,-0.07350329110547107,0.25874300484728685,0.12427394539101042,0.03685959736835034,0.15819791766471006,-0.02331940725125167,-0.02185946487368855,0.12208685706126014,-0.013365259194584669,0.1955646806551911,0.03250730007615406,0.11602944569720736,-0.02255036808644817,-0.07061757542553875,-0.1775655840115888,-0.06453304191745735,0.19843954936752586,-0.0046642133262938265,-0.04936098590203663,-0.21017726526846336
