,Thal_VA_R,Angular_L,Thal_LP_L,Thal_PuM_R,Cingulate_Post_R,SN_pc_L,Vermis_6,Calcarine_L,Thal_VL_R,Thal_IL_L,Thal_PuL_L,Parietal_Sup_R,Thal_PuI_L,Caudate_L,Thal_AV_R,Red_N_L,Vermis_10,Vermis_8,Vermis_3,Thal_MDm_R,Cerebellum_8_R,Vermis_1_2,N_Acc_L,Frontal_Sup_2_L,Thal_IL_R,Temporal_Sup_R,OFCant_L,ACC_pre_L,Caudate_R,Vermis_4_5,Thal_AV_L,Cingulate_Post_L,ACC_sub_R,Cerebellum_10_R,ParaHippocampal_R,Occipital_Mid_R,Frontal_Mid_2_L,Insula_L,Rectus_R,Cerebellum_9_L,Thal_PuL_R,Thal_VPL_L,OFCmed_L,Frontal_Sup_Medial_L,Heschl_L,OFCant_R,Lingual_R,Thal_MDl_L,Cerebellum_Crus2_R,OFClat_R,Rolandic_Oper_L,Frontal_Med_Orb_L,Vermis_9,ACC_sup_L,Cerebellum_7b_L,Cerebellum_6_R,Frontal_Inf_Tri_R,Cerebellum_3_R,Occipital_Inf_R,Thal_PuI_R,Cingulate_Mid_L,Frontal_Inf_Orb_2_L,Thal_PuM_L,Putamen_L,Heschl_R,Temporal_Pole_Mid_L,Thal_VA_L,Temporal_Pole_Sup_R,Cerebellum_7b_R,Occipital_Mid_L,Thal_LP_R,ParaHippocampal_L,Calcarine_R,Thal_Re_L,VTA_L,SN_pr_L,ACC_pre_R,Temporal_Pole_Mid_R,Frontal_Med_Orb_R,Temporal_Inf_R,ACC_sup_R,Cerebellum_4_5_R,Frontal_Inf_Orb_2_R,Precuneus_L,OFCpost_R
Thal_VA_R,1.0,-0.4523627997561569,0.2729983666398365,0.5240694761043638,0.7317975686604161,0.6689194707478338,0.5358791084656815,-0.31212740238850767,0.8978955892547248,0.48923264248169046,0.5942551025027242,-0.6885872781359677,-0.12688675130247937,0.8702266722523362,0.7343818397514551,0.565178017183617,0.1867832865658356,0.5873879730748417,-0.26059609434460435,0.9204024065594756,0.5741673819794693,0.5598131487758707,0.2582452104160498,-0.11398860153237322,0.8443664611230088,0.5766841667703647,-0.3591684919165555,0.6052317923859531,0.7640296806310812,0.6627868581239393,0.44724568317496766,0.38371436449068236,0.6819374364110479,0.7369986430241052,0.7616015862096049,-0.5598573197863493,-0.11660003399188223,0.7796558269539737,-0.3383819234594697,0.38130453684963383,0.1836794362421922,0.8436218091943196,0.6264639502857821,0.3184533316210655,0.8017600947342365,-0.5404096921730965,-0.09546335262080359,0.8007572043110713,-0.34330050494096004,0.2401633282910734,0.4814830396292717,0.2466912454545649,-0.2874788946373949,-0.29938011475088816,-0.5551974891738464,0.6822518944163679,0.4589448326132562,0.13039911006148008,-0.45170324561363817,0.10375781121633058,0.46248794715041647,0.6704378038173572,0.8276600039950074,0.7174611559575219,0.38369159358437105,0.47296022622351713,0.4649515979560395,0.5286114227593208,-0.6172584914593223,-0.5711234472451595,0.43068483157875215,0.7397857631584138,-0.3307903727804388,0.48043370834054966,0.5826560797593664,0.3477713163070876,0.5193236889269298,0.21063591366410195,0.5655546065114527,0.5604240757519346,0.33821684592530044,0.4082283618572417,0.6655122938248649,-0.36122456306317036,0.4388185211344114
Angular_L,-0.4523627997561569,1.0,-0.07590513022172245,0.30016873316662324,-0.06750581685549026,-0.4726192168438856,-0.34062144584849574,0.6884142842600767,-0.4786882234975534,-0.28910012214756486,0.08450320118940599,0.8018302480219153,0.483059190964823,-0.44719329616152415,-0.6815094023672856,-0.5378254654598046,0.2443363603201608,-0.4845914138075038,0.689321149781243,-0.318744448967888,-0.4473910607076501,-0.5289428504792666,-0.046831989517087336,0.20508413407921813,-0.6830011582231782,-0.19888062398572226,0.4251476070077789,-0.708650472329225,-0.1524385371646318,-0.3639372164024043,-0.14662288032994125,0.39730635471616976,-0.7327116418454009,-0.6250318914294339,-0.6420381906250575,0.8994579456119957,0.2719742488480371,-0.3977484405393547,0.37268878232584757,-0.263703181619932,0.24518620112494202,-0.49567907282218987,-0.7770564507720352,-0.20504476181592077,-0.6424703560800413,0.4936549665489497,0.4278846332821389,-0.30651073340632373,0.4204537585167945,-0.3233644333605672,-0.1302626948108858,-0.29447498042201975,0.3902355340256213,0.6384691290409382,0.67831361361099,-0.46571147029449916,-0.12651531045933698,0.1517022919479729,0.6712278938792183,0.6328797274007909,0.20959541997445294,-0.7459307641832891,-0.3142618237919507,-0.12107650033932994,0.1008033919608505,-0.4843646620165785,0.03033809783683523,-0.6108852491512049,0.579194306406771,0.943472236288858,0.1608714117994591,-0.6056060763371828,0.7515321918147202,-0.5371612900193473,-0.5929446278854567,0.00852613921947438,-0.24201327873723213,-0.24033657258004265,-0.6193555784093965,-0.33893884089768694,0.07303224520110718,-0.2202498144219208,-0.7242119896846319,0.768309026967076,-0.4298727647851947
Thal_LP_L,0.2729983666398365,-0.07590513022172245,1.0,0.4289528163090513,0.5340161860747747,0.37346666526462313,0.34013186615460733,0.07900033486892853,0.3671018831230381,0.06131732003812953,0.6195343896603718,-0.2979266004133648,0.40963857721471814,0.40588833904302046,0.5150436443758871,0.14819599754501714,0.4516880072729962,0.13268774445782927,0.30535324478287884,0.2974600652950677,0.31942869554509223,0.5125493158242125,0.13699856207064998,-0.2254662303282247,0.4346346336066276,0.5630737416556727,-0.2744643602897041,0.30496576430228073,0.5432181527782647,0.538101643137109,-0.07813379265587013,0.23896957160557203,0.3367573666553545,0.23684488474739154,0.3887111745764554,-0.16117080445705845,-0.20393480519958854,0.4700263810709984,-0.2839219761610102,0.31926719439774826,0.8646483614527914,0.4757006952982678,0.20049392452518322,0.06734921450276084,0.5276233989505789,-0.3060797393151,0.3775454688915773,0.3597930914211004,0.15784254445182408,-0.02338488145052458,0.4462623098986552,0.27660447455052656,0.21827149851682232,-0.2121817385098477,-0.14543043109060663,0.39711634735949836,0.15245763290461667,0.43344953045226947,0.006657749117172974,0.35958445557966906,0.07747055730620507,0.33925207082287095,0.6152281741944945,0.44060860610509106,0.11015361641970607,0.3493132050901521,0.054121081298453506,0.4099912241747903,-0.050702204622178504,-0.10265394280099109,0.7213433852876593,0.4090041539347666,0.10458644880034046,0.3360963825217898,0.35699640883036576,0.14799834831482309,0.23858934666994475,0.4345858746363369,0.3381042385381673,0.33516710982543874,0.14486742982751477,0.4584760044759139,0.3868166971316205,-0.08392696463311874,0.1962128476597854
Thal_PuM_R,0.5240694761043638,0.30016873316662324,0.4289528163090513,1.0,0.6896036668916216,0.2786785059107187,0.4326118247613423,0.37454417664218137,0.6208169030825106,0.44538963199026543,0.8604814236717738,-0.09348948551464298,0.556722175624731,0.6054667413337331,0.1764006874665656,0.12357869868315413,0.30823644469583283,0.3110343617783811,0.3838514244123718,0.6460540052410784,0.27422365226294615,0.21344063549136352,0.18778951673205838,-0.019661349620317944,0.2412078785404204,0.6216137931316998,-0.06047572158429402,0.08639956103349393,0.7295528266874356,0.5120932831690997,0.5358546215087051,0.7333832991554655,0.0773884769958592,0.2862494423777553,0.4038832479434044,0.13407388030559184,0.047854123403689906,0.48831291306857266,0.11237241950905913,0.2671515129109044,0.6372246521765719,0.6056081232847915,-0.008475808230175125,0.0899298540815226,0.37848304684137646,-0.171660016327278,0.3540225884780537,0.531231900888678,-0.17304713917725176,0.08648526070831761,0.4059991814498744,0.17834541684149408,0.056340190099456344,0.27055071285752325,-0.09901713808111925,0.3945705808220412,0.44146984663950084,0.29095664791404885,0.05776645530541237,0.8499226183163783,0.6776409954529065,0.10824815820528187,0.6986284949971372,0.5896345353781088,0.6379115346286393,0.2822844429917015,0.5741176212214321,0.20855624796297348,-0.08459547254481206,0.21824858258692828,0.8433366538556369,0.4043087483728346,0.40849566221223577,0.03228597174014186,-0.017680876537883475,0.43214433255780726,0.44506122373748946,0.0960113843416758,0.012518922553893716,0.46975809718604417,0.30480172783143317,0.44323883326829394,0.09742183837979843,0.19132036719662332,0.26335497948996206
Cingulate_Post_R,0.7317975686604161,-0.06750581685549026,0.5340161860747747,0.6896036668916216,1.0,0.5656987144033216,0.622659640910732,0.14842733138995856,0.6660108167134671,0.383157472783652,0.7513464108047572,-0.4560303358696526,0.34493748388992124,0.6751742689859919,0.49412883299063354,0.4510598210227246,0.5070073718282023,0.5253367541808467,0.18949173651197992,0.6974330945560844,0.5925310610867711,0.6104691716305175,0.2480638141075388,-0.061429918520221234,0.5856584956067549,0.7573701758275584,-0.2696091986613975,0.2268817417655465,0.7562483234534672,0.7420800345433866,0.37018820407992703,0.7475352144728341,0.30703256270429635,0.5379471001919177,0.5996042845379949,-0.1463488417717529,0.030146828258928567,0.683005272885398,-0.09600577413867172,0.5361152288511348,0.5817384700925886,0.6674321139092813,0.22389458389059147,0.1787956844262287,0.6293266519040439,-0.3969588122753565,0.3232220271454208,0.7356991436964934,-0.060527497968812516,0.06255129379858368,0.5633437221511676,0.025041164690521815,0.09027981830720933,-0.05168597717941482,-0.26680132989604305,0.7034429507701345,0.3795799364109608,0.4161838966317721,-0.09290491725276376,0.4424284966672685,0.6170975860649516,0.32190600988161583,0.7989455201057916,0.7890793667563217,0.5006738786894953,0.2656092019509548,0.6029256788316572,0.3038998744113958,-0.2519995816762627,-0.16455038533119287,0.6283363908348679,0.6209546713293176,0.15988363071954653,0.40064237163162064,0.4283337132077625,0.3898308451719245,0.406165837191431,0.17241427002920431,0.21847448249598567,0.6560173416021202,0.4095244999323806,0.6045079548213985,0.37733855926172666,0.07562272574758078,0.33107757631833845
SN_pc_L,0.6689194707478338,-0.4726192168438856,0.37346666526462313,0.2786785059107187,0.5656987144033216,1.0,0.42401171879398214,-0.3134396843504516,0.6270844008352997,0.44292990034328944,0.41873407238053667,-0.5583397641506858,-0.09367023776164428,0.6362874250424573,0.5974158139857231,0.7145060953502972,0.2665542262206592,0.5393729249600131,-0.11562858144018713,0.5905179804894757,0.49155371109190205,0.5661309885943749,0.3166740613700624,0.025082331040457345,0.6425860948716831,0.45503612831310136,-0.24282725906872166,0.5073703462579187,0.5013561382773318,0.5847460711320116,0.2743145393566365,0.19335121322613175,0.4928330408173435,0.6278444244153928,0.6487101780297518,-0.5393468292184285,0.055178595671661834,0.5776591535881742,-0.2940530568757983,0.29192929741539925,0.18311855742002023,0.6718780236405831,0.5151788241534402,0.28080853200396627,0.6310372837778532,-0.4246473339886918,-0.0798758834157952,0.6259838637839379,-0.15946007017977099,0.24423751803343363,0.42505335929659926,0.11056626456486827,-0.20839084511353315,-0.19946342887312424,-0.3849923463915923,0.5843312335429529,0.37224957972993006,0.21643051787817189,-0.46712565126442007,-0.0162187064970636,0.2220509222810819,0.61070602790627,0.6231343221744251,0.602116707414774,0.1597106097317796,0.2837730903694704,0.34000103294410366,0.3909188111367905,-0.4946218110708712,-0.5657730090026066,0.3113127439643561,0.6780546611750411,-0.33678592588627343,0.3311641967613684,0.5898599054396999,0.5485252087955128,0.3315035358788499,0.18659297918102535,0.39708828617779374,0.4233932548519194,0.37739473374904575,0.42729853395004064,0.6141118043233221,-0.322477342881747,0.4599336008699421
Vermis_6,0.5358791084656815,-0.34062144584849574,0.34013186615460733,0.4326118247613423,0.622659640910732,0.42401171879398214,1.0,0.13139668734704918,0.5352024074963248,0.4333090449999691,0.47814205027724077,-0.6004818452644907,0.33934087851326866,0.4871849189409276,0.41755568810342114,0.37283442547723966,0.3270838999615028,0.8647365582410353,-0.021890926814647726,0.5457412520325627,0.8854135833239007,0.7145099272420148,0.11985452836310441,-0.22852023599331675,0.5360113175268056,0.7483300984882051,-0.2828390857857583,0.1493631456323705,0.47132144026564365,0.7505751375011855,0.4260061408061552,0.31712803976283527,0.2504263952629322,0.5925522974981028,0.6900655142537061,-0.2138231713985029,-0.13444955602854636,0.5562735430140485,0.06634461697116453,0.8739427334015918,0.29811021771528484,0.5340323187938195,0.25245061753171033,-0.06010269820755124,0.6098507970474311,-0.38325960332594133,0.2953122624256121,0.599004682259269,-0.3148608665706929,0.018696691537317036,0.36517816470229947,0.19056015666837753,0.28936543127280806,-0.1742713490024136,-0.3126642674189773,0.9290178478664803,0.22376314581742704,0.17594935157574915,-0.12402052565048258,0.24048190262865318,0.3441613853606007,0.2542260022277176,0.6034523117791125,0.5307510002948894,0.5048120713654013,0.34709935603727804,0.5545327493399181,0.3920541811151594,-0.1103664354005525,-0.2653883089265659,0.3276900605229438,0.7378066422961389,0.14649980215136227,0.5199568605433296,0.22250313534811106,0.2230105364253181,0.33415376992191426,0.20572083572708447,0.12506186962898203,0.8567115868154013,0.02960781227726963,0.7241110655835417,0.23518478643137328,-0.147032856148528,0.33437824558826024
Calcarine_L,-0.31212740238850767,0.6884142842600767,0.07900033486892853,0.37454417664218137,0.14842733138995856,-0.3134396843504516,0.13139668734704918,1.0,-0.24942144606825783,0.011392987315031468,0.17509954064052635,0.545588032532312,0.6593605649941789,-0.2261545244551537,-0.5176495800063373,-0.2718528072924671,0.37104628762986247,-0.11509146256007599,0.7775304519865399,-0.17473046284949056,-0.052485276113979434,-0.12496320214401835,-0.01267351956051709,0.2891117500998719,-0.474995114599409,0.30535549298588194,0.2139637340420165,-0.51228917555549,0.016164318568536513,0.1888819177618126,0.09577919052560961,0.5503821757127096,-0.5486132272386262,-0.3908463702730215,-0.2631564662168573,0.735546317683339,0.33349417586789676,-0.0916387613366906,0.4624673577128662,0.18230075035696677,0.37356120479182775,-0.26440792958465564,-0.5818738065926817,-0.019256620454540258,-0.3476487620354326,0.3246648432175458,0.8304085652231608,-0.10227942621265472,0.33206518107195954,-0.10502974316719733,0.2180886462682443,-0.08057956938242723,0.5377912992933634,0.5298043503512325,0.5608920948903743,-0.05180786830376571,0.13751580267712102,0.433021770593582,0.665377753586409,0.6425814857652359,0.49566798318532457,-0.5260466832560031,-0.12793501280463482,0.11411068214983029,0.49989586904505307,-0.13609002159086836,0.3069037017183347,-0.2081457131928474,0.6914819279734399,0.7861735409843477,0.2660635124843228,-0.16165375385762698,0.9619136970211805,-0.26355207363294064,-0.5492049485300877,0.2816978652001747,0.0368436813794117,0.01577522581229064,-0.5021522893567578,0.09967438269548723,0.07337343183350603,0.3968079985741558,-0.46832813063051687,0.8589075674911366,-0.05073932213108842
Thal_VL_R,0.8978955892547248,-0.4786882234975534,0.3671018831230381,0.6208169030825106,0.6660108167134671,0.6270844008352997,0.5352024074963248,-0.24942144606825783,1.0,0.6778337855737545,0.6635689380784191,-0.6379129657361565,0.02904310113359657,0.9524495823552899,0.7150381808630513,0.5634406809212615,0.017546880902684952,0.5988381245928367,-0.2618576449079054,0.9047390594758458,0.5107552479046683,0.5018839371849401,0.17638122160966652,-0.13123331538441851,0.7750042665898665,0.6455895773043328,-0.44749299325325115,0.7217895830574137,0.7773812234046564,0.6846012092560858,0.6553031384270632,0.37661898592054815,0.7130399661443148,0.7910638479553382,0.8785246379961911,-0.5904187117044657,-0.14451916299754183,0.7467546728858824,-0.2331628173930699,0.32342996007847663,0.2850080448894002,0.9552999666568135,0.6610521817404681,0.32787451935438044,0.8225672145345521,-0.5995466923777778,-0.10629190529110571,0.7394254508126505,-0.527413645099515,0.439960694614056,0.4276948033997013,0.43085778900933536,-0.41178936241185893,-0.2591228263017845,-0.6001580779663903,0.6422836008374386,0.6092977194052033,0.04298758141720651,-0.5218284771934856,0.19234077679754485,0.5162283280694722,0.7403467628589494,0.8440931640898888,0.6245468211025914,0.4977506692222973,0.7081199969281521,0.49892618416031015,0.6953272468892616,-0.615276563061045,-0.5502320655619463,0.6162616923444062,0.8396920550073169,-0.28752394164255884,0.43043204923478706,0.42774519068849537,0.4064112108144103,0.675470549687959,0.25241787057627146,0.603030997739518,0.6284346943866542,0.20882040411603947,0.4788153840436944,0.7372138092893455,-0.399570578967578,0.6576206225559635
Thal_IL_L,0.48923264248169046,-0.28910012214756486,0.06131732003812953,0.44538963199026543,0.383157472783652,0.44292990034328944,0.4333090449999691,0.011392987315031468,0.6778337855737545,1.0,0.3182962678178623,-0.16355644548046852,0.34238061131656905,0.6038846600537493,0.12666338334542124,0.5720761489811372,-0.2551331390962243,0.621115213681743,-0.12919482263761425,0.5628143226018709,0.3177387524226781,0.23212895340113868,0.24863592947389174,0.1607673213217842,0.24619766853495553,0.4520556500892266,-0.17102722471035012,0.35956831341220824,0.29172796220706954,0.46269616011656317,0.9031853688516972,0.3625876431711223,0.21741642243312706,0.7144494126162957,0.7031170204972778,-0.26604338875528855,0.24807354173463197,0.2622582127435906,0.3735794334266756,0.16277790807328546,0.0847618676205394,0.6302604233321674,0.2073758400931722,0.1693206251527321,0.3004252207923227,-0.25741539270774366,-0.15476795959131912,0.5284904028993723,-0.6461783560282736,0.7440688102434443,0.09338778788589103,0.23310915376249802,-0.44314393650746736,0.26731493901861764,-0.3695765130286563,0.43571847097364685,0.7063922753407351,-0.17875987644197958,-0.4942204851844768,0.11988543703668132,0.5279570067144234,0.37619174739982164,0.3309330888593123,0.32932753389528846,0.5580466118654283,0.5102793870295771,0.7356387794772518,0.3376166962569747,-0.36423697969843716,-0.273096466111967,0.45904497633055963,0.6932998717336001,-0.022148168919396555,0.07426088371874406,-0.05079057700344271,0.5622325932151657,0.5495082358026674,-0.18736168761779207,0.0777978646698333,0.6126137099218468,0.18897561214389924,0.523418124478343,0.3558333484025204,-0.06046299133872217,0.8483556118452973
Thal_PuL_L,0.5942551025027242,0.08450320118940599,0.6195343896603718,0.8604814236717738,0.7513464108047572,0.41873407238053667,0.47814205027724077,0.17509954064052635,0.6635689380784191,0.3182962678178623,1.0,-0.3276717284754127,0.4272420337464567,0.6779985920137354,0.4141429256666996,0.19026931220220078,0.4439521509052939,0.34612391957540595,0.25027606574842515,0.6344631772708034,0.43426011844819146,0.3971519891993948,0.23348864186200063,-0.1894347260013153,0.4732160147293939,0.6679935102740661,-0.17247481708213097,0.23888499330595775,0.7755322074951454,0.6103040111913661,0.3547214241106111,0.5763338885569106,0.2981248295125135,0.3999085695458063,0.5269944885432222,-0.0670317647698379,-0.1201485005244425,0.6701120577927382,-0.17902620750021334,0.38139018145930853,0.6648855736023936,0.7084681781504287,0.1868395146934914,0.08922447095897616,0.6144827142327457,-0.28540249111856564,0.327706557707205,0.5902368588999393,-0.05741176958851847,0.03382162757026225,0.4887418363934583,0.187898044665287,0.06728836152892956,-0.02302666947904819,-0.23508843741641192,0.540084045752261,0.3703598985778471,0.3555912041672744,-0.025378107648187147,0.6966596575740409,0.5475270300058217,0.30398317641153555,0.8736910485842598,0.6549027901467173,0.44991895220121175,0.37235834814095914,0.37609510378234345,0.3638445474794387,-0.19585951401557644,-0.008446464066101828,0.7896819364238129,0.5053611974115694,0.209791539238191,0.1757913640882889,0.22067458898969955,0.3587201316815326,0.4723544762160274,0.2546622072709148,0.2370236588750703,0.5307345326870112,0.2629025632057205,0.4621262463239762,0.33010071448868394,-0.012399608949181908,0.265928353715115
Parietal_Sup_R,-0.6885872781359677,0.8018302480219153,-0.2979266004133648,-0.09348948551464298,-0.4560303358696526,-0.5583397641506858,-0.6004818452644907,0.545588032532312,-0.6379129657361565,-0.16355644548046852,-0.3276717284754127,1.0,0.3588954311185987,-0.6488067062980499,-0.8401325542940459,-0.4691538439353329,-0.11420857716881438,-0.5919496429018005,0.5085590413152725,-0.5542205977192213,-0.6768023649830913,-0.7053081087727104,-0.062458976045883775,0.33065314526174894,-0.869778262613237,-0.4692558313286622,0.4540509848135168,-0.6442730699590248,-0.5542043396326113,-0.5843320409328422,-0.10480283833680115,0.05630293936132456,-0.7630632822907366,-0.6119466498721674,-0.6836821825889994,0.8102320162925292,0.38308585750031365,-0.6931162246936218,0.5346299231549856,-0.5364546363528626,-0.06695667337755361,-0.6552119151812292,-0.7532857233648269,-0.2000505283909706,-0.8692256080518085,0.5928183764164607,0.17739650243512076,-0.5469252405859654,0.3082893650344996,0.030354721216165264,-0.4026593623796015,-0.2743333762500118,0.1167926988803016,0.7062708636287915,0.6482296608338508,-0.6968506556177864,-0.08195236477973836,-0.08855564517101956,0.49259394572047077,0.23326162055498004,-0.020641498039788528,-0.7172539652381941,-0.6902848280685429,-0.4212104519265501,-0.06228644028332536,-0.45700788836649775,-0.07341853026845713,-0.6356554047851679,0.5439103481630483,0.8219888381700413,-0.0898301417554659,-0.6595149455960129,0.5661067700529052,-0.67601021085782,-0.7379929478204104,-0.01765483358673008,-0.3196987629815361,-0.4241251581988946,-0.6421939086426897,-0.4756816145083738,-0.037159313790533374,-0.31586986023436414,-0.7006749511903877,0.7154956765772849,-0.2107652405698842
Thal_PuI_L,-0.12688675130247937,0.483059190964823,0.40963857721471814,0.556722175624731,0.34493748388992124,-0.09367023776164428,0.33934087851326866,0.6593605649941789,0.02904310113359657,0.34238061131656905,0.4272420337464567,0.3588954311185987,1.0,-0.017528449755069266,-0.3198037841967285,-0.10156242507504043,0.2366740582858034,0.17490473171308993,0.5545059500440376,0.016091619601568595,0.1485465029076272,0.08426894922088818,-0.013788797583570938,-0.03476669458937578,-0.28545112640378817,0.40856925364137603,0.08126140035583208,-0.388645259137951,0.11757644790697004,0.23308154350603474,0.38360123919585587,0.49152047670847543,-0.4409013110332222,0.05801340284052254,0.1118452811222564,0.5514580147784836,0.11262842000370805,-0.07626472398524915,0.5667105275073738,0.2690677155516642,0.6241797442231504,0.046821458248424874,-0.5255512224212617,-0.27681856371544084,-0.14005697970592793,0.14509005650287005,0.46731693421358295,0.129341842389574,-0.03262849437722848,0.11945672573150663,-0.004379307956328348,-0.011046871870025019,0.3285672126412593,0.48010346794220576,0.25007254185868594,0.205550111111655,0.19504876850414452,0.13266824895395243,0.32269146260841486,0.6702748412312978,0.3369921129504036,-0.38005518750044887,0.11123855015727052,0.12483274207760896,0.4133102389083171,0.06613699525029201,0.5222956168265638,-0.1489047135857903,0.4020535659574138,0.5445318943070135,0.565059265842053,0.14389819184961258,0.7152137296462984,-0.11305704191701947,-0.46615434639990894,0.20449955111214763,0.11107629881717958,-0.1627294902354399,-0.4425455782299016,0.4663215642157292,-0.01160144680671921,0.46057939945409476,-0.3387546696403425,0.5188261163241095,0.21347149414042374
Caudate_L,0.8702266722523362,-0.44719329616152415,0.40588833904302046,0.6054667413337331,0.6751742689859919,0.6362874250424573,0.4871849189409276,-0.2261545244551537,0.9524495823552899,0.6038846600537493,0.6779985920137354,-0.6488067062980499,-0.017528449755069266,1.0,0.7255883668349944,0.5932314448257899,0.07763718177975941,0.5511149551525796,-0.2126444599106499,0.8707300599009516,0.4695060333559982,0.4769731378900188,0.23930856998232228,-0.04979471575335436,0.7892912922061798,0.6963839672233963,-0.4754965950289548,0.7716855345661825,0.85524074974929,0.710994600858962,0.5600928021929811,0.4234625734175868,0.7618180136614952,0.7145064435671814,0.8308956960243464,-0.6007737430750982,-0.09304096781120096,0.8356119003664968,-0.29217938452231285,0.2981680902321971,0.34220695387251304,0.9491520275777826,0.6830417638198664,0.46235198093389573,0.836501967404489,-0.628685917448141,-0.03716985039258894,0.750644293483698,-0.4275156252497318,0.3767098131477415,0.5660935427367926,0.4476488617396654,-0.36456085342825834,-0.27759323033331024,-0.5652882165331142,0.5961111524702852,0.6603136071869754,0.13989375838672494,-0.4911927800804064,0.18678395932315006,0.5629133212839911,0.7952336543953065,0.860124012861074,0.6735966713371029,0.5151083572216304,0.6950298729073827,0.42090682541258334,0.7333725542267627,-0.5984319483673509,-0.5417521703665503,0.615864211911423,0.800743605125326,-0.2629972407485414,0.420469773957318,0.479233561733044,0.42025125045707956,0.7341616369655334,0.3473289282880526,0.6474718330742852,0.5346277352325065,0.30269976637963103,0.4787772801578623,0.7876897870488803,-0.34731690618782046,0.6162551302080654
Thal_AV_R,0.7343818397514551,-0.6815094023672856,0.5150436443758871,0.1764006874665656,0.49412883299063354,0.5974158139857231,0.41755568810342114,-0.5176495800063373,0.7150381808630513,0.12666338334542124,0.4141429256666996,-0.8401325542940459,-0.3198037841967285,0.7255883668349944,1.0,0.48025125445353356,0.18437287415850676,0.3992471830712755,-0.39065106696542146,0.641176135178474,0.5059053354890223,0.6525044982827598,0.04780097681150462,-0.35736328601034195,0.9210003795355478,0.47558027817983006,-0.5624285876341835,0.8035663620489649,0.6478131909422272,0.5864056542771661,0.044030720367280514,-0.0036544128501536494,0.8804899272625037,0.5974356171674414,0.7001028407332804,-0.7793462910328226,-0.4384860075109225,0.7588123463816256,-0.6203465630736757,0.3552407163419829,0.241528276456195,0.7576443901009982,0.8575699743132643,0.30299381248193585,0.9119157247342934,-0.6905039545732468,-0.11348785816716732,0.5118404723946973,-0.2275504675154291,0.05864547306312952,0.47311000728138414,0.41734641357168134,-0.22658304208724184,-0.7246320621056461,-0.5747625466359354,0.5842315896807566,0.19898617444610484,0.16191128653225,-0.47938976893811563,-0.16112456869346667,0.03694840168539393,0.8302966820336295,0.7602430853836334,0.508556201795424,0.08596917016269948,0.5697240555661398,-0.028353887988976267,0.7492564665368765,-0.6054959798372278,-0.7426679201940837,0.2935374001257581,0.6852366396773473,-0.5591915665142136,0.6860784743825793,0.7346836608997117,0.01953190160217432,0.3862904544168246,0.5167495703935966,0.8445796032639757,0.373528082368958,0.049635173880958894,0.3036638031032413,0.8176223424608215,-0.6444972143149748,0.2973392963647724
Red_N_L,0.565178017183617,-0.5378254654598046,0.14819599754501714,0.12357869868315413,0.4510598210227246,0.7145060953502972,0.37283442547723966,-0.2718528072924671,0.5634406809212615,0.5720761489811372,0.19026931220220078,-0.4691538439353329,-0.10156242507504043,0.5932314448257899,0.48025125445353356,1.0,0.017714935283265332,0.5515492200389236,-0.22962705722377588,0.5302165597222679,0.3806595995721752,0.4062019517630768,0.40522665179681494,0.1344964274915232,0.5750966209502121,0.4598858455519468,-0.30203153782852055,0.5312867832902779,0.3512116396731407,0.5566897794529755,0.40259718533840066,0.22722778376676678,0.5014888347366669,0.6717412660769809,0.6552944085195604,-0.5509100908614288,0.14916382336633105,0.5204663275493372,-0.00514474881600039,0.20033000027717676,0.031438354119431744,0.6050981221935484,0.4878789804374468,0.36628527196453586,0.5099851415391373,-0.41182426451536863,-0.13617243397844622,0.5351111526277266,-0.3251776182285634,0.44450466095203245,0.36891282575944717,0.15831571482498283,-0.3565305992313912,-0.11535702919245013,-0.38569481870647304,0.4956201842124638,0.5354770145131289,0.09415045360628654,-0.5688387797546206,-0.22812072995925353,0.2988069587963645,0.6320241903582202,0.4031855273186501,0.5043098756494013,0.38464402699185807,0.33399462548301395,0.4377729128519164,0.39862484599186604,-0.4905879507124108,-0.5761002002465928,0.18803815536845594,0.6757841387609924,-0.3161934915983964,0.32128673509311745,0.4144074890150111,0.4538491462430905,0.4449877002418852,0.04013189858947567,0.34300028925944487,0.404607780423959,0.36460540940299074,0.4814033612637222,0.5941370094236174,-0.22639171956730297,0.59865211255156
Vermis_10,0.1867832865658356,0.2443363603201608,0.4516880072729962,0.30823644469583283,0.5070073718282023,0.2665542262206592,0.3270838999615028,0.37104628762986247,0.017546880902684952,-0.2551331390962243,0.4439521509052939,-0.11420857716881438,0.2366740582858034,0.07763718177975941,0.18437287415850676,0.017714935283265332,1.0,0.06144204720024484,0.6015539145282887,0.16481551851093365,0.38559025402566643,0.44162284115410233,0.20207190671453035,0.020565134330976356,0.2007325054946074,0.39538159273192,-0.00046406485174124555,-0.15915939243305377,0.34031126025150615,0.4465003925623268,-0.2991790812299345,0.40397908081597256,-0.045357757207222016,-0.05604381012778535,0.009615777441161969,0.22203837586012723,0.07060461391808118,0.36345119281577365,-0.2091867275693361,0.4906231745576999,0.46617677602139046,0.09220152227935584,-0.0802950324224856,0.09218150556624456,0.2337467964017646,-0.0008318604651827886,0.675992663240986,0.27921058846731117,0.5514409647297374,-0.412947661415475,0.4847772419261329,-0.1429082647290612,0.6227811913512733,-0.03066907592668315,0.2857020565099354,0.39033242352701947,-0.043920852708537635,0.7402350570436622,0.3787604603600054,0.4430628259290673,0.21396344538463463,-0.07861725400676434,0.3852068387173142,0.5678247214186957,0.1447359334152721,-0.17268628547436934,0.07402906599991936,-0.002544837405125491,0.28617454949066495,0.19367817278614133,0.22636135667542456,0.12262150109338918,0.3922098215637772,0.18522193689517882,0.240353795765161,0.22432389466327668,-0.06176251838909296,0.3691731913255222,-0.018069934009998654,0.1794853389481236,0.29389060788652993,0.45065285969157454,-0.02857391156881811,0.2963784207379823,-0.2352967573025218
Vermis_8,0.5873879730748417,-0.4845914138075038,0.13268774445782927,0.3110343617783811,0.5253367541808467,0.5393729249600131,0.8647365582410353,-0.11509146256007599,0.5988381245928367,0.621115213681743,0.34612391957540595,-0.5919496429018005,0.17490473171308993,0.5511149551525796,0.3992471830712755,0.5515492200389236,0.06144204720024484,1.0,-0.28120850007168746,0.5899669298386003,0.7992721704034289,0.6135458424429763,0.1733569494550628,-0.20600221654251424,0.5347942472221572,0.6142086485846004,-0.2688524877361402,0.25422830052552814,0.3804114484953351,0.6254698756111317,0.5858291825874681,0.20863992321663774,0.2964358224364928,0.7712877103749294,0.77522419987884,-0.37148065143845893,-0.08163532451567049,0.48217027676286545,0.1484747974210134,0.6815090734561517,0.06131225066412785,0.5917226701085939,0.35102751707736823,-0.08432615047368767,0.5529852437215437,-0.43050501674891445,-0.057347122351810685,0.6412552333680982,-0.5268767854190151,0.26348591447779807,0.21458169500721125,0.15056766819902193,-0.056959234038420924,-0.11860001642224184,-0.41690587152631325,0.8637915657999283,0.321680755523005,-0.10985549606111393,-0.41616632813239884,0.015865874659811312,0.30277669235302496,0.3554217935499333,0.5214920711702147,0.43294879418141796,0.4345999037592228,0.3666594577469787,0.6317987897236159,0.340978482652896,-0.37648286826674354,-0.4391013271118689,0.22898139609552035,0.7912885958181508,-0.10713961871013106,0.40698320739895316,0.2455909029396796,0.27522527106770844,0.40565100421412587,-0.05224435274630611,0.13058549373660921,0.8279422730454145,0.09189211653682285,0.5710887732634442,0.33737520668622795,-0.27001374651032195,0.5296197022825643
Vermis_3,-0.26059609434460435,0.689321149781243,0.30535324478287884,0.3838514244123718,0.18949173651197992,-0.11562858144018713,-0.021890926814647726,0.7775304519865399,-0.2618576449079054,-0.12919482263761425,0.25027606574842515,0.5085590413152725,0.5545059500440376,-0.2126444599106499,-0.39065106696542146,-0.22962705722377588,0.6015539145282887,-0.28120850007168746,1.0,-0.11331457993676254,-0.10782753665080903,-0.06424745531148296,0.2602491347575047,0.3430299774186052,-0.3690663152157236,0.20084659080729425,0.27617770764111477,-0.45701221386043933,0.0636651524023459,0.13951874829773184,-0.15283072717890744,0.5020142425421886,-0.48496016373715006,-0.44982266245186037,-0.3478942697792446,0.6770248121170261,0.37541777016792194,-0.059916134418225256,0.26612875132846775,0.07429302912808618,0.5091000287324633,-0.2236523545429727,-0.5505169925381822,0.06687601814736598,-0.29369838697656925,0.3698503656477865,0.792239844174091,-0.033458932239187895,0.5874380319589846,-0.22246931834908584,0.29120548110284294,-0.16182762142100413,0.6182046333601549,0.5224923186961146,0.5949192169923636,-0.11158387589002325,0.07525819089220695,0.6713854667807938,0.6270857479344932,0.6616437692349445,0.3114075294273581,-0.45874629442197407,-0.047571358316994876,0.28854929995579826,0.31293359170544016,-0.29678102256938294,0.14576096654716006,-0.264749956669268,0.6337562979929021,0.7111212356025778,0.3589237323505849,-0.2379232952847514,0.8073656715409171,-0.27722009296226113,-0.31053278473111134,0.30071952818177294,-0.12682486424345601,0.13411453157081843,-0.43027016638241966,-0.08520605443184225,0.27697879342863296,0.33719587213929525,-0.4387410630687168,0.7438805929392355,-0.18261334494932122
Thal_MDm_R,0.9204024065594756,-0.318744448967888,0.2974600652950677,0.6460540052410784,0.6974330945560844,0.5905179804894757,0.5457412520325627,-0.17473046284949056,0.9047390594758458,0.5628143226018709,0.6344631772708034,-0.5542205977192213,0.016091619601568595,0.8707300599009516,0.641176135178474,0.5302165597222679,0.16481551851093365,0.5899669298386003,-0.11331457993676254,1.0,0.5303000233166637,0.4554706077430313,0.3279602549136839,-0.098619259316525,0.7809279135240169,0.6191174556469256,-0.36077087834999993,0.5503869428645674,0.7623745966756565,0.6505030360222908,0.5360782718675489,0.45335806453643723,0.6059390695768095,0.6932913919389709,0.7464909462323214,-0.4253796883555902,-0.07597023251009756,0.7429999921744633,-0.19586047769775947,0.3587562602752572,0.25437527384514924,0.8503738913966405,0.5478163602477348,0.275723136048748,0.7366259229020593,-0.5180742205789016,-0.010923704947791246,0.7958852498265089,-0.3556210101137546,0.2860135958927876,0.4812212924336744,0.31955212193181315,-0.2284777912008165,-0.15245211920166798,-0.4753278422466354,0.6477090773006994,0.5336899285753418,0.1272995763284715,-0.379020100696144,0.23980799338773892,0.5201132319266322,0.5985771272269765,0.8031595353121294,0.7187719524687632,0.5203026125443231,0.5058497251422674,0.5183291329592116,0.5154355497154358,-0.5447992262038963,-0.4078388916016017,0.5612532895416538,0.7335303510095752,-0.17709451034838394,0.407451914660598,0.3930748971194293,0.3481855400289203,0.5669353181947518,0.18933284651579868,0.4929866506024167,0.564577579274184,0.32910190546179613,0.4433748203009978,0.5638428505478025,-0.24863925915202875,0.5003944492589774
Cerebellum_8_R,0.5741673819794693,-0.4473910607076501,0.31942869554509223,0.27422365226294615,0.5925310610867711,0.49155371109190205,0.8854135833239007,-0.052485276113979434,0.5107552479046683,0.3177387524226781,0.43426011844819146,-0.6768023649830913,0.1485465029076272,0.4695060333559982,0.5059053354890223,0.3806595995721752,0.38559025402566643,0.7992721704034289,-0.10782753665080903,0.5303000233166637,1.0,0.7529180946170095,0.13320335897870098,-0.313291241239244,0.6247437483474632,0.6326227334036109,-0.3040630994069401,0.19291662638505094,0.44537504560021746,0.6299287687169131,0.2893651909006887,0.15808406017852722,0.34972805176012994,0.6157522883635754,0.6683248955947306,-0.2654286676944231,-0.22837983882905336,0.5678332811403852,-0.14490850453720863,0.9260544338166111,0.1768549812450943,0.4805998371168273,0.33393456158316304,-0.07481653630571668,0.6454536281782667,-0.34812316084737727,0.19207542752847068,0.6492124923682238,-0.16686425856048925,-0.03800926498387163,0.2683700982110026,0.11259285153413162,0.31379739860690675,-0.3644521735652115,-0.3109759045350733,0.9377602108541057,0.18996096668537737,0.1718584765872947,-0.09101508315840544,0.07636846760059068,0.20765271920006517,0.28261703905890656,0.5997974573493686,0.5055772624635068,0.28335453684002765,0.34092140038069335,0.43386934807208144,0.41452516244244303,-0.09320275333082051,-0.3904069308140738,0.19027085452693338,0.6890234393709611,-0.021684254985428884,0.5424195686419478,0.3419876536312612,0.16838875647027188,0.31926476800171943,0.27813684233594926,0.266674991341341,0.8315718253551163,-0.02366025721445006,0.5918076934958479,0.3373535943506127,-0.27707619316342774,0.29608661237057665
Vermis_1_2,0.5598131487758707,-0.5289428504792666,0.5125493158242125,0.21344063549136352,0.6104691716305175,0.5661309885943749,0.7145099272420148,-0.12496320214401835,0.5018839371849401,0.23212895340113868,0.3971519891993948,-0.7053081087727104,0.08426894922088818,0.4769731378900188,0.6525044982827598,0.4062019517630768,0.44162284115410233,0.6135458424429763,-0.06424745531148296,0.4554706077430313,0.7529180946170095,1.0,0.11416263605892175,-0.31649034014236416,0.6511890656478653,0.6215445341252863,-0.39625971111749014,0.35369978647101846,0.47835749354184265,0.7225458181981791,0.12874097982712365,0.15832946280142812,0.4416512503031703,0.5879503401616056,0.6542635811849872,-0.4516845760902422,-0.273633720651474,0.5871029515798817,-0.26702419915433756,0.7079542846149355,0.3441797384890688,0.5358628508109905,0.4477470897222563,0.03017812439315893,0.7300123255989696,-0.4715349957367411,0.22145769201293988,0.5632133237358304,-0.11819999121208001,-0.014356374149436966,0.40928367396057214,0.15273521842173424,0.18405754828568965,-0.4740280705009277,-0.31716305268821166,0.8074866952203484,0.10316146747019873,0.40004895291982184,-0.21769662071018825,-0.0018657850096845013,0.11080531822584269,0.4524480886436554,0.6243114128449656,0.5412633594114721,0.18678633436118147,0.3646062783039313,0.3124345332737058,0.473726457953824,-0.23002783084315329,-0.5001171500151326,0.2573965762663304,0.7180977666068808,-0.1430863649692957,0.6542903486873641,0.5957921541258354,0.12952493710841695,0.2173160724732881,0.325512196303788,0.3727354291626561,0.6695383956307286,0.026375315857118716,0.6438206727954843,0.4790357017897931,-0.30376688272636587,0.29740990205127665
N_Acc_L,0.2582452104160498,-0.046831989517087336,0.13699856207064998,0.18778951673205838,0.2480638141075388,0.3166740613700624,0.11985452836310441,-0.01267351956051709,0.17638122160966652,0.24863592947389174,0.23348864186200063,-0.062458976045883775,-0.013788797583570938,0.23930856998232228,0.04780097681150462,0.40522665179681494,0.20207190671453035,0.1733569494550628,0.2602491347575047,0.3279602549136839,0.13320335897870098,0.11416263605892175,1.0,0.22365610785309425,0.24091320074083106,0.21915142474659724,0.1084396979445269,0.08136949881769623,0.1513502342099503,0.28752479042502954,0.07720827147332661,0.2191604397873037,0.12590512026070533,0.20137140319554386,0.17017575870701657,-0.06729055388958585,0.3000243415903917,0.28527896301878924,0.026691990348623115,0.04688152684355933,0.09582761465177048,0.2529281647036754,0.06725025113498459,0.20686550641625634,0.1739979704691853,0.07199242944413808,0.11972082255215744,0.36439776141269875,0.15883362726666464,0.1283313536567492,0.2986677514684758,-0.1339855732142465,0.06156859446904306,0.23909941911918017,-0.12531450751067003,0.19684267803101774,0.3192297330735307,0.3646136724250358,-0.14967429236298077,0.05933300290174011,0.20880045520583831,0.2127213288034819,0.20861426019891158,0.5065367559600638,0.22143197545013119,-0.11413868880782951,0.1847976426644272,0.02685865038773534,-0.17008253658803174,-0.07006569609518858,0.20889054201662338,0.19367431520220005,0.030901244491081836,-0.08685762677239574,0.1995230588211683,0.3725945894775495,0.10895206524917661,-0.029638208795649764,-0.023010743924340313,0.07596040507933476,0.481777433514815,0.318989613210363,0.11660201243284796,0.12317905442181823,0.22072774085916774
