,Thal_VA_R,Insula_L,Cingulate_Post_L,Rolandic_Oper_L,Precentral_L,Thal_PuL_L,Frontal_Inf_Tri_L,Vermis_10,Temporal_Pole_Mid_R,ACC_pre_L,Precuneus_R,Heschl_R,Occipital_Inf_L,Thal_LP_R,Fusiform_L,OFCmed_L,Vermis_7,Calcarine_L,Thal_LP_L,Thal_PuI_L,Frontal_Mid_2_L,Thal_IL_R,Cerebellum_Crus2_L,Putamen_R,Cerebellum_8_R,ParaHippocampal_R,Cerebellum_10_L,Red_N_L,Precuneus_L,Frontal_Inf_Tri_R,Frontal_Inf_Orb_2_R,Thal_LGN_R,Temporal_Pole_Mid_L,OFClat_R,SN_pr_R,Thal_PuA_R,Angular_R,Cerebellum_Crus1_R,Cerebellum_8_L,Frontal_Sup_2_R,Paracentral_Lobule_L,Frontal_Sup_2_L,Frontal_Inf_Oper_R,Cerebellum_7b_L,Raphe_D,Thal_Re_L,Amygdala_R,Cuneus_L,Occipital_Mid_L,ACC_sub_R,Cerebellum_4_5_R,Thal_PuM_R,Occipital_Sup_R,Olfactory_R,N_Acc_L,Frontal_Med_Orb_L,Thal_AV_R,Vermis_4_5,VTA_R,Lingual_L,Thal_LGN_L,Parietal_Inf_L,Insula_R,Vermis_8,Cerebellum_4_5_L,Thal_MDl_R,Parietal_Sup_R,Supp_Motor_Area_L,Thal_PuI_R,Temporal_Sup_L,Temporal_Pole_Sup_R,Cerebellum_9_L,Temporal_Mid_R,Cingulate_Mid_R,Vermis_3,Cuneus_R,Pallidum_L,Pallidum_R,SN_pr_L,Thal_VA_L
Thal_VA_R,1.0,0.7796558269539737,0.38371436449068236,0.4814830396292717,-0.5417042946201955,0.5942551025027242,0.7354644634470309,0.1867832865658356,0.21063591366410195,0.6052317923859531,-0.31542761621769133,0.38369159358437105,-0.23715282399550666,0.43068483157875215,0.5610581596226508,0.6264639502857821,-0.16902836055677065,-0.31212740238850767,0.2729983666398365,-0.12688675130247937,-0.11660003399188223,0.8443664611230088,-0.545875136260558,0.6603489848841892,0.5741673819794693,0.7616015862096049,0.5702868517449006,0.565178017183617,-0.36122456306317036,0.4589448326132562,0.6655122938248649,0.8471339547599365,0.47296022622351713,0.2401633282910734,0.2822511848916711,0.5466550644485901,-0.4116317183744552,0.3388498045577071,0.6070427145454945,-0.4048603438650762,-0.5337277912849792,-0.11398860153237322,0.4773618050448528,-0.5551974891738464,-0.2089229676506539,0.48043370834054966,0.6135731057558884,-0.25668652918776275,-0.5711234472451595,0.6819374364110479,0.4082283618572417,0.5240694761043638,-0.48761854328917825,0.7255632629002753,0.2582452104160498,0.2466912454545649,0.7343818397514551,0.6627868581239393,0.5008518449169627,-0.14888559871091678,0.6515986041659576,-0.4835750739148492,0.6251782808110323,0.5873879730748417,0.28315376078775284,0.7251891560868055,-0.6885872781359677,-0.3679339056505041,0.10375781121633058,0.5730796423479521,0.5286114227593208,0.38130453684963383,0.1757470235969033,0.31375713486438234,-0.26059609434460435,-0.43570090815267953,0.8359276887503605,0.9011457871115852,0.3477713163070876,0.4649515979560395
Insula_L,0.7796558269539737,1.0,0.39517720468445655,0.7777358178316931,-0.4117467876257463,0.6701120577927382,0.8169967671603078,0.36345119281577365,0.544157710079808,0.6528222869134164,-0.2366727658092059,0.5026802108459315,-0.04499128379332334,0.45323959929396845,0.7352835500001503,0.6711915904317229,-0.3387632771148593,-0.0916387613366906,0.4700263810709984,-0.07626472398524915,-0.16479839373010413,0.830586415572611,-0.3611256255463457,0.5725153415404628,0.5678332811403852,0.7013412704187535,0.3693832740482709,0.5204663275493372,-0.23060725652399866,0.5123298737770833,0.7288401706233776,0.7551478135814704,0.5477610490188338,0.07547730447114367,0.09393794088516512,0.367991112887819,-0.38010002809698656,0.30123646261746434,0.6982130558859783,-0.4182479712874196,-0.5662773980718148,-0.07878066740603357,0.5463337779164711,-0.4363099192616999,-0.006341156798497315,0.5201779440109839,0.5916860699279732,-0.058896211993294194,-0.46227366929027763,0.7503453516270043,0.5731914793813131,0.48831291306857266,-0.48685354488010635,0.7063695165584131,0.28527896301878924,0.3835195863795261,0.7588123463816256,0.8016797917416704,0.35244133764716773,0.12462037442711242,0.6808430802389068,-0.42590067513593144,0.8678343420584624,0.48217027676286545,0.5091209832123784,0.4845567839977476,-0.6931162246936218,-0.41188650230831136,0.18529749817820754,0.6727762287607585,0.7331141585417142,0.4806257230607443,0.2142927750157498,0.2949659687469975,-0.059916134418225256,-0.4501885539846705,0.7335200299452668,0.8113074660544711,0.2968265892175338,0.2484809290755905
Cingulate_Post_L,0.38371436449068236,0.39517720468445655,1.0,0.5220404330329041,0.1654898327212097,0.5763338885569106,0.40261332971899866,0.40397908081597256,0.05551124519532517,-0.06152697449510059,0.6230108347645661,0.6814759321407051,-0.012224396252056006,0.589029481631264,0.4697209206905284,-0.1597281027804887,0.19486865782049365,0.5503821757127096,0.23896957160557203,0.49152047670847543,0.3967726622155231,0.10534671055655559,-0.12317027571235793,0.661572836877984,0.15808406017852722,0.21728314525128767,0.2866753781152038,0.22722778376676678,0.5503352845405755,0.4738341569075568,0.005784782081934005,0.3385097879489696,0.06867189587248325,0.0959761917766867,0.33141496666828624,0.6734682793069727,0.39357946633264634,0.2118043216687482,0.0696183557585304,0.3036471674773428,0.13130380271910994,0.33628171416266506,0.6789827022402251,0.11309048288883854,0.1296912905898074,0.023608583313415085,0.24209976908962097,0.5580386432888331,0.31343623338970916,-0.07834873979654203,0.5022710881866556,0.7333832991554655,0.3440046899244394,0.0178392038521118,0.2191604397873037,-0.05208679172212665,-0.0036544128501536494,0.5111039097056794,0.19013061340433568,0.5106050926033643,0.6321328944852624,0.3860525684420923,0.5736252563373585,0.20863992321663774,0.528342840699,0.3466302813616677,0.05630293936132456,0.27944121838743435,0.647932877002409,0.5919516385775169,0.0483880611452618,0.21719344707258798,0.6213210323062471,0.8108717559808335,0.5020142425421886,0.39076338699690105,0.383789859778141,0.22855487729985904,0.4926170896257931,0.6153420218909631
Rolandic_Oper_L,0.4814830396292717,0.7777358178316931,0.5220404330329041,1.0,0.05686380631250565,0.4887418363934583,0.6822383630317529,0.4847772419261329,0.5365104529240796,0.40525488021249845,0.11527739173718259,0.5075227998127886,0.06392050343833797,0.4107201865626899,0.6865325517561992,0.3838075714900284,-0.38836154415073454,0.2180886462682443,0.4462623098986552,-0.004379307956328348,0.19277993560659235,0.5367576443216922,-0.003139345361411053,0.45618760270387526,0.2683700982110026,0.33706410810044907,0.20689871957172798,0.36891282575944717,0.1526053463731581,0.39671142264648535,0.469494378186481,0.5446203421079443,0.2284056985362344,-0.019062734942676175,0.11010435239432041,0.3312146089949359,-0.13634702183941871,0.10557152231788637,0.4306333314859296,-0.043249048388918514,-0.2760883448342787,0.29516273951271493,0.6470986984774155,-0.14362689232491083,0.24192067311241056,0.30823591719824267,0.267413064921277,0.2386963891068894,-0.17756625458491343,0.44000623614390433,0.5766233545192787,0.4059991814498744,-0.2475557483544756,0.32858075621745875,0.2986677514684758,0.2384283332353858,0.47311000728138414,0.7688908361165857,0.09808077970402942,0.39529966000496675,0.5484642446141663,-0.07082890917679059,0.7507913242350638,0.21458169500721125,0.6859560834419449,0.20932318910344822,-0.4026593623796015,-0.045484242367162274,0.26630374960230435,0.5769079010117294,0.4729194044589541,0.26530203070970343,0.1334288161398872,0.40599017099079,0.29120548110284294,-0.24553865861400268,0.46678824761705817,0.47331604290285845,0.4112321264035938,0.13867896236656307
Precentral_L,-0.5417042946201955,-0.4117467876257463,0.1654898327212097,0.05686380631250565,1.0,-0.34608941909853314,-0.15299789776637443,-0.16952610101715235,-0.10255801380382841,-0.3194433040059045,0.6576471856371421,0.21290462163427745,0.004139128490518613,-0.06009574840712182,-0.3158975062910935,-0.4671679636095407,0.1244588064702547,0.5700301449311047,-0.30478420085178926,0.16922685997574222,0.678206723597386,-0.6521152917644099,0.4257018246895334,-0.10821999112898248,-0.6074887418770101,-0.5045130763892132,-0.317505904357579,-0.23630792183941104,0.6610672949216075,0.15596174081499747,-0.4036323945804243,-0.34839071920999853,-0.2687506015761898,0.1933270139055004,0.014096337493317153,0.11151415275058268,0.41571439601653143,-0.32720491629763093,-0.6264548699439346,0.7912758073115643,0.8489144740286783,0.7342295128987041,0.14405715481579587,0.4212752559370652,0.11971112373495717,-0.5242146623170495,-0.2949809623245125,0.49107743935611176,0.5535562194486552,-0.487370792621921,-0.02386511025807877,-0.09084384853023177,0.5448764798361274,-0.4973680049066513,0.013308778189136092,-0.03418242900839977,-0.6634516220012601,-0.22675281470967504,-0.3098404277963239,0.35371111364071117,-0.20897824750722563,0.6773230343310743,-0.14967109993367655,-0.4587833029895843,0.09911854687107588,-0.21421214611570166,0.7107605165157346,0.8532192816507421,0.12905369050989454,-0.06082302322118361,-0.27191922969301513,-0.45881509157967265,-0.057072585037471014,0.26028271230819955,0.45970342944273335,0.5987199625000418,-0.5137980189044372,-0.5941505626410346,0.27656767638216195,-0.051304245298238856
Thal_PuL_L,0.5942551025027242,0.6701120577927382,0.5763338885569106,0.4887418363934583,-0.34608941909853314,1.0,0.5070816507660284,0.4439521509052939,0.2546622072709148,0.23888499330595775,0.05477119560901534,0.44991895220121175,0.038248640677939,0.7896819364238129,0.6246652713777365,0.1868395146934914,-0.02339639726582528,0.17509954064052635,0.6195343896603718,0.4272420337464567,-0.1201485005244425,0.4732160147293939,-0.30177590202981563,0.6326061941096306,0.43426011844819146,0.5269944885432222,0.2839087929883075,0.19026931220220078,-0.012399608949181908,0.3703598985778471,0.33010071448868394,0.6440156260447001,0.37235834814095914,0.03382162757026225,0.22718475477117958,0.6027403126435804,0.08783500885666108,0.3453778951947997,0.41249960509234973,-0.327353059205899,-0.3380155245935675,-0.1894347260013153,0.47113611553072676,-0.23508843741641192,0.039707142695686135,0.1757913640882889,0.4506468649896385,0.23714441095763966,-0.008446464066101828,0.2981248295125135,0.4621262463239762,0.8604814236717738,-0.03221596809606623,0.4486693486901398,0.23348864186200063,0.187898044665287,0.4141429256666996,0.6103040111913661,0.24864483582222238,0.2351280514917353,0.77533594077225,-0.06143073557718271,0.7173935611549658,0.34612391957540595,0.3360868182157168,0.500819219020897,-0.3276717284754127,-0.3086001511679235,0.6966596575740409,0.6788747742622864,0.3638445474794387,0.38139018145930853,0.4946734661865311,0.46241367329656374,0.25027606574842515,-0.002239879939458387,0.5169768128107003,0.4895672139886914,0.3587201316815326,0.37609510378234345
Frontal_Inf_Tri_L,0.7354644634470309,0.8169967671603078,0.40261332971899866,0.6822383630317529,-0.15299789776637443,0.5070816507660284,1.0,0.11861049700224337,0.4040412459557977,0.7582791717407018,-0.1710535753875497,0.48411616295883714,-0.4560335064407536,0.49919234396278317,0.5061136864720733,0.6459916186630986,-0.3074414154390676,-0.1560760291161914,0.3809214921495115,-0.08914556043705717,0.180463717084372,0.7248945461147446,-0.4193283087525311,0.6691972177098796,0.35688874349333033,0.7255153289959577,0.49031449018547674,0.6627575581997188,-0.18619295537659186,0.740829188534196,0.822557810924934,0.8308136012882027,0.5963077928471184,0.4925399195384557,0.3095854606552084,0.4175746833276463,-0.45367477939994494,0.1548057189362543,0.4472571111160938,-0.16149293964716754,-0.2840858316264148,0.24216321250336936,0.6083076898814751,-0.5151792596886283,-0.23462431326413602,0.3655851619370822,0.6716180757369362,-0.1861700858696944,-0.5489074405579835,0.7476897960480834,0.5339019137697232,0.38927603735518335,-0.4927809679235259,0.7355041374512044,0.3073156834814011,0.3959854692384009,0.6396927924244453,0.7065440267972068,0.519308064790385,0.0026174535433078467,0.5389828956922402,-0.37784569081283165,0.7937811017965154,0.3968235319703016,0.4240812038551448,0.6508696035627507,-0.5373035968601582,-0.09977962284503242,0.0050331167096469235,0.7021548816585744,0.7111719736811872,0.20922050678740858,0.07504834374668214,0.3888092222412431,-0.12423788671357518,-0.3944158094530907,0.7648235928230769,0.8009410916081867,0.48944714854772897,0.33115616195497327
Vermis_10,0.1867832865658356,0.36345119281577365,0.40397908081597256,0.4847772419261329,-0.16952610101715235,0.4439521509052939,0.11861049700224337,1.0,0.3691731913255222,-0.15915939243305377,0.2577711811668458,0.1447359334152721,0.3213023476805814,0.22636135667542456,0.6790897485967244,-0.0802950324224856,-0.15107975706715648,0.37104628762986247,0.4516880072729962,0.2366740582858034,0.07060461391808118,0.2007325054946074,0.17849590422585337,0.28405850385672726,0.38559025402566643,0.009615777441161969,0.2086563844110687,0.017714935283265332,0.2963784207379823,-0.043920852708537635,-0.02857391156881811,0.11382354343291302,-0.17268628547436934,-0.412947661415475,0.10330367613565294,0.07057841006797443,0.3089881023192946,0.20215347696809668,0.49271372776549943,0.03901939250551966,-0.25330852779051494,0.020565134330976356,0.37084941910152325,0.2857020565099354,0.5892621153815497,0.18522193689517882,-0.1449978245267934,0.42158415971176827,0.19367817278614133,-0.045357757207222016,0.45065285969157454,0.30823644469583283,0.14146082043544997,-0.12625172017585395,0.20207190671453035,-0.1429082647290612,0.18437287415850676,0.4465003925623268,-0.05215063141016743,0.5072487295386874,0.3747476592887021,0.1483308495826711,0.3402482021983634,0.06144204720024484,0.5986363557016376,-0.16432804304392631,-0.11420857716881438,-0.12114379583415824,0.4430628259290673,0.11231224110731028,-0.002544837405125491,0.4906231745576999,0.391760419656899,0.24862917826105999,0.6015539145282887,0.009900568843135017,0.17733129045773574,0.10864337382185706,0.22432389466327668,0.07402906599991936
Temporal_Pole_Mid_R,0.21063591366410195,0.544157710079808,0.05551124519532517,0.5365104529240796,-0.10255801380382841,0.2546622072709148,0.4040412459557977,0.3691731913255222,1.0,0.4821691223531889,-0.24710206874662757,0.1345363916612322,0.17258591843287194,0.16111046972531837,0.43303975625950447,0.45083102347846626,-0.45761250459957675,0.01577522581229064,0.4345858746363369,-0.1627294902354399,-0.16973392055108782,0.4504331051320883,0.15310568441868985,0.052289337469654626,0.27813684233594926,0.1929931692795202,-0.11069401047913514,0.04013189858947567,-0.17168289035331447,0.21291491193104842,0.46962712565764975,0.2858375968048873,0.3966459488238314,-0.22336237822021623,-0.16631629838918538,-0.08022088055043694,-0.28740009827454993,0.055893640753221494,0.5171964320713293,-0.22021686567159185,-0.41900290709749743,0.07139304473833141,0.12643406044948505,-0.041724195482551775,0.18250793110467003,0.3905554977070967,0.20844822510665964,0.08791388078041794,-0.20761911805552502,0.5287139833027413,0.27626951567745306,0.0960113843416758,-0.3567271444012693,0.38269441520495334,-0.029638208795649764,0.4094156455812949,0.5167495703935966,0.38497178536675436,-0.11139145232152337,0.20838956532802289,0.2220417079274402,-0.2606398405211638,0.3648365394086415,-0.05224435274630611,0.3237118783219717,0.02188881308218216,-0.4241251581988946,-0.2956786830006526,0.10957903589897401,0.25984891534010296,0.674526516988046,0.3258703841831172,-0.04917195180477288,-0.12018238840295695,0.13411453157081843,-0.38638856462854937,0.14352273484090716,0.28884735599245176,0.11657070745406664,-0.2596094585059527
ACC_pre_L,0.6052317923859531,0.6528222869134164,-0.06152697449510059,0.40525488021249845,-0.3194433040059045,0.23888499330595775,0.7582791717407018,-0.15915939243305377,0.4821691223531889,1.0,-0.5654590826724188,0.16762535730603867,-0.403782583870778,0.2524642193113948,0.2624884366440375,0.9021422068157309,-0.4792126569197927,-0.51228917555549,0.30496576430228073,-0.388645259137951,-0.25099606259894686,0.7435453103974466,-0.38123662447186346,0.2787862461393594,0.19291662638505094,0.6842247278163269,0.2875695004056365,0.5312867832902779,-0.5898998278106263,0.4885128323245089,0.9252324721503575,0.7439973509719048,0.7533649574117257,0.3912140969614733,0.14704756734471397,0.14000925560466618,-0.7645618459180238,-0.07398743867265917,0.37100752372907897,-0.48241205891261846,-0.46467281694604207,-0.08288314481150479,0.08159746867047173,-0.5922441942930028,-0.3765762716513425,0.4661481940887519,0.6855948671861941,-0.527095686282372,-0.7550716770277716,0.9373017977537048,0.24260074121830283,0.08639956103349393,-0.7757624223986846,0.8894564228396324,0.08136949881769623,0.595343389122759,0.8035663620489649,0.4724796162876888,0.4144403757913301,-0.3232602035163669,0.24766302951980293,-0.6612898709356397,0.4412132985010917,0.25422830052552814,0.10136767006512609,0.5847021554647455,-0.6442730699590248,-0.4274082809359051,-0.275692931159822,0.4835559108975283,0.8661748035991695,0.018151171668378527,-0.3316656875071524,-0.13471731269806453,-0.45701221386043933,-0.6741034293122129,0.5721246674438195,0.7562439948294609,0.17369603316517004,-0.0503687784928596
Precuneus_R,-0.31542761621769133,-0.2366727658092059,0.6230108347645661,0.11527739173718259,0.6576471856371421,0.05477119560901534,-0.1710535753875497,0.2577711811668458,-0.24710206874662757,-0.5654590826724188,1.0,0.3969225917750518,0.10454374703771097,0.20388538879156004,0.0025258074725199847,-0.6641609162341326,0.33668885149687033,0.8236530875380176,-0.11060742223043493,0.5401721479661211,0.5423298480312313,-0.582425489278061,0.31495923353164956,0.20456662158651515,-0.3384248373108134,-0.40759535652399087,-0.02811754155654646,-0.19410640006150845,0.9502396717977778,0.19543525290402808,-0.5499512344612936,-0.31271295799293247,-0.35701242250521187,-0.01568332143755217,0.14098836671658277,0.3575135732873883,0.836627053684099,-0.0871667572085569,-0.428267557946402,0.7422094025107095,0.7132000226757826,0.4751971543164672,0.38617418442756857,0.6186434147332601,0.29031596236991264,-0.4612216550922222,-0.2714199994443505,0.7918931116519433,0.825847517152034,-0.6431510460976572,0.13773249804329343,0.3138111907672686,0.8661056992392354,-0.5801902498251125,0.1228443897533805,-0.2451153992080917,-0.6450419387736551,-0.05447835800672607,-0.17061348386593164,0.5811039073303937,0.13165873618078355,0.8873932698184268,0.06364941719403182,-0.2513307138034353,0.29043631326032127,-0.16245932505060262,0.7525837035082337,0.6767465170358107,0.5411010224430844,0.07123168009708102,-0.45891505067573135,-0.17199937346149624,0.46562014688713527,0.6499899357342043,0.7332590477896964,0.8423718300323282,-0.284944321893134,-0.4839280181250151,0.2892152373065483,0.3024600399779933
Heschl_R,0.38369159358437105,0.5026802108459315,0.6814759321407051,0.5075227998127886,0.21290462163427745,0.44991895220121175,0.48411616295883714,0.1447359334152721,0.1345363916612322,0.16762535730603867,0.3969225917750518,1.0,0.05757455229215871,0.5103234175798622,0.5149394578046903,0.08061925538497752,0.3295672661507712,0.49989586904505307,0.11015361641970607,0.4133102389083171,0.22961135829489585,0.18552229109694232,-0.26589932127770805,0.6552204539534073,0.28335453684002765,0.4370906116524486,0.23735460140433606,0.38464402699185807,0.32990952140055985,0.659194376805264,0.14471186703873834,0.3659425961922719,0.35207278279113685,0.291015447786531,0.21834621772467938,0.605985890942771,0.07452721754709314,0.3674645763313112,0.13942697539644713,0.14616953519127687,0.19166289745747606,0.25126314353264595,0.5533915765316143,-0.016684536088035242,-0.18359570189538624,0.0956679261182897,0.5374985019377334,0.3888913758603677,0.13524174442103534,0.11227371626259969,0.669758930358531,0.6379115346286393,0.13533597265701955,0.23690983379086278,0.22143197545013119,0.2919927082825231,0.08596917016269948,0.6118932693666854,0.27411894952321797,0.524634790044186,0.5785198907157467,0.11044576768449632,0.6553783513758223,0.4345999037592228,0.6033573531171229,0.5299466252293628,-0.06228644028332536,0.28801369257090437,0.48156617968002646,0.7675251356965195,0.35025298801807225,0.33185588925084963,0.5849326439471746,0.6910431053572111,0.31293359170544016,0.3526572741945433,0.43546317239062415,0.33438338934358564,0.4542804956023192,0.6366495127706095
Occipital_Inf_L,-0.23715282399550666,-0.04499128379332334,-0.012224396252056006,0.06392050343833797,0.004139128490518613,0.038248640677939,-0.4560335064407536,0.3213023476805814,0.17258591843287194,-0.403782583870778,0.10454374703771097,0.05757455229215871,1.0,-0.11756882666929468,0.1988412575537994,-0.26626158460686594,0.06865400940850545,0.34886560656463805,-0.0033787273808652614,0.0703503946958949,-0.27225727356508134,-0.16998526066817335,0.3839581124483264,-0.31378981680091383,0.09557213184798666,-0.37374532809276395,-0.4810200626409593,-0.4540330338707872,0.11865439351951755,-0.46450408160477324,-0.45644516516015404,-0.37416285480836403,-0.25110755063717755,-0.7115957169108765,-0.3981311325959882,-0.07124699369520902,0.2801078479156481,0.100654812150803,0.12362726172050173,-0.14509647648837895,-0.14184517968226104,-0.26695978907968515,-0.18173021594179808,0.3566136627180772,0.4555418866377888,0.041486669208796595,-0.3746505706260477,0.4069623975589929,0.43296252502030874,-0.3024723647113563,-0.05871064909540646,0.10062369398177705,0.2348322218515707,-0.3521424254622646,-0.13780625389241224,-0.04736179191566076,-0.13112194103733082,-0.05129142207587035,-0.5687181028581685,0.3527645555441188,0.05622111170256915,0.17951759889742253,-0.11414216928461718,-0.09111369835635881,0.12915014840252154,-0.3966461254277448,0.02486635970115242,-0.13541514394903426,0.35482322642159997,-0.13804752685245036,-0.167358713128208,0.3151829019690623,0.18137470775562564,-0.14785136655798725,0.29991928267056134,0.18926574007900882,-0.3777977399853639,-0.34395123179071146,-0.232136350917774,-0.18495590475992615
Thal_LP_R,0.43068483157875215,0.45323959929396845,0.589029481631264,0.4107201865626899,-0.06009574840712182,0.7896819364238129,0.49919234396278317,0.22636135667542456,0.16111046972531837,0.2524642193113948,0.20388538879156004,0.5103234175798622,-0.11756882666929468,1.0,0.473023462064622,0.07851459133414956,0.085163440905446,0.2660635124843228,0.7213433852876593,0.565059265842053,0.06130555586894703,0.290034876823878,-0.28377231647189427,0.6439902344376883,0.19027085452693338,0.4640300545440234,0.21974413008820837,0.18803815536845594,0.11191027792374766,0.4849464670558762,0.2826209912594538,0.5620124404212634,0.41082772278991986,0.2709842849236659,0.32861880702094126,0.5952962474740292,0.10211576204981243,0.20960947876766578,0.10920159316178167,-0.1332270621225977,-0.063451648953645,-0.008460324229218398,0.3744847417921043,-0.18666561041836569,-0.16223161445289175,0.06340984910284475,0.48125019088675114,0.22717814568146907,0.0912800503038915,0.20852010170154772,0.47064387084511583,0.8433366538556369,0.050015266735669944,0.3979492513872226,0.20889054201662338,0.30840795566657125,0.2935374001257581,0.5263654752817405,0.31967979093363946,0.2957526238698999,0.6010785502403596,0.03861937670345439,0.622682773599719,0.22898139609552035,0.3292987269003658,0.5939768260310916,-0.0898301417554659,-0.07178979549746402,0.6663743509454838,0.7475373703173485,0.3338544604013628,0.15795183136012472,0.45624921270332613,0.5152891531445518,0.3589237323505849,0.16105703291301557,0.4517239313543278,0.35705253572528756,0.40237566588300305,0.4407525614760259
Fusiform_L,0.5610581596226508,0.7352835500001503,0.4697209206905284,0.6865325517561992,-0.3158975062910935,0.6246652713777365,0.5061136864720733,0.6790897485967244,0.43303975625950447,0.2624884366440375,0.0025258074725199847,0.5149394578046903,0.1988412575537994,0.473023462064622,1.0,0.3467604911065292,-0.04190945787645852,0.2365718775038412,0.5506735237239954,0.22206591106973403,-0.016830023190046676,0.5837751198285417,-0.20210795593445055,0.5590362688752378,0.6488374282638335,0.558755590988728,0.4167299748315509,0.3922170746522696,0.006976760487936598,0.30835783334334127,0.3557673857457152,0.5227757147003291,0.2664254748500458,-0.04836239789733137,0.2543934188855262,0.28139782892585413,-0.13425529036877173,0.4568688405877511,0.6864892248152763,-0.2442177541146072,-0.4331907922562746,-0.04477450061659289,0.48301525637726866,-0.12363794394235537,0.12855491345861478,0.4630751250291576,0.41081379994745487,0.20049028203245203,-0.1785033179921472,0.35313048531443153,0.7787974891422901,0.5239218782520312,-0.24401401048353835,0.3577629406415521,0.3077836701028851,0.18771086945263454,0.5263131332237039,0.8534680547373926,0.33560028701981587,0.4936860474063995,0.6091772092091101,-0.2649165173276024,0.6995115546814582,0.5359221212598125,0.8024760075090269,0.3131268726951618,-0.5024016896075167,-0.22596344262482151,0.39751659037331244,0.6031775759595112,0.4381257958267366,0.665737890156079,0.4753532500487047,0.3617146249676238,0.2949350155120882,-0.16007570398556395,0.6210879182846698,0.558338341997265,0.3646787874083622,0.36405842276876843
OFCmed_L,0.6264639502857821,0.6711915904317229,-0.1597281027804887,0.3838075714900284,-0.4671679636095407,0.1868395146934914,0.6459916186630986,-0.0802950324224856,0.45083102347846626,0.9021422068157309,-0.6641609162341326,0.08061925538497752,-0.26626158460686594,0.07851459133414956,0.3467604911065292,1.0,-0.4961748358992281,-0.5818738065926817,0.20049392452518322,-0.5255512224212617,-0.35276505608131825,0.8076120216635663,-0.40044689333647054,0.17390777248610204,0.33393456158316304,0.6831139886410209,0.30779499651720404,0.4878789804374468,-0.6645823396898901,0.31148582239807143,0.8663584073287057,0.6864942059626887,0.6406577020014583,0.2386242976355591,0.046146965330019905,0.046597433130939565,-0.7925121483022091,0.0031884967186506397,0.5349769191066173,-0.5821838723269146,-0.5868574326289309,-0.2156390662284318,0.0280831172188166,-0.6353829833367275,-0.31681533646025356,0.5582174765836251,0.6105730962240954,-0.571759804721474,-0.8122444943694215,0.9241981584754266,0.2029393155399323,-0.008475808230175125,-0.8334404708235832,0.8482218074167893,0.06725025113498459,0.48875586953974437,0.8575699743132643,0.4609179947243884,0.41008007506054184,-0.380148516503524,0.2524672714709004,-0.7509784641184175,0.3712533625715837,0.35102751707736823,0.08895935636793117,0.4784655431985967,-0.7532857233648269,-0.5248826659644784,-0.35387679561265933,0.3582082370850932,0.8079040282275259,0.15154957125952903,-0.32038272967527803,-0.233813326338404,-0.5505169925381822,-0.7686987873139884,0.5595014114851256,0.7696254135090682,0.036211488032279214,-0.11130674760233258
Vermis_7,-0.16902836055677065,-0.3387632771148593,0.19486865782049365,-0.38836154415073454,0.1244588064702547,-0.02339639726582528,-0.3074414154390676,-0.15107975706715648,-0.45761250459957675,-0.4792126569197927,0.33668885149687033,0.3295672661507712,0.06865400940850545,0.085163440905446,-0.04190945787645852,-0.4961748358992281,1.0,0.356187603205895,-0.2017872663194057,0.6309828519303907,0.1769674335694212,-0.3889825488762122,-0.20261102127515385,0.21773247421458305,0.21664991243048884,0.08450176701186544,0.10819833452452048,-0.03302354606174492,0.25617192297474844,0.10284236380659316,-0.5043642125316861,-0.329773622525206,-0.08344081344096288,0.18225765451753378,0.2921169568699772,0.1309149864544468,0.26439137130231216,0.5512556577119745,-0.17276903195775384,0.24697846747227128,0.38847133144090445,0.006683290776032031,0.002548716198961777,0.1816760274071767,-0.3314409928238641,-0.17139150050726362,0.17030085888800678,0.2090219940618271,0.3437319562285968,-0.5484568994631408,0.2029240651373489,0.2219383725092684,0.41820317520655326,-0.27333354084236283,-0.06967640750870564,-0.1667339510859518,-0.4675026872375229,-0.06402198813085189,0.1317963291561697,0.31767862895160337,-0.08360079663740881,0.19493456343232002,-0.06389275267202402,0.4435089962753342,0.09096072291288158,0.16684511343186265,0.29189540593366653,0.41222134981796454,0.2714929907687706,0.19879972547357921,-0.3193129278943902,0.2824127692937457,0.6286263496378056,0.41862807879794,0.1285109220318017,0.6506025777912623,0.026253019426394245,-0.2099299556713842,0.0976812531737484,0.5921648521441736
Calcarine_L,-0.31212740238850767,-0.0916387613366906,0.5503821757127096,0.2180886462682443,0.5700301449311047,0.17509954064052635,-0.1560760291161914,0.37104628762986247,0.01577522581229064,-0.51228917555549,0.8236530875380176,0.49989586904505307,0.34886560656463805,0.2660635124843228,0.2365718775038412,-0.5818738065926817,0.356187603205895,1.0,0.07900033486892853,0.6593605649941789,0.33349417586789676,-0.474995114599409,0.34856688649376527,0.17826669672160264,-0.052485276113979434,-0.2631564662168573,-0.19520538958717268,-0.2718528072924671,0.8589075674911366,0.13751580267712102,-0.46832813063051687,-0.30576558478097066,-0.13609002159086836,-0.10502974316719733,0.07719643139763657,0.24845284696585043,0.6920954868966525,0.19895182341755704,-0.20193305525834282,0.4794385586291706,0.5437171277126972,0.2891117500998719,0.2619584485718987,0.5608920948903743,0.2534376646576848,-0.26355207363294064,-0.11984859285136414,0.9077815099845374,0.7861735409843477,-0.5486132272386262,0.3968079985741558,0.37454417664218137,0.7403857459472759,-0.45377014585975467,-0.01267351956051709,-0.08057956938242723,-0.5176495800063373,0.1888819177618126,-0.23571412681856155,0.8692412173416079,0.17753597528678253,0.6833628297205712,0.1879245518089698,-0.11509146256007599,0.5259657399109493,-0.15032925566762703,0.545588032532312,0.5187737043228137,0.6425814857652359,0.23014041352913225,-0.2081457131928474,0.18230075035696677,0.624499135018359,0.5947943562603522,0.7775304519865399,0.792823836127035,-0.2545410400780459,-0.4267965026666474,0.2816978652001747,0.3069037017183347
Thal_LP_L,0.2729983666398365,0.4700263810709984,0.23896957160557203,0.4462623098986552,-0.30478420085178926,0.6195343896603718,0.3809214921495115,0.4516880072729962,0.4345858746363369,0.30496576430228073,-0.11060742223043493,0.11015361641970607,-0.0033787273808652614,0.7213433852876593,0.5506735237239954,0.20049392452518322,-0.2017872663194057,0.07900033486892853,1.0,0.40963857721471814,-0.20393480519958854,0.4346346336066276,-0.11593669800117526,0.3330429231279204,0.31942869554509223,0.3887111745764554,0.1044163742512814,0.14819599754501714,-0.08392696463311874,0.15245763290461667,0.3868166971316205,0.37228510657951924,0.3493132050901521,-0.02338488145052458,0.20983311407050192,-0.004326159494470377,-0.10040935392198584,0.19862076640623827,0.36904932012144487,-0.361586898629423,-0.40243326885534764,-0.2254662303282247,0.09103891343878137,-0.14543043109060663,0.08076671854673781,0.3360963825217898,0.2913116684645117,0.048354099019282906,-0.10265394280099109,0.3367573666553545,0.4584760044759139,0.4289528163090513,-0.2265782029270049,0.3715471856448043,0.13699856207064998,0.27660447455052656,0.5150436443758871,0.538101643137109,0.22111715371776614,0.32580035861534073,0.2534729148655091,-0.25246492284024974,0.5091148244753524,0.13268774445782927,0.3982161827784825,0.21392396379489606,-0.2979266004133648,-0.40181463053147254,0.35958445557966906,0.4783755882515758,0.4099912241747903,0.31926719439774826,0.2602571764494313,0.09664731623628933,0.30535324478287884,-0.2205594899477536,0.37507848136566535,0.34985048770209104,0.14799834831482309,0.054121081298453506
Thal_PuI_L,-0.12688675130247937,-0.07626472398524915,0.49152047670847543,-0.004379307956328348,0.16922685997574222,0.4272420337464567,-0.08914556043705717,0.2366740582858034,-0.1627294902354399,-0.388645259137951,0.5401721479661211,0.4133102389083171,0.0703503946958949,0.565059265842053,0.22206591106973403,-0.5255512224212617,0.6309828519303907,0.6593605649941789,0.40963857721471814,1.0,0.11262842000370805,-0.28545112640378817,-0.02431244183002876,0.37514575713945414,0.1485465029076272,0.1118452811222564,0.027113634979007775,-0.10156242507504043,0.5188261163241095,0.19504876850414452,-0.3387546696403425,-0.12368751117029042,0.06613699525029201,0.11945672573150663,0.31986474906855517,0.23641027592605945,0.49275642660299357,0.4500110017983385,-0.1638748144523854,0.18209864490430702,0.32126710998268465,-0.03476669458937578,0.1418598320141121,0.25007254185868594,-0.0855918923755407,-0.11305704191701947,0.1969496061243894,0.5370654155338984,0.5445318943070135,-0.4409013110332222,0.46057939945409476,0.556722175624731,0.5407014754621381,-0.19169359786351828,-0.013788797583570938,-0.011046871870025019,-0.3198037841967285,0.23308154350603474,0.09346088769706674,0.6702180527862431,0.16360620423889508,0.3572506186524154,0.25736897380965373,0.17490473171308993,0.3640477296451138,0.16908129762621782,0.3588954311185987,0.24303345605114615,0.6702748412312978,0.44076583233110483,-0.1489047135857903,0.2690677155516642,0.7795718337543244,0.5618150972902113,0.5545059500440376,0.6741309716933935,0.04821366243916961,-0.16946523057346177,0.20449955111214763,0.5222956168265638
Frontal_Mid_2_L,-0.11660003399188223,-0.16479839373010413,0.3967726622155231,0.19277993560659235,0.678206723597386,-0.1201485005244425,0.180463717084372,0.07060461391808118,-0.16973392055108782,-0.25099606259894686,0.5423298480312313,0.22961135829489585,-0.27225727356508134,0.06130555586894703,-0.016830023190046676,-0.35276505608131825,0.1769674335694212,0.33349417586789676,-0.20393480519958854,0.11262842000370805,1.0,-0.31234506255313643,0.09386586407024596,0.27535154644967835,-0.22837983882905336,-0.20300952553242005,0.14225417174358496,0.14916382336633105,0.5257138033342729,0.295683986495502,-0.21316629580306792,-0.0125754356401448,-0.36135534625044596,0.3405588442766895,0.28397878176613695,0.2604057982011778,0.27475687057383386,-0.07135757855981743,-0.2722481231060527,0.8292837138596707,0.5859534392905512,0.9026068422168076,0.5334284768414951,0.1857519664951827,0.12985824144996788,-0.3770023227382162,-0.19638971307040812,0.2860401064616024,0.23362924882431763,-0.3525215455966768,0.16587734035922494,0.047854123403689906,0.3425799207832712,-0.3679936843895197,0.3000243415903917,-0.25180816589882504,-0.4384860075109225,0.02380623776848234,0.05187942317118762,0.23716064628909572,0.036813447472344996,0.47707615365809863,0.08925335909541493,-0.08163532451567049,0.24846493615843554,-0.016570184967474724,0.38308585750031365,0.8540452289432844,0.0785657000372026,0.046311674051322374,-0.30744679712612255,-0.1917567134809499,0.08508504268452022,0.46184778066466736,0.37541777016792194,0.37559085213391585,-0.020826280704642153,-0.2036236672237822,0.5238784350736104,0.2621615313002327
Thal_IL_R,0.8443664611230088,0.830586415572611,0.10534671055655559,0.5367576443216922,-0.6521152917644099,0.4732160147293939,0.7248945461147446,0.2007325054946074,0.4504331051320883,0.7435453103974466,-0.582425489278061,0.18552229109694232,-0.16998526066817335,0.290034876823878,0.5837751198285417,0.8076120216635663,-0.3889825488762122,-0.474995114599409,0.4346346336066276,-0.28545112640378817,-0.31234506255313643,1.0,-0.4654527936150659,0.4024061659256473,0.6247437483474632,0.7607469382994559,0.39686539128108894,0.5750966209502121,-0.5607281814365185,0.28743641995843217,0.8013568542572801,0.763307347563428,0.541566460189215,0.10691644569517948,0.07361141615779047,0.1523443547242911,-0.6445464629490851,0.3033832220657347,0.7540132152016108,-0.6209388898614411,-0.7455812738458185,-0.259596343324634,0.2560587125366537,-0.6236206641157653,-0.14611098962997948,0.6685670989088456,0.5761759461883509,-0.427677359251823,-0.743402643124847,0.8698268185995991,0.37942389501028206,0.2412078785404204,-0.7470585598932792,0.7953499260260701,0.24091320074083106,0.3610683788979202,0.9210003795355478,0.6660899960995597,0.4390643638487134,-0.18042562958131825,0.43082053374017637,-0.7266435606419043,0.5801162606682012,0.5347942472221572,0.2865120101179072,0.5332429584363549,-0.869778262613237,-0.5853053862952928,-0.1465460346259589,0.47318774245989903,0.7004951704615244,0.45124722500437126,-0.013103769139719243,-0.0022048228904954525,-0.3690663152157236,-0.7201746765162415,0.7708252023025906,0.9069200318271569,0.11057073195172741,0.13882244105997793
Cerebellum_Crus2_L,-0.545875136260558,-0.3611256255463457,-0.12317027571235793,-0.003139345361411053,0.4257018246895334,-0.30177590202981563,-0.4193283087525311,0.17849590422585337,0.15310568441868985,-0.38123662447186346,0.31495923353164956,-0.26589932127770805,0.3839581124483264,-0.28377231647189427,-0.20210795593445055,-0.40044689333647054,-0.20261102127515385,0.34856688649376527,-0.11593669800117526,-0.02431244183002876,0.09386586407024596,-0.4654527936150659,1.0,-0.47676705850657647,-0.4194237169274396,-0.6759654253369246,-0.36165050296925183,-0.5358133227887855,0.3684253803775322,-0.3221671639542908,-0.4232844751071725,-0.487322408539345,-0.36528526105455505,-0.39627732990407993,-0.2808999308497352,-0.22513790645557927,0.42988707961388556,-0.3778673265060541,-0.31604083479755923,0.33502265551947324,0.2516664513268722,0.18401123292031152,-0.15001618424891228,0.6257397588215091,0.4413723859799202,-0.22319545616122252,-0.5907199423336628,0.402202204988499,0.4884261846171637,-0.3986091687133867,-0.29296522227000193,-0.2549646632469236,0.38775601588905195,-0.5594038943515974,-0.24916929431767423,-0.15437348957093391,-0.38841551422965026,-0.35825356352962273,-0.6147542670676125,0.21788839610026917,-0.30354439509832465,0.48294974760685827,-0.36559535889801287,-0.632161403087963,-0.06968835607929758,-0.5698052422915251,0.45026706327679616,0.17213481500783848,0.1273556043920686,-0.4371556583781692,-0.30759955366765224,-0.2454897572079989,-0.19645291928365302,-0.21396450374595202,0.39012149958152226,0.23860382287348492,-0.6266075034067539,-0.6187073749105907,-0.15788169539671332,-0.45977589779652867
Putamen_R,0.6603489848841892,0.5725153415404628,0.661572836877984,0.45618760270387526,-0.10821999112898248,0.6326061941096306,0.6691972177098796,0.28405850385672726,0.052289337469654626,0.2787862461393594,0.20456662158651515,0.6552204539534073,-0.31378981680091383,0.6439902344376883,0.5590362688752378,0.17390777248610204,0.21773247421458305,0.17826669672160264,0.3330429231279204,0.37514575713945414,0.27535154644967835,0.4024061659256473,-0.47676705850657647,1.0,0.4693181849913604,0.651496872038415,0.6117102970293454,0.5764577908785397,0.1406793788263038,0.7405248456720763,0.38342906987879893,0.6624471181843554,0.33971703045023016,0.436857184206525,0.596058184995526,0.6391631501133702,-0.048159637674737237,0.4565296671550457,0.3661565313985108,0.06303601915796861,-0.0247563059505709,0.20414270937832105,0.6776127146698588,-0.20379942077402827,-0.1336110544911738,0.10144347360995305,0.6177862369658832,0.13452125380966962,-0.1482760206942555,0.2511864881699452,0.6821081972558022,0.6820318294007351,-0.03920016577600025,0.4318897570351388,0.48024874692395747,0.13690574603794942,0.26055840634238187,0.6720154314317469,0.6046039702089298,0.2810046275151723,0.641493945921476,-0.09120524140238724,0.7529246136396981,0.5597432069933787,0.5188245223717164,0.6825002300015381,-0.23532734542100556,0.12081426394335547,0.41754539285728554,0.7307254424177388,0.3324806262785353,0.35088328163051163,0.5480720964839443,0.6853705850988546,0.23491114706364696,0.10793731035838579,0.7476749853996455,0.6061984760188112,0.6959010827388172,0.7518860683689745
