,Frontal_Inf_Orb_2_L,Vermis_6,Cerebellum_4_5_R,Thal_PuA_R,ACC_sup_R,Vermis_10,Thal_AV_R,Cerebellum_7b_R,Frontal_Med_Orb_R,Occipital_Inf_L,Amygdala_L,Calcarine_L,Temporal_Pole_Sup_L,Thal_PuL_R,Lingual_L,Parietal_Sup_L,Thal_VPL_R,Postcentral_R,ParaHippocampal_R,Rectus_L,Thal_LP_L,Pallidum_L,Thal_VL_R,Occipital_Inf_R,Thal_AV_L,Cerebellum_3_R,OFCpost_L,Fusiform_L,Rolandic_Oper_L,Thal_LP_R,Raphe_M,Angular_R,Lingual_R,Precuneus_R,Insula_R,Vermis_3,Cingulate_Post_R,Thal_MDm_L,Amygdala_R,Cerebellum_10_L,Cerebellum_8_R,Occipital_Sup_R,SupraMarginal_R,Precuneus_L,Cingulate_Mid_L,Thal_PuA_L,OFCmed_R,Frontal_Mid_2_R,Thal_LGN_L,OFClat_R,OFCpost_R,Cerebellum_Crus1_R,Frontal_Sup_2_R,Pallidum_R,Thal_MDm_R,Temporal_Sup_R,Cerebellum_Crus2_L,Olfactory_L,VTA_R,Angular_L,Supp_Motor_Area_R,Red_N_L,Parietal_Inf_L,Olfactory_R,Precentral_R,SN_pc_L,Rectus_R,Putamen_L,OFClat_L,Frontal_Inf_Tri_L,OFCmed_L,Cerebellum_Crus1_L,Occipital_Sup_L,Vermis_7,Thal_VA_R,Cingulate_Post_L,SN_pr_R,SN_pr_L,Cerebellum_4_5_L,Frontal_Inf_Orb_2_R,ParaHippocampal_L,ACC_sub_L,VTA_L,Occipital_Mid_R,Calcarine_R,ACC_pre_L,Temporal_Pole_Mid_R,Cerebellum_9_R,N_Acc_L,Cerebellum_6_L,Thal_LGN_R,OFCant_R,Cerebellum_Crus2_R,Heschl_R,Cerebellum_6_R,Caudate_L,Fusiform_R,Parietal_Inf_R,Temporal_Pole_Mid_L,Cerebellum_9_L,SupraMarginal_L,Thal_Re_L,Vermis_4_5,Temporal_Mid_L,Frontal_Inf_Oper_L,Cerebellum_10_R,Cuneus_L,Frontal_Sup_2_L,Cerebellum_8_L,Supp_Motor_Area_L,Vermis_9,Cuneus_R,Temporal_Inf_L,Red_N_R,Thal_IL_L,Vermis_8,Paracentral_Lobule_R,ACC_sup_L,Temporal_Mid_R,Thal_VA_L,Hippocampus_L,Insula_L,Frontal_Mid_2_L,Postcentral_L,Thal_PuI_R,Frontal_Sup_Medial_L,Frontal_Sup_Medial_R,Caudate_R,Paracentral_Lobule_L,OFCant_L,Thal_VPL_L,Parietal_Sup_R,Thal_MGN_L,Thal_MDl_L,Thal_PuM_L,Temporal_Pole_Sup_R,Thal_MDl_R,SN_pc_R,Precentral_L,Cerebellum_3_L,N_Acc_R,Heschl_L,Occipital_Mid_L,ACC_sub_R,Frontal_Med_Orb_L
Frontal_Inf_Orb_2_L,1.0,0.2542260022277176,0.34130580753625334,0.1400167224426152,0.1718166497684799,-0.07861725400676434,0.8302966820336295,-0.7088703042006558,0.839168551188265,-0.40484316504491974,0.6058765160218671,-0.5260466832560031,0.8255980521376134,0.09778675628486264,-0.29261043445788665,-0.7436706377984933,0.5653905351008165,-0.555770838205477,0.7449841411140528,0.11390772204648854,0.33925207082287095,0.6749528716008102,0.7403467628589494,-0.6766208189533913,0.2352513887726065,0.08331937348749723,0.7986455804456482,0.38256612844972615,0.49217665235351515,0.26535999422900935,-0.12909959153138173,-0.7768145202505391,-0.22571088782193796,-0.5664236966347829,0.5450660222302145,-0.45874629442197407,0.32190600988161583,0.37824978450041535,0.6774501567327489,0.37967862461145563,0.28261703905890656,-0.8122969585823904,-0.5703004365411991,-0.5763074029783465,0.16850023347041715,0.44127266987695596,0.578582996068918,-0.4123883537578147,0.3134010819034782,0.3869840501272049,0.5563134605752005,-0.0015997859681018448,-0.47977876414479775,0.8232424754482409,0.5985771272269765,0.4565938689249515,-0.4542740911598921,0.8697391782320467,0.4784427246445183,-0.7459307641832891,-0.5645517956954302,0.6320241903582202,-0.7000758105725686,0.880024812070656,-0.6060156319957558,0.61070602790627,-0.4951481959869618,0.4442783941128059,0.4755753885548707,0.8075681958221671,0.905942998219519,0.31865489618392007,-0.7821425037717817,-0.4789903712732778,0.6704378038173572,-0.007634443366055443,0.1940804803596799,0.22612374300833787,0.20268413246495498,0.9412945057382761,0.7162166155524865,0.9280259664148407,0.6378497434965573,-0.8757208540804549,-0.6110943369414211,0.9497710753968676,0.43136278684522716,-0.38776918733101845,0.2127213288034819,-0.009416261804970585,0.804094343485118,-0.6661383788706718,-0.37695522848281576,0.18894180347006218,0.4091600111159522,0.7952336543953065,0.06420183565106213,-0.7155669559945108,0.6760803010473166,0.08912285148749068,-0.6475862403106107,0.4937282868585283,0.5779452077779728,0.21734361122106802,0.10968255413425224,0.6415429279996504,-0.5332950042160636,-0.05956929716178048,0.4598919334799821,-0.4209760043919119,-0.5034497175720217,-0.7162060158818442,0.5476665140250202,0.6690377475570839,0.37619174739982164,0.3554217935499333,-0.5540409546263704,-0.5447277631012157,-0.28158394991380803,0.006906702897631197,0.5928685952553748,0.7362390792759589,-0.18943699194178001,-0.5458584226611006,-0.27841998069361706,0.5600893711469171,0.033099958727534726,0.5643245150175341,-0.5139198976943157,-0.552736465208858,0.8008294144592298,-0.7172539652381941,-0.065917232016642,0.4652016870727148,0.6270942804328986,0.8273106698878949,0.5658778552392435,0.1055905853725068,-0.36841852619952237,0.1558536507427339,0.7960968503814524,0.8195759392419394,-0.803320359609493,0.933515822249636,0.49929916477284336
Vermis_6,0.2542260022277176,1.0,0.7241110655835417,0.1610675730858852,0.02960781227726963,0.3270838999615028,0.41755568810342114,-0.1103664354005525,0.12506186962898203,0.18631359284672522,0.6629338334522602,0.13139668734704918,0.3786254157766994,0.29811021771528484,0.4407895448097537,-0.5914485823962291,0.5308620543878234,-0.5067082934294564,0.6900655142537061,0.19030515723485797,0.34013186615460733,0.639557040267844,0.5352024074963248,-0.12402052565048258,0.4260061408061552,0.17594935157574915,0.34119121736597674,0.7334492250024968,0.36517816470229947,0.3276900605229438,0.37885071879727084,-0.30336780122922347,0.2953122624256121,-0.17595785222898983,0.5689863097905391,-0.021890926814647726,0.622659640910732,0.47899204946815377,0.570158902301644,0.2980306232532238,0.8854135833239007,-0.27441009702097174,-0.21277452172557834,-0.147032856148528,0.3441613853606007,0.3560410145622792,0.2880572918341956,-0.10464089076832815,0.4118267183007545,0.018696691537317036,0.33437824558826024,0.8704077325923858,-0.37447115162021605,0.5635595848699727,0.5457412520325627,0.7483300984882051,-0.4407896966552335,0.5050327754315406,0.363301470671146,-0.34062144584849574,-0.160272705492685,0.37283442547723966,-0.45315035926059327,0.3945720782515203,-0.4280832866006825,0.42401171879398214,0.06634461697116453,0.5307510002948894,-0.05293222396425047,0.341597957631476,0.25245061753171033,0.9009260138425011,-0.396979847302193,0.38564234258694025,0.5358791084656815,0.31712803976283527,0.25358599803695203,0.2230105364253181,0.6232769714520708,0.23518478643137328,0.7378066422961389,0.2971573433712512,0.22250313534811106,-0.2138231713985029,0.14649980215136227,0.1493631456323705,0.20572083572708447,0.46184308273425106,0.11985452836310441,0.8781914353130855,0.35605639140054907,-0.38325960332594133,-0.3148608665706929,0.5048120713654013,0.9290178478664803,0.4871849189409276,0.7020795177188961,-0.5779872305453798,0.34709935603727804,0.8739427334015918,-0.210157733428014,0.5199568605433296,0.7505751375011855,0.8073161368004471,0.2800226963299879,0.5925522974981028,0.05983479398140896,-0.22852023599331675,0.6894785944661629,-0.18595430699490728,0.28936543127280806,-0.07498087244767553,0.8977577834840015,0.3591616830206908,0.4333090449999691,0.8647365582410353,-0.4819709098427302,-0.1742713490024136,0.6409352587075077,0.5545327493399181,0.7054740913679091,0.5562735430140485,-0.13444955602854636,-0.4345977338933295,0.24048190262865318,-0.06010269820755124,0.1157599722807442,0.47132144026564365,-0.4174850080963694,-0.2828390857857583,0.5340323187938195,-0.6004818452644907,0.3119187575882276,0.599004682259269,0.6034523117791125,0.3920541811151594,0.4267902043651816,0.0345353426819786,-0.42783461604912876,0.6326295266911772,0.39044234037365066,0.6098507970474311,-0.2653883089265659,0.2504263952629322,0.19056015666837753
Cerebellum_4_5_R,0.34130580753625334,0.7241110655835417,1.0,0.2262631545628697,0.2566098949100316,0.45065285969157454,0.3036638031032413,0.019110479243811623,0.12936050777671135,-0.05871064909540646,0.5830236908534526,0.3968079985741558,0.39932716912567806,0.46494539211552727,0.6817545640056049,-0.30086610278568915,0.5715840861180412,-0.08607071039418093,0.6315902827210382,0.3171067125012376,0.4584760044759139,0.6203513398301512,0.4788153840436944,-0.0778143420546011,0.4106392713285774,0.5382761773809757,0.460438541056701,0.7787974891422901,0.5766233545192787,0.47064387084511583,0.42480713955718913,-0.17762097288462153,0.5802148889467915,0.13773249804329343,0.7073179891949152,0.33719587213929525,0.6045079548213985,0.4899886995343461,0.5932883707813073,0.3885135510620482,0.5918076934958479,-0.14877280978201915,0.05616613740954129,0.18974254113263883,0.5374946646102033,0.3678864334806117,0.17099148659762545,0.16482329311215851,0.41455936835575047,0.29840644758607054,0.554142046783687,0.5921911889948188,-0.031466121249855934,0.4858982451619278,0.4433748203009978,0.831036081711092,-0.29296522227000193,0.4533340363185542,0.48489857995631475,-0.2202498144219208,0.11056160269967935,0.4814033612637222,-0.22640875342934907,0.33992568262347583,-0.04835930291455476,0.42729853395004064,0.18778924608357378,0.6564364425803741,0.15735637229219243,0.5339019137697232,0.2029393155399323,0.5196542591589032,-0.1295913933666866,0.2029240651373489,0.4082283618572417,0.5022710881866556,0.4507725138046715,0.49761385605109404,0.8973630883488172,0.330318070009572,0.7291218085414177,0.2817438790902924,0.14854893093690472,-0.14651125345136218,0.34461676018409304,0.24260074121830283,0.27626951567745306,0.46390483158015283,0.318989613210363,0.6616793568934227,0.43621545459215577,-0.27517793336669355,-0.11991835077310813,0.669758930358531,0.7058536920556461,0.4787772801578623,0.8816222857615685,-0.26321784365717166,0.40284338625660615,0.6206169441759686,-0.1290544251633907,0.3585995867317883,0.8810975393050952,0.7231739058379312,0.5833225117109269,0.48484376961074105,0.25228780560346104,0.1232805649111844,0.46503069560238836,0.09475133024835301,0.21354653388895403,0.061889999564183895,0.6628551629154941,0.49057663362970183,0.523418124478343,0.5710887732634442,-0.0804756325087088,0.0400894511849986,0.5872885607465176,0.5514617149213714,0.7757282159592305,0.5731914793813131,0.16587734035922494,-0.09018142336557279,0.2994717524341169,0.29003586853174856,0.34023940687071147,0.4536310246221809,-0.07515605793204964,-0.2745387063044945,0.5346931551175133,-0.31586986023436414,0.18880713117546674,0.49596802331422907,0.5058599553105111,0.4744516798464895,0.42570220677483794,0.10241277029152666,-0.02386511025807877,0.7664705767368667,0.32730239001333633,0.5050597326429136,-0.1366725664977026,0.24054372851863995,0.23147180624529815
Thal_PuA_R,0.1400167224426152,0.1610675730858852,0.2262631545628697,1.0,0.4383358989884533,0.07057841006797443,0.03952463332068849,-0.23836172185995552,0.0035127412103991298,-0.07124699369520902,0.2888946366641958,0.24845284696585043,0.1301956384549216,0.22197128247462397,0.07222384816571267,0.01348970779299833,0.6650960960548341,0.09281101872986793,0.29159577131181363,0.30642025256583666,-0.004326159494470377,0.34849920529638345,0.5971778371607461,-0.08654852641007764,0.6003200952721366,0.1303714950909455,0.21696435186402052,0.28139782892585413,0.3312146089949359,0.5952962474740292,0.09746509305870124,0.22364190917044824,0.11727015124229918,0.3575135732873883,0.46376211630556535,0.21871852336438596,0.4885772832995275,0.6916443197688192,0.3566168944770079,0.296951161125937,0.01793314128722238,0.21685178793551732,0.3360208457666625,0.20133913831787204,0.7267014654669098,0.8779129316346188,-0.016180941655647603,0.3742213516012432,0.7676392877853863,0.2661971334810104,0.29871986307416626,0.061908135928351045,0.12867524332304578,0.2934997719893076,0.6571088075774607,0.3682413393500697,-0.22513790645557927,0.265477982193,0.17832271516975504,0.2698360002641296,0.12950887421512428,0.18112398687825654,0.273348099777726,0.24756602751509638,0.04443051175665832,0.24550937893932614,0.1406218327918506,0.4985904074009471,0.36669040991229607,0.4175746833276463,0.046597433130939565,0.06846005594960643,0.024172004390242394,0.1309149864544468,0.5466550644485901,0.6734682793069727,0.24796632654968964,0.5102737266053928,0.14408107520968294,0.10529313283699572,0.2793480309220487,0.14400209672500563,-0.058378078549913684,0.06020524758379096,0.24340766036836625,0.14000925560466618,-0.08022088055043694,-0.21275337371058026,0.23765022700371696,0.20069552398856946,0.5750713088505643,-0.11710542174509705,-0.2522188275936866,0.605985890942771,0.15242646542462723,0.578341101208401,0.19094164925224447,0.10692002308827157,0.19946085717569567,-0.043497833273968785,0.33916717947955916,-0.15512991221608008,0.32897246458084944,0.49761027478375996,0.5469481451929833,0.24228846038373517,0.28556946280774986,0.2218676892290899,-0.03604132186197043,0.1749053734107958,-0.24394066783497245,0.2981685967960703,0.22838371688674972,0.32060120510756573,0.5089439232504719,0.19717076672720024,-0.023636302586834933,0.4026916363552512,0.33149130132062643,0.5431181134483303,0.5053756142507065,0.367991112887819,0.2604057982011778,0.3178543816447966,0.6260364154183334,0.26031031131158866,0.4083587505204505,0.584419063878774,0.1326113808200655,0.02488717971848196,0.5277300677087615,0.024210522983871274,-0.028167818355897007,0.4294474636533202,0.48706835420272027,0.10890352336369877,0.6354166567037204,0.14556123340099264,0.11151415275058268,0.22847335043271075,0.13347626738938115,0.20381197301106577,0.14918806658874886,0.08156423897064496,0.13256615187156995
ACC_sup_R,0.1718166497684799,0.02960781227726963,0.2566098949100316,0.4383358989884533,1.0,0.29389060788652993,0.049635173880958894,-0.19035013492686115,-0.10007676675444642,-0.2922434914253546,-0.15361678976097873,0.07337343183350603,-0.1643724577852641,0.26846198868893884,0.07066540686149833,-0.0007176331927862776,0.24321070999645095,0.1764265888282215,0.07145898135111602,-0.13939009755160553,0.14486742982751477,0.36829291151134336,0.20882040411603947,-0.1442384860906545,-0.004235324752176069,0.3609953751444828,-0.06675220094009228,0.34492880531973447,0.5448232779715473,0.3330275650481994,0.018251361479216056,0.10748783665991833,0.1488821792546816,0.2900436929704949,0.42842156986901064,0.27697879342863296,0.4095244999323806,0.1718507272660529,-0.07164753796063038,0.3931020527524593,-0.02366025721445006,0.01915195457242586,0.3690257794033223,0.2494440972337366,0.44162102401232917,0.3822233585397208,0.055964847485659316,0.49615403535208374,0.4291408324956304,0.23856978347955615,0.13571712416959059,-0.08141653792818397,0.40948497739838413,0.22560150711127605,0.32910190546179613,0.24442276700033108,-0.08756651770666946,0.026861801165685848,0.20165779310391188,0.07303224520110718,0.3135525650488217,0.36460540940299074,0.2064256652386001,-0.042483680907969584,0.22645138891602354,0.37739473374904575,0.033055353144509185,0.5523539310630556,0.18170940986630915,0.4883943332071633,-0.001533771351908748,0.015315108066264552,-0.0008913913519566611,-0.15432631338443692,0.33821684592530044,0.478936155024112,0.23758420033870223,0.4884418343570907,0.32832159518013054,0.135904773836424,0.11202169716958407,-0.006034089984835406,0.3090881369886715,-0.08031924109922425,0.07103725798173122,0.05380112611148093,-0.034516047979655136,-0.061436967877892865,0.481777433514815,0.09231009675945272,0.4072045114051268,0.060071028166519255,0.1982983877800306,0.26410765503013983,0.08601995152342563,0.30269976637963103,0.19296219511588716,0.11791060148569064,-0.2532819889814372,-0.09446626477381412,0.27542505097341313,-0.15466241678425835,0.34339161824050185,0.09537769015822228,0.5574454710759956,0.08319260140207138,0.08227463602540186,0.636133041033147,0.04500455516358931,0.3353069398943062,-0.06780999230069834,-0.038121151967010006,-0.01758549230755658,0.4429101129731818,0.18897561214389924,0.09189211653682285,0.14273162103563347,0.4708471759981184,0.023258059003660184,0.25759533111615907,0.22006299987834288,0.30547374784985754,0.6953795095184713,0.2641634812856658,0.1601584912966689,0.4601568931984873,0.5884598958914222,0.3153407509321952,0.05594592372291829,0.18827562358016628,0.2744113787362974,-0.037159313790533374,-0.27157690432348774,0.3484317081549508,0.26632570011683593,-0.11883044930782999,0.13808049951244725,0.12063258186911485,0.20785632155462508,0.19479538620597048,0.0564950399051231,0.07388280703624317,-0.07561881762168701,0.04878534214964164,-0.161438896860193
Vermis_10,-0.07861725400676434,0.3270838999615028,0.45065285969157454,0.07057841006797443,0.29389060788652993,1.0,0.18437287415850676,0.28617454949066495,-0.018069934009998654,0.3213023476805814,-0.13801867446733168,0.37104628762986247,-0.08402059111061333,0.46617677602139046,0.5072487295386874,0.00010820418306153186,-0.053988692969922356,-0.05770089317680172,0.009615777441161969,-0.3801271510650505,0.4516880072729962,0.17733129045773574,0.017546880902684952,0.3787604603600054,-0.2991790812299345,0.7402350570436622,-0.23299710536217505,0.6790897485967244,0.4847772419261329,0.22636135667542456,0.5472489716158944,0.3089881023192946,0.675992663240986,0.2577711811668458,0.3402482021983634,0.6015539145282887,0.5070073718282023,-0.14024988068582833,-0.1449978245267934,0.2086563844110687,0.38559025402566643,0.14146082043544997,0.2723975120722299,0.2963784207379823,0.21396344538463463,0.027835510365432588,-0.05735441806407504,0.17272626342085176,0.3747476592887021,-0.412947661415475,-0.2352967573025218,0.20215347696809668,0.03901939250551966,0.10864337382185706,0.16481551851093365,0.39538159273192,0.17849590422585337,-0.05387964508565112,-0.05215063141016743,0.2443363603201608,0.050133742527582105,0.017714935283265332,0.1483308495826711,-0.12625172017585395,-0.032912849479519175,0.2665542262206592,-0.2091867275693361,0.5678247214186957,-0.43872414029626366,0.11861049700224337,-0.0802950324224856,0.3119243144491294,0.1764275033092557,-0.15107975706715648,0.1867832865658356,0.40397908081597256,0.10330367613565294,0.22432389466327668,0.5986363557016376,-0.02857391156881811,0.12262150109338918,-0.144150127559478,0.240353795765161,0.22203837586012723,0.3922098215637772,-0.15915939243305377,0.3691731913255222,0.5366194500779208,0.20207190671453035,0.36548958562719747,0.11382354343291302,-0.0008318604651827886,0.5514409647297374,0.1447359334152721,0.39033242352701947,0.07763718177975941,0.6404066993410199,0.029973797605569966,-0.17268628547436934,0.4906231745576999,0.3755561952033455,0.18522193689517882,0.4465003925623268,0.40253945575796857,0.2954566348753524,-0.05604381012778535,0.42158415971176827,0.020565134330976356,0.49271372776549943,-0.12114379583415824,0.6227811913512733,0.009900568843135017,0.10511964959871754,0.006227178123075817,-0.2551331390962243,0.06144204720024484,0.029030899214583693,-0.03066907592668315,0.391760419656899,0.07402906599991936,0.2510556865301166,0.36345119281577365,0.07060461391808118,-0.013840053334789592,0.4430628259290673,0.09218150556624456,0.027477436171193977,0.34031126025150615,-0.25330852779051494,-0.00046406485174124555,0.09220152227935584,-0.11420857716881438,0.049032409172784605,0.27921058846731117,0.3852068387173142,-0.002544837405125491,-0.16432804304392631,0.204098953527833,-0.16952610101715235,0.610484998889973,0.14485498899886984,0.2337467964017646,0.19367817278614133,-0.045357757207222016,-0.1429082647290612
Thal_AV_R,0.8302966820336295,0.41755568810342114,0.3036638031032413,0.03952463332068849,0.049635173880958894,0.18437287415850676,1.0,-0.6054959798372278,0.8445796032639757,-0.13112194103733082,0.5493005569358265,-0.5176495800063373,0.7511132959172956,0.241528276456195,-0.23521538496577896,-0.8245329212616819,0.45654742956799055,-0.7709784545799202,0.7001028407332804,-0.13164670810679346,0.5150436443758871,0.6652516407072986,0.7150381808630513,-0.47938976893811563,0.044030720367280514,0.16191128653225,0.6095888539608035,0.5263131332237039,0.47311000728138414,0.2935374001257581,-0.04419807223009945,-0.6812152185143483,-0.11348785816716732,-0.6450419387736551,0.4539151105877083,-0.39065106696542146,0.49412883299063354,0.2295459013504157,0.5451535163126112,0.32113362561937925,0.5059053354890223,-0.8016635093414588,-0.6165075399459635,-0.6444972143149748,0.03694840168539393,0.32587090986569783,0.5589117442804427,-0.5723446516896322,0.33347787123603967,0.05864547306312952,0.2973392963647724,0.14481422522187534,-0.6977498345960174,0.829555872039147,0.641176135178474,0.47558027817983006,-0.38841551422965026,0.7823448039517416,0.36121605463324347,-0.6815094023672856,-0.747972891674607,0.48025125445353356,-0.761247317436369,0.8039078970145984,-0.8150373707099644,0.5974158139857231,-0.6203465630736757,0.508556201795424,0.13292579941176944,0.6396927924244453,0.8575699743132643,0.5203162710151508,-0.789905998630815,-0.4675026872375229,0.7343818397514551,-0.0036544128501536494,0.06813037058021235,0.01953190160217432,0.2114521465212615,0.8176223424608215,0.6852366396773473,0.8327286444436346,0.7346836608997117,-0.7793462910328226,-0.5591915665142136,0.8035663620489649,0.5167495703935966,-0.20556779256416718,0.04780097681150462,0.17722362756590448,0.6990759366590698,-0.6905039545732468,-0.2275504675154291,0.08596917016269948,0.5842315896807566,0.7255883668349944,0.19499227104273395,-0.828924128132869,0.5697240555661398,0.3552407163419829,-0.5589530711425967,0.6860784743825793,0.5864056542771661,0.3315088336355733,-0.08182357698493926,0.5974356171674414,-0.47813728844316017,-0.35736328601034195,0.6738183423742777,-0.686550825909562,-0.22658304208724184,-0.781216339174683,0.6103342289131503,0.45858358052673287,0.12666338334542124,0.3992471830712755,-0.7422794239369941,-0.7246320621056461,-0.13888456060251367,-0.028353887988976267,0.5721621530443247,0.7588123463816256,-0.4384860075109225,-0.7513910964239925,-0.16112456869346667,0.30299381248193585,-0.2272149506443969,0.6478131909422272,-0.7759511229423826,-0.5624285876341835,0.7576443901009982,-0.8401325542940459,0.0866058387065815,0.5118404723946973,0.7602430853836334,0.7492564665368765,0.4679537266099683,0.11799639620358668,-0.6634516220012601,0.2922651977177919,0.8205634707411842,0.9119157247342934,-0.7426679201940837,0.8804899272625037,0.41734641357168134
Cerebellum_7b_R,-0.7088703042006558,-0.1103664354005525,0.019110479243811623,-0.23836172185995552,-0.19035013492686115,0.28617454949066495,-0.6054959798372278,1.0,-0.5143101722825549,0.43703638615358176,-0.4672217311580401,0.6914819279734399,-0.44431648051196615,0.12768329158364455,0.6189467177827311,0.6130418005441078,-0.4986484015721892,0.5745014071963165,-0.5904288885144968,-0.19553242756601186,-0.050702204622178504,-0.5664515732839852,-0.615276563061045,0.8045032162329455,-0.2961406571564898,0.28549791655518447,-0.5086482903771927,-0.10873086675192489,-0.13638849787897683,-0.14708395152999595,0.32413793983360667,0.6057474278724366,0.6076708283047932,0.5153484925743829,-0.2247936144354989,0.6337562979929021,-0.2519995816762627,-0.41215988644504997,-0.4745528036077892,-0.4602222841684695,-0.09320275333082051,0.6537175027538135,0.49434609312153077,0.6196697305170459,-0.03681485629508291,-0.4410001337745536,-0.43547095077687525,0.3492612144716512,-0.24919971796661047,-0.38081165394351707,-0.40999001825831966,0.12542924338022587,0.4648965572786449,-0.6828247224855188,-0.5447992262038963,-0.11835047353498879,0.5981430603932059,-0.6873803433621393,-0.48877061806704997,0.579194306406771,0.5201722225012754,-0.4905879507124108,0.5796687974921663,-0.6702587124763564,0.5894001825441959,-0.4946218110708712,0.2863058123566303,-0.23440512251069623,-0.5394306790018399,-0.4850898734356032,-0.6868548969715632,-0.23237964875228215,0.7408376050910201,0.24613342106018754,-0.6172584914593223,0.06717466056261721,-0.1901497343595721,-0.034587954169891126,0.1564636713856968,-0.6222125448241801,-0.5205655141412442,-0.6601256022429833,-0.567252838508481,0.7678892563988243,0.7244352479116323,-0.6429407380533702,0.12997474414468943,0.706859361577229,-0.17008253658803174,-0.018612693193458797,-0.6633402854458109,0.5143425199975292,0.5731616105335641,0.009181232126443001,-0.2802118475277004,-0.5984319483673509,0.25050352377778556,0.6044070563131377,-0.3720033730595279,0.15839015383209398,0.45856813978902655,-0.29200904850461323,-0.25553589169552504,-0.06875604537629665,0.13554210578716822,-0.682575588444502,0.6949894245434456,0.2057219750749469,-0.18636303148290717,0.3893712328644632,0.7368020109226283,0.5880790189162273,-0.4240156114824923,-0.5696339248284885,-0.36423697969843716,-0.37648286826674354,0.5953117125697612,0.2968538833556321,0.33945094954352656,-0.0807823608309496,-0.38969319490317006,-0.3991622802766415,0.19296173918736825,0.4815739490490862,0.32819503680138,-0.12584475306356113,0.11175179853336044,-0.31160329915165635,0.4137142346480176,0.2884139787191629,-0.6566779920156304,0.5439103481630483,-0.04453110870057319,-0.34280652677667106,-0.4542926449032666,-0.34911691634922243,-0.550123340171451,-0.04934150319058333,0.46306163250419935,0.01833402097333049,-0.5777624192207365,-0.5499610379378022,0.7112654344101218,-0.6347653016896752,-0.20544178922531145
Frontal_Med_Orb_R,0.839168551188265,0.12506186962898203,0.12936050777671135,0.0035127412103991298,-0.10007676675444642,-0.018069934009998654,0.8445796032639757,-0.5143101722825549,1.0,-0.2447007604768652,0.47284294082830913,-0.5021522893567578,0.8315008695348817,0.08178783999655545,-0.32627925119276535,-0.6402780089666551,0.33647210510031994,-0.5564067113255643,0.5653068131274637,-0.07673047965236023,0.3381042385381673,0.44256104153552606,0.603030997739518,-0.4236598894877911,0.023037007726384506,0.07141528926048564,0.7021761432262493,0.2478894795106046,0.3530996947643079,0.15821453480440936,-0.13930429757520166,-0.6490855576738681,-0.17193903496389526,-0.6028693260860797,0.3533121940338083,-0.43027016638241966,0.21847448249598567,0.12136960758612571,0.5321958103856179,0.17886575256197015,0.266674991341341,-0.710032787243688,-0.5564783268531496,-0.5863150608445326,0.016241794436276883,0.24434280096216127,0.46341485110661296,-0.5320811796494223,0.20561001354496572,0.13755281322094953,0.3183670771719338,-0.06808215138387326,-0.573164831834116,0.6956565325198799,0.4929866506024167,0.3175371546077036,-0.2733559175642792,0.7218649276846831,0.2665402095644544,-0.6193555784093965,-0.6889525264993149,0.34300028925944487,-0.6288991536080405,0.8129471504282154,-0.6540466370551234,0.39708828617779374,-0.6941486993096448,0.2719021478261354,0.22019529026029688,0.6351913505282523,0.870497860733577,0.2307975968364312,-0.6583263882860529,-0.5898074395117553,0.5655546065114527,-0.12811821862978817,-0.08415742702009023,-0.0407803069655498,0.023135173874766338,0.8517064948813674,0.5154290071216974,0.8811714197473014,0.5757039095634066,-0.7212756351476988,-0.5676252372054384,0.8918612556938625,0.5919968580048093,-0.2996180559588121,-0.023010743924340313,-0.13656148245085492,0.6049610338681355,-0.6221379271212283,-0.21157022842170753,0.01510825892658492,0.2968372757414637,0.6474718330742852,-0.020869820196016596,-0.6381109223148104,0.7008532357692643,0.1275861345684031,-0.5910842653814621,0.5578423870585311,0.37041563312298287,0.11662820874413052,-0.07701893395930111,0.43823873383199197,-0.4584443404886862,-0.25215886563509265,0.4802212869047619,-0.585269692411923,-0.3261642400998557,-0.7162098428063212,0.38509520606813247,0.36518903792819646,0.0777978646698333,0.13058549373660921,-0.5708280954286268,-0.7490819275168261,-0.3078110243001058,-0.21129842327042533,0.3948669303021721,0.6576901734338276,-0.4171798368659185,-0.5860516374031487,-0.28819092533675644,0.46742736835647125,-0.1829325231467644,0.5364093267897339,-0.5690196985639336,-0.6024862127466387,0.6028893579579377,-0.6421939086426897,-0.043306672799167244,0.32567311529423687,0.546539579094452,0.8332294073279718,0.4127807094332894,0.022720927562584394,-0.44699522765911975,0.0379895159017592,0.7266212867663056,0.7594474447222933,-0.6699883571967584,0.9323598822261985,0.552780689353437
Occipital_Inf_L,-0.40484316504491974,0.18631359284672522,-0.05871064909540646,-0.07124699369520902,-0.2922434914253546,0.3213023476805814,-0.13112194103733082,0.43703638615358176,-0.2447007604768652,1.0,-0.30085969172319005,0.34886560656463805,-0.19893796971670613,0.04959775045317288,0.3527645555441188,0.09748088075807004,-0.38610132692035093,-0.010791374801592644,-0.37374532809276395,-0.3994401633371028,-0.0033787273808652614,-0.3777977399853639,-0.3133283286823703,0.5232685393883727,-0.348122945164015,0.25989366327774754,-0.4563659539391176,0.1988412575537994,0.06392050343833797,-0.11756882666929468,0.4257511193457047,0.2801078479156481,0.4434052219733377,0.10454374703771097,-0.11414216928461718,0.29991928267056134,-0.08348922079586604,-0.34243874751533454,-0.3746505706260477,-0.4810200626409593,0.09557213184798666,0.2348322218515707,-0.03785362843204681,0.11865439351951755,-0.12472981043285741,-0.21428300499300365,-0.20307919503869698,-0.2299594621180164,0.05622111170256915,-0.7115957169108765,-0.6139767229965004,0.100654812150803,-0.14509647648837895,-0.34395123179071146,-0.17071217886655402,0.004468555967874472,0.3839581124483264,-0.34461990527999503,-0.5687181028581685,0.33919641236681164,-0.038428376651317514,-0.4540330338707872,0.17951759889742253,-0.3521424254622646,-0.02274384160527805,-0.3070304906755059,-0.06436811879997359,-0.046462897712062336,-0.57266320828651,-0.4560335064407536,-0.26626158460686594,0.17232914213205994,0.2401988106912377,0.06865400940850545,-0.23715282399550666,-0.012224396252056006,-0.3981311325959882,-0.232136350917774,0.12915014840252154,-0.45644516516015404,-0.30525993212026536,-0.3697111279925915,-0.20952678491780805,0.35128142755852015,0.4028478284611788,-0.403782583870778,0.17258591843287194,0.41374794194108866,-0.13780625389241224,0.07720854222727269,-0.37416285480836403,0.20762765254785764,0.29343599659569686,0.05757455229215871,0.01432451629976888,-0.3028434688458408,0.16301883848080118,0.10001756309348904,-0.25110755063717755,0.3151829019690623,0.36403696342761044,0.041486669208796595,-0.05129142207587035,0.24755356424899994,-0.08127352134171838,-0.4709974477289942,0.4069623975589929,-0.26695978907968515,0.12362726172050173,-0.13541514394903426,0.634164436494211,0.18926574007900882,-0.06387006731865937,-0.48640009299407966,-0.48878966347632674,-0.09111369835635881,0.06958309792006215,-0.07398307056699611,0.18137470775562564,-0.18495590475992615,-0.22430349721806384,-0.04499128379332334,-0.27225727356508134,0.050260869973890926,0.35482322642159997,-0.31187727188180636,-0.22569473887122257,-0.009550413254652683,-0.14184517968226104,0.2288801099455764,-0.30834367823204906,0.02486635970115242,0.19490721015379503,-0.20112855754784342,-0.03636345047483938,-0.167358713128208,-0.3966461254277448,-0.12186998047995051,0.004139128490518613,0.19593122680743028,-0.10630091684154196,-0.08531293703661845,0.43296252502030874,-0.3024723647113563,-0.04736179191566076
Amygdala_L,0.6058765160218671,0.6629338334522602,0.5830236908534526,0.2888946366641958,-0.15361678976097873,-0.13801867446733168,0.5493005569358265,-0.4672217311580401,0.47284294082830913,-0.30085969172319005,1.0,-0.168906069632018,0.7415531021205533,0.1386658917881768,0.039458686968662816,-0.6132626442053789,0.8300297193284648,-0.5038042072586397,0.9294214959197226,0.6238707051087236,0.25085782684757135,0.7090369940844641,0.8099883023005215,-0.5210784421405608,0.7588216892770812,-0.15431051147415584,0.844568634314218,0.3974694034024657,0.1555498390086246,0.41317720204779873,-0.015729345092924566,-0.5593361082984831,-0.12214147685529633,-0.34965578745319326,0.5227425463727192,-0.3524271470428287,0.45399525760724807,0.781468913631145,0.9519653859210037,0.41325799794684515,0.596414521201187,-0.46463707905468316,-0.3836478578709124,-0.38684342001191707,0.35032696571050187,0.5578641043921018,0.37918450406587734,-0.2061431546864393,0.3374950247770529,0.5333975667437194,0.788091919475694,0.5670943265954841,-0.46689500511763304,0.728754594116489,0.6511167117926289,0.6251595406457151,-0.6432785881011771,0.8298149412712191,0.6186177196144704,-0.5561707763755492,-0.35490253901062957,0.5252390540751815,-0.6153785036060494,0.786632529752353,-0.5074021772967987,0.4626446307604211,0.06314320653249232,0.3718013019814368,0.4957054003863876,0.5696533918290337,0.5642443313123084,0.5777898112898602,-0.5817542715635762,0.265393079520229,0.6241963087596815,0.17031572942905435,0.39820588418423825,0.2500116015265467,0.30645901367891465,0.6006475566620109,0.9018476743617839,0.6972518990222998,0.17127419207741404,-0.5005437229309049,-0.21213861437296963,0.6006858438117252,0.12286763684737217,-0.07100048798094002,0.03188138009909562,0.5597816150574322,0.6039547437576782,-0.5959488116876288,-0.7050072195934789,0.5000492309108819,0.7084598432399605,0.7272673082110175,0.3952340038681065,-0.6418065156713092,0.7812600849327479,0.46945586783206944,-0.5561628572919148,0.4628016749585369,0.6116073604171649,0.6079055905672054,0.14114768397654517,0.8416035498017044,-0.289063395329834,-0.2955331312060374,0.42062782487648,-0.24822344482539538,-0.3493526462947422,-0.1854040193715848,0.8706876913138296,0.5565894897615404,0.7585184205999873,0.7492287958183258,-0.5690391664626847,-0.28531682206423026,0.3650703566672022,0.5242855792833876,0.8322158076574356,0.5415183101982023,-0.26802044584661056,-0.4650756352148088,0.026188218796031826,0.10432209575926442,0.05707373645309778,0.47991328738478234,-0.2669918093484495,-0.529739624343662,0.7817225382390971,-0.5391909030679534,0.3168074155504319,0.546724130517918,0.5874991737233558,0.7002298803549247,0.819910649251609,0.08939622414138945,-0.4026021254161038,0.3836574341663397,0.5150419870121011,0.6830077075737613,-0.5057692163248001,0.5646156849387124,0.48767125042601134
Calcarine_L,-0.5260466832560031,0.13139668734704918,0.3968079985741558,0.24845284696585043,0.07337343183350603,0.37104628762986247,-0.5176495800063373,0.6914819279734399,-0.5021522893567578,0.34886560656463805,-0.168906069632018,1.0,-0.2860865316200436,0.37356120479182775,0.8692412173416079,0.603036480500894,-0.02546215385733471,0.670458463964394,-0.2631564662168573,0.12559069604445827,0.07900033486892853,-0.2545410400780459,-0.24942144606825783,0.665377753586409,0.09577919052560961,0.433021770593582,-0.24270333375281347,0.2365718775038412,0.2180886462682443,0.2660635124843228,0.40615778217027004,0.6920954868966525,0.8304085652231608,0.8236530875380176,0.1879245518089698,0.7775304519865399,0.14842733138995856,0.037135644320399286,-0.11984859285136414,-0.19520538958717268,-0.052485276113979434,0.7403857459472759,0.7169715233016176,0.8589075674911366,0.49566798318532457,0.04397931906536474,-0.48909519263205764,0.5477035097290224,0.17753597528678253,-0.10502974316719733,-0.05073932213108842,0.19895182341755704,0.4794385586291706,-0.4267965026666474,-0.17473046284949056,0.30535549298588194,0.34856688649376527,-0.4272694307786853,-0.23571412681856155,0.6884142842600767,0.6542452297108937,-0.2718528072924671,0.6833628297205712,-0.45377014585975467,0.646548368692087,-0.3134396843504516,0.4624673577128662,0.11411068214983029,-0.22770140141676834,-0.1560760291161914,-0.5818738065926817,-0.12882403834413797,0.7703878775608329,0.356187603205895,-0.31212740238850767,0.5503821757127096,0.07719643139763657,0.2816978652001747,0.5259657399109493,-0.46832813063051687,-0.16165375385762698,-0.5164651694448069,-0.5492049485300877,0.735546317683339,0.9619136970211805,-0.51228917555549,0.01577522581229064,0.5490772319972669,-0.01267351956051709,0.23842533313695,-0.30576558478097066,0.3246648432175458,0.33206518107195954,0.49989586904505307,-0.05180786830376571,-0.2261545244551537,0.546863117632257,0.6490345589290208,-0.13609002159086836,0.18230075035696677,0.6493560177311554,-0.26355207363294064,0.1888819177618126,0.3720428089829785,0.5747884284006645,-0.3908463702730215,0.9077815099845374,0.2891117500998719,-0.20193305525834282,0.5187737043228137,0.5377912992933634,0.792823836127035,-0.15095532140875062,-0.2501290748860816,0.011392987315031468,-0.11509146256007599,0.627678646290706,0.5298043503512325,0.624499135018359,0.3069037017183347,0.05721626005047559,-0.0916387613366906,0.33349417586789676,0.6920870057379571,0.6425814857652359,-0.019256620454540258,0.33856643238517387,0.016164318568536513,0.5437171277126972,0.2139637340420165,-0.26440792958465564,0.545588032532312,0.08186442307406022,-0.10227942621265472,-0.12793501280463482,-0.2081457131928474,-0.15032925566762703,-0.010490009976969115,0.5700301449311047,0.3494570177872828,-0.46655623336467267,-0.3476487620354326,0.7861735409843477,-0.5486132272386262,-0.08057956938242723
Temporal_Pole_Sup_L,0.8255980521376134,0.3786254157766994,0.39932716912567806,0.1301956384549216,-0.1643724577852641,-0.08402059111061333,0.7511132959172956,-0.44431648051196615,0.8315008695348817,-0.19893796971670613,0.7415531021205533,-0.2860865316200436,1.0,0.18762691888367777,-0.07663795482724932,-0.6463712525307541,0.591988075042593,-0.49415856987699464,0.7595302147610227,0.232255611648174,0.41294961528651153,0.5198909590014136,0.7368501135476211,-0.43600759324223165,0.3469100176305064,0.05077676762805672,0.8732650025452812,0.3794385577962257,0.3628554721947534,0.36530624633667375,-0.08656733956820443,-0.6742817544686772,-0.03494503271756821,-0.5171348022694062,0.5163997188055126,-0.3400483119999904,0.2727789333761314,0.410220047638631,0.7860192514155379,0.18220641507710297,0.40591335723627764,-0.6475606935922441,-0.5343716877502714,-0.5096059696358481,0.1963433277841184,0.41778014089514726,0.4569188200752526,-0.4604181216754425,0.2849651459110974,0.3473543758538593,0.5826203326983819,0.20354629814370892,-0.5578664429522348,0.6930745825760363,0.5482188206477843,0.5346626933634187,-0.3895325853143944,0.8469127622410504,0.3836792990749845,-0.6235209321457077,-0.5642065753838702,0.37258507306066585,-0.6547808875737501,0.8960118073291341,-0.5764935011720461,0.4101791565968531,-0.4359731794080907,0.33743303214880316,0.36451665211693807,0.6649558291029931,0.8150830661553629,0.38894724143470133,-0.6253122926973651,-0.2794521822035019,0.5493257244448506,-0.021359460268646532,0.11959704661684636,0.17085601202997028,0.2200235188667594,0.8323774387583637,0.7240007389021968,0.8816985970966831,0.3618300707547089,-0.6643551674175644,-0.36349560826720845,0.8675939369194187,0.5726220001789927,-0.16806366624973135,0.029597443560401157,0.10357103520242639,0.6535940901902131,-0.6328272771086364,-0.39832313068950603,0.2841390374618617,0.46885970720309544,0.7411156365520085,0.22240077358390856,-0.6655674816260664,0.8800971222349078,0.29721185163741115,-0.6351989416824524,0.4779179816775795,0.5559357331558692,0.38760455646970143,0.0839939094095467,0.5635525922598219,-0.32320209930700644,-0.22537486331007875,0.5001428240784008,-0.42364876216227754,-0.31477939710687397,-0.48726794642599053,0.6322187531765122,0.4104533211706035,0.3906826253442597,0.3765025652155084,-0.5319713874036011,-0.5815105269878924,-0.026364583986802848,0.042339590036580256,0.6369814129601241,0.6759113851099231,-0.3609212927658091,-0.5102824870631842,-0.07844363094425204,0.40283837350952223,-0.03328156866754447,0.571067700305334,-0.4250053328148679,-0.5933549217462316,0.745571842895684,-0.6191000881137056,0.0737016335876983,0.4074347603542062,0.6208368552041952,0.9538852085951883,0.6140643407532784,0.02560485857057775,-0.3305944449137739,0.2254686196978435,0.6881562042896425,0.7954420495285878,-0.585267308407697,0.8523121442611955,0.6788278567943951
