,SN_pr_L,Thal_MDl_L,OFCpost_R,Temporal_Sup_R,OFClat_L,Heschl_R,Cuneus_L,Occipital_Inf_R,Temporal_Inf_R,SN_pr_R,Vermis_8,Thal_AV_L,Thal_LGN_R,Paracentral_Lobule_R,Vermis_9,Amygdala_R,Temporal_Sup_L,ACC_sup_L,Thal_Re_L,Precentral_L,Raphe_D,Frontal_Inf_Orb_2_R,Insula_L,Postcentral_L,Vermis_7,Hippocampus_R,Cerebellum_10_R,Parietal_Sup_L,Precuneus_L,SupraMarginal_R,Vermis_6,Thal_PuL_L,Occipital_Sup_R,ParaHippocampal_L,Supp_Motor_Area_L,Cerebellum_3_L,OFCant_R,Cerebellum_Crus1_R,Thal_AV_R,Amygdala_L,Frontal_Mid_2_R,Frontal_Sup_2_L,Thal_VA_L,Temporal_Inf_L,Vermis_1_2,Rolandic_Oper_R,Occipital_Sup_L,Thal_LP_L,Caudate_L,Parietal_Inf_R,Thal_VPL_L,Vermis_10,Frontal_Sup_Medial_L,VTA_R,Frontal_Med_Orb_R,Pallidum_L,Rectus_L,Cerebellum_6_R,SN_pc_L,Postcentral_R
SN_pr_L,1.0,0.42399835926902957,0.4583444876271361,0.384889814279516,0.2854902802299546,0.4542804956023192,0.2526481502697404,-0.10935473617277555,0.2482786554345876,0.6690593798364562,0.27522527106770844,0.4395920295789608,0.4666480486422703,0.1821738397769603,-0.10844239901325256,0.33927239624663436,0.4684752897056093,0.3747708129092979,-0.1736742634533907,0.27656767638216195,0.054064412648703646,0.2629551756526578,0.2968265892175338,0.2479038134366583,0.0976812531737484,0.28524429879685415,0.2581549241923172,-0.028816977804374592,0.26185679677884327,0.2825377605466343,0.2230105364253181,0.3587201316815326,0.05652101992440437,0.387006505180827,0.3914422709324745,0.3532364439998972,-0.014462877077958982,0.21175818306471944,0.01953190160217432,0.2500116015265467,0.4413967276370473,0.5081525247302411,0.4901206147878809,0.24209723494927604,0.12952493710841695,0.49221912992327543,-0.005099450504536833,0.14799834831482309,0.42025125045707956,0.046622734232709385,0.4094732356621941,0.22432389466327668,0.40415292160260247,0.25830123403836913,-0.0407803069655498,0.3549398127900667,0.24710001724773656,0.23505333660555544,0.5485252087955128,0.19750123470665004
Thal_MDl_L,0.42399835926902957,1.0,0.42152660290815847,0.6182584683248846,0.21442837312086302,0.40917183790531103,-0.09051197765743776,-0.29052618668708163,0.6178018987522009,0.3464666557069464,0.6412552333680982,0.44887649447837136,0.6458152834715208,-0.46990047587228057,-0.02133109400171032,0.5275911621622182,0.5828932361047386,-0.13834518206023055,0.4096077254270628,-0.4349449357160805,-0.1595572055256929,0.4895932927849796,0.6604698219493969,-0.3613327135416016,0.037272624417665295,0.7059759232973336,0.6450428156932639,-0.5345864403662108,-0.1410657793499667,-0.08638484712184118,0.599004682259269,0.5902368588999393,-0.2930005747866163,0.6762637786526956,-0.19052711401553885,0.43519184980186265,-0.3517773590873573,0.5212602582551822,0.5118404723946973,0.546724130517918,0.08675905822726046,-0.01960852737698516,0.5880853731526349,0.6668757228732852,0.5632133237358304,0.13930659155422062,-0.4367847857353562,0.3597930914211004,0.750644293483698,-0.50468741200048,0.7013408272457872,0.27921058846731117,0.21660282499226055,0.445081016296125,0.32567311529423687,0.771138364398901,0.10426933221552075,0.6836746215281826,0.6259838637839379,-0.4665789314570892
OFCpost_R,0.4583444876271361,0.42152660290815847,1.0,0.506293346429763,0.6788680753870499,0.48543516827753197,-0.23239030152448517,-0.5138100341438535,0.5842265876105766,0.5538243573069723,0.5296197022825643,0.7415444146423675,0.5702651802035679,-0.18501770760001604,-0.49779515598958485,0.8405418669887946,0.6585271130515326,0.048706406500134566,0.17207607136056635,-0.028225538001416056,-0.6238355284907067,0.5902612579827705,0.37138792144810656,-0.12324459586022353,0.2036897747633228,0.49619868660650496,0.7276934814940818,-0.295225247298851,-0.1042112642265623,-0.07358283138919046,0.33437824558826024,0.265928353715115,-0.2856222542472227,0.7603585070092478,0.13102333027471957,0.28030953199055586,-0.38948790317798127,0.32905032176080395,0.2973392963647724,0.788091919475694,0.14389617189531154,0.0981991294453978,0.5327775995389243,0.5697416483753223,0.29740990205127665,0.07073101458336048,-0.3359262405643235,0.1962128476597854,0.6162551302080654,-0.3078032834279862,0.6573205425828887,-0.2352967573025218,0.26416693300664795,0.7332277047387281,0.3183670771719338,0.6232733639852298,0.7028413053453225,0.42690024122997183,0.4599336008699421,-0.09768515835568897
Temporal_Sup_R,0.384889814279516,0.6182584683248846,0.506293346429763,1.0,0.1010067460974615,0.7152752335433694,0.22790541407371945,-0.08462584903988087,0.7283578959148562,0.29870417666552135,0.6142086485846004,0.41573823859426356,0.5558487718957212,-0.3087379987958758,0.1673208745722842,0.6699746181948668,0.8517470789915262,-0.13038652219009242,0.44194941126788695,-0.20521636340176486,-0.11260923555714926,0.4861169166637849,0.7984886086936783,-0.18006400823606694,0.08373445309292064,0.746093848090969,0.5117964182446836,-0.43703518103926187,0.09140806061823953,0.04206855971943906,0.7483300984882051,0.6679935102740661,-0.19852527492281227,0.7463767791579455,-0.14954590320199526,0.6821366842732354,-0.4792892254605495,0.5778202626142964,0.47558027817983006,0.6251595406457151,0.0591867859072553,-0.03261365138505451,0.5528859822547292,0.7327138269631284,0.6215445341252863,0.3713302438471654,-0.24352639856291095,0.5630737416556727,0.6963839672233963,-0.37352398519394975,0.6798531858583159,0.39538159273192,0.3046390139743852,0.42492633284563247,0.3175371546077036,0.6909452340285845,0.22527961227481494,0.7406434172363132,0.45503612831310136,-0.2567039339229828
OFClat_L,0.2854902802299546,0.21442837312086302,0.6788680753870499,0.1010067460974615,1.0,0.3134169518500496,-0.3455968240197659,-0.6359623320363746,0.12018434210071904,0.38886762351211773,0.20075764975400495,0.5941530230734047,0.45110926371886473,-0.07798016596691723,-0.7182710118264255,0.5794976373015781,0.4399535523367355,0.19995303371922366,-0.025299678257480893,0.0989736845061369,-0.6288390747759801,0.3843153476200903,0.13072123366112312,0.06588236923478488,0.13815627343566397,0.21124608604150122,0.5195834307135166,-0.0931089802535183,-0.17485905201199037,-0.13378696992311892,-0.05293222396425047,0.09945514423261058,-0.2211856999685264,0.4321752346272974,0.14666220870985489,-0.09470017613416683,-0.2445561860125822,-0.15050315903793868,0.13292579941176944,0.4957054003863876,0.14282361415123468,0.18912099925982906,0.2997245219544876,0.21409074802412223,-0.10333098839310842,0.002240250025503828,-0.26451018813146043,-0.02452525582415025,0.4629157671197322,-0.13632258850961929,0.49342649998486304,-0.43872414029626366,0.29769944019150074,0.49063677782719617,0.22019529026029688,0.400264162055135,0.674548604466005,-0.002435464967373784,0.21491870317706366,-0.007251104810288312
Heschl_R,0.4542804956023192,0.40917183790531103,0.48543516827753197,0.7152752335433694,0.3134169518500496,1.0,0.3888913758603677,-0.035663118279848215,0.4848604655428138,0.21834621772467938,0.4345999037592228,0.6099552746013591,0.3659425961922719,0.07875427566286267,0.02774852178625296,0.5374985019377334,0.7675251356965195,0.28735821543697027,0.0956679261182897,0.21290462163427745,-0.18359570189538624,0.14471186703873834,0.5026802108459315,0.25916076359300283,0.3295672661507712,0.36698438377666964,0.2921437009737886,-0.06602968281556135,0.32990952140055985,0.2516546184654472,0.5048120713654013,0.44991895220121175,0.13533597265701955,0.49837798748666234,0.28801369257090437,0.5074000408821636,-0.2033096723383317,0.3674645763313112,0.08596917016269948,0.5000492309108819,0.3580380384024058,0.25126314353264595,0.6366495127706095,0.4613697131676362,0.18678633436118147,0.5011219733043388,0.04778865923807699,0.11015361641970607,0.5151083572216304,0.023062780026243904,0.48497788107498213,0.1447359334152721,0.32915375019479765,0.27411894952321797,0.01510825892658492,0.43546317239062415,0.46838765064824356,0.4000521451413531,0.1597106097317796,0.14019944711129598
Cuneus_L,0.2526481502697404,-0.09051197765743776,-0.23239030152448517,0.22790541407371945,-0.3455968240197659,0.3888913758603677,1.0,0.7222824090386898,0.002838317252072907,0.0017697294011759684,-0.2093848172597534,-0.011114303719417707,-0.26993152348178145,0.5912560694378105,0.5671289621490327,-0.23302681926056806,0.12147536011039291,0.45493424123206305,-0.27894341976044823,0.49107743935611176,0.41481603194040334,-0.47262531436482436,-0.058896211993294194,0.6646671848347081,0.2090219940618271,-0.2505298541913798,-0.4662987294780967,0.581782720591726,0.836064399407456,0.7215954056074017,0.05983479398140896,0.23714441095763966,0.7528974424736324,-0.2675837127744473,0.4212052490423178,0.22772991583188715,0.3313172870807349,0.12972321615770036,-0.47813728844316017,-0.289063395329834,0.5240813568964838,0.28376470451683145,0.21339874212812054,-0.22655708276577838,-0.16541539058412297,0.563517172558371,0.7677774027747929,0.048354099019282906,-0.22088196455144582,0.6484739052301309,-0.2918430710737248,0.42158415971176827,0.04145084855344826,-0.3640226089913643,-0.4584443404886862,-0.28815204616273243,-0.05008387561528128,-0.10108824403091694,-0.2999833660829482,0.6125518549419514
Occipital_Inf_R,-0.10935473617277555,-0.29052618668708163,-0.5138100341438535,-0.08462584903988087,-0.6359623320363746,-0.035663118279848215,0.7222824090386898,1.0,-0.18345962269644525,-0.30205227320232236,-0.41616632813239884,-0.35627847398673634,-0.5313802086524023,0.49547460402081933,0.7255010054270795,-0.5279635776404226,-0.2827894613376343,0.21230454926805054,-0.22360308354392236,0.3124415494225228,0.536742325171348,-0.5679182056272528,-0.2527281611207298,0.445168603500216,0.06794006613404652,-0.4097814020310121,-0.6766847841444299,0.5850467819419573,0.6285815480239916,0.5545635931178228,-0.12402052565048258,-0.025378107648187147,0.6782663856817368,-0.5494932355255622,0.22237419104110998,0.04081893671945012,0.4137220864463867,0.038643642078017106,-0.47938976893811563,-0.5210784421405608,0.29432964410719625,0.0728642297879191,-0.11483264179847974,-0.4284621095489322,-0.21769662071018825,0.24369286362081308,0.7329767791151419,0.006657749117172974,-0.4911927800804064,0.5910109150095122,-0.5705199473577027,0.3787604603600054,-0.1881922318559807,-0.5024457532779909,-0.4236598894877911,-0.5385845501015005,-0.36151761536768434,-0.22734086255085287,-0.46712565126442007,0.4830180495547279
Temporal_Inf_R,0.2482786554345876,0.6178018987522009,0.5842265876105766,0.7283578959148562,0.12018434210071904,0.4848604655428138,0.002838317252072907,-0.18345962269644525,1.0,0.3992678870762111,0.8279422730454145,0.6323070569685272,0.40734546447557196,-0.4964703777162274,0.06445364138750731,0.7267104986901376,0.655811778239988,-0.15303651476276212,0.4365264963350885,-0.47018764999556606,-0.397266894346298,0.32600058544338506,0.49470242189036934,-0.42254062297555606,0.44326055140614284,0.6618019945335046,0.7428683044449329,-0.49801728905708315,-0.12371778360142759,-0.08359287280169503,0.8567115868154013,0.5307345326870112,-0.19369295550373375,0.7911218076339809,-0.19308630483029618,0.5541822215007772,-0.39920994361015505,0.8643266991227851,0.373528082368958,0.8131849249208596,-0.00849101281000279,-0.31476874642222,0.6886070878961394,0.8726398047813482,0.6695383956307286,-0.047325711723674106,-0.3448552147243497,0.33516710982543874,0.5346277352325065,-0.5094893427578675,0.5888307395614505,0.1794853389481236,-0.13401265222336134,0.5576626976136126,0.16539815779223854,0.683059446588886,0.44668604439006787,0.8860531470832861,0.4233932548519194,-0.4446521617287427
SN_pr_R,0.6690593798364562,0.3464666557069464,0.5538243573069723,0.29870417666552135,0.38886762351211773,0.21834621772467938,0.0017697294011759684,-0.30205227320232236,0.3992678870762111,1.0,0.41068073008312916,0.512536732270528,0.33053412601334864,-0.007013264829712469,-0.267310448081299,0.4430900137396934,0.38847996304806515,0.24642091381841164,0.008580454583918021,0.014096337493317153,-0.1923678943596528,0.25092538020312716,0.09393794088516512,0.03585780076925244,0.2921169568699772,0.29964842053421625,0.5022011605279897,-0.09689247290058832,0.08771674234144722,0.10139772563909276,0.25358599803695203,0.22718475477117958,-0.06754328751216189,0.5071035172493139,0.20620159595492693,0.3940152302465832,-0.14303341631878602,0.23895745879550426,0.06813037058021235,0.39820588418423825,0.3202891213523705,0.18780558218314455,0.5383431487341656,0.3392930573440126,0.3476970600843826,0.16731341715249182,-0.1237834961625409,0.20983311407050192,0.3222251190570076,-0.1006601560884297,0.3743395038801462,0.10330367613565294,0.08024229083833338,0.49203723232268626,-0.08415742702009023,0.442388685438417,0.4416542332399689,0.3187566141799972,0.563437868469341,-0.005574857192343437
Vermis_8,0.27522527106770844,0.6412552333680982,0.5296197022825643,0.6142086485846004,0.20075764975400495,0.4345999037592228,-0.2093848172597534,-0.41616632813239884,0.8279422730454145,0.41068073008312916,1.0,0.5858291825874681,0.4116841657362633,-0.5348005372077204,-0.056959234038420924,0.6582121580504342,0.5810661871574404,-0.11860001642224184,0.40698320739895316,-0.4587833029895843,-0.38097816564007897,0.33737520668622795,0.48217027676286545,-0.4714312412518078,0.4435089962753342,0.6209997463237523,0.7712877103749294,-0.6361460142868863,-0.27001374651032195,-0.274902452823164,0.8647365582410353,0.34612391957540595,-0.36831665807930847,0.7912885958181508,-0.13112675666515486,0.4789686028175721,-0.43050501674891445,0.790817863530127,0.3992471830712755,0.7492287958183258,-0.06687065556656321,-0.20600221654251424,0.6317987897236159,0.9045753428674652,0.6135458424429763,-0.05180516410598382,-0.5328960208423247,0.13268774445782927,0.5511149551525796,-0.6205672923203697,0.5917226701085939,0.06144204720024484,-0.08432615047368767,0.5231447210791166,0.13058549373660921,0.7202642973609691,0.3802979509299348,0.8637915657999283,0.5393729249600131,-0.5509768145592099
Thal_AV_L,0.4395920295789608,0.44887649447837136,0.7415444146423675,0.41573823859426356,0.5941530230734047,0.6099552746013591,-0.011114303719417707,-0.35627847398673634,0.6323070569685272,0.512536732270528,0.5858291825874681,1.0,0.4490721922742685,-0.18799114256231617,-0.4108684004091117,0.753128955296298,0.6676412339874657,0.23984768013383043,0.057930592774580056,-0.024919973688137014,-0.5960884312657988,0.22778645993180188,0.2110089886734763,0.029338232205484812,0.5539459585644521,0.33350396703903207,0.6345771519550566,-0.19838113361905169,-0.018629205094216287,0.03416095516695659,0.4260061408061552,0.3547214241106111,-0.00852563188989919,0.607845148459711,0.20417641029539413,0.21970208415215262,-0.2552185613258683,0.44987517014949985,0.044030720367280514,0.7588216892770812,0.24729741803287988,0.027926983457369412,0.7620285871505903,0.5818225778975264,0.12874097982712365,0.006377667823084458,-0.20814360255751568,-0.07813379265587013,0.5600928021929811,-0.18283184208711972,0.5675231047011922,-0.2991790812299345,0.05498144876233584,0.537146995112355,0.023037007726384506,0.5103278409105781,0.8075590099555459,0.3959439912450666,0.2743145393566365,-0.08322483326393856
Thal_LGN_R,0.4666480486422703,0.6458152834715208,0.5702651802035679,0.5558487718957212,0.45110926371886473,0.3659425961922719,-0.26993152348178145,-0.5313802086524023,0.40734546447557196,0.33053412601334864,0.4116841657362633,0.4490721922742685,1.0,-0.5143791873229073,-0.44623546402622133,0.6747397640222966,0.6617056273355376,-0.2272347509196569,0.34007809834231945,-0.34839071920999853,-0.23694885928472115,0.7825697752491622,0.7551478135814704,-0.35587884455419905,-0.329773622525206,0.8218403391833055,0.6856012495856477,-0.6266564032314551,-0.37374568251050805,-0.2547953626984999,0.35605639140054907,0.6440156260447001,-0.5416708486489239,0.7252532010632682,-0.30305459270280505,0.31731708018602117,-0.5393672341307272,0.12594869173190684,0.6990759366590698,0.6039547437576782,-0.1351614494610415,0.015566970084237103,0.3028009492462637,0.5890048890933788,0.43662088629177487,0.08362008898506224,-0.6264853211830478,0.37228510657951924,0.9028850313100322,-0.5661904176679065,0.9190498064337624,0.11382354343291302,0.4687749305222269,0.5368890259043916,0.6049610338681355,0.7665453415599032,0.15937159760397654,0.5084505426899651,0.6659165027015052,-0.4664339826737832
Paracentral_Lobule_R,0.1821738397769603,-0.46990047587228057,-0.18501770760001604,-0.3087379987958758,-0.07798016596691723,0.07875427566286267,0.5912560694378105,0.49547460402081933,-0.4964703777162274,-0.007013264829712469,-0.5348005372077204,-0.18799114256231617,-0.5143791873229073,1.0,0.23993572668563198,-0.4931424040255615,-0.2815855902662401,0.6416861412401974,-0.5415700044484435,0.8811836704957984,0.3263429835916597,-0.5563132241791848,-0.5130085037280592,0.8626229352882092,0.1271218223854682,-0.6951025607899483,-0.6478311135777335,0.8481551241464048,0.7969476615028238,0.6609379989707798,-0.4819709098427302,-0.38862626424161734,0.7073575308913651,-0.562641034404464,0.793903492914112,-0.1161807832614859,0.5264244666155761,-0.32720506577478736,-0.7422794239369941,-0.5690391664626847,0.6039867910258417,0.6054291945936325,-0.0991999339354653,-0.6578151746610666,-0.5444673224945188,0.5330637642454185,0.8153330663021995,-0.3120634737866938,-0.5771422175744997,0.8863450009463771,-0.6108935091249992,0.029030899214583693,0.10840711377408363,-0.3208302485120286,-0.5708280954286268,-0.5924579691235017,0.021933778207957614,-0.6060655075508083,-0.4109933658134766,0.942445295544706
Vermis_9,-0.10844239901325256,-0.02133109400171032,-0.49779515598958485,0.1673208745722842,-0.7182710118264255,0.02774852178625296,0.5671289621490327,0.7255010054270795,0.06445364138750731,-0.267310448081299,-0.056959234038420924,-0.4108684004091117,-0.44623546402622133,0.23993572668563198,1.0,-0.4104916201387685,-0.1451930400843563,0.050917890617643,0.04336201052556147,0.054914848462205665,0.5714646040115677,-0.4753063551799355,-0.031224486259679246,0.11364502431530144,0.14469356960884225,-0.11679023815606347,-0.46158513844819,0.22523149095740044,0.41213309074043547,0.27125348507074254,0.28936543127280806,0.06728836152892956,0.3939692501870277,-0.25959384402821206,0.06720030310714473,0.3532743713947793,0.3028813512369915,0.3715410887511943,-0.22658304208724184,-0.3493526462947422,0.14259411178179077,-0.020458287383517723,-0.055533178126660525,-0.06966273031518903,0.18405754828568965,0.24131089868641023,0.44309177832479524,0.21827149851682232,-0.36456085342825834,0.2229621699157226,-0.3989981997720636,0.6227811913512733,-0.18850495996775082,-0.34208261225316544,-0.3261642400998557,-0.2529322593716777,-0.4372414612803856,0.1605395266916522,-0.20839084511353315,0.14947740940173507
Amygdala_R,0.33927239624663436,0.5275911621622182,0.8405418669887946,0.6699746181948668,0.5794976373015781,0.5374985019377334,-0.23302681926056806,-0.5279635776404226,0.7267104986901376,0.4430900137396934,0.6582121580504342,0.753128955296298,0.6747397640222966,-0.4931424040255615,-0.4104916201387685,1.0,0.805643618936574,-0.25308584809360957,0.41237916678412456,-0.2949809623245125,-0.6314146755403492,0.6810611015167204,0.5916860699279732,-0.3621359979754555,0.17030085888800678,0.7098406521321236,0.8134513927451895,-0.5594063085123961,-0.31704709696206596,-0.318404027556699,0.570158902301644,0.4506468649896385,-0.4541827845665011,0.8970352308161518,-0.2093956971599933,0.3527343687496092,-0.5948219957376243,0.4488219296894167,0.5451535163126112,0.9519653859210037,-0.14642224562865186,-0.17451030005376292,0.4903788147607227,0.8054413974417683,0.47281801996405903,-0.1507717140842556,-0.5344559489336504,0.2913116684645117,0.787940364418763,-0.572288338575632,0.8136047118446965,-0.1449978245267934,0.2615929529389381,0.6320339533024897,0.5321958103856179,0.7126614966897119,0.6343162756193279,0.6204527260001604,0.4643140407760545,-0.4127761538699704
Temporal_Sup_L,0.4684752897056093,0.5828932361047386,0.6585271130515326,0.8517470789915262,0.4399535523367355,0.7675251356965195,0.12147536011039291,-0.2827894613376343,0.655811778239988,0.38847996304806515,0.5810661871574404,0.6676412339874657,0.6617056273355376,-0.2815855902662401,-0.1451930400843563,0.805643618936574,1.0,0.03962059723571482,0.31191020791000224,-0.06082302322118361,-0.3687751871815153,0.4850565807767004,0.6727762287607585,-0.05448454020041059,0.19879972547357921,0.6820154058524841,0.5816387566384082,-0.3871223510002896,0.0032525259898353656,-0.03564455975408447,0.6342261577759757,0.6788747742622864,-0.20279757699228926,0.7777108062114506,-0.012008713000777405,0.5541953146633884,-0.4904260988641764,0.4510753947054172,0.4152256215565159,0.7515826628382893,0.06437928992145298,0.04441985215859625,0.5801694656773172,0.7285807040337114,0.44690889455712735,0.2734623117806284,-0.2937156047257821,0.4783755882515758,0.7903424694769943,-0.35529455362010587,0.8029687907570201,0.11231224110731028,0.33959472164106386,0.4544921900925488,0.3064675408071677,0.6691950564688944,0.48879001999018895,0.5817857423445295,0.40683870299681785,-0.1917924025708752
ACC_sup_L,0.3747708129092979,-0.13834518206023055,0.048706406500134566,-0.13038652219009242,0.19995303371922366,0.28735821543697027,0.45493424123206305,0.21230454926805054,-0.15303651476276212,0.24642091381841164,-0.11860001642224184,0.23984768013383043,-0.2272347509196569,0.6416861412401974,0.050917890617643,-0.25308584809360957,0.03962059723571482,1.0,-0.6358588113534287,0.6682008052366181,0.06529049782635135,-0.5933521462314907,-0.42059026587802223,0.8053054684800879,0.5190528574140658,-0.44690614102637694,-0.2610628199996296,0.6778098456086156,0.660468317114378,0.7081086820723137,-0.1742713490024136,-0.02302666947904819,0.7066279194913941,-0.29401805770425804,0.8027367816614921,0.012239222200287808,0.5183342138188156,-0.03835300660369712,-0.7246320621056461,-0.28531682206423026,0.7904764722647947,0.5912905131001551,0.36775646780473986,-0.3270137441928245,-0.4740280705009277,0.6273027116546044,0.6283341346547189,-0.2121817385098477,-0.27759323033331024,0.6963805579715824,-0.2552828972599668,-0.03066907592668315,-0.05552539618686061,-0.04937274504045897,-0.7490819275168261,-0.2251624083698584,0.30202868781259584,-0.30765342007606833,-0.19946342887312424,0.7193009563450239
Thal_Re_L,-0.1736742634533907,0.4096077254270628,0.17207607136056635,0.44194941126788695,-0.025299678257480893,0.0956679261182897,-0.27894341976044823,-0.22360308354392236,0.4365264963350885,0.008580454583918021,0.40698320739895316,0.057930592774580056,0.34007809834231945,-0.5415700044484435,0.04336201052556147,0.41237916678412456,0.31191020791000224,-0.6358588113534287,1.0,-0.5242146623170495,-0.16694636408086147,0.48115518289165166,0.5201779440109839,-0.6202092882979013,-0.17139150050726362,0.5835665159122861,0.45126221691419943,-0.6490669991102778,-0.4011732158503285,-0.5073470708175609,0.5199568605433296,0.1757913640882889,-0.5883732087898768,0.561807893103238,-0.4774690923734549,0.35049302726960774,-0.5399839637036368,0.30239629709739774,0.6860784743825793,0.4628016749585369,-0.4581448850226135,-0.3547378183294338,0.10088879555290653,0.5745643433975456,0.6542903486873641,-0.287992896568896,-0.5552373676862556,0.3360963825217898,0.420469773957318,-0.648476092536679,0.43277266971680656,0.18522193689517882,0.12781713965339325,0.309136407456051,0.5578423870585311,0.5186204457354091,-0.06275643281707802,0.5678575270822194,0.3311641967613684,-0.6005054301547827
Precentral_L,0.27656767638216195,-0.4349449357160805,-0.028225538001416056,-0.20521636340176486,0.0989736845061369,0.21290462163427745,0.49107743935611176,0.3124415494225228,-0.47018764999556606,0.014096337493317153,-0.4587833029895843,-0.024919973688137014,-0.34839071920999853,0.8811836704957984,0.054914848462205665,-0.2949809623245125,-0.06082302322118361,0.6682008052366181,-0.5242146623170495,1.0,0.11971112373495717,-0.4036323945804243,-0.4117467876257463,0.8777002977954468,0.1244588064702547,-0.6285385634137253,-0.5742651513989399,0.7025808208683982,0.6610672949216075,0.5402639214725221,-0.42783461604912876,-0.34608941909853314,0.5448764798361274,-0.43399596852127836,0.8532192816507421,-0.16069843698107253,0.4416521760968244,-0.32720491629763093,-0.6634516220012601,-0.4026021254161038,0.5340372431607454,0.7342295128987041,-0.051304245298238856,-0.5287375353979817,-0.5784505837261139,0.5527094144138571,0.6447900035292375,-0.30478420085178926,-0.389855123639235,0.7718281240108366,-0.42577184986982114,-0.16952610101715235,0.2852867344426008,-0.3098404277963239,-0.44699522765911975,-0.5137980189044372,0.1394166626293808,-0.6083140876396275,-0.39129494619542077,0.923890210575213
Raphe_D,0.054064412648703646,-0.1595572055256929,-0.6238355284907067,-0.11260923555714926,-0.6288390747759801,-0.18359570189538624,0.41481603194040334,0.536742325171348,-0.397266894346298,-0.1923678943596528,-0.38097816564007897,-0.5960884312657988,-0.23694885928472115,0.3263429835916597,0.5714646040115677,-0.6314146755403492,-0.3687751871815153,0.06529049782635135,-0.16694636408086147,0.11971112373495717,1.0,-0.3000734441223491,-0.006341156798497315,0.21564557051539815,-0.3314409928238641,-0.15983370841781883,-0.556561851795019,0.2768350241949112,0.3536699841845101,0.28945436399728947,-0.19636634350049384,0.039707142695686135,0.2832658911997055,-0.45765323672203423,0.022654669326149353,0.15019746055225588,0.2622999834073442,-0.21456594641731905,-0.16794862040009784,-0.644984704157475,0.1358628909392475,0.15290921062242133,-0.2790067697277834,-0.42622432345719097,-0.06747306503190968,0.35071955644068337,0.3724659393580427,0.08076671854673781,-0.3273041980724515,0.33035019678499516,-0.360277997391339,0.5892621153815497,0.04814014867164243,-0.4162806141817018,-0.23721852694405818,-0.3002197887226841,-0.6242608186992106,-0.18541930239044277,-0.002581591626505105,0.2072718578858125
Frontal_Inf_Orb_2_R,0.2629551756526578,0.4895932927849796,0.5902612579827705,0.4861169166637849,0.3843153476200903,0.14471186703873834,-0.47262531436482436,-0.5679182056272528,0.32600058544338506,0.25092538020312716,0.33737520668622795,0.22778645993180188,0.7825697752491622,-0.5563132241791848,-0.4753063551799355,0.6810611015167204,0.4850565807767004,-0.5933521462314907,0.48115518289165166,-0.4036323945804243,-0.3000734441223491,1.0,0.7288401706233776,-0.5625781613447628,-0.5043642125316861,0.7417270367686206,0.6364481423654067,-0.7161226459013416,-0.5214787704544448,-0.47412547052598963,0.23518478643137328,0.33010071448868394,-0.7628937705823515,0.6972419805544335,-0.44403728709981427,0.14914660568404886,-0.6646769878345099,0.04366100205503094,0.8176223424608215,0.6006475566620109,-0.3646617040147475,-0.08480874022025435,0.049805072872649556,0.5225050591898476,0.4790357017897931,-0.1563807360336232,-0.7293558850262178,0.3868166971316205,0.7876897870488803,-0.6822442185086893,0.7645948054967286,-0.02857391156881811,0.5159833412020121,0.4721960207386088,0.8517064948813674,0.6704309385316027,0.07343345936045617,0.42845295072399064,0.6141118043233221,-0.5353837250873855
Insula_L,0.2968265892175338,0.6604698219493969,0.37138792144810656,0.7984886086936783,0.13072123366112312,0.5026802108459315,-0.058896211993294194,-0.2527281611207298,0.49470242189036934,0.09393794088516512,0.48217027676286545,0.2110089886734763,0.7551478135814704,-0.5130085037280592,-0.031224486259679246,0.5916860699279732,0.6727762287607585,-0.42059026587802223,0.5201779440109839,-0.4117467876257463,-0.006341156798497315,0.7288401706233776,1.0,-0.4076479709406792,-0.3387632771148593,0.8643025626350251,0.5237894870721584,-0.6478623819396363,-0.23060725652399866,-0.20348979236216574,0.5562735430140485,0.6701120577927382,-0.48685354488010635,0.7115906060424086,-0.41188650230831136,0.4602591000111517,-0.5845946782022573,0.30123646261746434,0.7588123463816256,0.5415183101982023,-0.16186426300929435,-0.07878066740603357,0.2484809290755905,0.6492432686259906,0.5871029515798817,0.20397236310012096,-0.5169631826465642,0.4700263810709984,0.8356119003664968,-0.5687556608088021,0.7932270492219311,0.36345119281577365,0.49731878173666116,0.35244133764716773,0.6576901734338276,0.7335200299452668,-0.036391345891728245,0.6642410215987369,0.5776591535881742,-0.4986443729643257
Postcentral_L,0.2479038134366583,-0.3613327135416016,-0.12324459586022353,-0.18006400823606694,0.06588236923478488,0.25916076359300283,0.6646671848347081,0.445168603500216,-0.42254062297555606,0.03585780076925244,-0.4714312412518078,0.029338232205484812,-0.35587884455419905,0.8626229352882092,0.11364502431530144,-0.3621359979754555,-0.05448454020041059,0.8053054684800879,-0.6202092882979013,0.8777002977954468,0.21564557051539815,-0.5625781613447628,-0.4076479709406792,1.0,0.23674471502633493,-0.6018397351677276,-0.5733369197938346,0.8597566548634119,0.8227004675592112,0.785149921319033,-0.4345977338933295,-0.12436638352367405,0.8016757495533426,-0.5003637629157608,0.7849165104059134,-0.1168318302303577,0.4747551149391117,-0.33176869556618144,-0.7513910964239925,-0.4650756352148088,0.7101272651720505,0.6185199871249967,0.08165787762158744,-0.5821313865729963,-0.6285692811085606,0.618014746182443,0.8210504597147771,-0.26148830655613076,-0.3715870678038665,0.9188363160857491,-0.4248668008773185,-0.013840053334789592,0.12774877798697434,-0.3168475885319886,-0.5860516374031487,-0.49460308158869465,0.1592861199687988,-0.5895159241684651,-0.4209233144761815,0.9321319471103581
Vermis_7,0.0976812531737484,0.037272624417665295,0.2036897747633228,0.08373445309292064,0.13815627343566397,0.3295672661507712,0.2090219940618271,0.06794006613404652,0.44326055140614284,0.2921169568699772,0.4435089962753342,0.5539459585644521,-0.329773622525206,0.1271218223854682,0.14469356960884225,0.17030085888800678,0.19879972547357921,0.5190528574140658,-0.17139150050726362,0.1244588064702547,-0.3314409928238641,-0.5043642125316861,-0.3387632771148593,0.23674471502633493,1.0,-0.19319476018781104,0.15149852246992174,0.22901033671172238,0.25617192297474844,0.2500468976265813,0.38564234258694025,-0.02339639726582528,0.41820317520655326,0.10434805181172961,0.41222134981796454,0.17569868587733053,0.2167759360885824,0.5512556577119745,-0.4675026872375229,0.265393079520229,0.38843756549965164,0.006683290776032031,0.5921648521441736,0.25519432633371864,-0.052330693807162376,0.02833866248235236,0.25580373770322273,-0.2017872663194057,-0.16701799899647124,0.1730244576537762,-0.11338424952354126,-0.15107975706715648,-0.4314914341014279,0.1317963291561697,-0.5898074395117553,0.026253019426394245,0.5860505494872963,0.2132082626017688,-0.14349930604557717,0.16078057798638776
Hippocampus_R,0.28524429879685415,0.7059759232973336,0.49619868660650496,0.746093848090969,0.21124608604150122,0.36698438377666964,-0.2505298541913798,-0.4097814020310121,0.6618019945335046,0.29964842053421625,0.6209997463237523,0.33350396703903207,0.8218403391833055,-0.6951025607899483,-0.11679023815606347,0.7098406521321236,0.6820154058524841,-0.44690614102637694,0.5835665159122861,-0.6285385634137253,-0.15983370841781883,0.7417270367686206,0.8643025626350251,-0.6018397351677276,-0.19319476018781104,1.0,0.7437935825140669,-0.7466645993625527,-0.42631276661458,-0.366243624453483,0.6595008005849535,0.7240301214568385,-0.5945661077696245,0.8612278112149077,-0.536444978712581,0.5789280846416379,-0.626773157550214,0.40323547869826737,0.8436278042782023,0.7064195269051996,-0.2841692785625612,-0.2960981228110193,0.3244137121594395,0.7984318414017182,0.7464296902720396,-0.048858617413212624,-0.6548737166423183,0.6113685634155148,0.8524781500194807,-0.7448209159589186,0.9014928453456741,0.3548003584637272,0.2374964217254297,0.5637704138668532,0.6306763351527681,0.8305770081915705,0.09446525519533604,0.8095316358625114,0.7114093553247712,-0.6899604762247367
Cerebellum_10_R,0.2581549241923172,0.6450428156932639,0.7276934814940818,0.5117964182446836,0.5195834307135166,0.2921437009737886,-0.4662987294780967,-0.6766847841444299,0.7428683044449329,0.5022011605279897,0.7712877103749294,0.6345771519550566,0.6856012495856477,-0.6478311135777335,-0.46158513844819,0.8134513927451895,0.5816387566384082,-0.2610628199996296,0.45126221691419943,-0.5742651513989399,-0.556561851795019,0.6364481423654067,0.5237894870721584,-0.5733369197938346,0.15149852246992174,0.7437935825140669,1.0,-0.6801226660450794,-0.4618121816157548,-0.3687952761185948,0.5925522974981028,0.3999085695458063,-0.550093744705694,0.8839666609142792,-0.3209080764550971,0.32399253060053534,-0.5491335543429705,0.47949465262394586,0.5974356171674414,0.8416035498017044,-0.14769710016303608,-0.2738698700663371,0.5228066149073829,0.8153624327632926,0.5879503401616056,-0.19942794094557484,-0.6818974921297194,0.23684488474739154,0.7145064435671814,-0.702643486668593,0.7771992499660834,-0.05604381012778535,0.05477790565918289,0.7422095697305946,0.43823873383199197,0.838333607778132,0.4820154996933713,0.7415639622782676,0.6278444244153928,-0.6267415941784021
Parietal_Sup_L,-0.028816977804374592,-0.5345864403662108,-0.295225247298851,-0.43703518103926187,-0.0931089802535183,-0.06602968281556135,0.581782720591726,0.5850467819419573,-0.49801728905708315,-0.09689247290058832,-0.6361460142868863,-0.19838113361905169,-0.6266564032314551,0.8481551241464048,0.22523149095740044,-0.5594063085123961,-0.3871223510002896,0.6778098456086156,-0.6490669991102778,0.7025808208683982,0.2768350241949112,-0.7161226459013416,-0.6478623819396363,0.8597566548634119,0.22901033671172238,-0.7466645993625527,-0.6801226660450794,1.0,0.7726749136710839,0.7434213287165135,-0.5914485823962291,-0.2841870251206995,0.8856439236953162,-0.6963677449371465,0.6096128907810475,-0.22959413208129484,0.6046909573681776,-0.3820153165244156,-0.8245329212616819,-0.6132626442053789,0.6054161718975813,0.34517046216296376,-0.11076425335925268,-0.7668507600084913,-0.6746075857859696,0.3513023855981782,0.9433880052609726,-0.2498013229971828,-0.663244683364574,0.9577351178062287,-0.6822639606894967,0.00010820418306153186,-0.1696615449061855,-0.38492314223779733,-0.6402780089666551,-0.6988487698953019,0.06353696724387119,-0.6879122193324215,-0.5677455120260809,0.8852408314554845
Precuneus_L,0.26185679677884327,-0.1410657793499667,-0.1042112642265623,0.09140806061823953,-0.17485905201199037,0.32990952140055985,0.836064399407456,0.6285815480239916,-0.12371778360142759,0.08771674234144722,-0.27001374651032195,-0.018629205094216287,-0.37374568251050805,0.7969476615028238,0.41213309074043547,-0.31704709696206596,0.0032525259898353656,0.660468317114378,-0.4011732158503285,0.6610672949216075,0.3536699841845101,-0.5214787704544448,-0.23060725652399866,0.8227004675592112,0.25617192297474844,-0.42631276661458,-0.4618121816157548,0.7726749136710839,1.0,0.86142487971632,-0.147032856148528,-0.012399608949181908,0.8413261119381987,-0.3464517753052544,0.6655809956031271,0.15595920074491987,0.39219134997969396,-0.01194064693424379,-0.6444972143149748,-0.38684342001191707,0.741830220794763,0.47318416936142105,0.25040682162038613,-0.3973857500401966,-0.30376688272636587,0.6998847235728667,0.8766298502541322,-0.08392696463311874,-0.34731690618782046,0.8276212060189929,-0.4141012322448588,0.2963784207379823,0.056838880524576245,-0.19786613391512375,-0.5863150608445326,-0.31567437519810365,0.08936479871764284,-0.27112674725365904,-0.322477342881747,0.8217302232813749
SupraMarginal_R,0.2825377605466343,-0.08638484712184118,-0.07358283138919046,0.04206855971943906,-0.13378696992311892,0.2516546184654472,0.7215954056074017,0.5545635931178228,-0.08359287280169503,0.10139772563909276,-0.274902452823164,0.03416095516695659,-0.2547953626984999,0.6609379989707798,0.27125348507074254,-0.318404027556699,-0.03564455975408447,0.7081086820723137,-0.5073470708175609,0.5402639214725221,0.28945436399728947,-0.47412547052598963,-0.20348979236216574,0.785149921319033,0.2500468976265813,-0.366243624453483,-0.3687952761185948,0.7434213287165135,0.86142487971632,1.0,-0.21277452172557834,0.11683432299120142,0.8447291233356924,-0.35821730294068854,0.6071591307999086,0.03881758268116896,0.42468787872485736,-0.03034506220762076,-0.6165075399459635,-0.3836478578709124,0.8315864164387026,0.4699494926648761,0.3030339167354196,-0.4202590609899138,-0.36576477314694394,0.6804969154251365,0.8006648279058591,-0.09723786125531604,-0.26319664589189673,0.817940731595934,-0.33303323645067834,0.2723975120722299,0.01972896113109615,-0.14353021317667883,-0.5564783268531496,-0.2503257198357814,0.065449678052417,-0.24892491793515284,-0.2180206417513281,0.755442754021808
Vermis_6,0.2230105364253181,0.599004682259269,0.33437824558826024,0.7483300984882051,-0.05293222396425047,0.5048120713654013,0.05983479398140896,-0.12402052565048258,0.8567115868154013,0.25358599803695203,0.8647365582410353,0.4260061408061552,0.35605639140054907,-0.4819709098427302,0.28936543127280806,0.570158902301644,0.6342261577759757,-0.1742713490024136,0.5199568605433296,-0.42783461604912876,-0.19636634350049384,0.23518478643137328,0.5562735430140485,-0.4345977338933295,0.38564234258694025,0.6595008005849535,0.5925522974981028,-0.5914485823962291,-0.147032856148528,-0.21277452172557834,1.0,0.47814205027724077,-0.27441009702097174,0.7378066422961389,-0.18595430699490728,0.6326295266911772,-0.38325960332594133,0.8704077325923858,0.41755568810342114,0.6629338334522602,-0.10464089076832815,-0.22852023599331675,0.5545327493399181,0.8977577834840015,0.7145099272420148,0.02685280084099341,-0.396979847302193,0.34013186615460733,0.4871849189409276,-0.5779872305453798,0.5340323187938195,0.3270838999615028,-0.06010269820755124,0.363301470671146,0.12506186962898203,0.639557040267844,0.19030515723485797,0.9290178478664803,0.42401171879398214,-0.5067082934294564
Thal_PuL_L,0.3587201316815326,0.5902368588999393,0.265928353715115,0.6679935102740661,0.09945514423261058,0.44991895220121175,0.23714441095763966,-0.025378107648187147,0.5307345326870112,0.22718475477117958,0.34612391957540595,0.3547214241106111,0.6440156260447001,-0.38862626424161734,0.06728836152892956,0.4506468649896385,0.6788747742622864,-0.02302666947904819,0.1757913640882889,-0.34608941909853314,0.039707142695686135,0.33010071448868394,0.6701120577927382,-0.12436638352367405,-0.02339639726582528,0.7240301214568385,0.3999085695458063,-0.2841870251206995,-0.012399608949181908,0.11683432299120142,0.47814205027724077,1.0,-0.03221596809606623,0.5053611974115694,-0.3086001511679235,0.49076293835799234,-0.28540249111856564,0.3453778951947997,0.4141429256666996,0.4238763692288279,0.034995470696206725,-0.1894347260013153,0.37609510378234345,0.5012009937132303,0.3971519891993948,0.24390523838230932,-0.15888694608275208,0.6195343896603718,0.6779985920137354,-0.28158099283658705,0.7084681781504287,0.4439521509052939,0.08922447095897616,0.24864483582222238,0.2370236588750703,0.5169768128107003,0.08170592207715183,0.540084045752261,0.41873407238053667,-0.3042976229992511
Occipital_Sup_R,0.05652101992440437,-0.2930005747866163,-0.2856222542472227,-0.19852527492281227,-0.2211856999685264,0.13533597265701955,0.7528974424736324,0.6782663856817368,-0.19369295550373375,-0.06754328751216189,-0.36831665807930847,-0.00852563188989919,-0.5416708486489239,0.7073575308913651,0.3939692501870277,-0.4541827845665011,-0.20279757699228926,0.7066279194913941,-0.5883732087898768,0.5448764798361274,0.2832658911997055,-0.7628937705823515,-0.48685354488010635,0.8016757495533426,0.41820317520655326,-0.5945661077696245,-0.550093744705694,0.8856439236953162,0.8413261119381987,0.8447291233356924,-0.27441009702097174,-0.03221596809606623,1.0,-0.5625561908431752,0.568408771734957,-0.06612472332271246,0.5576964096715005,-0.036130249123190454,-0.8016635093414588,-0.46463707905468316,0.678222398821424,0.24405458226623108,0.1645522711411167,-0.5176236696809183,-0.5272733020826081,0.41528381498822686,0.9284573929240437,-0.2265782029270049,-0.5132845234225255,0.879421960924398,-0.5624176516039471,0.14146082043544997,-0.26559488003785076,-0.3584304093967038,-0.710032787243688,-0.5433345793020654,0.09275481058448949,-0.4027167015665987,-0.49298575109427656,0.762562614922289
