,Hippocampus_R,Paracentral_Lobule_R,Thal_MDm_R,Cerebellum_Crus2_L,N_Acc_L,Cuneus_R,Vermis_10,Thal_PuL_L,Frontal_Inf_Orb_2_L,Thal_MDl_L,Cerebellum_7b_L,Vermis_3,OFCant_R,OFCpost_R,SN_pr_R,Thal_LP_R,Thal_LP_L,Frontal_Med_Orb_R,ACC_pre_L,Amygdala_R,Occipital_Inf_R,Raphe_M,Olfactory_L,Paracentral_Lobule_L,Temporal_Sup_R,Lingual_R,Heschl_L,Thal_AV_L,OFCmed_L,Olfactory_R,Vermis_6,Cerebellum_6_R,Thal_MDm_L,Temporal_Pole_Mid_R,Vermis_8,Occipital_Mid_L,SN_pc_R,Cerebellum_3_R,Thal_PuI_L,OFCpost_L,Caudate_R,Frontal_Inf_Orb_2_R,ParaHippocampal_L,Thal_IL_L,Thal_PuL_R,Cerebellum_Crus2_R,Cerebellum_10_R,ACC_sup_L,Rectus_R,Temporal_Sup_L,Postcentral_L,N_Acc_R,ACC_sub_L,Frontal_Inf_Oper_L,Cerebellum_8_L,Putamen_L,Pallidum_L,Thal_VA_R,Calcarine_L,Occipital_Sup_R
Hippocampus_R,1.0,-0.6951025607899483,0.7925818291698897,-0.5280567150010667,0.26084076369910536,-0.5061912753216367,0.3548003584637272,0.7240301214568385,0.743619279424759,0.7059759232973336,-0.5253189819561115,-0.1476731855791717,-0.626773157550214,0.49619868660650496,0.29964842053421625,0.5600621845697328,0.6113685634155148,0.6306763351527681,0.658910173257895,0.7098406521321236,-0.4097814020310121,0.18041770908426416,0.8586232598116244,-0.6535834377406736,0.746093848090969,0.10307982438656173,0.9360886479942389,0.33350396703903207,0.6981808711761444,0.8004641058187362,0.6595008005849535,0.8095316358625114,0.5206603922430212,0.394498661783485,0.6209997463237523,-0.5759352176025246,0.14890714395897428,0.3087885349815883,0.03500064331937449,0.621947407359666,0.7834409604740745,0.7417270367686206,0.8612278112149077,0.39750368707232664,0.434710260830127,-0.27360636657847204,0.7437935825140669,-0.44690614102637694,-0.382642533369823,0.6820154058524841,-0.6018397351677276,0.8072945246925646,0.736771964003059,0.20175852624519877,0.7416743757364308,0.7243760590602648,0.8305770081915705,0.8256442125392719,-0.24504249348125193,-0.5945661077696245
Paracentral_Lobule_R,-0.6951025607899483,1.0,-0.517445863925389,0.5330309223347224,0.07820046750907296,0.6548293119027314,0.029030899214583693,-0.38862626424161734,-0.5540409546263704,-0.46990047587228057,0.6501656989847766,0.602876285611193,0.5264244666155761,-0.18501770760001604,-0.007013264829712469,-0.1858075947141903,-0.3120634737866938,-0.5708280954286268,-0.5272348951315057,-0.4931424040255615,0.49547460402081933,0.05976181054664119,-0.6979046059955252,0.8507397513252019,-0.3087379987958758,0.3921801218729373,-0.7320333273158767,-0.18799114256231617,-0.6151376367489966,-0.6902723245774718,-0.4819709098427302,-0.6060655075508083,-0.2798474622238163,-0.17835676761915187,-0.5348005372077204,0.6907989433710411,-0.01245648729727795,0.21532274830657178,0.2002842715195557,-0.40646005008003083,-0.49522481822260805,-0.5563132241791848,-0.562641034404464,-0.1732441873747748,-0.10717779711470664,0.45452063705594975,-0.6478311135777335,0.6416861412401974,0.4170487122033431,-0.2815855902662401,0.8626229352882092,-0.6888222848791714,-0.644386124038788,0.32269695669514725,-0.5676692458424897,-0.22468314701068026,-0.5924579691235017,-0.626444979335984,0.627678646290706,0.7073575308913651
Thal_MDm_R,0.7925818291698897,-0.517445863925389,1.0,-0.5338405479555458,0.3279602549136839,-0.24981996544930288,0.16481551851093365,0.6344631772708034,0.5985771272269765,0.7958852498265089,-0.4753278422466354,-0.11331457993676254,-0.5180742205789016,0.5003944492589774,0.23476277500529957,0.5612532895416538,0.2974600652950677,0.4929866506024167,0.5503869428645674,0.659142999334628,-0.379020100696144,0.07416423412911516,0.7065400009059858,-0.3822394286300404,0.6191174556469256,-0.010923704947791246,0.7366259229020593,0.5360782718675489,0.5478163602477348,0.6864185318689255,0.5457412520325627,0.6477090773006994,0.6974283434716264,0.18933284651579868,0.5899669298386003,-0.4078388916016017,0.09125177184400177,0.1272995763284715,0.016091619601568595,0.5697925023498303,0.7623745966756565,0.5638428505478025,0.7335303510095752,0.5628143226018709,0.25437527384514924,-0.3556210101137546,0.6932913919389709,-0.15245211920166798,-0.19586047769775947,0.6723676785426463,-0.33872849379203807,0.5972099415297115,0.63361266023313,0.3441496004432542,0.5325006774743285,0.7187719524687632,0.7873869454934196,0.9204024065594756,-0.17473046284949056,-0.3553777562214888
Cerebellum_Crus2_L,-0.5280567150010667,0.5330309223347224,-0.5338405479555458,1.0,-0.24916929431767423,0.23860382287348492,0.17849590422585337,-0.30177590202981563,-0.4542740911598921,-0.4981333891064858,0.6257397588215091,0.39012149958152226,0.3728498602964731,-0.5602509006598277,-0.2808999308497352,-0.28377231647189427,-0.11593669800117526,-0.2733559175642792,-0.38123662447186346,-0.5907199423336628,0.5678565488877413,0.0825945708852266,-0.617484016314599,0.2516664513268722,-0.3571524573556908,0.33835277488684024,-0.4898134135221031,-0.5513814811991596,-0.40044689333647054,-0.5594038943515974,-0.4407896966552335,-0.5425088309515025,-0.5865390989960072,0.15310568441868985,-0.632161403087963,0.4884261846171637,0.03406551463975167,0.20215167441569978,-0.02431244183002876,-0.4922535923600215,-0.30531540223696685,-0.4232844751071725,-0.6158204764771722,-0.5838241786401358,-0.05223808597935232,0.5759699669273797,-0.7228507678405395,0.12714978487639342,-0.0071933133806238005,-0.4371556583781692,0.40326313451464835,-0.41995327859963977,-0.4904506806044905,-0.023543171006919442,-0.31604083479755923,-0.28450058242014126,-0.6266075034067539,-0.545875136260558,0.34856688649376527,0.38775601588905195
N_Acc_L,0.26084076369910536,0.07820046750907296,0.3279602549136839,-0.24916929431767423,1.0,-0.024911017516327662,0.20207190671453035,0.23348864186200063,0.2127213288034819,0.36439776141269875,-0.12531450751067003,0.2602491347575047,0.07199242944413808,0.22072774085916774,0.08030120162495424,0.20889054201662338,0.13699856207064998,-0.023010743924340313,0.08136949881769623,0.06356581753243766,-0.14967429236298077,0.20859757658770256,0.2007877492629659,0.04366115802039062,0.21915142474659724,0.11972082255215744,0.1739979704691853,0.07720827147332661,0.06725025113498459,0.06095615140770914,0.11985452836310441,0.19684267803101774,0.1830754908494128,-0.029638208795649764,0.1733569494550628,-0.07006569609518858,-0.2230172127294746,0.3646136724250358,-0.013788797583570938,0.061464622391114304,0.1513502342099503,0.11660201243284796,0.19367431520220005,0.24863592947389174,0.09582761465177048,0.15883362726666464,0.20137140319554386,0.23909941911918017,0.026691990348623115,0.19015075441324894,0.01986274720596755,0.22221584779450282,0.05551548382107966,0.23953819184192976,0.23162834777488805,0.5065367559600638,0.33464293314937593,0.2582452104160498,-0.01267351956051709,-0.019103127302563853
Cuneus_R,-0.5061912753216367,0.6548293119027314,-0.24981996544930288,0.23860382287348492,-0.024911017516327662,1.0,0.009900568843135017,-0.002239879939458387,-0.7162060158818442,-0.21864801079495444,0.5664403839924367,0.5899657867992854,0.4867947044670236,-0.028376322338072097,0.09783742802895164,0.16105703291301557,-0.2205594899477536,-0.7162098428063212,-0.6741034293122129,-0.18061550483944136,0.5159945237643845,0.1460556161938734,-0.5547492098525724,0.7834157884176798,-0.05344403960911722,0.39263515551985545,-0.6443826041629582,0.28769309875022164,-0.7686987873139884,-0.5826349421258414,-0.07498087244767553,-0.26417734646513946,0.16311251802251414,-0.38638856462854937,-0.13644405723315498,0.8672054563167984,-0.06014669668695997,-0.030933979163618147,0.6741309716933935,-0.30406335747407287,-0.2724447322046283,-0.7082981769421771,-0.32038333960595555,0.16226176439722467,0.10520466731187028,0.09141490973922688,-0.35770537405935565,0.777313728417694,0.7246841636618829,0.054954081203547896,0.7918443909971669,-0.7237949863538353,-0.6761641626489843,0.31815232339216065,-0.4947354314181433,-0.16209463217343634,-0.39980359461667386,-0.43570090815267953,0.792823836127035,0.9048959275761536
Vermis_10,0.3548003584637272,0.029030899214583693,0.16481551851093365,0.17849590422585337,0.20207190671453035,0.009900568843135017,1.0,0.4439521509052939,-0.07861725400676434,0.27921058846731117,0.2857020565099354,0.6015539145282887,-0.0008318604651827886,-0.2352967573025218,0.10330367613565294,0.22636135667542456,0.4516880072729962,-0.018069934009998654,-0.15915939243305377,-0.1449978245267934,0.3787604603600054,0.5472489716158944,-0.05387964508565112,-0.25330852779051494,0.39538159273192,0.675992663240986,0.2337467964017646,-0.2991790812299345,-0.0802950324224856,-0.12625172017585395,0.3270838999615028,0.39033242352701947,-0.14024988068582833,0.3691731913255222,0.06144204720024484,0.19367817278614133,0.204098953527833,0.7402350570436622,0.2366740582858034,-0.23299710536217505,0.34031126025150615,-0.02857391156881811,0.12262150109338918,-0.2551331390962243,0.46617677602139046,0.5514409647297374,-0.05604381012778535,-0.03066907592668315,-0.2091867275693361,0.11231224110731028,-0.013840053334789592,0.14485498899886984,-0.144150127559478,0.2954566348753524,0.49271372776549943,0.5678247214186957,0.17733129045773574,0.1867832865658356,0.37104628762986247,0.14146082043544997
Thal_PuL_L,0.7240301214568385,-0.38862626424161734,0.6344631772708034,-0.30177590202981563,0.23348864186200063,-0.002239879939458387,0.4439521509052939,1.0,0.30398317641153555,0.5902368588999393,-0.23508843741641192,0.25027606574842515,-0.28540249111856564,0.265928353715115,0.22718475477117958,0.7896819364238129,0.6195343896603718,0.2370236588750703,0.23888499330595775,0.4506468649896385,-0.025378107648187147,0.226599523001271,0.49062890551634797,-0.3380155245935675,0.6679935102740661,0.327706557707205,0.6144827142327457,0.3547214241106111,0.1868395146934914,0.4486693486901398,0.47814205027724077,0.540084045752261,0.522209718486953,0.2546622072709148,0.34612391957540595,-0.008446464066101828,0.09462181261764599,0.3555912041672744,0.4272420337464567,0.26898270028649257,0.7755322074951454,0.33010071448868394,0.5053611974115694,0.3182962678178623,0.6648855736023936,-0.05741176958851847,0.3999085695458063,-0.02302666947904819,-0.17902620750021334,0.6788747742622864,-0.12436638352367405,0.4006449648116728,0.3065693822637028,0.3978973276836471,0.41249960509234973,0.6549027901467173,0.5169768128107003,0.5942551025027242,0.17509954064052635,-0.03221596809606623
Frontal_Inf_Orb_2_L,0.743619279424759,-0.5540409546263704,0.5985771272269765,-0.4542740911598921,0.2127213288034819,-0.7162060158818442,-0.07861725400676434,0.30398317641153555,1.0,0.4652016870727148,-0.659203892370881,-0.45874629442197407,-0.6661383788706718,0.5563134605752005,0.1940804803596799,0.26535999422900935,0.33925207082287095,0.839168551188265,0.9497710753968676,0.6774501567327489,-0.6766208189533913,-0.12909959153138173,0.8697391782320467,-0.5139198976943157,0.4565938689249515,-0.22571088782193796,0.8195759392419394,0.2352513887726065,0.905942998219519,0.880024812070656,0.2542260022277176,0.4091600111159522,0.37824978450041535,0.43136278684522716,0.3554217935499333,-0.803320359609493,0.1055905853725068,0.08331937348749723,-0.38005518750044887,0.7986455804456482,0.5643245150175341,0.9412945057382761,0.7162166155524865,0.37619174739982164,0.09778675628486264,-0.37695522848281576,0.6415429279996504,-0.5447277631012157,-0.4951481959869618,0.5198535054569126,-0.5458584226611006,0.7960968503814524,0.9280259664148407,0.10968255413425224,0.4598919334799821,0.4442783941128059,0.6749528716008102,0.6704378038173572,-0.5260466832560031,-0.8122969585823904
Thal_MDl_L,0.7059759232973336,-0.46990047587228057,0.7958852498265089,-0.4981333891064858,0.36439776141269875,-0.21864801079495444,0.27921058846731117,0.5902368588999393,0.4652016870727148,1.0,-0.35839014216050374,-0.033458932239187895,-0.3517773590873573,0.42152660290815847,0.3464666557069464,0.4763136361673287,0.3597930914211004,0.32567311529423687,0.38427390083695523,0.5275911621622182,-0.29052618668708163,0.13420702292348394,0.5852533949157261,-0.4104481277115172,0.6182584683248846,0.05344371850420519,0.6493518268352538,0.44887649447837136,0.3540948024085449,0.5445149660469232,0.599004682259269,0.6836746215281826,0.5749749290098318,0.1874907191479091,0.6412552333680982,-0.3746215947653242,0.17891131335156235,0.19401214901206626,0.129341842389574,0.4079132196294056,0.6695744231240964,0.4895932927849796,0.6762637786526956,0.5284904028993723,0.3282743949738842,-0.18029873256987788,0.6450428156932639,-0.13834518206023055,-0.1581879234689281,0.5828932361047386,-0.3613327135416016,0.4450465713787007,0.4943636053897917,0.3446559713220197,0.6032687489786979,0.6824801122842488,0.771138364398901,0.8007572043110713,-0.10227942621265472,-0.2930005747866163
Cerebellum_7b_L,-0.5253189819561115,0.6501656989847766,-0.4753278422466354,0.6257397588215091,-0.12531450751067003,0.5664403839924367,0.2857020565099354,-0.23508843741641192,-0.659203892370881,-0.35839014216050374,1.0,0.5949192169923636,0.4304444440094828,-0.4095511765434076,-0.03114345042831979,-0.18666561041836569,-0.14543043109060663,-0.5286702312917979,-0.5922441942930028,-0.5100733147461357,0.5962135137353293,0.1958650382518452,-0.6777052918466868,0.4453952152672332,-0.2768572766350516,0.4476608865656754,-0.6150294825443154,-0.299746321876855,-0.6353829833367275,-0.6810570098314891,-0.3126642674189773,-0.40178725496676865,-0.3503272735296812,-0.041724195482551775,-0.41690587152631325,0.7178540687562254,0.15406942232969226,0.22128926790134715,0.25007254185868594,-0.5196899489208804,-0.3174927929779054,-0.6043248398952582,-0.5346012204874664,-0.3695765130286563,0.016706073951300533,0.4927746142534276,-0.6022242718093596,0.3664206191566601,0.30943248201927087,-0.3733829941322371,0.5576653085957631,-0.5336523108732603,-0.658899727286879,0.048801755056445066,-0.29242812337324886,-0.17818594777066646,-0.5143482642309984,-0.5551974891738464,0.5608920948903743,0.6545446508482061
Vermis_3,-0.1476731855791717,0.602876285611193,-0.11331457993676254,0.39012149958152226,0.2602491347575047,0.5899657867992854,0.6015539145282887,0.25027606574842515,-0.45874629442197407,-0.033458932239187895,0.5949192169923636,1.0,0.3698503656477865,-0.18261334494932122,0.05398781202895658,0.3589237323505849,0.30535324478287884,-0.43027016638241966,-0.45701221386043933,-0.2961356784117593,0.6270857479344932,0.4624498158751173,-0.4588505827935637,0.4036252069635513,0.20084659080729425,0.792239844174091,-0.29369838697656925,-0.15283072717890744,-0.5505169925381822,-0.48798947978832147,-0.021890926814647726,-0.11158387589002325,-0.1096739586159096,0.13411453157081843,-0.28120850007168746,0.7111212356025778,0.04547734706086595,0.6713854667807938,0.5545059500440376,-0.3600705717910454,0.0636651524023459,-0.4387410630687168,-0.2379232952847514,-0.12919482263761425,0.5091000287324633,0.5874380319589846,-0.44982266245186037,0.5224923186961146,0.26612875132846775,0.10693262393855546,0.6039385991630128,-0.38925399923629217,-0.5287656587915408,0.47170072295927223,-0.1081027137380168,0.28854929995579826,-0.21184385602727568,-0.26059609434460435,0.7775304519865399,0.6440807231710755
OFCant_R,-0.626773157550214,0.5264244666155761,-0.5180742205789016,0.3728498602964731,0.07199242944413808,0.4867947044670236,-0.0008318604651827886,-0.28540249111856564,-0.6661383788706718,-0.3517773590873573,0.4304444440094828,0.3698503656477865,1.0,-0.38948790317798127,-0.14303341631878602,-0.25914432267924464,-0.3060797393151,-0.6221379271212283,-0.6501431627627117,-0.5948219957376243,0.4137220864463867,-0.0315473806173552,-0.7006797319536271,0.48979591909114334,-0.4792892254605495,0.1446775508412606,-0.6838228524308242,-0.2552185613258683,-0.6445042868581484,-0.709062481344541,-0.38325960332594133,-0.4605857241617908,-0.3410460472921007,-0.293338902880206,-0.43050501674891445,0.5428588936168882,-0.06970407459925788,-0.007978358087999158,0.14509005650287005,-0.6175455425756554,-0.5471674580431427,-0.6646769878345099,-0.6126828440253104,-0.25741539270774366,-0.17392723126215073,0.36234643444966613,-0.5491335543429705,0.5183342138188156,0.2990908724300444,-0.4904260988641764,0.4747551149391117,-0.656476980004398,-0.7015011975690739,-0.042715123094609495,-0.40030984647492357,-0.3311274259370139,-0.5610647014470356,-0.5404096921730965,0.3246648432175458,0.5576964096715005
OFCpost_R,0.49619868660650496,-0.18501770760001604,0.5003944492589774,-0.5602509006598277,0.22072774085916774,-0.028376322338072097,-0.2352967573025218,0.265928353715115,0.5563134605752005,0.42152660290815847,-0.4095511765434076,-0.18261334494932122,-0.38948790317798127,1.0,0.5538243573069723,0.43161882420088954,0.1962128476597854,0.3183670771719338,0.5454809926231298,0.8405418669887946,-0.5138100341438535,-0.19060024669233774,0.6724641116028116,0.12297709321091933,0.506293346429763,-0.10144374551420535,0.40883685743616305,0.7415444146423675,0.4242113787805877,0.632661730899165,0.33437824558826024,0.42690024122997183,0.7525854711859923,-0.024754200298319946,0.5296197022825643,-0.3982547887160786,0.12928047519748337,-0.09405479690030176,0.21347149414042374,0.8195043408816789,0.28628660327290545,0.5902612579827705,0.7603585070092478,0.8483556118452973,0.11061259782656853,-0.5390692105753945,0.7276934814940818,0.048706406500134566,0.21868712757449155,0.6585271130515326,-0.12324459586022353,0.29804684358754835,0.561815060172137,0.32382573344608695,0.1551888174393754,0.32755093036228017,0.6232733639852298,0.4388185211344114,-0.05073932213108842,-0.2856222542472227
SN_pr_R,0.29964842053421625,-0.007013264829712469,0.23476277500529957,-0.2808999308497352,0.08030120162495424,0.09783742802895164,0.10330367613565294,0.22718475477117958,0.1940804803596799,0.3464666557069464,-0.03114345042831979,0.05398781202895658,-0.14303341631878602,0.5538243573069723,1.0,0.32861880702094126,0.20983311407050192,-0.08415742702009023,0.14704756734471397,0.4430900137396934,-0.30205227320232236,-0.02740444175534771,0.31609250924179316,0.10950661495615466,0.29870417666552135,0.004288471113811963,0.13988139262835111,0.512536732270528,0.046146965330019905,0.2500400127267977,0.25358599803695203,0.3187566141799972,0.5490448184416025,-0.16631629838918538,0.41068073008312916,-0.1705570723220077,0.6387108445111078,0.05224470002241774,0.31986474906855517,0.28203537472951373,0.1541002764231515,0.25092538020312716,0.5071035172493139,0.627536278226024,0.1908207912435275,-0.31346840745301735,0.5022011605279897,0.24642091381841164,0.22619663898825476,0.38847996304806515,0.03585780076925244,0.10097055388748943,0.13620206084684316,0.3091393957742309,0.08073845892819766,0.27527725924272667,0.442388685438417,0.2822511848916711,0.07719643139763657,-0.06754328751216189
Thal_LP_R,0.5600621845697328,-0.1858075947141903,0.5612532895416538,-0.28377231647189427,0.20889054201662338,0.16105703291301557,0.22636135667542456,0.7896819364238129,0.26535999422900935,0.4763136361673287,-0.18666561041836569,0.3589237323505849,-0.25914432267924464,0.43161882420088954,0.32861880702094126,1.0,0.7213433852876593,0.15821453480440936,0.2524642193113948,0.48125019088675114,-0.06143724302692851,0.09527111377907074,0.3952445025219849,-0.063451648953645,0.6210260671764125,0.3006852412398831,0.41277844569858263,0.4274251392866293,0.07851459133414956,0.3979492513872226,0.3276900605229438,0.3301207585714976,0.5555717702796811,0.16111046972531837,0.22898139609552035,0.0912800503038915,0.09609090829196447,0.2809254937569122,0.565059265842053,0.36235329189949,0.6772144117326657,0.2826209912594538,0.4563374532935227,0.45904497633055963,0.8187924327164805,-0.14984914172531422,0.32762699731459194,0.21784736270097288,0.04620712123715496,0.7475373703173485,0.10097063296009695,0.20459528525657913,0.24314348340782535,0.4563974793350746,0.10920159316178167,0.5287160666358269,0.4517239313543278,0.43068483157875215,0.2660635124843228,0.050015266735669944
Thal_LP_L,0.6113685634155148,-0.3120634737866938,0.2974600652950677,-0.11593669800117526,0.13699856207064998,-0.2205594899477536,0.4516880072729962,0.6195343896603718,0.33925207082287095,0.3597930914211004,-0.14543043109060663,0.30535324478287884,-0.3060797393151,0.1962128476597854,0.20983311407050192,0.7213433852876593,1.0,0.3381042385381673,0.30496576430228073,0.2913116684645117,0.006657749117172974,0.14931404261201403,0.35101535575248727,-0.40243326885534764,0.5630737416556727,0.3775454688915773,0.5276233989505789,-0.07813379265587013,0.20049392452518322,0.3715471856448043,0.34013186615460733,0.39711634735949836,0.07982257921893879,0.4345858746363369,0.13268774445782927,-0.10265394280099109,0.07309602561107283,0.43344953045226947,0.40963857721471814,0.25399216602412095,0.5432181527782647,0.3868166971316205,0.4090041539347666,0.06131732003812953,0.8646483614527914,0.15784254445182408,0.23684488474739154,-0.2121817385098477,-0.2839219761610102,0.4783755882515758,-0.26148830655613076,0.3366868385237674,0.2847372710141643,0.15145407517231635,0.36904932012144487,0.44060860610509106,0.37507848136566535,0.2729983666398365,0.07900033486892853,-0.2265782029270049
Frontal_Med_Orb_R,0.6306763351527681,-0.5708280954286268,0.4929866506024167,-0.2733559175642792,-0.023010743924340313,-0.7162098428063212,-0.018069934009998654,0.2370236588750703,0.839168551188265,0.32567311529423687,-0.5286702312917979,-0.43027016638241966,-0.6221379271212283,0.3183670771719338,-0.08415742702009023,0.15821453480440936,0.3381042385381673,1.0,0.8918612556938625,0.5321958103856179,-0.4236598894877911,-0.13930429757520166,0.7218649276846831,-0.5690196985639336,0.3175371546077036,-0.17193903496389526,0.7594474447222933,0.023037007726384506,0.870497860733577,0.8129471504282154,0.12506186962898203,0.2968372757414637,0.12136960758612571,0.5919968580048093,0.13058549373660921,-0.6699883571967584,0.022720927562584394,0.07141528926048564,-0.4425455782299016,0.7021761432262493,0.5364093267897339,0.8517064948813674,0.5154290071216974,0.0777978646698333,0.08178783999655545,-0.21157022842170753,0.43823873383199197,-0.7490819275168261,-0.6941486993096448,0.3064675408071677,-0.5860516374031487,0.7266212867663056,0.8811714197473014,-0.07701893395930111,0.4802212869047619,0.2719021478261354,0.44256104153552606,0.5655546065114527,-0.5021522893567578,-0.710032787243688
ACC_pre_L,0.658910173257895,-0.5272348951315057,0.5503869428645674,-0.38123662447186346,0.08136949881769623,-0.6741034293122129,-0.15915939243305377,0.23888499330595775,0.9497710753968676,0.38427390083695523,-0.5922441942930028,-0.45701221386043933,-0.6501431627627117,0.5454809926231298,0.14704756734471397,0.2524642193113948,0.30496576430228073,0.8918612556938625,1.0,0.6855948671861941,-0.629496968294405,-0.19611421688271852,0.8336026882968582,-0.46467281694604207,0.378726969781029,-0.2508142889369305,0.7562459942347721,0.2509167802240748,0.9021422068157309,0.8894564228396324,0.1493631456323705,0.29196882512335215,0.36603528741380176,0.4821691223531889,0.25422830052552814,-0.7550716770277716,0.11842831695194218,0.014826415902578095,-0.388645259137951,0.8380484858617058,0.5498225441701259,0.9252324721503575,0.6450662769441653,0.35956831341220824,0.07467526322221281,-0.40265983510027814,0.5628603368549017,-0.5767919229519647,-0.5099356411857159,0.4835559108975283,-0.5057516025211957,0.7386309682222938,0.9349564235224437,0.051096971843116054,0.37100752372907897,0.32233029269395813,0.5721246674438195,0.6052317923859531,-0.51228917555549,-0.7757624223986846
Amygdala_R,0.7098406521321236,-0.4931424040255615,0.659142999334628,-0.5907199423336628,0.06356581753243766,-0.18061550483944136,-0.1449978245267934,0.4506468649896385,0.6774501567327489,0.5275911621622182,-0.5100733147461357,-0.2961356784117593,-0.5948219957376243,0.8405418669887946,0.4430900137396934,0.48125019088675114,0.2913116684645117,0.5321958103856179,0.6855948671861941,1.0,-0.5279635776404226,-0.006615450878767259,0.8487023265098772,-0.22138590282772608,0.6699746181948668,-0.07151738186912134,0.679533733856471,0.753128955296298,0.6105730962240954,0.8306353575644355,0.570158902301644,0.6204527260001604,0.7805653324308365,0.20844822510665964,0.6582121580504342,-0.48625789009692694,0.13384710176503684,-0.09203472238158192,0.1969496061243894,0.9027068792168164,0.5487577463580122,0.6810611015167204,0.8970352308161518,0.7655808066151242,0.201727206271293,-0.6898986240501128,0.8134513927451895,-0.25308584809360957,0.013489526423678492,0.805643618936574,-0.3621359979754555,0.5335896160832954,0.7472841090321195,0.2615848005723812,0.37398974316749795,0.39509000932845106,0.7126614966897119,0.6135731057558884,-0.11984859285136414,-0.4541827845665011
Occipital_Inf_R,-0.4097814020310121,0.49547460402081933,-0.379020100696144,0.5678565488877413,-0.14967429236298077,0.5159945237643845,0.3787604603600054,-0.025378107648187147,-0.6766208189533913,-0.29052618668708163,0.5962135137353293,0.6270857479344932,0.4137220864463867,-0.5138100341438535,-0.30205227320232236,-0.06143724302692851,0.006657749117172974,-0.4236598894877911,-0.629496968294405,-0.5279635776404226,1.0,0.36361013511060525,-0.6225487159387488,0.2923219109649168,-0.08462584903988087,0.6392691171962946,-0.426254229362793,-0.35627847398673634,-0.6173930554923344,-0.5978633529790478,-0.12402052565048258,-0.22734086255085287,-0.4429743670483804,0.14830908066563248,-0.41616632813239884,0.7422425919417557,-0.11109954334796383,0.3697340960266299,0.32269146260841486,-0.580163164728758,-0.14602715993076146,-0.5679182056272528,-0.5494932355255622,-0.4942204851844768,0.18389689092657244,0.6519875398067727,-0.6766847841444299,0.21230454926805054,0.09999996886490196,-0.2827894613376343,0.445168603500216,-0.42267120767220384,-0.6181691317315322,0.15756310305419263,-0.08527009724875165,-0.11701294211571094,-0.5385845501015005,-0.45170324561363817,0.665377753586409,0.6782663856817368
Raphe_M,0.18041770908426416,0.05976181054664119,0.07416423412911516,0.0825945708852266,0.20859757658770256,0.1460556161938734,0.5472489716158944,0.226599523001271,-0.12909959153138173,0.13420702292348394,0.1958650382518452,0.4624498158751173,-0.0315473806173552,-0.19060024669233774,-0.02740444175534771,0.09527111377907074,0.14931404261201403,-0.13930429757520166,-0.19611421688271852,-0.006615450878767259,0.36361013511060525,1.0,-0.025881949514848786,-0.13075082034128313,0.40804711683366685,0.5617173691633394,0.13489588989282703,-0.04557772527122654,-0.10709257121620588,-0.11519243101608315,0.37885071879727084,0.2929997787934531,-0.03712053854588345,0.25841372072319235,0.12527254599645515,0.23757773315780786,-0.04399323379940513,0.5459306105255413,0.26230075564693073,-0.15578848243430987,0.25053011786870377,-0.1579050273779152,0.09350083343634201,-0.137310083833105,0.29139962348988757,0.22916898425221965,-0.10291254835252361,0.0012774599949610477,0.04221113462987412,0.20703018921910654,0.0682674297577974,0.15211631319773353,-0.15580900200522257,0.3604535904942094,0.2973722583181638,0.35345572616317733,0.13112602802553772,0.02379973302429022,0.40615778217027004,0.14159729650971095
Olfactory_L,0.8586232598116244,-0.6979046059955252,0.7065400009059858,-0.617484016314599,0.2007877492629659,-0.5547492098525724,-0.05387964508565112,0.49062890551634797,0.8697391782320467,0.5852533949157261,-0.6777052918466868,-0.4588505827935637,-0.7006797319536271,0.6724641116028116,0.31609250924179316,0.3952445025219849,0.35101535575248727,0.7218649276846831,0.8336026882968582,0.8487023265098772,-0.6225487159387488,-0.025881949514848786,1.0,-0.53733960052333,0.5962931162485813,-0.2023301399053127,0.8783948964252035,0.5021470940268129,0.8245888319905458,0.9534631894985348,0.5050327754315406,0.6521876188864205,0.6001652432669461,0.2984292765132871,0.6125286005330574,-0.7338913849522195,0.10451965725203627,0.01147985495949317,-0.1560547148592931,0.8198413273713885,0.6382303852661686,0.8697205655380462,0.8604725694122041,0.5539292871207078,0.15116089866820184,-0.5378522737806486,0.8196431652073725,-0.5086706785107767,-0.3502994476291796,0.655642112321802,-0.6195957299696819,0.8338647125462065,0.8786999369819035,0.1044221904069037,0.5741962150421561,0.46806874908886786,0.7727710380872327,0.7581354563251357,-0.4272694307786853,-0.7072214491574661
Paracentral_Lobule_L,-0.6535834377406736,0.8507397513252019,-0.3822394286300404,0.2516664513268722,0.04366115802039062,0.7834157884176798,-0.25330852779051494,-0.3380155245935675,-0.5139198976943157,-0.4104481277115172,0.4453952152672332,0.4036252069635513,0.48979591909114334,0.12297709321091933,0.10950661495615466,-0.063451648953645,-0.40243326885534764,-0.5690196985639336,-0.46467281694604207,-0.22138590282772608,0.2923219109649168,-0.13075082034128313,-0.53733960052333,1.0,-0.30218984887846423,0.15029850127584057,-0.7354383886145125,0.1897695904897511,-0.5868574326289309,-0.5362013536932054,-0.4174850080963694,-0.5320846092371799,0.054240556668076555,-0.41900290709749743,-0.3504057638673879,0.6288306478506998,-0.06259766912655193,-0.1054919296333636,0.32126710998268465,-0.17171809293638512,-0.5266107929093807,-0.524460169454174,-0.39089253291499754,0.17506663518166005,-0.19099650608913057,0.08583108469907307,-0.39183353084553973,0.768636156459335,0.6328574656154778,-0.12412154702333382,0.8499811961459357,-0.7278508109617398,-0.545086548212912,0.27836754406409814,-0.6638006782285352,-0.2953633216755599,-0.48830276218130747,-0.5337277912849792,0.5437171277126972,0.708944078447268
Temporal_Sup_R,0.746093848090969,-0.3087379987958758,0.6191174556469256,-0.3571524573556908,0.21915142474659724,-0.05344403960911722,0.39538159273192,0.6679935102740661,0.4565938689249515,0.6182584683248846,-0.2768572766350516,0.20084659080729425,-0.4792892254605495,0.506293346429763,0.29870417666552135,0.6210260671764125,0.5630737416556727,0.3175371546077036,0.378726969781029,0.6699746181948668,-0.08462584903988087,0.40804711683366685,0.5962931162485813,-0.30218984887846423,1.0,0.503286909371889,0.6853052030748326,0.41573823859426356,0.3475006247059633,0.5314314797772199,0.7483300984882051,0.7406434172363132,0.5182125092213128,0.3871697102723376,0.6142086485846004,-0.1760837421759754,0.06888270191972824,0.4463200162573965,0.40856925364137603,0.526082582318681,0.7681927028027673,0.4861169166637849,0.7463767791579455,0.4520556500892266,0.6055293904192413,-0.15398283698040421,0.5117964182446836,-0.13038652219009242,-0.01441860041558559,0.8517470789915262,-0.18006400823606694,0.4921006649037825,0.4647911698625749,0.6073038726162787,0.550897861958616,0.709480636839859,0.6909452340285845,0.5766841667703647,0.30535549298588194,-0.19852527492281227
Lingual_R,0.10307982438656173,0.3921801218729373,-0.010923704947791246,0.33835277488684024,0.11972082255215744,0.39263515551985545,0.675992663240986,0.327706557707205,-0.22571088782193796,0.05344371850420519,0.4476608865656754,0.792239844174091,0.1446775508412606,-0.10144374551420535,0.004288471113811963,0.3006852412398831,0.3775454688915773,-0.17193903496389526,-0.2508142889369305,-0.07151738186912134,0.6392691171962946,0.5617173691633394,-0.2023301399053127,0.15029850127584057,0.503286909371889,1.0,0.027716013169072466,-0.14564632002596106,-0.2699986146842153,-0.24472020749915466,0.2953122624256121,0.19508095519820937,-0.10090375375179234,0.3927134052333373,-0.057347122351810685,0.518198461563054,-0.005801093379083643,0.7574752300245309,0.46731693421358295,-0.1480783650168546,0.25600028229027433,-0.17577278256535114,0.019475705664306706,-0.15476795959131912,0.5158609132577788,0.5154533464309897,-0.3130994741386433,0.16955510305832802,0.09014701374738408,0.2787303385785498,0.35495987862784617,-0.08084242561654117,-0.26128805810015404,0.5520874001700227,0.2099292731511979,0.40054535003603947,-0.051871059158097164,-0.09546335262080359,0.8304085652231608,0.4006577283316012
Heschl_L,0.9360886479942389,-0.7320333273158767,0.7366259229020593,-0.4898134135221031,0.1739979704691853,-0.6443826041629582,0.2337467964017646,0.6144827142327457,0.8195759392419394,0.6493518268352538,-0.6150294825443154,-0.29369838697656925,-0.6838228524308242,0.40883685743616305,0.13988139262835111,0.41277844569858263,0.5276233989505789,0.7594474447222933,0.7562459942347721,0.679533733856471,-0.426254229362793,0.13489588989282703,0.8783948964252035,-0.7354383886145125,0.6853052030748326,0.027716013169072466,1.0,0.2506599465453776,0.797571366311412,0.8543004466781026,0.6098507970474311,0.737799753220388,0.4140448653818707,0.5119461513111001,0.5529852437215437,-0.6784819404527287,0.08260644797481329,0.261920313232617,-0.14005697970592793,0.6486288727490357,0.7569988309571688,0.8090439300330485,0.8038266073506967,0.3004252207923227,0.32239774538901594,-0.27668416331119,0.6817711113748749,-0.6344369836595996,-0.5196393179649145,0.6212226783674215,-0.6920736933418971,0.856915678249643,0.826843812641085,0.1302647696329456,0.7454439277696924,0.6239708312608006,0.7594649717660564,0.8017600947342365,-0.3476487620354326,-0.7211110103674006
Thal_AV_L,0.33350396703903207,-0.18799114256231617,0.5360782718675489,-0.5513814811991596,0.07720827147332661,0.28769309875022164,-0.2991790812299345,0.3547214241106111,0.2352513887726065,0.44887649447837136,-0.299746321876855,-0.15283072717890744,-0.2552185613258683,0.7415444146423675,0.512536732270528,0.4274251392866293,-0.07813379265587013,0.023037007726384506,0.2509167802240748,0.753128955296298,-0.35627847398673634,-0.04557772527122654,0.5021470940268129,0.1897695904897511,0.41573823859426356,-0.14564632002596106,0.2506599465453776,1.0,0.13463591251471366,0.44636185036325193,0.4260061408061552,0.3959439912450666,0.9417020828575626,-0.23119073007784416,0.5858291825874681,-0.13007547822000984,0.14588531512279834,-0.258146334602284,0.38360123919585587,0.5802560268599939,0.2982585843003156,0.22778645993180188,0.607845148459711,0.9031853688516972,0.0313994448549052,-0.7104076258309996,0.6345771519550566,0.23984768013383043,0.41626212081011615,0.6676412339874657,0.029338232205484812,0.1236831988096996,0.31250198902138515,0.33566955516514374,0.02069610978975684,0.2380034587855332,0.5103278409105781,0.44724568317496766,0.09577919052560961,-0.00852563188989919
OFCmed_L,0.6981808711761444,-0.6151376367489966,0.5478163602477348,-0.40044689333647054,0.06725025113498459,-0.7686987873139884,-0.0802950324224856,0.1868395146934914,0.905942998219519,0.3540948024085449,-0.6353829833367275,-0.5505169925381822,-0.6445042868581484,0.4242113787805877,0.046146965330019905,0.07851459133414956,0.20049392452518322,0.870497860733577,0.9021422068157309,0.6105730962240954,-0.6173930554923344,-0.10709257121620588,0.8245888319905458,-0.5868574326289309,0.3475006247059633,-0.2699986146842153,0.797571366311412,0.13463591251471366,1.0,0.8482218074167893,0.25245061753171033,0.41640372721280156,0.25439374346207555,0.45083102347846626,0.35102751707736823,-0.8122444943694215,0.07749907859170181,0.0042250542982715175,-0.5255512224212617,0.7426922606978704,0.48208368986062616,0.8663584073287057,0.652450301473081,0.2073758400931722,-0.0771150560656984,-0.36706906475796824,0.5833017900019426,-0.6884964156714144,-0.5701217495301935,0.3582082370850932,-0.6525795267271696,0.8128829695007704,0.9038077204495847,-0.0720105585720758,0.5349769191066173,0.33876140568726887,0.5595014114851256,0.6264639502857821,-0.5818738065926817,-0.8334404708235832
Olfactory_R,0.8004641058187362,-0.6902723245774718,0.6864185318689255,-0.5594038943515974,0.06095615140770914,-0.5826349421258414,-0.12625172017585395,0.4486693486901398,0.880024812070656,0.5445149660469232,-0.6810570098314891,-0.48798947978832147,-0.709062481344541,0.632661730899165,0.2500400127267977,0.3979492513872226,0.3715471856448043,0.8129471504282154,0.8894564228396324,0.8306353575644355,-0.5978633529790478,-0.11519243101608315,0.9534631894985348,-0.5362013536932054,0.5314314797772199,-0.24472020749915466,0.8543004466781026,0.44636185036325193,0.8482218074167893,1.0,0.3945720782515203,0.5363440936193886,0.5373703680176222,0.38269441520495334,0.491130434855338,-0.723007555605909,0.13453496657058603,-0.04821340818287016,-0.19169359786351828,0.8423371616547625,0.6471474938367862,0.900769178170105,0.7930132565295668,0.4934595420134271,0.16616062789063082,-0.5260612229573051,0.7471324601946688,-0.5655055641209548,-0.43585025644756076,0.6149240830393589,-0.5998239529916153,0.7837071895198169,0.9275640683138136,0.07020956975499315,0.5044855274540815,0.37055229471625245,0.684976427885037,0.7255632629002753,-0.45377014585975467,-0.716023163761589
Vermis_6,0.6595008005849535,-0.4819709098427302,0.5457412520325627,-0.4407896966552335,0.11985452836310441,-0.07498087244767553,0.3270838999615028,0.47814205027724077,0.2542260022277176,0.599004682259269,-0.3126642674189773,-0.021890926814647726,-0.38325960332594133,0.33437824558826024,0.25358599803695203,0.3276900605229438,0.34013186615460733,0.12506186962898203,0.1493631456323705,0.570158902301644,-0.12402052565048258,0.37885071879727084,0.5050327754315406,-0.4174850080963694,0.7483300984882051,0.2953122624256121,0.6098507970474311,0.4260061408061552,0.25245061753171033,0.3945720782515203,1.0,0.9290178478664803,0.47899204946815377,0.20572083572708447,0.8647365582410353,-0.2653883089265659,0.0345353426819786,0.17594935157574915,0.33934087851326866,0.34119121736597674,0.47132144026564365,0.23518478643137328,0.7378066422961389,0.4333090449999691,0.29811021771528484,-0.3148608665706929,0.5925522974981028,-0.1742713490024136,0.06634461697116453,0.6342261577759757,-0.4345977338933295,0.39044234037365066,0.2971573433712512,0.2800226963299879,0.6894785944661629,0.5307510002948894,0.639557040267844,0.5358791084656815,0.13139668734704918,-0.27441009702097174
Cerebellum_6_R,0.8095316358625114,-0.6060655075508083,0.6477090773006994,-0.5425088309515025,0.19684267803101774,-0.26417734646513946,0.39033242352701947,0.540084045752261,0.4091600111159522,0.6836746215281826,-0.40178725496676865,-0.11158387589002325,-0.4605857241617908,0.42690024122997183,0.3187566141799972,0.3301207585714976,0.39711634735949836,0.2968372757414637,0.29196882512335215,0.6204527260001604,-0.22734086255085287,0.2929997787934531,0.6521876188864205,-0.5320846092371799,0.7406434172363132,0.19508095519820937,0.737799753220388,0.3959439912450666,0.41640372721280156,0.5363440936193886,0.9290178478664803,1.0,0.48918617743984943,0.20950423065417928,0.8637915657999283,-0.43785616138728356,0.10094433702706757,0.21253087714680904,0.205550111111655,0.42427896996429476,0.5344363021377968,0.42845295072399064,0.8223564759327919,0.43571847097364685,0.26646944109285425,-0.279515666465507,0.7415639622782676,-0.30765342007606833,-0.09436049203065966,0.5817857423445295,-0.5895159241684651,0.5619837866741924,0.454714265404201,0.1986778297620045,0.8118912408764233,0.6213837315956239,0.7687224884202907,0.6822518944163679,-0.05180786830376571,-0.4027167015665987
Thal_MDm_L,0.5206603922430212,-0.2798474622238163,0.6974283434716264,-0.5865390989960072,0.1830754908494128,0.16311251802251414,-0.14024988068582833,0.522209718486953,0.37824978450041535,0.5749749290098318,-0.3503272735296812,-0.1096739586159096,-0.3410460472921007,0.7525854711859923,0.5490448184416025,0.5555717702796811,0.07982257921893879,0.12136960758612571,0.36603528741380176,0.7805653324308365,-0.4429743670483804,-0.03712053854588345,0.6001652432669461,0.054240556668076555,0.5182125092213128,-0.10090375375179234,0.4140448653818707,0.9417020828575626,0.25439374346207555,0.5373703680176222,0.47899204946815377,0.48918617743984943,1.0,-0.1560127372513069,0.6331535201986772,-0.21475701522445342,0.22318649789129677,-0.1372481330042206,0.353192677285712,0.6187712702482044,0.4623403547786297,0.34740606269161234,0.7130002373669109,0.9076146443627762,0.15383286637533458,-0.6551467733441804,0.7073850237255359,0.20950108089383038,0.3108489407620432,0.7607433092874126,-0.03709184119681063,0.26462893829545237,0.4066593953625341,0.38339561092323843,0.1319672294924166,0.44357534449674596,0.6472469945761338,0.6105691445157854,0.037135644320399286,-0.1122210759603802
