,SN_pr_L,Thal_MDl_R,OFCpost_R,Temporal_Sup_R,OFClat_L,Heschl_R,Cuneus_L,Occipital_Inf_R,Temporal_Inf_R,Red_N_L,Vermis_8,Thal_AV_L,Thal_MGN_L,Paracentral_Lobule_R,Vermis_9,Amygdala_R,Temporal_Sup_L,ACC_sup_R,Thal_MDm_L,Precentral_L,Raphe_D,Frontal_Inf_Orb_2_R,Insula_L,Postcentral_L,Vermis_7,Hippocampus_R,Cerebellum_10_R,Parietal_Sup_L,Precuneus_L,SupraMarginal_R,Vermis_6,Thal_PuL_R,Occipital_Sup_R,ParaHippocampal_L,Supp_Motor_Area_L,SN_pc_R,Cerebellum_Crus1_R,Thal_AV_R,Amygdala_L,Frontal_Mid_2_R,Frontal_Sup_2_L,Thal_VL_L,Temporal_Inf_L,Vermis_1_2,Rolandic_Oper_R,Occipital_Sup_L,Thal_VA_L,Caudate_L,Parietal_Inf_R,Thal_IL_L,Thal_VPL_R,Frontal_Sup_Medial_L,SN_pc_L,Frontal_Med_Orb_R,Pallidum_L,Rectus_L,Cerebellum_6_R,Thal_IL_R,Postcentral_R,Cerebellum_9_L,Lingual_L,SN_pr_R,Thal_LP_L,LC_L,Rectus_R,Frontal_Inf_Oper_R,Fusiform_L,ACC_sup_L,Olfactory_L,Thal_MGN_R,Frontal_Sup_Medial_R,OFCmed_L,Thal_PuI_R,Temporal_Mid_L,Thal_VA_R
SN_pr_L,1.0,0.25127426447430984,-0.10304548888707343,-0.05268643036184011,0.221546894351804,0.08516785347543977,-0.006000179469479968,0.007234018245725637,-0.042543052926680536,0.0005560754938379709,0.0683326349576771,0.14442311335185948,0.13832536569323606,0.017671238220122384,0.04721275039065949,0.0807603671162988,0.028465128231363622,0.19025307216719095,0.29218632276504364,0.22607529187280564,0.02743316078454645,0.059123470870419,0.3695292372369112,0.17417411956966117,-0.10370138050201924,0.2624744092307649,-0.07672623303470472,-0.03932706602647911,-0.036956516137457505,0.030639508008615417,-0.005363493844560844,-0.09834930844079838,-0.09932130202476296,0.010185878648875255,0.1834254358702008,0.5649516254881102,-0.012133155548617174,0.08809631479220977,0.1999947630531391,0.11309143574742224,0.19454935798865833,0.11728300579918721,-0.06429082230625736,-0.048103364110531704,0.02952648730219515,-0.06997462675909974,0.2119035869560555,0.23595775051881432,-0.05149669292930181,0.11944861428877405,0.0025341218681262843,0.1451069374787342,0.41363672259833817,0.11205453570154494,0.12394848916309016,0.005313609325948699,-0.004568754605424106,0.16225238732894412,0.02291246131481971,0.009641725706519434,-0.00048341976891773354,0.4836384056590764,0.05310297738258852,0.08200649390451474,-0.041062440303743716,0.03327068438123392,0.005319836275498416,0.10555190812822578,0.5576329634358282,-0.06315038845422664,0.10443377005076228,0.025709283196076124,-0.046693349530322864,-0.05612052523980203,0.1397697460282879
Thal_MDl_R,0.25127426447430984,1.0,-0.06808744190050069,0.2507880214032715,-0.04042448213751234,-0.1703874609897412,0.4196153207843217,0.145234161319487,0.1413026151249171,0.2964778836602619,0.21725441869257556,0.3072477965542904,0.6331409807675455,0.3106339901769626,-0.0259842254132137,-0.1700905316933225,0.3141763706259571,0.10500240074610705,0.2561446886628553,0.1368400440991294,-0.29213764140146764,-0.1854468027013414,0.36866243957745043,0.04281275055130991,0.29589698071382164,0.16494758604101808,0.1604500036985551,0.21639579241984747,0.2429745204064108,0.28690462897796654,0.3033257648983578,0.3715305328875181,0.3197315719198699,-0.18542001148448048,-0.029662248831541147,0.3735024747730168,0.2071786866395475,0.38172961087573093,-0.1911054740006616,-0.16203904975768435,-0.1146845078343749,-0.20480090948033808,0.17749937301844113,0.3575712012124074,-0.10721036937044649,0.3326093353001591,-0.0355555979919446,0.08446530430761966,0.20199124204365046,0.1107921304496089,0.6349290351134695,-0.006632289919516803,0.19281123012128235,-0.2717649721455175,-0.18374042417972833,-0.23770435902132214,0.24463491573172644,0.5783628955745932,0.19881613941698092,0.2494954192446367,0.44696216208879924,0.344328190358831,0.2471416979966684,-0.13908213346876697,-0.2138047285067851,-0.08489088898388583,0.22577173523715027,0.0022188940684395447,0.19456678997179327,0.298595765932025,0.05943448512506036,-0.23292295788799422,0.40143577042678813,0.4178881792657108,-0.21171166754882728
OFCpost_R,-0.10304548888707343,-0.06808744190050069,1.0,-0.2789394414933991,0.46891822658224286,0.35624824497017726,-0.2080093118720375,-0.3432126168434422,-0.4258601146589104,-0.36389417645793787,-0.4276367554173654,0.2442839391701145,-0.35083205436804044,-0.1280779030383368,-0.25155294255999583,0.4056209094171868,0.2013635134912425,-0.09591902983515725,0.3157261963424774,-0.03729528061757503,0.38682960238988884,0.5962322318238354,0.2371171224568512,0.22154942675634878,-0.47936145316525525,0.09465294107182404,-0.13263094906612471,0.11386111672252788,0.0871025096197047,-0.02297781432031881,-0.4420332656889298,-0.2920496707830155,-0.18531784027404202,0.7339447921233052,-0.17566191032943643,-0.24719604648227544,-0.4876834945561375,0.2687228684006477,0.6376407883819755,0.22410128973160945,0.050788951691398854,0.44190615153162055,0.23450244643053555,-0.5058503554996774,0.1034350066191932,-0.13335675242416573,0.374189452498378,0.2926040719439456,0.08135584104683694,0.4350720172789474,-0.19601852435680697,0.4038442740964609,-0.1288324561993759,0.5975482757386056,0.41546771817674827,0.7453677808951351,-0.46094790894417975,-0.29413566570496186,0.07504290600100873,-0.4878621207421572,-0.38150826889889855,-0.09174170716414078,0.42102407542482945,0.4480852304826117,0.6903397570656122,-0.06563405310543681,0.11992455845555798,-0.09391847829372083,0.26832931625933953,-0.34988924746376765,0.2562405267887412,0.7260246907246418,-0.3847968089984662,-0.1378473978787976,0.43757805954817774
Temporal_Sup_R,-0.05268643036184011,0.2507880214032715,-0.2789394414933991,1.0,-0.5504911160268083,-0.29640369518673104,0.5344312308325074,0.5542561365443713,0.7877416833284409,0.7053895346008494,0.6087087144998875,-0.13223888525134847,0.56367285504137,0.3466543696606574,0.34127258899150814,-0.20853473555678398,0.1756934412732041,-0.14697036444267528,-0.36353702524675785,-0.14725703519062075,-0.6193535753593002,-0.36646957269161295,0.25435012510812266,-0.4089706765460558,0.6730158311454773,0.2375505778501826,0.3510913819916279,0.13116199367497836,0.1921724700714732,0.46385927054486836,0.7147123914919711,0.5462596560599516,0.49236021436538097,-0.435208493343454,-0.09455798474065093,0.34921054773142224,0.7154253447689435,-0.1912534512854875,-0.44530533507241293,-0.3140917286101379,-0.3442687764752783,-0.6414280998093765,-0.04416436575910718,0.6544936714303059,0.2761825817839303,0.44759017074041635,-0.49155020964122653,-0.37422998234048727,0.19151456304596215,-0.3084021503777158,0.4977258388434386,-0.46007624860755614,0.13606177383490378,-0.6128163358914608,-0.5603040795863133,-0.5069666316205412,0.7468288020906536,0.5546749193363063,0.11219825969373799,0.6589787328288865,0.7096227200642798,0.36221856710408973,-0.15025251015375002,-0.5024429672926446,-0.46014406075167147,0.28689553017689756,0.1675142466690475,-0.05408342864459433,-0.04587074054542298,0.6643111815497564,0.05431953369911315,-0.4633507270250321,0.6790757499418943,0.42668613282341067,-0.543288226022514
OFClat_L,0.221546894351804,-0.04042448213751234,0.46891822658224286,-0.5504911160268083,1.0,0.6116645140471095,-0.5964595211641888,-0.4995915506709212,-0.6264490139525504,-0.7322204860114142,-0.4432944927818775,0.2881443835641228,-0.43273888588020426,-0.2637323996502764,-0.051541193114112184,0.45153961625306827,-0.15449798346718072,0.34301012475097886,0.6346229618655922,0.11309965027876205,0.8195578450150454,0.7667051719856954,0.04334775642955408,0.35720107079782265,-0.7191665901935899,0.22202792998496523,-0.500293125995905,-0.26181731196696373,-0.28845999026716784,-0.31394530534757925,-0.7443080565498901,-0.6982511355919356,-0.646062928658126,0.6330899410519011,0.2059488755064491,-0.261506860629008,-0.668339143331423,0.31191996689599616,0.6392966482324295,0.6134208199218927,0.5025661697917689,0.7846593479304859,-0.03455097993978978,-0.71784567199904,0.17860737435767168,-0.5984909379838982,0.6929751130463256,0.2358626537217134,-0.2841463469333973,0.4437180655860859,-0.5534917167863614,0.3052341851449989,-0.1324051972731214,0.7130489891239751,0.7410145563361845,0.6503655227393972,-0.6950334488078109,-0.3982782438781615,-0.13695905200906627,-0.6261922438796791,-0.6911895368567166,-0.2281521789010475,0.4097407593677928,0.6966026962312325,0.48941197273360315,0.13385180774799926,0.026659313337940246,0.3333336321135027,0.07479756986144633,-0.7307096603669757,0.050474738785183916,0.6513807750416768,-0.7443856342301076,-0.5436835498214666,0.7713634789264345
Heschl_R,0.08516785347543977,-0.1703874609897412,0.35624824497017726,-0.29640369518673104,0.6116645140471095,1.0,-0.6680807982089534,-0.2921038920013679,-0.4215570299689706,-0.657880336162911,-0.21076163000327844,0.19362564282641348,-0.4816143302325735,-0.31177323253847755,0.11259689382758854,0.3565851355264635,-0.08636198088639423,0.29477771960335036,0.5329689872505259,0.12670810163287452,0.5945944142143263,0.7577472324150127,-0.0005295153289531991,0.26416322748064913,-0.5291306771032249,0.2563503111853333,-0.4652297444402945,-0.422890971891359,-0.45736018069419143,-0.33738116220039693,-0.6113899719314148,-0.7277249269785947,-0.7147572679558005,0.3920810517535428,0.26402416355360536,-0.2650542618427174,-0.4723347810582854,0.2215656570779328,0.36720542031004233,0.5748818495552327,0.5124833269817491,0.742401149246275,-0.0563561178523942,-0.6215683141612072,0.5725867980506321,-0.6300204739323556,0.6171453598300671,0.28400889474611846,-0.4423237231977983,0.3362304503217013,-0.6144180948473869,0.20771607231689385,-0.15343252887352146,0.5331995515654384,0.6424346864294828,0.3843809813053568,-0.5135594690407994,-0.3331949828836742,-0.31441888488265946,-0.42382300640386483,-0.5693083654551206,-0.11014959253318689,0.1951873724598993,0.6622080095991044,0.3058000445967598,0.36577862009282225,-0.04293120487145383,0.219088770281189,0.03551625658743325,-0.5567071295882267,-0.13366516622482302,0.41869307644031745,-0.6572676307244929,-0.5402416541870595,0.6948779065938968
Cuneus_L,-0.006000179469479968,0.4196153207843217,-0.2080093118720375,0.5344312308325074,-0.5964595211641888,-0.6680807982089534,1.0,0.34337276284213686,0.4086403428841955,0.7637853660816474,0.27467275080435266,-0.10603618868879006,0.6726705326860453,0.6910029323200245,-0.12490129729946547,-0.2387202564402422,0.3429021291129678,-0.41633616750413177,-0.5491689325056401,-0.033129126774522996,-0.6695505370711076,-0.651910591768664,0.15188668528512395,-0.12499072461094592,0.5899655885965205,-0.22096194153892817,0.631380001683246,0.7318072840172473,0.7770993362504505,0.6407840753723478,0.7302471084648241,0.9073768443949783,0.9278896412441415,-0.30969466263472495,-0.3862083825043145,0.4111381120836229,0.45750268644418784,-0.1235408754032482,-0.3923682371199986,-0.5374300050594225,-0.6666611681177543,-0.8098284185561718,0.2501402309190651,0.7209654250876875,-0.3942144941062132,0.9305126832427698,-0.5542913019704435,-0.05431710679139778,0.6986487507964505,-0.3859837489030433,0.7949400815381465,-0.020541866578853492,0.18844134705649992,-0.513560432655504,-0.6432749992041513,-0.38837274245703307,0.5671042331053104,0.49095809034258703,0.5023152079009643,0.43351432333259793,0.7566553822727239,0.24912482982497536,-0.09970207641842745,-0.7586701234709181,-0.3311254162860963,-0.2889408241289086,0.30653519233976867,-0.43279612852219024,0.1538636077102274,0.6220331478619368,0.2965226512164389,-0.4078560723509573,0.8272474610467982,0.8029758785589911,-0.7976240452093822
Occipital_Inf_R,0.007234018245725637,0.145234161319487,-0.3432126168434422,0.5542561365443713,-0.4995915506709212,-0.2921038920013679,0.34337276284213686,1.0,0.7413144448681634,0.5633365181209916,0.6500546835514612,-0.06897320762723728,0.4647987123161727,-0.008377083494385132,0.42734545277176966,-0.19048409446101,0.23117563111549058,0.024795620293773687,-0.298057943667178,0.15183076178810032,-0.4864182749710123,-0.4025079976050386,0.12706869235526397,-0.2081612125367181,0.738696225537252,0.25296374122567,0.33165320883315036,-0.19101634766915834,-0.12292802807691208,-0.01875685003241026,0.6958107632359277,0.3671730381133648,0.23052799099416887,-0.45827117636731707,0.3116291944570177,0.3130614039923991,0.7914173884701292,-0.08560495045997833,-0.4144304642741204,-0.3782840579995704,-0.012557267780676434,-0.4269525625166584,0.011444257219404987,0.7188830978246796,0.11963887908303548,0.20890617119622817,-0.2889843834931987,-0.2326723084598336,-0.2118406767805429,-0.3307455648923917,0.2840668757254374,-0.4462772693817962,0.21146322366453196,-0.6142998530529306,-0.4153009403344382,-0.5536536866786852,0.7549857720416128,0.5175154418361261,-0.2691166000841109,0.782239929555642,0.6997045154336877,0.29131598625588634,-0.161023628892477,-0.4686534308407098,-0.6040189150226041,0.1401147745995672,0.1776568994677819,0.00779414844290389,0.08224627777005813,0.6137740231700332,-0.3478269463998479,-0.5448334077629963,0.5944623988569638,0.43294003080309745,-0.4373927454446487
Temporal_Inf_R,-0.042543052926680536,0.1413026151249171,-0.4258601146589104,0.7877416833284409,-0.6264490139525504,-0.4215570299689706,0.4086403428841955,0.7413144448681634,1.0,0.7285665485070559,0.7992409002480262,-0.17230613929613403,0.5296959629636145,0.02138371398987114,0.5306082396607527,-0.26049565428841037,0.17001848864677488,-0.05540195077521659,-0.38039850264095165,-0.0104340735923651,-0.6724186724789594,-0.5244617257689839,0.14458205321746295,-0.4441464576999503,0.8628586158567535,0.3974653020518868,0.35718558423839736,-0.1477270799970567,-0.09266946411917802,0.07526376564068832,0.8347713818228275,0.4581506826130844,0.33323979478663407,-0.6032167829300705,0.17944973580911597,0.3594173370880183,0.9586516214361952,-0.1869042107667095,-0.49425358247641704,-0.4899008383575665,-0.1242972721371569,-0.5996908500610197,-0.048302479963428194,0.7610860244554185,0.211009187896187,0.29122301482142937,-0.4483794662543115,-0.3461475502411527,-0.16060951961638792,-0.366653897907748,0.36361007650933697,-0.5213255507305803,0.15160838813561453,-0.739668913176955,-0.5641382204544593,-0.6365925784536296,0.9402942716707312,0.6379953683666802,-0.27442933750375337,0.8798839786386657,0.7958275595381971,0.3768236507104341,-0.25050348441182196,-0.52151082436917,-0.6604998517108843,0.1625501080304512,0.18419356589019661,-0.002986875960347021,-0.009492367830782559,0.8135686420895464,-0.2647491160043426,-0.5980094820765266,0.7234840225810926,0.4562481285890488,-0.5350376694670105
Red_N_L,0.0005560754938379709,0.2964778836602619,-0.36389417645793787,0.7053895346008494,-0.7322204860114142,-0.657880336162911,0.7637853660816474,0.5633365181209916,0.7285665485070559,1.0,0.5625152948086332,-0.1109753046327496,0.6255599046955166,0.46661374353528046,0.19222037045664062,-0.15697119227881598,0.2898164655444703,-0.22784358446542058,-0.5365751039116253,0.06606330505457052,-0.7764864740246671,-0.6786817687083657,0.21929551638028089,-0.26268107304491084,0.7613921289269558,0.05030640406146472,0.6330871157832477,0.35604526802607367,0.3968621617283336,0.48450569367989293,0.8734387018119857,0.7950281819503031,0.7271604222425553,-0.4616310854211661,-0.04723453742165431,0.41725076961987745,0.7433774552450965,-0.188530120445771,-0.37219823133281194,-0.5028270746027776,-0.39613821530238896,-0.8203797350963578,0.12521140023329214,0.8087531627605193,-0.10914559408586517,0.6664627656585279,-0.6002331229601192,-0.2821604813711678,0.3659045767711013,-0.308285684147392,0.710438375836818,-0.3268472524013731,0.29550381911367796,-0.7275859027404703,-0.6633607412198501,-0.5353600601393328,0.7864507604069605,0.5197082742335923,0.25526777297610287,0.7466123524954537,0.8439197722423901,0.4134967204454639,-0.2221084309947025,-0.7251118570559517,-0.4482324281502117,0.04744280924073483,0.16596012887046446,-0.16910669908172885,0.11681414326983564,0.7551714118029373,0.06320506004277643,-0.5653238189978528,0.826369378589911,0.7072997723955825,-0.7767773996422893
Vermis_8,0.0683326349576771,0.21725441869257556,-0.4276367554173654,0.6087087144998875,-0.4432944927818775,-0.21076163000327844,0.27467275080435266,0.6500546835514612,0.7992409002480262,0.5625152948086332,1.0,-0.08455867618937074,0.4344304186311254,0.06155327360330299,0.8012478323427558,-0.237543844221427,0.25262150269050976,0.11725619951294779,-0.18385043446288554,0.09354539848125033,-0.5044770915207575,-0.3589576388055965,0.17460718452856416,-0.4140857237424345,0.7815770396763332,0.3227612021746168,0.16467183081496745,-0.2902275758267655,-0.23255387358548502,-0.062137216337933364,0.7109846830820759,0.2565443306063945,0.12117303974359774,-0.5016462516598817,0.3522664869110355,0.263903687076959,0.8306571234817564,-0.0830313484652421,-0.4048096828488704,-0.31578229502041955,0.09323487593116517,-0.3710110682552628,0.14725758273889444,0.6589791749549365,0.25969405030771836,0.10626681265002803,-0.18103829592178483,-0.20100164126200523,-0.3115034161058992,-0.34535035471379355,0.1896429359181777,-0.4707648005375576,0.07901397941916151,-0.673651729755858,-0.3496124505879211,-0.6507795151005963,0.7642568879416185,0.6905321650771948,-0.3933281972309174,0.8765564896357741,0.7203647321381396,0.4362124946984966,-0.1849736952985865,-0.3143719468430465,-0.6776591525372441,0.26880593304051675,0.36678796023672094,0.09323871797852962,0.0169467066997825,0.6765418753270854,-0.30490458177617824,-0.5828714294441956,0.5615380761352815,0.4349029989774239,-0.37409413509157696
Thal_AV_L,0.14442311335185948,0.3072477965542904,0.2442839391701145,-0.13223888525134847,0.2881443835641228,0.19362564282641348,-0.10603618868879006,-0.06897320762723728,-0.17230613929613403,-0.1109753046327496,-0.08455867618937074,1.0,-0.06199822494231516,0.019948789419844768,-0.0037598547616693135,0.23292515249798929,0.25174403950445184,0.021532420155316683,0.5236405411228658,0.007410044129614568,0.1789666780386719,0.2776113014721002,0.09206339215208979,0.12036967105316386,-0.1447145380044795,0.16763742491789502,-0.06219206155869002,-0.06368334380814872,-0.06868438003752914,-0.1795207339842177,-0.13297255459587093,-0.21245552298596718,-0.17076343159170945,0.36652262492354615,0.09969343042944864,-0.07578583660572066,-0.1825117392682079,0.5920857635323431,0.2671365979904259,0.17950339482713448,0.1939415244702298,0.38429021980233163,0.27044140631790714,-0.16486713905176067,0.13293791966338905,-0.1660804724138094,0.45236675217317646,0.3259852709553556,-0.11728723127703797,0.4682504772168069,0.06628028526743918,0.2622575589784729,0.13220634839907602,0.24767431367940976,0.31338906779375375,0.2805637767672364,-0.1700229367008923,0.038886994915173674,-0.1373890534316546,-0.060506612822612216,-0.0830819876238411,0.05638780910903427,0.2897413017292429,0.34021043523725913,0.27545795598004663,-0.06862111670470118,0.18913177427525385,0.01743051327653662,0.1605075679154235,-0.09839634044104369,0.04874160599799331,0.19416795838392442,-0.191637650006714,0.0468613273699212,0.36943444617366117
Thal_MGN_L,0.13832536569323606,0.6331409807675455,-0.35083205436804044,0.56367285504137,-0.43273888588020426,-0.4816143302325735,0.6726705326860453,0.4647987123161727,0.5296959629636145,0.6255599046955166,0.4344304186311254,-0.06199822494231516,1.0,0.395678833982539,0.08360271098340193,-0.3440657527656134,0.3083098860107204,-0.12197086103625968,-0.2650524793349419,0.14381676263944693,-0.6106706043154987,-0.49721165400805845,0.2646816070686619,-0.04746052078877717,0.631143301187293,0.13233320221554776,0.33201945945081096,0.34645104125904735,0.37212380541703816,0.4006730568519665,0.6743646004357693,0.6815372040381346,0.6094287694790435,-0.5219303728732373,-0.08016531752226923,0.4362669299371259,0.5677609752952905,0.01324620317436522,-0.4671126035244329,-0.4416000006699179,-0.3486959355202547,-0.6281769773528921,0.024821003035346827,0.7011294129740778,-0.1739483240796642,0.609245044482392,-0.42664894435654643,-0.11788842047642287,0.31679301308293406,-0.35215463837733724,0.7115821808296715,-0.20885322051770328,0.11885700991241432,-0.5932696299473655,-0.5628311907028622,-0.5799961652829163,0.6278145123272855,0.6965680871550822,0.21100323564208,0.5259965763011614,0.7293495975022182,0.3402581184201396,0.0907902848974788,-0.5821644467572503,-0.5288438515600115,-0.07328459510487854,0.19906112056411426,-0.14828681513590922,0.057753474003447464,0.6086905990554575,0.024314836762247615,-0.5490041535244151,0.7382399503193047,0.608623074540125,-0.6085854941837173
Paracentral_Lobule_R,0.017671238220122384,0.3106339901769626,-0.1280779030383368,0.3466543696606574,-0.2637323996502764,-0.31177323253847755,0.6910029323200245,-0.008377083494385132,0.02138371398987114,0.46661374353528046,0.06155327360330299,0.019948789419844768,0.395678833982539,1.0,-0.14666218940046513,-0.04216101524633281,0.30074696622485436,-0.2682314931018923,-0.30410550590247504,-0.03978736235002196,-0.31367637123962105,-0.2398748871222371,0.16836942009987557,0.030689904406969514,0.20306415333037625,-0.27519632877440775,0.37482489468091706,0.7374179364823069,0.776188247784641,0.6167917294479797,0.3336866324644625,0.5919702700533034,0.6833396618374201,-0.016230263173748146,-0.35954488983320926,0.08053635159382053,0.028248060867317668,-0.09484557204387777,-0.16393478578040416,-0.08418887111616812,-0.4985300576839549,-0.4843119090632543,0.2314006602809677,0.32431514562997904,-0.25264122110748255,0.6808714095245705,-0.28593401817054465,0.031650864630493256,0.7357553075890086,-0.20862863163611292,0.5659760656271358,0.1422765221296452,0.01951273932578013,-0.19441130943124615,-0.2826429747160955,-0.2117131897799072,0.15650954353514931,0.20519288599235766,0.6317057577780083,0.08689683488997725,0.358065770735691,0.20595703755439743,-0.09797490531154339,-0.42429228350035425,-0.04894985032279226,-0.14940925442658026,0.2879345710280379,-0.2325956399017091,-0.02426784623776939,0.21354084768817191,0.5644980890871658,-0.18026814865975915,0.39546658989131867,0.49543025028734694,-0.45564696880772126
Vermis_9,0.04721275039065949,-0.0259842254132137,-0.25155294255999583,0.34127258899150814,-0.051541193114112184,0.11259689382758854,-0.12490129729946547,0.42734545277176966,0.5306082396607527,0.19222037045664062,0.8012478323427558,-0.0037598547616693135,0.08360271098340193,-0.14666218940046513,1.0,0.03451912144911242,0.20957025961061157,0.24570218494392154,0.09459291953850785,0.09808810806563507,-0.06045316020058033,0.019209557620489984,0.03791143061575884,-0.3320234840237094,0.40257017554864893,0.4040836666728198,-0.08651996778993724,-0.5507473083335617,-0.49580295160157434,-0.34234805210019814,0.3218837343914262,-0.17993156623819676,-0.29643730239555044,-0.1843646791448963,0.5314687918272416,-0.04719808710366115,0.5038489348909129,0.025725043170627876,-0.06317728616216504,0.06648271806369124,0.4032947679161544,0.08338738029758241,0.22996204843736157,0.26842014843255013,0.4679699631766696,-0.3046708339184694,0.22459043286070823,-0.12343191512485145,-0.5792143663410897,-0.08699661526864942,-0.21921079770074858,-0.38268737793489754,-0.06832293806883638,-0.33339566400143217,0.10860336284229619,-0.3468776295713606,0.41178789911260977,0.40399403973015413,-0.5906624748268746,0.6273580173978659,0.34440381968943845,0.18538935580335816,-0.016966922178035384,0.11471889405800818,-0.47179768463726407,0.46223908374837464,0.439658303313598,0.2716708598742636,-0.08152859964182643,0.30456047674469705,-0.31413266692260233,-0.2591451294475996,0.1066755329102323,0.16471275098103183,0.05418168762210532
Amygdala_R,0.0807603671162988,-0.1700905316933225,0.4056209094171868,-0.20853473555678398,0.45153961625306827,0.3565851355264635,-0.2387202564402422,-0.19048409446101,-0.26049565428841037,-0.15697119227881598,-0.237543844221427,0.23292515249798929,-0.3440657527656134,-0.04216101524633281,0.03451912144911242,1.0,0.02439483098102762,0.20074530167281254,0.24933423461803175,0.1860220948625731,0.4640354407291489,0.4730627787640648,0.11772127275793771,0.25130777009367394,-0.3774959440614848,0.3619781696673961,0.0903024471631043,-0.09228442783821969,-0.07286814268411526,-0.053018113120196816,-0.2964149400979828,-0.31986081292874435,-0.29945566976328175,0.5541571259229177,0.23780595528191795,-0.19146442310216905,-0.32945528599669666,0.1690971095936504,0.6811560688595983,0.5060798403662461,0.39707654503093237,0.42526837598878847,0.12269327076163469,-0.33728064477772135,0.16879002391665165,-0.30257673266686747,0.4170865635418093,0.1436233141291373,-0.08038231659961591,0.39675177713833254,-0.27128428876603744,0.24411258084072934,-0.01923670318956134,0.4207174200438129,0.5378404461286885,0.49149332039732013,-0.30412281608988884,-0.3904428973412945,0.01872240334243074,-0.26583554955329247,-0.31000070698053467,-0.05613744093580769,0.2035857914501885,0.35759229045673874,0.38278143949940413,0.22811070400950678,0.09173101502195505,0.23871704154944925,0.15510683831794864,-0.4006883938168451,0.14152876439695403,0.4844220884576107,-0.39356066670824835,-0.2018030387492031,0.40621396784115227
Temporal_Sup_L,0.028465128231363622,0.3141763706259571,0.2013635134912425,0.1756934412732041,-0.15449798346718072,-0.08636198088639423,0.3429021291129678,0.23117563111549058,0.17001848864677488,0.2898164655444703,0.25262150269050976,0.25174403950445184,0.3083098860107204,0.30074696622485436,0.20957025961061157,0.02439483098102762,1.0,-0.3381516288699414,0.08926897545347913,0.09375125243530312,-0.2708094447158839,-0.018892810628177596,0.4099524963999312,0.032800383985866495,0.2896612056322063,0.1585362139471494,0.24403926953371896,0.2605889153943049,0.30027817806413454,0.00338962327352128,0.3646818206844094,0.27645137274624043,0.29777775717678995,0.14199480598508282,-0.07906719288988052,-0.04742837250733956,0.16796671377160236,0.30237473945876747,0.026879002876838063,-0.24426522100743203,-0.1543523549402156,-0.025648809427281354,0.6345386089364795,0.30868912862102155,0.06396769428154606,0.33948960822519036,0.17541070567052341,0.5009569231338976,0.13187360882788549,0.10782148521858807,0.3777231680579232,0.35152939083629653,-0.009102971595024895,0.002569691235351988,-0.011055652990377923,-0.14636908892042377,0.2466387392066326,0.49769090020744483,-0.09420174724624285,0.27039931653192534,0.43443888878843046,0.31156753913874846,0.3135397316369856,-0.08061471521933584,-0.05678085141248041,-0.13629889057578287,0.5750539248564763,-0.3989209965797001,0.1859188820133081,0.38954629072430713,0.20285207650940665,0.039804330864156794,0.3220679659476899,0.7130523549376717,-0.10250950537416154
ACC_sup_R,0.19025307216719095,0.10500240074610705,-0.09591902983515725,-0.14697036444267528,0.34301012475097886,0.29477771960335036,-0.41633616750413177,0.024795620293773687,-0.05540195077521659,-0.22784358446542058,0.11725619951294779,0.021532420155316683,-0.12197086103625968,-0.2682314931018923,0.24570218494392154,0.20074530167281254,-0.3381516288699414,1.0,0.2205036195158293,0.43162117839652436,0.37663902803081545,0.2634130818665195,0.16989137355313239,0.22223078924117334,-0.12151073771225368,0.26691332747128155,-0.22514819606869185,-0.5308578608773485,-0.5131257487644276,-0.235843721214357,-0.21532524873068146,-0.32204313556932396,-0.5013385711962792,-0.02024446567920439,0.6664279829884973,0.014106608912342743,0.00644000105302962,0.07970482405843858,0.2223730586891386,0.37696173787865406,0.6005348289001095,0.2669880681320327,-0.35315874307925954,-0.12947994090140233,0.0784544721841741,-0.5213454478413689,0.1561029801906255,-0.38379114487512234,-0.472303130193128,0.09460760908266079,-0.2743708506240697,-0.4570316966813235,0.03428612727782684,-0.1387239506172498,0.24482508909998402,-0.010865491490928136,-0.10498206824516411,-0.1813659440994825,-0.1569150901449621,0.05162152090143097,-0.18066664829549337,-0.05119266052029887,0.00046411290877326587,0.25833733487342425,-0.11484777040181504,0.37121273672827765,-0.16010058450374545,0.9027086725482557,0.06780026060190096,-0.3157651138845728,-0.44605344625526744,-0.10984774762765138,-0.2878007124263133,-0.4576835298827524,0.20933067336782477
Thal_MDm_L,0.29218632276504364,0.2561446886628553,0.3157261963424774,-0.36353702524675785,0.6346229618655922,0.5329689872505259,-0.5491689325056401,-0.298057943667178,-0.38039850264095165,-0.5365751039116253,-0.18385043446288554,0.5236405411228658,-0.2650524793349419,-0.30410550590247504,0.09459291953850785,0.24933423461803175,0.08926897545347913,0.2205036195158293,1.0,-0.029337534362123996,0.4626377385633889,0.6008095511261193,0.03484094498344888,0.08744511580559146,-0.4673293911233942,0.29509724794295045,-0.4603664588073458,-0.38789449336992887,-0.3949901175076207,-0.44073705816066927,-0.5043470549477815,-0.6485529296308358,-0.5980653229131407,0.4798990433083959,0.2122660772239891,-0.22505619502121385,-0.4176801556966166,0.5388254792136357,0.432539028075262,0.4851827922859129,0.44738731699035195,0.7788932168684688,0.2097741703510801,-0.555576528254187,0.37291541635014436,-0.5661810411544344,0.7539500778153049,0.4118538868463155,-0.4126884834774765,0.7324337116795194,-0.2676386653395625,0.295014128600215,-0.0427519718657932,0.5014681466858437,0.6874039374628661,0.40250383687412106,-0.46151003068097496,-0.03008551075831237,-0.32662200727734503,-0.3087952080256235,-0.4216731707787096,0.030315993138469853,0.389116600858953,0.75070773933081,0.38236352098300996,0.13237194799761348,0.17048385679969838,0.19038346663798383,0.08296052643524286,-0.3785586788288614,0.03183167960936099,0.45686927982964404,-0.5741957744209059,-0.3348292243350335,0.8001236531056278
Precentral_L,0.22607529187280564,0.1368400440991294,-0.03729528061757503,-0.14725703519062075,0.11309965027876205,0.12670810163287452,-0.033129126774522996,0.15183076178810032,-0.0104340735923651,0.06606330505457052,0.09354539848125033,0.007410044129614568,0.14381676263944693,-0.03978736235002196,0.09808810806563507,0.1860220948625731,0.09375125243530312,0.43162117839652436,-0.029337534362123996,1.0,0.08098390546027595,0.11118863661291604,0.24038153912079327,0.7829909622079696,0.053730246060358006,0.09896777319643237,0.1360533333502068,-0.07911032519812461,-0.12383526995582553,-0.0403496926123554,0.03599317616489724,-0.026327417258836097,-0.12932534783402022,-0.1403571922318661,0.6249885287285074,0.09558921578267815,0.04742142861663226,0.09110869659890847,0.12200096675530374,0.14154529096156834,0.5301655478273285,0.058396905305952485,-0.2120132055263237,0.08997317019535889,0.03330662385367613,-0.09857145485711151,0.17309016064595756,0.012909586793175304,-0.1820426864646904,-0.0834504412494474,-0.025020257220115145,-0.024671955782705875,-0.010154689823681588,-0.1285343713263776,0.13947910137733482,-0.16177276092744325,0.010341955515882564,-0.020881911915665585,-0.028751895384005036,0.10814553082284185,0.06801338409363683,0.09952468529831648,0.00887358977817394,-0.05978647252387245,-0.21917886467618078,0.21364560310879002,-0.11164006772409085,0.3636292746295327,0.18350695317378923,-0.1739655476273883,-0.25839494592109136,-0.15074771743537646,-0.047378069425165266,-0.0008642352833392197,-0.007852857395675445
Raphe_D,0.02743316078454645,-0.29213764140146764,0.38682960238988884,-0.6193535753593002,0.8195578450150454,0.5945944142143263,-0.6695505370711076,-0.4864182749710123,-0.6724186724789594,-0.7764864740246671,-0.5044770915207575,0.1789666780386719,-0.6106706043154987,-0.31367637123962105,-0.06045316020058033,0.4640354407291489,-0.2708094447158839,0.37663902803081545,0.4626377385633889,0.08098390546027595,1.0,0.7492962909199901,-0.13113578791660765,0.36383710175479805,-0.711174958577389,0.09036605377477247,-0.4324018684825627,-0.3408412602370545,-0.3582915843898599,-0.36540824545379136,-0.7898008167555872,-0.7348261679621546,-0.705015895976396,0.5939034606940594,0.2554525677740324,-0.42383511269330965,-0.7027870112261977,0.2586555189340393,0.5927699017430338,0.6706522807131495,0.5296374948273708,0.7884013924514441,-0.12404493419916125,-0.689272657882071,0.14791907808486707,-0.6840890957776706,0.6413242708651752,0.08151627365325315,-0.3273219165975037,0.3156208501290652,-0.6936504053102744,0.22790782748443508,-0.16477449400379884,0.7194837283039207,0.7225927599790135,0.6234811421273276,-0.732914997566712,-0.6070853566272582,-0.11648592345351219,-0.6374896208911519,-0.7806725440765614,-0.4789231214445614,0.2844349098439865,0.6442415174746344,0.4235631154528697,0.1845191178997576,-0.07087812762191756,0.40638875097077326,-0.046303655755340206,-0.8307617215120355,-0.012821450955091913,0.5846332967461558,-0.826635077140905,-0.6494803813684747,0.7570556756230715
Frontal_Inf_Orb_2_R,0.059123470870419,-0.1854468027013414,0.5962322318238354,-0.36646957269161295,0.7667051719856954,0.7577472324150127,-0.651910591768664,-0.4025079976050386,-0.5244617257689839,-0.6786817687083657,-0.3589576388055965,0.2776113014721002,-0.49721165400805845,-0.2398748871222371,0.019209557620489984,0.4730627787640648,-0.018892810628177596,0.2634130818665195,0.6008095511261193,0.11118863661291604,0.7492962909199901,1.0,0.11601858363019059,0.32437781967306806,-0.656625239412991,0.27940161636923294,-0.4643366347335249,-0.3197584241525113,-0.34692097256048754,-0.2741127716622101,-0.6868999949925104,-0.7476733802901222,-0.6706379839850556,0.6424755137118804,0.21602194086601287,-0.44980173113745914,-0.6210742240628073,0.2619058805226103,0.6108684500736528,0.6987895080209212,0.5183305673227337,0.8024193555102478,-0.048858764315211516,-0.7065131755875129,0.43858244587541,-0.6278248774310629,0.693390078674641,0.23487293648709356,-0.32639809592767216,0.45112403065224266,-0.5985508602770534,0.30085079362791944,-0.25146069579869484,0.7174734172942483,0.7490429088044687,0.5571655458986655,-0.64511734924441,-0.41067487760098315,-0.16402749567804398,-0.5415866049529318,-0.653759425019564,-0.12922358842274267,0.3880671556252752,0.7271620153058578,0.5012944407053036,0.3499253966986827,0.026319333165184436,0.3002619683981809,0.0077166495327355075,-0.7087976393289933,0.10666792885394888,0.6412093032971861,-0.7799582497863575,-0.5617713273479574,0.8139347783506113
Insula_L,0.3695292372369112,0.36866243957745043,0.2371171224568512,0.25435012510812266,0.04334775642955408,-0.0005295153289531991,0.15188668528512395,0.12706869235526397,0.14458205321746295,0.21929551638028089,0.17460718452856416,0.09206339215208979,0.2646816070686619,0.16836942009987557,0.03791143061575884,0.11772127275793771,0.4099524963999312,0.16989137355313239,0.03484094498344888,0.24038153912079327,-0.13113578791660765,0.11601858363019059,1.0,0.12831859758996703,0.09876430038185698,0.4023152743295,0.06983677861984279,0.13091725179466054,0.1577912752481075,0.20579308430377508,0.18251169830403408,0.1779336793525055,0.1468984191280176,0.10082037871849744,0.027182912941009923,0.3450749628312105,0.12724798754124816,0.09344234574905014,0.2407925979485934,-0.02637895977259987,0.005453118099708577,-0.10309558570728683,-0.031794043947706754,0.18496589039419492,0.07352343675422367,0.13990126986937457,-0.030293114544645085,0.044770140751080406,0.12660622040968883,0.08249972669396981,0.26830706954192035,-0.02516067940597408,0.19841444022479354,0.0231966504955505,-0.06406679804484061,-0.04739895205723757,0.13447889986454828,0.27669048420294023,0.14497671022173303,0.1129081439517671,0.23694930199601888,0.5553923313121798,0.2399558916414454,-0.07515033910823514,0.01805919426762721,0.05100252442290133,0.07133366049184131,0.12963353467904315,0.40149729383460286,0.13867637632245636,0.22967473297667468,0.07105523863103713,0.17980144772066511,0.15875792962295301,-0.0631667616746222
Postcentral_L,0.17417411956966117,0.04281275055130991,0.22154942675634878,-0.4089706765460558,0.35720107079782265,0.26416322748064913,-0.12499072461094592,-0.2081612125367181,-0.4441464576999503,-0.26268107304491084,-0.4140857237424345,0.12036967105316386,-0.04746052078877717,0.030689904406969514,-0.3320234840237094,0.25130777009367394,0.032800383985866495,0.22223078924117334,0.08744511580559146,0.7829909622079696,0.36383710175479805,0.32437781967306806,0.12831859758996703,1.0,-0.3530734794341495,-0.09022928922168394,0.017253095030407083,0.17659756270053384,0.09684344476562053,0.04168457762199647,-0.33633726248762724,-0.13321752748064425,-0.11817842576859658,0.18709821805128551,0.2669261898795519,-0.06390627804290461,-0.4119029888508171,0.19602580878065104,0.28376781154459574,0.2543118030460938,0.3419775941951327,0.2661153064561363,-0.18764286119225884,-0.2674994023109868,-0.07213580966072905,-0.06794507076820279,0.2763929564008717,0.22764741769154886,0.07772962275742723,0.0575194916218016,-0.08690234340790638,0.3254624952338832,-0.04967173163990857,0.298617217301955,0.30173578032974746,0.20340807961593338,-0.3762687773971057,-0.3001934853272056,0.2066518158890965,-0.39612417989360527,-0.31256469735017456,-0.13409570812890118,0.12554931646683917,0.11143753520883119,0.17083993392149024,-0.025980362530185593,-0.20337323869376212,0.17366373044879976,0.1767987966639206,-0.4621727341258996,0.01394982147739582,0.1703534213673748,-0.29245083482614437,-0.1592941907954765,0.19289691074942925
Vermis_7,-0.10370138050201924,0.29589698071382164,-0.47936145316525525,0.6730158311454773,-0.7191665901935899,-0.5291306771032249,0.5899655885965205,0.738696225537252,0.8628586158567535,0.7613921289269558,0.7815770396763332,-0.1447145380044795,0.631143301187293,0.20306415333037625,0.40257017554864893,-0.3774959440614848,0.2896612056322063,-0.12151073771225368,-0.4673293911233942,0.053730246060358006,-0.711174958577389,-0.656625239412991,0.09876430038185698,-0.3530734794341495,1.0,0.13517711375614258,0.44859416884814635,0.02361062165836855,0.08555659800444908,0.14415128876255426,0.9121800855697054,0.6220416393954963,0.4951773341753609,-0.6655255738694712,0.11409217786774091,0.36640802264959066,0.9129044276581024,-0.09544909272537962,-0.628664668038164,-0.596860979466298,-0.21849688987842675,-0.6852213039209863,0.07432253093011702,0.9092326099136714,-0.02831785152575521,0.46553568288122466,-0.4726535559858898,-0.24238653238304692,-0.006375903353957371,-0.48868120215909333,0.5207543801475674,-0.403272451976382,0.17562413093936532,-0.79881171164031,-0.6554766210075437,-0.7197603883524117,0.9140222417465108,0.6862354431690197,-0.13708807547999016,0.8937573020793764,0.9051096529394048,0.3117448176159607,-0.2638492212715163,-0.6844986742479097,-0.7254157265141161,-0.019756729647389292,0.2531371023201088,-0.1266859189260897,0.0010934980823200135,0.8203620243972284,-0.2562258788042488,-0.7071572098754735,0.8272135036576497,0.6504738189352715,-0.6852742936291604
Hippocampus_R,0.2624744092307649,0.16494758604101808,0.09465294107182404,0.2375505778501826,0.22202792998496523,0.2563503111853333,-0.22096194153892817,0.25296374122567,0.3974653020518868,0.05030640406146472,0.3227612021746168,0.16763742491789502,0.13233320221554776,-0.27519632877440775,0.4040836666728198,0.3619781696673961,0.1585362139471494,0.26691332747128155,0.29509724794295045,0.09896777319643237,0.09036605377477247,0.27940161636923294,0.4023152743295,-0.09022928922168394,0.13517711375614258,1.0,-0.09201509220482888,-0.4101894042763242,-0.3720738938581139,-0.24500266138903445,0.11536355189040824,-0.22566743459933652,-0.31614396205607026,0.016474006243315492,0.3378776022175002,0.16387803465897754,0.3068679464151156,0.19647795085410502,0.23283578937464217,0.14314974849403506,0.38568632919003565,0.21948166940829308,-0.061553722586679946,0.06019575263665883,0.47349586818163963,-0.31050030809695905,0.2328295210022132,0.01358318331169272,-0.4444482499498532,0.18646323272309695,-0.0969436386239553,-0.11602912519544369,0.08729964530175728,0.031969929641921156,0.161459996415703,-0.03577314040569182,0.30342434412547326,0.31565680302467436,-0.4212972778561344,0.2219993737667735,0.13024829231814403,0.3248114663374106,0.18737172365963015,0.21045208948195193,-0.17339111838101495,0.2964885413478969,0.202471042273808,0.2978143548177275,0.19745781206007326,0.16909970534026325,-0.1403157679524799,0.062081870737070194,0.012316207693835686,-0.06085948145276045,0.26517599075152787
