,Parietal_Inf_L,Cingulate_Mid_R,Temporal_Sup_L,Thal_VL_L,Cerebellum_6_L,Thal_PuL_L,ParaHippocampal_L,Occipital_Inf_L,Thal_LGN_R,Cerebellum_10_L,Thal_PuM_L,ACC_sup_L,Parietal_Sup_R,Temporal_Pole_Sup_L,Cerebellum_7b_R,Cerebellum_9_R,Thal_PuI_R,Cerebellum_8_L,Putamen_R,Precentral_L,Vermis_4_5,Frontal_Inf_Tri_L,Cerebellum_8_R,SupraMarginal_L,Red_N_L,Fusiform_L,Frontal_Med_Orb_L,Cerebellum_6_R,Rolandic_Oper_R,Occipital_Mid_R,Cingulate_Mid_L,Frontal_Sup_2_L,Occipital_Sup_R,Thal_LP_L,Thal_MDm_R,ParaHippocampal_R,Precuneus_R,Vermis_3,Frontal_Sup_Medial_L,Lingual_L,Vermis_9,Vermis_6,Vermis_10,SN_pc_L,Frontal_Sup_2_R,Temporal_Sup_R,OFCmed_R,OFCant_L,Cingulate_Post_L,Thal_MGN_R,Cerebellum_Crus1_L,Frontal_Med_Orb_R,Amygdala_L,OFCpost_L,Thal_VL_R,Temporal_Inf_R,Paracentral_Lobule_L,Vermis_8,Cerebellum_3_R,Cerebellum_4_5_R,Angular_R,Supp_Motor_Area_L,Thal_MDm_L,SupraMarginal_R,Vermis_7,Insula_L,Frontal_Inf_Oper_R,Thal_VA_L,Red_N_R,Lingual_R,Cerebellum_4_5_L,Cerebellum_3_L,Rolandic_Oper_L,OFClat_L,Thal_MGN_L,Hippocampus_L,Frontal_Inf_Orb_2_L,Temporal_Inf_L,Paracentral_Lobule_R,Parietal_Inf_R,Cerebellum_Crus2_R,Occipital_Inf_R,Frontal_Sup_Medial_R,Fusiform_R,Cerebellum_9_L,OFCant_R,Precuneus_L,Temporal_Pole_Mid_R,Thal_MDl_R,Thal_VPL_L
Parietal_Inf_L,1.0,0.023690009246212604,0.2852791129206664,-0.46089027230707424,0.1408858758623246,0.5686293924321193,0.014816960461460084,0.2645881915868072,0.30338118356663796,-0.18694973977794074,0.6137239689499794,-0.3749619875898116,0.8017301947084732,0.20648496116407974,0.26032390161158747,-0.10531780916393123,0.35855392069167774,-0.24713182413537713,-0.18446919210234436,0.25498544265104267,-0.29629633634800634,-0.28855258962369695,-0.10439351975716138,0.8970758938428306,0.35652213016988427,0.009178890004845789,0.10711815399809639,0.008298209308079004,-0.37627162049677965,0.40001219241348707,-0.6607471051608014,-0.5042452093272571,0.7341970383865322,0.06494872780384241,0.36111969576755304,-0.04579645879061886,0.8272356296144276,-0.4168481496134634,0.3577531447932099,0.20678410145544224,-0.5237805601054054,0.20420527580064,0.005997939837567464,0.010546527760112298,-0.10670902766292836,0.11670897306619671,-0.03292218262448555,-0.22419309779823843,-0.21368610475858058,0.09040515896116225,0.036942843415616274,0.0019383540477006223,-0.0405573132582904,0.004328040933040265,-0.19356596796498915,-0.13667987864429332,0.686766011224695,-0.28622800495508427,-0.17114188401857755,-0.4101011177556895,0.799810262544127,-0.43944841900073967,-0.3873064651183633,0.6600073668471044,0.03570435484259198,0.2197976565073968,-0.33104396843462675,-0.3053839720984018,0.19535860161608115,0.16923418238059157,-0.2072795845900276,-0.18944193084447877,0.07795569228940967,-0.20776072784322894,0.3772788554459176,-0.09360207223143716,-0.1819203467652936,0.06368645477380971,0.6700075822535599,0.8341352947080437,-0.09406161698938026,-0.12034045451595966,0.525244129802439,-0.34008630721227406,-0.1861481934669504,-0.1887060518299467,0.8605791976401279,-0.17213347654391595,0.2405343502126835,-0.33343376324919327
Cingulate_Mid_R,0.023690009246212604,1.0,0.19461310041488578,0.3933860171199951,-0.18840707726772382,0.02635483434951237,0.24164254108056132,-0.22162582364247962,-0.3023361298025937,-0.03497282860842327,-0.2877019604659825,-0.2450829375367615,-0.0010353931802554845,-0.057184742822018575,-0.26800539533283513,-0.26133381154763524,-0.3463838359842399,-0.26197597605729683,0.5924094538676824,-0.03994933002936641,0.22640455286139038,0.28999237910732517,-0.33257104740866855,-0.03246287292408427,-0.28486062131632633,0.19110721892115054,0.518884510435424,-0.24215346678308003,0.34698766116828444,-0.22949788529581341,0.4788051696298043,0.17329174082603635,-0.21067905811168203,0.19107929113166405,-0.19007125449705523,0.2701699915799214,0.014620603010242261,0.33403470421349246,0.4972600019622677,-0.21379426264798967,-0.026436154316465895,-0.19589933320497427,-0.2657768433517118,-0.3287868193224887,0.24666543678853894,-0.0915699185246858,0.3702839099639393,0.3065307093783801,0.49317748088075886,-0.2734975697355174,-0.2897263287084058,0.4671291937389935,0.13458125901955306,0.04675304647434601,0.21548876670393066,-0.20067222282361008,-0.000482373045215017,-0.17453720145291193,0.06263650081277365,0.16176837108154654,-0.15775495452343136,-0.08987122288353147,0.35085587999396234,-0.06580226781639932,-0.22128681858941254,-0.08852340399597858,0.106180288455215,0.47873877956200694,0.2127049389005798,-0.25651274878908714,0.17156322308437044,0.05675828199974329,0.2702304787672614,0.2590383393035634,-0.16572290498619768,0.1885123911784171,0.21512267179342803,0.15782047854170636,0.07534674698343201,-0.05163953331229123,-0.18918920076852214,-0.16917684817767215,0.37652514460689274,0.19262982411338178,-0.24514951962606638,0.2452279020545927,-0.006234280648368347,-0.11935873798086485,-0.12606904233945085,0.3087560161180568
Temporal_Sup_L,0.2852791129206664,0.19461310041488578,1.0,-0.025648809427281354,0.44081946103066305,0.3800684248271663,0.14199480598508282,0.3988692750980905,0.3775384283279657,0.275743708110413,0.3155977893498242,-0.3989209965797001,0.17476310081758248,0.5678573883268181,0.24000990785987814,0.2802479372106673,0.3220679659476899,0.2902337359168503,0.2975161229816316,0.09375125243530312,0.10014744822628584,0.072790206116599,0.23351579678029608,0.39609547790176985,0.2898164655444703,0.5750539248564763,0.057388873205143374,0.2466387392066326,0.06396769428154606,0.20725682818728,-0.0008099265079698725,-0.1543523549402156,0.29777775717678995,0.3135397316369856,0.4963212264522926,0.24281495373397785,0.3034300702557597,-0.15786659778017217,0.35152939083629653,0.43443888878843046,0.20957025961061157,0.3646818206844094,0.26902884327830096,-0.009102971595024895,-0.20317394814085984,0.1756934412732041,0.07395344421982519,-0.15978501142413976,0.32167538665091194,0.38954629072430713,0.37482856555310956,0.002569691235351988,0.026879002876838063,-0.04094396210432596,0.16901561138970242,0.17001848864677488,0.11011481631540668,0.25262150269050976,0.25081323013611706,0.03614553446864578,0.18863599732011263,-0.07906719288988052,0.08926897545347913,0.00338962327352128,0.2896612056322063,0.4099524963999312,-0.13629889057578287,0.17541070567052341,0.4463311646140382,0.36598543743871553,0.24774460739957738,0.22635946819531144,0.16422386514132456,-0.15449798346718072,0.3083098860107204,0.23788498647853704,0.08304112493483921,0.6345386089364795,0.30074696622485436,0.13187360882788549,0.23244723964530753,0.23117563111549058,0.20285207650940665,0.05122760065805938,0.27039931653192534,-0.0339896661693923,0.30027817806413454,0.2104783620478175,0.3141763706259571,0.034719987422440715
Thal_VL_L,-0.46089027230707424,0.3933860171199951,-0.025648809427281354,1.0,-0.6294482944026195,-0.20513011260692002,0.6129297450273136,-0.7827479511841279,-0.8196371084630713,-0.27435519325364804,-0.8644650391362887,0.22753263848011482,-0.30729734556702215,-0.5353275420820174,-0.44799642115889315,-0.5860275378524682,-0.8574202212879692,-0.4720185363742391,0.8087919933376818,0.058396905305952485,0.5302381640403926,0.7884450839756441,-0.6250971259648498,-0.5475635163505459,-0.8203797350963578,0.051939015923513,0.6542781614508895,-0.6872922111934385,0.3554684428904862,-0.7748338549749658,0.6490769940654615,0.640172189191474,-0.8469526969022325,0.36198177733886133,-0.6151706299044136,0.4134901985155118,-0.4843315267037386,0.8651812866652836,0.3871387063143545,-0.7213258792062646,0.08338738029758241,-0.7676523252663652,-0.6984866903603925,-0.19033831617120642,0.5674396305760101,-0.6414280998093765,0.69419296144219,0.760070442580001,0.4662700578425486,-0.6789352888398739,-0.6931126067680978,0.7492836942243237,0.5901514935847906,0.4831770614385236,0.6102021816214828,-0.5996908500610197,-0.2776070474516662,-0.3710110682552628,0.10893950508330398,0.5488031707228913,-0.7577194431261289,0.2964362872187335,0.7788932168684688,-0.5958995282909454,-0.6852213039209863,-0.10309558570728683,0.1609286824205392,0.8700442186353066,-0.18558592611118524,-0.7490493600644657,0.24146878191463794,0.23797114278182818,0.4361513814439292,0.7846593479304859,-0.6281769773528921,0.5823393987679396,0.49380652131442476,0.12190169866685853,-0.4843119090632543,-0.5525873840895168,-0.5754225547840003,-0.4269525625166584,-0.08098784188529594,0.3338992736719694,-0.5337443588732732,0.8019618724022578,-0.5409823244908077,-0.4573304607274852,-0.20480090948033808,0.9371066566596944
Cerebellum_6_L,0.1408858758623246,-0.18840707726772382,0.44081946103066305,-0.6294482944026195,1.0,0.16694717750187182,-0.4903707719015138,0.8627641537305404,0.8536634000204744,0.6990928127174709,0.6769278671982466,-0.15748045322352083,-0.11894045167922426,0.7905807410910114,0.43833662806779256,0.8941442258222593,0.8076567195012494,0.8549838543115623,-0.3979578424606677,0.12737170587459365,-0.05388329466382833,-0.42921495380348923,0.8760847116439779,0.31244270508189503,0.8378987880449102,0.4682900920167017,-0.6679590013540033,0.8603936765761581,0.026239057489045127,0.5799946131712979,-0.10264428117006921,-0.2018841684695845,0.5392631245982742,-0.14260502919313414,0.7350592443586954,-0.1376650198801793,0.23474917077480284,-0.6233011317225555,-0.33610134789647605,0.9464302823124878,0.44869934218174323,0.914625045559915,0.9180995389539196,0.22477031267621836,-0.41941441474339003,0.6568185263514814,-0.5750098727412897,-0.6380071486102082,0.07790491889615372,0.8066480586512761,0.9184388219416092,-0.7402180974168628,-0.4283013835143967,-0.42627430446047987,-0.2158274437025336,0.7850683572831618,0.0511155474969448,0.7481943752011861,0.37039773043620566,-0.024055140732904687,0.3382426953462443,0.14642795432663994,-0.35440833416099604,0.24621929427114075,0.861558437682404,0.17721008022299756,0.09868041010506239,-0.3509653788823662,0.436328720722216,0.9150581205147928,0.3171469544245701,0.25293387545440904,-0.17589654883561873,-0.6329695175253264,0.6486096109448531,-0.23214740623633634,-0.36130293027492366,0.3201715517746115,0.30476148889574156,0.07318857770677616,0.8221498325256199,0.6893702882395416,-0.13762578545067483,-0.08839990200770914,0.8725550534034464,-0.6564326697473075,0.1843525167344012,0.7748506290948056,0.3967263615139705,-0.5769023094104138
Thal_PuL_L,0.5686293924321193,0.02635483434951237,0.3800684248271663,-0.20513011260692002,0.16694717750187182,1.0,-0.10978637167311363,0.2813059377627497,0.28338668482874807,-0.10119863461015233,0.43702441663105346,-0.355505666345153,0.4069947084838923,0.20556621407659906,-0.1317401141746554,0.030434893588557242,0.33612994375401145,-0.0416073026175942,-0.1051822727573956,0.1881579050330762,-0.304367473338568,-0.1125504456252755,-0.002587467311717544,0.6938419298045845,0.0857794726148542,0.2711767564769917,0.00017700982247753104,0.0941294634056751,-0.3502961237083433,0.2496519351715645,-0.33519340774620815,-0.33057139751740944,0.4418675060788524,0.02340827927789524,0.4462846819119842,-0.23126012028714088,0.4361853346821879,-0.33190364527216215,0.35687357390705216,0.23078379171381738,-0.23507189334269235,0.18752304863255712,0.1264448099252558,-0.025443797608844625,-0.17667230061898306,-0.02383973845017065,-0.16480354212846748,-0.34011596119983994,0.00803318935318329,0.1924180060472565,0.17920074305379158,-0.09590820146343894,-0.2606856772333322,-0.15246707896295086,-0.12967347967279402,-0.115982561109814,0.4012964191353349,-0.04985429867158662,-0.19236780671374204,-0.34375606222010113,0.4394695154454561,-0.2579104503378578,-0.19202077815740987,0.20906406967781668,0.14540823832028077,0.02943965785713333,-0.45677445871141265,-0.09544966183448578,0.13789725419861304,0.16317486731414174,-0.231554175834238,-0.2180329449112101,-0.08089008494370512,-0.13928372081332654,0.3939062032729723,-0.13704368473139183,-0.2577806072906233,0.2507281066392261,0.4521934584971921,0.41117098367422517,0.022910797961927614,0.012734048155953687,0.12568261914226275,-0.23921912373053497,-0.046370014314673365,-0.17610342479252003,0.5072373770054729,-0.058571382655407456,0.32117920711937153,-0.010505966344358885
ParaHippocampal_L,0.014816960461460084,0.24164254108056132,0.14199480598508282,0.6129297450273136,-0.4903707719015138,-0.10978637167311363,1.0,-0.5361284200226961,-0.5399424069228593,-0.2917942893023421,-0.4619873191397218,0.005493584806543572,0.28205340497933334,-0.2542193093839992,-0.010707290022028346,-0.5917675041119174,-0.5711342007975412,-0.5718596366984594,0.6118474677578067,-0.1403571922318661,0.4104979112993667,0.3949772359144858,-0.6033876384595689,-0.1915480828990692,-0.4616310854211661,0.2594811650775262,0.7024278645654665,-0.6238176905740794,0.07383473689478805,-0.493654161063779,0.11167107698950436,0.13900985595635446,-0.28930044421986817,0.3489996206444632,-0.3737838686687652,0.6975952819790243,0.13535131148911042,0.6894876112250385,0.4727117339804354,-0.5464761295889217,-0.1843646791448963,-0.5802228999586323,-0.6713376335314197,-0.04249376077028889,0.4243787487699255,-0.435208493343454,0.8147986967600763,0.7941499762633429,0.24795089487470445,-0.5033407861488459,-0.558216445998284,0.7222314172014292,0.7681373306494131,0.7270522304354754,0.4966698441347895,-0.6032167829300705,-0.031010138672241318,-0.5016462516598817,0.046946611286822426,0.3605863472464984,-0.16724731440119353,-0.11590225709274658,0.4798990433083959,-0.1387753140374286,-0.6655255738694712,0.10082037871849744,-0.04054890771145072,0.5344600471892889,-0.041354727840410034,-0.5647904036509782,0.21041843378798725,0.35173283917319514,0.2616469267019919,0.6330899410519011,-0.5219303728732373,0.5544386487666986,0.4040721889385108,0.38486448825157454,-0.016230263173748146,0.06342229182847581,-0.6213423885950716,-0.45827117636731707,0.35901083371665793,0.3192748180022044,-0.5872601075109967,0.7240156081806848,0.0696337513385946,-0.5723457150868749,-0.18542001148448048,0.522711990207453
Occipital_Inf_L,0.2645881915868072,-0.22162582364247962,0.3988692750980905,-0.7827479511841279,0.8627641537305404,0.2813059377627497,-0.5361284200226961,1.0,0.9197246329237143,0.5209589341802434,0.7942032708087194,-0.3299400417061463,0.08940132104245542,0.8029555141551575,0.5318936957390901,0.7822615968375833,0.8890852277776674,0.7212966986885971,-0.5577757342759142,-0.0811755637707038,-0.3444646822341344,-0.621980736433307,0.7936933208523175,0.4589611973740952,0.8340788145661208,0.3107357102624482,-0.6386539615624883,0.8386584343805739,-0.1483892052803453,0.7422108998450481,-0.3620515617536444,-0.5223070789653953,0.7352417717640161,-0.20931879618261875,0.7877233305709499,-0.19867489552986653,0.3598405767869247,-0.7882399356529838,-0.2761260768964559,0.9262074936803025,0.15518825937899958,0.9254212695999682,0.873354502469569,0.19169237498798475,-0.5842289399923618,0.6670587970815,-0.6262825217304455,-0.7431220400464371,-0.1563365119714517,0.8573498532572074,0.9167592017935253,-0.7433194642214976,-0.5547059283654696,-0.4953371234586189,-0.371256653884488,0.7323884353288932,0.10488031549395385,0.5792976024035316,0.11643105438118233,-0.346059837747505,0.5529587777035565,-0.1616368979706277,-0.5063123714051185,0.3491201627609667,0.8556100837166726,0.11934510419933451,-0.1512651350705671,-0.5863018696609053,0.36022177808272965,0.9168920212129591,0.0028024741114770187,-0.02355910615297355,-0.4404196052339981,-0.8037140744366739,0.6521902490034492,-0.45338194170890156,-0.4196727246490104,0.25103740120063534,0.3731728347654978,0.2956938434586662,0.7517639905107908,0.6475097456115624,-0.04283197077773735,-0.1945853257006279,0.7665657629231651,-0.7287110885492761,0.3832300655151851,0.6575465531520219,0.31041270913614705,-0.7293688643300408
Thal_LGN_R,0.30338118356663796,-0.3023361298025937,0.3775384283279657,-0.8196371084630713,0.8536634000204744,0.28338668482874807,-0.5399424069228593,0.9197246329237143,1.0,0.47763287925190784,0.8652805875446069,-0.3119404620023322,0.12338041092426275,0.7977617103183606,0.5473724593454106,0.7857363526838411,0.9687664905429072,0.7199381372676772,-0.5733627532924442,-0.0715501856210975,-0.3934683282664075,-0.6683072240235255,0.8162100590727623,0.4912853766141033,0.8600549367861974,0.29345487157162703,-0.6529725108894664,0.8692369431645378,-0.1616249828599908,0.7670236852562897,-0.40744545594735565,-0.5336032740198289,0.7643692684481389,-0.1886577301447766,0.877540197448269,-0.2339682272344537,0.38107603816330904,-0.8199657783667981,-0.29888696664051273,0.9111002670853703,0.16419895324167336,0.9117062659855563,0.8809994461382737,0.2564258033342266,-0.6516459468670563,0.707312101003625,-0.6396681289314625,-0.7659493723601565,-0.21179324207151945,0.9343650444059911,0.9090434688364861,-0.763774215887771,-0.566264716382191,-0.41894500534953816,-0.3148642686181305,0.7691119979149815,0.07230876998174587,0.5980262049771192,0.0744999433461117,-0.37382092378724163,0.594715761347583,-0.1911010404172771,-0.48561857248514584,0.35910032830436234,0.84758931758236,0.17767957143059718,-0.16819455145723633,-0.6147777523137796,0.3028000882112197,0.9122825385884066,-0.05810546515440598,-0.055821872686140084,-0.39966397156752315,-0.7602712610350725,0.724297197946428,-0.36852860745291743,-0.47591586307071704,0.21568649650576174,0.3705992805540599,0.3303033099091067,0.7535602670105255,0.6150706210729385,-0.004943547793306744,-0.16047399455595013,0.740279169345275,-0.7891438456224023,0.4047990016936008,0.6990900944353728,0.40653926577076566,-0.7433860705258359
Cerebellum_10_L,-0.18694973977794074,-0.03497282860842327,0.275743708110413,-0.27435519325364804,0.6990928127174709,-0.10119863461015233,-0.2917942893023421,0.5209589341802434,0.47763287925190784,1.0,0.2224840986167757,0.005009429856782175,-0.36759352770469056,0.5649666265010606,0.2558367683452443,0.7305249623833968,0.3888175331877205,0.7190531948870387,-0.14178337387213297,0.15217372321655181,0.24493509652340684,-0.14419969239840436,0.715872449447985,-0.05684122541806646,0.6050119819202427,0.3030051945580154,-0.5174703685203056,0.5815103971114213,0.2378194249510118,0.2767974236749803,0.2168092369024874,0.14241392714498882,0.12398735867366512,-0.2005379721442799,0.37014829156624296,-0.021250206830496117,-0.12747904817108405,-0.2087642198830964,-0.28913041666685907,0.6087739762909381,0.5954569888159148,0.5984738871201201,0.6658708044634919,0.16632788782480193,-0.21224488110396222,0.44755370757528595,-0.44572915977895466,-0.3114230411294401,0.2813350653412588,0.5333069697505595,0.6476135702222083,-0.5627039287810457,-0.2284267521384535,-0.39148312317729145,-0.04292346139612457,0.616981630383582,-0.2532417696649916,0.7087463014076444,0.37442278968743453,0.28534538079458893,-0.040897876299294915,0.35135211984999404,-0.09538093955504501,-0.033446673773488964,0.5805717038848993,0.06178582429908759,0.2792033446326937,-0.09305739537853887,0.42882335986770764,0.6124330656137451,0.46936719251382386,0.4779107144657014,-0.01675685384944368,-0.46533173689116564,0.27854933532199,-0.16823349486096814,-0.27086391722511893,0.29500982791041,0.10106471792331205,-0.23101211649025583,0.6019541223729653,0.4973617575698653,-0.19506552227057292,-0.06766287584221353,0.7638179275440522,-0.3137101813713613,-0.17246504783918937,0.6523748888986559,0.16760677912571068,-0.3046905143678958
Thal_PuM_L,0.6137239689499794,-0.2877019604659825,0.3155977893498242,-0.8644650391362887,0.6769278671982466,0.43702441663105346,-0.4619873191397218,0.7942032708087194,0.8652805875446069,0.2224840986167757,1.0,-0.35669414840228436,0.4376346877963378,0.6532613399978419,0.46156581136754476,0.5078403591794607,0.8938064674831595,0.41264639076181253,-0.6060282451263952,-0.01716926904151531,-0.4525358323695817,-0.6694951708328474,0.5354009390868459,0.7363465744631745,0.7759334206893103,0.18534769040772683,-0.4878357698110801,0.6484398239341252,-0.3846099601876965,0.7489464195901484,-0.6432013657941752,-0.6602993569556194,0.9123249466907224,-0.03428852623457897,0.8279204555274062,-0.27573551423663767,0.6349513747875639,-0.8209116268414791,-0.12087565281247038,0.7779243610805318,-0.14743641284895506,0.7685627987656942,0.6496825162026255,0.15151265968992889,-0.519084759177026,0.5882652714375047,-0.5533619819724939,-0.7258768290940851,-0.3547058685482277,0.7017592608574207,0.6745511687902395,-0.6076763609527721,-0.48425802427311593,-0.34451663780689384,-0.2980506075245429,0.5058646513625402,0.3587533119685231,0.2981139647677825,-0.026377058033570128,-0.5025498503429231,0.8313744227954194,-0.37844271901216625,-0.5461763194155922,0.6166412357509621,0.648245235228912,0.23052459963375693,-0.2834428097682801,-0.6722267273384005,0.2602189119776378,0.7626665035449874,-0.16828250364416816,-0.19557512929787177,-0.31925024544062314,-0.6394822204449244,0.7897033930352474,-0.30635414298852354,-0.4144965389436236,0.10478090322196544,0.5411835769362008,0.6359709123050765,0.5153165833570773,0.37137756972526265,0.19411562536630092,-0.28734957068083855,0.4518676630569021,-0.7166107097981163,0.6850540802032924,0.40192575039314404,0.508491932839445,-0.7222065352232853
ACC_sup_L,-0.3749619875898116,-0.2450829375367615,-0.3989209965797001,0.22753263848011482,-0.15748045322352083,-0.355505666345153,0.005493584806543572,-0.3299400417061463,-0.3119404620023322,0.005009429856782175,-0.35669414840228436,1.0,-0.43747480047749904,-0.5388853159462836,-0.22196833296145055,0.013589800207759057,-0.33140748569365636,0.045483792153842066,-0.02571670718111064,0.3636292746295327,0.30904558665742016,0.402305059967222,0.006153294339995221,-0.44114749080426024,-0.16910669908172885,-0.17091617294914727,-0.31096212403932316,-0.10796661304900716,0.15139630492415174,-0.3468416089976991,0.21547266125411357,0.5945509503567595,-0.4785121399175492,-0.027031741550200883,-0.4535289664198993,-0.011231779617861627,-0.4567714955049921,0.3382983814535509,-0.5347344265835013,-0.19991134034491273,0.2716708598742636,-0.20231688766093273,-0.11326543168955149,-0.03746435713002979,0.44390575543476446,-0.05408342864459433,-0.045807278416171555,0.2685859234385644,0.019626892458092383,-0.3474594089660094,-0.22581888550554335,-0.12672719225476525,0.2828925895455487,-0.05236967670288693,0.15293357432938454,-0.002986875960347021,0.14326985423529495,0.09323871797852962,0.24713667710316226,0.37753111195014566,-0.4703441688083248,0.6427347209211459,0.19038346663798383,-0.1793301695631711,-0.1266859189260897,0.12963353467904315,0.46819706117688165,0.11842055512088556,-0.20447951080309978,-0.1820260616653217,0.2068155396298857,0.08093290096719087,0.40700066608222063,0.3333336321135027,-0.14828681513590922,0.239611009583039,0.2859014159833666,-0.3945796281271546,-0.2325956399017091,-0.4329562601017651,0.027088268903723046,0.00779414844290389,-0.2997296674417229,0.2118991616936917,0.04215787451809693,0.2444807241873301,-0.4959829098782159,-0.09864353539371368,0.0022188940684395447,0.25811359841288134
Parietal_Sup_R,0.8017301947084732,-0.0010353931802554845,0.17476310081758248,-0.30729734556702215,-0.11894045167922426,0.4069947084838923,0.28205340497933334,0.08940132104245542,0.12338041092426275,-0.36759352770469056,0.4376346877963378,-0.43747480047749904,1.0,0.12204587999450464,0.2543998204153723,-0.3638425159054357,0.16417721303461366,-0.48356832438848757,-0.14110970450032903,-0.17533039205678724,-0.28119418991593403,-0.3421580807915133,-0.33931430616976455,0.6315601112907266,0.1458959693554491,0.059513998625721244,0.3656321588909837,-0.21676144598324273,-0.4830414917088064,0.270235780590221,-0.7379892262922372,-0.6358993259479685,0.6615792511128402,0.11641574745692691,0.20874512777537477,0.07501783709018288,0.8508187357298201,-0.20448720238879325,0.46710218115051255,-0.05424086231309697,-0.6224476437794297,-0.03318369607098495,-0.25653011652732116,-0.036746542174762434,-0.031428351029018885,-0.05761376690062598,0.14070855966726437,0.018637007128373052,-0.2947401304370992,-0.028289944544851127,-0.1330505142651208,0.24057315653918973,0.1166069435945912,0.22590796629176177,-0.10070629410460098,-0.3590858293574903,0.5321184305725319,-0.5022694335684084,-0.3236897675878453,-0.44148908925378255,0.7835343116046585,-0.6792982806323777,-0.2710794124395385,0.5715467499378475,-0.22111579646424212,0.05851909600945948,-0.44249951365885876,-0.27045967605235893,0.10330655617687294,-0.0697544516379883,-0.2942245638706991,-0.22085070760797637,-0.18545935757005513,-0.08215305477056252,0.12951201521433026,-0.035107309106183225,-0.12256767702998678,0.2046873838342891,0.6181623426623079,0.9115128519871091,-0.36307503428333054,-0.3608699915513578,0.7100919525916766,-0.24560167911160902,-0.4387119442069292,-0.021100736041267262,0.8997085785180582,-0.41689113455360466,0.05499661957630799,-0.2609434911065914
Temporal_Pole_Sup_L,0.20648496116407974,-0.057184742822018575,0.5678573883268181,-0.5353275420820174,0.7905807410910114,0.20556621407659906,-0.2542193093839992,0.8029555141551575,0.7977617103183606,0.5649666265010606,0.6532613399978419,-0.5388853159462836,0.12204587999450464,1.0,0.5503329160353486,0.657582689783395,0.7404482893467109,0.6186913054705171,-0.2569762609543294,-0.17732434749195913,-0.18917762640193353,-0.485101205294127,0.6749512577484285,0.3512506981199996,0.7291677674679268,0.42448779739537246,-0.29777857965484095,0.7141985197995468,-0.08699201366289566,0.5916781149436036,-0.18794785443187662,-0.3975492848793969,0.6166108905846044,-0.08378643793517743,0.7770574769063674,0.06791820612520726,0.3544315591186251,-0.5448023499254913,0.0346512259765418,0.7831532120832844,0.17668477315222297,0.7672556482197932,0.734236599911476,0.20779065928520485,-0.5415666078303452,0.5048048458668654,-0.3250953275684744,-0.5269643852225843,-0.03831534259816765,0.7988278780490107,0.8085407671909143,-0.446156988139619,-0.36879415763858053,-0.20269225215025807,-0.13166967738482882,0.6183699725877299,-0.08656121353359929,0.49500545182577904,0.1383260008968545,-0.2210300987008898,0.45229653326458097,-0.1940580492970945,-0.2789734644885123,0.23029149672990748,0.7145559005326145,0.08834564288122666,-0.230536332753436,-0.32245238034016527,0.42385313305774486,0.7689776148371812,0.11313601576656578,0.167231117441998,-0.3657698005016441,-0.6173678325795681,0.5073469202642562,-0.23562816893212687,-0.3356612966920413,0.5129032666598282,0.29192826536905536,0.2359684931731455,0.5794037971050496,0.4855316950441795,0.04765772206607277,-0.14737674041086096,0.6519733491250057,-0.5107077542635197,0.3386161274882443,0.6655780536517948,0.3271138352211661,-0.5388092133448165
Cerebellum_7b_R,0.26032390161158747,-0.26800539533283513,0.24000990785987814,-0.44799642115889315,0.43833662806779256,-0.1317401141746554,-0.010707290022028346,0.5318936957390901,0.5473724593454106,0.2558367683452443,0.46156581136754476,-0.22196833296145055,0.2543998204153723,0.5503329160353486,1.0,0.31538968303902887,0.4990793537282185,0.2908050598956009,-0.23885523490506183,-0.1396362297821186,-0.14096942303135743,-0.42371456172410155,0.4098135196169546,0.2627127352967983,0.5783465926435846,0.0880440021293592,-0.21592110295324707,0.427475618248321,-0.06350222750151499,0.4634521180906303,-0.37009660158970625,-0.38331090396550366,0.5003852411620151,-0.05532023527512457,0.4509182623316587,0.2755958385260981,0.3779416482304201,-0.355176156280351,-0.09945028705848268,0.47127675061466934,-0.11066885216501986,0.4627371278168782,0.3781258455578875,0.2619596944127541,-0.3379198994803773,0.4066022886888126,-0.08333184967579438,-0.2146635874689411,-0.28302068301565475,0.5177024438536053,0.4577905535130757,-0.28012398550233275,-0.004946713974785303,0.06705040553128963,-0.046522084558980555,0.41898536037707956,0.038916736982672576,0.14043892506756214,0.11824347292628795,-0.15180499251703655,0.4173405211321717,-0.22943154852536055,-0.2855881546160107,0.2496714268007388,0.39931355034699323,0.20193171707675023,-0.15921585807655209,-0.3758845610076349,0.16236551003781163,0.5180658991515827,0.04676608221446954,0.11565268834267878,-0.2360818703876991,-0.46056912315297416,0.21257990629152015,-0.07868864596169058,-0.013862913103821274,0.2132059671959846,0.15955454535916366,0.3100385795545515,0.31047811851264373,0.2756235136128407,0.11989733743081589,-0.0009029851788862797,0.3201843317939811,-0.220119324430496,0.34766773963961334,0.3184731461128996,0.1194839180024802,-0.4672651309076769
Cerebellum_9_R,-0.10531780916393123,-0.26133381154763524,0.2802479372106673,-0.5860275378524682,0.8941442258222593,0.030434893588557242,-0.5917675041119174,0.7822615968375833,0.7857363526838411,0.7305249623833968,0.5078403591794607,0.013589800207759057,-0.3638425159054357,0.657582689783395,0.31538968303902887,1.0,0.7457801897261948,0.9603573901589323,-0.44004076001931863,0.10669525778793018,-0.05241315301238955,-0.3796751921161719,0.9745884757939638,0.09882603745883232,0.779485235993074,0.2938048871415914,-0.7872593202449841,0.9042984560582847,0.10359703718884582,0.4983616443984439,0.006807901628401664,-0.08179747080837867,0.354330264587452,-0.2543535390821604,0.6001751013867346,-0.2284690726834956,-0.034176811977284303,-0.5759320299949858,-0.5176308822020249,0.8679253912259918,0.6169965515264104,0.8672826514999238,0.954776587068802,0.23218620143550253,-0.46297307778646685,0.6884155633453941,-0.6585322718267741,-0.6659088808483482,0.07415214442462478,0.7933562377200577,0.9039587724178656,-0.8108944847931256,-0.48820746706976115,-0.5146950519602089,-0.2896410774296384,0.8837486368618312,-0.1088167717997968,0.8779613261132851,0.3610557513690006,0.01679102212215025,0.1389887062412473,0.29345597416231434,-0.35423342666655533,0.08311066030045375,0.8918462435155593,0.12438992108746091,0.17657885924054614,-0.3618181656985638,0.37314475030824945,0.8757026822554574,0.25532959119912163,0.19964198275612619,-0.2102109999828298,-0.6305198541595782,0.5686889516911583,-0.33715602485622376,-0.36364293507998374,0.1316701964943751,0.15294868090379965,-0.14523829924868933,0.8922012504794052,0.7814680883371191,-0.3081616881593424,-0.010316613674860626,0.9770579497780832,-0.692258693060667,-0.06739366219587216,0.8552993402376867,0.2638812624486851,-0.572651231112819
Thal_PuI_R,0.35855392069167774,-0.3463838359842399,0.3220679659476899,-0.8574202212879692,0.8076567195012494,0.33612994375401145,-0.5711342007975412,0.8890852277776674,0.9687664905429072,0.3888175331877205,0.8938064674831595,-0.33140748569365636,0.16417721303461366,0.7404482893467109,0.4990793537282185,0.7457801897261948,1.0,0.6780030023852622,-0.6317380076177863,-0.047378069425165266,-0.4622923655765706,-0.6834322438893378,0.7751780019579145,0.558188978353168,0.826369378589911,0.23815071612210953,-0.6397294356667502,0.8492283779891143,-0.2494297647760163,0.7768667556457353,-0.45910137332405093,-0.5693785622111507,0.8011647213749387,-0.19412192477887733,0.8585233895411174,-0.31329655139723056,0.4283180008075597,-0.8634902431528789,-0.28045064159630495,0.8864493911505753,0.1066755329102323,0.8903553404598032,0.8504171522428423,0.24860475472021812,-0.6363063018113109,0.6790757499418943,-0.6390819346150513,-0.8125700977102596,-0.24772800172078044,0.8930620651946456,0.8738128198400836,-0.7495124784080048,-0.5914963043238898,-0.4192631550944861,-0.4031323626400522,0.7234840225810926,0.131776624536925,0.5615380761352815,0.030953834073412224,-0.4444178284125962,0.6568367436084598,-0.23716362331455187,-0.5741957744209059,0.42650621378114567,0.8272135036576497,0.17980144772066511,-0.208299381637472,-0.6636838971208565,0.2878000300262966,0.8835388610666368,-0.11646503348526566,-0.11746283589178015,-0.4053006702729449,-0.7443856342301076,0.7382399503193047,-0.401578397241679,-0.48708076226103997,0.15238496795176026,0.39546658989131867,0.39325046194664093,0.7413527738999692,0.5944623988569638,-0.007414797631053352,-0.1811171182505861,0.685773099123001,-0.8169522731659241,0.45756114184678154,0.6471098711047294,0.40143577042678813,-0.7667578988368225
Cerebellum_8_L,-0.24713182413537713,-0.26197597605729683,0.2902337359168503,-0.4720185363742391,0.8549838543115623,-0.0416073026175942,-0.5718596366984594,0.7212966986885971,0.7199381372676772,0.7190531948870387,0.41264639076181253,0.045483792153842066,-0.48356832438848757,0.6186913054705171,0.2908050598956009,0.9603573901589323,0.6780030023852622,1.0,-0.36399097278432285,0.09272654073901213,0.023204731085292824,-0.2898180977095053,0.9521161881745104,-0.008719394569881406,0.6715164109917104,0.33726165760029336,-0.7681992413044251,0.8669820452187047,0.17591466404680933,0.4490650253144453,0.1359149945882178,0.02036921227876381,0.2190818160697939,-0.187793235709925,0.548586847088203,-0.20797736166420835,-0.14869822654395856,-0.4897897182434586,-0.5180790995948691,0.8361394994955537,0.7031796171413096,0.8139871413505122,0.9167310474825437,0.20947893149814306,-0.407214127098482,0.6376723758686035,-0.5934112030447984,-0.6206116349180193,0.15254247316517328,0.764274120065821,0.8864050627444804,-0.7651064135179603,-0.46406942960335384,-0.4738736598268511,-0.22306950892080346,0.8711380137823211,-0.20875147751656936,0.9257722956421134,0.43041150142180773,0.10160980069469104,0.0031077362888122266,0.34319594958180577,-0.27804235795446475,-0.03411342393737743,0.8793528175694479,0.14314545761254022,0.213697756267552,-0.27378289542011575,0.33901514178483394,0.8444376813057923,0.3285853794569922,0.2580944700030922,-0.18717381527720733,-0.5614466770775822,0.4996778123509876,-0.2606721250728392,-0.267252187695017,0.15303062826534194,0.02427421293464973,-0.28490937000910693,0.9064388813169422,0.7638705315060567,-0.38715117660463033,0.07028541082787707,0.9675973715497109,-0.6140956169060604,-0.19328386638873127,0.8365188581649977,0.2530489633134274,-0.4692164451591867
Putamen_R,-0.18446919210234436,0.5924094538676824,0.2975161229816316,0.8087919933376818,-0.3979578424606677,-0.1051822727573956,0.6118474677578067,-0.5577757342759142,-0.5733627532924442,-0.14178337387213297,-0.6060282451263952,-0.02571670718111064,-0.14110970450032903,-0.2569762609543294,-0.23885523490506183,-0.44004076001931863,-0.6317380076177863,-0.36399097278432285,1.0,0.08223137590482284,0.4942770363320969,0.6741981962401755,-0.4900131198254951,-0.26403616245497696,-0.5562587592667959,0.21439018928112458,0.6627872117062882,-0.4875312774917817,0.49220555021139767,-0.5619549860110519,0.5760395059486724,0.4584197552832658,-0.5741009135071937,0.3630710221617442,-0.3576223845264789,0.5414477599724876,-0.21339285541755992,0.6863015059897886,0.5211482103212837,-0.475601891478298,0.11227486078251254,-0.5203682696729499,-0.5383768023155002,-0.17881601578071607,0.39675056928143254,-0.33621843225062664,0.6934996631239495,0.6314437387881542,0.5064993054881762,-0.4573967301177634,-0.5246060931794504,0.7148574617145325,0.5307597841081574,0.43605617797203383,0.6018950077141283,-0.3970861187054509,-0.16576843585361536,-0.2414277895160525,0.15939152575537988,0.5015931966908765,-0.5132546996948858,0.15267575405928058,0.6930382234951513,-0.40972049026537294,-0.48784449330646135,0.12214098112771093,0.15887847760142895,0.813749968453863,0.02374147670876695,-0.5079060336482858,0.2931650129427876,0.31854808457556627,0.5492871216431346,0.6076333448710556,-0.42689409993599275,0.6082225874604683,0.4402512807251994,0.24349038468629175,-0.21240207539950026,-0.34609055097172536,-0.4284036239668518,-0.3135553130225853,0.14931062344860252,0.4105637874591807,-0.406138850161484,0.6613728967437346,-0.2711838802558727,-0.2992369781517781,-0.08750284413992303,0.7381991819719342
Precentral_L,0.25498544265104267,-0.03994933002936641,0.09375125243530312,0.058396905305952485,0.12737170587459365,0.1881579050330762,-0.1403571922318661,-0.0811755637707038,-0.0715501856210975,0.15217372321655181,-0.01716926904151531,0.3636292746295327,-0.17533039205678724,-0.17732434749195913,-0.1396362297821186,0.10669525778793018,-0.047378069425165266,0.09272654073901213,0.08223137590482284,1.0,0.18550275473425634,0.39499997084453403,0.07483511205458901,0.2981957249223233,0.06606330505457052,-0.11164006772409085,-0.23143168740450037,0.010341955515882564,0.03330662385367613,-0.06794651144860256,0.14836959728969012,0.5301655478273285,-0.12932534783402022,0.00887358977817394,-0.10170630634133826,-0.08660810318651947,-0.09119826441414394,-0.01218112947383369,-0.024671955782705875,0.06801338409363683,0.09808810806563507,0.03599317616489724,0.071332018834001,-0.010154689823681588,0.2698858813107426,-0.14725703519062075,-0.04257215335964362,-0.0673418329237688,0.19147332730653707,-0.1739655476273883,-0.0633733166838042,-0.1285343713263776,0.12200096675530374,-0.1411782269498573,-0.05501654682890212,-0.0104340735923651,0.40550471195766646,0.09354539848125033,0.2940112288672281,0.23038888997495538,-0.16518867358207734,0.6249885287285074,-0.029337534362123996,-0.0403496926123554,0.053730246060358006,0.24038153912079327,0.21364560310879002,0.17309016064595756,0.05306495817638127,0.007903980874766433,0.25307601889824727,0.16741031447618238,0.6177883769628996,0.11309965027876205,0.14381676263944693,0.1692860678914023,0.10296349653898189,-0.2120132055263237,-0.03978736235002196,-0.1820426864646904,0.0968448693187272,0.15183076178810032,-0.25839494592109136,-0.11659832729067413,0.10814553082284185,0.11235024219412244,-0.12383526995582553,0.055675840711820614,0.1368400440991294,0.19127361157027375
Vermis_4_5,-0.29629633634800634,0.22640455286139038,0.10014744822628584,0.5302381640403926,-0.05388329466382833,-0.304367473338568,0.4104979112993667,-0.3444646822341344,-0.3934683282664075,0.24493509652340684,-0.4525358323695817,0.30904558665742016,-0.28119418991593403,-0.18917762640193353,-0.14096942303135743,-0.05241315301238955,-0.4622923655765706,0.023204731085292824,0.4942770363320969,0.18550275473425634,1.0,0.494853922467274,-0.11049207124244674,-0.4080019377507283,-0.18202714359083777,0.2929400362702415,0.20049216517634763,-0.30505682481365975,0.3082912940400269,-0.5085444934234934,0.438417925482542,0.5818849386881061,-0.4813263389976248,0.31920000271582866,-0.34459479207088584,0.3859188358873806,-0.23054512155048548,0.6759149463271974,0.05940879586341678,-0.15506544960481242,0.4735954464229511,-0.22310648890730858,-0.22550917357301536,-0.12971681130295373,0.5185324230209002,-0.17346118127980623,0.34947135470779794,0.46402041539581,0.5585655069025017,-0.3788104235808827,-0.253331079953065,0.28151429297007774,0.5334282509334128,0.23000270498052142,0.4775213920248587,-0.19016988516500413,-0.15120144412530215,0.11054502172419169,0.6685017513307221,0.8792161516459986,-0.47483564338996664,0.44571410681328605,0.46124160465629244,-0.2623267227498106,-0.22440794584710072,0.08323899168913607,0.44204040414282786,0.6427123911309922,0.3111360224414973,-0.1399165795284666,0.824762783780153,0.6887028662417546,0.4331001599846551,0.4600538397698611,-0.2561473577588962,0.4925763257348835,0.4361556293486584,0.23848546742012297,-0.1328268019901922,-0.3811524165425222,-0.10320710778539177,-0.08444769871162705,0.02319777053322159,0.22002022924656447,0.004606491608355564,0.40050810217414917,-0.3581636668342108,-0.09580378844572783,-0.003884740372475156,0.46913750015080696
