,Frontal_Inf_Tri_L,Angular_R,SN_pc_L,Cerebellum_10_L,Occipital_Inf_L,Rectus_R,Thal_VPL_L,Vermis_4_5,Thal_LGN_L,Thal_AV_L,Cerebellum_9_R,SN_pc_R,ACC_sup_R,ACC_sup_L,Cerebellum_4_5_R,Cuneus_R,LC_L,Cingulate_Mid_R,Vermis_1_2,Frontal_Inf_Orb_2_L,Cerebellum_8_R,Thal_PuM_L,Thal_MGN_R,Precuneus_R,ParaHippocampal_R,Temporal_Pole_Sup_L,Lingual_L,Vermis_8,Cerebellum_7b_R,Temporal_Mid_R,Lingual_R,Vermis_3,Occipital_Inf_R,Putamen_R,Cingulate_Mid_L,Cerebellum_Crus2_L,N_Acc_L,Occipital_Sup_L,Hippocampus_L,SN_pr_R,Temporal_Sup_L,Cerebellum_4_5_L,Thal_IL_L,Thal_PuA_R,Calcarine_L,ACC_sub_R,Heschl_R,Vermis_6,Supp_Motor_Area_L,Olfactory_L,Thal_MGN_L,Occipital_Mid_L,Heschl_L,Frontal_Med_Orb_R,Cerebellum_3_L
Frontal_Inf_Tri_L,1.0,-0.6655860557487634,-0.09383424469324593,-0.14419969239840436,-0.621980736433307,0.22978840080278573,0.7911285773076854,0.494853922467274,0.7081381857951587,0.32629401431737337,-0.3796751921161719,-0.2625741968133435,0.45383519169913317,0.402305059967222,0.49613321234455265,-0.7288884849627362,0.6349748305591252,0.28999237910732517,-0.5151606034978431,0.5478126372295491,-0.42497506195107376,-0.6694951708328474,-0.6058918073391054,-0.42045703975487764,0.31473765346578714,-0.485101205294127,-0.49032612849579593,-0.18881986310080473,-0.42371456172410155,-0.6157878921326225,-0.5518596100572142,0.6758811862983084,-0.2585193782504848,0.6741981962401755,0.5350194335595708,-0.5071953153824809,0.5219519830077642,-0.6682947466669925,0.6260843339506313,-0.007368604835890757,0.072790206116599,0.32637648505175526,0.40494372744883517,-0.720630105621975,-0.47473474229103224,0.5872960885047652,0.6151454650524887,-0.5217570582817654,0.5232846014582614,0.1418390484149702,-0.41206934077696505,-0.6655349968891532,0.5445104791529828,0.5406369627626711,0.2360005957324097
Angular_R,-0.6655860557487634,1.0,0.09340805168182607,-0.040897876299294915,0.5529587777035565,-0.0407995855994959,-0.678631222523189,-0.47483564338996664,-0.6462222704351164,-0.1779955172627323,0.1389887062412473,0.30538036553395853,-0.4914131945415937,-0.4703441688083248,-0.5832224253116841,0.8541621785000986,-0.6572684321059868,-0.15775495452343136,0.43415879481914244,-0.37791156122008746,0.16925095324523692,0.8313744227954194,0.412407377218499,0.8566779510158664,-0.1703853164204045,0.45229653326458097,0.4438779228680696,-0.0577082315926692,0.4173405211321717,0.4268315465291419,0.4428187514439339,-0.6515189886763024,0.03258140014972115,-0.5132546996948858,-0.7951781889162949,0.3190855320665146,-0.15873063703624202,0.9453720293377297,-0.31635978115463614,0.1865640689390479,0.18863599732011263,-0.29849533727226846,-0.3249760809496621,0.8267558469193123,0.5308452328767438,-0.3013113616822515,-0.5983860691231052,0.46667011006229336,-0.6625406565738244,0.07685764683504687,0.5143895759160909,0.9199861414759392,-0.27340278130855805,-0.2721213854860496,-0.243347401652666
SN_pc_L,-0.09383424469324593,0.09340805168182607,1.0,0.16632788782480193,0.19169237498798475,-0.06925556064274169,-0.19913541273134652,-0.12971681130295373,-0.36911196032778065,0.13220634839907602,0.23218620143550253,0.6478116860393448,0.03428612727782684,-0.03746435713002979,-0.042317050391966704,0.2069519411270023,-0.27331999579816846,-0.3287868193224887,0.19183496541658637,-0.23495454780062017,0.2552546717165055,0.15151265968992889,0.24850644861973667,0.06302601133170577,-0.029630420597272507,0.20779065928520485,0.19129065676278717,0.07901397941916151,0.2619596944127541,0.20298407910351868,0.19935986512505216,-0.22762583710151305,0.21146322366453196,-0.17881601578071607,-0.08923868291447525,0.22452786215045728,-0.11959278052249034,0.1164843380907967,0.02592920917977044,0.24984803765555,-0.009102971595024895,-0.10163083836147824,0.057618298549951416,0.2229934913766596,0.15435727968829555,-0.2169905693677222,-0.15343252887352146,0.16926076606634,0.0388823104673186,0.6399041230419693,0.11885700991241432,0.13629073932881663,0.09991540982491669,-0.17432770199052394,0.18194898860499534
Cerebellum_10_L,-0.14419969239840436,-0.040897876299294915,0.16632788782480193,1.0,0.5209589341802434,-0.3993432391486748,-0.3046905143678958,0.24493509652340684,-0.34367989388776976,0.07666557656076481,0.7305249623833968,0.1099629694466006,0.0008904161721331814,0.005009429856782175,0.28534538079458893,0.2633806840460738,-0.18727136661418423,-0.03497282860842327,0.4925775374864103,-0.27086391722511893,0.715872449447985,0.2224840986167757,0.5333069697505595,-0.12747904817108405,-0.021250206830496117,0.5649666265010606,0.6087739762909381,0.7087463014076444,0.2558367683452443,0.573648840238082,0.6124330656137451,-0.2087642198830964,0.4973617575698653,-0.14178337387213297,0.2168092369024874,0.5664037408945615,-0.15642761312616044,0.08815618918385874,-0.16823349486096814,0.39407142042318066,0.275743708110413,0.46936719251382386,-0.06502612684596454,0.28563949058793975,0.580990157174923,-0.31413937022863236,-0.2001637178876472,0.5984738871201201,0.35135211984999404,0.007643922246714523,0.27854933532199,0.1336335259441455,-0.09756146081270775,-0.5627039287810457,0.4779107144657014
Occipital_Inf_L,-0.621980736433307,0.5529587777035565,0.19169237498798475,0.5209589341802434,1.0,-0.5114339336467462,-0.7293688643300408,-0.3444646822341344,-0.732146581703498,-0.12059085014837986,0.7822615968375833,0.35955567120193677,-0.3258326790958104,-0.3299400417061463,-0.346059837747505,0.8477152182613473,-0.7229819045481648,-0.22162582364247962,0.8673593049884338,-0.4196727246490104,0.7936933208523175,0.7942032708087194,0.8573498532572074,0.3598405767869247,-0.19867489552986653,0.8029555141551575,0.9262074936803025,0.5792976024035316,0.5318936957390901,0.8176913339148371,0.9168920212129591,-0.7882399356529838,0.6475097456115624,-0.5577757342759142,-0.3620515617536444,0.8820477153416277,-0.3671814127093176,0.7169910240030214,-0.45338194170890156,0.3201213122720028,0.3988692750980905,0.0028024741114770187,-0.3530461063706607,0.8674165131180985,0.8758582155087371,-0.5655883354643716,-0.633521033487436,0.9254212695999682,-0.1616368979706277,0.051780783016799004,0.6521902490034492,0.7639245864653067,-0.41006622764665646,-0.7433194642214976,-0.02355910615297355
Rectus_R,0.22978840080278573,-0.0407995855994959,-0.06925556064274169,-0.3993432391486748,-0.5114339336467462,1.0,0.41131725233941796,0.17255115807114058,0.15209714704380664,0.27545795598004663,-0.7218347581842341,-0.3617938108186331,-0.11484777040181504,-0.0590108792810355,0.10201694175111763,-0.3430675101410879,0.5370678710434684,0.1396006409195716,-0.7339418253799609,0.38231117016438426,-0.686318493036958,-0.39125041327665416,-0.5310943551315487,0.1257437777232942,0.5575260188776465,-0.2966439860611175,-0.6327197939074759,-0.6776591525372441,0.07133254721172795,-0.5896207742290343,-0.614953482997117,0.5474812680129875,-0.6040189150226041,0.41847678116666637,-0.09092014499072144,-0.7070589016789427,0.5421081903669113,-0.19058886242519896,0.3587396946121951,-0.16605912786512367,-0.05678085141248041,-0.07415186770164796,0.606363504618179,-0.38914708895425165,-0.5446530835592608,0.4078180469281947,0.3058000445967598,-0.6317057648885706,-0.2805991945992903,0.0493624692770628,-0.5288438515600115,-0.21472034959138578,0.43163453771777105,0.671983082104088,0.1035935008435308
Thal_VPL_L,0.7911285773076854,-0.678631222523189,-0.19913541273134652,-0.3046905143678958,-0.7293688643300408,0.41131725233941796,1.0,0.46913750015080696,0.8069037345762592,0.4106349648614897,-0.572651231112819,-0.3749037608595285,0.33740219664857757,0.25811359841288134,0.4792722686369477,-0.7914989593901373,0.8073278416173277,0.3087560161180568,-0.6868053260982074,0.5047944227377633,-0.6125631094750641,-0.7222065352232853,-0.6481225986083681,-0.437521541474918,0.3055918323063026,-0.5388092133448165,-0.6487967667862187,-0.3861661834583004,-0.4672651309076769,-0.76776332039518,-0.6964031931783892,0.7660877123019467,-0.40565487024450075,0.7381991819719342,0.5477602887315614,-0.6646767499886559,0.5554499580450799,-0.7085067087482989,0.6326363537946763,-0.2174170315204946,0.034719987422440715,0.20258737627457407,0.5563123132112293,-0.7742073628260012,-0.6360925175281255,0.5635620271053114,0.7076947944421165,-0.7227017337585284,0.30741610323424906,0.029576759005654988,-0.452850179556271,-0.72055104508692,0.47907009722035765,0.6702469103872223,0.162673020636064
Vermis_4_5,0.494853922467274,-0.47483564338996664,-0.12971681130295373,0.24493509652340684,-0.3444646822341344,0.17255115807114058,0.46913750015080696,1.0,0.4263937789044308,0.29469918901977876,-0.05241315301238955,-0.2622741947810108,0.25112240329232854,0.30904558665742016,0.8792161516459986,-0.43796052697843363,0.4979094852555393,0.22640455286139038,-0.23452135131300014,0.4361556293486584,-0.11049207124244674,-0.4525358323695817,-0.3788104235808827,-0.23054512155048548,0.3859188358873806,-0.18917762640193353,-0.15506544960481242,0.11054502172419169,-0.14096942303135743,-0.24891846028046044,-0.1399165795284666,0.6759149463271974,-0.08444769871162705,0.4942770363320969,0.438417925482542,-0.3100812653462162,0.32296177743655974,-0.4925828154535011,0.4925763257348835,-0.05157672403559839,0.10014744822628584,0.824762783780153,0.414880902681203,-0.49880472697517886,-0.08830703021769376,0.26266512590047497,0.3303976576327438,-0.22310648890730858,0.44571410681328605,0.0024922964329186087,-0.2561473577588962,-0.4511678882687053,0.21833134974557683,0.28151429297007774,0.6887028662417546
Thal_LGN_L,0.7081381857951587,-0.6462222704351164,-0.36911196032778065,-0.34367989388776976,-0.732146581703498,0.15209714704380664,0.8069037345762592,0.4263937789044308,1.0,0.1715176174218754,-0.4560487513879614,-0.2551091767858611,0.41478371837075056,0.37640364351878647,0.4334782892873242,-0.7521608771776817,0.6869198145618851,0.36813759592742923,-0.5617616572472022,0.4895601816305273,-0.5102971167042518,-0.6485027380178391,-0.6420407859625774,-0.47086569616561397,0.09550856902818965,-0.6515796537047581,-0.5914308758828678,-0.20343259265941518,-0.6570981661188571,-0.621749816006727,-0.6260105224243894,0.651794382998591,-0.32684516363738964,0.5899583364672994,0.5440232832240456,-0.5695191897556576,0.3028645029504109,-0.6951432471973983,0.5412738042682309,-0.13540328151593495,-0.16090312812744323,0.19785593390569298,0.20735704695654636,-0.7698150989098865,-0.592820487716971,0.5727909305085681,0.6356557903796279,-0.6422803495927397,0.3605905063245981,-0.10053232139165445,-0.30149466141481623,-0.7254198307096112,0.31629900602588157,0.5319311175753512,0.03729065615506801
Thal_AV_L,0.32629401431737337,-0.1779955172627323,0.13220634839907602,0.07666557656076481,-0.12059085014837986,0.27545795598004663,0.4106349648614897,0.29469918901977876,0.1715176174218754,1.0,-0.08503271251552658,-0.07578583660572066,0.021532420155316683,0.01743051327653662,0.26316939144724866,-0.15806278895647757,0.34021043523725913,0.12689445086333356,-0.16486713905176067,0.09221788436802365,-0.10459373962447419,-0.13953383692980328,-0.09839634044104369,-0.017988875774744582,0.33114935679338864,0.06689989295434665,-0.0830819876238411,-0.08455867618937074,0.02727595897654972,-0.18087243877155545,-0.10528367509398695,0.30287197003084365,-0.06897320762723728,0.41152336371166126,0.19921693773100996,-0.17613025563361118,0.3477714362976818,-0.1660804724138094,0.34575060166911464,0.05638780910903427,0.25174403950445184,0.17426735356260453,0.4682504772168069,-0.15711697337724972,-0.057581896916583206,0.18892739817284,0.19362564282641348,-0.13297255459587093,0.09969343042944864,0.1605075679154235,-0.06199822494231516,-0.1392015841374163,0.31740440608156,0.24767431367940976,0.2445990451054903
Cerebellum_9_R,-0.3796751921161719,0.1389887062412473,0.23218620143550253,0.7305249623833968,0.7822615968375833,-0.7218347581842341,-0.572651231112819,-0.05241315301238955,-0.4560487513879614,-0.08503271251552658,1.0,0.37729282502420997,0.016737702073827795,0.013589800207759057,0.01679102212215025,0.5473495986553749,-0.5482596282812162,-0.26133381154763524,0.8404333115716608,-0.36364293507998374,0.9745884757939638,0.5078403591794607,0.7933562377200577,-0.034176811977284303,-0.2284690726834956,0.657582689783395,0.8679253912259918,0.8779613261132851,0.31538968303902887,0.8511841589607364,0.8757026822554574,-0.5759320299949858,0.7814680883371191,-0.44004076001931863,0.006807901628401664,0.9009508063925438,-0.4729560819297721,0.3183920899827412,-0.33715602485622376,0.3912093957518202,0.2802479372106673,0.25532959119912163,-0.3944171380628054,0.5718887505981951,0.7646635678866205,-0.48012419704491754,-0.45838031280839514,0.8672826514999238,0.29345597416231434,0.08689257947086937,0.5686889516911583,0.3754443727997136,-0.351143229360198,-0.8108944847931256,0.19964198275612619
SN_pc_R,-0.2625741968133435,0.30538036553395853,0.6478116860393448,0.1099629694466006,0.35955567120193677,-0.3617938108186331,-0.3749037608595285,-0.2622741947810108,-0.2551091767858611,-0.07578583660572066,0.37729282502420997,1.0,0.014106608912342743,-0.10634154344532884,-0.17973991338307277,0.4176101482993878,-0.4532875262633531,-0.316078198295056,0.42046299783934254,-0.23312924519282605,0.4020541068187703,0.46016842853886536,0.4049294811527466,0.14516901188439935,-0.22626414700485495,0.23734884550585902,0.4155220824709553,0.263903687076959,0.18690701663612347,0.4399789180746213,0.42462230779101884,-0.5142747248895119,0.3130614039923991,-0.39994468903104075,-0.19818807152987372,0.4256432397603651,-0.31660319780112445,0.34164722291090294,0.0142707601688088,0.43584849352493976,-0.04742837250733956,-0.08215887956046054,-0.2498775569051494,0.44537601376253205,0.3113640106126181,-0.25478704646967476,-0.2650542618427174,0.3987174780910983,-0.03308119420460093,0.5981435122185438,0.4362669299371259,0.33723924745693257,-0.24759190152568616,-0.37588147503369745,-0.02588073129379506
ACC_sup_R,0.45383519169913317,-0.4914131945415937,0.03428612727782684,0.0008904161721331814,-0.3258326790958104,-0.11484777040181504,0.33740219664857757,0.25112240329232854,0.41478371837075056,0.021532420155316683,0.016737702073827795,0.014106608912342743,1.0,0.9027086725482557,0.3487931305559079,-0.44216181057427745,0.25833733487342425,-0.3469752703345174,-0.12947994090140233,0.2443123108214388,0.01174017813277103,-0.34355142066562283,-0.3157651138845728,-0.4750492768808265,-0.0949310202104378,-0.5190113295270729,-0.18066664829549337,0.11725619951294779,-0.26871310762029904,-0.14581634235765703,-0.18310539514026977,0.3139882171497851,0.024795620293773687,-0.0285420553040411,0.2519165573719608,-0.12063005810204118,-0.26242278837628785,-0.5213454478413689,0.2591805990470726,-0.05119266052029887,-0.3381516288699414,0.16263668821115876,0.09460760908266079,-0.3933669604348952,-0.24841938674618674,-0.0007435709463532764,0.29477771960335036,-0.21532524873068146,0.6664279829884973,0.06780026060190096,-0.12197086103625968,-0.5256534559383946,0.23941111577718746,-0.1387239506172498,0.08572838930756983
ACC_sup_L,0.402305059967222,-0.4703441688083248,-0.03746435713002979,0.005009429856782175,-0.3299400417061463,-0.0590108792810355,0.25811359841288134,0.30904558665742016,0.37640364351878647,0.01743051327653662,0.013589800207759057,-0.10634154344532884,0.9027086725482557,1.0,0.37753111195014566,-0.4423880758693901,0.25761243374484494,-0.2450829375367615,-0.1394109332672285,0.2859014159833666,0.006153294339995221,-0.35669414840228436,-0.3474594089660094,-0.4567714955049921,-0.011231779617861627,-0.5388853159462836,-0.19991134034491273,0.09323871797852962,-0.22196833296145055,-0.08212736201746496,-0.1820260616653217,0.3382983814535509,0.00779414844290389,-0.02571670718111064,0.21547266125411357,-0.15740043244940793,-0.2877981570099756,-0.5384069678490068,0.239611009583039,-0.09308173433567048,-0.3989209965797001,0.2068155396298857,0.12397967457324688,-0.4161013899737634,-0.2350711240510423,-0.01838881139260544,0.219088770281189,-0.20231688766093273,0.6427347209211459,-0.08515647911686343,-0.14828681513590922,-0.5246432436486378,0.2797950911234487,-0.12672719225476525,0.08093290096719087
Cerebellum_4_5_R,0.49613321234455265,-0.5832224253116841,-0.042317050391966704,0.28534538079458893,-0.346059837747505,0.10201694175111763,0.4792722686369477,0.8792161516459986,0.4334782892873242,0.26316939144724866,0.01679102212215025,-0.17973991338307277,0.3487931305559079,0.37753111195014566,1.0,-0.47205221216952126,0.5059393636781097,0.16176837108154654,-0.2555590840623239,0.3402685091625777,-0.03722914711725923,-0.5025498503429231,-0.29832030622978956,-0.35634533110807504,0.4083929302902716,-0.2210300987008898,-0.14457202759301874,0.18595620659633302,-0.15180499251703655,-0.19175993051741275,-0.1286339152692417,0.6397196644711969,-0.0009678825981522612,0.5015931966908765,0.5630307735996126,-0.24349820050712598,0.25061822031274866,-0.5627670415741954,0.49341575347560074,-0.04727259100658049,0.03614553446864578,0.7622770477030553,0.42331991795273605,-0.5338369096975185,-0.11633785951806731,0.22274141856020915,0.4429566317425103,-0.21217085078747008,0.5509647987495837,0.08938813789444942,-0.2562924602710993,-0.5371617349282225,0.20979096873001865,0.20663210541406216,0.6828970598713666
Cuneus_R,-0.7288884849627362,0.8541621785000986,0.2069519411270023,0.2633806840460738,0.8477152182613473,-0.3430675101410879,-0.7914989593901373,-0.43796052697843363,-0.7521608771776817,-0.15806278895647757,0.5473495986553749,0.4176101482993878,-0.44216181057427745,-0.4423880758693901,-0.47205221216952126,1.0,-0.7720748781097494,-0.2394524277445163,0.7477872999209912,-0.46286518793499387,0.570085844726532,0.9240457506391226,0.7539506866601041,0.7160724909245665,-0.20282740939794638,0.7143167807528276,0.7928552526169124,0.32668539147577336,0.5613410645997097,0.7182086317259405,0.7805709566181566,-0.8015348846030662,0.4002766913334967,-0.5805079141504567,-0.6332799031268516,0.6994095912674276,-0.30912642146912517,0.9380589425871282,-0.38100643544570517,0.2624653864661136,0.34412123898181624,-0.1313366525742108,-0.3922712564002372,0.9589755966948879,0.8179269399801653,-0.5150740327902724,-0.7023446291842467,0.7874713517777995,-0.4426162468287553,0.13459154014698216,0.6823810805659876,0.9435501861760947,-0.44004092988913396,-0.579511314835538,-0.09516947949431004
LC_L,0.6349748305591252,-0.6572684321059868,-0.27331999579816846,-0.18727136661418423,-0.7229819045481648,0.5370678710434684,0.8073278416173277,0.4979094852555393,0.6869198145618851,0.34021043523725913,-0.5482596282812162,-0.4532875262633531,0.25833733487342425,0.25761243374484494,0.5059393636781097,-0.7720748781097494,1.0,0.32295235460966815,-0.7794433573233709,0.4706305032999951,-0.5598217698844419,-0.762051312426248,-0.5781449977407193,-0.46454557175580596,0.44024024083599567,-0.5018571573477753,-0.6747857412731263,-0.3143719468430465,-0.35666409259559667,-0.6548440723138174,-0.6785385478807034,0.838416479030424,-0.4686534308407098,0.6765599666101862,0.5453949344353259,-0.6757651282074765,0.4750917546041186,-0.721066996829902,0.5475926814518215,-0.15790751074016127,-0.08061471521933584,0.2283458709021804,0.6260924036531051,-0.792831188790737,-0.64979531647478,0.5379644044885709,0.6622080095991044,-0.7145059902897405,0.2009279773927514,-0.07826112124943198,-0.5821644467572503,-0.7371871350073366,0.38750093685963016,0.6230335615929087,0.21219965265565222
Cingulate_Mid_R,0.28999237910732517,-0.15775495452343136,-0.3287868193224887,-0.03497282860842327,-0.22162582364247962,0.1396006409195716,0.3087560161180568,0.22640455286139038,0.36813759592742923,0.12689445086333356,-0.26133381154763524,-0.316078198295056,-0.3469752703345174,-0.2450829375367615,0.16176837108154654,-0.2394524277445163,0.32295235460966815,1.0,-0.2528809093888283,0.21512267179342803,-0.33257104740866855,-0.2877019604659825,-0.2734975697355174,0.014620603010242261,0.2701699915799214,-0.057184742822018575,-0.21379426264798967,-0.17453720145291193,-0.26800539533283513,-0.2622338850003432,-0.25651274878908714,0.33403470421349246,-0.16917684817767215,0.5924094538676824,0.4788051696298043,-0.28636138061039507,0.44184674301177906,-0.16403372510094913,0.1885123911784171,0.03539676937036121,0.19461310041488578,0.17156322308437044,0.14230609070277037,-0.32773959051552604,-0.1091585718397399,0.44267455547258144,0.35069647131184556,-0.19589933320497427,-0.08987122288353147,-0.18227143301150883,-0.16572290498619768,-0.16336990520863645,0.24543064572803766,0.4671291937389935,0.05675828199974329
Vermis_1_2,-0.5151606034978431,0.43415879481914244,0.19183496541658637,0.4925775374864103,0.8673593049884338,-0.7339418253799609,-0.6868053260982074,-0.23452135131300014,-0.5617616572472022,-0.16486713905176067,0.8404333115716608,0.42046299783934254,-0.12947994090140233,-0.1394109332672285,-0.2555590840623239,0.7477872999209912,-0.7794433573233709,-0.2528809093888283,1.0,-0.3682897266769106,0.8353190156165053,0.7500498749326061,0.7604936507581519,0.2711154311587076,-0.3284353493093293,0.681069985371942,0.916927129377626,0.6589791749549365,0.38109017399008593,0.8186258719591039,0.9099161111065568,-0.7416909929177569,0.7188830978246796,-0.5564786751756093,-0.27286828214373104,0.882333889995251,-0.47744813422273863,0.5857463435509171,-0.3980947364159171,0.281062319709312,0.30868912862102155,0.09950010275790673,-0.5315914989727221,0.773547116202424,0.8461447317519122,-0.553986682088499,-0.6215683141612072,0.913861094458459,0.04788223728731414,0.026052848458034555,0.7011294129740778,0.6436630995209842,-0.41438742449281774,-0.7740985161504885,0.0006261620256398597
Frontal_Inf_Orb_2_L,0.5478126372295491,-0.37791156122008746,-0.23495454780062017,-0.27086391722511893,-0.4196727246490104,0.38231117016438426,0.5047944227377633,0.4361556293486584,0.4895601816305273,0.09221788436802365,-0.36364293507998374,-0.23312924519282605,0.2443123108214388,0.2859014159833666,0.3402685091625777,-0.46286518793499387,0.4706305032999951,0.21512267179342803,-0.3682897266769106,1.0,-0.3536674420135772,-0.4144965389436236,-0.46899927149248044,-0.2412492693523699,0.43314273404491493,-0.3356612966920413,-0.33686574863945323,-0.2193376780499188,-0.013862913103821274,-0.401893613831549,-0.3460816560570141,0.5012785167054485,-0.20201042330657545,0.4402512807251994,0.2074784520536805,-0.42424238188593993,0.37877475726824156,-0.44606554060151604,0.5721817750522791,0.0393011309464695,0.08304112493483921,0.360093535086848,0.3125357575923634,-0.49390730480270456,-0.3650538543211835,0.43635392276632223,0.38494582419738405,-0.3859578667434782,0.18376220204530863,0.017840957959431785,-0.30267421091860397,-0.4298165893557258,0.42548338130568536,0.5111374663165497,0.20873916388604316
Cerebellum_8_R,-0.42497506195107376,0.16925095324523692,0.2552546717165055,0.715872449447985,0.7936933208523175,-0.686318493036958,-0.6125631094750641,-0.11049207124244674,-0.5102971167042518,-0.10459373962447419,0.9745884757939638,0.4020541068187703,0.01174017813277103,0.006153294339995221,-0.03722914711725923,0.570085844726532,-0.5598217698844419,-0.33257104740866855,0.8353190156165053,-0.3536674420135772,1.0,0.5354009390868459,0.8388456014161334,-0.03811648987365565,-0.21792128863705187,0.6749512577484285,0.8662937644748492,0.8739082451537509,0.4098135196169546,0.866633431459778,0.8892751829232327,-0.6083632684270421,0.7663845230336799,-0.4900131198254951,-0.058012458306632535,0.9198631387255531,-0.49369691803696336,0.3395808241234553,-0.35090922417967146,0.41319529023394885,0.23351579678029608,0.21323532303852552,-0.385617359451979,0.6020440239290532,0.7419031246028229,-0.5100401366635962,-0.48902764964852713,0.873854603797326,0.24744051208627027,0.09915452931540662,0.5645290085678362,0.385966399917809,-0.36125932148662593,-0.8234101668638866,0.17792470331872004
Thal_PuM_L,-0.6694951708328474,0.8313744227954194,0.15151265968992889,0.2224840986167757,0.7942032708087194,-0.39125041327665416,-0.7222065352232853,-0.4525358323695817,-0.6485027380178391,-0.13953383692980328,0.5078403591794607,0.46016842853886536,-0.34355142066562283,-0.35669414840228436,-0.5025498503429231,0.9240457506391226,-0.762051312426248,-0.2877019604659825,0.7500498749326061,-0.4144965389436236,0.5354009390868459,1.0,0.7017592608574207,0.6349513747875639,-0.27573551423663767,0.6532613399978419,0.7779243610805318,0.2981139647677825,0.46156581136754476,0.7040158482888892,0.7626665035449874,-0.8209116268414791,0.37137756972526265,-0.6060282451263952,-0.6432013657941752,0.6623739586240908,-0.3382348050166437,0.9012637470023384,-0.30635414298852354,0.28219109794551056,0.3155977893498242,-0.16828250364416816,-0.40751182887998355,0.9534740329227257,0.780155201037473,-0.5234913528678912,-0.6848626427625825,0.7685627987656942,-0.37844271901216625,0.08071402531803942,0.7897033930352474,0.9088177374729379,-0.3860512525081671,-0.6076763609527721,-0.19557512929787177
Thal_MGN_R,-0.6058918073391054,0.412407377218499,0.24850644861973667,0.5333069697505595,0.8573498532572074,-0.5310943551315487,-0.6481225986083681,-0.3788104235808827,-0.6420407859625774,-0.09839634044104369,0.7933562377200577,0.4049294811527466,-0.3157651138845728,-0.3474594089660094,-0.29832030622978956,0.7539506866601041,-0.5781449977407193,-0.2734975697355174,0.7604936507581519,-0.46899927149248044,0.8388456014161334,0.7017592608574207,1.0,0.19494994732522294,-0.17264381618951088,0.7988278780490107,0.8437091938178335,0.6765418753270854,0.5177024438536053,0.8181304310323234,0.850234315185377,-0.728660552860703,0.6137740231700332,-0.4573967301177634,-0.2441500297584648,0.8868554093888015,-0.3398299910008628,0.5870435363721407,-0.33769069986412986,0.4077970536749279,0.38954629072430713,-0.03859250879259624,-0.3069540222612177,0.7892997852019427,0.7404642780408643,-0.47689750730462377,-0.5567071295882267,0.8478967273123252,-0.175744778789972,0.13860406780897816,0.6086905990554575,0.6085511683230662,-0.44513922481671214,-0.6990616468685629,0.0005797101943700444
Precuneus_R,-0.42045703975487764,0.8566779510158664,0.06302601133170577,-0.12747904817108405,0.3598405767869247,0.1257437777232942,-0.437521541474918,-0.23054512155048548,-0.47086569616561397,-0.017988875774744582,-0.034176811977284303,0.14516901188439935,-0.4750492768808265,-0.4567714955049921,-0.35634533110807504,0.7160724909245665,-0.46454557175580596,0.014620603010242261,0.2711154311587076,-0.2412492693523699,-0.03811648987365565,0.6349513747875639,0.19494994732522294,1.0,0.06871522942989325,0.3544315591186251,0.3038727906388998,-0.20440335052232017,0.3779416482304201,0.16915277414572488,0.2598298896917481,-0.36257728014564444,-0.0853251940340188,-0.21339285541755992,-0.6566794891194798,0.12091020935569326,0.10230072867772097,0.8206845656713376,-0.06843207195091656,0.03357630335139233,0.3034300702557597,-0.09093530166149008,-0.12668332166692975,0.6219997693506474,0.467201393996278,-0.16681238845811672,-0.41824713125252616,0.274172227273474,-0.5562056639564592,0.12276238178124345,0.34416906086657345,0.8039283793017414,-0.1620422186111762,-0.005083603341216123,-0.042833443208797964
ParaHippocampal_R,0.31473765346578714,-0.1703853164204045,-0.029630420597272507,-0.021250206830496117,-0.19867489552986653,0.5575260188776465,0.3055918323063026,0.3859188358873806,0.09550856902818965,0.33114935679338864,-0.2284690726834956,-0.22626414700485495,-0.0949310202104378,-0.011231779617861627,0.4083929302902716,-0.20282740939794638,0.44024024083599567,0.2701699915799214,-0.3284353493093293,0.43314273404491493,-0.21792128863705187,-0.27573551423663767,-0.17264381618951088,0.06871522942989325,1.0,0.06791820612520726,-0.18396674226209073,-0.2031097328388967,0.2755958385260981,-0.15816131391275268,-0.1802244736188459,0.5012516848219327,-0.12865069989263855,0.5414477599724876,0.20223822722960352,-0.2801620419892713,0.5395882964396668,-0.18882881041364744,0.5617429210986324,0.062366375767095084,0.24281495373397785,0.3628790545764369,0.5444325802871569,-0.2850856318658908,-0.14337168544539425,0.35982891157608043,0.24410559486470768,-0.18533417752324163,0.018927182298140784,0.19048454392497718,-0.332094815913151,-0.16086856549430517,0.3089131847034368,0.49277844439777446,0.3789247415701215
Temporal_Pole_Sup_L,-0.485101205294127,0.45229653326458097,0.20779065928520485,0.5649666265010606,0.8029555141551575,-0.2966439860611175,-0.5388092133448165,-0.18917762640193353,-0.6515796537047581,0.06689989295434665,0.657582689783395,0.23734884550585902,-0.5190113295270729,-0.5388853159462836,-0.2210300987008898,0.7143167807528276,-0.5018571573477753,-0.057184742822018575,0.681069985371942,-0.3356612966920413,0.6749512577484285,0.6532613399978419,0.7988278780490107,0.3544315591186251,0.06791820612520726,1.0,0.7831532120832844,0.49500545182577904,0.5503329160353486,0.676523767197604,0.7689776148371812,-0.5448023499254913,0.4855316950441795,-0.2569762609543294,-0.18794785443187662,0.7266719660613037,-0.027235994416422542,0.5948833730075194,-0.23562816893212687,0.3519187281783221,0.5678573883268181,0.11313601576656578,-0.17468018448425543,0.7115076273426753,0.7496561408470914,-0.35909625004017953,-0.5451385373228689,0.7672556482197932,-0.1940580492970945,0.111147946587782,0.5073469202642562,0.6441284367680367,-0.3023061090762459,-0.446156988139619,0.167231117441998
Lingual_L,-0.49032612849579593,0.4438779228680696,0.19129065676278717,0.6087739762909381,0.9262074936803025,-0.6327197939074759,-0.6487967667862187,-0.15506544960481242,-0.5914308758828678,-0.0830819876238411,0.8679253912259918,0.4155220824709553,-0.18066664829549337,-0.19991134034491273,-0.14457202759301874,0.7928552526169124,-0.6747857412731263,-0.21379426264798967,0.916927129377626,-0.33686574863945323,0.8662937644748492,0.7779243610805318,0.8437091938178335,0.3038727906388998,-0.18396674226209073,0.7831532120832844,1.0,0.7203647321381396,0.47127675061466934,0.8484393788764549,0.9714135036397273,-0.7102688141506869,0.6997045154336877,-0.475601891478298,-0.22218089561617282,0.9014965201562671,-0.37236820616201266,0.6236276513229804,-0.28694198469936455,0.38545063318751355,0.43443888878843046,0.22452610722984523,-0.3580973377196396,0.8063188978185053,0.9389170739318151,-0.5395096554428163,-0.5693083654551206,0.951346682586463,0.02485189515600248,0.09107878657476752,0.7293495975022182,0.6730619476928601,-0.3965699156826928,-0.7748235569639265,0.1476972015478207
Vermis_8,-0.18881986310080473,-0.0577082315926692,0.07901397941916151,0.7087463014076444,0.5792976024035316,-0.6776591525372441,-0.3861661834583004,0.11054502172419169,-0.20343259265941518,-0.08455867618937074,0.8779613261132851,0.263903687076959,0.11725619951294779,0.09323871797852962,0.18595620659633302,0.32668539147577336,-0.3143719468430465,-0.17453720145291193,0.6589791749549365,-0.2193376780499188,0.8739082451537509,0.2981139647677825,0.6765418753270854,-0.20440335052232017,-0.2031097328388967,0.49500545182577904,0.7203647321381396,1.0,0.14043892506756214,0.6811733699893404,0.7320508595272838,-0.3683897305390894,0.6500546835514612,-0.2414277895160525,0.1876291694947684,0.7803063206457322,-0.36044033596427444,0.10626681265002803,-0.20172738775387067,0.4362124946984966,0.25262150269050976,0.3907356242423676,-0.34535035471379355,0.3443948461595915,0.6125007645393278,-0.2747049026394553,-0.21076163000327844,0.7109846830820759,0.3522664869110355,0.0169467066997825,0.4344304186311254,0.1372248929127775,-0.29558139726459676,-0.673651729755858,0.31432115718273324
Cerebellum_7b_R,-0.42371456172410155,0.4173405211321717,0.2619596944127541,0.2558367683452443,0.5318936957390901,0.07133254721172795,-0.4672651309076769,-0.14096942303135743,-0.6570981661188571,0.02727595897654972,0.31538968303902887,0.18690701663612347,-0.26871310762029904,-0.22196833296145055,-0.15180499251703655,0.5613410645997097,-0.35666409259559667,-0.26800539533283513,0.38109017399008593,-0.013862913103821274,0.4098135196169546,0.46156581136754476,0.5177024438536053,0.3779416482304201,0.2755958385260981,0.5503329160353486,0.47127675061466934,0.14043892506756214,1.0,0.49394363008485775,0.5180658991515827,-0.355176156280351,0.2756235136128407,-0.23885523490506183,-0.37009660158970625,0.393569280489408,-0.08901526936258555,0.45686802669222437,-0.07868864596169058,0.11123009811044997,0.24000990785987814,0.04676608221446954,0.15444725647468738,0.5221976056501939,0.4237739156558439,-0.4201822871802673,-0.4135316832021752,0.4627371278168782,-0.22943154852536055,0.17860021054563313,0.21257990629152015,0.4932181735656321,-0.1865279096378995,-0.28012398550233275,0.11565268834267878
Temporal_Mid_R,-0.6157878921326225,0.4268315465291419,0.20298407910351868,0.573648840238082,0.8176913339148371,-0.5896207742290343,-0.76776332039518,-0.24891846028046044,-0.621749816006727,-0.18087243877155545,0.8511841589607364,0.4399789180746213,-0.14581634235765703,-0.08212736201746496,-0.19175993051741275,0.7182086317259405,-0.6548440723138174,-0.2622338850003432,0.8186258719591039,-0.401893613831549,0.866633431459778,0.7040158482888892,0.8181304310323234,0.16915277414572488,-0.15816131391275268,0.676523767197604,0.8484393788764549,0.6811733699893404,0.49394363008485775,1.0,0.8971646630119895,-0.703365606524559,0.6814554161269446,-0.546287175946781,-0.23093186679703184,0.8330443504829194,-0.543074448409286,0.5188178520748149,-0.3724999816988718,0.38316316818655305,0.1541547703033676,0.049940985166899446,-0.38029943722852627,0.7168996622340991,0.7630167532031978,-0.5371781413161623,-0.5945373882984061,0.881671487696859,-0.0006603684527695512,0.004291049751088444,0.6353135204088654,0.5588934615154111,-0.3982398664158611,-0.784199855069323,-0.004662596509357915
Lingual_R,-0.5518596100572142,0.4428187514439339,0.19935986512505216,0.6124330656137451,0.9168920212129591,-0.614953482997117,-0.6964031931783892,-0.1399165795284666,-0.6260105224243894,-0.10528367509398695,0.8757026822554574,0.42462230779101884,-0.18310539514026977,-0.1820260616653217,-0.1286339152692417,0.7805709566181566,-0.6785385478807034,-0.25651274878908714,0.9099161111065568,-0.3460816560570141,0.8892751829232327,0.7626665035449874,0.850234315185377,0.2598298896917481,-0.1802244736188459,0.7689776148371812,0.9714135036397273,0.7320508595272838,0.5180658991515827,0.8971646630119895,1.0,-0.7027674052676989,0.7060804981027932,-0.5079060336482858,-0.23842385586826229,0.901969337654266,-0.4223788853468562,0.6008114466786117,-0.34402677235659346,0.36192647821159485,0.36598543743871553,0.18259237547794696,-0.36989682951644454,0.7973712207421848,0.891965134895101,-0.5684592754377208,-0.5697559910915193,0.9472590795280571,0.008764939566165775,0.05921105389509929,0.6851606704286953,0.6528400792523752,-0.42114848177586106,-0.7953631346784326,0.11968908189583724
Vermis_3,0.6758811862983084,-0.6515189886763024,-0.22762583710151305,-0.2087642198830964,-0.7882399356529838,0.5474812680129875,0.7660877123019467,0.6759149463271974,0.651794382998591,0.30287197003084365,-0.5759320299949858,-0.5142747248895119,0.3139882171497851,0.3382983814535509,0.6397196644711969,-0.8015348846030662,0.838416479030424,0.33403470421349246,-0.7416909929177569,0.5012785167054485,-0.6083632684270421,-0.8209116268414791,-0.728660552860703,-0.36257728014564444,0.5012516848219327,-0.5448023499254913,-0.7102688141506869,-0.3683897305390894,-0.355176156280351,-0.703365606524559,-0.7027674052676989,1.0,-0.48391986599043996,0.6863015059897886,0.5086423744389438,-0.7296569652910762,0.5007059403624029,-0.7469044652400686,0.5451193253365557,-0.26429876962574406,-0.15786659778017217,0.37647779020897953,0.548169003312972,-0.8526523219863029,-0.6421275655135983,0.542429437006812,0.6266000797024288,-0.7350768212273626,0.2777944931401205,-0.07532317247193256,-0.6636302726825255,-0.7507383342876329,0.4266585618903402,0.6910508005798632,0.37026612233472
Occipital_Inf_R,-0.2585193782504848,0.03258140014972115,0.21146322366453196,0.4973617575698653,0.6475097456115624,-0.6040189150226041,-0.40565487024450075,-0.08444769871162705,-0.32684516363738964,-0.06897320762723728,0.7814680883371191,0.3130614039923991,0.024795620293773687,0.00779414844290389,-0.0009678825981522612,0.4002766913334967,-0.4686534308407098,-0.16917684817767215,0.7188830978246796,-0.20201042330657545,0.7663845230336799,0.37137756972526265,0.6137740231700332,-0.0853251940340188,-0.12865069989263855,0.4855316950441795,0.6997045154336877,0.6500546835514612,0.2756235136128407,0.6814554161269446,0.7060804981027932,-0.48391986599043996,1.0,-0.3135553130225853,0.08815585914115139,0.7200161493576893,-0.40192103267960905,0.20890617119622817,-0.27097094230697294,0.29131598625588634,0.23117563111549058,0.15796086683081256,-0.3307455648923917,0.41744012006257736,0.5797847790945535,-0.3647643240908241,-0.2921038920013679,0.6958107632359277,0.3116291944570177,0.08224627777005813,0.4647987123161727,0.2660776959889164,-0.22567379580326777,-0.6142998530529306,0.08311538307293433
Putamen_R,0.6741981962401755,-0.5132546996948858,-0.17881601578071607,-0.14178337387213297,-0.5577757342759142,0.41847678116666637,0.7381991819719342,0.4942770363320969,0.5899583364672994,0.41152336371166126,-0.44004076001931863,-0.39994468903104075,-0.0285420553040411,-0.02571670718111064,0.5015931966908765,-0.5805079141504567,0.6765599666101862,0.5924094538676824,-0.5564786751756093,0.4402512807251994,-0.4900131198254951,-0.6060282451263952,-0.4573967301177634,-0.21339285541755992,0.5414477599724876,-0.2569762609543294,-0.475601891478298,-0.2414277895160525,-0.23885523490506183,-0.546287175946781,-0.5079060336482858,0.6863015059897886,-0.3135553130225853,1.0,0.5760395059486724,-0.5381656408818107,0.7250916332652317,-0.5145445312589806,0.6082225874604683,-0.019814705807040003,0.2975161229816316,0.2931650129427876,0.5468434700981493,-0.6442217905297458,-0.4211368617551018,0.67011676596132,0.6743446506622134,-0.5203682696729499,0.15267575405928058,0.06396331726609579,-0.42689409993599275,-0.5081490869840981,0.5110661338737057,0.7148574617145325,0.31854808457556627
Cingulate_Mid_L,0.5350194335595708,-0.7951781889162949,-0.08923868291447525,0.2168092369024874,-0.3620515617536444,-0.09092014499072144,0.5477602887315614,0.438417925482542,0.5440232832240456,0.19921693773100996,0.006807901628401664,-0.19818807152987372,0.2519165573719608,0.21547266125411357,0.5630307735996126,-0.6332799031268516,0.5453949344353259,0.4788051696298043,-0.27286828214373104,0.2074784520536805,-0.058012458306632535,-0.6432013657941752,-0.2441500297584648,-0.6566794891194798,0.20223822722960352,-0.18794785443187662,-0.22218089561617282,0.1876291694947684,-0.37009660158970625,-0.23093186679703184,-0.23842385586826229,0.5086423744389438,0.08815585914115139,0.5760395059486724,1.0,-0.16470508426696778,0.2012688027796416,-0.7251984160513424,0.2719998853412789,-0.05403440366881544,-0.0008099265079698725,0.34671921547572865,0.2442969947556043,-0.6500286595051528,-0.28979598404981405,0.26267359422629977,0.6028287376090721,-0.26285634032689986,0.531519318895776,-0.06412166442472937,-0.3458788886216029,-0.7035453812307103,0.1519663536547737,0.22680183686314226,0.27798075380902604
Cerebellum_Crus2_L,-0.5071953153824809,0.3190855320665146,0.22452786215045728,0.5664037408945615,0.8820477153416277,-0.7070589016789427,-0.6646767499886559,-0.3100812653462162,-0.5695191897556576,-0.17613025563361118,0.9009508063925438,0.4256432397603651,-0.12063005810204118,-0.15740043244940793,-0.24349820050712598,0.6994095912674276,-0.6757651282074765,-0.28636138061039507,0.882333889995251,-0.42424238188593993,0.9198631387255531,0.6623739586240908,0.8868554093888015,0.12091020935569326,-0.2801620419892713,0.7266719660613037,0.9014965201562671,0.7803063206457322,0.393569280489408,0.8330443504829194,0.901969337654266,-0.7296569652910762,0.7200161493576893,-0.5381656408818107,-0.16470508426696778,1.0,-0.44941001457191737,0.5081944978198701,-0.40408509065079656,0.3374335832007613,0.2967049469195379,0.054473143655367484,-0.4766208942965502,0.732171108963602,0.7836837088690707,-0.543648163140208,-0.5387085204839486,0.9223057767887933,0.06530837867564847,0.10600694502484313,0.5987977020549334,0.544770827275351,-0.46941510310307144,-0.797504035878718,0.0046498297668746205
