,Amygdala_L,Vermis_9,Thal_LP_R,Parietal_Sup_L,Thal_VA_R,Putamen_L,Cerebellum_Crus1_R,Cerebellum_7b_L,OFCmed_L,OFCant_L,Frontal_Inf_Orb_2_R,Temporal_Pole_Sup_L,Cerebellum_10_L,Frontal_Inf_Tri_R,Frontal_Inf_Orb_2_L,Fusiform_R,Thal_PuI_R,OFCant_R,Cerebellum_Crus2_L,Frontal_Inf_Tri_L,SN_pc_R,Vermis_8,Thal_LGN_R,Vermis_1_2,Frontal_Sup_2_R,Thal_PuI_L,Vermis_7,Calcarine_R,Rectus_R,Occipital_Inf_L,ACC_sup_L,Thal_IL_R,Frontal_Sup_2_L,Cerebellum_4_5_R,ParaHippocampal_R,LC_L,OFCpost_L,Hippocampus_L,Cingulate_Post_L,OFCpost_R,Raphe_D,Cerebellum_8_L,Paracentral_Lobule_R,Thal_VPL_L,LC_R,Cuneus_L,Occipital_Mid_L,Angular_L,SN_pc_L,Frontal_Sup_Medial_L,Thal_PuA_R,SupraMarginal_R,Red_N_R,Caudate_L,Precuneus_R,VTA_R,ACC_sup_R,Thal_MDm_R,Cingulate_Mid_L,ACC_pre_L,Temporal_Mid_R,Vermis_4_5,Thal_AV_L,Thal_LP_L,Rolandic_Oper_L,OFClat_R,Cerebellum_10_R,Vermis_6,Temporal_Inf_R,Cerebellum_6_L,ACC_sub_L,Olfactory_R,Temporal_Mid_L,Temporal_Pole_Mid_L,Occipital_Mid_R,N_Acc_R,Supp_Motor_Area_L,Red_N_L,Postcentral_R,Thal_LGN_L,Paracentral_Lobule_L,Cerebellum_9_L,Cerebellum_Crus2_R,Temporal_Pole_Mid_R,Temporal_Sup_R,N_Acc_L,Thal_MDm_L,Amygdala_R,Vermis_10,Cerebellum_6_R
Amygdala_L,1.0,-0.7858834289812603,-0.5037549371851509,0.06722962682681544,0.4669324462211015,0.43527596928873874,-0.69595849881884,-0.6720622760458786,0.06652560378997846,0.140251821594145,0.5399001575371699,-0.3792501759396226,0.45475551323618413,0.4468448761796913,0.4591104183304091,-0.2640079441520624,0.2251213986331628,0.5423718150935989,-0.6775780993368836,0.6059477915442767,0.40048555486665594,0.23525496084600978,0.017968243835547064,0.09289275711479142,0.5245044877855576,0.49058507036277726,-0.570715203801419,-0.5326068633854439,0.6540334379590579,-0.65477037115831,0.20769319809381817,0.17580454908035711,0.4697239245373695,-0.004064010770266861,0.5118740137202975,0.38541955096254316,0.6012583800755891,0.5930065498847694,-0.023782920260960055,0.11091024160552035,-0.2834818368693227,-0.7343576965183563,-0.16891063371697523,0.6101381445119478,0.2664422291812812,-0.5903743234922935,-0.7218254419421035,-0.2835835003665231,0.4605203344975273,0.25099025935150293,0.2222865705368981,-0.2396834955640403,0.22582159496653026,0.4912476032132836,-0.07058908540430511,0.3336102405613969,0.2887646703431893,-0.4234869814368469,0.4830552414439714,0.7378757188627749,-0.2636101333860082,-0.1340670800478277,-0.0583402735200461,0.050140899582289816,0.17862713726721038,0.43212805231438844,-0.20514946895482097,-0.5454887817451541,-0.16668601291204804,-0.661202205530261,0.6607357568079935,0.6720186693400007,-0.5144006980304427,-0.1523984822403667,-0.5766011899171791,0.015311823034989932,0.3400650334786989,-0.018537439127861228,-0.08937544406920125,0.6599198632254848,0.34768107754955146,-0.7341930627187705,-0.19886788181044432,-0.6536423695187447,0.024219231862477486,0.22271679612980477,-0.3552919337230465,0.5557784771323239,-0.3063050329840486,-0.5739286271480113
Vermis_9,-0.7858834289812603,1.0,0.5103439531034355,-0.21588261324368352,-0.44117637045231406,-0.3186632014092555,0.8328508285207601,0.8560222450922385,0.1438569396096278,-0.36065965572635683,-0.6370120472091763,0.664371786188557,-0.5003774960217091,-0.42438944139536633,-0.48060265901333626,0.4256412101911233,-0.25191026471727207,-0.4921270563795882,0.8455383180130431,-0.4988357816485923,-0.10072105488452168,-0.07554466540918464,0.12440427689960769,0.08255650772725465,-0.5196882106889441,-0.580989895848966,0.7861698256689998,0.689394118651928,-0.5365760441099572,0.8209812164326586,-0.2029822346793374,-0.035453129082750064,-0.39292160899520695,0.19873853524173807,-0.49479091597710984,-0.2965225996302167,-0.5801657405039562,-0.36019137878579355,0.21631633880762113,0.09875104743275963,0.38010546280519525,0.9115095114279451,0.21993348635889218,-0.6403756963699344,-0.18963614763384293,0.6998824828601808,0.8730961875317966,0.3042894671076986,-0.19135473028002367,-0.056810039445408266,-0.10378503648375634,0.3176723828419195,-0.18679345069928385,-0.3075227539290288,0.04401294618962489,-0.2694667912841772,-0.2794024781364103,0.5965227262121329,-0.46931485905042425,-0.6778066208266376,0.30823723727173646,0.32257764948249057,0.06604559711092095,-0.17930327525368428,0.0019351215381224432,-0.5401820461266247,0.3934781915591808,0.7343124180852726,0.20653241953552787,0.8859420387386274,-0.6357055577898689,-0.5323915287037877,0.8074560328998186,0.4047396405008214,0.6271164716685608,0.0329719759846391,-0.24070015267823844,0.27027677921808263,0.19977517255138563,-0.7165209596281537,-0.38999633794972643,0.9298951729257569,0.2868599812481687,0.7400949266221678,0.06416460722916983,-0.19582501479063616,0.3690510567745157,-0.4251473238332415,0.5058239014173664,0.8246292156599706
Thal_LP_R,-0.5037549371851509,0.5103439531034355,1.0,0.3740223333467521,-0.21483971208087682,-0.07243098934868632,0.45076554486569737,0.4249679889220277,-0.07143854679061086,-0.23040981891436743,-0.3596224321673588,0.28804453403871005,-0.14282142629625333,-0.35595223269305754,-0.3230742919612383,0.2060979215446782,-0.06384159205633208,-0.5340071199941198,0.3272941183148318,-0.33097897348280436,-0.06339683538916187,-0.3109835117650383,0.20434935715150043,-0.06256686487353179,-0.18639429292479984,-0.4222112908569428,0.33743132669120357,0.5855374496359409,-0.2262280751311833,0.3417038764068178,-0.13592894836377073,-0.2787021953079366,-0.07499300756840695,-0.10432118603678356,-0.2190377762249825,-0.15223309693568363,-0.29973137453269755,-0.061519021547624606,0.1980695363375968,0.1945753707030054,0.3036429362858346,0.4067541046651563,0.05108591799185785,-0.3766139111106083,-0.18002406051210468,0.6580613474391088,0.5838719504114501,0.7235854578897375,-0.12099503437218002,-0.15078583680621666,-0.03819572526711991,0.40448778967994886,-0.0638524726966879,-0.037973331428347426,0.3275016041440246,0.03889206047693955,0.11396971466551759,0.4355385891437972,-0.11863288385924585,-0.5339741378343249,0.3820309445472857,0.030198171712282566,0.061885862107043575,0.4072873788689249,0.08182648491956969,-0.4672403725643871,0.21742141660471842,0.25662807897817763,0.2615253353789761,0.375448628372813,-0.4428658344228118,-0.2464230273944024,0.3987389428338416,0.13353133312082036,0.6987855754662685,0.1992810854985827,-0.22716154478542575,0.08717511277407991,0.019800195159853814,-0.4581340637609974,-0.17596020786727512,0.4648358331295716,0.18188221522120734,0.5646853110446547,0.1393300016425238,-0.04358875186170625,0.42728881059781354,-0.2656317220143551,0.09454609467869833,0.32508487713287676
Parietal_Sup_L,0.06722962682681544,-0.21588261324368352,0.3740223333467521,1.0,0.3197808226642618,0.43678256832612017,-0.21901879325107096,-0.42383247221354564,-0.3539729159150862,0.2220358837655384,0.37477783348603916,-0.47315033937494944,0.4329678027621731,0.19935554231561528,0.1916508068811887,0.19281298711219572,0.23021633744619863,-0.19347189203560144,-0.5038379344721027,0.24860492513032986,0.011348514281992333,-0.35253377076764253,-0.16838120833613865,-0.11023976114453889,0.48282470106963576,-0.017215056509456268,-0.5033653174393984,0.1891504257479704,0.281305272945754,-0.5411848553253854,0.053750876428062117,-0.014471246805391058,0.48825961617583247,-0.06814260548731482,0.4097400286590746,0.2610292335169715,0.3318213259832186,0.09316603105752229,0.14203012270694781,0.15624125900584107,-0.09309252160440658,-0.41665904191883707,0.15145394378982016,0.043566412710365876,0.16162833497771797,0.3017970725467637,-0.18369227444919678,0.7173003040058572,0.03328832197728825,0.1245537122507231,0.19645118698094027,0.44102583337903783,0.046296311734027845,0.1210362400211339,0.6975133381953766,0.1944650691100371,0.4247543601782974,0.08833433189309067,0.38238852277691915,0.011249741474195865,0.5174129009014797,-0.17466163170117296,0.064051522494149,0.4847524408475065,0.25779857038931225,0.2669421110786478,-0.0347044669120783,-0.21902165079500127,0.4610789982866149,-0.49411655692797646,0.1471897555458385,0.2518465500655417,-0.3486276831271796,-0.45698386784191247,0.5203798510115616,0.2496902183494978,0.21787635511632827,-0.14350712733197948,0.26349083925847544,0.14742141780206364,0.5542917940870048,-0.3066384403715721,0.2033871307402507,-0.09833360437663857,0.39617485036217465,0.1789208283542476,0.3529847724126293,0.23025250367738478,-0.21260505610340913,-0.2898844408241901
Thal_VA_R,0.4669324462211015,-0.44117637045231406,-0.21483971208087682,0.3197808226642618,1.0,0.6138659884678646,-0.29795444859131404,-0.465402418753542,-0.10832183314730474,0.3495058617176577,0.5903893004457792,-0.27596136831748014,0.598954436603328,0.6672652424036687,0.44716383766748985,0.33203164803890534,0.36154712428406144,0.33097595363258325,-0.5065207461246597,0.6847710364221293,0.1313173765820791,0.23319304449730685,-0.018943081273872345,0.10925902635788766,0.7362844798011806,0.3960180791510114,-0.37489718919906617,-0.07632926766799722,0.4998814946590268,-0.4787770863515739,0.2938637308185223,0.34117307060591107,0.7188235187524299,0.39677871196376213,0.7690449068047234,0.390019933063649,0.5345759268372561,0.4996973874368383,0.31838853256382976,0.2780527226430613,-0.014066005071526453,-0.45751602644945616,0.17971240930388074,0.6551883738254736,0.39294495390955414,-0.12642967251851364,-0.44323953237361313,-0.028631047743349743,0.2501279074059216,0.4496517250220804,0.379055399948238,0.22933534216751028,0.30826293276925626,0.5569976719783273,0.39359736764013714,0.3719481387355031,0.5428649830536222,0.0029381602149932667,0.7145028586363453,0.5387594836861719,0.3079769035120038,0.23511788350426815,0.17873005076457607,0.29988972520322027,0.42653843829452814,0.45720960076471223,0.19575984745599598,-0.06815112308996896,0.33614963568227846,-0.4660859476319134,0.4673985870593438,0.5112887216605205,-0.3272200927167545,-0.1818062791085593,-0.09448939340919965,0.25067833852557647,0.688404924379236,0.031395518050622184,0.41984359224369694,0.5761059301741018,0.6376012130813685,-0.3644592259310329,0.08192383702298037,-0.27668946413994994,0.5817121146549937,0.35038462327505243,0.1581832322097488,0.41937105221994053,-0.04645386708497643,-0.16038551001786738
Putamen_L,0.43527596928873874,-0.3186632014092555,-0.07243098934868632,0.43678256832612017,0.6138659884678646,1.0,-0.32574276134346536,-0.439814823758417,-0.15050069396228402,0.3797397132413318,0.5015316011126998,-0.26627321784989655,0.5361098010332727,0.5160194125341608,0.5033627912807661,0.41290370525510955,0.5406636959185301,0.30710716730570886,-0.43452548653219536,0.6849698307796167,0.3018566300684568,0.010433204447707279,0.0535819154436182,0.13910524952307587,0.5990108539946648,0.3564585091325104,-0.473775302661587,0.09220355468023105,0.4048284515443892,-0.4651994352647119,0.5485579250832882,0.4314476616167272,0.634207627052414,0.310060173791406,0.6428648960174114,0.37957055616876634,0.4813924519576023,0.49424154040883644,0.43911581065326777,0.27515145203596675,0.011149252189288755,-0.40345774241411597,0.27068572443835787,0.4965729821812043,0.33444347250090456,-0.016327383996567368,-0.34575689365462736,0.11185073033370932,0.4316071417462278,0.45728396598284154,0.5024695809403381,0.3046947338771368,0.34741228227241683,0.4486624778679714,0.48995601893326024,0.47779597939388657,0.549912113527595,0.031673282291649715,0.515768947366932,0.3630530163082315,0.3663681699331247,0.12751424580287174,0.2581175566455942,0.39306052604362973,0.504153826256057,0.5902455293770977,0.10008823992803849,-0.048100511159536175,0.26025357060276244,-0.4418733170626469,0.4120029826324069,0.5085957730554863,-0.2346409614066832,-0.20681217557194462,0.0933830127901898,0.41190545638104453,0.5481752264095807,0.16807461209235514,0.4284579886555909,0.4432146029865824,0.6466309472276425,-0.37521641196120875,0.1544648053479497,-0.344633276798793,0.5569316330404158,0.5460710531700714,0.296379834032176,0.5692931967379488,-0.034441212924366534,-0.15328065630320162
Cerebellum_Crus1_R,-0.69595849881884,0.8328508285207601,0.45076554486569737,-0.21901879325107096,-0.29795444859131404,-0.32574276134346536,1.0,0.7541949870495582,0.18027964786345374,-0.2858033522788026,-0.3703946991888971,0.6592151882221648,-0.36510254932179226,-0.27402424960276345,-0.2925282609001413,0.44973827014462026,-0.33638418581729596,-0.5687323207145715,0.7604776020620898,-0.3720567797624325,-0.13885267666959955,0.12237558451783512,0.031234728752845387,0.06801183094532032,-0.41651327351277945,-0.46070687025485263,0.8336346337964093,0.6435043484246831,-0.3769533093742207,0.7410423666522347,-0.279309930574677,-0.10320199527041386,-0.3173851224623295,0.1506294492387241,-0.3070202487230633,-0.24240384609055665,-0.37300462518906335,-0.24164956757056455,0.15331116739241182,0.3365551280478559,0.3968825051535267,0.7444435454883334,0.13618980741002304,-0.4497446214118009,-0.1461539390105729,0.5773471836326852,0.7826794461180147,0.24958455733421286,-0.1202834428195637,-0.045001047326319314,-0.23741507996337735,0.260223443012035,0.0438537023774464,-0.22597106047765966,-0.04087064697428696,-0.11084289445626674,-0.15704938433450139,0.43854809877954787,-0.32082579048860577,-0.5127037345846773,0.4794769219961568,0.27714297860081716,-0.011365487598187087,-0.1658991083611432,0.09591848593870171,-0.47663949892640217,0.384737236220143,0.6270889593601167,0.47169979449681376,0.7401850640353371,-0.44184281295673133,-0.3409660280047439,0.5918100785946664,0.35504653647945916,0.5617055383304912,0.027537294624792628,-0.20887473859071506,0.303899575143922,0.07227663089537185,-0.507875466954017,-0.3411082232632808,0.871502088757364,0.43833127578042175,0.7915368670293671,0.20034525822175797,-0.08851879465623004,0.411000351199391,-0.2914110463816202,0.2149971989563082,0.7805245229551299
Cerebellum_7b_L,-0.6720622760458786,0.8560222450922385,0.4249679889220277,-0.42383247221354564,-0.465402418753542,-0.439814823758417,0.7541949870495582,1.0,0.2500221907101405,-0.3910888199792652,-0.6847057201734487,0.7470287221527668,-0.5617892111163797,-0.4765986537734632,-0.46950968706917184,0.24752741973999914,-0.359110298522587,-0.3384810953616526,0.9030666181184985,-0.5676725810470098,-0.1393405330806289,-0.03198431917971139,0.187593147294891,0.17537967710361158,-0.5983519112659057,-0.5781458062825886,0.8789263079463862,0.5682422447146606,-0.5992731670148957,0.8859524264786942,-0.18030128491977684,-0.1233129129056236,-0.5089710567150275,0.1722317230517434,-0.5372243929726891,-0.3077282458845151,-0.6418197034465759,-0.24611612881949207,0.08772955382127756,0.07679658898012207,0.3503173508719232,0.9511890899043485,0.25088359029872676,-0.625520053515566,-0.2727049770878839,0.5330733502934788,0.8299838582876762,0.11844035795725105,-0.1575755159421401,-0.17268790385222205,-0.19219478645086566,0.16767564423661402,-0.09240938229806657,-0.29799259506938236,-0.10724218486418571,-0.1433641563882398,-0.4467087692062391,0.48158863808268143,-0.509853209249435,-0.585444811297005,0.03788480152588784,0.34087157300244963,-0.07794162643727055,-0.2983173304560804,-0.11488378635526736,-0.6811070453893511,0.4287196850779168,0.6543146829208178,0.007891059030788745,0.9392908822101174,-0.6065743779635482,-0.49652553891463996,0.8242033253262551,0.5686736382584255,0.39938021083846886,0.1242529232777677,-0.30095072201388373,0.2877048023075175,0.122777604160955,-0.7417779550845842,-0.46499105880923297,0.9164948775666103,0.12723841289589924,0.6749300849439362,-0.10004646221842627,-0.23344557631429516,0.17501790879627713,-0.5474019383498743,0.5001069545050666,0.7952547304832833
OFCmed_L,0.06652560378997846,0.1438569396096278,-0.07143854679061086,-0.3539729159150862,-0.10832183314730474,-0.15050069396228402,0.18027964786345374,0.2500221907101405,1.0,-0.38531683644741804,-0.0935606844672246,0.48499051109833186,-0.11419549832895354,0.05131632939335547,-0.05676316676738099,0.030104744455811,-0.3208274989389343,-0.06436208588052209,0.22192751287156903,-0.004640568647405921,0.24936481526826346,0.24267591022617016,0.09463238980488113,0.10424599348369074,-0.04317834966743545,-0.1647138592916743,0.3718689205472315,0.08720399136900286,0.11110270432156207,0.3199972365967909,-0.20274476958615995,-0.043367629283641594,-0.0389895159106907,0.07086663076662772,-0.057438004993758784,0.03406277480072211,0.06939450838026794,0.24889152196572248,0.021466754876723913,0.36232479291140346,0.09355586685178917,0.20325938074176447,-0.04307469802786578,-0.05868434191994352,0.023799914044837226,-0.014614395305308489,0.20034581362044693,-0.13463365437413077,0.20224073455297753,0.1334914168327928,-0.19556709130033745,-0.03157118622055915,0.14532313462474353,0.0443392672646948,-0.2588929884974459,0.12079934634527999,-0.11369066570657926,-0.12983849259822633,-0.05434429489408801,0.16588391369211644,-0.07170298576882608,0.18386973018864453,-0.1855023293526117,-0.2094494851152289,0.13015858723730878,-0.3232876687765896,0.14030945373781079,0.13688961296685798,0.03638373994962175,0.28258281292784815,0.08345618860198518,0.154435743689146,0.2658447934015758,0.4209649888329813,-0.10314970524768205,-0.04018396544782591,0.017568023275804992,0.2884597221922415,-0.0001230571130464068,-0.08035962445633639,-0.23437888320422498,0.2350244118261022,-0.025708557903730046,0.3026040872824705,0.025704525738724414,-0.06824739886764357,-0.22792279497338575,0.08599212799272461,0.06390494731790707,0.24509325047305539
OFCant_L,0.140251821594145,-0.36065965572635683,-0.23040981891436743,0.2220358837655384,0.3495058617176577,0.3797397132413318,-0.2858033522788026,-0.3910888199792652,-0.38531683644741804,1.0,0.41979000216880225,-0.47324735176118715,0.3229780213581716,0.2663875908316538,0.3027350107189463,0.0660013027264894,0.31225672879839855,0.22689143512095483,-0.3524941109970603,0.24694873112547167,-0.33419255135141596,0.016662958390701255,-0.179871019501275,-0.11901809942854967,0.26615980878294193,0.40492569574825515,-0.4639250766176461,-0.24298289818956287,0.09808620054575953,-0.41954469074369816,0.24602444731342948,0.2183222902845499,0.20778764012581982,0.10373411058900192,0.36571538848566804,0.18999460450274558,0.2362035963006634,-0.07441371009209094,-0.04419393621459841,-0.1453051463380431,-0.07425944088044356,-0.37998366801364347,0.08730017076293765,0.39865470412109355,0.033250945403449375,-0.2127796063015695,-0.39223654378549605,-0.15011991147668027,-0.0839047155790393,0.02108233979167473,0.1527417759878549,-0.008505433774631494,0.19222408072681027,0.07453040550828617,0.17413609312454498,0.16583671470324118,0.1775235895821892,-0.08626272386063569,0.23175141955419462,0.1278263301997977,0.11512709830606596,-0.08982237109252228,0.123872733005904,0.17391772490221624,-0.058345810771125675,0.5496616009552525,-0.10449099187984834,-0.15997605174174961,0.07145397686363072,-0.4453876234613812,0.22029717749397987,0.07023597521066387,-0.4476404093735293,-0.41417642581879965,-0.09661253653063775,0.191473561132754,0.2507785480538433,-0.2730684405661622,0.08075686377462962,0.35700975200034907,0.4028467219054481,-0.3812336546857462,0.11261214752988177,-0.4237048524295834,0.1835248575838576,0.3386076177517132,0.21963840713134192,0.15560011262634998,-0.07720440102077887,-0.294582781964851
Frontal_Inf_Orb_2_R,0.5399001575371699,-0.6370120472091763,-0.3596224321673588,0.37477783348603916,0.5903893004457792,0.5015316011126998,-0.3703946991888971,-0.6847057201734487,-0.0935606844672246,0.41979000216880225,1.0,-0.3169736704441637,0.5541509032417621,0.7423986660521,0.8508882905540159,0.10814569937308778,0.2659053568330682,0.12355022578344502,-0.6498424487031812,0.7101919326412021,0.08406033406983159,0.13648307932821563,-0.271783623889221,0.016525423695716884,0.7266016294015238,0.579067506417082,-0.5972221311805975,-0.26055536055046885,0.5971944299854179,-0.6927556065407757,0.0879300040847805,0.32015179897495444,0.5558046087400386,0.07910116109669728,0.7305873457105431,0.3371207048748401,0.8373763185226243,0.3919547094490378,-0.035468576246816576,0.31370364948332075,-0.15803038689906684,-0.6979803382918226,0.05969234338537414,0.6890043835162648,0.25672571818777823,-0.3949494214350626,-0.6803705406176589,-0.14384208828524275,0.20786163084452042,0.3600994771790991,0.15985153357902296,0.03854461020774214,0.5719696445207969,0.4037790629462514,0.18650574188559566,0.3530645719756254,0.5740889070878364,-0.35032542538844413,0.5562056763042154,0.6920053891081305,0.30757975568125934,-0.16194495312015306,0.04715681699933521,0.23984971828619092,0.4105814267230731,0.5753862847653054,-0.19255658690712377,-0.4035652664604705,0.3567728763457744,-0.7353285626823125,0.7881214044213005,0.7866763700826741,-0.6532687753566796,-0.21416034351531113,-0.1721240370656935,0.17090624700122597,0.4572156476922666,0.08922275775401446,0.08980855190438664,0.7510493141195176,0.5378284577185314,-0.6104386737739905,0.18345201701524763,-0.3661934791723745,0.45669186521115207,0.5220130981565467,0.12241953894641473,0.6427695085850035,-0.49736885234867784,-0.48603204869076094
Temporal_Pole_Sup_L,-0.3792501759396226,0.664371786188557,0.28804453403871005,-0.47315033937494944,-0.27596136831748014,-0.26627321784989655,0.6592151882221648,0.7470287221527668,0.48499051109833186,-0.47324735176118715,-0.3169736704441637,1.0,-0.38903309930481966,-0.137255607845923,-0.11145516637893421,0.2851110894611174,-0.28559206099931544,-0.3088875582357103,0.714650035367845,-0.17492573239447648,0.0897329997156204,0.11824095308012453,0.21247334300507498,0.15816764846092068,-0.2626851655996702,-0.3290472461545452,0.7889664407621635,0.47629244494845047,-0.2072573838645352,0.7470903967105141,-0.27219255548954946,-0.016556591452385912,-0.2289100349885463,0.18742434545780318,-0.2574334898381279,-0.1825661759899599,-0.18171873392752527,0.09546027502785964,0.09868189743082116,0.43825845282766673,0.3781330061615087,0.7341290086100886,0.10038775222743428,-0.28357606164509164,-0.16163966504567595,0.33162470796116944,0.6322829782890175,0.009229839470049447,-0.008126932992518043,0.08372528386454724,-0.1454906323712148,0.1602215050231536,0.19703445873822595,0.02486549552484811,-0.21423519150903098,-0.0039894535872564444,-0.1800071438480863,0.2914428510666505,-0.24384372284211187,-0.17892763972689837,0.11497921718920835,0.30559255490330905,-0.027624125439565984,-0.2441763783788806,0.22060802919751904,-0.6348353604931385,0.38005928887372087,0.5311207931719841,0.13588815618600114,0.7569954802573291,-0.20704309313417205,-0.06977245765026856,0.7249106218498645,0.758827026121415,0.26401474509265865,0.08836053463543453,-0.06414424908434058,0.4762000636112065,0.09506664135680178,-0.40688366526137876,-0.4077215413530412,0.7575607218540582,0.13312085206425542,0.6834729550864153,0.09895744172971001,0.007528304292381989,0.13146150828167213,-0.19081603219207469,0.27137233342226325,0.654886013377459
Cerebellum_10_L,0.45475551323618413,-0.5003774960217091,-0.14282142629625333,0.4329678027621731,0.598954436603328,0.5361098010332727,-0.36510254932179226,-0.5617892111163797,-0.11419549832895354,0.3229780213581716,0.5541509032417621,-0.38903309930481966,1.0,0.41419802918477155,0.4226334009868195,0.19133918011623963,0.3033429980725562,0.25255547601787176,-0.6091873945584931,0.5492837013592837,0.1632036914262456,0.23606714091312483,-0.09955940222834693,0.1190278277462839,0.6039185990648671,0.3602673842460839,-0.4970960701993911,-0.1688743396008758,0.45874361813206493,-0.5660920918992024,0.13816435072777042,0.24392819829008605,0.6119065769474759,0.23735211929793823,0.7024985139464787,0.46153091594284884,0.5744468442347274,0.4113243374212882,0.19349394986336188,0.23174207953684206,-0.07657767873613364,-0.569087148672904,0.04747855702593572,0.48536899305138725,0.3298906887365412,-0.18433842565715663,-0.4863285877174703,0.10661888379936724,0.2924721840176098,0.20419800791919035,0.2647278504611108,0.05472179778693404,0.27576851593343366,0.4002789487496728,0.3526759900986751,0.3883052590198002,0.37568243652934563,-0.12254112317727588,0.569637439754177,0.48487055448647354,0.241114080102318,0.07152879283786145,0.002022821636906444,0.18389023604019406,0.20473397499466853,0.48367254429894885,0.1272863358476703,-0.2048871772357403,0.3194597032045165,-0.5798745408508899,0.4868767450298025,0.5029019028894265,-0.46449643805654617,-0.2805638376359566,-0.09013324662603482,0.21280013874690876,0.42891861436761086,-0.10143298755474559,0.10550150759092478,0.5311349458532056,0.5082838679176865,-0.4676556295473319,0.1212388312737421,-0.2750007467432446,0.35789185755328706,0.30689767624808306,0.1007265433728332,0.4281408439790673,-0.16713766193366827,-0.2913756735774293
Frontal_Inf_Tri_R,0.4468448761796913,-0.42438944139536633,-0.35595223269305754,0.19935554231561528,0.6672652424036687,0.5160194125341608,-0.27402424960276345,-0.4765986537734632,0.05131632939335547,0.2663875908316538,0.7423986660521,-0.137255607845923,0.41419802918477155,1.0,0.5816626293294522,0.28050312659511184,0.24829007773435577,0.21205965788889689,-0.46035383175097233,0.7792328353414294,0.25080464768057537,0.09150767798676294,-0.12399491155924851,0.08185418228416372,0.7806067719679054,0.4141183655288489,-0.36703144561091916,-0.051490972696413305,0.5591033117135901,-0.4314691544078242,0.2721498075531867,0.31330440364719103,0.5946886607784679,0.2782080330348644,0.6658436938362957,0.28141172262183906,0.657567253073677,0.49039764703928435,0.10454094482933324,0.3871084438832911,-0.057629631109477344,-0.4550912698982468,0.22755092446627448,0.6443172642298259,0.3224777333347647,-0.25977452754318053,-0.520570501914521,-0.20683794979074305,0.28837390028297855,0.6180454718355194,0.29196537601774036,0.3797242432378996,0.3093091256041606,0.4519494231882439,0.19991664289859426,0.2701785877454547,0.6631094345108091,-0.15514252443924356,0.602243460704685,0.6568829694413095,0.3517819098956475,0.09167562138582812,0.16942803321597003,0.32602357217680317,0.5585745117653774,0.4306638892957511,-0.032322466474956825,-0.15307451210887071,0.3666512513059974,-0.46973625932183255,0.5845606504360262,0.6432703797499506,-0.39144885264514434,-0.0724714088846063,-0.10801957166907827,0.10607966270243349,0.6774193746076266,0.14118594677421029,0.4853987122156795,0.5953252986036845,0.5240308382778064,-0.3790315787624959,0.10702678655365071,-0.19993254587177411,0.6874081676890608,0.3485566053786372,0.08804385634738958,0.5334529641443184,-0.17837724892330678,-0.21364672092217166
Frontal_Inf_Orb_2_L,0.4591104183304091,-0.48060265901333626,-0.3230742919612383,0.1916508068811887,0.44716383766748985,0.5033627912807661,-0.2925282609001413,-0.46950968706917184,-0.05676316676738099,0.3027350107189463,0.8508882905540159,-0.11145516637893421,0.4226334009868195,0.5816626293294522,1.0,0.1497848227159838,0.2497841510675601,0.20021728484715984,-0.4152391538578291,0.6923675992196325,0.1857430572573013,0.17408202714425977,-0.14592480231994287,0.24466719345277516,0.5446635720559488,0.5744195452962199,-0.4403393133736994,-0.13002028660367285,0.3977158198047054,-0.47896768813381924,0.2033031467157496,0.44520096393365977,0.436475214177666,0.17986468903044786,0.5998657426527452,0.30429674820244873,0.6784496212899743,0.406993190547138,0.07117941933441932,0.24025946156636332,-0.1249087376011389,-0.47328296324783264,0.14106730231319908,0.590582470030056,0.17540903285601417,-0.31901526008956155,-0.51180137332471,-0.21261357905602365,0.23405595435919976,0.349824516936623,0.19625739633903966,-0.0026555637417495373,0.6152162387668387,0.35148100214317224,0.1619681701865429,0.3502340827756816,0.3962958000795514,-0.2817140486899754,0.4004573695849991,0.6051749564585693,0.17737229495946605,-0.03984673571032164,0.10218590953749633,0.13634755093179407,0.5082880267276698,0.4742120206244757,-0.08303826972515185,-0.24318486505992026,0.17108875964363598,-0.5000041363691008,0.7637676130692855,0.7710988897849167,-0.386291928469395,0.02129534363165032,-0.16541951371607735,0.29011318375692974,0.3813458846350889,0.2894314301422752,0.12057404206900894,0.6101379749564017,0.4534081920174487,-0.45960190664962497,0.1290113746883373,-0.33387507088160395,0.3524615538421851,0.5756693851353228,0.12981213499297387,0.5357796531938609,-0.3612691972962933,-0.30651265074804185
Fusiform_R,-0.2640079441520624,0.4256412101911233,0.2060979215446782,0.19281298711219572,0.33203164803890534,0.41290370525510955,0.44973827014462026,0.24752741973999914,0.030104744455811,0.0660013027264894,0.10814569937308778,0.2851110894611174,0.19133918011623963,0.28050312659511184,0.1497848227159838,1.0,0.18573741909158745,-0.14633371848756918,0.2412634136338478,0.219192084121499,0.08709909405266242,0.21309039534861202,0.006642212234095724,0.18753962136000069,0.2701045031210935,-0.08733752402930338,0.25297461456263304,0.6398095122071726,0.011625610285752735,0.211128502924746,0.12773041689017287,0.3856288239544846,0.3213532945061099,0.7052261027859904,0.38751605794416705,0.15558310765918207,0.08176495077952109,0.12297776034904982,0.5126718881098075,0.3196119167887304,0.29419565139741244,0.3120309115455299,0.4993037725383087,0.0031301451578152435,0.29359224795521266,0.5605574552651318,0.3481032155956151,0.2637172330848146,0.15471381013270438,0.3795397557807606,0.30186862483426613,0.6037177862793806,0.2166483535064936,0.16879849489634408,0.5415796789457478,0.17449502815487472,0.2591415830627087,0.43250169273867184,0.22563542908613274,-0.10868844638678543,0.6929778760385873,0.6016513384941456,0.21164282982534594,0.09887650797836933,0.4401024654741495,0.1262132232662602,0.4142924127928651,0.7130058174141867,0.616269798745762,0.306408059420178,-0.020827065569556363,0.10610976747797239,0.3997449582022743,0.19328402506194986,0.5742857143087378,0.29571638643271225,0.40219322357713005,0.34546574183129936,0.6288087393391513,-0.01850175958299237,0.3111488418148922,0.3916654774828894,0.35418144792694933,0.2943465849832172,0.6836751786017403,0.2862385948878881,0.5366227041326308,0.22194392587246695,0.3647407816194567,0.6427573595068774
Thal_PuI_R,0.2251213986331628,-0.25191026471727207,-0.06384159205633208,0.23021633744619863,0.36154712428406144,0.5406636959185301,-0.33638418581729596,-0.359110298522587,-0.3208274989389343,0.31225672879839855,0.2659053568330682,-0.28559206099931544,0.3033429980725562,0.24829007773435577,0.2497841510675601,0.18573741909158745,1.0,0.19623144593329864,-0.3186967311947109,0.36351067865343545,0.07042456206743258,-0.07211883534703892,-0.03525951644045571,-0.06010089382395893,0.38799816463471776,0.4125086874690788,-0.44357729444620503,-0.08245140288938788,0.20741303478541287,-0.3433433772274716,0.38875872844866066,0.3466768019380475,0.342651031735644,0.11716014059816787,0.2912919189409498,0.12478492478438939,0.27624917443248365,0.12178201483796863,0.20697573088293472,-0.06974910223020656,-0.03953719282271832,-0.29091752465268494,0.2092505399423801,0.3875740415523226,0.13085840315403108,-0.06689259439792203,-0.2853258627846857,-0.05136606819524068,0.060037348210640724,0.19136647969595658,0.42440912915360546,0.10950018581514802,0.10036894251474575,0.2556097882189818,0.3310152476515237,0.1290241861088166,0.3812832863414419,0.02279692349718599,0.31530728176199235,0.15281043373117728,0.11787558517830386,-0.08210709839945808,0.32122308899497376,0.2539149146552042,0.20756354078023412,0.5181878712325497,-0.10334177488269101,-0.09532584041720532,0.004638398175510993,-0.3486560907784345,0.20299976797737954,0.18784355278025963,-0.22866467211834507,-0.21120634995181725,0.0029884428264246475,0.0871534806558635,0.39358060267165124,-0.036292620762353796,0.22918369216868462,0.378348979854993,0.47887881668442617,-0.3268053079971982,0.02954326060514332,-0.3441257041424526,0.23032695328768996,0.2450301220922946,0.23926647874015364,0.3023809468841563,-0.09997434167148782,-0.23245666475934282
OFCant_R,0.5423718150935989,-0.4921270563795882,-0.5340071199941198,-0.19347189203560144,0.33097595363258325,0.30710716730570886,-0.5687323207145715,-0.3384810953616526,-0.06436208588052209,0.22689143512095483,0.12355022578344502,-0.3088875582357103,0.25255547601787176,0.21205965788889689,0.20021728484715984,-0.14633371848756918,0.19623144593329864,1.0,-0.3332390845775414,0.38173182157992375,0.17021813499644986,0.2074856231748175,0.17950589433575687,0.21853868562305848,0.20008611793105152,0.37966867937717175,-0.31623990041153965,-0.3969329716468258,0.17747685638962785,-0.3344813042388104,0.48381156991351226,0.2508246888787619,0.27045275923103934,0.27257717087742034,0.2826764918200466,0.2780430805181752,0.058823989622454144,0.3589786542023536,0.09450977941268217,-0.19825056305291525,-0.18488239144553922,-0.35758570554343794,-0.017966183251838304,0.43455652750830354,0.2858754263429016,-0.44905302737079006,-0.4983036344416605,-0.4191960550603934,0.10390225816995843,0.021502203909322844,0.255049090104023,-0.21512840635424169,-0.07721114953292199,0.23066875151705535,-0.05980974079818361,0.1305426051659493,-0.12986951653925866,-0.17331327298323213,0.3148864146065814,0.3975775754360461,-0.40755924782528613,0.1315265999624852,-0.0039656287846046665,-0.027881141538877635,-0.04328312084031755,0.40807052821022277,0.05300555310841593,-0.17424744264192024,-0.32534121755483864,-0.3012248978425046,0.21013218120943788,0.1636594043778113,-0.18472873596465073,-0.13534376844559026,-0.5784529261197259,0.09579890969733848,0.31917145421958715,-0.30880487576132193,0.13191209478763474,0.34162196683351465,0.29432826449189675,-0.41199318365132803,-0.307560404091985,-0.615562857874078,-0.08491996726419972,-0.05158494949526999,-0.4044723937283476,0.05795180902385788,0.21723724661541635,-0.24644525667935147
Cerebellum_Crus2_L,-0.6775780993368836,0.8455383180130431,0.3272941183148318,-0.5038379344721027,-0.5065207461246597,-0.43452548653219536,0.7604776020620898,0.9030666181184985,0.22192751287156903,-0.3524941109970603,-0.6498424487031812,0.714650035367845,-0.6091873945584931,-0.46035383175097233,-0.4152391538578291,0.2412634136338478,-0.3186967311947109,-0.3332390845775414,1.0,-0.5412470028972253,-0.14675569229891533,0.03084068739407132,0.17499892531575822,0.1907675729020332,-0.6053199499854348,-0.47111683223292117,0.854485857612468,0.5036295330845335,-0.6115099713097697,0.8974996558171627,-0.16706024071309328,-0.05437112372118824,-0.5342701772927394,0.16915631032507458,-0.5651186009408493,-0.3464472401716233,-0.6565464814485025,-0.33471958340525665,0.09729036264569639,-0.023775969501462726,0.3713627917152611,0.9248404361172363,0.24558409851351232,-0.5859430704093361,-0.2599003344331554,0.4917220898158869,0.8110031713996698,0.004063786386965822,-0.16427768286931216,-0.1394793393196706,-0.17921357608660038,0.12797090092581692,-0.1289884891230641,-0.35139779649938463,-0.1488710764341026,-0.2065907172100228,-0.4195691838541758,0.4416100626347212,-0.539996366792722,-0.601769763624538,0.009007204862859506,0.31728767953843456,0.012412838581888228,-0.3085513035231173,-0.11208298796065654,-0.5861504616151024,0.35275556394174157,0.6673750281133976,-0.06528458408123605,0.9297160522411113,-0.5811204510811833,-0.502500101044149,0.7987509046104153,0.5371143039471875,0.340606224236145,0.020132270958802982,-0.2751364760249125,0.24771694524146212,0.09068012362917402,-0.671536591009024,-0.47515148919068273,0.8638499911869021,0.10634229237055906,0.6271247342006523,-0.14564443103581992,-0.22011606728373023,0.2077872957030239,-0.4888246332199016,0.43736978930565723,0.7873134320362432
Frontal_Inf_Tri_L,0.6059477915442767,-0.4988357816485923,-0.33097897348280436,0.24860492513032986,0.6847710364221293,0.6849698307796167,-0.3720567797624325,-0.5676725810470098,-0.004640568647405921,0.24694873112547167,0.7101919326412021,-0.17492573239447648,0.5492837013592837,0.7792328353414294,0.6923675992196325,0.219192084121499,0.36351067865343545,0.38173182157992375,-0.5412470028972253,1.0,0.384935902035391,0.14780789856473273,0.04333805047825414,0.15869954151242258,0.7998979784903025,0.5027640843416107,-0.4457832454770743,-0.09834982416580516,0.6437859536116937,-0.5193736285514404,0.4059359319292248,0.3687408255400575,0.7986438369339475,0.25442560624742017,0.6792258368553962,0.3424858426783145,0.6909605871535882,0.6193977776745567,0.3010487203538746,0.4255983668726425,-0.09489424927674855,-0.5516117462967048,0.08461017099271165,0.7060307772694931,0.31417911212532873,-0.2979600838151395,-0.5594617546407947,-0.08000197488695411,0.34415432298247883,0.6211702857261877,0.36461912063037893,0.24194301649247463,0.35243488229900405,0.6107074630709057,0.2612679061808637,0.32848409298946324,0.6004612054038034,-0.17411613111848787,0.7430234745301014,0.682937257774004,0.2642979320551131,0.09815674683082337,0.1580621403756014,0.2940362655577541,0.6628367119924327,0.4799675209020347,0.03620848108553589,-0.18967837817825065,0.27018966858112686,-0.5468737026637888,0.6563295229799603,0.7218633785820274,-0.3520371045169003,-0.11778989252347528,-0.1802828813687046,0.14066530116361073,0.7132168904904179,0.14431484316857612,0.3625572707928153,0.6588542559720462,0.6095160518693802,-0.46302488339068115,0.1208683429562893,-0.3177954283119301,0.5651292407373799,0.40234490431846087,0.013439713247015688,0.5728780644121222,-0.20273705089187977,-0.2694961290233935
SN_pc_R,0.40048555486665594,-0.10072105488452168,-0.06339683538916187,0.011348514281992333,0.1313173765820791,0.3018566300684568,-0.13885267666959955,-0.1393405330806289,0.24936481526826346,-0.33419255135141596,0.08406033406983159,0.0897329997156204,0.1632036914262456,0.25080464768057537,0.1857430572573013,0.08709909405266242,0.07042456206743258,0.17021813499644986,-0.14675569229891533,0.384935902035391,1.0,0.12284283388368902,0.18298893528845064,0.2274180390243098,0.24936925543096908,0.006427149050472596,-0.06471222957418583,0.05029962802876008,0.3768455471843006,-0.09017817033003753,0.19501672774053008,0.0613808329984001,0.26844852403769603,0.11900455504160344,0.21361806059471136,0.16211101196068356,0.2675008043181143,0.5147326218715517,0.2121911328493668,0.28692196023370525,0.00020635487388725342,-0.13910719210493258,-0.050148427462405804,0.1475053701170723,0.16621923140301892,-0.0610628506501896,-0.08863657587845511,0.014415022065330947,0.509114686622205,0.3602282871483291,0.17383698708141074,0.1420272537900378,-0.008588622782969261,0.291578749452465,0.01916230080302236,0.22072340334789853,0.24486947929497183,-0.07146724110089123,0.21028853634325045,0.35871169458566793,-0.003863268780576024,0.11573956388947301,0.021500295282658562,0.11619069519871138,0.42825042836817484,0.05869315839914862,0.07686927492459927,-0.012698895710235992,0.015157478143415575,-0.06138655347979216,0.24674731480168258,0.4287327832256285,0.045300133797016556,0.10058326093050177,-0.06787244962226653,-0.06838439960639262,0.20048674705296315,0.2801000419215502,0.14521526384407993,0.15206245314909417,0.09347813927699156,-0.12075736232205957,0.014472502862966193,-0.06956820251471965,0.16634134645072726,0.017918243077573646,-0.15804744867555112,0.3736652097602586,0.014288437930793747,0.007507895982866073
