,Thal_AV_R,Insula_R,SupraMarginal_L,Frontal_Mid_2_L,Cerebellum_10_L,Caudate_R,SN_pr_L,Rolandic_Oper_R,SupraMarginal_R,Parietal_Sup_R,Occipital_Mid_L,Frontal_Inf_Orb_2_L,Vermis_4_5,Thal_VL_L,Thal_MGN_R,Temporal_Pole_Mid_R,Cingulate_Mid_R,Cerebellum_Crus1_L,Frontal_Inf_Tri_R,Cingulate_Post_R,Thal_MGN_L,Thal_PuL_R,ParaHippocampal_L,Postcentral_L,Frontal_Inf_Orb_2_R,OFClat_R,Thal_PuA_L,OFCant_R,Calcarine_L,Pallidum_L,Thal_LP_L,Thal_PuM_L,SN_pr_R,VTA_R,ACC_sup_R,N_Acc_L,Lingual_R,Frontal_Sup_Medial_R,N_Acc_R,Lingual_L,Cuneus_L,Frontal_Med_Orb_R,Thal_LGN_R,LC_R,Cerebellum_6_L,Cerebellum_Crus2_R,Thal_MDl_L,Thal_PuI_R,Cuneus_R,Rolandic_Oper_L,Angular_L,Temporal_Sup_L,Red_N_R,ParaHippocampal_R,ACC_pre_L,ACC_pre_R,Thal_PuM_R,Heschl_L,Thal_MDm_L,Pallidum_R,Rectus_L,OFCmed_R,Hippocampus_R,Heschl_R,Occipital_Sup_L,Frontal_Sup_2_L,Vermis_9,Occipital_Mid_R,Frontal_Inf_Oper_L,Occipital_Inf_R,OFCant_L,Precuneus_L,OFClat_L,Thal_IL_L,Vermis_10,Postcentral_R,Vermis_8,Paracentral_Lobule_R,SN_pc_L,Cingulate_Mid_L,SN_pc_R,Cerebellum_10_R,Temporal_Mid_R,OFCpost_L,Thal_VL_R,Hippocampus_L,Cerebellum_8_R,Cerebellum_9_L,Olfactory_R,Insula_L,Supp_Motor_Area_L,Frontal_Mid_2_R,Cerebellum_4_5_R,Cerebellum_9_R,Temporal_Pole_Sup_L,Thal_VPL_L,OFCmed_L,Temporal_Inf_R,Caudate_L,VTA_L,Parietal_Sup_L,Thal_VA_L,Temporal_Pole_Sup_R,Cerebellum_4_5_L,Thal_MDl_R,Rectus_R,Raphe_D,Olfactory_L,Parietal_Inf_R,ACC_sub_L,Cerebellum_Crus2_L,Supp_Motor_Area_R,Amygdala_R,Cerebellum_8_L,LC_L,ACC_sup_L,ACC_sub_R,Cingulate_Post_L,Thal_LGN_L,Cerebellum_Crus1_R,Thal_AV_L,Paracentral_Lobule_L,Frontal_Inf_Tri_L,Cerebellum_6_R,Thal_PuA_R,Putamen_R,Vermis_6,Temporal_Sup_R,Precentral_L,Thal_VPL_R,Temporal_Mid_L,Thal_LP_R,Cerebellum_7b_R,Temporal_Inf_L,Frontal_Sup_Medial_L,Thal_VA_R,Frontal_Med_Orb_L,Occipital_Inf_L,Parietal_Inf_L,Vermis_7,Thal_MDm_R,Amygdala_L,Fusiform_R,Fusiform_L,Angular_R
Thal_AV_R,1.0,0.22488701224981686,-0.011387407278398393,0.629541265768061,0.5292013481781099,0.6022959414639778,0.29404253034193445,0.4815991006761106,-0.050012197654160276,0.03012702136619077,-0.6871533110985656,0.5557926138231425,0.09818039918604,0.7084839171850678,0.024956389565875214,-0.4579841892156173,0.5008378299837911,-0.6051760876961166,0.6795246155981393,-0.018082707115883813,0.2370982189431252,-0.6084169565934822,0.6233293842011467,0.46220337659313476,0.6518734548959604,0.456047746668459,0.37119947598082453,0.508360282580535,-0.5889413745511126,0.555336875189449,0.18388825900914516,0.3072047700643194,0.29528764597577856,0.36841248085676265,0.32538754283091786,0.3086029414970278,-0.37838611276509465,0.5942071100109414,0.1799753943302028,-0.566678426648999,-0.5109511726883116,0.40435728732726406,-0.08415662103020484,0.3236814625595191,-0.5690177827474945,-0.09620949461919455,0.09786984456013487,0.19156867560191693,-0.36100611669824684,0.24042221526859475,-0.32535916348899296,0.005838217458770322,0.2882059196635458,0.6431743796365874,0.7142387864177883,0.6574819692098164,0.48746090273897663,0.3374231100155968,-0.13431814966290023,0.7388798032244207,0.6334987645381914,0.45772717174612126,0.6257112900221153,0.3029100098864531,-0.5052738766130854,0.5287814165634369,-0.6476727657474761,-0.4702644496433476,0.41350799861264353,-0.5917217418801197,0.3268280403806187,0.1796595397934082,0.38863618362410557,0.5174935702701138,-0.17237877105212884,0.19030531818089014,0.19468382086940184,0.08808943389875526,0.255105715558392,0.5805446560243979,0.14551601556149585,-0.00872764499342405,0.0005712575949478853,0.5525259586026628,0.6713235637507903,0.5208829316572406,-0.46201261979000063,-0.5501552013713574,0.5772643107133509,0.4566825607617864,0.5234697560614672,0.46016862003724057,0.24462833833020473,-0.6006474789320404,-0.3431978001303321,0.7254226712740032,-0.030372077415804347,0.1087818488149614,0.41280301881528003,0.24612299514969335,0.10162834478712299,0.5430487055407471,0.5288070059851101,0.45062609716917357,0.30975939417655235,0.47221734376562663,-0.18541885725252288,0.4566807341678147,-0.1315075489340104,0.6149306464766314,-0.5710670571373667,0.5631259279165299,0.3814126660633035,-0.5824671423054775,0.34471101036286894,0.2407746559858785,0.565766831481129,0.050577327913456295,0.6408203603423448,-0.4692574608897747,0.08202391224597552,0.46875225830656403,0.6554143004708055,-0.3628664689321477,0.19389387111118636,0.4791219103479755,-0.2856280362068016,0.31996301717072695,0.5270827810945663,-0.20728467658874156,-0.4949189745593268,-0.49082459309280024,-0.38368732906038083,-0.4185828158617017,0.25141960446979994,0.6737853323329575,-0.24698592848417295,-0.5546814787437936,0.10496294791409617,-0.4615169710033246,-0.29991919663627303,0.5749781427766337,0.03012044200030542,-0.3594208118243631,-0.21334698773882269
Insula_R,0.22488701224981686,1.0,0.35777923276129303,0.4857616503689594,0.29536396078983684,0.5605655236206865,0.29468907936401645,0.5518242078792485,0.5029772247693687,0.3113497512782252,0.024470401032309082,0.5168422440414335,0.20011705691997952,0.35103217426074307,0.44246409721581476,0.22449505668849892,0.38168031541794334,-0.06092093071651052,0.5743914148946085,0.3098214752297655,0.41157173168480005,0.05141010030241033,0.38717462042556117,0.39924934561672687,0.48031088079192313,0.08521670934896643,0.23744894306565792,-0.1569678662454239,0.1772231282714718,0.49638734671121837,0.31880991245305407,0.39957853180174685,0.32677656466162425,0.31629606994239967,0.6052168770543624,0.3662696667153912,0.2597913678637068,0.48693009813300625,0.25415104002628364,0.15889506653338814,0.2167130673112129,0.05208712091188076,0.034994758330836,0.26042895644616865,-0.09970869731939207,0.31537372411605197,0.14865021667691924,0.14239161713014972,0.32942314542870166,0.8427979987391654,0.26867377133543446,0.5272051046158254,0.41233949066344183,0.5109156603947276,0.32344671624086996,0.4589392822253787,0.3635167397322118,0.5687840130693538,0.2754970113374071,0.38184570246519633,0.2674982359292491,0.34729252095921814,0.4863032921565615,0.7490729804172951,0.15715902081406574,0.50712979890571,0.030697286554258917,0.3492869794207214,0.8021015887886952,0.1291916572553747,-0.041341584567075,0.4095690557865761,0.009960795578804462,0.34889281002249006,-0.027394100911934602,0.4097179045438571,0.059277217802877286,0.1408683636528643,0.28624705532526634,0.40476492102235023,0.41783495734064074,0.18791813669476726,0.5984971726577618,0.5137934345722049,0.47407652272091627,0.5369783191381998,0.12184299092031423,0.03218799568173913,0.5885846127668684,0.800440772282632,0.40902548083386714,0.3735598690917708,0.22982205547976597,-0.0034159831742300987,0.2316373187463121,0.2640778809299327,0.14024440437887575,0.5227513786908169,0.38132114911122794,-0.05527658503473885,0.33564546364293935,0.5384588939970486,0.591431188939864,0.4620800558801326,0.4106962783671752,0.36007824902158436,0.1541448575814049,0.21775973035977966,0.23028150079019374,0.31825211414180454,-0.12636207563566934,0.43269447008548123,0.490536200344126,-0.07605768757513676,0.1769599767497139,0.1637106454729433,0.4136072029859607,0.34885599726709626,0.2242738341404473,0.1569473946060616,0.1287456402755517,0.306528244176012,0.5960938329343302,0.13873115963448002,0.30542084405736525,0.5343068116503151,0.12351191088528349,0.7170226189073727,0.47403990485999625,0.20323894195742123,0.028511974573927065,0.16198716870604862,0.11888587623271193,-0.1433399890369085,0.6158838597211536,0.42421568247324176,-0.037059069209170875,-0.10454870429359085,0.36828010425034585,-0.009565262844222842,0.10100491651338177,0.14349599702765167,0.4743407789776346,0.020046646345558722,0.46945609078608563
SupraMarginal_L,-0.011387407278398393,0.35777923276129303,1.0,0.3028136383891879,0.19151713580795368,0.21588885064472,-0.03144874936377304,0.1934548502770906,0.5197183169033472,0.467029815689053,0.21761763851651236,-0.011800013780427948,0.28345864774443813,0.2332221491598762,0.28871737072779596,0.15878069917741228,0.39291787448045296,0.04541240567730556,-0.006689608679999278,0.32352787923377263,0.1743968788316214,0.35184696701842666,0.11961868405632636,0.43644074972387803,-0.025709614497281492,-0.20960389726850842,-0.17479202725231802,0.003738490827327291,0.28982802572307914,0.18867798792148516,0.25328222340573026,0.07625594137759022,0.01253171168159265,0.11594130034355214,0.1158106548362075,0.025982295777912997,0.28604510103978925,0.2627266186916235,0.23597032577188762,0.21811035818702298,0.45509007767881066,-0.1279449800405325,0.2384475485054379,0.1315796435101265,0.056878299236291355,0.13326453717622472,0.12577912590213605,-0.06426484363917269,0.47448300570779745,0.39038160060020183,0.7340051807816254,0.5738915584045342,0.004813706976212052,0.2181542485217021,-0.07641298808466129,-0.02916874161552306,0.23748524217438688,0.33543207492206195,0.11526663694779687,0.12786572056713344,0.001484098435895197,0.1632420300004076,-0.0040497796421961225,0.2731960261995163,0.3674212310655729,0.5003032695000911,0.10954232119893578,0.4371313837894639,0.43661510567642675,0.226074134144709,-0.12781896633565049,0.5184980156589669,-0.027907183273471435,0.053140158506494235,0.16853840017712807,0.27488836329247124,-0.03149165645130439,-0.08899585703911021,0.027268383516622117,0.436988078146192,0.16008163376072881,0.31048375822131374,0.3834862659254932,0.011431861223516858,0.20122001364854858,0.32492805851470336,0.08270355242080996,0.14312050737884052,0.08932871213270174,0.27203837968831607,0.19660100310320208,0.20116316829988534,0.19513801567561317,0.09010069312444638,0.08416695475958406,-0.03458423791613642,-0.00928329044344027,0.3969103472590247,0.29188027966420227,0.049682559365218384,0.4878300145470545,0.3128566345006509,0.008672525638357345,0.20992190836479957,0.25660950613125766,0.21157362708104513,0.11370237677865669,-0.06796980701402958,0.2822740539551682,-0.05770663537600045,-0.06993785218030085,0.3190467798440251,-0.013529594174597159,0.00814239541968147,0.19080929317960996,0.04953949301586244,-0.10273644019410128,0.3689706295280684,-0.10831661843532,0.1265129730575841,0.043286410187719726,0.17285303341890487,0.23896688013297207,0.2077496832494678,0.11796138639622679,0.3019894681473636,0.19646953412019302,0.36714335013057126,0.4148786019504618,0.27760228842851054,0.27314117741783545,0.47692699185054677,0.05292725210531099,-0.036573402951065544,0.173382907332119,0.18413015064628127,-0.2078292158381033,-0.0243116553625756,0.6796639517098484,0.08710709817404214,0.23057667286134337,-0.011434265596002916,0.297508298447856,0.0744122644406072,0.5300157859374278
Frontal_Mid_2_L,0.629541265768061,0.4857616503689594,0.3028136383891879,1.0,0.6596494584247534,0.8744971565309306,0.32228647792482207,0.2967100347486707,0.2328004169195459,0.4073263429920451,-0.6044630991967286,0.5494268082581498,-0.06475842852316269,0.6900520119382227,0.24754460768744405,-0.2804356322359934,0.7433987503079478,-0.6756860115665335,0.6909712956015338,0.07052818781946416,0.5117041153561445,-0.3665859860968228,0.6742931251908204,0.7372094220537665,0.7239695522959624,0.42900540739809484,0.48548783850673133,0.2336886947466834,-0.5071788705328105,0.6941393835508733,0.45482280213229265,0.5755639745494846,0.31355718266465976,0.37721879505687644,0.7028883000730989,0.35480736109479977,-0.38331021173906044,0.8845549250896141,0.1558009226152134,-0.5052287359770612,-0.26787001513413056,0.1659406720665257,0.004856886510190174,0.32130557916046615,-0.6813554729199846,0.09085914219935,0.31535902143778055,0.37372641941786994,-0.01155836721778987,0.48826232753953963,0.1129337039847869,0.1809897869742525,0.32918064188899343,0.7448002009205448,0.6515101212501301,0.8166491984460176,0.5510470917428335,0.4718150213802675,0.038205492881044995,0.8157550435614779,0.6843271476732801,0.6046305305765812,0.745785319658432,0.6045839167923432,-0.30606209582239036,0.884892089513761,-0.5868688939253144,-0.11458798723997675,0.6817354038150821,-0.4758456384832732,0.25764773598761204,0.5631886010687456,0.26026846862511965,0.4126510698060493,-0.3423985386872251,0.24101743268568893,0.05784132962593465,0.006260083992389916,0.23870830263096546,0.878310998670611,0.2782536158543655,-0.0241914626613091,0.29931404648839227,0.7498071394076132,0.7696553351374495,0.6057336710535841,-0.44544812221732893,-0.549458442725069,0.7034092694074714,0.7511893811802289,0.7170061280320401,0.4938404313846756,0.10758479537684018,-0.613447912925206,-0.2756058316495238,0.7085948270781037,-0.047383830436554815,0.3479392184624945,0.6216180010751011,0.20668809218529374,0.4680789391074202,0.6305308491483518,0.6654623876630233,0.418442779033576,0.3583500886277204,0.7300775821648076,-0.08404909500176554,0.6054186685198768,0.128054052984682,0.5974297325723685,-0.6818295642524038,0.7930614107276533,0.543790706312268,-0.6630982136133796,0.37882677581672514,0.2501866715583383,0.6307407865860583,0.21696584020504553,0.6860103464460171,-0.43240427815529875,0.08312165524180046,0.633410099475958,0.8357393547087887,-0.43840139150533386,0.28451373824691634,0.6518071939081016,-0.3514046515316329,0.5209108252408344,0.8462443091087826,-0.006996869167742886,-0.4969347664463323,-0.13025176859494397,-0.31319279954846024,-0.5780049119990963,0.4738842998174016,0.7222043374159217,-0.3665958341075239,-0.644664835735703,0.5141253588809848,-0.547970506749428,-0.19675026638631188,0.5928641801732267,0.12976559272239027,-0.49224140756503776,0.19876775609364364
Cerebellum_10_L,0.5292013481781099,0.29536396078983684,0.19151713580795368,0.6596494584247534,1.0,0.6244138371089113,0.3048788008808361,0.1989558248876732,0.05472179778693404,0.3825736849885829,-0.4863285877174703,0.4226334009868195,0.07152879283786145,0.45381355789806216,0.16882865175489434,-0.2750007467432446,0.4426226393546964,-0.5925361077701851,0.41419802918477155,0.0552088882657033,0.3923306404185406,-0.301094132465271,0.5806182144048193,0.5791843612201768,0.5541509032417621,0.48367254429894885,0.30103285281722,0.25255547601787176,-0.46453848934969777,0.49978267419513556,0.18389023604019406,0.3700719016070887,0.26969366409510026,0.3883052590198002,0.37568243652934563,0.30689767624808306,-0.2921734888109219,0.5516665184877337,0.21280013874690876,-0.46983153935237376,-0.18433842565715663,0.16933298131780802,-0.09955940222834693,0.3298906887365412,-0.5798745408508899,0.1212388312737421,0.1948669174078911,0.3033429980725562,0.011112905556738342,0.20473397499466853,0.10661888379936724,0.004134528221513834,0.27576851593343366,0.7024985139464787,0.48487055448647354,0.5597597038814635,0.39029696999339814,0.281622493429369,0.1007265433728332,0.6303550726701681,0.5381347281463302,0.37233111132181035,0.6515144168079146,0.3817139132656064,-0.21749445666378173,0.6119065769474759,-0.5003774960217091,-0.09013324662603482,0.39225067044314327,-0.4253428122569826,0.3229780213581716,0.48989531453797525,0.30545254723463483,0.435428556969647,-0.16713766193366827,0.10550150759092478,0.23606714091312483,0.04747855702593572,0.2924721840176098,0.569637439754177,0.1632036914262456,0.1272863358476703,0.241114080102318,0.5744468442347274,0.5499202911691853,0.4113243374212882,-0.4322832122385903,-0.4676556295473319,0.5029019028894265,0.5084221166424477,0.42891861436761086,0.2690943747469626,0.23735211929793823,-0.5439817343953249,-0.38903309930481966,0.48536899305138725,-0.11419549832895354,0.3194597032045165,0.4002789487496728,0.1692634268958282,0.4329678027621731,0.5362329779881924,0.4512443567367899,0.47580411945781936,0.3257995470848252,0.45874361813206493,-0.07657767873613364,0.4714022156648156,0.0862780285413177,0.4868767450298025,-0.6091873945584931,0.5622834908207456,0.4281408439790673,-0.569087148672904,0.46153091594284884,0.13816435072777042,0.483920198026855,0.19349394986336188,0.5311349458532056,-0.36510254932179226,0.002022821636906444,0.5082838679176865,0.5492837013592837,-0.2913756735774293,0.2647278504611108,0.45355686423797,-0.2048871772357403,0.35789185755328706,0.6277151135001816,-0.10787167270529979,-0.46449643805654617,-0.14282142629625333,-0.1831704655738943,-0.4803161074683225,0.20419800791919035,0.598954436603328,-0.21661014581544627,-0.5660920918992024,0.42979999507910227,-0.4970960701993911,-0.12254112317727588,0.45475551323618413,0.19133918011623963,-0.40069814208174326,0.11637694067709584
Caudate_R,0.6022959414639778,0.5605655236206865,0.21588885064472,0.8744971565309306,0.6244138371089113,1.0,0.3213541730731212,0.3758106113645983,0.2928082730147664,0.3478719505249596,-0.5076600371541304,0.4767421460600697,0.00991038307629268,0.7029234970003845,0.325486070630042,-0.25233709929026577,0.6988431962259002,-0.5800717475521927,0.7074884594377111,0.1775877859733529,0.5345815890602619,-0.2934634170197234,0.657366643073204,0.6472288175673642,0.6365092893666318,0.45786616772228717,0.5158415120475143,0.23488262839729745,-0.40090122650179105,0.741524399419073,0.5140205864006383,0.6475579058386468,0.2545831476845658,0.43494073754811363,0.7729220527258167,0.3849726862677014,-0.2648129220872861,0.7602638165208193,0.18779371088536378,-0.4109692934450424,-0.19323997012559754,0.12648176842905146,0.042112058227232345,0.3446522926955811,-0.5856700572405167,0.13921352252638147,0.38852105713849594,0.4300651892485542,0.008655197427472758,0.513186286964538,0.06836558095269062,0.23258202410881484,0.30161690115745354,0.7256264841728264,0.585577620751777,0.8065587520677074,0.6146441147118858,0.5024928523203309,0.13394257011198102,0.8144653127879027,0.5815809965387077,0.4929518049436634,0.7374304454562949,0.6455158025004091,-0.23698493270637352,0.7948166136421417,-0.4871013388573391,-0.06407264629521628,0.7074000760478352,-0.3974331414004878,0.2518883264758422,0.5166087970766374,0.28704264678021274,0.45314279316844264,-0.26122800268379254,0.2815821821126714,0.1194040863879892,0.07306066183689941,0.3593613260104209,0.7588446142882521,0.3887728447170177,0.024058940137870823,0.36505714691362745,0.6648636035811456,0.7961991449211666,0.6398943642529994,-0.38477725831631554,-0.47633982873213554,0.6392320723532462,0.8240853316648713,0.675638147184523,0.4831338284757311,0.18204806147088404,-0.534095407719621,-0.25944909151780293,0.717780261456025,-0.055567439451905266,0.3435151989371285,0.6488196306523781,0.08878985324785346,0.3970168396315516,0.7171020106911822,0.6470675687937233,0.4392077728683752,0.42122117871838377,0.6256100168838922,0.013134360192448302,0.5432780716543293,0.1294775368558373,0.5068302254793545,-0.5936129227970611,0.7213140756036936,0.6058565696215658,-0.5703507901929238,0.34013713834071957,0.3617064728575416,0.6233332524115273,0.31569979044164265,0.6431328477294277,-0.34882751050550564,0.14969299120213836,0.5878370936012492,0.7948524537973891,-0.3171265666371115,0.37409851467762173,0.7288010750296112,-0.2602501940654712,0.6119200312662266,0.7619557470116295,0.05678109748368104,-0.41772752708850747,-0.08515988667342,-0.21034092298111995,-0.46637780099826365,0.5221556946185062,0.7480256926640025,-0.28521888819189006,-0.551922930811661,0.4212964152231845,-0.4745411504417878,-0.06256026059125629,0.5675883749096212,0.2258728100587233,-0.3966115098886316,0.21615095852636546
SN_pr_L,0.29404253034193445,0.29468907936401645,-0.03144874936377304,0.32228647792482207,0.3048788008808361,0.3213541730731212,1.0,0.2172295213636144,0.011835792018112011,0.06506723000700079,-0.16420017756378885,0.46805654604878283,0.13058913362676589,0.3392359274759701,-0.10407256410405843,-0.03612572212396219,0.21388176446726984,-0.12745087181312986,0.2634770379812849,0.09547976599206753,0.2288280402446117,-0.12384704741531051,0.2814945663500898,0.13527782735286353,0.39254939743065187,0.13553440604947345,0.4054353723666665,0.037101065443941025,-0.14157845769733096,0.35163838151326354,0.11580384563390714,0.2696011897122498,0.5885592964793327,0.4600776674161133,0.22691565966187985,0.41786569128406514,0.09284880317248051,0.24284623866854788,0.2597151372667089,-0.1375403762157183,-0.11342795454898445,0.36694845372197527,0.1365124554030309,0.034429099685837815,-0.11294923941151268,0.2432953623609289,0.23398687763620538,0.1624483013056541,-0.0659315480133888,0.2122791529211683,-0.12858441665723813,0.13119282204953062,0.49632232848202756,0.44609699859148555,0.2937478508529523,0.2925088896849559,0.2332051157754302,0.37670422250456637,0.3680952596603703,0.345989833468924,0.31293674322139636,0.11019612199881136,0.4812391880811175,0.06579160716589791,-0.1234681652390704,0.28041806571690475,-0.127997325824173,-0.0259021757925446,0.22807148861167617,-0.07086264981208788,0.2719241556815261,0.09568953675159252,0.07065522125968737,0.30329815022583,-0.11446505394322277,0.11445058500977881,0.15003998953949502,0.23218610276899518,0.30938398822512414,0.23756950746815253,0.08389921922769902,0.16842029431974548,0.11725627886432101,0.3134309658878314,0.4452094040692943,0.30869316537714003,-0.10578816139939434,-0.09477347521734626,0.36900821606656325,0.2610358863502512,0.32434520498290015,0.18820548930506228,0.24351397791182589,-0.1305085038915692,0.13194226360510516,0.3966889960393708,-0.04080227377603258,0.12074729204920359,0.2908998335516845,0.281113548997093,0.040783361812758406,0.3122924523927926,0.28861398248779097,0.35878435013105825,0.30784140778696717,0.15128866671786514,0.3466408942795836,0.5703393410619824,0.04908858966410073,0.365579396887862,-0.02853356238571603,0.2862644441390388,0.2436584102677603,-0.0904337831797636,0.20586259209015995,0.06747082495753383,0.15878449534263622,0.11116545551230597,0.3055460711267832,0.01791698056637967,0.1914470076574758,0.27310434817393797,0.3516557569613499,0.021904915119474642,0.027871763566686865,0.3759109781494566,0.06513663177896493,0.19730701694140937,0.23196545070348557,0.24948741671343502,-0.0875838622819821,-0.05309179052230714,-0.09565615356009678,-0.07233727327852045,0.18872527097758807,0.30990052681483177,-0.09295966557527699,-0.09846054454062649,0.028657505515386806,-0.0785459577781077,0.002938559187110117,0.12102746776434702,0.20965723366736255,0.04921818426511974,9.95586336094253e-05
Rolandic_Oper_R,0.4815991006761106,0.5518242078792485,0.1934548502770906,0.2967100347486707,0.1989558248876732,0.3758106113645983,0.2172295213636144,1.0,0.40154152567550994,0.0019862282255794055,-0.09377728651555538,0.4820515157301382,0.49938679772287914,0.4314134527171668,0.2142505375418593,-0.1368755113661212,0.5108228592719671,-0.060390567219242755,0.602055148754599,0.45299066220781126,0.1173800447920409,-0.1614179464863619,0.4214501706594987,0.3271715461117348,0.3223385732132066,0.24793771818302815,0.09245590587162404,0.4042073695349203,0.0934046032590242,0.5281268444934456,0.11181228585448076,0.14214974424147395,0.23516797154695965,0.20262934663734689,0.2489527688805352,0.29015999918625957,0.3087291997062362,0.19751697689349534,0.3655900999517981,0.1496695593564156,0.027763387232939203,0.24114499613577478,0.08512161514670881,0.28508383939728493,0.021354565660233443,0.0010597412243867933,-0.14742449839748117,0.21437360771640243,-0.02074031966951911,0.5970023542783681,-0.18983693794707984,0.5663771972968252,0.25222792516675807,0.4618798670894768,0.3616392626276816,0.3962921806812445,0.487482728953594,0.5460021892738193,0.04874995531634896,0.4081583877082919,0.16563144380325961,0.2265946404474346,0.32920674374707937,0.3135126169987492,-0.0031875074341468804,0.42841721206456834,-0.07357715373899933,-0.014477052512610517,0.6628524085949874,-0.07637000668955816,0.11952660837827589,0.14232785707450368,0.41525145434298655,0.37730515354314703,0.31327235417059013,0.7096396003282918,0.20233904622456736,0.38375196472442286,0.21737197859529567,0.39200136431040117,0.2722830055327469,0.2544174494570122,0.2132240470086041,0.2265887989824807,0.3946527601325127,0.4649991876623939,-0.07431718719142595,-0.02070857693757599,0.3797965067155706,0.522172650542742,0.5667086152068804,0.6735332115127038,0.5994093006220259,-0.06823793918619307,0.12078279861609344,0.3555488304823829,0.08649329257714494,0.15177470108921942,0.3151360798240186,0.04421103501797196,-0.03676036630871169,0.5475860363395544,0.33516964222144024,0.5113462484415482,0.3267206641889226,0.15952255414424088,0.03901433896422579,0.03590327011556717,0.29487132935035065,0.2910021543965647,-0.04683009923299423,0.46676447282829625,0.2584303973781101,0.005837413791773751,0.2455609235823159,0.5063672530549796,0.24861833930674698,0.4084153865808533,0.22235493845408877,-0.07126595344970808,0.23085618725156062,0.43336992926774726,0.5690449776947335,0.24144744249287367,0.4009024850469466,0.6122916460950478,0.3193889371775523,0.5843379800517193,0.36541831495191346,-0.0793037173562544,0.15465976452303626,-0.2567596485929497,-0.07749769723540073,0.13179857093752262,0.5631583257971412,0.5104836640526611,0.0762391672244794,-0.024930480401187394,0.042002310669414254,-0.009175168414590474,0.060895258294176774,0.21424787399303313,0.5222786508474938,0.27055297090880004,0.08444738068235637
SupraMarginal_R,-0.050012197654160276,0.5029772247693687,0.5197183169033472,0.2328004169195459,0.05472179778693404,0.2928082730147664,0.011835792018112011,0.40154152567550994,1.0,0.4946768417371797,0.32334527721258105,-0.0026555637417495373,0.3405686456921997,0.03280929012632991,0.30324634804916245,0.2913778794772364,0.42950149443830693,0.1670326018830591,0.3797242432378996,0.39696327040568286,0.20742559287500056,0.27507733713603133,-0.008546689719021984,0.3788259823295938,0.03854461020774214,-0.02282689261515783,0.051017381976057104,-0.21512840635424169,0.5133402026939186,0.1993346020942043,0.3769399885412175,0.30256079597557056,0.03599549476452121,0.024327512932886094,0.44241073238452316,0.054115769460684776,0.4992205918770464,0.21974721122047083,0.1362628683337153,0.4684783048514481,0.6332959318965461,-0.3598300282959747,0.02503549351714718,0.1161191032444934,0.18585383595911942,0.2189875614776757,0.20368732366347062,0.10950018581514802,0.6488747018879039,0.5053943391657737,0.5317135974216511,0.6338385228445116,-0.04714522850926697,0.21659019778360486,-0.20265133868170015,0.08175339325760751,0.19111489414416147,0.3709083232395555,0.42681978473926896,0.04398863150619351,-0.13180440172794752,-0.033613212816255636,-0.01692028774792784,0.35220782816366064,0.4020632264598367,0.4036075362333676,0.3176723828419195,0.7019702683886672,0.597579905866087,0.3935331209216533,-0.008505433774631494,0.5666014329675522,0.08898200210855892,-0.00709606184988498,0.22760717595438307,0.7284934623172873,-0.1576443536748454,0.42172535600882205,0.05403029919330701,0.32936234373119133,0.1420272537900378,0.2417021731936226,0.6650414438530607,0.0209932710786616,0.19930659656855126,0.10932207816957674,0.2418506474254565,0.2854844918303334,0.03319460234547802,0.46184856602436564,0.4295514721361343,0.5770510984285412,0.33566496278773755,0.2302613149676421,0.1602215050231536,-0.07460733326022763,-0.03157118622055915,0.4844553218005997,0.15194973842926127,0.002639791003524787,0.44102583337903783,0.3745815014487051,0.2357021018642203,0.19980319463516288,0.2790974744435725,0.05461947114627622,0.1903173153093166,-0.045394735335378536,0.7317073060283975,-0.13640564083964202,0.12797090092581692,0.4703781648082945,0.07467160312936537,0.20735867075291733,0.07005199823450757,0.2079133599399612,-0.0883178512926668,0.4007124924499535,-0.13590319183152003,0.260223443012035,0.22849259344404904,0.3241761941333987,0.24194301649247463,0.38823740471859486,0.3036706187322094,0.2696526390043565,0.417510398643284,0.7219092770470026,0.4795592310365809,0.20878592097123053,0.30765678842537575,0.40448778967994886,0.168754178337229,0.08384914903078823,0.5448584757891771,0.22933534216751028,0.04992717071982349,0.13887173887138726,0.5154391262769555,0.14195438435538643,0.40450193421548086,-0.2396834955640403,0.6037177862793806,0.26087690804761815,0.8145844275703058
Parietal_Sup_R,0.03012702136619077,0.3113497512782252,0.467029815689053,0.4073263429920451,0.3825736849885829,0.3478719505249596,0.06506723000700079,0.0019862282255794055,0.4946768417371797,1.0,-0.09992972176339822,0.16517334174580534,-0.08231887866326094,-0.003001640854303455,0.23961438002208924,-0.09213480483725028,0.2219091314939936,-0.3588062636709223,0.14114923669361354,0.07633174162344124,0.2613192547325985,0.2427432842478222,0.20021182648070987,0.6723887926757091,0.27860879668791433,0.21485259373665544,0.008515373054185647,-0.2051843938919861,-0.02091352241473974,0.0585568730156981,0.43232878352939125,0.3547766088042375,0.15949162938396066,0.17276998738533653,0.3993271414962378,0.188198669581262,-0.05227732862647783,0.37596698157820296,0.2978790674583364,-0.057775882288725135,0.3935393168554002,-0.1366027395038541,-0.11282688418192142,0.1094568825884783,-0.37495497674340084,0.18295507103707928,0.144183147554165,0.26988255020829505,0.619268550867073,0.2421687947431231,0.7046720643640195,0.10651680760282776,0.0242363441312667,0.36677107739090076,-0.0615778459043138,0.15664632037978246,0.011802495822282112,-0.010866476431625804,0.3902137301978485,0.20943574723895217,0.16648863318504922,0.06680546291231837,0.29970903145397987,0.25017906663575973,0.18076385038221854,0.4530103661870206,-0.13691880491012035,0.5695035201315881,0.37195989052660616,-0.04924492820741733,0.17765314900296222,0.9248879769821732,0.09163299160586184,0.09216836779976287,-0.12972635362539936,0.3425089686332405,-0.3383805246584888,0.30443113316339676,0.04539947274177072,0.3166425397612737,0.036894357396371986,0.018602204961621394,0.4723993948018725,0.26609913638569077,0.29616953153664416,0.08935500982978727,-0.20881759778857542,-0.24344919232572068,0.21745527048604593,0.4265739648088537,0.23770777970893486,0.11663967510510986,0.016920732564881653,-0.3036156826764466,-0.39591706308882746,-0.0225754425537492,-0.3395605475005057,0.3589539787383152,0.10908429860686918,0.07633277740493931,0.9509871550782723,0.3596981320382981,0.14042438545140967,0.10352737969314542,0.31383060977544647,0.1964504753109409,-0.054295700551059346,0.2772066179910131,0.6633650145504933,0.10531483830968527,-0.39653030704645187,0.4645490724288254,0.1962453333600342,-0.29725867929276173,0.22247983696440377,0.06576263973064957,0.16998595461021154,0.2076166225564066,0.07704746089974404,-0.22133275847500394,0.11335387599161544,0.5473059108770277,0.19758119206373043,-0.19333522582926177,0.23830849315976613,0.2613033099778821,-0.12175305817152432,0.37031935534515925,0.6120953800235258,0.11468306470866835,-0.2085611382601378,0.419376819788375,-0.10284606048726282,-0.45360957686822034,0.1582685546691985,0.2708156255631559,0.02776184785485576,-0.4565353109217796,0.840593202355654,-0.4328100265221843,0.16930069646603998,0.027853307981822166,0.23356055998469202,-0.3134636402167331,0.78334762940187
Occipital_Mid_L,-0.6871533110985656,0.024470401032309082,0.21761763851651236,-0.6044630991967286,-0.4863285877174703,-0.5076600371541304,-0.16420017756378885,-0.09377728651555538,0.32334527721258105,-0.09992972176339822,1.0,-0.51180137332471,0.3601848085865134,-0.46970976932744013,0.01376558600364983,0.7341134695488373,-0.31362582903142266,0.8867592927127979,-0.520570501914521,0.3374260457555777,-0.2027063605504983,0.694864827704595,-0.616252309801523,-0.45305641656786416,-0.6803705406176589,-0.6004967476201623,-0.3478891220923106,-0.4983036344416605,0.9059685308156377,-0.3454614527789838,-0.1694129919286059,-0.3014816337255451,-0.20226798203859012,-0.22383631335959606,-0.2934635462854231,-0.22050709841689578,0.8110591672813509,-0.5462322503216435,0.025128783051367783,0.8545546505124957,0.7805831158493951,-0.3695918067513133,0.15319254810117652,-0.23927371363410826,0.868260430809592,0.17021572624599574,-0.03623706116087526,-0.2853258627846857,0.5025812959897542,0.0020391588958184816,0.4098881838697677,0.40831524353080456,-0.18006446547903937,-0.493385637759292,-0.7102321522095407,-0.662574714819575,-0.25801471717269736,0.06716109459552981,0.3150824006166813,-0.6591937262284195,-0.6969726746751449,-0.47635843760107777,-0.6338199883350294,-0.1908042513304443,0.8013482134650186,-0.3891342175849291,0.8730961875317966,0.6290897731164897,-0.20765105833875158,0.8664347630894565,-0.39223654378549605,-0.16850816380372366,-0.37776162616018627,-0.36557732119507796,0.4218930631960346,0.12527910958837554,-0.019239667882670813,0.1342162112278795,-0.1719596611968754,-0.4470554674646233,-0.08863657587845511,0.41966744654646504,0.23569906569521593,-0.6178969031675636,-0.47261357543608035,-0.30435893702912803,0.7304442212216086,0.8572980678546953,-0.5403015664343854,-0.3235259516849616,-0.302671135824988,-0.15705923351696074,0.15760179395601348,0.8798157640979745,0.6322829782890175,-0.654490273962197,0.20034581362044693,0.13681507791097364,-0.2748322917955482,-0.21292035159286027,-0.18369227444919678,-0.250228669580977,-0.3803457785945592,-0.11495442773138302,-0.017697917603089752,-0.5224958382920419,0.3348311219356849,-0.5971702210602131,0.21910508805872925,-0.6274572679292973,0.8110031713996698,-0.3904919542887009,-0.41698246993221133,0.8563391752820732,-0.31067724199629926,-0.20566693004008943,-0.6976525585467603,0.25478679174246993,-0.712455280319888,0.7826794461180147,0.04211688659674607,-0.41770795404267225,-0.5594617546407947,0.7841809449609617,-0.13062062195327642,-0.2933607709476593,0.6937941425139449,0.014582854588207154,-0.41091520534337067,0.4223306648992719,0.8203242847659914,0.5838719504114501,0.5301647383071957,0.6722189656969036,-0.09098716008644833,-0.44323953237361313,0.24970479999284795,0.8351192657237126,-0.09021167358358755,0.7972695115538312,0.5350071477590305,-0.7218254419421035,0.3481032155956151,0.7223711825369857,0.3471255648390403
Frontal_Inf_Orb_2_L,0.5557926138231425,0.5168422440414335,-0.011800013780427948,0.5494268082581498,0.4226334009868195,0.4767421460600697,0.46805654604878283,0.4820515157301382,-0.0026555637417495373,0.16517334174580534,-0.51180137332471,1.0,-0.03984673571032164,0.4470774335865307,-0.001673436087513627,-0.33387507088160395,0.30777265406922,-0.502108003228446,0.5816626293294522,0.01453225658727577,0.38672893163734684,-0.3566474598597198,0.5688866440532875,0.41284488788346957,0.8508882905540159,0.4742120206244757,0.4602430706440719,0.20021728484715984,-0.40332172038510905,0.4913652588552751,0.13634755093179407,0.37246981046520916,0.6305535658355901,0.3502340827756816,0.3962958000795514,0.5756693851353228,-0.2305149438001528,0.45139230660904667,0.29011318375692974,-0.4210528485461922,-0.31901526008956155,0.5764501560793556,-0.14592480231994287,0.17540903285601417,-0.5000041363691008,0.1290113746883373,-0.11455028146694918,0.2497841510675601,-0.18268453346516825,0.5082880267276698,-0.21261357905602365,0.05092211205635188,0.6152162387668387,0.5998657426527452,0.6051749564585693,0.5941422988482101,0.25180688707696924,0.3266562962423799,0.12981213499297387,0.5606041909918801,0.585730397787097,0.500753736762798,0.7422756520575599,0.27122298418138757,-0.3268133619268173,0.436475214177666,-0.48060265901333626,-0.16541951371607735,0.523308313250549,-0.42717524639434123,0.3027350107189463,0.24461604186204958,0.28364293257460327,0.4051008906044525,-0.3612691972962933,0.12057404206900894,0.17408202714425977,0.14106730231319908,0.23405595435919976,0.4004573695849991,0.1857430572573013,-0.08303826972515185,0.17737229495946605,0.6784496212899743,0.585577878337046,0.406993190547138,-0.3748127233811718,-0.45960190664962497,0.7710988897849167,0.5402967417417072,0.3813458846350889,0.24578254192002563,0.17986468903044786,-0.4938746915802863,-0.11145516637893421,0.590582470030056,-0.05676316676738099,0.17108875964363598,0.35148100214317224,0.27662294089851536,0.1916508068811887,0.42114933003861327,0.47143135600908637,0.40500143071643563,0.2943993886786962,0.3977158198047054,-0.1249087376011389,0.6244010049939636,0.006066935792534373,0.7637676130692855,-0.4152391538578291,0.40595227857224286,0.5357796531938609,-0.47328296324783264,0.30429674820244873,0.2033031467157496,0.5283624889788799,0.07117941933441932,0.6101379749564017,-0.2925282609001413,0.10218590953749633,0.4534081920174487,0.6923675992196325,-0.30651265074804185,0.19625739633903966,0.5172056294515782,-0.24318486505992026,0.3524615538421851,0.4105536550564282,-0.05547623883575766,-0.386291928469395,-0.3230742919612383,-0.32285310403638534,-0.3724384381317117,0.349824516936623,0.44716383766748985,-0.07275544419416768,-0.47896768813381924,0.1617746242916833,-0.4403393133736994,-0.2817140486899754,0.4591104183304091,0.1497848227159838,-0.2699117903207279,-0.00912502710338273
Vermis_4_5,0.09818039918604,0.20011705691997952,0.28345864774443813,-0.06475842852316269,0.07152879283786145,0.00991038307629268,0.13058913362676589,0.49938679772287914,0.3405686456921997,-0.08231887866326094,0.3601848085865134,-0.03984673571032164,1.0,0.21365391119278174,0.09248579690914173,0.17849335412384637,0.15851023579690887,0.34272319616424995,0.09167562138582812,0.5509571908237645,-0.13712626726781754,0.15871609884483862,0.10308657145867908,-0.07894514672657504,-0.16194495312015306,-0.1295357839467181,-0.14346216525618327,0.1315265999624852,0.4618555330167355,0.2810254016028941,-0.1516222722196281,-0.16334032568725299,0.030989647744310535,0.04614071205019263,-0.05829191349633353,0.05477108455052992,0.6852211397234061,-0.11861015691425528,0.2197559619851977,0.39011307629870057,0.44677227205451076,-0.001272185614225561,0.26233505724350975,0.17035056581823124,0.4570354391368693,0.0694395731304125,-0.03653819405274511,-0.08210709839945808,0.2537499956699293,0.21742580742400988,0.09657993773548533,0.6000142159225722,0.06323693588923408,0.27352746723477145,-0.09739006157517559,-0.0984606495616274,0.35704543833701585,0.41491745044851835,0.15786265044831954,0.04097676814740841,-0.1296340750005472,-0.02436011884736791,-0.06481067946323787,-0.013013842110805647,0.44272446597084053,0.1971742428507166,0.32257764948249057,0.19391449269995906,0.20114441304372174,0.29413222855525695,-0.08982237109252228,0.011446394331348846,0.17825368391443047,0.05132430768277923,0.5909073810825564,0.4073809292895645,0.4263033468125796,0.38371242167145414,0.13220584720856654,0.08194386974304264,0.11573956388947301,0.5618848330655137,0.20444212945830623,-0.18138058884608327,0.05725153486205222,0.25291521005924744,0.22372052866016318,0.37606150464396015,-0.04411598401139931,0.06950496748380518,0.26400166117572055,0.4275636384662945,0.8320684350515596,0.35230981708923975,0.30559255490330905,-0.042329995821068944,0.18386973018864453,0.1536681853903588,0.19383476617393516,0.0013364131505743647,-0.17466163170117296,0.28086643149087026,0.019497715139606697,0.5455943707302293,0.2273490273096835,-0.13139663547243094,0.26501293339835885,-0.24045324578243885,0.1796887634776801,-0.09029507107088136,0.31728767953843456,0.17053972314714397,-0.039033642261381424,0.38162256248204135,0.15698346335556393,0.079970006512787,-0.2409636427608764,0.5274656141140016,-0.1575089641825249,0.27714297860081716,0.165600119565998,0.0049310259540979486,0.09815674683082337,0.6975021566994866,0.1851962591957151,0.2798939498995381,0.7622718348121609,0.3437462665061764,0.04630333229368793,0.11744401595632943,0.560720622404193,0.030198171712282566,0.11321731339431945,0.518269271032526,0.259651146252177,0.23511788350426815,0.10014428813650793,0.3051901330072363,-0.038822557572966016,0.42782049522905197,0.3656354803535326,-0.1340670800478277,0.6016513384941456,0.6109507195661223,0.11657229282417501
