,Vermis_3,Occipital_Mid_L,Hippocampus_R,Parietal_Sup_L,OFCmed_L,Vermis_1_2,Lingual_L,Thal_MGN_L,Precentral_R,Frontal_Inf_Orb_2_L,OFCant_R,ACC_sub_L,Cerebellum_Crus2_R,Frontal_Mid_2_R,Postcentral_R,Occipital_Sup_L,Heschl_L,Cerebellum_4_5_R,Vermis_7,Rolandic_Oper_R,Insula_R,ACC_pre_R,Heschl_R,Rolandic_Oper_L,Temporal_Inf_L,Cerebellum_8_R,Thal_PuM_L,Temporal_Pole_Sup_R,ParaHippocampal_R,Frontal_Inf_Orb_2_R,Temporal_Pole_Mid_R,Cingulate_Mid_L,Frontal_Sup_Medial_R,Thal_VA_R,Cerebellum_6_L,Pallidum_R,Temporal_Sup_R,Vermis_10,Caudate_R,Rectus_L,Temporal_Pole_Sup_L,Thal_AV_R,Cingulate_Mid_R,Cerebellum_7b_R,Frontal_Sup_2_R,Frontal_Inf_Oper_L,Frontal_Inf_Tri_R,Calcarine_L,Thal_MDm_L,Temporal_Inf_R,Cerebellum_3_L,Thal_VPL_L,Cerebellum_Crus1_L,Rectus_R,Cerebellum_4_5_L,Thal_LGN_L,Lingual_R,ACC_sub_R,Cerebellum_9_L,LC_L,Paracentral_Lobule_L,Thal_PuI_R,Precuneus_R,Supp_Motor_Area_L,Angular_R,Pallidum_L,OFClat_R,Frontal_Sup_2_L,Occipital_Inf_R,Thal_MDm_R,Angular_L,SupraMarginal_L,Putamen_R,Frontal_Inf_Tri_L,Cerebellum_6_R,Cerebellum_3_R,Paracentral_Lobule_R,Olfactory_L,Cerebellum_10_L,Thal_LP_L,Cerebellum_Crus2_L,Thal_MDl_R,Vermis_8,ACC_sup_R,Thal_MGN_R,Postcentral_L,OFCpost_R,Cerebellum_Crus1_R,Frontal_Med_Orb_L,Thal_MDl_L,Vermis_6,ParaHippocampal_L,Occipital_Inf_L,Frontal_Sup_Medial_L,Cerebellum_9_R,SN_pc_L,Thal_VPL_R,Thal_IL_L,Calcarine_R,Frontal_Med_Orb_R,Thal_VA_L,Caudate_L,Frontal_Mid_2_L,SupraMarginal_R,Cerebellum_7b_L,VTA_L,N_Acc_L,Thal_VL_L,Parietal_Inf_L,OFCant_L,SN_pr_L,OFCmed_R,Thal_AV_L,Amygdala_L,Raphe_D,Thal_LP_R,Frontal_Inf_Oper_R,Insula_L,Amygdala_R,Red_N_R
Vermis_3,1.0,0.3761859407882524,0.8138260172708686,-0.02480914579412379,-0.10555962146944058,0.8589735339375633,0.808670377290497,0.7620440859833039,0.2757444162281162,0.4874327291478105,0.09776533713621892,0.8039670304140846,0.4145991266890467,0.498287092891416,0.27058370075976307,0.42213762532428256,0.6468684715873463,0.8181941747040888,0.3041680491046309,0.8390302267116557,0.7290081721607324,0.73661512355868,0.5162559744655533,0.7330980681052703,0.5122551564004453,0.5294331515863276,0.5484713890441919,0.7864414077894086,0.900829045472892,0.6242874897629118,0.4015261286758939,0.8919676133202861,0.8252174239903046,0.8056209570798737,0.8143391165848645,0.5978306346864436,0.7167351991971698,0.7909427337346909,0.8365549108537301,0.16121758906298775,0.4974131004357445,0.8285492706023919,0.8008933810377892,0.39811148760440324,0.704955219253554,0.8605336366137958,0.7106214219028057,0.7751073234091773,0.848303809927048,0.5827162338097199,0.8088489967524483,0.8573334157253629,0.37776660304432425,0.008448212057510925,0.7869832830382865,0.7905758679776053,0.8352479554480333,0.8520465506624159,0.7134303175419695,0.5992335525374792,0.6023090786845019,0.8535140428857049,0.6968769718077572,0.739560699066731,0.18701327319683633,0.5350572407226821,0.07619588948260153,0.7561466143092536,0.3920051568985281,0.826450961358867,0.4477853081695688,0.42032525973039364,0.6656577256015863,0.7270647726304766,0.7140325475451299,0.7382560478242463,0.24353684378947693,0.4343662653141033,0.5267526690650062,0.021449134502081118,0.2652322718065415,0.8421617195633802,0.2388070819380938,0.8121339120442447,0.6993379905282276,0.39877290774268354,0.5513278872418887,0.3767284170270151,0.4856901731872151,0.8058760101618528,0.5663346239501521,0.8358344643843503,0.34219775875200625,0.8301447490694881,0.7479941888881919,0.5862409275659763,0.8422850005975385,0.8600744347518833,0.7911724612520034,0.4134561499178039,0.7960117639931129,0.8446244138624327,0.6025961399018738,0.25722038020417654,0.39858183348070036,0.4876588114517119,0.3247785081137545,0.8692479288752811,0.2901686241295935,0.09098612569105106,0.34065311740383936,0.29037037355234835,0.6274079588545779,0.8180194158037045,0.14075903360016467,0.27631276614957595,0.7244288237979425,0.8771897741963804,0.8244419682523229,0.6725596360703312
Occipital_Mid_L,0.3761859407882524,1.0,0.11401582986754662,0.011499423108738005,-0.41630662895225806,0.19475970290693698,0.5689574434870418,0.18071438717111293,0.01081879893135955,-0.08099105199219907,0.18142706840302236,0.24377160502124248,0.20644315030231966,-0.2526500636702744,0.11936611447688304,0.7908529254181542,-0.11830441252631205,0.1352205106006314,0.36124260722570795,0.06692391133829997,0.16732459114406842,-0.11420287341882655,0.1905906068697604,0.009558750590210564,0.27693577865906666,0.3095058604930716,0.7294267686735334,-0.06150940758113767,0.25983007495080995,-0.18424071188192453,-0.0018989959214239826,0.21858387658141865,0.023567114847236347,0.048007270850668075,0.31614287328141427,-0.1357942766488994,0.12544181934700913,0.026214828927609606,0.29987222203214464,-0.10814564486581041,-0.14321672515973555,0.43199827620625786,0.07502895247512918,-0.0006062636904162958,-0.08332543140679169,0.3672563123755345,-0.050560253251871,0.42703677558377756,0.4725710627343033,0.20299737526439637,0.43104177980239844,0.3564376296993248,0.31291771918429095,-0.3658698313086102,0.05925811356328977,0.19822955586161978,0.3937417839702601,0.28114985905317075,0.24425968653896415,0.3349663375284853,0.43909064816830495,0.44674628919296383,0.4309311577974133,0.0342511401789407,0.43871283205129175,-0.10431966053195717,0.08576560700302525,-0.10333423625685795,0.5072796917001251,0.5399639834020418,0.8179053208504097,0.28061514577404734,0.14014910245747755,-0.1234730370740595,0.15939509241786837,0.07767436411992194,0.22691614893979986,-0.039871518308269835,-0.1596699569377382,0.2468224818696108,0.3428470520263979,0.3082778248449142,-0.03633285345692153,0.15465213692528668,-0.001976282306260182,0.15361364551418916,-0.12736180922532545,0.20682653672139806,0.13910265801657742,0.3951479477756777,0.3872393639357529,0.23579890497594666,0.7559856983035931,0.0040868175772230345,0.2754497011735035,0.17620552267981515,0.3454327520043206,0.2052559552730252,0.4271648350435055,-0.03961449171419358,0.09313556709708998,0.32920744787397216,-0.16719329877271158,0.1728707858050055,0.04811145501168135,0.11799411488111361,0.09273981747817865,0.290897085936516,0.3264593512434452,0.32426356206740603,-0.011344040249159335,-0.2053269617260219,0.21094373114625764,0.3025778827272201,-0.1955687271428395,-0.15138147089532158,0.18273240220158518,0.12899816212310372,0.43562640856887674,0.2031907490991324
Hippocampus_R,0.8138260172708686,0.11401582986754662,1.0,-0.2578790880655504,0.03105590906628764,0.8868022746515802,0.7126521945199626,0.8407313760452352,0.531949623431397,0.7015272205135397,-0.044183439927021693,0.8869469743678144,0.06454565292626371,0.7084543985715277,0.48129137935774,0.26236691988950955,0.6125880291435891,0.8553026414327676,0.161885725279706,0.9005809118980931,0.8809239362691729,0.9218706779383687,0.5804605098344148,0.8825807515875532,0.60953790532202,0.2765253682981125,0.35263410382947546,0.8111170447663474,0.8635950311980195,0.7281965453483981,0.18029684167377322,0.8795556351894317,0.8575185802601183,0.8605645466000202,0.862438470299069,0.7369102333128067,0.7962035489513332,0.8889308508632322,0.8898945516128769,0.3613030757904957,0.7640395610660337,0.8469751653147752,0.8950519569697784,0.14698395413606238,0.873137922471787,0.7947677793295144,0.8635389489253719,0.7086544097945132,0.8135387592935284,0.25638837825799254,0.7929451639136466,0.8664510147432253,0.34984596645161464,0.20370945432788684,0.8426175629595813,0.8521847018163298,0.7903988705116246,0.9109470846353775,0.7474610457662182,0.6182193144807646,0.622650049205039,0.8681809634397225,0.7213220851938191,0.7440180973108855,0.3629581623097715,0.7080793116538051,-0.1742128256885014,0.70430640361888,-0.013138057100339762,0.7920444141948043,0.1547727310456681,0.08041855301643051,0.7858012314242987,0.7625373758834062,0.676248361195146,0.8272802813257369,0.2880492134636851,0.5284386636755976,0.6361691880257005,-0.00982420729414229,0.06833589607806782,0.8991807501713448,0.23448438477304562,0.8750008466399016,0.6637062519379096,0.10883631026535177,0.7116748881934223,0.00997509886298976,0.6039122710239287,0.8228518596959087,0.6018511464113558,0.9255693633102431,0.16277962824230038,0.7898167699585726,0.5145906060357425,0.565045380160269,0.9082914823777842,0.9219881910692119,0.702639129546669,0.5077924285822614,0.932392090038933,0.897360968401416,0.5119476083826443,0.4580620526486256,0.2178183866661818,0.5865743844322869,0.3332656926615157,0.9011702492000739,-0.03286647180864174,0.06173911733925686,0.4804653486662553,0.2573615976831118,0.7004718533335745,0.6308134775044417,0.04689877660238204,0.35440553382147455,0.8597518908689469,0.8787715377374035,0.729411005887472,0.7642379049318445
Parietal_Sup_L,-0.02480914579412379,0.011499423108738005,-0.2578790880655504,1.0,0.10436178221899538,-0.13379077988651644,-0.09913038864565162,-0.162336580472692,-0.7259392492855689,-0.4417588760492772,0.506760584086763,-0.23525649265731552,0.25811876393044697,-0.4549334398048859,-0.7361600406797353,-0.14798542226066752,0.02681258446564088,-0.042164889004862684,-0.17944422969666193,-0.20278106063206391,-0.4690834838297837,-0.18278234396009396,-0.5668244655639105,-0.3668993179133573,-0.5702512510542322,0.059026727043304424,-0.056156407430424216,-0.07189717299541462,-0.06652834316621624,-0.0968411132912312,0.5588155368995954,-0.038332410917645596,-0.17816564443295904,-0.05503267054523663,-0.2448973467907529,-0.22776469771784963,-0.411573497297045,-0.21594561212607302,-0.15037520849647576,-0.14065366693899684,-0.4161115852525024,-0.10740693270048823,-0.3200255217753918,0.343773150617371,-0.3869671985132844,-0.06300555467728337,-0.3420032493139021,-0.1645588588160208,-0.11482462585381648,0.49740477847019376,-0.15715678520221296,-0.030594498906480493,-0.450396428435202,0.060919410983933,-0.12961054849709228,-0.18154114197791946,-0.15216994036667375,-0.16475000601978923,-0.357682906158562,-0.31916942489391054,-0.1687279390486508,-0.23842499327658823,-0.28159349247041043,-0.2669246344094084,-0.5839233608297949,-0.3090932185336839,0.7039442235751293,0.0961693937538002,0.40188066306105813,-0.18752613525713627,0.3436821760084548,0.6404265753272635,-0.37807131061176263,0.007280521060345261,-0.06388890609887864,-0.18647570945992353,-0.3361876339632598,-0.12250106548579155,-0.38022393905404783,0.04296473254897651,-0.16379894977688852,-0.15483379504421194,-0.27739870280124207,-0.3121939304661137,0.04718254489968188,0.6806542496886352,-0.04364205725748906,0.5497006165739795,-0.11901734712269528,-0.10257306495160584,-0.1804192918610257,-0.24015068855944177,-0.2091845446301097,0.07846525000680929,0.14700480065411622,-0.26033450698729216,-0.17332761173535513,-0.10571355772097235,-0.14872307898080442,0.11230964081110216,-0.20899963336413052,-0.18669447205397835,0.285705915918635,-0.7196203663719944,0.1763907087690197,-0.080867515458689,-0.21545891269848208,-0.09324837888179914,0.7228852322065038,0.15693505717774478,-0.059556676779502334,0.2516627398048744,0.05704101445726409,0.03261858644356289,0.29489625436117134,-0.21853968302542867,-0.4595537163580812,-0.06032305549284985,-0.15531408423971382,-0.23594250114510196
OFCmed_L,-0.10555962146944058,-0.41630662895225806,0.03105590906628764,0.10436178221899538,1.0,-0.026726092972401395,-0.33273525555437383,0.06330178565591507,-0.17695198612247712,-0.0775545684976489,0.01863978863110299,-0.09071412092299304,-0.23595553740525338,0.033094787781333374,-0.2289947920029514,-0.46282668229436885,0.0902742383295096,-0.004256312450115624,-0.15226547881199132,-0.04672149613669772,-0.12854679191306273,0.18570721822983333,-0.1406182193674448,-0.040882257245531614,-0.30235108425224105,-0.37167525255000256,-0.36063824254214616,0.10453174534707536,-0.009154839319765701,0.16344132439863399,0.20422781797089512,-0.006242032946951148,-0.015606265031701714,-0.02881211397251195,-0.1552640726652719,0.04577964755414004,-0.1905482933200028,0.10075800310848076,-0.08158442033652698,0.15622210217408677,-0.03145056818145053,-0.09963398923473359,-0.0670258763412477,0.04209738636344773,0.0012707224985137955,-0.2497620471501112,-0.006753456042908615,-0.21771418558538605,-0.1673140648397826,0.005642181530095533,-0.20414664902154397,-0.07304302756341507,-0.42968646802323657,0.1782036761413239,-0.0031071866911273503,0.1012720688724358,-0.1971912728283674,-0.12502621207668083,-0.2189878678301434,-0.2617649098360416,-0.33845919378239486,-0.16220361974364123,-0.2667563235414633,-0.08499753606306497,-0.3285916373204653,-0.060720862429237105,0.13684332491942677,0.09562742107758046,-0.19099109500893852,-0.20242694985925844,-0.2004206040283568,0.05493243644530773,-0.14773025840954732,0.09649973169216255,-0.0448878369162312,0.005699421645398501,-0.01335607621543744,0.019050392540418976,0.08690567049428835,-0.06510001820722736,-0.4730076181258745,-0.05983736078470169,-0.16701543213066528,-0.03367960506984656,0.19360237936454053,0.1875368609821878,0.08168712119010516,-0.07141543429197937,-0.11467659719470842,-0.08361908393987344,-0.09708154482799174,-0.14617228653402067,-0.5694983074347744,0.041683106283251566,-0.1250622776952045,-0.1314988507413409,-0.1228554086702684,-0.05555437546968157,-0.16843297473427252,0.08496828482607623,0.013815261636338772,-0.12513817727438492,0.19079010784822373,-0.32216393312679337,-0.19380012704286398,-0.36616095753366096,-0.3059896026591259,-0.049267741360566546,0.08556757815220638,-0.2113780489493309,-0.19107262882522494,0.4683836132252573,0.00297602781441317,-0.09897639930423281,-0.0930257614807439,0.048961682836724675,-0.169809495896037,-0.0037212291585391514,-0.30415451739916005,-0.1415192862005109
Vermis_1_2,0.8589735339375633,0.19475970290693698,0.8868022746515802,-0.13379077988651644,-0.026726092972401395,1.0,0.7927510421208742,0.8798977389433429,0.3536457807255371,0.5555217876557617,0.0687240057032911,0.8966484014121732,0.3129475556889794,0.5573811098172927,0.32007660266714527,0.216866265549607,0.6040346462419546,0.8498885311123321,0.25740943836417,0.8903880627745543,0.8002417226997598,0.8516923968750008,0.5011323612285663,0.8013122965217027,0.5140812916708148,0.4402815156440031,0.44476970591694354,0.8139032643022744,0.9065815602260305,0.6951730214299554,0.33944965137400834,0.853180159893923,0.7955251654322465,0.859577584923933,0.8674535625904185,0.6696225520498861,0.7706524609263188,0.8374853592425137,0.8933644961355012,0.21025718924535117,0.5689371013455166,0.8305892752978911,0.8524035859756949,0.3526307934726861,0.7627386656754149,0.8206397859140022,0.7849292586187809,0.7299924195418928,0.8582386689142343,0.4971597691121531,0.812144782542754,0.8866670217381372,0.39952888826829586,0.053526064150407136,0.8235581001661328,0.8899459771487058,0.8489664421374936,0.911182467888155,0.7770191418264332,0.6627407452477113,0.5599049386129531,0.8509511772904131,0.6516953295433257,0.7134617931135229,0.20761721945980596,0.6429428850340594,-0.02180511185867317,0.705973562235276,0.2506841872436723,0.8295700604962786,0.25064336156092365,0.24343554077122945,0.6923380458552963,0.7364604185728387,0.7461765315092661,0.7685239762725016,0.15753477393497103,0.4335371565440853,0.6088774615509936,-0.04480522888470967,0.2547789939258443,0.9173741048820298,0.3200064069766026,0.8243816896780594,0.778804955669031,0.2572896193866037,0.6370434292974547,0.30157845480681267,0.5266519938687619,0.8816330420626255,0.5557716215187221,0.914153993283609,0.24132480397889963,0.7826301034155053,0.7316276447235767,0.5803046456928419,0.8991573797801515,0.913558369901227,0.6953964874942045,0.46896810503874387,0.9101782208930684,0.8911875852475691,0.5464242606890057,0.29770292158895834,0.4339881882982436,0.5815044976854011,0.2385433140484755,0.9128128932391468,0.10974324045994968,0.06944352655524375,0.472623608302997,0.33221271573405325,0.7289050815474787,0.710085541108008,0.1579481688930194,0.39642086413660677,0.7679422063419759,0.8980506531441075,0.7136323934418883,0.7682008191579364
Lingual_L,0.808670377290497,0.5689574434870418,0.7126521945199626,-0.09913038864565162,-0.33273525555437383,0.7927510421208742,1.0,0.7058385916227293,0.3299914092101214,0.4684664455044127,0.08922634748950029,0.7669510676842519,0.46778741163906484,0.39787614991789955,0.34928676678389353,0.5589260625515555,0.43740776205928855,0.7503595922346403,0.40960918212773767,0.7498906902009009,0.7386709391168103,0.5580572089721718,0.4876292466291516,0.6420084985884476,0.6243408810392901,0.5905533456161872,0.6960678910030202,0.6087851117272928,0.8000739917879085,0.49544090616686853,0.16294280480435822,0.7411220153687491,0.6611169061674158,0.6869261976495596,0.8509003292112248,0.48705657358547205,0.7300089345248911,0.6192438057318951,0.7868077445933881,0.08717197376097852,0.4263126212061632,0.8098219188821117,0.7346622417013596,0.3360910059547271,0.5934406278467883,0.8407179159491882,0.6285097173694512,0.8701110468830271,0.8437258515831065,0.488097065987601,0.8337428416620233,0.8098029541591227,0.6148832704711181,-0.10427150267380429,0.7281131405047252,0.7312754942032221,0.9134190821064829,0.8168019534643016,0.7922723980590497,0.706751754781817,0.6683959675621461,0.8407761294159278,0.7178560112170955,0.6127736449035359,0.3601073524262099,0.47875121041849916,-0.015651246977621946,0.5106605583053182,0.4991148998483755,0.8502309580623255,0.4936011156924329,0.27838320159915586,0.6449139236367778,0.5391904600044406,0.7185884878804585,0.669504852789754,0.24845919080871362,0.28012846925109375,0.41975110543410593,0.06019211621650653,0.5175797799177189,0.8097202644372336,0.39048152761389177,0.7270285653460806,0.5603635759855113,0.17889994968857925,0.43932302579486116,0.3873640599816743,0.41183903872700234,0.8061023241625538,0.6164400153198832,0.8222805653813281,0.6630140643725064,0.614117094959318,0.7259534179485645,0.5660193676727997,0.8165048521787485,0.7740265592697452,0.815733938739104,0.2703075219343463,0.7077277247246057,0.8118970472939595,0.3530873135775197,0.3784970856278958,0.47933989379421216,0.5414739323933968,0.33703679750501286,0.8073848293636049,0.14813320145116318,0.18662250038234,0.3325742990289856,-0.015376983566707053,0.5921077280347293,0.6467069838401079,0.08494901788248337,0.2542319895472529,0.7267619509447756,0.7652687164351303,0.7894526817197711,0.6828229570402313
Thal_MGN_L,0.7620440859833039,0.18071438717111293,0.8407313760452352,-0.162336580472692,0.06330178565591507,0.8798977389433429,0.7058385916227293,1.0,0.34927218825369893,0.5255371662979055,0.08080066736343938,0.8825665339605312,0.0883448414915947,0.5042684820811348,0.3055754700613845,0.1956619587235365,0.47946990737462086,0.749706590801674,0.24380955959116715,0.7999803675442154,0.7792018975351863,0.8066626743356919,0.44966199167093307,0.7366470130120872,0.4948554635805896,0.18221600737490892,0.39314491599708523,0.6876815698131394,0.8214448871096156,0.6176110358831696,0.23120074991453007,0.7855261335881161,0.7217882722152612,0.7330482580969402,0.7864423935488656,0.558555364384566,0.6409757402165334,0.7358127744677443,0.8962044339249664,0.2920016787764281,0.554813011357635,0.84093722965961,0.7453542928367344,0.17143702330655625,0.7002232827588312,0.7317877951561284,0.7308378342159447,0.6227330797755951,0.8384661855302055,0.32049826129848114,0.7615845709601873,0.8896337881991905,0.31752556973042967,0.14804983730576987,0.7137547371092133,0.9583432611738116,0.7413538962036635,0.8828320732010487,0.6555369451256061,0.6049303606659411,0.48643755739259575,0.8447237034368121,0.5737851567518376,0.5419573911056271,0.2637514532130913,0.5219753018853099,-0.06433610442240269,0.572260825909793,0.15741986725432086,0.8303494342031497,0.27435578057952664,0.1317581330849784,0.6218565264928408,0.6318835935678747,0.5938573076751852,0.6698182113697302,0.24852155538018797,0.519902620707071,0.4881568977200529,-0.02059956786411597,0.1204086164197891,0.91291544010323,0.21110166465796076,0.7917639409063959,0.8134592436755974,0.18165738415293328,0.590374992929756,0.13222320598647672,0.5261551723585286,0.8921359148316388,0.5337724279914192,0.8899738599111902,0.22883846179921566,0.7029225597255627,0.4993829811091077,0.48805859023955994,0.8983624616580953,0.8820188199353909,0.6352089571720297,0.4641196586724094,0.9025324649901797,0.8959515407253963,0.4225305145687817,0.2788848641251214,0.25069353801102356,0.4280567443364793,0.17708426403542116,0.9080370576145138,0.0625919706301699,0.1577197965192134,0.26888098782502684,0.2383820256212542,0.8469259870561875,0.5879158700384058,-0.06242675633031016,0.25950405379976627,0.7364098240661623,0.7953590033190757,0.6528590023726006,0.6598421993000791
Precentral_R,0.2757444162281162,0.01081879893135955,0.531949623431397,-0.7259392492855689,-0.17695198612247712,0.3536457807255371,0.3299914092101214,0.34927218825369893,1.0,0.6678398170812159,-0.5567065271072461,0.45204879102430223,-0.19873564045914202,0.7759009364493819,0.9769938649767663,0.30554585668643014,0.22924955167167868,0.31886864914346413,0.13745532140588546,0.4855734210884911,0.7327541016325977,0.4383507548758083,0.7555313480711516,0.6328461064926622,0.7573009041493037,0.12221156476972941,0.13783506358577516,0.28369325170295745,0.2316343547932425,0.2976139674497675,-0.6022349461175344,0.34332078564285573,0.4826878965006143,0.35324867870574456,0.5185985483923162,0.4503046785959595,0.7076691414487275,0.47855145057001125,0.39857944433779174,0.14556508207756227,0.6456741944634685,0.3734123745289975,0.61783752376632,-0.3386232293318436,0.7163562025221615,0.33950635509064864,0.6358258625515163,0.40157015060312345,0.35286751647842246,-0.4466342208634375,0.4000313737130287,0.27871757874903513,0.5906231375215778,-0.003252678686547431,0.4018704557089059,0.35943098204158025,0.36987248358483904,0.3839247194429313,0.5935232172483521,0.475657811434354,0.5202878599540115,0.46794118127145523,0.5428237213710737,0.6043331850834607,0.7661168090354378,0.5309240340751137,-0.7592407074238302,0.17473325412314283,-0.35593527098160604,0.39495230454462266,-0.33164336127357763,-0.5935650027210556,0.5828393270735213,0.27805377839344103,0.30091457672753374,0.46783823531247787,0.4768751724833513,0.301261599619895,0.5164279712298878,-0.031833222521828075,0.21787501324148512,0.3854663448857034,0.316547612969609,0.5786201738566807,0.04795982797815566,-0.6339870961778395,0.20225194235097965,-0.5461568337643958,0.15558488602217135,0.33037076655160974,0.3167065637767389,0.46955604960923997,0.3074782982053227,0.21478653718460936,0.04563393891780836,0.3344419039905773,0.43287730035320454,0.3694295627450656,0.3544426450843138,-0.10236730306799406,0.43947572216384934,0.4264722196307657,-0.06674739214096162,0.9545818755970704,-0.09593838847561222,0.30126008685121236,0.4280534849197235,0.3474163795309785,-0.6965912324426219,-0.23751503818511135,0.290210972204777,-0.2257646683885149,0.1902274642756778,0.17306487765888498,-0.16051539822376895,0.22976353648958284,0.7631202643499538,0.35650211396780573,0.3433391093549267,0.43812447914441316
Frontal_Inf_Orb_2_L,0.4874327291478105,-0.08099105199219907,0.7015272205135397,-0.4417588760492772,-0.0775545684976489,0.5555217876557617,0.4684664455044127,0.5255371662979055,0.6678398170812159,1.0,-0.17439234672475348,0.6866245312978804,0.02737152719406438,0.8130154806727677,0.6298683484886127,0.15865730290620272,0.45713613407293674,0.6196677064691801,0.10406065003858242,0.6788590431264628,0.8064005054188439,0.6595514388132995,0.5926349003340406,0.8284287880836831,0.7938782699320931,0.3002872823599997,-0.018031247654926925,0.5956997605138736,0.5664123524961173,0.7731993522255932,-0.16114395357965516,0.6096065662459237,0.6423578972604523,0.5940768185577515,0.7264583117644072,0.7032168507630953,0.7793134372946435,0.7248207757210617,0.5153712908893263,0.46106725772806884,0.8742343063355186,0.48126359744605784,0.7806036069139857,0.09251873616056401,0.7973439478728731,0.618033085363773,0.7869038812769297,0.5600212393822732,0.3946400832806972,-0.08033807353520239,0.5853215412374942,0.4239906265729366,0.5455211591544191,0.2690722994968344,0.7020919143135848,0.5414844096204873,0.5913024150104796,0.6359655079385371,0.7114369723406249,0.6324797747291968,0.4410387536624417,0.5348902952638116,0.6597081653259457,0.7285082521232467,0.35534920575311335,0.8402693973546023,-0.41073363200020874,0.520150356353161,-0.25422271991047957,0.4194631018660415,-0.2013559732959308,-0.15001602827958993,0.8172438291081137,0.7063320025888757,0.5572613464330035,0.6504998371593036,0.40307823315462327,0.41836740372175407,0.6685967526234221,-0.23168904973664892,0.1853296580081817,0.5363612540545749,0.4474856822526002,0.7072513209660788,0.37865231310932823,-0.2672852941221027,0.6774744692632623,-0.2513255741955015,0.5868592194118143,0.389105755202375,0.47518295725319726,0.6493164253833326,0.18834073023913428,0.5450244322814958,0.28912727383108333,0.6506448371224824,0.5200252764363331,0.5495975051437687,0.5889062865410397,0.4502323727047451,0.6710368127573586,0.6301747377693833,0.35471174005416317,0.6403633183673726,0.1786245896605305,0.49442105541308023,0.5561782758191892,0.48751408042184863,-0.39373269745900935,0.12747748295522665,0.41673208167850045,-0.05315537520275545,0.34921625437637277,0.37230156386266106,-0.047175956844586024,0.41036082830734066,0.7445548512934671,0.6016399314681222,0.5739633712746118,0.6575207485516731
OFCant_R,0.09776533713621892,0.18142706840302236,-0.044183439927021693,0.506760584086763,0.01863978863110299,0.0687240057032911,0.08922634748950029,0.08080066736343938,-0.5567065271072461,-0.17439234672475348,1.0,0.06618100548155496,0.1370195114558131,-0.329467597071625,-0.561340183118482,-0.03337670625185178,0.0696501758491731,0.13569188766830287,-0.13962630225384606,-0.06090532732995292,-0.1798629272029826,-0.07206080754403486,-0.36575442833289457,-0.15232419171490677,-0.31075448030456265,0.05210834205680209,0.07628495159010233,0.028003292197748823,0.13639643404271876,0.1083336179243094,0.4833372806273703,0.13034991899020365,-0.08840863227717098,0.02145219516582505,-0.04745536765338588,-0.08975437172427066,-0.24335773944844274,-0.05739809502184555,0.05546599480488204,0.12077141762779886,-0.19009332061297826,0.08733413296994352,-0.13895032140716346,0.3472003433877377,-0.214944926409491,0.14686378092424043,-0.17271686814140666,0.05068156184260239,0.11439609043845875,0.4162624945391578,0.140640829688332,0.18100011082442957,-0.3858097053533468,0.11445543200570228,0.08617212670843907,0.0721516108695637,0.04442887763184618,0.11006666876416261,-0.2109879759003418,-0.05466970502364011,-0.04784491521618856,0.04893180423869673,-0.0400872308237189,-0.19702159974125247,-0.40471179923586603,-0.1636072378784594,0.7294119737860034,0.11739409700966628,0.28235475155207934,0.10834843470328981,0.4754433454573009,0.6316889011664398,-0.13778563997387736,0.1042753191784004,0.0078294719778167,0.028045454328005624,-0.1472253076585436,0.02964067818832996,-0.28997757591526746,-0.03350097011904992,-0.19523051895914054,0.1033648792239309,-0.20245430559578995,-0.10897571296913697,0.19169216963200908,0.6406314960673065,0.32521186283733,0.38340459587657477,0.2339414206750415,0.12456169564048726,0.12393686273176106,0.01574750266227468,-0.06512701340856125,0.17133579493792975,0.11369314543324187,-0.03876694875726511,0.06694435882280023,0.09117703802251353,0.09446335563957407,0.3770312349422371,0.04429854878168754,0.09581079740194046,0.26083996924489855,-0.5358485053957285,0.08941035423948496,0.025953936161901673,-0.13995970467009336,0.12003157913334732,0.6624592623284645,0.6164201714713441,-0.05282995462637323,0.19220522688168207,0.24543102798893152,0.20368936485530334,0.015799678487176352,-0.02605581798744071,-0.25753968101295727,0.09498859397266901,0.12463064167028313,-0.05459283375320358
ACC_sub_L,0.8039670304140846,0.24377160502124248,0.8869469743678144,-0.23525649265731552,-0.09071412092299304,0.8966484014121732,0.7669510676842519,0.8825665339605312,0.45204879102430223,0.6866245312978804,0.06618100548155496,1.0,0.13467783673059452,0.5924338552642394,0.4208841244506854,0.2900202953414515,0.5339534987545129,0.8041776450201665,0.2745085119886854,0.852971188223356,0.854481229538764,0.8336899364194301,0.5562313307966784,0.8536631128003436,0.6530901724378918,0.3333457778696703,0.3810506284504617,0.7248219666894876,0.8624617812760411,0.6965289806525349,0.18567318490848878,0.8260798263095527,0.7791878293937278,0.8094791301858874,0.8897391406588214,0.6423498397666335,0.7710798284658963,0.786325233567681,0.8993487732298698,0.39036037311727734,0.6775566505062971,0.8462644317050658,0.8391698074240611,0.20394514794986893,0.7707468066382388,0.8222199019479672,0.8102893239631778,0.7009929233919086,0.8428019631574076,0.30798823150467536,0.8518865856457184,0.8612228095473167,0.45169847666530477,0.1597988157315355,0.7973756733056102,0.8876557421198651,0.8223790033606445,0.9505037514381228,0.7848104635494997,0.7257239659535185,0.551534109457529,0.8812753589407979,0.6880848798677336,0.6492413158016367,0.3354165085069224,0.6837695723959598,-0.09715343820607368,0.6150503560348551,0.11770282051418496,0.8424604054778679,0.24888519665711492,0.11174687609896283,0.7748628409105119,0.7259970783850144,0.6806466640305981,0.7483828800252184,0.2588580535810077,0.516547194823289,0.5763214948836994,-0.06805217648896031,0.20081951268358345,0.923189536403623,0.29339499951227205,0.8391864920830676,0.7159585064578313,0.11214324935004741,0.6723102033410883,0.09425807182669213,0.6580250540108113,0.854152066530397,0.6004560606525793,0.9377603682295746,0.33212567642878293,0.7358335532937404,0.5697720642747859,0.6006414608654973,0.9030142502203417,0.8955361629185987,0.7134591729266218,0.5604454309231043,0.9379675318355443,0.9433278842865375,0.4350721883511859,0.41040047834220666,0.27589762783350213,0.5956976331144933,0.3505548405123936,0.8971871408716048,-0.019955910140297625,0.19732002124134404,0.4309910214341687,0.16911787223054842,0.7241990433237514,0.6120847362293443,0.014380384469915868,0.3215240025088824,0.8191943833411207,0.8374860267091722,0.7658187369322081,0.7966789179014118
Cerebellum_Crus2_R,0.4145991266890467,0.20644315030231966,0.06454565292626371,0.25811876393044697,-0.23595553740525338,0.3129475556889794,0.46778741163906484,0.0883448414915947,-0.19873564045914202,0.02737152719406438,0.1370195114558131,0.13467783673059452,1.0,0.06524615186109188,-0.18253905038970758,0.19904595029016908,0.35985664428805814,0.309003928094077,0.37625195810761547,0.33004063925638133,0.12420798880581815,0.04325634510197314,0.04664114514221386,0.14922987609296426,0.17341385054557693,0.840721145802013,0.29129545509436033,0.3974097436363764,0.3919089242016221,0.2340051360931838,0.39141525427269247,0.26951106015593473,0.292247020953733,0.3005276510953989,0.27887006098163897,0.20068501265985736,0.31791063799089436,0.1604291976385883,0.1279210390140257,-0.18836205484574178,-0.05260435451805301,0.12416328774161382,0.27190683276610295,0.7489066539303403,0.12033001415217005,0.4449492146811138,0.13706907583585687,0.4833715597712032,0.18914436902385032,0.7352566747486945,0.27107395169495113,0.17306917469376434,0.46792186043749007,-0.1904726131836489,0.31987578758236473,0.12870936452346943,0.4793644487644437,0.21696956038787668,0.39220218031605336,0.24601762966286103,0.12056741767736265,0.12926891810724844,0.22364975614036328,0.35580967890255955,-0.33095386938356725,0.182268879517948,0.24497161474518162,0.4589965362341432,0.6436392836271533,0.18521740521986102,0.23905240793934562,0.5628563829948633,0.19431811134080249,0.3287753631275437,0.5261337021621252,0.20951698119394563,-0.11094307646966216,-0.08488019710262966,0.23852708987797996,-0.11167206736020449,0.6890519344075674,0.15249095243379565,0.5401783108176152,0.22336524993651546,0.31054384861096607,0.3773650475356517,0.13002070742786542,0.8245215216903641,-0.05416502084131371,0.1306043611854514,0.03797050848801355,0.21787067054525536,0.3461316948661196,0.4033116670503822,0.7479625163696006,0.38490772536052714,0.11252613371446571,0.18848892507258813,0.43712913644157075,-0.028869395669953387,0.10481502433075367,0.14992120978430395,0.4725588245624682,-0.14176793186319864,0.743602964947994,0.2447720434158969,0.2280799466771717,0.17316519607154257,0.3413791796451837,-0.023420771934363496,0.13171510955383314,0.05885036881988183,0.025786163894629056,0.5049272046917604,0.48121227662529814,0.2463552729707264,0.11214148477767363,0.33179462577709856,0.380785331780041,0.2924654994169979
Frontal_Mid_2_R,0.498287092891416,-0.2526500636702744,0.7084543985715277,-0.4549334398048859,0.033094787781333374,0.5573811098172927,0.39787614991789955,0.5042684820811348,0.7759009364493819,0.8130154806727677,-0.329467597071625,0.5924338552642394,0.06524615186109188,1.0,0.7066834537188053,0.07631536305844314,0.6267280126677057,0.6388835476208146,0.08359105982212324,0.7351360593259006,0.7996334479848256,0.737110222745278,0.6774693657813785,0.8222405448633009,0.6906679640064145,0.29333372707650923,-0.07321433365482516,0.649160906907846,0.49199039292288244,0.7187215460190468,-0.19752990566991227,0.6308947096752378,0.7792137507384272,0.6509840072963327,0.6804181099990335,0.7397443218178913,0.824401599460565,0.7345827044982415,0.5238738120564387,0.27689506750430953,0.7929883946897289,0.44093663462249516,0.8231324858156989,0.06934556666355278,0.9337838405846506,0.5381296887230503,0.8774040850209879,0.5478538886476061,0.40074909914967716,-0.05509532842068097,0.5109426605229562,0.42314987836304546,0.4944611309616923,0.21268548862828185,0.7139798672095303,0.527520002829741,0.5496259425734,0.5568788090191805,0.686606524192705,0.4746087045459897,0.48003353823429,0.497480873302161,0.6000519919562612,0.8348013852492516,0.33276571214024947,0.7496905008360413,-0.4491027051297739,0.6452336526033754,-0.2767234815980247,0.3858567329263642,-0.36558054072019047,-0.20880882739612128,0.7366615826487553,0.738443832298729,0.5875458977233025,0.7253473505758441,0.36890357953611763,0.43541465548460273,0.6756700988237888,-0.20059593632284511,0.14571689257323195,0.5257157310617019,0.4260439051678723,0.7371788830405283,0.3781633272719111,-0.2358563014326822,0.5465671996910726,-0.22473004019214649,0.3008645875101688,0.3978455585110391,0.36028260605036083,0.6143923819885911,0.04403727774832368,0.6269075673692934,0.32399361746614036,0.49985840511034396,0.5200293312414,0.5737656213558698,0.5505510704879876,0.18340572919531586,0.6572584253918525,0.5644807583904455,0.4750941705629461,0.6716752967973241,0.20961310589938106,0.43059671841112496,0.47237791698188386,0.5143958055788608,-0.4204891059819448,-0.23398416354992388,0.4186418548797443,0.07139154377786698,0.30535571584579974,0.4063131899130918,0.11265602034056908,0.42191032769858755,0.801054878453022,0.6461197827650296,0.4656474669390294,0.5764149169454811
Postcentral_R,0.27058370075976307,0.11936611447688304,0.48129137935774,-0.7361600406797353,-0.2289947920029514,0.32007660266714527,0.34928676678389353,0.3055754700613845,0.9769938649767663,0.6298683484886127,-0.561340183118482,0.4208841244506854,-0.18253905038970758,0.7066834537188053,1.0,0.38092263615005884,0.1867160646546274,0.2846950925907011,0.15943107214517388,0.43666353298360167,0.691814478492435,0.36687356924069503,0.7727482003452175,0.5877523515809068,0.7616249403704225,0.1395025879868794,0.1978986336997191,0.23589655567490558,0.21357244038727818,0.2578168684481515,-0.6027187476613969,0.30259855297583116,0.42356160316517455,0.3119372300857141,0.5058068017272784,0.41426568717473,0.6930993212353547,0.4291906149654135,0.36934827095237005,0.1223740518608314,0.5981037814400659,0.34597894555768427,0.5843751554058411,-0.3501714771716913,0.656594488709684,0.3201901978628971,0.5929005640270594,0.41333678181868944,0.3482569131146836,-0.44385285358112825,0.38519328878858605,0.24080559125628725,0.5987947791761582,-0.03858920648918938,0.36054534697355956,0.3203160904096513,0.37179829835601447,0.3514350820307157,0.5686204359078948,0.464418656564289,0.5364043581387997,0.4586397775339977,0.5736897809815987,0.5742809517424879,0.8252180175797973,0.5039550450122495,-0.7414860517145574,0.09378730715030552,-0.3004880796407811,0.3987565319744055,-0.2682697382426241,-0.5882166776616369,0.5610798903871961,0.1966715097277815,0.2973725081176484,0.43129777668141833,0.47428275741861103,0.23713313518388912,0.48657911068152504,-0.0007570261132429958,0.23897352241932573,0.349711033506737,0.29851726742325446,0.5435516219195424,-0.002377644438543722,-0.6479833628091826,0.13912288041745366,-0.540187334343233,0.14723170244380102,0.31279631274495684,0.3522017290269727,0.42858388098350253,0.374024189117129,0.13958419136206285,0.04207079641347242,0.3374968619650034,0.39696344597739047,0.3235831084533689,0.3737716766315388,-0.12447459216397022,0.3910883608254307,0.3957429230511875,-0.16313563496633637,0.9692383891233662,-0.11799797719332328,0.2890018735678076,0.4114017666351386,0.304869416005984,-0.6773017254480018,-0.18424530177644505,0.2858940665046562,-0.24101304119047476,0.14837262059901288,0.15633590168400135,-0.1681567737973107,0.23463761611895773,0.734031067670475,0.3099995197801275,0.3373845788420587,0.4285584997034298
Occipital_Sup_L,0.42213762532428256,0.7908529254181542,0.26236691988950955,-0.14798542226066752,-0.46282668229436885,0.216866265549607,0.5589260625515555,0.1956619587235365,0.30554585668643014,0.15865730290620272,-0.03337670625185178,0.2900202953414515,0.19904595029016908,0.07631536305844314,0.38092263615005884,1.0,0.057567256484838986,0.23165669409038256,0.2966639245553678,0.2253101038290806,0.34121239241040086,0.016668783270106034,0.354144013847261,0.2028738158385553,0.467951490513131,0.40565811236802335,0.5620184732602261,0.10559719684378509,0.27042200307069314,-0.06152881284256138,-0.12056124843251124,0.31269376326354187,0.20762398159519732,0.18152869020061504,0.39108549068291315,0.10599958254520932,0.3491933688625807,0.19247176516601494,0.31083807923019785,-0.007935999364261828,0.1691557352478655,0.4032320355447891,0.2695136478875923,-0.07360539451916262,0.17604562840081553,0.45088375274283965,0.14786485776934702,0.5617085265021965,0.4034472263259825,0.04959167335715032,0.45787010526258204,0.32341189682797356,0.44810069920562773,-0.16771394114290394,0.19111710161856793,0.18315023039150574,0.44713212487250414,0.3488520493149562,0.346293771206732,0.3026329047778155,0.578306839313796,0.43390769261404316,0.6123791137575789,0.2381664832057899,0.5987290222000492,0.1427106035784032,-0.18574794984065315,0.077016934935886,0.2394246225529947,0.4751700703296942,0.5780104294627118,0.12278425546932142,0.34453552766851286,0.02044012360198781,0.27545093829881434,0.2770773156995853,0.3401929497947201,0.12427209716550894,0.03871304010467434,0.21463033725273306,0.3509528182109038,0.2989197358889374,0.11664046251611067,0.28758812547075185,-0.022629452399249336,-0.06024580385432694,0.026399403584220448,0.029326729042676688,0.22672579536840282,0.3201839699616107,0.3938738967827249,0.32627054288287016,0.6719320052418895,0.15626323501853528,0.2242081344745117,0.22506764866518914,0.36445634976213154,0.2626017879299486,0.5386504112756678,-0.010701558563523707,0.1764828029923538,0.3508551253599101,-0.06940759979063842,0.4418388158449279,0.0784364258556478,0.2275874859791001,0.38210716603153055,0.29063644383725484,0.10493484619566046,0.21374066976131315,0.09908067129809184,-0.27592538382222953,0.23839549301730295,0.3104019421150107,-0.06620675728267174,-0.014199835712916305,0.36323449946184844,0.19353708545781811,0.5086435583144783,0.30238850512911813
