,ACC_pre_L,Thal_PuA_R,Hippocampus_L,OFCant_R,Thal_AV_R,SupraMarginal_R,Temporal_Pole_Sup_L,Thal_LP_L,Cerebellum_Crus1_R,Lingual_L,Cerebellum_10_L,Angular_R,LC_R,Thal_LP_R,Cerebellum_8_L,Thal_IL_L,Vermis_9,Cingulate_Post_R,Cerebellum_4_5_L,OFClat_R,ACC_sub_L,Frontal_Mid_2_L,OFCpost_R,Temporal_Mid_R,Frontal_Med_Orb_R,SN_pr_R,Occipital_Mid_R,Cerebellum_9_R,SN_pc_R,Cerebellum_4_5_R,Cerebellum_9_L,Red_N_R,Paracentral_Lobule_R,Thal_PuI_L,Amygdala_L,Cerebellum_6_L,Vermis_1_2,Occipital_Sup_R,Thal_VA_L,Rectus_L,Thal_PuL_R,Temporal_Inf_L,Cuneus_R,OFCmed_L,ACC_sup_L,Frontal_Sup_2_L,Thal_LGN_R,ParaHippocampal_L,Thal_LGN_L,VTA_R,Fusiform_R,Temporal_Pole_Sup_R,Thal_VPL_L,Cerebellum_10_R,Vermis_7,OFClat_L,Caudate_R,Cerebellum_Crus2_R,Angular_L,Temporal_Mid_L,Frontal_Inf_Tri_R,Calcarine_L,Postcentral_R,SN_pr_L,Supp_Motor_Area_L
ACC_pre_L,1.0,0.6338492988900225,0.9009987948206769,0.012036333159622917,0.844073806689501,0.4104219777827331,0.7300339758151094,-0.06527701300829175,0.09836507562989814,0.7561007001809654,0.653882945709577,0.29193167902420897,0.7222325842592585,0.37363364090758255,0.37618772858341815,0.9377704344961953,0.5438617583543396,0.9099235187159206,0.8625608588828002,-0.09129409505726646,0.9354944922111867,0.535462980618078,0.7193734485119997,0.7007315741498017,0.5614326039277411,0.45667160039210075,0.28142056211678784,0.5804952501075825,0.7090671670388148,0.8800518975864517,0.7764949576099811,0.7894087369510109,0.25507462428783584,0.7482937325582543,0.6518436973625271,0.9058605649655245,0.9096006952918375,0.4257133379093914,0.9589330572823692,0.38291807488401386,0.6066892580527375,0.6345651899910104,0.5685276862210373,-0.02054521214483965,0.889278731002138,0.7204221605911295,0.9148055958471834,0.934342033935742,0.8853938265422903,0.6363252262135456,0.7960085960447059,0.8203925233964333,0.8734684169022838,0.5361580434026917,0.16309384011543254,0.10060962494074208,0.914507764494958,0.14167642560663188,0.21027999790272375,0.7011852579495881,0.8783515910653643,0.7368154189184282,0.42682859310343985,0.45804121669041437,0.7559098533820412
Thal_PuA_R,0.6338492988900225,1.0,0.6518785153437001,0.019137199839408526,0.8040253391047092,0.47941124803621643,0.32650007175761536,0.06213845816666477,-0.014104997232112577,0.7187292248900632,0.2921127009934379,0.5863820023256417,0.46832221444140937,0.022690405859935325,0.08708366602796425,0.6659350323577495,0.6462900636593357,0.525915158337479,0.47028322291816643,-0.18407635122025728,0.684964369986774,0.0828044796828259,0.24421407777776233,0.5148736766826314,0.10013961240052016,0.21050761562748238,0.6593738767766377,0.4250935558725367,0.3736524469554468,0.4793289296797664,0.6240929431882406,0.5513249042052302,0.37302717566068455,0.6730802612249974,0.5752601284284863,0.6875074883217315,0.6141363348468637,0.740721939562828,0.6127428835144222,0.07281633653719802,0.9105925336135361,0.6214193995261831,0.7080265528294173,-0.2455980074572932,0.47636304995188095,0.255521544025792,0.6279372511855383,0.6865435177453862,0.6622667262300539,0.20169373235526475,0.5024081259146493,0.37829878916185783,0.7237023904953055,-0.0172611500488769,0.4137287784456099,0.09466438872785927,0.7125141769187598,0.05562798852442487,0.5225699744831975,0.6865339277074366,0.5097891061352359,0.6278325352245363,0.5000005831866315,0.18727638559071227,0.46110381213152435
Hippocampus_L,0.9009987948206769,0.6518785153437001,1.0,0.18022479040440956,0.9130511622611807,0.1831994987749334,0.502583194606095,0.045704815357494426,0.24647207574255323,0.7423944428504198,0.4583169192189442,0.17109734346197647,0.7282982641113876,0.20985511535063767,0.24495293713440422,0.9367394420739773,0.5280400049220111,0.7794852770231864,0.7663931236762503,0.13838341227873804,0.8454235825737721,0.5732234968564424,0.6100016416285101,0.7179388042209591,0.48635414027942353,0.403874873126603,0.17782761069781758,0.5989305477982501,0.6097757713673438,0.8269262010214767,0.6443108260017563,0.6856095624934541,0.1722976286241802,0.8765634649072407,0.7042534939919194,0.7984125225237267,0.8867027063993138,0.32511694396709906,0.8866828720376876,0.21769200111146694,0.6265261838328142,0.3935913141988142,0.48407444767007735,0.039413634938416535,0.6904362614942827,0.6973811879309417,0.9193670227668276,0.884762235065719,0.8848166820642823,0.6221124774953202,0.8100514429994906,0.747784075801961,0.9650418006437325,0.5032763388739504,0.17329016474657694,-0.029275672784981794,0.9327751536203784,0.14628342978956538,0.4021354361177602,0.5267932969613044,0.7430864503609353,0.6313858822500497,0.20447194213433506,0.3910394678922361,0.630860047197499
OFCant_R,0.012036333159622917,0.019137199839408526,0.18022479040440956,1.0,0.08733413296994352,-0.5358485053957285,-0.19009332061297826,-0.03350097011904992,0.38340459587657477,0.08922634748950029,-0.28997757591526746,-0.40471179923586603,0.18126704275735506,-0.02605581798744071,-0.24012633684317447,0.09117703802251353,0.14969372201628903,-0.08189940913704859,0.08617212670843907,0.7294119737860034,0.06618100548155496,0.26083996924489855,0.32521186283733,0.1234726235994859,0.3770312349422371,-0.11967937965520035,-0.3265774369939398,0.11369314543324187,0.04391574320982767,0.13569188766830287,-0.2109879759003418,-0.05459283375320358,-0.1472253076585436,0.21886033322543147,0.20368936485530334,-0.04745536765338588,0.0687240057032911,-0.1296056706978637,0.04429854878168754,0.12077141762779886,-0.033384814911837715,-0.31075448030456265,0.07405689077225684,0.01863978863110299,-0.015544752997859478,0.11739409700966628,0.1338280142395156,0.01574750266227468,0.0721516108695637,-0.019853952866277898,0.2066710211535429,0.028003292197748823,0.18100011082442957,-0.06361344842217824,-0.13962630225384606,0.3584966322937599,0.05546599480488204,0.1370195114558131,0.4754433454573009,-0.1294335060861232,-0.17271686814140666,0.05068156184260239,-0.561340183118482,-0.05282995462637323,-0.19702159974125247
Thal_AV_R,0.844073806689501,0.8040253391047092,0.9130511622611807,0.08733413296994352,1.0,0.34582190680072794,0.45463846293509363,0.05856411718159895,0.15300249944589484,0.8098219188821117,0.41640075045489927,0.38959871729210527,0.6478025507257882,0.08355762477373703,0.23461793569968628,0.8735967888885781,0.6095367768709372,0.7211530939699367,0.6904165556613718,-0.03058998680586529,0.8462644317050658,0.38882913936255203,0.47768325598063865,0.6910066936316577,0.3550471049549744,0.38255716807739604,0.4144098666504908,0.5538963265943863,0.5571080435094097,0.7457293631401826,0.7088736625730092,0.6893382759557934,0.2940344674832588,0.8645093897096828,0.6334381132403945,0.8177997088767408,0.8305892752978911,0.5363203194576143,0.8145665367940309,0.15620548110639487,0.7582040174629512,0.533188459855276,0.60811869514722,-0.09963398923473359,0.6245440478203975,0.5316370253321168,0.865778696829748,0.8853742895735058,0.8587702586953758,0.5174235607827586,0.7333078823594703,0.5836656754075119,0.9526137572722969,0.3482358841087915,0.30082700828883147,-0.04619166807643983,0.908995021446301,0.12416328774161382,0.4718436643272304,0.6689154940556117,0.6700871936760797,0.6755043803365709,0.34597894555768427,0.32309101523912953,0.5742124237544581
SupraMarginal_R,0.4104219777827331,0.47941124803621643,0.1831994987749334,-0.5358485053957285,0.34582190680072794,1.0,0.5807913623436592,0.023480993658187236,-0.5041356826173631,0.3784970856278958,0.4658764834164736,0.8358656691475369,0.06552249808121662,0.2160031375388617,0.3043938734088218,0.30302253313988964,0.21165277778737845,0.48992226126635563,0.3526431750305638,-0.7296480063200577,0.41040047834220666,-0.18544586200181296,0.13839989581876927,0.17936378449723325,-0.0993363956910905,0.3320002997554827,0.7713330518227121,0.051659373209598645,0.2584258369191518,0.28054431378790723,0.5892509854122239,0.4258164109704577,0.500528096160834,0.1583192531104028,0.1451900455220776,0.5066838337727374,0.29770292158895834,0.6785253037887714,0.35538446637289833,0.11991590612679782,0.5521663047604011,0.7743998357942294,0.46981654533126666,-0.32216393312679337,0.43536947245079993,0.064823327699907,0.2552440641542546,0.43013258387150544,0.28741351643070845,0.20173083208805495,0.07234850142296982,0.21242909883660804,0.2365577466540068,0.10450218726286736,0.17305823749077331,0.06763155570219065,0.3601052602869258,-0.14176793186319864,-0.22457281481833677,0.6434977166850347,0.5654385529208137,0.42991867789859106,0.9692383891233662,0.2573355270740562,0.5444293579916535
Temporal_Pole_Sup_L,0.7300339758151094,0.32650007175761536,0.502583194606095,-0.19009332061297826,0.45463846293509363,0.5807913623436592,1.0,-0.1700797613891194,-0.3190702771232717,0.4263126212061632,0.6434980152143062,0.3591342400285943,0.3808019314925687,0.4911707454754578,0.4301105071563426,0.6067482383643363,0.20164719617138085,0.7459052937442217,0.7359372265131199,-0.46722457496188474,0.6775566505062971,0.3886151466077132,0.7346916371263447,0.2542166551325615,0.5437760013152697,0.4924104556823147,0.22520222292672795,0.19514021737596385,0.4843888999665882,0.6745459172568425,0.6156934060169061,0.6330053806349566,0.35495207289146335,0.36131936169366613,0.3269822256661734,0.6796234884975249,0.5689371013455166,0.35150146854844144,0.7319333419722764,0.4934918960996347,0.32923329636570187,0.7291046226961423,0.43373542033649465,-0.03145056818145053,0.8325065942436236,0.5797566460729877,0.5781652929605564,0.6735422215206077,0.5332416534351102,0.5525164993376694,0.39358993633553846,0.6414769008851993,0.4436415111653145,0.3929951333046363,0.0022415452681612312,0.3267920704662996,0.5111502321185016,-0.05260435451805301,-0.22204321528793103,0.7181529697790252,0.7501855290728395,0.5747679777045348,0.5981037814400659,0.5078943815576853,0.6718566792792362
Thal_LP_L,-0.06527701300829175,0.06213845816666477,0.045704815357494426,-0.03350097011904992,0.05856411718159895,0.023480993658187236,-0.1700797613891194,1.0,0.01348703238980841,0.06019211621650653,-0.1798411275531589,0.1859998924296782,-0.05008590434629899,-0.09908802001129445,-0.19764441665786528,-0.01724498570104516,-0.050102568186204,-0.05303237857788862,-0.13172465280303827,0.00961185002175424,-0.06805217648896031,-0.22477546766190873,-0.17569327166689377,0.0443869824673247,-0.1748035029796741,-0.03849485427309967,0.20989995290254865,-0.08796484857350059,-0.10304973141298605,-0.06924758872460972,-0.08003740909329038,-0.06500674224646963,-0.040739898843426874,0.14810866666854458,-0.05972294472354669,-0.09792998800403835,-0.04480522888470967,0.1158284254413102,-0.10169125024831643,-0.15120859201298828,0.19873559705747484,-0.1470723142594624,0.02895509446403974,-0.06510001820722736,-0.21131086827321952,-0.18959627760188746,-0.035000671540911056,-0.02152820074564808,-0.043937037072999535,-0.06510891138867028,-0.004722979707017481,-0.14582089100441,0.06643983538469736,0.017638500102593012,0.0448715830868482,-0.12692033933016444,0.06018334321036384,-0.11167206736020449,0.2183345869872257,-0.13206624317901122,-0.12565886825904568,-0.05363215244496261,-0.0007570261132429958,-0.07401772211398083,-0.11983186734016521
Cerebellum_Crus1_R,0.09836507562989814,-0.014104997232112577,0.24647207574255323,0.38340459587657477,0.15300249944589484,-0.5041356826173631,-0.3190702771232717,0.01348703238980841,1.0,0.3873640599816743,0.009435246967623656,-0.5189106224445797,0.5060588520186456,0.04444003467871235,0.3894311271035406,0.20877911933719998,0.526413629400003,0.17649933704481485,0.1934025178751782,0.6219786192849425,0.09425807182669213,0.46286300671675085,0.0793664584340357,0.6311084769121741,0.053698900244439275,0.09611233659577369,-0.28775726025297166,0.7293435395799006,0.24936168389174937,0.24733543877037512,0.16851529186738975,0.13229279290073076,-0.30368781577364584,0.30459655690957743,0.4468645988517074,0.14729549735121514,0.30157845480681267,-0.21308367800839767,0.07254238259289997,-0.21969218922481595,-0.13779100608291478,-0.2206706532467781,-0.008622207208024903,-0.07141543429197937,0.06128184866085183,0.37492398303209823,0.19492082021542737,0.1605148309184639,0.1637226830360731,0.013593661446416756,0.6000449406566932,0.33785665833078976,0.26075453375958335,0.1843264038103165,0.2754845145397645,-0.2623779667900231,0.19068178533821672,0.8245215216903641,0.4258137923545734,-0.10742912073103725,0.004998129509407931,0.26991150852810813,-0.540187334343233,-0.0046442821006423265,0.1047229578540569
Lingual_L,0.7561007001809654,0.7187292248900632,0.7423944428504198,0.08922634748950029,0.8098219188821117,0.3784970856278958,0.4263126212061632,0.06019211621650653,0.3873640599816743,1.0,0.41975110543410593,0.3601073524262099,0.6851130984962077,0.2542319895472529,0.4810543093944871,0.7740265592697452,0.8065740760841665,0.7649048145365297,0.7281131405047252,-0.015651246977621946,0.7669510676842519,0.3530873135775197,0.43932302579486116,0.814815340956262,0.2703075219343463,0.42172136644802816,0.5028309072445747,0.7259534179485645,0.5734127043163719,0.7503595922346403,0.7922723980590497,0.6828229570402313,0.24845919080871362,0.757326482926824,0.6467069838401079,0.8509003292112248,0.7927510421208742,0.6261230969895126,0.7077277247246057,0.08717197376097852,0.6558436252023242,0.6243408810392901,0.7145320480663586,-0.33273525555437383,0.6715361162840906,0.5106605583053182,0.7377584934121567,0.8222805653813281,0.7312754942032221,0.373462725261182,0.8213189885941754,0.6087851117272928,0.8098029541591227,0.284704375265908,0.40960918212773767,0.024788726198130037,0.7868077445933881,0.46778741163906484,0.4936011156924329,0.7079770760979012,0.6285097173694512,0.8701110468830271,0.34928676678389353,0.3325742990289856,0.6127736449035359
Cerebellum_10_L,0.653882945709577,0.2921127009934379,0.4583169192189442,-0.28997757591526746,0.41640075045489927,0.4658764834164736,0.6434980152143062,-0.1798411275531589,0.009435246967623656,0.41975110543410593,1.0,0.15167287579668698,0.41438060742274596,0.4295067587119337,0.5115414747510169,0.5449843547288945,0.2895230011544993,0.7443443207465432,0.6945069804987318,-0.3109862611725615,0.5763214948836994,0.3694808530566336,0.5014363451153645,0.4547897013220001,0.25211867855919645,0.42641370657448746,0.15198453919402932,0.4504256315025049,0.6606911194576499,0.623985697866678,0.6656372766253658,0.6033097297632594,0.22722510298126117,0.20736502752517952,0.42481729437877225,0.5764291629329615,0.6088774615509936,0.16493253914756306,0.6271654137531568,0.3002107287503276,0.19903643291146048,0.6263543137364372,0.2774608203649616,0.08690567049428835,0.7306596278066256,0.545588982074369,0.5236649622335491,0.5975318962789494,0.557601007962503,0.4794802210852102,0.4986487919408858,0.6447670835209118,0.391454734272284,0.6937423041359074,0.153970640488209,-0.06590198894782606,0.49871119984893286,0.23852708987797996,-0.2419870684956781,0.48499588576615593,0.7050565572586419,0.5119151334965374,0.48657911068152504,0.3500597572844708,0.6785877760189318
Angular_R,0.29193167902420897,0.5863820023256417,0.17109734346197647,-0.40471179923586603,0.38959871729210527,0.8358656691475369,0.3591342400285943,0.1859998924296782,-0.5189106224445797,0.3601073524262099,0.15167287579668698,1.0,0.027787166052591312,0.011668069650947532,0.016184330178553828,0.26005060350702836,0.1609078133005715,0.2701225773336393,0.13105695664111489,-0.5868166934357207,0.3354165085069224,-0.44056723918221347,-0.03894772598812139,0.10315929247662035,-0.10326817418291064,0.11637155678018359,0.9145864373137085,-0.07900121314859236,0.04307885924750297,0.1272806291956446,0.38058062917116386,0.2974673604636639,0.4299237054260348,0.26977128371569076,0.024337496664824702,0.3820573132442997,0.20761721945980596,0.813922491543854,0.25843585268047925,0.0461862084256261,0.7122865377306185,0.5580521314982999,0.5081758240678693,-0.3285916373204653,0.19582455046549152,-0.19778142595954193,0.22008935067716603,0.34989650302786185,0.2358582219776409,0.030971621597446417,0.008673695822263877,-0.004177143795568447,0.27366824655381294,-0.12435127754804606,0.1486216102838423,0.2185499127149515,0.34705392986329536,-0.33095386938356725,0.06959449310260009,0.5018605520822481,0.33065956277407466,0.31921095453732395,0.8252180175797973,0.163566576854094,0.2367914135912907
LC_R,0.7222325842592585,0.46832221444140937,0.7282982641113876,0.18126704275735506,0.6478025507257882,0.06552249808121662,0.3808019314925687,-0.05008590434629899,0.5060588520186456,0.6851130984962077,0.41438060742274596,0.027787166052591312,1.0,0.2616481351413668,0.4997994194767904,0.7921972025435539,0.5892317103121136,0.7039813634052456,0.6514847442875061,0.18581926421594755,0.7260353867550275,0.5410126179831443,0.5531909602813109,0.7458301964146714,0.4067097287454954,0.22795739305110452,0.10635925519490202,0.7030769365996613,0.5302882779464385,0.6819063146031263,0.6099145493679863,0.6246366131692391,-0.057489892780791835,0.7620171859650314,0.6270945747584334,0.6801984706441425,0.7851572832370937,0.18132695500351007,0.7430371673228099,0.19606205561345424,0.44092087277881387,0.31649243705161983,0.34844262362421297,-0.10419493635970861,0.5958591023780399,0.6529865859419747,0.7713245764902216,0.7670641129287747,0.6760155791725764,0.26579270045400083,0.8272060874796084,0.7563822490191658,0.739248080824946,0.33360059294373656,0.23507188043377758,0.037202711916710936,0.7575616368696986,0.4287712112049713,0.3021591171182441,0.4452882605923363,0.6490018829075651,0.6337627347971084,0.0566064275014555,0.34759958551313164,0.5241455245726874
Thal_LP_R,0.37363364090758255,0.022690405859935325,0.20985511535063767,-0.02605581798744071,0.08355762477373703,0.2160031375388617,0.4911707454754578,-0.09908802001129445,0.04444003467871235,0.2542319895472529,0.4295067587119337,0.011668069650947532,0.2616481351413668,1.0,0.32110134883591274,0.2831990298033221,0.21088915137302544,0.4880363917671837,0.5230526073000703,-0.1425129417720182,0.3215240025088824,0.2879660069481421,0.5196037834429649,0.22835226665753514,0.3061326312491032,0.3259849562330583,-0.014923142609849175,0.2660389796289101,0.3730562558375075,0.48897880795273435,0.31813811057945685,0.3709584225875167,0.1321178347289155,0.03441579637613382,0.2736966909339523,0.3949844847038126,0.39642086413660677,0.13812156921129431,0.3737664314121433,0.2190068011358244,0.023634614855580893,0.32387929922232195,0.29719684195948404,0.048961682836724675,0.534761775185545,0.3808963361430574,0.2841816272120036,0.2911834264758796,0.2657057304218352,0.21308071703902273,0.3483331832388682,0.48460765570416,0.14884187453072742,0.31302453796377094,-0.06639208532159627,0.13026029553832383,0.19703155532467917,0.2463552729707264,-0.1635504117720375,0.24980740788137049,0.4088261387870276,0.4628852996121384,0.23463761611895773,0.43162044586928733,0.4575452351378784
Cerebellum_8_L,0.37618772858341815,0.08708366602796425,0.24495293713440422,-0.24012633684317447,0.23461793569968628,0.3043938734088218,0.4301105071563426,-0.19764441665786528,0.3894311271035406,0.4810543093944871,0.5115414747510169,0.016184330178553828,0.4997994194767904,0.32110134883591274,1.0,0.36794701014183234,0.4543485956994687,0.5780792169606832,0.4799760509566886,-0.18314476734062615,0.38002849134705696,0.42775174861162074,0.30027164044786075,0.5234523288556361,0.09360272531754951,0.44086363304544707,0.10916302259574771,0.6598309080653005,0.43049022014877053,0.4186238632483587,0.7048563894735569,0.553794251459194,-0.04505712743518853,0.20761152700111432,0.3767711971522793,0.5116233225887301,0.4832866537232344,0.059935539238324224,0.3696053830996699,-0.03424681099406904,0.008507545204597842,0.493686658037917,0.12048549767393954,-0.20317430748237694,0.4912732638252457,0.5234992717540132,0.3107423113757247,0.46098129913986013,0.2611030134434164,0.2089434534269412,0.4957207797422623,0.5365758298487782,0.25605727542532924,0.34722656558909376,0.3540441770120778,-0.16076409693334556,0.2997631101869854,0.6600634154727806,-0.2137298690979382,0.4859000448454529,0.5009517717866001,0.5001260495604342,0.2691070799205535,0.4277211641983103,0.5896404922859146
Thal_IL_L,0.9377704344961953,0.6659350323577495,0.9367394420739773,0.09117703802251353,0.8735967888885781,0.30302253313988964,0.6067482383643363,-0.01724498570104516,0.20877911933719998,0.7740265592697452,0.5449843547288945,0.26005060350702836,0.7921972025435539,0.2831990298033221,0.36794701014183234,1.0,0.5537820026155363,0.8516051736740508,0.7977054608672152,0.011799344062774733,0.8955361629185987,0.5322160530815476,0.6287161931539724,0.719052022086337,0.48368777812059066,0.3686243939943012,0.2630527938676357,0.6192638629977147,0.5996937352605036,0.8390741381398515,0.7309664017007117,0.7526458569805833,0.11083796409121033,0.8553937345285594,0.6915426586360129,0.851325875139469,0.913558369901227,0.3816759070592202,0.9564292442006566,0.25063780327161006,0.6609759179567548,0.5305543168392473,0.512920333878189,-0.05555437546968157,0.7856991281370573,0.7070467025558971,0.9342314731366229,0.9386955990787825,0.8703429697556054,0.5954497803244007,0.8193949848045332,0.788753846957711,0.9419436861086772,0.4353963874712861,0.2105350407396,0.08216059265485678,0.9406199258502391,0.18848892507258813,0.2800929887796581,0.6195624360083912,0.8175721522895542,0.7110818106751164,0.3235831084533689,0.43830058213599826,0.6803872259659801
Vermis_9,0.5438617583543396,0.6462900636593357,0.5280400049220111,0.14969372201628903,0.6095367768709372,0.21165277778737845,0.20164719617138085,-0.050102568186204,0.526413629400003,0.8065740760841665,0.2895230011544993,0.1609078133005715,0.5892317103121136,0.21088915137302544,0.4543485956994687,0.5537820026155363,1.0,0.558008601016088,0.5565902211137007,0.06558249974000213,0.6035772675509803,0.3503084454642191,0.30939892533519847,0.7528541578265534,0.17279650153000184,0.2997358830767346,0.34227590445725736,0.7998296079583236,0.4845460412598029,0.5505269454110917,0.6843296251979,0.506540582759578,0.2174580829167347,0.5589699882706692,0.6350179477239658,0.6965641215843066,0.6583893757875228,0.4759613268256124,0.5051326605771276,-0.005503250769332362,0.5076996899988767,0.5008707732810996,0.5735234889754327,-0.286438395198461,0.531688821654291,0.4374270257455366,0.5626472204260201,0.6105145041404687,0.5932877546478174,0.12324214714187642,0.7118623303461181,0.49139309420319127,0.5974114531386576,0.05226499185954119,0.471822155190797,-0.03132202423350317,0.5887755863656745,0.6146228801550089,0.48354066123055445,0.5739229817793778,0.4552442539848048,0.7118879966487721,0.19420463901011917,0.17303089346505565,0.5042984799156526
Cingulate_Post_R,0.9099235187159206,0.525915158337479,0.7794852770231864,-0.08189940913704859,0.7211530939699367,0.48992226126635563,0.7459052937442217,-0.05303237857788862,0.17649933704481485,0.7649048145365297,0.7443443207465432,0.2701225773336393,0.7039813634052456,0.4880363917671837,0.5780792169606832,0.8516051736740508,0.558008601016088,1.0,0.8807061052258913,-0.1907813806584038,0.8445304711181089,0.5576375776464315,0.6993373780344356,0.7376244582627973,0.42193498100195054,0.5139898934673982,0.29747877903461206,0.6495785888346491,0.6997820075949375,0.8656741846338114,0.8308423945818559,0.7848757505936217,0.25471488788848246,0.641242189638497,0.6910190608236946,0.8664119385509479,0.8752720738762971,0.3854642714899816,0.8720058847774834,0.30995469511228013,0.4930180757278248,0.6964363215324708,0.525052498448229,-0.0658447265303647,0.8850851771355692,0.7623091772425176,0.8243357114717792,0.8826196025091947,0.7898723424030739,0.5861482052948885,0.7766468845268996,0.8627187041025732,0.7562765855399551,0.5678626357535319,0.23186447838586668,0.0160219507243432,0.810637433867733,0.34250442983256896,0.07514318630609489,0.7183257371250691,0.8673317850652765,0.813260582083641,0.49748984264121554,0.46300912767167984,0.8430856274099957
Cerebellum_4_5_L,0.8625608588828002,0.47028322291816643,0.7663931236762503,0.08617212670843907,0.6904165556613718,0.3526431750305638,0.7359372265131199,-0.13172465280303827,0.1934025178751782,0.7281131405047252,0.6945069804987318,0.13105695664111489,0.6514847442875061,0.5230526073000703,0.4799760509566886,0.7977054608672152,0.5565902211137007,0.8807061052258913,1.0,-0.07061126177203361,0.7973756733056102,0.6541895537608179,0.7801537316876588,0.6676830503977376,0.5108670503376563,0.5374235522165297,0.13538428889492052,0.6292166993691283,0.6918354340043907,0.9638651676740206,0.736879891753464,0.7048934206666323,0.28881563981014785,0.5903076764887614,0.6590442872218761,0.8499615014148719,0.8235581001661328,0.33859056518704794,0.8357110630045606,0.34216845345685815,0.3927009764278558,0.6016789611306422,0.5674062960952306,-0.0031071866911273503,0.8811546285591966,0.7859896550706267,0.7759015045448068,0.7999776339916117,0.74456149920422,0.602746141175521,0.7832178590612782,0.8158032362568505,0.7135059023761203,0.5538183953383495,0.1225510140793339,0.06749595274346948,0.7303164304737774,0.31987578758236473,0.10827322053953843,0.6315276013439907,0.8181777758584668,0.8077962927187468,0.36054534697355956,0.4835562845007808,0.7960957677426702
OFClat_R,-0.09129409505726646,-0.18407635122025728,0.13838341227873804,0.7294119737860034,-0.03058998680586529,-0.7296480063200577,-0.46722457496188474,0.00961185002175424,0.6219786192849425,-0.015651246977621946,-0.3109862611725615,-0.5868166934357207,0.18581926421594755,-0.1425129417720182,-0.18314476734062615,0.011799344062774733,0.06558249974000213,-0.1907813806584038,-0.07061126177203361,1.0,-0.09715343820607368,0.2505949056932469,0.04077839020206875,0.25094100994209445,0.2013388819001575,-0.17427036957590958,-0.4549370440653955,0.21643282018980786,0.04828886865648364,0.002071045488824998,-0.3171982236105655,-0.1590415374946466,-0.4045804035171505,0.1420672271163775,0.1337230985426808,-0.17676002362742146,-0.02180511185867317,-0.3485615369998157,-0.09646765319240246,-0.0954055889879655,-0.21471507735384038,-0.5801834713941955,-0.18159000887644364,0.13684332491942677,-0.20663956707791684,0.09327700591918399,0.0028845644942003634,-0.13221800132010156,-0.030555371004872565,-0.007005178691246675,0.22532780303810945,0.019304670157086087,0.0990549915446995,0.030574988358613935,-0.12446570030673106,0.1067538527761445,0.027360774628488113,0.24497161474518162,0.41320658056628107,-0.43306015232150435,-0.19892605919608378,-0.14138473812981778,-0.7414860517145574,-0.08341291865487223,-0.2547479628633883
ACC_sub_L,0.9354944922111867,0.684964369986774,0.8454235825737721,0.06618100548155496,0.8462644317050658,0.41040047834220666,0.6775566505062971,-0.06805217648896031,0.09425807182669213,0.7669510676842519,0.5763214948836994,0.3354165085069224,0.7260353867550275,0.3215240025088824,0.38002849134705696,0.8955361629185987,0.6035772675509803,0.8445304711181089,0.7973756733056102,-0.09715343820607368,1.0,0.4350721883511859,0.6723102033410883,0.6608547423573521,0.5604454309231043,0.38980867923151896,0.3488602263184421,0.5697720642747859,0.6935665228598703,0.8041776450201665,0.7848104635494997,0.7966789179014118,0.2588580535810077,0.7381589939489652,0.6120847362293443,0.8897391406588214,0.8966484014121732,0.46717041631169237,0.9379675318355443,0.39036037311727734,0.6519583008782305,0.6530901724378918,0.5710656902869112,-0.09071412092299304,0.8203618758960386,0.6150503560348551,0.9172950893371512,0.9377603682295746,0.8876557421198651,0.5033080949703141,0.752107318965585,0.7248219666894876,0.8612228095473167,0.42318886117824084,0.2745085119886854,0.15612026720028752,0.8993487732298698,0.13467783673059452,0.24888519665711492,0.7388816564130639,0.8102893239631778,0.7009929233919086,0.4208841244506854,0.4309910214341687,0.6492413158016367
Frontal_Mid_2_L,0.535462980618078,0.0828044796828259,0.5732234968564424,0.26083996924489855,0.38882913936255203,-0.18544586200181296,0.3886151466077132,-0.22477546766190873,0.46286300671675085,0.3530873135775197,0.3694808530566336,-0.44056723918221347,0.5410126179831443,0.2879660069481421,0.42775174861162074,0.5322160530815476,0.3503084454642191,0.5576375776464315,0.6541895537608179,0.2505949056932469,0.4350721883511859,1.0,0.6121056752617431,0.5030760157471394,0.392550103938012,0.4163810603780828,-0.42886250998525743,0.5924959012643697,0.42711874075524897,0.6656581999745569,0.3571667436180927,0.3733417116815875,0.06535803229066262,0.41566418815219275,0.5743962147721459,0.4785402288874801,0.5464242606890057,-0.2149116001731622,0.5185550541314586,0.15485460565531148,-0.036675380910310765,0.13365203916888016,0.11926474624221742,0.19079010784822373,0.558774667649817,0.9387404564280847,0.5107712592131028,0.4568250957929924,0.4553309312232133,0.5271889821037853,0.5977661063942757,0.690112942591831,0.47140491560652986,0.43597195266487043,-0.03971695160516914,-0.16239650977553455,0.4084865181781636,0.4725588245624682,0.13988321228581546,0.3164860821608495,0.48237166384981733,0.4378913373708644,-0.16313563496633637,0.32879031812378795,0.5986887402888795
OFCpost_R,0.7193734485119997,0.24421407777776233,0.6100016416285101,0.32521186283733,0.47768325598063865,0.13839989581876927,0.7346916371263447,-0.17569327166689377,0.0793664584340357,0.43932302579486116,0.5014363451153645,-0.03894772598812139,0.5531909602813109,0.5196037834429649,0.30027164044786075,0.6287161931539724,0.30939892533519847,0.6993373780344356,0.7801537316876588,0.04077839020206875,0.6723102033410883,0.6121056752617431,1.0,0.40304700595059273,0.726905957730562,0.3757221555972409,-0.10582925902284025,0.37519489467608386,0.5393188135722919,0.7662409643448593,0.473683646326747,0.5726754679678315,0.16904360058074722,0.4587666325573736,0.5081966467841507,0.6291184770531049,0.6370434292974547,0.1048652023714456,0.7056238523997923,0.548649995756111,0.18966072357165517,0.38591421427281575,0.35626235638174936,0.08168712119010516,0.7635249810331354,0.6796742797295056,0.6581298509977938,0.6338625243885353,0.5876195161611487,0.47092729066884537,0.5970530281077042,0.7528413786050876,0.5341352786208842,0.4877322653461993,-0.13864654503909693,0.2913335571320117,0.5405611077969282,0.13002070742786542,0.04362154264675809,0.49410664949134775,0.6287341957896929,0.5555019802125604,0.13912288041745366,0.4432150569828936,0.5786742579232848
Temporal_Mid_R,0.7007315741498017,0.5148736766826314,0.7179388042209591,0.1234726235994859,0.6910066936316577,0.17936378449723325,0.2542166551325615,0.0443869824673247,0.6311084769121741,0.814815340956262,0.4547897013220001,0.10315929247662035,0.7458301964146714,0.22835226665753514,0.5234523288556361,0.719052022086337,0.7528541578265534,0.7376244582627973,0.6676830503977376,0.25094100994209445,0.6608547423573521,0.5030760157471394,0.40304700595059273,1.0,0.25902071177411023,0.3985347940954351,0.2799870433050606,0.8628218005051124,0.6003573924591887,0.7054741032957872,0.6860344170998277,0.5763467855768994,0.07226011699808287,0.6983040371135127,0.7260610914346638,0.7131326098229459,0.7654296590339775,0.3341531898536214,0.6124543502460069,0.0005550587119633792,0.4493192232731429,0.3684463671379097,0.43340273313749444,-0.21657809276794718,0.5835439685537809,0.630149139412812,0.6664642273203856,0.7181971490757818,0.6496495495653158,0.41373575758098846,0.8498416556970749,0.71426211269609,0.7361086749881934,0.40491947450268406,0.3445383273269949,-0.13160412051541753,0.7400322045504697,0.6230325284198278,0.41149958036771145,0.47286647247762037,0.6304745411097605,0.7113160177193036,0.15681170480094744,0.26006325402243347,0.6398012678357559
Frontal_Med_Orb_R,0.5614326039277411,0.10013961240052016,0.48635414027942353,0.3770312349422371,0.3550471049549744,-0.0993363956910905,0.5437760013152697,-0.1748035029796741,0.053698900244439275,0.2703075219343463,0.25211867855919645,-0.10326817418291064,0.4067097287454954,0.3061326312491032,0.09360272531754951,0.48368777812059066,0.17279650153000184,0.42193498100195054,0.5108670503376563,0.2013388819001575,0.5604454309231043,0.392550103938012,0.726905957730562,0.25902071177411023,1.0,0.2178189844865687,-0.1636765754237829,0.19558934126447652,0.3927245149370718,0.5562529276948546,0.2323248790708445,0.41535136097743364,0.03860088363505186,0.38614753865860074,0.2398724108024191,0.4387466729750648,0.46896810503874387,0.050845640052045,0.5601753717377281,0.5922722319855213,0.05976492637192835,0.1642436017098675,0.26824585783222143,0.08496828482607623,0.5849496427995637,0.4437144007853338,0.5084182757913847,0.4712659565818102,0.4214905254234511,0.4480659377702188,0.46280460889022407,0.5083736471496282,0.4262628232971076,0.3659834410154564,-0.1758247441865983,0.4443245720788729,0.3947317856895019,-0.028869395669953387,0.16279481348650476,0.314724400139381,0.3552355900060575,0.33351984504390353,-0.12447459216397022,0.2994030890166066,0.21266506715426384
SN_pr_R,0.45667160039210075,0.21050761562748238,0.403874873126603,-0.11967937965520035,0.38255716807739604,0.3320002997554827,0.4924104556823147,-0.03849485427309967,0.09611233659577369,0.42172136644802816,0.42641370657448746,0.11637155678018359,0.22795739305110452,0.3259849562330583,0.44086363304544707,0.3686243939943012,0.2997358830767346,0.5139898934673982,0.5374235522165297,-0.17427036957590958,0.38980867923151896,0.4163810603780828,0.3757221555972409,0.3985347940954351,0.2178189844865687,1.0,0.10612557511496318,0.36068507805837974,0.5656575507313061,0.5083135011071133,0.4523168141797157,0.46089960772313054,0.26151942423798996,0.21230811679560524,0.39490459400256284,0.47333206708293535,0.44714772586388707,0.2280781675786717,0.38378187784775497,-0.03796941730303706,0.19192340988892162,0.4362831121364978,0.3103355092884435,-0.2709191353230138,0.48025229428376964,0.5122083013371848,0.2887375987200449,0.4580289858385698,0.3103648703490542,0.6412297310767342,0.37530728354207304,0.38710438995969376,0.35704448002144334,0.40788291926508086,0.11342617052930447,-0.06187926510886742,0.33968319875918207,0.3274404187868449,0.012122639976855153,0.4763810406964999,0.43787780727260345,0.41498671068057624,0.31668244407860163,0.6012760823756061,0.5540368049119974
Occipital_Mid_R,0.28142056211678784,0.6593738767766377,0.17782761069781758,-0.3265774369939398,0.4144098666504908,0.7713330518227121,0.22520222292672795,0.20989995290254865,-0.28775726025297166,0.5028309072445747,0.15198453919402932,0.9145864373137085,0.10635925519490202,-0.014923142609849175,0.10916302259574771,0.2630527938676357,0.34227590445725736,0.29747877903461206,0.13538428889492052,-0.4549370440653955,0.3488602263184421,-0.42886250998525743,-0.10582925902284025,0.2799870433050606,-0.1636765754237829,0.10612557511496318,1.0,0.0981452209370124,0.09587655927798479,0.13217339648353152,0.4589599157070505,0.324433836317004,0.37772222759984964,0.3125621476800309,0.15127889367474567,0.4103623710003543,0.2428587476053042,0.8588841202096695,0.22539173512100694,-0.035002496998788366,0.7199839237866581,0.5897812584186768,0.5762210010393233,-0.4605778271819388,0.19223245884075332,-0.19738306935638478,0.21307029557238272,0.3669597888640319,0.2486816035799866,-0.011954785379904386,0.11400194870346043,0.02353552880341672,0.30373619926685175,-0.13610848971491832,0.3576685781433485,0.16262341400193622,0.3701012347835369,-0.09156407490552854,0.24413492552819765,0.5506139838178404,0.2905005593586934,0.425838310743278,0.7323677997892284,0.06350075553011385,0.24456027086068163
Cerebellum_9_R,0.5804952501075825,0.4250935558725367,0.5989305477982501,0.11369314543324187,0.5538963265943863,0.051659373209598645,0.19514021737596385,-0.08796484857350059,0.7293435395799006,0.7259534179485645,0.4504256315025049,-0.07900121314859236,0.7030769365996613,0.2660389796289101,0.6598309080653005,0.6192638629977147,0.7998296079583236,0.6495785888346491,0.6292166993691283,0.21643282018980786,0.5697720642747859,0.5924959012643697,0.37519489467608386,0.8628218005051124,0.19558934126447652,0.36068507805837974,0.0981452209370124,1.0,0.5489303802502853,0.6495023198349857,0.7038850504423594,0.5650151642530096,0.027420789148939646,0.5334361100530042,0.7435725139110718,0.6671938611652926,0.7316276447235767,0.17474552292244974,0.5371458766623582,-0.05558591518348759,0.2706268868676403,0.3342396941714425,0.32777017112545065,-0.1250622776952045,0.5557357340747074,0.6527039024830993,0.5845011436921457,0.6105707185344921,0.5594467883285127,0.26840268782356846,0.8376937647444802,0.6858314234675132,0.5968187832869316,0.3833151534445509,0.39612055751477177,-0.2284417235954461,0.5934800948395744,0.7479625163696006,0.3292417229773059,0.4037197846859594,0.5316676081955989,0.6376713542457747,0.04207079641347242,0.299400220563392,0.6168495304104105
SN_pc_R,0.7090671670388148,0.3736524469554468,0.6097757713673438,0.04391574320982767,0.5571080435094097,0.2584258369191518,0.4843888999665882,-0.10304973141298605,0.24936168389174937,0.5734127043163719,0.6606911194576499,0.04307885924750297,0.5302882779464385,0.3730562558375075,0.43049022014877053,0.5996937352605036,0.4845460412598029,0.6997820075949375,0.6918354340043907,0.04828886865648364,0.6935665228598703,0.42711874075524897,0.5393188135722919,0.6003573924591887,0.3927245149370718,0.5656575507313061,0.09587655927798479,0.5489303802502853,1.0,0.6704839735100365,0.6715359487965168,0.7585498269282913,0.19500258286324273,0.3763368283177403,0.4768177632024349,0.6671887588796489,0.6581284269002873,0.23160306075253168,0.6646330740671872,0.2756552571603879,0.2765073382341098,0.5293005605907942,0.39606149977126065,-0.060931918702988155,0.676194386010603,0.5460107691820112,0.6285150102977883,0.6918113824492275,0.6591349182239533,0.4260121062520163,0.6664406915186016,0.5742484202663167,0.5602755839800009,0.5985688976326895,0.2716941833992878,-0.010819899255960812,0.6510724375627323,0.34619375505549144,0.072044617197278,0.49043940741683506,0.6851825684448981,0.5256861990575804,0.24372147419867,0.46069577228113423,0.5757229903789107
Cerebellum_4_5_R,0.8800518975864517,0.4793289296797664,0.8269262010214767,0.13569188766830287,0.7457293631401826,0.28054431378790723,0.6745459172568425,-0.06924758872460972,0.24733543877037512,0.7503595922346403,0.623985697866678,0.1272806291956446,0.6819063146031263,0.48897880795273435,0.4186238632483587,0.8390741381398515,0.5505269454110917,0.8656741846338114,0.9638651676740206,0.002071045488824998,0.8041776450201665,0.6656581999745569,0.7662409643448593,0.7054741032957872,0.5562529276948546,0.5083135011071133,0.13217339648353152,0.6495023198349857,0.6704839735100365,1.0,0.7055870083734591,0.7138974479314002,0.2533218803417666,0.668792615737904,0.6634261894531884,0.8579894585558755,0.8498885311123321,0.3555133227603055,0.8485596978584482,0.3357006974749032,0.4165086569998047,0.5239784825756021,0.5951721614545544,-0.004256312450115624,0.8520917923115031,0.7865793990826948,0.8132034495952468,0.8135659017697837,0.7590750057137241,0.6273304318448335,0.842581399693904,0.8071229602525969,0.7753909237888665,0.579155434956598,0.08389775202987752,0.04536995993834018,0.7721355268836535,0.309003928094077,0.2245377630858615,0.5944688173585558,0.7871462664423445,0.8055021596952497,0.2846950925907011,0.49599678633600097,0.7580659270205534
Cerebellum_9_L,0.7764949576099811,0.6240929431882406,0.6443108260017563,-0.2109879759003418,0.7088736625730092,0.5892509854122239,0.6156934060169061,-0.08003740909329038,0.16851529186738975,0.7922723980590497,0.6656372766253658,0.38058062917116386,0.6099145493679863,0.31813811057945685,0.7048563894735569,0.7309664017007117,0.6843296251979,0.8308423945818559,0.736879891753464,-0.3171982236105655,0.7848104635494997,0.3571667436180927,0.473683646326747,0.6860344170998277,0.2323248790708445,0.4523168141797157,0.4589599157070505,0.7038850504423594,0.6715359487965168,0.7055870083734591,1.0,0.7926181683075095,0.28000266963136305,0.5486559889075435,0.6144162694717586,0.8722745684639288,0.7770191418264332,0.4914269681913485,0.740353475915437,0.19235466508073765,0.5215515361361194,0.8184735228840095,0.5480308184909932,-0.2189878678301434,0.7681793214399626,0.5447832450514714,0.7034997083316433,0.8241258961112736,0.6989496585590561,0.3996094523075484,0.6917917892059603,0.669007078300277,0.669290068740608,0.43097258690836393,0.49728359538810574,-0.13983819672161216,0.7340457340036272,0.39220218031605336,0.0629043314948367,0.7921187036492722,0.7988575279297512,0.7531262154283116,0.5686204359078948,0.36688995376522837,0.777940399074123
