,Thal_MDl_L,ParaHippocampal_R,Thal_PuI_L,ACC_sup_R,Pallidum_L,Vermis_7,Thal_LP_L,Thal_VL_L,Rolandic_Oper_R,Caudate_R,Cerebellum_10_L,ACC_sub_R,ParaHippocampal_L,OFCmed_R,SN_pc_L,LC_L,Frontal_Inf_Orb_2_L,Precentral_L,Thal_MDl_R,SN_pc_R,Cerebellum_Crus2_L,OFCmed_L,Thal_AV_R,Cuneus_R,Caudate_L,Postcentral_R,Red_N_L,Thal_MGN_L,Vermis_8,Hippocampus_L,Temporal_Mid_R,Angular_L,Precentral_R,Cerebellum_3_R,Occipital_Mid_L,ACC_pre_L,Calcarine_L,Frontal_Sup_2_R,OFCant_R,ACC_pre_R,Frontal_Med_Orb_L,Occipital_Sup_R,Cerebellum_3_L,Occipital_Inf_R,Thal_LGN_R,Thal_PuA_L,Temporal_Inf_L,Cerebellum_7b_R,Frontal_Med_Orb_R,Thal_IL_R,Parietal_Sup_L,Heschl_R,Supp_Motor_Area_R,Temporal_Sup_L,Thal_MDm_R
Thal_MDl_L,1.0,0.8082061939030022,0.8638560166862359,0.7432201007720052,0.3908507969664939,0.2789314399671957,0.08062069773770776,0.9646401694449792,0.7638955856293148,0.9494397535054818,0.3930679538347518,0.8694514004645901,0.888704064520508,0.21133657163838393,0.44869779170042795,0.6531183193014442,0.389105755202375,0.3334545244776549,0.9582082053336214,0.5478776715928481,0.19375626960907855,-0.08361908393987344,0.9362108669618083,0.5307844148786475,0.9062429575900176,0.31279631274495684,0.7420862999243096,0.8921359148316388,0.1231321996663239,0.912675372755035,0.7158088879866079,0.44028854630539754,0.33037076655160974,0.613998839002584,0.3951479477756777,0.8400519806419307,0.6354721435676391,0.629044273723007,0.12456169564048726,0.7383241004528235,0.41363555442978284,0.47372096140053443,0.7968691374301483,0.3361866670756183,0.9175666128468805,0.9379811886307601,0.43938462850648263,0.14805251702626598,0.32062404773442843,0.9164168734515226,-0.10257306495160584,0.4317828197711766,0.4615331031442907,0.5242731884653338,0.9424092406124943
ParaHippocampal_R,0.8082061939030022,1.0,0.7465914444966633,0.8542529621354661,0.6361157306066368,0.3321638592202888,-0.042873413433326846,0.8802377611305477,0.892110126960149,0.8630921059457023,0.6451350469090675,0.907941070550136,0.8929581339146456,0.31416742095790096,0.7000725919050713,0.6736491221525003,0.5664123524961173,0.47376693318520324,0.8825109728898138,0.7445144604437001,0.25262664952363384,-0.009154839319765701,0.8108172161194875,0.558944763909374,0.8823848908400244,0.21357244038727818,0.8104951683127144,0.8214448871096156,0.3359522933929609,0.8903720505504747,0.7900204299833514,0.35552327176590326,0.2316343547932425,0.7623363733281543,0.25983007495080995,0.9047543006685121,0.7610264925656205,0.7173173466840117,0.13639643404271876,0.8051210297399085,0.5712133141424196,0.3489567047921375,0.8046376351142493,0.3182156433233837,0.8768964151406256,0.7201966413239521,0.5532322253769011,0.4702827253671515,0.5362376342745597,0.8973054666289725,-0.06652834316621624,0.49000934791808576,0.6475003076453824,0.7792781936379453,0.8185274344408527
Thal_PuI_L,0.8638560166862359,0.7465914444966633,1.0,0.6770945620403931,0.2643593134657372,0.2525751638067019,0.14810866666854458,0.9058894750544912,0.7175057597195689,0.8684578486771197,0.20736502752517952,0.835693981838968,0.8158448055294989,0.12783846179219402,0.2862169934441379,0.4919431188353941,0.2889057165299332,0.45370162237910244,0.8425755273825437,0.3763368283177403,0.13429204771081518,-0.1359354631273392,0.8645093897096828,0.4814464936916431,0.7955799130939272,0.148625409446813,0.5820124117870168,0.7863000109290135,0.10227501293064731,0.8765634649072407,0.6983040371135127,0.537298197593812,0.18511942342225587,0.5851286392889313,0.39127428006239745,0.7482937325582543,0.6137248849782935,0.5430372420078726,0.21886033322543147,0.6545996205738109,0.4505019347746457,0.40561975949940354,0.7701478783566337,0.30276512309356923,0.8259752538111649,0.8230279582236623,0.3124401829829742,0.15399589719931667,0.38614753865860074,0.8524838262248706,0.057754129455905134,0.3055172850942997,0.40275052721713506,0.49243744419007923,0.8433086324603468
ACC_sup_R,0.7432201007720052,0.8542529621354661,0.6770945620403931,1.0,0.6991928020272433,0.31924690990634036,-0.07940373701087011,0.8300913959035452,0.9184670534444052,0.8321267418352571,0.6919132250189238,0.8747581215381548,0.8572602765289503,0.15764058311432058,0.6162291498618947,0.6862308104595228,0.7072513209660788,0.21583593865215553,0.8284749149022425,0.6102544888872476,0.2523029425538094,-0.03367960506984656,0.7599808681354385,0.5849723415043682,0.8478705778152777,0.5435516219195424,0.6853459732062894,0.7917639409063959,0.38544439833912025,0.7871879497973971,0.684109876226402,0.13299061092487605,0.5786201738566807,0.7809289608681474,0.15465213692528668,0.8990364821698656,0.770109789780512,0.875212348763467,-0.10897571296913697,0.8205205938611098,0.45402325528225623,0.4687880494827585,0.7720406434584458,0.1018858773245365,0.8239012408460326,0.6684247838534848,0.726413667031497,0.2130283330902384,0.356365380625463,0.8615183068398312,-0.3121939304661137,0.7000314114639263,0.7523458200663982,0.7830368755756928,0.7869326147816903
Pallidum_L,0.3908507969664939,0.6361157306066368,0.2643593134657372,0.6991928020272433,1.0,0.07564418133982811,-0.2580284048308906,0.4941667902837872,0.7163119321931738,0.5080146769821726,0.7297026998066101,0.6643393371393859,0.6486980972217762,0.19261516097368542,0.6043078686838257,0.5213502534792059,0.8402693973546023,0.011164242955217637,0.5550587694723665,0.5865239822043609,0.1801165818433406,-0.060720862429237105,0.43635470650157293,0.4415559009036309,0.6290918234736139,0.5039550450122495,0.5711935392050732,0.5219753018853099,0.3939081289467251,0.4908134175638923,0.3694512914418186,-0.2002304569927203,0.5309240340751137,0.7522202582111707,-0.10431966053195717,0.7309731009563523,0.6215030694313247,0.7811919547815996,-0.1636072378784594,0.7159724688038455,0.5951682296047169,0.2960773391981582,0.5648220512111277,-0.19831649767504414,0.5702094961497177,0.31183611173651865,0.72118123068325,0.18798448209809257,0.5049903359781643,0.616022219689847,-0.3090932185336839,0.5593816142754576,0.7933767802685551,0.7839524185344723,0.4151896838599166
Vermis_7,0.2789314399671957,0.3321638592202888,0.2525751638067019,0.31924690990634036,0.07564418133982811,1.0,0.0448715830868482,0.2730988642560887,0.2605923128525074,0.28301546565311164,0.153970640488209,0.2988790792307597,0.3480863555812399,-0.31358657959869013,0.3855083161051301,0.42061543350150676,0.10406065003858242,-0.041216581521240137,0.2878409805699479,0.2716941833992878,0.6430673736159586,-0.15226547881199132,0.30082700828883147,0.28706314817140777,0.26846263977100954,0.15943107214517388,0.3907742261337027,0.24380955959116715,0.443132667224489,0.17329016474657694,0.3445383273269949,0.21719968737555717,0.13745532140588546,0.08201569375258892,0.36124260722570795,0.16309384011543254,0.33135701781989296,0.12627988095715995,-0.13962630225384606,0.040160658559326996,-0.0651219824611186,0.3015129045079556,0.28964351851409326,0.3440667375486336,0.23634674888783716,0.2417956176658105,0.42686597763741047,0.27225677580651036,-0.1758247441865983,0.23914262668708333,-0.17944422969666193,0.26358404679947023,0.1105277707406818,0.1989810723936769,0.3980698354924176
Thal_LP_L,0.08062069773770776,-0.042873413433326846,0.14810866666854458,-0.07940373701087011,-0.2580284048308906,0.0448715830868482,1.0,0.0386615429742902,-0.06530076580969836,0.06018334321036384,-0.1798411275531589,-0.05479724991658928,-0.02152820074564808,-0.18661403818320257,-0.13852396184679394,-0.06899452865126209,-0.23168904973664892,-0.030885997514716896,-0.0019064106894349274,-0.10304973141298605,-0.0322836304682232,-0.06510001820722736,0.05856411718159895,0.02895509446403974,-0.029642464516410793,-0.0007570261132429958,0.008814622004708922,-0.02059956786411597,-0.20438404134012536,0.045704815357494426,0.0443869824673247,0.2183345869872257,-0.031833222521828075,-0.10538937254413831,0.2468224818696108,-0.06527701300829175,-0.05363215244496261,-0.11469158854947964,-0.03350097011904992,-0.10550094046790696,-0.12608343604784167,0.1158284254413102,-0.04208248572926267,0.16639165753551624,-0.035000671540911056,0.10093849469045568,-0.1470723142594624,-0.16557373764406438,-0.1748035029796741,-0.015584200677707624,0.04296473254897651,-0.07760994651739775,-0.16006549037819978,-0.19429401506130217,0.08079801243377373
Thal_VL_L,0.9646401694449792,0.8802377611305477,0.9058894750544912,0.8300913959035452,0.4941667902837872,0.2730988642560887,0.0386615429742902,1.0,0.8616360853786244,0.9725589105568608,0.4726916249835672,0.9336241139538165,0.941909559309595,0.2422472991020439,0.5059658071186641,0.6601524877023499,0.48751408042184863,0.39886983484001104,0.9768582660594766,0.605876066715418,0.17516313127530617,-0.049267741360566546,0.9403002578941612,0.5244065751710111,0.9394651159153848,0.304869416005984,0.7504287078772813,0.9080370576145138,0.18348629347256726,0.9648270204695417,0.7466247562636068,0.3774020044640055,0.3474163795309785,0.712757909686006,0.290897085936516,0.9124291297284007,0.6909214816046843,0.7365104071924199,0.12003157913334732,0.839702904232715,0.49831820774635777,0.41319681454351886,0.8313275226150229,0.2687754667462381,0.9547195637925276,0.892261817542798,0.4904936937808942,0.21163113993299792,0.41977727825384964,0.9690289200022507,-0.09324837888179914,0.46018552388009754,0.5650576862831764,0.638365975582222,0.9176108361619888
Rolandic_Oper_R,0.7638955856293148,0.892110126960149,0.7175057597195689,0.9184670534444052,0.7163119321931738,0.2605923128525074,-0.06530076580969836,0.8616360853786244,1.0,0.868279500949236,0.7058174133300849,0.8881508139001578,0.9021970840515254,0.23547566389716387,0.638371584375261,0.6487405475240445,0.6788590431264628,0.3251114953989896,0.8448151683764797,0.7029940165106272,0.2771974575742784,-0.04672149613669772,0.7555079895233175,0.47654378329901714,0.8524683384738125,0.43666353298360167,0.766230167333966,0.7999803675442154,0.4010465181397838,0.8329095748442321,0.7679297185764674,0.08114514786808351,0.4855734210884911,0.8072527527136648,0.06692391133829997,0.9125975704800058,0.7515714274169962,0.8891670330705284,-0.06090532732995292,0.8770041165741594,0.508053992464228,0.33112529564402343,0.7587457321384851,0.15773631226213253,0.8658169095976577,0.679107707721509,0.6244256322547869,0.34079582685253523,0.43651449268716247,0.8736734710799036,-0.20278106063206391,0.5861080121006804,0.7597588802827087,0.7998360177350737,0.7362586997583946
Caudate_R,0.9494397535054818,0.8630921059457023,0.8684578486771197,0.8321267418352571,0.5080146769821726,0.28301546565311164,0.06018334321036384,0.9725589105568608,0.868279500949236,1.0,0.49871119984893286,0.9175269585666649,0.931578115858985,0.20466225315297962,0.5312173805978286,0.6692474329421162,0.5153712908893263,0.3082440900416448,0.9546672763203284,0.6510724375627323,0.1703249160867758,-0.08158442033652698,0.908995021446301,0.5259065229841702,0.9437072227505809,0.36934827095237005,0.7938378230561081,0.8962044339249664,0.1745925158220207,0.9327751536203784,0.7400322045504697,0.3387416764544576,0.39857944433779174,0.6893968719740299,0.29987222203214464,0.914507764494958,0.6506924082330027,0.742037107383677,0.05546599480488204,0.8264220660117612,0.49403394331559747,0.4503528790726458,0.8020423641836375,0.23625065629740233,0.9366249577861889,0.8643687584451485,0.5172611442288078,0.15995763375050043,0.3947317856895019,0.9494486319847101,-0.15037520849647576,0.5004080865633223,0.5550117352505308,0.6077515666496549,0.9025894281246122
Cerebellum_10_L,0.3930679538347518,0.6451350469090675,0.20736502752517952,0.6919132250189238,0.7297026998066101,0.153970640488209,-0.1798411275531589,0.4726916249835672,0.7058174133300849,0.49871119984893286,1.0,0.5384091334624653,0.5975318962789494,0.20181618530896883,0.6529461478035588,0.5291134366622958,0.6685967526234221,0.03191536909564001,0.5129473439389253,0.6606911194576499,0.2288909575883998,0.08690567049428835,0.41640075045489927,0.2774608203649616,0.5550616442300227,0.48657911068152504,0.5838208520067556,0.4881568977200529,0.4016055741877128,0.4583169192189442,0.4547897013220001,-0.2419870684956781,0.5164279712298878,0.635897370722102,-0.1596699569377382,0.653882945709577,0.5119151334965374,0.7227478175728325,-0.28997757591526746,0.6488332801622331,0.31116237861567847,0.16493253914756306,0.4198105142177548,-0.03272192478348811,0.5236649622335491,0.301102369736431,0.6263543137364372,0.30281195096202684,0.25211867855919645,0.5216144939733394,-0.38022393905404783,0.5946637685256513,0.6579241044928928,0.652886293939903,0.3949933604280848
ACC_sub_R,0.8694514004645901,0.907941070550136,0.835693981838968,0.8747581215381548,0.6643393371393859,0.2988790792307597,-0.05479724991658928,0.9336241139538165,0.8881508139001578,0.9175269585666649,0.5384091334624653,1.0,0.9557419810435415,0.1873436446878029,0.5655218344896548,0.6933377748688312,0.6359655079385371,0.30023962682124994,0.9371795399461741,0.6345189250794573,0.23321982029825958,-0.12502621207668083,0.8668021557307604,0.5979261921566968,0.9384360671639281,0.3514350820307157,0.7730911665897058,0.8828320732010487,0.31581982834001976,0.8855317374875106,0.7130713380466067,0.3190310700357156,0.3839247194429313,0.7630918902342914,0.28114985905317075,0.94067771030546,0.7717654853667503,0.7610810110812962,0.11006666876416261,0.8347765841775006,0.6625136283886991,0.46560711317684234,0.8615472138814262,0.15795264010448035,0.9312145744315602,0.7936229682061051,0.624926665430659,0.23096578142151114,0.57099354696701,0.9576127968144308,-0.16475000601978923,0.5156724744647978,0.639244071444783,0.7497037075004596,0.8696351696645658
ParaHippocampal_L,0.888704064520508,0.8929581339146456,0.8158448055294989,0.8572602765289503,0.6486980972217762,0.3480863555812399,-0.02152820074564808,0.941909559309595,0.9021970840515254,0.931578115858985,0.5975318962789494,0.9557419810435415,1.0,0.11525451132608074,0.6353106539060551,0.730918459497195,0.6493164253833326,0.24508862693360328,0.9522784354001221,0.6918113824492275,0.30950003345984045,-0.14617228653402067,0.8853742895735058,0.5450030364688166,0.9487166398571144,0.42858388098350253,0.8272708619645893,0.8899738599111902,0.3380903951615878,0.884762235065719,0.7181971490757818,0.24509083459333988,0.46955604960923997,0.7646894691239919,0.23579890497594666,0.934342033935742,0.7400788252507567,0.8015628800887944,0.01574750266227468,0.8413572923729248,0.5921921427622528,0.4508635700705402,0.8353185117580904,0.1728076938672122,0.9311579185247136,0.7907779317780836,0.662724335080855,0.231777552025585,0.4712659565818102,0.9472309316984138,-0.24015068855944177,0.5323776709834048,0.6580242618765365,0.734743873847061,0.872080389031766
OFCmed_R,0.21133657163838393,0.31416742095790096,0.12783846179219402,0.15764058311432058,0.19261516097368542,-0.31358657959869013,-0.18661403818320257,0.2422472991020439,0.23547566389716387,0.20466225315297962,0.20181618530896883,0.1873436446878029,0.11525451132608074,1.0,0.016318513866441176,-0.10224268460827228,-0.05315537520275545,0.443929754575596,0.21987387774743802,0.16665572150209487,-0.4211074356314155,0.4683836132252573,0.11981365179283297,0.004593829675211484,0.15698644411812915,-0.24101304119047476,0.07477254436955227,0.2383820256212542,-0.15150955363763263,0.33271604657516435,0.1744921023780052,0.020872241841541135,-0.2257646683885149,0.26396738051773333,-0.2053269617260219,0.27862101770036435,0.1153601555220187,0.19171244506049118,0.19220522688168207,0.4153105172305959,0.19577827819322335,-0.22813572513303737,0.09975213360664507,0.007354935903400539,0.2913648508314515,0.24490031215211505,-0.23056432832413282,0.19560796748227316,0.3661208766879274,0.25709903622475494,0.2516627398048744,-0.0024118278516551492,0.19486818709503662,0.15093670249998103,0.09676646831153513
SN_pc_L,0.44869779170042795,0.7000725919050713,0.2862169934441379,0.6162291498618947,0.6043078686838257,0.3855083161051301,-0.13852396184679394,0.5059658071186641,0.638371584375261,0.5312173805978286,0.6529461478035588,0.5655218344896548,0.6353106539060551,0.016318513866441176,1.0,0.7591643531422103,0.6506448371224824,0.1565829637156134,0.553441568682512,0.8576754209612927,0.40344052217352133,-0.1314988507413409,0.528521695501149,0.5143570892883713,0.6296007516064969,0.3374968619650034,0.7272698748942075,0.48805859023955994,0.4696981833382383,0.5016705596617081,0.5380327605957388,0.11039695947737632,0.3344419039905773,0.5276368693491206,0.17620552267981515,0.6414970517845138,0.5878708029452215,0.5908096838746254,-0.03876694875726511,0.4958462722239367,0.4243146925702403,0.35802853920519745,0.563677562213707,0.23549119739453783,0.5091595840050709,0.2892556874028957,0.6567336833402613,0.5017515708515784,0.3235637577255176,0.5449900272324092,-0.26033450698729216,0.46622515725040026,0.5957967758374112,0.6995912962183408,0.5057857054272762
LC_L,0.6531183193014442,0.6736491221525003,0.4919431188353941,0.6862308104595228,0.5213502534792059,0.42061543350150676,-0.06899452865126209,0.6601524877023499,0.6487405475240445,0.6692474329421162,0.5291134366622958,0.6933377748688312,0.730918459497195,-0.10224268460827228,0.7591643531422103,1.0,0.6324797747291968,0.06022661911040407,0.6964173830153115,0.7000230577884924,0.46689685567135947,-0.2617649098360416,0.7093722617149495,0.5710566865256748,0.7345072684855131,0.464418656564289,0.745470957885968,0.6049303606659411,0.4310953025255686,0.5855212335047403,0.5694506745898353,0.20557449220820642,0.475657811434354,0.4824636942778688,0.3349663375284853,0.6942121216088439,0.6266198411237177,0.5889404034050397,-0.05466970502364011,0.5110411692330753,0.3898208024870938,0.5134646623559154,0.7198728243971323,0.2672109576254339,0.6204044564388268,0.506041610310385,0.7158184721988075,0.23882921228587892,0.24260324731354735,0.6595035266208337,-0.31916942489391054,0.5195551055808624,0.5146690868123318,0.6296966388019335,0.7128726246711168
Frontal_Inf_Orb_2_L,0.389105755202375,0.5664123524961173,0.2889057165299332,0.7072513209660788,0.8402693973546023,0.10406065003858242,-0.23168904973664892,0.48751408042184863,0.6788590431264628,0.5153712908893263,0.6685967526234221,0.6359655079385371,0.6493164253833326,-0.05315537520275545,0.6506448371224824,0.6324797747291968,1.0,-0.11965492033680929,0.5363612540545749,0.590492300838612,0.1853296580081817,-0.0775545684976489,0.48126359744605784,0.47062783678411596,0.6301747377693833,0.6298683484886127,0.5369813316066924,0.5255371662979055,0.4474856822526002,0.46457173860292866,0.3253327670970615,-0.2013559732959308,0.6678398170812159,0.6504998371593036,-0.08099105199219907,0.7181990405832849,0.5600212393822732,0.7973439478728731,-0.17439234672475348,0.6595514388132995,0.5868592194118143,0.40251288894888343,0.5853215412374942,-0.25422271991047957,0.5435156417271781,0.2512686837921693,0.7938782699320931,0.09251873616056401,0.4502323727047451,0.5769115532160625,-0.4417588760492772,0.5926349003340406,0.7608081961037698,0.7729442779534804,0.4194631018660415
Precentral_L,0.3334545244776549,0.47376693318520324,0.45370162237910244,0.21583593865215553,0.011164242955217637,-0.041216581521240137,-0.030885997514716896,0.39886983484001104,0.3251114953989896,0.3082440900416448,0.03191536909564001,0.30023962682124994,0.24508862693360328,0.443929754575596,0.1565829637156134,0.06022661911040407,-0.11965492033680929,1.0,0.34301754946813373,0.2338787691475025,-0.042840369374475405,0.1439620664309485,0.3275706260707431,0.08503174514190212,0.30903809009506783,-0.5204616672986211,0.21850766031447982,0.28074371168492346,-0.04519913376131981,0.5037896639286421,0.5232788303481276,0.5231183947281823,-0.47551774257194623,0.32650394818086825,0.11067170643176717,0.29246073929687894,0.28007575629115466,0.11626392190589276,0.5524537349976255,0.3029369808429179,0.11205999949285965,-0.23761262907198286,0.31820911104901917,0.5138786263456975,0.36013320028686274,0.30274133252844604,-0.24388839326995929,0.6526203259258335,0.2953636655550953,0.3617892805010575,0.6006934294568671,-0.11385572305942342,0.19412901685958753,0.3828174773288284,0.27977620027096484
Thal_MDl_R,0.9582082053336214,0.8825109728898138,0.8425755273825437,0.8284749149022425,0.5550587694723665,0.2878409805699479,-0.0019064106894349274,0.9768582660594766,0.8448151683764797,0.9546672763203284,0.5129473439389253,0.9371795399461741,0.9522784354001221,0.21987387774743802,0.553441568682512,0.6964173830153115,0.5363612540545749,0.34301754946813373,1.0,0.6457312697362004,0.19461177291472645,-0.05983736078470169,0.9294829872098381,0.5702828840127889,0.9650511480563866,0.349711033506737,0.7933775915172284,0.91291544010323,0.2188922644693586,0.9335727589887614,0.6944585798055286,0.36566230393617055,0.3854663448857034,0.7341872126604582,0.3082778248449142,0.9207652091780846,0.7030333333215988,0.7385420198592868,0.1033648792239309,0.8368769698430736,0.513974416546548,0.45221291027637966,0.8421774576433402,0.23038899150179656,0.9572893062137179,0.8741207656962706,0.5673898493739528,0.19182024058559982,0.4252940242190669,0.9661118274487543,-0.15483379504421194,0.5205980979732869,0.5979948112351283,0.6749443108694527,0.9318979584845788
SN_pc_R,0.5478776715928481,0.7445144604437001,0.3763368283177403,0.6102544888872476,0.5865239822043609,0.2716941833992878,-0.10304973141298605,0.605876066715418,0.7029940165106272,0.6510724375627323,0.6606911194576499,0.6345189250794573,0.6918113824492275,0.16665572150209487,0.8576754209612927,0.7000230577884924,0.590492300838612,0.2338787691475025,0.6457312697362004,1.0,0.2836645896377854,-0.060931918702988155,0.5571080435094097,0.39606149977126065,0.6965533558161396,0.24372147419867,0.8458869923710929,0.5532605476599418,0.39019594419238773,0.6097757713673438,0.6003573924591887,0.072044617197278,0.2556939176582025,0.5747603563530574,0.07681918626503498,0.7090671670388148,0.5256861990575804,0.6118914862471226,0.04391574320982767,0.6249982126777314,0.4344689717274135,0.23160306075253168,0.5677845180855701,0.24253769750626591,0.6285150102977883,0.4024371527101618,0.5293005605907942,0.4680225356763216,0.3927245149370718,0.6236737810910064,-0.14329120767017547,0.402501856635829,0.5298651276862621,0.6521833538811016,0.533100434299127
Cerebellum_Crus2_L,0.19375626960907855,0.25262664952363384,0.13429204771081518,0.2523029425538094,0.1801165818433406,0.6430673736159586,-0.0322836304682232,0.17516313127530617,0.2771974575742784,0.1703249160867758,0.2288909575883998,0.23321982029825958,0.30950003345984045,-0.4211074356314155,0.40344052217352133,0.46689685567135947,0.1853296580081817,-0.042840369374475405,0.19461177291472645,0.2836645896377854,1.0,-0.4730076181258745,0.20132833039544706,0.21149128662368163,0.2043216443161367,0.23897352241932573,0.44141447050456306,0.1204086164197891,0.6315508071552247,0.034090226550358295,0.45732637008291577,0.07784122650395298,0.21787501324148512,0.06270445554571416,0.3428470520263979,0.1174327373860292,0.4100407048782762,0.14596763398414422,-0.19523051895914054,-0.039837228361296134,-0.09090031961073003,0.27261648052902243,0.28432797486268957,0.48076566238612534,0.11841210745331415,0.1786933738402915,0.5004636178115045,0.34744415130566353,-0.25163149011025016,0.13963397654368215,-0.16379894977688852,0.21465307991517177,0.23256077489733232,0.32732001859232135,0.29449171890637965
OFCmed_L,-0.08361908393987344,-0.009154839319765701,-0.1359354631273392,-0.03367960506984656,-0.060720862429237105,-0.15226547881199132,-0.06510001820722736,-0.049267741360566546,-0.04672149613669772,-0.08158442033652698,0.08690567049428835,-0.12502621207668083,-0.14617228653402067,0.4683836132252573,-0.1314988507413409,-0.2617649098360416,-0.0775545684976489,0.1439620664309485,-0.05983736078470169,-0.060931918702988155,-0.4730076181258745,1.0,-0.09963398923473359,-0.2585750379868557,-0.12513817727438492,-0.2289947920029514,-0.21958801545947115,0.06330178565591507,-0.16701543213066528,0.039413634938416535,-0.21657809276794718,-0.2004206040283568,-0.17695198612247712,0.005699421645398501,-0.41630662895225806,-0.02054521214483965,-0.21771418558538605,0.0012707224985137955,0.01863978863110299,0.18570721822983333,-0.11467659719470842,-0.381070581336447,-0.20414664902154397,-0.19099109500893852,0.052231058800860396,-0.08915361733964097,-0.30235108425224105,0.04209738636344773,0.08496828482607623,-0.0591041324952983,0.10436178221899538,-0.1406182193674448,-0.11859441722474327,-0.13499918180408602,-0.20242694985925844
Thal_AV_R,0.9362108669618083,0.8108172161194875,0.8645093897096828,0.7599808681354385,0.43635470650157293,0.30082700828883147,0.05856411718159895,0.9403002578941612,0.7555079895233175,0.908995021446301,0.41640075045489927,0.8668021557307604,0.8853742895735058,0.11981365179283297,0.528521695501149,0.7093722617149495,0.48126359744605784,0.3275706260707431,0.9294829872098381,0.5571080435094097,0.20132833039544706,-0.09963398923473359,1.0,0.60811869514722,0.8987617392555032,0.34597894555768427,0.7218783367620795,0.84093722965961,0.13460492690853032,0.9130511622611807,0.6910066936316577,0.4718436643272304,0.3734123745289975,0.6497954279992271,0.43199827620625786,0.844073806689501,0.6755043803365709,0.6532082545753206,0.08733413296994352,0.7159325725668275,0.4844208767263753,0.5363203194576143,0.8269298986682819,0.2882650965388926,0.865778696829748,0.8291525814559508,0.533188459855276,0.16051012275954743,0.3550471049549744,0.8986739518664223,-0.10740693270048823,0.44222109809969634,0.5170288011198187,0.6016877840727745,0.915253037331433
Cuneus_R,0.5307844148786475,0.558944763909374,0.4814464936916431,0.5849723415043682,0.4415559009036309,0.28706314817140777,0.02895509446403974,0.5244065751710111,0.47654378329901714,0.5259065229841702,0.2774608203649616,0.5979261921566968,0.5450030364688166,0.004593829675211484,0.5143570892883713,0.5710566865256748,0.47062783678411596,0.08503174514190212,0.5702828840127889,0.39606149977126065,0.21149128662368163,-0.2585750379868557,0.60811869514722,1.0,0.6218699242385735,0.4495311221556885,0.5277504569565161,0.4868030118248492,0.3016033151473705,0.48407444767007735,0.43340273313749444,0.5170910490286199,0.38316702941031483,0.5892214921025617,0.6580402567418449,0.5685276862210373,0.803154018332981,0.474986245842699,0.07405689077225684,0.3527591761522704,0.4392881310847805,0.8746670400477705,0.7218497887915253,0.19759127501709198,0.482151257677772,0.4559764709095805,0.6687823042013279,0.0937870849701034,0.26824585783222143,0.5633213952530671,-0.22569992370760597,0.5817595278522515,0.5720602410082728,0.594901051950641,0.6717741711365296
Caudate_L,0.9062429575900176,0.8823848908400244,0.7955799130939272,0.8478705778152777,0.6290918234736139,0.26846263977100954,-0.029642464516410793,0.9394651159153848,0.8524683384738125,0.9437072227505809,0.5550616442300227,0.9384360671639281,0.9487166398571144,0.15698644411812915,0.6296007516064969,0.7345072684855131,0.6301747377693833,0.30903809009506783,0.9650511480563866,0.6965533558161396,0.2043216443161367,-0.12513817727438492,0.8987617392555032,0.6218699242385735,1.0,0.3957429230511875,0.8159748172762251,0.8959515407253963,0.22525041920418568,0.8999083702516126,0.6843806419104786,0.3507677063828594,0.4264722196307657,0.7622645433198532,0.32920744787397216,0.942705374786308,0.7279297579171464,0.7670373766654617,0.09581079740194046,0.8302088112381524,0.5936436588210752,0.5023255428965593,0.8607472281989155,0.20201934537532576,0.9296649422480991,0.7906232161371839,0.6462902282189701,0.20644719416494026,0.48258866225386965,0.9624488223956732,-0.18669447205397835,0.5648052772568429,0.6483573569242581,0.7395372867969144,0.9013524597529989
Postcentral_R,0.31279631274495684,0.21357244038727818,0.148625409446813,0.5435516219195424,0.5039550450122495,0.15943107214517388,-0.0007570261132429958,0.304869416005984,0.43666353298360167,0.36934827095237005,0.48657911068152504,0.3514350820307157,0.42858388098350253,-0.24101304119047476,0.3374968619650034,0.464418656564289,0.6298683484886127,-0.5204616672986211,0.349711033506737,0.24372147419867,0.23897352241932573,-0.2289947920029514,0.34597894555768427,0.4495311221556885,0.3957429230511875,1.0,0.3514494049276899,0.3055754700613845,0.29851726742325446,0.20447194213433506,0.15681170480094744,-0.2682697382426241,0.9769938649767663,0.43129777668141833,0.11936611447688304,0.42682859310343985,0.41333678181868944,0.656594488709684,-0.561340183118482,0.36687356924069503,0.14723170244380102,0.6542484740425955,0.38519328878858605,-0.3004880796407811,0.2801443339001357,0.2660902308682129,0.7616249403704225,-0.3501714771716913,-0.12447459216397022,0.3292606995382686,-0.7361600406797353,0.7727482003452175,0.609163386915332,0.3859357777633788,0.3987565319744055
Red_N_L,0.7420862999243096,0.8104951683127144,0.5820124117870168,0.6853459732062894,0.5711935392050732,0.3907742261337027,0.008814622004708922,0.7504287078772813,0.766230167333966,0.7938378230561081,0.5838208520067556,0.7730911665897058,0.8272708619645893,0.07477254436955227,0.7272698748942075,0.745470957885968,0.5369813316066924,0.21850766031447982,0.7933775915172284,0.8458869923710929,0.44141447050456306,-0.21958801545947115,0.7218783367620795,0.5277504569565161,0.8159748172762251,0.3514494049276899,1.0,0.7070287557442502,0.3896819436613362,0.7013884113157784,0.7045745615288779,0.264389994963997,0.3457528386354571,0.6168460458290004,0.3283265375781855,0.7688431624569119,0.6408092901403646,0.6190301692755849,0.007634328972665069,0.6223501518742096,0.44708946089673696,0.43874900694367125,0.7144523805051429,0.35107869747118964,0.7563100390979911,0.6239941412412088,0.6233246500349439,0.34291335749328145,0.3250195369044824,0.7517308903670864,-0.18678767702072624,0.4972296441168737,0.5549399456008395,0.6642179954748906,0.7487844984424002
Thal_MGN_L,0.8921359148316388,0.8214448871096156,0.7863000109290135,0.7917639409063959,0.5219753018853099,0.24380955959116715,-0.02059956786411597,0.9080370576145138,0.7999803675442154,0.8962044339249664,0.4881568977200529,0.8828320732010487,0.8899738599111902,0.2383820256212542,0.48805859023955994,0.6049303606659411,0.5255371662979055,0.28074371168492346,0.91291544010323,0.5532605476599418,0.1204086164197891,0.06330178565591507,0.84093722965961,0.4868030118248492,0.8959515407253963,0.3055754700613845,0.7070287557442502,1.0,0.21110166465796076,0.8595184771245588,0.6035530539409721,0.27435578057952664,0.34927218825369893,0.6698182113697302,0.18071438717111293,0.872029797144163,0.6227330797755951,0.7002232827588312,0.08080066736343938,0.8066626743356919,0.5261551723585286,0.37265956425369173,0.7615845709601873,0.15741986725432086,0.9597364771550236,0.8119970932177747,0.4948554635805896,0.17143702330655625,0.4641196586724094,0.9154207394476245,-0.162336580472692,0.44966199167093307,0.5181165249650089,0.599432282046549,0.8303494342031497
Vermis_8,0.1231321996663239,0.3359522933929609,0.10227501293064731,0.38544439833912025,0.3939081289467251,0.443132667224489,-0.20438404134012536,0.18348629347256726,0.4010465181397838,0.1745925158220207,0.4016055741877128,0.31581982834001976,0.3380903951615878,-0.15150955363763263,0.4696981833382383,0.4310953025255686,0.4474856822526002,-0.04519913376131981,0.2188922644693586,0.39019594419238773,0.6315508071552247,-0.16701543213066528,0.13460492690853032,0.3016033151473705,0.22525041920418568,0.29851726742325446,0.3896819436613362,0.21110166465796076,1.0,0.06599164316810728,0.3102138024268143,-0.15936589758960784,0.316547612969609,0.3006619009061241,-0.03633285345692153,0.2590669645044926,0.5181453009473094,0.37549031326037985,-0.20245430559578995,0.19558056976716723,0.09626391866213832,0.1965818412261126,0.39200396487647227,0.08284047719690597,0.22194807678275463,0.08711653862335056,0.5546848483942759,0.39789039329272,0.0251101551058789,0.17571689794367717,-0.27739870280124207,0.4045500058330414,0.44006318351694634,0.5408105306844159,0.2132508391413659
Hippocampus_L,0.912675372755035,0.8903720505504747,0.8765634649072407,0.7871879497973971,0.4908134175638923,0.17329016474657694,0.045704815357494426,0.9648270204695417,0.8329095748442321,0.9327751536203784,0.4583169192189442,0.8855317374875106,0.884762235065719,0.33271604657516435,0.5016705596617081,0.5855212335047403,0.46457173860292866,0.5037896639286421,0.9335727589887614,0.6097757713673438,0.034090226550358295,0.039413634938416535,0.9130511622611807,0.48407444767007735,0.8999083702516126,0.20447194213433506,0.7013884113157784,0.8595184771245588,0.06599164316810728,1.0,0.7179388042209591,0.4021354361177602,0.24817115442352253,0.7236760048415692,0.24430101155537887,0.9009987948206769,0.6313858822500497,0.711441443861755,0.18022479040440956,0.8539445522788107,0.5262457465879822,0.32511694396709906,0.790620296468201,0.23971038023287028,0.9193670227668276,0.8281752054320176,0.3935913141988142,0.26068124164872913,0.48635414027942353,0.9423564885020733,0.004730274298122328,0.3906255441195515,0.5611940045912179,0.6299118796137574,0.8511708736997727
Temporal_Mid_R,0.7158088879866079,0.7900204299833514,0.6983040371135127,0.684109876226402,0.3694512914418186,0.3445383273269949,0.0443869824673247,0.7466247562636068,0.7679297185764674,0.7400322045504697,0.4547897013220001,0.7130713380466067,0.7181971490757818,0.1744921023780052,0.5380327605957388,0.5694506745898353,0.3253327670970615,0.5232788303481276,0.6944585798055286,0.6003573924591887,0.45732637008291577,-0.21657809276794718,0.6910066936316577,0.43340273313749444,0.6843806419104786,0.15681170480094744,0.7045745615288779,0.6035530539409721,0.3102138024268143,0.7179388042209591,1.0,0.41149958036771145,0.14361624398325132,0.5618291216427115,0.38192946508930564,0.7007315741498017,0.7113160177193036,0.5529590583881964,0.1234726235994859,0.5529931270518476,0.2973505003647984,0.3341531898536214,0.6698828360418244,0.6300640467492413,0.6664642273203856,0.6577873071285532,0.3684463671379097,0.5410713735332897,0.25902071177411023,0.696312722931848,0.09485920036806574,0.33888852789776447,0.5180993184452203,0.6362110381351769,0.7017001773614432
Angular_L,0.44028854630539754,0.35552327176590326,0.537298197593812,0.13299061092487605,-0.2002304569927203,0.21719968737555717,0.2183345869872257,0.3774020044640055,0.08114514786808351,0.3387416764544576,-0.2419870684956781,0.3190310700357156,0.24509083459333988,0.020872241841541135,0.11039695947737632,0.20557449220820642,-0.2013559732959308,0.5231183947281823,0.36566230393617055,0.072044617197278,0.07784122650395298,-0.2004206040283568,0.4718436643272304,0.5170910490286199,0.3507677063828594,-0.2682697382426241,0.264389994963997,0.27435578057952664,-0.15936589758960784,0.4021354361177602,0.41149958036771145,1.0,-0.33164336127357763,0.11107712345074039,0.8179053208504097,0.21027999790272375,0.344772356366891,-0.14821254207278609,0.4754433454573009,-0.012704011686576363,0.18027212055188957,0.42214856557430314,0.4261666918783376,0.5661374132981394,0.2746720365637292,0.43220819879106426,-0.02089789405726541,0.19471264725856435,0.16279481348650476,0.3233114297715815,0.3436821760084548,-0.01902411342570789,-0.02769415743466769,0.15704321165048973,0.5213546864432089
Precentral_R,0.33037076655160974,0.2316343547932425,0.18511942342225587,0.5786201738566807,0.5309240340751137,0.13745532140588546,-0.031833222521828075,0.3474163795309785,0.4855734210884911,0.39857944433779174,0.5164279712298878,0.3839247194429313,0.46955604960923997,-0.2257646683885149,0.3344419039905773,0.475657811434354,0.6678398170812159,-0.47551774257194623,0.3854663448857034,0.2556939176582025,0.21787501324148512,-0.17695198612247712,0.3734123745289975,0.38316702941031483,0.4264722196307657,0.9769938649767663,0.3457528386354571,0.34927218825369893,0.316547612969609,0.24817115442352253,0.14361624398325132,-0.33164336127357763,1.0,0.46783823531247787,0.01081879893135955,0.46406256546005925,0.40157015060312345,0.7163562025221615,-0.5567065271072461,0.4383507548758083,0.15558488602217135,0.5643364360322373,0.4000313737130287,-0.35593527098160604,0.3326853457652405,0.2782427562329854,0.7573009041493037,-0.3386232293318436,-0.10236730306799406,0.3690953733286323,-0.7259392492855689,0.7555313480711516,0.6280040236582574,0.4171203856056425,0.39495230454462266
Cerebellum_3_R,0.613998839002584,0.7623363733281543,0.5851286392889313,0.7809289608681474,0.7522202582111707,0.08201569375258892,-0.10538937254413831,0.712757909686006,0.8072527527136648,0.6893968719740299,0.635897370722102,0.7630918902342914,0.7646894691239919,0.26396738051773333,0.5276368693491206,0.4824636942778688,0.6504998371593036,0.32650394818086825,0.7341872126604582,0.5747603563530574,0.06270445554571416,0.005699421645398501,0.6497954279992271,0.5892214921025617,0.7622645433198532,0.43129777668141833,0.6168460458290004,0.6698182113697302,0.3006619009061241,0.7236760048415692,0.5618291216427115,0.11107712345074039,0.46783823531247787,1.0,0.07767436411992194,0.8172748436802046,0.7765839147675728,0.8482864234467733,0.028045454328005624,0.7927905774213102,0.5267470762479575,0.4018321752442728,0.7464895455464661,0.005182684326875276,0.7324747037513469,0.531687477606336,0.5898991186350823,0.28168494840521674,0.46253880669991077,0.7658862123573323,-0.18647570945992353,0.616910769238796,0.8086973914236738,0.806035786074752,0.62713979391465
Occipital_Mid_L,0.3951479477756777,0.25983007495080995,0.39127428006239745,0.15465213692528668,-0.10431966053195717,0.36124260722570795,0.2468224818696108,0.290897085936516,0.06692391133829997,0.29987222203214464,-0.1596699569377382,0.28114985905317075,0.23579890497594666,-0.2053269617260219,0.17620552267981515,0.3349663375284853,-0.08099105199219907,0.11067170643176717,0.3082778248449142,0.07681918626503498,0.3428470520263979,-0.41630662895225806,0.43199827620625786,0.6580402567418449,0.32920744787397216,0.11936611447688304,0.3283265375781855,0.18071438717111293,-0.03633285345692153,0.24430101155537887,0.38192946508930564,0.8179053208504097,0.01081879893135955,0.07767436411992194,1.0,0.1723874057906062,0.42703677558377756,-0.08332543140679169,0.18142706840302236,-0.11420287341882655,0.13910265801657742,0.714786687439879,0.43104177980239844,0.5072796917001251,0.16231899285064882,0.40042379215725105,0.27693577865906666,-0.0006062636904162958,-0.03961449171419358,0.24791813240585486,0.011499423108738005,0.1905906068697604,0.06138110435756057,0.14290501023583513,0.5399639834020418
ACC_pre_L,0.8400519806419307,0.9047543006685121,0.7482937325582543,0.8990364821698656,0.7309731009563523,0.16309384011543254,-0.06527701300829175,0.9124291297284007,0.9125975704800058,0.914507764494958,0.653882945709577,0.94067771030546,0.934342033935742,0.27862101770036435,0.6414970517845138,0.6942121216088439,0.7181990405832849,0.29246073929687894,0.9207652091780846,0.7090671670388148,0.1174327373860292,-0.02054521214483965,0.844073806689501,0.5685276862210373,0.942705374786308,0.42682859310343985,0.7688431624569119,0.872029797144163,0.2590669645044926,0.9009987948206769,0.7007315741498017,0.21027999790272375,0.46406256546005925,0.8172748436802046,0.1723874057906062,1.0,0.7368154189184282,0.8521909941823593,0.012036333159622917,0.9177002687834203,0.643755238943793,0.4257133379093914,0.8218521752713793,0.10242364154101688,0.9148055958471834,0.7257424305868366,0.6345651899910104,0.21316662884361848,0.5614326039277411,0.946551339622241,-0.21827389960416108,0.5729212986750006,0.7251788951982068,0.7910442679382226,0.8148000692204566
