,Thal_LGN_L,Vermis_10,N_Acc_L,Thal_VPL_R,Cerebellum_Crus1_L,ParaHippocampal_R,Calcarine_R,Calcarine_L,Temporal_Pole_Sup_R,Thal_PuL_L,ACC_sup_L,Cerebellum_8_L,OFCant_L,Temporal_Inf_L,Cerebellum_Crus2_L,ParaHippocampal_L,Vermis_4_5,Precentral_L,OFCant_R,Temporal_Inf_R,Cerebellum_3_R,OFCmed_L,Cerebellum_10_L,Thal_PuI_R,OFClat_L,Thal_MDm_R,Frontal_Med_Orb_L,Heschl_R,Parietal_Inf_R,Cuneus_R,Thal_PuA_R,Raphe_D,Thal_MDl_L,Cerebellum_9_L,Thal_LP_R,Thal_LGN_R,Frontal_Inf_Orb_2_L,Rectus_R,Vermis_7,Postcentral_L,OFCpost_R,Temporal_Pole_Mid_R,Amygdala_R,Cerebellum_8_R,Cerebellum_4_5_L,Fusiform_R,Temporal_Mid_L,Thal_MDl_R,Vermis_8,Occipital_Inf_R,Supp_Motor_Area_L,Fusiform_L,Temporal_Sup_R,Cingulate_Post_L,Heschl_L,Frontal_Sup_2_R,Thal_MGN_L,Occipital_Sup_L,SN_pr_R,Parietal_Sup_R,Thal_MGN_R,Frontal_Sup_Medial_R,Occipital_Inf_L,Vermis_3,Occipital_Mid_L,Frontal_Inf_Tri_L,Paracentral_Lobule_R,Amygdala_L,Caudate_R,Frontal_Inf_Orb_2_R,SN_pc_L,VTA_R,N_Acc_R,Frontal_Sup_2_L,Cerebellum_6_L,Supp_Motor_Area_R,Caudate_L,Thal_MDm_L,Temporal_Mid_R,Lingual_L,ACC_sub_R,Red_N_L,OFCpost_L,Putamen_L,ACC_sup_R,Thal_PuA_L,Parietal_Inf_L,Cerebellum_Crus1_R,Precentral_R,Frontal_Mid_2_R,VTA_L,Thal_PuI_L,Cerebellum_9_R,Precuneus_L,ACC_sub_L,Hippocampus_L,Vermis_9,SN_pr_L,OFClat_R,Thal_VPL_L,Cerebellum_10_R,Thal_PuM_L,Cingulate_Post_R,Insula_R,Vermis_6,Frontal_Inf_Oper_R,OFCmed_R,SupraMarginal_R,Angular_L,Thal_AV_R,Cingulate_Mid_L,Thal_VL_L,Cerebellum_6_R,SupraMarginal_L,ACC_pre_L,Rolandic_Oper_R,Paracentral_Lobule_L,Thal_IL_L,Red_N_R,Occipital_Mid_R
Thal_LGN_L,1.0,0.3220698102864127,-0.05347717660082623,0.7020620956914091,0.1301380252792417,0.6171854088275137,0.3196024161471075,0.20986388590431765,0.021164585856220466,0.32109100750189756,0.26085900167098547,0.28493549648707117,0.2728660361143131,0.25208169926592094,0.2782328031071564,0.2148655308226021,0.3493890087142925,0.39012711223404656,0.025768472606230136,0.3338710597995418,0.6382018837463975,0.5123240362546723,0.36186171578327825,0.550564989010339,-0.06800856134868138,0.3385192333503024,-0.1098173210875826,0.3831457878715058,0.27702809717023397,0.17935653785578465,0.44873873845865225,0.2571900096707973,0.33816775555873113,0.3583121153715149,0.20998286297094,0.3888216881480797,-0.18282987233939182,0.3811002810602772,-0.20293679096466313,0.3796284667554849,-0.005371001894467428,0.03632791171700415,0.045277478738540496,0.20238826900264714,0.3561245990748274,0.5906224437409204,-0.3046703263822428,0.24184036392940397,-0.19761416626176834,0.16480161118436812,0.5233951339653716,0.18722060287151632,0.5709478508533995,0.637057144618363,0.22438901746770826,0.4964231079599033,0.6466396068224508,0.025283440702235524,0.6124232340719387,0.4717023839621655,0.6765120599631586,0.5434777513753937,-0.30798342613356045,0.4428969525988657,-0.09437468448955248,-0.012540053506949646,0.4957775912547222,-0.07914304606430264,0.18853622096399872,0.3077597918729454,0.46508444818715905,0.37394364087055315,-0.04500305430910143,0.564129101453813,-0.16285998259192938,0.6104755628312835,0.3550656610982897,0.4454612123709991,0.37493389619460216,0.07691328650842857,0.1656150312877014,0.21449066360126182,0.2557566061843918,0.10047718505036456,0.5345060138294884,0.17367374640338087,0.24449282927051097,0.5027347861125119,0.6380471087315907,0.4650593805942512,-0.13349894688377714,0.3945796714335158,0.3128775880554667,0.5488389790218449,0.1805535853545836,0.4481997895768591,0.10082469660389917,0.22913883093842136,-0.2556690332310215,0.6161944787440559,-0.2700298698020686,0.5243162465167378,0.5423362542172706,0.46513870321701106,-0.256511735260952,0.6045500493536987,0.33784932293587455,0.5593043478861747,-0.14280661689283308,-0.030147156559229206,0.4785043138570176,0.48201812055556165,0.21387890363491283,0.088387712924583,0.04688842073650292,0.412374735009758,0.5471514560249355,0.3121895725885541,0.591177916365622,0.09836816810420775
Vermis_10,0.3220698102864127,1.0,0.03626559373142399,0.2848083357174973,0.14066217926924082,0.2272123135683558,0.13278577776983397,0.04233400111771602,0.13755805134041776,0.30688513616481117,0.38706376183369096,0.42464299404115213,0.1680764562821384,0.4295908768312251,-0.16985340901778956,0.6112036831457826,0.19342180087706312,0.4654896132574643,0.42889748538670136,-0.04408089768782411,0.25957786852441206,0.14521191230313416,0.0772442792728175,0.4328408888569261,-0.15775878516809444,-0.0707993880001492,-0.07581156209376856,0.13718976457245505,0.15186648039514603,-0.08089730866261952,0.38407372744421425,-0.006358519679853532,0.0296962840867712,0.7560425268452203,0.4078671760711205,0.0645168046830597,0.347049656952074,0.2906807536937225,0.28880608334730745,0.5399490544765829,0.2958286628794981,0.19253425295593155,0.04118309655784028,0.24701147060216508,0.18287575955331833,-0.020938319797249375,0.32759053976919555,0.1346755246062862,0.3778251442979898,0.15285186027715308,0.518099073774147,0.6540005263346638,0.07589981767749243,0.39001227145994827,0.4525685303736593,0.46747927193719585,0.3491762034300947,0.17740110595131844,0.1530845524773548,0.5070767361547528,0.07496804529177205,0.4264425278417068,-0.19934418067623616,0.35506643271189436,0.29318503394728257,0.4903556345686769,0.487741981731814,-0.25405117557803375,0.4085701707913808,0.10520238933363568,0.2901183875485495,-0.16904026947153902,0.2064115947258717,0.312684316599804,0.11094914410944276,0.4963454534789193,0.11541840618758376,0.09176475587848851,-0.03765386871166927,0.04676312804061048,0.01166470623292888,0.44086494349926786,0.13264020813735306,0.09843529433229281,0.21278164319371703,0.41156740249500184,0.22873805046187276,0.24911156530139686,0.4086654957262878,0.5547965129079366,0.3368591250743354,0.5256893818873161,0.684626317405721,0.43615485027739426,0.2139892307568835,0.6455478931489631,0.5830560820373557,0.4696382547313827,0.35194584428646963,0.4784385990220227,0.22256170567575803,0.4784313394459729,0.5163455426562077,-0.06421805598250674,0.17714553634645347,0.10674463454753431,0.2418217360593764,0.2786616374993821,0.1873988347680961,-0.0516565267899215,0.3824871188019139,0.3292334787654365,-0.34929818646722793,0.524526527898664,-0.031252766062798955,0.12079187283931786,0.4184047871154059,0.2242906920902224,0.1942785232875962,-0.17946096691984845
N_Acc_L,-0.05347717660082623,0.03626559373142399,1.0,0.06664734047335805,0.019570993928711155,0.05407671157754053,0.04276672281992525,0.16110433409147235,0.06075184545941436,0.07665215608917299,0.10591218333814947,0.19655529831378013,-0.2022042172827286,0.0018265605975086576,-0.31812448695044687,0.12273673696766986,0.1418550694843026,0.18836020919566,-0.18869506891863752,0.07091756041147453,0.07094795467150966,-0.0196241782145028,0.14233462013113618,0.05440034121867819,0.1310245943896178,0.103348663053625,-0.1244165873189987,-0.03836580194905955,0.11048317637256475,0.1861781081434326,-0.035069483676587715,0.13615034826087774,0.16409255668680736,0.03973565120327665,0.08626339611608137,0.20534622256662263,0.2307278590472035,-0.11041052504144792,-0.16743139936234647,0.12575102906664118,0.15431518407995987,-0.023927590234021523,-0.11132486906234737,0.3060461828904621,0.06671765016003846,0.05379331561450249,0.21885143719597203,0.11761008541048867,0.051984839735390864,0.1026311569243854,0.13332586803327565,0.11586813145422463,0.01594302021564655,0.0077492258729969,0.1366843036413644,0.05962045042422697,-0.020146103519799827,0.23857443858250832,0.09874475551155042,0.12062419118155884,-0.17330837602463922,0.0005066324562344099,0.026195871710405882,0.18784703432709624,0.36767781037242375,0.17550172024543675,0.15448889609481584,0.000576499830460016,0.21722124965255799,0.17777979772487973,0.09125365899461103,-0.16853387405961268,0.17893535584631967,0.13226113333626452,0.2867803456603522,0.08482803892834333,0.12392062576235909,0.10707066772155859,-0.012306729105687551,0.10501914087517063,-0.31089278895235134,0.14251623814589873,0.005739527521257031,0.09480091825996756,0.058002754326506,0.008890052176904535,0.20496040776705,0.06134996258612601,0.09164371966186946,0.11423397850511659,0.013566213250612753,0.18682669560310372,0.14276062565378997,0.1143882129037925,0.035705200100551816,0.1312315746770735,0.055665721793437345,0.1342465093696244,-0.018421770991711266,0.055548081132585136,-0.13969816755745595,0.09089357663307625,0.09194826693091845,-0.0755570001402627,-0.04836999821102336,0.0001460112758793722,0.16044363205884069,0.11031524240599035,0.2839279830262121,0.07666610371614382,0.1398631912256697,0.15805032931569932,0.06113649327137021,0.17185808173760853,-0.154270167460276,-0.07739156260534412,0.15998942648730088,0.09668411034554482,0.03131276189714857,0.1759316943843907
Thal_VPL_R,0.7020620956914091,0.2848083357174973,0.06664734047335805,1.0,0.2163343139579595,0.7813605990828679,0.4171867166624683,0.2920249174642066,0.13033430226729187,0.4366263101051721,0.4057679296854352,0.37148707677432186,0.14687693295351562,0.14248349496684795,0.1294921076279341,0.2826003728693311,0.5681024290479905,0.536058582280711,-0.06740849978672189,0.3767091471157057,0.8215604300888604,0.441552449657407,0.48450506574781804,0.6997059139216097,0.08854600105364724,0.6861663262386841,-0.11455689239299101,0.6032915776461695,0.42804457764543974,0.3231209549881895,0.5274731147729255,0.4345164888581978,0.6710459680400147,0.3889031802163256,0.34455525132178544,0.47075682689301074,-0.03813659942294504,0.2421223016485485,-0.37086800781542306,0.46487215219969774,0.08526767894622264,-0.057432847130747054,0.010336034660576771,0.43376164930383854,0.4709495652069255,0.7376915724350644,-0.2449166101883003,0.5864367573277025,-0.19413522942439435,0.3373845071664355,0.6740820472708952,0.17859448514560522,0.7324643007907246,0.7210008037770607,0.3147817519500575,0.6289082813763693,0.5830803766485579,0.14052730990907858,0.7076229102533941,0.5753407429594369,0.5756740658735647,0.590738778316644,-0.22381210017510747,0.6525457111488345,0.10369288403675882,0.07436377402057447,0.687839189263789,0.0806297335266538,0.45682892104372397,0.49431685127374,0.4528513365688335,0.438866034890454,0.10238119208526195,0.6813099155845771,-0.10889358234695164,0.7071668616377879,0.35483078004437996,0.7320463425900475,0.545753185230149,0.17527700315725056,0.0633353996559131,0.44118904521072866,0.19300334995515,0.2589370289333834,0.4581489765286427,0.21256293197834825,0.4335774811386046,0.47332549552248043,0.7998190688329806,0.6100393492010249,-0.06915312005378431,0.5569144801269766,0.41319111423648336,0.6888535469744621,0.24886780852630355,0.4982069505259058,-0.05118103249117409,0.21859146062221804,-0.3038908405172152,0.7715580944855766,-0.2313097605741314,0.6234497223838206,0.6184494516808301,0.629543134635678,-0.38323794172991094,0.7315259526383789,0.39219933005823254,0.6920685671220342,0.06697639324799243,0.32503905093848906,0.6289776031151869,0.6670282164070248,0.4168798530327203,0.20223521964622573,-0.1358872889749651,0.5291299603836978,0.7068225614708917,0.47397140087954637,0.7554824403739085,0.26225286192967284
Cerebellum_Crus1_L,0.1301380252792417,0.14066217926924082,0.019570993928711155,0.2163343139579595,1.0,0.2469107357647376,0.10242160034163902,0.13246363573615377,0.5868514354002969,0.3476073526441374,0.1175701445466386,0.529345360082571,0.10284985418601078,0.23733298093752794,-0.23741308906606257,0.12822316627523306,0.2758139831878733,0.2668923246208004,0.08201330746725151,0.21550952648748717,0.22136012433816682,0.11656224370525024,0.4328101621186236,0.19996543844055978,-0.0603632017339069,0.02502270619964857,-0.05625947549704173,-0.09426707158258739,0.16573340151974114,0.26774005974158294,0.08263190443581041,0.30727014066670855,-0.10848081331137774,0.34729607425342535,0.3814052054172085,0.11199066879028116,0.25821534931793855,0.08062684385525702,-0.08425552604354519,0.2516549427787693,0.11424377353097943,0.3741402509390589,-0.05852977811348114,0.4575939267968798,0.17538577652207143,0.27266489219170453,0.14595933674272696,0.06574169602297836,0.24955194212133922,0.2286596385229291,0.3447195885734144,0.24869755532656201,0.08352134267571322,0.2902485478865168,0.13178524885266396,0.14347304400883593,0.021846682498090346,0.2580369640078335,0.15675530979512636,0.32794729650528603,0.0005794226867155294,0.14399690920634736,0.15482065677250934,0.3601286825715593,0.33923748890623334,0.20331302022112377,0.3224325401542635,0.11647268877581135,0.17433407388211306,0.288020111322527,0.012631481374167385,0.06288339864261068,0.31657907793755885,0.26519968562960367,0.0643295659156071,0.38936671224672664,-0.023359968010232695,0.017656916552792806,0.13618330841634066,-0.00937714367492323,-0.17050021031897872,0.20441300841397214,0.19027164802999655,-0.0185945685938361,0.10836084891013675,0.07741221510937109,0.22994440725227108,0.31025555084393425,0.27802846190091046,0.30191291833744294,-0.10370774577722236,0.32472838813549937,0.27990801157963535,0.2780883420681157,-0.06650658600628027,0.19871089371162753,0.18905967135090485,0.1515131255476861,0.014440642990763872,0.2726739625910984,0.17037038723165127,0.24327520402272113,0.38778766891716704,-0.09986338766752301,0.09511484328589835,0.07965939381828206,0.28321251573347295,0.24849158942891414,0.25517145013238857,0.05686862506123706,0.22341338831589022,0.19086489428638925,-0.011624892192971406,0.19790637361641955,-0.013905151041069532,-0.11816103075261773,0.33848329676167027,-0.10962110741982567,0.2643697411769278,0.29245398350931107
ParaHippocampal_R,0.6171854088275137,0.2272123135683558,0.05407671157754053,0.7813605990828679,0.2469107357647376,1.0,0.45931711315164014,0.3231832348698682,0.21200597845044145,0.3553102833424111,0.36382749236844153,0.3937484564767381,0.12127352750061993,0.12481427359209982,0.12936176414254935,0.295633833990716,0.5606226390109609,0.5219860783702054,-0.017343744684313125,0.4179820915469963,0.7213850114251037,0.38497489775903654,0.5367393790613161,0.4766193800497835,-0.027001185040424605,0.476209609210862,-0.23625543769541751,0.5653312337631548,0.46714510818925326,0.24787471466391342,0.449459579623282,0.28431471432227307,0.5280233925210213,0.4012474891370459,0.23289883154059224,0.4260361357349616,-0.02489682902492087,0.26478602315531824,-0.3983352216035671,0.45218680391668564,0.02798998458121889,-0.16043261870132655,0.039591226354494476,0.3578434900326163,0.5487174940303673,0.7297164171592847,-0.1915005291123716,0.41365157442473205,-0.18331566714503097,0.4047153040992468,0.6358495698419445,0.18608440586526695,0.7730229958100134,0.6502947111017976,0.2938153954468015,0.5313289938735275,0.44210636732979747,0.10278697264687392,0.6510860674644402,0.60182596336752,0.5974981745439606,0.45969552594238133,-0.15496055663849315,0.5015304868251185,0.13144667314593186,0.005800249768098162,0.6195659769895254,0.002305803382880183,0.24961294193804925,0.37051576459899277,0.4632223324651129,0.47964016560642947,0.20819920520795968,0.590897956866242,-0.046928189002962396,0.6181348948305952,0.20496972916413184,0.49423910142993666,0.6087136604921642,0.32447703424444957,0.054669363590638495,0.3334557643245073,0.3145671019324054,0.15245998330714453,0.35409854271534313,0.25915616243463296,0.44814633762931805,0.4547711255657773,0.726192738710276,0.5639468229976868,-0.007418730512914448,0.5119080791873862,0.5137307050953923,0.6934186298039864,0.2984284324500084,0.5091383186613917,0.02804826445028043,0.23966128337650514,-0.2885601233708172,0.5884217146484811,-0.1816963358587297,0.5338455726950264,0.5767172311363515,0.5069131989273424,-0.44614076985305434,0.5746656140967562,0.41160363054185156,0.6767971770477575,0.05251901568523948,0.2646772610222407,0.5774093137245997,0.5018255513070025,0.43653978426788836,0.20437709121342568,-0.09392384655735778,0.4783213545063184,0.6324204559406218,0.2685818615535136,0.6490171762601856,0.22947088078307967
Calcarine_R,0.3196024161471075,0.13278577776983397,0.04276672281992525,0.4171867166624683,0.10242160034163902,0.45931711315164014,1.0,0.8652802571579995,0.13202626504552636,0.3832171184115717,0.2872994323908689,0.38214789413027184,0.19784377711436807,0.19137098942089403,0.10125206665266902,0.35791863005418095,0.8307985720031832,0.6058807297289263,0.004178568427953475,0.3021495978793138,0.6378995471805784,0.3646985877251175,0.11779285924272265,0.4677625907517548,-0.06824920443096283,0.21990972920643706,-0.32670187253533456,0.36512298420311196,0.364358136565369,0.5235019325592946,0.30581978662127385,0.4866603676619154,0.4187071832798361,0.14874731141305797,0.14036315469135946,0.25743229415667424,0.0027823909866038898,0.10205390692181367,-0.2643677873376003,0.545533404576913,0.1890571449826359,0.06569039680517343,0.14694990231325988,0.4113825746329751,0.7975834115868862,0.5828669185591022,0.26977935098762856,0.22688622397629488,-0.13183868509301366,0.41844945044699794,0.5607975750374423,0.38121053786692793,0.5139785350989587,0.6308662862183161,0.3606186178043213,0.40294269377424863,0.224702241141699,0.528082831463918,0.35733169584042807,0.5032372740350146,0.4159840254343776,0.3769224272210012,0.059114465738100905,0.6772064598015469,0.4074876335979414,0.2761776548558495,0.48209441904788225,0.011247005291236501,0.32839438422527234,0.03409703419444663,0.3478445312458764,0.16346797240063843,0.09024870602623263,0.51928982486504,0.3005080466625086,0.49952436038421677,0.3671087317544899,0.27919308890147043,0.5274205647467483,0.7607436874540413,0.18456659727560315,0.14286860804739768,0.3069825805249716,0.2849252592035363,0.32519742854177974,0.28041275102243673,0.48177959982135143,0.4219996315523613,0.6041390183726101,0.4862363504888402,0.03531848107226606,0.48457366568133825,0.33542694454093097,0.6191415019398622,0.12470079517741305,0.5012265284861356,0.014646553249100155,0.09825043881352519,-0.01507161411086957,0.41833162221672504,-0.1443787641127527,0.5584220769760556,0.6030284286426727,0.2505870411671826,-0.26046406064155736,0.38196151173830933,0.35520730345143714,0.47613451490694364,0.24703398720624645,0.14009719147722827,0.6042752688271465,0.5061262187757898,0.4273537986601393,0.40788104447903284,0.0004260599045758503,0.13553407363889272,0.564451007477875,0.14386951655096408,0.3401332516930346,0.4256741201095458
Calcarine_L,0.20986388590431765,0.04233400111771602,0.16110433409147235,0.2920249174642066,0.13246363573615377,0.3231832348698682,0.8652802571579995,1.0,0.2588393373724872,0.35418022577086516,0.22611536518822417,0.4568844796491547,0.13083381199704366,0.1730784908143413,-0.010478684767532652,0.2926653858218802,0.7407144171091193,0.5689001430157523,-0.10929494072890646,0.3525542679853992,0.5262933018717867,0.2608757916230656,0.19802414172544258,0.31057327810922275,-0.07450389759328568,0.14250084743608774,-0.28804040371410355,0.1416128148952275,0.22478982108581955,0.6188711265576078,0.14766841799015232,0.45412671845557334,0.2873246687015292,0.0806640785448516,0.04339747854251159,0.3541684799479816,-0.0006822410001006528,-0.06573739618020442,-0.3051627624258894,0.5059122923384666,0.08806730949989798,0.0476277009021492,0.1709141357997762,0.4939870147744556,0.7105213031064793,0.5456787291610294,0.33520470531328633,0.12564433988414256,-0.13133551771793278,0.3733692564421206,0.4993094329624279,0.3106618634540619,0.33752622976067553,0.5259555667214676,0.3080220612456287,0.2658912018982118,0.11120191757252765,0.7063156449573919,0.3396985824463513,0.44226367169493946,0.3237752616367581,0.26322366059836116,0.09849827978312695,0.6523462892176521,0.5090450459563844,0.266099008739748,0.3988840476525421,0.010639630411008934,0.22387823281524036,0.061974249742165415,0.33060938572626614,0.14485135570272017,0.05937587659983181,0.46853255038818004,0.35606053547911476,0.3887935062418618,0.28120735480408554,0.1964603122025348,0.4191524909487573,0.7076384684728403,0.11395631234200318,0.07480275271234867,0.2692973954340322,0.18918617473255162,0.24968362494952312,0.2116575321245011,0.4359712608768096,0.33318176834298885,0.4938074311896981,0.4312734671465106,-0.01227820637643273,0.3872805490490681,0.285388279783796,0.5563083872349777,0.030618467154769777,0.4284734980543544,0.03781716785558585,0.0654457665734337,-0.0312705850747364,0.2935581885640214,-0.15712166269043726,0.4628647001340109,0.5530234230312951,0.03885214772236171,-0.12746232849655534,0.20186506303901963,0.2860030178818865,0.3364169983684254,0.3270588806782542,0.06291889018879068,0.4961688822487064,0.4328814500308039,0.2694491557571866,0.3860684666351382,-0.04983154268013357,-0.08173033720439649,0.5234138251203156,0.05198282352192983,0.2381825747438403,0.507297818546719
Temporal_Pole_Sup_R,0.021164585856220466,0.13755805134041776,0.06075184545941436,0.13033430226729187,0.5868514354002969,0.21200597845044145,0.13202626504552636,0.2588393373724872,1.0,0.13882736822395209,-0.011769757971832915,0.4476229577023938,0.08856690641677846,0.022794054334312138,-0.1662877693446789,0.13701635902840628,0.2543147822407439,0.3056405417916516,-0.1550407109501486,0.28638748961685556,0.1608108276748544,-0.07957136608507683,0.34742410121796446,0.09625129577897286,-0.056615843149247974,0.08876514945290548,-0.06370915084351701,-0.24227373374928984,-0.011292690977430714,0.2677085893334057,-0.033757239595500116,0.13251628700645413,-0.05137600881461706,0.12818859069130836,0.2227436507392554,0.3585823340629705,0.1526882854351893,-0.27624732236300026,-0.3292626725832537,0.2692695721899373,-0.14299721121448336,0.2651673745274422,-0.0020928608610962574,0.4553681089109466,0.23493053288979374,0.28119926847664894,0.25838984523143316,0.07590246779734096,-0.031337599152060865,0.1633999459900148,0.2662128656212886,0.13627813793197913,-0.06952528463103104,0.1875039934780237,0.28866889263997947,-0.09125712191919497,-0.0164799700839216,0.29016566236870683,0.229997994276024,0.2011206342758338,-0.06779353476438336,-0.12406193797789473,0.019182065162879774,0.38052613774081967,0.34200097129792706,0.18684066093957272,0.23161909943551118,-0.06022077726287198,0.0476267608113589,0.3242154130856332,0.09232543432379024,-0.026534936721769323,0.24876432227109946,0.1924785738308038,0.23280216600207815,0.1925800468666388,-0.0781703461706288,0.07867554569430221,-0.00803364563223857,0.23909058150612864,-0.20924019343443873,0.22034466275507458,0.12228749107239419,0.14384491371392058,-0.06243288424570079,-0.04906848142114891,0.12077558203569745,0.04864011214661078,0.16254608027685716,0.21806142436401257,-0.1547780011829719,0.2987422353235839,0.3024027964236524,0.2638297110897775,0.0018417222097541284,0.20174380276618806,0.2058911335756296,0.08279941023755809,0.007863372550073874,0.17363832166254412,0.2602575936389911,0.09963385269112271,0.23936333926611794,-0.3397849673531083,0.037119947101451875,-0.2424179865286683,0.08229315607189269,0.09175795988356222,0.17884708285192896,0.14939144694932835,0.19238018645003993,0.20715474790658467,-0.13639736656574802,0.15625820666169718,-0.15757893938414272,-0.4122178004212384,0.2984455825002683,-0.03167481469626441,0.2324962029889208,0.24328308230682247
Thal_PuL_L,0.32109100750189756,0.30688513616481117,0.07665215608917299,0.4366263101051721,0.3476073526441374,0.3553102833424111,0.3832171184115717,0.35418022577086516,0.13882736822395209,1.0,0.6209892763856981,0.5333795635383074,0.12500753118153213,0.23725050727854047,-0.15414523249195022,0.43171184406515434,0.5655132534168336,0.5907496741264655,0.19143394330973895,0.11186268028103108,0.5672187690837486,0.38658096479778714,0.30101462567808634,0.4593071872656418,-0.1862294654785305,0.11082726504306022,-0.07252617528737162,0.12657500589728266,0.3540067342440159,0.37096515820490666,0.2961964262507297,0.4367637849553184,0.05441549447132888,0.5217770807049318,0.46048186026555393,0.11778154191589674,0.18064532654467202,0.26148709569993467,-0.025527948647725666,0.5718124870819795,0.36721135169831554,-0.009776113420902434,0.19144122136246722,0.4945873086493004,0.46262975216613467,0.38407552175782267,0.20599917055735856,0.18378045149899325,0.22754762918307694,0.40216390946404673,0.6107479782130253,0.4851409222927919,0.2863605448348935,0.6638593159364926,0.25582027191478546,0.492047982771291,0.29025221256995515,0.3980814716720625,0.2372452333897273,0.564874164071311,0.19009826230963564,0.5788258236761487,0.19566181117685363,0.6287656864329326,0.4242979005397338,0.3914152128345674,0.6491132168713573,0.12764943493929973,0.3323925594994423,0.1865917908185873,0.06793969329409509,0.42217474760448315,0.18111190255217213,0.5524436349760469,0.06841050783748184,0.6221696051396756,-0.022778307954712848,0.1999473835871082,0.2555167706730162,0.158193309820895,-0.025717579357328442,0.25709817005014884,0.32803402415778443,0.16862727083130266,0.22995055441630669,0.4969492241800566,0.4868026511568298,0.28746756126878925,0.6497120047729256,0.6542735020552355,0.10177425202766836,0.5412571087084792,0.42734851972058047,0.6243686974587997,0.029792580252422596,0.531730323674243,0.22899256020983333,0.2734237663451065,0.09634147538372889,0.6062141992934654,-0.1289022766290393,0.6901595684482877,0.7372378351114246,0.11707060831626385,0.1409446857457719,0.3560117020003947,0.4443009868899153,0.5348722339611827,0.42781205682045487,0.0812430666731259,0.5287263433021229,0.32798796943824277,0.0030673835191217316,0.5335078262006455,-0.01526488034783292,0.07370755286632558,0.6528371448805131,0.10429247152559812,0.30944837306256695,0.26397505176807756
ACC_sup_L,0.26085900167098547,0.38706376183369096,0.10591218333814947,0.4057679296854352,0.1175701445466386,0.36382749236844153,0.2872994323908689,0.22611536518822417,-0.011769757971832915,0.6209892763856981,1.0,0.4913035947900466,-0.22650347860523978,-0.09118461409379629,-0.17649702277107784,0.5959863362111678,0.39444855680377167,0.6239999621757049,0.17954564981962673,-0.2196746868440879,0.4506753227776922,0.27302405823162323,0.15288313283183333,0.5014280352824851,0.01172026869964884,0.23571494192053655,0.029429604406500484,0.25669006967586006,0.28253346200606405,0.06915487213799902,0.2534607708125548,0.23314522636603133,0.2821918957782387,0.46110643474433927,0.5792675594291425,0.03097066026831165,0.296647023383487,0.3250116510483573,0.09908754911755537,0.6588882384809761,0.41518991091357255,-0.18063654637633456,-0.019351506650308534,0.4302688102433521,0.4461798104032128,0.1518125393208254,0.26186892812716317,0.3105183282820045,0.26487635725795916,0.16688144549996947,0.6243348881445477,0.5350580069301138,0.20132186820723133,0.4931281741163864,0.49427753123275164,0.6829005284642418,0.5121055475529244,0.14750413311002702,0.43430220387042767,0.4621120255220612,0.17654973451293726,0.6793656422966554,-0.1887809423607988,0.46707082522277815,0.24543836114389897,0.6208286876462221,0.6202419482730778,0.038168468453099715,0.5268126398119607,0.08142272306817053,0.12152685381941516,0.25169408761429984,0.24801526906718072,0.6106910592949771,0.1687283887933147,0.5549765301500892,0.02209004611126042,0.39928106267158137,0.07658703986174678,0.24196097062294847,0.03691515971968703,0.31341365177908437,0.11911464564067487,0.5063496280810239,0.11888538318545568,0.4870185950620555,0.4886347016426948,0.16964418493485553,0.5871360734434488,0.7322131360349557,0.6199474687682153,0.5337590968170941,0.45090090269354016,0.5171160909336763,0.13306638504811952,0.647721892612093,0.36309979028104156,0.40397815808376075,0.23227571323181936,0.6283602974409893,-0.11332069232303986,0.5776046098161295,0.613070544443904,0.11240212978274254,0.06287357726068446,0.35404375018112244,0.42707965294368605,0.40078161022706466,0.23743038517603293,0.10342540398732465,0.5104200575644735,0.5843011690394262,0.003371897389285935,0.5641353092109314,-0.2715138252694045,0.29798269576597125,0.6181414835466537,0.4908439514933627,0.1994367911930409,-0.051884528334883544
Cerebellum_8_L,0.28493549648707117,0.42464299404115213,0.19655529831378013,0.37148707677432186,0.529345360082571,0.3937484564767381,0.38214789413027184,0.4568844796491547,0.4476229577023938,0.5333795635383074,0.4913035947900466,1.0,-0.048580192624694166,0.398345739062629,-0.2452376799658063,0.5165811401700139,0.541884001171406,0.700115551894622,0.027638178312292032,0.3911559043457466,0.492503546556308,0.27171284565849196,0.48675580855025485,0.4021554164014387,-0.03226088853033673,0.11197879759590154,-0.06939038763338444,-0.0408565014258913,0.3071068035924629,0.3789932346320827,0.22687272978826586,0.37003589538992293,0.17375068496643983,0.569026511327559,0.3999816829521726,0.40725797597744506,0.36416844300983864,0.2284543623978135,-0.12943085836063514,0.6969591445123324,0.17994301286914466,0.2493442083288635,-0.04262886999446751,0.8380520163243271,0.512489355020812,0.40691666344388416,0.3774183908199912,0.20846418381579324,0.3427359663293946,0.40701298512522627,0.7651074566773475,0.5914951514991053,0.1937652025647328,0.543594271796919,0.4537490926217083,0.5062581186114903,0.25676233677989535,0.5085716512258558,0.4109332044001737,0.6775220940244974,0.2524567469829414,0.5221140957012442,-0.019229921198179806,0.6128628412837053,0.5704159487146834,0.5371498350512918,0.6555545051073547,0.05889812470947405,0.4709473728315621,0.3687859213448279,0.3837530150158733,0.14158361742697656,0.2464794488550833,0.6554484687338734,0.3991732733752831,0.7072088452584834,0.24076267473033447,0.27120194450350305,0.1598530311038967,0.2790055290064368,-0.15924272820204372,0.47165235047020665,0.13600892319238006,0.18008939602692473,0.2992561761938555,0.32805039825479604,0.5578391673367133,0.5278163710642887,0.6000539491168889,0.677033451112286,0.19927853080813263,0.622690617813052,0.6002430478933466,0.6505209539592448,0.005952163509217553,0.6377280384512803,0.5164573015178135,0.5067325767373034,0.12968868586881308,0.533147586894423,0.008316084276076706,0.5745081971555915,0.714685413221622,-0.14597991613139147,0.09167516816099515,0.14234951059397702,0.5158128201808526,0.4418271406255315,0.4103992965399838,0.05310435453081804,0.6060286482450148,0.4743839538618218,-0.10814243255234765,0.5562228583903474,-0.08398918305159746,-0.040500383414827715,0.7185159497647122,0.15944376259521603,0.42712112470029096,0.29075005147254873
OFCant_L,0.2728660361143131,0.1680764562821384,-0.2022042172827286,0.14687693295351562,0.10284985418601078,0.12127352750061993,0.19784377711436807,0.13083381199704366,0.08856690641677846,0.12500753118153213,-0.22650347860523978,-0.048580192624694166,1.0,0.35673031334837885,0.2797643819894213,-0.001666140317176319,0.21728408901871027,-0.0005613436112653723,0.26091529620013226,0.1264455677104476,0.2810101778672949,0.22427817616768847,-0.14170084517379405,0.211263068701898,-0.4455295109893866,-0.22026047779757493,-0.23618348582195828,0.2405780958913144,0.06654139890013726,-0.042089604554573355,0.25567365912063444,0.15608750976458496,-0.18466171112032287,0.21248706625338873,-0.05532060198035841,-0.10064333446051746,-0.08933890606401611,0.07854369144258526,0.0023356835173676737,0.017606858252273514,0.03857199133537098,0.20281593948875395,0.2203251493089972,-0.23799082992263004,0.11417941351770737,0.21084841988188846,-0.11402984018852962,-0.10854921294760655,-0.26224925735051136,0.09508442979577135,0.11962598340827806,0.12354179854315459,0.3250172847577044,0.2038961245796664,-0.05403798032088131,0.06136307846241393,0.10164219821338728,0.08762007221127902,-0.14213575290386252,0.24144038310736105,0.25546498497892717,0.20277764371365367,0.15339518735296165,0.14607782560829685,-0.10738883338762487,-0.14759603515604172,0.066794483738597,-0.07169719611673939,-0.11278613258742695,-0.18405997471195967,0.12408002285555284,0.056073432003965494,-0.010567557453264948,0.00028931981146184386,-0.1494796237809923,0.21149769757662387,0.12384278293723774,-0.2097427728458675,0.35154499524765703,0.09512036432936204,0.2797348966007444,-0.09494313804353609,0.49529173219786965,-0.18758876846016906,0.31990547317383966,0.04404735525076408,-0.13605997651627277,0.3077187640902502,0.21241381720596678,0.02497875672486186,-0.2985440834404624,0.153382569170512,0.14846937921968975,0.13436935723530793,0.0034873910593043837,0.028848414950017703,-0.03596846656623745,-0.11224405887223211,0.007340362505230174,0.10375617483903435,-0.019970487829182888,0.2569100815215037,0.1764515049871333,0.25642252611106897,-0.06419473811263969,0.22794808013505607,-0.04847239520240796,0.15569669910275805,-0.12967049739622696,-0.10866554955957727,0.06636494453800713,-0.017682049471908,0.11715608584474121,-0.05216338384776743,0.28890339343664,0.12331826461282261,0.03929307366768679,-0.23275950256865272,0.07329434647437406,0.060003724512064836
Temporal_Inf_L,0.25208169926592094,0.4295908768312251,0.0018265605975086576,0.14248349496684795,0.23733298093752794,0.12481427359209982,0.19137098942089403,0.1730784908143413,0.022794054334312138,0.23725050727854047,-0.09118461409379629,0.398345739062629,0.35673031334837885,1.0,-0.09063157410707529,0.31855406984508655,0.25426000042023905,0.2565534896233081,0.2735404271793993,0.3757997982647331,0.24736087900958761,0.2338425960558342,0.1488879461570575,0.1585410724911563,-0.18812294776216273,-0.16812215725304686,-0.07508474800293782,-0.06441178792176426,0.17247389698107807,0.09063791369302569,0.3784208753101493,0.17863728703217896,-0.018569778372831445,0.46790686854563435,-0.019631991689404694,0.2007831800627917,0.1784866082721624,0.29197317145309964,0.13424799904172313,0.28651156321760196,0.18346442741571237,0.4050127612959239,0.11378624255511141,0.27023537169407935,0.21637811416299782,0.18191498050268198,0.2643341686671211,0.03442064979281186,0.26641020590547265,0.2847556248685896,0.362387824922427,0.4857831486430586,0.08826959107752311,0.32706040395258135,0.1426394778217653,0.21013816815794734,0.033258279793883266,0.32189000445874916,-0.14841410999617802,0.4541559155945065,0.08804984286919809,0.30537792975155487,0.23361282987267648,0.2970330714812297,0.32941762703541544,0.20279334609523392,0.2750177553066326,-0.1404936146186593,0.27218612221830824,0.10069282632933554,0.3680052209121636,-0.11239740560870273,-0.020197434271002408,0.23464557039702924,0.20746003073870156,0.42931451387340225,0.410902999469038,-0.0722060357912929,0.0711823621863422,0.03549984307839978,-0.07125153760072263,0.262286223962032,0.11106865810701202,-0.20755218776592446,0.5493354988149522,0.27181312627768706,0.1606129169508458,0.45254455903766666,0.2607516932225172,0.21733025800872446,-0.23168132858021293,0.32741022901509675,0.3394898647373145,0.2968934420645291,0.03910603059232466,0.34641409993277666,0.2619807351401455,0.17780494128736865,0.167194186837208,0.2222388191062042,0.05241121566432604,0.39543645376467496,0.40277951559903086,-0.04578416120456593,0.11630306976661105,0.027745907102442506,0.2644301009959168,0.22331489717386255,0.23258918196923303,-0.07879690351588375,0.2779525776990774,0.08800151586017425,-0.16190037319125744,0.3016179728749127,0.4689909155314912,-0.06172138856262732,0.2799936623096763,-0.17964348560314278,0.22049598071491303,0.13682155591348605
Cerebellum_Crus2_L,0.2782328031071564,-0.16985340901778956,-0.31812448695044687,0.1294921076279341,-0.23741308906606257,0.12936176414254935,0.10125206665266902,-0.010478684767532652,-0.1662877693446789,-0.15414523249195022,-0.17649702277107784,-0.2452376799658063,0.2797643819894213,-0.09063157410707529,1.0,-0.2755082830541865,-0.025923121434041227,-0.17239942725818558,0.023882378644632638,0.014653229642059807,0.10250684052527695,0.11919070562847661,-0.29642961041100335,0.10055322805661004,-0.11975701146439291,0.11724851915507757,0.19637508632334844,0.25083094169422226,-0.07869648541438568,-0.06413700602634699,0.13070411650717279,-0.06923374050768484,0.11978850498603358,-0.25940373791545557,-0.14931610154286468,-0.06702613501557189,-0.5863588181000822,0.15148865494340752,-0.11575818156030865,-0.17247828417344196,-0.46749152551541745,-0.09837804576700902,0.25832865631506596,-0.3277734735406607,0.07249066496264962,0.09671648900161851,-0.38277231901235326,0.09151909521949038,-0.33847112216682884,-0.018683461753714135,-0.09340486158883177,-0.24901502464023614,0.26019383593181955,0.10155392762187555,-0.2367221030165202,-0.032948714299435196,0.23542871962152523,-0.15892466550819348,0.13690837779719933,-0.11663704835556066,0.431776524142526,0.033431841385775644,-0.05730238858032077,-0.17155564883898733,-0.38873870997034626,-0.3632327286781163,-0.1075581386015627,0.01412757892058722,-0.2918016848033978,-0.13574894702042625,0.16343001750743338,0.2698716248181719,-0.2525989203503283,-0.03655055762524011,-0.3919110830384552,-0.1012357733322739,0.06953103073942336,0.07847880949741855,0.24414913401681163,0.02286541328590004,0.4669946313691755,-0.053450531092979335,0.10782567207407552,-0.10627772220610653,0.07551929742025777,-0.074662055614007,-0.20359133908329013,0.07585087751955474,0.03777902380261522,-0.1016629892847243,-0.10811249218046522,-0.2855312552256684,-0.2859857670069387,0.02098848001636952,-0.03722730832045781,-0.13978410325639662,-0.24246571504944425,0.02064188994743626,-0.17512519917817262,-0.029809106431211894,-0.12394224177612079,-0.04765702164248562,-0.09467206286259663,0.33774447270230473,-0.3190819226861935,0.2452728672215988,-0.2829416121482594,0.06279871408501485,-0.21729998469451495,0.09315940676542189,-0.03940277237171446,0.004119908361619286,0.25065656726690033,-0.22600789753695147,0.09631931207832164,0.21280784868402633,-0.12932538236464025,0.08075985904879089,0.21499930363342928,-0.048884436065722146
ParaHippocampal_L,0.2148655308226021,0.6112036831457826,0.12273673696766986,0.2826003728693311,0.12822316627523306,0.295633833990716,0.35791863005418095,0.2926653858218802,0.13701635902840628,0.43171184406515434,0.5959863362111678,0.5165811401700139,-0.001666140317176319,0.31855406984508655,-0.2755082830541865,1.0,0.4769594826994882,0.7767215034766212,0.37695733639789364,-0.09110046324673632,0.40776461674238623,0.18937153356848155,-0.028901474792722773,0.4988395168888986,-0.1526294799904951,-0.10414976705930483,0.14165153371510694,0.10700251051249399,0.39282551496976426,0.016727757675074638,0.55871996923417,0.0014133391384082948,0.1451842247368158,0.6256245717787886,0.4756719282979668,0.13103125960131587,0.4864819184142134,0.3818257428504159,0.3340566441355461,0.8531904360079704,0.275747600554263,0.17840590446516477,0.13829704430125656,0.3915012873276623,0.6164651310524469,0.03494096293768,0.6638180175918025,0.2784003513686789,0.478784807773569,0.16788443532384306,0.7025416082311565,0.8783085418759293,0.022853972420639357,0.45692178633370134,0.7976482784383492,0.640485234215759,0.29163206395782865,0.2958323609016525,0.06609223727321467,0.6640087645402166,0.02485830921447072,0.5651757125268433,0.009965912384703493,0.4947263373106905,0.4251690104211242,0.8179139899021363,0.6558480635394133,-0.18557041215509879,0.5894359861863012,-0.004914011894039498,0.2900397790231065,-0.045038558273170395,0.21398926442357744,0.5361917267761757,0.4955975104346715,0.627113579345994,0.23072469914029847,0.15013406645667215,-0.10660209860784332,0.48727309268275737,-0.049521685782716054,0.4752314282646426,-0.0071175737570525225,0.49225586878427796,0.24623317050722018,0.5558625551901663,0.4997801484660876,0.2379032829602808,0.5244133283164578,0.7341820436903435,0.46505291161223394,0.7258587292591393,0.6813574886112482,0.5884910478133433,0.11926143289319795,0.8923774119338428,0.6559978134086376,0.34829095476404304,0.5375665685287824,0.6555076585036782,0.23628588396392497,0.7001824244481937,0.6215051384013351,-0.21221962872775718,0.21358941342709553,0.024055060117617214,0.373415821702583,0.3304268566416606,0.368328665140158,-0.003902016517051747,0.6051736280112988,0.5346707646529444,-0.168737278289805,0.7482771839143053,0.06189176858071996,-0.005323392211347187,0.6247677399565488,0.37633561598703646,0.13355059877721126,-0.1303613201130484
