,Frontal_Sup_2_R,Putamen_R,ACC_sub_L,Occipital_Mid_R,Cerebellum_4_5_L,Angular_L,Frontal_Sup_Medial_R,Thal_VPL_R,Precentral_L,Thal_PuI_R,Occipital_Inf_R,OFCant_L,Cerebellum_3_L,Frontal_Inf_Oper_R,ACC_sup_L,Occipital_Sup_R,Heschl_R,Pallidum_L,Raphe_D,Paracentral_Lobule_R,Vermis_1_2,ParaHippocampal_R,Frontal_Sup_Medial_L,Parietal_Sup_L,OFClat_R,Cerebellum_8_L,Cerebellum_10_L,Precuneus_R,Temporal_Mid_R,VTA_L,Frontal_Inf_Orb_2_R,Postcentral_R,Thal_VA_R,Temporal_Pole_Mid_R,Thal_PuM_L,Cerebellum_Crus2_R,Thal_PuA_R,Thal_PuL_L,N_Acc_R,Rolandic_Oper_L,SN_pr_L,Temporal_Pole_Mid_L,Parietal_Inf_L,Cingulate_Post_L,ACC_sub_R,Cingulate_Post_R,SN_pc_L,Frontal_Mid_2_R,Cerebellum_9_R,Frontal_Sup_2_L,OFCmed_R,Cerebellum_Crus1_L,Vermis_10,Postcentral_L,Paracentral_Lobule_L,Cerebellum_Crus1_R,ACC_pre_L,Thal_PuL_R,Temporal_Pole_Sup_L,Thal_LGN_L
Frontal_Sup_2_R,1.0,0.5483010865386737,0.1442274485214818,0.0063239937261524585,0.5642112367535583,0.2579104883737251,0.8403037581254553,0.6289082813763693,0.712729032982873,0.6389746657115184,0.26423946826244515,0.06136307846241393,0.6880357562652014,0.6055257154422297,0.6829005284642418,0.23300280380153063,0.4859484164649558,0.33486442408754225,0.26384248123084836,0.7551783303072513,0.498091066741512,0.5313289938735275,0.8353441250363828,0.5922794671104958,0.12622365662843457,0.5062581186114903,0.23821571536854405,0.5766793614847833,0.2893923898834969,0.3782084677985331,0.21973734108255388,0.8068439438337986,0.3052731667248651,0.008507101584230028,0.7391305560170237,-0.053459836404261316,0.5332208122372103,0.492047982771291,0.17239776486560718,0.3313492365149424,0.3444178345521705,-0.04288602883636826,0.5315464577582014,0.6589618017531984,0.08041768680031693,0.7022270671921191,0.3910926324380378,0.81423999846605,0.5378759017903545,0.792815145630751,0.46702413524509245,0.14347304400883593,0.46747927193719585,0.7377109038534103,0.7278461891801701,0.4829338228073291,-0.013076933606172125,0.401142126731551,0.09080969854907683,0.4964231079599033
Putamen_R,0.5483010865386737,1.0,0.24703994959617637,-0.22007126263807134,0.12910308753425184,0.02020562101891148,0.5044372540512321,0.3961031739102262,0.12698686270670978,0.47425442502268506,0.027489002396616037,-0.03646915164531238,0.20131333793157796,0.5551928451248879,0.39660557827822657,-0.18200050560597145,0.6349766465037294,0.18090822641249552,0.15083336708995795,0.24436457423504027,-0.01530279493428201,0.23569238316215843,0.45376968847797733,0.08591534893443536,-0.0012526518462259552,-0.04114242608297233,-0.09982604826194835,0.07288282410169446,0.14387580660011134,0.18329492323809912,0.016886870300056925,0.31275515586412617,0.3929017972656752,-0.08139495653131862,0.2768780305786317,-0.1294461822667172,0.3407692234049571,0.1346475756633781,-0.0021423183706187694,0.1428216435967243,-0.022834857991491368,-0.19305763595486897,0.14825363419984716,0.1818458841999476,0.08291360533394979,0.16287197052500454,0.0429505028436624,0.22964255253316063,0.14390135684001049,0.29351988662846373,0.14202038170298037,-0.14245394955899277,0.17379453382168294,0.1752869952798231,0.18272505312703263,0.17193733131178335,0.04304512162823104,0.0052136847855590585,-0.013878282915890319,0.19582419619563232
ACC_sub_L,0.1442274485214818,0.24703994959617637,1.0,-0.017622054124446524,0.10397814717261049,-0.1245112496336372,0.12735350805718312,0.24886780852630355,0.12321159367987303,0.11396060093279836,0.19177505249797927,0.0034873910593043837,0.10174510399299548,0.17624319673046382,0.13306638504811952,0.10991807236193434,0.31643541478219883,-0.09492072442939767,-0.09660566703464828,0.1818380148819795,0.010839434032046338,0.2984284324500084,0.15762182248037762,0.10154402424951642,-0.09298744225133493,0.005952163509217553,0.13582231463929065,0.13605655463486271,0.29179539790566617,0.09662182994195043,0.06400316327445894,0.2386284457293329,0.22504681371460028,-0.15226639584469107,0.08757961484567175,-0.13924733026966063,0.1586068985014809,0.029792580252422596,0.03508353369230387,0.030438828170187497,0.1365610905589766,-0.13467852802600416,0.0408931481000323,0.17531398633959833,0.012756169803894346,0.12450061459920665,0.16362156762599936,0.13801492087896183,0.22859872082422641,0.05642934692656904,-0.007627330545048645,-0.06650658600628027,0.2139892307568835,0.1338752522576792,0.13452018921308856,0.1094405309342062,0.03703694732118085,-0.012466182858090548,0.05770058832840883,0.1805535853545836
Occipital_Mid_R,0.0063239937261524585,-0.22007126263807134,-0.017622054124446524,1.0,0.2748509575709457,0.37383756884062863,0.02089656224757794,0.26225286192967284,0.21518893565188366,0.03045391568317344,0.48288783290447485,0.060003724512064836,0.1922140633342154,0.2486028730602089,-0.051884528334883544,0.7192991783566345,-0.03485175584730475,-0.22372590034702972,0.548600826898322,0.29071437386833027,0.33130005459904754,0.22947088078307967,0.03747888202890109,0.3649314221628837,-0.3885143077622689,0.29075005147254873,0.47284654710658547,0.38061964946285753,0.542981961377765,-0.235478263057587,0.3512933562874917,0.27553481890964243,-0.10521537194390722,0.03833638371362734,0.2235845438560932,0.4462961149430688,-0.08643335885289238,0.26397505176807756,0.17296307650658582,-0.408693853561564,0.03022686259143483,0.26085852033163953,0.2796917319611331,0.29104268030978253,-0.0740615506820141,0.31337598063011374,0.16250715428476772,0.12221645270369795,0.041612888951951726,0.2767541451166682,0.22611487447351566,0.29245398350931107,-0.17946096691984845,0.04305243814086758,0.29251670604400537,0.36324967336985964,-0.10894031413625718,0.19416600724993505,0.16721021633227273,0.09836816810420775
Cerebellum_4_5_L,0.5642112367535583,0.12910308753425184,0.10397814717261049,0.2748509575709457,1.0,0.32338702843492695,0.5039526867715095,0.4709495652069255,0.7375314853178596,0.51603142622931,0.3474785988044335,0.11417941351770737,0.8079003142633108,0.2843270575436878,0.4461798104032128,0.5578060828240984,0.3223927785678351,0.22178324006955996,0.3397099821204746,0.6131686606998856,0.5126540671554678,0.5487174940303673,0.5575966646243637,0.6835236386398368,0.0962223165859122,0.512489355020812,0.10931344839889,0.7417610025354432,0.36783015666994695,0.1490469349883562,0.05126306348922218,0.6806781890336073,0.0242368286390209,0.09346658366122745,0.6779193296678723,0.23262201593838056,0.47094138842672506,0.46262975216613467,0.12663358985535134,0.3784856451317172,0.13569614475670916,0.10037941520586796,0.5940420167986022,0.6588885012993476,0.08822579489574224,0.6709967048740524,0.36286850016307265,0.6397843191431732,0.48280134717451173,0.6780348864655045,0.431363632631788,0.17538577652207143,0.18287575955331833,0.7531685917200708,0.6853527292125832,0.4018047899002732,0.0681668926061932,0.3745407855381844,0.032302457066371956,0.3561245990748274
Angular_L,0.2579104883737251,0.02020562101891148,-0.1245112496336372,0.37383756884062863,0.32338702843492695,1.0,0.12876312341517254,0.06697639324799243,0.4145362188912048,0.1005217624945325,0.328257549169247,-0.12967049739622696,0.37080892790814396,-0.03320367652923227,0.23743038517603293,0.4964014214544665,-0.12284944228928989,0.2377217379277385,0.2929573012749157,0.4147061162978762,0.41516314194540754,0.05251901568523948,0.3723431411794516,0.492980558585745,0.11490793466437611,0.4103992965399838,0.10246850395899568,0.4441701306351673,-0.0255513264372985,0.1787730286419482,0.2535377852125399,0.23186360113903323,0.19700949161937267,0.02990354689791448,0.36301970270368733,-0.0024585029509960814,0.18064468426583924,0.42781205682045487,0.2869065001840266,0.1305235849577935,0.175739921961324,0.08891166859079248,0.5099556644693901,0.2140472124392512,-0.13662349018793937,0.36210917045804986,0.16800601867079298,0.3683137817108133,0.3287564922801708,0.322686179459869,0.14009669268903152,0.25517145013238857,0.1873988347680961,0.3599032209451398,0.4247142730500047,0.13189255099042657,0.05945749699107094,0.17448189329084907,0.379898039846749,-0.14280661689283308
Frontal_Sup_Medial_R,0.8403037581254553,0.5044372540512321,0.12735350805718312,0.02089656224757794,0.5039526867715095,0.12876312341517254,1.0,0.590738778316644,0.6271806687429015,0.64306797221916,0.24991253841024616,0.20277764371365367,0.6514974811611688,0.6673304022060426,0.6793656422966554,0.1586366803429423,0.4069834104631891,0.24477905702299654,0.33358903608806273,0.7386938562492793,0.46646523239301,0.45969552594238133,0.8384745059408608,0.5508511172277039,0.0854077141812094,0.5221140957012442,0.2014001765605012,0.49895042847866317,0.30425003111881765,0.2945146350513776,0.0947132575175084,0.774856888954589,0.1647059020948089,0.05416371269776093,0.7567740460652849,0.057417953506217465,0.48204243162742016,0.5788258236761487,0.14662258510859782,0.2500306541302529,0.33606035249409294,-0.03192323132691759,0.49471668721772266,0.6658255253435765,0.1605574596471524,0.7243339552541731,0.37838539743689253,0.7059738173679027,0.46045306668590197,0.7578501187424881,0.5009735820121688,0.14399690920634736,0.4264425278417068,0.6594674250847742,0.7293511800797924,0.5711546384477921,0.02003305798783513,0.47033674900771355,-0.02087840459198909,0.5434777513753937
Thal_VPL_R,0.6289082813763693,0.3961031739102262,0.24886780852630355,0.26225286192967284,0.4709495652069255,0.06697639324799243,0.590738778316644,1.0,0.536058582280711,0.6997059139216097,0.3373845071664355,0.14687693295351562,0.5105329771161871,0.7315259526383789,0.4057679296854352,0.32651587539909277,0.6032915776461695,0.08138106526295194,0.4345164888581978,0.687839189263789,0.5879514263147371,0.7813605990828679,0.5390646745193985,0.4371069315849582,-0.3038908405172152,0.37148707677432186,0.48450506574781804,0.6171062860056779,0.545753185230149,-0.06915312005378431,0.49431685127374,0.7723003380711606,0.22927969487902072,-0.057432847130747054,0.6234497223838206,0.3955026002810056,0.5274731147729255,0.4366263101051721,0.10238119208526195,-0.08956370513421374,0.21859146062221804,0.23541910735021773,0.4335774811386046,0.7210008037770607,0.0633353996559131,0.6184494516808301,0.4528513365688335,0.6100393492010249,0.41319111423648336,0.6813099155845771,0.39219933005823254,0.2163343139579595,0.2848083357174973,0.46487215219969774,0.7068225614708917,0.47332549552248043,-0.1358872889749651,0.44938125943015933,0.09630279444838576,0.7020620956914091
Precentral_L,0.712729032982873,0.12698686270670978,0.12321159367987303,0.21518893565188366,0.7375314853178596,0.4145362188912048,0.6271806687429015,0.536058582280711,1.0,0.5925765645763379,0.4062451193402897,-0.0005613436112653723,0.8648290372090847,0.300599111427902,0.6239999621757049,0.5091827643973815,0.1803522506381565,0.4825775304803084,0.3578883269443967,0.8460316598049608,0.7168521331104463,0.5219860783702054,0.7705891476450694,0.6713826626442803,0.2165602014485307,0.700115551894622,0.30111060584400434,0.7678687987422845,0.19526643053812398,0.28211791297262656,0.22987364858327008,0.8033388917164235,0.21974189608804715,0.0977236456748275,0.8245905994259629,0.0920194839641769,0.487659003968291,0.5907496741264655,0.22002033781061123,0.47372521694509795,0.35673742162623445,0.12033765443475128,0.643120649600253,0.7412022276631792,-0.015966270721820372,0.8322078921353173,0.4359423245597646,0.8930920138296464,0.6449926593252413,0.785537588564249,0.48138850363667507,0.2668923246208004,0.4654896132574643,0.9402809734525786,0.8784316949663625,0.4584921431057231,-0.07278173666181012,0.5343108233249851,0.29761850287818076,0.39012711223404656
Thal_PuI_R,0.6389746657115184,0.47425442502268506,0.11396060093279836,0.03045391568317344,0.51603142622931,0.1005217624945325,0.64306797221916,0.6997059139216097,0.5925765645763379,1.0,0.21581128884321907,0.211263068701898,0.5850286909312573,0.56058807277964,0.5014280352824851,0.13616321898683573,0.4966600782577218,0.4492408630472547,0.3938779366161854,0.6197749875624209,0.4371625460099146,0.4766193800497835,0.6158304651017054,0.3898031442167247,0.016245632862670153,0.4021554164014387,0.0960273490304413,0.47469574756572197,0.2353696919240497,0.054780342075315916,0.20330302117545182,0.6662268822343508,0.20174862380954356,0.19464972215856424,0.6686297204315905,0.16873682990324276,0.5354864389464626,0.4593071872656418,0.09870031684621632,0.2880304600351685,0.20812036542405524,0.22302295038921857,0.3698534329256014,0.6142674317322033,0.12913331052714572,0.6090786855130997,0.2505229055094926,0.61625294184417,0.47649439293412144,0.6408005237808745,0.3226373911077804,0.19996543844055978,0.4328408888569261,0.6152571276650706,0.6300624413584704,0.36499521524689993,-0.08919935258324511,0.3911366383306268,0.10208605346796551,0.550564989010339
Occipital_Inf_R,0.26423946826244515,0.027489002396616037,0.19177505249797927,0.48288783290447485,0.3474785988044335,0.328257549169247,0.24991253841024616,0.3373845071664355,0.4062451193402897,0.21581128884321907,1.0,0.09508442979577135,0.3648704916015068,0.28101606891258124,0.16688144549996947,0.5168859650942383,0.13381691607116317,-0.023602898247352882,0.3754970458251959,0.4664641124481754,0.41633267923765716,0.4047153040992468,0.35904724933767074,0.39509049976812805,-0.11771573986744446,0.40701298512522627,0.38117385435594314,0.45417058616603706,0.4326092623592499,-0.042503610856082334,0.3325762183164275,0.43880256232181586,0.04234190707279283,-0.054286038768544445,0.43489877456420506,0.1594912038716822,0.19098532517440786,0.40216390946404673,0.20026981848126513,-0.11753903750560983,0.1533136916181228,0.17691593573077435,0.33828483566810325,0.46580851253526573,0.031815919368465145,0.469091530234266,0.31160318455872454,0.4007135438715856,0.3363705055456022,0.3520105578589334,0.31024626138077754,0.2286596385229291,0.15285186027715308,0.3026728549723673,0.4333588557086503,0.43729468266803995,0.10747603896062972,0.35118329301062257,0.2554053413705104,0.16480161118436812
OFCant_L,0.06136307846241393,-0.03646915164531238,0.0034873910593043837,0.060003724512064836,0.11417941351770737,-0.12967049739622696,0.20277764371365367,0.14687693295351562,-0.0005613436112653723,0.211263068701898,0.09508442979577135,1.0,0.19071444119774889,0.22794808013505607,-0.22650347860523978,0.12337474370001075,0.2405780958913144,-0.11332864767661771,0.15608750976458496,0.066794483738597,-0.09899383001513769,0.12127352750061993,-0.011557502380022691,0.19008491492849522,0.007340362505230174,-0.048580192624694166,-0.14170084517379405,0.10690753042741799,0.35154499524765703,-0.2985440834404624,-0.18405997471195967,0.1363308635958172,-0.38463703001714156,0.20281593948875395,0.2569100815215037,-0.05370562720408642,0.25567365912063444,0.12500753118153213,-0.010567557453264948,-0.15847585023431654,-0.11224405887223211,0.18915026562029708,-0.13605997651627277,0.2038961245796664,0.2797348966007444,0.1764515049871333,0.12408002285555284,0.02497875672486186,0.14846937921968975,0.00028931981146184386,-0.04847239520240796,0.10284985418601078,0.1680764562821384,0.017606858252273514,0.03929307366768679,0.3077187640902502,0.28890339343664,0.19767797005941398,-0.1958353995262995,0.2728660361143131
Cerebellum_3_L,0.6880357562652014,0.20131333793157796,0.10174510399299548,0.1922140633342154,0.8079003142633108,0.37080892790814396,0.6514974811611688,0.5105329771161871,0.8648290372090847,0.5850286909312573,0.3648704916015068,0.19071444119774889,1.0,0.33753203364851314,0.5735258249183511,0.496084830613104,0.3022005379975308,0.3976984809587722,0.35665974172864595,0.7687007436098949,0.6019010515038404,0.431020082545896,0.7165278184408505,0.6764293164453693,0.2574245719238167,0.5494742674207778,0.10428996961517248,0.7369107726651095,0.27422165024957024,0.267781252441739,0.09467197856120137,0.7540602495087659,0.15329631939883104,0.1289404191831294,0.8628690159262011,0.05042556942545533,0.562694714819072,0.5694232239638666,0.13824402802234192,0.47925064131904865,0.22367900209562683,0.09633762207647328,0.6056236939147704,0.7260758463026732,0.08029247384638562,0.7907641800290438,0.41289069334851736,0.8036527644996481,0.5925970763983076,0.7154952802667489,0.4020567589415775,0.15376886419894173,0.43538751242736695,0.8599944376577303,0.7901980091557367,0.4840908271733794,0.056593542849579966,0.48951967652250616,0.14574385527104805,0.38095038031331513
Frontal_Inf_Oper_R,0.6055257154422297,0.5551928451248879,0.17624319673046382,0.2486028730602089,0.2843270575436878,-0.03320367652923227,0.6673304022060426,0.7315259526383789,0.300599111427902,0.56058807277964,0.28101606891258124,0.22794808013505607,0.33753203364851314,1.0,0.35404375018112244,0.1918300573878825,0.7011374758163357,-0.08362692722820154,0.4815397509890545,0.532721080174057,0.2578760847929511,0.5746656140967562,0.4111615240783144,0.2962442101325152,-0.42172011346906463,0.14234951059397702,0.3365506617125151,0.4502107552217038,0.6354345135141808,0.010831589562324037,0.2574726970187676,0.6606470562878601,0.11888083650111561,-0.19427704336425605,0.5033780666936872,0.3628918187108349,0.3303792709245092,0.3560117020003947,0.06545584648629482,-0.3331528751804512,0.10091388545172927,-0.008416761447021123,0.2966000366592601,0.5890538033667799,0.2472051090680752,0.48206112942116053,0.3061556473840109,0.4208053181379305,0.18462420421738948,0.5465928328348466,0.28685107123611636,0.07965939381828206,0.10674463454753431,0.23268992299361035,0.509883264833824,0.5551289138903929,-0.08487625284214034,0.24003825520621044,-0.05831557772159977,0.6045500493536987
ACC_sup_L,0.6829005284642418,0.39660557827822657,0.13306638504811952,-0.051884528334883544,0.4461798104032128,0.23743038517603293,0.6793656422966554,0.4057679296854352,0.6239999621757049,0.5014280352824851,0.16688144549996947,-0.22650347860523978,0.5735258249183511,0.35404375018112244,1.0,0.08953198959404547,0.25669006967586006,0.5179766864547338,0.23314522636603133,0.6202419482730778,0.3931432249813683,0.36382749236844153,0.6920191025029979,0.40375707124675636,0.23227571323181936,0.4913035947900466,0.15288313283183333,0.41031904059151414,0.07658703986174678,0.6199474687682153,0.08142272306817053,0.605736595247854,0.30608746391861236,-0.18063654637633456,0.5776046098161295,-0.022616865465187586,0.2534607708125548,0.6209892763856981,0.24801526906718072,0.4377207047669437,0.40397815808376075,-0.25968883854322417,0.4886347016426948,0.4931281741163864,0.03691515971968703,0.613070544443904,0.12152685381941516,0.7322131360349557,0.45090090269354016,0.6106910592949771,0.42707965294368605,0.1175701445466386,0.38706376183369096,0.6588882384809761,0.6181414835466537,0.16964418493485553,-0.2715138252694045,0.31852875319194496,0.29641773292551127,0.26085900167098547
Occipital_Sup_R,0.23300280380153063,-0.18200050560597145,0.10991807236193434,0.7192991783566345,0.5578060828240984,0.4964014214544665,0.1586366803429423,0.32651587539909277,0.5091827643973815,0.13616321898683573,0.5168859650942383,0.12337474370001075,0.496084830613104,0.1918300573878825,0.08953198959404547,1.0,0.07818253874010245,-0.05028490538907468,0.444889436559919,0.48619037339381727,0.4780322319220686,0.3430804675362456,0.2609623492136265,0.6252464988694239,-0.14172480848899827,0.45838659573877255,0.4321114088819694,0.7149583825198836,0.5215493803731426,-0.06452911847886393,0.27202734461953054,0.49407711146677674,-0.08086121864619122,0.06268418446784199,0.4168015524660679,0.1988085747014259,0.15644577579621494,0.3791182694565788,0.22125044667892177,-0.08535966885092831,0.2181201449665609,0.14305435037566105,0.4375746366929166,0.5408703596428603,-0.08103107899455106,0.5672829301740111,0.3932120540103442,0.42433813110500673,0.31220355819758244,0.38603338685325217,0.3574718987769778,0.29258859533450465,0.1864692226376898,0.41050226728724065,0.5111659649543966,0.4479458898811044,-0.029109181318046216,0.3763341255277288,0.2338157267593918,0.20898360715087352
Heschl_R,0.4859484164649558,0.6349766465037294,0.31643541478219883,-0.03485175584730475,0.3223927785678351,-0.12284944228928989,0.4069834104631891,0.6032915776461695,0.1803522506381565,0.4966600782577218,0.13381691607116317,0.2405780958913144,0.3022005379975308,0.7011374758163357,0.25669006967586006,0.07818253874010245,1.0,-0.07296059987898561,0.15544797943541752,0.319782002925748,-0.002774780170704254,0.5653312337631548,0.24610652023000062,0.21421599510421338,-0.2560848546532082,-0.0408565014258913,0.04551771070511886,0.3187533419587454,0.581192696550865,0.06641141678545319,0.05670952378198266,0.49733818027125704,0.20052722559194694,-0.20055464786287164,0.31751848742578637,0.07341003139212726,0.35579560780174385,0.12657500589728266,-0.016811526083877606,-0.12637149406406842,0.009069777183697843,-0.1582678731408927,0.1500583994342102,0.3581613467383393,0.24275303534915804,0.22290966801079753,0.177084277378281,0.30227600716375996,0.247060763803743,0.27155768943043657,0.10675572581599778,-0.09426707158258739,0.13718976457245505,0.1841792447231933,0.25192139444726463,0.313983334787983,-0.0803662046325297,0.03605414042327308,-0.08468367462303568,0.3831457878715058
Pallidum_L,0.33486442408754225,0.18090822641249552,-0.09492072442939767,-0.22372590034702972,0.22178324006955996,0.2377217379277385,0.24477905702299654,0.08138106526295194,0.4825775304803084,0.4492408630472547,-0.023602898247352882,-0.11332864767661771,0.3976984809587722,-0.08362692722820154,0.5179766864547338,-0.05028490538907468,-0.07296059987898561,1.0,0.10494777311716459,0.3163688951771252,0.3251189530548141,-0.07049694089069272,0.4086450599499639,0.15550793762286488,0.4902876954003222,0.38979852315816665,-0.09756152050530074,0.16175171171109465,-0.38669315907065177,0.4037392885454005,0.009529626672062044,0.23734558237245656,0.20008866935097291,0.23437673473055826,0.3064005401206249,-0.18498985408789667,0.08904248044751326,0.299243213124282,0.1512454494539421,0.6528960759935217,0.21415438690610428,0.09828011154690308,0.21818676228317577,0.1793806770810178,-0.020490552300783327,0.36524960983192534,-0.11540772612382345,0.5031443378424739,0.37457839236278156,0.303034863033045,0.11900760942635785,0.2511710719185251,0.4347580325655299,0.5446805553082025,0.33872264083160075,-0.0720124535917324,-0.25395136450311717,0.0810435583836585,0.38712397571665136,0.043584544180426066
Raphe_D,0.26384248123084836,0.15083336708995795,-0.09660566703464828,0.548600826898322,0.3397099821204746,0.2929573012749157,0.33358903608806273,0.4345164888581978,0.3578883269443967,0.3938779366161854,0.3754970458251959,0.15608750976458496,0.35665974172864595,0.4815397509890545,0.23314522636603133,0.444889436559919,0.15544797943541752,0.10494777311716459,1.0,0.43002101221929295,0.46140311442313475,0.28431471432227307,0.2989868417469213,0.31092203623183695,-0.3084968406231596,0.37003589538992293,0.3789838311772146,0.4299836022338485,0.3705509130921588,-0.1813957560462991,0.27445350056859996,0.4347886852040637,0.026526265285705224,0.06570898449688116,0.428411540574192,0.47992346512846507,0.08945656353817351,0.4367637849553184,0.18813851237800747,-0.1870290524752424,-0.03631018793826308,0.30070288338594875,0.43107178307756644,0.48983710766234717,0.017291768947340656,0.4977800330876483,0.15059648886484267,0.30766766620826475,0.12369606966270771,0.4694818242504618,0.2975414905494793,0.30727014066670855,-0.006358519679853532,0.2369211417054054,0.4904477357823997,0.3705605710372702,-0.05874169392247659,0.40356171111785805,0.253521504482955,0.2571900096707973
Paracentral_Lobule_R,0.7551783303072513,0.24436457423504027,0.1818380148819795,0.29071437386833027,0.6131686606998856,0.4147061162978762,0.7386938562492793,0.687839189263789,0.8460316598049608,0.6197749875624209,0.4664641124481754,0.066794483738597,0.7687007436098949,0.532721080174057,0.6202419482730778,0.48619037339381727,0.319782002925748,0.3163688951771252,0.43002101221929295,1.0,0.7039238332913751,0.6195659769895254,0.769339896697358,0.6758054446401484,0.033258434683444554,0.6555545051073547,0.4481774234515284,0.7659542614942475,0.3728375734695407,0.2415751219414509,0.3175580395971187,0.9105668543090475,0.1625689510400188,0.03757503761817549,0.8143652725437889,0.11292388273198524,0.5232365125639542,0.6491132168713573,0.2529496693862456,0.18173804915797903,0.3856292482378259,0.1422865028961322,0.7001352183753552,0.7644488884502931,0.003792226353389242,0.8207957897870555,0.44308989690754075,0.8499089115509392,0.620275250174153,0.7754891886972511,0.46538687835699377,0.3224325401542635,0.487741981731814,0.791660543754406,0.9187075217900156,0.57738947509209,-0.08343514414351473,0.5220630305525547,0.29749965242111553,0.4957775912547222
Vermis_1_2,0.498091066741512,-0.01530279493428201,0.010839434032046338,0.33130005459904754,0.5126540671554678,0.41516314194540754,0.46646523239301,0.5879514263147371,0.7168521331104463,0.4371625460099146,0.41633267923765716,-0.09899383001513769,0.6019010515038404,0.2578760847929511,0.3931432249813683,0.4780322319220686,-0.002774780170704254,0.3251189530548141,0.46140311442313475,0.7039238332913751,1.0,0.4678319106505508,0.6516942926567426,0.5270474893300248,-0.0898213742470233,0.7252169034349066,0.5668930786503212,0.62669160360637,0.1001665251879648,0.050181779573948065,0.6197762203791877,0.6484494218595084,0.2671787519682895,0.1649725811242824,0.6143277748460259,0.3669126745442946,0.30813039215733956,0.45089087695886937,0.23767871368935362,0.23552820951687525,0.3246729091004612,0.4946274315954815,0.5631986727254296,0.6166384486776283,-0.15687145328526034,0.6899715865223024,0.462565650719516,0.6494831906951364,0.5676150686232078,0.7511346996101352,0.4526826064353111,0.35490939423179124,0.3557644808140939,0.6474029014554734,0.8228093344446765,0.3935016501311785,-0.11653237876222712,0.48749691503897574,0.330302311715305,0.40290920432209865
ParaHippocampal_R,0.5313289938735275,0.23569238316215843,0.2984284324500084,0.22947088078307967,0.5487174940303673,0.05251901568523948,0.45969552594238133,0.7813605990828679,0.5219860783702054,0.4766193800497835,0.4047153040992468,0.12127352750061993,0.431020082545896,0.5746656140967562,0.36382749236844153,0.3430804675362456,0.5653312337631548,-0.07049694089069272,0.28431471432227307,0.6195659769895254,0.4678319106505508,1.0,0.4175735525823247,0.47470799384258544,-0.2885601233708172,0.3937484564767381,0.5367393790613161,0.6507477045080191,0.6087136604921642,-0.007418730512914448,0.37051576459899277,0.7381892341131314,0.06947484459195796,-0.16043261870132655,0.5338455726950264,0.31087574234829324,0.449459579623282,0.3553102833424111,0.20819920520795968,-0.11467338594458461,0.23966128337650514,0.07360346315269821,0.44814633762931805,0.6502947111017976,0.054669363590638495,0.5767172311363515,0.4632223324651129,0.5639468229976868,0.5137307050953923,0.590897956866242,0.41160363054185156,0.2469107357647376,0.2272123135683558,0.45218680391668564,0.6324204559406218,0.4547711255657773,-0.09392384655735778,0.4139094119713013,0.17827310737589666,0.6171854088275137
Frontal_Sup_Medial_L,0.8353441250363828,0.45376968847797733,0.15762182248037762,0.03747888202890109,0.5575966646243637,0.3723431411794516,0.8384745059408608,0.5390646745193985,0.7705891476450694,0.6158304651017054,0.35904724933767074,-0.011557502380022691,0.7165278184408505,0.4111615240783144,0.6920191025029979,0.2609623492136265,0.24610652023000062,0.4086450599499639,0.2989868417469213,0.769339896697358,0.6516942926567426,0.4175735525823247,1.0,0.5654475665555364,0.20176708226496845,0.6650358905122142,0.22199331043402037,0.5546946699481647,0.10461927797566692,0.32025326393239023,0.25766917049331806,0.7299907247779673,0.3537399259137299,0.11399686724636715,0.7540139181031742,-0.022231855140097727,0.5075895069729406,0.5906656990191599,0.1756129830305619,0.4584024334769894,0.37307395637854296,0.08089631364506572,0.5540590899713276,0.6399202611572141,-0.006520837844998015,0.739726013465332,0.40113000766051604,0.7875780535553187,0.5978129509224162,0.8180630679866102,0.499304930015746,0.12300695352202788,0.5442482386385257,0.7855778131306238,0.7900956388485608,0.4502387674565561,0.07055946980591497,0.49214148138373315,0.10940875206552586,0.42155791573105716
Parietal_Sup_L,0.5922794671104958,0.08591534893443536,0.10154402424951642,0.3649314221628837,0.6835236386398368,0.492980558585745,0.5508511172277039,0.4371069315849582,0.6713826626442803,0.3898031442167247,0.39509049976812805,0.19008491492849522,0.6764293164453693,0.2962442101325152,0.40375707124675636,0.6252464988694239,0.21421599510421338,0.15550793762286488,0.31092203623183695,0.6758054446401484,0.5270474893300248,0.47470799384258544,0.5654475665555364,1.0,0.12460924946956065,0.6142003401068679,0.32877000387714017,0.6967018436484301,0.4236345257689034,0.22847085662208888,0.11665797463112383,0.7020476870960274,-0.031133159958310175,0.09090632684507287,0.6965140439478985,-0.04872866129596152,0.4111529763801197,0.49865785609260393,0.31597437025331576,0.2564691931063674,0.3633327069026799,0.04792944684870199,0.704613918176555,0.5711611872533051,-0.05416247763064922,0.7126884838975017,0.41610907184940293,0.6384553106331783,0.5541916631610723,0.5577706823402074,0.4745223653426446,0.2852194095541951,0.39933996704523694,0.6941905420227255,0.6821371305130495,0.5664802179680293,-0.002062513683376495,0.41165903086045347,0.21477181311408008,0.3101324896975581
OFClat_R,0.12622365662843457,-0.0012526518462259552,-0.09298744225133493,-0.3885143077622689,0.0962223165859122,0.11490793466437611,0.0854077141812094,-0.3038908405172152,0.2165602014485307,0.016245632862670153,-0.11771573986744446,0.007340362505230174,0.2574245719238167,-0.42172011346906463,0.23227571323181936,-0.14172480848899827,-0.2560848546532082,0.4902876954003222,-0.3084968406231596,0.033258434683444554,-0.0898213742470233,-0.2885601233708172,0.20176708226496845,0.12460924946956065,1.0,0.12968868586881308,-0.45337650487035824,-0.07869202885546374,-0.37767464602461237,0.39760459181181596,-0.4840750707726552,-0.06523601382143938,-0.07065859939823828,0.2295425079253078,0.14741284515755268,-0.6041881648165455,0.14907030831255308,0.09634147538372889,0.09251263462584647,0.6593672526527166,0.250806903248636,-0.1899048090305981,0.010488971587256703,-0.026727348277663425,-0.04919178828882475,0.1225864462261292,0.009496268837829459,0.256144570735445,0.1921276287220713,-0.12138327009520902,0.04052921388517169,0.014440642990763872,0.35194584428646963,0.34112755655529525,-0.054547221569156715,-0.11098827182614254,0.1675963706000272,0.04414739595758556,0.12651968507562242,-0.2556690332310215
Cerebellum_8_L,0.5062581186114903,-0.04114242608297233,0.005952163509217553,0.29075005147254873,0.512489355020812,0.4103992965399838,0.5221140957012442,0.37148707677432186,0.700115551894622,0.4021554164014387,0.40701298512522627,-0.048580192624694166,0.5494742674207778,0.14234951059397702,0.4913035947900466,0.45838659573877255,-0.0408565014258913,0.38979852315816665,0.37003589538992293,0.6555545051073547,0.7252169034349066,0.3937484564767381,0.6650358905122142,0.6142003401068679,0.12968868586881308,1.0,0.48675580855025485,0.5562550030755455,0.1598530311038967,0.19927853080813263,0.3687859213448279,0.6360685208577594,0.1612165871613501,0.2493442083288635,0.5745081971555915,0.11096253337394606,0.22687272978826586,0.5333795635383074,0.2464794488550833,0.36542703540780636,0.5067325767373034,0.31812383847986336,0.5578391673367133,0.543594271796919,-0.15924272820204372,0.714685413221622,0.3837530150158733,0.677033451112286,0.6002430478933466,0.6554484687338734,0.5158128201808526,0.529345360082571,0.42464299404115213,0.6969591445123324,0.7185159497647122,0.5278163710642887,-0.08398918305159746,0.5051781997683277,0.402416626021447,0.28493549648707117
Cerebellum_10_L,0.23821571536854405,-0.09982604826194835,0.13582231463929065,0.47284654710658547,0.10931344839889,0.10246850395899568,0.2014001765605012,0.48450506574781804,0.30111060584400434,0.0960273490304413,0.38117385435594314,-0.14170084517379405,0.10428996961517248,0.3365506617125151,0.15288313283183333,0.4321114088819694,0.04551771070511886,-0.09756152050530074,0.3789838311772146,0.4481774234515284,0.5668930786503212,0.5367393790613161,0.22199331043402037,0.32877000387714017,-0.45337650487035824,0.48675580855025485,1.0,0.38362883388731067,0.3783109068905646,-0.1941183025786079,0.6298503057768714,0.4971694856254176,0.01924586601677191,-0.057699458278474884,0.21461679066489442,0.36151591484228274,0.00038673131901413723,0.30101462567808634,0.18310426793901896,-0.3022442325135577,0.22866527165635242,0.2915379041076604,0.36454245797472173,0.39531178412583606,-0.28848149247145355,0.4026443893563105,0.2669337966313732,0.3143925012456986,0.2812524409567394,0.4172281789661987,0.42890664546253193,0.4328101621186236,0.0772442792728175,0.1894825631192501,0.4941117784165993,0.4031952427754622,-0.24851847413755945,0.33435739851281165,0.4007670311645578,0.36186171578327825
Precuneus_R,0.5766793614847833,0.07288282410169446,0.13605655463486271,0.38061964946285753,0.7417610025354432,0.4441701306351673,0.49895042847866317,0.6171062860056779,0.7678687987422845,0.47469574756572197,0.45417058616603706,0.10690753042741799,0.7369107726651095,0.4502107552217038,0.41031904059151414,0.7149583825198836,0.3187533419587454,0.16175171171109465,0.4299836022338485,0.7659542614942475,0.62669160360637,0.6507477045080191,0.5546946699481647,0.6967018436484301,-0.07869202885546374,0.5562550030755455,0.38362883388731067,1.0,0.4695843664403638,0.11155955630229347,0.31211130086216626,0.803864804685208,0.07240077311379654,-0.015735856006155055,0.6887258529935725,0.26661821135510405,0.4244758149184402,0.5471180078124706,0.15650081218319067,0.09158451859556409,0.32360257582921975,0.10880446301954734,0.565202572606943,0.8474434224323795,0.04610334287080011,0.8208998003077641,0.5126419306638821,0.7487837533613754,0.5224799443029696,0.6828753233470347,0.41874505470260304,0.22687150405200296,0.35270721799150423,0.7099734005958198,0.7854219252236821,0.5173558543751484,-0.06418149630746833,0.4858296686482412,0.20178702263460285,0.5020278305343163
Temporal_Mid_R,0.2893923898834969,0.14387580660011134,0.29179539790566617,0.542981961377765,0.36783015666994695,-0.0255513264372985,0.30425003111881765,0.545753185230149,0.19526643053812398,0.2353696919240497,0.4326092623592499,0.35154499524765703,0.27422165024957024,0.6354345135141808,0.07658703986174678,0.5215493803731426,0.581192696550865,-0.38669315907065177,0.3705509130921588,0.3728375734695407,0.1001665251879648,0.6087136604921642,0.10461927797566692,0.4236345257689034,-0.37767464602461237,0.1598530311038967,0.3783109068905646,0.4695843664403638,1.0,-0.12432690570235369,0.09634304719056778,0.5123823774391612,-0.13729833234027086,-0.1590406191670457,0.33441279327571244,0.2730183056167554,0.1978696424377434,0.2555167706730162,0.14976563038820484,-0.46125145762273667,0.10910411432186756,-0.043376280088886346,0.2636599710028047,0.4698070243393998,0.19402136645935317,0.3649119089994484,0.34686912602138725,0.23664200181295228,0.12721060303523002,0.2597635457063431,0.2294011852667418,0.13618330841634066,-0.03765386871166927,0.09022773729369943,0.3231632414857252,0.5588063632906819,-0.04457052332335798,0.17872169807084903,-0.002920717498243703,0.37493389619460216
VTA_L,0.3782084677985331,0.18329492323809912,0.09662182994195043,-0.235478263057587,0.1490469349883562,0.1787730286419482,0.2945146350513776,-0.06915312005378431,0.28211791297262656,0.054780342075315916,-0.042503610856082334,-0.2985440834404624,0.267781252441739,0.010831589562324037,0.6199474687682153,-0.06452911847886393,0.06641141678545319,0.4037392885454005,-0.1813957560462991,0.2415751219414509,0.050181779573948065,-0.007418730512914448,0.32025326393239023,0.22847085662208888,0.39760459181181596,0.19927853080813263,-0.1941183025786079,0.11155955630229347,-0.12432690570235369,1.0,-0.2380872671947536,0.1927370328456043,0.2826647157691478,-0.22511784079920963,0.1826233193959746,-0.3698046562949068,-0.027603403101407038,0.10177425202766836,0.2715582096274581,0.4050174524671008,0.4505001919041899,-0.5060418473765229,0.2453730685723604,0.012014342392461614,0.15881147408749424,0.19901803578654714,-0.009393527159343407,0.39458080522350236,0.24165245297187862,0.14109680813081243,0.05102779038906354,-0.10370774577722236,0.3368591250743354,0.33957770743148935,0.17826883027790932,-0.042866177793846466,-0.3197436652532037,-0.17222125192859764,0.16854466882778443,-0.13349894688377714
Frontal_Inf_Orb_2_R,0.21973734108255388,0.016886870300056925,0.06400316327445894,0.3512933562874917,0.05126306348922218,0.2535377852125399,0.0947132575175084,0.49431685127374,0.22987364858327008,0.20330302117545182,0.3325762183164275,-0.18405997471195967,0.09467197856120137,0.2574726970187676,0.08142272306817053,0.27202734461953054,0.05670952378198266,0.009529626672062044,0.27445350056859996,0.3175580395971187,0.6197762203791877,0.37051576459899277,0.25766917049331806,0.11665797463112383,-0.4840750707726552,0.3687859213448279,0.6298503057768714,0.31211130086216626,0.09634304719056778,-0.2380872671947536,1.0,0.31156789680575814,0.3415143022642775,-0.0071790645488792265,0.18699988886194938,0.4124170725736335,0.09532191806405943,0.1865917908185873,0.029333537572276715,-0.17118272775598647,0.14786583815866097,0.4910902498839968,0.16147726028182316,0.28855695899245815,-0.24170693679734237,0.25258575656538884,0.2605032556381422,0.24448939585780655,0.2826138922172233,0.45640470653548376,0.2679409948683751,0.288020111322527,0.10520238933363568,0.12714705674288673,0.4020171764742813,0.16694785881575164,-0.16464679526075612,0.21437864259526968,0.29802050229736227,0.3077597918729454
Postcentral_R,0.8068439438337986,0.31275515586412617,0.2386284457293329,0.27553481890964243,0.6806781890336073,0.23186360113903323,0.774856888954589,0.7723003380711606,0.8033388917164235,0.6662268822343508,0.43880256232181586,0.1363308635958172,0.7540602495087659,0.6606470562878601,0.605736595247854,0.49407711146677674,0.49733818027125704,0.23734558237245656,0.4347886852040637,0.9105668543090475,0.6484494218595084,0.7381892341131314,0.7299907247779673,0.7020476870960274,-0.06523601382143938,0.6360685208577594,0.4971694856254176,0.803864804685208,0.5123823774391612,0.1927370328456043,0.31156789680575814,1.0,0.13734771913244603,0.009891896317580548,0.7993953644965411,0.16662168354574103,0.5089223755742192,0.6056409204471368,0.21842482621106912,0.14625220098317013,0.3858504548173597,0.12104960949114953,0.6399604645829374,0.8350047877030514,0.04786866956863533,0.8555878022656822,0.4827825382724476,0.8601107851136305,0.6383403996468243,0.7917852127530388,0.5255107271151483,0.29960011342731574,0.4565334487259729,0.7875511347200334,0.87382271649993,0.6475547208822552,-0.12283177888822457,0.5188700077806316,0.2134562708679204,0.6277298747867783
Thal_VA_R,0.3052731667248651,0.3929017972656752,0.22504681371460028,-0.10521537194390722,0.0242368286390209,0.19700949161937267,0.1647059020948089,0.22927969487902072,0.21974189608804715,0.20174862380954356,0.04234190707279283,-0.38463703001714156,0.15329631939883104,0.11888083650111561,0.30608746391861236,-0.08086121864619122,0.20052722559194694,0.20008866935097291,0.026526265285705224,0.1625689510400188,0.2671787519682895,0.06947484459195796,0.3537399259137299,-0.031133159958310175,-0.07065859939823828,0.1612165871613501,0.01924586601677191,0.07240077311379654,-0.13729833234027086,0.2826647157691478,0.3415143022642775,0.13734771913244603,1.0,-0.14727802770170445,0.10259740204741205,0.024801625832682486,0.07073236112472557,-0.058467313450452925,0.018558490395744847,0.2594798254676115,0.2259762431906129,0.021662662410678848,0.08652206550199455,0.02288705725085284,-0.07389865779208203,0.023135354108520065,0.16838327089320584,0.22272929625021978,0.10885056859841694,0.27982186205105675,-0.01366342933810412,-0.13985917947303073,0.08236336288157155,0.20134684311123796,0.17452940777710083,-0.08324803493083445,-0.06297810816082283,-0.051664910011573535,0.13982632148510343,-0.018410248089891917
