,Thal_PuA_R,ParaHippocampal_R,Calcarine_R,Temporal_Sup_L,Cerebellum_6_L,Cerebellum_8_L,Postcentral_R,SN_pc_L,ACC_sup_R,Thal_MDm_L,Cerebellum_4_5_L,Thal_AV_L,Fusiform_R,Occipital_Mid_L,Frontal_Med_Orb_L,Occipital_Inf_L,ACC_pre_R,Temporal_Pole_Mid_R,Thal_IL_R,ACC_sup_L,Lingual_L,Rectus_R,Occipital_Sup_R,Cerebellum_7b_R,Angular_L,SN_pc_R,Frontal_Sup_Medial_R,Thal_PuM_L,Cerebellum_Crus2_L,Vermis_4_5,Olfactory_R,Thal_PuL_L,Thal_LGN_L,Cerebellum_9_L,ACC_sub_R,Postcentral_L,Angular_R,Frontal_Inf_Orb_2_R,Cerebellum_6_R,Frontal_Inf_Orb_2_L,Paracentral_Lobule_L,Cerebellum_Crus2_R,Pallidum_L,Thal_VA_R,Cingulate_Post_L,Cerebellum_Crus1_L,Thal_LP_L,Thal_PuI_L,SupraMarginal_R,Temporal_Pole_Mid_L,Frontal_Med_Orb_R,VTA_L,OFClat_L,Frontal_Sup_2_R,Cingulate_Mid_L,Parietal_Inf_R,Cerebellum_Crus1_R,Thal_LP_R,Frontal_Inf_Tri_R,Thal_VL_L,Cerebellum_10_L,Cerebellum_10_R,OFCpost_R,Precentral_L,Cuneus_R
Thal_PuA_R,1.0,0.449459579623282,0.30581978662127385,0.23581169266881657,0.16503097736823272,0.22687272978826586,0.5089223755742192,0.4233280864832978,0.4803361358346305,0.26174086920124945,0.47094138842672506,-0.03903340055947497,0.2584840111627994,0.135964633655575,0.16359528460970318,0.06694916229253567,-0.08186319052991635,0.10584055777042553,0.1378686892500016,0.2534607708125548,0.2828069473424175,0.3772486916130159,0.15644577579621494,-0.09096595867775413,0.18064468426583924,0.09835160840738515,0.48204243162742016,0.629285312607488,0.13070411650717279,0.40912517871375664,0.03467093940527876,0.2961964262507297,0.44873873845865225,0.39914781588262593,0.08517311227957433,0.5313785539883398,0.2621621728631498,0.09532191806405943,0.21110209118876666,0.08292249952771714,0.4805483857501372,-0.08116428095586181,0.08904248044751326,0.07073236112472557,0.484879011524501,0.08263190443581041,0.492837837698373,0.5225725401982525,0.4287046324856136,0.0942645667658965,0.11056319174528455,-0.027603403101407038,-0.051822516042002414,0.5332208122372103,0.488793269740455,0.35669958277614106,0.3266059168420811,0.1710461494649386,0.3174651246302077,0.4542940120824687,0.00038673131901413723,0.09315564588700917,0.0711550055736887,0.487659003968291,0.031236597220571045
ParaHippocampal_R,0.449459579623282,1.0,0.45931711315164014,-0.09825965393336586,-0.046928189002962396,0.3937484564767381,0.7381892341131314,0.4632223324651129,0.35409854271534313,0.49423910142993666,0.5487174940303673,0.3562863586469201,0.7297164171592847,0.13144667314593186,-0.23625543769541751,-0.15496055663849315,0.10731742577367905,-0.16043261870132655,0.5237554832569707,0.36382749236844153,0.32447703424444957,0.26478602315531824,0.3430804675362456,0.03778949852980457,0.05251901568523948,0.4593174723912287,0.45969552594238133,0.5338455726950264,0.12936176414254935,0.5606226390109609,-0.06115378962893934,0.3553102833424111,0.6171854088275137,0.4012474891370459,0.054669363590638495,0.45218680391668564,0.5440782388048735,0.37051576459899277,0.43653978426788836,-0.02489682902492087,0.6324204559406218,0.31087574234829324,-0.07049694089069272,0.06947484459195796,0.6502947111017976,0.2469107357647376,0.343943569003367,0.5119080791873862,0.6767971770477575,0.07360346315269821,0.3043443896835176,-0.007418730512914448,-0.027001185040424605,0.5313289938735275,0.5774093137245997,0.46714510818925326,0.4547711255657773,0.23289883154059224,0.5482027763802786,0.5018255513070025,0.5367393790613161,-0.1816963358587297,0.02798998458121889,0.5219860783702054,0.24787471466391342
Calcarine_R,0.30581978662127385,0.45931711315164014,1.0,0.29214665562530256,0.3005080466625086,0.38214789413027184,0.5605787822525579,0.3478445312458764,0.32519742854177974,0.27919308890147043,0.7975834115868862,0.18510972808590417,0.5828669185591022,0.4074876335979414,-0.32670187253533456,0.059114465738100905,-0.10483094146425122,0.06569039680517343,0.1937045816348747,0.2872994323908689,0.7607436874540413,0.10205390692181367,0.6624055729305699,-0.18457802797918613,0.24703398720624645,0.26020297468337567,0.3769224272210012,0.5584220769760556,0.10125206665266902,0.8307985720031832,-0.01213114564730334,0.3832171184115717,0.3196024161471075,0.14874731141305797,0.18456659727560315,0.545533404576913,0.5107704846751326,0.03409703419444663,0.4273537986601393,0.0027823909866038898,0.564451007477875,0.33012153636930197,0.14197587902481196,-0.0476700544308819,0.6308662862183161,0.10242160034163902,0.3699496235827813,0.48457366568133825,0.47613451490694364,0.0645874248369431,0.2299364742587662,0.03531848107226606,-0.06824920443096283,0.40294269377424863,0.6042752688271465,0.364358136565369,0.4219996315523613,0.14036315469135946,0.3663306727398201,0.5061262187757898,0.11779285924272265,-0.1443787641127527,0.1890571449826359,0.6058807297289263,0.5235019325592946
Temporal_Sup_L,0.23581169266881657,-0.09825965393336586,0.29214665562530256,1.0,0.7312854481951478,0.32403450303471865,0.06333520169860245,0.032240778431334376,0.04187865254860084,-0.004651833018972788,0.49123450818943837,-0.10400813665921278,-0.23049103737476798,0.3816295258691991,0.1447209900259594,0.17567624319817657,-0.2999684883347286,0.3037083604487896,-0.2961772900937999,0.2626750742485816,0.6858182475626521,0.04846132101784457,0.05888663612586541,-0.447624299837411,0.2512225579251311,-0.07965645424884299,0.05786895076500607,0.2817817437377498,-0.249704692085213,0.2750871902443096,0.06942401983043459,0.09474095692316363,-0.16787026278880302,0.1147019817401276,-0.10730855213053676,0.5805175512840067,-0.029293284090726273,-0.22678021151847666,-0.18373414298213547,0.5098172155056365,0.17076828443228406,-0.3230967022079218,0.5846153266015319,0.10658833908845369,0.05485855643264932,0.0682216450282422,0.10749069109511934,0.44239620513408456,-0.14569632629068696,0.0637481625621323,-0.2903371271795434,0.2684565962944931,-0.06607462270850406,0.17558440199617154,0.23074063501939246,-0.011742063912598516,-0.10792487681711273,0.3177127818258918,-0.4523817593779157,0.32017038016705746,-0.36350954717985506,0.40889301168381215,0.10225482378361153,0.46544119775912174,-0.12296812786069852
Cerebellum_6_L,0.16503097736823272,-0.046928189002962396,0.3005080466625086,0.7312854481951478,1.0,0.3991732733752831,0.12296244328384624,0.2018115493176659,0.23227031443232674,0.033865369735243,0.41383094679312266,-0.05991849089999825,-0.03972199930860517,0.514027478648325,0.07456815709069316,0.18574264901673795,-0.2971326607722784,0.20855594752310366,-0.16214199672048124,0.1687283887933147,0.5780435097137179,-0.094644004641952,0.18774939830640064,-0.4108188951744445,0.3210468059666883,0.06861725183271743,0.044635271029287354,0.2815865928952556,-0.3919110830384552,0.34237990703736526,-0.027891676169924336,0.06841050783748184,-0.16285998259192938,0.021549649104735995,-0.29081471584175866,0.45910726659559703,0.13633446119758488,-0.00956614419973598,-0.0069919845735468495,0.47977925849173286,0.238898702963383,-0.11006049962405928,0.3931957133140834,0.17098658253320279,0.06604438040156739,0.0643295659156071,0.27523566062118027,0.4069269329108961,0.008550158189935328,0.1743800915365769,-0.227984553867076,0.05599057316243973,0.1781954900359598,0.15616655557743336,0.3032459925764647,0.11314239879474865,0.1236795025631725,0.04666760034558198,-0.3194794420880736,0.34928218619982004,-0.029612544219009346,0.18657167357294252,0.14597664988078551,0.45941503379285376,0.05941309813340599
Cerebellum_8_L,0.22687272978826586,0.3937484564767381,0.38214789413027184,0.32403450303471865,0.3991732733752831,1.0,0.6360685208577594,0.3837530150158733,0.2992561761938555,0.27120194450350305,0.512489355020812,0.08567441615913045,0.40691666344388416,0.5704159487146834,-0.06939038763338444,-0.019229921198179806,-0.22835643161307045,0.2493442083288635,0.16214461816625816,0.4913035947900466,0.2790055290064368,0.2284543623978135,0.45838659573877255,-0.2958847375605804,0.4103992965399838,0.39244859786825775,0.5221140957012442,0.5745081971555915,-0.2452376799658063,0.541884001171406,-0.06630863173476922,0.5333795635383074,0.28493549648707117,0.569026511327559,-0.15924272820204372,0.6969591445123324,0.5737259192970057,0.3687859213448279,-0.10814243255234765,0.36416844300983864,0.7185159497647122,0.11096253337394606,0.38979852315816665,0.1612165871613501,0.543594271796919,0.529345360082571,0.3399450323547914,0.622690617813052,0.4418271406255315,0.31812383847986336,-0.13571012876278635,0.19927853080813263,-0.03226088853033673,0.5062581186114903,0.6060286482450148,0.3071068035924629,0.5278163710642887,0.3999816829521726,0.22104626125508445,0.4743839538618218,0.48675580855025485,0.008316084276076706,0.17994301286914466,0.700115551894622,0.3789932346320827
Postcentral_R,0.5089223755742192,0.7381892341131314,0.5605787822525579,0.06333520169860245,0.12296244328384624,0.6360685208577594,1.0,0.4827825382724476,0.43314360271183394,0.44295778765061894,0.6806781890336073,0.2805738828131265,0.6296203053616705,0.32063655919860934,-0.11096260569177417,-0.16893132766082092,0.07370971342902134,0.009891896317580548,0.3842497130227769,0.605736595247854,0.3171540855233044,0.40236157816008944,0.49407711146677674,-0.17948148042938744,0.23186360113903323,0.4861015000307138,0.774856888954589,0.7993953644965411,-0.027189381258370587,0.7288384591797966,-0.01521825532159136,0.6056409204471368,0.6277298747867783,0.6441151900337687,0.04786866956863533,0.7875511347200334,0.7043053196880661,0.31156789680575814,0.26105144772733946,0.1897123223413562,0.87382271649993,0.16662168354574103,0.23734558237245656,0.13734771913244603,0.8350047877030514,0.29960011342731574,0.4152855282954056,0.7211785999879617,0.85776835294886,0.12104960949114953,0.18050731492817323,0.1927370328456043,-0.0720621334333655,0.8068439438337986,0.7814103277015589,0.6165853276985722,0.6475547208822552,0.4080521461608286,0.6708093652330112,0.6443168061998089,0.4971694856254176,-0.21759644779062048,0.2987676578476326,0.8033388917164235,0.39928882895172924
SN_pc_L,0.4233280864832978,0.4632223324651129,0.3478445312458764,0.032240778431334376,0.2018115493176659,0.3837530150158733,0.4827825382724476,1.0,0.5847624921086212,0.32306389864281676,0.36286850016307265,0.07923013965341175,0.3710339102170285,0.18386470970921182,-0.11117965739291143,-0.24031985280057094,-0.12859448000891077,-0.04929373412140765,0.3642897287128165,0.12152685381941516,0.2043726147406909,0.2754511544103624,0.3932120540103442,0.02339536445005513,0.16800601867079298,0.5860053021396557,0.37838539743689253,0.4368848255845447,0.16343001750743338,0.34799545370313945,-0.1335613925949126,0.06793969329409509,0.46508444818715905,0.31669461153157813,-0.040783057821634744,0.3882369202960919,0.4245757891390291,0.2605032556381422,0.20290479710176523,-0.1084233085787204,0.4739464390398471,0.16404233926544334,-0.11540772612382345,0.16838327089320584,0.46762023459289276,0.012631481374167385,0.7453886760212315,0.2968267531899365,0.44045362080614314,0.12668371533002376,0.07540241105009167,-0.009393527159343407,0.024937331398850546,0.3910926324380378,0.5121109486403395,0.2699905309298039,0.5587289586471845,-0.17252586797719582,0.2815346523411372,0.4804419397882532,0.2669337966313732,-0.1168231354195526,-0.041927042560046014,0.4359423245597646,0.2379955093878914
ACC_sup_R,0.4803361358346305,0.35409854271534313,0.32519742854177974,0.04187865254860084,0.23227031443232674,0.2992561761938555,0.43314360271183394,0.5847624921086212,1.0,0.2946419936648652,0.3386420717037251,-0.05458261847739288,0.39679399600345855,0.12415685908165658,-0.0638161022062651,0.009686068289105098,-0.24498445063408616,0.17398743472060568,0.22327569919212642,0.11888538318545568,0.180489105758553,0.3714405745392859,0.1546533987486901,-0.055285502694595125,0.02339313265037126,0.11606325305018965,0.5315068372643307,0.531215043354003,0.07551929742025777,0.38410474764059954,0.016183568739663846,0.22995055441630669,0.5345060138294884,0.28436692860304336,-0.006134335583671156,0.33254542896546424,0.24281889954674385,0.18271120397975055,0.2955495542319064,-0.022575054501539495,0.4415567780743291,0.1869572517216656,0.006039859555856323,0.04774117001818145,0.4807955666127933,0.10836084891013675,0.6968282893022997,0.3653184237790199,0.3614268936976611,0.294404233688767,0.20481759806993582,-0.28978780925220693,0.0045041982135442925,0.4610861701783186,0.48079337021487506,0.2439493101393729,0.5493981449268556,-0.01659101625013771,0.4512407799304098,0.4312620588968086,0.1567476360435417,-0.15662380775358598,0.10959434840774038,0.3654311119746364,0.08629587872564483
Thal_MDm_L,0.26174086920124945,0.49423910142993666,0.27919308890147043,-0.004651833018972788,0.033865369735243,0.27120194450350305,0.44295778765061894,0.32306389864281676,0.2946419936648652,1.0,0.2884243339299416,0.7376866811480748,0.4472444994268174,0.030176185252708987,0.012960115162651473,-0.2879354438778797,0.17082246491335154,-0.12680869489382235,0.8820533326951212,0.39928106267158137,0.1682358733956473,-0.016870665360503394,0.05542973247742769,0.18931716099604237,-0.022405385033371084,0.408223419422517,0.3514412377918074,0.29527676441719475,0.07847880949741855,0.27765243305990583,0.04137713413677558,0.1999473835871082,0.4454612123709991,0.038470614535571296,-0.0445061740782725,0.3221182560774357,0.17602877156103458,0.48960545052461024,0.2792166913779062,-0.017523571999461827,0.452502391824961,0.4118014963700358,0.24959393510816977,0.5520608775111168,0.4282745713708233,0.017656916552792806,0.17652553050282058,0.2796979947395405,0.3023035175748888,0.22290261356122915,0.29736844899821446,-0.0038751126810339155,0.32424667059226064,0.4323878270709305,0.36390972903162394,0.05673319009366593,0.11345189216516803,0.349444037147418,0.3891212211433646,0.6315254290454678,0.31261195393813895,-0.16576399988338492,0.0156572201154038,0.36917659759894456,0.1535910796311537
Cerebellum_4_5_L,0.47094138842672506,0.5487174940303673,0.7975834115868862,0.49123450818943837,0.41383094679312266,0.512489355020812,0.6806781890336073,0.36286850016307265,0.3386420717037251,0.2884243339299416,1.0,0.17718414107039598,0.5499119765241354,0.4168237593607141,-0.08612823548353966,0.14621983096098212,-0.05569384861840335,0.09346658366122745,0.1579382263693262,0.4461798104032128,0.7856270121132495,0.2807397740366912,0.5578060828240984,-0.1817706417734934,0.32338702843492695,0.3089463525155454,0.5039526867715095,0.6779193296678723,0.07249066496264962,0.821420242415587,-0.020508669219989378,0.46262975216613467,0.3561245990748274,0.25036889504742876,0.08822579489574224,0.7531685917200708,0.5425960164138932,0.05126306348922218,0.35134490439182187,0.13971931825769654,0.6853527292125832,0.23262201593838056,0.22178324006955996,0.0242368286390209,0.6588885012993476,0.17538577652207143,0.3614882912169848,0.6217684072545422,0.5529385859171793,0.10037941520586796,0.20807241094311119,0.1490469349883562,-0.10984215991654968,0.5642112367535583,0.7111623157252034,0.45410232586629007,0.4018047899002732,0.2865110122293135,0.298199250253803,0.6053113373809504,0.10931344839889,-0.04383196024839669,0.15008107478382396,0.7375314853178596,0.44757144509766705
Thal_AV_L,-0.03903340055947497,0.3562863586469201,0.18510972808590417,-0.10400813665921278,-0.05991849089999825,0.08567441615913045,0.2805738828131265,0.07923013965341175,-0.05458261847739288,0.7376866811480748,0.17718414107039598,1.0,0.31252246464094013,0.004958483432007554,-0.021160711462056368,-0.296930304046864,0.49373121371871215,-0.3341561097272158,0.7226086793035903,0.4506393735834246,0.12655743970244207,-0.19560034409384142,0.01460395738068067,0.2034615646035707,0.016221970987729307,0.44078357129840245,0.1995992686746527,0.11227336622761461,0.03331281656205103,0.18985134848351004,0.08175957292235791,0.115709333576894,0.21281377351817618,-0.11611966826214598,-0.002474569837849822,0.13470802697431863,0.11122300516385909,0.36026794525746497,0.3357556428919135,-0.07834983497380815,0.2871795969682636,0.3918745868198233,0.14857983923592483,0.5195844363484863,0.1991291081010576,-0.11180106838537159,-0.07088363514746364,0.12703725131130852,0.21944332102136588,-0.056133334340673115,0.345841053570154,0.18693148387589717,0.30013274068687906,0.2500122407928365,0.2072358776033542,0.08546158042717328,-0.019138439102396456,0.2348564539824326,0.32486319367245464,0.4973545306547167,0.2552905027210115,-0.21581138425268875,0.03355180769034733,0.20210994872087726,0.22807247796598495
Fusiform_R,0.2584840111627994,0.7297164171592847,0.5828669185591022,-0.23049103737476798,-0.03972199930860517,0.40691666344388416,0.6296203053616705,0.3710339102170285,0.39679399600345855,0.4472444994268174,0.5499119765241354,0.31252246464094013,1.0,0.19994281858928412,-0.29701538287609264,-0.04878555787436545,-0.04350533057097033,0.007777803608077868,0.5218839079281192,0.1518125393208254,0.3091436365375862,0.0664170020320114,0.5539582528889776,0.09376924482929021,0.06869433393149682,0.3094469067606299,0.36398759114557117,0.4891819877153254,0.09671648900161851,0.6814620792710786,-0.10346609335509203,0.38407552175782267,0.5906224437409204,0.17936535412934512,0.031033832434961266,0.30180667054455124,0.6517182091173894,0.45270216191786605,0.49326731815408126,-0.20595685407296488,0.6488310122886806,0.6632135000136797,-0.14906283585192412,-0.09235945631582064,0.6379701990046615,0.27266489219170453,0.298362011501433,0.41623197087268626,0.6449691312599697,0.35125139634610825,0.4538557906838683,-0.30387592408865877,0.049825522796803835,0.344148218591936,0.6084615582085007,0.45461246364975816,0.540661647192953,0.07563659748190861,0.5618639501751932,0.4253513385680244,0.6307188900880647,-0.32398290118289447,0.0017064607029741966,0.44588532877846104,0.5411470403249503
Occipital_Mid_L,0.135964633655575,0.13144667314593186,0.4074876335979414,0.3816295258691991,0.514027478648325,0.5704159487146834,0.32063655919860934,0.18386470970921182,0.12415685908165658,0.030176185252708987,0.4168237593607141,0.004958483432007554,0.19994281858928412,1.0,-0.11708724608205469,0.2551939895641633,-0.1956079113447761,0.1268389257872314,-0.07729065162638594,0.24543836114389897,0.3313671635153132,-0.1068785933596369,0.6101278068830356,-0.3593547286732494,0.8331026461426116,0.10584914638620874,0.12345144287255508,0.3995405088058624,-0.38873870997034626,0.5455019042868423,0.02867843304915757,0.4242979005397338,-0.09437468448955248,0.29465522774199654,-0.25040107309880477,0.48513970949291446,0.5272586940680531,0.2776079008920127,-0.014152609452546216,0.3357873995294184,0.47173889881880504,0.018060506531934153,0.34786021512655335,0.17272503855191892,0.30743865343655064,0.33923748890623334,0.14570017943443062,0.48636188227278837,0.26615554685905507,0.20536155806310386,-0.2791474345642462,0.08385268153601771,0.11108850744646225,0.26593646970119555,0.42366895369791585,0.21020005853594112,0.22071955035593577,0.18153505788012683,0.021211734362729495,0.2924309562193897,0.25947199234394064,0.10670684091196088,0.23849987235801073,0.5510022795429057,0.48824736480653663
Frontal_Med_Orb_L,0.16359528460970318,-0.23625543769541751,-0.32670187253533456,0.1447209900259594,0.07456815709069316,-0.06939038763338444,-0.11096260569177417,-0.11117965739291143,-0.0638161022062651,0.012960115162651473,-0.08612823548353966,-0.021160711462056368,-0.29701538287609264,-0.11708724608205469,1.0,0.07233839070864008,0.01679388027185981,0.023822663763241984,-0.08491236042818277,0.029429604406500484,-0.14623069779710182,-0.07271457725313644,-0.35240850565467363,0.2757665860652489,0.1106410242594925,-0.034971131855741446,-0.027029198873519098,0.005254717964218766,0.19637508632334844,-0.2077686523824119,0.19816993417853732,-0.07252617528737162,-0.1098173210875826,-0.12621318736386503,0.11046851566400877,0.05364839330375604,-0.2699688677982008,-0.1368427719410919,-0.25325700165335374,-0.014219966355213262,-0.028482332529290205,-0.07037487806349049,0.16755596496286915,0.14591230227478222,-0.10753630959823439,-0.05625947549704173,-0.010435493044695585,-0.12431354116783618,-0.18002945526495187,0.017184403986927988,0.10575222514959282,0.13796252758555483,0.03661171390834329,0.03141175132446298,-0.008198875336985127,-0.04806260765679429,-0.19677759010728085,0.12335609887442105,-0.22749067823956606,0.00949603448765593,-0.28689883351843004,0.13593226717456852,-0.3143081536378419,0.02466226480648234,-0.2646668486878608
Occipital_Inf_L,0.06694916229253567,-0.15496055663849315,0.059114465738100905,0.17567624319817657,0.18574264901673795,-0.019229921198179806,-0.16893132766082092,-0.24031985280057094,0.009686068289105098,-0.2879354438778797,0.14621983096098212,-0.296930304046864,-0.04878555787436545,0.2551939895641633,0.07233839070864008,1.0,-0.18354601777701338,0.10676755404781732,-0.3221824819883182,-0.1887809423607988,0.11898885824127899,-0.060973932989089846,0.10674185712657563,-0.05362057304856694,0.3578697283325066,-0.3209870635627144,-0.1208531229943422,0.013059537330049243,-0.05730238858032077,0.12535621366554572,-0.06260025411954215,0.19566181117685363,-0.30798342613356045,-0.08626473964010864,-0.09669179929765664,-0.030397515870190763,-0.030705101715353875,-0.09659474910709313,0.0004106299496780697,0.09443814118779054,-0.07850313578364555,-0.06877485274364094,-0.058786749315102756,-0.22045464762555492,-0.06863612620110665,0.15482065677250934,-0.14172214591454377,-0.05386949089418009,-0.14655665298306966,0.0836010977869953,-0.07104573424664387,-0.19908878012811926,-0.04559544538203612,-0.1819063825381902,-0.07550397147605654,-0.011638857458298601,-0.09072309757900952,-0.03528218478848622,-0.138228404251081,-0.2334687957124725,-0.1588550581698857,0.21577054002385054,0.11446641311066921,-0.04640842365796966,0.17638403309140385
ACC_pre_R,-0.08186319052991635,0.10731742577367905,-0.10483094146425122,-0.2999684883347286,-0.2971326607722784,-0.22835643161307045,0.07370971342902134,-0.12859448000891077,-0.24498445063408616,0.17082246491335154,-0.05569384861840335,0.49373121371871215,-0.04350533057097033,-0.1956079113447761,0.01679388027185981,-0.18354601777701338,1.0,-0.46932662345991405,0.24089965202607386,0.3915846892934818,-0.16700614261560148,0.03355847300935924,-0.17340535510035432,0.16766550592490356,-0.03090310201942644,0.37426804069747693,0.1579666976873177,-0.036170887644982205,0.0713510339132624,-0.06832103067615508,0.015152551890557845,-0.003650041959290221,-0.018974717368491496,-0.04474138751099956,0.16954901437702607,-0.0862328747519211,-0.129228858520766,0.03020573741001436,0.20299874478401073,-0.13571840291331697,0.005615693508533553,0.05342695507344469,-0.10869716630284369,0.35425603346269446,-0.0929348965721537,-0.36586923545738564,-0.12327880608355417,-0.09303905741219443,0.08418902029162643,-0.4929468145643629,0.27179420934346854,0.44972340787362947,0.0401295698300606,0.20582030055079872,-0.04346832253400883,0.05425853362858055,-0.094629146472408,0.04847550702313498,0.346233053207537,0.12584529194085833,-0.007816794897162251,-0.3050248243014034,0.12870404802393848,-0.07444404268596395,-0.03774016654349071
Temporal_Pole_Mid_R,0.10584055777042553,-0.16043261870132655,0.06569039680517343,0.3037083604487896,0.20855594752310366,0.2493442083288635,0.009891896317580548,-0.04929373412140765,0.17398743472060568,-0.12680869489382235,0.09346658366122745,-0.3341561097272158,0.007777803608077868,0.1268389257872314,0.023822663763241984,0.10676755404781732,-0.46932662345991405,1.0,-0.19712194051028628,-0.18063654637633456,0.09811779888063783,0.21577549020361497,0.06268418446784199,-0.20117958927908627,0.02990354689791448,-0.38166262611857976,0.05416371269776093,0.1012956753891555,-0.09837804576700902,0.09404638046836548,-0.0013234305755747233,-0.009776113420902434,0.03632791171700415,0.17084168461103758,-0.09213095734220877,0.148268918038483,0.08357722699534445,-0.0071790645488792265,-0.1568372602662488,0.20534266865302145,0.06132442450786355,-0.08545331694410707,0.23437673473055826,-0.14727802770170445,0.023867744434138766,0.3741402509390589,0.10701641490638719,0.16361143988943969,-0.06731742220997618,0.5388727736133571,-0.13782591803343142,-0.22511784079920963,-0.10058590374502195,0.008507101584230028,0.05792658673884858,-0.01786796287713807,0.19359800210671194,0.18831687235947892,-0.13220943238825264,0.03862644144791658,-0.057699458278474884,0.2418013813953209,0.002619635533582648,0.0977236456748275,-0.014487658718342242
Thal_IL_R,0.1378686892500016,0.5237554832569707,0.1937045816348747,-0.2961772900937999,-0.16214199672048124,0.16214461816625816,0.3842497130227769,0.3642897287128165,0.22327569919212642,0.8820533326951212,0.1579382263693262,0.7226086793035903,0.5218839079281192,-0.07729065162638594,-0.08491236042818277,-0.3221824819883182,0.24089965202607386,-0.19712194051028628,1.0,0.19701916495812846,0.021733163518197936,-0.040333346160315545,0.08920039322278975,0.36532857916080486,-0.11166107564687641,0.4779171869058165,0.24835451741803216,0.13125008931559715,0.21219690339703468,0.19640484225448004,0.010790291609151464,0.04662257569053994,0.41778684531581706,-0.05437109522769792,-0.030063297746887242,0.1020220129958822,0.2159616795290987,0.48618804495412116,0.4042562673925532,-0.20388309869531104,0.3258561414328998,0.49916353906763616,-0.039846059331781,0.4943857570756543,0.332758429416886,0.002184598918377671,0.1399593356696926,0.09845419959789291,0.33549436667708255,0.2111741933258383,0.3755638155425877,-0.10280832658647843,0.31978683688942333,0.30903276473886676,0.2577254631458726,0.09597917404475649,0.1857237179722972,0.11524703682261013,0.44514097212599324,0.496675157073903,0.4059838306363761,-0.2839558432423668,-0.12218904885424825,0.18419254823839382,0.21634286902444638
ACC_sup_L,0.2534607708125548,0.36382749236844153,0.2872994323908689,0.2626750742485816,0.1687283887933147,0.4913035947900466,0.605736595247854,0.12152685381941516,0.11888538318545568,0.39928106267158137,0.4461798104032128,0.4506393735834246,0.1518125393208254,0.24543836114389897,0.029429604406500484,-0.1887809423607988,0.3915846892934818,-0.18063654637633456,0.19701916495812846,1.0,0.24196097062294847,0.3250116510483573,0.08953198959404547,-0.28351729810261167,0.23743038517603293,0.45055372697472396,0.6793656422966554,0.5776046098161295,-0.17649702277107784,0.39444855680377167,0.017025154646732574,0.6209892763856981,0.26085900167098547,0.46110643474433927,0.03691515971968703,0.6588882384809761,0.23074929309221445,0.08142272306817053,0.003371897389285935,0.296647023383487,0.6181414835466537,-0.022616865465187586,0.5179766864547338,0.30608746391861236,0.4931281741163864,0.1175701445466386,0.17915857160933168,0.5337590968170941,0.40078161022706466,-0.25968883854322417,0.0473247180512841,0.6199474687682153,0.01172026869964884,0.6829005284642418,0.5104200575644735,0.28253346200606405,0.16964418493485553,0.5792675594291425,0.38492513620607927,0.5843011690394262,0.15288313283183333,-0.11332069232303986,0.41518991091357255,0.6239999621757049,0.06915487213799902
Lingual_L,0.2828069473424175,0.32447703424444957,0.7607436874540413,0.6858182475626521,0.5780435097137179,0.2790055290064368,0.3171540855233044,0.2043726147406909,0.180489105758553,0.1682358733956473,0.7856270121132495,0.12655743970244207,0.3091436365375862,0.3313671635153132,-0.14623069779710182,0.11898885824127899,-0.16700614261560148,0.09811779888063783,0.021733163518197936,0.24196097062294847,1.0,0.007873420885362775,0.3596731276342417,-0.25648162148656833,0.14800839143990932,0.1594121074407435,0.1485655354480134,0.39755824735171597,0.02286541328590004,0.6642276132018138,0.020869187557895436,0.158193309820895,0.07691328650842857,-0.0048572710171451445,0.09105914033206797,0.5271244126840036,0.25937706120833887,-0.172765985520277,0.35192291316489893,0.21032859763214753,0.34624212197747933,0.12533591770310096,0.25308135894043615,-0.02997402976690809,0.3271110250292589,-0.00937714367492323,0.24669533401711438,0.4743264848127825,0.21072738058116866,0.022260128575625024,0.11564275768780191,0.10453946310618997,-0.08796968290110915,0.23322912053492817,0.46315320414425215,0.2572286686206173,0.15077832272950284,0.1493955664462871,-0.06838401809289733,0.4770016762416673,-0.1580398803730466,0.0470285662009019,0.04398330603750021,0.5193180953409606,0.1740706302722041
Rectus_R,0.3772486916130159,0.26478602315531824,0.10205390692181367,0.04846132101784457,-0.094644004641952,0.2284543623978135,0.40236157816008944,0.2754511544103624,0.3714405745392859,-0.016870665360503394,0.2807397740366912,-0.19560034409384142,0.0664170020320114,-0.1068785933596369,-0.07271457725313644,-0.060973932989089846,0.03355847300935924,0.21577549020361497,-0.040333346160315545,0.3250116510483573,0.007873420885362775,1.0,0.00310358064369958,-0.04516539867925788,-0.059152416066000246,0.1355962934649517,0.5936352776990312,0.3998436720082992,0.15148865494340752,0.13957805512419685,-0.1254781585527279,0.26148709569993467,0.3811002810602772,0.4689447021512368,0.05963709554374709,0.34534096874394693,0.17647930723353367,-0.12808774305241039,0.08504068585939673,0.05482566677440883,0.28732638245224484,-0.16950585453960448,0.01593377743961793,-0.1470044780760906,0.3266185641891996,0.08062684385525702,0.4349945154615916,0.25962714416257066,0.3805136920220392,-0.16822208085637136,0.03635002065729461,0.1899607345761775,-0.26181013824620036,0.5119571638504699,0.3391173059442581,0.36001929858239484,0.4065206623316525,0.16070194356255607,0.4211232528249655,0.15937855651365523,0.019515787614871747,-0.031762698502653605,0.21059967451397377,0.2636569171765805,-0.06955504128904615
Occipital_Sup_R,0.15644577579621494,0.3430804675362456,0.6624055729305699,0.05888663612586541,0.18774939830640064,0.45838659573877255,0.49407711146677674,0.3932120540103442,0.1546533987486901,0.05542973247742769,0.5578060828240984,0.01460395738068067,0.5539582528889776,0.6101278068830356,-0.35240850565467363,0.10674185712657563,-0.17340535510035432,0.06268418446784199,0.08920039322278975,0.08953198959404547,0.3596731276342417,0.00310358064369958,1.0,-0.16596730940272364,0.4964014214544665,0.25643570284487266,0.1586366803429423,0.4168015524660679,-0.10810229054262954,0.6676116761719154,-0.07445924786007738,0.3791182694565788,0.20898360715087352,0.26843479404651704,-0.08103107899455106,0.41050226728724065,0.8043353739730863,0.27202734461953054,0.15043191339389328,0.03017822914577721,0.5111659649543966,0.1988085747014259,-0.05028490538907468,-0.08086121864619122,0.5408703596428603,0.29258859533450465,0.24218918070409648,0.39263411662055564,0.5644567746274093,0.14305435037566105,-0.04524031708680606,-0.06452911847886393,-0.06695002568404207,0.23300280380153063,0.48567667537325343,0.37694008021239256,0.4479458898811044,-0.016642312951023554,0.24903795545766824,0.25703660682343515,0.4321114088819694,-0.08237891514372786,0.19390659769795418,0.5091827643973815,0.7477918693704378
Cerebellum_7b_R,-0.09096595867775413,0.03778949852980457,-0.18457802797918613,-0.447624299837411,-0.4108188951744445,-0.2958847375605804,-0.17948148042938744,0.02339536445005513,-0.055285502694595125,0.18931716099604237,-0.1817706417734934,0.2034615646035707,0.09376924482929021,-0.3593547286732494,0.2757665860652489,-0.05362057304856694,0.16766550592490356,-0.20117958927908627,0.36532857916080486,-0.28351729810261167,-0.25648162148656833,-0.04516539867925788,-0.16596730940272364,1.0,-0.19505587551045944,0.14941473535207062,-0.18901711305533372,-0.3053336583362149,0.5888941887426359,-0.22694276180849243,0.09348718623501091,-0.24254550378014886,0.10449836602461814,-0.3490975495538824,0.10831169394700231,-0.3771860827933732,-0.1527295864664348,0.11530450022270658,0.1817115183092116,-0.5029921297735594,-0.18410873985330076,0.3343936447800276,-0.39070196647227534,-0.005170124718566066,-0.05865050193277848,-0.17555763455127169,-0.1078165985054382,-0.41870851110563967,-0.055426031358105546,-0.03651377284296062,0.273718159997802,-0.21826106208835117,0.17406697956449949,-0.1776203798830364,-0.13641296323337718,-0.08622363654259613,-0.060105985915539555,-0.2119675277458423,0.08922039434016915,-0.12825039689369855,0.006118151992923378,-0.08483838041637594,-0.4835754972557123,-0.3183167166504198,0.04080533889970085
Angular_L,0.18064468426583924,0.05251901568523948,0.24703398720624645,0.2512225579251311,0.3210468059666883,0.4103992965399838,0.23186360113903323,0.16800601867079298,0.02339313265037126,-0.022405385033371084,0.32338702843492695,0.016221970987729307,0.06869433393149682,0.8331026461426116,0.1106410242594925,0.3578697283325066,-0.03090310201942644,0.02990354689791448,-0.11166107564687641,0.23743038517603293,0.14800839143990932,-0.059152416066000246,0.4964014214544665,-0.19505587551045944,1.0,0.10835831294658257,0.12876312341517254,0.36301970270368733,-0.21729998469451495,0.4098272284534741,0.08328793854252489,0.42781205682045487,-0.14280661689283308,0.24695593822533235,-0.13662349018793937,0.3599032209451398,0.42877819154432895,0.2535377852125399,-0.018934276466630477,0.1919600040711514,0.4247142730500047,-0.0024585029509960814,0.2377217379277385,0.19700949161937267,0.2140472124392512,0.25517145013238857,0.10842029676090201,0.33353077206633236,0.21908686324177248,0.08891166859079248,-0.234968011131242,0.1787730286419482,0.0495945780712652,0.2579104883737251,0.36528614366147877,0.21214383700768874,0.13189255099042657,0.16166219233642828,0.05063610395617234,0.21674609150169521,0.10246850395899568,0.13934460533733606,0.14171359266846423,0.4145362188912048,0.4574781755851322
SN_pc_R,0.09835160840738515,0.4593174723912287,0.26020297468337567,-0.07965645424884299,0.06861725183271743,0.39244859786825775,0.4861015000307138,0.5860053021396557,0.11606325305018965,0.408223419422517,0.3089463525155454,0.44078357129840245,0.3094469067606299,0.10584914638620874,-0.034971131855741446,-0.3209870635627144,0.37426804069747693,-0.38166262611857976,0.4779171869058165,0.45055372697472396,0.1594121074407435,0.1355962934649517,0.25643570284487266,0.14941473535207062,0.10835831294658257,1.0,0.3444368632922253,0.28264247541042237,0.12416365395361144,0.2691149518029969,-0.0751449473283807,0.12819310830046543,0.297113660726216,0.21210916158252963,0.007776638014495063,0.3368384094390357,0.3123080494188483,0.20227983260345858,0.21032413142416825,-0.0695843394841589,0.4359383409505812,0.19518830314043376,-0.03671760705189476,0.3068974396373614,0.34030360468545856,-0.08006182672570569,0.3836943125797715,0.18979768151765725,0.4208650627288542,-0.24209705341470752,0.185079460229238,0.44243821307805226,0.1267786967348049,0.394826490382142,0.42522969596439064,0.27888227768726864,0.3856948719610723,0.01202369873119572,0.298875300017808,0.45557804908420024,0.32863877380041245,-0.30084093201101697,0.0522921015946217,0.39671684590856093,0.22263536476556184
Frontal_Sup_Medial_R,0.48204243162742016,0.45969552594238133,0.3769224272210012,0.05786895076500607,0.044635271029287354,0.5221140957012442,0.774856888954589,0.37838539743689253,0.5315068372643307,0.3514412377918074,0.5039526867715095,0.1995992686746527,0.36398759114557117,0.12345144287255508,-0.027029198873519098,-0.1208531229943422,0.1579666976873177,0.05416371269776093,0.24835451741803216,0.6793656422966554,0.1485655354480134,0.5936352776990312,0.1586366803429423,-0.18901711305533372,0.12876312341517254,0.3444368632922253,1.0,0.7567740460652849,0.033431841385775644,0.49742483338153637,-0.06228593636905255,0.5788258236761487,0.5434777513753937,0.6109743556507379,0.1605574596471524,0.6594674250847742,0.3670379111060693,0.0947132575175084,0.1573921599384711,0.12257821936073078,0.7293511800797924,0.057417953506217465,0.24477905702299654,0.1647059020948089,0.6658255253435765,0.14399690920634736,0.5023881523052003,0.5517835884479297,0.5892324261395987,-0.03192323132691759,0.22642562252093706,0.2945146350513776,-0.137890432565618,0.8403037581254553,0.6626655060546193,0.45860936970217114,0.5711546384477921,0.3906296754091106,0.699974288971655,0.5760243332192927,0.2014001765605012,-0.22388750804092009,0.3470104086799697,0.6271806687429015,0.1678217919915106
Thal_PuM_L,0.629285312607488,0.5338455726950264,0.5584220769760556,0.2817817437377498,0.2815865928952556,0.5745081971555915,0.7993953644965411,0.4368848255845447,0.531215043354003,0.29527676441719475,0.6779193296678723,0.11227336622761461,0.4891819877153254,0.3995405088058624,0.005254717964218766,0.013059537330049243,-0.036170887644982205,0.1012956753891555,0.13125008931559715,0.5776046098161295,0.39755824735171597,0.3998436720082992,0.4168015524660679,-0.3053336583362149,0.36301970270368733,0.28264247541042237,0.7567740460652849,1.0,-0.04765702164248562,0.7617248964381779,-0.045671884662046844,0.6901595684482877,0.5243162465167378,0.6408712042114086,0.1092492475098137,0.793509220208593,0.5503006941593771,0.18699988886194938,0.18201584576867474,0.18228929693827503,0.8307536858216817,0.07731012653589553,0.3064005401206249,0.10259740204741205,0.7710299662602167,0.24327520402272113,0.5249202316465473,0.804016728509366,0.6516891846057108,0.1243271992546291,0.14937967130538013,0.1826233193959746,-0.17754300080856322,0.7391305560170237,0.7902798059079649,0.5343177267188457,0.5711468304224512,0.34761437242724674,0.5243527810055949,0.6236930355190912,0.21461679066489442,-0.030956147254240823,0.26176839912354966,0.8245905994259629,0.32302655663391655
Cerebellum_Crus2_L,0.13070411650717279,0.12936176414254935,0.10125206665266902,-0.249704692085213,-0.3919110830384552,-0.2452376799658063,-0.027189381258370587,0.16343001750743338,0.07551929742025777,0.07847880949741855,0.07249066496264962,0.03331281656205103,0.09671648900161851,-0.38873870997034626,0.19637508632334844,-0.05730238858032077,0.0713510339132624,-0.09837804576700902,0.21219690339703468,-0.17649702277107784,0.02286541328590004,0.15148865494340752,-0.10810229054262954,0.5888941887426359,-0.21729998469451495,0.12416365395361144,0.033431841385775644,-0.04765702164248562,1.0,-0.025923121434041227,0.0452535443688449,-0.15414523249195022,0.2782328031071564,-0.25940373791545557,0.4669946313691755,-0.17247828417344196,-0.12272060464308317,-0.13574894702042625,0.25065656726690033,-0.5863588181000822,-0.12932538236464025,0.32367057113804515,-0.3216613244602471,-0.13544316655440988,0.10155392762187555,-0.23741308906606257,0.18058599563654054,-0.2855312552256684,0.06279871408501485,-0.037473301610533055,0.4266885387249081,-0.10811249218046522,-0.11975701146439291,-0.032948714299435196,-0.03940277237171446,-0.07869648541438568,0.07585087751955474,-0.14931610154286468,0.12876960728985393,0.004119908361619286,-0.29642961041100335,-0.12394224177612079,-0.46749152551541745,-0.17239942725818558,-0.06413700602634699
Vermis_4_5,0.40912517871375664,0.5606226390109609,0.8307985720031832,0.2750871902443096,0.34237990703736526,0.541884001171406,0.7288384591797966,0.34799545370313945,0.38410474764059954,0.27765243305990583,0.821420242415587,0.18985134848351004,0.6814620792710786,0.5455019042868423,-0.2077686523824119,0.12535621366554572,-0.06832103067615508,0.09404638046836548,0.19640484225448004,0.39444855680377167,0.6642276132018138,0.13957805512419685,0.6676116761719154,-0.22694276180849243,0.4098272284534741,0.2691149518029969,0.49742483338153637,0.7617248964381779,-0.025923121434041227,1.0,-0.00425135317048965,0.5655132534168336,0.3493890087142925,0.3517205864280659,0.07637817800338959,0.6811454444626995,0.6883470591969179,0.21050281498391837,0.44409668496356114,0.09909411121368275,0.7507336873047622,0.3249462508713649,0.21928904125788096,0.01099343005211367,0.7352660413933366,0.2758139831878733,0.38627638081202664,0.7238949177931714,0.6465572736119787,0.19121166970458553,0.22754635313023763,0.04259597354524576,-0.04851198736895198,0.5341886355857794,0.743823354524994,0.49728281572945415,0.5609390113338516,0.27052568266562027,0.4628914577614496,0.6128899534559488,0.2712754630352298,-0.11598116784594029,0.18957412489443692,0.7661029572836849,0.5812492046948999
