,Calcarine_L,ParaHippocampal_L,Vermis_7,Cingulate_Post_L,Frontal_Inf_Tri_L,Parietal_Sup_R,Occipital_Mid_L,Frontal_Inf_Oper_L,ACC_pre_R,Cerebellum_Crus1_L,Fusiform_R,Rectus_R,Frontal_Inf_Tri_R,SN_pc_R,Frontal_Sup_Medial_L,Postcentral_L,Thal_IL_L,Thal_MDl_L,Frontal_Sup_2_L,VTA_L,Raphe_M,Lingual_L,Cingulate_Mid_L,Cerebellum_Crus2_R,Vermis_1_2,Cerebellum_9_L,Cerebellum_9_R,Vermis_8,Putamen_L,OFCmed_L,VTA_R,Paracentral_Lobule_R,Vermis_3,Temporal_Pole_Mid_L,Heschl_R,Parietal_Inf_R,Caudate_L,Frontal_Inf_Orb_2_R,ACC_sub_R,Red_N_R,N_Acc_R,Temporal_Mid_L,OFClat_L,Occipital_Sup_R,Lingual_R,OFCmed_R,Vermis_10,Cerebellum_7b_R,Frontal_Med_Orb_R,Cerebellum_6_R,SN_pr_L,Temporal_Mid_R,Vermis_4_5,Pallidum_R,Temporal_Sup_L,Thal_VA_R,Parietal_Inf_L,Temporal_Sup_R,Amygdala_R,Cerebellum_4_5_R,Cerebellum_8_R,Rolandic_Oper_L,Cerebellum_10_L,Temporal_Pole_Mid_R,Thal_PuI_L,Rectus_L,ACC_sup_L,Cerebellum_8_L,OFCant_R,Cuneus_L,Thal_LGN_R,Temporal_Inf_R,Thal_PuA_L,Olfactory_R,Raphe_D,Thal_MDm_L,Precentral_L,SN_pr_R,Paracentral_Lobule_L,Cerebellum_Crus1_R,Thal_PuI_R,Thal_PuL_L,Temporal_Inf_L,Amygdala_L,OFCpost_L,Thal_PuA_R,Thal_PuM_R,Supp_Motor_Area_L,OFCant_L,Thal_LP_R,Thal_VL_L,SupraMarginal_L,Occipital_Inf_R,ACC_sub_L,Frontal_Sup_Medial_R,Cerebellum_7b_L,Insula_R,Angular_R,ACC_pre_L,Thal_PuM_L,ACC_sup_R,Rolandic_Oper_R,SN_pc_L,Frontal_Inf_Orb_2_L,Vermis_6,SupraMarginal_R,Thal_VPL_R,Postcentral_R,N_Acc_L,Thal_MGN_L,Precuneus_R,Cerebellum_10_R,Thal_LP_L,Cerebellum_3_L,Putamen_R,Hippocampus_L,Thal_MGN_R,Frontal_Med_Orb_L,Thal_VPL_L,Thal_MDl_R,Frontal_Inf_Oper_R,Hippocampus_R,Cingulate_Mid_R,Cingulate_Post_R,Thal_LGN_L,Supp_Motor_Area_R,Vermis_9,Calcarine_R,Temporal_Pole_Sup_L,Frontal_Mid_2_L,Caudate_R,Thal_AV_R,Thal_MDm_R,Thal_IL_R,Insula_L,Cuneus_R,Occipital_Inf_L,Parietal_Sup_L,Precuneus_L,Cerebellum_3_R
Calcarine_L,1.0,0.2926653858218802,-0.3051627624258894,0.5259555667214676,0.266099008739748,0.44226367169493946,0.5090450459563844,0.20753913175003316,-0.1904713675519923,0.13246363573615377,0.5456787291610294,-0.06573739618020442,0.16971396430692792,0.27059751694911977,0.3110477890362353,0.5059122923384666,0.05198282352192983,0.2873246687015292,0.46853255038818004,-0.01227820637643273,0.3469251133607547,0.7076384684728403,0.4961688822487064,0.382651311111676,0.4453287918943146,0.0806640785448516,0.285388279783796,-0.13133551771793278,0.18918617473255162,0.2608757916230656,0.14485135570272017,0.3988840476525421,0.6523462892176521,0.12356585452635276,0.1416128148952275,0.22478982108581955,0.28120735480408554,0.061974249742165415,0.11395631234200318,0.2381825747438403,0.05937587659983181,0.33520470531328633,-0.07450389759328568,0.7007807042554628,0.6513331357101315,0.2860030178818865,0.04233400111771602,-0.21160369048598018,0.14714058675715727,0.2694491557571866,0.0654457665734337,0.4191524909487573,0.7407144171091193,0.14411211462757162,0.3079321951058389,-0.038362012305379535,0.4359712608768096,0.33752622976067553,0.1709141357997762,0.5076681847675141,0.4939870147744556,0.13543529799500761,0.19802414172544258,0.0476277009021492,0.3872805490490681,0.17572858024458268,0.22611536518822417,0.4568844796491547,-0.10929494072890646,0.6487279673854008,0.3541684799479816,0.3525542679853992,0.2116575321245011,-0.024916890759482797,0.45412671845557334,0.1964603122025348,0.5689001430157523,0.3396985824463513,0.5234138251203156,0.33318176834298885,0.31057327810922275,0.35418022577086516,0.1730784908143413,0.010639630411008934,0.2692973954340322,0.14766841799015232,0.41866630206368854,0.4993094329624279,0.13083381199704366,0.04339747854251159,0.4328814500308039,0.3860684666351382,0.3733692564421206,0.030618467154769777,0.26322366059836116,-0.3269926093705801,0.03885214772236171,0.5028103593362975,-0.04983154268013357,0.4628647001340109,0.24968362494952312,-0.08173033720439649,0.33060938572626614,-0.0006822410001006528,-0.12746232849655534,0.3364169983684254,0.2920249174642066,0.4507049602132859,0.16110433409147235,0.11120191757252765,0.6123711340945928,-0.15712166269043726,0.2693979548670612,0.5940702591208618,-0.08551021759771932,0.4284734980543544,0.3237752616367581,-0.28804040371410355,0.2935581885640214,0.12564433988414256,0.20186506303901963,0.4381386671350448,0.5395651745644959,0.5530234230312951,0.20986388590431765,0.3887935062418618,0.03781716785558585,0.8652802571579995,0.05846875386250394,0.5189643281256098,0.22387823281524036,0.06291889018879068,0.14250084743608774,0.13530585371143558,0.15453926624459716,0.6188711265576078,0.09849827978312695,0.5143517571719759,0.5563083872349777,0.5262933018717867
ParaHippocampal_L,0.2926653858218802,1.0,0.3340566441355461,0.45692178633370134,0.8179139899021363,0.6640087645402166,0.4251690104211242,0.5892424807668399,-0.06891270176823588,0.12822316627523306,0.03494096293768,0.3818257428504159,0.07570186372563582,0.20053724131691567,0.7279696728477577,0.8531904360079704,0.37633561598703646,0.1451842247368158,0.5361917267761757,0.46505291161223394,0.439255104793131,0.48727309268275737,0.6051736280112988,-0.3283736338765356,0.5023605138876683,0.6256245717787886,0.6813574886112482,0.478784807773569,0.49225586878427796,0.18937153356848155,-0.045038558273170395,0.6558480635394133,0.4947263373106905,-0.03597563889225957,0.10700251051249399,0.39282551496976426,0.23072469914029847,-0.004914011894039498,-0.049521685782716054,0.13355059877721126,0.21398926442357744,0.6638180175918025,-0.1526294799904951,0.22241071560006506,0.4044651296877307,0.373415821702583,0.6112036831457826,-0.4597678523339392,-0.20967357469938366,-0.168737278289805,0.34829095476404304,-0.10660209860784332,0.4769594826994882,-0.1493842910249305,0.6914764922766864,0.1955268386926591,0.4997801484660876,0.022853972420639357,0.13829704430125656,0.47879312496373966,0.3915012873276623,0.724680150275938,-0.028901474792722773,0.17840590446516477,0.7258587292591393,0.6070541622812945,0.5959863362111678,0.5165811401700139,0.37695733639789364,-0.03513542485016174,0.13103125960131587,-0.09110046324673632,0.5558625551901663,0.03327683426130603,0.0014133391384082948,0.15013406645667215,0.7767215034766212,0.06609223727321467,0.6247677399565488,0.2379032829602808,0.4988395168888986,0.43171184406515434,0.31855406984508655,-0.18557041215509879,-0.0071175737570525225,0.55871996923417,0.7076099501810346,0.7025416082311565,-0.001666140317176319,0.4756719282979668,0.5346707646529444,0.7482771839143053,0.16788443532384306,0.11926143289319795,0.5651757125268433,0.34192423143717304,-0.21221962872775718,0.3055482000944825,0.06189176858071996,0.7001824244481937,0.24623317050722018,-0.005323392211347187,0.2900397790231065,0.4864819184142134,0.21358941342709553,0.3304268566416606,0.2826003728693311,0.5765693766734555,0.12273673696766986,0.29163206395782865,0.4944897470989597,0.23628588396392497,0.3708502637072911,0.7702513440648527,0.21255544475107696,0.8923774119338428,0.02485830921447072,0.14165153371510694,0.6555076585036782,0.2784003513686789,0.024055060117617214,0.4539238587177228,0.6409004153680554,0.6215051384013351,0.2148655308226021,0.627113579345994,0.6559978134086376,0.35791863005418095,0.23555263311733599,0.5427591967922457,0.5894359861863012,-0.003902016517051747,-0.10414976705930483,-0.12467614897652113,0.7367785376162583,0.016727757675074638,0.009965912384703493,0.6106527318601292,0.5884910478133433,0.40776461674238623
Vermis_7,-0.3051627624258894,0.3340566441355461,1.0,-0.15280368881942288,0.32560021220620095,-0.0490444101950441,-0.1635596878144299,0.3914452005102101,-0.06137933580975666,-0.08425552604354519,-0.6349316270093731,0.354157913063202,-0.21805695230683764,-0.19967521625666915,0.08690788037984166,0.08757825175293396,0.00106433088564097,-0.36059937700580214,-0.27377791877138774,0.3703143612199417,-0.08982256321804832,-0.11984032121889092,-0.11348734683323265,-0.7402806628046883,-0.3602465146730713,0.21761519993240688,0.033402511976981276,0.680376028291145,-0.017847017568083483,-0.13065899231176306,-0.26144545113407214,-0.0939643985896068,-0.3634167417144317,-0.395482456165094,-0.07963755624002507,0.0011338481659639787,-0.10438181278301893,-0.5700334995712694,0.06596776771959925,-0.34926579134857005,-0.009244377717927852,0.2679445257643014,-0.25896853539079673,-0.30209218482727895,-0.3133170965825676,-0.07120290308068204,0.28880608334730745,-0.131999562253136,-0.3520706187450856,-0.3944015677533379,0.0844689572453951,-0.3510216457164799,-0.3353054281288733,-0.35883342897686893,0.30724194176888764,-0.1122716914018077,-0.12540498798897795,-0.42912328019774515,0.07287274215357996,-0.13362481080747357,-0.36657928880693785,0.41385625307355284,-0.5005126327350529,0.14472273707081051,-0.08194572932475488,0.26662295255145874,0.09908754911755537,-0.12943085836063514,0.5248423242883686,-0.5478919900913192,-0.5270408676464466,-0.517828615432174,0.03622664553602074,0.028234021683376756,-0.45152946884305345,-0.38571630106446647,-0.07509362166807294,-0.4777408657638713,-0.2208957420666929,-0.11889983581778557,-0.07511276209231815,-0.025527948647725666,0.13424799904172313,-0.16407380812345732,-0.2408966950936273,0.10846541932362135,-0.010581504815298313,-0.11585929474153632,0.0023356835173676737,0.13825082842715736,-0.2117448681567699,0.18665949530236461,-0.2941656581292539,-0.008416628738190947,0.10105920253089305,0.7961072876242317,-0.3293300462752116,-0.34106510429176795,0.21861515411851334,-0.035001299744581625,-0.09773850535479799,-0.011137693656829208,-0.15387062542197613,0.32104860405114727,0.43210225748736825,-0.22804559090718413,-0.37086800781542306,-0.158104592456663,-0.16743139936234647,-0.05235356189644038,-0.22951652506712023,0.2661059461564011,-0.020433983021312746,0.010811686367585963,0.1461501025242863,0.15185515454968837,-0.2910281222030391,0.298833425473541,-0.07156447834254127,-0.09597141982478927,-0.2830984960912633,-0.3780785822336231,-0.15852365904251414,-0.06823588797736052,-0.20293679096466313,-0.08027895771699538,0.422661213619533,-0.2643677873376003,-0.0957582787929275,-0.24122598474095247,0.03738719170227586,-0.23676971564065624,-0.495058833833484,-0.5163459590920884,0.44158683707451635,-0.4723027123381575,0.024766762827041936,-0.023419992558375378,-0.2055219401035598,-0.3741101010526173
Cingulate_Post_L,0.5259555667214676,0.45692178633370134,-0.15280368881942288,1.0,0.3169038681641732,0.6934365116646225,0.30743865343655064,-0.01166291557876125,-0.0929348965721537,0.2902485478865168,0.6379701990046615,0.3266185641891996,0.582782357853021,0.34030360468545856,0.6399202611572141,0.7113911491007324,0.2331971181217573,0.3871845905172366,0.727340722150484,0.012014342392461614,0.4158978911294464,0.3271110250292589,0.7145614258875542,0.28383882701996677,0.6166384486776283,0.5212386550978031,0.5168534549236607,0.05047679157830503,0.18757776302871268,0.4803172480550608,0.40998786819571376,0.7644488884502931,0.7837111129337729,0.1613485223723407,0.3581613467383393,0.38137060583281107,0.3004465619332657,0.28855695899245815,0.09855748342257448,0.5886543330209637,0.12252257343795886,0.059851655778546474,-0.07533079532532203,0.5408703596428603,0.5695531728048977,0.4816233747575637,0.39001227145994827,-0.05865050193277848,0.19316972171829408,0.1871470986048498,0.29070550157247105,0.4698070243393998,0.7352660413933366,0.24831852582158911,0.05485855643264932,0.02288705725085284,0.4747791838680601,0.5721037025015496,0.17743251798276058,0.6372410138052632,0.514965017832299,0.09816529207156145,0.39531178412583606,0.023867744434138766,0.6057261527561579,0.5462084492608801,0.4931281741163864,0.543594271796919,0.08622110673043071,0.45179574053682614,0.377190448735265,0.3832664078620142,0.3902298788272619,0.006068857688512372,0.48983710766234717,0.4282745713708233,0.7412022276631792,0.5315137649885406,0.7945716598499902,0.5146265306183035,0.6142674317322033,0.6638593159364926,0.32706040395258135,-0.03713342552925901,0.3022840403691973,0.484879011524501,0.734656539534457,0.790583146920447,0.2038961245796664,0.3219022289686319,0.5872015619013534,0.48842193665910505,0.46580851253526573,0.17531398633959833,0.6658255253435765,-0.08039006681638228,0.3325098615020034,0.6202517395797953,0.04642473773365213,0.7710299662602167,0.4807955666127933,0.25939039595678354,0.46762023459289276,0.03141117783549818,-0.06548879986350375,0.7132657860789817,0.7210008037770607,0.8350047877030514,0.0077492258729969,0.4526619814766025,0.8474434224323795,-0.16077772440511431,0.42236630137755626,0.7260758463026732,0.1818458841999476,0.6900981990720245,0.5350027958425423,-0.10753630959823439,0.6991311315235564,0.3935196672592381,0.5890538033667799,0.7345657463535527,0.7549790358540404,0.9035857030726002,0.637057144618363,0.7897247478754811,0.16794765907061085,0.6308662862183161,0.1295148141872514,0.8508694769805478,0.38858381970265454,0.1759400719935713,0.33455134315285484,0.332758429416886,0.10826473895340438,0.4635924422170982,-0.06863612620110665,0.5711611872533051,0.8727487780615215,0.8184489018477482
Frontal_Inf_Tri_L,0.266099008739748,0.8179139899021363,0.32560021220620095,0.3169038681641732,1.0,0.3895524558746433,0.4832565401162333,0.8278616648926216,-0.12107058445090005,0.20331302022112377,-0.1554793050638357,0.19653238677613186,-0.10587153014290386,0.09318855591337447,0.6572718928615454,0.7656443618440631,0.4000202510988335,0.07486710430508646,0.4578960463514207,0.474863666704871,0.38072017607283676,0.44606982912893256,0.45736477838557427,-0.32241208336043997,0.4223585571523086,0.41853079155327666,0.508381438133952,0.5211911239003,0.5962379209977551,0.02720503017295287,-0.29597215655828873,0.49744877633803686,0.4597206439707865,0.02931738783634421,-0.09802156723747545,0.14274119404230884,0.2002492136213209,-0.03852090638836656,-0.08858932573080881,-0.005077615488843216,0.19068431703331543,0.7989368238686082,0.002032561353702567,0.12192911289619683,0.24648895987993683,0.30195785796469565,0.4903556345686769,-0.5125408477429403,-0.3350132206233358,-0.271856539345247,0.26457783234799104,-0.3158760507776107,0.38031077711085515,-0.1530905799679954,0.7893617121530305,0.28724271976912247,0.41075403856293025,-0.2442448269395101,-0.044025688885226434,0.25934058569781077,0.465785694501596,0.825602410025268,-0.13965795415956656,0.24961797020331805,0.6145753758407837,0.47966980637195017,0.6208286876462221,0.5371498350512918,0.28591026909656225,-0.06620333794013751,0.08554927432090526,-0.21563202056103845,0.4290874875005121,0.1046682764142631,0.09243300904017053,0.154279501382081,0.6893392724260909,0.008227415764913613,0.48502949927681444,0.07114306028094045,0.4187224782074819,0.3914152128345674,0.20279334609523392,-0.12805500498710673,-0.12027754714618667,0.3352489001886974,0.5128806283523906,0.5365737242707697,-0.14759603515604172,0.5333328819530107,0.5460853145491712,0.7602792240077313,0.13056757855139922,-0.013022944059340279,0.41183310107840543,0.35980784267635946,-0.3952628304966763,0.13132825020450173,0.06388681481005845,0.5372939310330155,0.17872772057269115,-0.15338941649590526,0.12911062980887575,0.6058773229789456,0.28934456646489193,0.1203442330431066,0.07436377402057447,0.37482344868419487,0.17550172024543675,0.22643695780433504,0.30069044497212044,0.29346432613400547,0.23508173374424562,0.6640099638690842,0.18566766813893898,0.7262977396251309,-0.14144693978921538,0.22954493685038563,0.5313220162739862,0.23024464177224552,-0.142950388559255,0.2749838570810107,0.4514583013598744,0.5023856446529273,-0.012540053506949646,0.45045940588905636,0.6141401743094974,0.2761776548558495,0.3425643201470137,0.4527903300608194,0.6320846041606077,-0.011091557142517293,-0.09530444135867742,-0.1565656563548691,0.8779818996014298,-0.03862971347696807,0.054032899719312744,0.3770998395908828,0.3906729989116659,0.22023001084133165
Parietal_Sup_R,0.44226367169493946,0.6640087645402166,-0.0490444101950441,0.6934365116646225,0.3895524558746433,1.0,0.4642083520746598,0.013839001491801613,-0.08181015687015493,0.32794729650528603,0.5088739930923634,0.4165097397216529,0.4901104071319806,0.347739212468495,0.6897546806688667,0.7473071300216372,0.10821711796609926,0.23791371779754192,0.6441179962989212,0.1873138717547471,0.5414195174245249,0.3462885611695295,0.6879747384620902,-0.04692227001883148,0.6023604764283453,0.7424800713542987,0.6758274576295433,0.24841749414583184,0.1186870398847533,0.4113948135036601,0.31118874355912407,0.8094277298878874,0.6627058707694196,0.11345174690751093,0.29792352108442144,0.6495197403921379,0.2596358195846949,0.2186331114832826,-0.043239965769541,0.41554889861728106,0.2794078451625307,0.22882143940552055,-0.19538267018883282,0.5815904856680912,0.5815186706137067,0.5050431073065408,0.5070767361547528,-0.3232891793117157,0.015099849785249149,0.12650613350946896,0.41773430260926725,0.46588359336039664,0.7003877835093064,0.08988329178776808,0.207026017170938,0.026044408058028098,0.597788255744542,0.5553400323199152,0.2027728797749732,0.6641112293236011,0.5280213276155781,0.21753308166437726,0.4133006604090699,0.1284180959154537,0.7454699053080182,0.6016035124311785,0.4621120255220612,0.6775220940244974,0.2271754521150682,0.3865640422495785,0.3022390562041345,0.3421113197472557,0.46831925507323047,-0.13941197561764485,0.3239949777292805,0.18516400809237696,0.7403064819735551,0.34659438276425636,0.7586813481008906,0.6464505257193941,0.5222089392425191,0.564874164071311,0.4541559155945065,-0.004618019152790123,0.33377636207326755,0.4940731636273391,0.7880094875833772,0.8589393434456394,0.24144038310736105,0.3348738460772251,0.46664610592214756,0.5678639430441208,0.46998243977244675,0.1916815614952617,0.6768230597991047,0.057650322238322164,0.1998343655325323,0.7986661785092435,0.012753284882185743,0.7670778798451252,0.3944388937800233,0.24022226243394976,0.47592545183459295,0.3052174718727673,0.012403814921584854,0.7466596027046,0.5753407429594369,0.8419274064684441,0.12062419118155884,0.2942434279239891,0.7473385488697821,-0.09231068660945706,0.46302899246856466,0.7079494383057439,0.18033575114575906,0.7746924060668294,0.37214254705011507,-0.16838222086635077,0.6142548628010002,0.26108931988352857,0.4158207708226202,0.7064306730422386,0.8136046410804488,0.8173406602926442,0.4717023839621655,0.8321547341334546,0.4100681970916983,0.5032372740350146,0.24517480350075094,0.69967932068857,0.42180951430214314,0.07951190162658492,0.07584302936389649,0.11608790035916994,0.19128544195495356,0.35827870960363195,-0.0013988856390094052,0.8834967347436068,0.8390850058775884,0.6983549775820742
Occipital_Mid_L,0.5090450459563844,0.4251690104211242,-0.1635596878144299,0.30743865343655064,0.4832565401162333,0.4642083520746598,1.0,0.37584600165687515,-0.1956079113447761,0.33923748890623334,0.19994281858928412,-0.1068785933596369,0.021211734362729495,0.10584914638620874,0.40341478802933395,0.48513970949291446,-0.05395192706621587,0.08272428213727186,0.38999369623921615,0.08385268153601771,0.3851050643069212,0.3313671635153132,0.42366895369791585,0.018060506531934153,0.5026099810473568,0.29465522774199654,0.44167537782694566,0.2241124605401615,0.13469699735196286,-0.009613506818830109,-0.17350788638352152,0.4458599961332856,0.5663386394645866,0.20536155806310386,-0.14064066416196624,0.21020005853594112,0.20579826761855388,0.2776079008920127,-0.25040107309880477,0.05390111485791843,0.2529534556833412,0.6392161810143172,0.11108850744646225,0.6101278068830356,0.3774641212921279,0.2620708972086101,0.29318503394728257,-0.3593547286732494,-0.2791474345642462,-0.014152609452546216,0.17912536885453154,0.04626927752939717,0.5455019042868423,-0.11199536302568529,0.3816295258691991,0.17272503855191892,0.4968245959029026,0.0381824560281693,0.05971219065718913,0.297817078816956,0.6408714248587822,0.24061917497024754,0.25947199234394064,0.1268389257872314,0.48636188227278837,0.17169381268694878,0.24543836114389897,0.5704159487146834,-0.029554587843157475,0.5557137695623947,0.31738337944673434,0.19693914392826997,0.37099993237674717,0.02867843304915757,0.40442594437214446,0.030176185252708987,0.5510022795429057,0.038073729496521026,0.47173889881880504,0.22071955035593577,0.16066423864629625,0.4242979005397338,0.32941762703541544,-0.0606765592600456,0.030146246375904143,0.135964633655575,0.3543583870617228,0.4725733729471037,-0.10738883338762487,0.18153505788012683,0.2924309562193897,0.6861107756863534,0.3889554425951048,-0.07839750544984739,0.12345144287255508,0.026506546488616046,-0.2247552775758511,0.5272586940680531,0.014522392522919904,0.3995405088058624,0.12415685908165658,-0.2854211493378972,0.18386470970921182,0.3357873995294184,0.1523674529586875,0.26615554685905507,0.10369288403675882,0.32063655919860934,0.36767781037242375,-0.1318187766440422,0.5220896334710095,0.10670684091196088,0.14570017943443062,0.46620761895130697,-0.046196094555750813,0.4741580773633819,-0.15035286911036877,-0.11708724608205469,0.2090155990675174,0.06480786745316407,-0.058478952732470973,0.30372000411101974,0.491058263265426,0.4698968189837629,-0.09437468448955248,0.3282226726666875,0.22352293718049596,0.4074876335979414,0.4892711182955934,0.37853325988448017,0.4530073304826628,0.1048538306646957,-0.03352734910352974,-0.07729065162638594,0.304631033504142,0.48824736480653663,0.2551939895641633,0.5434500034690545,0.5169696502810303,0.25686933180091837
Frontal_Inf_Oper_L,0.20753913175003316,0.5892424807668399,0.3914452005102101,-0.01166291557876125,0.8278616648926216,0.013839001491801613,0.37584600165687515,1.0,-0.1867320208613204,-0.05746209482217753,-0.42184187218455005,-0.03825469695176832,-0.43992397230564056,-0.10487351866323832,0.3690068216109692,0.4650553132371479,0.26457344045706116,-0.09593859854294566,0.15335779227903862,0.3343032018718669,0.12972374893607125,0.38627476727403065,0.1310189320606281,-0.32013208637378976,0.14348284335992956,0.037687796616803916,0.18341476567940765,0.40745800462042225,0.5120456169765959,-0.22628182804332422,-0.45052249570968816,0.09650546067719486,0.1575539561802716,-0.008915656784083337,-0.3062927371170619,-0.17608401775445584,0.14229506811836404,-0.22871579507475723,-0.05245709025340267,-0.28133774084730223,0.003499100381282718,0.8242490064621182,0.016587227714302783,-0.05476252928766772,-0.01880623825119552,-0.03265908233468042,0.22393160567106657,-0.3733647054016438,-0.31886953046646854,-0.3887606972576204,0.016024557847613915,-0.5557339467176309,0.10904874145248136,-0.2282552969081908,0.8088281874109052,0.25259293835171426,0.08598985311782667,-0.552932763351864,-0.03764644362668484,-0.03499670177640289,0.20013216267284345,0.7777328125322563,-0.4433393872179019,0.24068640558079665,0.24514962075618812,0.1740033190664743,0.298353418646245,0.22857103612017596,0.16822592382076082,-0.15681385378620574,-0.016340054206913052,-0.32586991519514985,0.22975966063885186,0.16455625517316622,-0.11093694862452588,-0.03545796120716395,0.39159723543256136,-0.3052893133184002,0.1105359905079022,-0.21734538281478927,0.14867930125633833,0.11169448034834098,0.10904016964715223,-0.20327187298331756,-0.29951294091376035,0.1556956966789226,0.17233890057626722,0.14533619331248987,-0.16572137702841055,0.24993639867070344,0.26286489827881654,0.5439918534051751,-0.06453251109342763,-0.11987595538110943,0.09420262419825172,0.34801375816679697,-0.5846598919283612,-0.19729755578273636,0.18543682796134642,0.20232895703896883,0.0429953010669513,-0.38683343557995215,-0.04238228138450561,0.41596648365470346,0.3442260570881296,-0.2770657950781439,-0.2834561927519009,-0.05875296625163989,0.15441208737145234,-0.01846399089656216,0.007552449013768122,0.3264439081572661,0.09272705459260518,0.38483394915135916,0.0400133419307824,0.4162102196911416,-0.34412254474690135,0.37092204813970725,0.1852762041191513,0.052131102109753635,-0.434286861392852,-0.10643122548491013,0.0879109815444481,0.12937328721527086,-0.2818981916096293,0.035132863544399644,0.47890829684508796,0.11094349359855017,0.08537505582772083,0.06884188744757637,0.39514572711598467,-0.12075144262568688,-0.2619718554414155,-0.32241764025572067,0.8713206136823162,-0.13312562370363562,0.16988821909135293,0.07005680710491814,0.039871293850975806,-0.10347926184921385
ACC_pre_R,-0.1904713675519923,-0.06891270176823588,-0.06137933580975666,-0.0929348965721537,-0.12107058445090005,-0.08181015687015493,-0.1956079113447761,-0.1867320208613204,1.0,-0.36586923545738564,-0.04350533057097033,0.03355847300935924,0.346233053207537,0.37426804069747693,0.065643589956812,-0.0862328747519211,0.2535869216867313,0.22238318866498638,0.08085788422794273,0.44972340787362947,0.02752633760754704,-0.16700614261560148,-0.04346832253400883,0.05342695507344469,-0.1484730102098109,-0.04474138751099956,-0.0514445955437898,-0.16497048909732662,0.15331860461176108,-0.0164130526060035,0.284845384385151,0.0272182624502156,-0.12915602813650243,-0.4929468145643629,0.3775844155140776,0.05425853362858055,-0.17117689584642035,0.03020573741001436,0.16954901437702607,-0.1332546648035424,0.02785710461872464,-0.2598429931500118,0.0401295698300606,-0.17340535510035432,0.05328341370179857,-0.032051704054565165,-0.11044401909002068,0.16766550592490356,0.27179420934346854,0.20299874478401073,0.03759332682118983,0.14389452022601074,-0.06832103067615508,-0.17091452260715723,-0.2999684883347286,0.35425603346269446,0.049875163878664586,0.22210327569479069,0.023032244477498253,0.18276042534387033,-0.173181195334637,-0.14476036377553686,-0.007816794897162251,-0.46932662345991405,-0.09303905741219443,-0.02735804507986978,0.3915846892934818,-0.22835643161307045,-0.03449199671044499,-0.04423109405560144,-0.1563493767192007,-0.2934598086370201,0.15496934091309789,0.015152551890557845,-0.045485091427154116,0.17082246491335154,-0.07444404268596395,0.1831847181241004,0.005615693508533553,-0.094629146472408,0.0011288055806029707,-0.003650041959290221,-0.4159168648335467,0.13153884234444738,0.032967752459445276,-0.08186319052991635,0.04172010264857316,-0.02600952440612036,-0.30260106546436094,0.04847550702313498,0.12584529194085833,-0.04530797352962731,-0.04189861699259923,0.25140879290017754,0.1579666976873177,-0.11107529087378497,0.4323095019354589,-0.129228858520766,-0.30262389686477803,-0.036170887644982205,-0.24498445063408616,0.40188683713290785,-0.12859448000891077,-0.13571840291331697,-0.10438576284784931,0.08418902029162643,0.11746394689689776,0.07370971342902134,0.016707346904362975,0.11716510374463703,-0.06800666351860787,-0.3050248243014034,-0.12327880608355417,-0.05794277314323674,0.38655993608770733,-0.07662610908952729,0.04133697455779373,0.01679388027185981,0.02299243601031411,0.062293790396222105,0.3551312232989097,0.08495294669910501,-0.0007389418268361849,-0.10489216034825699,-0.018974717368491496,-0.09352252747847445,-0.20881526302759276,-0.10483094146425122,-0.07486452147373747,0.03765125594464623,0.054904391966460936,0.1621652876126217,0.22347109662967776,0.24089965202607386,-0.03559100046593921,-0.03774016654349071,-0.18354601777701338,-0.05163084457928234,-0.039587677610224,0.04110376267238049
Cerebellum_Crus1_L,0.13246363573615377,0.12822316627523306,-0.08425552604354519,0.2902485478865168,0.20331302022112377,0.32794729650528603,0.33923748890623334,-0.05746209482217753,-0.36586923545738564,1.0,0.27266489219170453,0.08062684385525702,0.12791234242455476,-0.08006182672570569,0.12300695352202788,0.2516549427787693,-0.10962110741982567,-0.10848081331137774,0.26519968562960367,-0.10370774577722236,0.1671324348812299,-0.00937714367492323,0.22341338831589022,0.04367783312723978,0.35490939423179124,0.34729607425342535,0.27990801157963535,0.24955194212133922,-0.0185945685938361,0.11656224370525024,0.06288339864261068,0.3224325401542635,0.3601286825715593,0.4373622650773457,-0.09426707158258739,0.16573340151974114,-0.023359968010232695,0.288020111322527,-0.17050021031897872,0.2643697411769278,0.31657907793755885,0.14595933674272696,-0.0603632017339069,0.29258859533450465,0.07189760737516614,0.28321251573347295,0.14066217926924082,-0.17555763455127169,-0.15263640770661763,-0.011624892192971406,0.1515131255476861,0.13618330841634066,0.2758139831878733,0.10324587815450155,0.0682216450282422,-0.13985917947303073,0.22994440725227108,0.08352134267571322,-0.05852977811348114,0.10850761718676664,0.4575939267968798,0.006919885726626066,0.4328101621186236,0.3741402509390589,0.32472838813549937,0.24594782612054428,0.1175701445466386,0.529345360082571,0.08201330746725151,0.27961908394929536,0.11199066879028116,0.21550952648748717,0.07741221510937109,0.08000729629684335,0.30727014066670855,0.017656916552792806,0.2668923246208004,0.15675530979512636,0.33848329676167027,0.31025555084393425,0.19996543844055978,0.3476073526441374,0.23733298093752794,0.11647268877581135,0.19027164802999655,0.08263190443581041,0.2227149860383953,0.3447195885734144,0.10284985418601078,0.3814052054172085,0.19086489428638925,0.19790637361641955,0.2286596385229291,-0.06650658600628027,0.14399690920634736,0.11758597772204953,-0.09986338766752301,0.4368219673464605,-0.013905151041069532,0.24327520402272113,0.10836084891013675,-0.11816103075261773,0.012631481374167385,0.25821534931793855,0.09511484328589835,0.24849158942891414,0.2163343139579595,0.29960011342731574,0.019570993928711155,0.021846682498090346,0.22687150405200296,0.17037038723165127,-0.006872486394942942,0.15376886419894173,-0.14245394955899277,0.19871089371162753,0.0005794226867155294,-0.05625947549704173,0.2726739625910984,0.06574169602297836,0.07965939381828206,0.20824250494236485,0.2509417488441353,0.38778766891716704,0.1301380252792417,0.38936671224672664,0.18905967135090485,0.10242160034163902,0.6069207146287641,0.32474064002464664,0.17433407388211306,0.05686862506123706,0.02502270619964857,0.002184598918377671,-0.015861592724742364,0.26774005974158294,0.15482065677250934,0.2852194095541951,0.2780883420681157,0.22136012433816682
Fusiform_R,0.5456787291610294,0.03494096293768,-0.6349316270093731,0.6379701990046615,-0.1554793050638357,0.5088739930923634,0.19994281858928412,-0.42184187218455005,-0.04350533057097033,0.27266489219170453,1.0,0.0664170020320114,0.5618639501751932,0.3094469067606299,0.308168921413664,0.30180667054455124,0.036677599063695145,0.46109080529584046,0.619035975710736,-0.30387592408865877,0.4482487762234973,0.3091436365375862,0.6084615582085007,0.6632135000136797,0.5807893989226015,0.17936535412934512,0.24071447032071483,-0.34855728126060803,0.044807474717718176,0.4627154013784685,0.5138925070880005,0.5336716529226148,0.673822584204997,0.35125139634610825,0.3549473609823997,0.45461246364975816,0.2967315778797004,0.45270216191786605,0.031033832434961266,0.6664454328721688,0.09120653232205223,-0.2994722654861548,0.049825522796803835,0.5539582528889776,0.6767163264077521,0.39100256967748337,-0.020938319797249375,0.09376924482929021,0.4538557906838683,0.49326731815408126,0.06787865946075548,0.6828909074681222,0.6814620792710786,0.4084458821662812,-0.23049103737476798,-0.09235945631582064,0.46379849456227873,0.7478580844657431,0.06001210704158559,0.567660289704132,0.5101443834227729,-0.3108287949879574,0.6307188900880647,0.007777803608077868,0.41623197087268626,0.22088066957232022,0.1518125393208254,0.40691666344388416,-0.29252139133036625,0.610010658979523,0.5209684265845005,0.6637376746378514,0.1273455905534974,-0.10346609335509203,0.5749702714462385,0.4472444994268174,0.44588532877846104,0.6445158628182996,0.6488310122886806,0.540661647192953,0.4030828034459543,0.38407552175782267,0.18191498050268198,0.11424650608162831,0.30931447177388466,0.2584840111627994,0.4579846070936133,0.5742455902280297,0.21084841988188846,0.07563659748190861,0.4253513385680244,0.02739348850468871,0.4509480643309804,0.12216031019452088,0.36398759114557117,-0.5649497544201898,0.4966841608337894,0.6517182091173894,-0.1353113740453652,0.4891819877153254,0.39679399600345855,0.24563626786903084,0.3710339102170285,-0.20595685407296488,-0.39539372899142783,0.6449691312599697,0.7376915724350644,0.6296203053616705,0.05379331561450249,0.32842374612362923,0.6194186378571274,-0.32398290118289447,0.298362011501433,0.41572201351212607,0.006506531063677907,0.28430128691426104,0.6237763929129273,-0.29701538287609264,0.4546389227195631,0.26485430165959617,0.5776802504466441,0.7151098128973937,0.6414047895444757,0.5478046208312822,0.5906224437409204,0.5987531836279054,-0.19582210474002867,0.5828669185591022,0.02835302407218863,0.6484454128303991,0.1553626913606847,0.18994001360932863,0.48917556028631687,0.5218839079281192,-0.34218001040777907,0.5411470403249503,-0.04878555787436545,0.4751007885315821,0.6180002563392176,0.7773624808502816
Rectus_R,-0.06573739618020442,0.3818257428504159,0.354157913063202,0.3266185641891996,0.19653238677613186,0.4165097397216529,-0.1068785933596369,-0.03825469695176832,0.03355847300935924,0.08062684385525702,0.0664170020320114,1.0,0.4211232528249655,0.1355962934649517,0.44420287533393216,0.34534096874394693,0.1303777252808974,0.09509870392789803,0.3317696869404995,0.1899607345761775,0.2400488868286947,0.007873420885362775,0.3391173059442581,-0.16950585453960448,0.0591468463940658,0.4689447021512368,0.2285167910188851,0.3614108345487529,0.04697100827909669,0.7114278995787991,0.1907389020698775,0.33714785006062736,0.04043902657419939,-0.16822208085637136,0.19813112262097077,0.36001929858239484,0.19171903032782842,-0.12808774305241039,0.05963709554374709,0.3006137918567916,0.0027236088479653687,-0.043241225747425116,-0.26181013824620036,0.00310358064369958,0.20005737443479568,0.6256698813678531,0.2906807536937225,-0.04516539867925788,0.03635002065729461,0.08504068585939673,0.3504747191635419,0.1555337412239697,0.13957805512419685,-0.03693363358432899,0.04846132101784457,-0.1470044780760906,0.271520910816252,0.236982259627418,0.11477273343935426,0.37009772177889505,0.057114845900460405,0.18690453584752056,0.019515787614871747,0.21577549020361497,0.25962714416257066,0.7886451603289575,0.3250116510483573,0.2284543623978135,0.38794211438069953,-0.1255806606942737,-0.13686840263552125,-0.029691439268950136,0.29753745127114417,-0.1254781585527279,-0.028638067356975487,-0.016870665360503394,0.2636569171765805,0.05923505543872799,0.28732638245224484,0.4065206623316525,0.31455975729367497,0.26148709569993467,0.29197317145309964,0.023945931887804306,0.04203668573403536,0.3772486916130159,0.37173392212769096,0.3932307157870569,0.07854369144258526,0.16070194356255607,0.15937855651365523,0.21614941323810904,0.03430523157222766,0.006505120941479935,0.5936352776990312,0.2531988794239682,0.18590911892153697,0.17647930723353367,0.12137204480032164,0.3998436720082992,0.3714405745392859,0.30293434584820744,0.2754511544103624,0.05482566677440883,0.11481598028676598,0.3805136920220392,0.2421223016485485,0.40236157816008944,-0.11041052504144792,0.3897132807206861,0.23313184649831317,-0.031762698502653605,0.4349945154615916,0.26542245911993795,0.3088607279303372,0.41541038340066455,0.35682522414148693,-0.07271457725313644,0.3728396268824743,0.11041316065162589,0.3226614628637357,0.31149834348166533,0.3292640649785201,0.3846519595473569,0.3811002810602772,0.48448633256079926,0.34354341026007373,0.10205390692181367,-0.10912201111092104,0.3123954927685109,0.14649855582024734,-0.1220777766252042,-0.1376570428932521,-0.040333346160315545,0.21167152549255483,-0.06955504128904615,-0.060973932989089846,0.3255721289464653,0.3015463124652024,0.272696239952982
Frontal_Inf_Tri_R,0.16971396430692792,0.07570186372563582,-0.21805695230683764,0.582782357853021,-0.10587153014290386,0.4901104071319806,0.021211734362729495,-0.43992397230564056,0.346233053207537,0.12791234242455476,0.5618639501751932,0.4211232528249655,1.0,0.298875300017808,0.4790704127634672,0.24591264528323414,0.1721376568070464,0.45680078288205433,0.5710891084773635,0.0270607981984624,0.4342289583218942,-0.06838401809289733,0.476290084560076,0.2815713786627057,0.3082842660144519,0.410340976244957,0.24983442418687604,-0.14678120708976453,0.024034485359978448,0.5091764429179146,0.45195154910112767,0.5561425374982429,0.44950244566636005,-0.015649611600888663,0.6213789720910855,0.445493774196038,0.2716718469992332,0.3010989611842956,0.19178109077913372,0.46018268716915256,0.10882422825185106,-0.38462072906264394,-0.0266006674875675,0.24903795545766824,0.47884139252246355,0.38889179421254694,0.1834169123608302,0.08922039434016915,0.388313136558236,0.4816765323378692,0.1547678201485532,0.5997352164376614,0.4628914577614496,0.2996545633637246,-0.4523817593779157,0.09242926846405816,0.3594716416693425,0.7604303531825753,0.02789594810285639,0.6570601830998016,0.24061448948828956,-0.294557470137096,0.3911511949356713,-0.13220943238825264,0.33645755940268374,0.40265231152648684,0.38492513620607927,0.22104626125508445,0.015150618231201455,0.34024627866690244,0.06166158409773104,0.2303237160125835,0.25476724656148675,-0.07812414451655972,0.5044962955426217,0.3891212211433646,0.29226834549187375,0.43446496191942213,0.5405454791251665,0.574251477720413,0.5173708728162029,0.4246160121211347,0.16277398494597717,0.20049238372907324,0.3661220412076833,0.3174651246302077,0.5089057747851329,0.5412539719008799,0.18543776675667045,0.20121042734409422,0.4028468856211593,0.1233644615646643,0.3028413734430257,0.19576505595469249,0.699974288971655,-0.18452816348764833,0.8081174521567188,0.441281384343182,-0.051612874278645665,0.5243527810055949,0.4512407799304098,0.6827111838475786,0.2815346523411372,-0.10848162630402655,-0.2515110970500425,0.6828851665220124,0.6900713105330598,0.6708093652330112,-0.000863573404123691,0.46429583575207173,0.46918458194688933,-0.378964598707798,0.34254625444555165,0.34463957867757483,0.5799490462928448,0.27410752066731164,0.5737271542304124,-0.22749067823956606,0.47933500078110153,0.2705568811462805,0.9398945317891133,0.5985872417218503,0.5470001951734296,0.5294090968424702,0.5735949831525545,0.6353841799299877,-0.15051865364333858,0.3663306727398201,0.00317578097030166,0.5897096534463054,0.3260663457689825,0.11506641477104103,0.40118688829137245,0.44514097212599324,-0.1879715038879409,0.34791226693287386,-0.138228404251081,0.3649213115870595,0.5175419835110147,0.6817651846968236
