,Cerebellum_6_R,Temporal_Inf_L,Caudate_R,ACC_pre_L,Thal_PuA_L,Thal_AV_L,Frontal_Inf_Tri_R,Cerebellum_4_5_R,Cerebellum_Crus1_R,Frontal_Inf_Oper_R,SupraMarginal_R,Frontal_Inf_Tri_L,Precentral_R,Cerebellum_9_R,Frontal_Inf_Orb_2_R,Thal_IL_L,Thal_PuM_R,Heschl_L,VTA_L,Frontal_Sup_2_L,OFCmed_L,Cerebellum_7b_R,Thal_PuA_R,Cerebellum_Crus2_L,Insula_L,Cerebellum_4_5_L,Thal_LP_L,Vermis_6,Parietal_Sup_R,Frontal_Med_Orb_L,Precuneus_L,Temporal_Inf_R,OFCpost_R,SN_pc_R,OFCmed_R,SN_pr_L,Fusiform_L,Temporal_Pole_Mid_R,Precuneus_R,Frontal_Mid_2_R,Fusiform_R,OFCpost_L,Frontal_Mid_2_L,Temporal_Mid_R,Temporal_Pole_Sup_R,Thal_MDm_L,Thal_AV_R,Vermis_9,Cerebellum_10_R,Cerebellum_6_L,Supp_Motor_Area_R,Cerebellum_9_L,Thal_PuI_R,Postcentral_R,Thal_PuL_L,Cingulate_Post_L,Thal_VA_R,Caudate_L,Cuneus_L,Parietal_Inf_R,Lingual_L,ACC_sup_R,Rectus_R,Paracentral_Lobule_R,Frontal_Sup_2_R,LC_L,Thal_LP_R,Pallidum_R,Vermis_1_2,Frontal_Sup_Medial_L,Cerebellum_8_L,Red_N_R,LC_R,OFCant_L,Angular_L,Supp_Motor_Area_L,Rolandic_Oper_L,Frontal_Inf_Orb_2_L,Cerebellum_3_L,Cerebellum_Crus2_R,Amygdala_L,Frontal_Med_Orb_R,Lingual_R,Thal_LGN_R,ParaHippocampal_L,Hippocampus_R,N_Acc_L,Thal_VL_R,Occipital_Mid_L,Cingulate_Mid_R,Temporal_Pole_Mid_L,Olfactory_L,Parietal_Sup_L,ParaHippocampal_R,Insula_R,Vermis_3,Temporal_Sup_R,ACC_sup_L,Vermis_4_5,Thal_IL_R,Thal_PuI_L,Amygdala_R,Heschl_R,ACC_pre_R,Raphe_D
Cerebellum_6_R,1.0,0.30655377042172394,-0.09776424861520204,-0.3138226785665004,-0.3343581053631418,-0.0017201804096847219,-0.315526747433827,0.6032156864785202,-0.3111382937522576,-0.3569722347841046,0.22255128092125062,-0.13645996082960696,-0.33970709353685963,0.07041445324951501,-0.3104069947435297,-0.2832214568143724,-0.08888586284861534,0.48120101090421985,0.20632613814013653,-0.2879772952845396,-0.5477020989690202,-0.34881938552167135,0.5007754529904558,-0.1350534535060138,-0.16690623471955152,0.7247465636165263,-0.14255419286435103,0.0,0.39653478967126315,-0.6113595164121479,0.4608576999759659,0.3643518765853237,-0.5335080044556961,-0.432421439613343,-0.4917786175205604,0.10497759803910729,0.43857784262313165,-0.279788911051008,0.6073551597103922,-0.2750922750783187,0.6759917200908659,-0.6700174566265963,-0.12487117313228531,0.4554736396148926,-0.37776138690058186,0.10049319569826243,-0.3692465402347249,0.09110667417980346,-0.3301213233073849,-0.42414274637067306,-0.38857201858194096,0.6765126205675459,0.35614870786083297,-0.08209354119240889,0.028980093606614788,0.23708626956726384,-0.34434012180900064,-0.03206215292469966,0.0,0.17320123352387995,0.6943947331162322,-0.040071212476993794,-0.5370251539202151,0.14092111977040286,-0.29728949232540025,0.754477832968038,-0.20518811211006638,-0.01880752695721327,0.6132568329286647,-0.1988824499294901,0.3998976973886739,-0.46653894304174015,-0.13242232734260478,0.0649106441447921,-0.036639295707969796,-0.3957447971803109,0.17417360046742805,-0.3257524442381967,0.7812245387817033,0.1621150609667247,-0.24183469324900717,-0.5062502421376758,0.6514237417077452,-0.4009211770060873,0.6664832866498647,-0.01874660436896862,-0.019881514235299744,-0.09305456904449569,0.0,-0.2519025067962298,-0.4230599749251541,0.0701875409366851,0.47611235660784307,0.42581037636369434,-0.11402771644775343,0.7342840576426859,0.5804896668036191,-0.11469407141637193,0.7230318410709267,-0.35607960053717946,0.04418691373589531,-0.12003470530049469,0.12183993218548161,-0.08667492998969942,0.40705618205976335
Temporal_Inf_L,0.30655377042172394,1.0,0.06317519599597815,-0.18546489916241096,-0.40751246832706994,0.2076574933856722,-0.1610135081527252,0.6340321147843664,-0.6005539123928539,-0.04585072232895554,0.08291823793616306,0.179866335402023,-0.11213214443142909,0.6239136435910437,-0.5292064308566,-0.47311597301240926,-0.028026716739126916,0.7849786178465855,0.2601300276465344,-0.24683240735031856,-0.33163375849773186,-0.40168012638940126,0.5740482472071073,-0.1260353346913766,0.055525210295202944,0.6519842133815738,-0.01150841610726741,0.0,0.3854107576274371,-0.42953183553668384,-0.07645813063612682,-0.38675647902477744,-0.6620903087977896,-0.1130009197635417,-0.4306116384056615,0.1875942522146574,0.8961259512691708,-0.7790299332432734,0.38267515899686494,-0.1056023279012018,0.44056626971458385,-0.08514889056594523,-0.09406386579935554,-0.24434804027586438,-0.5439685041936553,0.3634770366211766,-0.3625874237419184,0.012922965499023838,0.20894179076685782,-0.4365855244755348,-0.37832349425552353,0.18299545452260546,0.5605502215766665,-0.07873003888826437,0.40889670872449996,-0.12752421030801356,0.03553385195199825,0.03697273846878694,0.0,0.021091483235610234,0.6678576242345422,-0.03335244892447395,-0.48961595739496905,0.07003872638828158,-0.23866240737742647,0.37883688557887635,-0.054895025214181215,-0.07811333417771354,0.49940226478612765,-0.08411903202637744,0.6339396471246296,-0.034014892977699704,-0.11637273423531395,-0.07868687779108802,0.3508519675390225,-0.37276228213991025,0.5889865922534094,0.3443385352862056,0.5068224525776271,-0.5123636772150658,-0.25085184707999025,-0.36496761619658885,0.5654111895352777,-0.06702549282361663,0.7177786402147658,0.027313006372416744,0.03835350710824682,0.06032580753155479,0.0,-0.12326071394599473,0.3356277898778959,0.18143609069725322,0.2224640937556534,0.35403723693321437,-0.13867995672907857,0.3989543157517881,0.16422930476686462,-0.008252847104030578,0.42956052980137427,-0.1814914860881294,0.2899778376103769,-0.2750866391305948,0.1587043072963766,-0.022890945413842508,0.5029493684441916
Caudate_R,-0.09776424861520204,0.06317519599597815,1.0,0.6839090353363083,0.39188363482914285,0.10386945972749322,0.8606061923306818,-0.01143917571501079,0.10981677094528174,0.7747000128934146,0.11803769475944141,0.5532441537408722,0.6732419688618,0.020672038404795996,0.23484797759748252,0.27166516703349664,0.4944183376922349,-0.005311900811823047,0.2121309312432197,0.7904720283167384,0.5008286994041523,-0.015782379954484737,0.3251172183839651,0.026843470204916068,0.7520562573474249,-0.11014011481306171,0.6135327578473998,0.0,-0.029078641547425337,0.266183560390906,-0.010216562815406496,0.1816431729341349,0.31501392917242166,0.5204188776079092,0.031264608523767494,0.4328269866621239,0.11373861816437397,0.39250591989473155,0.00026069342493463933,0.8333633866228689,0.028469016006513727,0.2932182846244192,0.6220729157587512,0.16691484116127797,0.48980648507709545,0.5612627591467646,0.5763437720611052,-0.029477598140426328,0.001880406124543003,0.002900310845342103,0.4744312993718423,-0.12907215704025538,0.14423980725311764,0.35873239285245845,0.6012414500898061,0.13399497512730213,0.530907727215995,0.9371463329036156,0.0,-0.007578577947702702,-0.0293036900665307,0.9295901555284651,-0.08032270632335263,-0.0036372380994755555,0.8528012354086641,-0.09536498937890764,0.5715885664859068,0.5746318645190926,-0.18812289556588677,0.9157594229385925,-0.08396994970681278,0.6651984157469566,0.1248670057403937,0.2930262825401849,0.040728898379280065,0.6230222197536053,0.3665111821494606,0.22427293325424807,-0.13666901957460117,-0.012890926888819638,0.29629801351635304,0.1782096341723695,-0.08719220344559965,0.5079963974966041,0.07812224635381378,0.5509121083946207,0.5701669965369214,0.8342039314892411,0.0,0.8155767460190038,0.4789679501660956,0.8269040480627927,-0.07388735194046207,0.44503416110249744,0.8798858621422853,-0.08574809346136267,0.18532241429784996,0.9197450929183372,-0.08793069327853043,0.5823459644310041,0.3102626718709476,0.4350376431937934,0.5663862995629163,0.8966520706014771,0.35752393640761065
ACC_pre_L,-0.3138226785665004,-0.18546489916241096,0.6839090353363083,1.0,0.6166085156512595,-0.24964967775384359,0.7561620963584581,-0.33564071079628266,0.27815625515986075,0.7696478786214307,-0.38312900394178484,0.640618058727797,0.44023502166261785,-0.1306324550743109,0.5862131483403974,0.5586665551571203,0.6000340671370321,-0.44272053144802764,-0.10353357303744447,0.7762643736302541,0.5675255279456869,0.17289299238361333,-0.03466503619179402,0.2292156760674979,0.7734659106653272,-0.4256035037364966,0.5912234028248601,0.0,-0.33647230745710655,0.6405490676849205,-0.25579954520897563,0.024734531959244247,0.6305076093053962,0.7877113205465595,0.48186989935670166,0.4172371446665503,-0.21063671475243917,0.5317094613627537,-0.49675166873257215,0.7617307478164519,-0.36755828082912434,0.5677097961794481,0.600986031849348,0.03637816518566172,0.792818537075944,0.39613603412056214,0.7540142876184386,-0.2582112517566497,0.0707486053756178,0.16182556929491268,0.5838441007668981,-0.22057865847239597,0.04704653846369937,-0.01740600520318039,0.4837159149913866,-0.14811966120079825,0.6704873649273405,0.6335185424358967,0.0,-0.12184900745819698,-0.43169786171391294,0.6719166708360323,0.34239029642785535,-0.1454981221739047,0.7534261834779478,-0.35469521298317047,0.5232321268322224,0.5878686095762965,-0.5482142148852877,0.6915873014905451,-0.24289579407301137,0.7078908515692627,0.1845226684866818,0.3540831414874811,0.006539716692089861,0.6392563380914386,-0.010086732847543778,0.40382768690356124,-0.4231613860135938,0.07629814280299474,0.5501755381907698,0.6537769590149691,-0.4927193311442002,0.681191993585041,-0.23927127303156764,0.5401001566380841,0.5916922410805273,0.6674248182456877,0.0,0.6257133664534549,0.5293122634839919,0.5673666656820717,-0.19325181728625218,0.22593628008110475,0.7137704646873133,-0.34083094550301296,-0.18371458164818277,0.7291830009421141,-0.4460072809076377,0.7438045005928154,0.33132082960801623,0.5365985409486935,0.5625075067744619,0.7177075614728782,0.1865919103454401
Thal_PuA_L,-0.3343581053631418,-0.40751246832706994,0.39188363482914285,0.6166085156512595,1.0,-0.2213798385482666,0.6463416083213369,-0.5911797467982512,0.3146807386923572,0.7218125455890463,-0.28466011173969297,0.6202584525795292,0.4137491033732831,-0.2386655534392406,0.5360014402392426,0.6827405897568944,0.7855889526581699,-0.5998010295488994,0.16970589430974126,0.7145547890717692,0.34295570961290783,0.3195950500685834,-0.266914401459451,0.1935113116962899,0.7151619863035622,-0.5156555578456644,0.43341408688420463,0.0,-0.2679211488375581,0.6701240125463462,-0.1502895712506753,0.08546509150785911,0.7582503924078496,0.6476213441375653,0.4415234886864024,0.5187945558400787,-0.520839421007048,0.5948934353951483,-0.5697438111017014,0.7136455777837375,-0.4952503838651223,0.43483800624381036,0.7221856501576807,0.13027582223604073,0.7422569264759551,0.2809465787719645,0.7963698940761245,-0.2780169571766162,0.04700743623312126,0.12880322567079053,0.6666157030861928,-0.16658260731256838,0.12791972521614375,0.05923951211585489,0.2571545713269356,-7.59623620605497e-05,0.5783494177179309,0.4508847069034771,0.0,0.028560418167755057,-0.5319437817510222,0.48073080394365447,0.34236224611768246,0.005591781060675015,0.6981887206026345,-0.317799591975437,0.32692252277027983,0.6578376365837403,-0.5144428865221121,0.5517274296885598,-0.2831936598373215,0.5486127702746632,0.22487979036649858,0.15067398457195097,-0.08979520726617383,0.7276948921207002,-0.2939952754406023,0.32467233581247357,-0.48245848978330974,0.21355694529404545,0.8041596605864697,0.5087394311662822,-0.47538380751772774,0.5066127742946093,-0.3382780357526305,0.6835831390706454,0.3934136283615861,0.6044787480660944,0.0,0.489522286156196,0.2009932820274185,0.30645754775279493,-0.11722481830740428,-0.022026299535915807,0.6576560508195137,-0.26052104065990933,-0.08620848529547899,0.5574501743011836,-0.39947678117032226,0.8576522013850331,0.41662889555573057,0.7191659036172781,0.46840805467321706,0.43006164608560093,-0.06181700215078464
Thal_AV_L,-0.0017201804096847219,0.2076574933856722,0.10386945972749322,-0.24964967775384359,-0.2213798385482666,1.0,-0.02194540978556481,0.183863604738341,-0.19680717818638435,-0.06440284063053607,0.31596529558002406,-0.16180788500063345,0.012544553238117859,0.2644978936799795,-0.34773937266146604,-0.34784743634359333,-0.21380543829774393,0.3264463635067475,0.1800972802716516,-0.15640461973550443,-0.048946967027575686,-0.0012528395837089793,0.165491757543272,-0.15018070928200697,-0.1556267667430731,0.19598525081799348,-0.06527298199101546,0.0,0.29039233181508795,-0.22094477150755865,0.100417968744706,0.0443578391317538,-0.22089827630781866,-0.2411294592141141,-0.35623307136718724,-0.10489138095211951,0.23915805804228465,-0.19253848558852085,0.3130981538798603,-0.07023473126312398,0.2611340707657577,-0.18594295937147395,-0.14092516276252887,-0.09238115904000581,-0.33628453243376977,-0.03409306237998817,-0.1340430648752228,0.1713752877692457,0.1306888317972329,-0.11586539211111962,-0.21038322439502302,-0.02090543018648507,-0.028530696371344554,0.18293350165740047,-0.07714777573237264,-0.008147357141947415,-0.12477457740052489,0.11918129615062197,0.0,-0.03656193347438927,0.2341863821543629,0.05752260758587277,-0.26774309490633824,-0.002451338360044325,-0.08763858963188348,0.1150568965731578,0.11917661181970839,-0.14487969278628177,0.30919402291663034,0.07927525364994928,0.06281342110324999,-0.05034901974463501,-0.13844971065350686,0.014429800410292883,0.023868990782228372,-0.13014032737538367,0.2510305849907744,-0.21742548513443077,0.15918451207751724,-0.26557037178255,-0.3788142748747945,-0.27713977871970286,0.2614991177978047,-0.2828789084848388,0.16871116796112381,-0.13857468470711065,-0.022012673620746447,0.013632120023561123,0.0,0.07944518381877676,-0.05046006356256218,0.05604961980253768,0.11076500608251036,-0.008061804574316595,0.0009506603715850029,0.06953655044980676,0.11820103827870848,0.04609826894063647,0.20473358792305177,-0.16870542822346826,-0.09943879998811,-0.1947498071932369,-0.19348120296159657,0.03271128829371614,-0.09890414047154988
Frontal_Inf_Tri_R,-0.315526747433827,-0.1610135081527252,0.8606061923306818,0.7561620963584581,0.6463416083213369,-0.02194540978556481,1.0,-0.24686683882752236,0.28636594241498575,0.9182815251451787,-0.07666835858761596,0.6350327481575133,0.6773492108745612,-0.08590897379773964,0.5004869857898108,0.43448047101357434,0.648292178372106,-0.2707819048206523,0.1710967159153365,0.8942097485535315,0.5961233154283996,0.1580900029301875,0.12825747437903573,0.11951287950434127,0.8421659721390113,-0.3709640109263866,0.592059829405037,0.0,-0.22843281140506239,0.578830408599097,-0.16937147711179917,0.1841533128497656,0.6053202367765469,0.7028795091747674,0.28837054105106064,0.49144114092227026,-0.19603023728796778,0.5688656637796863,-0.2777769584888062,0.9085736685008458,-0.20430148191674394,0.4955016869023859,0.7449605422824562,0.13724247657612423,0.7208885884010667,0.5574566335612154,0.742276683663378,-0.053742692685782134,0.07296909196723299,0.13764378354578052,0.6068269178028306,-0.27841310957022947,0.12539375967290087,0.25271546704674497,0.5408587864032726,0.01381308035231038,0.6041277236233383,0.8756917307081539,0.0,-0.03846142427445779,-0.2989584912290813,0.8649034731232926,0.12487687351866279,-0.01652257487323562,0.928589170514952,-0.31962534919593133,0.5114938602168058,0.6456732441781814,-0.37331481183854015,0.925668332882224,-0.23980183372344166,0.7877946132184381,0.1106791820221482,0.32142370835187195,0.003448866209852199,0.7687687483092113,0.1644133382676961,0.2739928474956567,-0.39267718091324605,0.07003123469338839,0.4989609224714407,0.4386449685031064,-0.3140441583283263,0.590579714894047,-0.18133876545313768,0.6315103832305218,0.5695243184470455,0.8553364303269702,0.0,0.8083108932236963,0.4992423356400198,0.7298272428475423,-0.1962554534956636,0.30331574715511195,0.9176150402936608,-0.24081474234860656,0.0567567522510002,0.9103629060353203,-0.33658981096503093,0.8029762360969449,0.37507650484828337,0.5509457464711162,0.6116852802198386,0.8438618042572975,0.21695349763824576
Cerebellum_4_5_R,0.6032156864785202,0.6340321147843664,-0.01143917571501079,-0.33564071079628266,-0.5911797467982512,0.183863604738341,-0.24686683882752236,1.0,-0.5687077900663454,-0.3000896367793876,0.24644686257300838,-0.20328882989191366,-0.2662725403498492,0.41462238503862936,-0.47739000833004663,-0.5484551317276072,-0.26393100848535356,0.6801173122858533,0.07254479988294303,-0.42277277390240176,-0.5499750661925971,-0.5661162970030461,0.8289947230958941,-0.2166454406097617,-0.16942507045756477,0.8885225502211423,-0.14101236071157577,0.0,0.4790780624601785,-0.687384340478249,0.12082416623664334,0.2706613126574271,-0.691842858653082,-0.33657512903680015,-0.6394681710167543,0.028194796356787066,0.7933841108327339,-0.5258156777743909,0.6913627108499826,-0.3506991989127058,0.9132781037975808,-0.5386753158743866,-0.33368895045203245,0.3730974291035665,-0.5070548862492272,0.3458715409398452,-0.4780063094566099,0.2899448004080488,0.01841825618419555,-0.518811075546304,-0.6041117154611726,0.37865805669601804,0.5371754426163174,-0.0017180581367954324,0.30720787276053296,-0.09627342900930798,-0.26626380199353633,0.026996640464899406,0.0,0.04725484570325835,0.8867988336475878,-0.04929005257141426,-0.6381157475353558,0.23287157394733635,-0.3573154498966103,0.6696809898487615,-0.2078466551467138,-0.11874697650718635,0.7825013424246977,-0.2091527371130517,0.5769055452223828,-0.3570505588625893,-0.11007793567348019,0.17651221262632036,0.17743536858068898,-0.6096045567657626,0.2947026059026824,-0.22828616780353905,0.8327402491227484,-0.17943582157515417,-0.45092368376476116,-0.634696697957036,0.8359968866726799,-0.43095157764057185,0.8402997404951305,-0.0961707729755327,-0.06442123408473009,-0.11050448142730201,0.0,-0.26986005214695385,-0.13372847019729442,0.12768734037419757,0.4676925103148676,0.684266288619452,-0.13173787008287652,0.7099971234990635,0.6194442342117131,-0.09775535996936663,0.7373637621770469,-0.44706572399287475,0.14948376903912253,-0.3181673649129495,0.232214767170468,-0.06107553323551452,0.6181588017566492
Cerebellum_Crus1_R,-0.3111382937522576,-0.6005539123928539,0.10981677094528174,0.27815625515986075,0.3146807386923572,-0.19680717818638435,0.28636594241498575,-0.5687077900663454,1.0,0.1400907798477031,-0.1569256363821393,0.05006335425138858,0.13699929085796678,-0.6184356304825503,0.6194282704618751,0.3099667338421194,0.17002674169188758,-0.45452612749677346,-0.08394664583443652,0.39307918520805957,0.487537925343415,0.27184259227047075,-0.4035869995817945,0.21118062832351314,0.1368715826547643,-0.5735222562383715,0.029201052584599613,0.0,-0.5430954268856527,0.42382012220974963,0.19338354023130233,0.11904751043451976,0.560662208702756,0.13658377968402965,0.5088475939905133,-0.004126403335301283,-0.5673244608021685,0.619989057437972,-0.34294822826386745,0.25358551675844343,-0.4962688143576318,0.2617334650895865,0.30432479613791436,-0.052482629204362294,0.5269432926667497,-0.16512153204401703,0.2737387655968688,-0.07019285353590828,-0.38008958538538457,0.5000688832708323,0.34568569237330876,-0.07856137131048546,-0.32581857017921984,-0.054450812924198774,-0.28365909214435475,0.28917195067669704,0.02601757742253672,0.15250525088901085,0.0,-0.21142069808013997,-0.5481054270756696,0.20974273413209152,0.36736820914082924,-0.37077170572191026,0.3521628009891442,-0.34517852879444594,0.16526842448732668,0.09648295678082237,-0.47721373789264415,0.3012153657890366,-0.4528035497092117,0.1767685180612436,-0.09114295570175089,0.004586026175211077,-0.2872064262619411,0.4890372217672656,-0.07097695280966379,-0.1236635132827258,-0.49269898616970564,0.6389383280575325,0.22172635326827014,0.44149653235113606,-0.48914754212090594,0.24278583846362187,-0.6077342704186646,0.008148177104976083,0.05139847329737657,0.1254267473629101,0.0,0.2538163855972297,0.02372819329846004,0.01999055625724087,-0.328468278598112,-0.34513984588561203,0.20264765563449116,-0.34723028872863404,-0.29285094802841893,0.19815228505726765,-0.39640222112705953,0.24099056334586888,-0.05069947925457093,0.15837205094709314,-0.09663754573048476,0.2642849424452879,-0.3171735126566374
Frontal_Inf_Oper_R,-0.3569722347841046,-0.04585072232895554,0.7747000128934146,0.7696478786214307,0.7218125455890463,-0.06440284063053607,0.9182815251451787,-0.3000896367793876,0.1400907798477031,1.0,-0.2271026462257826,0.7853061737525034,0.6660223694269642,0.04763903907809845,0.3886248408695712,0.5357923352200962,0.7617113925860368,-0.2678358007195465,0.19523674984379494,0.8687188875172693,0.5434465418942396,0.17582806591458805,0.04179583422971049,0.08798314975562993,0.891471864752946,-0.3838489157245029,0.619786314972494,0.0,-0.18079236368518775,0.5936817925727346,-0.2687090385861557,-0.027117662133758103,0.5811297290235378,0.7934718895666988,0.33444865473658897,0.5839793349668166,-0.1384942047828469,0.4254323443228923,-0.3900443018199644,0.9226192092169725,-0.31391042879692793,0.5865398635074728,0.7930600146191046,0.005796385488834676,0.6866181588931936,0.5778451542610863,0.7691328258477363,-0.1569262724926544,0.21644021843974204,0.10968988539425759,0.6879389377543695,-0.3169165211692085,0.22191674164185102,0.1844533213842194,0.5897387201208139,-0.09522575812784634,0.729307618073094,0.7522001804789231,0.0,-0.05769468836703119,-0.33173330753192987,0.7388675524581406,0.20003954940743723,0.06800658057148003,0.8770472398177288,-0.36759210682285026,0.496298812677379,0.7025253659598486,-0.42321294584255026,0.8203359534392607,-0.1700909154251263,0.8214991911323396,0.13745275961838938,0.2800675193630009,0.08165956929647296,0.7769304166974674,0.1535263180927858,0.44502849582991383,-0.4345722471252476,-0.09796193613155246,0.6289417814649627,0.45467148984000727,-0.3500013513453869,0.6985692076444224,-0.14129723813308812,0.7333552763973121,0.5994748872798998,0.8398627191862863,0.0,0.771602553701178,0.5666211618531241,0.6739757014439547,-0.16806022135408102,0.2599981169097237,0.832864603154893,-0.26125727604951665,-0.05198029645597949,0.8211558049648494,-0.401604886129727,0.8841812335902722,0.4743337418587087,0.6424080695214717,0.6485757983838174,0.6940151703063488,0.2187416990850898
SupraMarginal_R,0.22255128092125062,0.08291823793616306,0.11803769475944141,-0.38312900394178484,-0.28466011173969297,0.31596529558002406,-0.07666835858761596,0.24644686257300838,-0.1569256363821393,-0.2271026462257826,1.0,-0.3204545204513818,0.3687859434250415,0.13666312661775984,-0.4878353229376137,-0.24765824948715245,-0.28672135822848077,0.3793935984000456,0.288099550991841,-0.06459437772068034,-0.169349204330527,-0.23936911247800988,0.25070537935850257,-0.2577350235950272,-0.21925636610258442,0.31069218926124087,-0.14452629786563265,0.0,0.3724210862376638,-0.4612784854970776,0.3948881241741482,0.25476170217639654,-0.38312147340953895,-0.45181140495881805,-0.5562901257250242,-0.1269709387536537,0.18320198910329383,-0.11564642620211082,0.6294329227191431,-0.09147244002236361,0.3876223123509853,-0.4537580996880024,-0.15681078564018577,0.29974581155478053,-0.41266524880277433,0.012060740559734738,-0.25650913662000346,0.2312757508422177,-0.2779544989714434,-0.18367918105356879,-0.041750252948408735,0.11920288568952872,-0.11433500532068092,0.7741141859851475,-0.07092104455153916,0.5617271406393207,-0.417878541065666,0.12204035145421013,0.0,0.3010357459347893,0.3759597306935383,0.07658300698849695,-0.45289995417444145,0.2728594485709304,0.04094097995212033,0.32076375669962276,-0.0014553965133088968,-0.120427072623705,0.36782485216933125,0.04243757836405362,0.06702900224498345,-0.2824635398423526,-0.14793478581818317,-0.13474719555000586,0.018364836180540505,-0.036276994394029545,0.21960929975428364,-0.3358196276247348,0.32199486151523776,-0.04068109598775697,-0.3386807622426234,-0.5863081874981683,0.39494733251124453,-0.30335142651196545,0.24926368298668433,-0.10830141100653862,-0.07834795005573553,0.04144344970362877,0.0,0.21016925667768313,-0.28713909116015046,0.11347875579234323,0.10500861363445238,0.1326905210894963,0.03976545670301325,0.2820207088103195,0.5592506229555373,-0.03689134410254209,0.4381965440817004,-0.38918697944043884,-0.17242380990969633,-0.09629018754598037,-0.16675223640738626,0.051655631268985674,0.11729879890086034
Frontal_Inf_Tri_L,-0.13645996082960696,0.179866335402023,0.5532441537408722,0.640618058727797,0.6202584525795292,-0.16180788500063345,0.6350327481575133,-0.20328882989191366,0.05006335425138858,0.7853061737525034,-0.3204545204513818,1.0,0.39660423305139747,0.04353143576379048,0.22746621494823052,0.5597511470002533,0.8420401541704249,-0.01749455897981192,0.3909757635227259,0.7386948833381156,0.2553358123116567,0.0979657722329441,0.0693501806412485,0.0705248737854461,0.8837658717828296,-0.1291067610351798,0.5814812455583593,0.0,-0.13206390594729375,0.4113405090253639,-0.09116296876736027,-0.09828748511611526,0.3061756009255003,0.6259494620010889,0.2256506693159921,0.6557958602731714,0.05867962474034173,0.1880786706170642,-0.23030501924213317,0.7771895518273121,-0.21780587853920558,0.4366610285890942,0.8748086873965532,0.04752112596111898,0.47627197889471984,0.5708218802714737,0.576248041011158,-0.3289880251371324,0.03731706211431455,0.02065497868195631,0.6421422675174183,0.019228074062199778,0.46194605976273573,-0.07257808628174033,0.5866435043713476,0.0894867121331124,0.6682461149661649,0.5244015462696071,0.0,0.0180730579359705,-0.08560931882351881,0.5044717457708893,0.0510953381627828,0.14010748575810386,0.6498386416328225,-0.09992384463015198,0.40349946848863605,0.7609479993889778,-0.24339126970876315,0.5862716950754758,0.03416598917469083,0.5908219153073462,0.11424454653275067,0.11437349903348039,0.10758547512667006,0.6396077962109011,0.3481443557769263,0.5827378821093296,-0.1741006776374451,-0.04532266166040978,0.7032138432701927,0.3457501248296376,-0.136748134459692,0.5798502665319069,0.13290580686768544,0.8378437110068783,0.5971699241272351,0.7405455476335292,0.0,0.5939816138636584,0.41794256824793236,0.5676457622944391,0.010519687283543501,0.330461725280128,0.5832075250560794,0.04125800753511857,0.020888524695390775,0.612858096699397,-0.16121946674752796,0.7805633426812602,0.6506705350958691,0.6972675956983512,0.6543355880511618,0.47215424156651997,0.33056566074864296
Precentral_R,-0.33970709353685963,-0.11213214443142909,0.6732419688618,0.44023502166261785,0.4137491033732831,0.012544553238117859,0.6773492108745612,-0.2662725403498492,0.13699929085796678,0.6660223694269642,0.3687859434250415,0.39660423305139747,1.0,0.03167970456365512,0.039246691329513195,0.47626904133410153,0.4249017185055503,-0.16736334971691516,0.12960636115990296,0.6899079442603813,0.5077487042552035,0.16777516067844803,-0.0230263067587048,-0.07989830569951126,0.5208192603268585,-0.37142507307418693,0.42442108626366726,0.0,-0.07499590222294597,0.2963593430537888,-0.10526105805961421,-0.06420727176431743,0.38266305027054615,0.4625881308678943,0.11766728182785209,0.283756526400565,-0.0853450259722569,0.36189872894200315,-0.10736009784957938,0.7384361015592619,-0.26995818315558684,0.3872292437474784,0.51647946084077,0.025449263540855253,0.4331497492916074,0.2831538748681879,0.4947439677443617,-0.032576463429272916,0.05571480175810176,0.17012556896481076,0.7355430340081737,-0.40264555978522026,-0.07167078303705283,0.7643478167371625,0.45592727821945706,0.2929608440249867,0.43214414074704005,0.5916486981865551,0.0,-0.015102417630457264,-0.28040039799830074,0.5753802655820902,0.18445174481873672,0.2524254998890478,0.787183887522165,-0.38705260472636893,0.3083412403259417,0.500142246392772,-0.4108312675482879,0.6289524733406963,-0.2508775134227786,0.6125079519006216,0.12587250165560201,0.10748388881499159,0.022592800386829964,0.7543411526053772,0.14050835332793282,0.24522134569380694,-0.4164859185286152,-0.12727770271059596,0.40687166842139966,0.09397126561184317,-0.22150707472649067,0.5587114635483648,-0.18956835647449208,0.49968925850780377,0.44913342416654545,0.5962567694739536,0.0,0.8268044777586331,0.42187867074827357,0.5126208757258122,-0.30931231006620225,0.13785769272700407,0.6204249555442679,-0.3025092154342989,0.08766933559976622,0.5541802387890977,-0.32225984616114056,0.5077800396043164,0.20978097117639635,0.5274977082928909,0.3659667421889977,0.5229834957452864,0.09904173951466122
Cerebellum_9_R,0.07041445324951501,0.6239136435910437,0.020672038404795996,-0.1306324550743109,-0.2386655534392406,0.2644978936799795,-0.08590897379773964,0.41462238503862936,-0.6184356304825503,0.04763903907809845,0.13666312661775984,0.04353143576379048,0.03167970456365512,1.0,-0.5061137989662217,-0.3328677649009415,-0.05946775666237789,0.41903452501696375,0.07777274958544837,-0.19294484219983912,-0.22798851535276862,-0.14441591860173852,0.36966620287624063,-0.14423570893458637,-0.002891847174835806,0.3813796746696959,-0.004481493621929066,0.0,0.39265910111520885,-0.2173201015539991,-0.22515643371783456,-0.3091615337204459,-0.4013892975801832,-0.055654103355648174,-0.2857625229471412,0.0913456270922775,0.5448939184292646,-0.5742956366360389,0.20996284292443665,-0.05715951565778403,0.27916971332375756,-0.009050245366635944,-0.14636505420567486,-0.18692666983708897,-0.42825696836038685,0.2617156175349484,-0.1961611340930077,0.0637944605399863,0.33672307188311956,-0.4182049268214529,-0.2817370696995004,-0.06363442397063569,0.3312814424090804,0.12095006659254956,0.2779368172290975,-0.27658232494880985,0.03561951683771251,-0.0039379324481198415,0.0,-0.0587739562601213,0.38346725171197804,-0.060840220200329205,-0.2612725793288626,0.18008081932622125,-0.15825032053708823,0.16571614530158615,0.01785539667372952,-0.1459361772552729,0.3138714843298796,-0.07912212955013376,0.5738447408044328,0.002893629826117768,-0.027533274348219013,-0.07454794823220325,0.3660347385457383,-0.2949282638184459,0.27649707695709647,0.22199421023774477,0.26120551603026554,-0.8202319255359893,-0.1925442635760781,-0.2591574058249268,0.3636012089390275,-0.05716911111543663,0.401764169086333,0.0033658447727861443,-0.07046287352828486,0.004406484882239797,0.0,-0.1077959170380393,0.24801596440347423,0.05806296775522681,0.1809723489293475,0.1889224467491719,-0.08787972039047856,0.18373085876147346,0.1251058060017344,-0.029494927405606632,0.2503949153882173,-0.13149089926952048,0.14212392750394812,-0.1906831672361245,0.0933260309462413,-0.08610819544227202,0.2899429567162101
Frontal_Inf_Orb_2_R,-0.3104069947435297,-0.5292064308566,0.23484797759748252,0.5862131483403974,0.5360014402392426,-0.34773937266146604,0.5004869857898108,-0.47739000833004663,0.6194282704618751,0.3886248408695712,-0.4878353229376137,0.22746621494823052,0.039246691329513195,-0.5061137989662217,1.0,0.37347591450606243,0.3319872764098888,-0.6301548362093353,-0.2550918175530777,0.4926407901363687,0.5252638800856261,0.2816305617956511,-0.2019758787860438,0.3632276461522174,0.3909244421098338,-0.5781941854878903,0.25729600186788143,0.0,-0.5678606393025672,0.6625751598306099,-0.17494746338984193,0.21434082290629172,0.726540339744914,0.4868189850251373,0.7052726220941838,0.11776605879205299,-0.5769246887756118,0.7392487992805727,-0.6261794014395606,0.39278575911216096,-0.4477284476734647,0.4567549931782942,0.3611533732210143,0.061165669206966984,0.8003773454128021,0.07732426051015273,0.6022743253545233,-0.12745735396862884,-0.10647010900140191,0.3111633358616416,0.2969272900443369,-0.20407769666669795,-0.1133544167069294,-0.2971676142231064,-0.027131780744255343,-0.08716235410740299,0.3761994572811556,0.30784645598494154,0.0,-0.09478189786803821,-0.5908000680244222,0.4022746029219177,0.48332818274030276,-0.34933114340131777,0.43332859834869036,-0.4295062286993357,0.2526425538101681,0.2687540635003369,-0.5790260909433024,0.4171628597204628,-0.396452636568894,0.39910618702054906,0.10439704783077688,0.17672549089549694,-0.2093420008515508,0.42858001703152343,-0.2936839733012823,0.1659175923779771,-0.5129392987445243,0.4619080049667365,0.3889226110311838,0.6923974931456239,-0.5683192467327702,0.346397913593378,-0.5546706507088325,0.1582919950141957,0.13888213317351547,0.2703954127080152,0.0,0.22154133138953352,0.2546721468506324,0.10465008213797117,-0.32478284053313183,-0.07893661783636965,0.43087820769870566,-0.3743399784793894,-0.3053737569251829,0.42582302562569263,-0.44307180092559145,0.4957178683454618,0.06559349852150946,0.1596988389677699,0.27321017692165317,0.4556466395469601,-0.1431231110275046
Thal_IL_L,-0.2832214568143724,-0.47311597301240926,0.27166516703349664,0.5586665551571203,0.6827405897568944,-0.34784743634359333,0.43448047101357434,-0.5484551317276072,0.3099667338421194,0.5357923352200962,-0.24765824948715245,0.5597511470002533,0.47626904133410153,-0.3328677649009415,0.37347591450606243,1.0,0.6048722038034341,-0.5720894369659658,-0.013899851979637865,0.5979119225122439,0.3794910525438313,0.38692797340798857,-0.4367846829124562,0.02760227266048162,0.5288731534295884,-0.5232109201556852,0.47670033258475086,0.0,-0.26264729267977704,0.4839547974048236,-0.05068978810024474,0.011908566788550845,0.5997985866689328,0.5996752957187476,0.49413035126811145,0.3688996963483006,-0.44701713818300365,0.5109640282835534,-0.41899195933127115,0.5610598184861306,-0.4956705096308849,0.35265512647695374,0.5702486642856386,0.11866639089115556,0.6676221901666441,0.07797715736971407,0.6806439536940909,-0.2875748692767011,-0.049259539064513656,0.2449879494120871,0.8256430761099559,-0.16624213113597022,-0.043259801664086224,0.166665916515651,0.20095137775243452,0.1646289272131849,0.5830443998990374,0.19292721394528425,0.0,0.08344047440429521,-0.5251491602131344,0.24464712237018854,0.5343616706678425,0.25903917412014005,0.5578508616696164,-0.37085524732329156,0.309068116436124,0.6642655290985906,-0.5725836376118358,0.30025249311219143,-0.27452937407782535,0.48576497054414264,0.17540239726866927,0.19566421503815756,-0.13543008743300244,0.6977805210489335,-0.24386384924758003,0.24224562310599293,-0.4626306809614945,0.1989078670135555,0.7430363588778071,0.4011588445113652,-0.4257386509405364,0.6169125028711142,-0.33116068972921153,0.6322032460803025,0.460104963662694,0.42393557335734455,0.0,0.5077415098181072,0.11677574020906152,0.1903664503288699,-0.11689885609680424,0.03584672454006592,0.379521186980644,-0.2683634992984343,-0.1512545261265957,0.2953385952411824,-0.4709467235341543,0.6479764304972795,0.2757752036319144,0.7692213766194225,0.3461484214672862,0.18318273090582324,-0.06551156430238121
Thal_PuM_R,-0.08888586284861534,-0.028026716739126916,0.4944183376922349,0.6000340671370321,0.7855889526581699,-0.21380543829774393,0.648292178372106,-0.26393100848535356,0.17002674169188758,0.7617113925860368,-0.28672135822848077,0.8420401541704249,0.4249017185055503,-0.05946775666237789,0.3319872764098888,0.6048722038034341,1.0,-0.18679750117279206,0.38334056684489676,0.7591093913023038,0.22336277916659267,0.16389951275540585,0.08225914534119914,0.06554640694829161,0.8394312579355079,-0.18968867789587668,0.5305908917856493,0.0,-0.17181089086469484,0.42638910925733153,-0.06912146592433709,0.015917900548212096,0.43283190833210017,0.604806368768436,0.27340699605397,0.7799069637874858,-0.10079831995816323,0.3495396857593085,-0.2929452053276753,0.7883485456487573,-0.23943096525547816,0.34310034763150615,0.8719327979301977,0.19522527673721654,0.5687348048509169,0.5228665862771197,0.6148751238181799,-0.2826042928028801,-0.016960125653157285,0.029188855910045306,0.6379165424143988,0.00790784614841251,0.5113505551754568,-0.027021973619773224,0.5311656860038412,0.1569997106699743,0.5680198569442099,0.5345929775888377,0.0,0.033983160486271057,-0.16561272120382373,0.5303451270935327,0.06303807363088534,0.024608999630424126,0.6884299644582955,-0.08485663509397133,0.3114974713093701,0.8246359871473612,-0.28008750324315423,0.5758013154045569,-0.06280585529188036,0.559185609534832,0.12724714658166725,0.15367166215658803,0.02832577046045976,0.7061115636583655,0.11497255611578439,0.42949817793231687,-0.20993524213818163,0.07830262119014011,0.8215116426277872,0.3522184692917399,-0.17675026579168335,0.5748479167239565,0.0414933329740032,0.8820480343995518,0.6040148871793578,0.7288407805909134,0.0,0.5620437495655962,0.2977249912829965,0.5244487163675169,-0.02330435320723064,0.26920905630061365,0.6641886885147164,0.02000734995660678,0.12811280172693487,0.6134138041123288,-0.13010742327283725,0.8520950088247659,0.6852433267380584,0.794977529017541,0.7051337353250076,0.4767346566105113,0.3006463364391992
Heschl_L,0.48120101090421985,0.7849786178465855,-0.005311900811823047,-0.44272053144802764,-0.5998010295488994,0.3264463635067475,-0.2707819048206523,0.6801173122858533,-0.45452612749677346,-0.2678358007195465,0.3793935984000456,-0.01749455897981192,-0.16736334971691516,0.41903452501696375,-0.6301548362093353,-0.5720894369659658,-0.18679750117279206,1.0,0.4352927915169341,-0.29041352757704303,-0.42576023126463697,-0.4402385624979269,0.5896697760100955,-0.25334585203745186,-0.15984538613107488,0.7738579031476699,-0.19295329987988555,0.0,0.4265308007868384,-0.6966282641941526,0.2869159985484503,-0.06052396438503622,-0.8515116504180227,-0.4527373835793714,-0.6246586547540975,0.09126020588490127,0.797002301651691,-0.6905288403300568,0.7576831856276643,-0.24051801178563548,0.6431547854875134,-0.46830845251152414,-0.11343814850575323,0.017483477906217054,-0.6925125328458014,0.26754122364721467,-0.6159108704941927,0.14787652958930628,-0.0965861150150986,-0.36565965820428725,-0.4306615626099841,0.4363096290933185,0.42312335962284303,0.026561517945123802,0.16072624653053968,0.28043889066015437,-0.3730725663329688,0.005686361865097527,0.0,0.1321986125736468,0.8365378945835467,-0.09089765685511443,-0.7256668824454253,0.07829914227484568,-0.30866620349403856,0.5920961783821346,-0.16679976479680805,-0.1164276000810881,0.7216588333009579,-0.11263273711217262,0.46035165662403194,-0.3122481684516707,-0.2559392588313489,-0.10619328644069621,0.21946020774525848,-0.39383664268214824,0.7566890969270135,-0.08652190906678033,0.6840752880341284,-0.2720280770359063,-0.45051900105520465,-0.5965529214823835,0.7195818854277222,-0.3402568381228,0.7619099816207221,-0.06662256789223223,0.01931795206001743,0.010726547748179908,0.0,-0.09355095194779438,-0.08851156173772348,0.19544921698329593,0.3235013632469595,0.3463094511166646,-0.20610023794912266,0.603135139821597,0.44372315255753,-0.11195954399902708,0.6451111461411483,-0.4014433673032342,0.10992242139193016,-0.303176012194393,0.024394335199136183,-0.06722103652177823,0.39980746046544724
