,Vermis_3,Temporal_Mid_L,Vermis_4_5,Temporal_Inf_L,Vermis_10,Olfactory_L,Caudate_R,Amygdala_L,Temporal_Mid_R,Cerebellum_7b_R,Thal_PuA_L,Calcarine_R,Thal_LP_L,Parietal_Sup_R,Frontal_Sup_Medial_L,SN_pc_R,Precentral_L,Frontal_Sup_Medial_R,Temporal_Pole_Mid_L,Rolandic_Oper_L,Thal_IL_L,Cerebellum_4_5_L,Fusiform_R,Thal_VL_R,OFCpost_L,Red_N_R,Raphe_D,Thal_PuI_R,Cingulate_Post_L,Raphe_M,Vermis_6,SupraMarginal_R,Rolandic_Oper_R,Thal_MGN_L,Parietal_Inf_R,OFClat_L,Thal_PuM_L,Thal_IL_R,Frontal_Sup_2_R,Cerebellum_10_L,Pallidum_L,Cerebellum_6_L,Temporal_Pole_Sup_L,ACC_sub_L,Cerebellum_4_5_R,Vermis_9,Supp_Motor_Area_R,VTA_L,Thal_LGN_L,OFCpost_R,Temporal_Sup_L,Thal_VA_R,Parietal_Sup_L,Cerebellum_3_L,SN_pr_R,Heschl_L,Frontal_Mid_2_L,Thal_AV_R,Putamen_L,Thal_MDm_L,Temporal_Inf_R,Frontal_Mid_2_R,Precuneus_L,Thal_LP_R,SupraMarginal_L
Vermis_3,1.0,0.258381845589603,0.860424461735836,0.3989543157517881,0.20214596639531662,0.07757666269285814,-0.08574809346136267,-0.1972323584241558,0.6247994030947023,-0.41457239747336844,-0.26052104065990933,0.6711787521864714,-0.140910799937772,0.4647091063010057,-0.15976121362312143,-0.44323185126776,-0.36735763839233504,-0.20756143140551703,-0.485784171173677,0.2733535223268008,-0.2683634992984343,0.8677704920997381,0.8241946683299106,0.017808972831864833,-0.715712399834795,-0.5474762099419932,0.48498565407856525,0.569284268255539,0.2795529077880171,0.34415388431524996,0.0,0.2820207088103195,0.247791307754813,-0.1051854494479275,0.24308115640333006,-0.5195802140626148,0.1262188281887847,-0.2806068481748225,-0.25399565484063946,0.5612878405665339,0.482250400855713,-0.5182351632712171,-0.4243983468525052,-0.3458492913953413,0.7099971234990635,0.07085943924224396,-0.38199800322730465,0.35792967476753806,0.4024423877614884,-0.5907350468794187,0.560589121749755,-0.34790561057652897,0.6285407706459544,0.8996801805814975,0.20086867376775483,0.603135139821597,0.01905285474203001,-0.34618059621176306,-0.03252955492668057,0.32051138197029666,0.5032342197859205,-0.22820522967447518,0.4881424643537899,-0.15667931836506854,-0.12234950435262713
Temporal_Mid_L,0.258381845589603,1.0,0.2712421461265062,0.7482893913137926,-0.18892731857426237,0.021280972040561275,0.006284913280950377,0.011827614647838094,-0.24334587799216909,-0.2213307224318913,-0.17282161189673587,0.04296235067414667,0.08428708533767473,0.27497181909656215,-0.15278812662695668,-0.022350386151496468,-0.4418384830871561,-0.13015409401874278,0.3326891096678876,0.3006297110319589,-0.19031609756587417,0.4111178647794721,0.2347686482985824,-0.022347726795722823,0.10795481418627909,0.013226211308773292,0.34898863828932536,0.5509602049747091,-0.20339186011893406,0.3264490034963914,0.0,-0.08523371443364598,-0.014571446959555593,0.2889083611941264,-0.03161413143750954,-0.2286410283451633,0.22426850175516308,-0.029777698721173293,-0.2042563184441533,0.4894176781406428,0.2941432326971031,-0.313819416226599,0.374010274603714,-0.34737618397654724,0.4129838040148643,-0.12883309158429337,-0.2113172953324931,0.20593582271618352,0.10763139162902295,-0.3818315433688626,0.6765981836226076,0.25095187189762036,0.1295748874668466,0.30118583345513195,-0.07629366260874618,0.4415879095821168,-0.03989217427533306,-0.19221126840665564,0.12860745377738592,0.236757546259961,-0.40072146091218397,-0.025527577189112912,-0.1544917545991132,-0.06484757483727918,0.2720593991333365
Vermis_4_5,0.860424461735836,0.2712421461265062,1.0,0.42956052980137427,0.21513122472689217,0.06688550262497556,-0.08793069327853043,-0.3075993285022103,0.5549527401861147,-0.533907012674052,-0.39947678117032226,0.592829478321984,-0.22394813583428885,0.5369815238308269,-0.1777828271237737,-0.6288960024606077,-0.44213803583990735,-0.22588627889170837,-0.46951387612498274,0.3067188883814311,-0.4709467235341543,0.8792562681586175,0.8428156812230243,-0.09812684397785724,-0.7714619585832668,-0.6181630111919953,0.5306343898971556,0.5005437162541394,0.367737507336665,0.11423619929148485,0.0,0.4381965440817004,0.14064505990776457,-0.09340584211499782,0.25754269372557653,-0.5792615469296816,-0.007496675756284356,-0.4820160595991737,-0.32183976453961927,0.5871730243157028,0.5306895731856787,-0.5100551372705125,-0.4926977394860367,-0.361546579314417,0.7373637621770469,0.15156243777171435,-0.5255625292502439,0.38409911928504514,0.35122666619987597,-0.7014486344079388,0.5620410268509234,-0.4674590359603753,0.5534714202011219,0.901436339471208,0.07646812081674861,0.6451111461411483,-0.1375159348162438,-0.4647722076712791,-0.09528842569131564,0.23611941486417848,0.4091614877786112,-0.3054382197681204,0.5105324846613793,-0.21862354856094882,-0.08351521621946341
Temporal_Inf_L,0.3989543157517881,0.7482893913137926,0.42956052980137427,1.0,-0.27825014295355793,0.18143609069725322,0.06317519599597815,-0.25085184707999025,-0.24434804027586438,-0.40168012638940126,-0.40751246832706994,0.31987069884836855,-0.01150841610726741,0.3854107576274371,-0.08411903202637744,-0.1130009197635417,-0.5393063299224267,-0.12973114468469688,0.3356277898778959,0.5889865922534094,-0.47311597301240926,0.6519842133815738,0.44056626971458385,0.06032580753155479,-0.08514889056594523,-0.034014892977699704,0.5029493684441916,0.5605502215766665,-0.12752421030801356,0.21944999424117734,0.0,0.08291823793616306,0.11500173515771268,0.23647746782284454,0.021091483235610234,-0.3277624953476397,0.1006040805153694,-0.1814914860881294,-0.23866240737742647,0.5139725346388856,0.5135580416014667,-0.4365855244755348,0.3039577560893207,-0.382546699189679,0.6340321147843664,0.012922965499023838,-0.37832349425552353,0.2601300276465344,0.2619219255915526,-0.6620903087977896,0.90854534738973,0.03553385195199825,0.2224640937556534,0.5068224525776271,-0.12389310268700982,0.7849786178465855,-0.09406386579935554,-0.3625874237419184,0.1859931981287966,0.3634770366211766,-0.38675647902477744,-0.1056023279012018,-0.07645813063612682,-0.054895025214181215,0.2994529211212038
Vermis_10,0.20214596639531662,-0.18892731857426237,0.21513122472689217,-0.27825014295355793,1.0,-0.10293061213407632,-0.07035219563406497,-0.03362605390991829,0.2873661637907508,-0.08494509712915031,0.07417344652373073,0.1276403868120044,-0.15990608694201636,0.028470654683114428,-0.020398842982273204,-0.29617973378408397,0.05509765395052726,0.015961009790339122,-0.3510428136557889,-0.24939977218534787,-0.005187805741478932,0.04865849580262415,0.12013830065355707,-0.07578256772264946,-0.27877309187756805,-0.2650707138275855,-0.05436203383811786,-0.16209739362497189,0.25398933861385425,-0.14428862999772168,0.0,0.20644691677846744,-0.08111735412557529,-0.27951726083582473,0.14786790363827612,-0.04662788026823469,-0.12229869838005547,-0.14435034351716414,-0.01101576476175877,-0.041221876107014534,-0.03765147412465763,-0.016695576799953944,-0.43502962921863864,-0.0172734696185032,-0.044554346864175996,0.084625231742605,-0.06524269266827504,0.12361981687340669,0.06936135621004466,0.07294933527087061,-0.2437162667902637,-0.2045387548966926,0.13230141475763046,0.18444629965846684,0.05659759912736772,-0.15037525232735843,-0.04949880816521664,0.005654232697664614,-0.13227380852648332,-0.15702767948783272,0.36475918010746033,-0.09219570781515113,0.4049544529654889,-0.09970432679414441,-0.46481940541407607
Olfactory_L,0.07757666269285814,0.021280972040561275,0.06688550262497556,0.18143609069725322,-0.10293061213407632,1.0,0.8269040480627927,0.3000871454234744,0.22846477294929618,-0.1804919137636535,0.30645754775279493,0.05243205700128605,0.5097260476227292,0.1286059158611753,0.7900460142097377,0.45215519026934936,0.2476861901639624,0.7512333683899443,0.3324278647622593,0.43049394331290747,0.1903664503288699,0.09548189768180101,0.16654121859175294,0.8249366833642982,0.12891155708696134,0.6005435593937096,0.574675121764901,0.2981107409808377,0.18382468151691608,0.026383771451309275,0.0,0.11347875579234323,0.6570387126434644,0.3791095342701619,0.054628026762499136,-0.09495805530461957,0.5231801746111047,0.5210106711744912,0.7280188624916039,0.03232223446117429,0.6943814567946182,-0.08917263216776077,0.4336880857407449,0.6168562673288747,0.12768734037419757,-0.003715425788942774,0.38400167646766703,0.3949711028672975,0.3749975702435884,0.09875835617905712,0.25874810556801153,0.33396798517206044,0.12672819042430616,0.06065484391172106,0.3326782958697327,0.19544921698329593,0.6071624358759942,0.37326585345406643,0.8388626245323678,0.6662924995934661,0.1533645825376499,0.7140557175773623,0.04744347018935214,0.384470732359317,0.07718116869268311
Caudate_R,-0.08574809346136267,0.006284913280950377,-0.08793069327853043,0.06317519599597815,-0.07035219563406497,0.8269040480627927,1.0,0.29629801351635304,0.16691484116127797,-0.015782379954484737,0.39188363482914285,-0.09961682477140568,0.6135327578473998,-0.029078641547425337,0.9157594229385925,0.5204188776079092,0.37159693632976876,0.9024691655748079,0.4789679501660956,0.3665111821494606,0.27166516703349664,-0.11014011481306171,0.028469016006513727,0.8342039314892411,0.2932182846244192,0.6651984157469566,0.35752393640761065,0.14423980725311764,0.13399497512730213,-0.03781086488931923,0.0,0.11803769475944141,0.6586937297353755,0.337745711707943,-0.007578577947702702,0.07556594656802192,0.4463038542235891,0.5823459644310041,0.8528012354086641,-0.054108285398675,0.6729704218587257,0.002900310845342103,0.49648341176586347,0.6603143264826893,-0.01143917571501079,-0.029477598140426328,0.4744312993718423,0.2121309312432197,0.24140268016814076,0.31501392917242166,0.07665889433168188,0.530907727215995,-0.07388735194046207,-0.13666901957460117,0.3542608781746729,-0.005311900811823047,0.6220729157587512,0.5763437720611052,0.8940039258579632,0.5612627591467646,0.1816431729341349,0.8333633866228689,-0.010216562815406496,0.5715885664859068,0.046233642142305534
Amygdala_L,-0.1972323584241558,0.011827614647838094,-0.3075993285022103,-0.25085184707999025,-0.03362605390991829,0.3000871454234744,0.29629801351635304,1.0,0.11806311527666184,0.205685553269044,0.8041596605864697,-0.5823954618766638,0.4602405829595393,-0.23472094188448478,0.3808827203632161,0.5679143934865226,0.4497896932932865,0.4111559238275934,0.27392626374808327,-0.15656103061457405,0.7430363588778071,-0.4187874125652307,-0.447956531071742,0.4876467053738348,0.4881591781122389,0.5381668504279563,0.1439024922384618,0.2754015642891534,0.14290361626064285,0.21608645272780136,0.0,-0.3386807622426234,0.1262909677038681,0.5832430100768693,0.04409108218198318,0.21773067551124692,0.842592172743237,0.7647042658719138,0.5845425417770906,-0.20358745954562954,-0.02749620008657197,0.1510669108389736,0.4504732941949179,0.5419929908405516,-0.45092368376476116,-0.32818799252327047,0.7035863658411056,0.2667701282714289,0.28603567540620867,0.5790648831743076,-0.1275631213717666,0.5890182472457511,-0.11888395171419354,-0.418058947673599,0.49059791225410426,-0.45051900105520465,0.7296050301782739,0.6099436677875189,0.45829722870464,0.32379988180993474,-0.0927884834754449,0.6514401343801124,-0.12230665179318635,0.12923253702206564,-0.030892014107399612
Temporal_Mid_R,0.6247994030947023,-0.24334587799216909,0.5549527401861147,-0.24434804027586438,0.2873661637907508,0.22846477294929618,0.16691484116127797,0.11806311527666184,1.0,-0.1726374140929789,0.13027582223604073,0.3707277956277903,0.08283060533815119,0.21501539750409668,0.12370522534580919,-0.10797370068783813,-0.009282586965571837,0.10956426690439205,-0.5301425420896564,-0.14472651030511027,0.11866639089115556,0.4133882591231894,0.5987435845673142,0.1967141899313432,-0.5499603606980777,-0.2837214324804257,0.38951899358726505,0.296281923649174,0.3374988247332364,0.3285527555674326,0.0,0.29974581155478053,0.4707056116332131,-0.0035273032313831564,0.268050095229166,-0.3293824539288563,0.26758489006983915,0.012642521930153514,0.16345897493594114,0.20108261828596066,0.345400318610297,-0.24256862727670958,-0.41902025897974654,0.21664705273554058,0.3730974291035665,0.1475107543028653,0.017405855967840028,0.15353386556229287,0.29401461462818324,-0.04971117852575653,-0.031124900054579786,-0.19050777502532998,0.4287190013066907,0.514013415543558,0.40141857781188345,0.017483477906217054,0.20101273235869493,0.06885179831477775,0.10465426978182989,0.27120117017728185,0.8763124487456899,0.08350821496888847,0.38798505839566205,-0.035077205316612514,-0.22092332948612453
Cerebellum_7b_R,-0.41457239747336844,-0.2213307224318913,-0.533907012674052,-0.40168012638940126,-0.08494509712915031,-0.1804919137636535,-0.015782379954484737,0.205685553269044,-0.1726374140929789,1.0,0.3195950500685834,-0.2499542187282631,0.08918948763946488,-0.36452867479171164,0.08424837022077075,0.26243738922108517,0.42101171416500655,0.1582041756637294,0.02959916817446735,-0.2578342536105446,0.38692797340798857,-0.5487232410697273,-0.48485804142621763,0.013397659059422466,0.3397367393327285,0.2476908554073474,-0.5097545368377127,-0.3248750995190225,-0.08773095495266522,-0.007396126748050749,0.0,-0.23936911247800988,-0.18476545586386978,-0.1003981088258902,-0.09808436621283481,0.29569392299594716,-0.005755411553500657,0.3295017250958127,0.15534639371166972,-0.35902747325489653,-0.34745387329638294,0.29924919434537084,0.09312580979305074,0.06671628197887933,-0.5661162970030461,-0.1412408019542404,0.3361265251307721,-0.21428747471653525,-0.21091257185780365,0.4372699993474977,-0.42988262749465744,0.19747060157493626,-0.3383585614777863,-0.5235756724004776,-0.005433882583870724,-0.4402385624979269,0.17320067696258878,0.2938065438592337,-0.011547131131974402,-0.35552519857630155,-0.03939182144169006,0.21659885001878615,-0.19776935601861517,0.15217490742069908,0.021424279966761186
Thal_PuA_L,-0.26052104065990933,-0.17282161189673587,-0.39947678117032226,-0.40751246832706994,0.07417344652373073,0.30645754775279493,0.39188363482914285,0.8041596605864697,0.13027582223604073,0.3195950500685834,1.0,-0.5000883426509907,0.43341408688420463,-0.2679211488375581,0.5517274296885598,0.6476213441375653,0.4298734311975278,0.5955653306734214,0.2009932820274185,-0.2939952754406023,0.6827405897568944,-0.5156555578456644,-0.4952503838651223,0.6044787480660944,0.43483800624381036,0.5486127702746632,-0.06181700215078464,0.12791972521614375,-7.59623620605497e-05,0.19614176532334784,0.0,-0.28466011173969297,0.19958536304965152,0.43680046520094457,0.028560418167755057,0.3536347325540746,0.706764822411896,0.8576522013850331,0.6981887206026345,-0.303778100105367,0.013543880879898145,0.12880322567079053,0.29779510502733664,0.6143323541144105,-0.5911797467982512,-0.2780169571766162,0.6666157030861928,0.16970589430974126,0.08594985864712715,0.7582503924078496,-0.3608611290496591,0.5783494177179309,-0.11722481830740428,-0.48245848978330974,0.36763772671912504,-0.5998010295488994,0.7221856501576807,0.7963698940761245,0.5182422955664759,0.2809465787719645,0.08546509150785911,0.7136455777837375,-0.1502895712506753,0.32692252277027983,-0.12192076117114564
Calcarine_R,0.6711787521864714,0.04296235067414667,0.592829478321984,0.31987069884836855,0.1276403868120044,0.05243205700128605,-0.09961682477140568,-0.5823954618766638,0.3707277956277903,-0.2499542187282631,-0.5000883426509907,1.0,-0.28330511877881154,0.5256845962528586,-0.1964890763609085,-0.4910685621273788,-0.30785211847956717,-0.24649917490214418,-0.5632672111342647,0.3023231092567546,-0.4296147736196526,0.7350593019767578,0.7385223221716875,-0.05330880389319553,-0.7483435412618922,-0.5134087554801468,0.17072169108431856,0.09275048246039459,0.1730030800240514,0.06430522288458296,0.0,0.45832351621870715,0.15211723760863663,-0.4169579323307457,0.20105602218940877,-0.427886894336374,-0.28402277387103436,-0.4529706531972211,-0.31595011766906317,0.316093245186228,0.31524800960242355,-0.3762199429151358,-0.5199927114766041,-0.4533352697602601,0.5926004160270019,0.22729980019761,-0.43506172074165816,0.23614886854885653,0.1588349782245554,-0.6527291683515735,0.3950407787956716,-0.5337629599238015,0.5585114947722329,0.7567347314146315,-0.032595871660480454,0.6563264454210302,-0.2488764055847669,-0.5306081374282627,-0.14326190349971787,0.049687075566664074,0.41426600825533066,-0.36138420193617105,0.47183901972512154,-0.11238118154655566,-0.0007765253788358035
Thal_LP_L,-0.140910799937772,0.08428708533767473,-0.22394813583428885,-0.01150841610726741,-0.15990608694201636,0.5097260476227292,0.6135327578473998,0.4602405829595393,0.08283060533815119,0.08918948763946488,0.43341408688420463,-0.28330511877881154,1.0,-0.05469755517798785,0.5347205350365124,0.5779497572509985,0.3119377057834277,0.5273407279942356,0.4106544125582046,0.08258895368302038,0.47670033258475086,-0.20144148288020924,-0.13419431534990303,0.6150628336674253,0.36794792860267367,0.6061130935733777,0.31662932391771387,0.13932398675156643,0.0014546231669812831,0.17138552877966776,0.0,-0.14452629786563265,0.5048132419125931,0.29068459819140835,-0.03301709474739976,0.13530406717626298,0.4976158992577454,0.543860797109705,0.5938834692333222,-0.1050121901941019,0.22475701637908552,0.058982662021644594,0.5170194981910896,0.5968100549872997,-0.14101236071157577,-0.12484691486874512,0.5603357063898612,0.17089825515078577,0.19786047061099263,0.35826341271232504,-0.012575453205598467,0.7072684532378768,-0.020565395077624393,-0.208004263703314,0.4493110959417018,-0.19295329987988555,0.5097496538396338,0.6671009901195232,0.5670474586293649,0.4200939157699206,0.03578172627067958,0.6182425320409822,-0.1270938752922074,0.6824180815423242,0.012211001467378038
Parietal_Sup_R,0.4647091063010057,0.27497181909656215,0.5369815238308269,0.3854107576274371,0.028470654683114428,0.1286059158611753,-0.029078641547425337,-0.23472094188448478,0.21501539750409668,-0.36452867479171164,-0.2679211488375581,0.5256845962528586,-0.05469755517798785,1.0,-0.1562200951478202,-0.32637335260134165,-0.3958466857274277,-0.1905606334224841,-0.3317650034830784,0.11342187703106552,-0.26264729267977704,0.5988609771834598,0.5343329733847484,-0.0008499503731109759,-0.5290755325000208,-0.27801859957908476,0.35988364608592494,0.18603525726300132,0.059970128447514134,0.13610311155731086,0.0,0.3724210862376638,0.19440443657664921,-0.12010858286537507,0.30830535838802847,-0.36129165621575676,-0.016762902736268136,-0.30205333593748795,-0.1909556232399794,0.349161870378123,0.2696687342387882,-0.5111885559790087,-0.23614599390518762,-0.24773233822008664,0.4790780624601785,0.0939202963779234,-0.2604642979220306,0.2797072981280394,0.17457895254187894,-0.506135552170653,0.37419576709497815,-0.21405577858477962,0.6932910834515773,0.5937736636984333,0.12435116561018693,0.4265308007868384,-0.1629401407751625,-0.2972302945030816,-0.044850333277707204,0.1915879911978307,0.11178110189351535,-0.20867114397492334,0.4151184974872381,-0.102374045676096,0.098357470031385
Frontal_Sup_Medial_L,-0.15976121362312143,-0.15278812662695668,-0.1777828271237737,-0.08411903202637744,-0.020398842982273204,0.7900460142097377,0.9157594229385925,0.3808827203632161,0.12370522534580919,0.08424837022077075,0.5517274296885598,-0.1964890763609085,0.5347205350365124,-0.1562200951478202,1.0,0.5295957459626972,0.5006664828637665,0.9734871216496074,0.43483224984751767,0.323422789399706,0.30025249311219143,-0.2589804894159517,-0.13451905901677355,0.8679451598472153,0.35340119255389296,0.688542689010766,0.22790733371685545,0.10592201663613056,0.17515329749904934,-0.12112997597817574,0.0,0.04243757836405362,0.5546461284911753,0.3334574351997624,-0.020028253043331404,0.20251653615523574,0.4767271247284366,0.6874726249108726,0.9107780667017199,-0.21430111152514963,0.6091858845711755,0.08075007908937275,0.4246071207538925,0.7187498514234545,-0.2091527371130517,-0.03305000037636005,0.49184995575070656,0.24783348335501018,0.19931008728485125,0.4605557374194782,-0.057710759774705175,0.4770172806354787,-0.1485661015436139,-0.268641496628141,0.2938666500058325,-0.11263273711217262,0.7358523291542148,0.6389352990624824,0.9083836429642754,0.5576458476326146,0.17949557525665974,0.8746099729999427,0.004024582224826727,0.5112966955903528,-0.06244141264466475
SN_pc_R,-0.44323185126776,-0.022350386151496468,-0.6288960024606077,-0.1130009197635417,-0.29617973378408397,0.45215519026934936,0.5204188776079092,0.5679143934865226,-0.10797370068783813,0.26243738922108517,0.6476213441375653,-0.4910685621273788,0.5779497572509985,-0.32637335260134165,0.5295957459626972,1.0,0.23933445967101968,0.550147335345843,0.6300122707105594,-0.1650456832440917,0.5996752957187476,-0.4862549194955654,-0.4482344026499195,0.5913236042840231,0.6750940139723869,0.8474021428308142,0.13690308964272396,0.1113447475381909,-0.3744864048076605,0.35328373846826605,0.0,-0.45181140495881805,0.4022323240798252,0.5379218586156473,-0.1668844068171855,0.3856434624332964,0.5690390125450606,0.8264480193572737,0.6432087658131518,-0.25582457638460193,0.07129314001917475,0.14507416023297326,0.7368667606147066,0.6836623652121362,-0.33657512903680015,-0.17174549049628512,0.6037823404217537,-0.18442290707949258,0.020336374360086014,0.6404398772603053,-0.17454724948542286,0.7549146222287219,-0.2396322112607889,-0.5420399141246443,0.2280116339599183,-0.4527373835793714,0.5029962627743833,0.7409283090739799,0.6010833311321031,0.3491829589111042,-0.13664866090522448,0.6673671395792777,-0.5357313953671079,0.4136505408607415,0.15852662120179775
Precentral_L,-0.36735763839233504,-0.4418384830871561,-0.44213803583990735,-0.5393063299224267,0.05509765395052726,0.2476861901639624,0.37159693632976876,0.4497896932932865,-0.009282586965571837,0.42101171416500655,0.4298734311975278,-0.30785211847956717,0.3119377057834277,-0.3958466857274277,0.5006664828637665,0.23933445967101968,1.0,0.4995253000389137,0.045660011982094705,0.19050373349949543,0.5731690558047562,-0.6135992134986065,-0.5227703775850284,0.4038978863424725,0.32503861587442673,0.3765010708271387,-0.3193042262135694,-0.31602719375323635,0.5082079409717994,-0.35661380020076405,0.0,-0.05731194563192315,-0.026223148284121648,-0.05030621893711289,-0.013250210285280213,0.32811609815921616,0.22752212272255123,0.46277074233905197,0.5947065858746917,-0.5236184453631519,-0.1320365703112947,0.5130158895431428,0.11353557388938157,0.39114591257888226,-0.6587738484637676,-0.16451575499439108,0.7378064001451824,0.19722236203850754,0.14073712900545365,0.5120020615296005,-0.3853013320504659,0.2439957138310768,-0.34246687337496573,-0.5532317094100714,0.36156899018308086,-0.31576922406087854,0.6478805996156445,0.40074144092515007,0.303872005566441,-0.04084991514166635,0.0715550456178324,0.5942507250023532,0.22555077758909997,0.23756278587636442,-0.20029801243376963
Frontal_Sup_Medial_R,-0.20756143140551703,-0.13015409401874278,-0.22588627889170837,-0.12973114468469688,0.015961009790339122,0.7512333683899443,0.9024691655748079,0.4111559238275934,0.10956426690439205,0.1582041756637294,0.5955653306734214,-0.24649917490214418,0.5273407279942356,-0.1905606334224841,0.9734871216496074,0.550147335345843,0.4995253000389137,1.0,0.43996278299091296,0.23923669179708792,0.3434541739937162,-0.3084971207590119,-0.17497839440451424,0.8364982778722378,0.3832092088790865,0.7022091092655436,0.16435703758308187,0.09187482532753366,0.1458953010661318,-0.09403137508152225,0.0,0.007565579050234025,0.5160784296458766,0.340579671568461,-0.05602645422278532,0.23959849877062916,0.48812774893870026,0.7160449770224222,0.9046007079206645,-0.21920753786084943,0.5734658067813785,0.10018390575705052,0.43499656862154634,0.702606428930923,-0.25221460768695453,-0.0664801397900459,0.51572144994252,0.1976035992343225,0.18142646578460062,0.5322712787713059,-0.10259644908794584,0.5098338441696335,-0.1876490786637281,-0.30915766691721885,0.2574619314094164,-0.18912952562167942,0.7235696760965231,0.6636740114862997,0.8978137845285102,0.4801884244567959,0.17974523689709584,0.880117305126504,-0.025992421417789468,0.4980596038903728,-0.06963069315072916
Temporal_Pole_Mid_L,-0.485784171173677,0.3326891096678876,-0.46951387612498274,0.3356277898778959,-0.3510428136557889,0.3324278647622593,0.4789679501660956,0.27392626374808327,-0.5301425420896564,0.02959916817446735,0.2009932820274185,-0.5632672111342647,0.4106544125582046,-0.3317650034830784,0.43483224984751767,0.6300122707105594,0.045660011982094705,0.43996278299091296,1.0,0.19812387801513723,0.11677574020906152,-0.3538410027926057,-0.39327647875952615,0.334609960486938,0.7995482881133144,0.7375474714559025,0.16393052972427663,0.13341938771428072,-0.33084629993088127,0.04549586876558832,0.0,-0.28713909116015046,0.20502571272462672,0.5275118020720321,-0.24694836387941319,0.27563420062066896,0.28084417129223516,0.46459467367816387,0.40536704142931956,-0.06930443189034854,0.20839922689922766,0.12236460700212362,0.8932541471682764,0.38956393497516373,-0.13372847019729442,-0.14500833818822514,0.2722078695330206,-0.15347421683104379,-0.04128961600569316,0.3147668190404431,0.1638863142691532,0.6263162519006243,-0.47078293406167193,-0.4847847490414388,-0.08070336364189876,-0.08851156173772348,0.22814246892068238,0.4035969712332527,0.5291449711049494,0.28345089935380846,-0.5533662379701614,0.4842260598429047,-0.5765301767761778,0.30262119124972336,0.2731543099195703
Rolandic_Oper_L,0.2733535223268008,0.3006297110319589,0.3067188883814311,0.5889865922534094,-0.24939977218534787,0.43049394331290747,0.3665111821494606,-0.15656103061457405,-0.14472651030511027,-0.2578342536105446,-0.2939952754406023,0.3023231092567546,0.08258895368302038,0.11342187703106552,0.323422789399706,-0.1650456832440917,0.19050373349949543,0.23923669179708792,0.19812387801513723,1.0,-0.24386384924758003,0.35209248064746207,0.25419740409156805,0.35989234639403034,-0.08434238062319165,0.06790634997252373,0.2993021061718231,0.3153746003004099,0.4089348493728477,-0.23985078096683304,0.0,0.21960929975428364,0.15785224478179036,0.05984639878504791,0.033312408169706965,-0.18133973663259786,0.0785163465089309,-0.0434505800763298,0.14778068478946174,0.19125360263052843,0.5493775774531799,-0.07049376605859174,0.16531451679514195,-0.15921388578625414,0.2947026059026824,-0.0083714545679898,-0.0003692676510786489,0.4856784156696816,0.41047164440094647,-0.4821287998404633,0.6505032483685262,-0.0380148315995024,0.03423577726485169,0.26694388547605824,0.09354182891283151,0.7566890969270135,0.3193964610251216,-0.23488453649670232,0.37603366091871626,0.38621251667949197,-0.17653743233975358,0.23638312986301543,0.26609317844926406,0.17694390488037873,0.12480409344257448
Thal_IL_L,-0.2683634992984343,-0.19031609756587417,-0.4709467235341543,-0.47311597301240926,-0.005187805741478932,0.1903664503288699,0.27166516703349664,0.7430363588778071,0.11866639089115556,0.38692797340798857,0.6827405897568944,-0.4296147736196526,0.47670033258475086,-0.26264729267977704,0.30025249311219143,0.5996752957187476,0.5731690558047562,0.3434541739937162,0.11677574020906152,-0.24386384924758003,1.0,-0.5232109201556852,-0.4956705096308849,0.42393557335734455,0.35265512647695374,0.48576497054414264,-0.06551156430238121,-0.043259801664086224,0.1646289272131849,0.19691924008085487,0.0,-0.24765824948715245,0.16107773468386394,0.2371184291907178,0.08344047440429521,0.2954308543134994,0.5722056518112435,0.6479764304972795,0.5578508616696164,-0.29340174789132994,-0.23392038282046015,0.2449879494120871,0.3308456562644835,0.5007598406677515,-0.5484551317276072,-0.2875748692767011,0.8256430761099559,-0.013899851979637865,0.27098604976027046,0.5997985866689328,-0.37833969531592726,0.5830443998990374,-0.11689885609680424,-0.4626306809614945,0.6847499479215232,-0.5720894369659658,0.5702486642856386,0.6806439536940909,0.26914818270583263,0.07797715736971407,0.011908566788550845,0.5610598184861306,-0.05068978810024474,0.309068116436124,-0.09843731069761996
Cerebellum_4_5_L,0.8677704920997381,0.4111178647794721,0.8792562681586175,0.6519842133815738,0.04865849580262415,0.09548189768180101,-0.11014011481306171,-0.4187874125652307,0.4133882591231894,-0.5487232410697273,-0.5156555578456644,0.7350593019767578,-0.20144148288020924,0.5988609771834598,-0.2589804894159517,-0.4862549194955654,-0.6135992134986065,-0.3084971207590119,-0.3538410027926057,0.35209248064746207,-0.5232109201556852,1.0,0.9065936380583967,-0.09580102704687433,-0.7251846475032794,-0.518924262880244,0.57602173798738,0.5372493233634081,0.10531484573619533,0.2655274880879868,0.0,0.31069218926124087,0.20310626321084216,-0.07927527831501763,0.19183692784536005,-0.5711810754601794,-0.02791260212701774,-0.4623383074214482,-0.4059240460524477,0.6384759577927449,0.5354311598329322,-0.5804023399822705,-0.33584278673869516,-0.44884938125270646,0.8885225502211423,0.19462598167121042,-0.5931826672951532,0.29186951516062,0.3660676116565389,-0.7978298852252405,0.730727224424664,-0.39966866476988455,0.6361513708322529,0.9689074501002127,0.015651785032062535,0.7738579031476699,-0.23672467934326658,-0.5376391529262471,-0.061049517274778364,0.27264036923176477,0.27997982675213406,-0.381039394609199,0.36369796857515085,-0.23387430376094492,0.03581969623003684
Fusiform_R,0.8241946683299106,0.2347686482985824,0.8428156812230243,0.44056626971458385,0.12013830065355707,0.16654121859175294,0.028469016006513727,-0.447956531071742,0.5987435845673142,-0.48485804142621763,-0.4952503838651223,0.7385223221716875,-0.13419431534990303,0.5343329733847484,-0.13451905901677355,-0.4482344026499195,-0.5227703775850284,-0.17497839440451424,-0.39327647875952615,0.25419740409156805,-0.4956705096308849,0.9065936380583967,1.0,-0.04614441883701906,-0.7232527487730912,-0.45922964049199855,0.5473555042481755,0.4524686588914236,0.08425721911783973,0.2830597740588827,0.0,0.3876223123509853,0.39508326694968054,-0.11662231453157518,0.18904965366326126,-0.5833543359069969,-0.10572835190236846,-0.43690662338533853,-0.29093588149793875,0.5777657925287378,0.5537753834756435,-0.5187270356543627,-0.38404040103459036,-0.29458108015912543,0.9132781037975808,0.3052593625277613,-0.5527051979664497,0.21762485039719393,0.22971804374677163,-0.6544307419185031,0.5175505348400968,-0.3846680512400554,0.574561400837541,0.9066898308318179,0.010035730401471455,0.6431547854875134,-0.247249020032645,-0.4351280807155746,-0.006277912262224986,0.2871952226806753,0.5487596550270167,-0.3102471534429595,0.3383011225571188,-0.15253227945809392,-0.015160508051249282
Thal_VL_R,0.017808972831864833,-0.022347726795722823,-0.09812684397785724,0.06032580753155479,-0.07578256772264946,0.8249366833642982,0.8342039314892411,0.4876467053738348,0.1967141899313432,0.013397659059422466,0.6044787480660944,-0.05330880389319553,0.6150628336674253,-0.0008499503731109759,0.8679451598472153,0.5913236042840231,0.4038978863424725,0.8364982778722378,0.334609960486938,0.35989234639403034,0.42393557335734455,-0.09580102704687433,-0.04614441883701906,1.0,0.2535317604361069,0.6623869785930926,0.39075835314216056,0.30881160184133877,0.19275711471879534,0.08522191198893816,0.0,0.04144344970362877,0.6489553979560203,0.40723860732575856,0.09338333532697703,0.0946578235260945,0.6733917221967564,0.7428168191617059,0.8643469594832109,-0.10941162385236483,0.5956599234882022,-0.06272473638824842,0.43671345127497824,0.6459712786948253,-0.11050448142730201,-0.11709099820416076,0.5828184649287762,0.39653016060132323,0.3596322624607107,0.316037256888066,0.10532737817272043,0.563529134418868,0.07304286596907973,-0.12230944233094691,0.4790615688667825,0.010726547748179908,0.8129746970964209,0.6493752159020745,0.8901735876491258,0.7217712350583377,0.15835145570735784,0.8565595971571703,0.04125160278152216,0.5622860050436838,0.016161974862151856
OFCpost_L,-0.715712399834795,0.10795481418627909,-0.7714619585832668,-0.08514889056594523,-0.27877309187756805,0.12891155708696134,0.2932182846244192,0.4881591781122389,-0.5499603606980777,0.3397367393327285,0.43483800624381036,-0.7483435412618922,0.36794792860267367,-0.5290755325000208,0.35340119255389296,0.6750940139723869,0.32503861587442673,0.3832092088790865,0.7995482881133144,-0.08434238062319165,0.35265512647695374,-0.7251846475032794,-0.7232527487730912,0.2535317604361069,1.0,0.7352848483931488,-0.17227270447565576,-0.10607426825268632,-0.3538991993688904,-3.525028038367112e-06,0.0,-0.4537580996880024,0.0011768077848495905,0.4234835287202448,-0.2678903298366591,0.4352815673386939,0.2659220488884986,0.5885069299059112,0.4333226378933275,-0.3751922258297645,-0.1911748617848368,0.3693091652740368,0.7935571065286755,0.45422731890912255,-0.5386753158743866,-0.24921492309425455,0.4760248028113797,-0.1690156382228332,-0.3078537469083688,0.6467167832382483,-0.23762325955385313,0.6622470612534366,-0.585316233212186,-0.8082059800159723,-0.10286062658745554,-0.46830845251152414,0.3256543220060705,0.5217234442377998,0.3681005595271488,0.11272729977461451,-0.502731295881675,0.5053083904265426,-0.5960272600068623,0.2523654067600723,0.15530823446233655
Red_N_R,-0.5474762099419932,0.013226211308773292,-0.6181630111919953,-0.034014892977699704,-0.2650707138275855,0.6005435593937096,0.6651984157469566,0.5381668504279563,-0.2837214324804257,0.2476908554073474,0.5486127702746632,-0.5134087554801468,0.6061130935733777,-0.27801859957908476,0.688542689010766,0.8474021428308142,0.3765010708271387,0.7022091092655436,0.7375474714559025,0.06790634997252373,0.48576497054414264,-0.518924262880244,-0.45922964049199855,0.6623869785930926,0.7352848483931488,1.0,0.13944406949509194,0.03720179387831367,-0.20757960094935013,0.06678325182024851,0.0,-0.2824635398423526,0.3947531284479171,0.4977101305730974,-0.1791950002237117,0.3611152595596328,0.4957950760025129,0.782550768893316,0.742536801513394,-0.310080954323518,0.17861411100329758,0.18700446869900725,0.8000619092764011,0.6912986990801153,-0.3570505588625893,-0.10216650245165627,0.6160814596451879,0.034372103201550076,0.06664742867308807,0.5774974843575953,-0.10891651231154269,0.7180380028768023,-0.3348872871408137,-0.5973330489060913,0.19527558154235758,-0.3122481684516707,0.5426021847833434,0.672400781108637,0.7336282124556986,0.3520537933341684,-0.280889235852571,0.7591995945836434,-0.4337581396430089,0.42826702391107424,0.16098656546753284
Raphe_D,0.48498565407856525,0.34898863828932536,0.5306343898971556,0.5029493684441916,-0.05436203383811786,0.574675121764901,0.35752393640761065,0.1439024922384618,0.38951899358726505,-0.5097545368377127,-0.06181700215078464,0.17072169108431856,0.31662932391771387,0.35988364608592494,0.22790733371685545,0.13690308964272396,-0.3193042262135694,0.16435703758308187,0.16393052972427663,0.2993021061718231,-0.06551156430238121,0.57602173798738,0.5473555042481755,0.39075835314216056,-0.17227270447565576,0.13944406949509194,1.0,0.6455973527711706,0.08575014478059029,0.2551812048337662,0.0,0.11729879890086034,0.5400394372931407,0.37300158617523493,0.08299505427857845,-0.35208990296551385,0.44478652079969966,0.06868584130084086,0.2007328735913532,0.35758827958327666,0.6343043343335671,-0.4332894332762444,0.2456953490389577,0.28315383710820186,0.6181588017566492,0.1190467979851293,-0.07157090019641246,0.30072102843424714,0.4290135868540068,-0.32392730827472593,0.5422742956722925,0.17079242134507425,0.4027922223541257,0.5296637646111642,0.3321882149219895,0.39980746046544724,0.2059506380166468,0.027144922842796786,0.41997115125245377,0.6443533791136292,0.15041947207301629,0.21371580260616466,0.09873109128448544,0.05881994540697544,0.10839622491903876
Thal_PuI_R,0.569284268255539,0.5509602049747091,0.5005437162541394,0.5605502215766665,-0.16209739362497189,0.2981107409808377,0.14423980725311764,0.2754015642891534,0.296281923649174,-0.3248750995190225,0.12791972521614375,0.09275048246039459,0.13932398675156643,0.18603525726300132,0.10592201663613056,0.1113447475381909,-0.31602719375323635,0.09187482532753366,0.13341938771428072,0.3153746003004099,-0.043259801664086224,0.5372493233634081,0.4524686588914236,0.30881160184133877,-0.10607426825268632,0.03720179387831367,0.6455973527711706,1.0,0.01484536596114253,0.4868621860794433,0.0,-0.11433500532068092,0.3095560903218616,0.5520063755550838,0.09069805545849169,-0.30672786110651407,0.6103212007682335,0.24005731244358566,0.05144695733531827,0.5314274598011244,0.5587863627878799,-0.3920119158794764,0.19618508894016523,-0.04637012819172221,0.5371754426163174,-0.03993549835913651,-0.12217192530374178,0.3589314061080813,0.3985537897893587,-0.269362003210864,0.6502209601184452,0.19356556465430974,0.2757082056785316,0.4640073615958194,0.15914728007830709,0.42312335962284303,0.329731021255758,-0.00602271817096036,0.3778982793846438,0.6139466129435847,0.0812741284302436,0.1861997215811811,-0.01957772293741605,-0.04300808168326089,0.11350476791916395
Cingulate_Post_L,0.2795529077880171,-0.20339186011893406,0.367737507336665,-0.12752421030801356,0.25398933861385425,0.18382468151691608,0.13399497512730213,0.14290361626064285,0.3374988247332364,-0.08773095495266522,-7.59623620605497e-05,0.1730030800240514,0.0014546231669812831,0.059970128447514134,0.17515329749904934,-0.3744864048076605,0.5082079409717994,0.1458953010661318,-0.33084629993088127,0.4089348493728477,0.1646289272131849,0.10531484573619533,0.08425721911783973,0.19275711471879534,-0.3538991993688904,-0.20757960094935013,0.08575014478059029,0.01484536596114253,1.0,-0.3754441354279687,0.0,0.5617271406393207,0.012676520201420157,-0.22544584722216995,0.27424737821962525,-0.09728741086410915,0.14940480346848478,-0.09862915529714764,0.21758890286090082,-0.07734889879490965,0.19505804743621735,0.09766520355470412,-0.30320030832848777,-0.011735843378613723,-0.09627342900930798,-0.055717530548471395,0.2942839226810382,0.4974237762677806,0.5194465730090682,-0.20478046044235787,0.10003969127375917,-0.28518517912706215,0.036470229627660236,0.166923769035282,0.45504033919622605,0.28043889066015437,0.34774540009163574,-0.121131096398832,0.04041163012859335,0.017031054279094113,0.2292463134315397,0.173833412004734,0.6656989171952099,-0.04002379409699528,-0.19783323509322823
Raphe_M,0.34415388431524996,0.3264490034963914,0.11423619929148485,0.21944999424117734,-0.14428862999772168,0.026383771451309275,-0.03781086488931923,0.21608645272780136,0.3285527555674326,-0.007396126748050749,0.19614176532334784,0.06430522288458296,0.17138552877966776,0.13610311155731086,-0.12112997597817574,0.35328373846826605,-0.35661380020076405,-0.09403137508152225,0.04549586876558832,-0.23985078096683304,0.19691924008085487,0.2655274880879868,0.2830597740588827,0.08522191198893816,-3.525028038367112e-06,0.06678325182024851,0.2551812048337662,0.4868621860794433,-0.3754441354279687,1.0,0.0,-0.23489487798695882,0.29714650558058514,0.32032074848608166,0.04232256505218887,-0.15965886389722703,0.39432366382565004,0.2686085211140991,-0.0724374904771725,0.33429611470620746,0.09641954638685496,-0.32000339575615766,0.22997342705822185,-0.030068961460644878,0.3225249162193388,-0.04570874245955582,0.03362755386765489,-0.06938926842526338,0.04077368007745081,0.00760653645069436,0.25423204976260727,0.29198824722872596,0.26621141343894406,0.2286755065439334,0.15627501476802186,0.014510040894792284,0.08096952635408995,0.18749274719375605,0.08622769264151102,0.26756045464341,0.2037746731859442,0.02390858800163035,-0.29967404261905123,-0.00281915773849254,0.10878298635439942
Vermis_6,0.0,0.0,0.0,0.0,0.0,0.0,0.0,0.0,0.0,0.0,0.0,0.0,0.0,0.0,0.0,0.0,0.0,0.0,0.0,0.0,0.0,0.0,0.0,0.0,0.0,0.0,0.0,0.0,0.0,0.0,0.0,0.0,0.0,0.0,0.0,0.0,0.0,0.0,0.0,0.0,0.0,0.0,0.0,0.0,0.0,0.0,0.0,0.0,0.0,0.0,0.0,0.0,0.0,0.0,0.0,0.0,0.0,0.0,0.0,0.0,0.0,0.0,0.0,0.0,0.0
