,Thal_PuM_L,OFCpost_R,Temporal_Pole_Mid_R,OFClat_L,Temporal_Mid_R,Cuneus_L,Parietal_Sup_R,Cerebellum_3_R,LC_L,Thal_VA_R,Thal_VPL_L,Thal_PuA_R,Pallidum_R,Thal_VL_L,Amygdala_R,Temporal_Pole_Mid_L,N_Acc_L,Thal_MGN_R,Precentral_L,Raphe_M,Frontal_Inf_Orb_2_R,Insula_L,SupraMarginal_L,Thal_VA_L,Hippocampus_R,Vermis_10,Angular_L,Putamen_L,Paracentral_Lobule_R,Cerebellum_Crus1_L,Thal_LP_R,SN_pr_R,ACC_sub_L,Pallidum_L,OFCmed_R,Thal_LP_L,Thal_LGN_R,Thal_IL_L,Frontal_Med_Orb_L,Heschl_L,Frontal_Inf_Oper_R,Cerebellum_7b_L,OFCant_R,Cerebellum_4_5_R,Amygdala_L
Thal_PuM_L,1.0,0.3026255915789247,0.22245641825537127,0.05083385241318278,0.26758489006983915,0.0,-0.016762902736268136,0.05247949089890739,0.015926887418749723,0.5692632218801648,0.9286722044609965,0.20846241850715255,0.8233950388549092,0.7804696053127619,0.7617199777370011,0.28084417129223516,0.6083876692682179,0.6867988070780316,0.22752212272255123,0.39432366382565004,0.21100360982159785,0.8109428230275051,0.06583170200098665,0.7051010050070567,0.8835422186406157,-0.12229869838005547,0.1086925547812945,0.6635988671759904,0.16127920877511323,-0.16818757027363154,0.1529229763980386,0.5165507700492056,0.46294376559727346,0.37823348520605554,0.14360908753131651,0.4976158992577454,0.5087483681897045,0.5722056518112435,0.29904534050175663,-0.09467940822392598,0.6767376071996983,-0.03294299810600266,0.18837989228249852,-0.08587425304299849,0.842592172743237
OFCpost_R,0.3026255915789247,1.0,0.801459005792873,0.5238214386909407,-0.04971117852575653,0.0,-0.506135552170653,-0.551158587499865,-0.6428450630992452,0.5354168937057842,0.23316059642116785,-0.4646823010129818,0.35749151477143903,0.30988467538117054,0.47542226695656553,0.3147668190404431,0.22127624907310728,0.3948843779304973,0.5120020615296005,0.00760653645069436,0.726540339744914,0.4703271704637936,-0.1887079293181714,0.14387791875878705,0.31751243303765475,0.07294933527087061,-0.1928068495717369,0.329191230675494,-0.11413094908407331,0.5302448515029059,0.2817325511712637,0.08569175997203327,0.6572140874097561,-0.2588985987610369,0.6806460183799461,0.35826341271232504,0.4866218246219141,0.5997985866689328,0.8635050645668996,-0.8515116504180227,0.5811297290235378,0.06793610947432822,0.760801990242489,-0.691842858653082,0.5790648831743076
Temporal_Pole_Mid_R,0.22245641825537127,0.801459005792873,1.0,0.36045029179554067,0.3425468896790703,0.0,-0.48019073566636994,-0.4301008869458774,-0.39393819904752453,0.2768431815490131,0.1352557458717542,-0.24105253530039275,0.4013995679769906,0.18806010893178593,0.4377774709686873,0.037421698576427916,0.2254497842950492,0.3961443125253466,0.6138703401644715,-0.06488174373788816,0.7392487992805727,0.3671432118319818,-0.322494349142874,-0.043371181118409305,0.2976317693606751,0.23316407405685657,-0.2597051047900919,0.28959172394069393,-0.1364982953032045,0.4992994223735502,0.27094811279345193,0.18100069309764602,0.6516762404093565,-0.07029236135038719,0.48808227448980374,0.3189585222869559,0.26597674492677287,0.5109640282835534,0.5626980876678858,-0.6905288403300568,0.4254323443228923,-0.008383883333821793,0.7830710473929997,-0.5258156777743909,0.4455237187725076
OFClat_L,0.05083385241318278,0.5238214386909407,0.36045029179554067,1.0,-0.3293824539288563,0.0,-0.36129165621575676,-0.5094026349580046,-0.5200706431664303,0.2950808457382602,-0.0218749085418776,-0.4217716979871264,0.05947217335563956,0.08401728781085621,0.14382037322913563,0.27563420062066896,0.02040146801817433,0.1578164621227671,0.32811609815921616,-0.15965886389722703,0.373543350149687,0.18043175779444967,-0.07269719663435882,0.009289648250643497,0.0016580916585379507,-0.04662788026823469,-0.06073611295661941,0.09716565155387735,-0.17086720784372098,0.3065431729263209,0.16004015042195033,-0.078243405190398,0.22144766739683183,-0.26191371039275396,0.4205216929712846,0.13530406717626298,0.33095651683926125,0.2954308543134994,0.501547292821237,-0.44311966288368126,0.2193486405506517,0.12839960564684627,0.3100202302460284,-0.556886050839143,0.21773067551124692
Temporal_Mid_R,0.26758489006983915,-0.04971117852575653,0.3425468896790703,-0.3293824539288563,1.0,0.0,0.21501539750409668,0.3611539586982868,0.5555852186892468,-0.19050777502532998,0.25130971007594005,0.4635046380788496,0.37608795554692587,0.13369614485311143,0.36308310920152653,-0.5301425420896564,0.13945063735973853,0.2122749160250977,-0.009282586965571837,0.3285527555674326,0.061165669206966984,0.14386977871395104,-0.22092332948612453,-0.06504705112143479,0.35856877459766373,0.2873661637907508,-0.13837830348218594,0.10465426978182989,0.322584630062378,-0.12538718347796726,-0.035077205316612514,0.40141857781188345,0.21664705273554058,0.345400318610297,-0.3485714911310108,0.08283060533815119,-0.3165137094269792,0.11866639089115556,-0.25530196275875466,0.017483477906217054,0.005796385488834676,-0.3050442183353669,0.30168355400498986,0.3730974291035665,0.11806311527666184
Cuneus_L,0.0,0.0,0.0,0.0,0.0,0.0,0.0,0.0,0.0,0.0,0.0,0.0,0.0,0.0,0.0,0.0,0.0,0.0,0.0,0.0,0.0,0.0,0.0,0.0,0.0,0.0,0.0,0.0,0.0,0.0,0.0,0.0,0.0,0.0,0.0,0.0,0.0,0.0,0.0,0.0,0.0,0.0,0.0,0.0,0.0
Parietal_Sup_R,-0.016762902736268136,-0.506135552170653,-0.48019073566636994,-0.36129165621575676,0.21501539750409668,0.0,1.0,0.47012596481313096,0.5592960128550093,-0.21405577858477962,0.0302694270539415,0.3703423987121993,-0.02607774205463346,-0.037941651495864676,-0.08046183013707395,-0.3317650034830784,0.03194276044960588,-0.2307372646146863,-0.3958466857274277,0.13610311155731086,-0.5678606393025672,-0.14464636364258315,0.098357470031385,-0.018261568938813876,-0.008068567520951737,0.028470654683114428,0.22962685998336255,-0.044850333277707204,0.44005158292296004,-0.33062933484441737,-0.102374045676096,0.12435116561018693,-0.24773233822008664,0.2696687342387882,-0.5995666310664656,-0.05469755517798785,-0.3310753924374172,-0.26264729267977704,-0.4988809844450337,0.4265308007868384,-0.18079236368518775,-0.1614834222443306,-0.23945481213494973,0.4790780624601785,-0.23472094188448478
Cerebellum_3_R,0.05247949089890739,-0.551158587499865,-0.4301008869458774,-0.5094026349580046,0.3611539586982868,0.0,0.47012596481313096,1.0,0.5554892664414375,-0.0859216347871227,0.16403428125254038,0.5831087298372334,0.0695722951318479,0.04578860912482609,-0.04391545142937534,-0.13488065208608824,0.03521698174692961,-0.3317319739533607,-0.5046066152423512,0.47948952804680534,-0.5340288221484143,-0.11533951195444109,0.13486648610512356,0.2710319974081218,0.09272095621909447,-0.05146584155432339,0.08294943102615403,-0.04690780691122482,0.39132168834191927,-0.5449958866363493,-0.1324631742806801,0.10230432118153873,-0.39431450351161834,0.3655450234063847,-0.4977800575540978,-0.043853471306717344,-0.3196083914492716,-0.22995393037634126,-0.5918798067044707,0.5283230411683331,-0.23800457153479748,-0.10836133943262855,-0.26028038011058924,0.7973109132637801,-0.24845720265273644
LC_L,0.015926887418749723,-0.6428450630992452,-0.39393819904752453,-0.5200706431664303,0.5555852186892468,0.0,0.5592960128550093,0.5554892664414375,1.0,-0.43245820173928357,0.06999281981546819,0.609415630277371,-0.022808587100733274,-0.09562337953570461,-0.08475354476350637,-0.5786314875431149,-0.0809653569141852,-0.10970023236381951,-0.40013182563193767,0.11759880982308002,-0.4295062286993357,-0.15158394673022835,-0.18194028960727607,-0.08794366235147831,0.02492838270807919,0.2626009684624411,0.04667153250224792,-0.07375331220425235,0.16721883765915022,-0.43590779168047805,-0.15350752418752572,0.12902934843783115,-0.3412862177235538,0.47267957229361857,-0.6915433065796841,-0.169593690870837,-0.5489834946668862,-0.37085524732329156,-0.6935059839025393,0.5920961783821346,-0.36759210682285026,-0.2520223794771594,-0.3887280001790101,0.6696809898487615,-0.30602335059455216
Thal_VA_R,0.5692632218801648,0.5354168937057842,0.2768431815490131,0.2950808457382602,-0.19050777502532998,0.0,-0.21405577858477962,-0.0859216347871227,-0.43245820173928357,1.0,0.5471067200045645,-0.09978507363445505,0.5642349976925144,0.7289285438408806,0.45398760285748246,0.6263162519006243,0.41655174890800095,0.4085442687335445,0.2439957138310768,0.29198824722872596,0.3761994572811556,0.7188093712797538,0.07788688192513303,0.7763805890291195,0.554194935437997,-0.2045387548966926,0.05384864177656453,0.5737985956295452,0.16387458996578746,0.07007264933456964,0.5320436496982592,0.3683226384572834,0.5228434718552737,0.0956834158453721,0.3994029337855315,0.7072684532378768,0.7097280981480275,0.5830443998990374,0.5696997584764596,-0.3730725663329688,0.729307618073094,0.0729895394904685,0.3660349617793115,-0.26626380199353633,0.5890182472457511
Thal_VPL_L,0.9286722044609965,0.23316059642116785,0.1352557458717542,-0.0218749085418776,0.25130971007594005,0.0,0.0302694270539415,0.16403428125254038,0.06999281981546819,0.5471067200045645,1.0,0.38721754454866003,0.7565595635896805,0.7952751950849627,0.6494568375919868,0.35900730014878707,0.601821988055472,0.547999258482946,0.09003888509963603,0.38668752171896675,0.131966612972169,0.8078737864628794,0.13466769068740797,0.709921375928856,0.8242346664904275,-0.14952216304221613,0.16184630280721912,0.7627683760730681,0.11704755926644178,-0.22383499531979428,0.14366149854051039,0.3603199912773212,0.437458508873954,0.5446117402969632,0.017877801995126313,0.4816239521483845,0.45358810930045185,0.3687739534838248,0.255832492053087,0.024324735199778364,0.6940658811810819,0.0010452347260985243,0.1534022444775184,0.0943162270251542,0.7070486077994453
Thal_PuA_R,0.20846241850715255,-0.4646823010129818,-0.24105253530039275,-0.4217716979871264,0.4635046380788496,0.0,0.3703423987121993,0.5831087298372334,0.609415630277371,-0.09978507363445505,0.38721754454866003,1.0,0.12619256367654907,0.2773950530516761,-0.11443589040123374,0.04893932274560602,0.10044120514118453,-0.011016429651045658,-0.4499719015843111,0.24392779439009915,-0.2019758787860438,0.17576678156125844,0.10255167243061138,0.2271153976492862,0.1546372890323268,-0.03556120462378314,0.22332881520822123,0.36893812551530275,0.09078325721856076,-0.3389689639786047,-0.04561365845674073,0.026370049644572503,-0.01836500987787757,0.8259905550720782,-0.5052001666405767,0.03798013470064053,-0.23610123038782863,-0.4367846829124562,-0.48465703007510014,0.5896697760100955,0.04179583422971049,0.01778499279207828,-0.2632822334830082,0.8289947230958941,-0.1989097704250729
Pallidum_R,0.8233950388549092,0.35749151477143903,0.4013995679769906,0.05947217335563956,0.37608795554692587,0.0,-0.02607774205463346,0.0695722951318479,-0.022808587100733274,0.5642349976925144,0.7565595635896805,0.12619256367654907,1.0,0.7736028014909092,0.8328856598456812,0.15373206279103968,0.7404114448809336,0.6004451847033583,0.414987691257283,0.35772080188722777,0.2687540635003369,0.7829844987919028,-0.0034251122945412496,0.6160761835766475,0.8664107465255757,-0.04151148277081528,0.035618843218805304,0.6712027256275773,0.23523727070993886,-0.046527991394982315,0.34231900556619876,0.598177574699117,0.5238588213630929,0.3496357110539297,0.11431681093707946,0.5732750003501866,0.47376300718884334,0.6642655290985906,0.2728011109517768,-0.1164276000810881,0.7025253659598486,-0.07212705666005659,0.3790886507337736,-0.11874697650718635,0.6902876366546341
Thal_VL_L,0.7804696053127619,0.30988467538117054,0.18806010893178593,0.08401728781085621,0.13369614485311143,0.0,-0.037941651495864676,0.04578860912482609,-0.09562337953570461,0.7289285438408806,0.7952751950849627,0.2773950530516761,0.7736028014909092,1.0,0.5872296934026161,0.4812499404646972,0.635794219472851,0.5399361029006995,0.1105246157790964,0.38496259359884444,0.2724881939440075,0.8647897764304034,0.1013996266790157,0.8060009211686869,0.7650595854189095,-0.19219445584045958,0.10901806304923879,0.7598269234228591,0.1688749163451325,-0.08710804978758951,0.5069451186054994,0.4511093922395009,0.5848527207045959,0.45368940348047243,0.14929703195223606,0.6963442291748856,0.6055463377202118,0.4733528180600415,0.3371851840328007,-0.08424635284260792,0.7782647698911571,0.008488031969325929,0.23969582349298416,0.008135978123327723,0.5751242227884659
Amygdala_R,0.7617199777370011,0.47542226695656553,0.4377774709686873,0.14382037322913563,0.36308310920152653,0.0,-0.08046183013707395,-0.04391545142937534,-0.08475354476350637,0.45398760285748246,0.6494568375919868,-0.11443589040123374,0.8328856598456812,0.5872296934026161,1.0,0.06350328407504575,0.6008595713824999,0.5718556517756955,0.494910679496421,0.30269820157009975,0.1596988389677699,0.6701857514015723,-0.025986731610607744,0.42035641426653014,0.8550839763473653,0.004003239353361334,-0.03614553209743844,0.5051963072616095,0.3009515042605807,-0.06390385125486996,0.2469011900647826,0.624222798994685,0.48664729326218464,0.10852833187589761,0.17390265677807196,0.4957061657608213,0.4461434379989839,0.7692213766194225,0.37400912436149764,-0.303176012194393,0.6424080695214717,-0.09913604147626247,0.4405320167063417,-0.3181673649129495,0.7707780939014006
Temporal_Pole_Mid_L,0.28084417129223516,0.3147668190404431,0.037421698576427916,0.27563420062066896,-0.5301425420896564,0.0,-0.3317650034830784,-0.13488065208608824,-0.5786314875431149,0.6263162519006243,0.35900730014878707,0.04893932274560602,0.15373206279103968,0.4812499404646972,0.06350328407504575,1.0,0.27588440466594544,0.15120600667124895,0.045660011982094705,0.04549586876558832,0.2546721468506324,0.49228434771327806,0.2731543099195703,0.5496323448444776,0.2227898668910508,-0.3510428136557889,0.19525020393335615,0.5291449711049494,-0.18158234997615533,0.07218245862259591,0.30262119124972336,-0.08070336364189876,0.38956393497516373,0.20839922689922766,0.44422288806115084,0.4106544125582046,0.6436239819669346,0.11677574020906152,0.4679253497451012,-0.08851156173772348,0.5666211618531241,0.2870834256837962,0.036575655130430464,-0.13372847019729442,0.27392626374808327
N_Acc_L,0.6083876692682179,0.22127624907310728,0.2254497842950492,0.02040146801817433,0.13945063735973853,0.0,0.03194276044960588,0.03521698174692961,-0.0809653569141852,0.41655174890800095,0.601821988055472,0.10044120514118453,0.7404114448809336,0.635794219472851,0.6008595713824999,0.27588440466594544,1.0,0.41400873101541086,0.3203812346664083,0.18882814010928892,0.13888213317351547,0.635966663426317,0.1082571662399601,0.46746205041340055,0.6597679066209586,-0.1620316360716712,0.035178835848759055,0.6498361671503715,0.03678188741494296,0.004012033721395355,0.310399102735323,0.3708708755651344,0.5346456685610365,0.35083297401726476,0.10886831975367287,0.5068696366104333,0.528200071136364,0.460104963662694,0.21201795463992656,0.01931795206001743,0.5994748872798998,0.06242572918469439,0.2592270757645527,-0.06442123408473009,0.4631609045792889
Thal_MGN_R,0.6867988070780316,0.3948843779304973,0.3961443125253466,0.1578164621227671,0.2122749160250977,0.0,-0.2307372646146863,-0.3317319739533607,-0.10970023236381951,0.4085442687335445,0.547999258482946,-0.011016429651045658,0.6004451847033583,0.5399361029006995,0.5718556517756955,0.15120600667124895,0.41400873101541086,1.0,0.42309967185837155,0.07581646216600617,0.45458827224741566,0.6321540561914111,-0.08558414581995258,0.3700525385943837,0.6194555390740979,0.02988135559737167,-0.07320502214890255,0.4760752669931726,-0.05800170428599695,0.10295120770982946,0.19332355730066642,0.5270861910380145,0.5369079140794253,0.18777581903077556,0.3268150642889841,0.35477480374568,0.586224815527834,0.5820105953245824,0.3369011278112282,-0.2826051735433986,0.562260432444961,0.026160680084624383,0.2473747509655541,-0.3608017846320419,0.6532242789608489
Precentral_L,0.22752212272255123,0.5120020615296005,0.6138703401644715,0.32811609815921616,-0.009282586965571837,0.0,-0.3958466857274277,-0.5046066152423512,-0.40013182563193767,0.2439957138310768,0.09003888509963603,-0.4499719015843111,0.414987691257283,0.1105246157790964,0.494910679496421,0.045660011982094705,0.3203812346664083,0.42309967185837155,1.0,-0.35661380020076405,0.4018143030019545,0.35978951210157717,-0.20029801243376963,-0.03598413949579099,0.3498078346989254,0.05509765395052726,-0.22630866959432944,0.303872005566441,-0.060439811093150185,0.3342574016354672,0.23756278587636442,0.36156899018308086,0.39114591257888226,-0.1320365703112947,0.41048328556207536,0.3119377057834277,0.4337188682535181,0.5731690558047562,0.44401331107266695,-0.31576922406087854,0.45027761296082847,0.13170159030379114,0.40396298804805186,-0.6587738484637676,0.4497896932932865
Raphe_M,0.39432366382565004,0.00760653645069436,-0.06488174373788816,-0.15965886389722703,0.3285527555674326,0.0,0.13610311155731086,0.47948952804680534,0.11759880982308002,0.29198824722872596,0.38668752171896675,0.24392779439009915,0.35772080188722777,0.38496259359884444,0.30269820157009975,0.04549586876558832,0.18882814010928892,0.07581646216600617,-0.35661380020076405,1.0,-0.07699939597233599,0.23425680806121524,0.10878298635439942,0.4962159086174362,0.4243502327197971,-0.14428862999772168,0.1274601751863598,0.08622769264151102,0.42396849959426675,-0.18186362435358197,-0.00281915773849254,0.15627501476802186,-0.030068961460644878,0.09641954638685496,-0.07508269549476225,0.17138552877966776,-0.07811434464806204,0.19691924008085487,-0.016279846465239188,0.014510040894792284,0.1919491281754046,-0.0920826986696601,0.12300466997608933,0.3225249162193388,0.21608645272780136
Frontal_Inf_Orb_2_R,0.21100360982159785,0.726540339744914,0.7392487992805727,0.373543350149687,0.061165669206966984,0.0,-0.5678606393025672,-0.5340288221484143,-0.4295062286993357,0.3761994572811556,0.131966612972169,-0.2019758787860438,0.2687540635003369,0.2724881939440075,0.1596988389677699,0.2546721468506324,0.13888213317351547,0.45458827224741566,0.4018143030019545,-0.07699939597233599,1.0,0.3909244421098338,-0.3309189297112729,0.14218076651881295,0.1582919950141957,0.1335831874219462,-0.2093420008515508,0.26920565366766164,-0.34933114340131777,0.5506545405401291,0.2526425538101681,-0.007517806796233319,0.6115433408966569,-0.09790408387801632,0.7052726220941838,0.25729600186788143,0.346397913593378,0.37347591450606243,0.6625751598306099,-0.6301548362093353,0.3886248408695712,6.429796606710179e-05,0.5547893113857286,-0.47739000833004663,0.3889226110311838
Insula_L,0.8109428230275051,0.4703271704637936,0.3671432118319818,0.18043175779444967,0.14386977871395104,0.0,-0.14464636364258315,-0.11533951195444109,-0.15158394673022835,0.7188093712797538,0.8078737864628794,0.17576678156125844,0.7829844987919028,0.8647897764304034,0.6701857514015723,0.49228434771327806,0.635966663426317,0.6321540561914111,0.35978951210157717,0.23425680806121524,0.3909244421098338,1.0,0.011054819414641507,0.6751443076240692,0.8254941854021013,-0.14601314315741926,0.09036542953251761,0.8761356431297331,0.08824641977101137,-0.0002742234449871448,0.5177542205646622,0.46938354855528397,0.6938854846244761,0.4849738413972109,0.24088559101161663,0.6707524228768349,0.6494359008666578,0.5288731534295884,0.5059233932913556,-0.15984538613107488,0.891471864752946,0.031282048818840134,0.3458167082643348,-0.16942507045756477,0.6972910549093283
SupraMarginal_L,0.06583170200098665,-0.1887079293181714,-0.322494349142874,-0.07269719663435882,-0.22092332948612453,0.0,0.098357470031385,0.13486648610512356,-0.18194028960727607,0.07788688192513303,0.13466769068740797,0.10255167243061138,-0.0034251122945412496,0.1013996266790157,-0.025986731610607744,0.2731543099195703,0.1082571662399601,-0.08558414581995258,-0.20029801243376963,0.10878298635439942,-0.3309189297112729,0.011054819414641507,1.0,0.15400949829531296,0.03534269517005126,-0.46481940541407607,0.2731572409401855,0.057472277401663975,0.08668258357533776,-0.2245370457037987,-0.025815913827753327,-0.032277607416811495,-0.0941936555153416,0.09068614327314208,-0.06289037292600826,0.012211001467378038,0.14913407755693212,-0.09843731069761996,-0.07876678246361642,0.1650105013112239,0.11185896503469676,0.11454041804637331,-0.20686421186581935,0.13159474939681712,-0.030892014107399612
Thal_VA_L,0.7051010050070567,0.14387791875878705,-0.043371181118409305,0.009289648250643497,-0.06504705112143479,0.0,-0.018261568938813876,0.2710319974081218,-0.08794366235147831,0.7763805890291195,0.709921375928856,0.2271153976492862,0.6160761835766475,0.8060009211686869,0.42035641426653014,0.5496323448444776,0.46746205041340055,0.3700525385943837,-0.03598413949579099,0.4962159086174362,0.14218076651881295,0.6751443076240692,0.15400949829531296,1.0,0.6473138950522507,-0.2752943937960364,0.14456392923597228,0.5628257204627416,0.16252551675463042,-0.2225870177568156,0.3251640449613412,0.3251416207193567,0.2801143449765792,0.32611954651031,0.18772695299124864,0.5867692926873324,0.5493690542527729,0.40094405749641304,0.22492730512558723,0.015165336456352445,0.5834313625468024,0.027754173270477224,0.04213829049028804,0.10733124330839318,0.5165155970008691
Hippocampus_R,0.8835422186406157,0.31751243303765475,0.2976317693606751,0.0016580916585379507,0.35856877459766373,0.0,-0.008068567520951737,0.09272095621909447,0.02492838270807919,0.554194935437997,0.8242346664904275,0.1546372890323268,0.8664107465255757,0.7650595854189095,0.8550839763473653,0.2227898668910508,0.6597679066209586,0.6194555390740979,0.3498078346989254,0.4243502327197971,0.1582919950141957,0.8254941854021013,0.03534269517005126,0.6473138950522507,1.0,-0.10160559026566231,0.022258472773113408,0.677715108080637,0.2836717310397271,-0.15675990973712622,0.3284139996647104,0.6150672978809524,0.49448562664709944,0.3591945945645134,0.08170237284179929,0.5962326936363468,0.49321472913872993,0.6322032460803025,0.28790123859481687,-0.06662256789223223,0.7333552763973121,-0.04647428194402307,0.2749252060009307,-0.0961707729755327,0.7767784729866887
Vermis_10,-0.12229869838005547,0.07294933527087061,0.23316407405685657,-0.04662788026823469,0.2873661637907508,0.0,0.028470654683114428,-0.05146584155432339,0.2626009684624411,-0.2045387548966926,-0.14952216304221613,-0.03556120462378314,-0.04151148277081528,-0.19219445584045958,0.004003239353361334,-0.3510428136557889,-0.1620316360716712,0.02988135559737167,0.05509765395052726,-0.14428862999772168,0.1335831874219462,-0.14601314315741926,-0.46481940541407607,-0.2752943937960364,-0.10160559026566231,1.0,-0.264091184748495,-0.13227380852648332,0.011532950389582986,0.11116601701742164,-0.09970432679414441,0.05659759912736772,-0.0172734696185032,-0.03765147412465763,-0.1423759804616566,-0.15990608694201636,-0.2539756940269742,-0.005187805741478932,-0.07773835540983386,-0.15037525232735843,-0.2116844468223907,-0.1063458463437088,0.22368584558628246,-0.044554346864175996,-0.03362605390991829
Angular_L,0.1086925547812945,-0.1928068495717369,-0.2597051047900919,-0.06073611295661941,-0.13837830348218594,0.0,0.22962685998336255,0.08294943102615403,0.04667153250224792,0.05384864177656453,0.16184630280721912,0.22332881520822123,0.035618843218805304,0.10901806304923879,-0.03614553209743844,0.19525020393335615,0.035178835848759055,-0.07320502214890255,-0.22630866959432944,0.1274601751863598,-0.2093420008515508,0.09036542953251761,0.2731572409401855,0.14456392923597228,0.022258472773113408,-0.264091184748495,1.0,0.12894261013684308,0.08067356182803247,-0.2112512744310893,-0.024359257800017475,-0.06258964718459621,-0.023170884725366367,0.20047317051089641,-0.11439604962646868,0.03680968818809785,-0.03980430003048743,-0.13543008743300244,-0.06417843841810776,0.21946020774525848,0.08165956929647296,0.005621010257615097,-0.1813933759446208,0.17743536858068898,-0.00969661089881119
Putamen_L,0.6635988671759904,0.329191230675494,0.28959172394069393,0.09716565155387735,0.10465426978182989,0.0,-0.044850333277707204,-0.04690780691122482,-0.07375331220425235,0.5737985956295452,0.7627683760730681,0.36893812551530275,0.6712027256275773,0.7598269234228591,0.5051963072616095,0.5291449711049494,0.6498361671503715,0.4760752669931726,0.303872005566441,0.08622769264151102,0.26920565366766164,0.8761356431297331,0.057472277401663975,0.5628257204627416,0.677715108080637,-0.13227380852648332,0.12894261013684308,1.0,-0.05274196487610981,-0.018466591875928806,0.4177589910862282,0.28349037283507905,0.6208732154316323,0.7235170675850615,0.07719123285240301,0.5670474586293649,0.5520183359146094,0.26914818270583263,0.35268462461983235,0.0468972390312393,0.8451596264958045,0.16302810178104413,0.29775723030989093,-0.00029992078827205767,0.45829722870464
Paracentral_Lobule_R,0.16127920877511323,-0.11413094908407331,-0.1364982953032045,-0.17086720784372098,0.322584630062378,0.0,0.44005158292296004,0.39132168834191927,0.16721883765915022,0.16387458996578746,0.11704755926644178,0.09078325721856076,0.23523727070993886,0.1688749163451325,0.3009515042605807,-0.18158234997615533,0.03678188741494296,-0.05800170428599695,-0.060439811093150185,0.42396849959426675,-0.34933114340131777,0.08824641977101137,0.08668258357533776,0.16252551675463042,0.2836717310397271,0.011532950389582986,0.08067356182803247,-0.05274196487610981,1.0,-0.21411569113720721,0.007044436092069873,0.5629669861539305,-0.061217021032493296,-0.032021904940675396,-0.297655948289526,0.18199823355743625,-0.10294241711179934,0.25903917412014005,-0.1563161879158414,0.07829914227484568,0.06800658057148003,-0.21633427727798943,0.1214124628870143,0.23287157394733635,0.12419763522623803
Cerebellum_Crus1_L,-0.16818757027363154,0.5302448515029059,0.4992994223735502,0.3065431729263209,-0.12538718347796726,0.0,-0.33062933484441737,-0.5449958866363493,-0.43590779168047805,0.07007264933456964,-0.22383499531979428,-0.3389689639786047,-0.046527991394982315,-0.08710804978758951,-0.06390385125486996,0.07218245862259591,0.004012033721395355,0.10295120770982946,0.3342574016354672,-0.18186362435358197,0.5506545405401291,-0.0002742234449871448,-0.2245370457037987,-0.2225870177568156,-0.15675990973712622,0.11116601701742164,-0.2112512744310893,-0.018466591875928806,-0.21411569113720721,1.0,0.0783885343758048,-0.13963713369223132,0.3146856171291807,-0.2948404942009333,0.459956225949742,0.004117281989079285,0.15307453378423672,0.1323816417805944,0.43035771382390325,-0.4693038436753609,0.13314691435566742,0.1610025516635816,0.42033587042538306,-0.44694621850242433,0.04572072645308779
Thal_LP_R,0.1529229763980386,0.2817325511712637,0.27094811279345193,0.16004015042195033,-0.035077205316612514,0.0,-0.102374045676096,-0.1324631742806801,-0.15350752418752572,0.5320436496982592,0.14366149854051039,-0.04561365845674073,0.34231900556619876,0.5069451186054994,0.2469011900647826,0.30262119124972336,0.310399102735323,0.19332355730066642,0.23756278587636442,-0.00281915773849254,0.2526425538101681,0.5177542205646622,-0.025815913827753327,0.3251640449613412,0.3284139996647104,-0.09970432679414441,-0.024359257800017475,0.4177589910862282,0.007044436092069873,0.0783885343758048,1.0,0.27780143100642385,0.44771324846226124,0.18601017185024563,0.15135814041075293,0.6824180815423242,0.41039401015420124,0.309068116436124,0.28876486044466804,-0.16679976479680805,0.496298812677379,-0.04565360319600088,0.23406701323170215,-0.2078466551467138,0.12923253702206564
SN_pr_R,0.5165507700492056,0.08569175997203327,0.18100069309764602,-0.078243405190398,0.40141857781188345,0.0,0.12435116561018693,0.10230432118153873,0.12902934843783115,0.3683226384572834,0.3603199912773212,0.026370049644572503,0.598177574699117,0.4511093922395009,0.624222798994685,-0.08070336364189876,0.3708708755651344,0.5270861910380145,0.36156899018308086,0.15627501476802186,-0.007517806796233319,0.46938354855528397,-0.032277607416811495,0.3251416207193567,0.6150672978809524,0.05659759912736772,-0.06258964718459621,0.28349037283507905,0.5629669861539305,-0.13963713369223132,0.27780143100642385,1.0,0.36817304458268946,0.13113055366269166,-0.02883521091253277,0.4493110959417018,0.3851811608818407,0.6847499479215232,-0.03573806330523571,-0.08817701042187598,0.37562570446202304,-0.13988184097978842,0.19270244394719346,-0.077926927570785,0.49059791225410426
ACC_sub_L,0.46294376559727346,0.6572140874097561,0.6516762404093565,0.22144766739683183,0.21664705273554058,0.0,-0.24773233822008664,-0.39431450351161834,-0.3412862177235538,0.5228434718552737,0.437458508873954,-0.01836500987787757,0.5238588213630929,0.5848527207045959,0.48664729326218464,0.38956393497516373,0.5346456685610365,0.5369079140794253,0.39114591257888226,-0.030068961460644878,0.6115433408966569,0.6938854846244761,-0.0941936555153416,0.2801143449765792,0.49448562664709944,-0.0172734696185032,-0.023170884725366367,0.6208732154316323,-0.061217021032493296,0.3146856171291807,0.44771324846226124,0.36817304458268946,1.0,0.20009290275303585,0.4066428118931719,0.5968100549872997,0.5782081260993474,0.5007598406677515,0.5924485622025363,-0.5166708916974392,0.7053260863986363,0.010541135741073487,0.5815487908328615,-0.3347573310634514,0.5419929908405516
Pallidum_L,0.37823348520605554,-0.2588985987610369,-0.07029236135038719,-0.26191371039275396,0.345400318610297,0.0,0.2696687342387882,0.3655450234063847,0.47267957229361857,0.0956834158453721,0.5446117402969632,0.8259905550720782,0.3496357110539297,0.45368940348047243,0.10852833187589761,0.20839922689922766,0.35083297401726476,0.18777581903077556,-0.1320365703112947,0.09641954638685496,-0.09790408387801632,0.4849738413972109,0.09068614327314208,0.32611954651031,0.3591945945645134,-0.03765147412465763,0.20047317051089641,0.7235170675850615,-0.032021904940675396,-0.2948404942009333,0.18601017185024563,0.13113055366269166,0.20009290275303585,1.0,-0.3840607196059665,0.22475701637908552,0.03434349902749449,-0.23392038282046015,-0.25628147691759445,0.5286205128471121,0.36273450827885806,0.07260613191391903,-0.08056980776017579,0.5372698934181046,-0.02749620008657197
OFCmed_R,0.14360908753131651,0.6806460183799461,0.48808227448980374,0.4205216929712846,-0.3485714911310108,0.0,-0.5995666310664656,-0.4977800575540978,-0.6915433065796841,0.3994029337855315,0.017877801995126313,-0.5052001666405767,0.11431681093707946,0.14929703195223606,0.17390265677807196,0.44422288806115084,0.10886831975367287,0.3268150642889841,0.41048328556207536,-0.07508269549476225,0.7052726220941838,0.24088559101161663,-0.06289037292600826,0.18772695299124864,0.08170237284179929,-0.1423759804616566,-0.11439604962646868,0.07719123285240301,-0.297655948289526,0.459956225949742,0.15135814041075293,-0.02883521091253277,0.4066428118931719,-0.3840607196059665,1.0,0.1815798411346123,0.5137387078055239,0.49413035126811145,0.6859066019669355,-0.6246586547540975,0.33444865473658897,0.17228547402653716,0.3836528070884525,-0.6394681710167543,0.426650399702543
Thal_LP_L,0.4976158992577454,0.35826341271232504,0.3189585222869559,0.13530406717626298,0.08283060533815119,0.0,-0.05469755517798785,-0.043853471306717344,-0.169593690870837,0.7072684532378768,0.4816239521483845,0.03798013470064053,0.5732750003501866,0.6963442291748856,0.4957061657608213,0.4106544125582046,0.5068696366104333,0.35477480374568,0.3119377057834277,0.17138552877966776,0.25729600186788143,0.6707524228768349,0.012211001467378038,0.5867692926873324,0.5962326936363468,-0.15990608694201636,0.03680968818809785,0.5670474586293649,0.18199823355743625,0.004117281989079285,0.6824180815423242,0.4493110959417018,0.5968100549872997,0.22475701637908552,0.1815798411346123,1.0,0.5400655562717208,0.47670033258475086,0.37469730472138807,-0.19295329987988555,0.619786314972494,-0.032407810236988105,0.32917104486184146,-0.14101236071157577,0.4602405829595393
Thal_LGN_R,0.5087483681897045,0.4866218246219141,0.26597674492677287,0.33095651683926125,-0.3165137094269792,0.0,-0.3310753924374172,-0.3196083914492716,-0.5489834946668862,0.7097280981480275,0.45358810930045185,-0.23610123038782863,0.47376300718884334,0.6055463377202118,0.4461434379989839,0.6436239819669346,0.528200071136364,0.586224815527834,0.4337188682535181,-0.07811434464806204,0.346397913593378,0.6494359008666578,0.14913407755693212,0.5493690542527729,0.49321472913872993,-0.2539756940269742,-0.03980430003048743,0.5520183359146094,-0.10294241711179934,0.15307453378423672,0.41039401015420124,0.3851811608818407,0.5782081260993474,0.03434349902749449,0.5137387078055239,0.5400655562717208,1.0,0.6169125028711142,0.5323878780676838,-0.3402568381228,0.6985692076444224,0.23884162981446727,0.22830142949760607,-0.43095157764057185,0.5814918517666644
Thal_IL_L,0.5722056518112435,0.5997985866689328,0.5109640282835534,0.2954308543134994,0.11866639089115556,0.0,-0.26264729267977704,-0.22995393037634126,-0.37085524732329156,0.5830443998990374,0.3687739534838248,-0.4367846829124562,0.6642655290985906,0.4733528180600415,0.7692213766194225,0.11677574020906152,0.460104963662694,0.5820105953245824,0.5731690558047562,0.19691924008085487,0.37347591450606243,0.5288731534295884,-0.09843731069761996,0.40094405749641304,0.6322032460803025,-0.005187805741478932,-0.13543008743300244,0.26914818270583263,0.25903917412014005,0.1323816417805944,0.309068116436124,0.6847499479215232,0.5007598406677515,-0.23392038282046015,0.49413035126811145,0.47670033258475086,0.6169125028711142,1.0,0.4839547974048236,-0.5720894369659658,0.5357923352200962,-0.054397050896889024,0.5208008917139318,-0.5484551317276072,0.7430363588778071
Frontal_Med_Orb_L,0.29904534050175663,0.8635050645668996,0.5626980876678858,0.501547292821237,-0.25530196275875466,0.0,-0.4988809844450337,-0.5918798067044707,-0.6935059839025393,0.5696997584764596,0.255832492053087,-0.48465703007510014,0.2728011109517768,0.3371851840328007,0.37400912436149764,0.4679253497451012,0.21201795463992656,0.3369011278112282,0.44401331107266695,-0.016279846465239188,0.6625751598306099,0.5059233932913556,-0.07876678246361642,0.22492730512558723,0.28790123859481687,-0.07773835540983386,-0.06417843841810776,0.35268462461983235,-0.1563161879158414,0.43035771382390325,0.28876486044466804,-0.03573806330523571,0.5924485622025363,-0.25628147691759445,0.6859066019669355,0.37469730472138807,0.5323878780676838,0.4839547974048236,1.0,-0.6966282641941526,0.5936817925727346,0.07052794056370387,0.6141756875743317,-0.687384340478249,0.5615594540808498
Heschl_L,-0.09467940822392598,-0.8515116504180227,-0.6905288403300568,-0.44311966288368126,0.017483477906217054,0.0,0.4265308007868384,0.5283230411683331,0.5920961783821346,-0.3730725663329688,0.024324735199778364,0.5896697760100955,-0.1164276000810881,-0.08424635284260792,-0.303176012194393,-0.08851156173772348,0.01931795206001743,-0.2826051735433986,-0.31576922406087854,0.014510040894792284,-0.6301548362093353,-0.15984538613107488,0.1650105013112239,0.015165336456352445,-0.06662256789223223,-0.15037525232735843,0.21946020774525848,0.0468972390312393,0.07829914227484568,-0.4693038436753609,-0.16679976479680805,-0.08817701042187598,-0.5166708916974392,0.5286205128471121,-0.6246586547540975,-0.19295329987988555,-0.3402568381228,-0.5720894369659658,-0.6966282641941526,1.0,-0.2678358007195465,0.05614009361726067,-0.6840167417171389,0.6801173122858533,-0.45051900105520465
Frontal_Inf_Oper_R,0.6767376071996983,0.5811297290235378,0.4254323443228923,0.2193486405506517,0.005796385488834676,0.0,-0.18079236368518775,-0.23800457153479748,-0.36759210682285026,0.729307618073094,0.6940658811810819,0.04179583422971049,0.7025253659598486,0.7782647698911571,0.6424080695214717,0.5666211618531241,0.5994748872798998,0.562260432444961,0.45027761296082847,0.1919491281754046,0.3886248408695712,0.891471864752946,0.11185896503469676,0.5834313625468024,0.7333552763973121,-0.2116844468223907,0.08165956929647296,0.8451596264958045,0.06800658057148003,0.13314691435566742,0.496298812677379,0.37562570446202304,0.7053260863986363,0.36273450827885806,0.33444865473658897,0.619786314972494,0.6985692076444224,0.5357923352200962,0.5936817925727346,-0.2678358007195465,1.0,0.14831113309267055,0.4167814224087979,-0.3000896367793876,0.6289417814649627
Cerebellum_7b_L,-0.03294299810600266,0.06793610947432822,-0.008383883333821793,0.12839960564684627,-0.3050442183353669,0.0,-0.1614834222443306,-0.10836133943262855,-0.2520223794771594,0.0729895394904685,0.0010452347260985243,0.01778499279207828,-0.07212705666005659,0.008488031969325929,-0.09913604147626247,0.2870834256837962,0.06242572918469439,0.026160680084624383,0.13170159030379114,-0.0920826986696601,6.429796606710179e-05,0.031282048818840134,0.11454041804637331,0.027754173270477224,-0.04647428194402307,-0.1063458463437088,0.005621010257615097,0.16302810178104413,-0.21633427727798943,0.1610025516635816,-0.04565360319600088,-0.13988184097978842,0.010541135741073487,0.07260613191391903,0.17228547402653716,-0.032407810236988105,0.23884162981446727,-0.054397050896889024,0.07052794056370387,0.05614009361726067,0.14831113309267055,1.0,-0.026744007051512603,-0.05439989208993345,-0.047390940842373386
OFCant_R,0.18837989228249852,0.760801990242489,0.7830710473929997,0.3100202302460284,0.30168355400498986,0.0,-0.23945481213494973,-0.26028038011058924,-0.3887280001790101,0.3660349617793115,0.1534022444775184,-0.2632822334830082,0.3790886507337736,0.23969582349298416,0.4405320167063417,0.036575655130430464,0.2592270757645527,0.2473747509655541,0.40396298804805186,0.12300466997608933,0.5547893113857286,0.3458167082643348,-0.20686421186581935,0.04213829049028804,0.2749252060009307,0.22368584558628246,-0.1813933759446208,0.29775723030989093,0.1214124628870143,0.42033587042538306,0.23406701323170215,0.19270244394719346,0.5815487908328615,-0.08056980776017579,0.3836528070884525,0.32917104486184146,0.22830142949760607,0.5208008917139318,0.6141756875743317,-0.6840167417171389,0.4167814224087979,-0.026744007051512603,1.0,-0.4118496696408718,0.3578553386678415
Cerebellum_4_5_R,-0.08587425304299849,-0.691842858653082,-0.5258156777743909,-0.556886050839143,0.3730974291035665,0.0,0.4790780624601785,0.7973109132637801,0.6696809898487615,-0.26626380199353633,0.0943162270251542,0.8289947230958941,-0.11874697650718635,0.008135978123327723,-0.3181673649129495,-0.13372847019729442,-0.06442123408473009,-0.3608017846320419,-0.6587738484637676,0.3225249162193388,-0.47739000833004663,-0.16942507045756477,0.13159474939681712,0.10733124330839318,-0.0961707729755327,-0.044554346864175996,0.17743536858068898,-0.00029992078827205767,0.23287157394733635,-0.44694621850242433,-0.2078466551467138,-0.077926927570785,-0.3347573310634514,0.5372698934181046,-0.6394681710167543,-0.14101236071157577,-0.43095157764057185,-0.5484551317276072,-0.687384340478249,0.6801173122858533,-0.3000896367793876,-0.05439989208993345,-0.4118496696408718,1.0,-0.45092368376476116
Amygdala_L,0.842592172743237,0.5790648831743076,0.4455237187725076,0.21773067551124692,0.11806311527666184,0.0,-0.23472094188448478,-0.24845720265273644,-0.30602335059455216,0.5890182472457511,0.7070486077994453,-0.1989097704250729,0.6902876366546341,0.5751242227884659,0.7707780939014006,0.27392626374808327,0.4631609045792889,0.6532242789608489,0.4497896932932865,0.21608645272780136,0.3889226110311838,0.6972910549093283,-0.030892014107399612,0.5165155970008691,0.7767784729866887,-0.03362605390991829,-0.00969661089881119,0.45829722870464,0.12419763522623803,0.04572072645308779,0.12923253702206564,0.49059791225410426,0.5419929908405516,-0.02749620008657197,0.426650399702543,0.4602405829595393,0.5814918517666644,0.7430363588778071,0.5615594540808498,-0.45051900105520465,0.6289417814649627,-0.047390940842373386,0.3578553386678415,-0.45092368376476116,1.0
