,Angular_R,OFCpost_R,Thal_PuA_L,OFClat_L,Raphe_M,Red_N_L,Cingulate_Post_R,VTA_L,Occipital_Mid_L,Rectus_R,Insula_L,OFCmed_L,Frontal_Mid_2_R,Amygdala_L,Rectus_L,ACC_sub_L,Thal_MGN_R,Frontal_Sup_2_R,Thal_LGN_R,Precentral_L,Thal_IL_R,Thal_LP_R,Rolandic_Oper_L,Temporal_Inf_L,Thal_PuL_L,Thal_MDl_R,OFCant_R,Thal_VPL_R,Cerebellum_8_L,Cerebellum_6_R,Vermis_6,Parietal_Sup_L,ACC_pre_R,Cerebellum_4_5_L,Frontal_Inf_Orb_2_L,Rolandic_Oper_R,Cerebellum_Crus1_R,Thal_LGN_L,Temporal_Sup_L,ACC_pre_L,Cerebellum_9_R,Precuneus_L,Temporal_Mid_R,Frontal_Sup_Medial_L,Thal_MDl_L,Postcentral_R,Postcentral_L,Hippocampus_L,Caudate_R,Thal_PuI_L,Temporal_Pole_Sup_R,Thal_MDm_R,Frontal_Inf_Tri_L,Parietal_Sup_R,Frontal_Inf_Orb_2_R,Temporal_Pole_Mid_R,Thal_AV_R,Cerebellum_10_R,Calcarine_R,Cerebellum_4_5_R,SN_pr_L,OFCmed_R,OFCpost_L,Vermis_10,Red_N_R,Cerebellum_3_L,Vermis_4_5,Supp_Motor_Area_R,Thal_MGN_L,Thal_PuL_R,Pallidum_R,Angular_L,Putamen_R,Thal_PuA_R,Lingual_L,Calcarine_L,Olfactory_L,LC_L,OFCant_L,ParaHippocampal_L,Cerebellum_7b_R,Thal_AV_L,Temporal_Inf_R,Frontal_Sup_Medial_R,Raphe_D,Cingulate_Mid_L,Amygdala_R,Frontal_Inf_Oper_R,Pallidum_L,Thal_PuM_L,Frontal_Med_Orb_L,Frontal_Inf_Oper_L,OFClat_R,Frontal_Med_Orb_R,Temporal_Pole_Sup_L,Thal_VA_L,Thal_MDm_L,Fusiform_R,Thal_VA_R,Thal_LP_L
Angular_R,1.0,-0.5690559932816008,-0.25487321681450603,-0.3893952226334453,0.38312640816302534,-0.06453674708921849,0.39568817297485076,0.16398356466546585,0.0,-0.515935213076726,-0.05710976941756193,-0.5668942622148522,-0.25018876945423046,-0.2465046184426361,-0.47921242737417263,-0.28423073197376864,-0.1990293713863325,-0.26821991298179254,-0.35358126888328983,-0.5565378628237304,-0.2593370547794135,-0.033600154768849415,0.1376641052438647,0.5142797242087401,0.1660292579351496,0.2983468041381888,-0.30917938523826594,0.07883849284330793,0.5313644032017844,0.4558330584204396,0.0,0.6704798631683425,-0.12471119686341292,0.7156098543072387,-0.0907411882105155,0.22358646928952244,-0.6362151855984055,0.2556850812864308,0.5054708645331542,-0.2519408009380808,0.4020026629515862,0.23936957609595108,0.2781202388377578,-0.17538518222410981,0.38876307267368626,0.007265111227539137,-0.1803256238887896,0.5237001934165577,-0.040057920676824524,0.04778038224238287,-0.44989994130185534,0.14076541124211164,-0.011990313487967868,0.6844909629110992,-0.46967686032169087,-0.5061203627591911,-0.20200626257194737,0.024713580387253315,0.5311346099345329,0.5978200866887963,0.036447472672685735,-0.5753235647220982,-0.5054042205304213,0.01689686029288225,-0.3046665536723019,0.6953700108217561,0.5838500717133748,-0.37208775905019564,0.009076514074693192,0.31542329117669005,-0.0011332888865877395,0.2557503441676395,0.05730458064777004,0.5117619448431122,0.6864847220323156,-0.008553804638739573,0.06383206644719377,0.6206248444649802,0.17566937538836844,0.7258624212583239,-0.412994520712876,0.20432039342596553,0.1662914959423579,-0.231752467850197,0.4368579805292587,-0.40422202172520255,-0.10470154056396049,-0.18823798870542682,0.3553910701084452,0.052041574539370375,-0.5390502560347288,-0.08735824339498902,-0.14887262891091319,-0.5165850534217955,-0.15652698183476724,0.1974265597085331,0.29547397771963335,0.6273877842589692,-0.10052636738544299,-0.007219165360885804
OFCpost_R,-0.5690559932816008,1.0,0.7582503924078496,0.5238214386909407,0.00760653645069436,0.3249804053380965,-0.6915832994372274,-0.23740324102221833,0.0,0.6805756522489325,0.4703271704637936,0.614322025578824,0.5480780059772562,0.5790648831743076,0.7798904430465874,0.6572140874097561,0.3948843779304973,0.5961242739301901,0.4866218246219141,0.5120020615296005,0.6970003005314924,0.2817325511712637,-0.4821287998404633,-0.6620903087977896,0.07910823767847132,-0.12176411330278213,0.760801990242489,0.18238715379253573,-0.515103018497933,-0.5335080044556961,0.0,-0.37764301925910626,0.37328737648824245,-0.7978298852252405,0.21490892676143417,0.09246765516794443,0.560662208702756,-0.2825584861226614,-0.7043932055283955,0.6305076093053962,-0.4013892975801832,-0.27855904744663174,-0.04971117852575653,0.4605557374194782,-0.2535037197444862,0.025663745134162898,-0.21424474198946766,-0.533894248720814,0.31501392917242166,0.08505179019194156,0.879812904340335,0.15524007949043547,0.3061756009255003,-0.506135552170653,0.726540339744914,0.801459005792873,0.7413471991155648,0.13708308584782491,-0.6527291683515735,-0.691842858653082,0.14757701581452562,0.6806460183799461,0.6467167832382483,0.07294933527087061,0.5774974843575953,-0.74704204302679,-0.7014486344079388,0.5869045562166119,0.23571271367261754,-0.2566288105407676,0.35749151477143903,-0.1928068495717369,0.11771020488380103,-0.4646823010129818,-0.8089800972727702,-0.2851697882154275,0.09875835617905712,-0.6428450630992452,0.18593532821011133,-0.7072376092828088,0.4372699993474977,-0.22089827630781866,0.07963242360544735,0.5322712787713059,-0.32392730827472593,0.43708918251917583,0.47542226695656553,0.5811297290235378,-0.2588985987610369,0.3026255915789247,0.8635050645668996,0.3223353026763943,0.2564404480583687,0.7257641597185992,0.3227900753022892,0.14387791875878705,-0.015155218872932532,-0.6544307419185031,0.5354168937057842,0.35826341271232504
Thal_PuA_L,-0.25487321681450603,0.7582503924078496,1.0,0.3536347325540746,0.19614176532334784,0.4287325183141439,-0.4306268770951192,0.16970589430974126,0.0,0.34236224611768246,0.7151619863035622,0.34295570961290783,0.7136455777837375,0.8041596605864697,0.5278106582150641,0.6143323541144105,0.6658192505082615,0.6981887206026345,0.5066127742946093,0.4298734311975278,0.8576522013850331,0.32692252277027983,-0.2939952754406023,-0.40751246832706994,0.2571545713269356,0.2671007319348535,0.5629111844144182,0.6144609520139186,-0.2831936598373215,-0.3343581053631418,0.0,-0.11722481830740428,0.43006164608560093,-0.5156555578456644,0.32467233581247357,0.19958536304965152,0.3146807386923572,0.08594985864712715,-0.3608611290496591,0.6166085156512595,-0.2386655534392406,-0.1502895712506753,0.13027582223604073,0.5517274296885598,0.14796939970598602,0.05923951211585489,-0.26329712921614656,-0.06149733996251953,0.39188363482914285,0.41662889555573057,0.7422569264759551,0.427797112435487,0.6202584525795292,-0.2679211488375581,0.5360014402392426,0.5948934353951483,0.7963698940761245,0.04700743623312126,-0.5000883426509907,-0.5911797467982512,0.5187945558400787,0.4415234886864024,0.43483800624381036,0.07417344652373073,0.5486127702746632,-0.48245848978330974,-0.39947678117032226,0.6666157030861928,0.43680046520094457,-0.15761083162518844,0.6578376365837403,-0.08979520726617383,0.21817690235776147,-0.266914401459451,-0.5319437817510222,-0.2561560093356759,0.30645754775279493,-0.317799591975437,0.15067398457195097,-0.3382780357526305,0.3195950500685834,-0.2213798385482666,0.08546509150785911,0.5955653306734214,-0.06181700215078464,0.44797118275729464,0.7191659036172781,0.7218125455890463,0.013543880879898145,0.706764822411896,0.6701240125463462,0.5464658394765404,0.14336160456885924,0.5087394311662822,0.29779510502733664,0.3914413668930129,0.2809465787719645,-0.4952503838651223,0.5783494177179309,0.43341408688420463
OFClat_L,-0.3893952226334453,0.5238214386909407,0.3536347325540746,1.0,-0.15965886389722703,0.1033486848848864,-0.49045672507176974,-0.2810330556964582,0.0,0.4957384172414127,0.18043175779444967,0.372969082052938,0.19346116368289298,0.21773067551124692,0.44211799393556406,0.22144766739683183,0.1578164621227671,0.24269530811702736,0.33095651683926125,0.32811609815921616,0.32457400066847103,0.16004015042195033,-0.18133973663259786,-0.3277624953476397,-0.08725618747394008,-0.2772490680875264,0.3100202302460284,-0.07962356773347062,-0.37641798975790614,-0.48651389175742527,0.0,-0.3209990079526128,0.12268571200263467,-0.5711810754601794,0.2555178077361046,-0.13024025655506238,0.3755136230675047,-0.13886447542364783,-0.3955069708656185,0.2980019412214516,-0.261947140657398,-0.16811520894875093,-0.3293824539288563,0.20251653615523574,-0.31646779647185275,-0.001199338364645986,0.030190066340420447,-0.4247540423369447,0.07556594656802192,-0.08380736222292326,0.42853939657618306,-0.06843322306982025,0.1483218312320561,-0.36129165621575676,0.373543350149687,0.36045029179554067,0.374122325807898,0.07945929834382562,-0.427886894336374,-0.556886050839143,-0.10117121209454498,0.4205216929712846,0.4352815673386939,-0.04662788026823469,0.3611152595596328,-0.5586740808015662,-0.5792615469296816,0.31004226330036927,0.05315091208862476,-0.18085639755021204,0.05947217335563956,-0.06073611295661941,-0.06128283093842816,-0.4217716979871264,-0.571544274219415,-0.1286828120317628,-0.09495805530461957,-0.5200706431664303,0.06408992428650602,-0.551257757177765,0.29569392299594716,-0.09644269862926512,-0.19085857676312257,0.23959849877062916,-0.35208990296551385,0.2589916308332805,0.14382037322913563,0.2193486405506517,-0.26191371039275396,0.05083385241318278,0.501547292821237,0.11052251236479406,-0.004410052412319102,0.41187129186910443,0.25467187985475465,0.009289648250643497,-0.21020164149370138,-0.5833543359069969,0.2950808457382602,0.13530406717626298
Raphe_M,0.38312640816302534,0.00760653645069436,0.19614176532334784,-0.15965886389722703,1.0,0.3568594356148099,-0.06189399905744783,-0.06938926842526338,0.0,0.024219658156794395,0.23425680806121524,-0.33870439423303206,0.02390858800163035,0.21608645272780136,0.041792098276126864,-0.030068961460644878,0.07581646216600617,-0.0724374904771725,-0.07811434464806204,-0.35661380020076405,0.2686085211140991,-0.00281915773849254,-0.23985078096683304,0.21944999424117734,0.3246313086829714,0.3213273131911615,0.12300466997608933,0.3127473727289508,0.20192368511732742,0.16646621838245815,0.0,0.26621141343894406,-0.14200998944752719,0.2655274880879868,0.26472785085323824,0.29714650558058514,-0.45863803817586496,0.04077368007745081,0.25423204976260727,0.07287040790287078,0.21204702390892924,-0.29967404261905123,0.3285527555674326,-0.12112997597817574,0.36322081456238653,-0.07867189909780507,-0.500964259281226,0.3155732529530353,-0.03781086488931923,0.3439222930665376,0.1269532725368299,0.2544631097717603,0.3297890657480427,0.13610311155731086,-0.07699939597233599,-0.06488174373788816,0.18749274719375605,0.37402936678688614,0.06430522288458296,0.3225249162193388,0.24373216053477081,-0.07508269549476225,-3.525028038367112e-06,-0.14428862999772168,0.06678325182024851,0.2286755065439334,0.11423619929148485,0.03362755386765489,0.32032074848608166,0.4117403753089568,0.35772080188722777,0.1274601751863598,-0.023564013413377976,0.24392779439009915,0.22202580073064918,-0.24716322817501774,0.026383771451309275,0.11759880982308002,0.2233997259097444,0.37796015089910107,-0.007396126748050749,-0.04406572281389035,0.2037746731859442,-0.09403137508152225,0.2551812048337662,-0.3423658302821297,0.30269820157009975,0.1919491281754046,0.09641954638685496,0.39432366382565004,-0.016279846465239188,0.14746748240011684,-0.12205284193228318,-0.057819978896443414,0.22997342705822185,0.4962159086174362,0.26756045464341,0.2830597740588827,0.29198824722872596,0.17138552877966776
Red_N_L,-0.06453674708921849,0.3249804053380965,0.4287325183141439,0.1033486848848864,0.3568594356148099,1.0,-0.34035520093631666,0.031209614675199466,0.0,0.29338153567728426,0.6351800829027062,0.37700022026654056,0.5218855813239545,0.6420478872554161,0.4232948229109992,0.5464796181435907,0.44475650005289163,0.4665362619859542,0.669630612415643,0.03463694479572842,0.554590225126936,0.19835548071478537,-0.03893105473227248,0.149814551947187,0.6232499438336239,0.4470185516496913,0.16149717709383568,0.49907557254430746,0.07199909315542054,-0.2589017060365978,0.0,-0.17363415823441886,0.2938089682439689,-0.23144891262393366,0.676782367926855,0.3758546919547674,-0.07768831729252565,0.17645135009773788,0.10573913629190583,0.5134768595444147,0.13738512836233785,-0.4728179835857082,-0.07616399419571167,0.3498925605927201,0.43016698702954986,0.009050339024323074,-0.2678011752955844,0.11017878447203827,0.38066535652580497,0.5189228425942315,0.41285038648571504,0.5171491951879064,0.5831741281057068,-0.13254607244245645,0.24971436918708595,0.13405170896546376,0.5307601523455744,0.3203939517862121,-0.5770428805709346,-0.049514843788313036,0.48484929008484995,0.32580772416133463,0.5818040907394686,-0.2948213366717028,0.7006315451936601,-0.31303820913948,-0.27322287236419923,0.4434942586379388,0.6885274177831756,0.239988324208661,0.49437238084766355,0.14732665923552046,0.33497779172766873,0.11059329020263367,-0.18634257877090485,-0.6917985993496278,0.4212243262744385,-0.38781445331352776,0.14830566797611514,-0.0064428678795087424,-0.03557891713899803,-0.23807307090010396,-0.29788640791393883,0.3378205363795659,0.47311264079362453,0.12522322847777753,0.40230826227756644,0.6091053987773167,0.14866772176195484,0.6379815282773459,0.4035332877357248,0.5782653113543749,-0.13407534439955776,0.33531786419591225,0.7757088383668673,0.7035714494705811,0.4927183088209863,-0.23359012774296437,0.705275522454885,0.5581866910127484
Cingulate_Post_R,0.39568817297485076,-0.6915832994372274,-0.4306268770951192,-0.49045672507176974,-0.06189399905744783,-0.34035520093631666,1.0,0.5071626834019825,0.0,-0.7501730690622204,-0.1866712701731117,-0.4716133220404034,-0.20802580736675474,-0.2981492820030977,-0.6321531219713289,-0.3245218901472016,-0.12726978165507924,-0.18479626317617445,-0.47703839112591534,-0.11633557443867697,-0.43954457637892547,-0.16429883832353412,0.5124369230696225,0.3377103538203952,-0.0061329167471616455,0.3592846760418383,-0.3943473964133669,0.14573373239409596,0.31902080352883905,0.5970299301606172,0.0,0.4021855825549067,-0.014078581630593114,0.7223970116938969,-0.395891391902176,0.17919481571430287,-0.20709170436924426,0.421247614448077,0.5068928583123324,-0.45050922727888365,0.09767719509791455,0.6289072196349605,0.49931809626400414,-0.08389925631606034,0.34581237615733174,0.23986980917199538,0.2908325779160648,0.6073609094146072,-0.0049728011383768185,0.06428614922070412,-0.5396083016013243,0.03139170628864288,-0.1253841216811026,0.4173536168234368,-0.46922352809159174,-0.28490943995586165,-0.505288196447034,-0.4729399142485039,0.6435749797928282,0.5659809209713159,0.10581664815388139,-0.6453514775996947,-0.7045901342637342,0.19407843990529935,-0.5128463089589521,0.7360042614242989,0.8338134934860112,-0.2717556830672741,-0.2505264406333229,0.2856780591217189,0.008748779327481578,0.051646023641135144,0.16629928310262376,0.5513011566307426,0.7834751220038705,0.44154818923231637,0.1696084404395666,0.7389684153164607,-0.13054713149825817,0.6706524910775366,-0.42998123476623984,0.2140241137324344,0.3955936054102395,-0.14502890472256316,0.39973182275552976,0.03863318379548255,-0.08633322287215123,-0.3652766436846615,0.4574842028709101,-0.055200508073708646,-0.7133539469851208,-0.12083305482422765,-0.1147350370738994,-0.6582733538722901,-0.4522776418213728,-0.243460313235356,0.18271993210556253,0.7171685447768855,-0.5382777045740699,-0.17295569673248376
VTA_L,0.16398356466546585,-0.23740324102221833,0.16970589430974126,-0.2810330556964582,-0.06938926842526338,0.031209614675199466,0.5071626834019825,1.0,0.0,-0.5454626595311352,0.31229033776917126,-0.11878627859918996,0.2969510172116282,0.2667701282714289,-0.3432403163805843,-0.01913138641544199,0.15997386564840477,0.231845099649686,-0.02951043269549201,0.19722236203850754,0.15351744429293837,0.06438275977205678,0.4856784156696816,0.2601300276465344,0.24333370124507167,0.5620557836913966,-0.21839418611640474,0.5950022653117251,0.20770473348620352,0.20632613814013653,0.0,0.2515914179643831,0.1640223531724763,0.29186951516062,-0.011085891694427693,0.13767750622307953,-0.08394664583443652,0.3299038211371022,0.38810188194544765,-0.10353357303744447,0.07777274958544837,0.3993050386150473,0.15353386556229287,0.24783348335501018,0.4927212952304776,0.05439629540448226,0.20903467496307393,0.6681048184402374,0.2121309312432197,0.34356022734385894,-0.2275836867187998,0.337081470184116,0.3909757635227259,0.2797072981280394,-0.2550918175530777,-0.167214587449257,-0.06828774007815913,-0.28197061063284506,0.23614886854885653,0.07254479988294303,0.5126517121448233,-0.3426201674810889,-0.1690156382228332,0.12361981687340669,0.034372103201550076,0.2624654889470049,0.38409911928504514,0.18170347046402147,0.06952788430294742,-0.037075389184546635,0.2989370857995906,0.06806354814352056,0.2553113579834965,0.1772526117837207,0.3744524590523181,0.24719688606853576,0.3949711028672975,0.391898936488036,-0.13598766141874133,0.40352926013002305,-0.21428747471653525,0.1800972802716516,0.051471287111181666,0.1976035992343225,0.30072102843424714,0.2712587277216815,0.27352978927478466,0.19523674984379494,0.3252128109599688,0.36506549351862305,-0.1094434671638324,0.3592643395225647,0.1714117618104438,-0.1619839009768293,-0.06804809957545266,0.09050708484286288,0.3665059588426308,0.21762485039719393,-0.04757501282068656,0.17089825515078577
Occipital_Mid_L,0.0,0.0,0.0,0.0,0.0,0.0,0.0,0.0,0.0,0.0,0.0,0.0,0.0,0.0,0.0,0.0,0.0,0.0,0.0,0.0,0.0,0.0,0.0,0.0,0.0,0.0,0.0,0.0,0.0,0.0,0.0,0.0,0.0,0.0,0.0,0.0,0.0,0.0,0.0,0.0,0.0,0.0,0.0,0.0,0.0,0.0,0.0,0.0,0.0,0.0,0.0,0.0,0.0,0.0,0.0,0.0,0.0,0.0,0.0,0.0,0.0,0.0,0.0,0.0,0.0,0.0,0.0,0.0,0.0,0.0,0.0,0.0,0.0,0.0,0.0,0.0,0.0,0.0,0.0,0.0,0.0,0.0,0.0,0.0,0.0,0.0,0.0,0.0,0.0,0.0,0.0,0.0,0.0,0.0,0.0,0.0,0.0,0.0,0.0,0.0
Rectus_R,-0.515935213076726,0.6805756522489325,0.34236224611768246,0.4957384172414127,0.024219658156794395,0.29338153567728426,-0.7501730690622204,-0.5454626595311352,0.0,1.0,0.05341460531476192,0.5555598395473317,0.14231672244668436,0.3222280188551582,0.8323977228460264,0.29190735046435556,0.1509539960783569,0.13398532498126947,0.4631015267387041,0.3220632780019844,0.3418896909624107,0.10417578859248897,-0.47379571172479334,-0.48961595739496905,-0.17528851502846604,-0.4656463265054802,0.4666896665472794,-0.15661944482172888,-0.41249921184792554,-0.5370251539202151,0.0,-0.4478004818361885,-0.10315012908969577,-0.7822257986979713,0.3109209497970082,-0.24750262005484172,0.36736820914082924,-0.2556092989697157,-0.5790045145818993,0.34239029642785535,-0.2612725793288626,-0.4142847316491877,-0.3990321836599443,-0.028728004003519655,-0.44759875962836804,-0.036234773498398785,-0.14642125046911647,-0.6779819422967103,-0.08032270632335263,-0.1786240545211627,0.5597760144452877,-0.24349816421926865,0.0510953381627828,-0.49150511526360147,0.48332818274030276,0.43063814531491135,0.44715292710875226,0.2511486469093366,-0.7004855203248905,-0.6381157475353558,-0.16302161916088,0.8344311838804452,0.6152934474962616,-0.12450981153571435,0.4169636190405818,-0.7608461519130171,-0.7947276443026214,0.4412297042766491,0.07025415723572583,-0.2658499724753134,0.036575621787131016,-0.13958918079202834,-0.2903189454585463,-0.6603386757444107,-0.810390351899327,-0.4519378165085126,-0.2740689156005278,-0.7848297429563494,0.049255213515914754,-0.7276466146782723,0.42594530639325384,-0.26774309490633824,-0.32434189797206153,0.05178196594059828,-0.46754917342387536,0.09035060616705479,0.16294470781445206,0.20003954940743723,-0.586719486071822,-0.00816624892981319,0.6039245760940386,0.050589674411731914,-0.12615371503605982,0.6008441770412091,0.390019972837684,0.14396518192658253,-0.3676402302588343,-0.7536978237737415,0.43982823543571,0.1744631225568374
Insula_L,-0.05710976941756193,0.4703271704637936,0.7151619863035622,0.18043175779444967,0.23425680806121524,0.6351800829027062,-0.1866712701731117,0.31229033776917126,0.0,0.05341460531476192,1.0,0.38537304286427465,0.8749451471021389,0.6972910549093283,0.3241827673121081,0.6938854846244761,0.6321540561914111,0.8344445518779735,0.6494359008666578,0.35978951210157717,0.8480020943075184,0.5177542205646622,0.23661143347338565,0.055525210295202944,0.6827433257670511,0.6448872458395509,0.3458167082643348,0.7470753352780842,-0.019803299995333295,-0.16690623471955152,0.0,-0.0243727212036514,0.7150735340504893,-0.19019706133851105,0.506499594537207,0.5674277498337705,0.1368715826547643,0.33845985304310805,0.09949564961015202,0.7734659106653272,-0.002891847174835806,-0.12649587198028864,0.14386977871395104,0.7924841178378362,0.6108288996335888,0.06356414657495982,-0.05488880628455608,0.291720686316776,0.7520562573474249,0.6552713836563636,0.63714171884344,0.8257836523529564,0.8837658717828296,-0.14464636364258315,0.3909244421098338,0.3671432118319818,0.74418941337072,0.04043174517077802,-0.317680181637077,-0.16942507045756477,0.6680685068865166,0.24088559101161663,0.4736921691374636,-0.14601314315741926,0.7208868853796313,-0.22476954002977134,-0.19692207036110404,0.6223116501925285,0.6130897996679489,0.17717755682136163,0.7829844987919028,0.09036542953251761,0.6619777643640058,0.17576678156125844,-0.1414465260701399,-0.17659231580620044,0.7126194590867639,-0.15158394673022835,0.261407714381836,0.05870406300806981,0.03387371719607802,-0.1556267667430731,0.04722440123069294,0.7788852699665915,0.3916013659502657,0.5340612317532238,0.6701857514015723,0.891471864752946,0.4849738413972109,0.8109428230275051,0.5059233932913556,0.8624865183935073,0.03654462925171551,0.3877900350809322,0.6110272400045771,0.6751443076240692,0.7141990617415515,-0.17769883545337703,0.7188093712797538,0.6707524228768349
OFCmed_L,-0.5668942622148522,0.614322025578824,0.34295570961290783,0.372969082052938,-0.33870439423303206,0.37700022026654056,-0.4716133220404034,-0.11878627859918996,0.0,0.5555598395473317,0.38537304286427465,1.0,0.5498601782352974,0.30819013308983434,0.5855806054008345,0.6171185752115728,0.24490224533148794,0.5955149821408796,0.6176205296561433,0.571024366722878,0.46560368485103526,0.3740512188590431,0.03680155319779636,-0.33163375849773186,0.13330656979545474,-0.05133318436189781,0.390104607518211,0.09994266326213769,-0.4278019848716528,-0.5477020989690202,0.0,-0.5024792540460111,0.5020414389793496,-0.7080599736497768,0.292834874292229,0.12517063213785265,0.487537925343415,-0.12371474867875154,-0.4107734201132823,0.5675255279456869,-0.22798851535276862,-0.2698991975918472,-0.3580338085455576,0.5682609214634698,-0.1145677768859325,0.13056109014039546,0.21420019936166765,-0.46204538242365784,0.5008286994041523,-0.056217160291999,0.5911178649515965,0.2098512726557475,0.2553358123116567,-0.4483827574035496,0.5252638800856261,0.5060753160854281,0.5360242724164666,0.11156671482741333,-0.5607097990636692,-0.5499750661925971,0.08809945602722334,0.6059639248226041,0.6659818938271657,-0.12958413217875728,0.7165164844516146,-0.7340413986820146,-0.6577638011640191,0.5409328980430669,0.17970546327528866,-0.22219042241533135,0.2347789129446534,-0.08312161129740675,0.3629562516192905,-0.33937720410872735,-0.6359077938656058,-0.21016871422177416,0.3541475906589597,-0.6958569047028743,0.08829347830699212,-0.6012406670117293,0.2767426336719447,-0.048946967027575686,-0.2553052443804645,0.5800623326791107,-0.17287881115193043,0.594284974440437,0.20022021003778454,0.5434465418942396,-0.06597564012203339,0.0976658592704671,0.6036934299126037,0.3982406933012436,0.03962915333083708,0.5917554868227143,0.5307270274961917,0.14799510460400164,0.05102945820295775,-0.6029253003230443,0.4567625533878837,0.41539798165891934
Frontal_Mid_2_R,-0.25018876945423046,0.5480780059772562,0.7136455777837375,0.19346116368289298,0.02390858800163035,0.5218855813239545,-0.20802580736675474,0.2969510172116282,0.0,0.14231672244668436,0.8749451471021389,0.5498601782352974,1.0,0.6514401343801124,0.4463909213721894,0.7045321146926063,0.6148686086479253,0.9435501413183571,0.6859162907372305,0.5942507250023532,0.8363514228956621,0.5005947308760424,0.23638312986301543,-0.1056023279012018,0.5638711020864365,0.5003407793216438,0.4381453100178197,0.6294341262531494,-0.22138951719355945,-0.2750922750783187,0.0,-0.20202483472651478,0.7757720334882247,-0.381039394609199,0.3947645257487024,0.47451761506344164,0.25358551675844343,0.24842764510094725,-0.0511235816461703,0.7617307478164519,-0.05715951565778403,-0.09621624850728815,0.08350821496888847,0.8746099729999427,0.4554418307623689,0.25144234253025594,0.1467083925260852,0.1122211888030402,0.8333633866228689,0.47012387511162645,0.6728659908725791,0.703406915274704,0.7771895518273121,-0.20867114397492334,0.39278575911216096,0.5016364340654701,0.7296299100662199,-0.0028020217426470316,-0.36138420193617105,-0.3506991989127058,0.5981814067062488,0.29904648008597123,0.5053083904265426,-0.09219570781515113,0.7591995945836434,-0.4008705203461796,-0.3054382197681204,0.7528392950399869,0.48252826282734285,-0.01696549940136684,0.7278975612906258,0.0034296602907267007,0.6859259431288759,0.03874621571024231,-0.3111236513762564,-0.11294044316403035,0.7140557175773623,-0.28748026195922416,0.19921466582810035,-0.14647050401668996,0.21659885001878615,-0.07023473126312398,0.031063765740231928,0.880117305126504,0.21371580260616466,0.7645943994550796,0.6760870537564287,0.9226192092169725,0.42506132051621937,0.684937935092726,0.5359938484007364,0.8602393377096547,0.029298033743797296,0.41510461865965065,0.5624891794528254,0.5148785460819156,0.5027823691901145,-0.3102471534429595,0.6615208080209849,0.6182425320409822
Amygdala_L,-0.2465046184426361,0.5790648831743076,0.8041596605864697,0.21773067551124692,0.21608645272780136,0.6420478872554161,-0.2981492820030977,0.2667701282714289,0.0,0.3222280188551582,0.6972910549093283,0.30819013308983434,0.6514401343801124,1.0,0.49407991354766523,0.5419929908405516,0.6532242789608489,0.5845425417770906,0.5814918517666644,0.4497896932932865,0.7647042658719138,0.12923253702206564,-0.15656103061457405,-0.25085184707999025,0.4526322844436233,0.38101534921819463,0.3578553386678415,0.6791640131563007,-0.16604356740777035,-0.24183469324900717,0.0,-0.11888395171419354,0.2644341350426804,-0.4187874125652307,0.46892511652259766,0.1262909677038681,0.22172635326827014,0.28603567540620867,-0.1275631213717666,0.5501755381907698,-0.1925442635760781,-0.12230665179318635,0.11806311527666184,0.3808827203632161,0.255941054286037,-0.020472514301677142,-0.22723038208125204,0.15984893825089577,0.29629801351635304,0.5754039741120477,0.6130196538178241,0.41361659346661367,0.7032138432701927,-0.23472094188448478,0.3889226110311838,0.4455237187725076,0.6099436677875189,-0.005448776880631489,-0.5823954618766638,-0.45092368376476116,0.6154009872978345,0.426650399702543,0.4881591781122389,-0.03362605390991829,0.5381668504279563,-0.418058947673599,-0.3075993285022103,0.7035863658411056,0.5832430100768693,-0.03311593593321705,0.6902876366546341,-0.00969661089881119,0.1453091617901302,-0.1989097704250729,-0.3869734067544226,-0.40534742702330284,0.3000871454234744,-0.30602335059455216,0.0013413192757893897,-0.17928491887392076,0.205685553269044,-0.3788142748747945,-0.0927884834754449,0.4111559238275934,0.1439024922384618,0.33833005895413826,0.7707780939014006,0.6289417814649627,-0.02749620008657197,0.842592172743237,0.5615594540808498,0.6364327395488111,0.020296204777407525,0.4525612407292795,0.4504732941949179,0.5165155970008691,0.32379988180993474,-0.447956531071742,0.5890182472457511,0.4602405829595393
Rectus_L,-0.47921242737417263,0.7798904430465874,0.5278106582150641,0.44211799393556406,0.041792098276126864,0.4232948229109992,-0.6321531219713289,-0.3432403163805843,0.0,0.8323977228460264,0.3241827673121081,0.5855806054008345,0.4463909213721894,0.49407991354766523,1.0,0.44682174788054124,0.28658605054705344,0.4247300713524606,0.5457142635312211,0.43423089954473776,0.5111799001642473,0.24641873165615402,-0.3729554212609824,-0.4840171315441784,0.07069097166185477,-0.1598939320126584,0.6477244566647691,0.05815197269293576,-0.3355963862025065,-0.4850285441932262,0.0,-0.4055018413051996,0.1892104428915746,-0.7299748083075861,0.3232496895079284,0.014387320457570886,0.35171419800033554,-0.16188588763918352,-0.5428056182161859,0.4955666098800101,-0.1729088206748076,-0.31203071621514705,-0.18474098435813616,0.2717766020114957,-0.1948261259738642,0.12269937022459172,-0.13020189452515007,-0.5310514491634355,0.2347367332391808,0.027457403382902836,0.673428294845338,0.030579696082825458,0.23888852738211516,-0.4124699424373615,0.5353110121761253,0.5885382912322529,0.654912885554379,0.1631648176790003,-0.7082046858569628,-0.5650862174698401,0.062128385843678975,0.7583579899813214,0.6242667018523657,-0.07195066558210002,0.5237044511108093,-0.6992736543882138,-0.6480138629647694,0.5586573732365628,0.19669888672578947,-0.25827689996912145,0.2616616579316748,-0.12308757072199801,0.0070774737500952315,-0.4365143113815968,-0.7215031804255595,-0.49618525372505007,-0.058028424912634276,-0.6900594457586628,0.11255946608329422,-0.6259781071384287,0.4379373306698254,-0.20236693248380153,-0.13470679441249842,0.35993298790925304,-0.2933689645709652,0.3317285048118923,0.3444207668696586,0.4522631740781249,-0.29595243265904747,0.21397400644500114,0.685061031650119,0.2873127755460978,-0.024809610754580855,0.5538955293148542,0.44558156815071126,0.2788244131620612,-0.11023429796797611,-0.617058416351394,0.6214305443482298,0.3531711732234804
ACC_sub_L,-0.28423073197376864,0.6572140874097561,0.6143323541144105,0.22144766739683183,-0.030068961460644878,0.5464796181435907,-0.3245218901472016,-0.01913138641544199,0.0,0.29190735046435556,0.6938854846244761,0.6171185752115728,0.7045321146926063,0.5419929908405516,0.44682174788054124,1.0,0.5369079140794253,0.8006511519032702,0.5782081260993474,0.39114591257888226,0.6519356815187215,0.44771324846226124,-0.15921388578625414,-0.382546699189679,0.3966450194656372,0.21572106846272784,0.5815487908328615,0.4052813216232577,-0.29330611514740274,-0.30620883325753845,0.0,-0.14756074808446248,0.6957736166754709,-0.44884938125270646,0.25950248418327376,0.5201042428291384,0.35463978868155527,0.0669959466816742,-0.39320640850160804,0.7844004175580139,-0.21759965597580241,-0.16636767749588874,0.21664705273554058,0.7187498514234545,0.13848360454733577,0.17197226227448814,-0.09861707825451646,-0.22792272812729117,0.6603143264826893,0.21247327293054108,0.7594453978085127,0.47275051425949927,0.45027556031156796,-0.24773233822008664,0.6115433408966569,0.6516762404093565,0.7378166452220729,0.0010429684214621473,-0.4533352697602601,-0.3347573310634514,0.3589707078531363,0.4066428118931719,0.45422731890912255,-0.0172734696185032,0.6912986990801153,-0.4191643943774184,-0.361546579314417,0.5681906946317724,0.33407963526535744,0.10454116116806854,0.5238588213630929,-0.023170884725366367,0.5597451358635526,-0.01836500987787757,-0.4217162350111874,-0.30249458046419936,0.6168562673288747,-0.3412862177235538,0.34366496568660665,-0.30277743715948763,0.06671628197887933,-0.2582712543426125,0.19838801967433312,0.702606428930923,0.28315383710820186,0.5314060370257048,0.48664729326218464,0.7053260863986363,0.20009290275303585,0.46294376559727346,0.5924485622025363,0.5612980526079321,0.04957022578422499,0.554662387073355,0.4346714496555221,0.2801143449765792,0.40194204666490335,-0.29458108015912543,0.5228434718552737,0.5968100549872997
Thal_MGN_R,-0.1990293713863325,0.3948843779304973,0.6658192505082615,0.1578164621227671,0.07581646216600617,0.44475650005289163,-0.12726978165507924,0.15997386564840477,0.0,0.1509539960783569,0.6321540561914111,0.24490224533148794,0.6148686086479253,0.6532242789608489,0.28658605054705344,0.5369079140794253,1.0,0.595393256182879,0.586224815527834,0.42309967185837155,0.6343143103159946,0.19332355730066642,-0.022582091034742898,-0.22916213133941576,0.2690502894757915,0.2972647661049836,0.2473747509655541,0.5837382001782033,-0.2513543268665525,-0.09657182094410802,0.0,-0.10812059996088241,0.42744884637304753,-0.2673331625321809,0.3276357108454148,0.1948697224805843,0.24743876926107825,0.44209384039057303,-0.071940699364258,0.525457270876552,-0.27435230809380606,0.016895146369330382,0.2122749160250977,0.47733333157680097,0.2812345730390479,0.039714491919041854,-0.0006334674294517474,0.0722697918563701,0.357461558300809,0.38574417075469186,0.5626945476171598,0.4538774417342703,0.5936678844258579,-0.2307372646146863,0.45458827224741566,0.3961443125253466,0.5909031804091956,-0.16812551045177307,-0.37408181666679446,-0.3608017846320419,0.5441110450315064,0.3268150642889841,0.2146992177433224,0.02988135559737167,0.4035987187466629,-0.2388233166869003,-0.13332042998858126,0.5630437964982766,0.4499555521389184,0.12516252930196228,0.6004451847033583,-0.07320502214890255,0.2770402095745593,-0.011016429651045658,-0.27474013525223956,-0.19078950490970784,0.37441072171769574,-0.10970023236381951,0.16444529290814708,-0.1198462206997619,0.07182790626623953,-0.3534409439284799,0.05825964078525914,0.45951634497938365,0.20856562160147693,0.39971737046552896,0.5718556517756955,0.562260432444961,0.18777581903077556,0.6867988070780316,0.3369011278112282,0.6106298818798296,-0.21337026762221384,0.27414262082095414,0.2263165640319334,0.3700525385943837,0.34044416303005587,-0.32223591184352257,0.4085442687335445,0.35477480374568
Frontal_Sup_2_R,-0.26821991298179254,0.5961242739301901,0.6981887206026345,0.24269530811702736,-0.0724374904771725,0.4665362619859542,-0.18479626317617445,0.231845099649686,0.0,0.13398532498126947,0.8344445518779735,0.5955149821408796,0.9435501413183571,0.5845425417770906,0.4247300713524606,0.8006511519032702,0.595393256182879,1.0,0.6461638724857311,0.5947065858746917,0.7777327777715423,0.5023247251990163,0.14778068478946174,-0.23866240737742647,0.510334617210437,0.41313495200508626,0.5400575110637982,0.5722460891939388,-0.27958080783288,-0.29728949232540025,0.0,-0.17120246250308607,0.8205131221720368,-0.4059240460524477,0.2563673298241137,0.5651524004867622,0.3521628009891442,0.2197530101144188,-0.19926260419897854,0.7534261834779478,-0.15825032053708823,-0.024378161218996983,0.16345897493594114,0.9107780667017199,0.3462502157269804,0.38457008339324195,0.12896604627751201,0.000336454563789541,0.8528012354086641,0.3704780555070304,0.7145590103557514,0.663699057290888,0.6498386416328225,-0.1909556232399794,0.43332859834869036,0.5916403982936287,0.739635776709273,-0.07450680396341171,-0.31595011766906317,-0.3573154498966103,0.4999912946186709,0.2577922037373971,0.4333226378933275,-0.01101576476175877,0.742536801513394,-0.4066579678355456,-0.32183976453961927,0.7504794617150446,0.3767805678029435,0.027154624733221604,0.6975363713425583,-0.039092258495952964,0.715783068308369,0.03175495050914375,-0.3350734694981321,-0.0648554574367655,0.7280188624916039,-0.2943922766879387,0.28730757188702,-0.20716720091478044,0.15534639371166972,-0.08763858963188348,0.14613536397934715,0.9046007079206645,0.2007328735913532,0.8345018652123075,0.6484264942388569,0.8770472398177288,0.40705466926387796,0.6001782594759228,0.5276981539172455,0.7618994257461343,0.013883641409321384,0.3742060653624887,0.4713889148154928,0.37206630416916275,0.5059879791473856,-0.29093588149793875,0.5744241773771057,0.5938834692333222
Thal_LGN_R,-0.35358126888328983,0.4866218246219141,0.5066127742946093,0.33095651683926125,-0.07811434464806204,0.669630612415643,-0.47703839112591534,-0.02951043269549201,0.0,0.4631015267387041,0.6494359008666578,0.6176205296561433,0.6859162907372305,0.5814918517666644,0.5457142635312211,0.5782081260993474,0.586224815527834,0.6461638724857311,1.0,0.4337188682535181,0.6479805379287134,0.41039401015420124,0.09347981486409994,-0.06702549282361663,0.4106462556123453,0.14170301081513864,0.22830142949760607,0.3795782750499411,-0.20917510601038097,-0.4009211770060873,0.0,-0.36907784413632266,0.4283037409575675,-0.5313432116029955,0.5478414638528245,0.2047550450644733,0.24278583846362187,0.23793564587939384,-0.09621685657137885,0.681191993585041,-0.05716911111543663,-0.32496391431000116,-0.3165137094269792,0.5162146319703538,0.23491972602992317,0.08977317492268767,0.09753702974014139,-0.1172862962545616,0.5079963974966041,0.3471711242988201,0.5680674799792944,0.4184583303566802,0.5798502665319069,-0.3310753924374172,0.346397913593378,0.26597674492677287,0.6360173705181928,0.17593773859238496,-0.5835878180866959,-0.43095157764057185,0.40967993016461196,0.5137387078055239,0.6556920387045098,-0.2539756940269742,0.7891483093306174,-0.5710590372446464,-0.5728429180222046,0.673377461528241,0.5024412331409567,-0.02748818823852509,0.47376300718884334,-0.03980430003048743,0.34726135686266535,-0.23610123038782863,-0.50212302250292,-0.35950953129733887,0.4303754652180989,-0.5489834946668862,0.15608493079553956,-0.32583976463960596,0.1606406635411439,-0.2828789084848388,-0.4208567519547772,0.5205117760294629,0.11774699538480007,0.4819335639959461,0.4461434379989839,0.6985692076444224,0.03434349902749449,0.5087483681897045,0.5323878780676838,0.6732087607677143,-0.16199236738297146,0.5074800620106026,0.7191491977266243,0.5493690542527729,0.2766053539499204,-0.5744669442883837,0.7097280981480275,0.5400655562717208
Precentral_L,-0.5565378628237304,0.5120020615296005,0.4298734311975278,0.32811609815921616,-0.35661380020076405,0.03463694479572842,-0.11633557443867697,0.19722236203850754,0.0,0.3220632780019844,0.35978951210157717,0.571024366722878,0.5942507250023532,0.4497896932932865,0.43423089954473776,0.39114591257888226,0.42309967185837155,0.5947065858746917,0.4337188682535181,1.0,0.46277074233905197,0.23756278587636442,0.19050373349949543,-0.5393063299224267,-0.013641213804007317,-0.04140349459452146,0.40396298804805186,0.3155506409350286,-0.5568896138540277,-0.33927633567516935,0.0,-0.34246687337496573,0.35865840298683815,-0.6135992134986065,-0.005310847271080066,-0.026223148284121648,0.6184238043706425,0.14073712900545365,-0.3853013320504659,0.38015890602491337,-0.47322271936535015,0.22555077758909997,-0.009282586965571837,0.5006664828637665,-0.10312997489544465,0.14687299334145132,0.5208413031791461,-0.22114923230456038,0.37159693632976876,0.005268091710697633,0.5299043402223723,0.10622704374098418,0.40354891388899145,-0.3958466857274277,0.4018143030019545,0.6138703401644715,0.40074144092515007,-0.2759460090068051,-0.30785211847956717,-0.6587738484637676,0.1593037175794364,0.41048328556207536,0.32503861587442673,0.05509765395052726,0.3765010708271387,-0.5532317094100714,-0.44213803583990735,0.7378064001451824,-0.05030621893711289,-0.2752886748454733,0.414987691257283,-0.22630866959432944,0.18882531842069317,-0.4499719015843111,-0.526314749073158,0.1974153815076795,0.2476861901639624,-0.40013182563193767,-0.05409727743109594,-0.5159544600864227,0.42101171416500655,-0.10285499630032285,0.0715550456178324,0.4995253000389137,-0.3193042262135694,0.7787041837901354,0.494910679496421,0.45027761296082847,-0.1320365703112947,0.22752212272255123,0.44401331107266695,0.5119288261594472,0.08611005761785895,0.3865487994641868,0.11353557388938157,-0.03598413949579099,-0.04084991514166635,-0.5227703775850284,0.2439957138310768,0.3119377057834277
