,Thal_Re_R,Hippocampus_R,Thal_IL_R,Temporal_Pole_Sup_L,OFClat_L,SN_pr_L,Frontal_Sup_Medial_R,Lingual_R,Hippocampus_L,VTA_L,Caudate_L,Precuneus_L,Rolandic_Oper_L,ACC_sup_L,ACC_pre_L,Frontal_Sup_2_R,SupraMarginal_L,Temporal_Mid_L,Lingual_L,Frontal_Inf_Oper_R,Parietal_Inf_R,Thal_VA_L,Thal_VPL_R,Thal_PuL_R,OFCmed_R,Amygdala_L,Thal_MGN_L,Thal_VL_L,Fusiform_R,ACC_sub_L,Cerebellum_Crus2_R,Calcarine_L,Precuneus_R,Thal_AV_R,Insula_R,ACC_pre_R,Vermis_6,Cerebellum_8_L,LC_L,Vermis_4_5,Frontal_Inf_Orb_2_L,Vermis_10,Supp_Motor_Area_L,Thal_IL_L,Postcentral_R,Paracentral_Lobule_R,Cingulate_Mid_R,Thal_LGN_R,Angular_L,Parietal_Inf_L,Thal_LGN_L,Red_N_L,Putamen_L,Temporal_Pole_Mid_L,Cingulate_Post_L,Frontal_Inf_Tri_R,Cerebellum_3_L,Amygdala_R,Cerebellum_9_L,Temporal_Inf_L,Cerebellum_10_L,Heschl_R,Cerebellum_7b_R,Rectus_L,Frontal_Med_Orb_R
Thal_Re_R,1.0,0.30148385406246686,0.5510043459872659,0.5367722481159575,0.3168170890980173,0.21594202753400582,0.3011698225493914,-0.3278386373275821,-0.18990865839224597,-0.3851080892417977,0.22389637145338062,-0.4118959083620218,-0.2132294058075246,0.3329139972147598,0.601896436640165,0.3332274077085298,0.130592069076291,0.09043284690619788,-0.3937092702911918,0.4777966823455997,-0.17145907652295236,0.5781001228147172,0.20226251772747994,0.15201423916349638,0.596577033239287,0.443272188730549,0.4522710425550133,0.5309750920109976,-0.4044779489060189,0.37056725934153695,-0.017710576986322436,-0.3854669276132117,-0.6117738995101314,0.5745033095871738,0.32030940406971137,0.2720795259012367,0.0,-0.11755039865962298,-0.3791701571582007,-0.43973603267098565,0.5300233498218081,-0.19784258674961608,0.3283327433105011,0.48475749288395037,-0.15900323081872897,-0.06610729814542153,0.21203431993699196,0.5450707792481583,-0.014509447687248841,-0.12266113769108815,0.17082421425222358,0.5096548803196815,0.33671303204872605,0.47588646876583746,-0.3325824540567107,0.36130902828412825,-0.3717433954809862,0.29588572256951556,-0.20128567297860184,-0.07129972287595954,-0.07773762773005556,0.43607056384343085,0.21215066677268707,0.5930852428892426,0.4435392867378936
Hippocampus_R,0.30148385406246686,1.0,0.7719360981242337,0.43383601745922434,0.0016580916585379507,0.776465407139348,0.5415799107738439,-0.0010494587675836287,0.5005307054329657,0.4543738486150697,0.5424030350338576,0.0019743767655383566,0.14054719311357522,0.5880627091055555,0.5401001566380841,0.676092588286358,0.03534269517005126,0.13059895470226093,0.0073421257741120355,0.7333552763973121,0.1096243023131011,0.6473138950522507,0.8399710717956463,0.2398010945750646,0.08170237284179929,0.7767784729866887,0.5562414227763759,0.7650595854189095,-0.023649021530230185,0.49448562664709944,0.029981009320049257,-0.12721702138129667,-0.07293302902385386,0.5782737222028376,0.6631043197737561,0.43559777896067714,0.0,-0.01003638384278648,0.02492838270807919,-0.024684173032143313,0.35861897862672826,-0.10160559026566231,0.6477144233833179,0.6322032460803025,0.1466489928325368,0.2836717310397271,0.6345762593186133,0.49321472913872993,0.022258472773113408,0.059071258819203505,0.45878712052907294,0.5823840013343604,0.677715108080637,0.2227898668910508,0.20853486042376537,0.6315103832305218,-0.05638561526056382,0.8550839763473653,0.0513379740725455,0.027313006372416744,0.023884874835831613,0.7712289642190076,0.09329132398691095,0.22661879283228947,0.1995583687231253
Thal_IL_R,0.5510043459872659,0.7719360981242337,1.0,0.5742811854249074,0.32457400066847103,0.6078764555737596,0.7160449770224222,-0.4328396353700957,0.05959671667422278,0.15351744429293837,0.6078661172549984,-0.2818460467448558,-0.0434505800763298,0.7045655293375798,0.7438045005928154,0.7777327777715423,0.02116431655554272,-0.029777698721173293,-0.43973029396526675,0.8841812335902722,-0.04347273999159132,0.5836455576585942,0.6503852908988808,0.021351869956977482,0.4781649550433362,0.7647042658719138,0.5639092067065931,0.737388024576067,-0.43690662338533853,0.6519356815187215,0.03975226817840406,-0.1685668234887581,-0.530757694168877,0.7560288054458342,0.7453868477032017,0.5555853347929164,0.0,-0.27219274347144523,-0.39646696680719057,-0.4820160595991737,0.4697337030689342,-0.14435034351716414,0.7649708097871244,0.6479764304972795,0.013309189722845588,-0.0236455129896767,0.6429100494141565,0.6479805379287134,0.022995362958396975,-0.1778720523520608,0.13066939718140305,0.554590225126936,0.7439087838380539,0.46459467367816387,-0.09862915529714764,0.8029762360969449,-0.4905977517645946,0.7475968311481878,-0.24610488877966236,-0.1814914860881294,-0.25416675782979775,0.6141892914752939,0.3295017250958127,0.5111799001642473,0.599359192955189
Temporal_Pole_Sup_L,0.5367722481159575,0.43383601745922434,0.5742811854249074,1.0,0.25467187985475465,0.3069634626646399,0.43499656862154634,-0.31710437207635533,0.03812040360208255,-0.06804809957545266,0.37308043277263253,-0.5657910484616284,0.16531451679514195,0.4540258554238437,0.5802927541381901,0.4713889148154928,0.3599245906319665,0.374010274603714,-0.27688363314268694,0.6559022740107209,-0.22010536357467214,0.6888636012873336,0.2919972905293996,0.033381451947692195,0.38624590854826235,0.4504732941949179,0.5706287519127612,0.6173145862563068,-0.38404040103459036,0.4346714496555221,-0.40615900172409203,-0.4590299047935046,-0.449187341383408,0.4682382109711503,0.3820151237916087,0.3596860627264871,0.0,0.02205791749790482,-0.5571456579374324,-0.4926977394860367,0.8120153446567858,-0.43502962921863864,0.4168244706934048,0.3308456562644835,0.07198850754871464,0.021057008687690996,0.5082965431228258,0.7191491977266243,0.21295608136675814,0.007196876756802623,0.034676393973822064,0.7757088383668673,0.574104024646983,0.8932541471682764,-0.30320030832848777,0.5219348770315666,-0.46184041213785443,0.29357818001205166,-0.5418810527987757,0.3039577560893207,-0.0795140314010041,0.4144958320545119,0.09312580979305074,0.44558156815071126,0.44870008503696507
OFClat_L,0.3168170890980173,0.0016580916585379507,0.32457400066847103,0.25467187985475465,1.0,-0.10117121209454498,0.23959849877062916,-0.5033795191295127,-0.4247540423369447,-0.2810330556964582,0.08304159238966213,-0.16811520894875093,-0.18133973663259786,0.1416656817794923,0.2980019412214516,0.24269530811702736,-0.07269719663435882,-0.2286410283451633,-0.571544274219415,0.2193486405506517,-0.14855738797814397,0.009289648250643497,-0.07962356773347062,-0.18085639755021204,0.4205216929712846,0.21773067551124692,0.05315091208862476,0.08401728781085621,-0.5833543359069969,0.22144766739683183,0.10848045785840332,-0.1286828120317628,-0.5231050016123276,0.374122325807898,0.13914244568181217,0.12268571200263467,0.0,-0.37641798975790614,-0.5200706431664303,-0.5792615469296816,0.2555178077361046,-0.04662788026823469,0.34366624074440366,0.2954308543134994,-0.001199338364645986,-0.17086720784372098,0.20675223521517735,0.33095651683926125,-0.06073611295661941,-0.24377265521771713,-0.13886447542364783,0.1033486848848864,0.09716565155387735,0.27563420062066896,-0.09728741086410915,0.23874246887866585,-0.5586740808015662,0.14382037322913563,-0.28443417221861955,-0.3277624953476397,-0.44269005595964206,-0.08156932293537138,0.29569392299594716,0.44211799393556406,0.41187129186910443
SN_pr_L,0.21594202753400582,0.776465407139348,0.6078764555737596,0.3069634626646399,-0.10117121209454498,1.0,0.44032530630303957,0.07691223681882976,0.5610931221052958,0.5126517121448233,0.46200767132355247,0.05140110400303237,0.23072751553371462,0.5022412275707167,0.4172371446665503,0.4999912946186709,0.05020658912079068,0.23384155104890414,0.1330213146540659,0.5839793349668166,0.07660165257379846,0.563147732358391,0.7483291697362554,0.24989559628989017,0.056369811274156675,0.6154009872978345,0.5712578020773095,0.650749029972706,0.06010897262020698,0.3589707078531363,-0.008786773861638855,-0.0672393327989271,-0.007486142800752535,0.35912367722799143,0.5453016680552039,0.3963398590783448,0.0,0.14281435031841086,0.1489584630282238,0.1119098010404111,0.22870752189692234,-0.02234039258018733,0.4805424109229992,0.3688996963483006,-0.01349213394719225,0.036372814116015624,0.4365553349871955,0.40967993016461196,0.07329863314283282,0.12553187839687538,0.44691213001363456,0.48484929008484995,0.6029742781909212,0.20247374292600256,0.15854858420856482,0.49144114092227026,0.071706266082571,0.6215374867685747,0.12766825661630063,0.1875942522146574,0.06151777860839896,0.6472782885980255,-0.08430895984048507,0.062128385843678975,0.16554994461909928
Frontal_Sup_Medial_R,0.3011698225493914,0.5415799107738439,0.7160449770224222,0.43499656862154634,0.23959849877062916,0.44032530630303957,1.0,-0.2660348021225071,0.022450920749945782,0.1976035992343225,0.9372896467734778,-0.025992421417789468,0.23923669179708792,0.9521356959990537,0.7166747341292693,0.9046007079206645,-0.06963069315072916,-0.13015409401874278,-0.23242261207307643,0.8075750391263871,-0.05602645422278532,0.3325361075787772,0.43770613937708935,-0.008046819859392517,0.22445954286287037,0.4111559238275934,0.340579671568461,0.592421458855183,-0.17497839440451424,0.702606428930923,0.10553445057628859,0.008066549665644506,-0.20303092437117654,0.6636740114862997,0.9304875493269071,0.9309748752252622,0.0,-0.22027817478784148,-0.2135437768230527,-0.22588627889170837,0.24522852722295926,0.015961009790339122,0.7374628492330555,0.3434541739937162,0.24900608317105752,-0.15717574901371972,0.7850875034277397,0.5205117760294629,-0.004249879791112412,-0.16198708380130972,0.18142646578460062,0.3378205363795659,0.8978137845285102,0.43996278299091296,0.1458953010661318,0.9123870387411751,-0.30915766691721885,0.46282480155049965,-0.15088244665941558,-0.12973114468469688,-0.21920753786084943,0.5287393552873713,0.1582041756637294,0.35993298790925304,0.37275392533759905
Lingual_R,-0.3278386373275821,-0.0010494587675836287,-0.4328396353700957,-0.31710437207635533,-0.5033795191295127,0.07691223681882976,-0.2660348021225071,1.0,0.6861732674538963,0.3011386297465086,-0.03562453232382945,0.3928639024435434,0.3606073109423703,-0.1621752215923446,-0.4927193311442002,-0.34915121910438535,0.06638367175211395,0.4291159706161488,0.8995548001902179,-0.3500013513453869,0.17049270827013732,0.041339229220444695,0.023106460456596662,0.3705464226552133,-0.7144344314102354,-0.3698354004963942,-0.11923365115229966,-0.07959171249864162,0.8612065521273432,-0.5353671110435516,-0.10444441359128086,0.2997011974291584,0.8129711332815494,-0.4820477355950068,-0.1851574491765847,-0.14851717816143606,0.0,0.5821904188078444,0.7597537204999409,0.804938266607592,-0.3124701911670983,0.08247616991586502,-0.47730236580700247,-0.4257386509405364,0.09772514858370261,0.34355953911403475,-0.24025156723049446,-0.5171497069410781,0.13651354671174923,0.4595661895867341,0.3164570581282905,-0.25086282025508344,-0.06755900943833185,-0.3492139099341977,0.1888474973276016,-0.3140441583283263,0.8508777491215074,-0.18807338288818506,0.5357036719820395,0.5654111895352777,0.5947071701100635,0.15454362475837652,-0.39671716378781885,-0.5506243267839401,-0.7702597674130943
Hippocampus_L,-0.18990865839224597,0.5005307054329657,0.05959671667422278,0.03812040360208255,-0.4247540423369447,0.5610931221052958,0.022450920749945782,0.6861732674538963,1.0,0.6681048184402374,0.18557399077864326,0.3067827565376362,0.5440356818507024,0.12942243197660877,-0.13385590600136524,0.000336454563789541,0.0861181914641092,0.5272719979373285,0.7698069486181707,0.07610472081081696,0.20213698080584797,0.396394698536606,0.5101326055062171,0.3424051807972513,-0.5306049450386687,0.15984893825089577,0.2789246305860897,0.31132990825764506,0.5796589676657612,-0.22792272812729117,-0.12885024953796032,0.2128860342146812,0.5855009223184512,-0.24867631554532546,0.10879424343876827,0.06537493425481045,0.0,0.5342422659093438,0.6571138136667117,0.6301869336123808,0.09032051478715701,-0.05305976892404696,-0.08406306441303335,-0.13815268260970512,-0.04988685492761474,0.2560362663840298,0.04806616275128215,-0.1172862962545616,0.20512658576840861,0.4415907094515225,0.5745932842890208,0.11017878447203827,0.3290044974667347,-0.07849297562763231,0.2775254411232232,-0.009500019527985093,0.660119555062404,0.2323794751161509,0.512056589083609,0.681242131900963,0.49779805503603225,0.4620699867217743,-0.37798950402467824,-0.5310514491634355,-0.40082497265103306
VTA_L,-0.3851080892417977,0.4543738486150697,0.15351744429293837,-0.06804809957545266,-0.2810330556964582,0.5126517121448233,0.1976035992343225,0.3011386297465086,0.6681048184402374,1.0,0.2300434853301064,0.3993050386150473,0.4856784156696816,0.21819028132296606,-0.10353357303744447,0.231845099649686,-0.08743607537419242,0.20593582271618352,0.3744524590523181,0.19523674984379494,0.23029438663381852,0.09050708484286288,0.5950022653117251,-0.037075389184546635,-0.3426201674810889,0.2667701282714289,0.06952788430294742,0.18876354879023519,0.21762485039719393,-0.01913138641544199,0.037289865040362094,0.24719688606853576,0.4198136831484955,-0.06828774007815913,0.22638603602040908,0.1640223531724763,0.0,0.20770473348620352,0.391898936488036,0.38409911928504514,-0.011085891694427693,0.12361981687340669,0.2582365018564875,-0.013899851979637865,0.05439629540448226,0.1561432108846062,0.23904503119899861,-0.02951043269549201,0.06806354814352056,0.21414803062071103,0.3299038211371022,0.031209614675199466,0.30593130960962966,-0.15347421683104379,0.4974237762677806,0.1710967159153365,0.2624654889470049,0.27352978927478466,0.28856385329223966,0.2601300276465344,0.11948032272373917,0.2486819579072866,-0.21428747471653525,-0.3432403163805843,-0.1619839009768293
Caudate_L,0.22389637145338062,0.5424030350338576,0.6078661172549984,0.37308043277263253,0.08304159238966213,0.46200767132355247,0.9372896467734778,-0.03562453232382945,0.18557399077864326,0.2300434853301064,1.0,0.04128535410215977,0.32783834983527077,0.9661894376084809,0.6335185424358967,0.8488125347216696,-0.02833880006515832,-0.06319804667442724,0.03211348010770213,0.7522001804789231,-0.0037649230249107452,0.34551340849024303,0.42890169039142595,0.1584151299461107,0.004414572884679925,0.29053710605917743,0.3580176131358413,0.6236302827699736,0.09514679041967417,0.6585529311138529,0.08265840647732144,0.049127511003852646,0.015078386977237842,0.5489773761753929,0.9455894034618033,0.9370252384464705,0.0,-0.07664700295993986,0.00428584043779202,0.008691813638694678,0.1658278192643555,0.006367906917398645,0.5806815577812154,0.19292721394528425,0.3038076231140601,-0.07820163061825611,0.7439157182462831,0.4102411605561125,0.04267504287718575,-0.0012665635941691584,0.26942491614045794,0.3255880750811472,0.9294104011041453,0.3824360868197883,0.14955007287843475,0.8756917307081539,-0.055211438836645935,0.4094288972732691,-0.01112959127634531,0.03697273846878694,-0.04868726461563923,0.6113793908216786,-0.03555376393307451,0.15977701187482032,0.1538380236292845
Precuneus_L,-0.4118959083620218,0.0019743767655383566,-0.2818460467448558,-0.5657910484616284,-0.16811520894875093,0.05140110400303237,-0.025992421417789468,0.3928639024435434,0.3067827565376362,0.3993050386150473,0.04128535410215977,1.0,0.26609317844926406,-0.030323250533398356,-0.25579954520897563,-0.024378161218996983,-0.4040528966683044,-0.1544917545991132,0.3885895792537461,-0.2687090385861557,0.28381113693234417,-0.3250152832865386,0.0822027484424955,-0.03025729816398264,-0.37320967329157145,-0.12230665179318635,-0.4009857824554722,-0.2568099981621949,0.3383011225571188,-0.16636767749588874,0.4567422114517359,0.45808084196726445,0.6032520025755351,-0.26026149859141406,-0.0211565334767238,0.02717166258042164,0.0,0.12415528045579258,0.5911429835044271,0.5105324846613793,-0.5325212180733759,0.4049544529654889,0.01421536455767987,-0.05068978810024474,0.13584730899038613,0.1935869575305961,-0.013879390400339904,-0.32496391431000116,-0.08924155699629113,0.16978858766190846,0.3973690891262075,-0.4728179835857082,-0.09099879926892966,-0.5765301767761778,0.6656989171952099,-0.16937147711179917,0.4710476272269918,0.06410273328665414,0.5848091042528774,-0.07645813063612682,0.08180095856654282,-0.08199677960079528,-0.19776935601861517,-0.31203071621514705,-0.3824423900405813
Rolandic_Oper_L,-0.2132294058075246,0.14054719311357522,-0.0434505800763298,0.16531451679514195,-0.18133973663259786,0.23072751553371462,0.23923669179708792,0.3606073109423703,0.5440356818507024,0.4856784156696816,0.32783834983527077,0.26609317844926406,1.0,0.2595144919791909,-0.010086732847543778,0.14778068478946174,0.12480409344257448,0.3006297110319589,0.46267557890710287,0.1535263180927858,0.033312408169706965,0.13992946932729877,0.2380939633769444,0.10552185009846352,-0.2601649229455941,-0.15656103061457405,0.05984639878504791,0.1244725672726887,0.25419740409156805,-0.15921388578625414,-0.21074601931618728,0.40427414561039354,0.48227026721522837,-0.23488453649670232,0.11374568494639432,0.31121800693057355,0.0,0.2595224990363313,0.2546298585816712,0.3067188883814311,0.08608449881237011,-0.24939977218534787,0.12071644611024071,-0.24386384924758003,0.02583902316229318,-0.0645129946719681,0.30602430884385073,0.09347981486409994,0.15260380641325316,0.18314498068548007,0.41047164440094647,-0.03893105473227248,0.37603366091871626,0.19812387801513723,0.4089348493728477,0.1644133382676961,0.26694388547605824,-0.07579208295004804,0.22832004448854815,0.5889865922534094,0.19125360263052843,0.1225516218546935,-0.2578342536105446,-0.3729554212609824,-0.24739140061057366
ACC_sup_L,0.3329139972147598,0.5880627091055555,0.7045655293375798,0.4540258554238437,0.1416656817794923,0.5022412275707167,0.9521356959990537,-0.1621752215923446,0.12942243197660877,0.21819028132296606,0.9661894376084809,-0.030323250533398356,0.2595144919791909,1.0,0.7291830009421141,0.8721230452078672,-0.0624376868305313,-0.03689971434520878,-0.09578844782214933,0.8211558049648494,-0.004588404618293176,0.4265520026104218,0.4678552213022952,0.09413724933010875,0.1561269162223842,0.3993342999753179,0.402029296566839,0.6723601244643621,-0.03642925060930312,0.7211914073501913,0.08431333335612151,-0.03082576786411412,-0.13877863352516248,0.6506789616283195,0.9477900960592492,0.9263596316579903,0.0,-0.09923828853705084,-0.08520033417132862,-0.10545993265140742,0.2756849157257909,-0.012940021532358438,0.6348349286351228,0.2953385952411824,0.18497398664262704,-0.12691033415030914,0.7406625346869891,0.50327678417867,0.044265798502004045,-0.04258429999407708,0.23545909060959538,0.40624652661297367,0.9313713989278238,0.452719599057268,0.07551045923891517,0.9103629060353203,-0.16625773161222654,0.45815084460032734,-0.06648872334795453,-0.008252847104030578,-0.08417127911056728,0.6226582672100388,0.052320344090191234,0.27701736200042376,0.32665357078172874
ACC_pre_L,0.601896436640165,0.5401001566380841,0.7438045005928154,0.5802927541381901,0.2980019412214516,0.4172371446665503,0.7166747341292693,-0.4927193311442002,-0.13385590600136524,-0.10353357303744447,0.6335185424358967,-0.25579954520897563,-0.010086732847543778,0.7291830009421141,1.0,0.7534261834779478,0.010954286027934964,-0.13258023315373674,-0.43169786171391294,0.7696478786214307,-0.12184900745819698,0.5144056083533131,0.3958232755191483,0.0696438857763997,0.48186989935670166,0.5501755381907698,0.48838115866948306,0.6690400019581983,-0.36755828082912434,0.7844004175580139,0.07629814280299474,-0.20701060911652164,-0.49675166873257215,0.7540142876184386,0.7137704646873133,0.7177075614728782,0.0,-0.24289579407301137,-0.35469521298317047,-0.4460072809076377,0.40382768690356124,-0.12535361945620224,0.6392563380914386,0.5586665551571203,-0.01740600520318039,-0.1454981221739047,0.6257133664534549,0.681191993585041,0.006539716692089861,-0.18299429055846034,0.13930734388054986,0.5134768595444147,0.6859173446042913,0.5293122634839919,-0.14811966120079825,0.7561620963584581,-0.4231613860135938,0.5365985409486935,-0.22057865847239597,-0.18546489916241096,-0.2464436489806698,0.5625075067744619,0.17289299238361333,0.4955666098800101,0.6537769590149691
Frontal_Sup_2_R,0.3332274077085298,0.676092588286358,0.7777327777715423,0.4713889148154928,0.24269530811702736,0.4999912946186709,0.9046007079206645,-0.34915121910438535,0.000336454563789541,0.231845099649686,0.8488125347216696,-0.024378161218996983,0.14778068478946174,0.8721230452078672,0.7534261834779478,1.0,-0.009253900086188899,-0.2042563184441533,-0.3350734694981321,0.8770472398177288,-0.011098938881108718,0.37206630416916275,0.5722460891939388,0.027154624733221604,0.2577922037373971,0.5845425417770906,0.3767805678029435,0.6706078214380704,-0.29093588149793875,0.8006511519032702,0.14934547020815764,-0.0648554574367655,-0.24530606016967005,0.739635776709273,0.9092401411999398,0.8205131221720368,0.0,-0.27958080783288,-0.2943922766879387,-0.32183976453961927,0.2563673298241137,-0.01101576476175877,0.882061569228837,0.5578508616696164,0.38457008339324195,0.03891722241695605,0.8653538716558641,0.6461638724857311,-0.039092258495952964,-0.18438316496858131,0.2197530101144188,0.4665362619859542,0.8299512546053244,0.40536704142931956,0.21758890286090082,0.928589170514952,-0.4066579678355456,0.6484264942388569,-0.22574663376060003,-0.23866240737742647,-0.3256960948774994,0.5923757203715759,0.15534639371166972,0.4247300713524606,0.3742060653624887
SupraMarginal_L,0.130592069076291,0.03534269517005126,0.02116431655554272,0.3599245906319665,-0.07269719663435882,0.05020658912079068,-0.06963069315072916,0.06638367175211395,0.0861181914641092,-0.08743607537419242,-0.02833880006515832,-0.4040528966683044,0.12480409344257448,-0.0624376868305313,0.010954286027934964,-0.009253900086188899,1.0,0.2720593991333365,0.06650042116580024,0.11185896503469676,-0.08071958837472622,0.15400949829531296,-0.02172951768429148,0.07775217710533563,-0.06289037292600826,-0.030892014107399612,0.2747586649777324,0.1013996266790157,-0.015160508051249282,-0.0941936555153416,-0.5813269860644892,-0.1278760218805061,-0.011671020513863728,-0.0732262225097049,-0.044388202137112476,-0.06247984774190105,0.0,0.13772627039561797,-0.18194028960727607,-0.08351521621946341,0.245720253607643,-0.46481940541407607,-0.018095454396482233,-0.09843731069761996,0.19977209168812568,0.08668258357533776,0.10333994145389691,0.14913407755693212,0.2731572409401855,0.18311957775912635,-0.0716867884415603,0.21593172312532685,0.057472277401663975,0.2731543099195703,-0.19783323509322823,-0.006350979819722478,-0.09668434045085589,-0.025986731610607744,-0.26992039122892664,0.2994529211212038,0.13919552576418495,0.07964337497282077,0.021424279966761186,0.003781860063909302,-0.1038289715799286
Temporal_Mid_L,0.09043284690619788,0.13059895470226093,-0.029777698721173293,0.374010274603714,-0.2286410283451633,0.23384155104890414,-0.13015409401874278,0.4291159706161488,0.5272719979373285,0.20593582271618352,-0.06319804667442724,-0.1544917545991132,0.3006297110319589,-0.03689971434520878,-0.13258023315373674,-0.2042563184441533,0.2720593991333365,1.0,0.4178024911253808,0.009413669338270151,-0.03161413143750954,0.4949330492371068,0.11546543249508573,0.03239970751835634,-0.23603923538237398,0.011827614647838094,0.2889083611941264,0.20568913975120112,0.2347686482985824,-0.34737618397654724,-0.5129498290852931,-0.23773083229532743,0.14421433190963703,-0.19221126840665564,-0.14773835540692312,-0.13090676868747297,0.0,0.5933690519751732,0.20467916231053818,0.2712421461265062,0.4662587149240144,-0.18892731857426237,-0.24598291665162628,-0.19031609756587417,-0.1467358972271757,0.15910604197571507,-0.16242486811932821,0.023517899280224065,0.3107005911950433,0.4495887033316513,0.10763139162902295,0.2846369954260538,0.12860745377738592,0.3326891096678876,-0.20339186011893406,-0.15992583750136652,0.30118583345513195,-0.06345227051373624,0.002970596556374302,0.7482893913137926,0.4894176781406428,0.15624771207056978,-0.2213307224318913,-0.127107097135943,-0.18186075654205003
Lingual_L,-0.3937092702911918,0.0073421257741120355,-0.43973029396526675,-0.27688363314268694,-0.571544274219415,0.1330213146540659,-0.23242261207307643,0.8995548001902179,0.7698069486181707,0.3744524590523181,0.03211348010770213,0.3885895792537461,0.46267557890710287,-0.09578844782214933,-0.43169786171391294,-0.3350734694981321,0.06650042116580024,0.4178024911253808,1.0,-0.33173330753192987,0.2023004811115953,0.035271418790717275,0.062454750257794144,0.4559653743860396,-0.7493293215130532,-0.3869734067544226,-0.04682764638689213,-0.03838508052895548,0.9092608613780114,-0.4217162350111874,-0.11910930438772248,0.2776078779534194,0.8407841095497428,-0.5500368889657048,-0.12659431702227364,-0.07139748791519127,0.0,0.6141107918957263,0.8348711174483514,0.8747334767391128,-0.250415333626699,0.0278754919078741,-0.5306609052159421,-0.5251491602131344,0.01501319925004041,0.2463769771450477,-0.23796338587757976,-0.50212302250292,0.22219460374968583,0.53893293147201,0.3941753763383936,-0.18634257877090485,0.01695582949301843,-0.3039800431358609,0.19076016221204636,-0.2989584912290813,0.9272784316522745,-0.21200235124948313,0.5945005090285946,0.6678576242345422,0.6376788426249069,0.19410466901015044,-0.5636475051381422,-0.7215031804255595,-0.7104450613515044
Frontal_Inf_Oper_R,0.4777966823455997,0.7333552763973121,0.8841812335902722,0.6559022740107209,0.2193486405506517,0.5839793349668166,0.8075750391263871,-0.3500013513453869,0.07610472081081696,0.19523674984379494,0.7522001804789231,-0.2687090385861557,0.1535263180927858,0.8211558049648494,0.7696478786214307,0.8770472398177288,0.11185896503469676,0.009413669338270151,-0.33173330753192987,1.0,-0.05769468836703119,0.5834313625468024,0.6257057991124053,0.049525255810609854,0.33444865473658897,0.6289417814649627,0.5580191458263762,0.7782647698911571,-0.31391042879692793,0.7053260863986363,-0.09796193613155246,-0.1870781843015209,-0.3900443018199644,0.7691328258477363,0.832864603154893,0.6940151703063488,0.0,-0.1700909154251263,-0.36759210682285026,-0.401604886129727,0.44502849582991383,-0.2116844468223907,0.7769304166974674,0.5357923352200962,0.1844533213842194,0.06800658057148003,0.771602553701178,0.6985692076444224,0.08165956929647296,-0.06105436699559332,0.1117766211984513,0.6091053987773167,0.8451596264958045,0.5666211618531241,-0.09522575812784634,0.9182815251451787,-0.4345722471252476,0.6424080695214717,-0.3169165211692085,-0.04585072232895554,-0.21813275653141853,0.6485757983838174,0.17582806591458805,0.4522631740781249,0.45467148984000727
Parietal_Inf_R,-0.17145907652295236,0.1096243023131011,-0.04347273999159132,-0.22010536357467214,-0.14855738797814397,0.07660165257379846,-0.05602645422278532,0.17049270827013732,0.20213698080584797,0.23029438663381852,-0.0037649230249107452,0.28381113693234417,0.033312408169706965,-0.004588404618293176,-0.12184900745819698,-0.011098938881108718,-0.08071958837472622,-0.03161413143750954,0.2023004811115953,-0.05769468836703119,1.0,-0.08487296061872,0.19463012995162027,0.04755702177979374,-0.2386513919471602,0.04409108218198318,-0.11191079192368619,-0.011729358654151258,0.18904965366326126,0.0005801885380623148,0.03381865465671102,0.09792892050304336,0.2868843045737033,-0.0304932687975269,0.02108384942034894,-0.023153752940764775,0.0,0.03139267030135252,0.2601068998299841,0.25754269372557653,-0.10012483574779618,0.14786790363827612,-0.030493029717875313,0.08344047440429521,0.13294522871491748,0.235596815175454,-0.007746072955099373,-0.12625762455922676,0.07555741721092314,0.12891577434427212,0.2511968584100865,-0.13444021193462968,-0.05151406008677481,-0.24694836387941319,0.27424737821962525,-0.03846142427445779,0.22932772975180277,0.09651311082563739,0.19589266129128677,0.021091483235610234,0.12234155476864095,0.017654602641058514,-0.09808436621283481,-0.17895882020679935,-0.1853438301779963
Thal_VA_L,0.5781001228147172,0.6473138950522507,0.5836455576585942,0.6888636012873336,0.009289648250643497,0.563147732358391,0.3325361075787772,0.041339229220444695,0.396394698536606,0.09050708484286288,0.34551340849024303,-0.3250152832865386,0.13992946932729877,0.4265520026104218,0.5144056083533131,0.37206630416916275,0.15400949829531296,0.4949330492371068,0.035271418790717275,0.5834313625468024,-0.08487296061872,1.0,0.563036518121316,0.2761127668936611,0.18772695299124864,0.5165155970008691,0.6280074429229539,0.8060009211686869,-0.050136788206653626,0.2801143449765792,-0.25646765192313864,-0.41519672545377745,-0.24590324502125413,0.4880500128955598,0.39220457158416855,0.28964137146379604,0.0,0.2612948290073747,-0.08794366235147831,-0.11628722978043542,0.6286539466904363,-0.2752943937960364,0.3152569959178286,0.40094405749641304,-0.14992868817110744,0.16252551675463042,0.34904755451100317,0.5493690542527729,0.14456392923597228,0.22276765170415438,0.35741251466770074,0.7035714494705811,0.5628257204627416,0.5496323448444776,-0.2439602677690496,0.4015420679456732,-0.03382489404569392,0.42035641426653014,-0.09094917860611335,0.4080977147784329,0.2522948305877571,0.6702066682173263,0.0174220930336761,0.2788244131620612,0.22173150825260657
Thal_VPL_R,0.20226251772747994,0.8399710717956463,0.6503852908988808,0.2919972905293996,-0.07962356773347062,0.7483291697362554,0.43770613937708935,0.023106460456596662,0.5101326055062171,0.5950022653117251,0.42890169039142595,0.0822027484424955,0.2380939633769444,0.4678552213022952,0.3958232755191483,0.5722460891939388,-0.02172951768429148,0.11546543249508573,0.062454750257794144,0.6257057991124053,0.19463012995162027,0.563036518121316,1.0,0.2694861748449548,0.024445421112455297,0.6791640131563007,0.44777145240993,0.7382588508138586,-0.016507985135481774,0.4052813216232577,0.0692406654601666,-0.04683620689641251,0.007472374841974605,0.45710089226877443,0.5557620152579077,0.3701064838280347,0.0,0.03935371943300577,0.08162009804436922,0.051680486097772836,0.26634872601910836,-0.079200144765102,0.577510947728144,0.4906486633221184,0.04572833984362638,0.28562615667395,0.5444086988080694,0.3795782750499411,0.06707948512757747,0.09889729784433633,0.40006418735803984,0.49907557254430746,0.5677953847534591,0.10662599497510761,0.27709263889490454,0.5307401797193034,-0.01589881998815838,0.6937991854307914,0.09126773116267589,0.0701975136441184,0.044320959683146276,0.6996604026122827,-0.03169315957456723,0.05815197269293576,0.15355018189257671
Thal_PuL_R,0.15201423916349638,0.2398010945750646,0.021351869956977482,0.033381451947692195,-0.18085639755021204,0.24989559628989017,-0.008046819859392517,0.3705464226552133,0.3424051807972513,-0.037075389184546635,0.1584151299461107,-0.03025729816398264,0.10552185009846352,0.09413724933010875,0.0696438857763997,0.027154624733221604,0.07775217710533563,0.03239970751835634,0.4559653743860396,0.049525255810609854,0.04755702177979374,0.2761127668936611,0.2694861748449548,1.0,-0.17588773374349587,-0.03311593593321705,0.2689351618466189,0.37314119888517094,0.48585767653408485,0.10454116116806854,0.012920420733297562,0.024319124261891336,0.28222790828409655,-0.04861624563794737,0.1519266195794959,0.1139911708195165,0.0,0.14516689690899665,0.3034050463607814,0.32082292636673865,-0.03793126069526669,-0.16417989434325736,-0.12849450049944436,-0.032080984069654955,0.018578928988023116,0.23697992360317346,0.07640153039686104,-0.02748818823852509,0.11502316977995301,0.20576304971264023,0.3657445737438634,0.239988324208661,0.16720442860147,-0.007262234849008369,-0.016238443325612778,0.08937106260792023,0.4108498797391257,0.11321704481582764,0.21340076355307752,0.25426645574816337,0.3031264715919321,0.5166109251414698,-0.30506262782471927,-0.25827689996912145,-0.21366486477908025
OFCmed_R,0.596577033239287,0.08170237284179929,0.4781649550433362,0.38624590854826235,0.4205216929712846,0.056369811274156675,0.22445954286287037,-0.7144344314102354,-0.5306049450386687,-0.3426201674810889,0.004414572884679925,-0.37320967329157145,-0.2601649229455941,0.1561269162223842,0.48186989935670166,0.2577922037373971,-0.06289037292600826,-0.23603923538237398,-0.7493293215130532,0.33444865473658897,-0.2386513919471602,0.18772695299124864,0.024445421112455297,-0.17588773374349587,1.0,0.426650399702543,0.22314135761733997,0.14929703195223606,-0.7360327916654442,0.4066428118931719,0.10739410668096537,-0.31719892002814937,-0.7950511713167281,0.4871180072925998,0.12495379357770996,0.11897212396683318,0.0,-0.3705367165407428,-0.6915433065796841,-0.6857904568238264,0.3634926396091747,-0.1423759804616566,0.4163652678423998,0.49413035126811145,-0.23104470331420818,-0.297655948289526,0.16966399291009424,0.5137387078055239,-0.11439604962646868,-0.43345112022310334,-0.11747305196984233,0.32580772416133463,0.07719123285240301,0.44422288806115084,-0.17294382983012935,0.28837054105106064,-0.7261601189209085,0.17390265677807196,-0.4496368093944826,-0.4306116384056615,-0.4038707187704564,0.024988449751258687,0.3783834256004706,0.7583579899813214,0.7497561707301292
Amygdala_L,0.443272188730549,0.7767784729866887,0.7647042658719138,0.4504732941949179,0.21773067551124692,0.6154009872978345,0.4111559238275934,-0.3698354004963942,0.15984893825089577,0.2667701282714289,0.29053710605917743,-0.12230665179318635,-0.15656103061457405,0.3993342999753179,0.5501755381907698,0.5845425417770906,-0.030892014107399612,0.011827614647838094,-0.3869734067544226,0.6289417814649627,0.04409108218198318,0.5165155970008691,0.6791640131563007,-0.03311593593321705,0.426650399702543,1.0,0.5832430100768693,0.5751242227884659,-0.447956531071742,0.5419929908405516,0.12231644199561922,-0.40534742702330284,-0.4631869749710079,0.6099436677875189,0.48052904604369695,0.2644341350426804,0.0,-0.16604356740777035,-0.30602335059455216,-0.3075993285022103,0.46892511652259766,-0.03362605390991829,0.6726438527233564,0.7430363588778071,-0.020472514301677142,0.12419763522623803,0.4270243173433589,0.5814918517666644,-0.00969661089881119,-0.17304007834382196,0.28603567540620867,0.6420478872554161,0.45829722870464,0.27392626374808327,0.14290361626064285,0.4989609224714407,-0.418058947673599,0.7707780939014006,-0.18333698386080738,-0.25085184707999025,-0.20358745954562954,0.5602557770188624,0.205685553269044,0.49407991354766523,0.4525612407292795
Thal_MGN_L,0.4522710425550133,0.5562414227763759,0.5639092067065931,0.5706287519127612,0.05315091208862476,0.5712578020773095,0.340579671568461,-0.11923365115229966,0.2789246305860897,0.06952788430294742,0.3580176131358413,-0.4009857824554722,0.05984639878504791,0.402029296566839,0.48838115866948306,0.3767805678029435,0.2747586649777324,0.2889083611941264,-0.04682764638689213,0.5580191458263762,-0.11191079192368619,0.6280074429229539,0.44777145240993,0.2689351618466189,0.22314135761733997,0.5832430100768693,1.0,0.6219775921852062,-0.11662231453157518,0.33407963526535744,-0.22597566737900382,-0.4347434438585164,-0.3429540764119606,0.39100613858861455,0.4329154683460831,0.32993614103039065,0.0,0.09342002782052028,-0.2073781313779942,-0.09340584211499782,0.5198074956030108,-0.27951726083582473,0.31518298566765035,0.2371184291907178,-0.14641296814978,-0.09526104442761332,0.26911163515644954,0.5024412331409567,0.15351226856711994,0.03084461567881955,0.2622743164841827,0.6885274177831756,0.5370144511468811,0.5275118020720321,-0.22544584722216995,0.41756199800544,-0.1739746307580699,0.38089974572314855,-0.2782653240644724,0.23647746782284454,0.20617467534730785,0.6106652002254779,-0.1003981088258902,0.19669888672578947,0.26320682855218724
Thal_VL_L,0.5309750920109976,0.7650595854189095,0.737388024576067,0.6173145862563068,0.08401728781085621,0.650749029972706,0.592421458855183,-0.07959171249864162,0.31132990825764506,0.18876354879023519,0.6236302827699736,-0.2568099981621949,0.1244725672726887,0.6723601244643621,0.6690400019581983,0.6706078214380704,0.1013996266790157,0.20568913975120112,-0.03838508052895548,0.7782647698911571,-0.011729358654151258,0.8060009211686869,0.7382588508138586,0.37314119888517094,0.14929703195223606,0.5751242227884659,0.6219775921852062,1.0,-0.05778311420979853,0.5848527207045959,-0.08185989903533322,-0.27995190692452965,-0.2205118093472219,0.6758618793780817,0.7072143531231229,0.5593645577722055,0.0,0.10092761105564593,-0.09562337953570461,-0.1405629803316225,0.490052936161717,-0.19219445584045958,0.5327611339219072,0.4733528180600415,0.06138049394399539,0.1688749163451325,0.6110681280401751,0.6055463377202118,0.10901806304923879,0.10870501278530893,0.3363229614392302,0.6976697326185202,0.7598269234228591,0.4812499404646972,-0.12758341630770306,0.6911204206555247,-0.10533084850076255,0.5872296934026161,-0.0919499999854155,0.1832331718563415,0.09772801703770322,0.7872992744700734,-0.010654200066318226,0.24218609166279,0.25489780679818763
Fusiform_R,-0.4044779489060189,-0.023649021530230185,-0.43690662338533853,-0.38404040103459036,-0.5833543359069969,0.06010897262020698,-0.17497839440451424,0.8612065521273432,0.5796589676657612,0.21762485039719393,0.09514679041967417,0.3383011225571188,0.25419740409156805,-0.03642925060930312,-0.36755828082912434,-0.29093588149793875,-0.015160508051249282,0.2347686482985824,0.9092608613780114,-0.31391042879692793,0.18904965366326126,-0.050136788206653626,-0.016507985135481774,0.48585767653408485,-0.7360327916654442,-0.447956531071742,-0.11662231453157518,-0.05778311420979853,1.0,-0.29458108015912543,-0.01555438621325632,0.26671983847547903,0.812803123918624,-0.4351280807155746,-0.035707583165248795,-0.0029375274182744313,0.0,0.4829098296058886,0.810450022117045,0.8428156812230243,-0.4394516433319495,0.12013830065355707,-0.5350020719922839,-0.4956705096308849,0.06217049269859119,0.2665241896774933,-0.2068717082891971,-0.5744669442883837,0.11374373771680865,0.45477445047627113,0.22971804374677163,-0.23359012774296437,-0.006277912262224986,-0.39327647875952615,0.08425721911783973,-0.20430148191674394,0.9066898308318179,-0.2009805509541341,0.5482280772166725,0.44056626971458385,0.5777657925287378,0.20535200541263274,-0.48485804142621763,-0.617058416351394,-0.6706801816099607
ACC_sub_L,0.37056725934153695,0.49448562664709944,0.6519356815187215,0.4346714496555221,0.22144766739683183,0.3589707078531363,0.702606428930923,-0.5353671110435516,-0.22792272812729117,-0.01913138641544199,0.6585529311138529,-0.16636767749588874,-0.15921388578625414,0.7211914073501913,0.7844004175580139,0.8006511519032702,-0.0941936555153416,-0.34737618397654724,-0.4217162350111874,0.7053260863986363,0.0005801885380623148,0.2801143449765792,0.4052813216232577,0.10454116116806854,0.4066428118931719,0.5419929908405516,0.33407963526535744,0.5848527207045959,-0.29458108015912543,1.0,0.21966574570472872,-0.30249458046419936,-0.39983765276512784,0.7378166452220729,0.7778881738810863,0.6957736166754709,0.0,-0.29330611514740274,-0.3412862177235538,-0.361546579314417,0.25950248418327376,-0.0172734696185032,0.6351430089293644,0.5007598406677515,0.17197226227448814,-0.061217021032493296,0.6313673822812143,0.5782081260993474,-0.023170884725366367,-0.20400347833304455,0.0669959466816742,0.5464796181435907,0.6208732154316323,0.38956393497516373,-0.011735843378613723,0.7933508253236171,-0.4191643943774184,0.48664729326218464,-0.2819651504155423,-0.382546699189679,-0.3751559088375188,0.4975844737022442,0.06671628197887933,0.44682174788054124,0.554662387073355
