,Cerebellum_10_R,Angular_R,Frontal_Inf_Oper_L,Precuneus_L,SupraMarginal_L,SN_pr_R,Temporal_Inf_L,Occipital_Mid_R,Frontal_Mid_2_L,Thal_VA_R,Cerebellum_4_5_R,Frontal_Inf_Orb_2_L,ACC_sub_L,Thal_PuL_L,Supp_Motor_Area_R,ACC_sub_R,ACC_sup_R,Heschl_R,Caudate_L,Olfactory_R,Parietal_Inf_R,Cingulate_Post_L,Temporal_Inf_R,Hippocampus_R,Thal_MDm_R,Thal_PuI_R,Hippocampus_L,Insula_R,Thal_MGN_R,Thal_VL_R,Postcentral_R,Thal_MGN_L,ACC_sup_L,Thal_Re_L,Frontal_Inf_Oper_R,SupraMarginal_R,Calcarine_R,Thal_PuI_L,LC_R,ACC_pre_L,Cerebellum_7b_L,Rolandic_Oper_R,OFCmed_R,Paracentral_Lobule_R,Thal_MDl_R,Thal_IL_L,Frontal_Sup_2_R,Putamen_R,VTA_R,Temporal_Pole_Mid_L,Putamen_L,Vermis_4_5,Cerebellum_Crus2_L,Lingual_L,Caudate_R,Cerebellum_7b_R,ParaHippocampal_R,Temporal_Sup_L,SN_pc_L,Postcentral_L,Thal_PuA_L,Thal_VA_L,Calcarine_L,OFClat_R,Rectus_R
Cerebellum_10_R,1.0,0.28920838525265263,0.5477647031112205,0.4600733862490466,0.41313674038506976,0.5190370384552307,0.5432718201166148,0.06350553910437215,0.762369601086474,0.43859731684215786,0.6884829651577096,0.38187991833950824,0.2852737426833103,0.6692448312189766,0.7609231155975967,0.4288420305460248,0.7598611326186411,0.5648973589433396,0.628011360817225,0.3713007098072261,0.5536520554947524,0.5270756970507564,0.23393263502340766,0.626867160498131,0.5797385465876713,0.47043053670664037,0.7498140424751973,0.7131619837108971,0.3823750953440156,0.6698511350107915,0.7626571156023689,0.335414205126556,0.7340317411378865,0.3494950771455444,0.6403856565311103,0.6341302730514261,0.5014528627743492,0.5450144544652534,0.39110835441371233,0.5390264576315658,0.3607261548272693,0.6223201813223214,0.1880437249020756,0.7631657200449304,0.2897840177632702,0.5871531522079361,0.742380315539134,0.7791873186191624,0.3367789154191229,0.10908654403644921,0.6153933786929335,0.730096154582669,0.1912604867526259,0.4293322258723509,0.68269555443648,0.07626199089878005,0.7322619314109504,0.6270326015129157,0.3026272902348366,0.5244610761945361,0.47939001749373295,0.6246137987603413,0.44123371357457086,0.49668148870552725,0.3326630331046437
Angular_R,0.28920838525265263,1.0,0.4324434003449828,0.8124980225033696,0.5418713070511783,-0.18908626636644102,0.11025038812991919,0.7907669877596598,0.19171433518632294,-0.13892206762584935,0.45683443507513216,-0.0942952472055645,0.06166770093099186,0.22200056906564142,0.48043666465760626,-0.3705874147064061,0.36782132839907855,-0.08174908369032288,0.04301804721170048,0.3859091659770783,0.8279396351041736,0.506429830335446,0.048848548168247935,-0.1480089901644472,0.44553937474560085,0.44634358858178547,0.09568115982941562,0.28533483824054523,0.35333619189337434,0.26507135790033887,0.5943412250833384,-0.24466736486986096,0.33236404771607264,0.20007261892346068,0.1443747915203454,0.7030090875804316,0.5375266681257617,-0.30753315015864335,0.36787130192411266,-0.30309061749760763,-0.057776299571300364,0.054699654480184136,-0.4830302655026634,0.49994113657746464,-0.05843612501685861,0.4899586427077348,0.059066727576627044,0.11948174809399946,0.2598886112907503,0.07445301570550321,0.22383708391752768,0.3555770168432747,-0.035597889764666824,0.6715879736222384,-0.04946358023936282,0.20134570111609137,0.31524421705979744,0.2356637999678758,-0.11513826984689245,0.7012537349663059,-0.022437471232403763,0.1792461921162452,0.6363628015016766,0.3385427610536032,-0.25190422959749675
Frontal_Inf_Oper_L,0.5477647031112205,0.4324434003449828,1.0,0.42557365710030576,0.5830354409687241,0.3913137335500038,0.25720612701275025,0.12971395330104615,0.5980152965614023,0.39323519489095854,0.6687347820641811,0.20947685829971588,0.015392700637814873,0.5459989934670223,0.7193317584641737,0.269267171497744,0.6621242048084084,0.555957326368989,0.47483685184082286,0.4581621970743481,0.48690283605149187,0.5898522638376376,0.4414861790979621,0.5173508647049199,0.487173894353225,0.47358922560498806,0.4256510703614014,0.6268046485652662,0.4357199169067339,0.5021849759756566,0.6357769078225323,0.22138241217504906,0.6394127619931679,0.13369359847007006,0.6157957855285298,0.6301224847404013,0.7090467354741605,0.2316346142523441,0.16995204339896147,0.25553888377628675,0.38452300306627507,0.5412478201215315,0.060082838618259554,0.5583642408474231,-0.0824038067376136,0.6679897997476838,0.5426060973299828,0.5561173816674121,0.32757057815711527,-0.21558900108829837,0.6160838554962593,0.7664627184742316,0.36646802518967614,0.543103746049727,0.5669337458486401,0.42842768858392016,0.6332277955012028,0.5560221219852947,0.370955960892086,0.6819240736895357,0.4485013262567701,0.4797417800184898,0.5913886236721259,0.2984683880187641,0.040415571017173336
Precuneus_L,0.4600733862490466,0.8124980225033696,0.42557365710030576,1.0,0.5749434966756249,-0.07906918938221182,0.30574637291713375,0.7319681093212904,0.32766380038956583,-0.09699766519421503,0.5822406104423631,-0.03699511720239037,0.23663974872256094,0.25936693186775556,0.5555502081902518,-0.2174781267328447,0.4570668086238509,-0.023649340718279035,0.16452531292982764,0.2947179671856283,0.8026073537070063,0.4968657301804965,0.14106726478350431,0.08211874223827646,0.5617763448377276,0.5683420351354754,0.3219163599054318,0.3874796035014104,0.3446759950662542,0.44078896525963085,0.7489649063566032,-0.19129072748254783,0.38512430016066274,0.3530739704702618,0.19755234525601398,0.6873613559569951,0.5594572997291012,-0.06828891891444763,0.4468441739283053,-0.09981194497709474,-0.017097828320402603,0.26980540388977836,-0.2580302454817122,0.6533628331398135,0.19729501356459567,0.5251044088116573,0.1881039036940192,0.33818374947040336,0.24484141983204719,0.057618611216011015,0.28673259888523417,0.4853105313330686,-0.108977054160389,0.6543530244782815,0.12418310890317952,0.0978272226860031,0.4604022132486298,0.2649620324963974,-0.1474567538993687,0.8052867814305227,0.05102630862205775,0.3093594947942887,0.6820905165381324,0.49434573824003747,0.052129867733898286
SupraMarginal_L,0.41313674038506976,0.5418713070511783,0.5830354409687241,0.5749434966756249,1.0,0.1785451021989828,0.369792575326898,0.44443012183295655,0.3592930519865408,0.030420076038276258,0.6414905388647916,0.13536075140118048,-0.0473213781982089,0.4010261231314839,0.5649757224638926,-0.15496466565858646,0.4925382966512126,0.13500331798611998,0.23571553759953048,0.3678988342498878,0.6243996842419959,0.5301488739578316,0.23485784791189357,0.16574664845608286,0.30641207464981257,0.30713861364701706,0.37075182155787234,0.336130185730803,0.11700936317918291,0.3977164165980248,0.5821505061782809,-0.12607881122371423,0.47402947279089847,0.03436692886853577,0.32976038996495965,0.6408808945736848,0.6694414924355526,-0.002045811113594453,0.24225937059672273,-0.0038153835580002284,0.26919592165257095,0.45998930756836176,-0.13166160822443648,0.44239943197553666,0.19483797780033502,0.5578937732724772,0.314207386107893,0.334968580163435,0.4495983031961708,0.04594063677817811,0.2534635343983211,0.5001699514404854,0.14767038613675434,0.6723402734076409,0.26040830282937755,0.14193493245323036,0.38963304165901963,0.5373300993535243,0.12773301582212845,0.7071907656573078,0.15146330230468685,0.1996785953343054,0.6946636752336545,0.3055212673295462,-0.09884071094381085
SN_pr_R,0.5190370384552307,-0.18908626636644102,0.3913137335500038,-0.07906918938221182,0.1785451021989828,1.0,0.48033016951256663,-0.37020739775449124,0.6247238852163138,0.5799616204777336,0.3278835622427317,0.5939154378389794,0.005429521362718233,0.5030055422008664,0.5027059605306825,0.6784585110855911,0.6023480093513132,0.6172240988969301,0.6053631425026008,0.26310882123669804,0.08693413897523569,0.22202436016250207,0.13131007011814105,0.7142529106138346,0.13217404739539412,-0.01344964734108886,0.6555919927970179,0.507901950428988,0.23303178718892736,0.3765207757518438,0.39711323192617687,0.5529080123676714,0.6887113531191859,-0.09432303730127443,0.7178489548873086,0.2631560946984747,0.29905114618462286,0.5476127248719742,-0.04495545483237157,0.6975253120697622,0.5540906456772389,0.5224127527772556,0.3646651682086333,0.39368970508421736,0.14847390669472235,0.3638906063571516,0.7292532782076309,0.5598571772943207,0.3604560709322999,0.03460973346255437,0.46218788249315484,0.4971148403112978,0.5446045003355272,0.06095552455887048,0.703209161253532,0.20487163220715326,0.453086370036287,0.5664046188524753,0.6842277886124237,0.10272137095478796,0.5976846907334777,0.39526858718617786,0.14239988314867885,0.10248148313346708,0.22876919841213977
Temporal_Inf_L,0.5432718201166148,0.11025038812991919,0.25720612701275025,0.30574637291713375,0.369792575326898,0.48033016951256663,1.0,-0.0615673969583302,0.5135125172386559,0.4612209059878002,0.47328784613653135,0.7010456875133381,0.07167093015653711,0.6311215118865942,0.601987917798567,0.2900645390559208,0.5700096446965373,0.45966410163614313,0.6480963784572522,0.15104626090397272,0.4614284335646467,0.43627517535392224,-0.06266112338587464,0.43658971650215617,0.2454333944596366,0.31289727536730655,0.7535020127682455,0.4010754534473919,0.09898986271228356,0.5270948678727444,0.6012815222466136,0.33978781584695417,0.6440719657120116,0.1239184449168933,0.4712792985887218,0.45546507315132645,0.4014501772540804,0.3706377193118867,0.2652213605485295,0.46372833753940035,0.5712962732568406,0.3897778500067551,0.22241185854019413,0.5497028735566843,0.48774926308949773,0.5470579123360106,0.6967164839142629,0.6411724714838082,0.49145016152813914,0.2213795181751271,0.4432497817071321,0.595231894131291,0.26753300556049275,0.31283103660736283,0.4931356439391322,-0.15723672383383822,0.3276077103962491,0.5867595463313114,0.4822470427765789,0.29585449926286367,0.5339492474247846,0.48771958709497715,0.39833244888837377,0.390569486695247,0.21031120708349268
Occipital_Mid_R,0.06350553910437215,0.7907669877596598,0.12971395330104615,0.7319681093212904,0.44443012183295655,-0.37020739775449124,-0.0615673969583302,1.0,-0.12340711614456341,-0.521515336737974,0.330822721204055,-0.31523428955781135,0.12169832414970967,-0.11917604282851345,0.20949860661459777,-0.5522999136001376,0.10282000010311637,-0.4172843878488927,-0.20612867563461618,0.2702982232382401,0.6202381261089285,0.2021521346793355,0.10587345803252604,-0.2756435841356029,0.24839874670500725,0.2969882570777563,-0.12503715370832072,0.07632495525661426,0.31511273955381763,0.10288048334627145,0.3658604770522024,-0.45183007768404515,0.06349098485235734,0.18089417754794024,-0.05358576642875101,0.4714948912860119,0.44733471363487803,-0.4656943593012571,0.24088077872943897,-0.5401098556413786,-0.17854029929225007,-0.04672095240009172,-0.6426487003534659,0.24089744231292637,-0.0871372343590889,0.2549575492004949,-0.24351175568670835,-0.20606623879140124,0.1833401342202152,-0.02396615391054867,-0.021207109076105405,0.06637466915369504,-0.08779447647742314,0.6505414560381443,-0.31520649186352956,0.19960784054859596,0.16608981812420992,-0.11026102314169767,-0.410701572089618,0.5589831638292383,-0.2467557823714718,-0.12366176216101005,0.6080231591646696,0.32526557472692325,-0.3140477890786802
Frontal_Mid_2_L,0.762369601086474,0.19171433518632294,0.5980152965614023,0.32766380038956583,0.3592930519865408,0.6247238852163138,0.5135125172386559,-0.12340711614456341,1.0,0.6392639103283947,0.6679681528015518,0.4611135590453235,0.18959942175036312,0.6722038741814185,0.7307185383531107,0.5965917932920196,0.7752300976746296,0.6300901931261137,0.6844515276968371,0.32728277281219126,0.4505581472307952,0.5206899499995141,0.2496197187693916,0.6993635596974133,0.5408968566323606,0.3705032929883803,0.7832659524832153,0.7164509844769049,0.3242675678223256,0.6388524023499706,0.6837971008027415,0.5647919595423868,0.7639547015727911,0.19312808622298075,0.6433224508737463,0.571746980272487,0.4867724007375163,0.6402684357695556,0.2305305192946479,0.7022611002022769,0.43682429381768045,0.6145312272665497,0.3792582850598497,0.7161145585839891,0.24028858387094262,0.579091211385942,0.826264559487767,0.8038666759038962,0.3035337982209774,0.05841673751883324,0.6627385620915336,0.7757042800473143,0.19253572595934096,0.2766228286712885,0.8230100977447329,0.04187287707202313,0.6560691346227923,0.7894789120725951,0.45845886990161283,0.3912996510299894,0.573393522258798,0.6240629974562478,0.33904342372510266,0.40525750973276997,0.39946789309739206
Thal_VA_R,0.43859731684215786,-0.13892206762584935,0.39323519489095854,-0.09699766519421503,0.030420076038276258,0.5799616204777336,0.4612209059878002,-0.521515336737974,0.6392639103283947,1.0,0.22834841678039203,0.5693577454448691,-0.047753786471748536,0.6105162380008329,0.4238165099407803,0.6605522218910903,0.4481737988480333,0.7831348428786724,0.5819222805687602,0.14581390365572364,0.10075987641295645,0.3200926110875117,0.1131214048846817,0.602314360272617,0.3220815252054547,0.3040982425161995,0.6058829659236222,0.5746903097799421,0.09205490008258371,0.31142062450392644,0.3270138099581612,0.657216715302474,0.5105449391411583,-0.026230248055193136,0.5551978449259761,0.26562231207217163,0.1736813238566896,0.5964036264343818,-0.023673240656916325,0.7527064005844264,0.4238990929175223,0.41280399367113924,0.5282852384579435,0.3903002673522104,0.042710896516178015,0.3664317222007182,0.7061313095297087,0.6444361107744732,0.20834247387656055,0.14139059381431987,0.6420341638594207,0.512652993160975,0.2107781360001479,-0.13531991031598808,0.6949466452401535,-0.06142715884169612,0.27542161588776404,0.5679306274248684,0.6625313233797033,0.009413235597329941,0.5855459122011221,0.512472853330699,0.021965428525234358,-0.04332068502331278,0.3029829906417284
Cerebellum_4_5_R,0.6884829651577096,0.45683443507513216,0.6687347820641811,0.5822406104423631,0.6414905388647916,0.3278835622427317,0.47328784613653135,0.330822721204055,0.6679681528015518,0.22834841678039203,1.0,0.2557125192283467,0.22358258911697443,0.5156209812629754,0.7590388141654765,0.18926487942423464,0.7265047061174352,0.3694660916396679,0.448132628707127,0.4060125182363962,0.6619867630898199,0.5640245563106692,0.5113687335094741,0.5358042702506616,0.5742071640675677,0.5371835613803982,0.5838372461609623,0.6366807441507201,0.379462621362574,0.6888109811792251,0.7632732307599315,0.09101285193866995,0.6601156622525944,0.2445035690702689,0.5291905264159307,0.7419888350768279,0.7849380999530424,0.2996631926059641,0.4587093598791961,0.2829918047818868,0.39679471625798357,0.6407989389765029,0.021833311348883135,0.6918562208970717,0.2632806926730506,0.7182777290740243,0.600248935220845,0.658528987803773,0.40810783890915736,-0.03235751011650704,0.5105817332478337,0.8271930370275191,0.1959473776133786,0.7427437592816033,0.576778815701306,0.24044286146652602,0.7560111678847883,0.5645887983708375,0.14224171922080317,0.681306844999663,0.3418725963149625,0.4296404964772895,0.7600087427194859,0.5723519292121334,0.19419085961233076
Frontal_Inf_Orb_2_L,0.38187991833950824,-0.0942952472055645,0.20947685829971588,-0.03699511720239037,0.13536075140118048,0.5939154378389794,0.7010456875133381,-0.31523428955781135,0.4611135590453235,0.5693577454448691,0.2557125192283467,1.0,0.18935221419222023,0.4700127480261217,0.4365514481093439,0.5000853441824559,0.44893815856207797,0.5502935191918571,0.6148462184228054,0.24908395103920797,0.19609561828530833,0.29407031334080824,-0.10361011505853292,0.4895306613165405,0.10840097777064996,0.199716308374396,0.6288758349640146,0.433727458970968,0.15407227032085966,0.41963919275297484,0.36828305353820007,0.38819632666181914,0.5747136174285398,0.038946267625364094,0.513199666371071,0.24731806683528162,0.240329713307403,0.3851662190493662,0.08141765343506167,0.6708166043434612,0.7371084357969419,0.37318034259486094,0.29287113941334714,0.367294855231121,0.310868067219438,0.46668303151692314,0.6825588993281179,0.47161578046637304,0.4553047618198006,0.24929717659235193,0.5402521625550647,0.5078806654423721,0.2705059375800162,0.1614973693353312,0.4854914251170169,0.0377009344132153,0.2106979987758866,0.6179449730624503,0.655387568309059,0.013045914445231087,0.5781042777075638,0.45714445704591633,0.23234050366465375,0.21261436137158884,0.21361519568713006
ACC_sub_L,0.2852737426833103,0.06166770093099186,0.015392700637814873,0.23663974872256094,-0.0473213781982089,0.005429521362718233,0.07167093015653711,0.12169832414970967,0.18959942175036312,-0.047753786471748536,0.22358258911697443,0.18935221419222023,1.0,0.052530239686807235,0.129396700432885,0.3739630102398162,0.17985390279307717,-0.12347068602286268,0.20874485168556833,0.28105677476195545,0.08553767048694973,0.16162192791759214,0.0439700933965791,0.3185202999632457,0.5182226501385419,0.3954671499594646,0.21060322992399322,0.35904517336149205,0.33187550161152274,0.49630014939623723,0.1695724949143461,-0.11186440271757926,0.09510345411702273,0.7757455729880105,-0.01836250812186372,-0.01920179674833864,0.015540974872449282,0.20420051747135406,0.3581273179425686,0.243799274622261,0.10429183067860974,0.12659907936660078,0.11452665011198213,0.2881199317302854,0.43964140358729914,0.1646111273863033,0.06850948645181662,0.16911257139475291,-0.0616827574619132,0.048272144001414795,0.2745983279276161,0.2713632368852633,-0.33682842942947255,0.2158361081413986,0.11427315941602026,0.02074671650265551,0.27255910862167054,0.22301787789207905,-0.23738734434287007,0.13224837893762859,-0.033904281429059144,0.29795971358606116,0.14277472995562748,0.4760978397186863,0.5801399194193126
Thal_PuL_L,0.6692448312189766,0.22200056906564142,0.5459989934670223,0.25936693186775556,0.4010261231314839,0.5030055422008664,0.6311215118865942,-0.11917604282851345,0.6722038741814185,0.6105162380008329,0.5156209812629754,0.4700127480261217,0.052530239686807235,1.0,0.7476973149663627,0.377618304607935,0.7876822971238125,0.6270691358256,0.6640420003158685,0.3347567328328365,0.5082462671954145,0.49421739489146066,0.11549085578844642,0.5139072089079034,0.4643318478185711,0.3592432452932893,0.7371827810190834,0.6042424829348537,0.23693214525033082,0.5499671548118814,0.6483162160064794,0.4662368042410308,0.7806873524354505,0.1908654358595022,0.5364716196200464,0.585911920132597,0.4159851444122293,0.5290185040520844,0.24593423838564774,0.5279766421196588,0.3660806560744888,0.34216549161077064,0.24679629627586808,0.5811184169479212,0.15600372614789793,0.5803247317602962,0.7530953596822183,0.730528778754261,0.4010995869833707,0.19781496581792143,0.5347330180692571,0.6554453440648681,0.2305456790632461,0.2856931594636948,0.6994469065009108,-0.07073381032746855,0.4936771915315126,0.666572724761088,0.5187418075745169,0.46949412815146657,0.6120282436421183,0.5173353730697298,0.32247469728773137,0.28748946119016977,0.2179993811701577
Supp_Motor_Area_R,0.7609231155975967,0.48043666465760626,0.7193317584641737,0.5555502081902518,0.5649757224638926,0.5027059605306825,0.601987917798567,0.20949860661459777,0.7307185383531107,0.4238165099407803,0.7590388141654765,0.4365514481093439,0.129396700432885,0.7476973149663627,1.0,0.28845031069021093,0.8911876803243195,0.5652157836845955,0.6869135668953005,0.4024389441197143,0.7560622777092335,0.5848139484236082,0.27606992420293736,0.57148461508915,0.49710365418016267,0.4273461706647088,0.7130863295399905,0.676431157662041,0.44702971929498364,0.6977131000520791,0.9056553913378074,0.326310195323058,0.9040820975387117,0.1692099486101748,0.6830159590857945,0.83695643778338,0.72982793239461,0.3891006212063307,0.31316761516726865,0.38633539758151797,0.4878396480023371,0.5573760123089849,0.008007560834925109,0.8122104402635755,0.1505142153205689,0.7433725623596085,0.8201425177540834,0.7257011735424347,0.5069373731742617,0.02039957869895099,0.589480549798666,0.8288618999245856,0.38126388660169713,0.6331404375434925,0.6972201652051367,0.18293824802433495,0.7417635695001666,0.6249212377692172,0.36294763178516265,0.720125818057014,0.6069125604222373,0.5723273650543489,0.6648473075138883,0.5781464871593603,0.14767595716537799
ACC_sub_R,0.4288420305460248,-0.3705874147064061,0.269267171497744,-0.2174781267328447,-0.15496466565858646,0.6784585110855911,0.2900645390559208,-0.5522999136001376,0.5965917932920196,0.6605522218910903,0.18926487942423464,0.5000853441824559,0.3739630102398162,0.377618304607935,0.28845031069021093,1.0,0.41015763435719377,0.5591013592162141,0.5357729648301642,0.23799008693604332,-0.13936394324604046,0.1786344202553075,0.15831726803296545,0.7629734412384052,0.33955902371609553,0.14037016000865477,0.5574628168817543,0.5526023939615115,0.21986851993304826,0.38397119839759597,0.20287109304749423,0.6152763164750427,0.44010193591872193,0.2153944381008006,0.5053160166521805,0.007448035498142811,0.0274709051214697,0.6736601715586307,-0.03786582434061695,0.8158284563989139,0.371371585813801,0.46414787796894824,0.6453106839920503,0.32564345875709094,0.21091058554146763,0.15172856014112582,0.5826935399002189,0.5398789487350542,-0.011290127100968425,-0.04467597210918473,0.5656794615983001,0.4448082653408549,0.15702857440476162,-0.1998357279449652,0.6780753806682736,0.03897561367759485,0.40119171631164124,0.4791290173521852,0.48397966245649726,-0.12109543828370047,0.47887271647560153,0.4473460394691292,-0.1167392288416721,0.10196261451521536,0.6105852679760028
ACC_sup_R,0.7598611326186411,0.36782132839907855,0.6621242048084084,0.4570668086238509,0.4925382966512126,0.6023480093513132,0.5700096446965373,0.10282000010311637,0.7752300976746296,0.4481737988480333,0.7265047061174352,0.44893815856207797,0.17985390279307717,0.7876822971238125,0.8911876803243195,0.41015763435719377,1.0,0.5555347093982865,0.6632644340229041,0.37434805432492124,0.6220308624985194,0.575169280243625,0.3586953642474662,0.6565769775385243,0.5126037626770933,0.3455524300399769,0.7893391241214193,0.6711077830795056,0.34696129654199137,0.7700522227197627,0.8301979278742602,0.41824115588408084,0.9300206271110495,0.19034240288739623,0.6010075913790306,0.7465948965844175,0.6621962857380379,0.5318553114749646,0.2691510903832763,0.5441302429788667,0.46789357500660866,0.4834351127466941,0.18444184267653374,0.7430988496462975,0.19559399402349753,0.7303980103704485,0.8206146761631843,0.7657415890152774,0.47186489811472876,0.08946824883002898,0.5538614564160417,0.8199777557393793,0.3455279220676118,0.4873640084398577,0.8238399786487437,0.2280715697581124,0.6987232871737818,0.6860551174597328,0.35945807789754525,0.6443107544844421,0.691998957952908,0.5888566850938562,0.5685255323896617,0.5691824586971369,0.3182596711696037
Heschl_R,0.5648973589433396,-0.08174908369032288,0.555957326368989,-0.023649340718279035,0.13500331798611998,0.6172240988969301,0.45966410163614313,-0.4172843878488927,0.6300901931261137,0.7831348428786724,0.3694660916396679,0.5502935191918571,-0.12347068602286268,0.6270691358256,0.5652157836845955,0.5591013592162141,0.5555347093982865,1.0,0.6701004898132195,0.19934762758405325,0.18665598467704292,0.30620628642012376,0.27425562859811553,0.6752962186946524,0.2557843657160447,0.27421660809889437,0.5968078395560465,0.5814446306042154,0.2665110068156977,0.36984835818377043,0.4359848507002135,0.6064963727827652,0.607880720923828,-0.08376014997977642,0.6655231608914973,0.40238771889630787,0.37416065646238955,0.5859266103218744,-0.00953269625439514,0.6318432215977641,0.5115816574621536,0.5110312858065872,0.37835681739627286,0.46625440777651367,-0.07161113645481584,0.4584262649589594,0.764684387186363,0.6946242546361355,0.30790835764046615,-0.004811894351783761,0.6421540735692168,0.5576014513018278,0.3933897313372099,0.04975033081977112,0.7227215080286561,0.1521469041873419,0.4014276441504387,0.5202171063403442,0.66067124892193,0.14868597540950831,0.7247934382250502,0.5183908477774105,0.1706936471089449,0.07631802959860853,0.18571931166619235
Caudate_L,0.628011360817225,0.04301804721170048,0.47483685184082286,0.16452531292982764,0.23571553759953048,0.6053631425026008,0.6480963784572522,-0.20612867563461618,0.6844515276968371,0.5819222805687602,0.448132628707127,0.6148462184228054,0.20874485168556833,0.6640420003158685,0.6869135668953005,0.5357729648301642,0.6632644340229041,0.6701004898132195,1.0,0.21448767804247854,0.35200146329550175,0.39803529692403633,0.04776867700317734,0.6342337734656127,0.35942427789940407,0.24870739115623525,0.7445775037355068,0.5355348808713892,0.4082552949214814,0.6382379573500696,0.5865389235840459,0.5539069837632735,0.7149010640832473,0.2608244663592997,0.5671777191488259,0.4491263476139272,0.4029347254639379,0.5831581857734169,0.07149700268821549,0.5588355867931855,0.5596133624431056,0.3780024552222459,0.24062374943408787,0.613541383515018,0.2532104466713908,0.5467458817077572,0.7869390828379508,0.698816774258517,0.4463585582802404,0.047741861040637684,0.5806652766250509,0.6635720987371544,0.3420225055341996,0.22759718455931388,0.6721915411751104,0.05410502542375628,0.4729891966870253,0.6146440236216237,0.5611990080209466,0.26276300406322484,0.7027571415208794,0.6463354314171218,0.2626403934865397,0.39365795433100637,0.2726604885746941
Olfactory_R,0.3713007098072261,0.3859091659770783,0.4581621970743481,0.2947179671856283,0.3678988342498878,0.26310882123669804,0.15104626090397272,0.2702982232382401,0.32728277281219126,0.14581390365572364,0.4060125182363962,0.24908395103920797,0.28105677476195545,0.3347567328328365,0.4024389441197143,0.23799008693604332,0.37434805432492124,0.19934762758405325,0.21448767804247854,1.0,0.4110543166178676,0.37983901994480374,0.06858050359692543,0.2266381868660502,0.569478684543088,0.489291796011178,0.24444662678113122,0.695140019192033,0.5638966783980294,0.1700736595333249,0.43574030020461935,0.0238503359009248,0.44234897381410304,0.33328689094847275,0.57829824219599,0.3897651625179469,0.35743617422682494,-0.10904353722422484,0.32388887804811817,0.16003160423717408,0.144646578972389,0.42557252543150637,-0.11549361189214977,0.35075616997726355,-0.09092866918762184,0.3680851601424063,0.2597827537652686,0.19915670714836128,0.08732271590550195,-0.04228093958531181,0.6530550849212136,0.3909165401506401,0.05821103739280989,0.5028570163885074,0.16053358075284302,0.2018652816727622,0.5240464355654629,0.3476227395264027,0.3142589706449927,0.39003617714873107,0.06413130418733472,0.3189749449686755,0.4353236712322765,0.09487262181081674,-0.08775767770697006
Parietal_Inf_R,0.5536520554947524,0.8279396351041736,0.48690283605149187,0.8026073537070063,0.6243996842419959,0.08693413897523569,0.4614284335646467,0.6202381261089285,0.4505581472307952,0.10075987641295645,0.6619867630898199,0.19609561828530833,0.08553767048694973,0.5082462671954145,0.7560622777092335,-0.13936394324604046,0.6220308624985194,0.18665598467704292,0.35200146329550175,0.4110543166178676,1.0,0.5522101859424603,0.12924922292517593,0.1307241143438382,0.5184461398478419,0.5044544921236128,0.4242095270529687,0.4906709124182943,0.38181763078894404,0.43931214629710286,0.8317007579022001,-0.05479810175182346,0.6105923262542873,0.2169963395459973,0.39098544149558945,0.9056662568850248,0.665569834321018,-0.031718025218561804,0.4571501241475858,-0.01709421356286283,0.18433192480574168,0.3099480745964418,-0.28673681119793487,0.6739685205793335,0.0648286737899386,0.6219321867267299,0.41503962557454344,0.420542657363872,0.3904179992446993,0.1215491839289198,0.41568936159377456,0.5624331594455828,0.06584518431974667,0.6976824958930447,0.2553360407116781,0.08821141002098754,0.5453980863018307,0.4229412519000448,0.09285899081307307,0.762782762205761,0.25134727871764256,0.3480026141546157,0.7267546539946969,0.4862883076805988,-0.09683291269274982
Cingulate_Post_L,0.5270756970507564,0.506429830335446,0.5898522638376376,0.4968657301804965,0.5301488739578316,0.22202436016250207,0.43627517535392224,0.2021521346793355,0.5206899499995141,0.3200926110875117,0.5640245563106692,0.29407031334080824,0.16162192791759214,0.49421739489146066,0.5848139484236082,0.1786344202553075,0.575169280243625,0.30620628642012376,0.39803529692403633,0.37983901994480374,0.5522101859424603,1.0,0.12380401762644377,0.32519403786635115,0.5634085886553384,0.4173873241588192,0.47854980280929393,0.4715071333965388,0.26107902129021193,0.5371748654244144,0.5789100718023626,0.14671577653840015,0.5306870719368407,0.3240373046053966,0.37806220030615806,0.5415915893408378,0.47192917439905724,0.16238195423593965,0.43473506578182164,0.24905911971397182,0.2738874447521899,0.3334516676217386,-0.009457886340758734,0.6129437224781104,0.2463404022816753,0.6135398364628035,0.45319491665965955,0.5473517084507507,0.29709882569389795,0.1660266676831645,0.4795454715516401,0.6293095506800969,0.08238857652420063,0.4260286659834762,0.43285505520914896,0.08522302338777533,0.50944312466658,0.632799988968005,0.2746888683904604,0.5238438245527509,0.32931722511544376,0.5263637001637443,0.4709820416879709,0.4004436170476808,0.15461210761901986
Temporal_Inf_R,0.23393263502340766,0.048848548168247935,0.4414861790979621,0.14106726478350431,0.23485784791189357,0.13131007011814105,-0.06266112338587464,0.10587345803252604,0.2496197187693916,0.1131214048846817,0.5113687335094741,-0.10361011505853292,0.0439700933965791,0.11549085578844642,0.27606992420293736,0.15831726803296545,0.3586953642474662,0.27425562859811553,0.04776867700317734,0.06858050359692543,0.12924922292517593,0.12380401762644377,1.0,0.5108273135854228,0.19302784562154077,0.22677563638295992,0.10260135859993053,0.3258252489996177,0.2059898456366209,0.3012516641873745,0.18029016872429265,0.0643901314663714,0.24026177315039407,-0.07140768610688372,0.17270386054333253,0.33267950145892244,0.5934873063872741,0.19438564884615714,0.013816210327074863,0.14619025168002672,0.23269407286713756,0.3411127830532284,0.15730166280182012,0.08464836404787007,-0.23399644956570265,0.31964809931869875,0.22119613052684128,0.22599112642875507,0.11774731274389601,-0.30856871581443845,0.2610934025248434,0.3898831465691774,0.16540766439917862,0.27150023178775035,0.43721266207646614,0.5081654712170331,0.38154692640068283,0.06297332492823203,-0.0928998053950035,0.3723513411255216,0.30452932245163966,0.09940429735082712,0.48602784483280387,0.2981034403774128,0.1705358166679889
Hippocampus_R,0.626867160498131,-0.1480089901644472,0.5173508647049199,0.08211874223827646,0.16574664845608286,0.7142529106138346,0.43658971650215617,-0.2756435841356029,0.6993635596974133,0.602314360272617,0.5358042702506616,0.4895306613165405,0.3185202999632457,0.5139072089079034,0.57148461508915,0.7629734412384052,0.6565769775385243,0.6752962186946524,0.6342337734656127,0.2266381868660502,0.1307241143438382,0.32519403786635115,0.5108273135854228,1.0,0.39245110436501585,0.3089409263995138,0.7131527922036076,0.6583506886479945,0.36058794171733055,0.6344503039744585,0.4593175610316311,0.5831802654440792,0.640507151712438,0.12781688863828786,0.6102513121959138,0.33804104777291905,0.48885976962787725,0.7479055258860438,0.027240060760991808,0.7447370510254117,0.5845531154940059,0.6089378377624399,0.46683651199293674,0.5164833423391907,0.17739099072542994,0.47777635950652847,0.7300749755166449,0.7115108973652456,0.33840409569378327,-0.07594917706150434,0.6175171230157912,0.6998206281549753,0.32494059087492666,0.13594608032752592,0.8541908329457512,0.24788950183686584,0.5644100171306564,0.5697216502675129,0.4148797247666603,0.21980910286208338,0.7012593336192742,0.4798181090710492,0.31169916475425424,0.38939828037814345,0.5360493856748181
Thal_MDm_R,0.5797385465876713,0.44553937474560085,0.487173894353225,0.5617763448377276,0.30641207464981257,0.13217404739539412,0.2454333944596366,0.24839874670500725,0.5408968566323606,0.3220815252054547,0.5742071640675677,0.10840097777064996,0.5182226501385419,0.4643318478185711,0.49710365418016267,0.33955902371609553,0.5126037626770933,0.2557843657160447,0.35942427789940407,0.569478684543088,0.5184461398478419,0.5634085886553384,0.19302784562154077,0.39245110436501585,1.0,0.7093430119319013,0.43461978492683806,0.7323538165353104,0.4860807668426761,0.5166789774091152,0.6131321488131749,0.06851215752207392,0.42246628123630364,0.6517849126263403,0.35282950471498176,0.47835906296619535,0.36408877942269763,0.24167381949216304,0.5222410374659306,0.29561850155138003,0.030488672509968773,0.4158539479427374,0.13152730936042586,0.620625857656785,0.2172592870979247,0.49266148446670815,0.3370952494684282,0.5875623447335184,0.03619673868569792,0.02240616262121477,0.6443578724487907,0.5940107353804183,-0.20494412776971654,0.3845047613264364,0.3761015318272392,0.0132197946754973,0.5962975843436352,0.44043184014044184,0.0926532243334943,0.5361919839705916,0.13754568645048781,0.5206835414400812,0.41998924624908274,0.376724670970347,0.3695177429663112
Thal_PuI_R,0.47043053670664037,0.44634358858178547,0.47358922560498806,0.5683420351354754,0.30713861364701706,-0.01344964734108886,0.31289727536730655,0.2969882570777563,0.3705032929883803,0.3040982425161995,0.5371835613803982,0.199716308374396,0.3954671499594646,0.3592432452932893,0.4273461706647088,0.14037016000865477,0.3455524300399769,0.27421660809889437,0.24870739115623525,0.489291796011178,0.5044544921236128,0.4173873241588192,0.22677563638295992,0.3089409263995138,0.7093430119319013,1.0,0.3178148010052252,0.6833594576865382,0.4395026365106194,0.3392509265301311,0.5374630378182771,-0.06087862588959002,0.3024763568203643,0.45406012362044157,0.3545977135399037,0.4563268414931056,0.43020420039264984,0.06655475664023763,0.44117196887259486,0.20091354081898233,0.1300496185318573,0.4028930573492119,0.017038625829151957,0.5111947721848711,0.0701670509498368,0.5208807146372995,0.2812767444119796,0.42249504038153174,0.15601967576662584,-0.02487673274034509,0.6384012213988156,0.5537322989742198,-0.2064459683189914,0.48438221391764824,0.20634144984762562,0.05332231121471017,0.4384723372285045,0.3018904598967329,0.07515783317237056,0.5090365474734831,0.08449650355123825,0.3967745725155629,0.5196195916002423,0.3181742203193011,0.16874774534327633
Hippocampus_L,0.7498140424751973,0.09568115982941562,0.4256510703614014,0.3219163599054318,0.37075182155787234,0.6555919927970179,0.7535020127682455,-0.12503715370832072,0.7832659524832153,0.6058829659236222,0.5838372461609623,0.6288758349640146,0.21060322992399322,0.7371827810190834,0.7130863295399905,0.5574628168817543,0.7893391241214193,0.5968078395560465,0.7445775037355068,0.24444662678113122,0.4242095270529687,0.47854980280929393,0.10260135859993053,0.7131527922036076,0.43461978492683806,0.3178148010052252,1.0,0.6278703589044401,0.14654409071160915,0.7199426773452507,0.7169944725516769,0.6032897528591646,0.7965076447908828,0.21722893045314629,0.6000951688012154,0.5225304870584488,0.42881378039083784,0.7393455381836509,0.17124309485443476,0.7473299712413167,0.47602043479517064,0.5676702678351211,0.4234149747426453,0.7310673789026444,0.45144083445823785,0.587947231670642,0.8567613631484499,0.8339172454947591,0.4400579289454262,0.30459053447656814,0.5824770434238877,0.7282126065811716,0.20517253090227688,0.23609851164893866,0.8063522344851644,-0.1152225188636916,0.5593489224130341,0.7685463402839766,0.5156385878036339,0.333583747941691,0.6811314907824229,0.6130064107310026,0.3456527467962099,0.41972187512272335,0.4955135331630042
Insula_R,0.7131619837108971,0.28533483824054523,0.6268046485652662,0.3874796035014104,0.336130185730803,0.507901950428988,0.4010754534473919,0.07632495525661426,0.7164509844769049,0.5746903097799421,0.6366807441507201,0.433727458970968,0.35904517336149205,0.6042424829348537,0.676431157662041,0.5526023939615115,0.6711077830795056,0.5814446306042154,0.5355348808713892,0.695140019192033,0.4906709124182943,0.4715071333965388,0.3258252489996177,0.6583506886479945,0.7323538165353104,0.6833594576865382,0.6278703589044401,1.0,0.5800125272088015,0.46795565950536916,0.6915357357831322,0.344878819330756,0.6872852247284433,0.31766124867512735,0.7776861403640669,0.571043770729352,0.5364310116923275,0.37995352062459825,0.3177172420648885,0.5766192642536099,0.3376590151166763,0.6887058904423478,0.1770058575917091,0.6676018001953788,-0.0075198722041250375,0.5922733518012113,0.6667234618044935,0.6409338168123818,0.22681433346223356,-0.009742683192973762,0.8939501365986605,0.6965718721417228,0.12511156177214344,0.4360839776622975,0.6247335110797159,0.18615879734623703,0.7169140656290653,0.5603266163453944,0.3963864194236312,0.4543970406063538,0.41568384674347103,0.5800371784234358,0.48986074033843047,0.35672418029288516,0.2829929878230854
Thal_MGN_R,0.3823750953440156,0.35333619189337434,0.4357199169067339,0.3446759950662542,0.11700936317918291,0.23303178718892736,0.09898986271228356,0.31511273955381763,0.3242675678223256,0.09205490008258371,0.379462621362574,0.15407227032085966,0.33187550161152274,0.23693214525033082,0.44702971929498364,0.21986851993304826,0.34696129654199137,0.2665110068156977,0.4082552949214814,0.5638966783980294,0.38181763078894404,0.26107902129021193,0.2059898456366209,0.36058794171733055,0.4860807668426761,0.4395026365106194,0.14654409071160915,0.5800125272088015,1.0,0.2684926301454425,0.40737269020202427,0.07609559194940145,0.4240365148946627,0.31914259471368617,0.49399652004038025,0.3770182536803718,0.45937848957509203,-0.019403480643692177,0.20027557126465012,0.051781732644620555,0.22662131663899807,0.24112552276366006,-0.32460773480348737,0.40191437754522075,-0.26586357125382265,0.3665826473193998,0.2581194378733812,0.18610565519990835,0.20619540847019707,-0.3422576765131824,0.551048220003538,0.38686709481940196,0.25963001288391113,0.49204381246490914,0.17211734380872037,0.4376161452406297,0.4806835437401854,0.1342818159491643,0.16670695422768425,0.3424498610804391,0.22283640946114705,0.30939416181987633,0.4317677548379478,0.33828285654700924,-0.14611895579832798
Thal_VL_R,0.6698511350107915,0.26507135790033887,0.5021849759756566,0.44078896525963085,0.3977164165980248,0.3765207757518438,0.5270948678727444,0.10288048334627145,0.6388524023499706,0.31142062450392644,0.6888109811792251,0.41963919275297484,0.49630014939623723,0.5499671548118814,0.6977131000520791,0.38397119839759597,0.7700522227197627,0.36984835818377043,0.6382379573500696,0.1700736595333249,0.43931214629710286,0.5371748654244144,0.3012516641873745,0.6344503039744585,0.5166789774091152,0.3392509265301311,0.7199426773452507,0.46795565950536916,0.2684926301454425,1.0,0.6503617531858313,0.2906183252275569,0.6923924896648156,0.43951087765523583,0.3261910819865074,0.5097143450332116,0.5640987686355641,0.5782459855109345,0.3000248553425031,0.4796674691429268,0.4869878797697246,0.4065387126821085,0.18631553231342665,0.6689685230383147,0.5717558408242743,0.6801297207745928,0.6551325164787025,0.6968428722325307,0.4379540609165955,0.12077825018405969,0.4035631024819347,0.8002062418715472,0.15580767324538297,0.4794541730480426,0.6923667065274918,0.1542800862336506,0.5373465983644263,0.6543063824173239,0.119323581025308,0.5207522828653234,0.590687067084667,0.5792706049124356,0.5320474604488807,0.6939344941871137,0.4983894059155546
Postcentral_R,0.7626571156023689,0.5943412250833384,0.6357769078225323,0.7489649063566032,0.5821505061782809,0.39711323192617687,0.6012815222466136,0.3658604770522024,0.6837971008027415,0.3270138099581612,0.7632732307599315,0.36828305353820007,0.1695724949143461,0.6483162160064794,0.9056553913378074,0.20287109304749423,0.8301979278742602,0.4359848507002135,0.5865389235840459,0.43574030020461935,0.8317007579022001,0.5789100718023626,0.18029016872429265,0.4593175610316311,0.6131321488131749,0.5374630378182771,0.7169944725516769,0.6915357357831322,0.40737269020202427,0.6503617531858313,1.0,0.22211573205130694,0.8056316371344813,0.252570698448623,0.6333602142579673,0.8606173726535518,0.6739927986798159,0.3232667255387011,0.3871486522544133,0.35022748726464475,0.3313369301622755,0.6054480948763971,-0.009888357147242682,0.8965598988752862,0.23359638309522843,0.7042281079635322,0.7094715292557126,0.7179510315792537,0.4200393175313765,0.09672949987026876,0.5932796145001072,0.7772375716194379,0.2221542885514381,0.6291255397014323,0.5857792557655449,0.105328839316482,0.735014405837932,0.5617536066732662,0.2683243604525325,0.7798409008759936,0.45691107024497213,0.5703961500912721,0.6613916423073045,0.5468735222125479,0.1780487888522173
