,Temporal_Mid_L,Thal_AV_L,Occipital_Sup_R,Cerebellum_7b_L,Thal_IL_L,Supp_Motor_Area_L,Parietal_Inf_L,OFClat_R,Thal_PuL_R,Thal_VL_R,Parietal_Sup_R,Paracentral_Lobule_L,Supp_Motor_Area_R,Cerebellum_3_R,Red_N_R,SN_pc_R,Thal_PuA_R,Heschl_L,Thal_MDl_R,Vermis_10,Calcarine_L,Olfactory_L,Temporal_Pole_Sup_R,Occipital_Mid_R,SupraMarginal_L,Thal_LGN_R,Thal_PuI_L,Cerebellum_Crus1_L,ACC_sub_L,Occipital_Mid_L,Rectus_R,Frontal_Sup_Medial_L,Frontal_Med_Orb_R,Temporal_Inf_L,Heschl_R,SN_pr_L,N_Acc_L,Thal_PuL_L,Cerebellum_6_L,Thal_MGN_L,Rectus_L,Vermis_4_5,Occipital_Sup_L,Cerebellum_6_R,Temporal_Pole_Mid_L,Putamen_L,SN_pc_L,Lingual_R,Temporal_Mid_R,Putamen_R,Cuneus_R,Cerebellum_Crus2_L,Cingulate_Mid_L,VTA_L,OFCmed_L,Precuneus_L,Frontal_Inf_Oper_R,Thal_PuM_R,Thal_IL_R,SupraMarginal_R,Cingulate_Post_L,Cerebellum_10_L,OFCpost_L,Angular_R,Pallidum_R,Amygdala_R,Insula_L,ACC_sup_L,ParaHippocampal_L,Thal_PuM_L,Frontal_Inf_Orb_2_R,Vermis_7,Thal_LP_R,Temporal_Pole_Sup_L,VTA_R,Thal_Re_L,Thal_VPL_R,Hippocampus_L,Cerebellum_Crus2_R,ACC_pre_R,OFCant_R,Caudate_L,Rolandic_Oper_L,Rolandic_Oper_R,Caudate_R,OFCpost_R,Thal_LGN_L,Parietal_Sup_L,Cerebellum_4_5_R,Cingulate_Mid_R,Vermis_1_2,Thal_AV_R,Cerebellum_10_R,Amygdala_L,Frontal_Sup_2_R,Fusiform_L,Thal_MDm_L,Vermis_3,Thal_MDl_L,Fusiform_R
Temporal_Mid_L,1.0,0.2048499640240412,0.3685735333014595,0.5579346301009299,0.6110977596623253,0.45459424748309735,0.49187585327476213,0.3183170545802295,0.7216749391443461,0.48538770053482705,0.29610256132398977,0.473929955707978,0.42721102411118633,0.22135113508584,0.45872080417608724,0.208632967955071,0.6178314311740897,0.39191121423947456,0.4916034321860036,0.39793891971308193,0.6077686908390716,0.17202805328150964,0.1423931092340542,0.28910715958422983,0.5679735466702063,0.3134205766815705,-0.04162392223916178,0.6783276529038396,0.23164650201703108,0.6119223933702543,-0.020883650178241064,0.3864028055134673,-0.05763202907537738,0.6107498371612584,0.11253700266419639,0.45404390315839593,0.5617759161120064,0.3120170833384609,0.6368774324160498,-0.09153922724494483,0.04000413121239576,0.49705120386761775,0.5709004301720092,0.413493491361755,0.24661536189660482,0.3421586374964604,0.2992263838301024,0.5023954835187867,0.05904357416305306,0.2772754816094201,0.5008877688960846,0.17428706842631642,0.3216157129601072,0.1548335963313609,0.3031787048356669,0.4257021140598669,0.28741791695664826,0.6007959703281475,0.26434189782238554,0.3951669103005295,0.4571157288060942,0.21452102609892204,0.5756764637178466,0.4125863579797254,-0.0723927881251929,0.0075934882444793645,0.3809140730839676,0.47286641357793646,0.19022254528870666,0.2609275004856152,0.11069741166700808,0.3590208500009992,0.5311773189168807,0.6501187289962838,0.5435584422364489,0.2256159933952518,0.30808345931809167,0.44893275490306905,-0.02280485842523822,0.17302694585637646,0.1781342409520169,0.3269236154914062,0.43702437177252246,0.267506001318269,0.13323397585375923,0.20750492371588264,0.32534436260639576,0.2702305855251867,0.4194922552890246,0.4652456753890923,0.29705208252600557,0.26830405388552664,0.3485196556817948,0.15136300375484885,0.34191780140118355,0.574643461576016,0.5624107670274509,0.47965030343969944,-0.0709765146957998,0.19255072416858543
Thal_AV_L,0.2048499640240412,1.0,-0.205604186254098,0.5711874109467867,0.32306422825225506,0.5375705392052206,-0.19804424544434787,0.06203251092896371,-0.017913125382003268,0.3649412706300215,-0.4414455731542027,0.37341893961917805,0.37302303872708015,0.2207012185973531,0.2523462479007681,0.12637383015492365,-0.19956183388226348,0.3117008427563101,0.09527299322045682,0.1412748914574977,-0.046217267450739466,0.4861703864572608,0.1377676706136051,-0.5614822428394546,-0.014673552773511712,-0.21784533771045458,0.583751481654816,0.25775257457976397,-0.10049305461825601,-0.29956562772325745,0.23109279862173598,0.6494334349329322,0.6299337215131965,0.4886953093909163,0.7236476199061118,0.5663672961163525,0.027076495908755962,0.5107629954094359,0.1409740263740231,0.6932217908491144,0.36257422309058507,0.41799595717582144,-0.2588577102749182,0.34037312854713064,0.12278597647864437,0.41628805086935255,0.668069528714658,-0.08523876704795831,-0.13656904787427848,0.5130088871546689,-0.23884522274730885,0.43960629158544007,-0.029081474084632727,0.18107224204259012,-0.0028248072618396887,-0.23436481031888848,0.44665107927964265,0.3658078221651893,0.20531209773477,0.12787040684136758,0.24096186957769936,0.36072433629916273,-0.05163430843967787,-0.24868507288250394,0.6534468510884957,0.5840438685188131,0.37918114493413463,0.5254318462897615,0.6121332393848351,0.6661243593715703,0.4085334707904443,0.06833831737742281,0.5544648920640042,0.40410238475033533,0.3308509339974025,-0.15033807219107473,0.7007721520052674,0.5786021416731957,0.08715227852165543,0.6031069338598611,0.25108333086555545,0.6494580367852287,0.484718883757197,0.22464823618768592,0.6476353897915248,0.691202556716136,-0.13272111776796983,-0.46042358940930256,0.08544459574162064,0.33139899436045817,0.45802989783709736,0.5719391362342074,0.32367402529292755,0.7126607752580779,0.6635008092630741,0.4377301049433559,0.2903799524174138,0.44446805110488286,0.6258893857682342,0.11194198126530443
Occipital_Sup_R,0.3685735333014595,-0.205604186254098,1.0,0.10848577743203795,0.5710594192159796,0.4218502635564053,0.7567192725582546,0.45465131969783,0.6945131498620876,0.32485767027611706,0.6764527387998809,0.5655374719384602,0.6129428888637488,0.3493865328972702,0.3782644559339339,0.411373281209555,0.5625112685224227,0.22964927157297085,-0.1310291243563659,0.5289317809335167,0.8190064308564505,-0.19433982439807557,0.38682610855105865,0.8109557595741584,0.5667148492904018,0.2656803915443159,-0.20032785262739664,0.3688171568719113,0.04125929856703196,0.5587979199402161,-0.22044410548794985,0.15322673762781608,-0.3434615798584265,0.25600152631636536,0.05924019018427597,-0.06393543856185058,0.6003891209701862,0.2399460306370772,0.5325307107249244,-0.1715680094411761,-0.2758155967397076,0.44657025990681315,0.6758293078531388,0.4993312987000383,-0.05267094130580171,0.33832041934283746,-0.08593202087623583,0.739549382160544,0.6988082378721777,0.20533965586006128,0.7692110264651438,0.12243668567330397,0.7486372301781485,0.4490541050277345,0.026307324496334328,0.827677663257119,0.3237787580629916,0.36873659097427497,0.5707736575170965,0.8111215299150022,0.3855226232690071,0.36038413537525527,0.6804346272956199,0.8228941550272528,-0.10224344701280426,-0.06045753236910807,0.13102077585185448,0.4628601884151628,0.0017524411696773978,0.10600350910651045,0.11483985465378999,0.4391018860415164,0.35015003944574236,0.2129510814046977,0.3405424324646511,0.10775435472578347,0.18457704593179194,0.2177951162011277,0.20514276028406328,-0.006313704316283366,-0.24634773714787106,0.1509018217090771,0.32431790266879523,0.2688708796663706,0.1040461045587179,-0.02567285661371196,0.05638708315613958,0.7941957815739044,0.6228445190259164,0.45352942086389547,0.18622927702870312,0.38981270550458585,0.39216073286084546,-0.2959197263692948,0.21508207534459006,0.3668655163475883,0.44870719312441576,0.36862156730802276,-0.3620718270274391,0.5701152238341389
Cerebellum_7b_L,0.5579346301009299,0.5711874109467867,0.10848577743203795,1.0,0.5368775455371673,0.5501418397880267,0.11163234047900242,0.3013874414056371,0.31032841419583157,0.4869878797697246,-0.2896651278571318,0.47869599288137293,0.4878396480023371,0.3518605938220177,0.5376273551277335,0.3376931433672063,0.06689843202002516,0.4909293112943728,0.2036800156393382,0.49004969028183204,0.44163765869170835,0.43849168671054206,0.4235778503520489,-0.17854029929225007,0.26919592165257095,-0.043429913246640375,0.3405046427264939,0.7793507573201307,0.10429183067860974,0.05358016596327158,0.10447178751011188,0.5595960431660489,0.44416216648542023,0.5712962732568406,0.5115816574621536,0.5627560574600095,0.3482841661510762,0.3660806560744888,0.6552429696923072,0.3318202544993523,0.20406501498145557,0.5899253487489461,0.0023675734838443097,0.6955372694479618,0.00016408690104741135,0.436891784658671,0.5148924274559825,0.3709946101108719,0.2041509589409824,0.4257754730901124,0.02340050414695144,0.5328344219803312,0.05738623578432355,0.3614487259432084,0.18432876240886525,-0.017097828320402603,0.4522953952885273,0.41116515478250043,0.1613757601910733,0.3302816000119725,0.2738874447521899,0.39501401746034237,0.30827281620950975,-0.057776299571300364,0.3500122289889515,0.4673962669543661,0.3904310366600616,0.541616617063188,0.45934004875791157,0.5046124055475336,0.4422067637055606,0.5691217677881139,0.6013343955464507,0.6473526543162001,0.612305184736972,-0.10009312081338993,0.6105375926933604,0.47602043479517064,0.15002056002894534,0.4701315853234371,0.2227805680909904,0.5596133624431056,0.44634826191622173,0.3922150855892476,0.5190078670407304,0.7029088508742779,0.017540345750762142,-0.18733419811480004,0.39679471625798357,0.40572723424453155,0.46415645255031257,0.5399798197517203,0.3607261548272693,0.36965403953261233,0.6229777083356162,0.66313743153027,0.38861829956273775,0.5789189755043154,0.34671005472081906,0.3763258273284255
Thal_IL_L,0.6110977596623253,0.32306422825225506,0.5710594192159796,0.5368775455371673,1.0,0.6598336175619576,0.5965545889466332,0.5447327729440126,0.6801002947844427,0.6801297207745928,0.23823202298534463,0.7742429571877455,0.7433725623596085,0.5307872487134829,0.5554255920660397,0.44028988443369516,0.4827654003517246,0.5459739858232217,0.20468618483242962,0.6799862710897727,0.7463831071856999,0.21283976169456362,0.47145553625014985,0.2549575492004949,0.5578937732724772,0.21476609161641932,0.23493975114073437,0.6011874329958969,0.1646111273863033,0.36650260667441126,0.09567475198821872,0.6342996895053707,0.06505212920586788,0.5470579123360106,0.4584262649589594,0.45358458375208205,0.6379517749499959,0.5803247317602962,0.6841027559940238,0.16802547377058194,0.16556955881874513,0.7958195436020918,0.4593249100769241,0.6808027319676127,0.10048147636371343,0.603140831499799,0.28737665627153713,0.6868676336239852,0.4536864921806863,0.6161477947230404,0.5604594096735619,0.30323281808478336,0.5751460379974054,0.4767881319392993,0.2598755065309869,0.5251044088116573,0.510484475071379,0.725827309803837,0.5708295758152401,0.6688687559730383,0.6135398364628035,0.5348633871160979,0.63128008653177,0.4899586427077348,0.3038915919775999,0.28415155191944136,0.4315907529595582,0.7119216499990374,0.39679073989235475,0.5697509165769616,0.344254374519835,0.5343719936953787,0.6724368182145477,0.5548142675174194,0.5495171026721272,0.1766840085039456,0.5932448116789961,0.587947231670642,0.2783523010302987,0.44959089371649363,0.1672821679325609,0.5467458817077572,0.6395023788226795,0.4482110714066251,0.5539824970467819,0.45313764206014506,0.19003906058294667,0.3762922830100829,0.7182777290740243,0.6865420842319282,0.5021606918607779,0.5211878702833784,0.5871531522079361,0.17002159493366126,0.618486906627932,0.6373485378841934,0.738381097156031,0.6535052805700647,0.1250589902611941,0.6116970440414566
Supp_Motor_Area_L,0.45459424748309735,0.5375705392052206,0.4218502635564053,0.5501418397880267,0.6598336175619576,1.0,0.2718125533284314,0.4576874222811069,0.5099977740394995,0.6365501817195186,0.1417709790436989,0.8401017154670046,0.8606287609365079,0.5922962660116213,0.4731328429371464,0.31125037909291764,0.26662134527671594,0.5494664141019608,0.21024717562168171,0.4986635727248105,0.469090817003728,0.4707775263357476,0.25719747927038317,0.013170355764401067,0.3297590168146666,0.21348978839898286,0.5076294455186262,0.36251324714369104,0.13326532760716728,0.10034060868354626,0.2106325594614353,0.76548306629378,0.38730575466265343,0.6940689997049581,0.6500140381365759,0.5881724848064489,0.5017946042794807,0.6656354966339374,0.44797410435662377,0.4989647049712618,0.21870113362118482,0.7664748312494856,0.1456417808228148,0.5402842501519673,0.1254458282374286,0.6559088428311299,0.513195524935827,0.5042009476835114,0.20570269416745424,0.729904953977532,0.30549549344432014,0.39451176215423356,0.5133381249286463,0.34009093318042605,0.16650523945160015,0.40640940689490407,0.7542100290527564,0.5727191106911291,0.5810079463645875,0.6482355231452345,0.4533489083671825,0.6759223556783228,0.42248213107365384,0.27609056969522267,0.5656482465920715,0.46468534337752415,0.5404333121391146,0.8592873805125099,0.7146732120176045,0.6917023367162226,0.5529201763185007,0.22761058919008278,0.6892260783930697,0.41084575665376494,0.486905694955426,0.1347526674383102,0.7353254745140752,0.8099743610637824,0.004639888758718715,0.6442331682130111,0.21128366939028503,0.7510255587156279,0.7034709348952909,0.5850293671979779,0.695775402101808,0.5535893977787124,0.15429931167909786,0.0794809801794507,0.6074298685559567,0.6587053661503531,0.6891929752762899,0.59552571105029,0.7493166395933732,0.5437234556838784,0.8985191139876071,0.7186869307530023,0.6537687559844231,0.7140544453424639,0.3397304498931328,0.5354647952186872
Parietal_Inf_L,0.49187585327476213,-0.19804424544434787,0.7567192725582546,0.11163234047900242,0.5965545889466332,0.2718125533284314,1.0,0.5012255006734215,0.7951024592455336,0.46699576505414125,0.6748070422798875,0.5887660518396746,0.5874723456863046,0.3919114181280403,0.3652378208435809,0.34321074252890177,0.656506893742274,0.30986951016656306,0.12506328271849546,0.5865556023677106,0.7422827615231097,-0.14482573246688327,0.36677102149201485,0.6836412903191216,0.7584878231516865,0.29233384864139356,-0.1447916284497226,0.3406625164513928,0.159193057629408,0.6935408425874431,-0.0892462046219907,0.2511842537622999,-0.34242819053958057,0.23091118662849414,-0.03692873486857978,0.03102412346901578,0.6328734420040558,0.3725660505398466,0.5228881995301347,-0.2530178345581531,-0.09536747267599736,0.5091241933434213,0.776363080870898,0.4380177646011653,-0.006585706180437265,0.2204339214156228,-0.10940014457245838,0.7025748984037689,0.5524937352121866,0.27740479273927676,0.8149945252655395,0.012722260767975562,0.766587524983588,0.3436626046473147,0.16786379794538367,0.8098056763765175,0.1586158238674384,0.4741772122825819,0.4529144187525873,0.732014563702717,0.5971108550302753,0.3429816030130593,0.6211246788718581,0.8280153223836887,-0.15212463889891736,-0.08026232661856464,0.03703964510441618,0.4546465061576899,0.021232097982450793,0.18308158876814304,0.06435227037624976,0.3577598776308244,0.34499713056319037,0.16831762921564966,0.35397517399549544,0.2803907273078512,0.1877978352080688,0.22274069632057994,0.34446643272500727,0.09003976192065265,-0.009965586436710852,0.14672426923385182,0.3678873122916225,0.18874566382950797,0.1622042255728801,-0.022215624333208443,0.21897922634318542,0.8874491092823287,0.6351301065204379,0.6572699163815647,0.22825748199884982,0.24408919589443287,0.4276331376226214,-0.2894082121198835,0.17404488434405377,0.2909235814876865,0.5853255296438545,0.41767135908638064,-0.2567957686578291,0.5222577781575173
OFClat_R,0.3183170545802295,0.06203251092896371,0.45465131969783,0.3013874414056371,0.5447327729440126,0.4576874222811069,0.5012255006734215,1.0,0.5888096251086335,0.6939344941871137,0.3399947001024598,0.6149326383923235,0.5781464871593603,0.5538800949907912,0.6317815382533756,0.2928523390442694,0.44189603923703774,0.33807811727115594,0.3748891579934724,0.5321666567728702,0.5198580041823635,0.0782455427880369,0.2832261071447128,0.32526557472692325,0.3055212673295462,0.26992907723204934,0.2114250020518023,0.3091934355053062,0.4760978397186863,0.2832259019535613,0.34027458200213045,0.3431914355116743,0.03981212026666879,0.390569486695247,0.07631802959860853,0.2911662815095799,0.589356175440007,0.28748946119016977,0.4750405513155412,0.014783946202251331,0.19908946032350405,0.5512022045354655,0.2980894297446718,0.4464900163281936,0.003714268636883369,0.23998774630260472,-0.21004377189082724,0.7144526857330699,0.3737831773260234,0.41745389838449776,0.35890175851561434,0.07504472258440908,0.461959708660989,0.2001656274679872,0.4320719689158553,0.49434573824003747,0.18863249338521032,0.4873803546821943,0.17113458079172988,0.43547371952360053,0.4004436170476808,0.3620607542241996,0.5731820633442123,0.3385427610536032,0.1544568817965588,0.53751739804442,0.09941648398874882,0.4988072371579084,0.24695749683090423,0.3896566716431297,0.42553116074298547,0.31462351608430367,0.3751852390800816,0.2092315066654253,0.3194138994018271,0.3587666861800531,0.4532399538421165,0.41972187512272335,0.16368155358110936,0.3475033243398929,0.32977411446352056,0.39365795433100637,0.18952649718972134,0.24664480430540126,0.3702346158979757,0.2950380824638369,0.3881139366990365,0.4105668266164162,0.5723519292121334,0.48005102556504553,0.3298564382495482,0.34288979002835573,0.49668148870552725,0.13387127223697526,0.3934591264943234,0.4486320681027857,0.6216081812693,0.37265550906812916,0.07187050389812685,0.5841757155177498
Thal_PuL_R,0.7216749391443461,-0.017913125382003268,0.6945131498620876,0.31032841419583157,0.6801002947844427,0.5099977740394995,0.7951024592455336,0.5888096251086335,1.0,0.6521187190687545,0.5689328461842384,0.7029513028886952,0.6744729491086724,0.45483706500081716,0.5534713809793345,0.4112052136317375,0.7488831498403858,0.35203143503703144,0.35026024488327834,0.5309218421482441,0.7845041511944404,0.054686266278791036,0.2889269263469331,0.6147960126299153,0.6946552474418028,0.3808767137247335,0.02812337400570037,0.4740856468292824,0.27537822976685167,0.718335925607476,-0.0023215877069022416,0.3862648966810328,-0.23126139507480203,0.4917528406211918,0.03705258927361291,0.26168878474286594,0.7410482199377226,0.48822757567031955,0.6307959863141068,-0.12544541328163336,-0.031381144468280026,0.5798846688135711,0.7075772590760679,0.5034433113592355,0.15437017546106999,0.2909034453270295,0.04262068958863292,0.7865848998813914,0.3827365587264343,0.37193083064802934,0.7446806178085046,0.13753825944772108,0.7042757294898282,0.28199754689032197,0.2670616138490435,0.7105956051524744,0.3007449384686948,0.6088584814876198,0.47699560516383294,0.6726625723009695,0.5454693521537408,0.3879999856728323,0.7109790915262596,0.6827545876633578,-0.08096884748652265,0.03335108365294572,0.1935570766124567,0.630755515931597,0.19633645556591575,0.36218060910902666,0.20826875601160522,0.3728422213668712,0.5826144573002966,0.38444988504427774,0.5411240795640717,0.32182368667435207,0.3891256667542148,0.4818916517995417,0.10870696003248854,0.22702510458574576,0.08082820593780338,0.33543670332976094,0.43752247673357564,0.26599738998919603,0.24345363307673865,0.097561261580157,0.3278167702231343,0.647342812958128,0.6490104587594813,0.6662688373293024,0.34357954220434206,0.36202588652155226,0.5084738058898316,-0.05653661037773687,0.36963920838660114,0.5180248979810067,0.7289276319076936,0.5825313606714236,-0.1676081627189761,0.5153883576515667
Thal_VL_R,0.48538770053482705,0.3649412706300215,0.32485767027611706,0.4869878797697246,0.6801297207745928,0.6365501817195186,0.46699576505414125,0.6939344941871137,0.6521187190687545,1.0,0.15368214907699287,0.7877361237305133,0.6977131000520791,0.7322276914266933,0.7000200795772501,0.36902487944331275,0.36091682999658814,0.5706950190305926,0.5717558408242743,0.6308161398561071,0.5320474604488807,0.39499483193284324,0.29207849703452615,0.10288048334627145,0.3977164165980248,0.3463261723547113,0.5782459855109345,0.3704613243448738,0.49630014939623723,0.25277949531171934,0.4983894059155546,0.6654207209737235,0.2578318673821311,0.5270948678727444,0.36984835818377043,0.6047572996605355,0.5748022503897795,0.5499671548118814,0.5256723575759275,0.2906183252275569,0.44890096818854786,0.8002062418715472,0.21808824250857853,0.5555155876389336,0.12077825018405969,0.4035631024819347,0.119323581025308,0.6593152814332928,0.3090969382566793,0.6968428722325307,0.35848813588320955,0.15580767324538297,0.44823007234652734,0.18269423111834948,0.5420630247046428,0.44078896525963085,0.3261910819865074,0.6748155816583598,0.2687242877493089,0.5097143450332116,0.5371748654244144,0.5591981763382232,0.4758752682922861,0.26507135790033887,0.39824197933547295,0.49383805070407477,0.32827535518752904,0.6923924896648156,0.5334950106746241,0.7386585405259061,0.5101042989517423,0.3527698211912623,0.6253301711905188,0.3223790746749606,0.4379540609165955,0.43951087765523583,0.7237132616390568,0.7199426773452507,0.2603483386629195,0.6683532176650205,0.5126156715326207,0.6382379573500696,0.5223581777904925,0.4065387126821085,0.6923667065274918,0.5145028184398399,0.5340346488602086,0.21703836620742278,0.6888109811792251,0.7233234259330243,0.6206226968585105,0.3954554401002649,0.6698511350107915,0.37651654281915486,0.6551325164787025,0.6028421816843833,0.8011193013002224,0.6987485194603413,0.4471850248972111,0.6281943720746566
Parietal_Sup_R,0.29610256132398977,-0.4414455731542027,0.6764527387998809,-0.2896651278571318,0.23823202298534463,0.1417709790436989,0.6748070422798875,0.3399947001024598,0.5689328461842384,0.15368214907699287,1.0,0.3080584043762793,0.28491927293596075,0.12028588444150064,0.07018153794038375,-0.07099490400305354,0.6833014442452692,0.03213986246331714,0.19890394995054766,0.15126630124503074,0.39109611676389355,-0.24018687405430655,-0.22163607630840218,0.7276491237877886,0.4117693934400106,0.3472759813316221,-0.2675223432360741,-0.09445851200307731,0.1827227757295115,0.577862402920132,-0.051949427314766795,-0.03320625536077062,-0.4807405285279449,0.16207752361939598,-0.31354922930668616,-0.15423187332848523,0.36149439185326954,0.08480697128637527,0.07650156200281132,-0.35539734510150817,-0.21317646744203664,0.13488400755221416,0.6886638931023454,-0.11255590177767273,0.15795834297780298,0.04171562337665169,-0.3112476568816653,0.4115441948596883,0.13990983598945406,0.10565564388292784,0.7305352278598863,-0.33643114483372644,0.6791292738733449,0.0163846416586592,0.12879155319671293,0.8454619838766535,-0.04922891393007408,0.22075362096714413,0.32902811189192976,0.47722588737131943,0.32477135069906793,0.08627013979793972,0.36540899980946495,0.7586272567374382,-0.25956899834121494,-0.2994519557989799,-0.05373178026442302,0.10963561665659405,-0.11520406433606399,-0.09961111380774339,-0.19996034607972774,-0.15343559908166657,-0.09092836837563589,-0.13512502174718855,0.039969494676252625,0.3229783248784491,-0.18119316445241285,0.08821574957198283,-0.20813963059914578,-0.14539593376600166,-0.01513445954049767,-0.06543204668089576,0.006478445878384108,0.03401470974777628,-0.1885262914487932,-0.40844604026025955,0.3019266946523566,0.841870911971921,0.31833750745068323,0.3533422576881177,-0.01366485389070842,-0.077948573472543,0.23387317913260647,-0.27076510397030956,-0.08996168376984891,0.08305073736714712,0.4099590072513686,0.07091001042276024,-0.42730190184444883,0.1430722429048969
Paracentral_Lobule_L,0.473929955707978,0.37341893961917805,0.5655374719384602,0.47869599288137293,0.7742429571877455,0.8401017154670046,0.5887660518396746,0.6149326383923235,0.7029513028886952,0.7877361237305133,0.3080584043762793,1.0,0.9480958993836903,0.7562625628287534,0.562851892439975,0.41508507913384013,0.4143663214834132,0.5907714176090821,0.28392564094061706,0.7113959902184822,0.6527686966273076,0.4356288434819205,0.3947956596620313,0.1886588025493442,0.5585204212652692,0.28607834265866117,0.47541166146496405,0.4202427210090961,0.25107391416654984,0.28164871288852705,0.30652956444391116,0.7594135598633953,0.2879834715390062,0.640740910439214,0.5345025320327129,0.5539132737368909,0.6154982737135707,0.749721998084395,0.58972955799483,0.3406454421993756,0.29353869868972565,0.8673857683173718,0.3296217529724557,0.6524833455040063,0.056691296111074735,0.5995441524714534,0.341719131622519,0.682756897567283,0.40400926400324116,0.79674974454928,0.5465234167451497,0.3162935893609003,0.7005769079706065,0.42096922599211895,0.331428461685627,0.5843386024751656,0.6387633222676855,0.6723911726624439,0.609142891336558,0.7721949627941416,0.6170041486453911,0.7181539967613498,0.5375781729769585,0.4456653338027463,0.4787707322396727,0.3948193412146126,0.47591339461566357,0.9078082979291625,0.6576941021240644,0.7433952227392088,0.519809253108415,0.36364878754040336,0.7134038536055142,0.3480245162980966,0.5039379790046737,0.25370089497590365,0.7456669230209317,0.8004034016874619,0.21758032114367468,0.7078709091437888,0.3206878890385217,0.6970582710047918,0.7235743722113246,0.5694743612215077,0.7549551505121207,0.5531578461654059,0.2913071135581004,0.3753439542657435,0.7882333194711638,0.8279266605876355,0.7460328710899348,0.5371762187720428,0.7949344027139494,0.36810723765346703,0.8171113048264457,0.7140146845059784,0.8074706992201922,0.8492598054894526,0.302655430578707,0.7203720392378763
Supp_Motor_Area_R,0.42721102411118633,0.37302303872708015,0.6129428888637488,0.4878396480023371,0.7433725623596085,0.8606287609365079,0.5874723456863046,0.5781464871593603,0.6744729491086724,0.6977131000520791,0.28491927293596075,0.9480958993836903,1.0,0.6715366742049014,0.5293874468726014,0.4324126322712396,0.3960726230340885,0.5627325390277844,0.1505142153205689,0.6813478973983029,0.6648473075138883,0.3191071261678075,0.42827806064912005,0.20949860661459777,0.5649757224638926,0.1862966755936175,0.3891006212063307,0.44375184170232307,0.129396700432885,0.28052244356320266,0.14767595716537799,0.731434188632411,0.2228162370053299,0.601987917798567,0.5652157836845955,0.48075256588610815,0.6345593119094386,0.7476973149663627,0.6205709977711589,0.326310195323058,0.1489160291582896,0.8288618999245856,0.318058841090248,0.6706376773502963,0.02039957869895099,0.589480549798666,0.36294763178516265,0.6762249111076075,0.4303186949317835,0.7257011735424347,0.5171463427019525,0.38126388660169713,0.7569003778029392,0.47144335633741913,0.19770865698139325,0.5555502081902518,0.6830159590857945,0.590602444075704,0.6389775256983232,0.83695643778338,0.5848139484236082,0.7031858115110703,0.5321154168689931,0.48043666465760626,0.44390797687739847,0.36087267380542737,0.39509862008339963,0.9040820975387117,0.5939654016514916,0.6824335121900303,0.5119399186439699,0.39876156384098277,0.7215694027368182,0.36309390489678733,0.5069373731742617,0.1692099486101748,0.7215820924197219,0.7130863295399905,0.19814313108753015,0.6019845355011846,0.18139670675546887,0.6869135668953005,0.7195502411960675,0.5573760123089849,0.6972201652051367,0.5071342674810556,0.12969627020655092,0.39090029441021273,0.7590388141654765,0.8037440847651446,0.6644651545150076,0.6120916034989968,0.7609231155975967,0.29067883816237805,0.8201425177540834,0.7023847551995009,0.7171835900353052,0.7797313206457971,0.2143238240385268,0.7220268605143183
Cerebellum_3_R,0.22135113508584,0.2207012185973531,0.3493865328972702,0.3518605938220177,0.5307872487134829,0.5922962660116213,0.3919114181280403,0.5538800949907912,0.45483706500081716,0.7322276914266933,0.12028588444150064,0.7562625628287534,0.6715366742049014,1.0,0.5494305997260172,0.4229064242071905,0.22078509800687887,0.5502802781331074,0.3170151954516739,0.6896766662826721,0.49206918876648903,0.4797183982236498,0.3753468642797941,0.07821529201093746,0.4386943229571523,0.4386457795905829,0.5994410057292235,0.21545811904382453,0.41846580059179894,0.08469749628552167,0.5390195848635642,0.5580151034663516,0.3831523781894755,0.38332084146331036,0.4338715138335573,0.47774354264501967,0.3585069794929522,0.5340360869575262,0.47526872256709474,0.3535677633189424,0.4046740311080422,0.7701887003629051,0.04493468618881452,0.5886660297882318,-0.03169943754312076,0.5909573989866735,0.16237830567903963,0.5806353602120222,0.4547416111463966,0.731931395030712,0.40182251215285564,0.06211870196278525,0.4261074196260258,0.2497731061631495,0.4581493026093291,0.41050783617069014,0.5286544866437809,0.5200133801325182,0.3919133561749738,0.5586036134905864,0.49400473046432986,0.7239110237103991,0.350687689534596,0.19723918754242079,0.5073513976415737,0.42211415873102,0.5351610955348195,0.6234123012998777,0.65765666169631,0.6569482593185993,0.5253143318201581,0.3518291159741975,0.4511322828128746,0.06863749230571027,0.2431845474878494,0.3686252566445175,0.555924500453759,0.7007942110654207,0.20974402795822403,0.6614226472907963,0.4269027201652577,0.5365560615246295,0.6059994537552424,0.6881659416471513,0.7236068993050331,0.5078315605762314,0.39701716397114944,0.19750808454768345,0.7695327971678968,0.6045484843370742,0.8194559201359121,0.2593263780099865,0.701483472338552,0.3344981791132816,0.6449335516570718,0.5843435990487335,0.6356395713175456,0.7578021232893839,0.41426218523018493,0.7335591326427716
Red_N_R,0.45872080417608724,0.2523462479007681,0.3782644559339339,0.5376273551277335,0.5554255920660397,0.4731328429371464,0.3652378208435809,0.6317815382533756,0.5534713809793345,0.7000200795772501,0.07018153794038375,0.562851892439975,0.5293874468726014,0.5494305997260172,1.0,0.290833002184209,0.33898275631998903,0.3044435472237078,0.2563426631406215,0.5128819853166393,0.5464482268513475,0.2451398373453524,0.37065577737612115,0.22312749507396848,0.3066524966700218,0.32990022746639486,0.25354873763454344,0.4823377866701213,0.5902525763951902,0.31266482033627147,0.23901564126302707,0.31454864295703167,0.25717968484222714,0.38079754654876735,0.24584126023450387,0.32670487644860496,0.5490416700450358,0.3398763091380164,0.6116279845669262,0.1469019080587223,-0.013960824829547221,0.5662143347717189,0.2398697240331754,0.619454527334694,-0.04826565661048761,0.46548028397982244,0.09936877228308566,0.715222504100679,0.36461750515273544,0.31858396931227656,0.21629883537598138,0.15751256480791728,0.3084171975999113,0.20507547597729758,0.26720458156739085,0.3179531487231093,0.31085272475487175,0.4327348969794485,0.2753345819753317,0.39620159556240686,0.3499757488980429,0.4140327408737882,0.522815960892648,0.24828908245117717,0.33704101316766255,0.46271741572814024,0.3286327003068086,0.5200014822251794,0.3147173398829306,0.3784081788010024,0.7039102446153823,0.4608822939937844,0.5689681677681351,0.3818275282468372,0.43081777485139405,0.4152984261034057,0.45344914469813186,0.4476945595334998,0.13142110181553562,0.35016494314725244,0.13589801430547258,0.5791682025232309,0.36079787805274266,0.2669820482151727,0.3652925746394241,0.37510513958705954,0.16506249988323496,0.18566312446997546,0.48743785935187134,0.3796577842799221,0.4299359214948135,0.45040438528024285,0.42855182592926455,0.13000980540145074,0.4210950340179167,0.5648126623855546,0.5390399465569882,0.4352746704332983,0.20069250237314884,0.5211744210742772
SN_pc_R,0.208632967955071,0.12637383015492365,0.411373281209555,0.3376931433672063,0.44028988443369516,0.31125037909291764,0.34321074252890177,0.2928523390442694,0.4112052136317375,0.36902487944331275,-0.07099490400305354,0.41508507913384013,0.4324126322712396,0.4229064242071905,0.290833002184209,1.0,-0.0027345685870340856,0.3053239443646927,-0.1215629213446101,0.44113737436552364,0.5572324721211873,0.05657926900055174,0.6613732659994574,0.2532499247895998,0.42537973015058,-0.0758134841874542,0.17795826640771412,0.43631724834425156,-0.1899114470204945,0.18965696631913145,-0.1015061629633885,0.37070479959990893,0.010449777371837107,0.153924006446044,0.24833851358156148,0.13693218399400076,0.3839234559695647,0.25101629001839215,0.504117569610425,0.1654714899260868,0.05904468048308863,0.4039808177073737,0.1319757642163108,0.6247142385693784,-0.05209260430566157,0.19702466747121186,0.06214236092419521,0.4412979273696118,0.6488655864360138,0.2359702458096039,0.30799755806186896,0.4091885794531109,0.21085376605837233,0.5192123057565681,0.11193940210751759,0.18886141672467702,0.37262191157001084,0.24294650119674516,0.17372865307704632,0.4713291323740855,0.17085080648596243,0.3758075034975275,0.49331914455966847,0.19953485380842512,-0.02797087477973387,0.165698441199476,0.13129006349160374,0.4751507829502347,0.14805406032116583,0.4024986829690406,0.11252571723616916,0.586633203594929,0.4679895721840592,0.3544138752766649,0.41966400482584154,-0.26629170178489436,0.46609965197340636,0.30756840428756343,0.45931123720308203,0.2817874427325898,-0.047467746883624394,0.1729209524406307,0.36148707112068584,0.3537453869787656,0.419656179928771,0.3677901072141877,0.07410948135700873,0.15187343431741782,0.4871724952642092,0.3222966570186021,0.27120835794068265,0.4121499631848472,0.27357244316527884,-0.006438776603264074,0.37127800583252685,0.28657853127209915,0.18608631475737905,0.5525306695353039,0.009144102105618118,0.5307873108614962
Thal_PuA_R,0.6178314311740897,-0.19956183388226348,0.5625112685224227,0.06689843202002516,0.4827654003517246,0.26662134527671594,0.656506893742274,0.44189603923703774,0.7488831498403858,0.36091682999658814,0.6833014442452692,0.4143663214834132,0.3960726230340885,0.22078509800687887,0.33898275631998903,-0.0027345685870340856,1.0,0.21053122321529216,0.3367008977071136,0.35311513973487374,0.5630045984733875,-0.14927086369906362,-0.024239874232725455,0.575238608896938,0.48827739979432944,0.4813697465447708,-0.2734652823481196,0.28755275115047396,0.293926824430235,0.6637683717474475,-0.07083832091959374,0.10807085779181078,-0.40752809452517497,0.38391178397875647,-0.12544979936763492,0.09168434742730161,0.5714928587306438,0.26098356778008736,0.41983122031036607,-0.34867297314164813,-0.18550663112803933,0.35228956328026,0.7547613621346597,0.1780090962806047,0.16543307174666624,0.21187700684325755,-0.013669255025168955,0.6147345632351124,0.11100700825036963,0.197491951241435,0.679446810588864,-0.17049131060487616,0.6468504220208043,0.07022774258446114,0.14089975833882065,0.6831299365983097,0.09997159830277563,0.5469558179588916,0.4683104076330713,0.4397918914407568,0.5720132186439584,0.1311615931344171,0.5385149223520332,0.6693632841776482,-0.15977408313057836,-0.1562487042817426,0.09857937649911878,0.26034946296345124,-0.015524885621716344,0.02217514746556761,0.04381470223039055,0.1203185399347733,0.23154322489855042,0.2225436389596034,0.2986584122966932,0.49471046381382716,0.02542766696204079,0.2066826529700609,-0.12214778605597496,-0.09218059538008354,-0.011387661292848185,0.17876454772400008,0.19170563372237184,0.06814197146166086,-0.1123753715523623,-0.20737257532068282,0.24181922729431551,0.6782277128137052,0.4325900409676849,0.44923050426123046,0.14205990133665367,0.14181034370092796,0.29386115696644444,-0.17747737649097875,0.06850428589351257,0.33936323967888793,0.6401811977876286,0.218922012365272,-0.33410508219590784,0.22227334372366583
Heschl_L,0.39191121423947456,0.3117008427563101,0.22964927157297085,0.4909293112943728,0.5459739858232217,0.5494664141019608,0.30986951016656306,0.33807811727115594,0.35203143503703144,0.5706950190305926,0.03213986246331714,0.5907714176090821,0.5627325390277844,0.5502802781331074,0.3044435472237078,0.3053239443646927,0.21053122321529216,1.0,0.3364292604015864,0.6462319428827181,0.4421806931336835,0.4045592490452814,0.33444497866489525,-0.08891334135264364,0.2910528680693664,0.3116658694852295,0.4025223628374889,0.4459193980095233,0.20480974780039873,0.052938180276738064,0.3173254724350133,0.6606246971317551,0.32171857321724495,0.510084278640609,0.5073171135576557,0.5566019073823967,0.32858117384945656,0.4525013350843173,0.4592600219317001,0.18234413019195242,0.4153402630386876,0.6895015156160195,0.04409955328932976,0.443782375952514,-0.009585686083134778,0.5163408011357663,0.30982119719613344,0.4108451995866752,0.2859548835841145,0.6521614719521565,0.2963817679652004,0.13826171654845146,0.27369741871123326,0.2785226876284824,0.46237192968868557,0.27543229671287206,0.4667923703760538,0.5473360052319896,0.2818510729811124,0.44026506063096627,0.4656836593595519,0.5152537916465831,0.3605712933203785,0.12653421773033915,0.37461510965752154,0.2960621644706608,0.503460849160214,0.5496941015437732,0.465682724724534,0.5514996629484096,0.31922442127765116,0.355365795506622,0.4090431993933306,0.3676943247239702,0.2831142008420168,0.1447465521675459,0.5247899551941557,0.5418392347673846,0.22659297536255188,0.5289520057401214,0.419346868726203,0.43846085980796695,0.5552183876417591,0.5940271637230753,0.6033633859043556,0.5691987896567838,0.3624448381618066,0.08190268139154104,0.5563060053761553,0.5411322807751923,0.6017498471024803,0.2310510329384797,0.5758659079342823,0.3568927455046292,0.6231076314465476,0.5242267147956898,0.5154984626110785,0.6314611500370536,0.3456681130213959,0.5237504018748473
Thal_MDl_R,0.4916034321860036,0.09527299322045682,-0.1310291243563659,0.2036800156393382,0.20468618483242962,0.21024717562168171,0.12506328271849546,0.3748891579934724,0.35026024488327834,0.5717558408242743,0.19890394995054766,0.28392564094061706,0.1505142153205689,0.3170151954516739,0.2563426631406215,-0.1215629213446101,0.3367008977071136,0.3364292604015864,1.0,0.19063247754065824,0.07632135119891245,0.3348393909172709,-0.33860615276876,-0.0871372343590889,0.19483797780033502,0.289221173206309,0.323837831144645,0.11772331694589906,0.43964140358729914,0.20440749583865284,0.5208110171893778,0.3318737033226461,0.14960073305243876,0.48774926308949773,-0.07161113645481584,0.5468739509118685,0.23102682816818612,0.15600372614789793,0.1661092018493037,-0.01120799987962657,0.48204245836528486,0.30982541204363806,0.043448385290446305,-0.04077215268422338,0.30793477207807457,-0.030584524212270668,-0.028756520036996688,0.190417635664977,-0.32828847799024574,0.39686313350181995,0.15920160908926978,-0.17366533484977545,0.047177357776917735,-0.30166716519261805,0.6172477469352976,0.19729501356459567,-0.061849661480275944,0.4040436873303371,-0.19374716742059075,-0.030267635249085968,0.2463404022816753,0.09768978025400897,0.0942526876809127,-0.05843612501685861,0.03797509030356096,0.12457674089057968,0.13743836838153312,0.16528372325879978,0.3236104069429254,0.31727668794690284,0.00011694482940054774,-0.09910751462133112,0.1281797142986065,0.11578487596018334,0.15040065127279412,0.3929171619262853,0.2596659664030385,0.45144083445823785,-0.2354811368115226,0.3632833264507991,0.7140791523349501,0.2532104466713908,0.06995862506198956,0.2256501522490472,0.19709320500271887,0.1620051540182478,0.7049541622202415,-0.015345329193800298,0.2632806926730506,0.3622356530209,0.2894115876096091,-0.15453414919593905,0.2897840177632702,0.3721549451054527,0.24367090962206922,0.37756336277891767,0.4727309305713804,0.3106454509867114,0.24237065878418,0.07215348333088789
