,Temporal_Pole_Mid_L,Thal_VL_L,Raphe_M,Thal_PuA_R,Hippocampus_L,Heschl_R,Cerebellum_10_R,VTA_L,Fusiform_L,Thal_PuL_R,Caudate_L,Frontal_Inf_Oper_L,OFClat_R,Lingual_L,Frontal_Inf_Tri_R,Vermis_8,Thal_MDl_R,ACC_pre_R,Cerebellum_6_L,LC_R,Paracentral_Lobule_L,Occipital_Sup_L,Frontal_Inf_Oper_R,Cerebellum_9_L,Frontal_Sup_Medial_L,Rolandic_Oper_L,Thal_VPL_R,Putamen_L,Angular_L,Calcarine_L,Precentral_R,Cerebellum_3_L,Vermis_9,VTA_R,Parietal_Sup_L,Thal_IL_L,LC_L,Insula_R,Cerebellum_4_5_L,SupraMarginal_R,ACC_sub_L,Thal_MDm_L,Red_N_L,Frontal_Mid_2_L,Cerebellum_9_R,Amygdala_R,Temporal_Pole_Sup_L,Cerebellum_8_R,N_Acc_R,Supp_Motor_Area_R,Vermis_1_2,Occipital_Mid_L,ACC_sup_R,Thal_PuM_R,Thal_MDm_R,Cerebellum_Crus2_R,Frontal_Med_Orb_R,Supp_Motor_Area_L,Occipital_Inf_R,OFClat_L,Olfactory_R,Thal_VA_R,Frontal_Inf_Orb_2_R,Postcentral_R,Thal_MGN_L,OFCmed_R,OFCpost_R,Parietal_Inf_R,Vermis_3,Temporal_Sup_L,OFCmed_L,Thal_PuL_L,Thal_LGN_R,Cingulate_Post_R,Thal_VPL_L,Thal_PuA_L,Rolandic_Oper_R,Putamen_R,SN_pr_L,Cerebellum_4_5_R,Insula_L,Angular_R,Lingual_R,Vermis_6,Thal_MDl_L,Cerebellum_6_R,Thal_LGN_L,Cerebellum_Crus1_R,Red_N_R,ACC_pre_L,ACC_sup_L,Thal_VL_R,Calcarine_R,Thal_PuM_L,OFCant_L
Temporal_Pole_Mid_L,1.0,0.27096214771070576,-0.34046820809279194,0.16543307174666624,0.30459053447656814,-0.004811894351783761,0.10908654403644921,-0.06317746378112557,0.09568789873343225,0.15437017546106999,0.047741861040637684,-0.21558900108829837,0.003714268636883369,-0.12020277007791863,-0.18858611644725576,-0.1533873871774647,0.30793477207807457,0.11796348016175966,-0.07945201575391274,0.131654476276199,0.056691296111074735,0.08138146750355119,-0.07279689776557187,-0.16719814702640204,0.24042684716357796,-0.025213703225489603,0.12373374266625739,-0.01688200039990349,0.21276716070499632,-0.09446690441297599,-0.0013635732053061149,0.027165510726542167,-0.3422940307640247,0.1473790134404781,-0.036909702210571604,0.10048147636371343,0.19554070167719625,-0.009742683192973762,0.07968709403952709,0.025438610728255203,0.048272144001414795,0.1506998704341549,0.10647754218538898,0.05841673751883324,-0.15550920396911966,-0.07750261461401654,0.18209021184274432,-0.1262173630977158,0.011952987154212464,0.02039957869895099,0.01130209735708322,0.0697743777115749,0.08946824883002898,0.16873278514640713,0.02240616262121477,-0.2501879787270216,-0.037806884034555,0.1254458282374286,-0.35580458020392697,0.41733252875359733,-0.04228093958531181,0.14139059381431987,-0.19488246267339251,0.09672949987026876,0.1011910500632085,0.08356820236597971,-0.06150715633699093,0.1215491839289198,0.08780359888697292,0.26860923783698115,0.2159054231648646,0.19781496581792143,0.07302980527972351,0.23419104648939207,0.298564389360397,0.08775144222292582,-0.0629779346763338,0.16050287339022687,0.22379868283859536,-0.03235751011650704,0.08756914255224792,0.07445301570550321,-0.12280710656503221,-0.2328826457272714,0.052490599142991916,-0.17053165909461443,0.2918773111987685,-0.36260227185209787,-0.04826565661048761,0.21515379820388433,0.07272168842026552,0.12077825018405969,-0.17887852139860144,0.2335419104887353,0.3001830064339516
Thal_VL_L,0.27096214771070576,1.0,0.12491048492201257,-0.07293674612279781,0.810209615616421,0.6827933530648698,0.5427357796997604,0.08842723760992068,0.5846726517821978,0.11069556040862029,0.7401181436185067,0.3128283904195645,0.22945454295046686,-0.11066350951845416,0.4192095060846845,0.10115008245204488,0.443188924480092,0.812135850061639,0.18545553647177124,0.04006754327990419,0.5795466206801142,-0.28307861241564386,0.4128567433192642,0.26819025727736645,0.8174031758296146,0.5119010637039612,0.7730972656547848,0.4263577372417924,-0.1809552658447394,-0.00993725459231962,0.6648958956435127,0.25834712766712536,0.00438159722942656,0.3149134419683174,-0.3473534142829946,0.4134444686273523,0.08532387820467488,0.3953923557311042,0.6958459395163777,0.22290682821335253,0.14080841104669894,0.5048613367426078,0.5891522820684605,0.6870179999555919,0.23479599607664428,0.5465108499203576,0.31174721996582316,0.16970521063215793,-0.20031818734820936,0.5014291155716049,0.6948353593590494,-0.27971616723588744,0.6094907041622498,0.4709413159107862,0.22585933345107329,-0.025113495384516286,0.6596749012814159,0.6223849449549166,-0.47348468121259984,0.5055347311741935,-0.007998488979959237,0.7149437537605597,0.4023620247916393,0.4076279442905333,0.6839292112895939,0.6217620619942458,0.7246681163414173,0.07745533759963737,0.6426234244743343,0.7007846082403524,0.3767754447814726,0.6504110245611557,0.003817645583771971,0.36103185096911355,0.7506842406927913,0.7096163363549199,0.3866621837428113,0.7864301183327395,0.757901080344278,0.3241723007114828,0.44589344526409685,-0.23077206799663702,0.027087941627560997,-0.011555363561689161,0.761598678429451,0.31349471784477645,0.27793491096465334,0.050418073864100334,0.2807640855455666,0.8214662402886082,0.5963288931018287,0.6068152769572034,0.1484704276528016,0.8595765185930613,0.6680357410562321
Raphe_M,-0.34046820809279194,0.12491048492201257,1.0,0.1352046465516913,0.1784759604349049,0.38139284807777135,0.2963877357952457,0.4825834743145202,0.43175866510447614,0.2707601171045815,0.3132237556669875,0.5234389136203405,0.4117154733855855,0.46651300457096856,0.5247890970748499,0.499339308197693,-0.10708662267206535,0.269359136739744,0.6301009030368929,0.13480640773867375,0.42552699646178804,0.13015397055758868,0.3892860674669135,0.685590799249551,0.3365389247158684,0.35743298832737874,0.3692532228547934,0.41034055726357516,0.0730269896544349,0.5761842260888019,0.500941234902594,0.3983083243303672,0.6594055039066536,0.317965394393556,0.17172985524943893,0.5006052713649117,-0.43851214756099177,0.39307366241936936,0.39379687314356254,0.41335836129136794,-0.002369501467783896,0.30768904525509067,0.40907507733305204,0.3359281528106373,0.6504673888101824,0.3721687340186361,0.38483080547336346,0.5729604187013099,0.13626410054891372,0.45782595468412945,0.31127313562773895,0.05644273873837194,0.4352501224584102,0.345422734099124,0.18914764755751248,0.4727080942127669,0.15796267295304084,0.3065217758531211,0.5057741547726664,-0.22392017504832526,0.23518623260701674,0.22942242379647274,0.33714290152513937,0.3303504341867762,0.09891495370596781,-0.05952985248350344,0.5287086497084212,0.2753420509066846,0.40373265105907763,0.21366443239091498,0.049874121663658906,0.28342327116157795,-0.023193773841329025,0.13933218320202562,0.09885204044548684,0.40456948576066676,0.3467744103052738,0.32547135117628573,0.22153191820261556,0.5121174514167709,0.2044610125390526,0.16385090752771303,0.5332168240006745,0.6166573655453559,0.04236797276540394,0.6778172451703404,-0.10308942552428436,0.7179226721520147,0.398317227010922,0.12408524649906034,0.4335858629862154,0.33088512221863103,0.6507451870113219,0.2642651346888476,-0.10525957396855633
Thal_PuA_R,0.16543307174666624,-0.07293674612279781,0.1352046465516913,1.0,0.2066826529700609,-0.12544979936763492,0.29386115696644444,0.07022774258446114,0.33936323967888793,0.7488831498403858,0.17876454772400008,0.27160981569717363,0.44189603923703774,0.6414468224137019,0.04472015918838223,-0.007988236073878514,0.3367008977071136,-0.09218059538008354,0.41983122031036607,0.5747716678400058,0.4143663214834132,0.7547613621346597,0.09997159830277563,0.15488867869968076,0.10807085779181078,0.19170563372237184,0.02542766696204079,0.21187700684325755,0.7441159262421666,0.5630045984733875,0.1502925751356276,0.5296970036864,-0.07099423447913865,0.2986584122966932,0.6782277128137052,0.4827654003517246,0.04465068320789121,0.26622739364042197,0.23624003691642959,0.4397918914407568,0.293926824430235,0.6401811977876286,0.0273406329699949,0.11236183389960659,0.24453882121130321,-0.1562487042817426,0.2225436389596034,0.2794008731436696,0.5849241444234728,0.3960726230340885,0.14205990133665367,0.6637683717474475,0.28485127594246823,0.5469558179588916,0.5289318159211921,-0.12214778605597496,-0.40752809452517497,0.26662134527671594,0.26772914238687046,0.13303821459845944,0.3944038453713886,-0.15228616129713404,0.04381470223039055,0.5154395379200879,-0.34867297314164813,-0.3827012793097234,-0.20737257532068282,0.6459949456692397,0.218922012365272,0.27629636282847264,0.14089975833882065,0.26098356778008736,0.4813697465447708,0.36234661752577346,0.2405682333509245,-0.04265487048745892,0.06814197146166086,0.197491951241435,0.09168434742730161,0.4325900409676849,0.09857937649911878,0.6693632841776482,0.6147345632351124,0.34837128293297714,-0.33410508219590784,0.1780090962806047,0.24181922729431551,0.10108649451027486,0.33898275631998903,-0.21233114243838105,0.26034946296345124,0.36091682999658814,0.35649026576511506,0.02217514746556761,-0.19222161007325111
Hippocampus_L,0.30459053447656814,0.810209615616421,0.1784759604349049,0.2066826529700609,1.0,0.5968078395560465,0.7498140424751973,0.23415184337463613,0.763784661119446,0.4818916517995417,0.7445775037355068,0.4256510703614014,0.41972187512272335,0.23609851164893866,0.5647501033120564,0.05562281129246832,0.45144083445823785,0.795032403489926,0.3684745953137376,0.17124309485443476,0.8004034016874619,0.000364063539859871,0.6000951688012154,0.3218623524826617,0.8329637995004857,0.6645131152158288,0.7954367891598639,0.5824770434238877,0.08743564235888543,0.3456527467962099,0.7768535907541965,0.588888894364947,0.06317330013574665,0.4400579289454262,-0.030850557643139175,0.587947231670642,0.23278738614585118,0.6278703589044401,0.8343562128479927,0.5225304870584488,0.21060322992399322,0.6843892596034478,0.6457447928492399,0.7832659524832153,0.29376176041999746,0.48539432920027586,0.33485750975343154,0.2460835145387244,0.032770007100638474,0.7130863295399905,0.7942958854940342,0.011939676337937596,0.7893391241214193,0.6118281290842711,0.43461978492683806,-0.03397493953231742,0.5280026266836068,0.8099743610637824,-0.24093339466790864,0.4831965541081331,0.24444662678113122,0.6058829659236222,0.43035973125431953,0.7169944725516769,0.6032897528591646,0.4234149747426453,0.6294289584949864,0.4242095270529687,0.8169110167861032,0.7685463402839766,0.40220228989460166,0.7371827810190834,0.21979416263813237,0.3250577420423975,0.8046098084123441,0.6811314907824229,0.5676702678351211,0.8339172454947591,0.7324734178656924,0.5838372461609623,0.5768599717325281,0.09568115982941562,0.35347485363245706,0.23056283473091707,0.5578260666337952,0.4669618902216776,0.37949630981717164,0.13154885429439953,0.4476945595334998,0.7473299712413167,0.7965076447908828,0.7199426773452507,0.42881378039083784,0.8674166654231303,0.5574948636168636
Heschl_R,-0.004811894351783761,0.6827933530648698,0.38139284807777135,-0.12544979936763492,0.5968078395560465,1.0,0.5648973589433396,0.36650550719577135,0.5428259996928381,0.03705258927361291,0.6701004898132195,0.555957326368989,0.07631802959860853,0.04975033081977112,0.5749413199240929,0.13338845632558907,-0.07161113645481584,0.6212547410927532,0.29998831955935307,-0.00953269625439514,0.5345025320327129,-0.2438166880114989,0.6655231608914973,0.3891898570374041,0.70452246378205,0.6453551468115575,0.6546764786752846,0.6421540735692168,-0.20718697183360643,0.1706936471089449,0.6769886358781476,0.29270437159692125,0.27707858089156506,0.30790835764046615,-0.2596351126394678,0.4584262649589594,-0.08249657614753554,0.5814446306042154,0.6150937778544386,0.40238771889630787,-0.12347068602286268,0.35647065986019133,0.4701193461561058,0.6300901931261137,0.26466782014139334,0.47867609957565177,0.3501452585275459,0.2983855910210336,-0.34843712957877093,0.5652157836845955,0.6031304699985127,-0.3402406480388808,0.5555347093982865,0.3894068932011212,0.2557843657160447,0.16539464047142308,0.5744653387718642,0.6500140381365759,-0.06324665126779362,0.02380377987215634,0.19934762758405325,0.7831348428786724,0.4427310472857071,0.4359848507002135,0.6064963727827652,0.37835681739627286,0.7010870634268088,0.18665598467704292,0.5566028466904146,0.5202171063403442,0.016055143336372552,0.6270691358256,-0.0306439610677916,0.22283786089794086,0.3576305312715894,0.7247934382250502,0.5110312858065872,0.6946242546361355,0.5034465990406128,0.3694660916396679,0.5238559296564719,-0.08174908369032288,0.09546313880202964,0.1892485918024884,0.5316772079818742,0.48522501702640486,-0.19130092585710115,0.31791559179099654,0.24584126023450387,0.6318432215977641,0.607880720923828,0.36984835818377043,0.37416065646238955,0.6762602756508715,0.2179163019053995
Cerebellum_10_R,0.10908654403644921,0.5427357796997604,0.2963877357952457,0.29386115696644444,0.7498140424751973,0.5648973589433396,1.0,0.32736573212276476,0.6127424112421662,0.5084738058898316,0.628011360817225,0.5477647031112205,0.49668148870552725,0.4293322258723509,0.641773438548666,0.16132734243780775,0.2897840177632702,0.6430273160892828,0.4110078348558362,0.39110835441371233,0.7949344027139494,0.13574545242033448,0.6403856565311103,0.28128884542880006,0.6747977762040878,0.6233919706548292,0.6082435675084478,0.6153933786929335,0.1654860159064315,0.44123371357457086,0.7406112884715473,0.5850737516665424,0.07395044559169703,0.3367789154191229,0.22053161872253943,0.5871531522079361,0.09352930262760592,0.7131619837108971,0.772866961299388,0.6341302730514261,0.2852737426833103,0.7013151694776733,0.4599923838947483,0.762369601086474,0.28891093973279625,0.4031504395265461,0.18108236041425932,0.3005657890621368,0.23332238234827343,0.7609231155975967,0.6873890413055901,0.08829433114065037,0.7598611326186411,0.5350586153004847,0.5797385465876713,0.1420413215132759,0.3364399317415444,0.7493166395933732,0.004633228942071868,0.2983175880158476,0.3713007098072261,0.43859731684215786,0.4964163264693294,0.7626571156023689,0.335414205126556,0.1880437249020756,0.45378312138382904,0.5536520554947524,0.6887211109959318,0.6270326015129157,0.31755223664786214,0.6692448312189766,0.374160852469848,0.27451684792945213,0.63415582547524,0.47939001749373295,0.6223201813223214,0.7791873186191624,0.4859869891596575,0.6884829651577096,0.5147404706698182,0.28920838525265263,0.5202051380411629,0.41807381236624763,0.35529315437733117,0.4725018523850555,0.2860519310122124,0.2257785189963812,0.42855182592926455,0.5390264576315658,0.7340317411378865,0.6698511350107915,0.5014528627743492,0.6496931082251174,0.2797907170907048
VTA_L,-0.06317746378112557,0.08842723760992068,0.4825834743145202,0.07022774258446114,0.23415184337463613,0.36650550719577135,0.32736573212276476,1.0,0.33741807756408343,0.28199754689032197,0.21203148434476962,0.44540386960723655,0.2001656274679872,0.37680392395174944,0.37013460197159015,0.31333742990190105,-0.30166716519261805,0.23367362058901178,0.45901397146088413,0.0430884463494497,0.42096922599211895,0.19607384357581137,0.410215857865194,0.4853364473214305,0.3967374187150233,0.32487119997047503,0.3863323140265312,0.3402213333986174,0.2320217833456883,0.5033485932681767,0.45855037460368087,0.3361098209878261,0.4827560433350793,0.49579706203572116,0.23506807218470885,0.4767881319392993,-0.2899681409025117,0.3561908963376424,0.2842671750001277,0.49412654497961217,-0.27928405874429735,0.22265157863718393,0.30454286040264156,0.314855556816355,0.434868040402356,0.16803665156638006,0.3881705143822769,0.4486303217796327,0.004141979478131492,0.47144335633741913,0.28465533002064,0.0860755037340893,0.4631439557291009,0.2768714253838395,0.09645426907085514,0.32221425825069094,0.0596135373980466,0.34009093318042605,0.43739559794859634,-0.3193414103146563,0.17549471627976543,0.2406177982337767,0.15748542551941644,0.37450436649799007,0.15193217548506394,-0.12667275505061343,0.3573862560693228,0.380015543202974,0.4283075330715927,0.20378490691565257,-0.09864248506992597,0.3337419065718129,-0.16530094450447913,0.15416579422683574,0.0289622874584404,0.40761618315551396,0.2616754180086888,0.2731877086986736,0.08011069400170008,0.42839220563145486,0.16614847826305076,0.2480765912330588,0.3679778266408982,0.4560105270776052,-0.06563316363536922,0.5662550128082589,-0.21070031883062296,0.5163620533702452,0.20507547597729758,0.10764776631707175,0.45374650277519707,0.18269423111834948,0.6037171325792137,0.2954049481544952,-0.20640950305963293
Fusiform_L,0.09568789873343225,0.5846726517821978,0.43175866510447614,0.33936323967888793,0.763784661119446,0.5428259996928381,0.6127424112421662,0.33741807756408343,1.0,0.5180248979810067,0.6943166339565177,0.43804353902412313,0.4486320681027857,0.5073859741337214,0.6473096670917804,0.14069859383273814,0.37756336277891767,0.5166406982228215,0.743580483059392,0.24187059174261769,0.7140146845059784,0.0979692116309261,0.5650764577699241,0.5629672380929434,0.6698270091526033,0.5601179423027486,0.6430746066696912,0.5786633452349222,0.18157305557198244,0.5835570142311849,0.6672674372889937,0.7379941675379252,0.37617233216126394,0.5312328142297263,0.07769908464174664,0.6373485378841934,0.019554727075694143,0.5703448042560685,0.7730055695442223,0.5670326928948213,0.1799319470677231,0.6092620810134856,0.6382845533301408,0.6332456079669152,0.4869427093667833,0.354912432271776,0.5008290752815027,0.39478488785423066,0.08796993926616889,0.7023847551995009,0.669345649827251,0.1572251577857655,0.6173750853846827,0.5319755397855371,0.3470043403379393,-0.12493831073929379,0.3615151746815635,0.7186869307530023,0.10761322009534587,0.2159067757494272,0.29275727749502833,0.48018554614151227,0.4069625838499418,0.6350180705583366,0.3160567882183091,0.218510976061499,0.606763164822548,0.519871530585454,0.7044275753710542,0.6685363835756688,0.30398079020072005,0.6152432453693368,0.20867262169666956,0.15490714475129333,0.5835042941141229,0.5411372075060443,0.5733459803867021,0.6642948203622318,0.6003405294945993,0.7045535707778229,0.5095025091041732,0.14245209274696322,0.5561043804489642,0.4725489719000751,0.24992314729128517,0.6640814882154799,0.1631862635093781,0.30148736586659497,0.5648126623855546,0.4878599502640803,0.6895207410327568,0.6028421816843833,0.6128402985666195,0.6025825788067896,0.27935186892738034
Thal_PuL_R,0.15437017546106999,0.11069556040862029,0.2707601171045815,0.7488831498403858,0.4818916517995417,0.03705258927361291,0.5084738058898316,0.28199754689032197,0.5180248979810067,1.0,0.33543670332976094,0.4447619187336249,0.5888096251086335,0.8006780293346983,0.28638683763743694,0.14910911984871947,0.35026024488327834,0.22702510458574576,0.6307959863141068,0.4155348129785492,0.7029513028886952,0.7075772590760679,0.3007449384686948,0.43442471396319887,0.3862648966810328,0.43752247673357564,0.3891256667542148,0.2909034453270295,0.7598002880601649,0.7845041511944404,0.5089071247402046,0.7462679908633763,0.21113381991432326,0.5411240795640717,0.647342812958128,0.6801002947844427,0.034197308654246104,0.411714915141152,0.47342958588172895,0.6726625723009695,0.27537822976685167,0.7289276319076936,0.36891868054607324,0.3631060193682165,0.4892762395148603,0.03335108365294572,0.38444988504427774,0.47819190119192173,0.6298179321531965,0.6744729491086724,0.34357954220434206,0.718335925607476,0.6385142816786104,0.6088584814876198,0.4790744601566455,0.10870696003248854,-0.23126139507480203,0.5099977740394995,0.3857161585834816,0.11273288847516108,0.4136728228499397,-0.05888163650356961,0.20826875601160522,0.7098535379172506,-0.12544541328163336,-0.3080784503942549,0.097561261580157,0.7505614515168643,0.5825313606714236,0.5151612356665674,0.2670616138490435,0.48822757567031955,0.3808767137247335,0.2955770601179276,0.5289647935386793,0.2668931050979076,0.26599738998919603,0.37193083064802934,0.26168878474286594,0.6490104587594813,0.1935570766124567,0.6827545876633578,0.7865848998813914,0.5828390153348207,-0.1676081627189761,0.5034433113592355,0.3278167702231343,0.3655734320102191,0.5534713809793345,0.012801307629824904,0.630755515931597,0.6521187190687545,0.6625395316420345,0.36218060910902666,-0.04533226116173796
Caudate_L,0.047741861040637684,0.7401181436185067,0.3132237556669875,0.17876454772400008,0.7445775037355068,0.6701004898132195,0.628011360817225,0.21203148434476962,0.6943166339565177,0.33543670332976094,1.0,0.47483685184082286,0.39365795433100637,0.22759718455931388,0.5214281818514114,-0.008228832363807552,0.2532104466713908,0.6465065908141319,0.3869451437641147,0.07149700268821549,0.6970582710047918,-0.03836137971537218,0.5671777191488259,0.38695640161065525,0.7112186462691179,0.5652909411279933,0.7339511194317752,0.5806652766250509,0.0038456332834754764,0.2626403934865397,0.7052171260303213,0.4890112594447421,0.17089150621435828,0.4463585582802404,-0.08885894880260693,0.5467458817077572,0.15637325759606974,0.5355348808713892,0.682563330675464,0.4491263476139272,0.20874485168556833,0.5741634565619866,0.5306920813421024,0.6844515276968371,0.34309576178084306,0.5638323468224115,0.36831339364756743,0.3159978560666275,-0.02702983902548195,0.6869135668953005,0.6898446531175239,-0.04767014214464219,0.6632644340229041,0.4746523499403739,0.35942427789940407,-0.018304678678737064,0.5459998659971281,0.7510255587156279,-0.10922523156488254,0.20852579116956863,0.21448767804247854,0.5819222805687602,0.6271678817284685,0.5865389235840459,0.5539069837632735,0.24062374943408787,0.6248885439101043,0.35200146329550175,0.6243183728263059,0.6146440236216237,0.13554517436835828,0.6640420003158685,0.09392679305732834,0.29809945204249955,0.5641093704882908,0.7027571415208794,0.3780024552222459,0.698816774258517,0.5793051247022758,0.448132628707127,0.3982885246603251,0.04301804721170048,0.3661232880097312,0.24161412361833806,0.5226181951777897,0.509962736832643,0.01661659738123245,0.2693458661079687,0.5791682025232309,0.5588355867931855,0.7149010640832473,0.6382379573500696,0.4029347254639379,0.6903602648823368,0.2616256232513371
Frontal_Inf_Oper_L,-0.21558900108829837,0.3128283904195645,0.5234389136203405,0.27160981569717363,0.4256510703614014,0.555957326368989,0.5477647031112205,0.44540386960723655,0.43804353902412313,0.4447619187336249,0.47483685184082286,1.0,0.2984683880187641,0.543103746049727,0.5565412914678892,0.35756817611972286,-0.0824038067376136,0.4320782393058553,0.5597293789141018,0.16995204339896147,0.6824982450704814,0.34958660384751894,0.6157957855285298,0.5576730614148734,0.5256144252818367,0.8206131857343457,0.48406497832944484,0.6160838554962593,0.3165075022639534,0.5913886236721259,0.735051842954571,0.5386463623424711,0.39830937648741943,0.32757057815711527,0.35082893229095735,0.6679897997476838,-0.09755551747856565,0.6268046485652662,0.6569209798211866,0.6301224847404013,0.015392700637814873,0.5627239169594058,0.38214689118655976,0.5980152965614023,0.5858201794488777,0.2807129246128673,0.21902571438805715,0.6654106122508546,0.21247108852988167,0.7193317584641737,0.5401707261587807,0.21939838654067662,0.6621242048084084,0.5906405665133801,0.487173894353225,0.5191477191391755,0.15651179823552303,0.5514537003025858,0.3618932489391806,-0.15761864738434186,0.4581621970743481,0.39323519489095854,0.4190095673861408,0.6357769078225323,0.22138241217504906,0.060082838618259554,0.43347654257323515,0.48690283605149187,0.6014125575126723,0.5560221219852947,0.031201494619437962,0.5459989934670223,0.16330610516845456,0.4925335113448838,0.2916000795614539,0.4485013262567701,0.5412478201215315,0.5561173816674121,0.3632738617545443,0.6687347820641811,0.3990892634670225,0.4324434003449828,0.5391884431011442,0.6298089346769309,0.21428877036274416,0.6937294426985413,-0.04656111282294887,0.5850898551175733,0.394514779960516,0.25553888377628675,0.6394127619931679,0.5021849759756566,0.7090467354741605,0.4642427886059297,-0.061118735511698184
OFClat_R,0.003714268636883369,0.22945454295046686,0.4117154733855855,0.44189603923703774,0.41972187512272335,0.07631802959860853,0.49668148870552725,0.2001656274679872,0.4486320681027857,0.5888096251086335,0.39365795433100637,0.2984683880187641,1.0,0.5109238553234602,0.31324447598427757,0.3227410114922367,0.3748891579934724,0.3475033243398929,0.4750405513155412,0.4045787677089222,0.6149326383923235,0.2980894297446718,0.18863249338521032,0.30048895037444273,0.3431914355116743,0.18952649718972134,0.4532399538421165,0.23998774630260472,0.2821987669686705,0.5198580041823635,0.488739974866303,0.5063738561424854,0.21657100566928886,0.3194138994018271,0.4105668266164162,0.5447327729440126,-0.04071350254768937,0.35672418029288516,0.4355248317439459,0.43547371952360053,0.4760978397186863,0.6216081812693,0.2790802873057735,0.40525750973276997,0.4057590425085105,0.53751739804442,0.2092315066654253,0.28188251131148184,0.5128491457083819,0.5781464871593603,0.3298564382495482,0.2832259019535613,0.5691824586971369,0.4873803546821943,0.376724670970347,0.16368155358110936,0.03981212026666879,0.4576874222811069,0.20276259889828804,0.38778211435502724,0.09487262181081674,-0.04332068502331278,0.42553116074298547,0.5468735222125479,0.014783946202251331,-0.10443066668685705,0.2950380824638369,0.4862883076805988,0.37265550906812916,0.3355213825670752,0.4320719689158553,0.28748946119016977,0.26992907723204934,0.2611723228981092,0.49879441113278833,0.35235295143008233,0.24664480430540126,0.41745389838449776,0.2911662815095799,0.5723519292121334,0.09941648398874882,0.3385427610536032,0.7144526857330699,0.5127294697619732,0.07187050389812685,0.4464900163281936,0.3881139366990365,0.29434358026633417,0.6317815382533756,0.14319661687531057,0.4988072371579084,0.6939344941871137,0.5131460729349769,0.3896566716431297,0.1970945928088296
Lingual_L,-0.12020277007791863,-0.11066350951845416,0.46651300457096856,0.6414468224137019,0.23609851164893866,0.04975033081977112,0.4293322258723509,0.37680392395174944,0.5073859741337214,0.8006780293346983,0.22759718455931388,0.543103746049727,0.5109238553234602,1.0,0.40355767781664564,0.21085658028634088,0.11030737618645414,0.045557499320757505,0.7883350437636552,0.3863473372233751,0.5986455741983653,0.6677791433279954,0.36527972730064995,0.5349046173011935,0.23193200011154155,0.4285095606605532,0.2005675628631643,0.32742740876369875,0.6739014977808847,0.8732849090297276,0.4588327865375778,0.7571239350695846,0.40386862373773097,0.4542522523165086,0.6579351263805157,0.6444659660908947,-0.13471651213873273,0.4360839776622975,0.4496014194907963,0.669092695341133,0.2158361081413986,0.5504008953700483,0.2824126528102166,0.2766228286712885,0.5502437689145038,-0.06966365206457782,0.3580001303843645,0.5918142751827009,0.6309590579371666,0.6331404375434925,0.2739434100923121,0.7035815523630848,0.4873640084398577,0.4297799432657347,0.3845047613264364,0.22134002254622362,-0.3124704881726351,0.4320959088837155,0.6687446486745674,-0.1805549647545672,0.5028570163885074,-0.13531991031598808,0.23682507733833386,0.6291255397014323,-0.3010488093594176,-0.4203743209250167,0.05270874597161177,0.6976824958930447,0.44785894948959504,0.3160958441147678,0.15162042173915496,0.2856931594636948,0.3724090633036095,0.14017355312652607,0.2476586794103465,0.07630391037489584,0.37661821352625235,0.22876380846729297,0.08480266308155267,0.7427437592816033,0.18326170480899628,0.6715879736222384,0.887136322231774,0.8311325160110221,-0.32245898122679323,0.5931423812346264,0.1548617249090214,0.5050010546087917,0.5246112411936406,-0.13840163683920362,0.5000674535107602,0.4794541730480426,0.7642356625634688,0.10367963762142095,-0.27405742945352435
Frontal_Inf_Tri_R,-0.18858611644725576,0.4192095060846845,0.5247890970748499,0.04472015918838223,0.5647501033120564,0.5749413199240929,0.641773438548666,0.37013460197159015,0.6473096670917804,0.28638683763743694,0.5214281818514114,0.5565412914678892,0.31324447598427757,0.40355767781664564,1.0,0.2940141379524749,0.09997509607110053,0.6353413530420258,0.5748234567029261,0.17599379833329126,0.6320143844390509,-0.09958419710841157,0.8123865633855106,0.5598850703118036,0.5395135192238985,0.6638239545768018,0.5092175126934887,0.7131703464200662,-0.1343757471035905,0.4891917466832641,0.7199931055769075,0.6447166661300097,0.506983100278313,0.2832541262401191,-0.010740360003543144,0.48756528587054443,-0.10471997798309401,0.7853069119858567,0.6998933202700812,0.510678508780849,0.2638103938279866,0.4214117139731068,0.6434380625494247,0.6646954743907909,0.49709775531375505,0.3540233229985984,0.3040664835029587,0.42918178192461387,-0.008149163470454695,0.6251124636106109,0.6757104063536084,-0.010096668107195398,0.588338109735134,0.3436219611339157,0.45151157996733127,0.15031066552218503,0.532482863811283,0.6112332395059106,0.20960288293534185,0.026020174083408232,0.5171257571368374,0.48941060676090503,0.6032449747100949,0.5688865137488424,0.31867815200368854,0.27289487678351526,0.5997637831853566,0.3406316767638125,0.6547991816718894,0.4948900793534652,0.2537482216089676,0.4616897803234611,0.32805018453467577,-0.011470762974315346,0.42020019905358075,0.4265062776774094,0.8263588791102143,0.5893415375625928,0.46106737531103376,0.6451697762186331,0.7166862636833935,0.03325769274568083,0.48628263835173025,0.5492679450352321,0.378668466110852,0.6609635526475126,0.07229671922266888,0.48202867221899015,0.4750434673265719,0.5697728878430647,0.6412360325340908,0.4551130008420703,0.561718782947046,0.47738595394667566,0.202075928823161
Vermis_8,-0.1533873871774647,0.10115008245204488,0.499339308197693,-0.007988236073878514,0.05562281129246832,0.13338845632558907,0.16132734243780775,0.31333742990190105,0.14069859383273814,0.14910911984871947,-0.008228832363807552,0.35756817611972286,0.3227410114922367,0.21085658028634088,0.2940141379524749,1.0,0.059372808506514725,0.20401823692776586,0.40542031559381486,0.22299689605918077,0.23997841786517873,-0.012709112614340438,-0.05231470228369332,0.5009205284748859,0.1710304955599297,0.11770976592226795,0.2350876855719339,0.16152453062683095,-0.0014038646041858276,0.4515023218196996,0.27824689630053806,0.09807684193359854,0.45139395955911205,0.0786945485992452,0.20940564769763362,0.3544046809330331,-0.6707175561331831,0.16151834383692495,0.29455727203334353,0.2474701197782798,0.1869521920121009,0.1970116088545926,0.2628869438676045,0.15617210377464233,0.6260405578691703,0.18710578261946495,0.19931748206841937,0.354515140117613,0.3253860976715661,0.19855304807086122,0.2085523777917509,-0.03916059885332606,0.30639348427455637,0.2661380462675438,0.23800303276448526,0.5796301592582428,0.012866667221105462,-0.03498512427908423,0.22812469065463417,0.1003738852225358,-0.03660115220509088,0.04548989978201104,0.07653487972364476,0.12995685180126856,-0.13616968519080933,0.24556118546320646,0.3611906031138381,0.11278807247506975,0.2978566741295833,0.10336383975615926,0.5206792046403415,0.07429816788258133,0.13419572035673716,0.10812083187614537,0.1681229971667249,0.22688925131521118,0.20516381464974176,0.24297550683342817,0.17916616035176666,0.41468355337103935,0.09757163113124966,0.05789009876552633,0.36105258599561885,0.5452973579392364,0.10396702163723934,0.47334378479318023,0.28009464701951664,0.502748068550766,0.2528030450726899,0.10631707397757172,0.13031416276829974,0.3790091798770985,0.4212437793747928,0.2725396933311812,0.2618895978164776
Thal_MDl_R,0.30793477207807457,0.443188924480092,-0.10708662267206535,0.3367008977071136,0.45144083445823785,-0.07161113645481584,0.2897840177632702,-0.30166716519261805,0.37756336277891767,0.35026024488327834,0.2532104466713908,-0.0824038067376136,0.3748891579934724,0.11030737618645414,0.09997509607110053,0.059372808506514725,1.0,0.3632833264507991,0.1661092018493037,0.32954135780064503,0.28392564094061706,0.043448385290446305,-0.061849661480275944,0.04200180115589241,0.3318737033226461,0.06995862506198956,0.2596659664030385,-0.030584524212270668,0.15179684164354576,0.07632135119891245,0.19191393778401997,0.32453654303310703,-0.19625725010159908,0.15040065127279412,-0.015345329193800298,0.20468618483242962,0.11192658563809628,-0.0075198722041250375,0.404647364510377,-0.030267635249085968,0.43964140358729914,0.4727309305713804,0.3872062660804028,0.24028858387094262,0.09833093566415638,0.12457674089057968,0.11578487596018334,-0.012699183999890642,0.3830602582480853,0.1505142153205689,0.2894115876096091,0.20440749583865284,0.19559399402349753,0.4040436873303371,0.2172592870979247,-0.2354811368115226,0.14960073305243876,0.21024717562168171,-0.42832773549715286,0.6840330067583625,-0.09092866918762184,0.042710896516178015,0.00011694482940054774,0.23359638309522843,-0.01120799987962657,0.31165504951970735,0.1620051540182478,0.0648286737899386,0.3106454509867114,0.41714071444459805,0.6172477469352976,0.15600372614789793,0.289221173206309,0.15301117040439288,0.6886917711716461,0.051631647323882535,0.2256501522490472,0.39686313350181995,0.5468739509118685,0.2632806926730506,0.13743836838153312,-0.05843612501685861,0.190417635664977,0.005649790735694142,0.24237065878418,-0.04077215268422338,0.7049541622202415,-0.2346903551306018,0.2563426631406215,0.3083427139526899,0.16528372325879978,0.5717558408242743,-0.035736877264607,0.31727668794690284,0.6077839543012687
ACC_pre_R,0.11796348016175966,0.812135850061639,0.269359136739744,-0.09218059538008354,0.795032403489926,0.6212547410927532,0.6430273160892828,0.23367362058901178,0.5166406982228215,0.22702510458574576,0.6465065908141319,0.4320782393058553,0.3475033243398929,0.045557499320757505,0.6353413530420258,0.20401823692776586,0.3632833264507991,1.0,0.2514405970468229,0.07593746463243248,0.7078709091437888,-0.20732294033798132,0.5802255262337253,0.3622491631227677,0.8152716908487911,0.6113881610137515,0.7921719354560993,0.500531307013071,-0.1533515062761608,0.14304676655642673,0.8028324687469638,0.3984459038791324,0.17115295627495397,0.29152673886667196,-0.16916506176119173,0.44959089371649363,0.08043697968089725,0.5762747536785923,0.7144872870725351,0.3490437017096566,0.2198846233874731,0.5578081554432122,0.6803377915551226,0.7809334972159298,0.3584042227985637,0.548984431322956,0.23543271896344115,0.3209175108105559,-0.05922339257208971,0.6019845355011846,0.7164650428534716,-0.18687056438750832,0.7727529813923582,0.4642237886830007,0.36373596443054196,0.17155835386181442,0.6866105211137453,0.6442331682130111,-0.2758909818866983,0.44039060691186355,0.1726527166737856,0.6412636905266311,0.4974987361235092,0.545814806147399,0.6246871795854676,0.5497368197996084,0.7180682865549939,0.17776036525485622,0.7524579901927203,0.6525619946647337,0.4104102988288894,0.623666065794961,0.07708413804342684,0.31264683622764794,0.7604464507679337,0.684411430428801,0.5542797222037812,0.7721126768460892,0.6961369548243171,0.48110916123695585,0.5438727653768699,-0.11121869349574633,0.1992951859761003,0.18498739949829127,0.7078645419151784,0.4319513360301107,0.33003327931283144,0.23952594859715565,0.35016494314725244,0.8428258699819404,0.7309255445583681,0.6683532176650205,0.32253899137319264,0.8525808959628565,0.6043275827304209
Cerebellum_6_L,-0.07945201575391274,0.18545553647177124,0.6301009030368929,0.41983122031036607,0.3684745953137376,0.29998831955935307,0.4110078348558362,0.45901397146088413,0.743580483059392,0.6307959863141068,0.3869451437641147,0.5597293789141018,0.4750405513155412,0.7883350437636552,0.5748234567029261,0.40542031559381486,0.1661092018493037,0.2514405970468229,1.0,0.252821918050871,0.58972955799483,0.35945322214534176,0.43681713342128975,0.821406222556794,0.4062044577022609,0.5047453651179254,0.4319084898648667,0.4274443772565417,0.4121861897542589,0.8139683081266759,0.5716834754512692,0.7430337029226172,0.6832261530553141,0.5668357139701132,0.314285367091812,0.6841027559940238,-0.27396830620339646,0.44742024644517076,0.5511413517443268,0.5798071364670564,0.16716589864991752,0.4838803344967374,0.5794599154383729,0.36508066072579204,0.7806234461701627,0.13417653278980513,0.6092292360962639,0.7320080492944437,0.36183511373381616,0.6205709977711589,0.40823012893938254,0.4502237726364931,0.5252462937844604,0.44478009783660377,0.24768721521284767,0.23585018324220502,-0.003512879734362191,0.44797410435662377,0.5787097932318785,-0.13044678242956576,0.41501328051688635,0.11761149758892088,0.3369446644233836,0.5078734505288035,-0.058846254502356615,-0.12161510246344522,0.41354923548358474,0.5186877691488929,0.5900429782055926,0.4760133294626411,0.2537337619498229,0.3569750456226385,0.20384966464339546,0.13595652285380144,0.3362339386696466,0.34516525012862304,0.46769579216542406,0.3365363085001693,0.3355211302942807,0.7465747035890584,0.34030151924531143,0.34679212232714135,0.7504643451316491,0.8060049260970008,-0.08095233763383052,0.8358050421714508,0.11754414094467493,0.6318372924941724,0.6116279845669262,0.1155333322991429,0.5659527271479206,0.5256723575759275,0.7858886195081071,0.3144933231015874,-0.05436802407944341
LC_R,0.131654476276199,0.04006754327990419,0.13480640773867375,0.5747716678400058,0.17124309485443476,-0.00953269625439514,0.39110835441371233,0.0430884463494497,0.24187059174261769,0.4155348129785492,0.07149700268821549,0.16995204339896147,0.4045787677089222,0.3863473372233751,0.17599379833329126,0.22299689605918077,0.32954135780064503,0.07593746463243248,0.252821918050871,1.0,0.33998360750347284,0.36314801931998175,0.1499285607883695,-0.022849423168364517,0.14107101085964668,0.1196579272844658,-0.02321525605322414,0.21910340830198707,0.33871647518656606,0.36228798008062046,0.15288674602711494,0.31859811596051,-0.20465072853022737,0.007523222641428399,0.45909150849822766,0.35957580727854194,-0.10076670961546794,0.3177172420648885,0.26738809706272054,0.3003743242404736,0.3581273179425686,0.45051422258387797,0.029251735523134165,0.2305305192946479,0.053903855637966465,-0.09099210406951319,0.15010662901367722,0.08473391317154029,0.5067588105441917,0.31316761516726865,0.17748228970346971,0.2541686634433408,0.2691510903832763,0.3330360334903266,0.5222410374659306,-0.060748280372108124,-0.22365057465560653,0.23582078965211745,0.06813072186137796,0.351513677120507,0.32388887804811817,-0.023673240656916325,0.08856229341421161,0.3871486522544133,-0.2868209735817092,-0.08808318722960923,-0.1383443500795396,0.4571501241475858,0.1497631680605375,0.210719771590369,0.340777596384694,0.24593423838564774,0.5305744928473324,0.2828262916595224,0.2682478678905982,-0.070413956302204,0.22547854299342873,0.3138065675606698,0.12927917169220027,0.4587093598791961,0.22675920525123075,0.36787130192411266,0.4202673640858345,0.23735393381650471,-0.2666090216667626,0.02196797343499437,0.3755828587674493,-0.0525791103338392,0.14263200415383573,-0.0014138428665430624,0.20413855644247578,0.3000248553425031,0.15804372244023726,0.07372896015015325,0.03467185611862972
