,Calcarine_L,Thal_PuA_L,Thal_PuM_L,Precuneus_R,Cerebellum_Crus1_L,Parietal_Sup_R,Frontal_Inf_Orb_2_R,SN_pr_L,Vermis_10,Cerebellum_4_5_L,Rectus_L,Cerebellum_Crus2_R,Frontal_Mid_2_R,Fusiform_L,Parietal_Inf_L,Frontal_Inf_Oper_R,Postcentral_R,Insula_L,Heschl_R,Thal_MDl_L,Thal_MDl_R,Cerebellum_10_L,Vermis_3,Cerebellum_6_L,ACC_sup_L,OFCpost_L,Caudate_R,Vermis_7,Thal_VL_R,Temporal_Pole_Sup_R,ACC_pre_R,Cerebellum_3_R,Frontal_Sup_2_R,Thal_VA_R,Cuneus_L,Paracentral_Lobule_R,Cerebellum_Crus2_L,N_Acc_R,Rolandic_Oper_L,Occipital_Sup_R,Temporal_Sup_L,Cerebellum_6_R,Thal_PuL_R,Thal_Re_L,Occipital_Mid_R,Frontal_Mid_2_L,Thal_LGN_L,Thal_VPL_L,Vermis_8,Olfactory_R,Frontal_Inf_Oper_L,Thal_IL_R,Thal_PuI_R,SN_pc_R,Hippocampus_L,Rolandic_Oper_R,Thal_PuI_L,Cerebellum_3_L,Cingulate_Post_R,Supp_Motor_Area_L,Precentral_L,ACC_pre_L,Thal_LP_L,Thal_MDm_R,Insula_R,Frontal_Inf_Tri_L,Red_N_L,OFCmed_R,Olfactory_L,Cingulate_Mid_R,OFClat_L,Red_N_R,Angular_R,Lingual_R,Cerebellum_7b_R,Cerebellum_9_L,Temporal_Pole_Mid_R,Vermis_4_5,Occipital_Inf_L,Putamen_R,ACC_sub_L,Paracentral_Lobule_L,Parietal_Inf_R,Temporal_Inf_L,Frontal_Sup_Medial_R,Cingulate_Post_L,Thal_VL_L,Frontal_Sup_2_L,Cerebellum_4_5_R,Angular_L,Calcarine_R,Thal_MDm_L,Temporal_Mid_R,SN_pr_R,OFCmed_L,Thal_LGN_R,Cuneus_R,SupraMarginal_R,Putamen_L,Precuneus_L,Temporal_Inf_R,Fusiform_R,ParaHippocampal_L,ACC_sub_R,Cerebellum_8_R,Frontal_Sup_Medial_L,Caudate_L,Temporal_Pole_Sup_L,OFCant_R,ParaHippocampal_R
Calcarine_L,1.0,0.2723727444608473,0.2629562555161951,0.5971409279780932,0.7035831929052728,0.39109611676389355,0.22035339242567376,0.2014581098528227,0.7460479336541734,0.5388657513835925,-0.08115080131938823,0.3286918082731493,0.4360124512720636,0.5835570142311849,0.7422827615231097,0.39882748991790756,0.6613916423073045,0.2976418303202499,0.1706936471089449,-0.21751424395981958,0.07632135119891245,0.4282542852457665,0.5678230837221695,0.8139683081266759,0.5662915123827591,0.7505527260739067,0.27768348453273045,0.736142696552681,0.5320474604488807,0.5642825582118408,0.14304676655642673,0.49206918876648903,0.3583486704753463,0.021965428525234358,0.731668939769309,0.4580177174490969,0.24192819076075836,0.5231277629382718,0.48934190731352506,0.8190064308564505,0.3715909909541691,0.7261008950831567,0.7845041511944404,0.13948507514540023,0.6080231591646696,0.33904342372510266,0.17532186957398746,0.268380998483992,0.4515023218196996,0.4353236712322765,0.5913886236721259,0.5087158929478531,0.5196195916002423,0.5572324721211873,0.3456527467962099,0.4325023854195738,-0.08259809766253354,0.7280788440838656,0.17365654904874553,0.469090817003728,0.6111317050162317,-0.021803578675045985,0.43654049808388723,0.41998924624908274,0.48986074033843047,0.2636252063742221,0.4206074433266697,-0.2610713862193643,-0.02435641402183538,0.542180896125193,-0.1379218358821034,0.5464482268513475,0.6363628015016766,0.8534764121401925,0.40887614030036845,0.6902465627826563,0.42273984171436907,0.6675402503602526,0.6586215067468955,0.3227923599586427,0.14277472995562748,0.6527686966273076,0.7267546539946969,0.39833244888837377,0.43638112452961664,0.4709820416879709,-0.00993725459231962,0.402454195916229,0.7600087427194859,0.5807987789201557,0.8882554776190849,0.5649154725770256,0.7247844753745223,0.14239988314867885,0.20993292327920143,0.33331583237958473,0.7237847945463297,0.7488964251211571,0.4283922986896419,0.6820905165381324,0.48602784483280387,0.7014336143536878,0.12350436504980285,-0.1167392288416721,0.6284409406281376,0.31874446853448196,0.2626403934865397,0.4605013030547665,-0.03485827220428854,0.530390079212309
Thal_PuA_L,0.2723727444608473,1.0,0.8307280944234582,0.16280497047225292,0.3929774025681795,-0.24733472844589996,0.48681159192102846,0.5939315094646376,0.3876098391132471,0.566414304591467,0.3752931051623636,0.26297947308077224,0.6439372015158902,0.5411372075060443,0.09343711492036569,0.49113053336527424,0.45691107024497213,0.32032987744988345,0.7247934382250502,0.5396289359074017,0.051631647323882535,0.4715521564305754,0.6315998836452383,0.34516525012862304,0.7173980629702679,0.22511847626501205,0.780094323758189,0.29723224527026937,0.590687067084667,0.3842737553051134,0.684411430428801,0.4392377008791372,0.7493890307628452,0.5855459122011221,0.08749019135541736,0.448059384693643,0.46918496707382956,-0.13497046263863804,0.5175895215624361,0.1490134490061745,0.5337652242309899,0.5768764465680778,0.2668931050979076,-0.08763977020444495,-0.2467557823714718,0.573393522258798,-0.030989164107440917,0.4845609855629282,0.22688925131521118,0.06413130418733472,0.4485013262567701,0.32122882789921053,0.08449650355123825,0.43200363136384395,0.6811314907824229,0.2800895737216104,0.622853368214588,0.32177962810547095,0.3092961033276271,0.6483628243182041,0.24676947699727664,0.5779634860704366,0.7117372373622931,0.13754568645048781,0.41568384674347103,0.31895068811541616,0.549219715128518,0.2655192987879882,0.4129659631314526,0.5090653848994322,0.14752846545350706,0.47387272934604496,-0.022437471232403763,0.25002584986902987,0.21888606262493726,0.5032054661856736,-0.07442259635376318,0.5779905651309929,-0.06913639664953415,0.602345957452384,-0.033904281429059144,0.6090931197442575,0.25134727871764256,0.5339492474247846,0.6794706869579802,0.32931722511544376,0.7096163363549199,0.6712227728613248,0.3418725963149625,-0.05929726953874115,0.4766644170382339,0.4261589817461282,0.23549509413536376,0.5976846907334777,0.12607795372811179,-0.1340534998211128,0.044071479268558304,0.4183511849503324,0.47049188469538167,0.05102630862205775,0.30452932245163966,0.4253785918277579,0.6326725395580061,0.47887271647560153,0.35843041839694895,0.7315749333613045,0.7027571415208794,0.49303827599782274,0.23092308019302854,0.32003704762337465
Thal_PuM_L,0.2629562555161951,0.8307280944234582,1.0,0.25138990540560047,0.2410205584171601,-0.09961111380774339,0.3746942856689807,0.6996552656175982,0.460582745920186,0.7607962366563223,0.6221883115270702,0.16707763292316555,0.7873086840014853,0.6025825788067896,0.18308158876814304,0.46688853968441096,0.5967905293893562,0.41189952383813144,0.6762602756508715,0.6589686243544246,0.31727668794690284,0.6102750756894291,0.8089194942467636,0.3144933231015874,0.7616879217921361,0.1617654519790656,0.9156975535669383,0.16718698340172278,0.7386585405259061,0.2586242189037089,0.8525808959628565,0.6569482593185993,0.841886690746893,0.6372147654947166,0.09445508806479452,0.5856545020479751,0.28575588998801515,-0.015465748289332363,0.5986692377596298,0.10600350910651045,0.6914516705538896,0.48118538255961274,0.36218060910902666,0.07935401705732219,-0.2843537392429433,0.7326750832338789,0.2977328973999389,0.7994588316803878,0.2725396933311812,0.0698475351589939,0.4642427886059297,0.3035594513277957,0.16840208697756975,0.4024986829690406,0.8674166654231303,0.4380577527108326,0.8151697438504396,0.4150891769051759,0.3586001399826884,0.6917023367162226,0.3782070104789217,0.7416430568472847,0.8171074030830295,0.3283916656806532,0.4957824656693864,0.455638529276985,0.6140597024152495,0.4972590777516571,0.5309422997206262,0.6894920727837096,0.4147968437336967,0.3784081788010024,-0.008093138473685453,0.24802857393584002,0.00045069447876009306,0.40029169952185756,0.005534363514027475,0.7037138563326824,-0.13516232522112426,0.8238585576134507,0.08453557356547801,0.7433952227392088,0.3165625341276588,0.6011151590276963,0.7707155874397423,0.4170220593263054,0.8595765185930613,0.7991084653515944,0.5171188852418785,-0.006181071393301048,0.42242369820730985,0.6106812712633165,0.14979447949076424,0.6155333392526837,0.4034516969194548,0.016067241275180277,0.1906295277764789,0.49499008440793113,0.46353741916533237,0.14953496024672536,0.2758972464533119,0.5105591717530918,0.7783815093808719,0.5530682612301291,0.2855702567826315,0.8675125230469144,0.6903602648823368,0.32985074182959945,0.5549578485077606,0.4661258949781631
Precuneus_R,0.5971409279780932,0.16280497047225292,0.25138990540560047,1.0,0.1686613362200782,0.702106917417418,0.15561878078389133,0.23044162080008757,0.48141998274581926,0.5240073345818494,-0.01803796049176692,0.10945362302871124,0.3359011669268632,0.3840745655251503,0.7408120166487406,0.3532913427012813,0.7747307461600762,0.26470110713006517,0.15568728808705942,-0.08537647038813362,0.1925480278682213,0.4333480140120527,0.3972880958907697,0.3339246315405682,0.4809673734106575,0.475951370200723,0.2622659332473687,0.12639595642319354,0.46302328476163024,0.11700654110364805,0.2011494101742209,0.4613930222644093,0.3481464567389321,0.1377247710658845,0.8038732781204844,0.7626167805940235,-0.04221760791562979,0.4622343702254824,0.4828472274458571,0.7045153514618234,0.4550927216406848,0.308351541536034,0.6346290278742986,0.3176030854724181,0.5393622407075238,0.4489478158359976,0.2569474792635695,0.29101472864219136,0.07910625105825111,0.3811600186130437,0.5619484335978808,0.5874148576276692,0.5681129882084949,0.11597976805935072,0.42933589233305086,0.3754581155259125,0.017896553615038883,0.5497962565861712,0.586483565160803,0.5167926955947284,0.6264972727660825,0.04854436501887902,0.4087338465140744,0.6059508002583162,0.48915712125697025,0.27895440232389573,0.11387381241963453,-0.19089664342498103,0.0382818939237899,0.7020977989811424,0.16628197987898508,0.3174342234766535,0.7863617284447562,0.6027088444640845,0.05764655656081764,0.15499270193326878,0.11667583450600727,0.5983557079439926,0.28564940648340587,0.45669287350647825,0.17799932417757297,0.6368746827794443,0.7908039574781802,0.38471025611362214,0.44384999868056835,0.7459629643086706,0.1291574937216659,0.5093386657225891,0.600795649283755,0.6251986629082594,0.5275367660086223,0.6819398918244627,0.3593540768094127,0.05890064068630214,0.10445647002084629,0.3730789651789817,0.7424590005195207,0.7025390476009273,0.4419106849623914,0.864310735882718,0.05311184126165395,0.41562208179797,0.25628645699486097,-0.03939279412747091,0.32379908082304726,0.3675509855141298,0.3039925261467689,0.0960163142195116,0.045517995304480675,0.5398536714000964
Cerebellum_Crus1_L,0.7035831929052728,0.3929774025681795,0.2410205584171601,0.1686613362200782,1.0,-0.09445851200307731,0.23172106564430897,0.35715004344291673,0.6233746845997181,0.3763415068874794,-0.012785876269019204,0.31281990670688,0.3723683697860494,0.5606960991115133,0.3406625164513928,0.36945253358695257,0.33602465847212754,0.294912139165619,0.2718148532972956,-0.07903281034542875,0.11772331694589906,0.1747568394307521,0.4910259674065544,0.8254667555281187,0.476601766511443,0.5815459958109161,0.25091922931374727,0.8124265961913064,0.3704613243448738,0.55661889475609,0.1942994031061776,0.21545811904382453,0.37255430411202367,0.13061216157821298,0.27663573993970597,0.1583293391105309,0.4816955438080079,0.1800573435472037,0.4019448222495456,0.3688171568719113,0.34816817740027484,0.7346230159450235,0.4740856468292824,-0.10489770868691715,0.13506902684509414,0.17491159506404358,-0.004344522802496732,0.18043949787466543,0.41834367089443614,0.30787456402323193,0.4307063502052343,0.21911972318674255,0.2061658411703524,0.43631724834425156,0.23096844445237472,0.3213626525015948,-0.11269740874387835,0.5601799839470224,0.08694820666487882,0.36251324714369104,0.2510475382783795,0.11406400787247271,0.3188727459738497,0.037852214135408936,0.26801239088758877,0.20100976234338783,0.6117694726847845,-0.07685446648666423,0.14171413290455523,0.3080057055224397,-0.21326900130684043,0.4823377866701213,0.19724772549075614,0.5494011136426237,0.47815698224087416,0.9255775378635004,0.3283411983280337,0.532288198733324,0.6938946408835532,0.19480061477704827,0.01958040615429389,0.4202427210090961,0.3214056126392449,0.47624137543008727,0.33964152100957534,0.2686068058824428,0.1552150195798195,0.3065414275775547,0.44785593915542554,0.3076304937937109,0.6404303044600107,0.3195986977033258,0.3867904456368537,0.3332126030641914,0.19042908388903815,0.021829351699525056,0.3128497043137089,0.4004995824343002,0.35478673013213646,0.1542204547455602,0.3281752883149733,0.3744334833441973,0.1060943105890675,0.054445860355563404,0.7512375497497232,0.3475191085103479,0.304757532946577,0.7631872767481871,0.0393134897320464,0.21486189379757756
Parietal_Sup_R,0.39109611676389355,-0.24733472844589996,-0.09961111380774339,0.702106917417418,-0.09445851200307731,1.0,-0.19996034607972774,-0.15423187332848523,0.15126630124503074,0.07339386860499897,-0.21317646744203664,-0.20813963059914578,-0.06095562639315884,0.08305073736714712,0.6748070422798875,-0.04922891393007408,0.538608693710471,-0.05373178026442302,-0.31354922930668616,-0.42730190184444883,0.19890394995054766,0.08627013979793972,0.07091001042276024,0.07650156200281132,0.10963561665659405,0.36540899980946495,-0.1885262914487932,-0.15343559908166657,0.15368214907699287,-0.22163607630840218,-0.14539593376600166,0.12028588444150064,-0.08996168376984891,-0.29261443799026715,0.7736921952700619,0.4606840724949375,-0.33643114483372644,0.5445183598032188,0.006478445878384108,0.6764527387998809,0.06804312029478422,-0.11255590177767273,0.5689328461842384,0.3229783248784491,0.7276491237877886,0.10611715868267102,0.3019266946523566,0.11694023286121459,-0.11471027733552412,0.21442955728285334,0.07297468564831183,0.32902811189192976,0.3996677627862723,-0.07099490400305354,0.08821574957198283,0.03401470974777628,-0.2675223432360741,0.3732802480944204,0.19273397674479006,0.1417709790436989,0.3588983978576594,-0.2946219607077091,0.09965585327784848,0.45003546881816625,0.15075934543967945,-0.06178276461336766,-0.19538259590807547,-0.33517107968858567,-0.24018687405430655,0.3533422576881177,0.18361105487274074,0.07018153794038375,0.7586272567374382,0.4115441948596883,-0.17028803411758087,-0.17509209192679503,0.12336860220649132,0.13488400755221416,0.28780996326769503,0.10565564388292784,0.1827227757295115,0.3080584043762793,0.7138287602542676,0.16207752361939598,0.044137305858767406,0.32477135069906793,-0.24650870504424718,0.08429279554201377,0.31833750745068323,0.6788431464378448,0.21924543184710585,0.4099590072513686,0.13990983598945406,-0.30896749792441314,0.12879155319671293,0.3472759813316221,0.7305352278598863,0.47722588737131943,0.04171562337665169,0.8454619838766535,-0.19589266464718466,0.1430722429048969,-0.11520406433606399,-0.4041858118950925,0.013084574872694179,-0.03320625536077062,-0.06543204668089576,-0.13512502174718855,-0.01513445954049767,0.22025242049187835
Frontal_Inf_Orb_2_R,0.22035339242567376,0.48681159192102846,0.3746942856689807,0.15561878078389133,0.23172106564430897,-0.19996034607972774,1.0,0.3409906214616023,0.4049307518449461,0.4576171070453602,0.06589626182694559,0.17984589902289402,0.5123061437718689,0.4069625838499418,0.06435227037624976,0.5570366085299809,0.3573903273283472,0.47941286955106405,0.4427310472857071,0.42720166279403765,0.00011694482940054774,0.5074617936694054,0.36236548379123934,0.3369446644233836,0.5532068361727966,0.2830047593794776,0.5061050688785202,0.26092439441028187,0.5101042989517423,0.3596820732217803,0.4974987361235092,0.5253143318201581,0.5258307608401024,0.36566823648312285,0.003376201182000511,0.4451792661224701,0.27946948532380994,0.021244631023681376,0.4714451162066993,0.11483985465378999,0.39285075406368425,0.508587300963359,0.20826875601160522,0.37277998311139815,-0.114805283158237,0.5208956220486809,-0.011146208487378153,0.3252836859109908,0.07653487972364476,0.42558656914135484,0.4190095673861408,0.36108065544410906,0.2514960252608789,0.11252571723616916,0.43035973125431953,0.3483534314501222,0.40750099880073737,0.3532195886995473,0.15878083419982006,0.5529201763185007,0.2762872907470679,0.457673092530505,0.4708028840265005,0.3924355947828898,0.6210570160633784,0.6034321264866589,0.3951620201272644,0.07475185365565759,0.4959735628849463,0.26137560253112296,0.08479099919526668,0.7039102446153823,-0.0039199045307479865,0.45427018612434306,0.3231181123807878,0.30827368051364606,-0.16501307609629964,0.5022197117269858,0.04947839019474271,0.371203750738133,0.5462990953298251,0.519809253108415,0.1547938508399894,0.23997744280630617,0.4392063466285991,0.28063820764615505,0.4023620247916393,0.5771366244723845,0.3303643041626294,-0.19807890211752552,0.319162587692939,0.38675364522085,0.2356397580937229,0.49979313868332087,0.05321142538594253,0.3335745782703929,-0.1384728350629545,0.2356600509283967,0.5973397722577634,0.04779086381682999,0.23500886604095014,0.4632873638100167,0.5131200120667845,0.6479240590631579,0.2413896064864004,0.3422936571944201,0.6271678817284685,0.18323430339154909,0.029393714937445786,0.5525135096507067
SN_pr_L,0.2014581098528227,0.5939315094646376,0.6996552656175982,0.23044162080008757,0.35715004344291673,-0.15423187332848523,0.3409906214616023,1.0,0.3776670001029944,0.6868220513527626,0.5953653522817998,0.03931525150087088,0.6528064563318213,0.6003405294945993,0.03102412346901578,0.4302722216193371,0.43626685296649653,0.47868598360921116,0.5034465990406128,0.5682686414875081,0.5468739509118685,0.45360495387823546,0.6329172527473051,0.3355211302942807,0.5659863061114285,0.13660067680307356,0.6720462692539437,0.1629556250125781,0.6047572996605355,0.0954615678905561,0.6961369548243171,0.47774354264501967,0.6741822696413579,0.49908651185608194,0.005987340552675629,0.46865917102067517,0.2863071922452827,0.03447004239564046,0.5347563317403797,-0.06393543856185058,0.6488261508744598,0.3633202784138152,0.26168878474286594,0.13414825806821684,-0.3325789790519634,0.5786014685638844,0.3900080128064242,0.6799800439331857,0.17916616035176666,0.09925855084081274,0.3632738617545443,0.11946756191671813,0.12233338097977389,0.13693218399400076,0.7324734178656924,0.48827403267237485,0.6141459649653302,0.3782652154931692,0.30711826285001165,0.5881724848064489,0.19758613675936207,0.6755883528913754,0.5760526114911949,0.20929014640507784,0.35865878017870767,0.4390789275029108,0.6668286728803247,0.4431075439629869,0.5728686598576772,0.5442575006292155,0.4521640987476969,0.32670487644860496,-0.1220650032773458,0.19973591936198712,-0.025256663192445402,0.40582250693366884,-0.007337164743351177,0.6106035191934391,-0.047797872621853414,0.6697335157058074,0.18604078679214947,0.5539132737368909,0.12796685040976613,0.6210086225054092,0.5550134655957293,0.3837667370514406,0.757901080344278,0.6531428217493209,0.381111128246581,-0.05537228049325998,0.2589892607482652,0.5042897851172748,-0.07620310702915409,0.6282662307244691,0.4119181728268748,0.11920718548275759,0.048294035073384436,0.21790754456683029,0.4314320367160896,0.08206038541561665,0.03547083219443044,0.2972396846229305,0.7059006027484334,0.5786626559471936,0.2632024292902235,0.7209103618284667,0.5793051247022758,0.39030856774624845,0.5681986129766459,0.39034479054676297
Vermis_10,0.7460479336541734,0.3876098391132471,0.460582745920186,0.48141998274581926,0.6233746845997181,0.15126630124503074,0.4049307518449461,0.3776670001029944,1.0,0.7021373215850163,0.25233160195857046,0.46847977077536357,0.6056491704925351,0.6076225914193822,0.5865556023677106,0.4746614481148381,0.6398070799452207,0.42010529578391503,0.39782906192021306,0.10611957976598756,0.19063247754065824,0.5706029150941455,0.6785192760172203,0.7402489663246967,0.615234808297836,0.5999645604535031,0.5575515832056652,0.6775865858330384,0.6308161398561071,0.6195277244904398,0.4538205971981491,0.6896766662826721,0.546410099127141,0.2648711747655364,0.40566303032932416,0.5271413917094846,0.2336661387723069,0.413581926328136,0.5697252427199722,0.5289317809335167,0.4675841756661008,0.7319155496772103,0.5309218421482441,0.21336949291732654,0.18897076674892296,0.564954911596681,0.23051294011897566,0.4282970379432797,0.601330461066132,0.41920971440332394,0.6740567090752985,0.4712214898923817,0.4960712790359177,0.44113737436552364,0.45090987745188627,0.5657278399034017,0.18593038521783795,0.6354247416870078,0.2999426685004543,0.4986635727248105,0.6580816484991826,0.29564418183361396,0.5106248573330433,0.5332773063483526,0.5885875168178022,0.4743209441840704,0.518643986048732,0.12589247025513278,0.2675035799741829,0.6019214056324945,0.03818712157773235,0.5128819853166393,0.3587225076355511,0.7268981089469199,0.39361478233094926,0.6891631918047483,0.30238017946715523,0.8083059786045199,0.41698258749101,0.5878818665194016,0.21217530312130126,0.7113959902184822,0.5363196918503191,0.4432038524427401,0.5899005619794546,0.5393213511131403,0.3121440079854967,0.6099760452434859,0.8342977128235736,0.2827140960369406,0.7544393004923186,0.6037562293749056,0.6109098320760605,0.35218727598139593,0.39418915171670027,0.31115451680414374,0.5442764391476557,0.6483741564983376,0.5298738705173274,0.4555551015291994,0.6138334416771656,0.7665627897390268,0.39747288599217534,0.239743085214444,0.6288967017019897,0.5290912314104187,0.42860897324976444,0.39142204402702857,0.2520947445201171,0.6809086640230778
Cerebellum_4_5_L,0.5388657513835925,0.566414304591467,0.7607962366563223,0.5240073345818494,0.3763415068874794,0.07339386860499897,0.4576171070453602,0.6868220513527626,0.7021373215850163,1.0,0.47773159738733467,0.18111024990578015,0.8622276096412014,0.7730055695442223,0.35881073985101863,0.6205529266446153,0.7423427014332338,0.5830833788236057,0.6150937778544386,0.4957745059145365,0.404647364510377,0.7635049887821963,0.8236909075833415,0.5511413517443268,0.7405679377628752,0.3409584047394069,0.8031507783858797,0.35567219002648753,0.7752028222220232,0.323351455672958,0.7144872870725351,0.8029091707009358,0.8231897398513287,0.5643390043215817,0.29208553269695176,0.7531459508524687,0.2333992195651492,0.1974532758868809,0.7539472839567658,0.32717087959768054,0.7557469645322713,0.6234148628772768,0.47342958588172895,0.25496972977506843,-0.04908642597896526,0.8178440550069381,0.3796512395429324,0.7169122816449686,0.29455727203334353,0.3100369893091392,0.6569209798211866,0.4494066181912876,0.4922859076759594,0.3681564470231575,0.8343562128479927,0.7097918813433727,0.6488381143374531,0.6639535639310598,0.366191353385056,0.78416506594696,0.541079851669433,0.6402089190886139,0.7228642569398995,0.5255183499721034,0.6694145532224837,0.6446600396854999,0.6512118600934983,0.3700390385914527,0.5451451114187009,0.7443369707271739,0.3380684159177873,0.48035245954426714,0.19879984478052318,0.5552333591141067,0.08503113950906573,0.49077232564424295,0.05480606351952419,0.9157911415163127,0.10528828172238239,0.8515105457645396,0.25260465775928503,0.823420035640598,0.47434850733512685,0.633486653712726,0.7547237497652795,0.565649491337167,0.6958459395163777,0.865031227557585,0.8146282395867926,0.1192833639929661,0.607187344228976,0.7178273509036805,0.3189248594747515,0.5555778229853253,0.40756381094719096,0.32049299136621817,0.3677816482641918,0.619394097431626,0.6311057493432652,0.40824562003415,0.33559918807078815,0.6932662673620728,0.752885719492873,0.5261962358197075,0.4202583730419365,0.7816907782105619,0.682563330675464,0.29981566106653373,0.46642599085339803,0.686269518782809
Rectus_L,-0.08115080131938823,0.3752931051623636,0.6221883115270702,-0.01803796049176692,-0.012785876269019204,-0.21317646744203664,0.06589626182694559,0.5953653522817998,0.25233160195857046,0.47773159738733467,1.0,0.1604134476100085,0.4312421320410304,0.227872806805165,-0.09536747267599736,0.027546724170463496,0.13719285987290616,0.24913589645862408,0.29093513382318176,0.6176149131707354,0.48204245836528486,0.25105650310736044,0.43776537413289957,-0.042076132105510373,0.258832043769074,-0.14290752878839713,0.6091315605131187,-0.03841897500437335,0.44890096818854786,0.02298137210187399,0.6044835306587991,0.4046740311080422,0.4172193647788345,0.37209766165847835,-0.1928516828844003,0.19131627847914703,-0.017820158668963883,-0.015222715289903732,0.23920100722074947,-0.2758155967397076,0.4299917819479394,0.07455467798255351,-0.031381144468280026,0.13402213966152027,-0.4345221167137143,0.43352500207220696,0.5109212759943436,0.6042490013040024,0.38817081567144057,-0.21976633116813835,0.1088282090287875,-0.16835015707892761,-0.05457055136096571,0.05904468048308863,0.519463005309042,0.23747305018616405,0.641428596205292,-0.030917303115228462,0.2758059935587164,0.21870113362118482,0.10568524040288374,0.6255558171483309,0.3901705480875771,0.1730590224194059,0.10996930330546101,0.24352828020564862,0.37382174629368137,0.7372304569221059,0.43193813942099774,0.3230350138628874,0.6403075244003968,-0.013960824829547221,-0.31062843125708167,-0.0905481391282455,-0.11305531199023132,0.11367606778074983,0.10030674311558753,0.3711315757238656,-0.3374363690635179,0.5497386964506046,0.1316452518239417,0.29353869868972565,-0.14095043371394914,0.29576750348825875,0.32807609701747553,0.208493633811209,0.6509077045734335,0.42152031156801706,0.2138991634139992,-0.2343828870213056,-0.01784617850922998,0.30151273008487545,-0.09585401079840973,0.3835507313458987,0.5845432030850957,0.038455412575757575,-0.07007256754521507,-0.022733791741300028,0.1051451209456813,-0.07409775615789939,0.2269558519868691,0.16652380701376446,0.541961119075082,0.5373469635057359,0.03771403038281041,0.5129255770348361,0.24631037253334997,0.04212761428247026,0.787913299124937,0.2207522165704681
Cerebellum_Crus2_R,0.3286918082731493,0.26297947308077224,0.16707763292316555,0.10945362302871124,0.31281990670688,-0.20813963059914578,0.17984589902289402,0.03931525150087088,0.46847977077536357,0.18111024990578015,0.1604134476100085,1.0,0.05136323622728253,-0.12493831073929379,0.34446643272500727,0.11515845320026775,0.10502123908399483,-0.011754575540007754,0.16539464047142308,0.12555697999517534,-0.2354811368115226,0.17090285030713512,0.22328334895705362,0.23585018324220502,0.24583674968314995,0.3355003683910765,0.2966491591477732,0.5288659888851486,0.2603483386629195,0.637570331396252,0.17155835386181442,0.20974402795822403,0.06889398049411186,0.016045320086319852,0.1359703373892588,0.025159225371541836,0.37906428881523935,0.21671723949811528,0.2923494735208713,0.20514276028406328,0.07027328141801235,0.46624570043177604,0.10870696003248854,-0.054956208437971936,0.0941722549030207,0.1256447730923141,0.01405576031533799,-0.014550986229469001,0.5796301592582428,0.08432653378544228,0.5191477191391755,0.07893919159542152,0.01429313753625876,0.45931123720308203,-0.03397493953231742,0.06227940018789782,0.008992505740188873,-0.0380536299187074,0.3085526774776491,0.004639888758718715,0.49588457022645155,0.007555589582736222,0.17922525554870652,0.0719786179744568,0.11255158280730765,0.01912007151899673,0.16030127190337817,-0.05159225569942494,-0.05081182661522959,0.2264448616255255,-0.2501069346644118,0.13142110181553562,0.1685011034865278,0.26117775017422384,0.6717162255884415,0.43913284107411926,0.43202111949880945,0.3282137160195385,0.13488338020728263,0.10015128748436462,-0.07668673747345005,0.21758032114367468,0.02060821435488888,-0.17581132046144352,0.2184525347509505,0.22845344671145873,-0.025113495384516286,0.14562664874858325,0.27794984818176033,0.12147451480199489,0.42702359838178605,0.08724158434640371,0.5936412574125063,0.14675373834023703,0.0214402968927799,-0.049129220149411214,0.10006596226843122,0.2049921412355395,0.11093205234759684,0.11901424166836867,0.6414993085115224,0.34350192615128117,-0.04713485962058919,0.06045153367168199,0.5407811182445408,0.13245242110038777,-0.018304678678737064,0.12240087864782644,-0.0989531067770539,0.25202489381828763
Frontal_Mid_2_R,0.4360124512720636,0.6439372015158902,0.7873086840014853,0.3359011669268632,0.3723683697860494,-0.06095562639315884,0.5123061437718689,0.6528064563318213,0.6056491704925351,0.8622276096412014,0.4312421320410304,0.05136323622728253,1.0,0.7999168108054784,0.23281723781254404,0.6880424651215284,0.6726461641569597,0.5995813399756523,0.7069665735906383,0.5548458457811596,0.28536091007115877,0.7614538474859355,0.7976564234529568,0.533608264218308,0.7772322334905859,0.24304821968092527,0.8577979539774285,0.3233436879287664,0.6611172338915525,0.35960223307868205,0.8031722650535456,0.7199901633560748,0.9070784726293201,0.6642980873663975,0.12311096176446602,0.6529894776780508,0.26659894585987687,-0.027331047082264973,0.6883872514625056,0.2287231208533041,0.7227653138805019,0.623153445445895,0.37248607305146914,0.08125722938494004,-0.19278096941928213,0.8331225534996268,0.20000821763581667,0.6931247320997126,0.23984959314233686,0.2638871199909832,0.5535428040016327,0.43484132972052597,0.35079205650913114,0.36266412807235526,0.8213665757649761,0.7187663542561324,0.6918318183316118,0.6133285386719483,0.18837181396084907,0.7832542669517831,0.45197440778252995,0.7425350875400235,0.7183529141690727,0.3952774322297982,0.6893213801153446,0.6926884965336328,0.7114063752282718,0.43571197596837336,0.6430687948520395,0.660858474202365,0.25745455604991935,0.45271598994526036,0.034761554570069644,0.41327243667746427,0.07467204599295747,0.4964143955021825,-0.04404436201948159,0.7854696510506601,0.05926005526221626,0.8161998959189769,0.1769345352297056,0.7877708321702718,0.4159565630241972,0.6324277101650613,0.8067276067016701,0.4139462503346965,0.7383171433381589,0.8726688380992454,0.6775347992245063,-0.02777637508389373,0.5476526754115038,0.5987560230615289,0.2814564723959354,0.7172255473334819,0.3624562853802645,0.15847426544690968,0.231549307001127,0.5952756803293683,0.618291565349269,0.24338358439735341,0.3422369720410444,0.6861196560166221,0.795938918776169,0.6132337756866265,0.34250852672259413,0.8331695127215676,0.7113705417856215,0.343195825382056,0.46837980295207765,0.6224765826580871
Fusiform_L,0.5835570142311849,0.5411372075060443,0.6025825788067896,0.3840745655251503,0.5606960991115133,0.08305073736714712,0.4069625838499418,0.6003405294945993,0.6076225914193822,0.7730055695442223,0.227872806805165,-0.12493831073929379,0.7999168108054784,1.0,0.2909235814876865,0.5650764577699241,0.6350180705583366,0.5095025091041732,0.5428259996928381,0.24992314729128517,0.37756336277891767,0.6023047440651336,0.7044275753710542,0.743580483059392,0.6895207410327568,0.3861684682979754,0.5761504678286498,0.398520662717431,0.6028421816843833,0.2775283104797177,0.5166406982228215,0.5843435990487335,0.7501424240226275,0.48018554614151227,0.3094106907779161,0.5926976473164297,0.24378902149558754,0.08796993926616889,0.5601179423027486,0.3668655163475883,0.6685363835756688,0.6640814882154799,0.5180248979810067,0.15731272053428694,0.01479867377352082,0.6332456079669152,0.1631862635093781,0.5835042941141229,0.14069859383273814,0.29275727749502833,0.43804353902412313,0.4441096037053817,0.41499268955849994,0.28657853127209915,0.763784661119446,0.5733459803867021,0.4173347215301092,0.7379941675379252,0.15490714475129333,0.7186869307530023,0.298261867824795,0.4878599502640803,0.6357396251906193,0.3470043403379393,0.5703448042560685,0.5272500495565459,0.6382845533301408,0.218510976061499,0.41619342497619466,0.5671082339015598,0.2159067757494272,0.5648126623855546,0.14245209274696322,0.5561043804489642,-0.0031019026601850747,0.5629672380929434,-0.024510988014038747,0.7104955181375996,0.285798327242353,0.6642948203622318,0.1799319470677231,0.7140146845059784,0.519871530585454,0.8353032651276329,0.6389193788585701,0.4306221963462226,0.5846726517821978,0.7039790415224131,0.7045535707778229,0.18157305557198244,0.6128402985666195,0.6092620810134856,0.2189700529534444,0.5038777434598319,0.30398079020072005,0.20867262169666956,0.36626866997339014,0.5670326928948213,0.5786633452349222,0.3136983619200175,0.213351986481627,0.6574680635412933,0.637700893632956,0.36285815060943843,0.39478488785423066,0.6698270091526033,0.6943166339565177,0.5008290752815027,0.3372151181101185,0.49862881473131204
Parietal_Inf_L,0.7422827615231097,0.09343711492036569,0.18308158876814304,0.7408120166487406,0.3406625164513928,0.6748070422798875,0.06435227037624976,0.03102412346901578,0.5865556023677106,0.35881073985101863,-0.09536747267599736,0.34446643272500727,0.23281723781254404,0.2909235814876865,1.0,0.1586158238674384,0.6414867709892369,0.03703964510441618,-0.03692873486857978,-0.2567957686578291,0.12506328271849546,0.3429816030130593,0.41767135908638064,0.5228881995301347,0.4546465061576899,0.6211246788718581,0.1622042255728801,0.3577598776308244,0.46699576505414125,0.36677102149201485,0.09003976192065265,0.3919114181280403,0.17404488434405377,-0.11192160348758702,0.8311402752354271,0.5014045077557635,0.012722260767975562,0.6536081599040885,0.3678873122916225,0.7567192725582546,0.4035464266000416,0.4380177646011653,0.7951024592455336,0.2803907273078512,0.6836412903191216,0.3463852706566611,0.21897922634318542,0.279584149493938,0.3217199006405477,0.3630835611322437,0.5501961064942918,0.4529144187525873,0.42415834521246454,0.34321074252890177,0.22274069632057994,0.18874566382950797,-0.1447916284497226,0.5541336764390042,0.43167925522893025,0.2718125533284314,0.7530789197837053,-0.16773531866803523,0.40970179699560905,0.4938642085658943,0.3331844060351709,0.12714323533312938,0.15466027555682987,-0.3178143469621162,-0.14482573246688327,0.6572699163815647,-0.0269078486222392,0.3652378208435809,0.8280153223836887,0.7025748984037689,0.25051303115479284,0.34117444637684535,0.4419424201816171,0.5091241933434213,0.5273355460819512,0.27740479273927676,0.159193057629408,0.5887660518396746,0.7948641806667185,0.23091118662849414,0.3286716153545329,0.5971108550302753,-0.07201711752425,0.33948148035825343,0.6351301065204379,0.8032772672996449,0.6609467885934056,0.5853255296438545,0.5524937352121866,-0.02998856407110098,0.16786379794538367,0.29233384864139356,0.8149945252655395,0.732014563702717,0.2204339214156228,0.8098056763765175,0.2726072306538245,0.5222577781575173,0.021232097982450793,-0.26306801312813494,0.49280366918421104,0.2511842537622999,0.14672426923385182,0.16831762921564966,-0.009965586436710852,0.43563377905192346
Frontal_Inf_Oper_R,0.39882748991790756,0.49113053336527424,0.46688853968441096,0.3532913427012813,0.36945253358695257,-0.04922891393007408,0.5570366085299809,0.4302722216193371,0.4746614481148381,0.6205529266446153,0.027546724170463496,0.11515845320026775,0.6880424651215284,0.5650764577699241,0.1586158238674384,1.0,0.6333602142579673,0.6828788921795818,0.6655231608914973,0.25735581837041394,-0.061849661480275944,0.6643686690072047,0.6123535968806957,0.43681713342128975,0.7352634075880609,0.3801550806167135,0.5981985622905659,0.2808181751776022,0.3261910819865074,0.3971841807564381,0.5802255262337253,0.5286544866437809,0.7341161087032327,0.5551978449259761,0.16343980158482416,0.5657810981935772,0.48432687120741225,-0.13862967960145903,0.7737760243696451,0.3237787580629916,0.4945078375286282,0.5581057491315352,0.3007449384686948,-0.021844267876443217,-0.05358576642875101,0.6433224508737463,-0.1018956777277682,0.30733554025080834,-0.05231470228369332,0.57829824219599,0.6157957855285298,0.6675099201469551,0.3545977135399037,0.37262191157001084,0.6000951688012154,0.7569375058824717,0.32827483723274054,0.6034213272272828,0.17561321228685975,0.7542100290527564,0.3512982912285591,0.5078604118864783,0.45477666190017313,0.35282950471498176,0.7776861403640669,0.7312728220691732,0.510798298247966,0.08520298737558203,0.5506920025752571,0.43617502429466065,-0.08528693823537108,0.31085272475487175,0.1443747915203454,0.36133690814428154,0.23671642345429877,0.4297868057102324,-0.1610973134194019,0.6168042819942969,0.17444402346269733,0.5577022153307798,-0.01836250812186372,0.6387633222676855,0.39098544149558945,0.4712792985887218,0.7838819295105286,0.37806220030615806,0.4128567433192642,0.7307228668326328,0.5291905264159307,0.006187341859840713,0.5040894132476211,0.39200066510287385,0.26756868939363126,0.7178489548873086,-0.04394484790988853,0.18172949186919743,0.22635021466039387,0.5324431826286915,0.7493679282601649,0.19755234525601398,0.17270386054333253,0.47678354987892674,0.6479201360768042,0.5053160166521805,0.45419225585141176,0.5997207949666735,0.5671777191488259,0.3391864644611185,-0.046792727734868464,0.6753669472713738
Postcentral_R,0.6613916423073045,0.45691107024497213,0.5967905293893562,0.7747307461600762,0.33602465847212754,0.538608693710471,0.3573903273283472,0.43626685296649653,0.6398070799452207,0.7423427014332338,0.13719285987290616,0.10502123908399483,0.6726461641569597,0.6350180705583366,0.6414867709892369,0.6333602142579673,1.0,0.44145139007385387,0.4359848507002135,0.1366140495426787,0.23359638309522843,0.6646327046847592,0.7480584528442404,0.5078734505288035,0.8056316371344813,0.5548496294639426,0.5857792557655449,0.26471718661162497,0.6503617531858313,0.27566057341592826,0.545814806147399,0.6738621507997882,0.7094715292557126,0.3270138099581612,0.6444375175183842,0.8965598988752862,0.2221542885514381,0.33169721499005894,0.6713175617880186,0.7170475338356144,0.5617536066732662,0.5307367903278142,0.7098535379172506,0.252570698448623,0.3658604770522024,0.6837971008027415,0.2758259675766331,0.5596654781927097,0.12995685180126856,0.43574030020461935,0.6357769078225323,0.6629594475342124,0.5374630378182771,0.36092021745160274,0.7169944725516769,0.6054480948763971,0.3232667255387011,0.7487573984624321,0.33627339180716115,0.812083618869568,0.6827935088481218,0.35022748726464475,0.6879668442299423,0.6131321488131749,0.6915357357831322,0.48878559893924933,0.4191451710728942,-0.009888357147242682,0.2838576996396784,0.7704862353722103,0.18102186495906503,0.4485594889041217,0.5943412250833384,0.6663200746206033,0.105328839316482,0.4072262534723971,0.10138619190313707,0.7772375716194379,0.284161734235237,0.7179510315792537,0.1695724949143461,0.910081894067767,0.8317007579022001,0.6012815222466136,0.7615246597528985,0.5789100718023626,0.4076279442905333,0.7787796561173288,0.7632732307599315,0.44718558833944766,0.6739927986798159,0.7596072223846321,0.41401313845209714,0.39711323192617687,0.26287575350377673,0.3152743169615097,0.6739643231866678,0.8606173726535518,0.5932796145001072,0.7489649063566032,0.18029016872429265,0.6315096051684859,0.5612925438736704,0.20287109304749423,0.45152247597622786,0.6537797172744031,0.5865389235840459,0.2684877310933842,0.19677937902376733,0.735014405837932
Insula_L,0.2976418303202499,0.32032987744988345,0.41189952383813144,0.26470110713006517,0.294912139165619,-0.05373178026442302,0.47941286955106405,0.47868598360921116,0.42010529578391503,0.5830833788236057,0.24913589645862408,-0.011754575540007754,0.5995813399756523,0.5095025091041732,0.03703964510441618,0.6828788921795818,0.44145139007385387,1.0,0.5238559296564719,0.3824979519328936,0.13743836838153312,0.5026293496735647,0.5003019591379464,0.34030151924531143,0.5160144751043247,0.3120801951037334,0.5215627259369897,0.18810013795860406,0.32827535518752904,0.22460266152595615,0.5438727653768699,0.5351610955348195,0.5623002198461868,0.6239088335056326,0.037226641790218146,0.44270255027550454,0.05744478376872798,-0.17348571129019996,0.7013977710817197,0.13102077585185448,0.5818282751382374,0.35808029886261783,0.1935570766124567,0.23481845415721306,-0.16086279186578778,0.5953541694758778,0.20064690946420216,0.39914674971985215,0.09757163113124966,0.6360942388805921,0.3990892634670225,0.507895009026422,0.5536885117802657,0.13129006349160374,0.5768599717325281,0.6728758197846126,0.3632603281143942,0.4752289119049258,0.1327297155978948,0.5404333121391146,0.16428390898235767,0.7220729110450588,0.3929789292565184,0.5697115855051552,0.8270703787599353,0.8493724566556099,0.5235186204877684,0.3898990977911371,0.5950341747258909,0.23131223275886,0.2560834017336081,0.3286327003068086,0.01717944346986631,0.2140467199287736,0.10288878082024303,0.3357025512212406,-0.18052775232363777,0.5461529879763434,0.07910017474231201,0.5123225173455824,0.34978796558823744,0.47591339461566357,0.21602060045399396,0.37713975983974196,0.5606195722739794,0.33354318251928633,0.44589344526409685,0.6476710432644168,0.40514424008895056,-0.12973443464255913,0.28177387965811074,0.4168679334503745,0.09139934443139197,0.5487013423886207,0.26922374203763855,0.5283994003443644,0.17598991582429593,0.2784907329961403,0.8344737832032743,0.13015270758179046,0.15711320355470831,0.33050411367433014,0.5656114481072471,0.6663393051747751,0.2936167585378999,0.49013793416477947,0.3982885246603251,0.34267399243342783,0.2579586263561929,0.5013587276648025
