,Pallidum_R,Cingulate_Post_L,Frontal_Med_Orb_R,Cerebellum_10_L,Cerebellum_4_5_L,SN_pc_R,Thal_PuI_L,Thal_PuM_R,VTA_L,SupraMarginal_R,Caudate_R,OFCpost_L,Thal_LP_R,Cerebellum_9_R,Temporal_Pole_Sup_L,Insula_L,Temporal_Pole_Mid_L,OFCant_R,Calcarine_R,Frontal_Inf_Tri_L,Thal_VPL_R,Thal_MGN_L,Rectus_R,Postcentral_L,Cerebellum_8_L,Red_N_R,Thal_PuM_L,Cerebellum_Crus1_L,Amygdala_L,Rolandic_Oper_L,Occipital_Mid_R,Thal_MDl_R,Temporal_Sup_L,N_Acc_R,ParaHippocampal_R,Frontal_Inf_Orb_2_L,Frontal_Sup_Medial_R,N_Acc_L,Temporal_Mid_L,OFCmed_R,Thal_MGN_R,OFClat_L,Frontal_Inf_Oper_L,Frontal_Mid_2_L,Temporal_Sup_R,OFCpost_R,Supp_Motor_Area_L,Thal_LGN_R,Temporal_Pole_Sup_R,Precuneus_R,Frontal_Med_Orb_L,ACC_pre_L,Lingual_L,Thal_LP_L,Thal_IL_L,Vermis_3,Thal_VA_R,Hippocampus_R,Angular_R,Cerebellum_3_R,Thal_LGN_L,Vermis_6,Angular_L,Parietal_Inf_L,Temporal_Mid_R,Cerebellum_Crus2_R,Occipital_Mid_L,Heschl_R,OFClat_R,Cerebellum_6_L,Cerebellum_3_L,Thal_PuL_L,Vermis_8,Thal_MDm_R,Thal_AV_R,Calcarine_L,Insula_R,Frontal_Mid_2_R,SupraMarginal_L,Thal_IL_R,Cerebellum_Crus1_R,Thal_VA_L,Lingual_R,Occipital_Sup_R,Cerebellum_7b_L,OFCmed_L,Rectus_L,OFCant_L,Parietal_Inf_R,ACC_sup_R
Pallidum_R,1.0,0.68527803267347,0.47350897755110166,-0.023700375519401646,-0.059791572338496836,-0.128669540402349,0.6984175521519616,0.6660495367153078,0.14427445337638511,0.28135794639118766,0.840828416501104,0.3395022575409114,0.017582599916445018,-0.05445087677055496,-0.39000938082940984,0.7124238169492497,0.6336094990500454,0.3608588903044734,-0.06339396051964712,0.7112811034814418,0.6104896461161141,0.532684183359859,0.5361404860833443,0.4390613156332493,0.07005247044766205,0.590191067751908,0.7961027729311778,-0.013040552992520911,0.648200442293337,0.7371171259673647,-0.10424057294959842,0.659311675565082,0.6681458191923514,0.44373202390274913,0.7470175250315929,0.22308767694173187,0.6885620882559125,0.6719214564184448,0.018948556506530344,0.2809375138044666,0.5690468850859817,0.3486754725242518,0.7939710412843733,0.7514149027459043,0.34098089606063464,-0.146616821330783,0.717999768878042,0.6293226756139538,0.6099024391708863,0.6132539193407862,0.3338938393366961,0.4679963574409891,0.07382631833536764,0.17690724326786328,0.42509864347871934,-0.17543794297425472,0.604134413790922,0.7152363791415695,-0.2623351913655037,0.23328025831451682,0.457516755055622,-0.20118851658026463,-0.10658172077881033,0.16808542468861556,-0.22387587499298697,-0.2589861305338821,-0.06493668769837416,0.6334108648550285,-0.4486429257093543,-0.08882112335231923,0.035922593278499164,0.6532680763237854,0.25890002651057636,0.70308035009833,0.26695983435118514,-0.3237518121264742,0.6721273441112493,0.7840216543154036,0.051640200864062846,0.626109811489476,-0.20542585086508003,0.7261318101290223,-0.048175888403435396,-0.30255931617551546,-0.40987448479013633,0.20434569181941742,0.6233277155206125,0.010941066264198494,0.2730332776311394,0.7062110858666483
Cingulate_Post_L,0.68527803267347,1.0,0.24168597680764684,-0.2288898129107934,0.10679664775875497,-0.09710521884343715,0.7458400036893114,0.792633772442756,0.1802702890253358,0.23881924001327834,0.7280320419869472,0.3826509134388846,0.18283853164458314,0.06219159923873617,-0.33101459083569806,0.685431742709849,0.26555657314945075,0.5056758969822994,0.1447812929796526,0.7061961115488498,0.7342774315505003,0.4160119158703819,0.5521438358901364,0.4967474327033297,0.1745999012228041,0.7095509001626863,0.8256213189882458,-0.007722766328550279,0.5738582744248005,0.8115343440942613,0.01022051156478397,0.600893965864684,0.7759950083808277,0.5397436288680968,0.7094941634456429,0.05600798698542142,0.5058291132546993,0.67235892812674,0.20216931790519393,-0.02483010177142154,0.6926848428217046,0.20122189322618533,0.7927805063653622,0.7154997051587157,0.4918018023211028,-0.2515901803538244,0.8625416050897907,0.6847198198827616,0.5363134173333182,0.7592198998824568,0.21065506539153137,0.4579864689558142,0.2632981511833105,0.19796980960723684,0.5255403240471862,-0.024757517139738127,0.5555655411299029,0.6976338535588551,-0.2798043366604124,0.384691218518624,0.3674988551390818,-0.057428937233850647,-0.2065257135221501,0.2171707716198478,-0.05518777202784566,-0.20422400395595736,-0.07241996396950917,0.5878518846451136,-0.4094738240030459,-0.049009879019120045,0.16636753575897176,0.5328637703838907,0.08911907554633106,0.6581908469987428,0.284302751192621,-0.1811451089992012,0.6389716195958504,0.8149034172406892,0.011952725104966892,0.6757827744355096,-0.15324779298497448,0.671884877697889,0.2057335301076611,-0.22076342968845136,-0.3083086909403529,0.38001746380199775,0.6171156699724809,0.008252135537074198,0.1957897665200077,0.6418571964475398
Frontal_Med_Orb_R,0.47350897755110166,0.24168597680764684,1.0,0.1443539009356884,-0.4239933340425208,-0.35002749109669695,0.5114671734817643,0.3213597577481886,-0.29231875399163537,-0.04161357117215836,0.4097596655847483,0.3642773895691737,-0.00233852959163722,-0.3050716495558993,-0.33815527567581716,0.4114258522846169,0.33356724032451524,0.09784705444294016,-0.41926053878065916,0.46410965521752906,0.22248204126761834,0.3137593019062057,0.5181368512817105,0.2762576925297147,0.1171066892243023,0.04015328350280764,0.4593707643617122,-0.22444150307428995,0.5093666411758337,0.48997280634858903,-0.21788923337598642,0.3641478723002262,0.31918443760121534,0.3470125434225564,0.4495882863945317,0.2878993243711144,0.5487845951763113,0.4197400901934238,-0.3512071792655428,0.09025864951127127,0.19662261918034327,0.39003740879597576,0.4388194509505615,0.511189644598354,-0.22102127353468845,-0.36032954996922834,0.33247476556958416,0.3243638634636478,0.26500181867841865,0.20098191966388593,0.3783203023904042,0.4351290997477359,-0.4247544239642212,-0.053540129055855555,0.29558932611151234,-0.43389736535506307,0.21621520356670393,0.46067627818991286,-0.31283826618066335,-0.27263826500469535,0.20943985076706004,-0.36236485927281,-0.008580062706258986,0.026779062143994278,-0.47720486362447595,-0.4035563659467257,-0.1372054977915562,0.42741331398735344,-0.3177893466480171,-0.45529829962047447,-0.39119559572104207,0.5404398646549473,0.3005532442630302,0.22317690674891194,-0.008952961863275384,-0.4659207013924167,0.3541660943352552,0.3928359197655428,0.0752754013567129,0.2990069932319632,-0.4218811550074801,0.33264837674929487,-0.45477836308273506,-0.4550129857127141,-0.3291907883905549,0.31143345860040883,0.4861711861501938,-0.21209446871608886,0.050516805217906365,0.48415653070449727
Cerebellum_10_L,-0.023700375519401646,-0.2288898129107934,0.1443539009356884,1.0,-0.5467393503151826,-0.3376702124478313,-0.11314259991077556,0.06698377970063252,-0.07488438811725892,0.0877679543797692,0.18194089877624642,0.10233708642856268,0.33931570075165657,-0.3470093972227268,-0.17119199086461628,0.18958911524174002,0.14366401030917594,-0.09276397206323818,-0.5454864428578179,0.03962390643155956,0.048106915987874276,0.4241852190003373,0.11582490073796625,0.2737953707923032,0.048833216388772235,-0.037011187431959226,-0.1025015286222315,-0.43619452020983895,0.2493693431214949,-0.06676749526450178,-0.3463358135304415,0.0422153754403831,-0.1278387762687543,0.14415496433549949,0.15860903786799718,0.20916886420806471,0.37831886627019307,0.14202967512246442,-0.6372231824944772,0.31263498896257386,0.01213814365811768,0.255834914394971,0.037171251132489216,0.23617587521504874,-0.5106463388440147,-0.2798088057991931,0.00023224841941902116,0.1728520034780341,-0.04294213440939375,-0.135380395102815,-0.11304647101886088,0.3861762518272441,-0.6688940685334481,-0.4924265786571216,-0.31357094259703927,-0.43843454563830897,0.21888161292122202,0.27906200028514955,0.025280040652628205,-0.4343282658626666,0.5017830976071327,-0.3169305541156917,0.3154281289760149,0.0712980830125215,-0.5122479276018539,-0.48386404558088825,-0.048985655533076614,0.23089478673821848,-0.1637224757933316,-0.5622457151912833,-0.4536929026659744,0.22346645008315894,0.5496400905448793,-0.07631695010818236,0.37007193326654014,-0.4162422350839176,0.27320570254283627,0.04001261005238723,0.23013755515895573,-0.024737522043254048,-0.3216554041502225,0.0976562513623775,-0.6552980883131171,-0.3170645928299407,-0.325827048940058,-0.08205604818485944,0.15780505859534064,0.16826972218017194,0.2161923666255754,0.19085500143412326
Cerebellum_4_5_L,-0.059791572338496836,0.10679664775875497,-0.4239933340425208,-0.5467393503151826,1.0,0.8318326281838542,-0.24097595050341353,-0.03419096602185914,0.3062014818153785,0.31159552219892905,-0.25479299929748167,-0.47035808457842976,-0.06602065847843866,0.6668709071406113,0.5733189432812539,-0.3138687116060858,-0.11887155564518816,-0.20251461883222027,0.8847337386368797,-0.059107774734605344,0.09268352556981473,-0.09290351589731737,-0.5626127093833125,0.08093280797366417,-0.026104317779810624,0.19537134645315754,-0.04563415748767983,0.573097583340255,-0.626594757229742,-0.2337698170263953,0.4112421253424348,-0.06225064345277653,-0.03255377270741593,-0.44473388673176795,-0.3712149281963873,-0.15092844453532386,-0.5452408622341176,-0.4789791196427475,0.8334214007998143,-0.4333604349555022,-0.12142961688329788,-0.4873659141196922,-0.10834024142173093,-0.4187049054416755,0.69478681514151,0.5673811716018528,-0.03267288779818914,-0.20871286149491527,-0.13115207352761463,0.23643083644856244,-0.17351330577905089,-0.7000997413043349,0.8547569768147166,0.4338545008316496,0.29662724595552653,0.9403254032519607,-0.05332775898797487,-0.40238225264030053,0.5328634775173772,0.7402244924758535,-0.2656072531379446,0.673837620133494,0.20848792128411145,0.3582303018263571,0.8486141770269742,0.8048937053574055,0.16485759204376566,-0.2667652115869799,0.5239767178026947,0.8814677648215576,0.8994466313510018,-0.5236643207087662,-0.6335013897890889,0.2717568924654455,-0.01239093929573745,0.8818489956421669,-0.37800720735938,-0.08103834220775084,0.2849102847103358,0.12515056339556377,0.7982868001443629,-0.13106176925643237,0.8969509962469472,0.83213077100221,0.6773904751435775,-0.284781911019323,-0.5794442312174819,-0.03578117006723798,0.12862148214850466,-0.463862705139425
SN_pc_R,-0.128669540402349,-0.09710521884343715,-0.35002749109669695,-0.3376702124478313,0.8318326281838542,1.0,-0.34290013233843025,-0.04228800092387223,0.2431656185471654,0.37710849631448234,-0.3202536123214197,-0.4407534999761517,-0.03988753498875828,0.6179964895376433,0.584799129867332,-0.35548534894072603,-0.11989106199839801,-0.31884812733029994,0.6549886548151095,-0.059685435639033675,0.0705465470614741,0.0222312835440479,-0.5927397928329516,0.12691121728973212,0.006172669226485443,0.10709268152903108,-0.18129825276411868,0.48386821493231236,-0.6461889112105552,-0.25465012152884686,0.26573764576706993,-0.025628266708131058,-0.1572944723097507,-0.5084659130454029,-0.3803713822041498,-0.008328839108628711,-0.4365583541489051,-0.5438575164706551,0.5732063950935723,-0.3069637248111922,-0.2856331731449704,-0.4391127099440647,-0.16223339705467935,-0.4017046488222191,0.4871613666809896,0.48455929084115285,-0.1140000927391251,-0.2511921200085004,-0.19296847571808828,0.09724902198722189,-0.1498130206193513,-0.684705236352194,0.5879542975140231,0.2983162774291088,0.18410529735773756,0.8306928438838661,-0.051366181074410266,-0.38157715631952505,0.6116279134781584,0.5194910389438973,-0.20470058906079622,0.5108345142014366,0.30134530610485494,0.36619761700294673,0.7291670750124406,0.7562037833024553,0.10878978784824177,-0.17220471087917272,0.5556206347508321,0.7198420785064196,0.7881103651589281,-0.5369464149678997,-0.5644589626589116,0.21155537985714756,0.03894829317259579,0.775568052370169,-0.3939401315939695,-0.13890627211969545,0.39441604820868326,0.11034906361643203,0.7441076701815639,-0.2008676843464499,0.61240047612253,0.7336058738829659,0.6876196896969365,-0.34143029602845015,-0.6277401694142144,-0.14616997987971664,0.1709800617651309,-0.4851009128449271
Thal_PuI_L,0.6984175521519616,0.7458400036893114,0.5114671734817643,-0.11314259991077556,-0.24097595050341353,-0.34290013233843025,1.0,0.62274236131995,-0.11799271496920712,0.01445464980639977,0.6994102547869574,0.552082667575166,0.06207878137951951,-0.23441818886326238,-0.45527022792717686,0.6382377687700233,0.2660713809704378,0.5066561936428813,-0.1692455491578246,0.6480849714233929,0.5697013753952057,0.4074445650845371,0.7275814831654495,0.3346341245115288,0.14050461188335012,0.440452040870171,0.9027583559761116,-0.22551532195609297,0.7291659988612761,0.815914312888865,-0.11639545906788124,0.657834117606624,0.7029916433823277,0.6460512942240442,0.723832283768482,0.06926716110677314,0.6647181187863208,0.7337132176857181,-0.0758799584098686,-0.026215851732597155,0.5472195050291094,0.28364003841486474,0.7203143078659316,0.7308752356940748,0.16649537687839472,-0.390150927116115,0.7241135724771086,0.6298026671154068,0.5561684247019322,0.5295109426104329,0.3598094535501992,0.5625739752514713,-0.08726346032316713,0.05427458475216551,0.6563131648196281,-0.3487035931353143,0.3859883395361102,0.7123997236423711,-0.5491693332977645,0.036743604586957364,0.21096990589900902,-0.2597168932860756,-0.3769117267744253,-0.021178816895413295,-0.38617937414855397,-0.4195991277505414,-0.1343234812163341,0.5684885191792806,-0.500601045751169,-0.35110625228944387,-0.19623460376952467,0.7193066344541504,0.31840992873897783,0.42964433533212715,-0.012006759460458634,-0.47896266912098273,0.5983175590344992,0.7249201010152626,-0.12004799262717479,0.5983350013240639,-0.4517006669587579,0.6351395788704693,-0.11779768469064766,-0.5257738849393264,-0.5365148254155806,0.6545926988689819,0.750338188567236,-0.20232702408385494,0.01134826218095014,0.7645721457769948
Thal_PuM_R,0.6660495367153078,0.792633772442756,0.3213597577481886,0.06698377970063252,-0.03419096602185914,-0.04228800092387223,0.62274236131995,1.0,0.20454399946826005,0.3461254957071313,0.8126806354057713,0.39267110654087845,0.18397113359522826,-0.001879559130416741,-0.42417548011387374,0.719349637785003,0.28200701753873375,0.3688685624603209,-0.03817422094381526,0.6959861521696764,0.8283667416314252,0.5973265208127276,0.5478696679534557,0.5785322745077588,0.18063691056643025,0.6952735724235398,0.7565433016137533,-0.0823070387842284,0.5934295732326423,0.7477693740194974,-0.165132929651074,0.6807547893534968,0.6323255270009944,0.47403607898011385,0.7920631144896991,0.16565045174739929,0.6716672441427058,0.6725381038235527,-0.05023395363166591,0.19389166792298973,0.5920535363873852,0.20650463344851663,0.7476936950989421,0.7585160663798158,0.38983712762401274,-0.24049243741589785,0.8447429433277001,0.7041591740363291,0.5098620902771867,0.6481789409060456,0.2445302887371866,0.5686793189064677,0.08416963681638749,0.050380721281630896,0.33628272371088064,-0.0891628161535748,0.6042269515793457,0.7877471975585525,-0.1896774502433087,0.24663391720082228,0.545925496402242,-0.11953617700096462,-0.05505223293733857,0.22867331166939497,-0.10636298139045548,-0.2387529415063214,-0.1034102100941029,0.7704441233332813,-0.3695466576020763,-0.22943956529625775,0.12389999611997964,0.5957423471885285,0.22838997055355775,0.7621176799287376,0.5169389300401248,-0.26571449976742595,0.7510364137656087,0.8324444833115219,0.08409047829224736,0.7041286586795442,-0.15508188742844056,0.5872208092438591,-0.00994435612487741,-0.2657644980993361,-0.35409921706412595,0.2559068700309648,0.6296114275699682,-0.019894911159423274,0.29577282611690103,0.6948449940005248
VTA_L,0.14427445337638511,0.1802702890253358,-0.29231875399163537,-0.07488438811725892,0.3062014818153785,0.2431656185471654,-0.11799271496920712,0.20454399946826005,1.0,0.35543086763949966,0.16837936091026315,-0.0544527610399747,0.21845539231431127,0.15534169508319198,-0.04564614268986613,0.09118978713120961,0.11919235140733014,0.06971442087798235,0.27377006576882323,-0.015595704232286147,0.32636627255934486,-0.0023319210976403336,-0.09383245871761339,0.11680607976756999,-0.023419506810106554,0.39903027338513963,0.08607357042697908,0.11909787492683373,0.02346188318388554,-0.04750751754419705,0.10076217680969293,0.034365740135509255,0.13416883649337527,0.000879598083565748,0.12870508037876197,-0.057483228338128904,-0.08559547031887765,0.06549125132913436,0.2585996169461902,0.12442676768022347,0.17271046583143992,-0.1275614613981789,0.02551427814637154,0.045005720925905,0.4308889459297577,0.07237084326804963,0.182361830683091,0.1575384002886756,0.16079779264819455,0.35307635193991177,-0.10213369773686669,-0.052664101426584765,0.4199905531936514,0.12883192850126368,-0.08799917621188637,0.24738164730039627,0.13399378492840933,0.15968438042612032,0.27092852229277475,0.28911835696456356,0.3140689118761507,0.08558666777037047,0.2133808086247499,0.3000083995042167,0.23287937408629011,0.12408915187211905,0.24506551562413165,0.0029898438586943438,0.0844801295638311,0.2953161872653095,0.4189379051752469,0.032722164869397184,-0.005140579388729988,0.23942273039432033,0.2717712246216089,0.18377178078712467,0.1364740793299556,0.1378977746899068,0.003797835643963681,0.17145464389657036,0.22531650335719006,0.1101308965768824,0.3174388346860171,0.2900565789824807,-0.0694894077866176,-0.18839122730130486,-0.029183104445231527,0.18018881990707009,0.4317203192194333,0.06700827606611222
SupraMarginal_R,0.28135794639118766,0.23881924001327834,-0.04161357117215836,0.0877679543797692,0.31159552219892905,0.37710849631448234,0.01445464980639977,0.3461254957071313,0.35543086763949966,1.0,0.2052555748848975,0.1293333143154953,0.4632428309726823,0.3192267803748532,0.1619650225799206,0.2855795519807315,0.22917041171846886,0.1038626777987764,0.20624215461790554,0.37363344089845657,0.4996155095745346,0.4328171031326811,-0.039325442777273636,0.6907591234297984,0.09341063927221147,0.5465048518858848,0.19439361943809225,0.18056270741411662,0.029130103023655263,0.16662953977885298,-0.023702262768418775,0.34275893258070866,0.27740170195761776,-0.00753086946940243,0.12062503219536401,0.34939822130895754,0.19474738063612404,0.062228798864852476,0.11600502926004058,-0.004574320197539534,0.0423402481126276,0.1275572345263081,0.30966969732106797,0.2843287272559062,0.42030928929538325,-0.021772975846764502,0.46232930998639454,0.23954025690114145,0.2163176262903387,0.6585815481735482,0.13555301536983735,0.007554203621751666,0.16090539049739036,0.09419813149530258,0.22892483131596092,0.3053531176148697,0.445535655851633,0.2629328497981318,0.7189946460597471,0.13482887392670745,0.3624174113452325,-0.14174916319018818,0.6183797959938016,0.7214917255128381,0.18954791160864407,0.2547812432929625,0.03395511360583889,0.33142170860690107,0.049882477173575517,0.2116343468549211,0.35701005138554676,-0.06799726185346357,-0.14330227929680964,0.4796882152762263,0.3844624091988471,0.2702531358434807,0.26673363904032465,0.3979544311875627,0.5934391042076985,0.3257737117741882,0.2507242344725358,0.3262203862595775,0.07492711146488212,0.4222861853268047,0.14137822957899335,-0.00873897642048696,0.05342014273084387,0.15133420477273507,0.8066210720067554,0.1161624947685157
Caudate_R,0.840828416501104,0.7280320419869472,0.4097596655847483,0.18194089877624642,-0.25479299929748167,-0.3202536123214197,0.6994102547869574,0.8126806354057713,0.16837936091026315,0.2052555748848975,1.0,0.48807566090585386,0.1164398007330409,-0.19939699884259396,-0.5959501717296449,0.7899831024283434,0.5080772346046717,0.4476049637148317,-0.19822601612705137,0.6939707699303059,0.6827699780670256,0.5540090942062001,0.7104143102801919,0.44223032459106565,0.14284556578341065,0.6356699657544838,0.8146886775347598,-0.1676042288103444,0.7987983242887505,0.7848405364509653,-0.17699643137435717,0.6407584084273904,0.6718388935828318,0.564727109855452,0.8827381218337476,0.11766150532765544,0.7917186013485191,0.836499740138114,-0.1506132100986824,0.30231961358942777,0.6890414217584555,0.36186405272879985,0.8088350294339723,0.8542663539302972,0.24354680008644333,-0.30432759460840797,0.8110870239687417,0.7139450394045644,0.6004902293686354,0.5599507578004708,0.27281519430602746,0.6863825284547342,-0.07658544982786096,-0.0024900584934142737,0.31885337082638293,-0.34331378063645807,0.6102959668745279,0.8569851154914138,-0.4038619353222396,0.1151011420780268,0.591078695615888,-0.2647386023042781,-0.17271449847756865,0.09998238367255512,-0.3674860431681021,-0.4507234211688403,-0.061835266413976915,0.7094533872113766,-0.5444035036284028,-0.33182724517293316,-0.09604854464742343,0.7607901207771874,0.4323807036140079,0.6903351931741437,0.3808550685799234,-0.5167632031480242,0.825185327577717,0.8439204622406342,-0.07219272269003409,0.6123961614384944,-0.3568328511200688,0.7061701289053628,-0.17318627426585664,-0.4780987399717101,-0.5997633955424527,0.32197005112416005,0.7960632516593729,0.05463522788599363,0.2728763311988189,0.8570734781882852
OFCpost_L,0.3395022575409114,0.3826509134388846,0.3642773895691737,0.10233708642856268,-0.47035808457842976,-0.4407534999761517,0.552082667575166,0.39267110654087845,-0.0544527610399747,0.1293333143154953,0.48807566090585386,1.0,0.3500594188956241,-0.4126546812454104,-0.47700539402052644,0.5777114761985135,-0.02439019878980565,0.6144070100611604,-0.46894854594556756,0.42034375130596774,0.4118852754265417,0.25828419342039216,0.7801487469319858,0.28635901091285376,0.2783651871200021,0.3292873665002376,0.47837510907509,-0.2816941875068072,0.733485244427444,0.5921880480798717,-0.28651735549422597,0.39548809443151883,0.5609806062317394,0.6157740333992054,0.6048602086793033,0.13874030173298135,0.5551889423451202,0.6409251254142443,-0.31178566265264585,-0.021401081208957957,0.345857020938494,0.47575249254985497,0.49177108012973647,0.641331151796008,-0.12429738032372849,-0.6519826540687406,0.5550319469775368,0.41525450363748445,0.4465100310497586,0.32189405653594466,0.16695396019923975,0.637290019086958,-0.4147593192149878,-0.09825434891117045,0.31781588948805883,-0.571341087022818,0.3596385573811121,0.6764481336168261,-0.36635206909286405,-0.3337687078485934,0.33218403142720687,-0.5712667526882245,-0.11813346605806352,0.11637866853293288,-0.5757370897550963,-0.5526216468045766,-0.08044658261865542,0.3787059508000818,-0.4373074900380182,-0.5290603169548611,-0.3928340896745537,0.5745875682351311,0.4116770111900392,0.14247391710318302,-0.014674684340625316,-0.6145773787808096,0.5390499827089387,0.4965084274485337,-0.1684129660568107,0.3450797294203622,-0.6157924713934178,0.5467306295938582,-0.43464176680535815,-0.5794133455736042,-0.5968129722318836,0.7687906064774731,0.7661525303974078,0.04801385341167768,0.21743768951833753,0.6605996936454238
Thal_LP_R,0.017582599916445018,0.18283853164458314,-0.00233852959163722,0.33931570075165657,-0.06602065847843866,-0.03988753498875828,0.06207878137951951,0.18397113359522826,0.21845539231431127,0.4632428309726823,0.1164398007330409,0.3500594188956241,1.0,-0.06876117364469284,0.12497171786885475,0.31384821325945506,0.0566349518922648,0.39699119397208793,-0.13917364094727444,0.302912838869177,0.4225093169695748,0.34085659263265145,0.20025126667437385,0.5918598846216648,0.24521024862883983,0.37015756947484935,0.1137888582201709,-0.19408256405635996,0.23970536515696628,0.1121525214768675,-0.1392712846415302,0.2031923382174927,0.3396370075591856,0.3048006087515186,0.14185323976805497,0.1908098977341884,0.1645683118138792,0.10961149622775244,-0.07134641700062633,-0.16095426777449473,0.1342957549655267,0.15820428099766876,0.2692380970195272,0.29505988185489573,-0.07691576040914526,-0.47659287330240324,0.36787988178749015,0.27684942457599476,0.1797003593056352,0.42819238887095296,-0.07904816451211966,0.18019183251575352,-0.19192325624293696,-0.28354142143368477,0.19372359135320819,-0.11378873343913075,0.3195177686874357,0.3894316320103834,0.2970362102341375,-0.14421177392573553,0.4344477921150412,-0.35548782831493586,0.48612195911269124,0.5820069860066003,-0.2653136590768401,-0.24060631606825844,0.10959670129159312,0.16568547695870073,-0.049429972309357584,-0.15840101502057105,-0.0733644455126212,0.0905757410856383,0.24193037714628254,0.09214096013019324,0.20156913283968458,-0.08672673216189986,0.2430714875901149,0.24160117588939797,0.4403256571431277,0.3039992336924877,-0.17300725016061058,0.3972328438028241,-0.20373187879744692,0.006447806325507348,-0.15933781509093695,0.2588924792034735,0.195555577803376,0.2560700220997241,0.5348815621705084,0.09818161048021239
Cerebellum_9_R,-0.05445087677055496,0.06219159923873617,-0.3050716495558993,-0.3470093972227268,0.6668709071406113,0.6179964895376433,-0.23441818886326238,-0.001879559130416741,0.15534169508319198,0.3192267803748532,-0.19939699884259396,-0.4126546812454104,-0.06876117364469284,1.0,0.5239591869670365,-0.17121206363190966,-0.06457126044726229,-0.22253553038035057,0.5747201019752194,0.06740432436757951,0.011048817927424745,0.001686556191336315,-0.47088521648116943,0.21190984633260831,-0.27881028315720746,0.10199809573222864,-0.06540534405419145,0.473548461378827,-0.5458692047713256,-0.1621385700528876,0.16482171038373436,-0.03565481502922754,-0.1057676794469815,-0.36190466611804484,-0.3328024408522621,0.12547239714152264,-0.2946808872201778,-0.3663147632596092,0.47230598258996,-0.16342456674169187,-0.10725134952691985,-0.2199087566569554,-0.04824483379509311,-0.2413234634091156,0.49858452403172243,0.4575817917867566,-0.003096924211504865,-0.19674939329688632,-0.17040143829989243,0.20445669964058522,0.03474248690259074,-0.4569637316300884,0.5288360208872727,0.22755077644883573,0.1349726232511286,0.7472149913900141,0.0037067631290583396,-0.35272141386416356,0.5105102985405504,0.5171816928735539,-0.18461564754214774,0.425683807007275,0.2516547147656413,0.234473975208597,0.6912997112527227,0.744551681861893,-0.061317246769482546,-0.10405055707989885,0.27747500868659153,0.5934037814019562,0.632657223897561,-0.4622511558590367,-0.7186060225354793,0.2368424905050359,0.11074701492901254,0.7222941445159715,-0.20938990967599472,0.02636572650609459,0.3517480598057035,0.024260951070601926,0.7302591481429757,-0.15566624658630412,0.5566263623243484,0.6838085437755409,0.580146706086302,-0.36173870210193265,-0.44748167519150556,0.11748997013207474,0.03621567274871423,-0.41319605137368004
Temporal_Pole_Sup_L,-0.39000938082940984,-0.33101459083569806,-0.33815527567581716,-0.17119199086461628,0.5733189432812539,0.584799129867332,-0.45527022792717686,-0.42417548011387374,-0.04564614268986613,0.1619650225799206,-0.5959501717296449,-0.47700539402052644,0.12497171786885475,0.5239591869670365,1.0,-0.4188580700726798,-0.1972145338305752,-0.32883091728009567,0.4828561004892475,-0.1586503908062745,-0.255845585972059,-0.10697962469210952,-0.6544994686603541,0.056924560546505125,-0.08067315188600856,-0.25269583374084353,-0.4119101646711846,0.4333153401980611,-0.7232458013302849,-0.48225390412322217,0.19483602452578286,-0.20782493925252965,-0.2611313779810114,-0.4532844351528647,-0.6876519219652032,0.15293371743201248,-0.5157875821448341,-0.7207762698097339,0.4278888477713169,-0.43182393345165565,-0.3451650075943806,-0.25949132081200876,-0.28496258025287013,-0.5418551486966093,0.07358521227008105,0.35556295575022706,-0.3708133468556164,-0.4129924489880902,-0.4047563685385947,-0.15462665290826227,-0.20141531604786206,-0.6787945967042063,0.27658975068008873,0.05395217574511259,0.09785740050199497,0.6376494884483609,-0.1914970268329345,-0.594507203745286,0.5543671408531107,0.3133753704252687,-0.32686209415776246,0.34735304124022226,0.34907523001848423,0.2757736913191382,0.4980044844246594,0.6501693181779117,-0.025212870031976673,-0.3715952493122711,0.5140986433721262,0.6407203317372235,0.41989132407160035,-0.6560346106025685,-0.5341222778014315,-0.11367670707702955,-0.16544691951564697,0.7328448561673513,-0.5584776648164977,-0.36299871749621243,0.4550330122977187,-0.11701514972681566,0.6054247835659203,-0.3008660399269987,0.39756614157633596,0.6590378978340137,0.6959786174951311,-0.24433907028780136,-0.6921073223717857,-0.011876450016367474,-0.039300059156434676,-0.725745066385304
Insula_L,0.7124238169492497,0.685431742709849,0.4114258522846169,0.18958911524174002,-0.3138687116060858,-0.35548534894072603,0.6382377687700233,0.719349637785003,0.09118978713120961,0.2855795519807315,0.7899831024283434,0.5777114761985135,0.31384821325945506,-0.17121206363190966,-0.4188580700726798,1.0,0.35249916148497795,0.4654266427598075,-0.24009858431587613,0.8095957638946117,0.6176870752408906,0.5332812213255779,0.6772103187368046,0.5152378276027206,0.16087810845522058,0.56538731809485,0.6783785224214,-0.14989109249586915,0.8083061503948753,0.819271272972201,-0.1467631790743275,0.6668268732554639,0.8279747756811738,0.6605096557489016,0.7535436808924917,0.5069173600095248,0.8045702889760475,0.7938255084779872,-0.11263940723692459,0.26599312263982094,0.6271745082969089,0.6639229948093247,0.8752828689334611,0.8988777956783747,0.07166495259989619,-0.44656899092502667,0.8154985046109752,0.6929878159515003,0.5243040156476679,0.5787560464192736,0.2755897739675921,0.7254638785587277,-0.2003543750504971,-0.05410587318409375,0.3065559208618392,-0.3996545982713,0.6700089277055074,0.8274465097534781,-0.2846739625169656,0.087323925250074,0.678651417220992,-0.4963237726179683,-0.04529401394705467,0.22854852921990454,-0.47733351487793285,-0.4746088458386627,-0.14529968374215116,0.6845925627063196,-0.5282484116874,-0.34507418581578697,-0.2407450597410856,0.698450346777218,0.4081297780563534,0.5954087864803381,0.44799114073101975,-0.4805317079095614,0.7588625849126746,0.8330918189640374,0.07446684892923255,0.668205946169307,-0.40006652845077295,0.7647939229389862,-0.2832480183141407,-0.4638077898312997,-0.5484000913916842,0.3401423756786115,0.7723261782544723,0.1841241356227009,0.30807827335481225,0.7584713491773354
Temporal_Pole_Mid_L,0.6336094990500454,0.26555657314945075,0.33356724032451524,0.14366401030917594,-0.11887155564518816,-0.11989106199839801,0.2660713809704378,0.28200701753873375,0.11919235140733014,0.22917041171846886,0.5080772346046717,-0.02439019878980565,0.0566349518922648,-0.06457126044726229,-0.1972145338305752,0.35249916148497795,1.0,0.12057361021623716,-0.04681477615685327,0.40099383787118653,0.2573144667065776,0.34550328136357167,0.21211964761542854,0.2317655482747775,0.026305538326209597,0.30732642116835396,0.3824389303302658,0.1289773734219561,0.36733722148837805,0.29684230272658635,0.03259726134718301,0.2999835154606147,0.2543354973886612,0.13068921794423694,0.34360169329777235,0.15105645643697035,0.4010515937881846,0.27402658230695426,-0.09471589646001373,0.383099217272366,0.27807010085200246,0.1974350903984321,0.4024315674908563,0.406576337414491,0.06975556120704275,0.03860579876513409,0.2983002217709173,0.28422122190709487,0.39924351251534634,0.34407434492475786,0.2638101492570667,0.18885377665512065,-0.018001782171239794,0.0021723506616952793,0.00851472791280463,-0.18722861119522272,0.29399314958952344,0.35934325865359024,-0.026768136240145925,-0.005942934562139812,0.35635257897757533,-0.1866690523453155,0.11781292895713974,0.12289528657221978,-0.2315910008046698,-0.18598651825400034,0.06314801257687058,0.37173948730651724,-0.25640652640517414,0.003465995788805858,-0.07293871545872738,0.38099680414513803,0.19129628829713474,0.4473951011986514,0.19802543872677542,-0.2036627308055331,0.3616923981742824,0.3761450419087346,0.1454481950367926,0.23293491061681948,-0.12636487781529265,0.367272996891466,-0.14244550759684185,-0.14688839258210623,-0.19743454715515532,-0.1824761982743357,0.3127758649214614,0.035343171676772776,0.2680696567126914,0.3071065408905299
OFCant_R,0.3608588903044734,0.5056758969822994,0.09784705444294016,-0.09276397206323818,-0.20251461883222027,-0.31884812733029994,0.5066561936428813,0.3688685624603209,0.06971442087798235,0.1038626777987764,0.4476049637148317,0.6144070100611604,0.39699119397208793,-0.22253553038035057,-0.32883091728009567,0.4654266427598075,0.12057361021623716,1.0,-0.268740124650666,0.3215080006084045,0.4529092699597992,0.10132074695912549,0.59213742341275,0.26511926615585035,0.28563072046009247,0.47912496229148993,0.48495730765385964,-0.09560920437438733,0.6067768651353013,0.485818545917732,-0.2366082081474389,0.3790731801631032,0.6155856898277565,0.5022547460582316,0.49316591127305653,-0.16944099966047327,0.3036997403317178,0.4615918527514974,0.02765246966543748,0.004219750742223614,0.45975747816624246,0.2001231307926306,0.47076123801552305,0.4567076016098552,0.08830561703344851,-0.40328421931171904,0.5362788038875743,0.45702219271879496,0.4940198333368245,0.42024668663318415,0.1074139087792603,0.4395723791546947,0.0071777970080456515,0.08007508589740568,0.31389432176949783,-0.3751777819341719,0.28276311086337336,0.5442656140165925,-0.3444848401510663,-0.023916171587093634,0.19407464612519654,-0.38220748789462977,-0.21025758028976202,0.17533769196587648,-0.36110725013691597,-0.39564978343879353,-0.009167523032669512,0.2389014905189936,-0.30234789954253566,-0.22374650488173214,-0.15889335136182395,0.4055629224959191,0.2934749273372137,0.20380922205698562,-0.05725762996439585,-0.42084018866999534,0.41741349548445217,0.3957859678892651,-0.14125418500809495,0.376528927316826,-0.4426874015666526,0.499219106420235,-0.09038712214803224,-0.3880132351262341,-0.47032748961740967,0.5492028346278404,0.6138453807368487,0.17517309872159603,0.20852718812914564,0.43678378352329944
Calcarine_R,-0.06339396051964712,0.1447812929796526,-0.41926053878065916,-0.5454864428578179,0.8847337386368797,0.6549886548151095,-0.1692455491578246,-0.03817422094381526,0.27377006576882323,0.20624215461790554,-0.19822601612705137,-0.46894854594556756,-0.13917364094727444,0.5747201019752194,0.4828561004892475,-0.24009858431587613,-0.04681477615685327,-0.268740124650666,1.0,-0.05239618166369253,0.05556018187258675,-0.138694960305661,-0.49532962239066214,-0.03032047661482353,-0.03506779733005173,0.13782728324927626,0.02556361021168283,0.5663763902397613,-0.5420570861599733,-0.21067102322052714,0.6648189014679966,-0.12079887722668214,-0.013341459729813387,-0.4223604622260253,-0.3503368255837129,-0.11176734471312433,-0.4871292515218213,-0.3774986823941104,0.7966230433408116,-0.3934229820723156,-0.07504547048800339,-0.38082567428544095,-0.07679363162517909,-0.3711705351365619,0.6316052884689244,0.5977959064174091,-0.044615766884156194,-0.23904745882522052,-0.12459090761371142,0.22530154552363202,-0.1344776949462404,-0.6291029838328931,0.824385953864954,0.3902426007011238,0.23997773633508104,0.8316247894366865,-0.09424104545954337,-0.3852522781191275,0.4201745952037137,0.6950131586437136,-0.23173724374822793,0.6258611501963517,0.10782165744858048,0.23607714457507722,0.7592891085501359,0.706295141090459,0.24193136521122038,-0.2624173364938277,0.3902146954366063,0.8299960210204635,0.7772438796797707,-0.40883834989511986,-0.5433979720210651,0.26360773595054776,-0.009253177078311501,0.8321102415153078,-0.3465348851061121,-0.06814156492779792,0.1934161649596449,0.08913557862368754,0.7268090019173327,-0.13911047051385206,0.8745727391589774,0.7541802274971695,0.6010387666943705,-0.2828844164128768,-0.4905105878087422,-0.02561752614461879,0.03217469038505672,-0.3929105668728162
Frontal_Inf_Tri_L,0.7112811034814418,0.7061961115488498,0.46410965521752906,0.03962390643155956,-0.059107774734605344,-0.059685435639033675,0.6480849714233929,0.6959861521696764,-0.015595704232286147,0.37363344089845657,0.6939707699303059,0.42034375130596774,0.302912838869177,0.06740432436757951,-0.1586503908062745,0.8095957638946117,0.40099383787118653,0.3215080006084045,-0.05239618166369253,1.0,0.6509071238827825,0.6101537642664895,0.5565166055955004,0.6628638851322467,0.1605172068199399,0.5412449681883857,0.7201056929437439,0.028844541116419885,0.5728266582648508,0.7961432263282439,-0.09877813632464243,0.7226059260760991,0.7403456105441399,0.47445013007070047,0.6075394839432534,0.5320034901446025,0.7436725476768148,0.5891711931871931,0.022593595564377695,0.010641316430611832,0.5222737621712925,0.5042196707817068,0.9137454120550133,0.8057789120411396,0.21276329761588902,-0.3049962199160084,0.8174534223132237,0.5559813156972964,0.4920124461267536,0.6426677268282607,0.38407387484879396,0.49040894437853766,-0.09266743013147614,0.05638548304401866,0.5571685466382391,-0.10745014032229376,0.6052842820133265,0.6774245532394165,-0.11654957665151003,0.17633473200720717,0.4601375093654068,-0.3138714989688798,0.05754717107551149,0.3091464227570138,-0.2418801963138941,-0.17945022568336072,-0.2219916975632615,0.6893131875595925,-0.4360483536864797,-0.15402125729692642,-0.013829235893199735,0.5224452501395493,0.12086073591870122,0.6989188461908585,0.28180585667907243,-0.21001630072286065,0.6372527147584495,0.8645358371151486,0.3189774872202136,0.685513118356355,-0.16899579031503073,0.6729586483693696,-0.13327694292877024,-0.24924010353278778,-0.2084165606905802,0.3423617777296357,0.5967129848940804,0.03276256786015859,0.2532227793628419,0.580851550884101
Thal_VPL_R,0.6104896461161141,0.7342774315505003,0.22248204126761834,0.048106915987874276,0.09268352556981473,0.0705465470614741,0.5697013753952057,0.8283667416314252,0.32636627255934486,0.4996155095745346,0.6827699780670256,0.4118852754265417,0.4225093169695748,0.011048817927424745,-0.255845585972059,0.6176870752408906,0.2573144667065776,0.4529092699597992,0.05556018187258675,0.6509071238827825,1.0,0.6402908024035754,0.4615445832660721,0.6873304822815348,0.22098068271868276,0.7561714467116538,0.7220373648747095,-0.10292347347654172,0.5068234442487359,0.6295882656978545,-0.11568663110188379,0.691021403115277,0.6418673345478025,0.4055181753393236,0.6657288420466495,0.1505276415526882,0.5332803135416493,0.5330108225821087,0.05954223194823493,0.043661495896669664,0.5416204519490385,0.09321000499842151,0.7146046306354695,0.6638659950500325,0.45082424954671535,-0.2492200026918394,0.8174798922566809,0.7150018606144666,0.5024532872194409,0.7665204358347285,0.24389293196504766,0.4341328158448733,0.17515875736113856,0.08603332012105744,0.44887954501005545,-0.0003468442543094267,0.5485716905709351,0.7496689251848663,-0.01262777405285035,0.2374475878746702,0.531227842196703,-0.08874225962358014,0.08722769393829875,0.4078043568791653,-0.05957982392698397,-0.16541819352054662,0.003884021934725797,0.6803690450359963,-0.3239758178207279,-0.11994669469536318,0.2207185512070413,0.4751475983713206,0.24251226321128797,0.7130796884015981,0.322310210612003,-0.13543852399796422,0.6619333840115571,0.7468834856641167,0.2540695693800979,0.7193896855733354,-0.11282502368825004,0.6096183181873239,0.059111392543797776,-0.11280850056372728,-0.24821275971975493,0.33546178060291415,0.5166035513627236,0.012801040842463772,0.4234568116118697,0.5572762028949443
