,Thal_LP_L,Frontal_Med_Orb_R,Temporal_Inf_R,Frontal_Inf_Orb_2_L,Thal_PuM_L,Frontal_Inf_Tri_R,Vermis_3,Heschl_L,Postcentral_R,Thal_VL_R,Calcarine_L,Thal_VA_R,Cerebellum_Crus1_L,Thal_LGN_R,OFCmed_R,Caudate_L,Cingulate_Mid_R,Vermis_4_5,Thal_IL_L,Thal_MDl_R,Thal_VPL_L,Cerebellum_7b_L,SN_pr_L,Thal_PuM_R,OFClat_L,Angular_R,Thal_AV_R,Amygdala_R,N_Acc_R,Cuneus_R,Frontal_Sup_2_L,Thal_LGN_L,Lingual_R,OFCpost_R,Cerebellum_8_R,Parietal_Sup_L,Cerebellum_3_R,Cerebellum_Crus2_L,Temporal_Pole_Sup_L,Rolandic_Oper_R,ACC_pre_R,Temporal_Sup_L,OFCant_R,Postcentral_L,Putamen_R,Cerebellum_4_5_R,Paracentral_Lobule_R,Thal_AV_L,Putamen_L,Pallidum_L,Caudate_R,Cerebellum_6_R,Precentral_L,ACC_sup_L,Supp_Motor_Area_R,Temporal_Mid_L,VTA_R,OFCpost_L,Paracentral_Lobule_L,Vermis_8,SN_pc_L,Occipital_Sup_R,ACC_sub_L,Thal_MDl_L,Precuneus_R,Precentral_R,Thal_PuA_L,Thal_PuL_R,ACC_sup_R,Vermis_9,Frontal_Inf_Oper_R,Thal_PuL_L,Vermis_7,Cerebellum_10_L,Vermis_10,Temporal_Mid_R,LC_L,Hippocampus_R,Cingulate_Post_L,Occipital_Inf_R,ParaHippocampal_R,Olfactory_L,Temporal_Pole_Mid_R,SupraMarginal_L,Frontal_Sup_Medial_R,Thal_VA_L,Cerebellum_9_R,Thal_IL_R,Cingulate_Mid_L,Lingual_L,ACC_sub_R,Parietal_Inf_R,SN_pr_R,Vermis_1_2,Occipital_Mid_R,Cerebellum_9_L,Red_N_R,Frontal_Med_Orb_L,Occipital_Sup_L,LC_R,Rolandic_Oper_L,Occipital_Mid_L,Thal_MGN_R,Amygdala_L,Thal_PuI_R,ParaHippocampal_L,Pallidum_R,Thal_MGN_L,Thal_PuA_R,SN_pc_R,Frontal_Mid_2_L,Cerebellum_7b_R,Red_N_L,Fusiform_R,N_Acc_L
Thal_LP_L,1.0,-0.053540129055855555,0.23872072444089848,-0.12225212236162739,0.15401690523273318,0.3064077841540693,0.31398746992557897,-0.13507976554943554,-0.13532147542923983,0.26695733488120005,0.27449602210993673,-0.05605573518390243,0.30025528760996073,-0.08544613632852636,-0.1433626430102639,0.027968665043679904,0.08041196907820619,0.5081893563132791,0.23311634472286474,0.10507152772605916,0.2429459882577718,0.2657807549275125,0.22013024494061412,0.050380721281630896,-0.15497767895794176,0.08899073878494988,-0.15230430688939073,-0.029863478814009536,-0.18176750820863005,0.25773416844379404,-0.13694369166633488,-0.20239914883758628,0.43479677550913964,0.28200552046615723,0.15381599786978134,-0.17352339942743192,0.3538134075246811,-0.06839716010655902,0.05395217574511259,0.04323004810875153,-0.37618987587143965,0.20072073136228863,0.08007508589740568,-0.022839504316845952,-0.11959715260768065,0.4277438615686784,-0.043225091866714166,-0.06957130526957461,-0.11131791817925331,0.1595428177246855,-0.0024900584934142737,0.33273594818769897,0.034269600980733915,0.0012630522192907353,0.009685726761669476,0.5562496071569344,-0.029103203642004704,-0.09825434891117045,-0.06523982437615024,-0.22696281464199466,0.03253905429666149,0.29131578931719904,-0.17565898619199558,0.39862101142963347,0.19233116321832128,0.0563953321879496,-0.015085625926222446,-0.07795137726324029,-0.07615942776714996,0.2793248525086318,0.107141731580012,-0.12651267314000603,-0.40872967019626955,-0.4924265786571216,-0.19144679279925914,0.3231859367961654,0.24366501300997356,-0.13123466019294938,0.19796980960723684,-0.21814613276130726,-0.03932191654697753,-0.23884053868174282,0.09595313686977217,0.03493319802295828,-0.21539792583404138,0.04199950266452339,0.22755077644883573,0.12289704388663851,0.0385887099664203,0.5055665741199848,-0.23000956049228158,0.06495245176177769,0.1622304737693842,-0.04186813493246303,0.20827295507767601,-0.3290585288395606,0.18055897211308772,0.014565933042905713,0.07575324244015125,0.34256864629091144,0.08765872912564357,0.17638015061507675,0.04885578193668054,-0.11528855480943442,-0.07110921659981569,-0.010050864486662751,0.17690724326786328,-0.1892695647010427,0.3137931908871706,0.2983162774291088,-0.1323928619899253,0.3085690837830593,0.09497274346705263,0.4202348413450314,-0.10983639382480129
Frontal_Med_Orb_R,-0.053540129055855555,1.0,-0.19774846162934712,0.2878993243711144,0.4593707643617122,-0.14865283881410873,-0.43389736535506307,0.4249440404306975,0.3680006608343104,0.09075170909384968,-0.4659207013924167,0.21621520356670393,-0.22444150307428995,0.3243638634636478,0.09025864951127127,0.4723107671567412,0.35181390725211537,-0.3596194938723079,0.29558932611151234,0.3641478723002262,0.3323235657540296,-0.3291907883905549,0.006178632031347866,0.3213597577481886,0.39003740879597576,-0.31283826618066335,-0.008952961863275384,0.3812714015397217,0.3470125434225564,-0.37202339835434095,0.4932409662126114,0.20943985076706004,-0.45477836308273506,-0.36032954996922834,0.06438006954666746,0.2839524826245579,-0.27263826500469535,-0.001116867155999647,-0.33815527567581716,0.29122663055483494,0.5007421446802006,0.31918443760121534,0.09784705444294016,0.2762576925297147,0.4558308829037367,-0.480204327116432,0.42194940756922644,-0.04851084498661781,0.5545558611681968,0.051527749205797495,0.4097596655847483,-0.46477896194759216,0.2969146272760463,0.44155345792968137,0.3804107985289801,-0.3512071792655428,0.2517517125996745,0.3642773895691737,0.35720188906396,0.3005532442630302,0.21895768409143637,-0.4550129857127141,0.5147604794101677,-0.03048275195626399,0.20098191966388593,0.33948218174850786,0.5119516442407557,0.48401207668102464,0.48415653070449727,-0.3463218039698677,0.2058977120248355,0.5404398646549473,0.42547566182292157,0.1443539009356884,0.3831622090078556,-0.47720486362447595,0.09213588912541736,0.46067627818991286,0.24168597680764684,0.06908972354287558,0.4495882863945317,0.4444222243359324,0.028913054692709814,0.0752754013567129,0.5487845951763113,0.33264837674929487,-0.3050716495558993,0.2990069932319632,0.33492588955033775,-0.4247544239642212,0.4848586058668237,0.050516805217906365,0.031834272356875644,0.10616729620131406,-0.21788923337598642,0.1114949549683532,0.04015328350280764,0.3783203023904042,-0.1819045528552576,-0.5168819172008569,0.48997280634858903,-0.1372054977915562,0.19662261918034327,0.5093666411758337,0.0875609823746383,0.39329101876174527,0.47350897755110166,0.3137593019062057,0.16964909090184524,-0.35002749109669695,0.511189644598354,-0.4571080926386369,0.09994615700703852,-0.4209051059492402,0.4197400901934238
Temporal_Inf_R,0.23872072444089848,-0.19774846162934712,1.0,0.02276414255509578,-0.0029833079274784852,0.44835751080839525,0.6169923742779821,-0.03641006010228545,-0.11644203563483507,0.3813972190534021,0.542465933790112,0.08949600172386749,0.2804994332632906,-0.08612403544361776,0.019530764083779528,-0.18210013564843336,0.07401818263896717,0.3592003879834995,0.01939528787040778,0.00877843060560584,-0.003265910329627228,0.5055950044668881,-0.04107409541332834,0.16385908948833025,-0.33465797372824574,0.4674776324873188,0.13456381640164333,-0.1350031789760531,-0.39420558595214306,0.5366307204856183,-0.06324895107771968,-0.13516446747403943,0.41178178047368746,0.46002070131064193,0.06574771956449671,-0.03561541448556883,0.2822293800058964,0.27489138201142793,0.24531580006295942,0.018710478079770273,-0.35906051858100474,-0.24713420647152776,-0.28618661396912115,0.20349048904317696,-0.06343669562647289,0.40629875969466084,0.017153772733598287,0.09565280715773532,-0.3367390962102751,0.351336611526543,-0.03186743443336252,0.5256821586955095,0.24691241427013447,-0.0020045220044875834,0.010422202906234542,0.23325690739988328,-0.07290472236313472,-0.37226007506366016,0.014802976729607573,-0.4671472341028799,-0.3487365741057914,0.5233936682950444,-0.41208085461011223,0.38871080685527787,0.16548508225176828,0.12330678592873845,-0.19574248002353875,-0.1630832985533059,-0.21293448968367523,0.48321830816889316,0.20916646576252945,-0.3518293992974131,-0.3301248937758284,-0.2272706502418013,-0.1294114555125486,0.6792538481562889,-0.2706057554891329,-0.14664193538882406,0.04330986989412184,-0.09006912399983179,-0.07591980633402975,-0.38005245189655334,0.2636181757816644,0.22207008153418967,-0.14540266856419543,-0.11847347407914843,0.5657927700201151,-0.03129495449435703,-0.000661493331186423,0.4890305470346782,-0.23326543301459768,0.04282293581910176,0.3503472449600676,0.38836984928680707,0.19427437980846948,0.11238836687196405,0.2465757885167446,0.08503201110320063,0.3634592643184783,0.454261334693263,-0.08800637869941612,-0.08403474197118861,-0.13172918650758902,-0.4473374794317464,0.34883065873156616,-0.313577283255743,0.10292604382641667,0.15598116012292632,0.4682499555958722,0.6142246137065857,-0.14173554214245712,0.6145676715331841,-0.12722921344108187,0.492207296381177,-0.2246648653108605
Frontal_Inf_Orb_2_L,-0.12225212236162739,0.2878993243711144,0.02276414255509578,1.0,0.08343208076546055,-0.10802395244586477,-0.0687835836519527,0.2891585319015836,0.4405894556564945,0.1561221958954852,0.0003935385093782755,0.2993869263702113,0.020010329492351275,0.1250640012052918,0.13898229865723152,0.12526332183267597,0.11956225967642725,-0.3915963591798652,0.0765388704471027,0.34937273876580865,-0.06628560546461675,0.040775487002648346,0.06893317697504313,0.16565045174739929,0.688370939961403,0.2388347128698257,0.2423069185117519,0.12268961534980993,0.14850520003336898,0.1706823685582334,0.4029975281013682,0.35639948511927794,-0.33599669826666223,-0.1482966913156692,0.16099239534947218,0.38856913702017837,-0.07938110660330434,0.29869041653397055,0.15293371743201248,0.032866781134015914,0.41026424422119634,0.2721685868806134,-0.16944099966047327,0.382887935034396,0.2192724804810087,-0.2936055681878972,0.3057240770913214,0.2194162508586418,0.24975676510144795,0.11246384379058487,0.11766150532765544,-0.07121261442295405,0.2987760013787114,0.36814027344251754,0.24465237863629932,-0.13101971793725722,0.13752083812769397,0.13874030173298135,0.3727656679780587,0.006803293029023438,0.20409994705816487,-0.018668772367233005,0.2679000845684359,0.05420336139720295,0.20271116548361323,0.3049936681153152,0.08203293472696292,0.11883496026788219,0.12700500446135313,-0.07793122868588526,0.12906984750195558,0.13853082479381018,0.3680607919871051,0.20916886420806471,0.23192764725026208,-0.19394977943035463,-0.3023604510154798,0.2070398284979451,0.05600798698542142,0.28975206155810485,0.09012240000353301,0.14961752412125304,0.11289728962911523,0.41829192291251,0.47629142066457186,0.20558329165692776,0.12547239714152264,0.20871532586619718,0.08107531834263915,-0.3040212140580014,0.28611409741132793,0.17003733708846747,-0.016056025856947476,0.19189908362254102,-0.03265355909364982,0.5062826435733982,0.038547845088927196,0.3161812340120156,0.3055028276838671,-0.1568382853229599,0.30590796441679835,-0.21460390179254346,0.009186686361087736,0.15144564946942812,0.4266823832744753,0.07655841125275009,0.22308767694173187,0.36609020898806993,0.11143561566254565,-0.008328839108628711,0.40153275298120455,-0.10480819773161366,-0.026569851073266735,-0.3320078107913077,0.16417751609281223
Thal_PuM_L,0.15401690523273318,0.4593707643617122,-0.0029833079274784852,0.08343208076546055,1.0,0.4113565645556339,-0.1551918494572535,0.6513611497123216,0.5139012396450477,0.4439485342912744,-0.3037111943940843,0.44946016763743546,-0.07438141734272966,0.6375831659735465,-0.01188139647160274,0.829503535255602,0.8125484873262357,0.1993333888085915,0.6537352975411522,0.7102707552047475,0.9080040801235287,-0.4566255417833753,0.3606213240403604,0.7565433016137533,0.2430048062171159,-0.37440750568325054,0.12340049605808218,0.7353825548174554,0.5112401188997603,-0.24095979049563165,0.7258676982374371,0.32217889827534874,0.047338116611429504,-0.23063303213175956,0.4094504873970761,0.20524945909376277,0.22708401991149266,-0.1054205549569208,-0.4119101646711846,0.6848321559077919,0.3628365395513565,0.7468800103392415,0.48495730765385964,0.46355684450746265,0.7228418618329344,-0.11457930371160831,0.6800340869984072,0.16514450939159192,0.7406117910445833,0.40985503929246975,0.8146886775347598,-0.25445194947496425,0.6486249703509173,0.6152232245229711,0.8184452689278241,0.07615422606381202,0.4609307939857536,0.47837510907509,0.6937229937153544,0.2354365563817678,0.5066416209142582,-0.3102779474400988,0.46877075720483957,0.332315211590961,0.6986297063960717,0.7707568282331095,0.8601848617820665,0.7366920252601662,0.7405834485006398,-0.16913461122368334,0.6387005353976557,0.7183024608311782,0.30584262685458774,-0.1025015286222315,0.21726398433381502,-0.2312612556670385,0.5538069257401849,0.7350197666795777,0.8256213189882458,-0.0034471672917981365,0.738393186931384,0.6130310829071545,-0.09453984861731694,0.01726520079825526,0.6419718002652967,0.6571099774354134,-0.06540534405419145,0.684206819847641,0.7964370040036189,0.10068361197694499,0.4336613275366241,0.19182010310827816,0.37627532417426174,0.35645828993187956,-0.047744460076216105,-0.07140862546046449,0.5676025458208604,0.3863831082181278,-0.2450575696612134,-0.4100920112068404,0.7912564237149234,-0.06559090735251,0.5906124120356907,0.6834173695928193,0.34774432998274024,0.7395345083067296,0.7961027729311778,0.4794396863439835,0.46109534376999445,-0.18129825276411868,0.7360930476245561,-0.3356751891977654,0.6097564481792598,-0.012318224209047542,0.705849185775225
Frontal_Inf_Tri_R,0.3064077841540693,-0.14865283881410873,0.44835751080839525,-0.10802395244586477,0.4113565645556339,1.0,0.6317772946363327,0.19115724752748253,0.11360884747151935,0.6353568705497713,0.4614992191542497,0.35988252237886115,0.4278877569305709,0.22299193340933957,-0.20405420702577381,0.23016401204652956,0.46988693050849323,0.6913140754921147,0.3897984478744643,0.2498054710345742,0.4745621114995845,0.1685827560444703,0.40734459642278825,0.4016718163054885,-0.1542064139373698,0.25934826331181,0.25642610489349243,0.26755979411167896,-0.0543469543514952,0.4505536453193411,0.1804420102598672,0.0940811913266561,0.6839859401015238,0.339113441639539,0.25296324805544196,-0.016878947878747996,0.7207353880012851,-0.1697219120158374,0.09409241645822754,0.5535518621011559,-0.3085478682553313,0.27109762294233153,0.03741157378800679,0.2957773064615701,0.20247485886618982,0.6509058012879549,0.14930720636098482,0.3387785535085709,-0.0018164152566995534,0.6139491159706241,0.3519695665313722,0.5469885647122873,0.3892022599981945,0.17267964484571255,0.4155097574919479,0.5303414669608978,0.02725086779546173,-0.14692339463275617,0.31963947651896063,-0.35096799705481646,0.10360764457676934,0.4728924355076327,-0.23515538341453812,0.5385791646201894,0.553620971563585,0.4777280305154961,0.2524489126370864,0.05395753278289813,0.14591997385986924,0.5621179379322578,0.684118489679201,-0.012830402920785178,-0.39071264713376547,-0.3522938794392811,-0.40876241877681657,0.5804555946228728,0.2684316538644986,0.11457062070369169,0.49315844941084663,-0.16783391941651887,0.19882624743532856,-0.026230893064663918,0.24156769832894567,0.1564136067986722,0.026777680922614094,0.2837110336249319,0.5021180022539241,0.3735129364912172,0.3828787977217972,0.6782489340002977,-0.08992030768719472,0.3088070564849068,0.473526068303061,0.40495317758762067,0.21260455959923633,-0.2705629390393646,0.5546748904775273,0.04409742169848287,0.19855083227822162,0.40098943120941466,0.20634250736221113,0.06087566204868406,0.32908892146388746,-0.0734519773619979,0.36914348140022296,0.15405250693719819,0.4358521060986368,0.20831721237482353,0.5489410623695277,0.48649908300965145,0.1670514562680206,0.4547112543892403,0.432536045822651,0.7454714786004155,0.10483924957487632
Vermis_3,0.31398746992557897,-0.43389736535506307,0.6169923742779821,-0.0687835836519527,-0.1551918494572535,0.6317772946363327,1.0,-0.3628959408603418,-0.3643748281829599,0.49593609323123644,0.9397395584082925,-0.10746765965879908,0.5489316412694244,-0.2946278101007468,-0.41541211978729026,-0.45652654959214195,-0.1546675292380187,0.6824807855683619,0.20475001772823173,-0.11417497408413782,-0.03336078763348356,0.7347056429986334,0.3049338137558152,-0.0891628161535748,-0.4827372959522,0.604707372027627,0.030809281976924768,-0.42730433586065303,-0.5521820258561989,0.8539596904850452,-0.4216101049679241,-0.29452548210277313,0.8293811315021619,0.6306673722426982,0.04933592133177231,-0.2062557045161539,0.6894379509720119,0.0945292618617173,0.6376494884483609,-0.1259807452401088,-0.7677890423623943,-0.21740367640431632,-0.3751777819341719,0.07462124632336384,-0.4101479601843056,0.8891592664632298,-0.3033628165361373,0.07220761730096582,-0.638647754229248,0.22638989034903095,-0.34331378063645807,0.9209997662556141,0.11044453595141117,-0.36387201349354603,-0.21208160819093141,0.702121520008085,-0.33192971968834944,-0.571341087022818,-0.17352069870288947,-0.6992402791513916,-0.21574059899681436,0.887012116333886,-0.6293292301905078,0.5241480435978969,0.1260706234327811,-0.07243405339206123,-0.4279761277286043,-0.551658442992447,-0.5487715353310314,0.8656476967990933,0.14101337370826733,-0.6116748455046508,-0.7540800999748297,-0.43843454563830897,-0.643353133367498,0.9053990669842528,-0.19842878855608342,-0.5110395329412984,-0.024757517139738127,-0.23776244671379984,-0.4767273210102443,-0.6784743343841314,0.35154363401634936,0.33543174763268463,-0.5364441144814571,-0.28453687693167784,0.7472149913900141,0.006591104436698255,-0.22046391681560348,0.7609925819542076,-0.5918727447974717,0.05586508306971966,0.11219072502359824,0.15564174924617047,0.31261866265389526,-0.1660288934506986,0.06798227503635965,-0.1283335126399747,0.5901317264715032,0.8668644297033681,-0.35335681953716147,0.06198354292964529,-0.20740771168341687,-0.7417322214975431,0.29365591882661046,-0.5450752989056847,-0.17543794297425472,-0.06729919571612483,0.4184354051317897,0.8306928438838661,-0.48420376869931586,0.9018201907232454,-0.09041608737770929,0.8370127567665048,-0.5559298599695146
Heschl_L,-0.13507976554943554,0.4249440404306975,-0.03641006010228545,0.2891585319015836,0.6513611497123216,0.19115724752748253,-0.3628959408603418,1.0,0.7227249668080232,0.24056752616862878,-0.49477637277767783,0.6287263772583355,-0.13114524946382847,0.7120316488209931,0.277681262522281,0.7866027075755194,0.7795419100610118,-0.1523784726935947,0.2545943513189172,0.618358999552763,0.5248309855816734,-0.48201715764212383,0.0978050013028268,0.7762783066038546,0.44931526660759447,-0.2686031649700358,0.41594571407104375,0.774246736348994,0.5972675603806553,-0.3595724468312857,0.8649148908647966,0.6027391169210379,-0.3104206316650775,-0.4711499061828769,0.36047873017592047,0.3543143258014106,-0.002762772532001301,-0.030172069730455275,-0.43207876780493376,0.6305273822450279,0.6826412155164548,0.6586512383104284,0.43697598680132793,0.5423823307197818,0.8138112469373724,-0.4309546027152056,0.6812457045084259,0.46014276952394106,0.801103004528414,0.40209646843238644,0.7595069411538747,-0.4021404565125365,0.5937016595011493,0.7611110150106072,0.8325860950477882,-0.2842815720316412,0.5391351157760198,0.5545205586524504,0.7479924489491152,0.31644257490723293,0.40211324842907414,-0.4904148216949422,0.5115716268882805,0.11247940910570829,0.581363649871162,0.8074324740080727,0.7165266632965565,0.6544318150346106,0.7256585695908658,-0.33037218924664985,0.5703189111095512,0.6632642495355137,0.554341709368226,0.16008534030903668,0.5601189790119891,-0.39323716357604366,0.33751963014776226,0.844956190556936,0.6851966457758896,0.22315382244882287,0.7870418606271722,0.7279463146060097,-0.18449883837375022,0.030551232625266593,0.7928978449161204,0.6500069757118648,-0.13297669374304055,0.5873904734841416,0.7694613388711361,-0.22934502865338244,0.5391566019765762,0.2430279105099783,0.33666476722209593,0.35976794513626814,-0.2552735920795795,0.17018795450420435,0.5900825115203021,0.2914544086501219,-0.29246643725607196,-0.5951680845867687,0.7842701453115429,-0.13192705359682924,0.5902745236091599,0.7398612388898239,0.5249888805696538,0.7565542474631984,0.6460455348408891,0.5590802642664295,0.21451163030012294,-0.260945658501426,0.8727579011259354,-0.4440156533337621,0.5882244692383319,-0.29202419325813045,0.7367929008813346
Postcentral_R,-0.13532147542923983,0.3680006608343104,-0.11644203563483507,0.4405894556564945,0.5139012396450477,0.11360884747151935,-0.3643748281829599,0.7227249668080232,1.0,0.2186177083867682,-0.4163849799615218,0.6151748543022424,-0.1585583426835409,0.5771205966535735,0.241192441838337,0.6593009489456699,0.7026327899922367,-0.29185803425839124,0.23177999017405435,0.5800380636287286,0.32933322837918083,-0.4439151489456847,0.2187346341691903,0.6084308831632749,0.5299167800339957,0.1438347546772371,0.43443491552182095,0.6525205633919005,0.5080929833144052,-0.11575547893805789,0.7235884289006144,0.6780147727855215,-0.44669384238542675,-0.5133150916449274,0.3242053714814503,0.7934750001578839,-0.1907269349041178,-0.11672832615736581,-0.3223030914159674,0.43681272336759575,0.6650127894046536,0.6199547337729876,0.43952767964891826,0.7463982728051874,0.6934312315894328,-0.4928997097168186,0.8120363727914643,0.513926395182989,0.6973201042194219,0.40637873632760557,0.6088562108970117,-0.4974805189043692,0.4683956099298649,0.7292937857948683,0.7162826544305142,-0.3144285533983504,0.41848011398968865,0.6022929976414473,0.8832124136061581,0.3865945619171351,0.5312656426953936,-0.27249105971890253,0.47056483149852013,0.006961176639151087,0.6956197599950171,0.7985906807826891,0.5887147986770905,0.46477843687270837,0.6278365069553115,-0.35788938341032767,0.3858615392522827,0.5386370237100985,0.6330712080969294,0.36962276985637615,0.5476216815839299,-0.4872498861755931,0.033286401022686304,0.7675019116929286,0.4654590307989071,0.3491074456495851,0.6072066968169216,0.612865302609639,-0.09910262105856742,0.3604537419602976,0.7090667470404295,0.6528091180305933,-0.16924507984963577,0.5305908183078271,0.7307225477410436,-0.34283464652171897,0.5968678642322829,0.7094032722694533,0.3631098889604462,0.33482313516953754,-0.28937560969495146,0.2220111417375004,0.5883665483643421,0.24953027792698365,0.06437672067914504,-0.5814364388975594,0.5856076737096181,-0.014764365104338957,0.36918970288275305,0.6803005090556664,0.47644674230742684,0.6829837107456572,0.5331228756656029,0.6084672106653328,0.12112184225433961,-0.2180485661706183,0.7863623298823098,-0.4878938873255172,0.5084312231691693,-0.39316440327357366,0.5922835726598527
Thal_VL_R,0.26695733488120005,0.09075170909384968,0.3813972190534021,0.1561221958954852,0.4439485342912744,0.6353568705497713,0.49593609323123644,0.24056752616862878,0.2186177083867682,1.0,0.38714771244953156,0.3418643980992837,0.4353651841180085,0.1544276603686451,-0.29273306082424116,0.2379006871147305,0.3973293539469149,0.457207389337604,0.5373474385109746,0.4698149351919548,0.3969567959986544,0.20523742613867477,0.42343555239175623,0.4237882066499344,-0.07354806455248478,0.23363574619791372,0.08064222968537521,0.1634327188844792,-0.0787692874219898,0.4238177208713178,0.21222766880469954,0.07542227469715046,0.4434709809478387,0.1462629423712121,0.35663670090715827,0.11083381418552886,0.5284763077365252,-0.040660764428558,0.24062803800375104,0.3229440201120384,-0.16257217012018638,0.3504295611667455,0.036487800688448285,0.410265990021228,0.28373274611368177,0.4224153758817923,0.1853375614533896,0.3183933079357505,0.13588764183539426,0.5092718318765578,0.31912810989048856,0.4172252342092147,0.4318850528784824,0.17272623490885106,0.36243832654540975,0.44903954182276073,0.13471943384291754,0.038605936193435754,0.33337294934348627,-0.29692724633221207,0.24721358670772556,0.3706677754632398,-0.0952291240064964,0.49257595493612993,0.45456424604698176,0.4706851404424106,0.17628483300045347,0.017781810540414878,0.08921872699301106,0.4555322135452693,0.4542932267160795,0.0646269342310314,-0.22559700044085426,-0.29148009325032087,-0.16811220085779296,0.3714668053983611,0.09785495561847271,0.16670800750284653,0.3940545319279121,-0.05316516187142754,0.16494995450255315,-0.04295283796980671,0.2648347083178899,0.3162905290802961,0.15774807400599317,0.32940027222778784,0.3799604342358898,0.4364065550856656,0.34281309313345926,0.4109418488547538,-0.09458888666609651,0.2659125408580658,0.3332457122361935,0.30806026644259,0.09257816797944671,-0.09544835019603258,0.40612266340318703,0.15951469781913993,0.2787119562807492,0.2649047636984692,0.29057257316830687,-0.015032003257254078,0.24236192258959918,-0.028893913346973173,0.4342701393107169,0.11061662049831494,0.38590590746596687,0.32624556124607934,0.7107459193526865,0.5254749895283677,0.20592083441460574,0.32165956143046665,0.27208111780551697,0.4862375363229145,0.057020949058503696
Calcarine_L,0.27449602210993673,-0.4659207013924167,0.542465933790112,0.0003935385093782755,-0.3037111943940843,0.4614992191542497,0.9397395584082925,-0.49477637277767783,-0.4163849799615218,0.38714771244953156,1.0,-0.22274886359976745,0.5815577724293898,-0.45055339263929933,-0.38320622020069833,-0.6134393074795725,-0.33140394529650485,0.5796617722407413,0.0880991552500233,-0.24470217103365505,-0.18261248927913964,0.8186519841884746,0.25769656859838336,-0.26571449976742595,-0.46042171606966603,0.6706099879436983,-0.0611764168368884,-0.5979525379250263,-0.6299478293603905,0.9141295809740548,-0.5543780470379818,-0.3677329006180256,0.7629012420619065,0.6549559864827091,0.014471016114121153,-0.19250831273999855,0.5751974140430199,0.14472451093292302,0.7328448561673513,-0.3264815203574292,-0.8123745222226055,-0.3069015238119636,-0.42084018866999534,0.009690933163379474,-0.560087543336723,0.8291605397963475,-0.365607545138502,-0.007554150523509714,-0.7354226253875493,0.10651709604284866,-0.5167632031480242,0.8921504299479663,0.00368870739224739,-0.49961756128368423,-0.36052683173862665,0.6793089062683526,-0.39462579900498546,-0.6145773787808096,-0.26574240566899926,-0.7090628232650826,-0.23165727281311374,0.9256878708575986,-0.6628348569422489,0.4429492235976803,0.030128305449454048,-0.21332443062654174,-0.5719697797120533,-0.6536861217336487,-0.701210107025107,0.8127495418470521,-0.05758147652255299,-0.6985634417114971,-0.7367795875313006,-0.4162422350839176,-0.6184172376190056,0.8605411361154544,-0.3363509778561918,-0.6425695416640598,-0.1811451089992012,-0.23549139095342092,-0.6511946470510162,-0.7751581163941885,0.36125310368938746,0.3917103109251947,-0.6348722504435371,-0.39492204848643647,0.7222941445159715,-0.14760219343546527,-0.3679141472773653,0.6983162434471647,-0.6502683979105074,0.011372919930366817,-0.017581162951703772,0.026971848331358354,0.3730500197044621,-0.12522379912906878,-0.07544045471713384,-0.11673425393574578,0.6853090373987588,0.8975367603147958,-0.5019773949916938,0.10655948341921419,-0.35101308344757387,-0.8251789790472329,0.18922922856161728,-0.6778860209381457,-0.3237518121264742,-0.1818312343516897,0.29361588121698745,0.775568052370169,-0.6047602210852322,0.890052963232096,-0.232169696449304,0.7305518183432902,-0.6798433162200149
Thal_VA_R,-0.05605573518390243,0.21621520356670393,0.08949600172386749,0.2993869263702113,0.44946016763743546,0.35988252237886115,-0.10746765965879908,0.6287263772583355,0.6151748543022424,0.3418643980992837,-0.22274886359976745,1.0,-0.03560226104979328,0.6108654396008676,0.16850340590780202,0.5835247202044985,0.6779284695052438,-0.02886051535535869,0.2479531245322754,0.5268186221701678,0.35439739204613985,-0.2943206068001071,0.27790688776088596,0.6042269515793457,0.3409189788051348,0.024360850380199937,0.6934273667172244,0.5919003522177801,0.4122642435865621,-0.07209274946677674,0.644016386430748,0.5768988161146091,-0.1266198318660651,-0.28681229269257325,0.4206595371115631,0.4082005648020153,0.1663027299387899,-0.10025942025350373,-0.1914970268329345,0.5503206934000199,0.4701621731433894,0.5263377079218859,0.28276311086337336,0.5936148338736555,0.6182964169540989,-0.18400851889323394,0.537188380954816,0.775087886713101,0.5152790354694301,0.616952278145992,0.6102959668745279,-0.14907961701219274,0.5201544229055421,0.625669232975371,0.6376607006848695,-0.08749938252610745,0.3828322555413875,0.3596385573811121,0.6432990712129109,0.24872633807160618,0.34558783751807026,-0.18806154667401648,0.24579577529050153,0.12533543189361734,0.530581929377805,0.6716674784625514,0.5382407462233842,0.43060659395611595,0.5577439402962012,-0.06956859858536789,0.647195589118456,0.35559673562897626,0.3709054181206692,0.21888161292122202,0.2940405744652619,-0.1634473766576356,0.15833268040900678,0.6298540171287135,0.5555655411299029,0.18671938639398136,0.5734090266191115,0.47102866634722784,-0.07346620374308513,0.22215282006907527,0.5628776775559131,0.8168412673346875,0.0037067631290583396,0.5151181511430473,0.638240809079857,-0.07596808815912073,0.3040969615674811,0.37847650110993,0.3716977330960567,0.4402985893375856,-0.12724299319164598,0.180551108116148,0.5925106599526971,-0.033212883725487904,-0.04974164141827132,-0.3146711763416946,0.5727814768000777,-0.05604421961846599,0.5035604330781689,0.45914818090117776,0.5838304565442257,0.5193432622620401,0.604134413790922,0.613561520612898,0.1457314382535353,-0.051366181074410266,0.6833210707541045,-0.22670754704371934,0.5025055393672483,-0.04254742626296757,0.5233765830397727
Cerebellum_Crus1_L,0.30025528760996073,-0.22444150307428995,0.2804994332632906,0.020010329492351275,-0.07438141734272966,0.4278877569305709,0.5489316412694244,-0.13114524946382847,-0.1585583426835409,0.4353651841180085,0.5815577724293898,-0.03560226104979328,1.0,-0.34170059622532833,-0.147455368633357,-0.24356444010833914,-0.12198366705828324,0.431940754988369,0.026057825248379747,-0.08251951869827519,-0.04494029309165449,0.5579386930173517,0.37620316677586724,-0.0823070387842284,-0.13410385163481778,0.3371843174383786,-0.0271388296317983,-0.24761962050466393,-0.44090481868305087,0.5345975153383222,-0.2716654807519072,-0.14793198830474277,0.5123425857564075,0.5230635908521611,0.20673514684049643,-0.2298801191995267,0.46569851308594107,-0.042681808120255606,0.4333153401980611,-0.17049867314588046,-0.5356805478133267,-0.005543059231821218,-0.09560920437438733,-0.06374272197930307,-0.27258891049851997,0.5636534106971441,-0.296330884096788,-0.01707832794793038,-0.32905045004370126,0.10158775998516535,-0.1676042288103444,0.6322379573005277,-0.050902502929743604,-0.250638577365146,-0.10354154215088106,0.5580484439085887,-0.06206199832798697,-0.2816941875068072,-0.15791614185173913,-0.478495521591461,0.010032008772704786,0.513588254829931,-0.43184527039038134,0.4863827741800911,0.04008353681364691,-0.005127396203297621,-0.2864737018787153,-0.35090428260458395,-0.3909942998112094,0.5674910894259929,-0.04079293968135716,-0.2898784891291998,-0.4935132985852524,-0.43619452020983895,-0.27563722285751713,0.455056551945118,-0.018764841014039326,-0.3464712169364193,-0.007722766328550279,-0.09553129897522548,-0.37573099373647567,-0.4149501814968144,0.4467488187379617,0.1349365152989776,-0.3077454692441542,-0.13722047791878797,0.473548461378827,-0.03435675686163264,-0.1667930324844532,0.46919227049211765,-0.32986586201261625,0.013434866771512932,0.046637569884489014,-0.24356424885227196,0.2845494265504128,-0.32199775052993285,0.05109762909389706,-0.126127241467241,0.3324843175317727,0.5560547913063597,-0.21017196860872367,0.1673871732759548,-0.09801530621635213,-0.3744695233790531,0.13679197691372688,-0.29731141313596227,-0.013040552992520911,-0.123999057526947,0.3861633956974841,0.48386821493231236,-0.2504348243212677,0.5768916035729436,-0.0612035871469461,0.47755741470126056,-0.3819967668232908
Thal_LGN_R,-0.08544613632852636,0.3243638634636478,-0.08612403544361776,0.1250640012052918,0.6375831659735465,0.22299193340933957,-0.2946278101007468,0.7120316488209931,0.5771205966535735,0.1544276603686451,-0.45055339263929933,0.6108654396008676,-0.34170059622532833,1.0,0.17538996346707222,0.7343666286413981,0.7855104519510336,0.016463722992986964,0.3392006634442133,0.6102769037879529,0.589853349572445,-0.5571646063394,0.10812860688821037,0.7041591740363291,0.21315647412769664,-0.3073559863725196,0.39116331824629597,0.7054679752041668,0.6098628405798595,-0.3659695684807146,0.7394590829801214,0.5576708493674863,-0.14106377847184903,-0.44378483731327706,0.2609823782889607,0.2676296137697824,0.11851994949811953,0.0012129023587313817,-0.4129924489880902,0.674222250000324,0.5562402093861293,0.631313723476036,0.45702219271879496,0.4819256469664925,0.7397632126829006,-0.28518267713278994,0.6424467691857834,0.4694608575167964,0.7000850294143259,0.48718631973691545,0.7139450394045644,-0.3777662003748644,0.5997661714890249,0.6756155217123216,0.7622351607278417,-0.16401197029382278,0.47391989863408646,0.41525450363748445,0.7080782067520709,0.3855023335094441,0.4184067339738677,-0.43043271474686834,0.44385634991226086,0.01111685667133917,0.5437505997220394,0.7230886449331793,0.7270639472610829,0.6733614661369521,0.7080793628497845,-0.36639120015812293,0.6144950104515149,0.5599053643244291,0.4892556486179717,0.1728520034780341,0.2981359507388224,-0.28718300639297983,0.4055567968832673,0.7850878816570788,0.6847198198827616,0.1513646734234915,0.7545749556910479,0.6437372936500587,-0.27158704364295494,-0.02133944951580556,0.6410663774800923,0.6781693072641366,-0.19674939329688632,0.6359711730791131,0.743474655821194,-0.05151701613010139,0.4060012608970065,0.27163920398307745,0.3705644909176107,0.48632523345768097,-0.2539408367209202,0.18659163953039878,0.6051593939681438,0.19418179024850485,-0.31692797904526193,-0.47977693318590087,0.7095575254288768,-0.16571434192309906,0.6732323707062206,0.6598628512201936,0.4828312752114188,0.7108894667091908,0.6293226756139538,0.5622475462377939,0.0714271066311626,-0.2511921200085004,0.7358687121018246,-0.43423187327930346,0.6399295921645705,-0.12395468594260672,0.7070580893817319
OFCmed_R,-0.1433626430102639,0.09025864951127127,0.019530764083779528,0.13898229865723152,-0.01188139647160274,-0.20405420702577381,-0.41541211978729026,0.277681262522281,0.241192441838337,-0.29273306082424116,-0.38320622020069833,0.16850340590780202,-0.147455368633357,0.17538996346707222,1.0,0.20058903175021572,0.09582458155898467,-0.3431584122963313,-0.5736146107302695,0.038903540371876544,-0.15610422559942005,-0.289244414087942,-0.2246423738795879,0.19389166792298973,0.18352783228762404,-0.14930861038156923,0.3652153389172664,0.2949620976097909,0.10983577992058544,-0.3060776337490856,0.254254898089701,0.3797792027263848,-0.4167738915090971,-0.013091011260331572,0.006996474306357574,0.09100358096798361,-0.2202495174461158,0.13895563254888796,-0.43182393345165565,0.0849202583777408,0.3953495206613197,-0.01928113525612034,0.004219750742223614,0.01028666362079111,0.05893862909379632,-0.40898789284389225,0.13216351907004087,-0.018181858305818165,0.19618263497624336,0.2086590057692599,0.30231961358942777,-0.3307270740120544,-0.04405748127291417,0.4428202901231966,0.1347660365148904,-0.4191918089233762,0.5065706937583558,-0.021401081208957957,0.140013864585339,0.249688584136249,-0.008245038405330758,-0.3124312130704595,-0.07844926110514246,-0.0001467359476143357,-0.018445994898312005,0.12453780892595472,0.150856421721064,0.2684770156994277,0.23039634022622968,-0.32836546162179636,0.012559860401871781,0.28554185581335406,0.43657491946403,0.31263498896257386,0.3093958625872837,-0.31953224986417905,-0.0024808375624978053,0.2642001950449091,-0.02483010177142154,0.02953668796751245,0.28569238125949625,0.35363343522938934,-0.10099895516775366,-0.08379532682886814,0.3361709974384815,0.0683294685477037,-0.16342456674169187,-0.12313035455830418,0.03234762294639492,-0.223510204169469,0.38882526667293615,0.02176969938756137,0.10682037979239314,0.06075330247273403,-0.25331453693305056,0.24531232818911475,0.09507089753670539,0.1599368276406783,-0.18963840946601962,-0.2940204333696147,0.10199220498604489,-0.028518166241517453,0.09264058438107088,0.3194836510456357,0.0256182318520027,0.2254679914933818,0.2809375138044666,0.14893400774899268,0.01242606896293473,-0.3069637248111922,0.2651919902394214,-0.28462822747308153,-0.042201085971249275,-0.349686592447597,0.30408179140339753
Caudate_L,0.027968665043679904,0.4723107671567412,-0.18210013564843336,0.12526332183267597,0.829503535255602,0.23016401204652956,-0.45652654959214195,0.7866027075755194,0.6593009489456699,0.2379006871147305,-0.6134393074795725,0.5835247202044985,-0.24356444010833914,0.7343666286413981,0.20058903175021572,1.0,0.8587565194287977,-0.027578642370627886,0.4232224758776916,0.6852777151355176,0.7318797892502871,-0.6650825660114804,0.22930845938275343,0.7965591393671723,0.42394369035420365,-0.491265357960432,0.2676523895421257,0.8749897361621748,0.7376032597955144,-0.5100634786236915,0.8568391093686731,0.5341219718064939,-0.2377160883602087,-0.4620114034623837,0.3775436002647327,0.28472768970267315,0.03429581698116319,-0.23064276924181254,-0.6213000726268616,0.7452944438188924,0.6567621868028738,0.7908034690685667,0.5712480370454354,0.43386244472480273,0.8589615425238534,-0.380122157461838,0.683448977058401,0.2913187015466886,0.9120750954172487,0.4365961655204184,0.9154179357798958,-0.501639279649632,0.5476071697495073,0.791039250295884,0.861090879250807,-0.16610751393961873,0.5591777647963645,0.6576181019382353,0.7116133016760618,0.4929013165802049,0.5169867332455553,-0.5928290798454375,0.6192499584379336,0.1334837804588498,0.5715793556674839,0.7873050051387829,0.887716379899452,0.8139518051179697,0.8959634052270297,-0.4181873182353692,0.6315925595851318,0.8055154286386459,0.5067588797070547,0.10897529302447671,0.44730785544235024,-0.4854961863477173,0.6111148653601992,0.902671736399367,0.7575750784662468,0.10690508161371623,0.9158842067725942,0.8252991686315447,-0.24981233560466468,-0.10517729702908178,0.801316503685631,0.7607418633451504,-0.3185989014328473,0.6725146779899988,0.8482138564937032,-0.15672768979292984,0.5672410959806254,0.24084157452197857,0.4009193294139695,0.30076585714298926,-0.2056398482285708,-0.020140726258616126,0.605673377383853,0.25578204114150316,-0.4582949753990524,-0.6625776892615358,0.8792897368016854,-0.07964957905565691,0.6743917381468937,0.8824364000051643,0.31714352009331165,0.9177203581817973,0.7894058212765916,0.5120132278903905,0.27292672390885603,-0.38225849892051855,0.8891887474504115,-0.5942260423606515,0.675562005700207,-0.23077824507240757,0.8732902116806662
