,Fusiform_R,Calcarine_L,SupraMarginal_L,Parietal_Sup_R,Paracentral_Lobule_R,Vermis_8,SN_pr_L,Cerebellum_Crus1_L,Cerebellum_9_R,LC_R,ParaHippocampal_L,Temporal_Sup_R,Cingulate_Mid_R,OFClat_R,Angular_R,Cuneus_L,Vermis_7,Occipital_Sup_L,ACC_sub_R,Heschl_R,Frontal_Sup_2_L,Supp_Motor_Area_R,SupraMarginal_R,Precentral_L,Thal_PuI_R,Supp_Motor_Area_L,Rolandic_Oper_L,SN_pc_L,Thal_LP_L,Temporal_Mid_L,Cuneus_R,Thal_VPL_R,Raphe_D,Thal_VA_R,Thal_IL_L,Olfactory_R,Temporal_Mid_R,Temporal_Pole_Sup_R,Frontal_Inf_Orb_2_R,Red_N_R,Thal_PuI_L,Precuneus_L,Parietal_Sup_L,Precuneus_R,Pallidum_R,ACC_sup_R,Thal_LP_R,Hippocampus_R,Occipital_Sup_R,Thal_MDl_L,Putamen_R,ACC_pre_L,Cingulate_Post_L,Cerebellum_3_R,LC_L,Cingulate_Post_R,Cerebellum_8_L,Paracentral_Lobule_L,Putamen_L,Amygdala_R,Insula_L,Thal_MGN_R,Thal_PuA_L,OFCpost_L,Cerebellum_10_L
Fusiform_R,1.0,0.7305518183432902,-0.010866986953702093,-0.4839168780964816,-0.3305992626198227,-0.5499735218784308,0.2746713345555588,0.47755741470126056,0.5573954357745807,0.7734755388026765,-0.253419725917591,0.777953308840837,-0.005649414352382756,0.42382466038246086,0.31903763252929596,0.8352610268774303,-0.7823290080621607,0.24476013899890578,-0.5049426853549882,-0.3007204495389026,-0.36179936240122423,-0.11081690607120709,0.16503013605338068,0.004042362736410452,0.1271845659300723,-0.02402059452553649,-0.21114520687127378,-0.16078280801479586,0.4202348413450314,0.7646917176239499,0.5907158752488308,0.05496945405302243,0.04484115606842779,-0.04254742626296757,0.19235371914842533,-0.4502209821191456,0.8508389356729643,-0.07784083748016248,0.45297036198946744,0.20816243522524902,-0.2190779194706386,-0.22596633463997787,-0.35260173083034274,0.15793376118342226,0.0054567376038300594,-0.3102747792192728,-0.21141209560995478,-0.3443178976544874,0.7121551697903263,0.47600416035345156,-0.29166193617935793,-0.5898972698896118,0.13771100096722033,0.7946431551337186,0.20431915938724138,-0.14120187524151684,-0.19766394180079153,-0.19854365649852565,-0.46436185507334427,-0.15631781760079755,-0.293315151288461,0.039662515177054,-0.18830940481715308,-0.4375715785224939,-0.5584695883714328
Calcarine_L,0.7305518183432902,1.0,0.3917103109251947,-0.3719120084133089,-0.365607545138502,-0.7090628232650826,0.25769656859838336,0.5815577724293898,0.7222941445159715,0.8975367603147958,-0.6778860209381457,0.49365965912065773,-0.33140394529650485,0.5480000055655065,0.6706099879436983,0.9377591966302219,-0.7367795875313006,0.6853090373987588,-0.6502683979105074,-0.3864441118461207,-0.5543780470379818,-0.36052683173862665,0.2702531358434807,0.00368870739224739,0.18922922856161728,-0.29200929292554056,-0.5019773949916938,-0.23165727281311374,0.27449602210993673,0.6793089062683526,0.9141295809740548,-0.13543852399796422,-0.40308151196662284,-0.22274886359976745,0.0880991552500233,-0.7255079470038239,0.8605411361154544,-0.3513670332582305,0.6392274126283506,-0.07544045471713384,-0.47896266912098273,-0.16276508485212382,-0.19250831273999855,0.030128305449454048,-0.3237518121264742,-0.701210107025107,-0.08672673216189986,-0.6425695416640598,0.9256878708575986,0.4429492235976803,-0.560087543336723,-0.766263028466834,-0.1811451089992012,0.5751974140430199,-0.3363509778561918,-0.4766830702334492,-0.16393996813314773,-0.26574240566899926,-0.7354226253875493,-0.5979525379250263,-0.4805317079095614,-0.35101308344757387,-0.5719697797120533,-0.6145773787808096,-0.4162422350839176
SupraMarginal_L,-0.010866986953702093,0.3917103109251947,1.0,0.46969220796967304,0.38457416837022024,-0.11138542606978438,0.3793985047463413,0.1349365152989776,0.3517480598057035,0.17288825926171822,-0.2046513939979835,-0.00537242350069608,0.1056502023726806,0.13016805338883194,0.6628382277295453,0.27508422417371337,0.06746257333220831,0.7913506862746924,-0.12636179438120812,0.1627129541046473,0.025229119826081576,0.06487385240597605,0.5934391042076985,0.401001019476285,0.4955399277429712,0.14290694513940233,-0.039580678870862994,0.27711253332495794,0.03493319802295828,0.11367116647157587,0.6285667519222352,0.2540695693800979,-0.30265609176732433,0.22215282006907527,0.20627268639240734,-0.264602098136031,0.092724203010675,-0.1111983128709481,0.33066286624894514,0.11181935670532273,-0.12004799262717479,0.5558368431759653,0.6567965525996622,0.4245748227904873,0.051640200864062846,-0.2337294003622122,0.4403256571431277,-0.022108818261683757,0.47504430452010604,0.28569158042354714,-0.030486967481582517,-0.18112602638019634,0.011952725104966892,0.10736662839874378,-0.542345647317557,-0.0949996117179157,0.20550937775801337,0.3898281352364862,-0.08827711327404372,-0.2265675315045005,0.07446684892923255,-0.2094198132885361,-0.1463746960535374,-0.1684129660568107,0.23013755515895573
Parietal_Sup_R,-0.4839168780964816,-0.3719120084133089,0.46969220796967304,1.0,0.6875383608946521,0.3804395502636952,0.12486458349899106,-0.21117949414530857,-0.1975009190716938,-0.5256390697502741,0.46373968815807154,-0.23496109163782083,0.40341955570826493,-0.23079302630009302,0.3354342644366262,-0.4227192680733119,0.6048989223001141,0.26511311140893423,0.529499231653629,0.40533873751718696,0.44563933696803953,0.37620034050296874,0.6415897537736466,0.1843206050287502,0.2844921894244061,0.4384703392134573,0.30047237355363593,0.4294739494340551,-0.18442620521326003,-0.3868459355373988,-0.025169958884495573,0.3914046936565173,-0.03369428683888037,0.4305167009383005,0.03220604103084965,0.33479932959190034,-0.5378544804729364,0.2778514212724949,-0.13716494970562546,0.3155395680865838,0.16823485829367033,0.8311832346478724,0.9107673531101883,0.5383917628664848,0.2908122742472938,0.39560463684758695,0.6172666172931672,0.5298137329286073,-0.1502266929799132,-0.15155352576708137,0.41250260981911113,0.43561903065110413,0.1443854336898563,-0.3921638340218759,-0.21383887423682066,0.30012694682574165,0.2799660345180381,0.676016925390086,0.4807629957185686,0.4119921376108655,0.5118845552767279,0.06100174370074851,0.35062450651116417,0.46833627150872964,0.47108950366839936
Paracentral_Lobule_R,-0.3305992626198227,-0.365607545138502,0.38457416837022024,0.6875383608946521,1.0,0.2879085106082625,0.17068694545536034,-0.296330884096788,-0.08141734426371956,-0.55043222882657,0.6563576493107612,0.13659552833783303,0.7512799312491049,-0.48487441305911483,-0.005247483205339421,-0.3043596709911618,0.5505810156584017,0.02670540942087471,0.4275569543441863,0.655108877204214,0.7460046802717478,0.7467766433979207,0.5201071269805547,0.6986204369637227,0.4397763244820582,0.7568590570053667,0.6854386992042343,0.4373718263806607,-0.043225091866714166,-0.21201378126114956,-0.12471412460170136,0.7352428629699681,0.2946523110422835,0.537188380954816,0.42716233136796006,0.512988987821765,-0.385913382798924,0.5389081146032652,-0.29786409137508324,0.5870316595448355,0.6389090551274831,0.8711468746996194,0.6974744984064387,0.8063068261550078,0.6111538483497505,0.6175211276578059,0.51588528173873,0.7586334312519489,-0.275411765059162,0.05047650741968961,0.7268695906746558,0.5932090401532287,0.6336570987028917,-0.15047925991146957,0.07673895248017738,0.6601501907525812,0.19569381321225043,0.8854219619172242,0.7200291816500644,0.6108483940587143,0.6598275242324343,0.4069663276579363,0.6499209981834299,0.5457542539730231,0.18494727257183033
Vermis_8,-0.5499735218784308,-0.7090628232650826,-0.11138542606978438,0.3804395502636952,0.2879085106082625,1.0,-0.020763252294089603,-0.478495521591461,-0.7186060225354793,-0.688690999340901,0.5590050401119466,-0.4075849670215821,0.296135690937496,-0.37607873586698753,-0.4199200197649235,-0.6734097272896993,0.6626507586292574,-0.340140659172058,0.4596107406078023,0.32353117902983913,0.3478769275998469,0.2557182308949417,-0.14330227929680964,-0.044426426265610316,-0.08143824834209895,0.21290420156296017,0.25834135245732015,0.35236224528057963,-0.22696281464199466,-0.4389821891686593,-0.6063580860989414,0.24251226321128797,0.3159635565939712,0.24872633807160618,-0.08327180846136857,0.49637386076692025,-0.7144532693649344,0.24005916955654394,-0.44601050794726865,0.14523520214881255,0.31840992873897783,0.20505383703672797,0.3127757539432669,0.02632778559327335,0.25890002651057636,0.5244047749299222,0.24193037714628254,0.5719213563526688,-0.663574549935265,-0.25623972883872803,0.396872513066473,0.5344025220535902,0.08911907554633106,-0.37817421702694826,0.21661912771018638,0.31366696911890496,0.43732827405800095,0.2491295954942402,0.5481320429784693,0.4255625036601132,0.4081297780563534,0.3075048983258791,0.4772649639592142,0.4116770111900392,0.5496400905448793
SN_pr_L,0.2746713345555588,0.25769656859838336,0.3793985047463413,0.12486458349899106,0.17068694545536034,-0.020763252294089603,1.0,0.37620316677586724,0.2323890302041092,0.16488677847985134,0.16914685192513274,0.18112126414307056,0.27607211804441717,0.15612864885915106,0.14621694380604333,0.3231414452567696,-0.14046815763004192,0.27733676255224665,-0.12801900405339942,0.045796836174279126,0.05973030206929539,0.24322268518869217,0.275337165522633,0.26102940248373946,0.308627319550879,0.33336741935168956,0.18833837823255153,0.5672298635642776,0.22013024494061412,0.4696734120643293,0.3366143315254944,0.2629236649935079,0.2316851520759693,0.27790688776088596,0.4560940659823342,-0.13563220589367042,0.04384267737674604,0.06600190146046793,0.04721494817136755,0.28113066440849616,0.25607967013793465,0.2397614609798641,0.15566087220332692,0.4035833537913757,0.3086468034415239,0.04011466350526482,0.17925274522690102,0.11594834608999074,0.23712161502623838,0.40448921844661995,0.0657179007731362,-0.1900127453605859,0.31216147725749893,0.47679264884863587,0.21492580702739308,0.1631115267951567,0.32652954716778115,0.2793945753544929,0.1023986915815127,0.10144944255018505,0.24896015525998264,0.14082874709759888,0.16871658135543302,0.0741591064206772,-0.16650609997786203
Cerebellum_Crus1_L,0.47755741470126056,0.5815577724293898,0.1349365152989776,-0.21117949414530857,-0.296330884096788,-0.478495521591461,0.37620316677586724,1.0,0.473548461378827,0.5560547913063597,-0.29731141313596227,0.347682860845998,-0.12198366705828324,0.31087000774103285,0.3371843174383786,0.5979242474584007,-0.4935132985852524,0.3324843175317727,-0.32986586201261625,-0.15233190568654123,-0.2716654807519072,-0.10354154215088106,0.18056270741411662,-0.050902502929743604,0.13679197691372688,-0.04204929662022112,-0.21017196860872367,0.010032008772704786,0.30025528760996073,0.5580484439085887,0.5345975153383222,-0.10292347347654172,-0.16592684584382444,-0.03560226104979328,0.026057825248379747,-0.4091742047684674,0.455056551945118,-0.0835494359384399,0.3647751767267328,0.05109762909389706,-0.22551532195609297,-0.1374651909650371,-0.2298801191995267,0.04008353681364691,-0.013040552992520911,-0.3909942998112094,-0.19408256405635996,-0.3464712169364193,0.513588254829931,0.4863827741800911,-0.27258891049851997,-0.4872285722047188,-0.007722766328550279,0.46569851308594107,-0.018764841014039326,-0.22423970602165322,0.21333919130119602,-0.15791614185173913,-0.32905045004370126,-0.24761962050466393,-0.14989109249586915,-0.09801530621635213,-0.2864737018787153,-0.2816941875068072,-0.43619452020983895
Cerebellum_9_R,0.5573954357745807,0.7222941445159715,0.3517480598057035,-0.1975009190716938,-0.08141734426371956,-0.7186060225354793,0.2323890302041092,0.473548461378827,1.0,0.6371753298546139,-0.4128811014063967,0.49858452403172243,-0.05574024064945091,0.27747500868659153,0.5105102985405504,0.6774544352172779,-0.5190707761605802,0.49573126023624275,-0.3937803314586022,-0.10405055707989885,-0.16880373923963043,-0.06362607720308311,0.3192267803748532,0.2675355045242321,0.35399584382203475,-0.003096924211504865,-0.1621385700528876,-0.11998562723281346,0.22755077644883573,0.47230598258996,0.6916779620999923,0.011048817927424745,-0.24664432520270171,0.0037067631290583396,0.1349726232511286,-0.4427406184835354,0.6912997112527227,-0.17040143829989243,0.5331654666933223,0.10199809573222864,-0.23441818886326238,0.09096060370454064,-0.08381708637154545,0.20445669964058522,-0.05445087677055496,-0.41319605137368004,-0.06876117364469284,-0.35272141386416356,0.6838085437755409,0.4225493076539397,-0.2606724839337148,-0.4569637316300884,0.06219159923873617,0.5171816928735539,-0.22644042597602582,-0.2106598739087868,-0.27881028315720746,0.017063283542337968,-0.43415831771850694,-0.2765322374232022,-0.17121206363190966,-0.10725134952691985,-0.3114505227553197,-0.4126546812454104,-0.3470093972227268
LC_R,0.7734755388026765,0.8975367603147958,0.17288825926171822,-0.5256390697502741,-0.55043222882657,-0.688690999340901,0.16488677847985134,0.5560547913063597,0.6371753298546139,1.0,-0.6906794548600776,0.4348175259212309,-0.441045643504747,0.5148914584485005,0.5042701346517682,0.8864214830336726,-0.7924490144250831,0.49080727908995286,-0.6533755466086065,-0.5279531574232021,-0.6540807295263217,-0.46108182353922494,0.06815092428569976,-0.14961808082275962,0.04137203202903044,-0.402410539718548,-0.5624083869546842,-0.3051417765874393,0.34256864629091144,0.6851892429697296,0.7610079261048471,-0.26706964563737445,-0.3335771902248126,-0.3146711763416946,-0.07354621647128413,-0.7420103915572539,0.8385410652627479,-0.3756870070463753,0.5777993720154152,-0.13652955721702112,-0.565740880468289,-0.3800523931269158,-0.4003895126499545,-0.14507358826088645,-0.37142206242654136,-0.7364015986206454,-0.24266637477496472,-0.7232764259521034,0.8507007695376471,0.4053060086580977,-0.6502287550260194,-0.7767237429949332,-0.24000555652209776,0.6284684412843095,-0.21538762923728122,-0.5033371845643749,-0.2551513713227296,-0.4423205725774435,-0.788914702463246,-0.6155893390457772,-0.5520911099464955,-0.27912473476683763,-0.6246323585916204,-0.6937013552610779,-0.4485784024034599
ParaHippocampal_L,-0.253419725917591,-0.6778860209381457,-0.2046513939979835,0.46373968815807154,0.6563576493107612,0.5590050401119466,0.16914685192513274,-0.29731141313596227,-0.4128811014063967,-0.6906794548600776,1.0,0.10846311475626465,0.7796306068327497,-0.5496817869745206,-0.46857345995099237,-0.5191692154334583,0.5362898879993526,-0.47781158650396216,0.5861424617327231,0.5729226566871463,0.7769968741556941,0.7785644129542703,0.14891773788101498,0.3443893709622675,0.17283590483387912,0.7938651217107308,0.8048232648313544,0.5097900814341766,-0.010050864486662751,-0.17414554001922528,-0.5576143233054724,0.6241217030194297,0.6871360225868675,0.5193432622620401,0.2963103059323084,0.8040646130766633,-0.5580258589502275,0.6530880218060048,-0.5246942814603002,0.5876400003102529,0.7360846694779908,0.5305196318540125,0.3284435500277841,0.5847141221238497,0.6975330190011921,0.8897350789218882,0.2784192685041366,0.8983658267279613,-0.6095032589393499,-0.044032542647215074,0.7915935559113354,0.729047655752095,0.6972304921173405,-0.054978224385362165,0.6450340226354584,0.8268285254515669,0.2557704157836018,0.662481595254175,0.9040430903626977,0.9171672039513314,0.8035232538216145,0.6174873598576749,0.8734425390769329,0.7011161883555304,0.09186866218466147
Temporal_Sup_R,0.777953308840837,0.49365965912065773,-0.00537242350069608,-0.23496109163782083,0.13659552833783303,-0.4075849670215821,0.18112126414307056,0.347682860845998,0.49858452403172243,0.4348175259212309,0.10846311475626465,1.0,0.41637320108940207,0.06272711693816203,0.2346645931751489,0.6206181613906291,-0.45680396990174876,0.09773988647154337,-0.1804086208625438,0.14995020524196379,0.13897541369043107,0.37297143458506765,0.42030928929538325,0.3885962713103132,0.32939814254038396,0.41444546926420534,0.1708558550228323,-0.07562562068831455,0.35682644840916444,0.5461446396126521,0.42283361830557326,0.45082424954671535,0.18904124679117051,0.23835688735196264,0.35891179030694903,-0.0915682853806328,0.71749025999248,0.24485333408955168,0.31723768981688266,0.5725204253588858,0.16649537687839472,0.1730762469833108,-0.1412934247970462,0.5088692271634344,0.34098089606063464,0.09804145570075315,-0.07691576040914526,0.08972557801534721,0.46133828140609745,0.4833131369812914,0.1851422661139808,-0.1675035265072687,0.4918018023211028,0.6491708573578074,0.27549061040916784,0.22405036019196922,-0.1559957725283273,0.26538107691937446,-0.06424593687464505,0.24031156736327255,0.07166495259989619,0.3230645050002962,0.17032939254908652,-0.12429738032372849,-0.5106463388440147
Cingulate_Mid_R,-0.005649414352382756,-0.33140394529650485,0.1056502023726806,0.40341955570826493,0.7512799312491049,0.296135690937496,0.27607211804441717,-0.12198366705828324,-0.05574024064945091,-0.441045643504747,0.7796306068327497,0.41637320108940207,1.0,-0.4481573458775777,-0.17876695135122192,-0.19111673124848833,0.3816111294921297,-0.22148618681272988,0.45565210753061336,0.7526249783908145,0.8341728422364411,0.918790523901893,0.44214641224432494,0.7109590882153889,0.5403923671158813,0.9278768853960955,0.8010479505084338,0.45118583501861903,0.08041196907820619,-0.020284553284143553,-0.212375301609512,0.8152271443165776,0.5655482371748046,0.6779284695052438,0.48948013233498316,0.6227436425441402,-0.19969555139503772,0.5743909538257491,-0.25863336864976477,0.780454819565121,0.7109001762346313,0.6687438038615481,0.3908695071316039,0.7506512149594803,0.777554749711198,0.7929325103953158,0.26944169739313295,0.8420463154074984,-0.30367835085741857,0.24944528447600806,0.8450860856948981,0.5912791473373648,0.8432232080992398,0.2058207475206767,0.4402148001460846,0.8082316950419208,0.21324527734392384,0.8314850373599808,0.7659256743731934,0.7964536374577241,0.763860250081552,0.6851511498672194,0.8249102111365771,0.47980664251092103,0.06922702451434548
OFClat_R,0.42382466038246086,0.5480000055655065,0.13016805338883194,-0.23079302630009302,-0.48487441305911483,-0.37607873586698753,0.15612864885915106,0.31087000774103285,0.27747500868659153,0.5148914584485005,-0.5496817869745206,0.06272711693816203,-0.4481573458775777,1.0,0.4689655947159283,0.4987300565703488,-0.5769866338164668,0.3916381383227596,-0.4743367939885826,-0.44488811723991656,-0.6609330978811708,-0.5525947916574097,0.049882477173575517,-0.4003140158103359,-0.04962642160524528,-0.46241761094226747,-0.529125894777502,-0.2121952881601912,0.012762959142373055,0.38173146399990165,0.4745198649413976,-0.3239758178207279,-0.34985618014090075,-0.2606098280746574,-0.057367213517443574,-0.5940039652470173,0.43693425755729204,-0.3909020073444166,0.2785785841906906,-0.2584941488927575,-0.500601045751169,-0.3290051596802778,-0.17303601072159305,-0.259788919537385,-0.4486429257093543,-0.61442414751814,-0.049429972309357584,-0.5455227735507027,0.555544864149949,0.11953556052990948,-0.5731779895433213,-0.6975045125909654,-0.4094738240030459,0.22152594804400133,-0.23547364198860116,-0.5003119271157708,0.04898697132539154,-0.4459893889356209,-0.6406086904860133,-0.5410979096797724,-0.5282484116874,-0.4548343920724741,-0.5160742110107256,-0.4373074900380182,-0.1637224757933316
Angular_R,0.31903763252929596,0.6706099879436983,0.6628382277295453,0.3354342644366262,-0.005247483205339421,-0.4199200197649235,0.14621694380604333,0.3371843174383786,0.5105102985405504,0.5042701346517682,-0.46857345995099237,0.2346645931751489,-0.17876695135122192,0.4689655947159283,1.0,0.5315496469119211,-0.2984827725179063,0.8434321464416966,-0.28214018704212024,-0.1538157857156779,-0.35586567442685874,-0.2598578908951392,0.7189946460597471,-0.052594118300605404,0.29244984473004865,-0.1536992203898948,-0.4333893232633344,-0.13254776342259422,0.08899073878494988,0.2409682078801278,0.8357116743604468,-0.01262777405285035,-0.593966748329468,0.024360850380199937,-0.08979367083666596,-0.5595762895530345,0.4817477220032699,-0.26438713136718445,0.5566175113860634,0.04810212522479387,-0.5491693332977645,0.31762274350564745,0.44778983691466634,0.2294000041912973,-0.2623351913655037,-0.4938087122711653,0.2970362102341375,-0.36086257269990424,0.7945761115806627,0.16819991634089856,-0.3578264345370513,-0.5112035070364624,-0.2798043366604124,0.11529785260334184,-0.6271039573498387,-0.4320440306354012,0.016405028384075013,0.06354508250396199,-0.519222237614601,-0.4050479519289964,-0.2846739625169656,-0.44732153368675076,-0.46875987042989675,-0.36635206909286405,0.025280040652628205
Cuneus_L,0.8352610268774303,0.9377591966302219,0.27508422417371337,-0.4227192680733119,-0.3043596709911618,-0.6734097272896993,0.3231414452567696,0.5979242474584007,0.6774544352172779,0.8864214830336726,-0.5191692154334583,0.6206181613906291,-0.19111673124848833,0.4987300565703488,0.5315496469119211,1.0,-0.7853984144705801,0.5601469284836259,-0.6331025519577508,-0.3282753917740242,-0.4906739215617756,-0.23714885993155752,0.24550147923079021,0.05900335411121514,0.18445946384413212,-0.16377826156723216,-0.35223829392557254,-0.15796073610990202,0.39948938753664187,0.7976452062624165,0.8337824417502211,-0.003016683697268827,-0.2270866807661037,-0.17593997659288113,0.19734121429676418,-0.6508133225220023,0.8713257003221427,-0.20232167012636598,0.4887953666453244,0.04991142507304586,-0.30573595679580795,-0.15660868072415815,-0.28013609251486765,0.13816981930084152,-0.16803106045027305,-0.5729152386453402,-0.15699122971143073,-0.5341069263727276,0.8749309709205818,0.5484899439499431,-0.45986971350338846,-0.718311929579446,-0.0012410102289563494,0.698472751209007,-0.08839389968783988,-0.3199842214426904,-0.11935697581298023,-0.21026509604053825,-0.6256985884597408,-0.4567763531073002,-0.39390006810226535,-0.19104948323449022,-0.4131683121890558,-0.5417505525251773,-0.5738321893043383
Vermis_7,-0.7823290080621607,-0.7367795875313006,0.06746257333220831,0.6048989223001141,0.5505810156584017,0.6626507586292574,-0.14046815763004192,-0.4935132985852524,-0.5190707761605802,-0.7924490144250831,0.5362898879993526,-0.45680396990174876,0.3816111294921297,-0.5769866338164668,-0.2984827725179063,-0.7853984144705801,1.0,-0.23884642711680618,0.6228234188397905,0.5607095887713275,0.6435581731898771,0.43979505646747974,0.08860373279292832,0.27205301656400727,0.15434071527234217,0.36926575499572856,0.44303188959118944,0.3794221276683029,-0.40872967019626955,-0.6949133680916398,-0.5559454854287698,0.3239372314524824,0.23138294290077407,0.3709054181206692,-0.0493494269950759,0.5652522956876372,-0.7653401086637975,0.3128435312119027,-0.40409623197911526,0.15423290477309123,0.3952202711848327,0.49192155297892504,0.486103755850278,0.1633314447949935,0.3356971609511342,0.5899138033061863,0.3502885436233436,0.6401767688802333,-0.6711697205350186,-0.3485882896903451,0.5532727485817621,0.7445886901599451,0.16263607353421533,-0.5232009053536105,-0.04667176853514031,0.4019879876430775,0.09146759446506172,0.5263520487163272,0.673509230939305,0.48040646347608,0.5689391592340974,0.25019057712731224,0.48505411562652606,0.4944736264017958,0.6203934244029885
Occipital_Sup_L,0.24476013899890578,0.6853090373987588,0.7913506862746924,0.26511311140893423,0.02670540942087471,-0.340140659172058,0.27733676255224665,0.3324843175317727,0.49573126023624275,0.49080727908995286,-0.47781158650396216,0.09773988647154337,-0.22148618681272988,0.3916381383227596,0.8434321464416966,0.5601469284836259,-0.23884642711680618,1.0,-0.3415800551520259,-0.1478494820977762,-0.3468471831472587,-0.26680271900446056,0.5284270405004939,0.033224321709107225,0.2720827809894046,-0.1858447832363309,-0.39165529782807423,0.04671241568713629,0.07575324244015125,0.2714643065723045,0.8567303970673014,0.0024294734328242943,-0.5033765806426427,-0.04974164141827132,0.0368625027595348,-0.5439817659074747,0.37391745726052167,-0.258153820956648,0.5431165039965508,-0.09961295070412987,-0.4053492564776099,0.30192553956426676,0.41579075681061295,0.24902847215880378,-0.22108954870078407,-0.4921194718870626,0.2334961187081002,-0.37884394915788533,0.7755458346674668,0.24869428528281712,-0.39098614818908356,-0.4984756305083913,-0.258433338907936,0.18625069933216917,-0.600611287636777,-0.3819334783224868,0.06353650904756286,0.056150722512997034,-0.4717199653870053,-0.4602044822681555,-0.2621203895557243,-0.4835260001531282,-0.4176971158135691,-0.39479409208495514,0.027186720042513688
ACC_sub_R,-0.5049426853549882,-0.6502683979105074,-0.12636179438120812,0.529499231653629,0.4275569543441863,0.4596107406078023,-0.12801900405339942,-0.32986586201261625,-0.3937803314586022,-0.6533755466086065,0.5861424617327231,-0.1804086208625438,0.45565210753061336,-0.4743367939885826,-0.28214018704212024,-0.6331025519577508,0.6228234188397905,-0.3415800551520259,1.0,0.46400175095129625,0.6409037625570375,0.5104058926895413,0.13063402560159995,0.13328814259355679,0.07583692053947168,0.4316294407375607,0.445465824188439,0.21563058913748975,-0.23000956049228158,-0.5473955577570557,-0.5150250424410823,0.23502961808362674,0.3095713558731293,0.3040969615674811,-0.019258150785854897,0.6659922550729444,-0.5731837961918339,0.3923285778997838,-0.1719785089530026,0.25758568101836143,0.4295344019358058,0.43193834901568634,0.3753520154226451,0.22474181959933764,0.47682558351869475,0.6734768436558178,0.07976422563391246,0.6191592650828327,-0.5443881173671928,-0.07738702127653765,0.5504053750959549,0.7085244882298967,0.22878250353741494,-0.34586859168011636,0.16404580260856522,0.4864061472820278,-5.45158133659459e-05,0.46624144606430584,0.6221802496605054,0.6465311499887414,0.5812646572165494,0.30914879197119266,0.6180561425324472,0.49309398346539857,0.43205295537217686
Heschl_R,-0.3007204495389026,-0.3864441118461207,0.1627129541046473,0.40533873751718696,0.655108877204214,0.32353117902983913,0.045796836174279126,-0.15233190568654123,-0.10405055707989885,-0.5279531574232021,0.5729226566871463,0.14995020524196379,0.7526249783908145,-0.44488811723991656,-0.1538157857156779,-0.3282753917740242,0.5607095887713275,-0.1478494820977762,0.46400175095129625,1.0,0.8139030988147137,0.7570271303694249,0.33142170860690107,0.662270689634304,0.5652777535091831,0.7112091228931605,0.6876302308850561,0.27532168087902226,-0.14796377374163053,-0.32982175781221684,-0.24760752977504832,0.6803690450359963,0.30485426635253826,0.5990578792838738,0.20716532149901726,0.5730738930766096,-0.2921045408018132,0.49835370309562127,-0.24324225133482083,0.5272797263682383,0.5684885191792806,0.6228397201192393,0.37608937192415015,0.5184058788813894,0.6334108648550285,0.6439748374280639,0.16568547695870073,0.7643665106061489,-0.39268835482256687,0.18270856119865123,0.7560633439739098,0.6110835361166257,0.5878518846451136,-0.03117858471732016,0.15062855625915977,0.6025559645862624,0.2201817777809991,0.7098274599042621,0.6880395295467651,0.6262263259068125,0.6845925627063196,0.49496026226421463,0.615504156747598,0.3787059508000818,0.23089478673821848
Frontal_Sup_2_L,-0.36179936240122423,-0.5543780470379818,0.025229119826081576,0.44563933696803953,0.7460046802717478,0.3478769275998469,0.05973030206929539,-0.2716654807519072,-0.16880373923963043,-0.6540807295263217,0.7769968741556941,0.13897541369043107,0.8341728422364411,-0.6609330978811708,-0.35586567442685874,-0.4906739215617756,0.6435581731898771,-0.3468471831472587,0.6409037625570375,0.8139030988147137,1.0,0.9081343959368829,0.2570833704392676,0.7046523082019092,0.47416974233964565,0.8555353524114437,0.8509862606408233,0.38767899328537603,-0.13694369166633488,-0.3493084929742261,-0.4211639880841451,0.667932597613456,0.5301570221945361,0.644016386430748,0.34003818515365514,0.766874321523965,-0.4324715053899844,0.5551885993667695,-0.2676184473748167,0.5914919161343545,0.7262282645560323,0.6518432374686984,0.3761269669957041,0.5575078754593957,0.7161776206971305,0.8471079026436767,0.23654837943463736,0.876080454978737,-0.5549659677650384,0.05571378090540419,0.8983749426370795,0.8335698967563999,0.7073763342245095,-0.04998605341084398,0.3254108310650991,0.771130867545548,0.08425630912066957,0.7976663762153049,0.8744003823905053,0.8253998566191939,0.8606492842391337,0.6369040050873398,0.8010687495267765,0.6060724488443847,0.22851115604514344
Supp_Motor_Area_R,-0.11081690607120709,-0.36052683173862665,0.06487385240597605,0.37620034050296874,0.7467766433979207,0.2557182308949417,0.24322268518869217,-0.10354154215088106,-0.06362607720308311,-0.46108182353922494,0.7785644129542703,0.37297143458506765,0.918790523901893,-0.5525947916574097,-0.2598578908951392,-0.23714885993155752,0.43979505646747974,-0.26680271900446056,0.5104058926895413,0.7570271303694249,0.9081343959368829,1.0,0.38356504668473573,0.7712047662303094,0.527975591976515,0.9568594291883468,0.8263912589505636,0.45697751868242625,0.009685726761669476,-0.08036411480056084,-0.24955899387057862,0.7831240174639281,0.5899703700142827,0.6376607006848695,0.47623954148140957,0.6721673308574239,-0.24044813878003413,0.5792807737187643,-0.25496904060530756,0.7372854007816502,0.7646331142412462,0.6719023818181769,0.3160217268099625,0.7133377068305914,0.7429741880076793,0.7911200125281906,0.24495776719191836,0.8332195459383614,-0.3643077520394995,0.227176030268677,0.8613848558485152,0.663142809679779,0.8340524597268998,0.18873359083877536,0.43968593334498896,0.820716573558721,0.1281792740953381,0.8639731656981168,0.7966585035902861,0.8114162877516696,0.8267757917452517,0.7032886501005462,0.8142385282279379,0.5438097288097284,0.05917529231988407
SupraMarginal_R,0.16503013605338068,0.2702531358434807,0.5934391042076985,0.6415897537736466,0.5201071269805547,-0.14330227929680964,0.275337165522633,0.18056270741411662,0.3192267803748532,0.06815092428569976,0.14891773788101498,0.42030928929538325,0.44214641224432494,0.049882477173575517,0.7189946460597471,0.24550147923079021,0.08860373279292832,0.5284270405004939,0.13063402560159995,0.33142170860690107,0.2570833704392676,0.38356504668473573,1.0,0.3705266425138326,0.5286089872312297,0.46232930998639454,0.16662953977885298,0.2527656786422865,0.09419813149530258,0.11600502926004058,0.5265316654668317,0.4996155095745346,-0.16415048599809598,0.445535655851633,0.22892483131596092,-0.07087392237539578,0.18954791160864407,0.2163176262903387,0.24634522052431218,0.5465048518858848,0.01445464980639977,0.7393855154682002,0.6647010160971606,0.6585815481735482,0.28135794639118766,0.1161624947685157,0.4632428309726823,0.2629328497981318,0.4222861853268047,0.2388433836306155,0.2562998451330359,0.007554203621751666,0.23881924001327834,0.13482887392670745,-0.2702250041313755,0.12561843049221177,0.09341063927221147,0.640719728917001,0.08761802655410254,0.20263580326911454,0.2855795519807315,0.0423402481126276,0.10884207433309256,0.1293333143154953,0.0877679543797692
Precentral_L,0.004042362736410452,0.00368870739224739,0.401001019476285,0.1843206050287502,0.6986204369637227,-0.044426426265610316,0.26102940248373946,-0.050902502929743604,0.2675355045242321,-0.14961808082275962,0.3443893709622675,0.3885962713103132,0.7109590882153889,-0.4003140158103359,-0.052594118300605404,0.05900335411121514,0.27205301656400727,0.033224321709107225,0.13328814259355679,0.662270689634304,0.7046523082019092,0.7712047662303094,0.3705266425138326,1.0,0.6865217048292235,0.7491794041252093,0.6323102698682618,0.3452028923414849,0.034269600980733915,0.05314079215065655,0.07875238293314273,0.7051318689545079,0.3479871800079737,0.5201544229055421,0.5659645635687608,0.30657623992904287,0.045012079110598686,0.34329928854441744,-0.05047576620291276,0.5610673498487454,0.5843336736517073,0.6037148348665422,0.27742411469283823,0.6291144089000632,0.5575114707997403,0.4054973347181533,0.25971674392836364,0.5153623291281314,-0.06464392707365013,0.34357449547596675,0.6399982420943807,0.3957549233445008,0.7077811773903085,0.3143284708052699,0.089535513379124,0.5493665016188315,-0.034626308305021294,0.7732341024730557,0.4962844740231155,0.3939820158626147,0.5603990182693975,0.5311727902160626,0.47976505387551316,0.2384468014501379,0.01299225147530809
Thal_PuI_R,0.1271845659300723,0.18922922856161728,0.4955399277429712,0.2844921894244061,0.4397763244820582,-0.08143824834209895,0.308627319550879,0.13679197691372688,0.35399584382203475,0.04137203202903044,0.17283590483387912,0.32939814254038396,0.5403923671158813,-0.04962642160524528,0.29244984473004865,0.18445946384413212,0.15434071527234217,0.2720827809894046,0.07583692053947168,0.5652777535091831,0.47416974233964565,0.527975591976515,0.5286089872312297,0.6865217048292235,1.0,0.5801307748908013,0.3885109326618249,0.29038249567997426,-0.07110921659981569,0.09149899400263795,0.29632215663675576,0.6363049452540701,0.12293461960189025,0.5838304565442257,0.2651765493215681,0.08171856652129342,0.16025437875867904,0.14510709776872055,0.13314213384740178,0.5134088605239657,0.20947744091896542,0.5829214384427983,0.3631877979602045,0.5100908632706455,0.36593916917608504,0.17892905547384133,0.36019585727419723,0.40417677147437786,0.15033549078337577,0.38035169201267777,0.414109721012173,0.1650968069439299,0.48605519423303445,0.3789984496428182,-0.09825298703832634,0.29759995340196654,0.07345793903885287,0.6107195595408129,0.23567516299903077,0.26192467774444894,0.47985772377195834,0.34641470669674324,0.26444047134366183,0.06651157774435885,0.1727096195689875
Supp_Motor_Area_L,-0.02402059452553649,-0.29200929292554056,0.14290694513940233,0.4384703392134573,0.7568590570053667,0.21290420156296017,0.33336741935168956,-0.04204929662022112,-0.003096924211504865,-0.402410539718548,0.7938651217107308,0.41444546926420534,0.9278768853960955,-0.46241761094226747,-0.1536992203898948,-0.16377826156723216,0.36926575499572856,-0.1858447832363309,0.4316294407375607,0.7112091228931605,0.8555353524114437,0.9568594291883468,0.46232930998639454,0.7491794041252093,0.5801307748908013,1.0,0.8257942999052454,0.5019425875358686,0.05217009590389666,0.031048420006509474,-0.16072702370702963,0.8174798922566809,0.6018393682297898,0.6818370951158593,0.5341036868163251,0.6266204440296436,-0.19573720868147446,0.5758322821817629,-0.26526241948244594,0.7924505933689107,0.7241135724771086,0.7168240399380389,0.399399377034213,0.7915571295794197,0.717999768878042,0.7498754668167323,0.36787988178749015,0.8263819808824676,-0.2688112393987004,0.2441541305270838,0.8483092674597162,0.5776995371047647,0.8625416050897907,0.23442240105321227,0.4488770328441739,0.8108469794952158,0.21987320004828023,0.8753674586641488,0.7786350257140275,0.7994205061754511,0.8154985046109752,0.6827556570644692,0.7898549167274102,0.5550319469775368,0.00023224841941902116
Rolandic_Oper_L,-0.21114520687127378,-0.5019773949916938,-0.039580678870862994,0.30047237355363593,0.6854386992042343,0.25834135245732015,0.18833837823255153,-0.21017196860872367,-0.1621385700528876,-0.5624083869546842,0.8048232648313544,0.1708558550228323,0.8010479505084338,-0.529125894777502,-0.4333893232633344,-0.35223829392557254,0.44303188959118944,-0.39165529782807423,0.445465824188439,0.6876302308850561,0.8509862606408233,0.8263912589505636,0.16662953977885298,0.6323102698682618,0.3885109326618249,0.8257942999052454,1.0,0.4110530071355332,0.08765872912564357,-0.07023805588844279,-0.4132227776548271,0.6295882656978545,0.6207329195424311,0.5727814768000777,0.5175794697824889,0.6970089727206721,-0.3802931213618472,0.6123276109886228,-0.43884723417480537,0.5407210651813564,0.815914312888865,0.5120933627311463,0.21083475291033382,0.5819365563522982,0.7371171259673647,0.8001563850750236,0.1121525214768675,0.7980320828980176,-0.5189621017562307,0.1152968628997439,0.8170301162640091,0.6688224813223064,0.8115343440942613,0.0631102464933856,0.549907488172681,0.8246618105298309,0.1483153478548123,0.6778822687431265,0.8584490099852148,0.7638362722077469,0.819271272972201,0.6140670970328224,0.7957346885168257,0.5921880480798717,-0.06676749526450178
SN_pc_L,-0.16078280801479586,-0.23165727281311374,0.27711253332495794,0.4294739494340551,0.4373718263806607,0.35236224528057963,0.5672298635642776,0.010032008772704786,-0.11998562723281346,-0.3051417765874393,0.5097900814341766,-0.07562562068831455,0.45118583501861903,-0.2121952881601912,-0.13254776342259422,-0.15796073610990202,0.3794221276683029,0.04671241568713629,0.21563058913748975,0.27532168087902226,0.38767899328537603,0.45697751868242625,0.2527656786422865,0.3452028923414849,0.29038249567997426,0.5019425875358686,0.4110530071355332,1.0,0.03253905429666149,0.09489087873281171,-0.08031291965405558,0.4365784440017,0.4687571901278677,0.34558783751807026,0.4004524596920965,0.2627660660374755,-0.4175097875496238,0.36116838362862014,-0.26105421832471964,0.3394697522566438,0.45032625556444694,0.4607056031618496,0.3761914563315119,0.43516491160981047,0.4630746353540572,0.38667218861502006,0.40011963078293367,0.47206505407648586,-0.19469434587803852,0.11935334216497769,0.37872125433890924,0.2633666942528638,0.40355222913977384,0.17575495124415846,0.26986081069310186,0.41653394162103957,0.26772031901610954,0.5364778077962936,0.5185141713931803,0.40290354969568054,0.5529097809496354,0.33657000192330755,0.4483323325952952,0.362247199664959,0.18410478240521433
Thal_LP_L,0.4202348413450314,0.27449602210993673,0.03493319802295828,-0.18442620521326003,-0.043225091866714166,-0.22696281464199466,0.22013024494061412,0.30025528760996073,0.22755077644883573,0.34256864629091144,-0.010050864486662751,0.35682644840916444,0.08041196907820619,0.012762959142373055,0.08899073878494988,0.39948938753664187,-0.40872967019626955,0.07575324244015125,-0.23000956049228158,-0.14796377374163053,-0.13694369166633488,0.009685726761669476,0.09419813149530258,0.034269600980733915,-0.07110921659981569,0.05217009590389666,0.08765872912564357,0.03253905429666149,1.0,0.5562496071569344,0.25773416844379404,0.08603332012105744,0.10670667473784481,-0.05605573518390243,0.23311634472286474,-0.22736565286355073,0.3231859367961654,0.06248252446320354,-0.0010324886805134909,0.18055897211308772,0.05427458475216551,-0.09691391936759687,-0.17352339942743192,0.19233116321832128,0.17690724326786328,-0.07615942776714996,-0.28354142143368477,-0.13123466019294938,0.29131578931719904,0.39862101142963347,-0.11959715260768065,-0.29018500802934416,0.19796980960723684,0.3538134075246811,0.24366501300997356,0.05458584983713483,0.11197215392454803,-0.06523982437615024,-0.11131791817925331,-0.029863478814009536,-0.05410587318409375,0.04885578193668054,-0.015085625926222446,-0.09825434891117045,-0.4924265786571216
Temporal_Mid_L,0.7646917176239499,0.6793089062683526,0.11367116647157587,-0.3868459355373988,-0.21201378126114956,-0.4389821891686593,0.4696734120643293,0.5580484439085887,0.47230598258996,0.6851892429697296,-0.17414554001922528,0.5461446396126521,-0.020284553284143553,0.38173146399990165,0.2409682078801278,0.7976452062624165,-0.6949133680916398,0.2714643065723045,-0.5473955577570557,-0.32982175781221684,-0.3493084929742261,-0.08036411480056084,0.11600502926004058,0.05314079215065655,0.09149899400263795,0.031048420006509474,-0.07023805588844279,0.09489087873281171,0.5562496071569344,1.0,0.563346917990445,0.05954223194823493,0.11666598342563811,-0.08749938252610745,0.38528009464015733,-0.42064416087174394,0.6093393075281901,-0.029788084846027747,0.20610499421963321,0.1680000594993098,-0.0758799584098686,-0.17334178641022438,-0.31943390733136506,0.20774686263802522,0.018948556506530344,-0.35165384663728444,-0.07134641700062633,-0.3226751697435633,0.6103265482691856,0.48797924837821166,-0.29669048060494574,-0.5650284966046565,0.20216931790519393,0.7308435833932532,0.27185053173233714,-0.08343987310538188,0.05304876794079824,-0.1445168029708164,-0.31563642941573855,-0.22163887613662264,-0.11263940723692459,0.031343836578750076,-0.1661331391092643,-0.31178566265264585,-0.6372231824944772
