,ACC_pre_L,Parietal_Sup_L,Postcentral_R,Frontal_Sup_Medial_R,Thal_LGN_R,Thal_AV_L,Temporal_Inf_L,OFCmed_L,Thal_MGN_L,Thal_IL_R,Rolandic_Oper_L,Calcarine_R,Hippocampus_R,Amygdala_L,Thal_LP_R,ParaHippocampal_R,Frontal_Mid_2_R,Precuneus_R,Frontal_Inf_Tri_R,Cerebellum_8_L,Thal_MDm_L,N_Acc_R,Vermis_9,Temporal_Pole_Mid_L,Amygdala_R,Occipital_Sup_L,Occipital_Mid_L,Cerebellum_Crus1_L,Pallidum_R,Precentral_R,ACC_sup_L,LC_R,SN_pc_L,Fusiform_L,Thal_LP_L,Frontal_Inf_Tri_L,Thal_VL_L,Cuneus_L,Pallidum_L,Red_N_R,Occipital_Mid_R,Vermis_4_5,Cingulate_Mid_L,Thal_VPL_R,SN_pr_R,Parietal_Inf_L,Postcentral_L,OFCant_R,Temporal_Sup_L,OFCmed_R,Heschl_R,OFCpost_L,Vermis_6,Frontal_Inf_Orb_2_L,Parietal_Inf_R,Frontal_Mid_2_L,Fusiform_R,Thal_PuM_L,Cerebellum_Crus2_R,Calcarine_L,SupraMarginal_R,Cerebellum_8_R,Temporal_Pole_Mid_R,VTA_L,ACC_sup_R
ACC_pre_L,1.0,0.30143795518600264,0.593220570081034,0.8270121919922157,0.6125740442453439,0.26205453744010127,-0.15454798191114422,0.43516655407718646,0.38337758367859676,0.3005325963249768,0.6688224813223064,-0.6291029838328931,0.7608158519309971,0.833943400305834,0.18019183251575352,0.7533896091548092,0.6150999466581539,0.2769423123465649,-0.16871128454414697,0.026378085105775363,0.04356599436978892,0.6973529701989877,-0.6538507819067437,0.18885377665512065,0.7277276662166114,-0.4984756305083913,-0.23357850971857855,-0.4872285722047188,0.4679963574409891,0.5497509832571882,0.6994532880582672,-0.7767237429949332,0.2633666942528638,-0.08085283363744522,-0.29018500802934416,0.49040894437853766,0.42092712289094825,-0.718311929579446,0.07054364445299288,0.33303827785432155,-0.4174535160913442,-0.44147266232424653,0.5950716830701378,0.4341328158448733,0.11948119438103488,-0.12646989214107768,0.30216763630339843,0.4395723791546947,0.47948400139648717,0.3804815936561242,0.6110835361166257,0.637290019086958,-0.5488355189619227,0.29822883051397864,0.07537014770457225,0.8235380576024462,-0.5898972698896118,0.49584487223361384,-0.6945086158622696,-0.766263028466834,0.007554203621751666,0.044833548196298506,-0.43473740588972154,-0.052664101426584765,0.7964979379758858
Parietal_Sup_L,0.30143795518600264,1.0,0.7934750001578839,0.38697171161549904,0.2676296137697824,0.4359086707003099,0.015578052365088366,0.1521615093572584,0.5088653504974701,0.29990766458469603,0.21083475291033382,-0.2689797350799241,0.47349218637263935,0.33194419248711876,0.6844734008121995,0.29630673080813874,0.34693083099294747,0.5692905190782984,-0.016878947878747996,0.30715606134502177,0.17921231566776136,0.2631184005753072,-0.23744273990076473,0.26929255725631673,0.2874501827973136,0.41579075681061295,0.13085495403735495,-0.2298801191995267,0.24995465260185656,0.4421801180395015,0.44073746955972315,-0.4003895126499545,0.3761914563315119,0.054979781113853834,-0.17352339942743192,0.38978279946731553,0.2809851333927072,-0.28013609251486765,0.34278071970703955,0.33209697239688796,-0.21490173762001444,-0.39677955128838627,0.47077819637421436,0.42036536994528595,0.25265922305372734,0.7657333278387943,0.7828103125539371,0.18436327645133652,0.2850131803321358,0.09100358096798361,0.37608937192415015,0.3563396159042409,-0.4829847861097834,0.38856913702017837,0.7901003740588597,0.4522043248995406,-0.35260173083034274,0.20524945909376277,-0.2928874550372694,-0.19250831273999855,0.6647010160971606,0.2299641143946872,-0.03051744088138692,0.15835554808034832,0.2902167613827077
Postcentral_R,0.593220570081034,0.7934750001578839,1.0,0.7090667470404295,0.5771205966535735,0.513926395182989,0.10742302519060128,0.3516979785319082,0.6084672106653328,0.5305908183078271,0.5856076737096181,-0.3449841654497986,0.7675019116929286,0.6803005090556664,0.5678769654233157,0.6072066968169216,0.7102743402564713,0.6956197599950171,0.11360884747151935,0.28735213802106235,0.34921416982223874,0.5080929833144052,-0.35788938341032767,0.3589046758965115,0.6525205633919005,0.06437672067914504,-0.014764365104338957,-0.1585583426835409,0.5331228756656029,0.7985906807826891,0.7292937857948683,-0.5814364388975594,0.5312656426953936,0.24699031303961166,-0.13532147542923983,0.6579116812070694,0.5128411786242726,-0.4035363005360265,0.40637873632760557,0.5883665483643421,-0.28937560969495146,-0.29185803425839124,0.7307225477410436,0.6489912182066477,0.3631098889604462,0.537588741836496,0.7463982728051874,0.43952767964891826,0.6199547337729876,0.241192441838337,0.6486527028011096,0.6022929976414473,-0.6183921018912113,0.4405894556564945,0.7094032722694533,0.7863623298823098,-0.39316440327357366,0.5139012396450477,-0.412745699302751,-0.4163849799615218,0.6823314210422677,0.3242053714814503,-0.09910262105856742,0.18001380721822496,0.6278365069553115
Frontal_Sup_Medial_R,0.8270121919922157,0.38697171161549904,0.7090667470404295,1.0,0.6410663774800923,0.26275670444426097,-0.03319323936814453,0.39553909989246716,0.6110391196383609,0.4930314338835773,0.748187571090081,-0.4871292515218213,0.818197499886071,0.7991411154112263,0.1645683118138792,0.7865882282118739,0.7903590166019214,0.3939281176974273,0.026777680922614094,0.07436219256515203,0.18922319640389956,0.6130567973105677,-0.5015206356547426,0.4010515937881846,0.7484274993798097,-0.31843640628638825,-0.2346337297798642,-0.3077454692441542,0.6885620882559125,0.7141279114498387,0.7875043824094405,-0.7274626524420735,0.41091791392213245,0.029740361883848727,-0.21539792583404138,0.7436725476768148,0.541061371489206,-0.6015626059308691,0.2901391308524965,0.4170888054014688,-0.3341309582701563,-0.42863776584804375,0.6663710916497303,0.5332803135416493,0.23359504144507381,-0.015587816297275018,0.4700315619053839,0.3036997403317178,0.5489351140835067,0.3361709974384815,0.7661005002620266,0.5551889423451202,-0.523495336479801,0.47629142066457186,0.15720984432121116,0.9049710976297762,-0.5050945228680359,0.6419718002652967,-0.5376387990284847,-0.6348722504435371,0.19474738063612404,0.2766562190723638,-0.11646893581380388,-0.08559547031887765,0.8053015978357024
Thal_LGN_R,0.6125740442453439,0.2676296137697824,0.5771205966535735,0.6410663774800923,1.0,0.4694608575167964,-0.05079309815693469,0.34418978025699737,0.5622475462377939,0.6359711730791131,0.7095575254288768,-0.23904745882522052,0.7850878816570788,0.6598628512201936,0.27684942457599476,0.7545749556910479,0.7091341119672346,0.5437505997220394,0.22299193340933957,0.029819416382895047,0.44979231925104896,0.6098628405798595,-0.36639120015812293,0.28422122190709487,0.7054679752041668,-0.31692797904526193,-0.16571434192309906,-0.34170059622532833,0.6293226756139538,0.7230886449331793,0.6756155217123216,-0.47977693318590087,0.4184067339738677,0.28045157366675744,-0.08544613632852636,0.5559813156972964,0.6160527017793453,-0.31166457206241177,0.48718631973691545,0.6051593939681438,-0.2539408367209202,0.016463722992986964,0.743474655821194,0.7150018606144666,0.3705644909176107,0.13612798019570277,0.4819256469664925,0.45702219271879496,0.631313723476036,0.17538996346707222,0.6525653107560159,0.41525450363748445,-0.18735094897179452,0.1250640012052918,0.27163920398307745,0.7358687121018246,-0.12395468594260672,0.6375831659735465,-0.4241218200026087,-0.45055339263929933,0.23954025690114145,0.2609823782889607,-0.27158704364295494,0.1575384002886756,0.7080793628497845
Thal_AV_L,0.26205453744010127,0.4359086707003099,0.513926395182989,0.26275670444426097,0.4694608575167964,1.0,0.03389752351560446,0.045964547937071415,0.4404182606895864,0.37448322179356386,0.3365549223226648,0.03884848304225039,0.4343652443432983,0.20643682338429242,0.5258761720889312,0.33815538321481675,0.5259319417012097,0.49494190762657064,0.3387785535085709,0.21169161975816903,0.5423561876020722,0.2498407153627415,0.00928314284866365,0.06049934062052851,0.35429750116932224,0.09529168550716603,-0.03883517908304209,-0.01707832794793038,0.20196817561925787,0.5197226032551422,0.4160082769989225,-0.07749532031145255,0.20004427160744184,0.1967623432904772,-0.06957130526957461,0.45005336370757226,0.27928608756138784,-0.011639097912438355,0.491195887538872,0.5896784049834375,-0.0797864542082624,0.07928021867321511,0.5123850698914324,0.5049533133495471,0.31557634003579643,0.4838615118666094,0.6057113976202091,0.20763740835791003,0.36481287019605996,-0.018181858305818165,0.39503072446012266,0.21867454021272514,-0.0696670326265412,0.2194162508586418,0.4444688668726635,0.45814641423947466,0.07418724729991241,0.16514450939159192,-0.09337675895358927,-0.007554150523509714,0.4920408327420935,0.25227265114149205,-0.2341618145646751,0.2690681815411452,0.2730099678159599
Temporal_Inf_L,-0.15454798191114422,0.015578052365088366,0.10742302519060128,-0.03319323936814453,-0.05079309815693469,0.03389752351560446,1.0,0.2713766267536979,0.040704111472845556,0.34613471031637727,0.12990461006922652,0.29314073701143156,-0.01743201857764339,0.018141621443674264,0.1779630467066035,-0.13069792214257894,0.125615997364927,0.17254521063509082,0.1782333704393245,0.26172422660325323,0.278242661288896,0.08979287590308095,0.26554090461002255,-0.12890886012171204,0.0004946008277450289,0.21505811535183214,0.08210990057282563,0.42264337548204234,0.08224288332216599,0.14868862930178514,-0.0818978346002476,0.13934803155014058,0.455401668813806,0.5448668723717766,0.1431334542814404,0.25290569609029334,0.25651593882677565,0.2585119175462774,0.02065473104853037,0.05700790097442861,0.15320084204643322,0.22811945879730472,0.0783212487467738,0.06365372856301588,-0.06613171531104779,0.29056946649975296,0.09060855875564727,0.21247722511379732,0.46227866037779036,-0.3654261291655358,-0.12587186399623548,0.1828615319276814,-0.08717178202214716,0.2480444413812103,0.1133511340349902,0.04175371897886312,0.18711110846419163,0.14100971373734592,0.18272170420500522,0.2412416548471321,0.14131595946819267,0.41227244455114026,0.2421272539367095,-0.002509485955682876,-0.07649753715074638
OFCmed_L,0.43516655407718646,0.1521615093572584,0.3516979785319082,0.39553909989246716,0.34418978025699737,0.045964547937071415,0.2713766267536979,1.0,0.13545457893344717,0.3291438963715109,0.5185754340468675,-0.2828844164128768,0.47521981057796137,0.539298085574268,0.2588924792034735,0.432790378031621,0.39811821202699127,0.2443804412988307,-0.08029495544605811,0.23438735714107106,0.09138417427875573,0.5888031880884154,-0.34596585536814745,-0.1824761982743357,0.4011388918308496,-0.3678931027752626,-0.07365624340387036,-0.27280948555531603,0.20434569181941742,0.3836284418751544,0.1698984893619703,-0.5327326520733526,0.33593525844421984,0.20326006292942728,0.0035837809111299197,0.3423617777296357,0.5696291021649275,-0.3511396066359594,-0.14782277739843402,0.22804165431344553,-0.1950461944989513,-0.06486223795308252,0.4985123531106317,0.33546178060291415,0.01351640490350558,0.0363206505246309,0.19534663154940138,0.5492028346278404,0.499913172628989,-0.40576584622116985,0.23145691726517442,0.7687906064774731,-0.31835761735561824,-0.024147444826503345,0.04143201697117812,0.44976972629672407,-0.27403018588071004,0.5108113208971419,-0.38747960928648273,-0.4447362808172088,-0.00873897642048696,0.11378384426675812,-0.2210438994295799,-0.18839122730130486,0.5217294556536719
Thal_MGN_L,0.38337758367859676,0.5088653504974701,0.6084672106653328,0.6110391196383609,0.5622475462377939,0.4404182606895864,0.040704111472845556,0.13545457893344717,1.0,0.5693346507289717,0.4775143590167673,-0.138694960305661,0.5960566798684284,0.3723515053295534,0.34085659263265145,0.47467604103457584,0.6159328796053133,0.4756897911441943,0.20831721237482353,0.18524353597399792,0.42455132490046116,0.26545702215893496,-0.16576810855137658,0.34550328136357167,0.4019410871599969,0.17072683666567728,-0.11654782438054781,-0.123999057526947,0.532684183359859,0.65205607521515,0.616814519414916,-0.3277387583419163,0.4269041773242685,0.08396919524765725,-0.1892695647010427,0.6101537642664895,0.46233411678737457,-0.1949512793467678,0.46516414336656653,0.4583172871430673,-0.19604776905205926,-0.24312052349399882,0.5784989317984517,0.6402908024035754,0.3055729323894158,0.34110498705393033,0.7059817196506005,0.10132074695912549,0.385522614552378,0.14893400774899268,0.6677517210695412,0.25828419342039216,-0.09858851944555283,0.36609020898806993,0.32385513482951644,0.6082041297092953,-0.21461699748947638,0.4794396863439835,-0.18389783062669904,-0.1818312343516897,0.4328171031326811,0.41954639467648985,0.05780752115279086,-0.0023319210976403336,0.4334371880543903
Thal_IL_R,0.3005325963249768,0.29990766458469603,0.5305908183078271,0.4930314338835773,0.6359711730791131,0.37448322179356386,0.34613471031637727,0.3291438963715109,0.5693346507289717,1.0,0.6872016046841164,0.08913557862368754,0.6199675602528073,0.4886933070805194,0.3039992336924877,0.5841782968114874,0.6906004541752122,0.6293333085686483,0.3735129364912172,0.18562046056833656,0.6971520270056566,0.43769161732963735,-0.019349322138873495,0.23293491061681948,0.5708159210687068,-0.012782694211037646,-0.0672537988760455,-0.03435675686163264,0.626109811489476,0.7058993758198921,0.6091296088232169,-0.2360707713641839,0.6235193118418174,0.590558988405309,0.12289704388663851,0.685513118356355,0.7158597362453833,-0.006412519928256545,0.5072944320249316,0.5409722799050499,-0.025405142677552135,0.2196672166370812,0.698739084564871,0.7193896855733354,0.35816054995301677,0.37204701683477104,0.548294243238255,0.376528927316826,0.7756837774061156,-0.12313035455830418,0.503564091926369,0.3450797294203622,-0.10298940193409596,0.20871532586619718,0.34438826690743074,0.609933141523184,0.09615701980773124,0.684206819847641,-0.1632378904864768,-0.14760219343546527,0.3257737117741882,0.4881683889456246,0.031226101370436077,0.17145464389657036,0.5241972798275355
Rolandic_Oper_L,0.6688224813223064,0.21083475291033382,0.5856076737096181,0.748187571090081,0.7095575254288768,0.3365549223226648,0.12990461006922652,0.5185754340468675,0.4775143590167673,0.6872016046841164,1.0,-0.21067102322052714,0.7980320828980176,0.7624621393688098,0.1121525214768675,0.8261304144506464,0.8239231854341759,0.5819365563522982,0.20634250736221113,0.1483153478548123,0.46916858497727637,0.6968810270370145,-0.3219249759869292,0.29684230272658635,0.7638362722077469,-0.39165529782807423,-0.2271924955293926,-0.21017196860872367,0.7371171259673647,0.7677669369064711,0.7409571504225353,-0.5624083869546842,0.4110530071355332,0.3905287696315464,0.08765872912564357,0.7961432263282439,0.7772665058082413,-0.35223829392557254,0.39100864395383406,0.5407210651813564,-0.1248295951919146,0.014258439412339405,0.7675278156503346,0.6295882656978545,0.34163516324564563,0.11911419688933587,0.43959680705437565,0.485818545917732,0.8245930875756101,0.10199220498604489,0.6876302308850561,0.5921880480798717,-0.37537844523454084,0.30590796441679835,0.150796399041198,0.8718628754712948,-0.21114520687127378,0.7912564237149234,-0.4224725595653135,-0.5019773949916938,0.16662953977885298,0.3067841114348185,-0.23849740084352256,-0.04750751754419705,0.8001563850750236
Calcarine_R,-0.6291029838328931,-0.2689797350799241,-0.3449841654497986,-0.4871292515218213,-0.23904745882522052,0.03884848304225039,0.29314073701143156,-0.2828844164128768,-0.138694960305661,0.08913557862368754,-0.21067102322052714,1.0,-0.3852522781191275,-0.5420570861599733,-0.13917364094727444,-0.3503368255837129,-0.06814156492779792,0.22530154552363202,0.6324772568570346,-0.03506779733005173,0.5000332787123158,-0.4223604622260253,0.6980606479274104,-0.04681477615685327,-0.2934450618964662,0.4618322528250847,0.24193136521122038,0.5663763902397613,-0.06339396051964712,-0.03524400886590582,-0.30638171207819337,0.7624387942970665,-0.081917934731757,0.4472812738726307,0.3902426007011238,-0.05239618166369253,0.06585627575496547,0.8853642409268224,0.24888356279901228,0.13782728324927626,0.6648189014679966,0.762484617296391,-0.10365618227935791,0.05556018187258675,0.1445050366784721,0.23607714457507722,-0.03032047661482353,-0.268740124650666,-0.013341459729813387,-0.3934229820723156,-0.2624173364938277,-0.46894854594556756,0.6258611501963517,-0.11176734471312433,0.03217469038505672,-0.3711705351365619,0.8025867852657327,0.02556361021168283,0.706295141090459,0.8321102415153078,0.20624215461790554,0.16397537252586517,0.298308356502258,0.27377006576882323,-0.3929105668728162
Hippocampus_R,0.7608158519309971,0.47349218637263935,0.7675019116929286,0.818197499886071,0.7850878816570788,0.4343652443432983,-0.01743201857764339,0.47521981057796137,0.5960566798684284,0.6199675602528073,0.7980320828980176,-0.3852522781191275,1.0,0.8767096187982496,0.3894316320103834,0.925662690049132,0.8152701360743708,0.596106721216989,0.11457062070369169,0.2997015140820143,0.3738157333576601,0.7233991446753298,-0.5108453097847573,0.35934325865359024,0.8706468543550626,-0.37884394915788533,-0.033669425438152524,-0.3464712169364193,0.7152363791415695,0.7702987497375702,0.8059433380934151,-0.7232764259521034,0.47206505407648586,0.3176610083144736,-0.13123466019294938,0.6774245532394165,0.6935780148801549,-0.5341069263727276,0.434550500536563,0.6650194422542794,-0.23871102893013782,-0.1735551244188794,0.8733702380572249,0.7496689251848663,0.460497593783955,0.20964927254760315,0.5427836353538783,0.5442656140165925,0.6999854592190523,0.2642001950449091,0.7643665106061489,0.6764481336168261,-0.47958989729782553,0.2070398284979451,0.3453987848433575,0.9154945113701014,-0.3443178976544874,0.7350197666795777,-0.6423176804786752,-0.6425695416640598,0.2629328497981318,0.37625770842444284,-0.26612479091771785,0.15968438042612032,0.8559668989603475
Amygdala_L,0.833943400305834,0.33194419248711876,0.6803005090556664,0.7991411154112263,0.6598628512201936,0.20643682338429242,0.018141621443674264,0.539298085574268,0.3723515053295534,0.4886933070805194,0.7624621393688098,-0.5420570861599733,0.8767096187982496,1.0,0.23970536515696628,0.8511136257333053,0.6790641463144633,0.429750786898845,-0.0734519773619979,0.23586558077545813,0.10229010414982727,0.7384584409738932,-0.671608594878435,0.36733722148837805,0.8588535402167029,-0.5427344976728915,-0.031412337172055355,-0.3744695233790531,0.648200442293337,0.6167840590885039,0.7354425941203092,-0.8232959612485151,0.5060952339572401,0.2765079911807813,-0.11528855480943442,0.5728266582648508,0.6103759996190325,-0.7040095453848692,0.20383010159661333,0.4339198320618308,-0.28314365102964245,-0.28860694833014766,0.7149616333880553,0.5068234442487359,0.23479550150750006,0.0034917814039929595,0.28644316290488786,0.6067768651353013,0.7056164509851727,0.3194836510456357,0.5880736109186092,0.733485244427444,-0.6156693150949996,0.15144564946942812,0.21879085094615122,0.8603217394827376,-0.5051594172474838,0.6834173695928193,-0.7843131771916475,-0.8251789790472329,0.029130103023655263,0.26980735772839215,-0.3103567693465279,0.02346188318388554,0.8801626183097954
Thal_LP_R,0.18019183251575352,0.6844734008121995,0.5678769654233157,0.1645683118138792,0.27684942457599476,0.5258761720889312,0.1779630467066035,0.2588924792034735,0.34085659263265145,0.3039992336924877,0.1121525214768675,-0.13917364094727444,0.3894316320103834,0.23970536515696628,1.0,0.14185323976805497,0.24160117588939797,0.42819238887095296,-0.045247716233441086,0.24521024862883983,0.2160294450194906,0.3048006087515186,-0.2299517233385057,0.0566349518922648,0.16527786102501518,0.2334961187081002,0.10959670129159312,-0.19408256405635996,0.017582599916445018,0.32300498843905007,0.1422522730606406,-0.24266637477496472,0.40011963078293367,0.1539828429693474,-0.28354142143368477,0.302912838869177,0.2799877652328999,-0.15699122971143073,0.21802215127466437,0.37015756947484935,-0.1392712846415302,-0.17071439832759036,0.4053531050092735,0.4225093169695748,0.16783232075449075,0.5820069860066003,0.5918598846216648,0.39699119397208793,0.3396370075591856,-0.16095426777449473,0.16568547695870073,0.3500594188956241,-0.35548782831493586,0.1908098977341884,0.5348815621705084,0.29505988185489573,-0.21141209560995478,0.1137888582201709,-0.24060631606825844,-0.08672673216189986,0.4632428309726823,0.24434027582559797,-0.17191948509966457,0.21845539231431127,0.09818161048021239
ParaHippocampal_R,0.7533896091548092,0.29630673080813874,0.6072066968169216,0.7865882282118739,0.7545749556910479,0.33815538321481675,-0.13069792214257894,0.432790378031621,0.47467604103457584,0.5841782968114874,0.8261304144506464,-0.3503368255837129,0.925662690049132,0.8511136257333053,0.14185323976805497,1.0,0.7949853007433845,0.5294096962604945,0.19882624743532856,0.18300919871026183,0.3649136857612596,0.7154218145998493,-0.43883245252985015,0.34360169329777235,0.9035073888073395,-0.4937723063545306,-0.08374155448882112,-0.37573099373647567,0.7470175250315929,0.7069875384373692,0.8057788831789426,-0.669836667021007,0.3297823190038129,0.3273795219417423,-0.03932191654697753,0.6075394839432534,0.6727677450347327,-0.4964723293641629,0.43949843366708874,0.611650577859215,-0.2253019470136758,-0.05419649201446149,0.8155257622754462,0.6657288420466495,0.44448162643419203,0.05733242348566927,0.40153631641821774,0.49316591127305653,0.6370976786897666,0.28569238125949625,0.7202161462111784,0.6048602086793033,-0.35208618501722777,0.09012240000353301,0.2235896484382646,0.8716609139810815,-0.2114544714237171,0.738393186931384,-0.6030471372099175,-0.6511946470510162,0.12062503219536401,0.2824982889035441,-0.2842679334551447,0.12870508037876197,0.8962428208840728
Frontal_Mid_2_R,0.6150999466581539,0.34693083099294747,0.7102743402564713,0.7903590166019214,0.7091341119672346,0.5259319417012097,0.125615997364927,0.39811821202699127,0.6159328796053133,0.6906004541752122,0.8239231854341759,-0.06814156492779792,0.8152701360743708,0.6790641463144633,0.24160117588939797,0.7949853007433845,1.0,0.7126974850830218,0.4910112624464088,0.14809983500135088,0.6044366152391463,0.6093315142421295,-0.13307468102601094,0.3761450419087346,0.8071751723610535,-0.20613331497255477,-0.1393534767214447,-0.017599817129168416,0.7840216543154036,0.9288375201936017,0.7587298504434045,-0.42526102820085937,0.4532675539494758,0.4082523480331301,0.0050462767230509825,0.8645358371151486,0.746324799883016,-0.20801821689766833,0.556694861217772,0.7312862797729892,-0.15940133988163163,0.07124529084686818,0.8623863583122585,0.7468834856641167,0.4550888770162022,0.23544137683336222,0.6456962256949283,0.3957859678892651,0.7383739638987633,0.1220197213745892,0.7750515428579896,0.4965084274485337,-0.24657621062832247,0.3214389659750651,0.3059526836065675,0.9067178177492048,-0.05548095644978757,0.798332806637367,-0.25074341905054204,-0.3061549230362186,0.3979544311875627,0.39457777625716833,-0.07630046780509035,0.1378977746899068,0.7762813403921555
Precuneus_R,0.2769423123465649,0.5692905190782984,0.6956197599950171,0.3939281176974273,0.5437505997220394,0.49494190762657064,0.17254521063509082,0.2443804412988307,0.4756897911441943,0.6293333085686483,0.5819365563522982,0.22530154552363202,0.596106721216989,0.429750786898845,0.42819238887095296,0.5294096962604945,0.7126974850830218,1.0,0.553620971563585,0.1948008167206399,0.6908917743244708,0.35143709813242757,0.032855232724680904,0.34407434492475786,0.5714642186580597,0.24902847215880378,0.10742464205312041,0.04008353681364691,0.6132539193407862,0.8013809533694125,0.5656306837521236,-0.14507358826088645,0.43516491160981047,0.5540971985093106,0.19233116321832128,0.6426677268282607,0.7174842406322021,0.13816981930084152,0.6022854570304643,0.6932296959870818,0.02554482798922006,0.31222823867115607,0.7550258833361493,0.7665204358347285,0.4582394372370614,0.634813005338708,0.7437780753635771,0.42024668663318415,0.6759398199415173,-0.018445994898312005,0.5184058788813894,0.32189405653594466,-0.14181192770955947,0.20271116548361323,0.6363614798740289,0.6040918294269569,0.15793376118342226,0.6986297063960717,-0.0425833004322587,0.030128305449454048,0.6585815481735482,0.3458535765624404,-0.047179690343290524,0.35307635193991177,0.47031037579854434
Frontal_Inf_Tri_R,-0.16871128454414697,-0.016878947878747996,0.11360884747151935,0.026777680922614094,0.22299193340933957,0.3387785535085709,0.1782333704393245,-0.08029495544605811,0.20831721237482353,0.3735129364912172,0.20634250736221113,0.6324772568570346,0.11457062070369169,-0.0734519773619979,-0.045247716233441086,0.19882624743532856,0.4910112624464088,0.553620971563585,1.0,-0.07192967115124849,0.6981686409466097,-0.0543469543514952,0.5621179379322578,0.24759198611699926,0.26755979411167896,0.19855083227822162,0.06087566204868406,0.4278877569305709,0.4358521060986368,0.4777280305154961,0.17267964484571255,0.40098943120941466,0.10360764457676934,0.5864012847713006,0.3064077841540693,0.332260276320757,0.40295418375381176,0.5530779125061611,0.6139491159706241,0.5546748904775273,0.21260455959923633,0.6913140754921147,0.3828787977217972,0.40655247538544137,0.473526068303061,0.2724367501638801,0.2957773064615701,0.03741157378800679,0.27109762294233153,-0.20405420702577381,0.13855853438976315,-0.14692339463275617,0.4608605305228164,-0.10802395244586477,0.3088070564849068,0.1670514562680206,0.7454714786004155,0.4113565645556339,0.4693330199773254,0.4614992191542497,0.4653550751044005,0.25296324805544196,0.24156769832894567,0.3586164365604272,0.14591997385986924
Cerebellum_8_L,0.026378085105775363,0.30715606134502177,0.28735213802106235,0.07436219256515203,0.029819416382895047,0.21169161975816903,0.26172422660325323,0.23438735714107106,0.18524353597399792,0.18562046056833656,0.1483153478548123,-0.03506779733005173,0.2997015140820143,0.23586558077545813,0.24521024862883983,0.18300919871026183,0.14809983500135088,0.1948008167206399,-0.07192967115124849,1.0,0.15427575421275574,0.13466419216033604,-0.18749778821641094,0.026305538326209597,0.11070701855731083,0.06353650904756286,0.43627280998178797,0.21333919130119602,0.07005247044766205,0.14456493183343536,0.1374750099991364,-0.2551513713227296,0.26772031901610954,0.30217071958225233,0.11197215392454803,0.1605172068199399,0.17958999968222747,-0.11935697581298023,0.05055664916297099,0.24483537305504563,0.12065273419762074,-0.07111837333176703,0.3265262765910928,0.22098068271868276,0.11881920630964736,0.4026592862082732,0.23333754927619813,0.28563072046009247,0.259613104982052,-0.10111406100799845,0.2201817777809991,0.2783651871200021,-0.24533147964084756,-0.06638974769029171,0.23231764529659107,0.19155671109825587,-0.19766394180079153,0.12568461518520846,-0.3265162670638168,-0.16393996813314773,0.09341063927221147,0.3979552998145908,-0.04668243621332242,-0.023419506810106554,0.11069907400300312
Thal_MDm_L,0.04356599436978892,0.17921231566776136,0.34921416982223874,0.18922319640389956,0.44979231925104896,0.5423561876020722,0.278242661288896,0.09138417427875573,0.42455132490046116,0.6971520270056566,0.46916858497727637,0.5000332787123158,0.3738157333576601,0.10229010414982727,0.2160294450194906,0.3649136857612596,0.6044366152391463,0.6908917743244708,0.6981686409466097,0.15427575421275574,1.0,0.14881262450903393,0.37277024589637514,0.07822157244530939,0.35967123479559926,0.1994604951885972,0.018697844938954412,0.23899254442738851,0.45186666159567135,0.6664166246055275,0.4374809926833639,0.21404186131984587,0.28225971502428576,0.614974264302049,0.3290068152308846,0.5389136572769634,0.6015163163327704,0.456858096566776,0.6200487864898497,0.6750908115073676,0.1269039146733797,0.6011914735466993,0.6186826632806315,0.7121014663218506,0.46273079627098773,0.506900568518651,0.5642965178067931,0.22490675348279152,0.5659517572294526,-0.19101523230834966,0.40541948442539766,0.08084422390584936,0.2644363432300237,0.11205161443582556,0.39509996008438847,0.3599231905255651,0.5227429007323676,0.5239268389604257,0.2719328263830533,0.3307900005057123,0.5305615502714617,0.3975487401407598,-0.02039482731581944,0.32193200137539857,0.2587958029094007
N_Acc_R,0.6973529701989877,0.2631184005753072,0.5080929833144052,0.6130567973105677,0.6098628405798595,0.2498407153627415,0.08979287590308095,0.5888031880884154,0.26545702215893496,0.43769161732963735,0.6968810270370145,-0.4223604622260253,0.7233991446753298,0.7384584409738932,0.3048006087515186,0.7154218145998493,0.6093315142421295,0.35143709813242757,-0.0543469543514952,0.13466419216033604,0.14881262450903393,1.0,-0.47774943926468094,0.13068921794423694,0.653142576276977,-0.47462903765118053,-0.08133029744934461,-0.44090481868305087,0.44373202390274913,0.5210444670129736,0.5161329504583261,-0.7004786840693937,0.35239228675604595,0.230257807578809,-0.18176750820863005,0.47445013007070047,0.5692315075465871,-0.5561574780880852,0.18240439301610473,0.3675700482130926,-0.22886922558649847,-0.16384941738291192,0.6070751193273434,0.4055181753393236,0.17804605807941845,0.04602937871590333,0.29660317742967923,0.5022547460582316,0.6253612300205338,0.10983577992058544,0.4654139576373328,0.6157740333992054,-0.4965361354627277,0.14850520003336898,0.12936459564117503,0.7252151980753982,-0.37549949197507915,0.5112401188997603,-0.6471757871919865,-0.6299478293603905,-0.00753086946940243,0.11079458683925214,-0.34729464008710936,0.000879598083565748,0.7163231822929784
Vermis_9,-0.6538507819067437,-0.23744273990076473,-0.35788938341032767,-0.5015206356547426,-0.36639120015812293,0.00928314284866365,0.26554090461002255,-0.34596585536814745,-0.16576810855137658,-0.019349322138873495,-0.3219249759869292,0.6980606479274104,-0.5108453097847573,-0.671608594878435,-0.2299517233385057,-0.43883245252985015,-0.13307468102601094,0.032855232724680904,0.5621179379322578,-0.18749778821641094,0.37277024589637514,-0.47774943926468094,1.0,-0.23856220679005175,-0.34512183540458913,0.4623814205834343,0.017182361276855542,0.5674910894259929,-0.15268495569359228,-0.11917035225966335,-0.36080966256063374,0.7537899908803417,-0.21736041044582352,0.23504186069054914,0.2793248525086318,-0.1362973564779671,-0.12746535183866758,0.8045777533382458,0.15341221643074787,-0.03854463329814151,0.24448231916092225,0.6053673360485453,-0.2603112101336413,-0.14361017449069585,0.04728260567665566,0.1994787719828772,-0.015684444309916945,-0.3454652669160284,-0.20409613780233737,-0.32836546162179636,-0.3117125655544369,-0.45168556798561915,0.592807058486903,-0.07793122868588526,0.04612106630291495,-0.44313981165244964,0.7754599752344815,-0.16913461122368334,0.8231894528542212,0.8127495418470521,0.20802260829393446,0.002331334420619652,0.37019277611526524,0.15083838471628525,-0.47679066106817364
Temporal_Pole_Mid_L,0.18885377665512065,0.26929255725631673,0.3589046758965115,0.4010515937881846,0.28422122190709487,0.06049934062052851,-0.12890886012171204,-0.1824761982743357,0.34550328136357167,0.23293491061681948,0.29684230272658635,-0.04681477615685327,0.35934325865359024,0.36733722148837805,0.0566349518922648,0.34360169329777235,0.3761450419087346,0.34407434492475786,0.24759198611699926,0.026305538326209597,0.07822157244530939,0.13068921794423694,-0.23856220679005175,1.0,0.3541531340748991,-0.018699813690379298,0.06314801257687058,0.1289773734219561,0.6336094990500454,0.3444838468693688,0.40850193140670665,-0.22224355285553285,0.28245378116181225,0.21504121792128056,0.0021723506616952793,0.40099383787118653,0.2872916288079342,-0.1620091760170645,0.5007111710117933,0.30732642116835396,0.03259726134718301,-0.09571277898932147,0.3039084052612857,0.2573144667065776,0.3510316028658712,0.12289528657221978,0.2317655482747775,0.12057361021623716,0.2543354973886612,0.383099217272366,0.37173948730651724,-0.02439019878980565,-0.1866690523453155,0.15105645643697035,0.2680696567126914,0.406576337414491,-0.09669835172820261,0.3824389303302658,-0.18598651825400034,-0.2036627308055331,0.22917041171846886,0.23661688889700763,0.3197150394876674,0.11919235140733014,0.3071065408905299
Amygdala_R,0.7277276662166114,0.2874501827973136,0.6525205633919005,0.7484274993798097,0.7054679752041668,0.35429750116932224,0.0004946008277450289,0.4011388918308496,0.4019410871599969,0.5708159210687068,0.7638362722077469,-0.2934450618964662,0.8706468543550626,0.8588535402167029,0.16527786102501518,0.9035073888073395,0.8071751723610535,0.5714642186580597,0.26755979411167896,0.11070701855731083,0.35967123479559926,0.653142576276977,-0.34512183540458913,0.3541531340748991,1.0,-0.4602044822681555,-0.031828177644780686,-0.24761962050466393,0.7480849092034845,0.7213148158250838,0.8070221021042823,-0.6155893390457772,0.40290354969568054,0.41577100442159004,-0.029863478814009536,0.5919510840823508,0.6441503673528537,-0.4567763531073002,0.4260013731897757,0.6269603486237839,-0.21478123675845354,-0.0027750500168017118,0.7751353259465711,0.6175503112056275,0.46012646290821096,0.06472922689209065,0.34979722471433666,0.48976444129887814,0.6681078622309155,0.2949620976097909,0.6262263259068125,0.6262961209345457,-0.3893839473377586,0.12268961534980993,0.313673610799421,0.8603060082807668,-0.15631781760079755,0.7353825548174554,-0.5255193420805996,-0.5979525379250263,0.20263580326911454,0.25217135132585167,-0.2354111694049255,0.25739640351967563,0.9020686930014297
Occipital_Sup_L,-0.4984756305083913,0.41579075681061295,0.06437672067914504,-0.31843640628638825,-0.31692797904526193,0.09529168550716603,0.21505811535183214,-0.3678931027752626,0.17072683666567728,-0.012782694211037646,-0.39165529782807423,0.4618322528250847,-0.37884394915788533,-0.5427344976728915,0.2334961187081002,-0.4937723063545306,-0.20613331497255477,0.24902847215880378,0.19855083227822162,0.06353650904756286,0.1994604951885972,-0.47462903765118053,0.4623814205834343,-0.018699813690379298,-0.4602044822681555,1.0,0.2361786518134093,0.3324843175317727,-0.22108954870078407,-0.06838694099178666,-0.17761629558841113,0.49080727908995286,0.04671241568713629,0.015454898144476054,0.07575324244015125,-0.04445291798837425,-0.14962577756716935,0.5601469284836259,0.1680354779140351,-0.09961295070412987,0.19428401147251442,0.06660562164270306,-0.23384172111224377,0.0024294734328242943,-0.03204219348345804,0.602887520897963,0.3642409663076541,-0.3875855072041224,-0.21312294006773552,-0.18963840946601962,-0.1478494820977762,-0.39479409208495514,0.2215004653398381,0.3055028276838671,0.4021466344852814,-0.3308044083530125,0.24476013899890578,-0.2450575696612134,0.5461915371723377,0.6853090373987588,0.5284270405004939,0.13018768684894808,0.360686071296129,0.15087309135222923,-0.4921194718870626
Occipital_Mid_L,-0.23357850971857855,0.13085495403735495,-0.014764365104338957,-0.2346337297798642,-0.16571434192309906,-0.03883517908304209,0.08210990057282563,-0.07365624340387036,-0.11654782438054781,-0.0672537988760455,-0.2271924955293926,0.24193136521122038,-0.033669425438152524,-0.031412337172055355,0.10959670129159312,-0.08374155448882112,-0.1393534767214447,0.10742464205312041,0.06087566204868406,0.43627280998178797,0.018697844938954412,-0.08133029744934461,0.017182361276855542,0.06314801257687058,-0.031828177644780686,0.2361786518134093,1.0,0.1673871732759548,-0.06493668769837416,-0.14182399752953706,-0.05596125873709101,0.08928486353452136,0.0553674804203891,0.28815870801266746,0.17638015061507675,-0.2219916975632615,-0.018172416576719884,0.11518395151679121,0.056749599341005146,0.06678140719760865,0.3408925039556915,0.13496943642655485,-0.017499986425734287,0.003884021934725797,0.09038382485568051,0.2689776504971105,-0.05875140699662262,-0.009167523032669512,-0.04681638818200874,-0.028518166241517453,-0.21474999563108302,-0.08044658261865542,0.01621557195748125,-0.21460390179254346,0.23804230299829093,-0.1537652279910732,0.12933943714980545,-0.06559090735251,-0.08366005203513775,0.10655948341921419,0.03395511360583889,0.20449373755677716,0.04323447784946995,0.24506551562413165,-0.08064679708471757
Cerebellum_Crus1_L,-0.4872285722047188,-0.2298801191995267,-0.1585583426835409,-0.3077454692441542,-0.34170059622532833,-0.01707832794793038,0.42264337548204234,-0.27280948555531603,-0.123999057526947,-0.03435675686163264,-0.21017196860872367,0.5663763902397613,-0.3464712169364193,-0.3744695233790531,-0.19408256405635996,-0.37573099373647567,-0.017599817129168416,0.04008353681364691,0.4278877569305709,0.21333919130119602,0.23899254442738851,-0.44090481868305087,0.5674910894259929,0.1289773734219561,-0.24761962050466393,0.3324843175317727,0.1673871732759548,1.0,-0.013040552992520911,-0.005127396203297621,-0.250638577365146,0.5560547913063597,0.010032008772704786,0.358887116529965,0.30025528760996073,0.028844541116419885,-0.10918905167566903,0.5979242474584007,0.10158775998516535,0.05109762909389706,0.2845494265504128,0.431940754988369,-0.1667930324844532,-0.10292347347654172,0.046637569884489014,0.1469324222602044,-0.06374272197930307,-0.09560920437438733,-0.005543059231821218,-0.147455368633357,-0.15233190568654123,-0.2816941875068072,0.2844147631329193,0.020010329492351275,0.013434866771512932,-0.2504348243212677,0.47755741470126056,-0.07438141734272966,0.6021700018459051,0.5815577724293898,0.18056270741411662,0.20673514684049643,0.4467488187379617,0.11909787492683373,-0.3909942998112094
Pallidum_R,0.4679963574409891,0.24995465260185656,0.5331228756656029,0.6885620882559125,0.6293226756139538,0.20196817561925787,0.08224288332216599,0.20434569181941742,0.532684183359859,0.626109811489476,0.7371171259673647,-0.06339396051964712,0.7152363791415695,0.648200442293337,0.017582599916445018,0.7470175250315929,0.7840216543154036,0.6132539193407862,0.4358521060986368,0.07005247044766205,0.45186666159567135,0.44373202390274913,-0.15268495569359228,0.6336094990500454,0.7480849092034845,-0.22108954870078407,-0.06493668769837416,-0.013040552992520911,1.0,0.7314437032591856,0.701266802525257,-0.37142206242654136,0.4630746353540572,0.48208570028913694,0.17690724326786328,0.7112811034814418,0.7127808245810203,-0.16803106045027305,0.650128691560903,0.590191067751908,-0.10424057294959842,0.10244146578463881,0.7034951013180792,0.6104896461161141,0.4974651903272891,0.16808542468861556,0.4390613156332493,0.3608588903044734,0.6681458191923514,0.2809375138044666,0.6334108648550285,0.3395022575409114,-0.20118851658026463,0.22308767694173187,0.2730332776311394,0.7514149027459043,0.0054567376038300594,0.7961027729311778,-0.2589861305338821,-0.3237518121264742,0.28135794639118766,0.41114090267167297,0.11944765611063618,0.14427445337638511,0.7062110858666483
Precentral_R,0.5497509832571882,0.4421801180395015,0.7985906807826891,0.7141279114498387,0.7230886449331793,0.5197226032551422,0.14868862930178514,0.3836284418751544,0.65205607521515,0.7058993758198921,0.7677669369064711,-0.03524400886590582,0.7702987497375702,0.6167840590885039,0.32300498843905007,0.7069875384373692,0.9288375201936017,0.8013809533694125,0.4777280305154961,0.14456493183343536,0.6664166246055275,0.5210444670129736,-0.11917035225966335,0.3444838468693688,0.7213148158250838,-0.06838694099178666,-0.14182399752953706,-0.005127396203297621,0.7314437032591856,1.0,0.7319250391881215,-0.35357960477961353,0.5028322772417801,0.41751155299795156,0.0563953321879496,0.8117907229795818,0.7306405614412297,-0.10905794934467022,0.5571478739643507,0.7751894067595753,-0.19608178053489186,0.10591978386762793,0.8746529941913697,0.8198311529030052,0.4692771982953368,0.3677938787109005,0.755581770951203,0.4662434213331146,0.7527513251661978,0.12453780892595472,0.7595223762793648,0.4867182821374843,-0.24814847811944213,0.3049936681153152,0.438796838396136,0.8267182479304909,-0.03936555235776457,0.7707568282331095,-0.16237366270650247,-0.21332443062654174,0.5867326872594705,0.39920121187721314,-0.08760376771645534,0.16707665587285944,0.6805059656530029
