,Occipital_Mid_R,Frontal_Sup_Medial_L,Red_N_L,Frontal_Inf_Orb_2_L,Thal_PuM_R,Thal_LP_R,Temporal_Sup_R,Thal_MGN_L,Precentral_L,N_Acc_L,Calcarine_L,SN_pc_R,Rectus_R,Rolandic_Oper_R,Thal_LGN_R,Calcarine_R,Postcentral_L,Cingulate_Mid_R,Cerebellum_Crus1_L,Frontal_Mid_2_R,Temporal_Inf_L,Hippocampus_R,ACC_sub_R,OFCant_L,Vermis_7,OFCmed_L,Vermis_6,Thal_AV_L,Cerebellum_8_L,Thal_MDm_R,Cingulate_Mid_L,ACC_sup_R,Cuneus_R,Paracentral_Lobule_R,Temporal_Inf_R,Angular_L,Hippocampus_L,SupraMarginal_L,Cerebellum_9_L,Temporal_Mid_R,Thal_VPL_R,ACC_pre_R,Lingual_R,ACC_sub_L,Precuneus_L,Frontal_Med_Orb_L,Thal_IL_R,Temporal_Pole_Mid_L,Thal_IL_L,Cerebellum_3_L,Thal_VL_R,Thal_LP_L,Insula_L,Cerebellum_6_L,ParaHippocampal_R,Frontal_Sup_2_L,Frontal_Mid_2_L,Putamen_L,Insula_R,Pallidum_L
Occipital_Mid_R,1.0,-0.24555504137562584,0.045569660420702325,-0.03265355909364982,-0.165132929651074,-0.1392712846415302,0.20515979650785776,-0.19604776905205926,-0.1823040222927528,-0.2279232582184902,0.3730500197044621,0.26573764576706993,-0.29810424135296737,-0.09969422596356035,-0.2539408367209202,0.6648189014679966,-0.21356866981826944,-0.14295211842587394,0.2845494265504128,-0.15940133988163163,0.15320084204643322,-0.23871102893013782,-0.2793748696501113,-0.0006013978156085584,-0.39365320632748996,-0.1950461944989513,0.24325078815445522,-0.0797864542082624,0.12065273419762074,0.002452110880992156,-0.15166694749190304,-0.22989762928987137,0.28561590624734406,-0.22766579968476322,0.19427437980846948,0.011242390808091527,-0.13091622334384662,-0.010341948451518302,-0.2285543385204828,0.3112561576382313,-0.11568663110188379,-0.3533675484396393,0.411422616704726,-0.267792637776522,-0.18529821008832165,-0.18497035751862118,-0.025405142677552135,0.03259726134718301,0.05495285724116711,0.3131452780498124,0.09257816797944671,0.20827295507767601,-0.1467631790743275,0.43703265539436575,-0.2253019470136758,-0.28560022736231827,-0.2389044240982442,-0.24576827626650233,-0.2807555699577875,0.03145106999362626
Frontal_Sup_Medial_L,-0.24555504137562584,1.0,0.6138617663996174,0.3967558285181368,0.8033156193966633,0.3077071835536468,0.15684548620287334,0.6491575428692151,0.689125955127342,0.8404912176927338,-0.5291010379192751,-0.33098892156524146,0.7558114274145903,0.7043628630271246,0.7373360004834302,-0.31677295113004106,0.6403385557182141,0.8746492506378137,-0.23362635953702357,0.9320820577334339,0.04753285686685666,0.9059118894411328,0.6407724458385607,0.10489490452894547,0.6330397474409679,0.4506193025752162,-0.44735028523734244,0.45725629958933545,0.18502556169831536,0.6143914651608415,0.8673751357320901,0.8507668471212938,-0.37135124963605076,0.7879849497822815,-0.07745893202615504,-0.036021524342755136,0.8831500178071598,0.102312385498641,0.23678280852552944,-0.4441784171168692,0.7239493941091161,0.7432835177379705,-0.35074577578024424,0.6378087251200214,0.7203856318464704,0.3341099392052945,0.6569897992199992,0.36577222960575234,0.3915793399859207,-0.19607051449263038,0.25920523841227255,-0.08569910350243821,0.8874836568951332,-0.4417523213727886,0.8529869270791265,0.9718235849341657,0.9729393315758167,0.8880677294814295,0.8769280410437538,0.43240474129825424
Red_N_L,0.045569660420702325,0.6138617663996174,1.0,-0.026569851073266735,0.5835473125040482,0.3962245320196888,0.39537594349572674,0.2993762153750324,0.393401811607267,0.5957083642336334,-0.232169696449304,-0.08129044939038432,0.4712158688870354,0.6352144424468296,0.6399295921645705,0.10035770972069301,0.3849735590210234,0.7338896599612689,-0.0612035871469461,0.6650330326416598,0.30122844191335185,0.6785570431298265,0.2121804359517727,0.11668791735508958,0.17321288164994694,0.3575812419795714,-0.20423646846608687,0.4667192359958518,0.24404255704210326,0.47080625564265666,0.7437900165975759,0.581848952147979,-0.16968419302482815,0.516066016185868,-0.12722921344108187,-0.0692139905425489,0.7973401154476631,-0.06675312186445609,-0.23329743338072675,-0.16768711214194862,0.6257887163104717,0.29903807097143953,0.17001399460935632,0.3272991190945665,0.4565581496231246,-0.009073269814285353,0.6580179892190373,0.21297305093185392,0.4172253921440094,0.151235776550053,0.27208111780551697,0.09497274346705263,0.6436649006018048,0.007877705318212785,0.6249920352563824,0.5398177353204543,0.6134271175890155,0.6243196205494072,0.5354572389711606,0.5236773691879244
Frontal_Inf_Orb_2_L,-0.03265355909364982,0.3967558285181368,-0.026569851073266735,1.0,0.16565045174739929,0.1908098977341884,-0.14831044867199716,0.36609020898806993,0.2987760013787114,0.16417751609281223,0.0003935385093782755,-0.008328839108628711,0.10323623257431261,0.032866781134015914,0.1250640012052918,-0.11176734471312433,0.382887935034396,0.11956225967642725,0.020010329492351275,0.3214389659750651,0.2480444413812103,0.2070398284979451,0.28611409741132793,0.11548852529338884,0.3680607919871051,-0.024147444826503345,-0.38086402314107,0.2194162508586418,-0.06638974769029171,0.3085129213780913,0.08107531834263915,0.12700500446135313,0.1706823685582334,0.3057240770913214,0.02276414255509578,0.287035202927263,0.2063989171178283,0.41829192291251,0.5062826435733982,-0.19394977943035463,0.1505276415526882,0.41026424422119634,-0.33599669826666223,0.2679000845684359,0.48418951558745815,0.3161812340120156,0.20871532586619718,0.15105645643697035,0.0765388704471027,-0.17669759034664093,0.1561221958954852,-0.12225212236162739,0.5069173600095248,-0.10017398780853626,0.09012240000353301,0.4029975281013682,0.40153275298120455,0.24975676510144795,0.2473478382390364,0.11246384379058487
Thal_PuM_R,-0.165132929651074,0.8033156193966633,0.5835473125040482,0.16565045174739929,1.0,0.18397113359522826,0.38983712762401274,0.5973265208127276,0.6550452670833178,0.6725381038235527,-0.26571449976742595,-0.04228800092387223,0.5478696679534557,0.7110167067339089,0.7041591740363291,-0.03817422094381526,0.5785322745077588,0.8673564479507503,-0.0823070387842284,0.8324444833115219,-0.018055715632828918,0.7877471975585525,0.42304949196094527,-0.019894911159423274,0.3139005928390123,0.2559068700309648,-0.11953617700096462,0.4749681513466861,0.18063691056643025,0.7621176799287376,0.8218545853025062,0.6948449940005248,-0.1762811853509691,0.6130205394821311,0.16385908948833025,-0.05505223293733857,0.7883675095132866,0.08409047829224736,0.07016216280758879,-0.10636298139045548,0.8283667416314252,0.48291339368312386,-0.00994435612487741,0.3358403818205984,0.59442084219849,0.2445302887371866,0.7041286586795442,0.28200701753873375,0.33628272371088064,0.12389999611997964,0.4237882066499344,0.050380721281630896,0.719349637785003,-0.22943956529625775,0.7920631144896991,0.7787567024035214,0.7585160663798158,0.6668889168050343,0.7510364137656087,0.5139680517515118
Thal_LP_R,-0.1392712846415302,0.3077071835536468,0.3962245320196888,0.1908098977341884,0.18397113359522826,1.0,-0.07691576040914526,0.34085659263265145,0.25971674392836364,0.10961149622775244,-0.08672673216189986,-0.03988753498875828,0.20025126667437385,0.015269289026770425,0.27684942457599476,-0.13917364094727444,0.5918598846216648,0.26944169739313295,-0.19408256405635996,0.24160117588939797,0.1779630467066035,0.3894316320103834,0.07976422563391246,0.2560700220997241,0.3502885436233436,0.2588924792034735,-0.35548782831493586,0.5258761720889312,0.24521024862883983,0.09214096013019324,0.4053531050092735,0.09818161048021239,0.10592790895067002,0.51588528173873,-0.18027073209233377,0.48612195911269124,0.31044572444501356,0.4403256571431277,0.17305521391166095,-0.2653136590768401,0.4225093169695748,0.2791539497146008,-0.20373187879744692,0.2407637844940924,0.5963536561349261,-0.07904816451211966,0.3039992336924877,0.0566349518922648,0.19372359135320819,-0.0733644455126212,0.11469965725381058,-0.28354142143368477,0.31384821325945506,-0.15840101502057105,0.14185323976805497,0.23654837943463736,0.29505988185489573,0.3052229457873603,0.2430714875901149,0.21802215127466437
Temporal_Sup_R,0.20515979650785776,0.15684548620287334,0.39537594349572674,-0.14831044867199716,0.38983712762401274,-0.07691576040914526,1.0,0.042814565977820504,0.3885962713103132,0.104340350806926,0.49365965912065773,0.4871613666809896,-0.06915215646103134,0.4960339296580568,0.24595339425258347,0.6316052884689244,0.22192901313668345,0.41637320108940207,0.347682860845998,0.4057060082614372,0.0748425900465159,0.08972557801534721,-0.1804086208625438,0.13704132621058832,-0.45680396990174876,-0.025455512107904425,0.4952995998346429,0.27580940791740705,-0.1559957725283273,0.5275556782235155,0.35210498700528736,0.09804145570075315,0.42283361830557326,0.13659552833783303,0.58023654624629,-0.022228384363879233,0.23298277131597003,-0.00537242350069608,-0.26539803788914906,0.71749025999248,0.45082424954671535,-0.3634116352940361,0.7418587508294926,-0.19654009536721376,0.1730762469833108,0.0912736472315422,0.2842836824249647,0.06975556120704275,0.35891179030694903,0.7989080914382392,0.5482912951466392,0.35682644840916444,0.07166495259989619,0.5483748054801745,0.18714340291277454,0.13897541369043107,0.08700075211673657,-0.06424593687464505,0.26405520964901014,0.49842953549069435
Thal_MGN_L,-0.19604776905205926,0.6491575428692151,0.2993762153750324,0.36609020898806993,0.5973265208127276,0.34085659263265145,0.042814565977820504,1.0,0.6506462393221728,0.36900964630301825,-0.1818312343516897,0.0222312835440479,0.27341055028403005,0.3496195174941028,0.5622475462377939,-0.138694960305661,0.7059817196506005,0.6206226824833028,-0.123999057526947,0.6159328796053133,0.040704111472845556,0.5960566798684284,0.3280816402326961,-0.04598055257816092,0.4878014441285714,0.13545457893344717,-0.09858851944555283,0.4404182606895864,0.18524353597399792,0.5727411451457944,0.5784989317984517,0.4334371880543903,-0.0061819198220166354,0.5938464084451957,0.15598116012292632,0.24853462546080643,0.5561165654951499,0.47659399977120764,0.42840343359669975,-0.23827756368261466,0.6402908024035754,0.43701304341744257,-0.2473471765614021,0.2062364914605443,0.6198436731738638,0.14637776803356495,0.5693346507289717,0.34550328136357167,0.3183126566274549,-0.053986721136845425,0.32624556124607934,-0.1892695647010427,0.5332812213255779,-0.23590488830355452,0.47467604103457584,0.611794096159124,0.6082041297092953,0.47142952465255555,0.517269749517978,0.46516414336656653
Precentral_L,-0.1823040222927528,0.689125955127342,0.393401811607267,0.2987760013787114,0.6550452670833178,0.25971674392836364,0.3885962713103132,0.6506462393221728,1.0,0.4394813064447398,0.00368870739224739,0.03370226569522835,0.3635019019688549,0.46104704499978133,0.5997661714890249,0.05525059056590468,0.7544198000238216,0.7109590882153889,-0.050902502929743604,0.7511665772303049,0.0976775163611863,0.5153623291281314,0.13328814259355679,0.02626361098849487,0.27205301656400727,0.29606458780221984,0.023678687520902405,0.4358734459764861,-0.034626308305021294,0.6373671269231117,0.6784259052087498,0.4054973347181533,0.07875238293314273,0.6986204369637227,0.24691241427013447,0.028566337635163704,0.5344765308186513,0.401001019476285,0.35545508125950087,0.045012079110598686,0.7051318689545079,0.24340557757877315,0.0669684920557405,0.3319364396998827,0.6037148348665422,0.36590292248105627,0.6062302184912168,0.18827502584462655,0.5659645635687608,0.16692815089949709,0.4318850528784824,0.034269600980733915,0.5603990182693975,-0.07848656166785498,0.47238521382358356,0.7046523082019092,0.6105243774201013,0.4962844740231155,0.5750899860198491,0.44713777486046247
N_Acc_L,-0.2279232582184902,0.8404912176927338,0.5957083642336334,0.16417751609281223,0.6725381038235527,0.10961149622775244,0.104340350806926,0.36900964630301825,0.4394813064447398,1.0,-0.6798433162200149,-0.5438575164706551,0.8386128097692468,0.7499016727302747,0.7070580893817319,-0.3774986823941104,0.3138298915321286,0.7606582959779637,-0.3819967668232908,0.7731820501714899,-0.07350059838022106,0.8477450735734917,0.6232600921802124,0.07861714831230883,0.5772262662057495,0.4768545037069648,-0.44292226631501874,0.3006768046517602,0.09812577264433284,0.4078780640542139,0.7468446165414319,0.9192320822733484,-0.6008905272350435,0.6208549708035507,-0.2246648653108605,-0.28786975218782357,0.836113242824505,-0.2545488270957668,0.0208463716222395,-0.5023038381468811,0.5330108225821087,0.7421044152553485,-0.3368602810089652,0.6564447904977009,0.4766160699892496,0.3013937318914833,0.4630654477584111,0.27402658230695426,0.23242024466505237,-0.3167376069193652,0.057020949058503696,-0.10983639382480129,0.7938255084779872,-0.5467688930032714,0.8888133079618787,0.8548257821859591,0.8788913473638724,0.8753729632128991,0.8382580062173167,0.3166206527797533
Calcarine_L,0.3730500197044621,-0.5291010379192751,-0.232169696449304,0.0003935385093782755,-0.26571449976742595,-0.08672673216189986,0.49365965912065773,-0.1818312343516897,0.00368870739224739,-0.6798433162200149,1.0,0.775568052370169,-0.7327713866216031,-0.3264815203574292,-0.45055339263929933,0.8321102415153078,0.009690933163379474,-0.33140394529650485,0.5815577724293898,-0.3061549230362186,0.2412416548471321,-0.6425695416640598,-0.6502683979105074,0.017068340219434194,-0.7367795875313006,-0.4447362808172088,0.6542214138121027,-0.007554150523509714,-0.16393996813314773,0.07507109083292005,-0.3679141472773653,-0.701210107025107,0.9141295809740548,-0.365607545138502,0.542465933790112,0.3228873385939838,-0.49866859174987344,0.3917103109251947,-0.12522379912906878,0.8605411361154544,-0.13543852399796422,-0.8123745222226055,0.7629012420619065,-0.6628348569422489,-0.16276508485212382,-0.11673425393574578,-0.14760219343546527,-0.2036627308055331,0.0880991552500233,0.7642803850045952,0.38714771244953156,0.27449602210993673,-0.4805317079095614,0.8379055830572238,-0.6511946470510162,-0.5543780470379818,-0.6047602210852322,-0.7354226253875493,-0.5394051481539214,0.10651709604284866
SN_pc_R,0.26573764576706993,-0.33098892156524146,-0.08129044939038432,-0.008328839108628711,-0.04228800092387223,-0.03988753498875828,0.4871613666809896,0.0222312835440479,0.03370226569522835,-0.5438575164706551,0.775568052370169,1.0,-0.5927397928329516,-0.18069126270120833,-0.2511921200085004,0.6549886548151095,0.12691121728973212,-0.12167874752052482,0.48386821493231236,-0.13890627211969545,0.22754201267125004,-0.38157715631952505,-0.542303210797376,-0.14616997987971664,-0.6019893590225067,-0.34143029602845015,0.5108345142014366,0.08831048925144674,0.006172669226485443,0.21155537985714756,-0.16299208653208422,-0.4851009128449271,0.7482710104532547,-0.22689238771761847,0.6142246137065857,0.30134530610485494,-0.31209541889867987,0.39441604820868326,-0.06028801670275217,0.7291670750124406,0.0705465470614741,-0.621102909490981,0.61240047612253,-0.5439389617477143,-0.06332851767720306,-0.1498130206193513,0.11034906361643203,-0.11989106199839801,0.18410529735773756,0.7881103651589281,0.5254749895283677,0.2983162774291088,-0.35548534894072603,0.7198420785064196,-0.3803713822041498,-0.37667089788481056,-0.4017046488222191,-0.5370958823615949,-0.3939401315939695,0.3027787153927151
Rectus_R,-0.29810424135296737,0.7558114274145903,0.4712158688870354,0.10323623257431261,0.5478696679534557,0.20025126667437385,-0.06915215646103134,0.27341055028403005,0.3635019019688549,0.8386128097692468,-0.7327713866216031,-0.5927397928329516,1.0,0.5699861374216862,0.5479298112257155,-0.49532962239066214,0.25239738589246985,0.6393299543601245,-0.3704336390354446,0.6424233195830749,-0.025875986053877788,0.7911986202801189,0.6440574996757149,0.03219410956668413,0.5741071285238522,0.6728663599443131,-0.5186332606117453,0.10707558539964754,0.1617474346601732,0.2832536604884933,0.6925199502642134,0.8175419434917366,-0.6561367671953214,0.5962560690087733,-0.3629974416005355,-0.2895392131284691,0.7348740517038196,-0.280651126054909,-0.018829383394042224,-0.6157709053077994,0.4615445832660721,0.6905622608092727,-0.43014540463890477,0.7994604614666196,0.38461540511467573,0.36513910168727975,0.39985698962243416,0.21211964761542854,0.30297686871390916,-0.4303899657995076,0.0681716791246311,-0.1316526709519879,0.6772103187368046,-0.6201727585638954,0.7994912511623071,0.7731804610012192,0.7874670773907329,0.8876428158361589,0.729084586668183,0.0645943794348735
Rolandic_Oper_R,-0.09969422596356035,0.7043628630271246,0.6352144424468296,0.032866781134015914,0.7110167067339089,0.015269289026770425,0.4960339296580568,0.3496195174941028,0.46104704499978133,0.7499016727302747,-0.3264815203574292,-0.18069126270120833,0.5699861374216862,1.0,0.674222250000324,-0.020648804883195166,0.340299031306246,0.7824010795616356,-0.17049867314588046,0.7842746489229695,-0.09421921290846968,0.6902357683113842,0.4843148961205327,0.12720653381593183,0.21325034974733614,0.2765493991085169,-0.04359584721913808,0.38758478047831957,-0.03179149671071745,0.6140965032429012,0.722988845327298,0.7771494888821248,-0.30671611698494716,0.4404739032999929,0.018710478079770273,-0.1819713303796263,0.7556964697517029,-0.17940848887678076,-0.10029641388659824,-0.08205095070688398,0.5717725296274346,0.43944862962840336,0.06028987914752662,0.35631256906604075,0.3896137331641283,0.20472897285259778,0.5164603877279573,0.33854918854693355,0.3047122341235363,0.10483093969815313,0.3229440201120384,0.04323004810875153,0.631196875349058,-0.16453239798308528,0.7826932507713877,0.7014649510259579,0.7044380627918196,0.6364150795963095,0.7778835815345145,0.5338369875419237
Thal_LGN_R,-0.2539408367209202,0.7373360004834302,0.6399295921645705,0.1250640012052918,0.7041591740363291,0.27684942457599476,0.24595339425258347,0.5622475462377939,0.5997661714890249,0.7070580893817319,-0.45055339263929933,-0.2511921200085004,0.5479298112257155,0.674222250000324,1.0,-0.23904745882522052,0.4819256469664925,0.7855104519510336,-0.34170059622532833,0.7091341119672346,-0.05079309815693469,0.7850878816570788,0.4060012608970065,0.013331401892214358,0.4892556486179717,0.34418978025699737,-0.18735094897179452,0.4694608575167964,0.029819416382895047,0.5304771024484393,0.743474655821194,0.7080793628497845,-0.3659695684807146,0.6424467691857834,-0.08612403544361776,-0.13164713504680495,0.787052962069019,-0.02133944951580556,0.18659163953039878,-0.28718300639297983,0.7150018606144666,0.5562402093861293,-0.14106377847184903,0.44385634991226086,0.5471067515135755,0.19418179024850485,0.6359711730791131,0.28422122190709487,0.3392006634442133,-0.08017046569387645,0.1544276603686451,-0.08544613632852636,0.6929878159515003,-0.3486699381148915,0.7545749556910479,0.7394590829801214,0.7358687121018246,0.7000850294143259,0.7282997422160367,0.48718631973691545
Calcarine_R,0.6648189014679966,-0.31677295113004106,0.10035770972069301,-0.11176734471312433,-0.03817422094381526,-0.13917364094727444,0.6316052884689244,-0.138694960305661,0.05525059056590468,-0.3774986823941104,0.8321102415153078,0.6549886548151095,-0.49532962239066214,-0.020648804883195166,-0.23904745882522052,1.0,-0.03032047661482353,-0.05824284109285455,0.5663763902397613,-0.06814156492779792,0.29314073701143156,-0.3852522781191275,-0.529843798731292,-0.02561752614461879,-0.7045417318669758,-0.2828844164128768,0.6258611501963517,0.03884848304225039,-0.03506779733005173,0.26360773595054776,-0.10365618227935791,-0.3929105668728162,0.7285371301869035,-0.2556088605564844,0.4659337428630041,0.10782165744858048,-0.16775935609697873,0.1934161649596449,-0.31856804468796496,0.7592891085501359,0.05556018187258675,-0.6994338594275658,0.8745727391589774,-0.5314420496361221,-0.13078725717666334,-0.1344776949462404,0.08913557862368754,-0.04681477615685327,0.23997773633508104,0.7772438796797707,0.4659804987780566,0.3902426007011238,-0.24009858431587613,0.8299960210204635,-0.3503368255837129,-0.3636142099202885,-0.3711705351365619,-0.46439774059978245,-0.3465348851061121,0.24888356279901228
Postcentral_L,-0.21356866981826944,0.6403385557182141,0.3849735590210234,0.382887935034396,0.5785322745077588,0.5918598846216648,0.22192901313668345,0.7059817196506005,0.7544198000238216,0.3138298915321286,0.009690933163379474,0.12691121728973212,0.25239738589246985,0.340299031306246,0.4819256469664925,-0.03032047661482353,1.0,0.6487272725365875,-0.06374272197930307,0.6456962256949283,0.09060855875564727,0.5427836353538783,0.2242298133458822,0.11693222263513883,0.33818192778382483,0.19534663154940138,-0.190362708443036,0.6057113976202091,0.23333754927619813,0.5623312730960122,0.6853348760913209,0.32353244940724146,0.2653585330018111,0.7911043480740655,0.20349048904317696,0.560031682864137,0.476658398474716,0.7257340038894131,0.323856305518136,-0.08762533121514628,0.6873304822815348,0.325901100227377,-0.13726377665659006,0.22018630177360127,0.857666648682986,0.1928598258739041,0.548294243238255,0.2317655482747775,0.38720009636516056,0.15513180122177775,0.410265990021228,-0.022839504316845952,0.5152378276027206,-0.10424510917130131,0.40153631641821774,0.5738578720368588,0.5681427672672319,0.4295508422898715,0.48895333786332856,0.524495197405485
Cingulate_Mid_R,-0.14295211842587394,0.8746492506378137,0.7338896599612689,0.11956225967642725,0.8673564479507503,0.26944169739313295,0.41637320108940207,0.6206226824833028,0.7109590882153889,0.7606582959779637,-0.33140394529650485,-0.12167874752052482,0.6393299543601245,0.7824010795616356,0.7855104519510336,-0.05824284109285455,0.6487272725365875,1.0,-0.12198366705828324,0.8978565913290986,0.0660256071658217,0.8420463154074984,0.45565210753061336,0.040859582453731294,0.3816111294921297,0.3992415926041021,-0.19756522140481994,0.5075372650859935,0.21324527734392384,0.725085646464807,0.9579990246333819,0.7929325103953158,-0.212375301609512,0.7512799312491049,0.07401818263896717,-0.02339762529397262,0.8595041288585823,0.1056502023726806,0.017977220607696444,-0.19969555139503772,0.8152271443165776,0.4895089655125741,-0.03895030964068532,0.4492224585297175,0.6687438038615481,0.242734454188973,0.7310142828023145,0.368651834508908,0.48948013233498316,0.08768917620131825,0.3973293539469149,0.08041196907820619,0.763860250081552,-0.21793562134478422,0.8233033958893367,0.8341728422364411,0.8428543336109928,0.7659256743731934,0.8012951823360962,0.612334204700412
Cerebellum_Crus1_L,0.2845494265504128,-0.23362635953702357,-0.0612035871469461,0.020010329492351275,-0.0823070387842284,-0.19408256405635996,0.347682860845998,-0.123999057526947,-0.050902502929743604,-0.3819967668232908,0.5815577724293898,0.48386821493231236,-0.3704336390354446,-0.17049867314588046,-0.34170059622532833,0.5663763902397613,-0.06374272197930307,-0.12198366705828324,1.0,-0.017599817129168416,0.42264337548204234,-0.3464712169364193,-0.32986586201261625,0.012499686113884011,-0.4935132985852524,-0.27280948555531603,0.2844147631329193,-0.01707832794793038,0.21333919130119602,0.22717743227634846,-0.1667930324844532,-0.3909942998112094,0.5345975153383222,-0.296330884096788,0.2804994332632906,0.09326331698249364,-0.16020847441056948,0.1349365152989776,-0.32199775052993285,0.455056551945118,-0.10292347347654172,-0.5356805478133267,0.5123425857564075,-0.43184527039038134,-0.1374651909650371,-0.126127241467241,-0.03435675686163264,0.1289773734219561,0.026057825248379747,0.4938599595115247,0.4353651841180085,0.30025528760996073,-0.14989109249586915,0.7446138620831294,-0.37573099373647567,-0.2716654807519072,-0.2504348243212677,-0.32905045004370126,-0.29469091551644,0.10158775998516535
Frontal_Mid_2_R,-0.15940133988163163,0.9320820577334339,0.6650330326416598,0.3214389659750651,0.8324444833115219,0.24160117588939797,0.4057060082614372,0.6159328796053133,0.7511665772303049,0.7731820501714899,-0.3061549230362186,-0.13890627211969545,0.6424233195830749,0.7842746489229695,0.7091341119672346,-0.06814156492779792,0.6456962256949283,0.8978565913290986,-0.017599817129168416,1.0,0.125615997364927,0.8152701360743708,0.47640598016727914,0.11254815647103247,0.41070607871306486,0.39811821202699127,-0.24657621062832247,0.5259319417012097,0.14809983500135088,0.7164342005323907,0.8623863583122585,0.7762813403921555,-0.18934149861796185,0.7045227481814607,0.05632719166320891,-0.03647751826282667,0.8689191826982886,0.11231282043817539,0.10420381021232017,-0.1986217112741045,0.7468834856641167,0.543779252855808,-0.07516479969408452,0.49391772347286805,0.6731330110370946,0.2992742276462463,0.6906004541752122,0.3761450419087346,0.4790460785129711,0.05918556029366794,0.47342497883969353,0.0050462767230509825,0.8330918189640374,-0.18449441199798217,0.7949853007433845,0.9107272837216569,0.9067178177492048,0.7867959841756524,0.840881699989992,0.556694861217772
Temporal_Inf_L,0.15320084204643322,0.04753285686685666,0.30122844191335185,0.2480444413812103,-0.018055715632828918,0.1779630467066035,0.0748425900465159,0.040704111472845556,0.0976775163611863,-0.07350059838022106,0.2412416548471321,0.22754201267125004,-0.025875986053877788,-0.09421921290846968,-0.05079309815693469,0.29314073701143156,0.09060855875564727,0.0660256071658217,0.42264337548204234,0.125615997364927,1.0,-0.01743201857764339,-0.247170617282803,-0.09928249288015897,-0.1768064035456669,0.2713766267536979,-0.08717178202214716,0.03389752351560446,0.26172422660325323,0.1522267999980755,0.0783212487467738,-0.07649753715074638,0.27568262925146736,0.03585951601466772,-0.19745346263759853,0.006098226072655102,0.14730823706475885,0.17322999868648625,-0.19635976045980696,-0.0016975082932761583,0.06365372856301588,-0.18811411149260712,0.26847147620330536,0.09384543933882002,0.08045632580139796,-0.100111967942768,0.34613471031637727,-0.12890886012171204,0.4148911039238783,0.12445433362749697,0.28358720295226514,0.1431334542814404,0.22959745615575425,0.3895135235101721,-0.13069792214257894,-0.010140966612069029,0.04175371897886312,0.06734192434132169,-0.17124373269450396,0.02065473104853037
Hippocampus_R,-0.23871102893013782,0.9059118894411328,0.6785570431298265,0.2070398284979451,0.7877471975585525,0.3894316320103834,0.08972557801534721,0.5960566798684284,0.5153623291281314,0.8477450735734917,-0.6425695416640598,-0.38157715631952505,0.7911986202801189,0.6902357683113842,0.7850878816570788,-0.3852522781191275,0.5427836353538783,0.8420463154074984,-0.3464712169364193,0.8152701360743708,-0.01743201857764339,1.0,0.6191592650828327,0.04822657093448271,0.6401767688802333,0.47521981057796137,-0.47958989729782553,0.4343652443432983,0.2997015140820143,0.5164169530260747,0.8733702380572249,0.8559668989603475,-0.49266113079590984,0.7586334312519489,-0.14664193538882406,-0.05160691289421286,0.9106460034647221,-0.022108818261683757,0.10744247521694332,-0.5370192727831691,0.7496689251848663,0.752588018650467,-0.38263892189485316,0.613112393779251,0.6502102766433149,0.20305036838710339,0.6199675602528073,0.35934325865359024,0.2913414237976072,-0.2279942201487777,0.16670800750284653,-0.13123466019294938,0.8274465097534781,-0.517124040989363,0.925662690049132,0.876080454978737,0.9154945113701014,0.9051036559412434,0.8624056533075114,0.434550500536563
ACC_sub_R,-0.2793748696501113,0.6407724458385607,0.2121804359517727,0.28611409741132793,0.42304949196094527,0.07976422563391246,-0.1804086208625438,0.3280816402326961,0.13328814259355679,0.6232600921802124,-0.6502683979105074,-0.542303210797376,0.6440574996757149,0.4843148961205327,0.4060012608970065,-0.529843798731292,0.2242298133458822,0.45565210753061336,-0.32986586201261625,0.47640598016727914,-0.247170617282803,0.6191592650828327,1.0,0.20557391257492544,0.6228234188397905,0.23219368683807662,-0.5333406369052813,0.07674772062811072,-5.45158133659459e-05,0.2835979580572908,0.44229196506854096,0.6734768436558178,-0.5150250424410823,0.4275569543441863,-0.23326543301459768,0.016532787741153625,0.5444855334081845,-0.12636179438120812,0.19817030625845,-0.5731837961918339,0.23502961808362674,0.7293425701838471,-0.5830626268695034,0.5209312357243313,0.43193834901568634,0.313502085243695,0.2004197518387042,0.37432290043651284,-0.019258150785854897,-0.4670499165312675,-0.09458888666609651,-0.23000956049228158,0.5812646572165494,-0.6209898335922611,0.6054274031383694,0.6409037625570375,0.6553628666757222,0.6221802496605054,0.6502951595211668,0.05843950541828171
OFCant_L,-0.0006013978156085584,0.10489490452894547,0.11668791735508958,0.11548852529338884,-0.019894911159423274,0.2560700220997241,0.13704132621058832,-0.04598055257816092,0.02626361098849487,0.07861714831230883,0.017068340219434194,-0.14616997987971664,0.03219410956668413,0.12720653381593183,0.013331401892214358,-0.02561752614461879,0.11693222263513883,0.040859582453731294,0.012499686113884011,0.11254815647103247,-0.09928249288015897,0.04822657093448271,0.20557391257492544,1.0,0.08815733177368518,-0.15020030507207022,-0.052779541707538645,0.26567373777324294,-0.09161622231965058,0.011144666378414115,0.06846387842254525,0.02433317635548065,0.046836959701807894,0.04265167990124292,-0.057611271528848186,0.19433546453444778,0.07996086880167566,0.03236309697367288,0.0798302526353987,0.04697174344543331,0.012801040842463772,0.07048884221267432,-0.028264599540046616,0.013962981141839529,0.1593614035057419,-0.03074845929045734,-0.13311436137813826,0.035343171676772776,-0.257756956122535,0.04369517095955245,-0.12439485891784953,-0.050440643184226884,0.1841241356227009,0.013661456319382544,0.02522970057039246,0.11353080798616502,0.10399486371650543,0.015391108202590953,0.25522945345021675,0.11216755483061736
Vermis_7,-0.39365320632748996,0.6330397474409679,0.17321288164994694,0.3680607919871051,0.3139005928390123,0.3502885436233436,-0.45680396990174876,0.4878014441285714,0.27205301656400727,0.5772262662057495,-0.7367795875313006,-0.6019893590225067,0.5741071285238522,0.21325034974733614,0.4892556486179717,-0.7045417318669758,0.33818192778382483,0.3816111294921297,-0.4935132985852524,0.41070607871306486,-0.1768064035456669,0.6401767688802333,0.6228234188397905,0.08815733177368518,1.0,0.3154112987949512,-0.6332722671031001,0.19732728463405702,0.09146759446506172,0.07539338571287826,0.4113089016975487,0.5899138033061863,-0.5559454854287698,0.5505810156584017,-0.3301248937758284,0.01541808781279272,0.513373407489365,0.06746257333220831,0.5026235686955753,-0.7653401086637975,0.3239372314524824,0.8259611295717225,-0.7877410534146216,0.5419335831168192,0.49192155297892504,0.2706235686316548,0.20802267643107558,0.2929722218617894,-0.0493494269950759,-0.6613979031166461,-0.22559700044085426,-0.40872967019626955,0.5689391592340974,-0.7389291278325281,0.5268569410686395,0.6435581731898771,0.6677105176033696,0.673509230939305,0.5803585864237922,0.052440682255153845
OFCmed_L,-0.1950461944989513,0.4506193025752162,0.3575812419795714,-0.024147444826503345,0.2559068700309648,0.2588924792034735,-0.025455512107904425,0.13545457893344717,0.29606458780221984,0.4768545037069648,-0.4447362808172088,-0.34143029602845015,0.6728663599443131,0.2765493991085169,0.34418978025699737,-0.2828844164128768,0.19534663154940138,0.3992415926041021,-0.27280948555531603,0.39811821202699127,0.2713766267536979,0.47521981057796137,0.23219368683807662,-0.15020030507207022,0.3154112987949512,1.0,-0.31835761735561824,0.045964547937071415,0.23438735714107106,0.05837966390854381,0.4985123531106317,0.5217294556536719,-0.39861142438641933,0.42270439663977105,-0.3529193957456745,-0.2694635644676942,0.42705778718343923,-0.18068176340618972,-0.1117414918572586,-0.40233687011367464,0.33546178060291415,0.3470969471094769,-0.20467887901203816,0.7039797022106549,0.20118255840283888,0.1685626806203372,0.3291438963715109,-0.1824761982743357,0.6149915176797639,-0.27534040409760824,0.12965825221967803,0.0035837809111299197,0.3401423756786115,-0.37757778679647924,0.432790378031621,0.4492675625152478,0.44976972629672407,0.5822835117916546,0.35818308063760884,-0.14782277739843402
Vermis_6,0.24325078815445522,-0.44735028523734244,-0.20423646846608687,-0.38086402314107,-0.11953617700096462,-0.35548782831493586,0.4952995998346429,-0.09858851944555283,0.023678687520902405,-0.44292226631501874,0.6542214138121027,0.5108345142014366,-0.5186332606117453,-0.04359584721913808,-0.18735094897179452,0.6258611501963517,-0.190362708443036,-0.19756522140481994,0.2844147631329193,-0.24657621062832247,-0.08717178202214716,-0.47958989729782553,-0.5333406369052813,-0.052779541707538645,-0.6332722671031001,-0.31835761735561824,1.0,-0.0696670326265412,-0.24533147964084756,0.08170053618259152,-0.2612346542359015,-0.4223207291230156,0.4574497360776057,-0.45759651214193175,0.4596227174784222,-0.07849033620696375,-0.35119062280621216,0.00843051781813842,-0.14777605050030648,0.7533235664003719,-0.08874225962358014,-0.6839098277955536,0.7254605410822542,-0.5624233957653496,-0.4329962657614086,-0.2001187141147086,-0.10298940193409596,-0.1866690523453155,0.0692471120603941,0.6314396102519967,0.24577929643402163,0.22310384064322508,-0.4963237726179683,0.5664900116008612,-0.35208618501722777,-0.42905338421374517,-0.5205110692067698,-0.5877652699828146,-0.3464056356178482,0.05328417919188455
Thal_AV_L,-0.0797864542082624,0.45725629958933545,0.4667192359958518,0.2194162508586418,0.4749681513466861,0.5258761720889312,0.27580940791740705,0.4404182606895864,0.4358734459764861,0.3006768046517602,-0.007554150523509714,0.08831048925144674,0.10707558539964754,0.38758478047831957,0.4694608575167964,0.03884848304225039,0.6057113976202091,0.5075372650859935,-0.01707832794793038,0.5259319417012097,0.03389752351560446,0.4343652443432983,0.07674772062811072,0.26567373777324294,0.19732728463405702,0.045964547937071415,-0.0696670326265412,1.0,0.21169161975816903,0.37727582879101146,0.5123850698914324,0.2730099678159599,0.13225356112714856,0.422635307535073,0.09565280715773532,0.35134503719720284,0.4262795333914193,0.3054154143311438,0.13685276575848934,0.036202786751601004,0.5049533133495471,0.31125115211483234,0.009587991452093398,0.08801634748046942,0.5508548719231142,-0.1630320697131879,0.37448322179356386,0.06049934062052851,0.08501635808519292,0.16921751282800818,0.3183933079357505,-0.06957130526957461,0.4636422637943497,-0.031223574922110257,0.33815538321481675,0.43192130137386925,0.45814641423947466,0.29249913929019944,0.4514905599760095,0.491195887538872
Cerebellum_8_L,0.12065273419762074,0.18502556169831536,0.24404255704210326,-0.06638974769029171,0.18063691056643025,0.24521024862883983,-0.1559957725283273,0.18524353597399792,-0.034626308305021294,0.09812577264433284,-0.16393996813314773,0.006172669226485443,0.1617474346601732,-0.03179149671071745,0.029819416382895047,-0.03506779733005173,0.23333754927619813,0.21324527734392384,0.21333919130119602,0.14809983500135088,0.26172422660325323,0.2997015140820143,-5.45158133659459e-05,-0.09161622231965058,0.09146759446506172,0.23438735714107106,-0.24533147964084756,0.21169161975816903,1.0,0.04165479761659443,0.3265262765910928,0.11069907400300312,-0.05202074024446411,0.19569381321225043,-0.17202221184609182,0.1515209825080612,0.20495383211841625,0.20550937775801337,-0.26563147123021785,-0.30156262587863814,0.22098068271868276,0.09991886921415913,-0.1611719948544946,0.1039966112569482,0.16340408395849926,-0.32969831992767523,0.18562046056833656,0.026305538326209597,0.08773602801949448,-0.038705716549173576,0.09034601397799108,0.11197215392454803,0.16087810845522058,-0.032443357979419385,0.18300919871026183,0.08425630912066957,0.19155671109825587,0.2565699253258462,0.039552874071882675,0.05055664916297099
Thal_MDm_R,0.002452110880992156,0.6143914651608415,0.47080625564265666,0.3085129213780913,0.7621176799287376,0.09214096013019324,0.5275556782235155,0.5727411451457944,0.6373671269231117,0.4078780640542139,0.07507109083292005,0.21155537985714756,0.2832536604884933,0.6140965032429012,0.5304771024484393,0.26360773595054776,0.5623312730960122,0.725085646464807,0.22717743227634846,0.7164342005323907,0.1522267999980755,0.5164169530260747,0.2835979580572908,0.011144666378414115,0.07539338571287826,0.05837966390854381,0.08170053618259152,0.37727582879101146,0.04165479761659443,1.0,0.635856550166192,0.43954165211869906,0.18419761849603544,0.4807226815566118,0.3422162986727164,0.06224046581058651,0.6245566434783045,0.26737374864753816,0.10551461682386047,0.12330170727906964,0.7130796884015981,0.16922108659685153,0.2414388659626203,0.09515198889088708,0.5184128850131708,0.290889973902433,0.684179773828938,0.4473951011986514,0.40794599231394546,0.34624611575416414,0.6539322896209537,0.26927512418047017,0.5954087864803381,0.16428805339368716,0.5205339934175823,0.5800351059535942,0.5616421573061772,0.4429039291677062,0.5458422020602511,0.6282591960964767
Cingulate_Mid_L,-0.15166694749190304,0.8673751357320901,0.7437900165975759,0.08107531834263915,0.8218545853025062,0.4053531050092735,0.35210498700528736,0.5784989317984517,0.6784259052087498,0.7468446165414319,-0.3679141472773653,-0.16299208653208422,0.6925199502642134,0.722988845327298,0.743474655821194,-0.10365618227935791,0.6853348760913209,0.9579990246333819,-0.1667930324844532,0.8623863583122585,0.0783212487467738,0.8733702380572249,0.44229196506854096,0.06846387842254525,0.4113089016975487,0.4985123531106317,-0.2612346542359015,0.5123850698914324,0.3265262765910928,0.635856550166192,1.0,0.7673967884170726,-0.23232109218046249,0.7970054719877129,-0.000661493331186423,0.019536398049508335,0.844670327651551,0.12715119169138273,0.0038237950932375657,-0.2703817946365791,0.8219831389580726,0.4937582516411368,-0.09610613264382817,0.5076725918282612,0.6849352267033005,0.19725447101405286,0.698739084564871,0.3039084052612857,0.49401517989524857,0.0523067171156233,0.34281309313345926,0.0385887099664203,0.7431572302068927,-0.26710334937278984,0.8155257622754462,0.8127698459970579,0.8326965295342427,0.7879248730720773,0.7898296528349532,0.5334556364917197
ACC_sup_R,-0.22989762928987137,0.8507668471212938,0.581848952147979,0.12700500446135313,0.6948449940005248,0.09818161048021239,0.09804145570075315,0.4334371880543903,0.4054973347181533,0.9192320822733484,-0.701210107025107,-0.4851009128449271,0.8175419434917366,0.7771494888821248,0.7080793628497845,-0.3929105668728162,0.32353244940724146,0.7929325103953158,-0.3909942998112094,0.7762813403921555,-0.07649753715074638,0.8559668989603475,0.6734768436558178,0.02433317635548065,0.5899138033061863,0.5217294556536719,-0.4223207291230156,0.2730099678159599,0.11069907400300312,0.43954165211869906,0.7673967884170726,1.0,-0.6021641289940285,0.6175211276578059,-0.21293448968367523,-0.24965202852918525,0.8353271949732421,-0.2337294003622122,-0.0019897140416808377,-0.5257992472468711,0.5572762028949443,0.7547685874303144,-0.3554553877716111,0.6572265282391488,0.48324610169287424,0.27489101069064636,0.5241972798275355,0.3071065408905299,0.311739756843496,-0.3225024959681525,0.08921872699301106,-0.07615942776714996,0.7584713491773354,-0.5539114298021827,0.8962428208840728,0.8471079026436767,0.8768757442148137,0.8680644506157669,0.8220018750678384,0.3272869839396105
Cuneus_R,0.28561590624734406,-0.37135124963605076,-0.16968419302482815,0.1706823685582334,-0.1762811853509691,0.10592790895067002,0.42283361830557326,-0.0061819198220166354,0.07875238293314273,-0.6008905272350435,0.9141295809740548,0.7482710104532547,-0.6561367671953214,-0.30671611698494716,-0.3659695684807146,0.7285371301869035,0.2653585330018111,-0.212375301609512,0.5345975153383222,-0.18934149861796185,0.27568262925146736,-0.49266113079590984,-0.5150250424410823,0.046836959701807894,-0.5559454854287698,-0.39861142438641933,0.4574497360776057,0.13225356112714856,-0.05202074024446411,0.18419761849603544,-0.23232109218046249,-0.6021641289940285,1.0,-0.12471412460170136,0.5366307204856183,0.5703172572432266,-0.3788851567473541,0.6285667519222352,-0.02119779805620632,0.7007323518983808,-0.006209340288290665,-0.6421823089021141,0.5866666153204688,-0.5802122168626813,0.13101349761495917,-0.07647406875295397,-0.036521749754517795,-0.10559493805718279,0.09292135910782476,0.6879754170637636,0.4238177208713178,0.25773416844379404,-0.32972843041559824,0.7465419736724251,-0.5526271302507244,-0.4211639880841451,-0.44243543506429767,-0.6083657200351635,-0.4352140788024945,0.20669646742620687
