,Cerebellum_Crus1_R,Cerebellum_8_L,Lingual_L,Occipital_Sup_R,SupraMarginal_R,Thal_VA_R,Caudate_L,Thal_MDm_L,Rectus_R,VTA_R,Cuneus_L,OFCmed_L,Cerebellum_3_L,Thal_LP_R,Temporal_Inf_R,Supp_Motor_Area_L,Insula_L,Olfactory_R,Occipital_Mid_L,Amygdala_R,Frontal_Inf_Tri_L,Paracentral_Lobule_L,Vermis_1_2,Temporal_Mid_R,Thal_VA_L,SupraMarginal_L,Parietal_Inf_L,Occipital_Inf_L,Vermis_10,Thal_PuM_R,SN_pc_R,Frontal_Mid_2_L,Cingulate_Mid_R,Frontal_Mid_2_R,Temporal_Sup_L,ACC_pre_L,Cerebellum_8_R,Frontal_Med_Orb_L,ACC_sub_L,Thal_Re_L,ACC_sup_L,Frontal_Inf_Tri_R,ParaHippocampal_R,Occipital_Inf_R,Cerebellum_Crus2_R,Postcentral_R,Vermis_3,Thal_AV_R,OFCpost_R,Putamen_L,Thal_VPL_R,Occipital_Mid_R,Thal_AV_L,Cerebellum_7b_L,Fusiform_L,Hippocampus_R,Vermis_8,OFClat_L,Thal_PuL_R,Precuneus_L,VTA_L,Thal_LGN_L,Pallidum_L,Frontal_Sup_Medial_R,Rectus_L,Thal_MDl_R,SN_pr_L,Thal_PuM_L,Temporal_Inf_L,Parietal_Sup_L,Heschl_L,Cingulate_Post_R,Precentral_L,OFClat_R,Thal_PuI_L,Cerebellum_3_R,Cuneus_R,Frontal_Inf_Oper_R,Cerebellum_4_5_R,SN_pc_L,Cerebellum_9_L,Fusiform_R,Frontal_Inf_Orb_2_R,Lingual_R,N_Acc_L,Olfactory_L,Cingulate_Mid_L,Temporal_Mid_L,Insula_R,Cerebellum_10_L,Thal_VL_R,Thal_MDl_L,Frontal_Sup_2_R,Thal_PuL_L,Occipital_Sup_L,OFCant_R,Thal_MGN_L,ACC_pre_R,ParaHippocampal_L,Frontal_Inf_Oper_L
Cerebellum_Crus1_R,1.0,0.6523199253681409,0.7514735670477292,-0.06801673705688445,-0.10381629259197497,-0.620986887822348,-0.49674332094426155,0.06848421179086944,-0.6687327936359218,0.5087443318693977,0.31685418043288127,-0.3499952351805873,-0.3731781218143977,0.2998283811389016,0.43013232000644896,-0.34264265214830325,0.44123981486316965,-0.4655498608665601,0.7003752649132887,-0.7320763163491336,-0.3981626127705158,-0.5343168139763157,-0.5275452347125187,0.4514718463262654,-0.33964465509651015,0.15517041472638402,-0.2326411615998913,0.4958025886046143,-0.48250955133405865,-0.26751388858030917,0.028156790483203083,-0.35830385866784553,-0.19181978756075005,-0.6569965941129189,0.06925483257963586,-0.4848954202322806,0.8060283561960664,0.01896408525410063,-0.35075446668082555,-0.03495731903369912,-0.04014815967178684,-0.4782679736253471,-0.27972718790884504,0.806019988690761,0.8377871847817919,-0.46199399007095077,-0.04868997102297369,-0.2991682112463681,-0.5965416337084818,-0.21003645594179463,0.4973739220004869,0.6548797807203403,-0.6710632386623748,0.6201474660314208,0.24755906750947804,-0.6351118622932608,0.7357106697932666,0.6485885159416678,0.05407313475056819,-0.4032590440790885,0.22602886523453372,0.22786258018163438,-0.5887527609634857,-0.4177430647191642,-0.4548228421693492,-0.18568837903886873,-0.03290262989677206,0.5095063112290993,-0.07668398185537668,-0.444754419860064,0.2580247399144748,0.14133930890677998,-0.5404451305640718,-0.6037015116934269,-0.12083887736439095,-0.21537948590120556,0.31946715593662933,-0.3576710948284211,0.22294768803664505,0.6061041386753193,0.7706617834231086,0.12493522327745257,-0.5975071075975129,0.5503336412985497,-0.2813556669059972,-0.4942465058744693,-0.4490480992152134,0.636569563731928,-0.25754021671250266,0.59805495135052,-0.3124562802458798,0.5620739178826246,-0.47506393173050765,-0.024763557457797344,0.6979606466329624,-0.6274521355062859,-0.5656291485194421,-0.26561114927251955,-0.19348117530281939,0.07698659477284844
Cerebellum_8_L,0.6523199253681409,1.0,0.6111610147476665,0.2629268180453362,0.2449331848150771,-0.2154903230036053,-0.21627039304483617,0.15478691952567752,-0.23684378558939398,0.37365044485021126,0.32041571676371317,0.02828195961830296,0.20105925918487305,0.18509038573327816,0.4907557566832661,0.13783590235661763,0.6670814730436678,-0.015256993494086142,0.630331126999795,-0.3852565110929477,0.13928282125835947,-0.05480828078397796,-0.2653895507035196,0.44552340332369567,-0.2172337133626031,0.5209147383659569,0.11607612437015713,0.40949203924973976,0.022541926854170852,-0.007944376915586287,0.016640965911444816,0.19422386098724614,0.1620719444079895,-0.22220013393337,0.5662525494186746,-0.13811537470033886,0.8629080152690934,0.06387520226177984,-0.09649830169885729,0.06301065785506464,0.23987711416592,-0.09397013851922265,-0.009542912295384719,0.562519187413102,0.696310382346538,0.03190422935696166,0.3881937808611771,-0.23799046118350137,-0.08597074891430603,0.2268231940927867,0.36578178233709263,0.569616392249595,-0.2635972551333686,0.41364849268823495,0.5078224222755587,-0.21698463781695837,0.5550660812655978,0.7568356831866911,0.11145654005527648,-0.06773561213003564,-0.19413038566199492,0.534062557138283,-0.031720887689071386,0.07544734988158944,0.09163456915432266,-0.07441886527794614,0.36215638445537646,0.6505491090106382,0.2922838188892152,-0.13648061118562826,0.5294389091157526,0.3686179011366747,-0.093072585154167,-0.18875535856820458,-0.2163021186882156,0.2411068904140837,0.42166077212785424,0.006690698089915338,0.5876663641965338,0.6120773022574416,0.7973589920501705,0.4856833125263957,-0.21678629625745685,0.5737729089763459,0.23708163052374429,-0.22356417349818905,-0.08125302191114225,0.692444883026038,0.21422748462482075,0.7075970473788011,-0.050988310634346584,0.5255810099282174,-0.003520037600228609,0.3634313587744413,0.6424128615280764,-0.2688596029530007,-0.07566070059688003,0.12939122522705088,0.24592919885086667,0.5288615457741919
Lingual_L,0.7514735670477292,0.6111610147476665,1.0,0.12930899486421008,-0.008102638925928548,-0.3826330871499212,-0.2609319317870149,0.11470892825034908,-0.47046387807144113,0.4783640409417928,0.48436633968790294,-0.34600808116166654,-0.30561773891004684,0.053558127217850235,0.5737519642854698,-0.23486640792023006,0.39030939002126114,-0.31934363692945517,0.6308278479727276,-0.49101464477510753,-0.19503017136238446,-0.3056704320287113,-0.47329812030364604,0.6652079458019229,-0.11288179456485264,0.18296284223766335,-0.10542476480825821,0.5752296462146963,-0.23063604854080522,0.00010423947225917921,0.14508253696331616,-0.2305977586189593,-0.0860610179189883,-0.43712017441848655,0.21017191821173375,-0.5297517915964088,0.7033402157094034,0.11219502349277168,-0.2516463009662717,0.03329505043751859,-0.19992841018598598,-0.29651088213995624,-0.09110850354887913,0.8014396876900829,0.6640054227641001,-0.17678223453045414,0.07874537731980455,-0.06852850065565107,-0.4002899745747011,-0.015099637905438012,0.5983425035459853,0.6935735801485092,-0.4285619268553107,0.5465661401236609,0.41362043039003793,-0.3500410699250073,0.6745501453748199,0.5884684498099735,-0.15134225658501868,-0.05449017356955247,0.19977633950482077,0.33034129162824016,-0.3753076702333047,-0.3642941137997575,-0.3452733872743152,-0.10656056076948366,0.0334253065887064,0.5947752645895461,0.04350928562658417,-0.18536924803878127,0.2630358197849412,0.34634133781354187,-0.3337359830287882,-0.4787732202686848,0.1811349318659506,-0.19274525212220212,0.5337687580827888,-0.04976405571801425,0.48137123900390894,0.5552809753312177,0.6368086309196195,0.45495792179287303,-0.4551203465723528,0.9106685997139542,-0.18973639796394154,-0.37429814939805506,-0.21602229941902654,0.5310825276676809,-0.04842785099215578,0.5896803119605494,-0.10309033239502619,0.5671968548067362,-0.34313107111607155,-0.05144117412408024,0.7316189069323887,-0.5239855802579754,-0.27877107087686553,-0.2530397189779039,-0.11798000139125787,0.14589722355096102
Occipital_Sup_R,-0.06801673705688445,0.2629268180453362,0.12930899486421008,1.0,0.6095403995452047,0.0334915507029379,0.4527427394939658,0.356919503150539,0.1641522321700937,-0.04946899676476872,0.67814559369158,0.035507902185142826,0.2857171221046851,0.03111208571329352,0.22677852648342373,0.3400918405290568,0.03800661375580177,0.1491859892331629,0.32521098804680804,0.3149591218548584,0.28622832057058356,0.6489934560153745,0.28533221872954584,0.19709863698238173,0.23622095677083785,0.5959313977458042,0.8019662254562938,0.13084178260311277,0.47494882812704114,0.3662110226077895,-0.1552523267810835,0.42642819501481594,0.6205653682508027,0.43037809783007924,0.3185042650725025,0.08590395647493591,0.06842358662755359,0.06546361175972254,-0.12762247101744967,0.08936868928945713,0.13396390670540723,0.35539698270643005,0.4176562040617589,-0.08206465705337752,-0.08776340133240933,0.6901035044104055,0.3103141957197284,0.012698697579930342,0.21956623685306956,0.5428148798697436,0.3605884965259625,0.5451401301561887,0.2717521017693279,-0.0001460816396381617,0.4813301045846242,0.3772926613421585,0.16554495635289793,-0.10010834081756706,0.038096173246053744,0.7559774110656737,-0.04389588747539453,-0.04527600768074991,0.2951829666159615,0.39778925405589854,0.2289375465417877,0.1819961950465287,0.1627834147313813,0.2682117450670185,0.48335358819967345,0.7549611394524623,0.14668210177948948,0.41159763598749083,0.5891717900639999,0.3128665617746465,0.21574111425402404,0.30640026981155216,0.7756158902989113,0.5593388243518681,0.4702398797101687,0.032253057668118305,0.07322989519842577,0.3881097086449563,0.31568049526009384,0.31658357221735484,0.06779913328063021,0.23910586565747835,0.6280103242295736,0.23112431526441649,0.44883921775826313,0.20634050399006273,0.3047961222484447,0.1279270821498398,0.4223190054636509,0.23499164314937837,0.2744384350056276,0.10629220369509931,0.05945462017919661,-0.18607937638931105,0.34456465948282267,0.4128730458889697
SupraMarginal_R,-0.10381629259197497,0.2449331848150771,-0.008102638925928548,0.6095403995452047,1.0,0.17363046355990855,0.4740586063880861,0.3078363461433756,0.32246386004165195,-0.18948067050696782,0.3193625845430327,0.0786160643248193,0.4990691871225102,0.1405650522128608,0.3991125241758367,0.5527932629122096,0.06422500753217918,0.2629172622019261,0.0693660601635541,0.44557975359457014,0.3859317899059708,0.5585978389060027,0.4411169573776144,0.255995325183348,0.2591405925340772,0.3092138427328186,0.6007627291910121,-0.05849986835847723,0.5866304796033928,0.43960661418966646,-0.13240805074313186,0.541371801094212,0.6990450112577609,0.5809825239035922,0.19682837740658055,0.24605326687855777,0.0735307068894753,0.1987124357466885,0.008626525933262694,0.06030967792347933,0.2976788256133349,0.523542072015107,0.5342912689969735,-0.20093538638514435,-0.11078278517945644,0.6917342305274503,0.3728655484505529,-0.13893891338422967,0.4200831129965064,0.6033358301044359,0.31358039498546014,0.26367700212623446,0.42722405633149396,-0.04078658105713935,0.41648793682122875,0.5245097557436871,-0.0833887950134493,-0.07872067352379748,0.13857310889501737,0.6165844433035499,-0.17088201729537628,0.03104701800812503,0.44537275881865807,0.5315469927734078,0.2721087292162683,0.17421144908683733,0.26162455534172724,0.20691511939018803,0.4223602750334296,0.5449533680749973,0.265687546219876,0.4030876362035808,0.5737400609243293,0.5051274503863123,0.13807756439329308,0.5592291256903301,0.4837097664548399,0.6250925029253406,0.5111861056248224,0.14436301277142335,0.04827522328506928,0.45583596645152163,0.5229088594530852,0.20087679781849502,0.29631223200158413,0.4512609170352093,0.6347105257312724,0.001382717024811698,0.5859791410982242,0.2122406060986223,0.3453329583872453,0.026639100509881955,0.640329559459119,0.3750389329336697,0.03849249086652244,0.37715577113879833,0.12875245997901424,0.055714083969602764,0.4972982926722737,0.40548409548268527
Thal_VA_R,-0.620986887822348,-0.2154903230036053,-0.3826330871499212,0.0334915507029379,0.17363046355990855,1.0,0.34602530211875177,-0.11142297559187363,0.5829535110474938,-0.35247657717054776,-0.2971879232245562,0.1285170811476376,0.5408498615359953,-0.4110621241798438,-0.010776670054492458,0.4070884525232043,-0.05363115054863392,0.5376933534113336,-0.425018270422115,0.6583987591454775,0.6084394507752066,0.5028286839324428,0.25229908565731757,0.021569321466454194,0.4612708186593976,-0.11761929432437725,0.10316952158455145,-0.31678790068410806,0.3927456744145531,0.37447317678421127,0.0884055639503501,0.37281154091677415,0.3396368679384873,0.613885122237305,0.1823856011747882,0.32766038276409726,-0.2911957868020358,0.17959358590847718,0.2804919335089438,0.041624192948327164,0.05220181917637602,0.5820828980227832,0.3344075156380333,-0.40045798980281266,-0.43620153849304866,0.5110595295460766,0.4540560775741793,0.16837421484066536,0.6720138773375253,0.3655714680359317,-0.31953630965841934,-0.4855540250882477,0.5935112351784136,-0.30849452102311836,-0.1675486832960516,0.6533574321326793,-0.5538376692620542,-0.24658402448648883,-0.20157238358126223,0.4211223241658806,-0.3519397851585449,0.27883499169420767,0.7133003224620343,0.37489797027474037,0.5966927077467521,0.362723065652714,0.34923326228600715,-0.08988907189929826,0.06252282773207311,0.31178626048017993,-0.023485512355771225,0.13390500247052842,0.43165158429209904,0.48346156905336385,0.1378128535182459,0.42943343929161054,-0.20816859702545998,0.48878273036381015,0.19961279261249748,-0.3218028264004935,-0.31984845270561213,0.28906700848335265,0.5022870808171946,-0.19313177887814711,0.5483826828783341,0.40052104550998274,0.5154777397183334,-0.4393326072588006,0.5672592227062783,-0.10674420751830069,0.5219936102895265,-0.31012750757821317,0.5140197540070901,0.17974757353697154,-0.3132331962198643,0.6408089207787934,0.8081412835003093,0.5789993289795826,0.15523937876589133,0.11450523708587136
Caudate_L,-0.49674332094426155,-0.21627039304483617,-0.2609319317870149,0.4527427394939658,0.4740586063880861,0.34602530211875177,1.0,0.553384717235697,0.4885847449709509,-0.13043824590403647,0.06117369880739079,0.14654097209683284,0.37500680086829813,0.01587415030376051,-0.006009453070874416,0.5860888857124498,-0.29093374260724686,0.29051292328500955,-0.3517067635690151,0.6744115209248758,0.4968429074340053,0.7139904833195558,0.7111371111393984,-0.17057244781765965,0.5163791136225133,0.20835384517568506,0.49810748127508464,-0.33031298041468765,0.6376328605851467,0.5482246291543847,0.06270391519888169,0.6120262529257627,0.5913399744018631,0.7271877389058535,0.06805665472459493,0.4057534529355896,-0.4324085962052454,0.14013410084822264,0.10652597208532232,0.024121838968619094,0.17577374602978577,0.6814195003082931,0.5436613300743968,-0.5744172305505154,-0.5613256351052973,0.6952443727796572,0.32439240399012703,0.11917268145600668,0.41909285851336436,0.693394725124089,0.21123508027963736,-0.18077024864400607,0.7622456945488723,-0.2703115423117021,0.3346076225124962,0.7296965289654869,-0.34028055495716364,-0.48662225058696307,0.15726175704861378,0.5928419914306078,0.13362972982780305,-0.29294735913307435,0.566932358855122,0.48708028664031816,0.2253149936978255,0.3125764082904719,0.1631013549833455,-0.018217906981980454,0.494538160131609,0.5550571895870252,-0.017323323359690494,0.3071069719932861,0.7780511540271559,0.5722895356670417,0.30280312518835656,0.4476785020054216,0.17138714582433134,0.7290972040872495,0.30694566527610867,-0.2595206386449377,-0.3724088194372825,0.23314493238340128,0.6192715270971807,0.004385225535537838,0.1615740404995477,0.5645731073457759,0.7190191833176082,-0.26122368965433246,0.6027797659580623,-0.07795446225243582,0.5085583730591321,-0.12647678250328478,0.6150711197076242,0.2888399369717126,-0.42743658707597,0.40742556291985055,0.24893934434619466,-0.093813947812664,0.2969356698221865,0.33942815578567986
Thal_MDm_L,0.06848421179086944,0.15478691952567752,0.11470892825034908,0.356919503150539,0.3078363461433756,-0.11142297559187363,0.553384717235697,1.0,0.09659360562459937,0.2682135184824664,0.22941683400002147,0.09573064982754527,0.10558017904222422,0.22492439621352475,0.05624261605417526,0.2830099167011661,0.06749014407673837,0.14714803491268982,0.10199081553365578,0.15240017397277153,0.2325174727184322,0.3147698754056623,0.29289882360862796,-0.058417848282793096,0.4233924261766772,0.29738664022110745,0.3582812304564705,-0.05431342688770807,0.1697890571081125,0.4286666448760115,0.16259446439165676,0.3573199452682051,0.44123529934302813,0.2156684248302689,0.06739205330314951,0.15645115441415608,-0.017660061428226292,0.02684538204408595,-0.001969325458021789,0.15949018264310327,0.12943073935703908,0.3467003321465154,0.26950184017665213,-0.12806634542053752,-0.03043434184240977,0.282583722173964,0.1804330288570365,0.03520331994138737,0.024111083193217833,0.4617259288352851,0.5865319337618655,0.1693506360885582,0.35333045063741775,0.05504503020120771,0.37355058835283256,0.2290013041990145,0.06563832581688729,-0.021628454415173505,0.2148579000280889,0.26942726327371136,0.19587038001407195,-0.16041606531285427,0.22427092191460285,0.3393898878883948,-0.08960500103454903,0.2678066031126476,0.13461755490215865,0.2986918255620004,0.3547981673072805,0.271498189149559,0.1411613784771093,0.3197661131900171,0.30924921707238373,0.1861918583735339,0.09333615231673263,0.21202362483712545,0.29449477298577575,0.3877943344711668,0.24342249723564663,0.07877356647043561,0.027617434845694646,0.06919372712825271,0.20175760206113566,0.17377234713399534,0.024658868060385204,0.20623455608136873,0.3076172168250489,0.1363625249138115,0.2668047964137316,0.18208200193696764,0.3532984717415847,0.3861097183152926,0.27373567892119555,0.2635552537446805,-0.06975168466541071,0.03081199379549005,-0.18101940283623638,-0.14912538934790928,0.14832846357942653,0.41884975819827897
Rectus_R,-0.6687327936359218,-0.23684378558939398,-0.47046387807144113,0.1641522321700937,0.32246386004165195,0.5829535110474938,0.4885847449709509,0.09659360562459937,1.0,-0.36193539466556524,-0.20902997860549657,0.4547030645551666,0.5945580189392506,-0.11347498752227761,0.03989429322956086,0.5358700102424053,-0.18786468555358976,0.5600129812527691,-0.5162155306248152,0.6956321550955376,0.5202308118243861,0.6260299053256487,0.5462996493371874,-0.14766936189682855,0.4241810060754943,0.015666836830689163,0.2933649203431771,-0.3898706586396661,0.619541086578868,0.3500071105862616,0.06058592272056405,0.5163442220127089,0.3317258656217889,0.7351122088441508,0.09938383379779331,0.5862694438712301,-0.4170633237444881,0.25597590779206236,0.5332051704129953,0.08587106396280662,0.23955959286885709,0.6106086801328631,0.4938200986334579,-0.6099669769714341,-0.5544362190516986,0.5850000177867526,0.21776175504092124,0.2601248589246156,0.6783963667393558,0.4769025354906399,-0.15096911246433642,-0.4066909269971641,0.7411330470197308,-0.47180134643324784,0.06971820120434448,0.7363466871438885,-0.4346081504479332,-0.42299765874855244,0.10135025964067274,0.47435018053087186,-0.2636638764699902,-0.03675802685479377,0.7321692500330537,0.566405666465429,0.5316471639491562,0.040847893865590415,0.3086800893397657,-0.12112476809527074,0.23476255879260585,0.45751401406944714,0.08369577209189064,0.18556832505797446,0.5739201249982061,0.7346263532057953,-0.026566458012402917,0.5155408813856565,-0.053870510789711876,0.45746864098719053,0.16985620022902886,-0.27237270407911385,-0.3556978892179914,0.20728645356287204,0.743598976173719,-0.2443517101600381,0.585229285469179,0.5790120307733351,0.4762955156941473,-0.3996313333583919,0.49959319000217783,-0.23910901869182613,0.32704299484933863,-0.3650950849131864,0.6295126218618488,0.29954751688500736,-0.4219778462398775,0.771118728476518,0.5600013096978464,0.44095712367536755,0.3930284054381832,0.1909001835960101
VTA_R,0.5087443318693977,0.37365044485021126,0.4783640409417928,-0.04946899676476872,-0.18948067050696782,-0.35247657717054776,-0.13043824590403647,0.2682135184824664,-0.36193539466556524,1.0,0.18903841544770655,-0.13422981432253578,-0.30652942445717607,0.2109560157138477,0.11491641523431224,-0.11095467934145264,0.23482115030360703,-0.15257330027123622,0.35025019791726525,-0.48643058679826195,-0.2501483923117333,-0.26126258485747483,-0.27328797046440867,0.21045578062097578,-0.12977671154037398,0.0706305677756513,-0.14750423434111853,0.29846748616145047,-0.22706059767557313,-0.18990161130279393,0.24954179810229263,-0.1206603235249673,-0.02697929350629205,-0.3518955717534456,0.0530506837173071,-0.2997924433212419,0.42155066135115454,-0.28422811011835003,-0.14517036093560812,0.09886900022480762,0.01225514076986176,-0.26825678184727114,-0.24155801539207356,0.45563085481615906,0.5228031469066131,-0.2705235527864886,-0.07354126416744848,0.028732857048887412,-0.2748773345093726,-0.03809343485205068,0.39894434594280237,0.34242820953647257,-0.31436960425481314,0.36890859183949776,0.16115037830459703,-0.32988325801772117,0.3986316706046829,0.37988485883577716,0.0016444653606936576,-0.21592366736888527,0.15971041049402795,0.06554269105332412,-0.2955481596907974,-0.15387891917921115,-0.33117197224775047,-0.1300577661928084,-0.0671001322428654,0.4105986540452362,-0.06465151142865348,-0.2597481132978795,0.18456869903111245,0.18165020847911142,-0.2373821370620655,-0.39523618912771274,-0.012555214221270948,-0.2116829098936324,0.1563059763118857,-0.21999092809975632,0.1061322577904669,0.3064480341508548,0.3930595442946048,0.09521099283426383,-0.36191866448502524,0.39830991257766507,-0.25728213499782876,-0.40057375162677356,-0.19100021796740604,0.3827391929646253,-0.1031533462509822,0.36985672268823405,-0.18570553552426988,0.3690100558832402,-0.21070994941930615,0.13007827085535206,0.3208267676392295,-0.4012313582736146,-0.3469645534074031,-0.22574648343368084,-0.07882364628199669,0.07403285430028195
Cuneus_L,0.31685418043288127,0.32041571676371317,0.48436633968790294,0.67814559369158,0.3193625845430327,-0.2971879232245562,0.06117369880739079,0.22941683400002147,-0.20902997860549657,0.18903841544770655,1.0,-0.2035861331976054,-0.2080531293032012,-0.002451265206411898,0.27989933996616795,-0.09594901554485469,0.0886390160702976,-0.21370601763306704,0.546631353543933,-0.09168563481779435,-0.042777296078607016,0.14944012502893875,-0.07055003592095964,0.46866126751845244,0.07707867080686132,0.3334235894501018,0.4887819565140881,0.42631075264720975,0.02605603787852014,0.17844456225723074,-0.041380970345426024,0.00024547208061207317,0.2093096409415926,0.00864504342026812,0.09551987008928972,-0.2677030376714505,0.29213083992623773,-0.035010159066489716,-0.2770477848675016,0.006659242977352439,-0.09537779731487332,-0.0116570463701457,0.07541880919695863,0.3682891896558849,0.23506603737674092,0.2508315695766672,0.060367738337223274,-0.004799864559657109,-0.1463841327861521,0.17970285653703505,0.5222958649410796,0.7455191891315434,-0.14410831638494626,0.27848050872397867,0.26054379018766965,-0.044038033359276876,0.5431111999504619,0.13236072895225406,-0.1863896125588393,0.48671127280403925,0.10905116139580649,-0.03219928495770644,-0.11654610384663958,0.03642566887466337,-0.14925789639439224,0.05854673416331628,-0.046194184120336344,0.2622224637640966,0.15870168116003094,0.4660496690323162,-0.020979571643151142,0.23185199700893544,0.1266364973203888,-0.04346473110062575,0.4143705202415247,-0.09105489776544187,0.7963112297582728,0.2220021013488902,0.33326820932852724,0.27434107182862694,0.15400441904421666,0.2817737542814114,-0.06056220366689916,0.4991861724456743,-0.22157431939920366,-0.1257846681013606,0.2291499623808484,0.26108917025411,0.1405957875998996,0.25486694123566134,0.083210944655458,0.3676983295861745,0.005070107674095033,-0.1703846460715948,0.5179715130979252,-0.18426668259090898,-0.271329785657901,-0.2822722596250013,-0.023254190453847554,0.1871241493649457
OFCmed_L,-0.3499952351805873,0.02828195961830296,-0.34600808116166654,0.035507902185142826,0.0786160643248193,0.1285170811476376,0.14654097209683284,0.09573064982754527,0.4547030645551666,-0.13422981432253578,-0.2035861331976054,1.0,0.49464749825926707,0.20782481397903432,-0.09733144666215311,0.4575459197148333,0.21022971638088922,0.2993004218030544,-0.30159956558516093,0.24961340994969267,0.2876459101180408,0.20922574726448254,0.2895767675867237,-0.30070154626718065,-0.11531560812981065,0.2011196318470373,0.0014811559822110424,-0.2630028932623147,0.32306548197719354,0.0038725356796142237,-0.08586378227268673,0.5204050016282245,-0.06547093789805489,0.363675899171447,0.18859734951774265,0.6822691049641928,-0.24198950863448687,0.13392443028756404,0.44805821075981256,0.03286531713402293,0.513415658182943,0.23498357904046882,0.2434372962331774,-0.46615729706207804,-0.2879623680520498,0.14741442687439665,0.0878598631347447,-0.0734405569227582,0.3670184822943274,0.3103543112654215,-0.1996924936513024,-0.2426284987109298,0.2521934412926568,-0.45136558373469543,0.264031479587503,0.3191328379443486,-0.24083355315718546,-0.027910640352989027,0.34822240340049687,-0.008857676035438413,-0.2962838207420137,0.051504625993647024,0.3422678845370041,0.53808602898973,0.32033814865774984,-0.1686034696142206,0.3529077536267507,0.029651206479968266,0.3751774671406274,-0.01766531469254982,0.3607483777847082,-0.04769316252733738,0.13521540413320687,0.4967390220951319,-0.3464905689347516,0.4108984458552273,-0.14593041442266758,0.09794298989935732,-0.029226424457493513,0.0447656205502592,-0.035791293888990085,-0.04100977340060339,0.46634912573238074,-0.3015791536154218,0.53274289021371,0.45388346510118605,-0.012207216076186146,0.01710441408402819,0.14150920307375425,-0.10683960060755618,-0.04495606555605364,-0.12253885737523593,0.43665948959369744,0.4622610837848557,-0.3221712739871104,0.4076501235517819,0.1785538012647553,0.4544226706131373,0.5095169235835125,0.34243687279590623
Cerebellum_3_L,-0.3731781218143977,0.20105925918487305,-0.30561773891004684,0.2857171221046851,0.4990691871225102,0.5408498615359953,0.37500680086829813,0.10558017904222422,0.5945580189392506,-0.30652942445717607,-0.2080531293032012,0.49464749825926707,1.0,0.00602472119816347,0.2241381271336037,0.6936934073870002,0.3901835648185432,0.5945617956520006,-0.14894437338732475,0.5525489169756213,0.713977288247183,0.5668750536603114,0.42379786685656967,0.001871840732787451,0.18583339317128558,0.4153471997723318,0.2942995082148517,-0.2762286493781596,0.655220529467966,0.2598012627450685,-0.036015662938072214,0.7172571390664703,0.4636880454839605,0.6625274205138567,0.5408466127076388,0.5917962564203229,-0.02402564686117366,0.22668435602449966,0.2750407868641119,0.15331208338954014,0.48436000892122116,0.6621001944851075,0.6131637852717409,-0.41690991694346946,-0.2303067283963866,0.5736134028902922,0.6367972062669245,-0.008144864989494923,0.6758353603490674,0.686696629554004,-0.13289998198724967,-0.18026144765923835,0.4999452405106986,-0.3569598968716642,0.39746544727966193,0.7043355242721568,-0.4734571082916903,-0.0009396246246662844,0.24705239833865736,0.3227449233707541,-0.420744497809068,0.4257059257301142,0.7600660574639404,0.6505869869415588,0.7177405874478383,0.07786514269633622,0.6640709910465913,0.28241187922577277,0.507502924802032,0.23103038033003703,0.4610221100219434,0.40240330493496956,0.5068397451196631,0.6218676568378418,-0.2783388713019807,0.896327049666979,0.019125961074160126,0.5654790383324307,0.49382707435066,0.05729336774487762,0.1814269547703747,0.4684664641004686,0.6104753929565111,-0.09746500818604362,0.8076339368522315,0.5211839847634097,0.46378231137485637,0.09892068132122503,0.6485362521024093,0.165556135773133,0.2862384816952247,-0.0753701518973338,0.6693025105472691,0.6677694670883797,-0.07395016508479169,0.5990482948835177,0.6163363426755032,0.5608471256043683,0.7277221879512833,0.6195109572817848
Thal_LP_R,0.2998283811389016,0.18509038573327816,0.053558127217850235,0.03111208571329352,0.1405650522128608,-0.4110621241798438,0.01587415030376051,0.22492439621352475,-0.11347498752227761,0.2109560157138477,-0.002451265206411898,0.20782481397903432,0.00602472119816347,1.0,0.1040784322788595,0.2481794385583613,0.1935205820416319,-0.0010139178582104114,0.07150167341909353,-0.24834433974512288,-0.2420518361759617,-0.1625582298310858,0.15906794461888352,-0.1538781792012221,-0.3422582613986544,0.1455286556448059,-0.07394611837455574,-0.07713613747271413,0.11087774212605114,-0.29224646657914355,-0.0991058426050439,0.17282846570629642,-0.03006148184793323,-0.04454889055349119,-0.12064294023043762,0.3361152797802264,0.09469017100850016,-0.046104134402757,0.20750261917512197,-0.17448059062774157,0.5934511977142302,-0.07296973763322907,0.16701288814158247,-0.09206935896682392,0.16840281422079653,-0.14729113796049753,-0.11516931257283142,-0.4466052205670342,-0.1162335702441075,0.11473578695966434,0.31261563526195435,0.2227112379530411,-0.11562312588325747,0.16087540291792193,0.437029822025382,-0.1427948506581901,0.24119738509570873,0.04671832708305531,0.7441718772564679,-0.26395527757158826,0.1739536996821084,-0.3291331817024051,-0.18945042666843248,0.14136385060990136,-0.1923673691127937,-0.16948961352107872,-0.18089993851825872,0.24927097244006613,0.32514771603633474,-0.17842877772454369,0.3630580901802375,-0.022109412013422525,-0.11682667993801794,0.088834609033675,-0.3965136457103679,0.06897688815030881,0.16597672221780965,-0.20853740547233018,-0.05935591433310982,0.14529548507320422,0.2768950827154308,-0.17046472318638473,0.1047484239178899,0.009141126970624885,0.017007040008367755,0.20238398679926878,-0.18095783602690163,0.2900577634765623,-0.21314109820194083,0.046509943970157515,-0.31579906436119026,-0.018203726187720915,0.049975511175666516,0.4342380682484045,-0.059208405949925616,-0.042699324685890105,-0.5706287201005921,-0.12607669602939844,0.19566923713461082,0.17984614347804193
Temporal_Inf_R,0.43013232000644896,0.4907557566832661,0.5737519642854698,0.22677852648342373,0.3991125241758367,-0.010776670054492458,-0.006009453070874416,0.05624261605417526,0.03989429322956086,0.11491641523431224,0.27989933996616795,-0.09733144666215311,0.2241381271336037,0.1040784322788595,1.0,0.1533454727316144,0.2791982508018796,0.010050263524982058,0.30952592171406823,-0.0002463094320099651,0.13570356672905823,0.08664866500141502,-0.1053398795970723,0.7225313104734209,0.09477622289295008,0.12327154595267031,0.03798412482603279,0.25690845897394005,0.21805664006452305,0.16247187566207047,0.04643110620542644,0.10670822424249589,0.1381226560603387,0.15804494157123164,0.1707476247857702,-0.043906864162266336,0.5191096331258584,0.32691790469255816,-0.026416161265904643,0.1033096379236771,0.10002902039918107,0.2145457076378289,0.37908161456212186,0.3932305424357988,0.33903576865045565,0.2619628102679299,0.2398040444668641,-0.07016938952838453,0.0872543672267804,0.3316040157073288,0.43470463974310186,0.5281862973553029,-0.035551523536618244,0.17185537133659673,0.4407015985148377,0.17874213753895943,0.40878848199333806,0.2932913798643235,0.028318467510012487,0.24663894470705716,-0.06845063285307364,0.3362916770826751,0.09251982616369533,0.08585189360292846,0.006724974510118376,-0.15797283592156894,0.25259570293042916,0.47950505361438045,0.19969670806124754,0.07221676810166441,0.39363985176788346,0.4613708051000165,0.03975156601966973,0.13803673635999772,0.04619485700647117,0.336107641355276,0.5166085430006677,0.3357650948120606,0.6149935659870601,0.41253178820588676,0.531338977004157,0.6978420120293373,0.1610537947924327,0.6660218214823126,0.2668812033432667,0.13227899204415475,0.10302479560856584,0.2919244435742727,0.40430586938326896,0.44349840519495776,0.02862438663978917,0.20871995826309026,0.2008200619113105,0.24273014483150282,0.5383344705645321,0.05757198007592289,-0.01311844982674798,0.11133332797072938,0.3062078998451375,0.26709147445550385
Supp_Motor_Area_L,-0.34264265214830325,0.13783590235661763,-0.23486640792023006,0.3400918405290568,0.5527932629122096,0.4070884525232043,0.5860888857124498,0.2830099167011661,0.5358700102424053,-0.11095467934145264,-0.09594901554485469,0.4575459197148333,0.6936934073870002,0.2481794385583613,0.1533454727316144,1.0,0.18896860499843035,0.5034814584337596,-0.2731212421228555,0.5125439494010142,0.5565083306774469,0.6563415120167725,0.5734907381864685,-0.04992037017089494,0.1926438013006423,0.3329646101211039,0.2753109409524611,-0.27573226842939974,0.7121842943303376,0.2705122663684677,-0.0032529048721240145,0.8157851901739218,0.5181635860566345,0.73538208066829,0.28267543209647666,0.6208416032765541,-0.1284797372929661,0.14354560627204513,0.29487745280177957,0.011168382743873431,0.592494589972549,0.680982315765898,0.5892079026310992,-0.46857076400793135,-0.2932801355621333,0.6617346269727947,0.4603010568274583,-0.07532006263416177,0.605609523568421,0.7272785085691238,0.09582438152753686,-0.15121004346688616,0.5721412417217916,-0.2127979428376409,0.46403161380005864,0.6807405537685375,-0.3261496366832492,-0.11456047135171171,0.3376978091261319,0.39901542639117443,-0.174376341879092,0.041241477219760195,0.6338753963422716,0.7070786265019035,0.48447175839286566,0.09757822362469454,0.36116757800312604,0.27017467667130385,0.5625925618847561,0.27607952518393564,0.37527636175737583,0.31161434327383636,0.6406843330553472,0.6416861190810098,-0.07378545902520034,0.6914963299470802,0.12384211318935362,0.5284660036421043,0.41279717547033207,0.002950726497769086,0.011623069464851,0.3660826386768311,0.6525931143083532,-0.02684913432420372,0.5322027652795175,0.5531620627976839,0.5340776083507011,-0.0019338791354414735,0.6471510162755338,0.16967262470429487,0.2895068709284807,-0.17138547937969342,0.804018006132482,0.6845265572738316,-0.2869465474512917,0.5317263719963856,0.35363316972399067,0.31527516300245606,0.5962081161718901,0.5347533388871701
Insula_L,0.44123981486316965,0.6670814730436678,0.39030939002126114,0.03800661375580177,0.06422500753217918,-0.05363115054863392,-0.29093374260724686,0.06749014407673837,-0.18786468555358976,0.23482115030360703,0.0886390160702976,0.21022971638088922,0.3901835648185432,0.1935205820416319,0.2791982508018796,0.18896860499843035,1.0,0.1653876838019123,0.49805708706862445,-0.29064517078329394,0.25821294484812324,-0.16147466002078414,-0.30904737614910677,0.35710580683638243,-0.3050519105086559,0.4566935101933905,-0.14053230794532479,0.23769359025742415,-0.02389884789101497,-0.13152423135492747,0.04566821079660482,0.2603782484112556,0.019849763880385427,-0.13371138888890985,0.6039045540977986,0.04550588897190892,0.6164891647794111,0.025099959369411468,-0.027916386345983122,0.11626960148314766,0.3759466086110508,0.0542577150777377,0.1185267991086757,0.4046275125838136,0.5678194124473273,-0.10347729422684769,0.4667961421960658,-0.2657789656296264,0.01307056493923928,0.262468189915046,0.1890782940507345,0.33933851799789433,-0.34312702184005484,0.2809830107697076,0.43919883796359216,-0.0637704551323733,0.17695261220000558,0.7116717133865299,0.16807505149897795,-0.20744693644380915,-0.25574420154285016,0.7267524554289485,0.09560149601105541,0.16270019170558703,0.259209995063488,-0.1275587491809377,0.5481032553433359,0.7230787616564536,0.26605223537789774,-0.34907628641689037,0.689539816973001,0.34786798137738373,-0.23795214168788442,-0.169743491495044,-0.2864030168285978,0.36429466481812284,0.17066528544373374,-0.00048729928333034715,0.4465429214653811,0.5761418431319819,0.7625489719599626,0.41423741860453234,-0.17912372778586894,0.3281900652639806,0.4700775595343445,-0.17142880295568624,-0.1842777759512843,0.6718313477437535,0.16101804273853726,0.5920913291607821,-0.14853017435711907,0.5323987305877116,0.028939977212411327,0.4730159432407439,0.5396829986279118,-0.08544250492059206,0.13570518766331538,0.39740011501057887,0.38473584808011585,0.5924646750305184
Olfactory_R,-0.4655498608665601,-0.015256993494086142,-0.31934363692945517,0.1491859892331629,0.2629172622019261,0.5376933534113336,0.29051292328500955,0.14714803491268982,0.5600129812527691,-0.15257330027123622,-0.21370601763306704,0.2993004218030544,0.5945617956520006,-0.0010139178582104114,0.010050263524982058,0.5034814584337596,0.1653876838019123,1.0,-0.28008646467206777,0.49603651472941096,0.4932749497416034,0.46040927332787607,0.32678452137058966,-0.003769606601513922,0.27237503967941834,0.01363044751458266,0.19715513825002687,-0.280638104636433,0.50170627185843,0.10864563906567495,0.17686647700843194,0.46079480673427203,0.33553779463731576,0.5696300935778895,0.22693611619227755,0.4611513370828573,-0.15997358892198857,-0.15334387724296705,0.5342145010477998,0.20404830469905655,0.2518602221354209,0.6120003707979919,0.4628984724509932,-0.36146210347681146,-0.19787340673491804,0.44564545402571726,0.4788070106693222,0.1862211994527791,0.7584859875765284,0.39053710204152325,-0.15000035908599263,-0.265363833325117,0.5384884024637284,-0.17078991735092408,0.05441791636883593,0.6098485922640307,-0.42142525463127795,-0.10803337388754373,0.08955780643430884,0.3146459860864606,-0.34005839025471335,0.21165377145023864,0.7028228683132813,0.49375679835391123,0.6027121771580914,0.19002123799324383,0.305640044902647,0.11643355449643329,0.12094575364686404,0.28070182336366445,0.17825940194620188,0.2726096295191304,0.3958865752677221,0.5458646906616456,-0.08063530769102341,0.5020361185646133,-0.044140948941251264,0.407572936566278,0.23004229258706324,-0.12093687598441379,-0.11809881792383058,0.2476500874833182,0.5377589126192468,-0.12090795591358874,0.6410276349146962,0.36151599623177466,0.35234232794765563,-0.24108854706280342,0.4581840521837242,-0.010755480844283204,0.2037067419752639,-0.25418498823239566,0.5302074530511318,0.41426603812823354,-0.2370725971788792,0.655080283895471,0.5306784072463613,0.5135382367771437,0.35368225378886714,0.2626377935510406
Occipital_Mid_L,0.7003752649132887,0.630331126999795,0.6308278479727276,0.32521098804680804,0.0693660601635541,-0.425018270422115,-0.3517067635690151,0.10199081553365578,-0.5162155306248152,0.35025019791726525,0.546631353543933,-0.30159956558516093,-0.14894437338732475,0.07150167341909353,0.30952592171406823,-0.2731212421228555,0.49805708706862445,-0.28008646467206777,1.0,-0.530103018153214,-0.1918116154931595,-0.24022544429353104,-0.43960556272836404,0.4558416457313273,-0.209781426041764,0.4411117206617389,0.19354808762003728,0.4676688024497228,-0.30277311688995623,-0.12786289508015028,-0.018896331438517783,-0.2262657164660273,0.1040581955241491,-0.47842192686755314,0.3736011354149276,-0.5014628099044449,0.7126075245527488,-0.07669950465095213,-0.388147971063945,0.019591266628415278,-0.11031420541362341,-0.36841077977243625,-0.15734202068788378,0.6899026795658979,0.7299381802518939,-0.18030833789669934,0.1220970860107629,-0.14096555876538813,-0.3715727922992856,0.007419032279484257,0.4628759817477169,0.7631790235606305,-0.554254877275769,0.49026171557441517,0.3374765531022363,-0.42627119546955033,0.5424918926093953,0.5677646195092395,-0.04470773827451906,-0.04205421224345697,0.08213038594351553,0.3806730842913845,-0.28617328076562826,-0.2305282472983193,-0.137763996964902,-0.05562880367565079,0.10280537101262689,0.5142980879053465,0.07511493986765637,-0.03394709148001166,0.2347694873939216,0.2570555074655421,-0.30818825650595427,-0.47632449696571383,0.031049891627490136,-0.10628849226423509,0.49656518673739763,-0.13893970812621861,0.3493451951981176,0.49454960161119166,0.6837021505796985,0.27571201341754975,-0.5037005220061761,0.5065524883908512,-0.15394443586201811,-0.4337302227206167,-0.1125886523113831,0.7268320094719607,-0.09560567374523304,0.5077052501709922,-0.1099591631118455,0.5965812204533312,-0.3408924993166388,-0.007117374002436634,0.8449002208457171,-0.5027428374197506,-0.2682809694437592,-0.21970345394140503,-0.026886599100721213,0.24972217598085966
