,Temporal_Inf_R,Thal_MDm_L,ACC_sup_R,Frontal_Sup_2_R,Thal_MDl_R,Fusiform_L,Cerebellum_6_R,Thal_LP_R,Thal_VA_R,Lingual_L,Frontal_Mid_2_L,Thal_PuM_R,Cerebellum_9_L,SupraMarginal_L,Olfactory_R,Precuneus_R,Caudate_R,ParaHippocampal_R,Cerebellum_8_R,SN_pc_L,Cerebellum_10_R,Thal_LP_L,Heschl_L,Occipital_Inf_L,Frontal_Sup_Medial_R,Precentral_R,Putamen_R,Cerebellum_7b_L,Precentral_L,Parietal_Inf_L,Cerebellum_6_L,Temporal_Pole_Sup_L,Insula_L,Temporal_Mid_L,Cerebellum_Crus1_R,Temporal_Mid_R,Postcentral_R,Temporal_Inf_L,Thal_IL_L,Frontal_Sup_Medial_L,Thal_PuA_L,Temporal_Pole_Sup_R,Cerebellum_Crus1_L,SN_pr_L,Thal_PuL_R,Rectus_R,Amygdala_R,Red_N_R,Postcentral_L,Cerebellum_7b_R,SN_pc_R,Pallidum_L,Supp_Motor_Area_L,Calcarine_L,Vermis_4_5,Supp_Motor_Area_R,Thal_VPL_R,Parietal_Inf_R,Parietal_Sup_R,Frontal_Sup_2_L,Frontal_Inf_Tri_R,Rectus_L,Cerebellum_Crus2_L,Caudate_L,Cerebellum_8_L,Heschl_R,Frontal_Inf_Tri_L,Angular_L,Thal_VPL_L,Temporal_Pole_Mid_R,Frontal_Inf_Orb_2_L,Vermis_6,Occipital_Mid_L,Occipital_Sup_R,Frontal_Inf_Oper_L,OFCpost_R,Amygdala_L,Hippocampus_L,Red_N_L,Cingulate_Mid_L,Thal_PuM_L,OFCant_L,N_Acc_L,OFClat_L,Cerebellum_3_L,Putamen_L,Cingulate_Post_R,Thal_LGN_L,Rolandic_Oper_L,Frontal_Med_Orb_L,Precuneus_L,Temporal_Pole_Mid_L,Frontal_Mid_2_R,Occipital_Sup_L,SN_pr_R,Cerebellum_4_5_R,OFCant_R,Insula_R,Occipital_Inf_R,Thal_VL_R,Thal_AV_L,Pallidum_R,Temporal_Sup_L,Vermis_8,Thal_MGN_L,Thal_PuI_L,Paracentral_Lobule_L,Thal_Re_L,Occipital_Mid_R,Temporal_Sup_R,Cuneus_R,OFCpost_L,Parietal_Sup_L,Cingulate_Post_L,Frontal_Inf_Orb_2_R,ACC_sub_R,Vermis_3,Cuneus_L,Cerebellum_4_5_L,Cerebellum_3_R,SupraMarginal_R,Angular_R,N_Acc_R,VTA_R,Thal_PuA_R,Vermis_1_2,Frontal_Inf_Oper_R,Vermis_9,Rolandic_Oper_R,Lingual_R,Thal_MDl_L,Hippocampus_R,Calcarine_R,Vermis_7,VTA_L,ParaHippocampal_L,OFCmed_L,ACC_sup_L,Thal_PuI_R,Thal_VA_L,OFClat_R,Thal_LGN_R,Cerebellum_9_R,Vermis_10,OFCmed_R
Temporal_Inf_R,1.0,0.05624261605417526,0.28357854041173247,0.2008200619113105,-0.15797283592156894,0.4407015985148377,0.5516448974131949,0.1040784322788595,-0.010776670054492458,0.5737519642854698,0.10670822424249589,0.16247187566207047,0.531338977004157,0.12327154595267031,0.010050263524982058,0.30960135250822673,0.20894880118793357,0.37908161456212186,0.5191096331258584,0.41253178820588676,0.42419491307881396,-0.1314492422573163,0.39363985176788346,0.25690845897394005,0.08585189360292846,0.32649188475497415,0.269160140352704,0.17185537133659673,0.03975156601966973,0.03798412482603279,0.4694968953066641,0.3045798692844244,0.2791982508018796,0.2919244435742727,0.43013232000644896,0.7225313104734209,0.2619628102679299,0.19969670806124754,0.050994341718648535,0.08940398106611468,0.3777960916526533,0.4041148732020002,0.09440911513997507,0.25259570293042916,0.028318467510012487,0.03989429322956086,-0.0002463094320099651,0.317244030888642,-0.026921930713428084,0.13260834317210224,0.04643110620542644,0.09251982616369533,0.1533454727316144,0.46140112943411343,0.5887271573958537,0.1779020030241563,0.43470463974310186,0.2005432919148333,0.06776281100378669,0.1123334514166929,0.2145457076378289,0.006724974510118376,0.17788040521329496,-0.006009453070874416,0.4907557566832661,0.40807875659041165,0.13570356672905823,0.2682484877098965,0.5224558295021545,0.191213388960823,0.19152717499222466,0.516913559464917,0.30952592171406823,0.22677852648342373,0.26709147445550385,0.0872543672267804,-0.2097747319623757,0.2767642988947807,0.43329340053419874,0.10302479560856584,0.47950505361438045,0.0028666119601128514,0.2668812033432667,0.2932913798643235,0.2241381271336037,0.3316040157073288,0.4613708051000165,0.3362916770826751,0.13914719938555786,0.32691790469255816,0.24663894470705716,0.2190473851140792,0.15804494157123164,0.5383344705645321,0.033279109305136854,0.6149935659870601,0.05757198007592289,0.40430586938326896,0.3932305424357988,0.02862438663978917,-0.035551523536618244,-0.04924856336023781,0.1707476247857702,0.40878848199333806,-0.01311844982674798,0.04619485700647117,0.08664866500141502,0.1033096379236771,0.5281862973553029,0.6793304258443345,0.5166085430006677,0.1699026336114279,0.07221676810166441,0.4293337962372336,0.1610537947924327,-0.029911710731625046,0.2398040444668641,0.27989933996616795,0.4757790286668679,0.336107641355276,0.3991125241758367,0.4190070984833164,0.22179728747938857,0.11491641523431224,-0.06642451430076082,-0.1053398795970723,0.3357650948120606,0.33488668216552947,0.4556695768594979,0.6660218214823126,0.20871995826309026,0.17874213753895943,0.6149410474853138,0.49878786836650985,-0.06845063285307364,0.3062078998451375,-0.09733144666215311,0.10002902039918107,0.06993687855507617,0.09477622289295008,0.13803673635999772,0.4094984352224872,0.5925366116618479,0.21805664006452305,-0.12446702386579567
Thal_MDm_L,0.05624261605417526,1.0,0.12789249904094957,0.27373567892119555,0.2678066031126476,0.37355058835283256,0.09539218441527623,0.22492439621352475,-0.11142297559187363,0.11470892825034908,0.3573199452682051,0.4286666448760115,0.027617434845694646,0.29738664022110745,0.14714803491268982,0.256348337577569,0.5242921993683666,0.26950184017665213,-0.017660061428226292,0.07877356647043561,0.2653591171272959,0.36747990230555044,0.1411613784771093,-0.05431342688770807,0.3393898878883948,0.20710622819122018,0.1642088062076138,0.05504503020120771,0.30924921707238373,0.3582812304564705,-0.04927977579322946,0.011808622552993227,0.06749014407673837,0.1363625249138115,0.06848421179086944,-0.058417848282793096,0.282583722173964,0.3547981673072805,0.15461601476430553,0.2600908599704215,0.2363095583968068,0.022470431290703304,0.41595075111843627,0.13461755490215865,0.2148579000280889,0.09659360562459937,0.15240017397277153,-0.038025758051765855,0.24958439307512106,0.15893157156347365,0.16259446439165676,0.22427092191460285,0.2830099167011661,0.10658527655973823,0.11645334337296412,0.30117180643176034,0.5865319337618655,0.32040415955197243,0.2360337186442022,0.27337154442550937,0.3467003321465154,-0.08960500103454903,-0.0009741351900695595,0.553384717235697,0.15478691952567752,0.3736428661008934,0.2325174727184322,0.2366706148387459,0.24470759075005233,0.09618001430045385,0.2906929895081069,-0.13984943381012113,0.10199081553365578,0.356919503150539,0.41884975819827897,0.024111083193217833,0.11900766687481887,0.46659103421329096,0.03424829508617489,0.3076172168250489,0.2986918255620004,0.061932795199595714,0.024658868060385204,-0.021628454415173505,0.10558017904222422,0.4617259288352851,0.3197661131900171,-0.16041606531285427,0.2997673720842051,0.02684538204408595,0.26942726327371136,0.0022637410604590463,0.2156684248302689,-0.06975168466541071,0.27145727084113114,0.24342249723564663,0.03081199379549005,0.2668047964137316,-0.12806634542053752,0.3532984717415847,0.35333045063741775,0.3054818419247042,0.06739205330314951,0.06563832581688729,-0.18101940283623638,0.09333615231673263,0.3147698754056623,0.15949018264310327,0.1693506360885582,0.13222525743610616,0.29449477298577575,0.08815088244236066,0.271498189149559,0.4382435644550671,0.20175760206113566,-0.11946357564908208,0.1804330288570365,0.22941683400002147,0.18115340230142368,0.21202362483712545,0.3078363461433756,0.2995928515287387,0.18853634416006038,0.2682135184824664,-0.044888227286754866,0.29289882360862796,0.3877943344711668,-0.03707988279799348,0.2620591090165492,0.17377234713399534,0.3861097183152926,0.2290013041990145,0.10193502487873803,0.04937297744074078,0.19587038001407195,0.14832846357942653,0.09573064982754527,0.12943073935703908,0.5772598860284898,0.4233924261766772,0.1861918583735339,0.20814114772805575,0.009108223894405647,0.1697890571081125,-0.11708243611669589
ACC_sup_R,0.28357854041173247,0.12789249904094957,1.0,0.6182808440566422,0.24055502204122503,0.1763055244470765,-0.12689344678473805,-0.03758501767692734,0.4139172185191986,-0.14508482558084568,0.5617146183703393,0.3976383989974801,0.06910299101030504,0.14240357839030543,0.23181065752221405,0.16328805873951355,0.49566434327579895,0.1943032252394078,0.029032007996963156,0.0668428530944219,0.277861273542657,0.2694947359623068,0.4090264794447029,-0.08905433305243851,0.6918880109056145,0.49500136960382185,0.41548208743463577,-0.238804912328095,0.2428916023196937,0.08807379220841988,-0.08784643235994292,-0.04577446422038983,0.1859253972653981,-0.012948018807555809,-0.17400027886553976,0.05502147125877085,0.3685131160511279,0.21357145227220753,-0.05624782759395875,0.5600301372699258,0.2107799480131445,0.23913470079405194,-0.08159660144762804,0.4674680139252894,0.19887765638793628,0.48275589310206246,0.2800096257775835,-0.02206048219822097,0.22614287745398365,-0.0782724958258378,-0.06136381541572597,0.5095561982116175,0.4597463656110653,-0.13033229286361833,0.04602130517810421,0.46711110288473695,0.018597316389589506,0.062019869251816025,0.10900716188269982,0.589577079113308,0.37802873828791483,0.2997388267553133,-0.2023932459460013,0.17141445859370028,0.214254538627151,0.16400061030929095,0.46404877426670144,-0.17271931510010247,0.47124403076574656,-0.26954769821308466,0.34310252221484855,-0.07045890348355478,-0.20328409720477464,0.08854416198021031,0.37903277296163324,0.447869074664647,0.2697955524716749,0.20585745094733818,0.3800923915353608,0.1732290596776296,0.09832642514748431,0.547346925190467,0.6159840376663258,0.016686466530039006,0.5079165177749717,0.3989703321657125,0.18651759897656814,0.24471762960039822,0.33826567402433877,0.31322887205206695,0.22909931008715903,-0.20677433309359844,0.4808520214273705,-0.08221850008048771,0.4142945494154311,0.1894523056375521,0.5242447416435405,0.41906779872789107,-0.25385631763374955,0.4757760015114689,0.33976352406723337,0.07382973572193564,0.1659498926348923,-0.0632243048030889,0.32363867412312564,-0.2624125425892175,0.3691838213430265,0.0449503517647218,-0.11009457986957216,0.44220781707043555,0.023517604875400944,0.4400958538963138,0.12170151481771332,0.3130682411971477,0.563993157708954,0.08785257472637209,0.18594204059396813,-0.11164653819598662,0.16496822932677388,0.47552863426709746,0.2873595042281387,-0.030030934655388457,0.3525064905020433,-0.12860057343455641,-0.1603334120782212,0.17757458019352457,0.28983677140191666,-0.2329127617606711,0.33726546109065475,-0.058070199115406,-0.019382762437913315,0.38357172813562374,-0.044397049666003406,0.0059805675461257115,-0.3100017172864228,0.2987349943297401,0.48528772377018337,0.5126999307555632,0.07516296363703787,0.25103516966717837,0.5448165902650483,0.1245252573297424,0.05070486460628095,0.2526254372297968,0.07324575084367949
Frontal_Sup_2_R,0.2008200619113105,0.27373567892119555,0.6182808440566422,1.0,0.14500912046460845,0.26369071519039883,-0.3362024696234469,0.049975511175666516,0.5140197540070901,-0.34313107111607155,0.7553910813093005,0.3859983286053303,-0.1924982392625923,0.12699349134238883,0.5302074530511318,0.5198732586762763,0.5090056599974867,0.5901951542539873,-0.25345460679251,-0.05139761255164188,0.4684798837378182,0.5992557464360501,0.2655842450612721,-0.28554921872990546,0.8612727260150842,0.8474091279602693,0.5738352147661283,-0.29602678644523783,0.6483431638490876,0.36293204799789675,-0.4124603966492608,-0.423779215434903,0.028939977212411327,-0.25528345737240526,-0.47506393173050765,0.05407348774416319,0.7586288972621507,0.43183671707459004,0.16131758581235162,0.8728337677692761,0.29615227692005003,0.007016820339557502,0.07605703123526979,0.37061327987440923,0.25061388455865125,0.6295126218618488,0.6246204030766038,-0.3425076062506012,0.5903474119703206,-0.40618234854117213,-0.12090114064239797,0.7324295275736586,0.804018006132482,-0.16860121490408006,0.15696091270800747,0.8394860748747436,0.04261504459912937,0.4269910471787415,0.4227182583712816,0.8528807803552368,0.7505073200743445,0.4941721173524509,-0.5656376113239608,0.6150711197076242,-0.003520037600228609,0.48885524046065215,0.5421394513263018,-0.18064343417591153,0.4579795246083139,-0.5739146659530351,0.3336975842916061,-0.2744261280213858,-0.3408924993166388,0.4223190054636509,0.404471723557457,0.7508931746609694,0.6828517953097551,0.652348325515565,0.3958334323588942,0.6148670471994351,0.09376326220468156,0.64435037984357,0.5644817507106645,-0.25709206184763744,0.6693025105472691,0.7277844572523833,0.33087443808261313,0.021753017570225255,0.5887103697329976,0.13725217634625522,0.622848247639592,-0.45248836262632885,0.8985335816979059,-0.32244379181234184,0.5681733970282714,0.31855124490536657,0.7565734250995899,0.730075411826492,-0.5638034728372991,0.370524342862489,0.6364401404781028,0.4166957399759768,0.05811814582254579,-0.33842714637051197,0.38045942065134664,0.03992634569749418,0.7242356721449865,0.03426162660048631,-0.12200051453476858,0.6566779806998558,0.19570506318824366,0.20396850331998104,0.4794842120217562,0.5295515424480481,0.8494366917180046,0.16485886447752954,0.3706937108553493,0.005070107674095033,0.2739335883763619,0.7041135413176708,0.640329559459119,0.20891553706171906,0.281796101090836,-0.21070994941930615,-0.024462239974714355,0.6167095907623827,0.6508574322006973,-0.5711744079485108,0.6130470660322908,-0.08969030480079274,-0.2568426070101417,0.8065483201208731,-0.03736846758944826,-0.2940172565064401,-0.2844874046287395,0.5624218362047471,0.43665948959369744,0.5204977324357045,0.12756047821748162,0.26242170300978246,0.8290200818655995,0.15793788688539026,-0.16016518082409842,0.7136183841502475,0.10381857807444414
Thal_MDl_R,-0.15797283592156894,0.2678066031126476,0.24055502204122503,0.14500912046460845,1.0,-0.08877392130296763,-0.21301217698509556,-0.16948961352107872,0.362723065652714,-0.10656056076948366,0.2257629710505927,0.5208723035176268,-0.22579534223109207,0.04456346042647217,0.19002123799324383,0.31534907452922867,0.7181189466942512,0.04665507213079062,-0.12319145287475369,-0.24059529214600783,0.026216681324690762,0.18306846719642325,-0.21298736829778617,-0.15573988435383254,0.2356472126171392,0.1427769838478018,0.389699354526756,-0.035105833600015776,0.26777953036267443,0.27834660398970357,-0.1904458138129926,-0.1372428511956518,-0.1275587491809377,-0.19151393441738726,-0.18568837903886873,-0.051106840814969384,0.2813070222245039,0.009901495841365024,0.011402711481811007,0.2120280347155812,0.015637866766386864,-0.17894907587835868,0.02329258246030791,0.0774742581164558,-0.055438221757221316,0.040847893865590415,0.30780837973878705,-0.13840928049222284,0.28515985531306126,0.06772228037547179,0.014855550891186902,0.31574511160641955,0.09757822362469454,0.033176213906311314,0.06570989619249024,0.17004590159361022,0.14216492879195644,0.273963726135534,0.296565072495578,0.1482064799567498,0.28163870124169255,0.10329973894736444,-0.09626641127131359,0.3125764082904719,-0.07441886527794614,0.18520658494067618,0.3553933033467784,0.06409537145643111,0.02872531962474567,-0.13897405106443625,-0.0129307723602645,-0.05746516884633683,-0.05562880367565079,0.1819961950465287,0.08998109195805196,0.17025591852155542,0.2069504712301851,0.15673161811426375,-0.06097128405061295,0.31548366474784506,-0.11249456526837219,0.18415374506098983,0.11515001101250029,-0.20080023914381467,0.07786514269633622,0.13273328464935388,0.07801522904354267,0.006987202939736602,0.19929526022461214,0.11535148109839459,0.28128328737075164,-0.03980051149070891,0.21129140935767965,-0.15117692132859986,0.34422648477396844,0.06644270834455242,0.16261425245662975,0.16254294266703803,-0.11808444435251007,0.8163175095528717,0.35980948998219603,0.4660728657550993,0.058442303814770745,-0.18462649930840286,0.2334601436339415,0.254295051366043,0.2757443741143961,-0.02274621544301331,-0.11060219850464052,0.040901368714403905,0.04421735210667552,-0.14797825472813372,0.29543520980955096,0.07067431229202807,0.1814613732520261,0.23756075953825254,0.33352219063781935,0.05854673416331628,0.15092632820772725,0.0835147943616481,0.17421144908683733,0.14931078421393357,0.40485429043743837,-0.1300577661928084,0.3163969339874908,0.14645326909017645,0.3122618922096211,-0.13325596610466636,0.16143604105746062,-0.01147476470998132,0.16777542445995827,0.20476534080009384,0.03193614372071821,-0.18567451328970888,0.10988075006992143,-0.30708209041839646,-0.1686034696142206,0.015297838732104854,0.02209542889476711,0.5219644507564251,0.15633460491914125,0.22995513243635304,-0.2520054240649475,-0.00788141193366778,0.41437067556478796
Fusiform_L,0.4407015985148377,0.37355058835283256,0.1763055244470765,0.26369071519039883,-0.08877392130296763,1.0,0.5253995481772327,0.437029822025382,-0.1675486832960516,0.41362043039003793,0.48867420782210436,0.1969619362916348,0.5260839316298771,0.6563543927145864,0.05441791636883593,0.27712712018927493,0.21857782770865125,0.4282390179901386,0.29162836716143165,0.41332627930503696,0.5370339843787564,0.21475671356970166,0.6041706021041959,0.18679709759588406,0.30356565509222666,0.28553699420113315,0.14825088778618584,0.09382039733312943,0.2507448842525517,0.3229242941704506,0.3776648760257161,0.18066507765472212,0.43919883796359216,0.619704131188011,0.24755906750947804,0.15826504380414294,0.30990904612172243,0.7644448071807782,0.2777777313341842,0.30278143882105696,0.20408210446049949,0.36347164606912125,0.19551360969285322,0.4013361771320678,0.4229309788804933,0.06971820120434448,0.020572415425027177,0.13888613059482344,0.15785584915505826,0.054845444596051514,-0.056103208023157,0.1822377520335931,0.46403161380005864,0.30081569441219386,0.3788793943264543,0.36511766295112347,0.4569330082163973,0.29571901510812004,0.15093229143818035,0.43914385573199055,0.19603634559247554,0.0907037256066126,0.10982631781964368,0.3346076225124962,0.5078224222755587,0.3275709165150034,0.2440620743816492,0.38460939603010813,0.5655380659373436,0.19801154704173743,0.5150209438140259,0.26143738917032316,0.3374765531022363,0.4813301045846242,0.6105238019914527,0.06328554270829248,0.01157608457853435,0.556046559253151,0.2141059992529075,0.21117001733205534,0.5882202101814331,0.19542338433692372,0.2591928730656272,0.21324793787852847,0.39746544727966193,0.6192351273161915,0.4675709347865518,0.14504841343934374,0.49586228801483373,0.21934015139223526,0.1831980748598322,0.0036174283372038597,0.19445937531282023,0.3165869376431133,0.25907517747104947,0.6366104450611039,-0.07560760127052599,0.3125213386323748,0.04849242189737411,0.04599355067971034,0.09765457264156746,0.09820194589390438,0.5002885249990688,0.23138823155409924,-0.061855902076482026,-0.12179544383988541,0.26137252478792083,0.061797662840399364,0.4564438316389544,0.25570804550563214,0.519914864489874,0.46654241766307825,0.13366775589547542,0.38614145085460816,0.1840437109713214,-0.15533499840873502,0.355943412770785,0.26054379018766965,0.4237304986746791,0.4103159108187849,0.41648793682122875,0.32042902662323236,0.1392985273044636,0.16115037830459703,-0.12708099141180404,0.19262038836915304,0.319578121189701,0.15560953624646578,0.3169908352689175,0.5081441107741625,0.30810287228204125,0.2292524049407032,0.3961413956336938,0.2829877047215545,0.023247808093350766,0.5758400875231697,0.264031479587503,0.39468004473304413,0.14650306657116308,-0.04694662529472998,0.14822178200648647,0.1602243587680727,0.460607752802989,0.4411381927520949,-0.08143229858495787
Cerebellum_6_R,0.5516448974131949,0.09539218441527623,-0.12689344678473805,-0.3362024696234469,-0.21301217698509556,0.5253995481772327,1.0,0.41389948499967716,-0.5427699707807936,0.7404259263986481,-0.16623808719370017,-0.22503802494279607,0.8370960013184228,0.35111796729468037,-0.25415873540808914,-0.160522059691736,-0.12085556501151554,-0.09637585789519094,0.8105937522860482,0.5914777060525654,0.27823782692895077,-0.3642939432183568,0.45691272526470433,0.4697606700918666,-0.24037792429524235,-0.22225704707249705,-0.19537130242526451,0.508587316969877,-0.3632280431134342,-0.0396065772182994,0.8957787097801265,0.7396901453465592,0.512161401506343,0.7692251166630706,0.8642027239421664,0.42672302337341833,-0.2843742168262027,0.15510337291725443,0.25127254722290077,-0.3778717162823881,0.22179526560624352,0.6110345971756609,0.15943853111146572,0.055841707885785574,0.23268148768926286,-0.5130377299314094,-0.6376136873438865,0.4848933228765423,-0.4474955036171935,0.5223367885839737,0.04613568960650504,-0.3895790739587288,-0.15516476858195458,0.43442676247388184,0.3235733735097078,-0.22672063290204142,0.4840110683455206,-0.06868336701799979,-0.3299042255249088,-0.3294983233451259,-0.3662484236043327,-0.2813817711199992,0.5814152565110938,-0.3560394218757141,0.7291268262568567,0.03870778290562799,-0.264870498175428,0.513960275127405,0.289904805389235,0.7371700082681141,0.2327532766648011,0.6855491550335989,0.7111027908765388,0.08177167278369062,0.24819169338905236,-0.38327027783071776,-0.7176791850212824,-0.1260952970625874,0.10725239710198074,-0.30266023727584046,0.6078134933451896,-0.4074307747393085,-0.10776256159317765,0.6083273364292965,-0.1361297321946464,-0.015358609430352093,0.2954608929703546,0.27989344466749916,-0.11155433324427554,-0.0532032079801298,-0.30490537598747863,0.44639927287280967,-0.4805576105780248,0.7317029367155483,-0.2721995407318045,0.40940467965250227,-0.534546149728127,-0.13703749070829982,0.7010884720864545,-0.27936024730242054,-0.5336883024409192,-0.3977468436468093,0.29730400047731415,0.6825655129438671,-0.44994854373090415,-0.24469940317826736,-0.3604728766758623,0.059280406005751234,0.6905651544211053,0.053831604702392066,0.40132314577855954,0.30826352443426713,-0.2992938714275852,0.0748700093748896,-0.44199701509105693,-0.2274616780459126,0.05686699696169344,0.2776382977806435,0.20085968658887784,-0.05966582651913544,0.053083433181459756,0.27448458493799965,-0.0785866518393708,0.49909197608531486,-0.22690158740328212,-0.4175929697976868,-0.24626388296362786,0.7768671016021665,-0.0536031126175764,0.6321664318842994,0.46872713673484795,-0.46242816117202773,0.46461534594621806,0.7698111524442696,0.10759229401315129,0.0831429402582239,-0.250796713861774,0.10739071513866871,0.20564969113265216,-0.32066351484960176,-0.45626286031636715,0.14700887340414587,0.8368594230791686,-0.19757459262914207,-0.30381458616681645
Thal_LP_R,0.1040784322788595,0.22492439621352475,-0.03758501767692734,0.049975511175666516,-0.16948961352107872,0.437029822025382,0.41389948499967716,1.0,-0.4110621241798438,0.053558127217850235,0.17282846570629642,-0.29224646657914355,0.2768950827154308,0.1455286556448059,-0.0010139178582104114,-0.25492782036731176,-0.04000979316421226,0.16701288814158247,0.09469017100850016,0.14529548507320422,0.035139483829388564,0.37406626970053325,0.3630580901802375,-0.07713613747271413,0.14136385060990136,-0.009705142199017127,-0.24799413976766022,0.16087540291792193,-0.11682667993801794,-0.07394611837455574,0.21669171491764094,0.14074415853769343,0.1935205820416319,0.2900577634765623,0.2998283811389016,-0.1538781792012221,-0.14729113796049753,0.32514771603633474,0.12582741144956225,-0.005604679143235169,-0.14507026752656638,0.3485088426405216,0.2993386524365922,-0.18089993851825872,0.7441718772564679,-0.11347498752227761,-0.24834433974512288,-0.16180963308083637,-0.2193041073457065,0.030639795589487154,-0.0991058426050439,-0.18945042666843248,0.2481794385583613,-0.2489694818750617,-0.21354592158988905,-0.01766065590160009,0.31261563526195435,-0.06601215900357708,-0.2612191509143155,0.12660851747488672,-0.07296973763322907,-0.1923673691127937,0.07832739594301735,0.01587415030376051,0.18509038573327816,-0.13831925023619276,-0.2420518361759617,-0.1261131335502046,0.12910413522854552,0.2297559531536146,0.40800810001043564,-0.07817484224329482,0.07150167341909353,0.03111208571329352,0.17984614347804193,-0.1162335702441075,-0.19990759612505124,0.08042530248569814,-0.16672847523866616,-0.18095783602690163,0.24927097244006613,-0.024028612232153974,0.017007040008367755,0.04671832708305531,0.00602472119816347,0.11473578695966434,-0.022109412013422525,-0.3291331817024051,-0.0664585742984729,-0.046104134402757,-0.26395527757158826,0.04632451484486836,-0.04454889055349119,-0.059208405949925616,-0.07096888210854926,-0.05935591433310982,-0.042699324685890105,-0.21314109820194083,-0.09206935896682392,-0.31579906436119026,-0.11562312588325747,-0.22726610588578047,-0.12064294023043762,0.24119738509570873,-0.5706287201005921,-0.3965136457103679,-0.1625582298310858,-0.17448059062774157,0.2227112379530411,-0.09171503648643678,0.16597672221780965,0.44114403570985566,-0.17842877772454369,0.13094763849792898,0.1047484239178899,-0.12678572342814193,-0.11516931257283142,-0.002451265206411898,-0.3321582145248773,0.06897688815030881,0.1405650522128608,-0.04277589680619615,0.07336874484065642,0.2109560157138477,-0.5728077888227844,0.15906794461888352,-0.20853740547233018,0.024824441208878105,-0.25456662799292085,0.009141126970624885,-0.018203726187720915,-0.1427948506581901,-0.22201186495148134,0.2718270652962575,0.1739536996821084,0.19566923713461082,0.20782481397903432,0.5934511977142302,0.1323462568779565,-0.3422582613986544,0.088834609033675,-0.21411663525460264,0.3079189424709931,0.11087774212605114,-0.15140729873544817
Thal_VA_R,-0.010776670054492458,-0.11142297559187363,0.4139172185191986,0.5140197540070901,0.362723065652714,-0.1675486832960516,-0.5427699707807936,-0.4110621241798438,1.0,-0.3826330871499212,0.37281154091677415,0.37447317678421127,-0.31984845270561213,-0.11761929432437725,0.5376933534113336,0.4266489083606101,0.4147687763686631,0.3344075156380333,-0.2911957868020358,-0.3218028264004935,0.20581817327598795,0.33902829472017065,-0.023485512355771225,-0.31678790068410806,0.37489797027474037,0.5607736219830599,0.7304565807046792,-0.30849452102311836,0.43165158429209904,0.10316952158455145,-0.43780038432793406,-0.47652876266667404,-0.05363115054863392,-0.4393326072588006,-0.620986887822348,0.021569321466454194,0.5110595295460766,0.06252282773207311,0.005127968963700366,0.5650553342754263,0.1832213238540088,-0.29672749540274007,-0.3660606281243865,0.34923326228600715,-0.20157238358126223,0.5829535110474938,0.6583987591454775,-0.37661479673360027,0.45476186948417946,-0.37697672646675545,0.0884055639503501,0.7133003224620343,0.4070884525232043,-0.1345387766320663,0.18083694081391616,0.4890197384478585,-0.31953630965841934,0.13381792884208563,0.32649934302751504,0.5410384785664332,0.5820828980227832,0.5966927077467521,-0.4560059824269298,0.34602530211875177,-0.2154903230036053,0.33683813169813204,0.6084394507752066,-0.26429651086999406,0.2128553927027404,-0.6516996339767055,-0.09163452384546167,-0.07812929356435495,-0.425018270422115,0.0334915507029379,0.11450523708587136,0.6720138773375253,0.6527675278336916,0.32487708014084316,0.373420507833637,0.5154777397183334,-0.08988907189929826,0.6162675669647573,0.5483826828783341,-0.24658402448648883,0.5408498615359953,0.3655714680359317,0.13390500247052842,0.27883499169420767,0.4449939469288673,0.17959358590847718,0.4211223241658806,-0.4441037422722286,0.613885122237305,-0.3132331962198643,0.3194593299229092,0.19961279261249748,0.6408089207787934,0.5672592227062783,-0.40045798980281266,0.5219936102895265,0.5935112351784136,0.6192617547305151,0.1823856011747882,-0.5538376692620542,0.8081412835003093,0.1378128535182459,0.5028286839324428,0.041624192948327164,-0.4855540250882477,0.44998536511576165,-0.20816859702545998,-0.1615440268729533,0.31178626048017993,0.21325172435971848,0.5022870808171946,0.5329617301693914,0.4540560775741793,-0.2971879232245562,0.3275259907729962,0.42943343929161054,0.17363046355990855,-0.06533757607902954,0.3632477561294044,-0.35247657717054776,0.4379835471845142,0.25229908565731757,0.48878273036381015,-0.4659152273361924,0.5330280253405908,-0.19313177887814711,-0.31012750757821317,0.6533574321326793,-0.010133739795471634,-0.48697512074145805,-0.3519397851585449,0.15523937876589133,0.1285170811476376,0.05220181917637602,-0.1999855435224505,0.4612708186593976,0.48346156905336385,0.2417869159644664,-0.3261342371285979,0.3927456744145531,0.37364970154950883
Lingual_L,0.5737519642854698,0.11470892825034908,-0.14508482558084568,-0.34313107111607155,-0.10656056076948366,0.41362043039003793,0.7404259263986481,0.053558127217850235,-0.3826330871499212,1.0,-0.2305977586189593,0.00010423947225917921,0.6368086309196195,0.18296284223766335,-0.31934363692945517,0.12492964223006224,-0.03551894627220015,-0.09110850354887913,0.7033402157094034,0.5552809753312177,0.150549461163694,-0.49380981918303807,0.2630358197849412,0.5752296462146963,-0.3642941137997575,-0.24636534340793698,-0.10858540847089211,0.5465661401236609,-0.3337359830287882,-0.10542476480825821,0.7385150500526766,0.6808105641842561,0.39030939002126114,0.5310825276676809,0.7514735670477292,0.6652079458019229,-0.17678223453045414,0.04350928562658417,0.11714052495665978,-0.44791452423131295,0.29240647097627687,0.40110874157401927,0.1897434150111368,0.0334253065887064,-0.15134225658501868,-0.47046387807144113,-0.49101464477510753,0.5432959153640164,-0.3893409650717494,0.55674549907015,0.14508253696331616,-0.3753076702333047,-0.23486640792023006,0.8237838345146912,0.6326210906323543,-0.2717558209489221,0.5983425035459853,0.11320913068258695,-0.0658328978455606,-0.3559419722830091,-0.29651088213995624,-0.3452733872743152,0.6414364376533029,-0.2609319317870149,0.6111610147476665,0.1933112833815332,-0.19503017136238446,0.5346351515138462,0.3243489516221456,0.6835994793237763,0.12120895275213293,0.6621882293462817,0.6308278479727276,0.12930899486421008,0.14589722355096102,-0.4002899745747011,-0.6862272591536129,-0.020087839404520896,0.06191975880669167,-0.21602229941902654,0.5947752645895461,-0.36978014576812723,-0.18973639796394154,0.5884684498099735,-0.30561773891004684,-0.015099637905438012,0.34634133781354187,0.33034129162824016,-0.12708817174537568,0.11219502349277168,-0.05449017356955247,0.513795784262306,-0.43712017441848655,0.7316189069323887,-0.30235148655776145,0.48137123900390894,-0.5239855802579754,-0.04842785099215578,0.8014396876900829,-0.10309033239502619,-0.4285619268553107,-0.2470947369873352,0.21017191821173375,0.6745501453748199,-0.27877107087686553,0.1811349318659506,-0.3056704320287113,0.03329505043751859,0.6935735801485092,0.12185618765046889,0.5337687580827888,0.10253452278131828,-0.18536924803878127,0.1453648904587899,-0.4551203465723528,-0.16368141599513228,0.07874537731980455,0.48436633968790294,0.46964282777770067,-0.19274525212220212,-0.008102638925928548,0.46613359223026324,-0.06420960906360165,0.4783640409417928,0.01724969469763143,-0.47329812030364604,-0.04976405571801425,0.8016145641638712,0.08318229576302467,0.9106685997139542,0.5671968548067362,-0.3500410699250073,0.8103901768829904,0.6216276296238359,0.19977633950482077,-0.11798000139125787,-0.34600808116166654,-0.19992841018598598,0.17898951663049437,-0.11288179456485264,-0.4787732202686848,0.4199134312985824,0.6268337643467093,-0.23063604854080522,-0.2013261476008787
Frontal_Mid_2_L,0.10670822424249589,0.3573199452682051,0.5617146183703393,0.7553910813093005,0.2257629710505927,0.48867420782210436,-0.16623808719370017,0.17282846570629642,0.37281154091677415,-0.2305977586189593,1.0,0.44787021999726195,0.016595138245766333,0.505368439733679,0.46079480673427203,0.4279007825960535,0.535303783768728,0.5132078986915612,-0.14485341322630274,0.03244768771158874,0.46604858270662514,0.5839689415426985,0.49190416024863576,-0.28447575268797365,0.7884238914241993,0.7456627246724874,0.4642016437127097,-0.3157852395193202,0.6842758293882917,0.4047654267387231,-0.19019989078238525,-0.21393909955847495,0.2603782484112556,0.08351901676025093,-0.35830385866784553,-0.16663086361322604,0.6781690951675096,0.6306404753995055,0.15734631727100862,0.7897108481038303,0.17759854470194986,-0.0181428828560443,-0.034317336579440486,0.4433424534250701,0.2958295095952367,0.5163442220127089,0.5241633312767088,-0.22186707947935388,0.5885182172891867,-0.2233508870850393,-0.03225655437344535,0.6459453039893935,0.8157851901739218,-0.16607201837630509,0.1507949675418239,0.8181050359689378,0.04937939710299348,0.3382404586765542,0.31026865475430704,0.8422786021518323,0.7041572150802233,0.44570101765200854,-0.33589320944448303,0.6120262529257627,0.19422386098724614,0.40766006534346044,0.7642175766290129,-0.09101634384175868,0.500127340718075,-0.3976071676160177,0.5346686886233618,-0.14297407857376085,-0.2262657164660273,0.42642819501481594,0.7109051540459577,0.5829137043318043,0.5641160530378447,0.6230239165517578,0.37997137325794483,0.559295080926089,0.24675337514001547,0.6325336534090193,0.5981848677876772,-0.06003348999338306,0.7172571390664703,0.7207672654238907,0.3828977237216275,0.13041279738514375,0.7942053141318903,0.16381176259850608,0.4299052735607931,-0.39380735362130875,0.7266370070820409,-0.2193496324031198,0.5686702168947239,0.4196693770400033,0.4983877841033587,0.6013112428159032,-0.47597865306001086,0.4135288821943773,0.5948159296349225,0.4065187905181584,0.45071497323402343,-0.2919940500721495,0.37449274620914724,-0.15329212730629976,0.6833134242459491,0.10662226852009861,-0.13664933979103355,0.42210219953512146,0.14840498351332207,0.38355137536207734,0.3451206888974542,0.4653097660765604,0.6333475588898969,0.13113152003824893,0.5087309832400713,0.00024547208061207317,0.3441903525278156,0.6889834820184988,0.541371801094212,0.05865155328131938,0.36151637077119647,-0.1206603235249673,-0.0377470416504133,0.5556072141407661,0.5991017014604169,-0.40320985647754065,0.5148472131954469,-0.018521193748195695,-0.04033041845501943,0.6463164991369956,-0.032487578432593714,-0.20884299988731655,-0.2644910364588433,0.5904262093763297,0.5204050016282245,0.6077132416264244,0.14988446070021572,0.22938789182024533,0.5982186924969336,0.05466485011259933,-0.04768037809578205,0.6642829479780681,0.18300325291810113
Thal_PuM_R,0.16247187566207047,0.4286666448760115,0.3976383989974801,0.3859983286053303,0.5208723035176268,0.1969619362916348,-0.22503802494279607,-0.29224646657914355,0.37447317678421127,0.00010423947225917921,0.44787021999726195,1.0,-0.24439021436551228,0.2862665222670382,0.10864563906567495,0.6324217508991272,0.6427598091037244,0.35188343791678484,-0.16035537260616986,-0.12330201639051348,0.2269845917582101,0.18649992214585276,-0.016952039878618035,-0.03858701673828574,0.3667087494127146,0.3736025126847137,0.44988652402917795,-0.2603856148114415,0.5756776973038332,0.523371128192756,-0.2380749725289766,-0.2049195811782616,-0.13152423135492747,-0.13475985405213567,-0.26751388858030917,0.0068777266293045085,0.6195904784749591,0.33124952518457534,-0.08936299319675148,0.5046533712698228,0.1114961965195884,-0.26763834194819663,0.0770375327561638,0.2824967966752962,-0.06573758196361006,0.3500071105862616,0.5708354565769852,0.03519901711315817,0.5949485678712774,0.06574441735874227,0.004584382372345724,0.4661116974435383,0.2705122663684677,0.19525420069422192,0.38382595465664565,0.47594493208305216,0.2791591675085151,0.5203528899147579,0.5852551041765405,0.4079935174368207,0.5416308244170607,0.08064789980829032,-0.12787801577329552,0.5482246291543847,-0.007944376915586287,0.518806397573606,0.6182365424359326,0.2083276381534031,0.23155562656255796,-0.2333071494317905,0.18343267747354855,-0.01399410383015567,-0.12786289508015028,0.3662110226077895,0.39226204286419103,0.235027723006068,0.41225939724727173,0.5106232761102508,0.1479899369208282,0.6206860732350213,-0.04194644639133756,0.30422790421966256,0.2008071044637886,-0.20208306094498646,0.2598012627450685,0.4667171025552194,0.32053231277399447,0.04343833031200782,0.520901252020413,0.38090729597416567,0.6054170540055995,-0.07861202725231727,0.4510587966769401,-0.12666804614804325,0.4054254119563068,0.40807814009438315,0.2698884699104965,0.5280832619612212,-0.2085002118157545,0.796517033788771,0.5698892854156401,0.5565719954895627,0.21838790063341634,-0.1495627842901393,0.35669344756812826,0.31880293340685256,0.5773482188225438,0.19901322243531344,-0.10212099576830692,0.3384878085920845,0.2244784580658293,-0.0932673635440227,0.5637432663645481,0.4805714401167083,0.3842662026870186,0.1291014577134052,0.3328148029678555,0.17844456225723074,0.4734377698657194,0.29244777200313626,0.43960661418966646,0.3369381742913396,0.3090685816444281,-0.18990161130279393,0.38541102262748145,0.33131081812073815,0.6415358658367659,-0.19084616077465216,0.49856883393890217,0.1627847921697974,0.19492006124421213,0.4514013018975444,0.23318673429184275,-0.19055911940781392,0.00900869291459946,0.13052473010604038,0.0038725356796142237,-0.07214053724182827,0.17473540111505434,0.7216161187202356,0.3269433765652573,0.1755306834699766,-0.28226864171506605,0.361056388997398,0.23557779137739498
Cerebellum_9_L,0.531338977004157,0.027617434845694646,0.06910299101030504,-0.1924982392625923,-0.22579534223109207,0.5260839316298771,0.8370960013184228,0.2768950827154308,-0.31984845270561213,0.6368086309196195,0.016595138245766333,-0.24439021436551228,1.0,0.45650296024928994,-0.11809881792383058,-0.14637839278035694,-0.07403219706503247,0.023205026935896187,0.8284600530056112,0.6071258930565785,0.414413854662956,-0.32789082142914766,0.5917560227659495,0.40398745287370064,-0.11068271079788461,-0.06647008142394124,0.005500274438360017,0.4462929484916871,-0.33286488523911323,-0.13755815896616314,0.8925711816044475,0.7236287044627809,0.7625489719599626,0.823872991572635,0.7706617834231086,0.43804766894457825,-0.21303251623710148,0.21586232034211067,0.28519210030217473,-0.2004076672414251,0.37599594388113455,0.6237071406917098,-0.04888735752623045,0.3512427985732985,0.14079832354328276,-0.3556978892179914,-0.49860499480522985,0.4296986895419046,-0.4364870421484802,0.41952135277855196,0.09434443872218852,-0.19625042201003423,0.011623069464851,0.3893346069914982,0.2829615073606384,-0.0729865027926692,0.3562098652600853,-0.09940618913229349,-0.3728947792815888,-0.14499794071638655,-0.18935902336560093,-0.031850116620275905,0.5716669732915143,-0.3724088194372825,0.7973589920501705,0.07691287839490468,-0.015627044834040274,0.4278730841439082,0.5216176810796043,0.6287311812346831,0.3107990981804729,0.6825197964725919,0.6837021505796985,0.07322989519842577,0.425795876489371,-0.2319571832063589,-0.5996422689677496,-0.09634413127123981,0.3305607450655672,-0.2458902969977121,0.7615265667338097,-0.1462457387063386,0.1741312555232835,0.7206223136287995,0.1814269547703747,0.14240118477427582,0.38991928628286143,0.5591323224191808,0.05898075136565465,0.0793910001536499,-0.2962757113928595,0.2668264702732643,-0.3648041260329067,0.7604456586530721,-0.15193275716642585,0.4822633029189442,-0.37182979495551827,0.026167650594684486,0.6248402964492816,-0.23725344057180256,-0.4898662581072075,-0.2832342534536691,0.4797681351042239,0.4783677700725718,-0.16416328584578652,-0.3498447885784911,-0.2602183094584573,0.09259768329534034,0.5732627289405772,0.16839163808966148,0.2848063439363126,0.4901977596011197,-0.3937641905127369,0.12713949810890668,-0.36400027240548327,-0.1129778559723449,0.27750636087043856,0.15400441904421666,0.31708297672010327,0.21354118132995553,0.04827522328506928,0.1749336533262311,0.10062134842829873,0.3930595442946048,-0.1584958984832999,-0.4207390308052698,-0.11576132116079574,0.715318090211591,0.10688177042869264,0.5299721786922181,0.5130711567057985,-0.30406232524989424,0.42897575940312194,0.6765312861627263,-0.028994850862944524,0.26290316019028453,-0.035791293888990085,0.20252264252602278,0.0515980472186719,-0.31253390823067717,-0.35753624052617167,0.2064258900172775,0.957398683204896,-0.152724800666771,-0.15826208439112827
