,VTA_L,Thal_MGN_L,Amygdala_L,Postcentral_L,Vermis_1_2,Parietal_Sup_L,SN_pc_L,ACC_pre_L,Thal_PuI_R,Cerebellum_Crus1_L,Temporal_Pole_Sup_L,Frontal_Inf_Orb_2_R,Parietal_Inf_L,Calcarine_L,Temporal_Pole_Mid_R,Frontal_Mid_2_R,Pallidum_L,Amygdala_R,Thal_Re_L,Heschl_R,Temporal_Pole_Mid_L,SN_pr_L,Insula_L,Thal_AV_L,Frontal_Sup_2_L,Frontal_Sup_2_R,Temporal_Mid_R,Occipital_Inf_L,Cerebellum_6_L,Parietal_Inf_R,Rolandic_Oper_L,Thal_MDl_R,Lingual_R,Cerebellum_7b_L,Cuneus_R,Thal_LP_R,Thal_VL_L,Cerebellum_4_5_L,Cerebellum_8_L,Paracentral_Lobule_R,Thal_PuA_R,Supp_Motor_Area_R,ParaHippocampal_R,Frontal_Inf_Orb_2_L,Thal_PuL_L
VTA_L,1.0,-0.10562861903102115,-0.27804117781667714,0.08150732507600271,-0.09454056130722872,-0.23005276827773094,-0.007349313568801473,0.13059768343996153,-0.4825330439877328,0.07235752576433803,-0.07224752672826067,-0.29120045690269275,-0.0193539024274895,0.02753558839502423,-0.3685712530918076,0.12490056875525235,0.14872951814165608,0.4551167272035252,0.12455194293903639,0.10864659982114605,0.0719271990928135,0.06253619461769841,-0.025806391092360288,0.23537678080979388,-0.1154237455078629,-0.10621432654664531,-0.0492459120941838,-0.18943572267292064,-0.2411568728280741,-0.15204128666700356,0.3840241794369385,0.5976056666244569,-0.1416928812906868,0.07222305270874818,-0.22146965570378657,0.09695284519938671,0.11921167596823977,-0.046814028415928036,0.19571151024493522,-0.16192069139992557,-0.5366858939714512,-0.3166931685984749,0.4798194360056618,-0.3477132202423485,0.224904169319494
Thal_MGN_L,-0.10562861903102115,1.0,0.18909776634882738,0.027646907430011455,0.2133456033486993,0.16176836010719942,-0.2510206330500995,0.20993781324315355,0.17150173556380044,0.02040932851236966,0.06724754063094819,0.2721205352599077,0.21202727917161898,0.08653069614839255,0.046808692146240116,0.23576372188988987,0.1520109855917516,-0.12929969412096448,0.1678945000737097,-0.03463041732726951,-0.47889823141360366,0.014516298034956125,0.12311688587082575,0.02822969806758532,0.24240228080182102,0.43856906585524513,-0.191729965675231,0.10447426279159666,0.3589835607746262,0.2786109560516791,0.030925766912107827,0.02620332656657506,0.2255270966388942,0.4988837565939009,0.16632830867946918,0.20475881776733995,0.14987019278972905,0.06860923940740293,0.2803704271949329,0.11178906864931094,0.3205134071014786,0.3106715909493994,-0.049439256585942594,0.12718338126785442,-0.2614888120744818
Amygdala_L,-0.27804117781667714,0.18909776634882738,1.0,-0.31584828633859013,0.04308311358006614,0.09469616355476983,-0.0023789245959148007,0.17269086638535172,0.44045819664084024,0.4726671976132026,0.632048934542126,-0.14410196150508803,-0.07861664819083836,0.41913299063517145,0.006989410616092816,0.09411467115929484,-0.08897667200348522,-0.22914680865110493,-0.03496398949300573,0.03754608107292794,0.26173824929242756,0.2589180376531227,0.3067890597948304,-0.22190209065170668,0.21363896638566712,0.2520942181442793,0.18925976823815904,0.6888820917813685,0.6511260683425857,0.3300644474806259,0.05277898807549352,-0.20599963894691836,0.34437995087609513,-0.05169897669683626,0.3618542253358959,0.40179360105568895,0.1698033332301698,0.1044405156787636,0.4954040233607175,-0.01970076089160682,0.10753750958383042,0.013259056360208486,-0.2589240870740541,0.05483813099243642,0.027202498860164688
Postcentral_L,0.08150732507600271,0.027646907430011455,-0.31584828633859013,1.0,0.3958320835115818,0.6888541718691528,-0.08107140185475654,0.2930303746665029,0.16768630675467333,-0.09126939011413733,-0.07447974065977135,0.17629717036854972,0.8642222555512318,0.477005821392591,0.2762669097116541,0.6767731040172126,0.48166303178639486,0.4225681185355388,-0.22266957690735326,0.27766215270734157,0.044629365059846014,0.264455864872265,0.13991409958919504,0.42050339573145556,0.4858135691647094,0.5227501166351486,0.5199305712308067,0.07430817475987384,0.08462472978584962,0.17180714212743925,0.5021989609111985,0.10386052264403997,0.5850102875295912,0.24135093830286292,0.416039818164234,-0.3188669564352974,0.4808259495692502,0.65508391062092,0.0804859763358223,0.7162263482569957,0.10731924450435612,0.566349840904476,0.14871018103197084,0.273220325731567,-0.07544779633551717
Vermis_1_2,-0.09454056130722872,0.2133456033486993,0.04308311358006614,0.3958320835115818,1.0,0.14856739641228237,0.010590938897350018,0.5125274023387411,0.27379901737953216,-0.24925083812752072,0.3466960907185923,0.3847881690564938,0.3726466656478422,0.27035789011538974,0.08619089082207278,0.518973121858672,0.49492653348704435,0.23214215991885345,0.04495729394414476,0.4586525346293089,0.11840622562447416,0.1913885513042833,0.444557291359411,0.3032863055017718,0.6271103148399451,0.5724140433889541,0.03227206277010433,-0.09665500615266397,0.08698148031331777,0.4095361510926395,0.41421778430891465,0.07025173361137488,0.35852747692959736,0.38940604320819305,0.28338484819001336,0.006062171997669725,0.34421726966941346,0.5857394228057128,0.005943987776129874,0.4163413156500295,0.2927514626561505,0.5470482808330948,0.08493484968264363,0.5034702906269091,0.13792573173692926
Parietal_Sup_L,-0.23005276827773094,0.16176836010719942,0.09469616355476983,0.6888541718691528,0.14856739641228237,1.0,-0.14294315532479093,0.12270164947834719,0.36747448104990244,0.07261955731074192,0.019453734910373846,0.04154923910224632,0.8439059970604709,0.4906932763287884,0.29728386404054347,0.4187414596669717,0.25937867755759536,-0.005841941185948951,-0.29721721682178986,0.10492606934703272,-0.08394813167355007,0.1710018079459773,0.0285319447639759,0.07263029221951012,0.43488866363882694,0.528081449951475,0.5328178645015818,0.42066733078976426,0.3728298790567236,0.3832715970698019,0.16952314648004052,-0.21000891751472475,0.6071576776207799,0.08211998210316006,0.6800460758106577,-0.11963711515422334,0.2796847223450775,0.43479786541242565,0.1898035687362681,0.6379666141208602,0.3454090859358512,0.5351235614000892,-0.0962407329457745,0.1669965425447915,-0.3114140423901051
SN_pc_L,-0.007349313568801473,-0.2510206330500995,-0.0023789245959148007,-0.08107140185475654,0.010590938897350018,-0.14294315532479093,1.0,0.17756130173003948,0.25276124965912466,0.16544962506143127,0.24550288698166708,0.2379865232687127,-0.17117607111746305,0.13780520188653034,-0.02259887516108561,0.004112659706099996,0.09273077583699749,0.027594158382796236,0.3437723605592161,0.03059872625273041,0.16601142612536324,0.1004380594538425,0.43587041695302514,0.1331524207727439,0.08754224607120037,-0.018007009138357975,0.08033296130976315,0.024380295302780446,-0.07362419314740466,-0.07799489606316379,0.04350464628327748,-0.15760446704893205,0.062177649874133996,-0.2395066269618672,-0.02670453196469993,0.03983309950453528,0.025502083364486425,0.19071736388344998,-0.07419761337661948,-0.035547358486356914,0.01819427378368733,0.024575870461340955,0.036044790665401054,0.39253489921887086,0.2764055144828032
ACC_pre_L,0.13059768343996153,0.20993781324315355,0.17269086638535172,0.2930303746665029,0.5125274023387411,0.12270164947834719,0.17756130173003948,1.0,0.2722424892367613,-0.151218306253713,0.6296682663099327,0.477498050219348,0.3147541523350281,0.4416547883725257,-0.018711574654041125,0.705461589396748,0.5082212544360799,0.3351033569282259,0.15131551582183111,0.5748440787822815,0.29525187209607745,0.2713361965942073,0.615845256578526,0.38172832995393485,0.7392992281803232,0.7304303411512953,0.11759263919323365,0.01591785630929103,0.0969456868543463,0.5314582100925275,0.6254248094666748,0.3786634223195141,0.35868023924093206,0.35374207885187625,0.41452290155757354,0.2002875889217596,0.5906105343699998,0.6590291977511931,0.1980666008887882,0.37302025015972134,0.14842995860392982,0.44765014544744186,0.27843297552069535,0.5363811026027994,0.3810309288725783
Thal_PuI_R,-0.4825330439877328,0.17150173556380044,0.44045819664084024,0.16768630675467333,0.27379901737953216,0.36747448104990244,0.25276124965912466,0.2722424892367613,1.0,0.16376869074202957,0.43198241829664824,0.3205891179328805,0.2255929274480884,0.5018784877624287,0.2634393766036564,0.29622904204502487,0.21113847857925241,-0.21497295658141455,-0.04794527881494351,0.22615195181953957,-0.034438195177939744,0.3904796938760726,0.4011835975747726,0.05210222044570263,0.511915170664605,0.5004266515861013,0.34975523565200856,0.40350371098574056,0.46556744169416137,0.3885327604487344,0.07853884052200938,-0.2868633636554265,0.5515330139844026,-0.1608379617163631,0.5398306359617915,0.17245124226972672,0.41135939489289003,0.5582231438947174,0.0440873259787379,0.4874123123641815,0.6003454516037696,0.5395446020122897,-0.4616696577927445,0.6465462797616164,0.07456653635593029
Cerebellum_Crus1_L,0.07235752576433803,0.02040932851236966,0.4726671976132026,-0.09126939011413733,-0.24925083812752072,0.07261955731074192,0.16544962506143127,-0.151218306253713,0.16376869074202957,1.0,0.10978511629555497,-0.36969328376744887,-0.08091899157754699,0.49826204374136773,-0.035752600679653454,-0.014610873104545972,-0.21888539257774248,-0.04654795981741981,0.0022896408057704945,-0.2134403450173067,0.01055975774458888,0.3125824549446036,0.17148432694405563,-0.12329980171835722,-0.14041420446545613,-0.024589277032717308,0.4120373479065628,0.6816658304281816,0.6821072951961729,-0.11798647682479159,0.11637214051895758,-0.07045066578475391,0.4291730375775163,-0.2271320466914062,0.0048592024908946825,0.19894954128259476,0.18460338222337763,-0.027596492965253062,0.6497565241637885,-0.07321030266619474,-0.26222222135157214,-0.1300130796541459,-0.12341509999768253,-0.22371700356920604,-0.14138940148841295
Temporal_Pole_Sup_L,-0.07224752672826067,0.06724754063094819,0.632048934542126,-0.07447974065977135,0.3466960907185923,0.019453734910373846,0.24550288698166708,0.6296682663099327,0.43198241829664824,0.10978511629555497,1.0,0.26311297391707794,0.06189301492185317,0.5242688296182645,-0.25062474316244215,0.4202055956018943,0.34799807799872196,0.014656535115552144,0.2362527863227376,0.6074351875674622,0.4636777452597198,0.1636212448618907,0.5954709179220684,0.12239136178674173,0.6733120764594642,0.5709189221452184,0.03618328133716737,0.35676519711987165,0.3063930680961848,0.6408480685707156,0.4038382820562805,0.1734741672854232,0.3373141698685041,0.1126365650453173,0.5587693646621423,0.43006871050919443,0.37489176472864777,0.5678914402946759,0.28110116893569026,0.3164400587233631,0.2597081232508629,0.37614826871397145,0.10144833259474553,0.5121833724446769,0.46533238156997697
Frontal_Inf_Orb_2_R,-0.29120045690269275,0.2721205352599077,-0.14410196150508803,0.17629717036854972,0.3847881690564938,0.04154923910224632,0.2379865232687127,0.477498050219348,0.3205891179328805,-0.36969328376744887,0.26311297391707794,1.0,0.1425474435493684,0.06608115456683189,0.30072924990783867,0.4002274506773923,0.2568352339173808,0.06215985825714179,0.14128435071001505,0.17845936607364227,-0.04885170462007344,-0.0945893834072906,0.29302371476052047,0.23708130880068526,0.42811798605323537,0.4417373681492715,-0.05522208205055674,-0.2792581798447825,-0.09861444503540319,0.21418821998374601,0.030239350214874047,-0.0008244860563634809,0.16701899635896453,0.21830906511248072,0.1358838537234818,0.1323064014601048,0.20267527854810055,0.444981614278347,-0.2476585370463661,0.3001368948640003,0.4522488266933177,0.5240552296807137,0.0976174338147603,0.7029891469465407,0.1889957001261887
Parietal_Inf_L,-0.0193539024274895,0.21202727917161898,-0.07861664819083836,0.8642222555512318,0.3726466656478422,0.8439059970604709,-0.17117607111746305,0.3147541523350281,0.2255929274480884,-0.08091899157754699,0.06189301492185317,0.1425474435493684,1.0,0.5086432041844655,0.19907564877568437,0.6734756659376699,0.5135463753201078,0.31501808497690464,-0.1497659059942038,0.27256415204429674,-0.01817704096579857,0.15735591420698336,0.1339515260606153,0.3396365177266892,0.5939634887274472,0.6623036163583446,0.48111752273320463,0.23709070512910846,0.22326669362529844,0.4068679683861778,0.43614791668855935,0.008981796631065308,0.6075871310061499,0.327303661430434,0.6296147814562688,-0.12744621138267817,0.36706689399323333,0.5959164894432827,0.17074227578476267,0.7216972917202074,0.24876370412374646,0.614421235940619,0.1689988480563709,0.21347588044035853,-0.1087027957581571
Calcarine_L,0.02753558839502423,0.08653069614839255,0.41913299063517145,0.477005821392591,0.27035789011538974,0.4906932763287884,0.13780520188653034,0.4416547883725257,0.5018784877624287,0.49826204374136773,0.5242688296182645,0.06608115456683189,0.5086432041844655,1.0,0.0595363923862928,0.6947480006647208,0.34374560081709266,0.22593586991639242,-0.021393991344438507,0.3916061716804302,0.27451996315354676,0.4095236774557991,0.5115683680813963,0.28337621085410764,0.6143250481001571,0.6704960415280093,0.6889382116362394,0.654132789780474,0.620294660095887,0.4358383647102815,0.5831126414579223,0.09028862402286768,0.8479700011390283,0.04145886183037605,0.6198130015733243,0.1752632426452044,0.5893124110306694,0.7397957958898878,0.5453058878990865,0.5475342562845775,0.09996661484211262,0.5034519074614029,0.0633789335661745,0.33478184743873785,0.22667401430108225
Temporal_Pole_Mid_R,-0.3685712530918076,0.046808692146240116,0.006989410616092816,0.2762669097116541,0.08619089082207278,0.29728386404054347,-0.02259887516108561,-0.018711574654041125,0.2634393766036564,-0.035752600679653454,-0.25062474316244215,0.30072924990783867,0.19907564877568437,0.0595363923862928,1.0,0.23330505470546875,-0.11255960805856621,0.07812541245464207,-0.2873633064908792,-0.4530108235661643,-0.176334446293871,0.12018891068070506,-0.1101492450096181,0.0027936652017785317,-0.04772582018736404,0.0592508263341091,0.5364275027870335,0.10408979645816017,0.16514218499169958,-0.3629025977627624,-0.19209260587066818,-0.4660082926910342,0.30611430369192383,-0.16059725893989546,-0.10285696543590069,-0.17608991181628092,0.15588744009822292,0.1451024513137334,-0.15559142386017832,0.08612903696453199,0.12463297174189508,0.1013456218024204,-0.2619691261388446,0.1294112429593623,-0.2034677302998849
Frontal_Mid_2_R,0.12490056875525235,0.23576372188988987,0.09411467115929484,0.6767731040172126,0.518973121858672,0.4187414596669717,0.004112659706099996,0.705461589396748,0.29622904204502487,-0.014610873104545972,0.4202055956018943,0.4002274506773923,0.6734756659376699,0.6947480006647208,0.23330505470546875,1.0,0.5644545313043979,0.48646777613824344,0.05022055568378867,0.3813014570093025,0.20389040071550663,0.21680080172136065,0.4319633512752767,0.5012408599915568,0.7180277572133004,0.8008578438528341,0.5388781720590957,0.23700077411661,0.22907823957345771,0.355813380182631,0.6458653241254835,0.19657918643738495,0.7178539674155269,0.4148906947168945,0.4881052280750222,0.1062688195303719,0.5974432657803596,0.8262131309707805,0.3112865173661201,0.5828616329215534,0.09433764894654699,0.591246391208614,0.30829488880635353,0.40762270051291666,0.2868357944804523
Pallidum_L,0.14872951814165608,0.1520109855917516,-0.08897667200348522,0.48166303178639486,0.49492653348704435,0.25937867755759536,0.09273077583699749,0.5082212544360799,0.21113847857925241,-0.21888539257774248,0.34799807799872196,0.2568352339173808,0.5135463753201078,0.34374560081709266,-0.11255960805856621,0.5644545313043979,1.0,0.409105079658378,0.2617397442533599,0.5163467121226875,0.2220674725310684,-0.05831944701272838,0.4174663643919401,0.4325854196738509,0.6056442577862524,0.5824961550785467,0.12944442536444015,-0.055129742056658715,0.04576411003871643,0.4038055552776826,0.4529670154566911,0.14701447344007126,0.39903734008197855,0.40677804945413315,0.400555446145066,0.14645985608504872,0.3901374928129235,0.6202425316241813,0.07571041973427049,0.46900619051219317,0.38547942066818247,0.5219038692387479,0.45883585322034726,0.33970416058194064,0.30126607211052986
Amygdala_R,0.4551167272035252,-0.12929969412096448,-0.22914680865110493,0.4225681185355388,0.23214215991885345,-0.005841941185948951,0.027594158382796236,0.3351033569282259,-0.21497295658141455,-0.04654795981741981,0.014656535115552144,0.06215985825714179,0.31501808497690464,0.22593586991639242,0.07812541245464207,0.48646777613824344,0.409105079658378,1.0,0.0679492368149192,0.1734746725361704,0.376407246369813,0.11724912013876998,0.3028635441004982,0.3870565044084639,0.1881476320788393,0.16825253404849314,0.3219815810561866,-0.1585607968886782,-0.09642340811782926,-0.11846553847728794,0.5377483037469997,0.32099750849626124,0.22740495576755854,0.24183747970841257,-0.07366306558536322,-0.03672045936497865,0.3132647977087094,0.3376858373520933,0.18006149032697777,0.10502776575917605,-0.3677567682993713,-0.007676168800585476,0.623268511882152,-0.0633845082942711,0.30652611395682006
Thal_Re_L,0.12455194293903639,0.1678945000737097,-0.03496398949300573,-0.22266957690735326,0.04495729394414476,-0.29721721682178986,0.3437723605592161,0.15131551582183111,-0.04794527881494351,0.0022896408057704945,0.2362527863227376,0.14128435071001505,-0.1497659059942038,-0.021393991344438507,-0.2873633064908792,0.05022055568378867,0.2617397442533599,0.0679492368149192,1.0,0.11536233655840233,0.027162683620784656,-0.2854180109183285,0.3286862517443646,0.18809926144597605,0.08960110487622146,0.05832003167861578,-0.3061757462571864,-0.12985917209462197,-0.14269559396555911,0.03710295447461312,0.08492862692091828,-0.024496144424423508,-0.05446819283712028,0.22243782463750625,-0.053789228097466474,0.13559569710255712,-0.18608904809966317,-0.003442187961303058,0.09234937706651263,-0.12423119124396373,0.004658701850056773,0.020238681421154116,0.3490622804467142,0.06732442549107436,0.07719793100588754
Heschl_R,0.10864659982114605,-0.03463041732726951,0.03754608107292794,0.27766215270734157,0.4586525346293089,0.10492606934703272,0.03059872625273041,0.5748440787822815,0.22615195181953957,-0.2134403450173067,0.6074351875674622,0.17845936607364227,0.27256415204429674,0.3916061716804302,-0.4530108235661643,0.3813014570093025,0.5163467121226875,0.1734746725361704,0.11536233655840233,1.0,0.401881301662713,0.1765168969308809,0.48834731408804155,0.2509221563422254,0.7262240508574619,0.567704233704651,-0.10076828213350424,-0.05324736519286625,-0.019129898567296844,0.7479546021117369,0.6088494023608154,0.4821201695592804,0.2168437633324657,0.18918603322890987,0.556582024604692,0.034524444584041865,0.3849058630043632,0.6213700851754365,0.02009336777559088,0.5246446908995018,0.24188624650494042,0.5172663515952186,0.2486706930274515,0.4841822857446123,0.38781254229382495
Temporal_Pole_Mid_L,0.0719271990928135,-0.47889823141360366,0.26173824929242756,0.044629365059846014,0.11840622562447416,-0.08394813167355007,0.16601142612536324,0.29525187209607745,-0.034438195177939744,0.01055975774458888,0.4636777452597198,-0.04885170462007344,-0.01817704096579857,0.27451996315354676,-0.176334446293871,0.20389040071550663,0.2220674725310684,0.376407246369813,0.027162683620784656,0.401881301662713,1.0,0.07433317836238905,0.351134509360915,0.09108983291129731,0.2161575564116242,0.05193162331357476,0.17969205910959746,0.09177756102010266,-0.03747509744084328,0.16921641909687232,0.341053492411971,0.08128487648821833,0.11344484405963012,-0.04365320545513535,0.16055085789220275,-0.026942339965868426,0.12311162779448571,0.26404485079447426,0.1347212166771662,0.05235347539644604,-0.1836849302678919,-0.0547148061023898,0.32538233587415205,0.06874385528746314,0.3491051675729085
SN_pr_L,0.06253619461769841,0.014516298034956125,0.2589180376531227,0.264455864872265,0.1913885513042833,0.1710018079459773,0.1004380594538425,0.2713361965942073,0.3904796938760726,0.3125824549446036,0.1636212448618907,-0.0945893834072906,0.15735591420698336,0.4095236774557991,0.12018891068070506,0.21680080172136065,-0.05831944701272838,0.11724912013876998,-0.2854180109183285,0.1765168969308809,0.07433317836238905,1.0,0.431236443580943,0.04762171287628118,0.2455446959024791,0.22513067332365624,0.3160984223393231,0.3177938569191507,0.38620935344378676,0.1357502877933197,0.5059167769080923,0.255483355438795,0.30300066661709335,-0.18216155112132337,0.1768389873831663,-0.14522549263108192,0.6057176458924123,0.2917318802766894,0.23229404646435878,0.2301963196283809,-0.17658599840099706,0.08855748300239699,-0.3501208498797201,0.26864519388490055,-0.0787857839076765
Insula_L,-0.025806391092360288,0.12311688587082575,0.3067890597948304,0.13991409958919504,0.444557291359411,0.0285319447639759,0.43587041695302514,0.615845256578526,0.4011835975747726,0.17148432694405563,0.5954709179220684,0.29302371476052047,0.1339515260606153,0.5115683680813963,-0.1101492450096181,0.4319633512752767,0.4174663643919401,0.3028635441004982,0.3286862517443646,0.48834731408804155,0.351134509360915,0.431236443580943,1.0,0.2004036669041935,0.5722261280837742,0.5059283262791545,0.13205572898323797,0.21945608390772053,0.27587131144644567,0.44969026316647964,0.6545846738834992,0.1615027576273579,0.4141489297081994,0.17698841398625811,0.3654416047443176,-0.040652230717575004,0.44579448726871956,0.5459990073128884,0.32665379130400796,0.22046454089528994,0.053106667845153444,0.3312549348955393,0.15311596340123645,0.5521509367956193,0.20006685816664496
Thal_AV_L,0.23537678080979388,0.02822969806758532,-0.22190209065170668,0.42050339573145556,0.3032863055017718,0.07263029221951012,0.1331524207727439,0.38172832995393485,0.05210222044570263,-0.12329980171835722,0.12239136178674173,0.23708130880068526,0.3396365177266892,0.28337621085410764,0.0027936652017785317,0.5012408599915568,0.4325854196738509,0.3870565044084639,0.18809926144597605,0.2509221563422254,0.09108983291129731,0.04762171287628118,0.2004036669041935,1.0,0.40971103387388613,0.35545142567528626,0.2133855512075099,-0.15466222747499633,-0.07470129551080175,0.12305249904806964,0.3510218048795724,0.22317240072224034,0.22404385833122736,0.19577951889824233,0.0921349622156149,0.07141316635847551,0.3512847942651292,0.45490946710275776,0.0015114340073046192,0.4092652318058794,0.04444268868995981,0.38108563945097335,0.26670574902170135,0.25784677781964527,0.28834426501810934
Frontal_Sup_2_L,-0.1154237455078629,0.24240228080182102,0.21363896638566712,0.4858135691647094,0.6271103148399451,0.43488866363882694,0.08754224607120037,0.7392992281803232,0.511915170664605,-0.14041420446545613,0.6733120764594642,0.42811798605323537,0.5939634887274472,0.6143250481001571,-0.04772582018736404,0.7180277572133004,0.6056442577862524,0.1881476320788393,0.08960110487622146,0.7262240508574619,0.2161575564116242,0.2455446959024791,0.5722261280837742,0.40971103387388613,1.0,0.9052716320397104,0.22667668225340862,0.16450422833300835,0.25442030706514185,0.7886903579635091,0.571777412282006,0.21974077462990804,0.5548098052048613,0.28897170764979185,0.7331864758019412,0.20488438066158565,0.5442515749261171,0.8389855564308563,0.09697067431289765,0.7542761578132314,0.44728991854010425,0.8162850521360964,0.1225615308202493,0.6820401314268896,0.3429202016809549
Frontal_Sup_2_R,-0.10621432654664531,0.43856906585524513,0.2520942181442793,0.5227501166351486,0.5724140433889541,0.528081449951475,-0.018007009138357975,0.7304303411512953,0.5004266515861013,-0.024589277032717308,0.5709189221452184,0.4417373681492715,0.6623036163583446,0.6704960415280093,0.0592508263341091,0.8008578438528341,0.5824961550785467,0.16825253404849314,0.05832003167861578,0.567704233704651,0.05193162331357476,0.22513067332365624,0.5059283262791545,0.35545142567528626,0.9052716320397104,1.0,0.303795771571998,0.2755879813049506,0.390051540126817,0.7154802665380808,0.543950520005054,0.18900926773555637,0.6733166388282441,0.39477008163459665,0.7111666804716159,0.22889101439972503,0.5815319287350125,0.8013346296399678,0.27793770935564144,0.7166006519015039,0.4444662555843286,0.8160454520255124,0.11351166117164656,0.5736492706002112,0.18530034575282622
Temporal_Mid_R,-0.0492459120941838,-0.191729965675231,0.18925976823815904,0.5199305712308067,0.03227206277010433,0.5328178645015818,0.08033296130976315,0.11759263919323365,0.34975523565200856,0.4120373479065628,0.03618328133716737,-0.05522208205055674,0.48111752273320463,0.6889382116362394,0.5364275027870335,0.5388781720590957,0.12944442536444015,0.3219815810561866,-0.3061757462571864,-0.10076828213350424,0.17969205910959746,0.3160984223393231,0.13205572898323797,0.2133855512075099,0.22667668225340862,0.303795771571998,1.0,0.539460854466363,0.46595097734672586,-0.08733213831142125,0.27044115023571647,-0.19725722199124326,0.7130970647617976,-0.22064415296161172,0.2694866066396569,-0.005236461695467474,0.45104195197470176,0.48699278682321817,0.26990420030984413,0.3738204961832143,-0.06920553524022041,0.22265148311045213,-0.03372157180276959,0.053725929789669294,0.09193284852209492
Occipital_Inf_L,-0.18943572267292064,0.10447426279159666,0.6888820917813685,0.07430817475987384,-0.09665500615266397,0.42066733078976426,0.024380295302780446,0.01591785630929103,0.40350371098574056,0.6816658304281816,0.35676519711987165,-0.2792581798447825,0.23709070512910846,0.654132789780474,0.10408979645816017,0.23700077411661,-0.055129742056658715,-0.1585607968886782,-0.12985917209462197,-0.05324736519286625,0.09177756102010266,0.3177938569191507,0.21945608390772053,-0.15466222747499633,0.16450422833300835,0.2755879813049506,0.539460854466363,1.0,0.7716279707348871,0.1914189592354554,0.18565427455176933,-0.17298519525707207,0.6018689735682596,-0.0479634386391621,0.4694520076246352,0.18367145523208397,0.2861453060310453,0.21957465117982566,0.6606049836707243,0.19341642544016066,0.017084241848196777,0.10293329576035938,-0.25584808395622494,-0.003912987671170719,-0.13441177300331764
Cerebellum_6_L,-0.2411568728280741,0.3589835607746262,0.6511260683425857,0.08462472978584962,0.08698148031331777,0.3728298790567236,-0.07362419314740466,0.0969456868543463,0.46556744169416137,0.6821072951961729,0.3063930680961848,-0.09861444503540319,0.22326669362529844,0.620294660095887,0.16514218499169958,0.22907823957345771,0.04576411003871643,-0.09642340811782926,-0.14269559396555911,-0.019129898567296844,-0.03747509744084328,0.38620935344378676,0.27587131144644567,-0.07470129551080175,0.25442030706514185,0.390051540126817,0.46595097734672586,0.7716279707348871,1.0,0.2434373774702649,0.16715344968505147,-0.13575805109407463,0.6790607657299943,0.050687093962582856,0.3457484104276921,0.3022569749275038,0.4266017385600915,0.2678588901224093,0.6734124459648423,0.27151790691310296,0.2010313824272171,0.2800077918124331,-0.221339642503006,0.06828884735492635,-0.1882877705068502
Parietal_Inf_R,-0.15204128666700356,0.2786109560516791,0.3300644474806259,0.17180714212743925,0.4095361510926395,0.3832715970698019,-0.07799489606316379,0.5314582100925275,0.3885327604487344,-0.11798647682479159,0.6408480685707156,0.21418821998374601,0.4068679683861778,0.4358383647102815,-0.3629025977627624,0.355813380182631,0.4038055552776826,-0.11846553847728794,0.03710295447461312,0.7479546021117369,0.16921641909687232,0.1357502877933197,0.44969026316647964,0.12305249904806964,0.7886903579635091,0.7154802665380808,-0.08733213831142125,0.1914189592354554,0.2434373774702649,1.0,0.39152701846619725,0.22350059296700844,0.310094002568142,0.2532592523904045,0.80915632836003,0.16329208567049508,0.2791685564764796,0.5324159931066771,0.14020768592525937,0.5544223282778676,0.4854501258787443,0.6550049648810362,0.06487233005915889,0.5072692750278484,0.20614721303965877
Rolandic_Oper_L,0.3840241794369385,0.030925766912107827,0.05277898807549352,0.5021989609111985,0.41421778430891465,0.16952314648004052,0.04350464628327748,0.6254248094666748,0.07853884052200938,0.11637214051895758,0.4038382820562805,0.030239350214874047,0.43614791668855935,0.5831126414579223,-0.19209260587066818,0.6458653241254835,0.4529670154566911,0.5377483037469997,0.08492862692091828,0.6088494023608154,0.341053492411971,0.5059167769080923,0.6545846738834992,0.3510218048795724,0.571777412282006,0.543950520005054,0.27044115023571647,0.18565427455176933,0.16715344968505147,0.39152701846619725,1.0,0.5568411458386656,0.4314450439987499,0.2929107172301549,0.3566769158002178,-0.09896063856560824,0.586543724984874,0.5930084302031342,0.38113711185294813,0.35238531725520417,-0.2605043791664633,0.2658128630731117,0.35841014622016715,0.24603025499637182,0.23961121645416913
Thal_MDl_R,0.5976056666244569,0.02620332656657506,-0.20599963894691836,0.10386052264403997,0.07025173361137488,-0.21000891751472475,-0.15760446704893205,0.3786634223195141,-0.2868633636554265,-0.07045066578475391,0.1734741672854232,-0.0008244860563634809,0.008981796631065308,0.09028862402286768,-0.4660082926910342,0.19657918643738495,0.14701447344007126,0.32099750849626124,-0.024496144424423508,0.4821201695592804,0.08128487648821833,0.255483355438795,0.1615027576273579,0.22317240072224034,0.21974077462990804,0.18900926773555637,-0.19725722199124326,-0.17298519525707207,-0.13575805109407463,0.22350059296700844,0.5568411458386656,1.0,-0.15191509328534927,0.19897016617441005,0.010880566361058957,0.16827793225673338,0.4501875728486454,0.1433493825987467,0.13374983565585413,0.1320650113157034,-0.32641832321206526,0.0012882892856700722,0.3070378380995583,0.030497491613708124,0.27890290099178755
Lingual_R,-0.1416928812906868,0.2255270966388942,0.34437995087609513,0.5850102875295912,0.35852747692959736,0.6071576776207799,0.062177649874133996,0.35868023924093206,0.5515330139844026,0.4291730375775163,0.3373141698685041,0.16701899635896453,0.6075871310061499,0.8479700011390283,0.30611430369192383,0.7178539674155269,0.39903734008197855,0.22740495576755854,-0.05446819283712028,0.2168437633324657,0.11344484405963012,0.30300066661709335,0.4141489297081994,0.22404385833122736,0.5548098052048613,0.6733166388282441,0.7130970647617976,0.6018689735682596,0.6790607657299943,0.310094002568142,0.4314450439987499,-0.15191509328534927,1.0,0.19456568193016752,0.5371239822823386,0.0916437318730585,0.536901612610973,0.7344952594841149,0.5430168903066759,0.5709453820863779,0.2119202059483095,0.5711907085321469,0.04399883753555064,0.29869386034351036,-0.01172354848774672
Cerebellum_7b_L,0.07222305270874818,0.4988837565939009,-0.05169897669683626,0.24135093830286292,0.38940604320819305,0.08211998210316006,-0.2395066269618672,0.35374207885187625,-0.1608379617163631,-0.2271320466914062,0.1126365650453173,0.21830906511248072,0.327303661430434,0.04145886183037605,-0.16059725893989546,0.4148906947168945,0.40677804945413315,0.24183747970841257,0.22243782463750625,0.18918603322890987,-0.04365320545513535,-0.18216155112132337,0.17698841398625811,0.19577951889824233,0.28897170764979185,0.39477008163459665,-0.22064415296161172,-0.0479634386391621,0.050687093962582856,0.2532592523904045,0.2929107172301549,0.19897016617441005,0.19456568193016752,1.0,0.1673692876304996,0.0014414984816625187,0.1037597689040268,0.17537015208379186,0.399361773342609,0.1450195276563625,0.09381673268191087,0.2471975961856396,0.3519039863531776,0.01730384113591772,-0.070301770190978
Cuneus_R,-0.22146965570378657,0.16632830867946918,0.3618542253358959,0.416039818164234,0.28338484819001336,0.6800460758106577,-0.02670453196469993,0.41452290155757354,0.5398306359617915,0.0048592024908946825,0.5587693646621423,0.1358838537234818,0.6296147814562688,0.6198130015733243,-0.10285696543590069,0.4881052280750222,0.400555446145066,-0.07366306558536322,-0.053789228097466474,0.556582024604692,0.16055085789220275,0.1768389873831663,0.3654416047443176,0.0921349622156149,0.7331864758019412,0.7111666804716159,0.2694866066396569,0.4694520076246352,0.3457484104276921,0.80915632836003,0.3566769158002178,0.010880566361058957,0.5371239822823386,0.1673692876304996,1.0,0.07643087975184455,0.356551614021083,0.6249463194546643,0.22665184857202744,0.6785244916639214,0.4897446555195505,0.6702348431429815,-0.033210325920635116,0.46338877249757066,0.09107562040478799
Thal_LP_R,0.09695284519938671,0.20475881776733995,0.40179360105568895,-0.3188669564352974,0.006062171997669725,-0.11963711515422334,0.03983309950453528,0.2002875889217596,0.17245124226972672,0.19894954128259476,0.43006871050919443,0.1323064014601048,-0.12744621138267817,0.1752632426452044,-0.17608991181628092,0.1062688195303719,0.14645985608504872,-0.03672045936497865,0.13559569710255712,0.034524444584041865,-0.026942339965868426,-0.14522549263108192,-0.040652230717575004,0.07141316635847551,0.20488438066158565,0.22889101439972503,-0.005236461695467474,0.18367145523208397,0.3022569749275038,0.16329208567049508,-0.09896063856560824,0.16827793225673338,0.0916437318730585,0.0014414984816625187,0.07643087975184455,1.0,0.14324564382619806,0.09831961678103789,0.18096488000040714,0.032778216503496174,0.2202067783663786,0.11381293174653986,0.10464498357399185,0.04967754561152364,0.38968978375132424
Thal_VL_L,0.11921167596823977,0.14987019278972905,0.1698033332301698,0.4808259495692502,0.34421726966941346,0.2796847223450775,0.025502083364486425,0.5906105343699998,0.41135939489289003,0.18460338222337763,0.37489176472864777,0.20267527854810055,0.36706689399323333,0.5893124110306694,0.15588744009822292,0.5974432657803596,0.3901374928129235,0.3132647977087094,-0.18608904809966317,0.3849058630043632,0.12311162779448571,0.6057176458924123,0.44579448726871956,0.3512847942651292,0.5442515749261171,0.5815319287350125,0.45104195197470176,0.2861453060310453,0.4266017385600915,0.2791685564764796,0.586543724984874,0.4501875728486454,0.536901612610973,0.1037597689040268,0.356551614021083,0.14324564382619806,1.0,0.6380386129005483,0.3053401262865471,0.5343197847936579,0.1208941921324618,0.43993422659702347,-0.07569778445016913,0.4121284272047047,0.13938532325132366
Cerebellum_4_5_L,-0.046814028415928036,0.06860923940740293,0.1044405156787636,0.65508391062092,0.5857394228057128,0.43479786541242565,0.19071736388344998,0.6590291977511931,0.5582231438947174,-0.027596492965253062,0.5678914402946759,0.444981614278347,0.5959164894432827,0.7397957958898878,0.1451024513137334,0.8262131309707805,0.6202425316241813,0.3376858373520933,-0.003442187961303058,0.6213700851754365,0.26404485079447426,0.2917318802766894,0.5459990073128884,0.45490946710275776,0.8389855564308563,0.8013346296399678,0.48699278682321817,0.21957465117982566,0.2678588901224093,0.5324159931066771,0.5930084302031342,0.1433493825987467,0.7344952594841149,0.17537015208379186,0.6249463194546643,0.09831961678103789,0.6380386129005483,1.0,0.14376073132103312,0.7645848129401458,0.3677285849958767,0.7608772128487984,0.14513930496682903,0.6858478012904342,0.3767700374984581
Cerebellum_8_L,0.19571151024493522,0.2803704271949329,0.4954040233607175,0.0804859763358223,0.005943987776129874,0.1898035687362681,-0.07419761337661948,0.1980666008887882,0.0440873259787379,0.6497565241637885,0.28110116893569026,-0.2476585370463661,0.17074227578476267,0.5453058878990865,-0.15559142386017832,0.3112865173661201,0.07571041973427049,0.18006149032697777,0.09234937706651263,0.02009336777559088,0.1347212166771662,0.23229404646435878,0.32665379130400796,0.0015114340073046192,0.09697067431289765,0.27793770935564144,0.26990420030984413,0.6606049836707243,0.6734124459648423,0.14020768592525937,0.38113711185294813,0.13374983565585413,0.5430168903066759,0.399361773342609,0.22665184857202744,0.18096488000040714,0.3053401262865471,0.14376073132103312,1.0,0.03729793008893331,-0.22668344499127135,0.008614046469609197,0.14232626944224788,-0.21605342126227256,-0.17157964270785916
Paracentral_Lobule_R,-0.16192069139992557,0.11178906864931094,-0.01970076089160682,0.7162263482569957,0.4163413156500295,0.6379666141208602,-0.035547358486356914,0.37302025015972134,0.4874123123641815,-0.07321030266619474,0.3164400587233631,0.3001368948640003,0.7216972917202074,0.5475342562845775,0.08612903696453199,0.5828616329215534,0.46900619051219317,0.10502776575917605,-0.12423119124396373,0.5246446908995018,0.05235347539644604,0.2301963196283809,0.22046454089528994,0.4092652318058794,0.7542761578132314,0.7166006519015039,0.3738204961832143,0.19341642544016066,0.27151790691310296,0.5544223282778676,0.35238531725520417,0.1320650113157034,0.5709453820863779,0.1450195276563625,0.6785244916639214,0.032778216503496174,0.5343197847936579,0.7645848129401458,0.03729793008893331,1.0,0.4958047359059802,0.8564802023509217,-0.08007719685162322,0.5589936605435918,0.07855572465200612
Thal_PuA_R,-0.5366858939714512,0.3205134071014786,0.10753750958383042,0.10731924450435612,0.2927514626561505,0.3454090859358512,0.01819427378368733,0.14842995860392982,0.6003454516037696,-0.26222222135157214,0.2597081232508629,0.4522488266933177,0.24876370412374646,0.09996661484211262,0.12463297174189508,0.09433764894654699,0.38547942066818247,-0.3677567682993713,0.004658701850056773,0.24188624650494042,-0.1836849302678919,-0.17658599840099706,0.053106667845153444,0.04444268868995981,0.44728991854010425,0.4444662555843286,-0.06920553524022041,0.017084241848196777,0.2010313824272171,0.4854501258787443,-0.2605043791664633,-0.32641832321206526,0.2119202059483095,0.09381673268191087,0.4897446555195505,0.2202067783663786,0.1208941921324618,0.3677285849958767,-0.22668344499127135,0.4958047359059802,1.0,0.673097097816505,-0.2843668740445865,0.5672525465373275,0.024240393001993963
Supp_Motor_Area_R,-0.3166931685984749,0.3106715909493994,0.013259056360208486,0.566349840904476,0.5470482808330948,0.5351235614000892,0.024575870461340955,0.44765014544744186,0.5395446020122897,-0.1300130796541459,0.37614826871397145,0.5240552296807137,0.614421235940619,0.5034519074614029,0.1013456218024204,0.591246391208614,0.5219038692387479,-0.007676168800585476,0.020238681421154116,0.5172663515952186,-0.0547148061023898,0.08855748300239699,0.3312549348955393,0.38108563945097335,0.8162850521360964,0.8160454520255124,0.22265148311045213,0.10293329576035938,0.2800077918124331,0.6550049648810362,0.2658128630731117,0.0012882892856700722,0.5711907085321469,0.2471975961856396,0.6702348431429815,0.11381293174653986,0.43993422659702347,0.7608772128487984,0.008614046469609197,0.8564802023509217,0.673097097816505,1.0,-0.047290136507481685,0.6862427457806329,0.12013663204626054
ParaHippocampal_R,0.4798194360056618,-0.049439256585942594,-0.2589240870740541,0.14871018103197084,0.08493484968264363,-0.0962407329457745,0.036044790665401054,0.27843297552069535,-0.4616696577927445,-0.12341509999768253,0.10144833259474553,0.0976174338147603,0.1689988480563709,0.0633789335661745,-0.2619691261388446,0.30829488880635353,0.45883585322034726,0.623268511882152,0.3490622804467142,0.2486706930274515,0.32538233587415205,-0.3501208498797201,0.15311596340123645,0.26670574902170135,0.1225615308202493,0.11351166117164656,-0.03372157180276959,-0.25584808395622494,-0.221339642503006,0.06487233005915889,0.35841014622016715,0.3070378380995583,0.04399883753555064,0.3519039863531776,-0.033210325920635116,0.10464498357399185,-0.07569778445016913,0.14513930496682903,0.14232626944224788,-0.08007719685162322,-0.2843668740445865,-0.047290136507481685,1.0,-0.20318118089988413,0.3438929737232147
Frontal_Inf_Orb_2_L,-0.3477132202423485,0.12718338126785442,0.05483813099243642,0.273220325731567,0.5034702906269091,0.1669965425447915,0.39253489921887086,0.5363811026027994,0.6465462797616164,-0.22371700356920604,0.5121833724446769,0.7029891469465407,0.21347588044035853,0.33478184743873785,0.1294112429593623,0.40762270051291666,0.33970416058194064,-0.0633845082942711,0.06732442549107436,0.4841822857446123,0.06874385528746314,0.26864519388490055,0.5521509367956193,0.25784677781964527,0.6820401314268896,0.5736492706002112,0.053725929789669294,-0.003912987671170719,0.06828884735492635,0.5072692750278484,0.24603025499637182,0.030497491613708124,0.29869386034351036,0.01730384113591772,0.46338877249757066,0.04967754561152364,0.4121284272047047,0.6858478012904342,-0.21605342126227256,0.5589936605435918,0.5672525465373275,0.6862427457806329,-0.20318118089988413,1.0,0.2746544641420561
