,Thal_Re_L,Thal_PuI_R,ACC_pre_L,Raphe_D,Cingulate_Post_R,Temporal_Pole_Mid_L,Red_N_R,Occipital_Sup_R,Thal_PuL_R,Cerebellum_3_L,Vermis_8,Temporal_Mid_L,Frontal_Sup_2_L,Cuneus_R,Frontal_Sup_2_R,Precentral_L,Vermis_1_2,Pallidum_L,OFCant_R,SN_pr_R,Parietal_Inf_R,Temporal_Inf_R,Paracentral_Lobule_R,Cerebellum_10_R,ACC_sup_L,Postcentral_R,Frontal_Inf_Orb_2_L,Caudate_R,Olfactory_L,VTA_L,OFCpost_L,Hippocampus_L,SN_pc_L,Cingulate_Post_L,Thal_VA_R,Amygdala_R,Vermis_7,Amygdala_L,Cerebellum_Crus1_L,Frontal_Mid_2_L,Cerebellum_9_L,Parietal_Inf_L,Calcarine_L,Cerebellum_7b_L,Cerebellum_3_R,Vermis_10,OFCant_L,Temporal_Mid_R,Frontal_Inf_Oper_L,Red_N_L,Cerebellum_4_5_R,Raphe_M,Vermis_9,Heschl_L,Postcentral_L,Occipital_Inf_R,Cerebellum_8_R,Frontal_Med_Orb_L,Thal_AV_L,Rectus_R
Thal_Re_L,1.0,0.07052267028854432,0.5184549145116035,-0.21143423268528141,0.20047513748897813,-0.12248231995349997,0.5099868640959212,-0.3830616686751436,-0.41885950589200516,0.5105309154859048,0.03338667128170132,-0.15546241329405436,0.2815500853187128,-0.3062292030647706,0.37887219011419343,-0.1184557767705748,0.555878696509828,-0.1597818307441677,0.4029423855666337,0.6027608373750777,-0.24427301685640004,-0.032050024455594475,-0.1190153141404948,0.4853169963766784,0.31425316176211565,-0.10237373540696579,0.5421155048453209,0.5584694360610707,0.5479177021251717,0.4694879483994139,0.5191788992814559,0.6008734945505438,0.4202645187697462,0.29645830410708346,0.35324552347929405,0.5618877589191075,-0.14548038315118225,0.29009926939772307,-0.02284270538550145,0.19224798750707459,0.20944363887816767,-0.2031574298181241,-0.15395675953119253,-0.3170227468244187,0.28358325584755645,-0.10535653054804711,0.38522847881266503,-0.09425150650267818,0.39729546925736975,0.1961331288677953,0.14827212111591961,0.2155112688756209,-0.2247684122670359,0.29551841631081616,-0.1123015269446168,-0.30519930202481066,0.1308216139496704,0.19288947270481016,0.4148658477229526,0.307379158056314
Thal_PuI_R,0.07052267028854432,1.0,0.09472867897324942,0.1807163134204315,0.12926158322359457,0.12037012906896646,0.3209703226754032,0.3241640307436477,-0.002034686524614854,0.2561686777474808,0.03308684391977792,-0.08446949760993809,0.3488665851056294,0.5856968560123001,0.41322697888675264,0.3772018160767467,0.0791680281593721,0.2084763261231226,-0.05841470396266142,-0.016961817563424634,0.3374400636501513,0.3455492268443613,0.4229636975874575,0.32116504430692405,0.3750379867533252,0.37942394278253827,-0.021195240105844844,0.33454737047220234,-0.12134952446711034,-0.20871900467589902,-0.10253779610126536,0.1418829878059705,0.36266554890165825,0.2800819506639698,0.26655210083483316,-0.07053621789131573,-0.17035661203932198,-0.21247231984318476,0.1332350825414757,0.3111628238751596,0.3175653011933223,0.3394553540023144,0.42566143435594495,-0.020736017012924116,0.44556862053060636,0.17495585658537313,-0.0598275676066796,0.44934241547896303,0.0030120365710776626,0.33979339017895394,0.3014159906157501,0.23994387808344989,-0.047934108829206776,0.18759145904001054,0.34108610297972697,0.15724939504644445,0.09062576575869342,-0.24814109651641744,0.19133895698984443,0.22723091898337194
ACC_pre_L,0.5184549145116035,0.09472867897324942,1.0,-0.3254145386292345,0.2907577110542926,-0.2643227063864551,0.344872896772788,-0.237437329574018,-0.23456023157252912,0.3588860089945174,0.023392810293380133,-0.29481099617263634,0.11793178234040119,-0.29211831471761995,0.46336075732196064,-0.0891372141534048,0.48042440796539265,-0.23253615153222162,0.6278053255448587,0.5887455540053549,-0.21236722881652906,-0.07583770826539803,-0.13151374100017152,0.6514325826695683,0.3385744563465429,-0.15603346869701573,0.6969117781003465,0.7227205421642804,0.5197775935677236,0.30025806943514016,0.6445562561014021,0.5855883679360548,0.2140737701406148,0.3414066416034263,0.474081772491255,0.3910678483631596,-0.032018484915511,0.22734751214728102,-0.308850984112434,0.2083327859586942,0.20866742663770255,-0.07140761311556776,-0.154154538321877,-0.22776205191760532,0.2748148643143468,-0.3352669989042851,0.6584654410069524,-0.0032397046812088835,0.32372111395602376,0.06257502512032503,-0.07405154911792726,0.25042684910414675,-0.40667191722289925,0.20976047782253532,0.09277771373717834,-0.3258363749285588,-0.2672193738828139,0.2834979381667587,0.44689321225866147,0.3597071875918353
Raphe_D,-0.21143423268528141,0.1807163134204315,-0.3254145386292345,1.0,-0.13880591184727903,-0.12139828950758828,0.15806633333842116,0.08958740816430301,0.10809390145016526,0.07447919484237758,-0.10868860221814633,0.4849697994682462,0.12994038196078603,0.3830475409906236,-0.06775833519166728,-0.06734898522319922,-0.12315224671211182,-0.02564366647849473,-0.14902103088669832,-0.29197400852990474,0.07738395096694162,0.3335471401128105,0.1755360878102011,-0.3235489944622695,-0.07022883301915903,0.1551684348107363,-0.12133015042727008,-0.038688240988799714,0.02642877765304074,-0.2327407056365674,-0.08983822285827682,-0.0703163630887426,0.3405601938453213,-0.19731600050937373,-0.3499118451040865,0.054120398756769494,0.14952103555509627,0.2401106664453244,0.5515234557205292,-0.1180070826169339,0.3431041134230268,-0.0573942391175746,0.3570588995192537,0.127760237226044,0.13739414790012636,0.5978929593093631,-0.26573347151918963,0.26161127741858986,0.17916281565919978,0.3263671948523828,0.5094433044272323,0.015006775982701316,0.5700003019336324,0.027852030492357478,-0.19413356159079675,0.36357829912206874,0.4637628991121648,-0.04863183027899472,0.07651189131807665,-0.1417958081745529
Cingulate_Post_R,0.20047513748897813,0.12926158322359457,0.2907577110542926,-0.13880591184727903,1.0,0.044643677382781646,0.11202071943453598,0.023851307094765378,0.14711068694784035,0.32894234689751806,0.2116510150883271,-0.042157947025020834,0.24972599230026973,-0.06578506627807286,0.3807394279159697,0.18402876581161173,0.38656500637528046,0.20702627402650767,0.15542102874454755,0.4338767548131203,0.19542944820415212,-0.026889019698583906,0.21841477097649978,0.32217960461045114,0.4720260250117656,0.18296534679311266,0.4105766250237759,0.33701974385131944,0.1347262254543646,0.17675922179284476,0.18503845766633747,0.34618756455404587,0.20860822832926426,0.8376487814405513,0.43566463822887735,0.05195374351997143,-0.22760516206656292,-0.02278840085900537,-0.09138472104489415,0.5300783339773123,0.03980578910662966,0.1735613927692385,0.1777950048569736,0.0080926574014122,0.37761946550579495,-0.098420737463352,0.3380256955159543,0.039480360944851994,0.27543163309074353,0.1299494581477672,0.09339311947548663,0.2782861181376557,-0.22306082109745698,0.2097309839337975,0.19815084954609405,-0.05291838616772772,0.017821173919994288,0.17444188394744842,0.24397687994939615,0.21855227346943967
Temporal_Pole_Mid_L,-0.12248231995349997,0.12037012906896646,-0.2643227063864551,-0.12139828950758828,0.044643677382781646,1.0,-0.1608112182087667,0.2803849583748574,0.2549510939094764,-0.00845909769823653,0.16097528934199978,-0.05796637021507831,0.00770307705138755,0.22804190310121078,0.13725412054635766,0.22936445363424834,-0.008829998938394083,0.1326374926664566,-0.19094709010754257,-0.1326486193021723,0.32294647829854817,-0.1097335522872851,0.18505530364875286,0.06234247945804966,0.0567375654041477,0.1708148717037369,-0.23230431817783703,-0.14498016068908787,-0.3236759386116647,-0.076801793096055,-0.5105708752217232,-0.11626557692862216,-0.20997303799368758,0.128110533901832,0.10907335696311089,-0.2766664533776166,-0.1777195633463041,-0.23062130237383874,0.04715493069786767,0.06365578915076196,0.07013529531235808,0.29542945419703687,0.050313036626931054,0.10334387141715817,-0.048179985159141056,0.0033023184943663016,-0.3925920449911066,-0.09004034480819337,-0.1635818841717963,-0.06512537581276406,-0.1164964007708657,0.037325596348775254,-0.08459724490601588,-0.09593358534891583,0.16390906954473,-0.08844472615783654,-0.0501343967513059,-0.10348386363622034,-0.05677303387752262,0.09897701101502544
Red_N_R,0.5099868640959212,0.3209703226754032,0.344872896772788,0.15806633333842116,0.11202071943453598,-0.1608112182087667,1.0,-0.25980846566947674,-0.3945541128659448,0.43066383045607276,0.12111052147199912,-0.16344128428981483,0.22596547157238453,-0.0185757680067979,0.31393269360802695,-0.038318005147000525,0.29307958011409563,-0.09589627353249736,0.06489482410061644,0.3312033879077642,-0.12376634022799753,-0.024942509948105176,0.0026249599468943087,0.47531228409017384,0.1368970670091421,-0.004339617086925695,0.3647128361527177,0.5748614924811335,0.4155626744898099,0.2878014177520676,0.2740088585795582,0.4754683209838516,0.600223121571558,0.17112857641137647,-0.01482910035989934,0.2953840269911502,-0.026878041773148786,0.11196909187455123,0.16524603676236344,0.15964188136344218,0.16412716551090994,-0.1298973461995692,-0.06138721070881568,-0.2643151193977997,0.39992254706083513,-0.012526687645980153,0.20458225543422265,-0.022689387032680877,0.155312858565551,0.6174158714859463,0.10375938963708663,0.23340437531450503,-0.1954535642974856,0.21974343918323438,-0.10030145799935103,-0.18020071208456684,0.04949393221967658,-0.0007937801425326746,0.19179031832908255,0.3331390939758981
Occipital_Sup_R,-0.3830616686751436,0.3241640307436477,-0.237437329574018,0.08958740816430301,0.023851307094765378,0.2803849583748574,-0.25980846566947674,1.0,0.5201949001168559,-0.028465225687864554,-0.08512820605508296,0.08004867570137528,0.23434224662400222,0.743687219946527,0.28127692080287037,0.5145669572647754,-0.23076202255872338,0.6060985844568043,-0.2086607294781105,-0.19536447836479287,0.73471739045745,0.2734653437023998,0.5764901752326264,-0.16644001359861782,0.2735273594910031,0.5764978110828644,-0.37402168553604354,-0.10004804226258925,-0.21663023764637712,-0.18841890534259811,-0.3618935577349998,-0.20340033743064637,-0.16232441725384156,0.17291233896174368,0.14737488916281807,-0.3358522802897904,0.01382573694572354,-0.32449529609521316,0.01651024742777314,0.07828223038023092,0.1943832571965331,0.6971407823480226,0.6918344104096693,0.4058425189921903,0.3071817149765121,0.26143174213229625,-0.2626703133811323,0.6175531274277758,-0.17709432354113935,0.05594932149452397,0.2361591193166613,0.05135022582621178,0.10977569435080495,0.1575808017805783,0.5197019813688429,0.2893113203861395,0.07663829878541831,-0.15908445304434055,-0.07792316579615645,-0.1214312392136848
Thal_PuL_R,-0.41885950589200516,-0.002034686524614854,-0.23456023157252912,0.10809390145016526,0.14711068694784035,0.2549510939094764,-0.3945541128659448,0.5201949001168559,1.0,-0.0046454286233482325,0.20715045911831692,0.08448608913954486,0.10136962527442427,0.31133319671005644,0.11028352172181785,0.4246211577947088,-0.2116301427061826,0.49849842859365917,-0.15558831772339127,-0.1726899235636264,0.5410542543271686,0.07906229919148922,0.38575798524818605,-0.052946129363938985,0.2366783808723552,0.3760022480941116,-0.2933302680964903,-0.2074985015035752,-0.191798273058748,-0.2957305687883424,-0.3321603244698662,-0.2588569767249186,-0.19497192137093283,0.1641046560341551,-0.021510355955372096,-0.3405272154717226,-0.13322026835188483,-0.3425408160857488,-0.15943444085146016,0.21810402783932056,0.015156718457538838,0.545966309226121,0.3556479183091037,0.4612627296189725,0.2542965737720584,0.0524930347724768,-0.12150914747313275,0.21756165461193078,-0.13924870052449534,-0.030211644139054115,0.1228691703637651,0.09634203582513187,-0.08247442481694622,-0.11042252668929044,0.4286728244616939,0.1853186978418774,-0.014002216745272923,-0.023111291712804606,-0.05071876411854907,-0.32510597917308626
Cerebellum_3_L,0.5105309154859048,0.2561686777474808,0.3588860089945174,0.07447919484237758,0.32894234689751806,-0.00845909769823653,0.43066383045607276,-0.028465225687864554,-0.0046454286233482325,1.0,0.09930934236331779,0.13256702247501911,0.6355140040145951,-0.043419638007002576,0.6542098598331341,0.28908540938639715,0.747170677525022,0.30614225960900443,0.3202569803716437,0.6235513891976019,0.1753385149907735,0.10953280693447118,0.424813788389923,0.4210296331061487,0.6248564176299412,0.47229535546754897,0.4141638434361325,0.6016988596059535,0.47595228707231774,0.47551773674359915,0.21719564577589573,0.6744064819976489,0.47077538045854156,0.5096836678734529,0.4539227410881337,0.33992300187097607,-0.19187600178952122,0.18848862323722035,-0.03777803542219368,0.45489816890220647,0.46144182088944397,0.11443840885332732,0.32959251796433753,-0.03957679030239202,0.6774561673773792,0.1117801191491881,0.11128848153714496,0.2307868538517702,0.5074428932252879,0.4493956580572687,0.5457330275898292,0.4905042345310624,-0.07803996002552183,0.5511062943798697,0.20468725130549253,-0.09696509686775767,0.3898274578449555,0.2555754131726161,0.6583617362725355,0.24366526671912386
Vermis_8,0.03338667128170132,0.03308684391977792,0.023392810293380133,-0.10868860221814633,0.2116510150883271,0.16097528934199978,0.12111052147199912,-0.08512820605508296,0.20715045911831692,0.09930934236331779,1.0,-0.16042874405619068,-0.033815553351663905,-0.12566855465498314,0.01704099961834368,0.09774523118887625,0.06873351302352906,0.014926199716977385,0.07952245648934082,0.10055076708194828,0.07077970437569665,-0.1934538441386856,-0.02008232985842183,0.27479946368109764,0.09301733584509288,0.10705407084399186,0.10307238235950969,-0.0569087048644709,-0.03543828234828497,-0.05471552433659639,-0.010785108073963877,0.07852790390319808,0.057867508935417554,0.17072558242772565,0.071743890830949,-0.09159263636802384,-0.4106052694447287,-0.20948229862130893,-0.08314141773371847,0.23427290102956047,-0.10227885832931145,0.002666987545158914,-0.13213722814450635,0.00335268653184719,0.06615627013504044,-0.23229353053347707,0.23345830040519494,-0.20805710369600766,-0.029899830683530575,0.03235320678707438,-0.11579900126041971,0.08868244856306576,-0.284579413554696,-0.06379124960371149,0.09615111448865822,-0.19378796579797106,-0.09649386696511067,-0.008966730141326984,0.033671087823883346,-0.02199352912686394
Temporal_Mid_L,-0.15546241329405436,-0.08446949760993809,-0.29481099617263634,0.4849697994682462,-0.042157947025020834,-0.05796637021507831,-0.16344128428981483,0.08004867570137528,0.08448608913954486,0.13256702247501911,-0.16042874405619068,1.0,0.23183487804970718,0.17257894489277184,0.000958080371894928,-0.24805536886871746,0.12118873149124812,-0.05015723166951177,-0.1351157891990447,-0.10345651582332048,0.05349366072566005,0.0400384083378061,0.019536992820451463,-0.6507569914191853,0.13922474805956492,0.15442871674331207,0.24189368529627323,-0.09547705086797631,0.03767548487990344,0.013673215810518554,0.08539007130568901,0.27665731309954256,-0.03253081699296498,-0.06969283156407344,-0.08055414467796736,0.09937615037635639,0.1839001821344091,0.6777876122345092,0.5399077074122406,-0.09713470334363607,0.1860919010892357,-0.1511936919331622,0.48003258597620796,0.04761747441791666,-0.09275527497533094,0.6831460037105461,-0.23158361618921447,0.11004544904816549,0.6350543144255464,0.26504358482090934,0.5012595248857067,0.09867761908085865,0.8098213757103928,0.35736643948866076,-0.29385761466845434,0.23193408193136067,0.563212706277574,0.24637836163161309,0.0014375318616698925,-0.18657031054988532
Frontal_Sup_2_L,0.2815500853187128,0.3488665851056294,0.11793178234040119,0.12994038196078603,0.24972599230026973,0.00770307705138755,0.22596547157238453,0.23434224662400222,0.10136962527442427,0.6355140040145951,-0.033815553351663905,0.23183487804970718,1.0,0.24584746068645724,0.7617413885357406,0.39502194374569843,0.4471991667582858,0.42429185242200645,0.15595792241987955,0.3694089748929016,0.3056983387170031,0.3274050964762999,0.5183727677454921,0.15744980213638715,0.7370081597767477,0.4953219283082432,0.18825974816599705,0.40095800005142435,0.3112803481439029,0.2185763192922476,0.1452663440049442,0.45606393980797166,0.36160467270393953,0.46971518316713656,0.40422818394057214,0.29459748742740177,-0.16230500643145127,0.09477214699676247,0.21162756677918695,0.5839060346612799,0.43201316908398,0.36253243943179775,0.5535661238664153,0.06613373150700579,0.603210088600101,0.38976800132534545,-0.01659604477109948,0.464815224888492,0.42104683306775603,0.3932498577473737,0.6500859717452545,0.4574588211449783,0.14386384291936366,0.6237835402711629,0.33194109070934424,0.14592836199102208,0.5070211899205441,0.10621899429863595,0.414464455835382,0.09153003284196326
Cuneus_R,-0.3062292030647706,0.5856968560123001,-0.29211831471761995,0.3830475409906236,-0.06578506627807286,0.22804190310121078,-0.0185757680067979,0.743687219946527,0.31133319671005644,-0.043419638007002576,-0.12566855465498314,0.17257894489277184,0.24584746068645724,1.0,0.25044192270925614,0.48632584132685386,-0.23915572021923254,0.343748843971685,-0.3015731709397158,-0.4197033917966819,0.5646501103426363,0.3871136553227287,0.5142762215040915,-0.13070633167917436,0.16917257757616863,0.47385740479080646,-0.3620552248915245,-0.0539189113828298,-0.312755640027717,-0.4223075399044259,-0.3272537473916998,-0.20544940415005467,0.0742661022004877,0.029097668574834642,-0.051116636648258044,-0.2520011663381656,0.0019667087387883276,-0.24602703147134827,0.24843128396556655,0.06831038478124148,0.20380059414597584,0.607672576234273,0.635226996277299,0.24256815709391577,0.25346505270948727,0.35929932186691466,-0.31386516061047853,0.5949210661347619,-0.13774896195267708,0.12524147594897292,0.293723612925558,0.06653938199681794,0.2352265537648529,0.13632631919063196,0.4285713615882397,0.33794980853131495,0.15418261916483456,-0.33084689298260694,-0.07385501685536798,-0.07700912967648411
Frontal_Sup_2_R,0.37887219011419343,0.41322697888675264,0.46336075732196064,-0.06775833519166728,0.3807394279159697,0.13725412054635766,0.31393269360802695,0.28127692080287037,0.11028352172181785,0.6542098598331341,0.01704099961834368,0.000958080371894928,0.7617413885357406,0.25044192270925614,1.0,0.39274992205081244,0.5241290010115928,0.3288878523419819,0.3569606760441947,0.5055265315624826,0.2980041794604433,0.18954215170600047,0.4734172035546989,0.4818349622910844,0.7618670003201995,0.4124121427625136,0.3644218687158558,0.6808882824094769,0.40956892415575136,0.2750565284920059,0.23721997315661056,0.5757387778595663,0.35432521523418925,0.6075100247706884,0.5724050124410645,0.32372392799604804,-0.19217881075848506,0.08661665068970929,-0.007490323887887359,0.5276387833010503,0.4871896786855157,0.42953176509846114,0.4730708944042389,0.037116540872798115,0.6567989488068258,0.13612284315682177,0.16817024147329068,0.432866228434266,0.38976556534044254,0.3564090338124772,0.4323641417810784,0.5507868062562079,-0.13153943875634827,0.6172687106020281,0.3936952201230941,-0.05836425795506883,0.20606855953474673,0.12165043340486963,0.4722496061151523,0.26778885690874826
Precentral_L,-0.1184557767705748,0.3772018160767467,-0.0891372141534048,-0.06734898522319922,0.18402876581161173,0.22936445363424834,-0.038318005147000525,0.5145669572647754,0.4246211577947088,0.28908540938639715,0.09774523118887625,-0.24805536886871746,0.39502194374569843,0.48632584132685386,0.39274992205081244,1.0,0.00024822389286384617,0.6338276892351898,-0.1468501892110315,-0.016977894814342455,0.5256154934553116,0.2833595941046261,0.7757283421529118,0.3166586932465143,0.3885626371279272,0.5790761713006339,-0.403500620248552,0.019039155505435397,-0.2334879288079129,-0.16982836930264225,-0.41986916230798077,-0.16952343228895161,0.038481451600387885,0.3758099192656849,0.19143551629868114,-0.32026064235899504,-0.13883091200873868,-0.6042432498833049,-0.22103592229570776,0.5814350388401258,0.13076525365965092,0.818816434577659,0.39756143249494386,0.2884440243508422,0.5467554491384504,-0.12537466534055197,-0.2372821765147729,0.424666465493208,-0.3012478787152493,0.0919911985356714,0.18299121990607609,0.2928507351951783,-0.30259579796415115,0.13483595929048237,0.8894212113743352,0.24954922559364984,-0.06654698651924616,-0.31399234865494163,0.21460074016642336,0.03888951648221642
Vermis_1_2,0.555878696509828,0.0791680281593721,0.48042440796539265,-0.12315224671211182,0.38656500637528046,-0.008829998938394083,0.29307958011409563,-0.23076202255872338,-0.2116301427061826,0.747170677525022,0.06873351302352906,0.12118873149124812,0.4471991667582858,-0.23915572021923254,0.5241290010115928,0.00024822389286384617,1.0,-0.01637380387207205,0.4492657629009753,0.6948456566148592,-0.16145758576687277,0.10638467812791323,0.03696350634520171,0.40034771952952014,0.5419104283337123,0.08852522533640567,0.596873227009635,0.5846419965525953,0.5251515598854004,0.5920032925295804,0.4432222328545054,0.7520308082116277,0.33247963768001976,0.4424674514932714,0.5670793830777651,0.5036442604051021,-0.2446082549701718,0.3681837905031891,-0.07047175096954782,0.33774183748065456,0.3116374059765688,-0.16699268295026662,0.17003782210454454,-0.32240101873844496,0.3819888080143272,-0.0733116865073039,0.2695110665950126,0.11972558068973888,0.622428820185051,0.14951204975783886,0.3744895696069414,0.3953352358568633,-0.07552818172128861,0.46440025306464056,-0.05352877855771872,-0.11422839057980193,0.3431739216242699,0.3313407905058017,0.5952733472258754,0.2835064415671108
Pallidum_L,-0.1597818307441677,0.2084763261231226,-0.23253615153222162,-0.02564366647849473,0.20702627402650767,0.1326374926664566,-0.09589627353249736,0.6060985844568043,0.49849842859365917,0.30614225960900443,0.014926199716977385,-0.05015723166951177,0.42429185242200645,0.343748843971685,0.3288878523419819,0.6338276892351898,-0.01637380387207205,1.0,-0.1474079167926571,0.13330694667796794,0.5468137174995171,0.2866397096687694,0.6288307038843554,0.010534464939258146,0.42046308087476053,0.5983756915209123,-0.36340085856847293,-0.008011437384113404,-0.07732784538912078,0.15627101739229868,-0.35037045341138456,-0.07743456075233139,-0.052102284726852556,0.37935651356524924,0.31728620112253303,-0.20621429710771136,-0.026168730574481346,-0.4377603924391339,-0.06082147078025506,0.39125589358722357,0.24462665467348274,0.592159773706121,0.5710318867080167,0.43083402375345853,0.5636455699981732,0.18058795488818302,-0.22746350037292162,0.5313809099935646,-0.16345944687292083,0.2550378847986959,0.3994359490227745,0.17779918961180308,-0.04465536023213399,0.23646802440125017,0.5498708594325413,0.3203635839451543,0.26418641684766503,-0.010785497991160157,0.140411134950155,-0.13396805589440738
OFCant_R,0.4029423855666337,-0.05841470396266142,0.6278053255448587,-0.14902103088669832,0.15542102874454755,-0.19094709010754257,0.06489482410061644,-0.2086607294781105,-0.15558831772339127,0.3202569803716437,0.07952245648934082,-0.1351157891990447,0.15595792241987955,-0.3015731709397158,0.3569606760441947,-0.1468501892110315,0.4492657629009753,-0.1474079167926571,1.0,0.6062702170537972,-0.31419331635058884,0.2056761183942202,-0.09268099283656621,0.4042453746882727,0.2732548128054734,-0.16510353665026617,0.42783480623051784,0.5462189626734418,0.630969761732713,0.32981176905384,0.6453763242876627,0.4249582427418065,0.1362191687795759,0.18883031207277662,0.40851919415316446,0.6863249087598291,-0.17920489082778057,0.34968597492130105,-0.20445374487336496,0.008203990195341201,0.4877351972834322,-0.14021510553799899,-0.0658171906540942,-0.18844781437384978,0.17335946914742634,-0.08293473714232623,0.4949581510219545,0.17815472606502206,0.3432037782156534,-0.0038445305681093435,0.22916341461811934,0.24067805664430583,-0.06914404106786082,0.2339129028054887,-0.08423731335824111,-0.09837627539930682,0.17222795625075707,0.4483803477296336,0.48630793158296637,0.10527830980094284
SN_pr_R,0.6027608373750777,-0.016961817563424634,0.5887455540053549,-0.29197400852990474,0.4338767548131203,-0.1326486193021723,0.3312033879077642,-0.19536447836479287,-0.1726899235636264,0.6235513891976019,0.10055076708194828,-0.10345651582332048,0.3694089748929016,-0.4197033917966819,0.5055265315624826,-0.016977894814342455,0.6948456566148592,0.13330694667796794,0.6062702170537972,1.0,-0.17830290383679795,-0.003650847621710041,0.01260708250298649,0.5038961197802523,0.515889872745747,0.0011504902983036146,0.587427228428879,0.696987467992523,0.6861227476006737,0.7277830516693433,0.5422713821234691,0.7309447496215334,0.3130007459351169,0.5487934370380962,0.591652696662991,0.6003236345191736,-0.18219651456017677,0.31299790347399137,-0.2528105947317767,0.28706922462384427,0.39290741684013514,-0.062307724241476466,0.04150395525719386,-0.13728052947454908,0.4425697023777051,-0.11859053217648036,0.4484664852370052,0.0878741445880293,0.4542555388921738,0.28511742745143703,0.2629395033641721,0.38019702120304755,-0.22083659284331475,0.4223189835983973,-0.004253560120699715,-0.19901951817239466,0.19914245698313573,0.5505160055517724,0.5067248179822883,0.2646175396840411
Parietal_Inf_R,-0.24427301685640004,0.3374400636501513,-0.21236722881652906,0.07738395096694162,0.19542944820415212,0.32294647829854817,-0.12376634022799753,0.73471739045745,0.5410542543271686,0.1753385149907735,0.07077970437569665,0.05349366072566005,0.3056983387170031,0.5646501103426363,0.2980041794604433,0.5256154934553116,-0.16145758576687277,0.5468137174995171,-0.31419331635058884,-0.17830290383679795,1.0,-0.10356938670896418,0.7016606373974874,-0.06593395120377725,0.36647586767147167,0.8351085328125779,-0.23254878485927566,-0.14523829299060168,-0.26837914921787775,-0.18716189202078773,-0.3469927207258701,-0.17494700381249423,-0.07320675714292475,0.31526532655332346,0.10569276750558405,-0.4940673417951965,0.003914343247895554,-0.3945962416853265,-0.10577330553679634,0.21523446472438745,0.030257061154089243,0.6865936022899211,0.4220495817921135,0.3259630694039627,0.34219519008891025,0.11748879779959992,-0.158563004959173,0.23297711798224943,-0.08824785580401182,0.09050593883905327,0.0721756450674524,0.054251684195115876,-0.09038998594086597,0.1767224317644315,0.5746143304988062,-0.060110432993112806,-0.06957182889277075,-0.14176396289444546,0.03784501082223855,-0.14724825748455453
Temporal_Inf_R,-0.032050024455594475,0.3455492268443613,-0.07583770826539803,0.3335471401128105,-0.026889019698583906,-0.1097335522872851,-0.024942509948105176,0.2734653437023998,0.07906229919148922,0.10953280693447118,-0.1934538441386856,0.0400384083378061,0.3274050964762999,0.3871136553227287,0.18954215170600047,0.2833595941046261,0.10638467812791323,0.2866397096687694,0.2056761183942202,-0.003650847621710041,-0.10356938670896418,1.0,0.2575611906410057,0.04209308724007192,0.17516154537320935,0.0013811759504902207,-0.25859325473903194,0.20917090382699086,0.11989836987699644,-0.12188223340855948,0.026023889102039396,-0.004458083490676088,0.19980982760845212,0.06444460712440069,0.09943038392011044,0.32963338733130815,-0.18575772238968893,-0.040883888591746104,0.27317812774345945,0.22728938806046975,0.45960153104105606,0.17561096528060616,0.542168861138118,0.028508388300937805,0.3586085957735926,0.3460054807306853,-0.11295199808411199,0.7954972310361773,-0.03772470691379898,0.16499920793731238,0.6747540813694078,0.18026941744473535,0.3036889835174146,0.05782466534683665,0.11314565825962382,0.7622332629804274,0.5308909578016178,-0.04779060129947815,0.28432461532413955,-0.05668719709392701
Paracentral_Lobule_R,-0.1190153141404948,0.4229636975874575,-0.13151374100017152,0.1755360878102011,0.21841477097649978,0.18505530364875286,0.0026249599468943087,0.5764901752326264,0.38575798524818605,0.424813788389923,-0.02008232985842183,0.019536992820451463,0.5183727677454921,0.5142762215040915,0.4734172035546989,0.7757283421529118,0.03696350634520171,0.6288307038843554,-0.09268099283656621,0.01260708250298649,0.7016606373974874,0.2575611906410057,1.0,0.12845241289287773,0.41223315929575743,0.8001615389479331,-0.2698634693864004,0.06998266931548197,-0.12830687254801496,-0.08824209589978768,-0.29418891514343504,-0.07801005564166225,0.15446566927388952,0.4163639484630536,0.18008599257628452,-0.24538255578246151,-0.01438227695367216,-0.3545069928259499,-0.06049733069008416,0.3845699868914005,0.32887042437448805,0.6787041610744184,0.5326435933193019,0.28674814396695064,0.5912676216201467,0.14902300256213522,-0.21862982074341133,0.46022398260396186,-0.06869416824675144,0.2792207639953291,0.3734825661365016,0.30953088493235253,-0.05463989739901199,0.378397213690004,0.6602909899169849,0.1516899363726232,0.14441190474004342,-0.12122094317391799,0.2675362531326905,-0.032223723729802145
Cerebellum_10_R,0.4853169963766784,0.32116504430692405,0.6514325826695683,-0.3235489944622695,0.32217960461045114,0.06234247945804966,0.47531228409017384,-0.16644001359861782,-0.052946129363938985,0.4210296331061487,0.27479946368109764,-0.6507569914191853,0.15744980213638715,-0.13070633167917436,0.4818349622910844,0.3166586932465143,0.40034771952952014,0.010534464939258146,0.4042453746882727,0.5038961197802523,-0.06593395120377725,0.04209308724007192,0.12845241289287773,1.0,0.32690924478208744,-0.01856695794572513,0.28364421397777456,0.624067002002663,0.3522254848731987,0.18514966681559827,0.2664824931537322,0.3553467444481709,0.38793086317557185,0.4134816922989997,0.3537077863898111,0.23642437935243557,-0.3096172601282984,-0.2620746716234418,-0.41796437247692336,0.37999117335046523,0.1705028885543097,0.19700065010255988,-0.17951683861122636,-0.12056041122774523,0.47182312678968635,-0.5421132897090014,0.4455716099194575,0.06016663709382223,-0.08793441356250577,0.1416487426761691,-0.11536293856896815,0.37634574204130383,-0.7430144076226611,0.013203080714508689,0.3501261391104403,-0.23046110354676413,-0.32507567516795893,0.02169056010216497,0.4215564567891912,0.40688897477854413
ACC_sup_L,0.31425316176211565,0.3750379867533252,0.3385744563465429,-0.07022883301915903,0.4720260250117656,0.0567375654041477,0.1368970670091421,0.2735273594910031,0.2366783808723552,0.6248564176299412,0.09301733584509288,0.13922474805956492,0.7370081597767477,0.16917257757616863,0.7618670003201995,0.3885626371279272,0.5419104283337123,0.42046308087476053,0.2732548128054734,0.515889872745747,0.36647586767147167,0.17516154537320935,0.41223315929575743,0.32690924478208744,1.0,0.45494079459495895,0.4145665219667335,0.5288657373763779,0.36522680894938925,0.3026057682574803,0.24831267112917982,0.5641813772166984,0.2640157523855113,0.6113302544646704,0.6396156121283326,0.25295426754053907,-0.12926856323228259,0.07381550289633436,0.009862459501408823,0.6242709236117112,0.3380897981160231,0.4528329907840425,0.5342654994394856,0.0382276455501527,0.6773137726622576,0.19481912567787085,0.21209016063337965,0.4344245954394726,0.533191732860306,0.32200530369425406,0.4897223305155479,0.5044476287337397,-0.05735879132779558,0.5436965116970957,0.46528328623714515,0.031344441728858204,0.3167824351633974,0.18397528610853486,0.4638310931655179,0.1615344938964688
Postcentral_R,-0.10237373540696579,0.37942394278253827,-0.15603346869701573,0.1551684348107363,0.18296534679311266,0.1708148717037369,-0.004339617086925695,0.5764978110828644,0.3760022480941116,0.47229535546754897,0.10705407084399186,0.15442871674331207,0.4953219283082432,0.47385740479080646,0.4124121427625136,0.5790761713006339,0.08852522533640567,0.5983756915209123,-0.16510353665026617,0.0011504902983036146,0.8351085328125779,0.0013811759504902207,0.8001615389479331,-0.01856695794572513,0.45494079459495895,1.0,-0.11943900765044071,-0.01236264620403453,-0.1317900488523603,-0.02715534072679424,-0.2285465495657113,0.011756340800732899,0.11933414084156167,0.3613669414028406,0.2145217607754285,-0.3333018426015258,-0.023543062902002875,-0.26328684018645626,-0.012065877054360791,0.31487507958712246,0.22159062585621142,0.509805290836473,0.5078675966002889,0.26988818265390446,0.47360551545273016,0.24061185967827078,-0.15697232836569078,0.31842098944472913,0.1010657065743208,0.19783260632390146,0.3420379567793125,0.2095226144112511,0.027773172715385555,0.46776417886100685,0.5553445314937147,-0.021446536612920213,0.1702296043035821,-0.06396578959987276,0.26776637983716844,-0.06946925591111341
Frontal_Inf_Orb_2_L,0.5421155048453209,-0.021195240105844844,0.6969117781003465,-0.12133015042727008,0.4105766250237759,-0.23230431817783703,0.3647128361527177,-0.37402168553604354,-0.2933302680964903,0.4141638434361325,0.10307238235950969,0.24189368529627323,0.18825974816599705,-0.3620552248915245,0.3644218687158558,-0.403500620248552,0.596873227009635,-0.36340085856847293,0.42783480623051784,0.587427228428879,-0.23254878485927566,-0.25859325473903194,-0.2698634693864004,0.28364421397777456,0.4145665219667335,-0.11943900765044071,1.0,0.6115316348012294,0.5502449285075336,0.40949633507108046,0.7266018526914045,0.8028934272778309,0.27404666966258123,0.3370095429962448,0.38979014882459984,0.4668824687314915,0.014642600383134701,0.6245089462156377,0.07911691283536819,0.14949744788468838,0.11017717622376398,-0.3355292418024243,-0.046272373945921264,-0.2924858111375534,0.14573063602655553,0.01632988592266537,0.6267139948075588,-0.17686452456966328,0.7704435548233481,0.2530435453431722,0.07591169844269544,0.26042957282888685,-0.003511080840303715,0.398930309919602,-0.22598813411007612,-0.3909388255856073,0.06309503144359332,0.4513207400712768,0.3382902569798876,0.2935845522366719
Caudate_R,0.5584694360610707,0.33454737047220234,0.7227205421642804,-0.038688240988799714,0.33701974385131944,-0.14498016068908787,0.5748614924811335,-0.10004804226258925,-0.2074985015035752,0.6016988596059535,-0.0569087048644709,-0.09547705086797631,0.40095800005142435,-0.0539189113828298,0.6808882824094769,0.019039155505435397,0.5846419965525953,-0.008011437384113404,0.5462189626734418,0.696987467992523,-0.14523829299060168,0.20917090382699086,0.06998266931548197,0.624067002002663,0.5288657373763779,-0.01236264620403453,0.6115316348012294,1.0,0.6854275758323221,0.433017829823254,0.5394002298293565,0.7607118213564326,0.5389273633220907,0.4629380847136406,0.4788726819769604,0.5905288880571385,-0.14817583307079688,0.3315297511035597,-0.004070316431937283,0.27557515794808674,0.501407452591128,0.046568117033394356,0.19018817278851638,-0.1097489810570436,0.5421713088727926,0.01403986551231975,0.40315480316150876,0.3095114531921389,0.4303654562800072,0.4484266195863411,0.3411670369546991,0.47404568263622915,-0.16082569651744608,0.42388822883543936,0.039672235766089886,-0.056195903210271764,0.1385657702989407,0.3496485917334977,0.5695370365494422,0.3927904221602783
Olfactory_L,0.5479177021251717,-0.12134952446711034,0.5197775935677236,0.02642877765304074,0.1347262254543646,-0.3236759386116647,0.4155626744898099,-0.21663023764637712,-0.191798273058748,0.47595228707231774,-0.03543828234828497,0.03767548487990344,0.3112803481439029,-0.312755640027717,0.40956892415575136,-0.2334879288079129,0.5251515598854004,-0.07732784538912078,0.630969761732713,0.6861227476006737,-0.26837914921787775,0.11989836987699644,-0.12830687254801496,0.3522254848731987,0.36522680894938925,-0.1317900488523603,0.5502449285075336,0.6854275758323221,1.0,0.5076563162322246,0.7101403087695541,0.6380245014904187,0.4032885679328317,0.16513975797637476,0.26181761902591744,0.8100608935577585,-0.0509487158204882,0.5014007570535122,-0.03408095900830287,-0.012250122122450411,0.3943240491770204,-0.17274114124605855,0.031154648786458853,-0.09725994806232494,0.3549989053426008,0.04135014537655469,0.49675533108665715,0.18846412308639787,0.5073306431863848,0.34517315945216126,0.3361985990923691,0.26327448141033627,0.010346748123556012,0.3961504821311007,-0.19964604510111753,-0.15395457794864337,0.3116489244771733,0.4872485867502379,0.43064275259051527,0.07798184681053417
VTA_L,0.4694879483994139,-0.20871900467589902,0.30025806943514016,-0.2327407056365674,0.17675922179284476,-0.076801793096055,0.2878014177520676,-0.18841890534259811,-0.2957305687883424,0.47551773674359915,-0.05471552433659639,0.013673215810518554,0.2185763192922476,-0.4223075399044259,0.2750565284920059,-0.16982836930264225,0.5920032925295804,0.15627101739229868,0.32981176905384,0.7277830516693433,-0.18716189202078773,-0.12188223340855948,-0.08824209589978768,0.18514966681559827,0.3026057682574803,-0.02715534072679424,0.40949633507108046,0.433017829823254,0.5076563162322246,1.0,0.3120523388998123,0.576957216162013,0.16294279249178437,0.2637755720610307,0.4699808793461502,0.39825566666976364,0.030917916304420437,0.3342516188019409,-0.05804010555388404,0.04190091781589856,0.217629097762068,-0.20030430295318014,0.027056583798109032,-0.24298535366632562,0.19314373923295505,-0.043023652008650395,0.12888238405747374,-0.0034011613720953517,0.3806773565295244,0.18113212568588638,0.1692437385640317,0.13852488720865247,-0.0669231203185394,0.30709006166989683,-0.17288181975817482,-0.15939526951359054,0.2368075376489054,0.3977736555170067,0.3176780265238797,0.282866644587268
OFCpost_L,0.5191788992814559,-0.10253779610126536,0.6445562561014021,-0.08983822285827682,0.18503845766633747,-0.5105708752217232,0.2740088585795582,-0.3618935577349998,-0.3321603244698662,0.21719564577589573,-0.010785108073963877,0.08539007130568901,0.1452663440049442,-0.3272537473916998,0.23721997315661056,-0.41986916230798077,0.4432222328545054,-0.35037045341138456,0.6453763242876627,0.5422713821234691,-0.3469927207258701,0.026023889102039396,-0.29418891514343504,0.2664824931537322,0.24831267112917982,-0.2285465495657113,0.7266018526914045,0.5394002298293565,0.7101403087695541,0.3120523388998123,1.0,0.5694494802493116,0.27243809256704943,0.1257909266345708,0.24154921240165872,0.7219482200960081,0.011454233990770364,0.5681323918813134,-0.06796024110340838,-0.08075986057363334,0.14109831442763895,-0.33361879408258976,-0.1282558215159288,-0.28434930266228026,0.08629412390572586,-0.059490630479404685,0.8086336540498461,0.02880798765609913,0.5583698804424566,0.07644297051731841,0.11315180852028862,0.1662357831302964,-0.0034486867711018194,0.3464757156576502,-0.2698509049380459,-0.21491457816435502,0.09832368732847385,0.46968930261190717,0.30289288540278986,0.013832943090635909
Hippocampus_L,0.6008734945505438,0.1418829878059705,0.5855883679360548,-0.0703163630887426,0.34618756455404587,-0.11626557692862216,0.4754683209838516,-0.20340033743064637,-0.2588569767249186,0.6744064819976489,0.07852790390319808,0.27665731309954256,0.45606393980797166,-0.20544940415005467,0.5757387778595663,-0.16952343228895161,0.7520308082116277,-0.07743456075233139,0.4249582427418065,0.7309447496215334,-0.17494700381249423,-0.004458083490676088,-0.07801005564166225,0.3553467444481709,0.5641813772166984,0.011756340800732899,0.8028934272778309,0.7607118213564326,0.6380245014904187,0.576957216162013,0.5694494802493116,1.0,0.4192689001581642,0.4192745922350175,0.5501361566864714,0.5568410978750882,-0.10346536112875668,0.6081497810241074,0.0962506001325869,0.29723288455004043,0.3748719078940923,-0.15610965874937893,0.24456869592187824,-0.23946420166487162,0.38797132783394317,0.13096660439067848,0.34919016150952387,0.12610429596866649,0.7178615670276884,0.44563358580273366,0.3816541064300918,0.4494613661678819,0.06297686151465975,0.52433763534385,-0.11918445887581251,-0.11024047809089373,0.3071405963862224,0.4518233257673341,0.4833323134498284,0.4009344931077926
