,Parietal_Sup_L,Rolandic_Oper_L,Thal_PuI_R,Vermis_4_5,Occipital_Mid_R,Vermis_10,Caudate_L,Putamen_R,Cerebellum_6_R,VTA_L,Cerebellum_8_L,Thal_MDm_L,ACC_pre_L,Thal_MGN_R,Thal_VA_L,Amygdala_R,Frontal_Inf_Oper_R,Cingulate_Mid_R,Cerebellum_7b_R,Cerebellum_9_R,Precuneus_L,Occipital_Inf_L,ACC_sup_L,Thal_PuI_L,Cingulate_Mid_L,Postcentral_R,Olfactory_R,Paracentral_Lobule_L,Frontal_Med_Orb_R,OFCant_R,Temporal_Pole_Mid_L,Parietal_Inf_L,SupraMarginal_L,Angular_L,Temporal_Pole_Sup_L,Thal_MDm_R,Thal_MDl_R,OFClat_R,Thal_LP_R,Thal_PuL_R,Cerebellum_8_R,Occipital_Inf_R,ParaHippocampal_R,Frontal_Inf_Tri_L,Vermis_1_2,Frontal_Sup_Medial_L,Precuneus_R,Vermis_6,SN_pr_L,Paracentral_Lobule_R,Temporal_Pole_Sup_R,Thal_LP_L,Thal_PuM_R,Rectus_L,Thal_PuA_L,Cerebellum_6_L,Postcentral_L,Heschl_R,Insula_R,VTA_R,Fusiform_R,Thal_MGN_L,Frontal_Inf_Orb_2_L,Vermis_9,Rectus_R,Vermis_3,Rolandic_Oper_R,Frontal_Mid_2_L,Thal_VL_R,Parietal_Inf_R,Cerebellum_9_L,Insula_L,Olfactory_L,Fusiform_L,Thal_VA_R,Thal_LGN_R,SupraMarginal_R,ACC_pre_R,Cingulate_Post_R,Thal_MDl_L,Supp_Motor_Area_R,OFCmed_R,Temporal_Sup_L,Cerebellum_Crus2_L,Frontal_Sup_2_L,Cerebellum_3_L,SN_pc_L,Vermis_7,ACC_sub_L,Supp_Motor_Area_L,SN_pc_R,Temporal_Inf_L,Thal_PuM_L,Raphe_M,ACC_sub_R,Occipital_Sup_R,Thal_IL_L,Temporal_Mid_L,Thal_PuL_L,Temporal_Mid_R,Pallidum_L,Thal_AV_L,Frontal_Inf_Oper_L,Amygdala_L,Precentral_R,Cerebellum_Crus2_R,N_Acc_L,Putamen_L,Caudate_R,Parietal_Sup_R
Parietal_Sup_L,1.0,0.11141184476975864,0.2475189022521139,-0.09665094238592419,0.6131672662190601,-0.10956404236715264,0.02596559153369995,0.09663784196830141,-0.2418139628329337,-0.26177403846002345,-0.3445952754730798,-0.0769813027596772,-0.19322795655258673,0.1391883712862953,-0.088031612427593,-0.42132859363033076,0.39393070880129166,0.030573536504023422,0.11298205528130147,-0.3591625071239804,0.7819094039880672,-0.2341356665393328,0.2855726644092054,-0.07990448050305765,0.13411328693600444,0.44398279640349075,-0.17377101107358792,0.6612841012633413,0.35465299809986733,-0.28377116213286824,0.37206417896123556,0.8783080700180436,0.4074945440616397,0.6473746259297128,-0.31394725972428983,0.02439355829015103,-0.3320090200512945,-0.10123585897995808,-0.3069021085792858,0.6109513934291817,-0.2607875330472461,0.030747453860265794,-0.06401336980207388,-0.17497510062739188,-0.3350053083317483,-0.05233405511759699,0.4142756942055441,-0.2698059386315298,-0.2804735221429648,0.5494164994181491,-0.08211484312256795,-0.4528065025767403,0.18805574651716353,-0.059670231083028914,-0.44422995645177654,-0.3765709010927579,0.7023878085359518,0.13005112062949142,0.08189791728770168,-0.42266976250348165,0.02600890485869175,0.09298211591983105,-0.4073584542803041,-0.2899762171002369,-0.1299505533994496,0.05023092389760858,0.2605086247285932,0.2213405637677878,0.0806687849838662,0.7576861197999224,-0.08341145354806549,0.019686890015416892,-0.2720992952453909,-0.3980446489868757,0.035632100117014405,0.03236728854042535,0.34812897739717263,-0.3793640583038528,0.1404495050224316,-0.15643828812205,0.46369608292251285,-0.027250289654768372,-0.04881751236522492,0.1119079631675781,0.1314248788643934,-0.10326088458150581,-0.1599678844895064,0.0041649228698868316,0.16028809327973403,0.20439714895090325,-0.33882406272866455,-0.37316631348282797,0.2553372815527015,0.010954040618785106,0.16390886908355087,0.73629156610366,0.18772905035073345,-0.22223693472843767,-0.011071608408501075,0.2654477889791565,0.5223215454378284,-0.1496626067944353,-0.36519656080745794,-0.5714760731970073,0.467936540213569,-0.09079835832627321,0.046559804111869406,0.10229404224053953,-0.13557288079038768,0.8865870564651146
Rolandic_Oper_L,0.11141184476975864,1.0,0.3943714699746676,0.6181146390668366,0.15231127197622538,0.415698818369789,0.5469770700339918,0.41215770716061123,0.27318537289015093,0.2352530139764152,0.4456957296255391,0.390092434143609,0.1464373859848345,0.08564794153325135,0.47927400802358805,0.1582460811048326,0.6447239213750549,0.8230344886025858,0.17067660140965507,0.33113912031636633,0.4775093459649673,0.17810898940742897,0.6967707514855462,0.45854794805273064,0.8312306708735026,0.6986226558432418,-0.026273175467952666,0.5224794621117833,0.04889884800673446,0.09836675845726948,-0.07012628393917439,0.3411139831116601,0.5234878091610041,0.1646155631107598,0.20970716491914493,0.29374090137222647,0.040969039693260136,0.08949033775158743,0.3750937632952707,0.06934492813891754,0.45004653139090156,-0.03079068808122235,0.4438120056296952,0.5729489831375113,0.43687688791811147,0.5613525095214622,0.5832517420179987,0.22997085590654825,0.29406420734608424,0.6078875697144688,0.1298148123210277,0.34078782710352484,0.37413853721668716,0.14642628628544135,0.3012565194183033,0.2743112307525462,0.39367480222107276,0.5613496378555217,0.5731347821755455,0.0577072910566608,0.4506266364845413,0.3359370139783548,0.3275341999649825,0.23998505453276714,0.1132301809838738,0.7431216431964643,0.7898150273304865,0.410816998996684,0.5698984489268458,0.4212594225345157,0.44187674718037373,0.7862405796912052,0.25477348250800935,0.497068283536348,0.4123567570101046,0.3713805907526605,0.6909995383524989,0.2893172751075524,0.2442880035421943,0.5299832952526641,0.7042961331413221,0.17666076215031773,0.7275324704154232,0.09230700363067561,0.7227362282722516,0.6911934351127607,0.3504194324008766,0.08802914273615349,-0.012180214208592461,0.7165715141860449,0.13094140668485266,0.4282655044312339,0.44382923261481766,0.4068244429011692,0.00925251671146781,0.2834305911244003,0.48288194338058077,0.39415535704066534,0.4195315726112828,0.3827610747109756,0.40154375058582675,0.4606830759560008,0.5573523806218976,0.1939867260363953,0.6799241111498285,0.3059001899911242,0.280556084012554,0.7020643569782422,0.38255446286053446,0.09638666330038886
Thal_PuI_R,0.2475189022521139,0.3943714699746676,1.0,0.3873992034409804,0.0611493228960675,0.17495585658537313,0.3510729568146543,0.20683504770027863,0.11418947544352151,-0.20871900467589902,0.12027049447442957,0.3718393794612891,0.09472867897324942,0.4146182792047301,0.24821491619072852,-0.07053621789131573,0.5350375159680308,0.40847625807215737,0.07877597731392043,0.1953663419789486,0.5327930463629214,-0.010385954764277096,0.3750379867533252,0.33259570964574464,0.4215487095670967,0.37942394278253827,-0.05768529480968529,0.5030402873304994,0.30258528486818315,-0.05841470396266142,0.12037012906896646,0.3394553540023144,0.15134417634588163,0.009223391699725202,-0.09497243506889148,0.20012372411787638,0.4834645866145414,0.020750534632855026,0.30063496979905135,-0.002034686524614854,0.09062576575869342,0.15724939504644445,0.2109855885408217,0.06833494812914717,0.0791680281593721,0.18806547918717595,0.5794116468747523,0.03706635341571371,-0.027134822364792657,0.4229636975874575,0.18113179888049774,0.07141981907163422,0.24511185794478293,0.30010636337819335,0.208950485218137,0.02981050544302447,0.34108610297972697,0.31919864815087995,0.20788547745881927,-0.17998442166060724,0.43724684070453174,0.5484965545639819,-0.021195240105844844,-0.047934108829206776,0.22723091898337194,0.4299913333801613,0.4002245581689371,0.3111628238751596,0.28367209552675265,0.3374400636501513,0.3175653011933223,0.2610978498695935,-0.12134952446711034,0.11651756600211621,0.26655210083483316,0.4782315611958775,0.38357618567424334,-0.015176467872804175,0.12926158322359457,0.23419322723740987,0.5510514605122699,0.21534025940926937,0.22673807939675922,0.039880688505083736,0.3488665851056294,0.2561686777474808,0.36266554890165825,-0.17035661203932198,-0.06604377226739787,0.5445505209292408,-0.11626488599886207,-0.05079600332998669,0.631244142166238,0.23994387808344989,0.362984131583111,0.3241640307436477,0.20272429251961796,-0.08446949760993809,0.15776758240213357,0.44934241547896303,0.2084763261231226,0.19133895698984443,0.0030120365710776626,-0.21247231984318476,0.424004198499771,0.15262056198092458,0.09156505237816129,0.354819862695611,0.33454737047220234,0.28422923830530017
Vermis_4_5,-0.09665094238592419,0.6181146390668366,0.3873992034409804,1.0,0.10334238252844462,0.5694082933963975,0.6019479290229856,0.37724642428246674,0.599610890485377,0.21130894629501015,0.6396997899450225,0.4510951702948448,0.10550022053894383,0.14732972786630624,0.4780551517531144,0.29574958091299935,0.5624014824428163,0.8087147553126086,0.2411206727137447,0.6374139549111665,0.35588375571305253,0.16911691222319758,0.45627943020528905,0.3225158842554954,0.7202452823337536,0.42980274025580645,-0.008743240941680136,0.40721219871295333,0.04630444149092414,0.2599395223493935,-0.1008718300142043,0.1652340476308694,0.3224884620096918,0.00434222249932319,0.16048266928440563,0.38337628910775007,0.19838369225588295,0.010360879175004318,0.5922682152757394,0.044991176546074055,0.6257602055515756,0.39991617625450343,0.4650218501990477,0.2593805212481379,0.40212245154828513,0.4759323161836617,0.6937452873742861,0.31333271350796493,0.3234119064923304,0.47998215777324515,0.2887902517413047,0.31566502700406696,0.3787933681602937,0.22189553730381356,0.2767228650702712,0.519525893264263,0.11684349560623884,0.5192991486531093,0.5159451353761471,0.09674628111717551,0.7695456932080398,0.22711828236246165,0.12500843476585322,0.3999242143765088,0.14559973667949935,0.6758251842406945,0.590984705586682,0.25759003990310747,0.6203508971826164,0.15283660425977152,0.7448342321891867,0.6356107936156337,0.2959551147632642,0.6975478075530566,0.3581493797448628,0.7360673280531834,0.6575125756528055,0.24237632552420324,0.12753321931367484,0.630230907905867,0.5371876598779394,0.09372915258578507,0.5222454547290812,0.28571554553013656,0.6015343104513714,0.6005628873446861,0.37532778081772117,-0.06459125988061112,-0.11616469218829883,0.6356715127587742,0.22526367719410392,0.5287396523259591,0.2540463461145324,0.37627688252424,-0.009426902593156853,0.3236728625750571,0.34501726309487724,0.37775831357501377,0.14561722941291502,0.6709695309900113,0.3872375429690927,0.5086428673249599,0.38844030644460414,0.2655768941077261,0.49562195218660066,0.3516442462939985,0.2277364330048614,0.6099735093401062,0.4509174558076903,-0.13792164743524388
Occipital_Mid_R,0.6131672662190601,0.15231127197622538,0.0611493228960675,0.10334238252844462,1.0,0.4243589790823404,-0.14033256563547986,-0.24621548133363708,0.13715097528451364,-0.22346995340066717,0.05732475221714392,-0.36990838250207814,-0.5161189320854318,0.11167897400086062,-0.11407905472208152,-0.3207780073777344,0.12835378458963678,0.03298236105360375,0.4923320924657668,0.1337998747090124,0.4005654013968996,0.22485999418092828,0.06905739747027848,-0.35063829875134644,0.11024194937289432,0.4007130430129844,-0.39023736448191026,0.36680949403456964,0.09042639076703873,-0.35341919183203335,0.27663170911508367,0.48695545357280484,0.4855684856909728,0.7018682899246697,0.052918271547282764,-0.1825980188998162,-0.31618745394364667,-0.2492116327306751,-0.32878557447818896,0.49721673164800695,0.21784508535466265,0.286209278295121,-0.31942075413061427,-0.17501305101531497,-0.37015951182481527,-0.09909974348430414,0.2129994173080018,0.2680516295706613,-0.20896909622562868,0.3746992748739462,-0.4010191716235016,-0.5700315986369583,-0.09539035077479832,-0.3864937279897803,-0.6171673878030725,0.21261744335710592,0.23108573311441935,-0.004479443089484153,-0.018537708026723082,-0.40714073365011205,0.08702781690138361,-0.2303306904710837,-0.41414992352384833,0.38960289331457537,-0.3339674256260566,-0.11042429930000251,0.08699593969129997,-0.10532217930012776,0.10003951878245888,0.6082520939287128,0.027433139396244227,0.1465853856283325,-0.2926171573193649,0.1582880588018218,-0.09755942807966113,0.029911107816264503,0.40248325026276727,-0.4113185724852763,-0.13056945824179086,-0.17664880460049195,0.26428287771869186,-0.01736526186590997,-0.01369250856095952,0.23520772967532722,0.09498193574880963,-0.2166621254690266,-0.28918260565344533,0.16089661938787134,-0.13252648126678163,0.06878858662716503,-0.5035457393326814,0.1477833278534928,-0.1135139330375256,-0.09163013845294275,0.13238228311995587,0.7988250608213283,-0.0016397668579033594,0.3453954485550257,-0.34349558749766895,0.41754457853519167,0.4505064038073025,-0.23991253974243518,-0.10006325053049717,-0.14053635432177214,0.4129882253643927,0.3857921530878944,-0.22698001971622012,0.0806680382082234,-0.3598087990469247,0.5081740094991842
Vermis_10,-0.10956404236715264,0.415698818369789,0.17495585658537313,0.5694082933963975,0.4243589790823404,1.0,0.08374946947747437,-0.1520176071768407,0.6330861374033526,-0.043023652008650395,0.6623836696221705,0.022099740597559342,-0.3352669989042851,0.15106547173853566,0.21063730142187614,0.18125809755823535,0.09750532944725171,0.3806706302216555,0.48083029853929243,0.7025454108082272,-0.004614313407294376,0.5258204504529534,0.19481912567787085,-0.06998277410818118,0.2980060252866195,0.24061185967827078,-0.15139540625617964,0.09182034257691128,-0.04861222327093629,-0.08293473714232623,0.0033023184943663016,-0.026581470817648667,0.3440980992033391,0.19529758868557756,0.4128943251614807,-0.0842557256543477,0.1606893977880345,-0.04486922588031303,0.2629205801061303,0.0524930347724768,0.7261569369073662,0.37378446823742745,-0.09374324385220852,0.19305930403253732,-0.0733116865073039,0.2618979617450397,0.1776721583432605,0.7137660527433868,0.24094347740508434,0.14902300256213522,-0.16397248969375777,0.02456768608359129,-0.06045590993991997,-0.30060787255942817,-0.08690697233045011,0.7492114174910227,-0.20915731888413194,0.10178752465209678,0.2383319007969046,-0.11034137106610797,0.37642349590630453,-0.09265287052075086,0.01632988592266537,0.8405594285707508,-0.13901738754428478,0.13453543302987397,0.1458200984512774,0.006575610740584832,0.2604015629863483,0.11748879779959992,0.5003568133198212,0.4752944142400413,0.04135014537655469,0.703812687144325,-0.019154782942179895,0.25489666359125723,0.34956260753014134,0.046929484984698254,-0.098420737463352,0.2229816701359015,0.2829313879672725,0.1438091075910863,0.28955194715129406,0.2586721700613687,0.38976800132534545,0.1117801191491881,0.1383858776224078,0.17161831554728965,-0.4770587309903601,0.3385800729250067,-0.21757927772168237,0.6272638894242513,0.015814780296091277,0.06782820908787476,0.1091438837212844,0.26143174213229625,0.06729318686092955,0.6831460037105461,-0.0008622801654094579,0.38538056136684207,0.18058795488818302,0.07616011485896687,0.3965455127982886,0.42033863911057784,0.273691079408327,0.7178434713022113,-0.19362545052090116,0.28568740896452416,0.01403986551231975,-0.22937477356975716
Caudate_L,0.02596559153369995,0.5469770700339918,0.3510729568146543,0.6019479290229856,-0.14033256563547986,0.08374946947747437,1.0,0.7195557687507906,0.24269666164204484,0.3976205943373548,0.2907120212956683,0.6110991496302267,0.4695087739630531,0.15814954158284836,0.5397812941436071,0.3252078432105751,0.7470801245166091,0.7463250583098522,-0.16913114715128194,0.24665104949545516,0.4713943786547838,-0.17106550111330684,0.5690450764557539,0.6341336100105844,0.7469632377968876,0.3480040145999183,0.1909269039466272,0.3721522278705427,0.044564758829463716,0.42915835096484906,0.014618608228976376,0.24492958326156475,0.17796682233377584,-0.09930301660099591,0.14070630793283811,0.6135972749706028,0.07801343050749752,0.19245892335012224,0.6047026884113805,0.03921125193690364,0.21572062929079763,0.07241202869394472,0.6860526835809276,0.37290986760560096,0.5523867830303653,0.5048100019025137,0.578165868335755,-0.05230122056270105,0.34327313406452153,0.3991015825750941,0.6008241705540789,0.518585962668182,0.5501611269232421,0.4127471685825058,0.5875332289472031,0.10459401430869122,0.2697161039272441,0.5760639978893063,0.6912644127443482,0.27107628521227206,0.5845779769616796,0.43108389879431064,0.3446652079542362,-0.10300467247888873,0.2824511028226287,0.7279623116276926,0.6918055367209579,0.39074831654395265,0.7370911325931878,0.14317968642031095,0.6288723171709186,0.5915221795953631,0.4805531164896964,0.3484567478179084,0.6132342057063002,0.4305213143983286,0.47583815896561216,0.45449574683848293,0.3803601700635638,0.6977308312250505,0.49286178683102894,0.0807932774146627,0.5375600602266979,0.12360799031299242,0.4748796195612917,0.6962822847038804,0.34416314101756434,-0.1863836591980091,0.19549845022598036,0.5968397989715581,0.4922948858744473,0.1524834605465349,0.5007028742559173,0.5523357713814361,-0.12654352521773468,0.16755169152965227,0.538642999087127,-0.013507008043749776,0.31316341181574936,0.40629020536507776,0.3729668875600538,0.6193978434238686,0.3363641768644787,0.14700509430373038,0.3833439837681155,-0.09207124502143627,0.6275929029869122,0.7394054330368423,0.7256861153993868,0.03521193056382976
Putamen_R,0.09663784196830141,0.41215770716061123,0.20683504770027863,0.37724642428246674,-0.24621548133363708,-0.1520176071768407,0.7195557687507906,1.0,0.07839824228088373,0.4315721637692467,0.09239731296433776,0.6692023793928974,0.4999402530029669,0.17994788324217728,0.6167333455388861,0.35229299374480655,0.6686463049389089,0.5648500351032323,-0.19594522491572774,-0.027883258050762992,0.48251492251322187,-0.42454203661942735,0.5934562510959484,0.65328520664988,0.5523163080486698,0.26402050943374233,0.4641183008413808,0.3863423815752805,0.07538021596314746,0.38639556234068506,-0.11857126115711245,0.2532378336032573,-0.014496657980871339,-0.21152170388851374,-0.11240900306047619,0.7248710228737687,-0.24030777296381522,0.3860980844415468,0.4710868673301076,0.10672154900370737,0.10208021263128302,-0.06101545940064032,0.8068790069457786,0.3892663584488167,0.4900976909321362,0.3867770003505623,0.5360216251871004,-0.22068308681578844,0.5395879764621531,0.3171824299302133,0.6543754237438952,0.5929547761493491,0.7037040756237737,0.4851286020898312,0.5990318099222615,-0.17014264603374657,0.33970767510261674,0.5546819328779082,0.7062524265559317,0.33520514756968706,0.4805414230625755,0.4534973161727102,0.3344182586992777,-0.39525884866569866,0.20005256319226788,0.6886798198102398,0.6589931293855045,0.5153782919486254,0.5558827491847093,0.09581524050817755,0.3219235265238743,0.5009000259943626,0.5340458911625932,0.039965790682608214,0.5164899626784994,0.4087550956113148,0.3160467476218388,0.4246041850957,0.46690164884015295,0.5516751194008516,0.439230114055325,0.10654966211698935,0.4090449791695436,-0.061907210111651255,0.4656674457776768,0.6548631146034652,0.3909771139651441,-0.2558702147980615,0.2648386505798994,0.5418214055675274,0.6407360273042944,-0.06963397955644138,0.5783516665293232,0.49472800988440346,-0.28870725076441517,0.06357239980459307,0.7034619109481689,-0.2675613127568901,0.5519043072957346,0.31291489277370665,0.46805442574296446,0.45241269087378816,0.18631802815247367,-0.0717664176408575,0.3082788184790527,-0.2245768313912909,0.8102105710017534,0.6182031057490361,0.6645964934810408,0.09833807968766266
Cerebellum_6_R,-0.2418139628329337,0.27318537289015093,0.11418947544352151,0.599610890485377,0.13715097528451364,0.6330861374033526,0.24269666164204484,0.07839824228088373,1.0,0.21268025524214354,0.5352324627996572,0.13682512202647085,-0.23225158901351348,-0.010191237566756854,0.35893555281310413,0.4971013619768448,0.2084708632544338,0.4141270494244106,0.5747581559836152,0.7734087760913486,-0.07093954886456696,0.23265356698204173,0.2413149042561907,0.08124750312739908,0.3235892508631892,1.564919412918168e-05,-0.09850789846561436,0.07072365455017954,-0.11847548517745986,0.19070769126950313,-0.04047789041181602,-0.030419724051702745,0.14577305273003344,-0.02354952748359118,0.12616579863977984,0.10066260257978772,0.15686420692805464,0.1254638963216656,0.40268711621721065,-0.05831153663741343,0.8410378205983181,0.6242257972033916,0.24051312854940834,-0.02120620967849701,0.2788029484368201,0.3382245022156182,0.12597101335001307,0.7050239826933156,0.2777095159311478,0.0576799890089928,0.19043428687770356,0.13484782512740653,-0.05953061572346877,-0.00106247399501834,0.10181718954509053,0.7065426674540256,-0.145168879895703,0.2770059401506577,0.30502708384546373,0.20416214961304435,0.7271361882080891,-0.037807321072370954,-0.0964250245284977,0.6280181779677732,-0.05474378806008416,0.20186439309751678,0.1196958080266509,0.14680864246106015,0.3665407752062549,-0.21370745635346564,0.5446607461066999,0.39291235809441444,0.24794678011319243,0.658814622754018,0.16849163842240988,0.2673634625702194,0.2709248918348248,0.10351990745863347,-0.12040664270244754,0.42943657332369733,0.25065401437763424,0.13324861022213919,0.13946965191771607,0.20305692820630783,0.4379559408657598,0.2675760186563942,0.1975114690149758,-0.07263327210979269,-0.28922050076400785,0.40142861425881043,0.1437633757176315,0.42936624517923927,-0.07899233818754571,0.1582674961116641,-0.05233912206818357,0.06284138863238671,0.1547411459400748,0.41936182345829837,-0.11930128977654778,0.5531546222220752,0.22307850034655222,0.32179646730997374,0.29945512501299315,0.34707476101740875,0.11719696500083036,0.5996503033395008,0.04753526745239964,0.29323390895903617,0.17007163148493343,-0.436966855389666
VTA_L,-0.26177403846002345,0.2352530139764152,-0.20871900467589902,0.21130894629501015,-0.22346995340066717,-0.043023652008650395,0.3976205943373548,0.4315721637692467,0.21268025524214354,1.0,0.10705432629655914,0.03223618970465434,0.30025806943514016,-0.190344173898394,0.3630902855998205,0.39825566666976364,0.2515385327241335,0.32252233530466845,-0.12215391841028841,0.07031309513254087,-0.05925808774707229,-0.08112216402717172,0.3026057682574803,0.4383734460604006,0.2852722113979432,-0.02715534072679424,0.0682409777622823,-0.17564406798131169,-0.0929075119124712,0.32981176905384,-0.076801793096055,-0.20030430295318014,-0.1069870094273824,-0.2755557397510637,0.17556688215704314,0.3557418524864626,-0.19272935610657452,0.22807637783540388,0.2176796703430189,-0.2957305687883424,0.2368075376489054,-0.15939526951359054,0.5228254131413993,0.2780854756316639,0.5920032925295804,0.43876567632833047,0.01806390610512093,0.08612196856082725,0.35964315140662795,-0.08824209589978768,0.35901319050328845,0.4797776451803033,0.24127701244853286,0.14684633216819498,0.4368076179911892,0.07033529487609945,-0.17288181975817482,0.21240411857145855,0.4541819676319156,0.6743896387104099,0.1793753257971727,-0.11718036790352865,0.40949633507108046,-0.0669231203185394,0.282866644587268,0.3607761110818032,0.20432802359401173,0.04190091781589856,0.44564885588199366,-0.18716189202078773,0.217629097762068,0.39819659338482793,0.5076563162322246,0.30260700560240683,0.4699808793461502,-0.0029353988736464365,0.09632973887493754,0.5388986875478329,0.17675922179284476,0.3188531195117025,-0.01624740356204638,0.1361252868528902,0.22835689754151042,-0.22170417649608226,0.2185763192922476,0.47551773674359915,0.16294279249178437,0.030917916304420437,0.20844377297966254,0.12783499125902292,0.7859018630663309,0.21544864967840122,-0.013050763585069522,0.13852488720865247,-0.2697123091561796,-0.18841890534259811,0.46241973854364277,0.013673215810518554,0.158174626345464,-0.0034011613720953517,0.15627101739229868,0.3176780265238797,0.3806773565295244,0.3342516188019409,-0.03244906044602855,-0.15899428513366876,0.5579970301284096,0.4223651194612107,0.433017829823254,-0.3412967949245878
Cerebellum_8_L,-0.3445952754730798,0.4456957296255391,0.12027049447442957,0.6396997899450225,0.05732475221714392,0.6623836696221705,0.2907120212956683,0.09239731296433776,0.5352324627996572,0.10705432629655914,1.0,0.2745261204012424,-0.09645601117646069,0.22634767432681668,0.272589727006777,0.27589784784192833,0.18013199999452567,0.45548783307041263,0.22868426145517193,0.6776690650768474,-0.07297128005844494,0.40733489205888135,0.1481229546429801,0.23923056609758972,0.38912286095826715,0.19560653884909832,0.12540860694404737,-0.03763962706434453,-0.16597293990213385,0.04036795540176557,-0.13862549102734217,-0.17564911387407825,0.19683468468906454,0.08083745494017683,0.4088678380603944,0.10396460496799306,0.2539937875257224,-0.03965480127128034,0.44381867464361185,-0.07073916573602665,0.6145483638326882,0.32739748837713706,0.15028028331093182,0.25169445436974996,0.25439432806721884,0.28547556903926347,0.22001460895011551,0.5830454073513078,0.45910209921089395,0.09828183392208292,0.03100102826484473,0.35646806390608843,-0.01813779261988281,-0.12858661194858842,0.2253420744059208,0.6925357007934945,-0.28127344239813473,0.27970573092191336,0.34686081064005925,0.16279919862747827,0.40268358061558757,0.028538578677624025,0.222276756712002,0.617150267957985,0.10442560361508184,0.41157680460394064,0.30749766805034384,0.022058252400556123,0.31332194401758473,-0.06349751071993415,0.5238036985330633,0.5708536533811784,0.2139820346444717,0.7290568451837526,0.04607810481768011,0.38010162306054995,0.32856510516032983,0.19050580638664577,-0.013979823506789472,0.3973744428603581,0.22169680348948914,0.07243301506960545,0.4698304368820395,0.20696477354884482,0.33055764097783863,0.39009423269392346,0.40728603876256186,0.061222072999074596,-0.4656995787112352,0.319765183453841,0.1434149598474225,0.6703198995472759,0.1362924706916631,0.29763350687470935,0.12697552531920597,0.015590634850035036,0.07005940803641847,0.6467145188839675,0.11446649432526966,0.26737952038851465,0.015109400208826769,0.22391379554342947,0.4505614126394486,0.5449160145850561,0.23353428009467336,0.5337821356457297,-0.0322162158829874,0.4332803803030563,0.26282566225558196,-0.37672339867927784
Thal_MDm_L,-0.0769813027596772,0.390092434143609,0.3718393794612891,0.4510951702948448,-0.36990838250207814,0.022099740597559342,0.6110991496302267,0.6692023793928974,0.13682512202647085,0.03223618970465434,0.2745261204012424,1.0,0.44066834431935775,0.26722624548875823,0.572147514576221,0.3732548244052589,0.4854236972567581,0.5363404486511847,-0.07989110425200031,0.11575511559671499,0.3273250493616993,-0.20107472612630742,0.3782978984622995,0.4768271442391054,0.4614080064324311,0.2322878801537816,0.5400912096946798,0.3519827801259044,-0.04713697156205667,0.33068389070296883,-0.20389515144932557,0.09381617824587708,-0.08124596906631065,-0.3453149059206888,-0.10566088173892937,0.5869484113834827,0.2477180035675074,0.3298965447999854,0.6325810892110946,0.011890900028768895,0.17614379031641816,-0.032402977112904234,0.6734502360820884,0.35808344132482317,0.39780858278239156,0.38222216379174495,0.5445701725426864,-0.13848215065520786,0.5135357275895859,0.29637113854486785,0.5321569433938754,0.5951787480795743,0.6538050673057175,0.4743677070234421,0.6443508764804321,-0.01193603027107814,0.17768794179337694,0.46937601477545177,0.4788664790602274,0.14146260180063872,0.500840814306675,0.6901037572724621,0.29995139341647004,-0.2121796579015295,0.22420601448012928,0.6432538907057826,0.510856410072327,0.4521671503725033,0.3190122228244891,0.018612090811951407,0.40278360926044543,0.36315487917993455,0.4664024622427652,0.1650914372498824,0.2655569733195585,0.5357105577902237,0.21268324505406921,0.34961987815128565,0.3589873067817415,0.6392803394198574,0.40922991773111184,0.251414913309179,0.37143086746641596,-0.02270975791926277,0.44236537032303674,0.5972610900333585,0.6239394038077103,-0.28524607138257196,-0.05130356565201316,0.5288113959845211,0.3559924751920187,0.07863547968353984,0.6056452927761674,0.4055910865063936,0.0012048258253779232,-0.07719499906445802,0.4297438544752375,-0.18718859903343832,0.5520651477112208,0.23561446003881328,0.15500976700805824,0.4883758122865771,0.2006791852762808,-0.0002471004792254476,0.2878240514136333,0.00801059962789322,0.46080454472415866,0.45114476117916524,0.6249236555952694,-0.04681617326517675
ACC_pre_L,-0.19322795655258673,0.1464373859848345,0.09472867897324942,0.10550022053894383,-0.5161189320854318,-0.3352669989042851,0.4695087739630531,0.4999402530029669,-0.23225158901351348,0.30025806943514016,-0.09645601117646069,0.44066834431935775,1.0,-0.014406101336962185,0.152182113388352,0.3910678483631596,0.2452683827626576,0.3642694947728302,-0.5396478325321858,-0.10631306925187937,0.15253863562503922,-0.264879124210756,0.3385744563465429,0.6239670872249514,0.3416840558645433,-0.15603346869701573,0.37403835918354944,-0.10135567302760763,-0.1493628097623701,0.6278053255448587,-0.2643227063864551,-0.07140761311556776,-0.09255557645791702,-0.432691405675162,0.1503855572300047,0.48807121648711305,0.11864425136119215,0.3752889643719152,0.501742446092109,-0.23456023157252912,-0.2672193738828139,-0.3258363749285588,0.5328776389148804,0.5163333667689955,0.48042440796539265,0.30035021500631753,0.1827321661721486,-0.45367834225081904,0.19427757702254556,-0.13151374100017152,0.704638231665708,0.6403678455409841,0.3631975872701628,0.6727262506342648,0.723963064907257,-0.3491578027952292,0.09277771373717834,0.40342700430110934,0.4766719068911428,0.2738293587783393,0.07475264604891857,0.3359123544256852,0.6969117781003465,-0.40667191722289925,0.3597071875918353,0.3931626940383714,0.3285488136210968,0.2083327859586942,0.28686547757886627,-0.21236722881652906,0.20866742663770255,0.1729942636585769,0.5197775935677236,-0.10075457242045256,0.474081772491255,0.13943272504694654,-0.07082447784431686,0.7256342613597693,0.2907577110542926,0.31026938133906246,-0.06524042422378536,0.11204234416360323,0.32642852555526447,-0.15515858196556673,0.11793178234040119,0.3588860089945174,0.2140737701406148,-0.032018484915511,0.5302108359587158,0.10865284888390646,0.5039362912291878,-0.16653554869206066,0.39127919847666115,0.25042684910414675,-0.3510736357102834,-0.237437329574018,0.14863653512553016,-0.29481099617263634,0.4353575491512791,-0.0032397046812088835,-0.23253615153222162,0.44689321225866147,0.32372111395602376,0.22734751214728102,-0.17310618830830385,-0.47668024084831057,0.553808584689406,0.3300572391647938,0.7227205421642804,-0.06922037744321516
Thal_MGN_R,0.1391883712862953,0.08564794153325135,0.4146182792047301,0.14732972786630624,0.11167897400086062,0.15106547173853566,0.15814954158284836,0.17994788324217728,-0.010191237566756854,-0.190344173898394,0.22634767432681668,0.26722624548875823,-0.014406101336962185,1.0,0.12451333333169935,-0.11287248388351985,0.19112778921962112,0.030795978037071476,0.07607210999473726,0.12324142464408774,0.21900732220488428,-0.09822884955722203,-0.05844292432648122,0.23492253000955574,0.08286559853329235,0.04382979909372163,0.37692998424492724,0.17770885013199084,0.029434905346516275,-0.2931851990482731,-0.0809627186186112,0.16003556928039997,0.1627707791452349,0.09257069006826511,-0.039859047723847026,0.33415519486097317,0.14990185032047731,-0.09079983411370081,0.08949704266598292,-0.03986246096430681,-0.045218191039438575,0.2707668474099865,0.11891030201720447,-0.014140112921498318,-0.23141210317771269,-0.06962642103055944,0.2377233334857207,0.12642863245044658,0.30278664089119856,0.09436213595135247,0.023960566519102503,0.24909507375026396,0.04350229938548863,-0.13405878123526457,0.12424201647073352,0.061853909302050855,0.08949306178235915,0.2019886428743193,0.15171422393718376,0.039688068061420737,0.19986588517820675,0.21406449166749936,-0.10361086307593467,0.044591960062358334,0.18814636071155022,0.18831496013615354,0.16772827913602062,0.04690608330982195,0.10394130546726611,0.0700356072350083,0.10216822057623937,0.19849099555305386,0.012550895855820402,0.05379491759119174,-0.17369623654296917,0.4097409000163391,0.08726209110922079,-0.002424862840929217,-0.0930592288462551,-0.07066959746688345,0.14440952492488104,0.1564894296609999,0.053901140015955244,0.006053606375260168,0.03757821152464223,-0.007962383779517026,0.2625567674620334,0.09108901780075777,-0.4151072655356859,0.09143522958337655,0.017425511439892388,-0.036352110043257904,0.566107604445777,0.09296541515012154,0.34347617211358705,0.21490188665511892,0.06296246924084604,-0.03145548570693297,0.04074043254434346,0.2815009691897652,0.15495389665742126,-0.17341348654226066,-0.20333744408661683,-0.10295637535456514,0.10102770163330158,0.26949683943081526,0.11771278627692701,0.17178260144617943,0.23070059106234073,0.18488550420590147
Thal_VA_L,-0.088031612427593,0.47927400802358805,0.24821491619072852,0.4780551517531144,-0.11407905472208152,0.21063730142187614,0.5397812941436071,0.6167333455388861,0.35893555281310413,0.3630902855998205,0.272589727006777,0.572147514576221,0.152182113388352,0.12451333333169935,1.0,0.36635546629486854,0.459284466385666,0.5449523644951285,0.19425685710052054,0.21699844876907834,0.21217543203228453,-0.16020430753038423,0.428420029073618,0.39382357742103363,0.4476635189911105,0.24905851438900295,0.28444350225784815,0.2921240045694894,0.04164804790615393,0.15655946193702314,-0.17388355434680813,0.07966884806675101,0.012892073924532522,-0.23026824528895504,-0.01620530484810793,0.44047997631383656,0.04943316604645583,0.27629317104992596,0.4927866119060993,-0.028740326391602126,0.434211747590344,0.05626480991540512,0.632280573973972,0.29783561672609354,0.35496757721759215,0.4232184128506424,0.40192683942455504,0.12578865494790104,0.4974732186177783,0.29803910587836285,0.3413113390268648,0.44002304872586034,0.5075061999549285,0.22974187705281085,0.4845182617886549,0.17855752988939094,0.08103623149342289,0.39961341362900143,0.478262676336967,0.30572553768790955,0.5682263433697117,0.38921094720429267,0.193285717768431,-0.0203762199559805,0.08531113573643813,0.5549153720598928,0.4529241210866489,0.3796672379973106,0.40455629107000596,0.0499535194121503,0.4037880094341604,0.4810835416535728,0.3844325611019193,0.3567353944205836,0.22602977487094775,0.4171057804889698,0.34434798435033054,0.2942097930344051,0.24680603623447916,0.5425834320635634,0.3907288999557155,0.18090823421511532,0.3379001038905332,-0.04199405297584786,0.551542066609751,0.6216258976172621,0.4983924019324912,-0.20870401042899797,-0.10167606052937907,0.5300633796331548,0.4633598745875623,0.24050276579000746,0.39845098043624505,0.4166918471811997,-0.014838721402206396,-0.04446396130073137,0.613483561506385,0.000709875451463716,0.42847332907846597,0.2964967744861566,0.4071673502488127,0.4320250074282302,0.28409576353784133,0.056819460890815666,0.2712935909689236,0.16585385687886817,0.4560604933211258,0.48457698023538515,0.47426664738812657,-0.1705186559474477
Amygdala_R,-0.42132859363033076,0.1582460811048326,-0.07053621789131573,0.29574958091299935,-0.3207780073777344,0.18125809755823535,0.3252078432105751,0.35229299374480655,0.4971013619768448,0.39825566666976364,0.27589784784192833,0.3732548244052589,0.3910678483631596,-0.11287248388351985,0.36635546629486854,1.0,0.011445035965734353,0.35341523925492224,0.15859518777190165,0.3916281000429207,-0.17510605974161525,0.03412913366763434,0.25295426754053907,0.26747320275388164,0.1946976413267601,-0.3333018426015258,0.47713248214756365,-0.2498564522049422,-0.19781260560406677,0.6863249087598291,-0.2766664533776166,-0.2754327990701556,-0.193847849145888,-0.46621430959547233,0.25254301299600973,0.21408619235970988,0.22530172788394212,0.6926688090683798,0.5924015721892409,-0.3405272154717226,0.48780834180864263,-0.03093383366723082,0.6380857442339739,0.30853679845994936,0.5036442604051021,0.5669033570515201,0.013402254339901217,0.14635290574027288,0.6057910700871179,-0.24538255578246151,0.6714148409279589,0.5527852821661902,0.15658308455433304,0.43546537926895484,0.5963998597912973,0.16935288725848957,-0.34356190538587655,0.43292621353620586,0.5748844451498331,0.4553726851179558,0.34369719816632094,0.1658518321764155,0.4668824687314915,0.19184346679156694,-0.0046073866236967425,0.2292001531336555,0.14171919864583885,-0.05014388710529576,0.13985986490855387,-0.4940673417951965,0.4417383165247253,0.41428514174834974,0.8100608935577585,0.3014580692219661,0.21106211396727573,0.21120178392118036,-0.09574943316657432,0.7135523657463246,0.05195374351997143,0.3865759364708394,-0.13103385900639397,0.3492571213687387,0.19767637116581302,-0.22222090785468168,0.29459748742740177,0.33992300187097607,0.3781936239349957,-0.10520754074286774,-0.015603558307084157,0.07395485305578624,0.478702877303956,0.1462029745733661,0.06829072711869419,0.2173341828541021,-0.4421226470014455,-0.3358522802897904,0.07079079472029669,0.09937615037635639,0.2512286932947931,0.22598278859790796,-0.20621429710771136,0.3820211857915036,0.49841932989224813,0.5691740593223191,-0.27913690250393675,0.23449814542277508,0.4827013652419556,0.35199052816296084,0.5905288880571385,-0.5278209629824816
Frontal_Inf_Oper_R,0.39393070880129166,0.6447239213750549,0.5350375159680308,0.5624014824428163,0.12835378458963678,0.09750532944725171,0.7470801245166091,0.6686463049389089,0.2084708632544338,0.2515385327241335,0.18013199999452567,0.4854236972567581,0.2452683827626576,0.19112778921962112,0.459284466385666,0.011445035965734353,1.0,0.7335107525159938,-0.07197920222844678,0.16936208499280908,0.7621337715425763,-0.2244901693875773,0.754974664459252,0.6419020809622676,0.8012110019637719,0.6285489129217433,-0.013543462082598694,0.7086258413458796,0.2821874029140555,0.14029571265976468,0.23198834883580907,0.5935435283952729,0.38083090448499557,0.16244396094844943,-0.0755676597145473,0.5365013064634524,-0.07812475760288476,0.07326959333051818,0.37748949007632426,0.2789428404269166,0.18280692292278858,0.1698433792759296,0.5569798603940931,0.2936125125275842,0.42151090845692407,0.3928852141761236,0.7273720198233462,-0.027429450534897093,0.1512303334734284,0.6334218208084537,0.4265287819859865,0.2582971538361158,0.5607256746832336,0.3458687956998415,0.2976851588180166,0.02564174564545801,0.6387429714124556,0.5464763815710947,0.6257825934417516,0.05504740195897383,0.6478422532165607,0.47288993343067204,0.11433895893462864,-0.1793176197681941,0.2924443123769565,0.7848269321581812,0.7759303956774669,0.623386681999917,0.7176684155532617,0.48684283134136047,0.4654850404698806,0.5806476055951078,0.1948999637975901,0.2046619847360933,0.622017784254953,0.4566793117520507,0.6865480063165226,0.1129546590562073,0.3698107082702104,0.5989193744770761,0.7940691759208628,0.006226077399456677,0.4686160727404281,0.16335187588687103,0.6227768145490357,0.6434866562672817,0.30289062049884613,-0.20624063114515698,0.22341873461993308,0.808632958459736,0.29835767040244476,0.027360663920971365,0.6304043826940774,0.5213846930524714,-0.007637673925380517,0.4658877998116512,0.6285183720979242,-0.08546818836341721,0.3106481072945277,0.5636155412031332,0.6074122863957737,0.518869619087309,0.15983377554656575,-0.2104488316840989,0.6754666675322996,-0.06523728411900483,0.5340168753520764,0.739185458308062,0.5131419008705753,0.3517836234632185
