,Cerebellum_8_L,Supp_Motor_Area_R,Thal_PuM_R,Temporal_Mid_R,SN_pr_L,Rectus_R,Thal_MDm_L,Hippocampus_L,Parietal_Inf_R,Fusiform_R,Parietal_Sup_L,SupraMarginal_R,Heschl_L,Red_N_L,Thal_PuI_L,OFCant_R,Frontal_Inf_Orb_2_L,Vermis_3,Temporal_Mid_L,Rolandic_Oper_R,Thal_PuM_L,Precuneus_R,Cerebellum_Crus1_L,Cerebellum_Crus1_R,Paracentral_Lobule_R,Thal_PuI_R,Frontal_Med_Orb_R,Temporal_Pole_Mid_L,Frontal_Med_Orb_L,Cerebellum_10_R,Angular_L,Temporal_Inf_L,Amygdala_R,Cerebellum_9_R,Vermis_4_5,Rectus_L,Cerebellum_Crus2_R,Cuneus_R,Thal_LP_L,Frontal_Inf_Oper_L,Rolandic_Oper_L,Raphe_D,Vermis_1_2,Caudate_R,Frontal_Sup_2_L,Cingulate_Mid_L,Cingulate_Post_R,Frontal_Mid_2_R,Vermis_7,Insula_L,Amygdala_L,Cerebellum_9_L,OFCant_L,SN_pc_R,Frontal_Sup_Medial_L,Vermis_8,Frontal_Inf_Orb_2_R,OFCmed_L,OFClat_R,Hippocampus_R,Occipital_Mid_L,Frontal_Sup_Medial_R,Thal_MDl_R,Cerebellum_4_5_L,ACC_sub_L,Thal_MGN_L,Thal_AV_R,Fusiform_L,Thal_LGN_L,Parietal_Inf_L,ACC_pre_L,VTA_R,Vermis_9,ACC_sup_L,Precentral_R,Putamen_R,ACC_pre_R,Thal_LGN_R,Cerebellum_4_5_R,ParaHippocampal_R,Occipital_Sup_R,Occipital_Inf_L,Cerebellum_10_L,SupraMarginal_L,Insula_R,Precuneus_L,Thal_Re_L,Temporal_Pole_Sup_L,Paracentral_Lobule_L,Thal_VA_R,Thal_MDm_R,Thal_PuA_R,SN_pc_L,Cuneus_L,Thal_VPL_R,VTA_L,N_Acc_L,Occipital_Sup_L,OFCpost_R,Frontal_Inf_Oper_R,Calcarine_L,Thal_AV_L,Thal_PuA_L,Thal_VA_L,Frontal_Sup_2_R,Pallidum_R,Calcarine_R,Temporal_Pole_Sup_R,Postcentral_L,Cerebellum_Crus2_L,Pallidum_L,Lingual_R,Angular_R,Thal_MGN_R,Thal_IL_L,Frontal_Mid_2_L,Cerebellum_6_L,Olfactory_R,Occipital_Inf_R,OFCmed_R,Caudate_L,Frontal_Inf_Tri_L,Lingual_L,Thal_VL_R,Thal_IL_R,Vermis_6,ParaHippocampal_L,Frontal_Inf_Tri_R,Putamen_L,Thal_LP_R,ACC_sub_R,Occipital_Mid_R,Postcentral_R,Temporal_Sup_L,Cerebellum_7b_L,Cerebellum_3_L,Cerebellum_6_R,Thal_MDl_L,Thal_VL_L,Thal_PuL_L,Vermis_10,Parietal_Sup_R,Temporal_Sup_R,N_Acc_R,Supp_Motor_Area_L
Cerebellum_8_L,1.0,0.22169680348948914,-0.01813779261988281,0.26737952038851465,0.45910209921089395,0.10442560361508184,0.2745261204012424,0.4408132015080968,-0.06349751071993415,0.40268358061558757,-0.3445952754730798,0.32856510516032983,0.45076020108302384,0.4200616261375801,0.23923056609758972,0.04036795540176557,0.222276756712002,0.41157680460394064,0.6467145188839675,0.30749766805034384,0.1362924706916631,0.22001460895011551,0.5076375676987279,0.5798309973222985,0.09828183392208292,0.12027049447442957,-0.16597293990213385,-0.13862549102734217,0.15861091032379016,-0.2517506875551024,0.08083745494017683,0.6703198995472759,0.27589784784192833,0.6776690650768474,0.6396997899450225,-0.12858661194858842,0.5337821356457297,0.14788213544888978,0.35646806390608843,0.4505614126394486,0.4456957296255391,0.4938024656782133,0.25439432806721884,0.26282566225558196,0.33055764097783863,0.38912286095826715,-0.013979823506789472,0.04732091509114584,0.061222072999074596,0.5708536533811784,0.5449160145850561,0.5238036985330633,-0.2459820680914801,0.1434149598474225,0.28547556903926347,-0.10663728863645686,-0.0480654860771772,0.05343249800269716,-0.03965480127128034,0.09325415835712565,0.08844048853452822,0.22812892277383479,0.2539937875257224,0.7328692286283799,-0.4656995787112352,0.028538578677624025,0.3221723163052517,0.7290568451837526,0.18791299503901834,-0.17564911387407825,-0.09645601117646069,0.16279919862747827,0.617150267957985,0.1481229546429801,0.23353428009467336,0.09239731296433776,0.19050580638664577,0.38010162306054995,0.656102347814394,0.15028028331093182,0.015590634850035036,0.40733489205888135,0.10382360521713323,0.19683468468906454,0.34686081064005925,-0.07297128005844494,0.1144759160017855,0.4088678380603944,-0.03763962706434453,0.04607810481768011,0.10396460496799306,0.27222654888037656,0.40728603876256186,0.26909926246731497,0.42763420788479517,0.10705432629655914,-0.0322162158829874,0.035980203603762126,0.10357598434768464,0.18013199999452567,0.4994524660501895,0.22391379554342947,0.2253420744059208,0.272589727006777,0.1962247517347772,0.17941454267259932,0.3218211897755437,0.03100102826484473,-0.28127344239813473,0.20696477354884482,0.015109400208826769,0.590738697717587,-0.062079784515391444,0.22634767432681668,0.07005940803641847,0.022058252400556123,0.6925357007934945,0.12540860694404737,0.32739748837713706,0.07243301506960545,0.2907120212956683,0.25169445436974996,0.6587203225091965,0.31332194401758473,-0.03175773869998159,0.5830454073513078,0.36817631124883077,0.11873525926884435,0.4332803803030563,0.44381867464361185,0.12697552531920597,0.05732475221714392,0.19560653884909832,0.4698304368820395,0.08592283094454585,0.39009423269392346,0.5352324627996572,0.3973744428603581,0.46093178304760635,0.11446649432526966,0.6623836696221705,-0.37672339867927784,0.1266878246508238,0.19657235200985637,0.319765183453841
Supp_Motor_Area_R,0.22169680348948914,1.0,0.47146126569861907,0.5075979070028419,0.0637219182373799,0.06066327577480912,0.40922991773111184,0.15628392847703518,0.6191001913255243,0.6078621266670701,0.46369608292251285,0.6927431589001988,0.4875043816645065,0.35641943587541824,0.3876890937582204,-0.07685424764579045,-0.07767971060221034,0.6118234962177138,0.07453918376815948,0.7112872981510063,0.5738941668472681,0.7285539406433935,0.12783726185298036,0.3254384486658068,0.8162556714478549,0.5510514605122699,0.32884469927480786,0.21615876962896807,-0.1119885553444677,0.1853997382254229,0.30041706078675773,0.08680811048260074,-0.13103385900639397,0.22510772262303394,0.5371876598779394,0.13164542073354887,0.1614114472940079,0.5077853156236652,0.03336773574128223,0.111190240031028,0.7042961331413221,0.17083057295744686,0.2339885114955739,0.22142344474140851,0.6826999636988169,0.7172092354410874,0.4185335216637626,0.47901726334794564,-0.1359645609152762,0.5129837007960072,-0.293146468585855,0.38556546654957863,-0.1510926169253363,-0.011396292371867766,0.33958286725193365,0.12774012163492818,0.08607145311131613,-0.31087428184181076,-0.02399869616122535,0.35279112910067745,0.1989102735315554,0.3851929923977973,0.009171294832601765,0.4415565823177077,0.03072624644402087,0.446090838884836,0.3306912532256559,0.23076571214663555,0.5429878869853013,0.627264029700845,-0.06524042422378536,-0.20354696759016652,0.013401217138723885,0.6724301300790857,0.8164914171890677,0.439230114055325,-0.153036309953043,0.3504922781777048,0.5327724341524046,0.3130748693936717,0.4921490736778524,-0.06862711821831288,0.13463629291778131,0.36016442583576824,0.39403574137130926,0.7143901225304141,0.022104722260439535,-0.13221854802542712,0.8493994007906255,0.3875811012633535,0.33580230164604263,0.3298613947804112,0.2780403973278992,0.5631433402632088,0.4673546627158416,-0.01624740356204638,0.20459798437504692,0.37069148845940636,-0.1435690724778482,0.7940691759208628,0.6394971962309782,0.35162005711968547,0.0626334515446575,0.3907288999557155,0.6135358935900127,0.40256135682553995,0.6012739927598356,0.14288695116358957,0.6166573008169345,0.2412690344098349,0.6488811434597798,0.5810391323674031,0.6134299257934197,0.14440952492488104,0.5397249352091987,0.6597690498142904,0.1785030308190827,-0.13614544497297293,0.2548940690787853,0.0005340771620396776,0.49286178683102894,0.23729961853678327,0.4937123728604122,0.5566873648718071,0.11759386523067013,0.13610828241093398,0.2551155051314764,0.40322579300060224,0.5422415022077499,0.2818140524286133,0.17654301738648331,0.26428287771869186,0.7594135702378081,0.49563122008294563,0.19719524743992928,0.5205968128391353,0.25065401437763424,0.4463530718915659,0.5423899613534908,0.2772925619901339,0.2829313879672725,0.4047082603240855,0.5754323016508184,0.00713036764886886,0.9173107565845056
Thal_PuM_R,-0.01813779261988281,0.47146126569861907,1.0,0.25132249987287997,0.29844003305132705,0.12683292621927383,0.6538050673057175,0.3349709116251685,0.30070118897394443,0.3839479444867415,0.18805574651716353,0.3141610677945792,0.31330924651050146,0.2935938816711356,0.35813356278326297,0.2480827136017048,0.29907106653678417,0.5515779111308233,-0.19036901704878462,0.5012993592443798,0.45827755495693745,0.6775817007347168,-0.1877085794537706,0.07444752754943583,0.4543683738618418,0.24511185794478293,0.10128464715617443,-0.06950641144115745,0.2876830635474813,0.5050022732516932,-0.170173700212162,0.0689046068951339,0.15658308455433304,-0.06788339945354964,0.3787933681602937,0.45450834186906514,-0.21960816840804892,0.041373311285181194,0.37045430069789864,0.20048783869446693,0.37413853721668716,-0.10281228372193835,0.3378294118874155,0.4781189086927057,0.3767983036712812,0.4634927318134069,0.6300152259887657,0.5541878614005281,-0.28070768118901107,0.3472853364866257,-0.12492792524615083,0.2263952705885323,0.41793294038767675,0.3641966648074487,0.36354249326280463,0.22163183142946724,0.48438455283484894,0.17569804604127595,0.30582559992486896,0.5908011773310639,-0.15174023827971547,0.4852047202094324,-0.12035765914119277,0.24307325839516897,0.28042157880692614,0.5004377441114575,0.36750134006263957,0.10946252816197426,0.32168457161841363,0.26438723410242343,0.3631975872701628,0.11663110749328476,-0.3176282078625675,0.4606271187654024,0.39524038098429465,0.7037040756237737,0.22573336593530458,0.43247770418752124,0.2676362902420065,0.5776328823602028,0.17628652271385045,-0.2933071680514996,0.29004515561015837,-0.014202202235981209,0.4686697807250823,0.5023020316271268,0.3211664994507913,-0.04065836157514158,0.5013284673646708,0.3520504023996774,0.6218048297952551,0.30889162471091614,0.30092725602451387,0.1508826046192349,0.24401599078725,0.24127701244853286,0.5717631518404122,0.04391854578237574,0.22905249225871838,0.5607256746832336,0.23181420870167466,0.41361017760787844,0.4411622001813094,0.5075061999549285,0.5322148695147148,0.6101724260730415,0.3106149908523071,0.435839984430839,0.3277715520459695,0.00618575061153956,0.4067227523136582,0.2795048497631506,0.3127526284506216,0.04350229938548863,0.5931170114889562,0.49118920326526083,-0.1304412350437265,0.27563529059850017,-0.1263417851416958,0.1083625806586676,0.5501611269232421,0.4264792171932705,0.09168008275765756,0.4988600156636833,0.3651743725385518,-0.2843897781552521,0.5471195937412608,0.5868673913852385,0.47797787236065004,0.3948731301191854,-0.2040283346008153,-0.09539035077479832,0.4032168753221502,0.42680277540034334,0.11817773279992366,0.525791254243708,-0.05953061572346877,0.46833971492696996,0.5116957416370816,0.45335812932224084,-0.06045590993991997,0.1873540722215755,0.5753529571475664,0.3273640392904299,0.5305307085411375
Temporal_Mid_R,0.26737952038851465,0.5075979070028419,0.25132249987287997,1.0,0.15872492486807108,-0.009031423494111967,0.23561446003881328,0.12610429596866649,0.23297711798224943,0.7932086143166616,0.2654477889791565,0.5592048490864735,0.3012929793857618,0.26831130152729776,0.2120031627932188,0.17815472606502206,-0.17686452456966328,0.41137207035060397,0.11004544904816549,0.4842088543045713,0.28324710608798426,0.6466262435220562,0.18064896214521453,0.6220115992181813,0.46022398260396186,0.44934241547896303,0.1251672967693701,-0.09004034480819337,-0.011247159579489215,0.06016663709382223,0.1599462250300988,0.14946373551354325,0.22598278859790796,0.542988752399768,0.6709695309900113,0.296089931466654,0.37217256029557266,0.5949210661347619,0.02090956860416505,0.04867184964155552,0.3827610747109756,0.26161127741858986,0.11972558068973888,0.3095114531921389,0.464815224888492,0.5740842711250499,0.039480360944851994,0.3464867919626486,-0.061777230487420086,0.4730274689638446,-0.05578778057814356,0.49351816529244663,-0.07467676213313594,-0.007481127137737351,0.25913738330075864,-0.20805710369600766,0.0881101421701154,-0.042862485409798104,0.1382122958001497,0.5144137497453383,0.10078949549220512,0.32838958057457407,0.00927519893519374,0.5124760803418549,0.005060978198500014,0.17393062391747816,0.12533634334619892,0.36878185881851794,0.25895585640138175,0.4537880162154124,-0.0032397046812088835,-0.10912160355172335,0.2610277928089435,0.4344245954394726,0.42627746206628314,0.31291489277370665,0.017939291817465494,0.6371574681220664,0.6837141408678404,0.38630671164360825,0.6175531274277758,-0.01804459633136809,0.058469493650236945,0.37574815715516496,0.47508994272349797,0.5459878644851366,-0.09425150650267818,-0.10931211787451967,0.5523696624363612,0.29806341433843875,0.3235490146075887,0.3370132825910431,0.19063183458160715,0.6950743801151185,0.4546215637577266,-0.0034011613720953517,0.2677833687413444,0.32751693642695506,0.10179453191712164,0.5636155412031332,0.7904470705348132,0.27390660007668494,0.003323500993907956,0.2964967744861566,0.432866228434266,0.18143921569037647,0.7938959576453527,0.3376759299045482,0.3694932101557335,0.2453364503320094,0.5313809099935646,0.782736254576551,0.48130433189820526,0.2815009691897652,0.22826566873689655,0.25015160456879454,0.2902781473617324,-0.0208575063389434,0.6252801815251054,0.07642101446507445,0.40629020536507776,0.022965889853504052,0.651617844601755,0.4772792523416531,-0.14982738684672997,0.24391574337851007,0.34108900391513264,0.3984716202450633,0.5018089860856022,0.3556442098101445,-0.1254878836479234,0.41754457853519167,0.31842098944472913,0.24003279251386037,0.19046644570599802,0.2307868538517702,0.5531546222220752,0.3716442682752614,0.3983996404499575,-0.09352656788264954,0.38538056136684207,0.18965845050672575,0.7107258993803965,0.06319602714806849,0.5261677086112428
SN_pr_L,0.45910209921089395,0.0637219182373799,0.29844003305132705,0.15872492486807108,1.0,0.06320732101400113,0.5135357275895859,0.5255423267987195,-0.24125702241134675,0.2945773403501252,-0.2804735221429648,0.02271471238961365,0.41109253017943903,0.55813781926437,0.33818878418947135,0.2516907202005688,0.35388747907507434,0.3930339159865585,0.11664894184941489,0.34291471217354313,0.3284708720768603,0.16788299156697772,0.16589116365365314,0.4645313165242851,-0.04315363897063945,-0.027134822364792657,-0.07829049267791695,-0.35835294499640385,0.2865224445183056,0.1780433435951802,-0.277757903925587,0.22523794150168222,0.6057910700871179,0.2628353867368968,0.3234119064923304,0.17423453867232497,0.32251084474827746,-0.18775063569661815,0.6300454214319356,0.30838691339690844,0.29406420734608424,0.1463193204681999,0.24855892100901142,0.4937581674756675,0.3351446408032753,0.20226872546958896,0.12149759654787365,0.09120091547073694,0.02589531363383954,0.5740357825121966,0.34009351048955744,0.29200079559553554,0.26727078523983167,0.5459013471001062,0.39734252876842024,0.03348314262189552,0.38347161443540034,0.36681399488644806,0.422236683320034,0.4529829887493853,-0.1192956454183599,0.3824061644121249,0.014195791871158622,0.3916759053877042,-0.2930032107750862,0.22398379242669705,0.45915586448034285,0.30346354387227886,0.07288068855396387,-0.18074761768447,0.19427757702254556,0.4164306504396529,0.12039460405823747,0.19282223407182028,-0.004533849761690593,0.5395879764621531,0.49663650148520416,0.356612937964124,0.37950588755159426,0.6225771218964647,-0.2037231735769692,-0.028763017106734522,0.3781098896519107,-0.10362679659913827,0.5996013373226651,-0.030254520205731758,0.4067752543654792,0.1360758614718118,-0.04119042341428541,0.08314284354855922,0.3419450781342528,0.2419429856441059,0.5975329031006631,-0.04584855371840537,0.24860714603086004,0.35964315140662795,0.5279902647630416,-0.1385793830167911,0.3861336347748147,0.1512303334734284,0.12770109212793948,0.14395793080957667,0.5133285946995022,0.4974732186177783,0.276941940899212,0.47879194290020033,0.11739367658746142,0.37912264403466545,-0.2137045963811919,-0.12669799695868283,0.09910951787977,0.35871927639303697,-0.170158179254036,0.30278664089119856,0.34476347465602974,0.07071567712617735,0.19197959708468923,0.698539356585842,-0.04185565468003327,0.3523441882772151,0.34327313406452153,0.32509686920161585,0.19284403352501847,0.15321485293607712,0.2401961265027889,0.22095910060758756,0.5808529388807214,0.3337376570416569,0.49521782445659374,0.4061883584246632,-0.15051332907188944,-0.20896909622562868,-0.04539372746071668,0.3270505701638795,0.0707018114434268,0.4079461725579841,0.2777095159311478,0.3216241057165929,0.3898041802813123,0.43770964774787563,0.24094347740508434,-0.3181063103711677,0.2863676282932155,0.6605240473880504,0.18728784130482926
Rectus_R,0.10442560361508184,0.06066327577480912,0.12683292621927383,-0.009031423494111967,0.06320732101400113,1.0,0.22420601448012928,0.4009344931077926,-0.14724825748455453,0.1252920114866736,-0.1299505533994496,-0.023475667797265135,0.11029620010580328,0.10147343995146627,0.5095635832767642,0.10527830980094284,0.2935845522366719,0.3072520364643538,-0.18657031054988532,0.08364857910832466,0.33062801986046875,0.15198834802693414,0.009878271631280534,0.0727403803602273,-0.032223723729802145,0.22723091898337194,0.11434002753610713,0.09897701101502544,-0.10973487362731764,0.40688897477854413,-0.21943909726316851,-0.008471178306976815,-0.0046073866236967425,0.05341332308625863,0.14559973667949935,0.2048889399198718,-0.16302724038759717,-0.07700912967648411,0.39377214610664185,0.07847863069351596,0.1132301809838738,-0.1417958081745529,0.2835064415671108,0.3927904221602783,0.09153003284196326,0.18685130761095212,0.21855227346943967,0.3513539645258788,-0.07859817114897759,0.14735874050942396,0.06780507939291058,0.1511440054815856,-0.02659992056902213,0.40051334089639085,0.25066825542846466,-0.02199352912686394,0.4948467406253903,0.0761551126435097,0.07506262911253285,0.271687500531291,-0.25732796717724377,0.37365344784778315,0.204615496110886,0.0001987197959269341,-0.0018828038104104657,0.15619408499986306,0.12587405010394295,0.07618418550888868,0.04871689732651527,-0.026007127713532426,0.3597071875918353,0.3600598308285456,-0.20694793280843085,0.1615344938964688,-0.08888878953795723,0.20005256319226788,0.31237364462566997,0.1846759995424724,-0.034717025746538364,0.24511585969264008,-0.1214312392136848,-0.08676024331999789,0.13426512697543108,0.0009590664087127103,0.2588795146212227,0.05870694934222618,0.307379158056314,0.14500592024290748,-0.022183156214312452,0.3562447545192349,0.30349558709464725,0.013321552181439386,0.308861575649311,-0.07823934892326605,0.17912295261743127,0.282866644587268,0.2056078337610274,-0.1640146491897435,0.3079899578897829,0.2924443123769565,0.01644782377514273,0.15807954010076938,0.3399512725675364,0.08531113573643813,0.26778885690874826,0.33186247578910283,0.007409164663157242,0.32464188947272726,0.08285236922433728,-0.12855521721964816,-0.13396805589440738,0.016276478446642966,-0.1767523610808908,0.18814636071155022,0.22462038010388333,0.22267643214596275,-0.0667002877507226,0.1322283560549125,-0.051957877491003154,-0.0013128784005374781,0.2824511028226287,0.2643098689670889,-0.05084902175742818,0.23764846864022968,0.34830531513656554,-0.06770386312506999,0.20570159838405525,0.40167208844363017,0.2504999449235152,0.14709599283708,0.1973737864342977,-0.3339674256260566,-0.06946925591111341,0.16697190196381698,-0.19914393727696256,0.24366526671912386,-0.05474378806008416,0.22769120857207467,0.1727030730395174,0.1436679917211958,-0.13901738754428478,-0.11637182477643156,0.17512703462083226,0.14662335180174094,0.15650705094834547
Thal_MDm_L,0.2745261204012424,0.40922991773111184,0.6538050673057175,0.23561446003881328,0.5135357275895859,0.22420601448012928,1.0,0.449625258026086,0.018612090811951407,0.500840814306675,-0.0769813027596772,0.21268324505406921,0.352281480465324,0.3924169974517521,0.4768271442391054,0.33068389070296883,0.29995139341647004,0.6432538907057826,-0.18718859903343832,0.510856410072327,0.6056452927761674,0.5445701725426864,-0.03239003052478303,0.26326195959742554,0.29637113854486785,0.3718393794612891,-0.04713697156205667,-0.20389515144932557,0.09488400497194928,0.599136476864213,-0.3453149059206888,0.07863547968353984,0.3732548244052589,0.11575511559671499,0.4510951702948448,0.4743677070234421,0.00801059962789322,0.06651637034505482,0.5951787480795743,0.2006791852762808,0.390092434143609,0.1345847691716619,0.39780858278239156,0.6249236555952694,0.44236537032303674,0.4614080064324311,0.3589873067817415,0.5576060771927305,-0.28524607138257196,0.36315487917993455,-0.0002471004792254476,0.40278360926044543,0.3202988015742344,0.3559924751920187,0.38222216379174495,0.22779130967729158,0.52892291829415,0.2796830629322748,0.3298965447999854,0.5861438945046434,-0.2911395536885024,0.4692607841145666,0.2477180035675074,0.34071545778329543,-0.05130356565201316,0.6901037572724621,0.5036813125778277,0.1650914372498824,0.3857531109196623,0.09381617824587708,0.44066834431935775,0.14146260180063872,-0.2121796579015295,0.3782978984622995,0.2878240514136333,0.6692023793928974,0.34961987815128565,0.5357105577902237,0.3976678209494861,0.6734502360820884,-0.07719499906445802,-0.20107472612630742,0.436417104237683,-0.08124596906631065,0.4788664790602274,0.3273250493616993,0.5095007418493764,-0.10566088173892937,0.3519827801259044,0.2655569733195585,0.5869484113834827,0.4778780415589762,0.6239394038077103,0.0023720045571350547,0.44625855817614696,0.03223618970465434,0.46080454472415866,-0.166877738296562,0.34718799167074077,0.4854236972567581,0.17057033825819057,0.4883758122865771,0.6443508764804321,0.572147514576221,0.550089751269707,0.6756150773166153,0.26567062529177327,0.5321569433938754,0.17768794179337694,-0.02270975791926277,0.15500976700805824,0.3720997031666675,0.007697169234613003,0.26722624548875823,0.4297438544752375,0.4521671503725033,-0.01193603027107814,0.5400912096946798,-0.032402977112904234,0.251414913309179,0.6110991496302267,0.35808344132482317,0.12917419673337346,0.3190122228244891,0.5108753540506754,-0.13848215065520786,0.653103217250265,0.6444228716682083,0.45114476117916524,0.6325810892110946,0.0012048258253779232,-0.36990838250207814,0.2322878801537816,0.37143086746641596,0.07603578609097728,0.5972610900333585,0.13682512202647085,0.6392803394198574,0.6759577374512513,0.5520651477112208,0.022099740597559342,-0.04681617326517675,0.504825040764939,0.5799624419443538,0.5288113959845211
Hippocampus_L,0.4408132015080968,0.15628392847703518,0.3349709116251685,0.12610429596866649,0.5255423267987195,0.4009344931077926,0.449625258026086,1.0,-0.17494700381249423,0.3419007380366795,-0.33456663444125445,0.15120869195727393,0.52433763534385,0.44563358580273366,0.7763519370587222,0.4249582427418065,0.8028934272778309,0.6432224097817,0.27665731309954256,0.42100081509280496,0.45923946167122714,0.23644898377346266,0.0962506001325869,0.32919171861791224,-0.07801005564166225,0.1418829878059705,-0.08623212957686338,-0.11626557692862216,0.4518233257673341,0.3553467444481709,-0.2459449762073975,0.3613923538152218,0.5568410978750882,0.38919721703798865,0.41745156511676823,0.3185534045701829,0.0010037395519825415,-0.20544940415005467,0.7874163979328229,0.7178615670276884,0.4818102174583647,-0.0703163630887426,0.7520308082116277,0.7607118213564326,0.45606393980797166,0.5831039137523601,0.34618756455404587,0.4528633634398572,-0.10346536112875668,0.6664539768017085,0.6081497810241074,0.3748719078940923,0.34919016150952387,0.6517133014432397,0.6245374913263716,0.07852790390319808,0.6037920118856942,0.5692412999317976,0.3817833154005591,0.6250657194367051,-0.10904933957237194,0.7493883751023005,0.17885996418946054,0.4406665388687005,0.06597384020592482,0.32242064623138933,0.2914040883470864,0.5104974957989303,0.5096385925995173,-0.15610965874937893,0.5855883679360548,0.5620698752561953,0.06297686151465975,0.5641813772166984,-0.006795549687292666,0.5429198406494841,0.765858177941743,0.21494863670114972,0.3816541064300918,0.5959810101284743,-0.20340033743064637,0.03465984126126173,0.4052174533562344,0.10161584170183793,0.716988388356323,0.08474161458773581,0.6008734945505438,0.5337456536791797,-0.14371354798924815,0.5501361566864714,0.45247376427822394,-0.07210803481075322,0.4192689001581642,0.03919157525431086,0.14491260169629983,0.576957216162013,0.6099811322008505,-0.14980064849595515,0.6428888968437491,0.42384116373346725,0.24456869592187824,0.4833323134498284,0.7920421698942383,0.41437937777866257,0.5757387778595663,0.563581975576446,0.18558495350416968,0.5759196121222693,-0.11918445887581251,-0.16483552038801316,-0.07743456075233139,0.2895232499521579,-0.13345530091707786,0.071942372136472,0.3703124004514896,0.29723288455004043,0.26497888672448494,0.33032318096446583,-0.11024047809089373,0.1937442420719708,0.6298582311582047,0.6720314159684119,0.29070704511126205,0.5316930196822633,0.4695721855266329,0.18653967415920536,0.7650178008832196,0.5786968312728111,0.6948609844109332,0.6010596969392724,-0.2105213225664204,-0.32339655241788706,0.011756340800732899,0.6363972054187589,-0.23946420166487162,0.6744064819976489,0.24684282438500119,0.5715738369891606,0.5884712874069816,0.4377323559757238,0.13096660439067848,-0.3640281526344973,0.3919177126744354,0.3333181988953761,0.37825580988091617
Parietal_Inf_R,-0.06349751071993415,0.6191001913255243,0.30070118897394443,0.23297711798224943,-0.24125702241134675,-0.14724825748455453,0.018612090811951407,-0.17494700381249423,1.0,0.06731861966282557,0.7576861197999224,0.6912879130069722,0.1767224317644315,0.09050593883905327,-0.02879415583545804,-0.31419331635058884,-0.23254878485927566,0.2785382256134436,0.05349366072566005,0.4202691032982997,0.2807050244569645,0.5703088780783545,-0.10577330553679634,-0.14469100100876436,0.7016606373974874,0.3374400636501513,0.2704255152379455,0.32294647829854817,-0.14176396289444546,-0.06593395120377725,0.5819282501550637,0.03912067369980126,-0.4940673417951965,-0.21407538611570878,0.15283660425977152,-0.07928221113404955,0.002116793020356403,0.5646501103426363,-0.35767861181983035,-0.08824785580401182,0.4212594225345157,0.07738395096694162,-0.16145758576687277,-0.14523829299060168,0.3056983387170031,0.38086725236579183,0.19542944820415212,0.15339157083946955,0.003914343247895554,0.1955251986891456,-0.3945962416853265,0.030257061154089243,-0.158563004959173,-0.31474660602018645,0.03046714421669141,0.07077970437569665,-0.27057198468306515,-0.42581586526182014,-0.2723956811961375,-0.060296303271222346,0.39365125726262995,0.05974186502973413,-0.24406951634077134,0.03994033103957184,0.134909619564072,0.1828873330090648,0.1027685656848375,-0.04970936730088053,0.26696063609773674,0.6865936022899211,-0.21236722881652906,-0.4029830031414541,-0.09038998594086597,0.36647586767147167,0.777487786719375,0.09581524050817755,-0.3700270556932426,0.09750393909304504,0.0721756450674524,-0.07578584603263927,0.73471739045745,-0.04724622557832569,0.03050348731312576,0.4105579718281688,0.03910893323636551,0.7294967436093374,-0.24427301685640004,-0.15028962328268697,0.6936337309641702,0.10569276750558405,0.04134107163599653,0.20882222646458642,-0.07320675714292475,0.623339016181016,0.28650736903012775,-0.18716189202078773,-0.0178877210482258,0.6517980138080164,-0.4738464248721064,0.48684283134136047,0.4220495817921135,0.03784501082223855,-0.3335596343690537,0.0499535194121503,0.2980041794604433,0.10531427036098065,0.3990717021933224,-0.295018950977964,0.5746143304988062,0.21033397500092568,0.5468137174995171,0.2132370769124158,0.8417098583372821,0.0700356072350083,0.242415167704589,0.21523446472438745,-0.11547150646935156,-0.2870075407558211,-0.060110432993112806,-0.025231204724457328,0.14317968642031095,-0.01218987272688989,0.19235501938317318,0.23026248781917116,-0.07634126887482562,-0.1273096492259176,-0.059094415272488196,0.002479170778959652,0.2587583838344535,-0.15965116344968894,0.1698265778360176,0.6082520939287128,0.8351085328125779,0.21061413589947667,0.3259630694039627,0.1753385149907735,-0.21370745635346564,0.039299435049901625,0.09078098443331162,0.06996190419976538,0.11748879779959992,0.7893071543142591,0.19009955890561966,-0.17874101741180545,0.3995130721390905
Fusiform_R,0.40268358061558757,0.6078621266670701,0.3839479444867415,0.7932086143166616,0.2945773403501252,0.1252920114866736,0.500840814306675,0.3419007380366795,0.06731861966282557,1.0,0.02600890485869175,0.5037471102835646,0.30819957327585384,0.38076804360137106,0.4103010612360823,0.25239480290518834,-0.04844256601200086,0.5715920760642494,0.1095259750133581,0.5104170220971294,0.37324696770178817,0.583970519014486,0.21924581509645652,0.7598519873879805,0.4521739894593804,0.43724684070453174,0.09015085219589689,-0.06774119850208088,0.08826259309199726,0.22631860371496665,-0.04259012589825515,0.2589839175351437,0.34369719816632094,0.6277827325377358,0.7695456932080398,0.3360851211182231,0.3110589022248331,0.3379699487053585,0.2746323594256924,0.17816514550220564,0.4506266364845413,0.30397574778279635,0.3986744884722746,0.45163993810536057,0.6001399132310921,0.6479538528002027,0.18383516934033162,0.4944756749822191,-0.21987381726421681,0.487770499137776,0.019676323690055963,0.6374094680125991,-0.09686606114713153,0.261327593993212,0.35704914000185145,-0.0628099140075491,0.2637125159402906,-0.007944012326962456,0.16142558327318218,0.6232343423964485,-0.08291306719330613,0.40360850197700165,0.13286605722123274,0.6899687543001406,-0.04294037610375086,0.3488326207008675,0.24018559625467636,0.5419820036124914,0.4306113987129256,0.28614493991223366,0.07475264604891857,0.06778590323989418,0.21718281431750872,0.49661855459168935,0.40400657508324844,0.4805414230625755,0.1024738951086272,0.593318490998253,0.8416683622553792,0.5477890510767179,0.28941055625320716,-0.07409393783199607,0.1279883627515754,0.20579647678432528,0.5041120854781519,0.39484964094305813,0.17887176416202943,-0.09665852706148266,0.5104694743771437,0.36894646644757445,0.4808259040365615,0.36860726473650274,0.37716090874765307,0.43211884353916497,0.43919671503529073,0.1793753257971727,0.3491579708990483,0.06847224110601777,0.23145745837751452,0.6478422532165607,0.6917325236064678,0.53554554077143,0.29475476796245714,0.5682263433697117,0.4944351499719493,0.405550572239241,0.6235386874638407,0.44472471607103337,0.27231323211850833,0.24732071036667155,0.4944754043022412,0.8167781346323089,0.27540909133045655,0.19986588517820675,0.42074138375005904,0.4883218341402249,0.4593286278932872,0.03825007058460541,0.6315564725954528,0.04487574773377836,0.5845779769616796,0.10616271292126322,0.6659440662887823,0.6002588452781717,0.06660142582766448,0.34814520051986236,0.495992276397843,0.5124305239565755,0.5484181570935641,0.6069177844087927,-0.044908507612285584,0.08702781690138361,0.2836705445326696,0.3414478546685698,0.061007792607159925,0.5341948480229157,0.7271361882080891,0.6482247057084886,0.6719158183010475,0.11358345257810118,0.37642349590630453,-0.08400298110741734,0.6227517237698187,0.1621071153686427,0.7295768028781487
Parietal_Sup_L,-0.3445952754730798,0.46369608292251285,0.18805574651716353,0.2654477889791565,-0.2804735221429648,-0.1299505533994496,-0.0769813027596772,-0.33456663444125445,0.7576861197999224,0.02600890485869175,1.0,0.34812897739717263,-0.0789050945738489,0.006426059529117039,-0.07990448050305765,-0.28377116213286824,-0.4073584542803041,0.05023092389760858,-0.22223693472843767,0.2605086247285932,0.2553372815527015,0.4142756942055441,-0.25018059804091614,-0.1582074711295105,0.5494164994181491,0.2475189022521139,0.35465299809986733,0.37206417896123556,-0.24660475807897622,0.08734766192358479,0.6473746259297128,-0.37316631348282797,-0.42132859363033076,-0.3591625071239804,-0.09665094238592419,-0.059670231083028914,-0.09079835832627321,0.5565893055330575,-0.4528065025767403,-0.36519656080745794,0.11141184476975864,-0.0746950171446203,-0.3350053083317483,-0.13557288079038768,0.1314248788643934,0.13411328693600444,0.1404495050224316,0.21356095324855867,0.0041649228698868316,0.019686890015416892,-0.5714760731970073,-0.08341145354806549,-0.15820968725129708,-0.33882406272866455,-0.05233405511759699,0.024023923385401217,-0.08976377125830887,-0.42421610269597165,-0.10123585897995808,0.011449314273579309,0.42344010742176225,0.0238267362414515,-0.3320090200512945,-0.2617637969583065,0.16028809327973403,0.09298211591983105,-0.007334593166335547,-0.3980446489868757,0.05433666804035069,0.8783080700180436,-0.19322795655258673,-0.42266976250348165,-0.2899762171002369,0.2855726644092054,0.467936540213569,0.09663784196830141,-0.3793640583038528,0.03236728854042535,-0.13369403163023452,-0.06401336980207388,0.73629156610366,-0.2341356665393328,-0.015503996041564196,0.4074945440616397,0.08189791728770168,0.7819094039880672,-0.3409785173439891,-0.31394725972428983,0.6612841012633413,0.035632100117014405,0.02439355829015103,0.10521182612407516,-0.1599678844895064,0.5316954294965364,0.17868671126274566,-0.26177403846002345,0.046559804111869406,0.7369261452015246,-0.33993747144664604,0.39393070880129166,0.29768306590894544,-0.1496626067944353,-0.44422995645177654,-0.088031612427593,0.2354800407287339,-0.01740777978600627,0.3366069245930675,-0.08211484312256795,0.7023878085359518,0.1119079631675781,0.5223215454378284,0.07086749724450005,0.8003505103846423,0.1391883712862953,0.18772905035073345,0.2213405637677878,-0.3765709010927579,-0.17377101107358792,0.030747453860265794,-0.027250289654768372,0.02596559153369995,-0.17497510062739188,0.0004569336037208663,0.0806687849838662,-0.1300300669924248,-0.2698059386315298,-0.17029509770686344,0.02622010128000423,0.10229404224053953,-0.3069021085792858,0.16390886908355087,0.6131672662190601,0.44398279640349075,-0.04881751236522492,0.36667410174454945,-0.10326088458150581,-0.2418139628329337,-0.15643828812205,-0.07719046300911513,-0.011071608408501075,-0.10956404236715264,0.8865870564651146,0.25827679379222346,-0.13294861676246722,0.20439714895090325
SupraMarginal_R,0.32856510516032983,0.6927431589001988,0.3141610677945792,0.5592048490864735,0.02271471238961365,-0.023475667797265135,0.21268324505406921,0.15120869195727393,0.6912879130069722,0.5037471102835646,0.34812897739717263,1.0,0.5074970831875606,0.2647328948148829,0.20675179628055584,0.01256246385449632,-0.11915579443136085,0.5922520654836446,0.2397774233533905,0.695547431958004,0.27363649495567943,0.6930203943316451,0.01649863107384619,0.24871731330922395,0.7166817752612653,0.38357618567424334,0.11314043188777755,0.1102000931687952,0.08690090541600808,-0.012593644087129315,0.3681749044993434,0.2853151353425104,-0.09574943316657432,0.21757978839049766,0.6575125756528055,0.10775971917770251,0.1871424692668666,0.49679127186047894,-0.02650382077499631,0.14755616878099187,0.6909995383524989,0.20118840255052153,0.18534142347272983,0.16473313326158673,0.5965368336111042,0.7251967243180351,0.04285349604457721,0.32413451191506143,-0.04466733192779975,0.5405948178900256,-0.08754854371776925,0.4844978366645288,-0.18438550221224867,0.0055563500758731505,0.31216060727913175,-0.049715683746690005,-0.13729342855442622,-0.1788887240953704,-0.21089748418364263,0.2742566867869027,0.2706365060369574,0.3337843066501948,-0.12195278946221934,0.4806273153918106,0.11628778324126629,0.17521962666127164,0.11504560963282438,0.3432647889636799,0.3914690951268727,0.5343907643363504,-0.07082447784431686,-0.11315814571153536,0.17101778474419946,0.5245656851258443,0.8137361352511512,0.3160467476218388,-0.08730486051002105,0.4152453580895716,0.5507101630230554,0.27967256654415157,0.6031485802170047,0.010649448798896037,0.2306714893754826,0.46917626525147405,0.3333079478677804,0.6182539719323366,-0.02826070591859744,-0.09473265255328452,0.6550861938724507,0.34302013874352355,0.2646757701621203,0.2599238679038267,0.09206528880649402,0.6718115900260635,0.3773672871781537,0.09632973887493754,0.15823907759184883,0.41415963826718366,-0.15831164614406237,0.6865480063165226,0.6548295762669561,0.36638158496804407,-0.034722116663451395,0.34434798435033054,0.5098048573305085,0.18700291395008584,0.6533632844480072,-0.017661574503131345,0.44653899092136523,0.3315649765375114,0.6034770061967105,0.5886966025788033,0.6229831611377264,0.08726209110922079,0.36765340176917927,0.2613241163349472,0.20237671640993732,-0.23678394975182515,0.190916300291614,0.026498181083245323,0.47583815896561216,0.07703058450174977,0.5001620674789632,0.5555462202559251,0.04422639306271302,0.11357874304271323,0.275740778567035,0.33165054406675654,0.5552827370375926,0.2364888851206078,0.005024058715332772,0.40248325026276727,0.8207719162036751,0.4075642650535338,0.2744036201555122,0.4979392254252633,0.2709248918348248,0.4291875454238025,0.45056773579493115,0.09540453344462548,0.34956260753014134,0.37729027057199155,0.4626864510586994,-0.09639630803536815,0.6263833896527183
Heschl_L,0.45076020108302384,0.4875043816645065,0.31330924651050146,0.3012929793857618,0.41109253017943903,0.11029620010580328,0.352281480465324,0.52433763534385,0.1767224317644315,0.30819957327585384,-0.0789050945738489,0.5074970831875606,1.0,0.37717728798091976,0.3713472772269641,0.2339129028054887,0.398930309919602,0.603754361587534,0.35736643948866076,0.6897401911889695,0.30489839001204877,0.466427828332258,0.17006541916932785,0.25603439274238426,0.378397213690004,0.18759145904001054,-0.014162753354768463,-0.09593358534891583,0.26466105469731604,0.013203080714508689,0.015678234831057538,0.3730600677399065,0.3548739278382191,0.29251474638580827,0.5315399626174099,0.13307323624948497,0.276004769263958,0.13632631919063196,0.41386796684060023,0.5743306114218518,0.8010767131232805,0.027852030492357478,0.46440025306464056,0.42388822883543936,0.6237835402711629,0.6771179546678641,0.2097309839337975,0.2581286781564391,0.05287287528361579,0.7622082625304737,0.3492337595765525,0.4018669010624383,0.10524872579957567,0.2521865285031441,0.6392255341146031,-0.06379124960371149,0.1207468200743381,0.25809850931786105,0.21751190313289126,0.4187644639721811,0.2546821660852051,0.6288344401712198,0.03872011646381152,0.5138779978579835,0.003237941047343372,0.20332796529029146,0.24531380681690926,0.45248849767451266,0.39988130715674614,0.09575112675283133,0.20976047782253532,0.23789223139725862,0.2560324738625824,0.5436965116970957,0.48113031893490615,0.4030972409523765,0.45222688505991376,0.28738101009337386,0.4845195995502824,0.4702802990681243,0.1575808017805783,0.20396361211846104,0.47463480697052207,0.2427863313470812,0.5994121559035144,0.28728408957431373,0.29551841631081616,0.2848927336700913,0.2632042571038204,0.4206007108008328,0.27634560589900203,0.03210322731804877,0.3142720082577409,0.38499674412164664,0.27110118679115625,0.30709006166989683,0.31693857030694333,0.1583954421759719,0.2702405991621715,0.4398822636801361,0.43455800997458194,0.3400977114367291,0.3803900132653273,0.37044729844109286,0.6172687106020281,0.3320423795453181,0.47376942499353103,0.2557072514619182,0.08937679330597363,0.0024055908685520033,0.23646802440125017,0.42530436392331644,0.1672880448640901,0.007545163955140486,0.39842460439940547,0.23064674471412921,0.21067070858840162,0.11515669064346265,-0.08742031197754001,0.277127155300902,0.505932848553476,0.5602866696402381,0.4087258971068429,0.4668536546545677,0.3068812381558728,0.17491352903259708,0.576580117883486,0.4410612313338693,0.6230440767814742,0.36466979212155315,-0.11510390258889337,0.0681235020312392,0.46776417886100685,0.6440114182440879,0.013441601807545092,0.5511062943798697,0.27269972602431275,0.44099372265232406,0.5067843021551717,0.31874912277250594,0.3538825890475512,-0.07148951216393767,0.4883755547378413,0.09472896972799881,0.5234179407488164
