,Paracentral_Lobule_R,Temporal_Pole_Sup_L,Frontal_Inf_Orb_2_L,Pallidum_L,Vermis_4_5,Thal_MGN_L,Thal_PuA_L,Thal_PuM_L,Hippocampus_L,Rectus_L,Lingual_R,Paracentral_Lobule_L,Cerebellum_8_R,Thal_Re_L,Frontal_Mid_2_L,Rolandic_Oper_L,Thal_MDl_L,SN_pr_L,SN_pc_R,Supp_Motor_Area_L,Hippocampus_R,Occipital_Mid_R,Thal_LP_L,Thal_AV_L,Parietal_Sup_R,Cuneus_R,Frontal_Med_Orb_R,Vermis_10,Fusiform_R,Fusiform_L,Vermis_9,Temporal_Pole_Mid_R,Thal_MGN_R,Cerebellum_Crus1_R,Amygdala_L,Thal_PuL_L,Caudate_L,Supp_Motor_Area_R,Amygdala_R,Frontal_Sup_Medial_L,Occipital_Sup_L,OFClat_R,Cerebellum_4_5_L,Cerebellum_3_L,Thal_VL_L,Cerebellum_Crus1_L,Frontal_Sup_2_R,Vermis_3,Raphe_D,Cerebellum_10_L,Cerebellum_3_R,Postcentral_R,Parietal_Sup_L,Cerebellum_10_R,SupraMarginal_R,Thal_VL_R,Thal_PuA_R,Frontal_Inf_Orb_2_R,Cerebellum_9_L,Occipital_Sup_R,Thal_IL_L,Thal_LGN_R,Thal_PuM_R,Insula_L,N_Acc_L,Cerebellum_9_R,Angular_R,Red_N_L,Cerebellum_Crus2_R,Rolandic_Oper_R,ACC_pre_L,Vermis_8,OFClat_L,Temporal_Mid_L,SN_pc_L,Frontal_Inf_Tri_L,Parietal_Inf_L,Occipital_Inf_L,Temporal_Pole_Mid_L,Thal_MDl_R,ACC_sub_R,Vermis_1_2,Thal_IL_R,Frontal_Sup_2_L,Precuneus_R,Thal_MDm_R,Angular_L,VTA_L,Thal_AV_R,Frontal_Sup_Medial_R,OFCant_L,VTA_R,OFCmed_R,Precentral_L,Thal_MDm_L
Paracentral_Lobule_R,1.0,-0.1127528248184128,-0.1677934918757632,-0.04129563381688873,0.03153748443194482,-0.07334347589440939,0.03845050967706341,0.12209086806455091,-0.12025625440437882,-0.013052910620474444,0.04976586941823434,-0.11299032101508821,0.04561096378236486,-0.004273107443344265,-0.0659640153615548,-0.1273179688730767,-0.046918780522675396,-0.027030209343709845,-0.11658280293392621,-0.16284246020077756,-0.07025938917103301,-0.22193007098135561,-0.06311864746623815,-0.02681636176332516,-0.0962257925902875,-0.1724703422203016,-0.040980288542547906,0.04549432882957027,0.00886148305329775,-0.042568074104106644,0.09126619892548309,-0.05929560284721756,-0.07972890795157855,0.08546846201461172,-0.08247072457789234,0.06293485735048836,0.016434295893958947,-0.1278413368492421,0.01175450472342029,-0.0579828028212615,-0.16561818434185968,-0.06946077134980387,-0.008565920070290441,0.039111599878739745,-0.031722624455113854,0.06178544425287812,-0.04780773798138911,-0.005187258200648315,-0.004952894715202503,-0.08731510106970472,-0.02315614574670797,-0.16260230936097314,0.017941416859359544,-0.011389425317023581,-0.16195109596386026,0.05637859067787471,-0.010881757894120467,-0.11002942139313412,0.0063414086811259505,-0.1785318003567005,-0.10643517875017997,-0.1543677434225922,0.08777067882871768,-0.21477784654364512,-0.03552665928713327,-0.005947789065788462,0.014905704206681634,0.018825011290616235,0.11641408587078685,-0.15065890477373756,-0.0823415671059442,0.14267617077515915,-0.07503155832546647,-0.0586097388006304,-0.06271691371389242,-0.13861194107056407,-0.1172045919830079,-0.044080399880737926,-0.11922845071911561,0.04092358366793409,-0.13660228975687644,-0.03190228338060702,0.0927858607048045,-0.05645920682132702,-0.06414126921575486,0.0077872167821330775,-0.02392316984556227,0.08153582120132385,-0.002989177930926018,-0.022230507822327845,-0.10901032800779216,0.06536434735011912,-0.025443128998220554,-0.10950171291203518,-0.1542572692093222
Temporal_Pole_Sup_L,-0.1127528248184128,1.0,0.7925849647823133,0.4806608017655079,0.4545169220032921,0.18502906079689363,0.46345164277417533,0.6172456618729504,0.7657389840535387,0.6539465959379178,0.589234832471538,-0.08582211303817516,0.6750830139959303,-0.008861024942781605,0.5897575824366741,0.7774673418880675,0.18766109926878835,0.43544405303479267,0.4344931693675519,0.5258678845021183,0.4180793809808185,0.028847366951788155,0.7090733477383355,-0.0460394278126126,0.10493671688270186,0.07069072209877553,0.6057174085388827,0.6084145349202057,0.6433302511718418,0.5226692801114908,0.5598726543971388,0.7565840508814884,0.24412351850937278,0.6227566743058679,0.33367543644885517,0.19547813012002482,0.34592456644852154,0.456236198055291,0.12474238721717923,0.610869265452417,-0.14025723974112772,0.7032979904824765,0.5081798081601199,0.3215500113347391,0.06391367511610631,0.6919524911462319,0.6239091508971799,0.30878951043330916,0.3301571030613487,0.6663765300301399,0.4207258430053452,0.4320709789331375,0.028949579561404593,0.5407028772639576,0.42384087332322296,0.4108719785903063,0.16830518269590047,0.7952973250076484,0.7209268841798786,-0.007131885573650485,-0.1518454585682521,-0.026438482751182768,0.3311659898378288,0.8306918324937728,0.3820569390799462,0.6890237679619258,-0.18967575181189017,-0.1146102420743173,0.555906422681771,0.7542502823377376,0.6706193008298966,0.43366201590788434,0.8130963625237835,0.8173840662566646,0.43519893132701326,0.6574569092582221,-0.07035203889101133,0.22701122290144574,0.7661162823420865,0.37218522864153736,0.5309531427792142,0.3833311813852304,0.2201731050851476,0.6154623230507146,0.6088071474761984,0.39626158712422094,-0.03980208010285606,-0.018273501403499922,0.47513172936740955,0.5900356879230988,0.5783497911140946,0.44665068425370646,0.43674507152697556,0.6519337822465026,0.49908732764296104
Frontal_Inf_Orb_2_L,-0.1677934918757632,0.7925849647823133,1.0,0.38636612519710023,0.2684474777716056,0.273765826443057,0.3607314650554877,0.408755166673265,0.663816945672061,0.5168826389865214,0.34046100399712553,-0.11006070705693259,0.49613611929939067,0.19071570362241824,0.628213135419927,0.6639923476615665,0.2747960126179726,0.2846649162171898,0.4171734808453771,0.5699307807840094,0.4408774195263886,0.13426861718953478,0.5136449048166921,0.06845344543488546,-0.006529969545102224,0.08790006819464327,0.4932820025455216,0.431405649220572,0.6048686119056254,0.48886518690740155,0.3819459264471276,0.7151635296464343,0.19142852899362958,0.5291988940610954,0.34626454021287434,0.1258132001047818,0.3649172504260188,0.482619617898484,0.17298063894262036,0.6403441946895726,-0.011429696435659952,0.6491943377916517,0.4368861553219032,0.25672127145727536,0.21046509761131332,0.45689026094082674,0.5734054780312479,0.2759976660790759,0.11950401418268825,0.4946098566358807,0.3140346864879911,0.33602266849519274,0.1798422459224126,0.44106943482595923,0.28414942339747135,0.25849496455940457,0.06810186029671025,0.7960662559923786,0.5367340489411436,0.11258670867002207,0.1251490674490057,0.13749921604747864,0.2182461325335334,0.7675612793630646,0.297461937824381,0.5193807491784811,-0.09217925155872274,0.0884259254885923,0.432009328280841,0.6188261543442084,0.6515851675690902,0.25892965466507545,0.7638073270519742,0.6698159385178849,0.3794348423995132,0.7305305225811304,0.024748710783887202,0.1789325155987524,0.6407558536244309,0.18253707645783365,0.5761031926673457,0.34330556665502104,0.17012451696706957,0.5826632907955634,0.4171456072291385,0.22310045930897537,0.10237456323671362,-0.07717470073280598,0.33080367970137586,0.5456543463983103,0.6888714522724044,0.25850312451840496,0.29951398443015964,0.6521238643271382,0.3817876596756634
Pallidum_L,-0.04129563381688873,0.4806608017655079,0.38636612519710023,1.0,0.4497064952207593,0.4114465684012841,0.4368923787305915,0.4729701333504769,0.5661542406590672,0.6514938175983657,0.4052144282808499,0.1622081241007892,0.42829026277821003,-0.06939640809869295,0.43617558726489475,0.14435807556639865,-0.008163472330321586,0.5694468718688154,0.37433721433786415,0.19708753089267125,0.37958862636096113,0.09548317786722701,0.3140841787442486,-0.14007365290527643,0.16388770957900392,-0.1288397923262168,0.7238728573539752,0.31038548393373366,0.44065489407374375,0.6038540778368258,0.37202324637605316,0.4915406103829621,0.5819715921666204,0.25335960156655174,0.23785289924224254,0.5540525498623838,0.7602819640358396,0.11145603491434952,0.37707518357568165,0.44326456164757183,-0.041776608328179324,0.21033767085941088,0.5927190284254626,0.27566647539566086,0.26623645724749967,0.4528690061118938,0.35123419685115015,0.4857885551625269,0.2593044573221065,0.49391345218885174,0.5280047486581392,-0.2032299898098165,0.1862664063616383,0.3256768999761865,-0.15299728126582832,0.38444143550637455,0.3512638907019278,0.3068802165200279,0.439062501609674,0.18409688694411946,-0.016584459516809574,0.021440837914663655,0.25551911095687824,0.19699884694325778,0.8104813054630894,0.47648236969796076,-0.03144045222363654,-0.19042565823265908,0.3985176773364542,0.22460680536455715,0.5499106211613396,0.430577651789258,0.498003541948194,0.6819654381696764,0.6192265734382312,0.4148039540023304,-0.06571841691376505,0.3069636878558578,0.691191803855002,0.31343627288299697,0.20771403373976322,0.30096529214067724,0.25408772388901685,0.4296229864546782,0.2103072769390084,0.29995291445884936,0.08119928047242221,-0.011439585936949418,0.3119250471958302,0.3636242115447458,0.420252084561027,0.3116468480920312,0.347401698384243,0.3164862615939732,0.40416502068446086
Vermis_4_5,0.03153748443194482,0.4545169220032921,0.2684474777716056,0.4497064952207593,1.0,0.1375867402407246,0.4319948866818061,0.6739757740395756,0.5124919397078008,0.5571098421307786,0.7568907609049751,-0.08417170936616283,0.6955608129095482,-0.23107282096597456,0.5474821546963867,0.2767258449999941,0.043256587659838225,0.34214099847842805,0.3074626343107798,0.45547646359759925,0.42026344457927706,-0.0346301250543217,0.4286140424422318,-0.12075743269543118,0.1453967810576923,0.05927393260034252,0.5981586802283796,0.6645428321226756,0.5336619696638726,0.6797854576423799,0.6448847635567554,0.41949624218924253,0.11327065012304553,0.5212789427500908,0.21120535952708702,0.2561688335581789,0.20030629874315478,0.3294504892297719,0.24708922475279793,0.7061801575934418,-0.11277580832048201,0.24168355972665279,0.7400999331489857,0.652940063633852,0.05402461485321129,0.6563589066947796,0.659021224863394,0.8208742083612645,0.5242874703108437,0.4357501540048831,0.6819146326590911,0.10602370890542095,-0.04047712759872843,0.3225652426779144,0.12817744187484306,0.5807770159946586,0.28148962234345015,0.19972456940796543,0.6732301861958189,-0.1769967677190205,-0.2548849813930951,-0.07878012035867869,0.5167206435768262,0.2751239849896662,0.39248627486544363,0.6890788861517816,-0.304776815432208,-0.2622422698549541,0.5853402644418414,0.34916384733745115,0.5345504558676439,0.6312394071892,0.5746418346818073,0.64667097405698,0.37724900059551364,0.49436091264170606,-0.09286160074035732,0.39850462716382595,0.5196137660299703,0.641441281615272,0.21853078800207598,0.6017673877170616,0.5451188564593942,0.7051105271976715,0.6316323598559433,0.7232251929295426,-0.1825096488184519,-0.09855626986296338,0.6128527644217285,0.7357492790402244,0.23395261478657065,0.6640743304213621,0.5073619413893521,0.35139383314526934,0.5407353152566909
Thal_MGN_L,-0.07334347589440939,0.18502906079689363,0.273765826443057,0.4114465684012841,0.1375867402407246,1.0,0.06773775582699833,0.10522650058280729,0.4509092660755961,0.2032102716417387,0.16572423838004038,0.27042648080904497,0.05883589727029852,0.4100772741050567,0.032726335175773925,-0.06523986601425887,0.28363616794861135,0.14297454103256524,0.39591477534231023,0.08393427517868741,0.5440707650373223,0.4162564575543107,-0.08351125935974522,0.4300790082378121,0.21911526284266142,0.12888207335688098,0.36393070370984854,0.1523046358223891,0.36141420288226556,0.5417072811863741,0.07529210230787053,0.4101781954105923,0.24455373253260015,0.12115453141695441,0.12211002570237464,0.1940026439188455,0.5137635959688029,-0.011174810090470897,0.458359922875404,0.15945602451144392,0.31244753226335575,0.22433947452853187,0.5659253992617983,0.3061993632305485,0.7895271136461769,0.0706665308363234,0.12840397396260755,0.2566539890688706,-0.2246605999873019,0.2041827680217751,0.3210917232823385,-0.19877530336965352,0.14157993935545302,0.0037996529907649242,-0.16859818248437883,0.2831870050395107,0.40623405379682304,0.23301439398574333,0.12328217742152772,0.1536931780579338,0.6758802190661146,0.6020436317036648,0.17050101058957728,0.13584987473156068,0.32878225205044165,0.21310370143722784,0.11750684015073458,0.45678000431756394,0.1748240351687358,-0.06298934633276121,0.3988795439088154,0.11617236884723135,0.025132778554918408,0.2624776425808675,0.5829709347647305,0.0541665880605353,0.08255322085463429,0.2783570706935253,0.2907742888912757,0.05101509971194165,0.23412193904504036,-0.1598399495262796,0.25901380667323165,0.09076661855877885,-0.034823128394659224,0.27350327029968835,0.23178426105563824,-0.03190499042928775,0.01728918835876948,0.058323963936946124,0.47646203345175747,-0.03312596450356382,0.36471975013109426,0.0012187795442620583,0.20154971879435685
Thal_PuA_L,0.03845050967706341,0.46345164277417533,0.3607314650554877,0.4368923787305915,0.4319948866818061,0.06773775582699833,1.0,0.5834378967397877,0.4459485835087304,0.35709391291662057,0.43312234295231183,-0.11755054378104342,0.5922810856519609,-0.014543047813463196,0.6003693167215144,0.4582592310468079,0.08159916554376999,0.3950635888189053,0.1094498488008696,0.3811633303902959,0.2361300729347391,-0.14247575847773147,0.5208730627401008,-0.13904061094153408,-0.004029321413083374,-0.08634750510973976,0.4853666995134748,0.471536765495198,0.48700792615262317,0.37275688651411204,0.5209684452802583,0.42647121271725996,0.20422543312840438,0.5163104021397772,0.25016571585172176,0.4003805224996204,0.2724837099866841,0.30857800171835914,0.1555554119198739,0.5350736285966209,-0.014759972499190435,0.2474297026124901,0.45541239401337613,0.33971202828904357,0.0388689697240282,0.4182032633949916,0.3652088057495394,0.37184979220270165,0.3062222448586144,0.36032098688037145,0.37799758380535364,0.06116860701346121,0.18821944774982827,0.3628581013253159,0.020888416761624954,0.31237428500735365,0.1792580270761953,0.3353116406563225,0.5412918460294379,0.015638276929004994,-0.1845536514066204,-0.35056474200691085,0.31013789255599833,0.40404900034354074,0.2981525774182106,0.5547853237730548,0.09804356435918458,-0.1591090024746418,0.5800567824089726,0.5407821520087168,0.46167246178845717,0.43360314834526337,0.46795462557981765,0.5471363688748794,0.22414856561703989,0.589618291746864,0.05572554360224869,0.08832983358283149,0.37043627153493625,0.37365023477160725,0.269130094409859,0.4892069925917347,0.2819513478339114,0.5805953560679049,0.42704365342974465,0.254314147064154,0.021477985216792395,-0.09537272556788132,0.3101408773581744,0.4828521565494711,0.3987287174304182,0.5081583848072009,0.022370052173699313,0.6153057967245029,0.36021763305732063
Thal_PuM_L,0.12209086806455091,0.6172456618729504,0.408755166673265,0.4729701333504769,0.6739757740395756,0.10522650058280729,0.5834378967397877,1.0,0.6102720519545551,0.5616028157476574,0.6691833853513378,-0.18837022411557416,0.7577004680930897,-0.16616918553927026,0.5905847122151207,0.46130652804708017,0.0869851481445826,0.47298209649487455,0.1886876565227269,0.3355544149618219,0.4776966705890719,-0.18687723355106237,0.5079840674409247,-0.09340672618104766,0.09993328633885645,-0.16907158973743788,0.5958708096187147,0.6804060891074882,0.584304652057624,0.5370351249494999,0.711859454274226,0.5242231687754968,0.17282769637162748,0.5579260792746993,0.26606683117151436,0.3528531768782882,0.2383914506243911,0.2742397584544427,0.21483794934584277,0.5758150609477695,-0.17463739381291551,0.344817119888292,0.6711655997433218,0.5520336359588441,0.0683118462034962,0.6121375961927067,0.5036300891777081,0.5322449852881612,0.4847286142228232,0.49220303386017294,0.6124540222470902,0.08314317926089965,-0.04093446085089132,0.37846925709143686,0.050513749694028526,0.6092678488244817,0.36328488396633907,0.4002007205995712,0.7254739100712968,-0.1984930424296093,-0.26630656668577135,-0.2500527925894885,0.6306249475055007,0.46054839577684403,0.36468567606020336,0.7374096364544767,-0.30581619326080034,-0.3284028446954933,0.6496821702737952,0.5065950371663113,0.5827618216422522,0.691776409060411,0.5713365255423195,0.6740779160546847,0.3583250466179592,0.5478207863040319,0.009474490124827078,0.2255116300307298,0.537493840640017,0.5836256604993435,0.32428986229364754,0.5276473884914525,0.4989525840194261,0.6528812903534296,0.4986541467724506,0.550222579670056,-0.0791954840299495,0.014735156674941284,0.5334882973488057,0.5689350025358337,0.3397730738114098,0.5598231464150587,0.3897865600134578,0.5059485389626176,0.6180139908093856
Hippocampus_L,-0.12025625440437882,0.7657389840535387,0.663816945672061,0.5661542406590672,0.5124919397078008,0.4509092660755961,0.4459485835087304,0.6102720519545551,1.0,0.5796939695462002,0.641401434621682,-0.06397404076577662,0.5855513823815304,0.2506997886517405,0.4416134868306904,0.49790900808617694,0.3647085018579232,0.4802030399065281,0.441389848563553,0.411666940861973,0.7442371682955541,0.1772344894072896,0.4893126597239969,0.20655599962652305,0.015387036832142865,0.09985135528380625,0.6949788958755272,0.6619337095551363,0.7216679219319443,0.685270688325187,0.5637659863069133,0.7189040230619581,0.3886864171884274,0.5707313950332576,0.5067498385137553,0.31252916708607764,0.4933015248724771,0.2936601722373387,0.4856828842935073,0.5704348734607179,0.10596146863077618,0.5900417449828016,0.7396914189808825,0.5226845749783264,0.42458305106283206,0.5688063401743814,0.5729379021511277,0.4642638929192724,0.3461518767644601,0.6054583241524816,0.5517520471407389,0.2568175706653399,0.11112935075375534,0.5077639716466418,0.25343138745847704,0.6448519891258921,0.4284440569944517,0.6808852257891757,0.6749454301679055,0.01722225525384682,0.19857620122375358,0.22414681636903167,0.49652624677810164,0.6671451742750596,0.5019090787435966,0.6956682139726434,-0.02048751538590587,0.1516085558425876,0.5429818471027891,0.5167728225288758,0.7295844562951281,0.5125226110663679,0.5936787056206653,0.7228555409561356,0.5885641856981767,0.51610781753062,0.014514907201348182,0.2854896052292705,0.688613858072649,0.3959209536877832,0.6398172666250325,0.38770532492866283,0.4746310977367614,0.5089132461148665,0.4777504098488391,0.4805733823618768,0.03601973924004354,-0.04590357398526497,0.4116214481398243,0.4918978895778757,0.619720551440901,0.39526718202785127,0.48548664783870277,0.4441097231912691,0.57200146870685
Rectus_L,-0.013052910620474444,0.6539465959379178,0.5168826389865214,0.6514938175983657,0.5571098421307786,0.2032102716417387,0.35709391291662057,0.5616028157476574,0.5796939695462002,1.0,0.4899734497243814,-0.10455935744983627,0.5353457703139227,-0.23705271957094454,0.44034966784401336,0.4681789657973749,0.045050858747139245,0.613618339470707,0.39402640107850756,0.30698338695854804,0.3806705975051986,0.006533488437850621,0.49371159491407335,-0.15635272205501544,0.11475203743296365,0.034791170555339715,0.7298669592964782,0.46060704368692057,0.5380637788095243,0.5803934747575857,0.4434795112628197,0.5512766502700887,0.33398564429661576,0.4233817490909823,0.39192087591778235,0.18186591604562602,0.42425117203178253,0.2855453777051195,0.20134065941682275,0.597025661707962,-0.2698484555873238,0.33955213252689365,0.5421377998629631,0.3211312741087931,0.020638391288775634,0.6009781350039387,0.6100131430466605,0.5715981461816262,0.43832078427933163,0.5765234886823456,0.5894266818913041,0.20204881381205722,-0.025580352094870442,0.3195196948384868,0.21373831826607373,0.3955791575125048,0.30276318752823633,0.45305915149544,0.5767404247631363,-0.07217018581107759,-0.2584513203600471,-0.07411194121701543,0.43613066871070055,0.49829718258450817,0.6573452337692651,0.5917709002916978,-0.2600716146279605,-0.2665484014024114,0.43375811883338755,0.49122791385171527,0.5599398955105611,0.4388086162891539,0.7247207910068593,0.666307107367641,0.530382289077803,0.4709552246919708,-0.241600648870174,0.31680146433345785,0.7860478005680311,0.4156493709726943,0.26865956713076433,0.508750604469655,0.3056634749249755,0.5195741265022251,0.4310390600022495,0.42200605667089414,-0.19939053767552575,0.0841399465316902,0.5110870004550345,0.5800995896674045,0.34324443426468776,0.4704557792313467,0.6238713132506789,0.28938052925735513,0.5605123661964377
Lingual_R,0.04976586941823434,0.589234832471538,0.34046100399712553,0.4052144282808499,0.7568907609049751,0.16572423838004038,0.43312234295231183,0.6691833853513378,0.641401434621682,0.4899734497243814,1.0,-0.09976383228584366,0.753458875909247,-0.06767780780176301,0.41516366301971136,0.3881621885663526,0.16904085889666487,0.27723115399252196,0.3745264474854162,0.4106314334765494,0.47112221715205665,0.053578026848924196,0.5369333145634767,0.0024821147892080397,0.05687779577720572,0.1991370244692885,0.523792998385013,0.8432445609107279,0.7146923043334081,0.5583785111435334,0.7999094890861539,0.4536980020783571,0.21260323776775633,0.7219112204797146,0.26159548078456507,0.258584073829006,0.2653115915835184,0.3435200113543812,0.3008615345763748,0.49856057889535105,-0.0027018683206532224,0.4418172500720703,0.6499571128263059,0.5578922998412966,0.14442718228038975,0.7997849455737762,0.5379764782057351,0.4391770188219307,0.41746980978736964,0.49815527032019874,0.4681026421263551,0.21966349312720998,0.03618758346338467,0.5771398214522437,0.2770953568329417,0.6667420777334183,0.32097033538842706,0.46364485789193655,0.8305360560110842,-0.08505299777017117,-0.10243448567955982,0.0024922846253816132,0.545256255826254,0.4142283422485288,0.3496804938415323,0.8321328887690269,-0.11605148259985634,-0.07771288740757668,0.6817246338824586,0.4310743771457555,0.5621876580060692,0.7699386982530999,0.5095964403522465,0.6478324395207936,0.39624619742866535,0.34749722519380555,-0.02509196231904293,0.3071114636329048,0.5012255455375912,0.5565095930014792,0.35222493391525733,0.3889468022367521,0.43867533935914377,0.5692993977150759,0.7614222395997469,0.5981837233539677,-0.04380401744890204,-0.09443986183165677,0.5630783485205781,0.5643384712264564,0.2847171951716476,0.6464530442465303,0.5265228845259831,0.41476638018385925,0.5380311705402824
Paracentral_Lobule_L,-0.11299032101508821,-0.08582211303817516,-0.11006070705693259,0.1622081241007892,-0.08417170936616283,0.27042648080904497,-0.11755054378104342,-0.18837022411557416,-0.06397404076577662,-0.10455935744983627,-0.09976383228584366,1.0,-0.13634287146649246,0.07958276873145942,-0.09127186603655918,-0.18110586419183403,0.06878441108851548,-0.05309254260821883,-0.029563517438234634,-0.11782989069579204,0.042445988265436246,0.17852050018076662,-0.09517964617143332,0.18981724203359157,0.26774829594365723,0.04157649951907128,-0.0005594163458119794,-0.11647790885318474,-0.05617447007032174,0.06136650978465556,-0.0716597850847989,-0.046403808222085036,0.15828104983020452,-0.17028650988533803,-0.14585509973962818,-0.030683804870874333,0.11733513699407591,-0.22835163428205746,0.08940290853736876,-0.15099614727660626,0.24978368270927304,-0.11408525861489945,-0.017592636949819034,-0.09336568669473051,0.24147857719305046,-0.10782587049290313,-0.19730177800591922,-0.05779775630170476,-0.08449997755676568,-0.11846894830044095,-0.06960288281111296,-0.17249795235433615,0.0037380382920428803,-0.10563846439534326,-0.12415378839206555,-0.022672007410025456,0.1566166452096406,-0.028013035277506985,-0.09862929926129761,0.1694165593557269,0.21534677354698176,0.1704557351836375,-0.13579907928313106,-0.12347472309056849,0.13086306466692432,-0.07631190442223898,0.20032541564382567,0.04703003742660545,-0.10608780772403613,-0.13195570818657076,-0.06132408544788008,-0.05754352370114914,-0.17918422591826352,0.007632650604922586,0.1578040140392094,-0.1253283594830363,0.0344392743214178,0.031264956514173714,-0.052816098594386504,-0.1150990757892287,-0.11611881128723309,-0.1729394826178737,-0.05821421196103859,-0.1318641075591271,-0.11890392604349828,0.02459729379879152,0.2048906856029269,-0.08572676534548508,-0.12626184220725745,-0.17027632062694195,0.07407484434132973,-0.12215634107766193,-0.039949219447755355,-0.05618113478250707,0.0031039389499016076
Cerebellum_8_R,0.04561096378236486,0.6750830139959303,0.49613611929939067,0.42829026277821003,0.6955608129095482,0.05883589727029852,0.5922810856519609,0.7577004680930897,0.5855513823815304,0.5353457703139227,0.753458875909247,-0.13634287146649246,1.0,-0.15677224695602815,0.6848439439826614,0.5151295854767207,0.06993083794203062,0.3798347245818396,0.29854637089171143,0.5659663735991493,0.40390032032778467,-0.08090087750958656,0.6392046877772074,-0.1401178081808005,0.05638246177462487,-0.07682539353385065,0.5272777562577761,0.7266548489668889,0.7823374472352904,0.5884417702264783,0.8364776089607834,0.6562731921449956,0.14302884815989697,0.848755029430992,0.25552390108327283,0.28477015100354647,0.22763984693513828,0.503469666294935,0.13920416332990843,0.7339350179105945,-0.1402099914738503,0.3861651715005152,0.6143309366321692,0.5835237005279713,-0.0033443331223303027,0.7947265420243429,0.6237462368303026,0.5406475128591548,0.41644279388304306,0.5457972858774116,0.5512791700251521,0.15385905327266225,0.07821746642979584,0.5440736556868893,0.1360992760445941,0.45649050793891527,0.1766707270441369,0.47991749968659403,0.8903932782324135,-0.15820678101002264,-0.24677814978598625,-0.2059784491115516,0.4280418847872282,0.4837827667807111,0.28162439450249255,0.8905306904669843,-0.2042386905988051,-0.211830852194729,0.9186019541770865,0.5643221988409499,0.5764388072813333,0.7641108275202194,0.6815767066065451,0.7180530715386411,0.3980548943022838,0.6822083596457571,-0.030206234840882633,0.26236598547019196,0.573800465325864,0.4822208097277032,0.35364054747890805,0.5313197779392087,0.3633717193657827,0.7670575425022539,0.7063767828826306,0.49631855504512135,-0.052123043344597254,-0.02122260944712611,0.5536960607890937,0.7636011861694794,0.4349348547463691,0.7176557403401677,0.3714693721584749,0.6652326799796675,0.5037136252015706
Thal_Re_L,-0.004273107443344265,-0.008861024942781605,0.19071570362241824,-0.06939640809869295,-0.23107282096597456,0.4100772741050567,-0.014543047813463196,-0.16616918553927026,0.2506997886517405,-0.23705271957094454,-0.06767780780176301,0.07958276873145942,-0.15677224695602815,1.0,-0.17083102011585505,-0.008886665716961586,0.6682822157810744,-0.09885367073622665,0.2579671815179693,0.012300209629689137,0.29680430518003453,0.34279696588405434,-0.1546076334692812,0.5131456092375827,-0.08222655376278228,0.25315802620113387,-0.09331624277146008,-0.013618796147573494,0.2743087523583144,0.2695583768879192,-0.1305891065288893,0.2681690050548411,0.015775816307307323,0.1485060819130252,0.04934751743957253,0.008277157964991908,0.2824889990384834,0.07440807178364874,0.22303483326764834,-0.09499339778403472,0.43008734677078675,0.2088617405867256,0.18025606703294803,0.14963718134490098,0.6582583571638881,-0.08561021827815161,-0.050493980397477156,-0.1210210120060068,-0.32472058964924777,0.08036208806893748,-0.04986732816824228,0.11706703910414201,0.14049187234979024,0.21801387759407848,0.0890490290356062,-0.0052222338261919046,0.03352457400221865,0.15076322016235585,-0.03725748674424276,0.1131816680051327,0.7147994892157657,0.4255908243720837,-0.06708745710787072,0.10164370617990869,-0.1849041086468423,-0.04108117809166469,0.29385991240534093,0.793028471659748,-0.0003593588679219747,-0.09082968554946232,0.07154190885373066,-0.1847983115978286,-0.18345974722373287,-0.047825881995125386,0.08545744564542225,-0.056361060060796345,0.13904839085378798,0.12202021127251153,0.011165117340927884,-0.4118076324598211,0.4868848731894618,-0.3752106736209716,0.0905112702806304,-0.20052925476569325,-0.09374351920316305,-0.18805204592923808,0.18955258144522888,-0.054005833117485906,-0.4346351550404551,-0.2213008526466635,0.3553412001436657,-0.24166748934636254,0.004550583684943141,-0.025979837299286403,-0.017109830097627024
Frontal_Mid_2_L,-0.0659640153615548,0.5897575824366741,0.628213135419927,0.43617558726489475,0.5474821546963867,0.032726335175773925,0.6003693167215144,0.5905847122151207,0.4416134868306904,0.44034966784401336,0.41516366301971136,-0.09127186603655918,0.6848439439826614,-0.17083102011585505,1.0,0.5065633622028969,-0.07475999816958223,0.3456805646235184,0.16198538142966035,0.6222309988690159,0.3186038816529069,-0.2084082786718347,0.5503319494183784,-0.21660908003716348,0.04407982723650869,-0.08872696818895215,0.5025180020266182,0.4411155019115492,0.5484380723283686,0.5038229449999039,0.532307460354516,0.5116340167517369,0.06743617683549939,0.5165112230290528,0.23051496901072532,0.29954763601721945,0.1829874852460372,0.5199172182157099,0.09087161083492404,0.8136163754672102,-0.040102606946087145,0.3388916856643234,0.4716524024594392,0.40016082301175604,-0.027193771517553946,0.42991561901363623,0.6087421309715424,0.5198857729915162,0.3700454332890319,0.4036204056727703,0.46991209842314896,0.015270624021664944,0.2560543303340482,0.30352122851212915,-0.042208780583173136,0.30851804249141235,0.09691832301134258,0.4697854330678197,0.5782467351715032,-0.03819464322649225,-0.20889415032048017,-0.2674564812701427,0.35659928801655705,0.49760683304614606,0.29507991388381677,0.5599403151208293,-0.1424163948328167,-0.3424253483872024,0.592621224576958,0.5457753798948567,0.6110034086541725,0.4600144679645777,0.6968055559296478,0.723963594290146,0.22042211966586586,0.9126000715142242,0.1826195710175086,0.18593472141176706,0.4535968812338535,0.44872829320637797,0.360558518105868,0.6660771497888074,0.3040319975425865,0.9194244231335726,0.5509251606666447,0.383179199044791,0.08823598966507147,-0.029909079393390776,0.49192028443284597,0.735813485396647,0.5149862213219011,0.5382884352217124,0.11071383600574283,0.8335615541210564,0.3760649676776436
Rolandic_Oper_L,-0.1273179688730767,0.7774673418880675,0.6639923476615665,0.14435807556639865,0.2767258449999941,-0.06523986601425887,0.4582592310468079,0.46130652804708017,0.49790900808617694,0.4681789657973749,0.3881621885663526,-0.18110586419183403,0.5151295854767207,-0.008886665716961586,0.5065633622028969,1.0,0.2273534744391465,0.20733443775487354,0.29644575546880836,0.5608079017003821,0.11364940394147637,0.011930556199437793,0.7739410782759607,-0.1619843379036619,0.07704418093317318,0.1981252532329584,0.369145489021703,0.47050018528997556,0.4656076162604749,0.28473787674738105,0.38539026331474774,0.5693669313900921,0.04415423348402667,0.6001104358176899,0.2208808046772244,0.04682498884996054,0.07395610536876888,0.5575353636268058,-0.17739594861371014,0.5189324585958516,-0.16129755759616246,0.5366375227150014,0.22901493083969351,0.14216108977027,-0.16564288536319094,0.5329651585328332,0.5284054345496821,0.20242644647849814,0.1580903979092226,0.4750370661749305,0.25952842165914164,0.6987912034328649,0.062622972445884,0.4435627890758213,0.6203321555829924,0.14505949993792305,-0.09689976104531257,0.6494865640079487,0.5486568585465761,0.00040818045547216374,-0.18510294704150537,-0.11512227587852569,0.18902297925963904,0.8753498214781842,0.08946038023774154,0.5005537714903867,-0.09684535502185793,-0.06995654046941395,0.4256890549422598,0.9490676693805334,0.4472534557460006,0.16110883176522697,0.6949796320788734,0.5638683113900311,0.15534890033571105,0.6163641343318345,-0.00872412757434542,0.11963960713975673,0.5078456304224263,0.24625709188331182,0.46307109609789154,0.44984832704229394,0.02106804144458077,0.5013199704580039,0.5857771135229702,0.14626166656429906,-0.08758807891631262,-0.02211592705515609,0.38429556411501686,0.521664237404171,0.46422013007997104,0.355611310582133,0.15012207833327737,0.6850739721672231,0.31027758666039496
Thal_MDl_L,-0.046918780522675396,0.18766109926878835,0.2747960126179726,-0.008163472330321586,0.043256587659838225,0.28363616794861135,0.08159916554376999,0.0869851481445826,0.3647085018579232,0.045050858747139245,0.16904085889666487,0.06878441108851548,0.06993083794203062,0.6682822157810744,-0.07475999816958223,0.2273534744391465,1.0,-0.02700409068370457,0.15486675814673076,0.0863333485926202,0.33388166381467765,0.3340938374247051,0.11843911845642559,0.5020286733647772,-0.0036580509214681318,0.23891065851349133,0.19878644534663883,0.2577292109744086,0.3978204837627522,0.3332220810231781,0.18678975207530407,0.31796737024835564,0.18424686097432103,0.31375590107416,0.21679185955361782,0.08586985377739019,0.25593691174075667,0.09811212254897642,0.2720073312731045,0.07896209369613716,0.36518668117067715,0.2969684036517282,0.24617502129977648,0.19615268031209207,0.5753955079277123,0.11761836140073571,0.11602084531570583,0.08434293410759083,0.0005650240865482182,0.22614641816748685,0.1039320491414764,0.3254918724430681,0.09490622797009801,0.2988810211922774,0.3121257609961822,0.2194747429876706,0.2187397534326594,0.3011795344271777,0.23914272549567592,0.09057364070060778,0.481475987531365,0.2623171916970725,0.2172041393205249,0.3176765701276549,-0.07694839949663967,0.25581021905723944,0.13626470028035692,0.5929911379983966,0.1442363569861437,0.2275012418984449,0.21656824646648123,0.10382194677235311,0.088220817928729,0.11085449229810564,0.09919717010873559,0.05087379869417897,-0.041316568408092266,0.045386429231212014,0.18001958540644947,-0.0896344802898157,0.5037838500558343,-0.08323727199593915,0.15670745283851922,-0.06525542592284483,0.08751974262772527,0.04235417084307037,0.1516334689900605,-0.12317595828785002,-0.18959801353040037,0.00303182850623369,0.37395973086251244,-0.06698517268876858,0.1711334185683711,0.056971258697546885,0.2418111584815791
SN_pr_L,-0.027030209343709845,0.43544405303479267,0.2846649162171898,0.5694468718688154,0.34214099847842805,0.14297454103256524,0.3950635888189053,0.47298209649487455,0.4802030399065281,0.613618339470707,0.27723115399252196,-0.05309254260821883,0.3798347245818396,-0.09885367073622665,0.3456805646235184,0.20733443775487354,-0.02700409068370457,1.0,0.2778637984992954,0.08304666661965775,0.42464069035719526,-0.11815792020054648,0.23517489880731265,-0.0702823607905649,-0.02415687546052286,-0.20852912767880544,0.5736243587315754,0.2194906061268205,0.3078147871514601,0.3481254198780655,0.3152252042828971,0.42514754638600594,0.3263976297002056,0.1607826188347746,0.4587819942367702,0.19224828004823336,0.3373453410672551,0.08251733091024069,0.2649452708903975,0.35948284662372265,-0.06083888456312444,0.1865238371195046,0.5205781290638634,0.2683834762342947,0.03896956151284423,0.2732847376281275,0.30517880595117036,0.3192193733072033,0.4310982318302793,0.5597723406880141,0.41604347401927405,-0.08855775202049898,-0.0011754882066784425,0.2156507207240833,-0.10945750072895083,0.36546012681679374,0.30659814362384197,0.19658350335231428,0.39325730962741784,-0.12058950264022611,-0.1960817565866857,-0.22842808637593043,0.2840821208467829,0.3305246874951274,0.6369148538793863,0.41195874386078196,-0.19259740251243337,-0.24420063551773258,0.3345345931282252,0.2328262871326052,0.4561610066785512,0.39844216785757985,0.38671526607267337,0.42792170929344187,0.6149240364793311,0.33659355434964233,-0.05776269133531923,0.07230228166446584,0.5157304461850825,0.2850104729699968,0.1802121693278432,0.34000309215270635,0.30663097974387876,0.35704987568328883,0.1769247813723547,0.22056422911617624,-0.11299761687247709,0.3287763162424337,0.34833540386958434,0.2449329407906204,0.25050691366091077,0.22838854232481168,0.259037903708315,0.20734196874796781,0.5040064079113445
SN_pc_R,-0.11658280293392621,0.4344931693675519,0.4171734808453771,0.37433721433786415,0.3074626343107798,0.39591477534231023,0.1094498488008696,0.1886876565227269,0.441389848563553,0.39402640107850756,0.3745264474854162,-0.029563517438234634,0.29854637089171143,0.2579671815179693,0.16198538142966035,0.29644575546880836,0.15486675814673076,0.2778637984992954,1.0,0.36069924738008646,0.23889272070007556,0.3461787314903701,0.3033608914517107,0.07603358756717456,0.0270734843047605,0.2580668913909404,0.2449782118236052,0.2446837476289846,0.42745634742249783,0.5251778872251591,0.1435936082693337,0.497705058358981,0.06384997017895723,0.4132615099628469,0.0011900077024961818,0.08527044121791448,0.4242051218452526,0.4218667312050518,0.07641649589462934,0.3449079767278217,-0.014620390129969473,0.36002856755601154,0.44496540520523414,0.278945616671056,0.23306611302192656,0.543145397940095,0.4226086194407023,0.28060691062478216,-0.12710758639502534,0.3528097451411303,0.29842725849069957,0.28393321771839863,0.010787781830539923,0.30867068730672537,0.31251677918447146,0.12446736086887114,0.06246320679851118,0.2953860178621368,0.32312373100563163,0.012525013359716933,0.202691292215873,0.38996652799620973,0.02344749765436961,0.30127732958803205,0.3106631200797465,0.3525048603221609,-0.07959855033568299,0.32818834786078765,0.35081860566600387,0.2390001286822185,0.3844031959043262,0.09498495526994626,0.37133952890232164,0.49717241219669034,0.5170960562534876,0.2077047754071967,-0.17040619349304323,0.5578575690254821,0.5351707078223645,0.07194089156558306,0.2713390045576936,0.0078913795467814,0.0655884541023583,0.26160344475992137,0.407281942381767,0.18232863050582196,-0.0742161661754271,0.1131173517620123,0.2297666823191964,0.32371228615095493,0.2865801303197514,0.2806611731646272,0.4146625605128362,0.20277713154274363,0.2051982623113194
Supp_Motor_Area_L,-0.16284246020077756,0.5258678845021183,0.5699307807840094,0.19708753089267125,0.45547646359759925,0.08393427517868741,0.3811633303902959,0.3355544149618219,0.411666940861973,0.30698338695854804,0.4106314334765494,-0.11782989069579204,0.5659663735991493,0.012300209629689137,0.6222309988690159,0.5608079017003821,0.0863333485926202,0.08304666661965775,0.36069924738008646,1.0,0.18407835755647275,0.07138349682756863,0.5541946044006939,-0.15218162026736154,0.04815159162222842,0.33428235291056363,0.36406787470482904,0.4123838560522348,0.4977998128769494,0.47736882817908477,0.3698924589229607,0.5291342241433936,0.005961425141248882,0.6104455025261236,0.21060708280716672,0.18070959356382219,0.17924688350377782,0.8111627174779933,0.04185667371184515,0.7749046700530255,-0.03458843280540437,0.47453139570520153,0.35912052360370333,0.3796004591424789,-0.0029518868413061124,0.49170515817952937,0.7495209428687901,0.4606002917596735,0.11231874340901689,0.29857536469722007,0.3712066065309059,0.519830616226228,0.20168255380673755,0.4114930915939529,0.4594194577298488,0.20174009039145405,-0.16431337331901533,0.44536892704207165,0.505212771327849,0.10224564625085443,0.010809091321256094,0.06922461079272228,0.09319527893267862,0.5277299466296083,0.14805321658048684,0.4890878586017089,0.03124147614733532,0.010796773397174268,0.4774240031753153,0.5801150718878244,0.5093112289956682,0.23356914298010725,0.6136224110883072,0.5361986949436722,0.24503625267575352,0.6893843320589024,0.1407841779944575,0.1989379777054297,0.4506273666244049,0.35737254548903014,0.4214504917657171,0.49783793110291413,0.1148548953750972,0.6544041718034713,0.6911640585625998,0.31961550970616787,-0.07382352350770902,-0.21374586830198875,0.5341154190669047,0.7917410002906287,0.4963742984868024,0.5047027007718918,0.22515357299578462,0.6514395872831801,0.22653668261586318
