,Frontal_Inf_Tri_R,Caudate_R,Thal_VA_R,Thal_PuM_L,Vermis_1_2,SN_pc_L,Precentral_R,Paracentral_Lobule_R,Raphe_D,Red_N_R,N_Acc_L,Vermis_9,Precuneus_R,Frontal_Inf_Orb_2_R,Frontal_Mid_2_L,Frontal_Mid_2_R,OFCant_R,Hippocampus_R,Rectus_L,Frontal_Sup_Medial_R,Frontal_Med_Orb_L,Thal_LP_R,Vermis_10,Postcentral_L,Temporal_Inf_L,Cerebellum_Crus1_R,Vermis_4_5,Cerebellum_Crus2_R,Pallidum_L,Cerebellum_10_R,Cerebellum_4_5_R,Frontal_Med_Orb_R,Thal_Re_L,Thal_PuL_R,OFClat_R,SupraMarginal_L,Frontal_Sup_2_L,Temporal_Pole_Mid_R,Thal_PuL_L,Frontal_Sup_Medial_L,Calcarine_L,ACC_sub_R,Insula_L,Frontal_Inf_Tri_L,Temporal_Inf_R,Amygdala_R,Frontal_Inf_Oper_L,N_Acc_R,Putamen_R,Hippocampus_L,Thal_PuA_L,Parietal_Sup_L,Lingual_R,OFClat_L,Cerebellum_10_L
Frontal_Inf_Tri_R,1.0,0.44709964108405886,0.14981477751910802,0.4333979062557904,0.6173881558830677,0.31151982151294005,0.5460184020083453,-0.13344215017566619,0.30733709595678854,0.2965028632841997,0.256210272431905,0.3725204757797386,0.6955559148300225,0.6454651222469879,0.5761732571350856,0.7451320526903743,0.48715616600853284,0.3349289905730991,0.5538905866015442,0.7377163363211264,0.530652471704866,0.31713216533562205,0.5032890708002569,0.28465643115776224,0.6466066972462869,0.5492265230366441,0.5124241957905529,0.4215686883738013,0.2552227716572094,0.39561467546846407,0.5811220957111084,0.48123716293838115,0.025815742325995313,0.49942370553731125,0.6215770393875032,0.16999958486181432,0.6161404584134687,0.5811427476658328,0.10296274395283592,0.7637076093742918,0.6143360880785786,0.48763470166020156,0.6662363871236038,0.7026488620161503,0.46588377685507365,0.07582276441231696,0.7299788340069242,0.5398341193187955,0.2441090575616774,0.557904716026536,0.3519297747322238,0.1428666978686016,0.4566837255297978,0.7475817055029713,0.42152666198081884
Caudate_R,0.44709964108405886,1.0,0.4518848103437483,0.34668942939753816,0.14399512209431745,0.4111924202103287,0.2522349300446671,-0.1601246317074122,-0.02039735674788098,0.22039724209485778,0.24254945252932644,0.28965004593837956,0.1851395564202904,0.5772820282342599,0.32793004637847123,0.30493635934764723,0.6169906089271104,0.6100323920005694,0.3479270980260734,0.3154495253520605,0.5410517673618439,0.367657844772622,0.3990378333769737,0.3431807504439897,0.34045244937926816,0.4217434182276373,0.21786300037780887,0.33783410336388564,0.38882305848638576,0.3771481615216095,0.39232016559735716,0.4751265848737912,0.5203273504147642,0.3749762574137621,0.4338852461623244,0.2550919893553724,0.3059075823986682,0.6589097608498661,0.26779897342083764,0.4513770668544475,0.23550174323882317,0.7153742119977727,0.5638702785926147,0.45989196598127147,0.49048147403433284,0.3984445354564909,0.44655969786244676,0.2564921365691002,0.5503507106455454,0.7099553868643964,0.31149779224513396,0.21509925531023313,0.2731019399773342,0.37102878323293004,0.4350966945982013
Thal_VA_R,0.14981477751910802,0.4518848103437483,1.0,0.2765230195151689,0.05833071706701549,0.416383257136503,-0.0592241221634548,-0.04339644395287038,0.0648015944638714,0.39400431960669857,0.23704555979887373,0.22505451777508703,0.2142028484764386,0.334370452129045,0.12702577231862894,0.16051841976869544,0.5627614156563441,0.5646091132997273,0.1421602352742276,0.21893218490188415,0.37008666034314486,0.2302182527602006,0.29359868138510603,0.20487154294906734,0.1337927408503249,0.19321599283726784,0.30326461685990397,0.19778689713253048,0.29383516126362746,0.18483638776386518,0.28401746403337474,0.3962143291422153,0.257757378038941,0.07102543173664543,0.41377963654288447,0.15609137485855304,0.20497045225006677,0.32875547098389024,0.2242932043554289,0.20293890503215342,0.1506824277572616,0.33291028006751616,0.2025835989158525,0.10240685327331456,0.41762086749711,0.5109545409582068,0.052942913989621934,0.08546532885723115,0.4407028868564315,0.47476742091807894,0.1272506429081339,0.1491282085933852,0.37408165960317447,0.011748169972924626,0.1313937390345147
Thal_PuM_L,0.4333979062557904,0.34668942939753816,0.2765230195151689,1.0,0.5276473884914525,0.3583250466179592,0.12984580000507495,0.12209086806455091,0.4847286142228232,0.3044370883235237,0.36468567606020336,0.711859454274226,0.4986541467724506,0.4002007205995712,0.5905847122151207,0.29885012873033356,0.5500585726479624,0.4776966705890719,0.5616028157476574,0.5689350025358337,0.5645641616551527,0.5206292865531189,0.6804060891074882,0.44362863853047585,0.5691050965941524,0.5579260792746993,0.6739757740395756,0.6496821702737952,0.4729701333504769,0.37846925709143686,0.8045968984235672,0.5958708096187147,-0.16616918553927026,0.5731086516188316,0.344817119888292,0.23965418252727383,0.6528812903534296,0.5242231687754968,0.3528531768782882,0.5758150609477695,0.5965401758876521,0.32428986229364754,0.46054839577684403,0.5478207863040319,0.4600380167489936,0.21483794934584277,0.4660986017171655,0.6157320100671771,0.2440734414835991,0.6102720519545551,0.5834378967397877,-0.04093446085089132,0.6691833853513378,0.5713365255423195,0.49220303386017294
Vermis_1_2,0.6173881558830677,0.14399512209431745,0.05833071706701549,0.5276473884914525,1.0,0.16136283363245155,0.2478548240455339,-0.03190228338060702,0.5026572599573552,0.22047410305736612,0.3836343370474173,0.4342694375265505,0.5388546571644214,0.2966429346059781,0.6660771497888074,0.44205152526793284,0.2895894822106821,0.2598784630358532,0.508750604469655,0.6811543512538075,0.4991115747813748,0.2945632394233965,0.48676498980768457,0.39000775216953376,0.45301824657058154,0.3839814892762441,0.6017673877170616,0.3903900506702221,0.30096529214067724,0.17746099307337476,0.595634907664749,0.5019258664486485,-0.3752106736209716,0.5004400350931663,0.16202527043628523,0.23997386812856683,0.6809864992570168,0.29497359964105063,0.16316166021119027,0.7090697795950446,0.5675521852746751,0.21107248428716355,0.44974569788021185,0.6447840477640908,0.4057946851726525,0.14560912460714687,0.589050520606287,0.5761216055640934,0.19839687757257116,0.38770532492866283,0.4892069925917347,0.13900681642147694,0.3889468022367521,0.5747195744147232,0.2706067486079679
SN_pc_L,0.31151982151294005,0.4111924202103287,0.416383257136503,0.3583250466179592,0.16136283363245155,1.0,0.03054962287504423,-0.06271691371389242,0.06781709244244868,0.47084185007706564,0.6912280081013396,0.3171206302531683,0.27362332632355807,0.3332311888717774,0.22042211966586586,0.23491190890553806,0.5885482428610433,0.5732253425549546,0.530382289077803,0.3548821432094492,0.6850766788737201,0.20854150616431644,0.3197421078848564,0.04253511211056764,0.4514750345535571,0.2970605950905896,0.37724900059551364,0.41492818517687075,0.6192265734382312,0.25493874451146803,0.39249687925476046,0.5575816390999064,0.08545744564542225,0.19587710159045402,0.3141720649467046,-0.07638650268048384,0.3353618537184314,0.5659458010072178,0.2502918472106766,0.4364936348353623,0.30899207245326427,0.25624567576462975,0.32784736529623426,0.27591919472736576,0.48569748048818906,0.41454571724871636,0.28313186730069295,0.5992292773741937,0.48203567735701996,0.5885641856981767,0.22414856561703989,0.08640656950230875,0.39624619742866535,0.3569062702770345,0.45748788732163825
Precentral_R,0.5460184020083453,0.2522349300446671,-0.0592241221634548,0.12984580000507495,0.2478548240455339,0.03054962287504423,1.0,-0.09920159631298761,-0.03354898044108052,0.03412382294082379,-0.008295455985862054,0.11762753895745645,0.4986915736136061,0.4509743920176141,0.10408011955488589,0.7467382463393916,0.09481807989947666,-0.12596649657560066,0.2881253313303517,0.4044973357005148,0.21916379325861904,0.15492512053707544,0.30388865020628625,0.1073981131946614,0.43458121391019944,0.4285666908398484,0.11133886354061436,0.10663284772731758,-0.06671026841537858,0.39499140126012683,0.2001292291943193,0.10009466377741573,0.03140226761078346,0.3325576606575057,0.4500563886455872,-0.03756506384059892,0.16313617503100677,0.33705097829237407,-0.04980742019544604,0.34207642140172956,0.3352283169985503,0.38898085016277056,0.6050102650275244,0.2752035561651953,-0.22082402094591674,-0.21394581285054623,0.4298529402330192,0.19215284740578453,-0.21958007587369846,0.2799637643389099,0.09858987926192196,-0.0443042248131421,0.2484217006385528,0.5138859016452522,0.25285579649406154
Paracentral_Lobule_R,-0.13344215017566619,-0.1601246317074122,-0.04339644395287038,0.12209086806455091,-0.03190228338060702,-0.06271691371389242,-0.09920159631298761,1.0,-0.004952894715202503,-0.02651860830694359,-0.03552665928713327,0.09126619892548309,-0.06414126921575486,-0.11002942139313412,-0.0659640153615548,-0.1281765965123295,-0.08748426229301351,-0.07025938917103301,-0.013052910620474444,-0.022230507822327845,-0.11979379473702674,0.07261882010536988,0.04549432882957027,-0.04690040672324799,-0.06553621928929763,0.08546846201461172,0.03153748443194482,0.11641408587078685,-0.04129563381688873,-0.011389425317023581,0.0059704693434983165,-0.040980288542547906,-0.004273107443344265,0.04183763904988083,-0.06946077134980387,-0.06521473324682994,-0.05645920682132702,-0.05929560284721756,0.06293485735048836,-0.0579828028212615,0.05297041811129489,-0.13660228975687644,-0.21477784654364512,-0.13861194107056407,-0.05883298198780058,0.01175450472342029,-0.12121391456439774,-0.0243620095477331,-0.008445644806118615,-0.12025625440437882,0.03845050967706341,0.017941416859359544,0.04976586941823434,-0.07503155832546647,-0.08731510106970472
Raphe_D,0.30733709595678854,-0.02039735674788098,0.0648015944638714,0.4847286142228232,0.5026572599573552,0.06781709244244868,-0.03354898044108052,-0.004952894715202503,1.0,0.36632916398474397,0.2768839796109413,0.4721095594376411,0.33967330864737233,0.21209376555855056,0.3700454332890319,0.20198509812730844,0.32725628201109647,0.35200108049498524,0.43832078427933163,0.34323307220548055,0.28903530652932025,0.38353634725090097,0.4039720702253814,0.05226587449870942,0.3825975744002825,0.16750768945558459,0.5242874703108437,0.2710365392994133,0.2593044573221065,0.16450736937505822,0.47396991729794646,0.4830979443792408,-0.32472058964924777,0.3015237899267392,0.1811822683331785,0.05725530237045898,0.41048499652980647,0.15059110689022828,0.058255726925401215,0.31930313331927634,0.4435873283932956,0.12718301688385025,0.2218252367033969,0.3015940465894515,0.27982418545751997,0.26621427229366523,0.20091792948884218,0.3965938226616567,0.1362302679052444,0.3461518767644601,0.3062222448586144,-0.1687048766303694,0.41746980978736964,0.36501412707815095,0.31753513295465513
Red_N_R,0.2965028632841997,0.22039724209485778,0.39400431960669857,0.3044370883235237,0.22047410305736612,0.47084185007706564,0.03412382294082379,-0.02651860830694359,0.36632916398474397,1.0,0.45323949518529794,0.20662210278346763,0.3051304720568507,0.2576216110286117,0.18772632729640432,0.2885003217164783,0.42500496407873917,0.4561614651228894,0.4273287070822489,0.2739280211269078,0.39721318607138406,0.2709535485716167,0.24956535366979732,0.06281736195905215,0.340963188110895,0.20671114756920916,0.3764043707309756,0.21810196629725023,0.4167047191091143,0.22748051097881455,0.35742007437969286,0.46983682772797875,0.05231014998981081,0.15898508102518108,0.35337078928282206,-0.03258949639508255,0.28641487304943763,0.3518839809740091,0.1554015014956641,0.29627829704093817,0.30962327278583035,0.26592589551753165,0.211293405069057,0.16901697716917352,0.2883925394165361,0.38357564957506063,0.14206358897042512,0.4443771946275598,0.31209633714839696,0.4397639507789721,0.2148392093147437,0.036098496696459606,0.38383180050604504,0.23213031886595614,0.38286218891889845
N_Acc_L,0.256210272431905,0.24254945252932644,0.23704555979887373,0.36468567606020336,0.3836343370474173,0.6912280081013396,-0.008295455985862054,-0.03552665928713327,0.2768839796109413,0.45323949518529794,1.0,0.2932997626860334,0.1856871282590942,0.24452404848022813,0.29507991388381677,0.18772534366205865,0.538259971100413,0.40815943992673626,0.6573452337692651,0.3140937178277604,0.7311567270675545,0.20700723477157987,0.3036142971900315,0.004035085060685808,0.5008926866082957,0.09888931930192707,0.39248627486544363,0.20100031263501492,0.8104813054630894,0.228333407285647,0.3514267614040609,0.6785860369156868,-0.1849041086468423,0.1797822565092148,0.12097447092545562,-0.17371877737498703,0.33263449621205676,0.33055648071087296,0.3529752694323533,0.38962898940247487,0.3184547713770934,0.14194630933899421,0.19327210661588917,0.26991653507473967,0.2477496578031828,0.41986234570293035,0.2521191563127158,0.6029646824223261,0.4249285943017735,0.5019090787435966,0.2981525774182106,0.11306994349067226,0.3496804938415323,0.4240670444916317,0.3685580075908619
Vermis_9,0.3725204757797386,0.28965004593837956,0.22505451777508703,0.711859454274226,0.4342694375265505,0.3171206302531683,0.11762753895745645,0.09126619892548309,0.4721095594376411,0.20662210278346763,0.2932997626860334,1.0,0.5705547500855289,0.4587758384428038,0.532307460354516,0.21765989973153063,0.4757438071461392,0.44480890928076106,0.4434795112628197,0.5433312091647291,0.47738252064705133,0.5471010190236053,0.8476724256371175,0.41369293727297,0.4581248364619404,0.70275746325497,0.6448847635567554,0.7412357098355307,0.37202324637605316,0.5888896311855308,0.7102638365566442,0.5139279631189932,-0.1305891065288893,0.4679514715274683,0.32753658937239916,0.32394936071050784,0.5748302985658218,0.4302065997938752,0.2838617570697191,0.5143526299848669,0.7430725387774317,0.3211819241247406,0.40471747833030225,0.4972095691841378,0.44498563709752137,0.34956120654498785,0.46870787178169243,0.573476975361616,0.24036505878197448,0.5637659863069133,0.5209684452802583,0.08383806126336145,0.7999094890861539,0.5465749468867868,0.4596644811130529
Precuneus_R,0.6955559148300225,0.1851395564202904,0.2142028484764386,0.4986541467724506,0.5388546571644214,0.27362332632355807,0.4986915736136061,-0.06414126921575486,0.33967330864737233,0.3051304720568507,0.1856871282590942,0.5705547500855289,1.0,0.5374252224346544,0.5509251606666447,0.6476760454613684,0.4147657357643191,0.25401134982803547,0.4310390600022495,0.7226389338193258,0.4512700872058373,0.380486462877521,0.627136462766775,0.4350125449717167,0.5093278416874973,0.7498665083070203,0.6316323598559433,0.6241500304015779,0.2103072769390084,0.5536018522110939,0.6848741800183876,0.40687145271145403,-0.09374351920316305,0.4720909386912186,0.5669870253588635,0.3699886191649202,0.658473468544364,0.4934641315480242,0.1390114936181993,0.6360811966348935,0.8308661738999942,0.3498101498889502,0.5548375544445422,0.5352853061582628,0.40050502743421157,0.0612752898474591,0.6020739633570625,0.5574081060953161,0.07719942837665457,0.4777504098488391,0.42704365342974465,0.12467305721986968,0.7614222395997469,0.5978678839522958,0.41110318937525675
Frontal_Inf_Orb_2_R,0.6454651222469879,0.5772820282342599,0.334370452129045,0.4002007205995712,0.2966429346059781,0.3332311888717774,0.4509743920176141,-0.11002942139313412,0.21209376555855056,0.2576216110286117,0.24452404848022813,0.4587758384428038,0.5374252224346544,1.0,0.4697854330678197,0.5151105513673078,0.6197038804102541,0.4516787575194142,0.45305915149544,0.44719178163646023,0.47387577099689365,0.5367331411638224,0.5226129498498121,0.4135395178312942,0.3902421798014097,0.5481192242003213,0.19972456940796543,0.40592722802295417,0.3068802165200279,0.5185288755683112,0.4428315586052556,0.4566089105048103,0.15076322016235585,0.5312581824381017,0.820742977926626,0.37275846783656635,0.460469339073079,0.618741912606295,0.1087882866826036,0.4590271180077859,0.5094950058800726,0.5991224781058792,0.7614190250639766,0.5242600792498696,0.35569459171274315,0.22610295609590794,0.6046822126366471,0.384131091243809,0.25455955903060745,0.6808852257891757,0.3353116406563225,0.12993675003845562,0.46364485789193655,0.6012926711464499,0.461603806222638
Frontal_Mid_2_L,0.5761732571350856,0.32793004637847123,0.12702577231862894,0.5905847122151207,0.6660771497888074,0.22042211966586586,0.10408011955488589,-0.0659640153615548,0.3700454332890319,0.18772632729640432,0.29507991388381677,0.532307460354516,0.5509251606666447,0.4697854330678197,1.0,0.32501498361882103,0.4673189104999954,0.3186038816529069,0.44034966784401336,0.735813485396647,0.5586487117188591,0.2716083987061823,0.4411155019115492,0.7317967772890808,0.45777599944096853,0.5165112230290528,0.5474821546963867,0.592621224576958,0.43617558726489475,0.30352122851212915,0.6240774191682805,0.5025180020266182,-0.17083102011585505,0.483741497634404,0.3388916856643234,0.5511245862508353,0.9194244231335726,0.5116340167517369,0.29954763601721945,0.8136163754672102,0.5807355802138172,0.360558518105868,0.49760683304614606,0.9126000715142242,0.49626530668188756,0.09087161083492404,0.8102434089730878,0.5636833143772862,0.15078567396704162,0.4416134868306904,0.6003693167215144,0.2560543303340482,0.41516366301971136,0.6968055559296478,0.4036204056727703
Frontal_Mid_2_R,0.7451320526903743,0.30493635934764723,0.16051841976869544,0.29885012873033356,0.44205152526793284,0.23491190890553806,0.7467382463393916,-0.1281765965123295,0.20198509812730844,0.2885003217164783,0.18772534366205865,0.21765989973153063,0.6476760454613684,0.5151105513673078,0.32501498361882103,1.0,0.3175629657389681,0.19906620683405957,0.4494165005551195,0.617006579003374,0.3785080223272776,0.2100964077966586,0.40608611728042016,0.052926465329394635,0.6149451921632337,0.422158277574586,0.43008822593767937,0.19952890640989057,0.10324551740609031,0.28309663865058965,0.41804284618910176,0.2789647169533481,-0.023917620713199226,0.3621978808333462,0.5828667597763277,-0.0541434155660958,0.4849604408033604,0.34705313214527417,-0.05682323985913351,0.5803400921019278,0.5319511147983316,0.4836261822420454,0.552590588481157,0.3455484773673052,0.038602553364211124,0.004863654825360709,0.3986737637570528,0.31108845633837434,-0.04842796069837206,0.4306995311160586,0.12815899796912372,-0.09810880130112466,0.46217471388230275,0.5407979327320024,0.29786632478277836
OFCant_R,0.48715616600853284,0.6169906089271104,0.5627614156563441,0.5500585726479624,0.2895894822106821,0.5885482428610433,0.09481807989947666,-0.08748426229301351,0.32725628201109647,0.42500496407873917,0.538259971100413,0.4757438071461392,0.4147657357643191,0.6197038804102541,0.4673189104999954,0.3175629657389681,1.0,0.7030164958691312,0.6275713578514267,0.4768700319811522,0.7904500500245769,0.44266785849484813,0.4924508627300825,0.3149410439895422,0.5330164921723135,0.4161029527121256,0.5135768840446513,0.406999405634087,0.6029516752042189,0.4019539040077633,0.5607094118133771,0.7652825521939303,0.1382731959634958,0.4027381665313688,0.5720251961742162,0.1739156995924984,0.5252530867917006,0.6843559502908474,0.30036432295909826,0.5352668359902494,0.4147934605087151,0.5125661026097675,0.539277054955967,0.4803376303006114,0.6106162614751167,0.4479245107537187,0.4413901418065086,0.529507017901919,0.6138802566571783,0.7520639120155395,0.3399107455170242,0.1326853940538187,0.5296341563526702,0.5480093265502984,0.5013442446626672
Hippocampus_R,0.3349289905730991,0.6100323920005694,0.5646091132997273,0.4776966705890719,0.2598784630358532,0.5732253425549546,-0.12596649657560066,-0.07025938917103301,0.35200108049498524,0.4561614651228894,0.40815943992673626,0.44480890928076106,0.25401134982803547,0.4516787575194142,0.3186038816529069,0.19906620683405957,0.7030164958691312,1.0,0.3806705975051986,0.32126821074726003,0.5266116782519354,0.43809284863627973,0.5018424366148345,0.19809567073949144,0.2822697483831626,0.33135403078602055,0.42026344457927706,0.36929155408013986,0.37958862636096113,0.20772601092477536,0.5235302469016716,0.5381419299181575,0.29680430518003453,0.38480728376087225,0.36000775784731004,0.21515291700109374,0.39991187515093224,0.5278982067325556,0.07294823037624482,0.4097335237005006,0.3528213231697472,0.5028396266058205,0.41001710173687217,0.3072870894674725,0.6626219245704092,0.7006761703438169,0.2260747182486086,0.4312018580593757,0.7180214299174014,0.7442371682955541,0.2361300729347391,0.021189240014749273,0.47112221715205665,0.2455669983589416,0.36564362847438375
Rectus_L,0.5538905866015442,0.3479270980260734,0.1421602352742276,0.5616028157476574,0.508750604469655,0.530382289077803,0.2881253313303517,-0.013052910620474444,0.43832078427933163,0.4273287070822489,0.6573452337692651,0.4434795112628197,0.4310390600022495,0.45305915149544,0.44034966784401336,0.4494165005551195,0.6275713578514267,0.3806705975051986,1.0,0.5800995896674045,0.7527818761186343,0.41348452115136886,0.46060704368692057,0.11984207879354832,0.7636476877758721,0.4233817490909823,0.5571098421307786,0.43375811883338755,0.6514938175983657,0.3195196948384868,0.59035341146935,0.7298669592964782,-0.23705271957094454,0.42378599350206997,0.33955213252689365,-0.04545034700177853,0.5195741265022251,0.5512766502700887,0.18186591604562602,0.597025661707962,0.5148105000584376,0.26865956713076433,0.49829718258450817,0.4709552246919708,0.31677357273504275,0.20134065941682275,0.5043812556072088,0.7211243147080352,0.28228124707507696,0.5796939695462002,0.35709391291662057,-0.025580352094870442,0.4899734497243814,0.7247207910068593,0.5765234886823456
Frontal_Sup_Medial_R,0.7377163363211264,0.3154495253520605,0.21893218490188415,0.5689350025358337,0.6811543512538075,0.3548821432094492,0.4044973357005148,-0.022230507822327845,0.34323307220548055,0.2739280211269078,0.3140937178277604,0.5433312091647291,0.7226389338193258,0.44719178163646023,0.735813485396647,0.617006579003374,0.4768700319811522,0.32126821074726003,0.5800995896674045,1.0,0.6375852554451948,0.26698872467337925,0.5553871559455252,0.45323763186946886,0.6985298337257476,0.679834212113835,0.7357492790402244,0.6511614101604627,0.3636242115447458,0.34739697252468327,0.6657376850822522,0.560700869510398,-0.2213008526466635,0.42197979604962393,0.42573208028526344,0.22726125375662887,0.8308603029246396,0.5715724642172364,0.20749606458930633,0.9398453640756318,0.6508677674940697,0.3337819497998786,0.47893444456141504,0.7503045577559936,0.482548221343051,0.1092827836290634,0.6923283165716972,0.6066531757465289,0.1539805418488196,0.4918978895778757,0.4828521565494711,0.07815342365920258,0.5643384712264564,0.7446187139914452,0.3842221786270883
Frontal_Med_Orb_L,0.530652471704866,0.5410517673618439,0.37008666034314486,0.5645641616551527,0.4991115747813748,0.6850766788737201,0.21916379325861904,-0.11979379473702674,0.28903530652932025,0.39721318607138406,0.7311567270675545,0.47738252064705133,0.4512700872058373,0.47387577099689365,0.5586487117188591,0.3785080223272776,0.7904500500245769,0.5266116782519354,0.7527818761186343,0.6375852554451948,1.0,0.3057728261566391,0.5008276959811329,0.3089860563175244,0.6615707128768032,0.45057961117037093,0.6011176807964124,0.47507079304710415,0.7411618431628064,0.39218223072745584,0.5768452856442321,0.8706810240146092,-0.07764458481669874,0.3823391301098018,0.37815452143737627,0.10385851089258186,0.6085165941945797,0.6436327296104496,0.37373630525165513,0.6963985521023648,0.48487722935246375,0.41818136983116455,0.5433012775903181,0.5928292044833969,0.5249756420309906,0.36800945476947905,0.5603130839368463,0.6862026628215658,0.5112360788102994,0.6942499455063873,0.44369543840675946,0.18332923774354606,0.512154613722843,0.683678920497246,0.5552771004653859
Thal_LP_R,0.31713216533562205,0.367657844772622,0.2302182527602006,0.5206292865531189,0.2945632394233965,0.20854150616431644,0.15492512053707544,0.07261882010536988,0.38353634725090097,0.2709535485716167,0.20700723477157987,0.5471010190236053,0.380486462877521,0.5367331411638224,0.2716083987061823,0.2100964077966586,0.44266785849484813,0.43809284863627973,0.41348452115136886,0.26698872467337925,0.3057728261566391,1.0,0.5456056196562349,0.3521763773727105,0.23947390159556753,0.5087054037272557,0.26752067100103727,0.46214144621215,0.23148774890192472,0.40345951402702324,0.488161299450191,0.4807315861562518,0.13180015403990558,0.5725683814650502,0.4131658576453651,0.2942162284517836,0.2704389746099096,0.3725471337451903,0.20132199761052746,0.26731961156015993,0.44664499933135515,0.3575136837741205,0.4590975048485696,0.25603493546790446,0.3149145007155505,0.2655042082009969,0.2969756790541191,0.48908940511604065,0.3061306934962804,0.5885602697510868,0.4633537525249373,0.05149532178513696,0.5194756769435651,0.33620378323712835,0.39515420945182334
Vermis_10,0.5032890708002569,0.3990378333769737,0.29359868138510603,0.6804060891074882,0.48676498980768457,0.3197421078848564,0.30388865020628625,0.04549432882957027,0.4039720702253814,0.24956535366979732,0.3036142971900315,0.8476724256371175,0.627136462766775,0.5226129498498121,0.4411155019115492,0.40608611728042016,0.4924508627300825,0.5018424366148345,0.46060704368692057,0.5553871559455252,0.5008276959811329,0.5456056196562349,1.0,0.3324993733788355,0.515213709849266,0.6886795278319245,0.6645428321226756,0.633207338495697,0.31038548393373366,0.6149592812459682,0.761353432247643,0.5273391161323829,-0.013618796147573494,0.49840272292075394,0.40019745456993455,0.28171472873115755,0.5301680267003375,0.4717601194368478,0.2154811711329319,0.5200822260169963,0.7643053947229773,0.46216243807783924,0.5210895725477915,0.4388309375378849,0.45704633751120577,0.355865383632339,0.4662903939927753,0.5262535322528011,0.28822467578702077,0.6619337095551363,0.471536765495198,0.0568037023039779,0.8432445609107279,0.5455869367471462,0.4748643692492748
Postcentral_L,0.28465643115776224,0.3431807504439897,0.20487154294906734,0.44362863853047585,0.39000775216953376,0.04253511211056764,0.1073981131946614,-0.04690040672324799,0.05226587449870942,0.06281736195905215,0.004035085060685808,0.41369293727297,0.4350125449717167,0.4135395178312942,0.7317967772890808,0.052926465329394635,0.3149410439895422,0.19809567073949144,0.11984207879354832,0.45323763186946886,0.3089860563175244,0.3521763773727105,0.3324993733788355,1.0,0.047235412798093464,0.5136182806340447,0.2350748265270218,0.518814964180193,0.22266004044819132,0.32441730587485607,0.4346486933840663,0.30098034689274805,0.05444565619479055,0.43805991170452907,0.2852443646759411,0.7993316664806854,0.6004945083069069,0.4713623807529768,0.245199631191327,0.4780299134824308,0.34001550032589,0.30570518643612615,0.4636714177315297,0.6927030700376818,0.36145470437778,-0.03130228661429368,0.6361255302313815,0.37431018725674886,0.10013878073859574,0.3129516998487736,0.5679200735961437,0.3376745013568259,0.27733426342888534,0.37274595113963477,0.24434447859061348
Temporal_Inf_L,0.6466066972462869,0.34045244937926816,0.1337927408503249,0.5691050965941524,0.45301824657058154,0.4514750345535571,0.43458121391019944,-0.06553621928929763,0.3825975744002825,0.340963188110895,0.5008926866082957,0.4581248364619404,0.5093278416874973,0.3902421798014097,0.45777599944096853,0.6149451921632337,0.5330164921723135,0.2822697483831626,0.7636476877758721,0.6985298337257476,0.6615707128768032,0.23947390159556753,0.515213709849266,0.047235412798093464,1.0,0.46192501713708123,0.7400853356976017,0.44518146854610574,0.5345391709070068,0.35059002842738296,0.6680016920450967,0.5691328753922925,-0.1944217893370593,0.33161029194236785,0.3689740566682373,-0.1854426802927526,0.5739357314354729,0.5507915164559775,0.2335291006743705,0.6981838983906165,0.5515099265320405,0.30529971593779387,0.4170697420949903,0.5200580925181173,0.3005976276461889,0.0764383137019772,0.5216614474821403,0.5380833411077802,0.09370163281361703,0.5701108457168984,0.317302199762443,-0.17333101231349432,0.5677530196667016,0.8144434829534407,0.5261888331150075
Cerebellum_Crus1_R,0.5492265230366441,0.4217434182276373,0.19321599283726784,0.5579260792746993,0.3839814892762441,0.2970605950905896,0.4285666908398484,0.08546846201461172,0.16750768945558459,0.20671114756920916,0.09888931930192707,0.70275746325497,0.7498665083070203,0.5481192242003213,0.5165112230290528,0.422158277574586,0.4161029527121256,0.33135403078602055,0.4233817490909823,0.679834212113835,0.45057961117037093,0.5087054037272557,0.6886795278319245,0.5136182806340447,0.46192501713708123,1.0,0.5212789427500908,0.8811233254070276,0.25335960156655174,0.6334266318943279,0.6677660592390714,0.3822031313602818,0.1485060819130252,0.5564879781142805,0.4583256452082323,0.43827782937932785,0.5966650491044191,0.6774343766972223,0.21724110617363118,0.6464170764906746,0.762708474346152,0.4583317704233549,0.5452644614394326,0.5728007676605082,0.46662101426642527,0.11668886945657947,0.65394899585253,0.5406385720576342,0.16367968895587318,0.5707313950332576,0.5163104021397772,0.1508295403878254,0.7219112204797146,0.5924399392074521,0.473492111294168
Vermis_4_5,0.5124241957905529,0.21786300037780887,0.30326461685990397,0.6739757740395756,0.6017673877170616,0.37724900059551364,0.11133886354061436,0.03153748443194482,0.5242874703108437,0.3764043707309756,0.39248627486544363,0.6448847635567554,0.6316323598559433,0.19972456940796543,0.5474821546963867,0.43008822593767937,0.5135768840446513,0.42026344457927706,0.5571098421307786,0.7357492790402244,0.6011176807964124,0.26752067100103727,0.6645428321226756,0.2350748265270218,0.7400853356976017,0.5212789427500908,1.0,0.5853402644418414,0.4497064952207593,0.3225652426779144,0.817104906802434,0.5981586802283796,-0.23107282096597456,0.3200951730522939,0.24168355972665279,0.07067379582631951,0.7051105271976715,0.41949624218924253,0.2561688335581789,0.7061801575934418,0.6669824099146486,0.21853078800207598,0.2751239849896662,0.49436091264170606,0.5570293179398532,0.24708922475279793,0.413327508222041,0.547411800098706,0.2526154988942499,0.5124919397078008,0.4319948866818061,-0.04047712759872843,0.7568907609049751,0.5746418346818073,0.4357501540048831
Cerebellum_Crus2_R,0.4215686883738013,0.33783410336388564,0.19778689713253048,0.6496821702737952,0.3903900506702221,0.41492818517687075,0.10663284772731758,0.11641408587078685,0.2710365392994133,0.21810196629725023,0.20100031263501492,0.7412357098355307,0.6241500304015779,0.40592722802295417,0.592621224576958,0.19952890640989057,0.406999405634087,0.36929155408013986,0.43375811883338755,0.6511614101604627,0.47507079304710415,0.46214144621215,0.633207338495697,0.518814964180193,0.44518146854610574,0.8811233254070276,0.5853402644418414,1.0,0.3985176773364542,0.4907251553788427,0.7268985860456021,0.43823471636871686,-0.0003593588679219747,0.5134098025014918,0.32391497996970076,0.4086869502710454,0.6619066651531158,0.657793640095583,0.3274799957127937,0.6454329970327397,0.7184681576131693,0.29091181125956095,0.39045695975901484,0.5989749366901522,0.5941314907098622,0.1616089790609758,0.6084636141243611,0.6070272929875726,0.19158385217318424,0.5429818471027891,0.5800567824089726,0.1445233610326386,0.6817246338824586,0.5413246727070011,0.4622143547984315
Pallidum_L,0.2552227716572094,0.38882305848638576,0.29383516126362746,0.4729701333504769,0.30096529214067724,0.6192265734382312,-0.06671026841537858,-0.04129563381688873,0.2593044573221065,0.4167047191091143,0.8104813054630894,0.37202324637605316,0.2103072769390084,0.3068802165200279,0.43617558726489475,0.10324551740609031,0.6029516752042189,0.37958862636096113,0.6514938175983657,0.3636242115447458,0.7411618431628064,0.23148774890192472,0.31038548393373366,0.22266004044819132,0.5345391709070068,0.25335960156655174,0.4497064952207593,0.3985176773364542,1.0,0.3256768999761865,0.46267174843390657,0.7238728573539752,-0.06939640809869295,0.2216387290383899,0.21033767085941088,-0.02896747577859004,0.4296229864546782,0.4915406103829621,0.5540525498623838,0.44326456164757183,0.35090137633992097,0.20771403373976322,0.19699884694325778,0.4148039540023304,0.34140544296829617,0.37707518357568165,0.35462448710901023,0.5385208094182194,0.38116089439617357,0.5661542406590672,0.4368923787305915,0.1862664063616383,0.4052144282808499,0.498003541948194,0.49391345218885174
Cerebellum_10_R,0.39561467546846407,0.3771481615216095,0.18483638776386518,0.37846925709143686,0.17746099307337476,0.25493874451146803,0.39499140126012683,-0.011389425317023581,0.16450736937505822,0.22748051097881455,0.228333407285647,0.5888896311855308,0.5536018522110939,0.5185288755683112,0.30352122851212915,0.28309663865058965,0.4019539040077633,0.20772601092477536,0.3195196948384868,0.34739697252468327,0.39218223072745584,0.40345951402702324,0.6149592812459682,0.32441730587485607,0.35059002842738296,0.6334266318943279,0.3225652426779144,0.4907251553788427,0.3256768999761865,1.0,0.45433686620196145,0.3868580062557496,0.21801387759407848,0.3133750938940445,0.4458933928891123,0.20019456976588848,0.26393231279861573,0.5321254140147543,0.36169262345438474,0.3239854573077398,0.539295902244042,0.5196314956031185,0.42361189413936473,0.4076537799714449,0.23595302560318787,0.1829183390115039,0.4555103795158598,0.3540536917981544,0.17126543942827552,0.5077639716466418,0.3628581013253159,0.272062275797481,0.5771398214522437,0.4817403208464563,0.5996629772978257
Cerebellum_4_5_R,0.5811220957111084,0.39232016559735716,0.28401746403337474,0.8045968984235672,0.595634907664749,0.39249687925476046,0.2001292291943193,0.0059704693434983165,0.47396991729794646,0.35742007437969286,0.3514267614040609,0.7102638365566442,0.6848741800183876,0.4428315586052556,0.6240774191682805,0.41804284618910176,0.5607094118133771,0.5235302469016716,0.59035341146935,0.6657376850822522,0.5768452856442321,0.488161299450191,0.761353432247643,0.4346486933840663,0.6680016920450967,0.6677660592390714,0.817104906802434,0.7268985860456021,0.46267174843390657,0.45433686620196145,1.0,0.5719940932815553,-0.07789034627410332,0.5660601316953611,0.37496082308250295,0.2638594980753941,0.7143626743940398,0.6186932941446485,0.27104391274388095,0.6746215305866138,0.7609572071721497,0.3895234131537492,0.5246815359350495,0.6016761301062983,0.6007338017874386,0.2078228372256968,0.5864222450531846,0.6590941929756567,0.28528331768783827,0.6821820194347645,0.5559031781302399,0.013233593038801977,0.7990219288000366,0.6371290057382405,0.6132033306226842
Frontal_Med_Orb_R,0.48123716293838115,0.4751265848737912,0.3962143291422153,0.5958708096187147,0.5019258664486485,0.5575816390999064,0.10009466377741573,-0.040980288542547906,0.4830979443792408,0.46983682772797875,0.6785860369156868,0.5139279631189932,0.40687145271145403,0.4566089105048103,0.5025180020266182,0.2789647169533481,0.7652825521939303,0.5381419299181575,0.7298669592964782,0.560700869510398,0.8706810240146092,0.4807315861562518,0.5273391161323829,0.30098034689274805,0.5691328753922925,0.3822031313602818,0.5981586802283796,0.43823471636871686,0.7238728573539752,0.3868580062557496,0.5719940932815553,1.0,-0.09331624277146008,0.39427887404714235,0.40030643763332474,0.11026231063223735,0.5193140586886281,0.5776271127262772,0.3913577546197934,0.5852181333402815,0.43553286112752054,0.38477219400106116,0.4667767116366298,0.5173583953334819,0.5175189166801939,0.4421359474145175,0.4546695145744272,0.6668019239406554,0.5342047355668073,0.6949788958755272,0.4853666995134748,0.17627339926692498,0.523792998385013,0.5974248237525848,0.5333618466919582
Thal_Re_L,0.025815742325995313,0.5203273504147642,0.257757378038941,-0.16616918553927026,-0.3752106736209716,0.08545744564542225,0.03140226761078346,-0.004273107443344265,-0.32472058964924777,0.05231014998981081,-0.1849041086468423,-0.1305891065288893,-0.09374351920316305,0.15076322016235585,-0.17083102011585505,-0.023917620713199226,0.1382731959634958,0.29680430518003453,-0.23705271957094454,-0.2213008526466635,-0.07764458481669874,0.13180015403990558,-0.013618796147573494,0.05444565619479055,-0.1944217893370593,0.1485060819130252,-0.23107282096597456,-0.0003593588679219747,-0.06939640809869295,0.21801387759407848,-0.07789034627410332,-0.09331624277146008,1.0,0.04232506788987536,0.2088617405867256,0.20857421983940994,-0.20052925476569325,0.2681690050548411,0.008277157964991908,-0.09499339778403472,-0.11492807573936041,0.4868848731894618,0.10164370617990869,-0.056361060060796345,0.15742896071751145,0.22303483326764834,0.019717043936692793,-0.2031651186456714,0.29868206661863533,0.2506997886517405,-0.014543047813463196,0.14049187234979024,-0.06767780780176301,-0.18345974722373287,0.08036208806893748
Thal_PuL_R,0.49942370553731125,0.3749762574137621,0.07102543173664543,0.5731086516188316,0.5004400350931663,0.19587710159045402,0.3325576606575057,0.04183763904988083,0.3015237899267392,0.15898508102518108,0.1797822565092148,0.4679514715274683,0.4720909386912186,0.5312581824381017,0.483741497634404,0.3621978808333462,0.4027381665313688,0.38480728376087225,0.42378599350206997,0.42197979604962393,0.3823391301098018,0.5725683814650502,0.49840272292075394,0.43805991170452907,0.33161029194236785,0.5564879781142805,0.3200951730522939,0.5134098025014918,0.2216387290383899,0.3133750938940445,0.5660601316953611,0.39427887404714235,0.04232506788987536,1.0,0.41877404107322175,0.3376843759181653,0.5062495557060216,0.5130258153178037,0.1457627319717344,0.4529974136602402,0.5252436678142061,0.3874580747442894,0.6169480397802953,0.5091777136379207,0.3356016880247742,0.11554389428853341,0.5589276675084465,0.5440318849943641,0.18361120000365616,0.5642960839210032,0.471051969062326,0.04700448506484152,0.4379573734453397,0.49897084496251604,0.3905597555140293
OFClat_R,0.6215770393875032,0.4338852461623244,0.41377963654288447,0.344817119888292,0.16202527043628523,0.3141720649467046,0.4500563886455872,-0.06946077134980387,0.1811822683331785,0.35337078928282206,0.12097447092545562,0.32753658937239916,0.5669870253588635,0.820742977926626,0.3388916856643234,0.5828667597763277,0.5720251961742162,0.36000775784731004,0.33955213252689365,0.42573208028526344,0.37815452143737627,0.4131658576453651,0.40019745456993455,0.2852443646759411,0.3689740566682373,0.4583256452082323,0.24168355972665279,0.32391497996970076,0.21033767085941088,0.4458933928891123,0.37496082308250295,0.40030643763332474,0.2088617405867256,0.41877404107322175,1.0,0.22265416502293367,0.4049532605030865,0.5366941967633192,0.0984393639970576,0.4014470147977288,0.39252269448186305,0.5054131504670196,0.647589418642579,0.3856102653502705,0.2774914950717071,0.1659536858685183,0.4761399721724476,0.33093830087663983,0.15492832038163995,0.5900417449828016,0.2474297026124901,0.08966506561380404,0.4418172500720703,0.49795506078493473,0.3871050063551444
SupraMarginal_L,0.16999958486181432,0.2550919893553724,0.15609137485855304,0.23965418252727383,0.23997386812856683,-0.07638650268048384,-0.03756506384059892,-0.06521473324682994,0.05725530237045898,-0.03258949639508255,-0.17371877737498703,0.32394936071050784,0.3699886191649202,0.37275846783656635,0.5511245862508353,-0.0541434155660958,0.1739156995924984,0.21515291700109374,-0.04545034700177853,0.22726125375662887,0.10385851089258186,0.2942162284517836,0.28171472873115755,0.7993316664806854,-0.1854426802927526,0.43827782937932785,0.07067379582631951,0.4086869502710454,-0.02896747577859004,0.20019456976588848,0.2638594980753941,0.11026231063223735,0.20857421983940994,0.3376843759181653,0.22265416502293367,1.0,0.4260124268111711,0.2699623492957387,-0.055785750343521116,0.254550469400976,0.3083291012862318,0.2897833984904759,0.3999400356308565,0.4781546078487875,0.3425338286651607,0.023318109869037762,0.4939149125867736,0.1967713586893741,0.0981571310535665,0.18307770410146812,0.3850468280852312,0.2558479387886179,0.19539749499408093,0.1452510069849322,0.06719190135055493
