,Thal_LP_L,Heschl_L,Olfactory_R,Frontal_Med_Orb_R,N_Acc_R,Occipital_Sup_L,Rolandic_Oper_L,Paracentral_Lobule_L,Paracentral_Lobule_R,Thal_VA_L,Cingulate_Mid_L,Thal_AV_L,Frontal_Sup_2_R,Frontal_Sup_2_L,Cerebellum_4_5_R,Cerebellum_Crus2_R,Pallidum_L,Cerebellum_6_R,Temporal_Pole_Sup_L,Temporal_Pole_Mid_R,Temporal_Pole_Mid_L,Temporal_Sup_L,Fusiform_L,Temporal_Inf_R,Thal_PuI_L,Thal_MDm_R,Cerebellum_Crus2_L,Frontal_Sup_Medial_R,Caudate_R,Thal_MDm_L,ACC_pre_R,Red_N_L,Olfactory_L,Cerebellum_10_L,VTA_L,Thal_PuM_R,Cerebellum_3_R,Supp_Motor_Area_R,OFClat_L,Parietal_Sup_R,OFCpost_L,OFCant_L,Heschl_R,Frontal_Med_Orb_L,Temporal_Mid_R,Frontal_Inf_Orb_2_R,Red_N_R,VTA_R,Rectus_L,Thal_MDl_R,Thal_PuA_R,Cerebellum_6_L,Precentral_L,SN_pc_R,Insula_R,Parietal_Inf_L,Fusiform_R,Thal_LGN_L,Parietal_Inf_R,Cerebellum_8_L,Cuneus_R,SupraMarginal_L,Precentral_R,SN_pr_R,Supp_Motor_Area_L,Precuneus_R,ACC_pre_L,Thal_LP_R,ACC_sup_R,Cerebellum_3_L,Vermis_8,Frontal_Inf_Oper_L,Amygdala_R,OFClat_R,Rectus_R,Occipital_Mid_R,Temporal_Inf_L,Thal_IL_L,Frontal_Mid_2_R,Frontal_Sup_Medial_L,Precuneus_L,Temporal_Sup_R,ParaHippocampal_R,Frontal_Inf_Tri_L,Occipital_Inf_R,Hippocampus_L,SN_pr_L,Frontal_Inf_Tri_R,Putamen_R,Postcentral_L,Cerebellum_7b_L,Thal_VPL_L,Frontal_Inf_Oper_R,Thal_VL_L,Vermis_6,Angular_R,ACC_sub_R,Cerebellum_Crus1_L,Postcentral_R,Hippocampus_R,Temporal_Mid_L,Thal_Re_L,Parietal_Sup_L,Calcarine_R,Vermis_7,Thal_PuI_R,Cerebellum_8_R,Thal_AV_R,Insula_L,Raphe_D,Occipital_Mid_L,Thal_MDl_L,Thal_PuM_L,OFCmed_L,Vermis_3,Vermis_9,Thal_VPL_R,Vermis_4_5,OFCpost_R,Thal_LGN_R,SupraMarginal_R,Cerebellum_9_L,Thal_VL_R,Frontal_Inf_Orb_2_L,Temporal_Pole_Sup_R,Thal_PuL_R,Caudate_L,Lingual_R,Cingulate_Post_L,Cingulate_Mid_R,OFCmed_R,Occipital_Sup_R,Cerebellum_9_R,Thal_MGN_R,ACC_sub_L,Thal_PuL_L,ACC_sup_L,Cerebellum_10_R,Cerebellum_7b_R,Vermis_1_2,Angular_L,Occipital_Inf_L,Thal_VA_R,Frontal_Mid_2_L,Thal_PuA_L
Thal_LP_L,1.0,0.7213083867517123,0.06680130615607781,0.4696992794955993,0.5235522412974963,-0.0871564707605764,0.7739410782759607,-0.09517964617143332,-0.06311864746623815,-0.21198990312030475,0.8219340762078922,-0.1963197500812399,0.5227146972523802,0.5452391940463189,0.5298164470355697,0.5426640734133983,0.3140841787442486,0.6720949506726381,0.7090733477383355,0.4890649574196971,0.5572975475644781,0.8153002909940332,0.334569970182284,0.1820118432715986,0.21453302101477204,0.20905807633163315,0.5352860470833979,0.5805801947462905,0.2765893739163639,0.377453256080645,0.4894220600830992,-0.22436545692544785,0.38932054573837704,0.440083930464417,-0.18629692593990368,0.2029834580171695,0.2972759644216474,0.519768674617214,0.69348508859056,0.027044863478467136,0.3162168059049188,0.3881864469291934,0.6694913876198516,0.5176507460787888,0.43291148852012906,0.5547711111766044,0.12166145520011022,0.5099988457470391,0.49371159491407335,0.34299016882048566,-0.04278612228850035,0.6321711866014732,0.6922665454074105,0.3033608914517107,0.7273372426611187,-0.0512355444059666,0.5070755613668625,0.17466641119330525,0.023412024783993228,0.6373286702737628,0.1604282510944515,0.3925349365467199,0.5539693402777274,0.21093942575013244,0.5541946044006939,0.6639372778722713,0.45046356185311365,0.42084921527555436,0.4972002056036092,0.15123397243843711,0.3424852631915701,0.6753314508015162,-0.08716530369408727,0.4560444231681122,0.12221486338012598,-0.028848295587627738,0.5101074566073858,-0.2997292837257632,0.4400498692054007,0.5333940207828444,0.6482221270074475,0.6782246669707801,0.10619173272078652,0.6009419663158185,-0.09931623018854782,0.4893126597239969,0.23517489880731265,0.5426472796697782,-0.05371362396239248,0.509032063549985,0.62050139839697,0.05029912387108604,0.5656979137713213,-0.16306783542092265,0.5699234129348731,-0.030116915102605592,0.33619560900889406,0.6712347446945944,0.5210111189019665,0.05731648165960008,0.6591483452332709,-0.1546076334692812,0.18079016362180994,0.6833726048032643,0.30173453958358704,0.19101307370392243,0.6392046877772074,0.41753320148164574,0.6516795500235179,0.2622382824267192,0.19901185571679925,0.11843911845642559,0.5079840674409247,0.36458694354703175,0.2971837713914615,0.5179877118692758,0.1351232695151714,0.4286140424422318,0.40113854343875144,-0.19107008679205148,0.5173180254205522,0.6319964932439429,0.22117102241355968,0.5136449048166921,0.6765021023930425,0.5417593837653952,0.18865364233499937,0.5369333145634767,0.7341345288186636,0.8137854529338119,0.1601951148388528,0.07046755796835252,0.6199593150459319,0.2220660684984646,0.4492466852514319,0.25026575104891163,0.7327292556284215,0.5295739717691489,0.5084797853712133,0.4981603003620691,-0.023685184359084187,0.16510707331464664,0.048864808523171537,0.5503319494183784,0.5208730627401008
Heschl_L,0.7213083867517123,1.0,0.0887185736735715,0.41179675818361033,0.4849467335625663,-0.16997427280896826,0.9161486357265258,-0.17601584860688713,-0.13683223854137616,-0.041687586076632366,0.7104301573832987,-0.08245875674386872,0.524619290935533,0.43698582762126587,0.45236670682080016,0.38423497813397844,0.21031174551680668,0.5501308796083607,0.741219383635985,0.5665782065030006,0.5433881591790352,0.8471009929379404,0.32987416315412743,0.12205501590993834,0.10255197256533975,0.09641366157070433,0.4384006365903727,0.478282397829127,0.480813298793074,0.34849611480511766,0.49695872700239746,-0.04674678459076925,0.5230493113669903,0.48073804212836635,0.03518041539025933,0.22852549825016424,0.2516631150687022,0.5239212191212725,0.645414143776351,0.05522884046794491,0.5752125411886563,0.4325454236595931,0.7648607566301232,0.492309041333901,0.46446834487781713,0.6636989603987281,0.13020566757612503,0.2529026801612486,0.5247723890848701,0.22551912033909685,-0.04443359540824673,0.5406266872584461,0.5744382286768875,0.35475477687221807,0.7950841221373207,-0.025427205926841917,0.4918106193669668,0.1948483798212652,-0.05593832143622957,0.48697902517436165,0.20016539674274522,0.36980451762984073,0.6791633663562447,0.31313938454935497,0.47892760115089283,0.48653490610916317,0.49082229855788223,0.4404404706265125,0.6393666294492811,0.14648082135243856,0.16948433468583612,0.6905613158034107,-0.05932554873641845,0.5091119613319112,0.23894442846647498,0.05437428374250113,0.46124174604289103,-0.10042759692511732,0.5380924195657285,0.4886527277375597,0.4184649285731673,0.7987166177875556,0.22760962090164294,0.566023762836897,-0.07925669108843976,0.5249929023850068,0.28415446270541816,0.571541635273158,0.02163369958116292,0.45838689643401487,0.4990783998078043,-0.041380128905851396,0.692059930922381,-0.06417371916434741,0.44977644328725574,-0.14095231291294985,0.5311128298592994,0.5286261350157132,0.6381393537523109,0.18414972744113398,0.5308422709156778,0.027425530195091696,0.05196252547564349,0.5271191343288754,0.24064603757075692,0.07253144906363426,0.4647080644145125,0.3560757029282815,0.8575172039718225,0.15476995089476983,0.06319917218749328,0.2851489661238254,0.44235179339614167,0.4938682783558969,0.1960569685625388,0.3611768847433915,0.13140916375808956,0.2334137068606347,0.4685659014690598,-0.020015278481770177,0.5885858057417377,0.5224113566006756,0.14136495163300158,0.6679324870106876,0.7349328478366264,0.575732746137828,0.15506297114905082,0.35711709227461297,0.5652970519194134,0.7498098072557754,0.1940420079472164,0.029037158747458745,0.4891907573014796,0.023952027164084407,0.6548036271515119,0.061481021968496384,0.7515174942344852,0.4051146961725621,0.3481335089967519,0.4291944039012732,-0.13317805971233992,0.1394447585162022,0.09747305860312444,0.4530025820155631,0.3954648189218257
Olfactory_R,0.06680130615607781,0.0887185736735715,1.0,0.5473238962534928,0.5476271737361713,0.34317597505955205,-0.00032564687417275937,0.10191207174597665,-0.0037007854431235165,0.42623471901781074,0.14332440433609372,0.3486724755917004,0.35537266018127944,0.30768191210403034,0.3929487703837648,0.4304846380332454,0.47119257501211087,0.4057087880974301,0.3082376485145464,0.510320330320988,0.34811231166384904,0.1688270965631375,0.5880026387142313,0.6100452808437253,0.2839645543910155,0.42551679370895307,0.2568174683372744,0.2980257893938039,0.5144498863782008,0.49487803283397014,0.5269825613852013,0.34470448846941515,0.5420385402548485,0.3600198486626651,0.04035498933711913,0.36770250556300055,0.43192844461704877,0.131976970651123,0.149867406413726,0.028895218675034157,0.4964378375081128,0.5004325046959612,0.06997065414431011,0.5587905402524488,0.41820759314512096,0.3245503561874542,0.5225385915936117,0.28712873848650283,0.37749898439821705,0.3035108791401022,0.5054541293262034,0.40687185572760065,0.1452866945434601,0.3903762786552796,0.2736979624534652,0.10404732235933487,0.5442349949269509,0.3905113616647307,-0.11048110811119742,0.3217293723274553,0.08466619218247075,0.1483648418154301,-0.15575004709989745,0.6087703333510195,0.216890364528768,0.254081829097222,0.5578538000631417,0.3709264092799572,0.3804387659205537,0.5014196886604159,0.42460859972712695,0.19269782154532628,0.6290053113011916,0.3258474199547608,0.6345376203280875,0.27805702993848963,0.20084327524388215,0.43443251806051275,0.12804503008602156,0.37692059390466737,0.26802672236067726,0.14664413122357797,0.799759470479915,0.19434151597158594,0.1672530683426468,0.6296822422605649,0.5015671981245993,0.246537520392113,0.6905681842449359,0.13884420570781164,0.209912158389691,0.5757402595667163,0.29090203731461756,0.6336332590608994,0.18125692927416404,0.06878667403775837,0.3836606312739279,0.2201762981188988,-0.12073723954803672,0.7709526515229624,0.3278466427198268,0.3079325313998211,0.15148099994860628,0.2703992849965516,0.4173001243061057,0.3400971699179502,0.37039677619445327,0.3249287633793832,0.26609130683516835,0.17946755831805344,0.3423795523231782,0.29213450754487785,0.34068746435452046,0.1847739748988023,0.40702417792123585,0.34475284655954735,0.4430420918970146,0.3329741015629641,0.4910681408396539,0.37393294188816045,-0.11599691641817422,0.39749664773993587,0.5371932671971137,0.3105814542869857,0.22519209107964314,0.24360948018972212,0.3954663195327058,0.4069438655250137,0.26945912122209625,0.11142388322834329,0.4488046534172002,-0.0015318620889054073,0.4814199162943313,0.2905967556138892,0.11801007181090473,0.15946435569121295,0.2666083898256054,0.23924581331065614,0.4109005623916363,0.15114605456159935,0.17224765501290729,0.13118541347809837,0.5249898196988068,0.2073543032364111,0.2627027813695261
Frontal_Med_Orb_R,0.4696992794955993,0.41179675818361033,0.5473238962534928,1.0,0.6668019239406554,0.1108963350198191,0.369145489021703,-0.0005594163458119794,-0.040980288542547906,0.0924803502675995,0.4505897436365312,-0.03134531894607237,0.5395066755950271,0.5193140586886281,0.5719940932815553,0.43823471636871686,0.7238728573539752,0.5651132461323205,0.6057174085388827,0.5776271127262772,0.6545024833430435,0.4927937385873488,0.5810937254967881,0.5175189166801939,0.38092354230716263,0.5404342421717332,0.3901629088457349,0.560700869510398,0.4751265848737912,0.5451719945794092,0.7386757498346367,-0.17086135469199043,0.7128708851423677,0.5333618466919582,-0.06726554932451868,0.4484587965558226,0.5268360490076556,0.23644899083387025,0.5974248237525848,0.09442397470890329,0.353090164383702,0.5285810649881094,0.3463078347393972,0.8706810240146092,0.4531089067612926,0.4566089105048103,0.46983682772797875,0.3717542308854728,0.7298669592964782,0.5647938103478101,0.3687367694062205,0.6063864257910216,0.4163270918187105,0.2449782118236052,0.6130526260957511,0.012697394283421495,0.5235810970645984,0.30005642918352243,0.04448412886408159,0.5470508004189484,0.003964389015036675,0.11026231063223735,0.10009466377741573,0.37552829134369986,0.36406787470482904,0.40687145271145403,0.7198219391225673,0.4807315861562518,0.5018137381857468,0.3491726855582435,0.5188484124237238,0.4546695145744272,0.4421359474145175,0.40030643763332474,0.579578624691945,0.07998063519676468,0.5691328753922925,-0.00581573526667673,0.2789647169533481,0.5852181333402815,0.42765431264821235,0.3400473110652412,0.6131896596294489,0.5173583953334819,-0.0581918911250042,0.6949788958755272,0.5736243587315754,0.48123716293838115,0.5342047355668073,0.30098034689274805,0.42463836055318943,0.45115995077318133,0.34588155944951604,0.2831198066732733,0.398672998928893,-0.052317241828846756,0.38477219400106116,0.44265367936066713,0.0556567465639534,0.5381419299181575,0.6790949605640394,-0.09331624277146008,0.17627339926692498,0.4121948461821391,0.3123968441570818,0.4378062832015499,0.5272777562577761,0.516118515594462,0.4667767116366298,0.4830979443792408,0.3843796805978411,0.19878644534663883,0.5958708096187147,0.40119466752490196,0.5736203745330223,0.5139279631189932,0.4728896480686041,0.5981586802283796,0.591431873968944,0.04215963658149793,0.07263047214905244,0.5971668594417807,0.6177664275592657,0.4932820025455216,0.5266354938934633,0.39427887404714235,0.5405520278653095,0.523792998385013,0.5145818535112898,0.435522372127694,0.42583200868817467,0.1195441565355031,0.6433752136561999,0.5567981544913336,0.37923316741471613,0.3913577546197934,0.5696038625180118,0.3868580062557496,0.4297076543163085,0.5019258664486485,0.0958922395272953,0.08459425976600278,0.3962143291422153,0.5025180020266182,0.4853666995134748
N_Acc_R,0.5235522412974963,0.4849467335625663,0.5476271737361713,0.6668019239406554,1.0,-0.06518770150511446,0.5072978862773622,-0.0955795943969087,-0.0243620095477331,-0.2377918447283739,0.6433415734629297,-0.21879383419829687,0.5454098609903105,0.6157085839174307,0.6590941929756567,0.6070272929875726,0.5385208094182194,0.611621134792988,0.6213757486429311,0.565298625902324,0.5632209636596275,0.5753428608815352,0.465690282287719,0.4704711407632647,0.312609924942713,0.4186261480568517,0.4781317315199387,0.6066531757465289,0.2564921365691002,0.4959946942735024,0.5989487182699559,-0.19231398509724165,0.5387922805798274,0.5661472713863194,0.11670240045835245,0.3806933259854984,0.493330937276402,0.33391716671311206,0.6380793247677794,0.10424263327946336,0.3322972059030668,0.4280592240646264,0.5497880353397692,0.6862026628215658,0.37852044416446995,0.384131091243809,0.4443771946275598,0.6274693661569337,0.7211243147080352,0.4583291150462071,0.2996977540069143,0.6075086968006793,0.531449651543555,0.36008230341764863,0.5480345345040508,-0.08169165551401403,0.5681880828115236,0.40959894656042345,0.08320729299457136,0.6689907000075169,-0.05384881998928524,0.1967713586893741,0.19215284740578453,0.6205999156120222,0.4027241941615939,0.5574081060953161,0.5473584423470141,0.48908940511604065,0.49260832667099674,0.3683748888658854,0.5334586659858278,0.6199403493784745,0.19561630651587397,0.33093830087663983,0.3875327237121803,-0.02683716602883085,0.5380833411077802,-0.25868631910809725,0.31108845633837434,0.646632394961183,0.6017866909718091,0.4031952870138762,0.5469633600743989,0.5747683309071845,-0.1733303817747846,0.5668502645644471,0.7157548747221946,0.5398341193187955,0.36796702527115577,0.37431018725674886,0.5607390049200321,0.28870524412048126,0.5002588324669582,-0.021394103407712084,0.4639707498430712,-0.1257396989134201,0.19928321401830473,0.5166028543572143,0.15571827224383242,0.4312018580593757,0.6204678885467553,-0.2031651186456714,0.10675920525083772,0.5572364003537714,0.3628694469760959,0.3490023256446147,0.6707687254944221,0.5862412789325475,0.5551553416976148,0.3965938226616567,0.18402552040947118,0.037680034243555635,0.6157320100671771,0.4359478248066231,0.4897886363333542,0.573476975361616,0.3145129769571401,0.547411800098706,0.4177148682140135,-0.24780184670055871,0.11045211475320722,0.6709011630215096,0.43518032311169863,0.45377984408562005,0.4687428497520497,0.5440318849943641,0.2490372708503294,0.5438223183681631,0.7257226570161646,0.5928992421634491,0.3309484888848881,-0.09928060503358246,0.7059041426352002,0.2778056579056566,0.28014535039439714,0.21777374168076674,0.6647266014742895,0.3540536917981544,0.6263127048002916,0.5761216055640934,-0.06402885845687353,0.12197260426180591,0.08546532885723115,0.5636833143772862,0.586857405672623
Occipital_Sup_L,-0.0871564707605764,-0.16997427280896826,0.34317597505955205,0.1108963350198191,-0.06518770150511446,1.0,-0.16129755759616246,0.24978368270927304,-0.16561818434185968,0.4547755589924502,-0.13628619676370357,0.41167962002136116,-0.24114423181176783,-0.13456329532801853,-0.10211650126469776,-0.03217187007974046,-0.041776608328179324,-0.0003656764781897959,-0.14025723974112772,0.013464226507972826,-0.21400753303290782,-0.12539288771094811,0.06276818692824344,0.36110884182618386,0.17616630142358694,0.026456261512095968,-0.3339502050549663,-0.22679914503257734,0.2159030741729647,0.03367629844945333,0.022614933107454462,0.46949389845689365,0.028037706557801217,-0.025968745144646702,-0.1324803013924765,0.02957098376849467,-0.09588480092895937,-0.15663588247171734,-0.24506806206200632,-0.06347206616322759,0.1859839981311329,0.2851812870905976,-0.12259290077397222,0.024610093170113364,0.23828788522799157,0.08195344177627567,0.051884555780775526,-0.13183769220602692,-0.2698484555873238,-0.04502011864262242,0.22043089802831575,-0.06654711625915802,0.11820732687653605,-0.014620390129969473,-0.07840768096535272,0.4137233113974925,0.08522021450755683,0.10362806673012341,-0.2028138479666171,-0.2574736030206281,0.23453363149594325,0.3736278965163694,-0.307639730187899,0.017270122646004783,-0.03458843280540437,0.040103244975972945,0.10385671767638747,0.1827822446288706,0.027314600431785904,0.030561350848290987,0.00672764466340574,-0.032883588138809,0.3297064270047569,0.06549598688599212,0.15749921363365152,0.24824175907812146,-0.3848489121767304,0.5898983551595622,-0.2939433112263377,-0.15866257710128975,-0.059834519171830206,-0.09891511536300336,0.21554112471801973,-0.053525704085506214,0.37056186964596555,0.10596146863077618,-0.06083888456312444,-0.0958384578127823,0.5056040399347369,0.1875431319029239,-0.37773248205567445,0.17476213147129444,0.02261176631232124,0.5404919252835417,-0.10017458986866619,0.4976414325769756,0.1218742632904268,-0.28895403098359157,-0.11429664423201853,0.27815723216387384,-0.043952355092804256,0.43008734677078675,0.31886500849770805,-0.05818650075513767,0.14881890461236874,0.06619451534980929,-0.1402099914738503,-0.21195229922740344,0.009046147616612748,-0.07607448102535927,0.31858968028979023,0.36518668117067715,-0.17463739381291551,-0.31843380127763293,-0.07343557789967596,-0.0017619495624815011,0.05684539645372511,-0.11277580832048201,0.10836829490721585,0.31425986511385134,-0.11904571618459561,-0.011057990531143553,0.21953326573657111,-0.011429696435659952,-0.08233451606714022,-0.07918274503048173,0.08758158501232204,-0.0027018683206532224,-0.16164211038534657,-0.12699438725679904,-0.2191482592941678,0.19304475304548674,0.025897682579899762,0.3252809193217066,0.06270330462924366,0.05635384655615479,-0.17068585607736078,0.1682409048418147,-0.1192622291716373,-0.11835956081768867,0.6334887996191503,-0.24571146377510972,0.23978886565527943,-0.040102606946087145,-0.014759972499190435
Rolandic_Oper_L,0.7739410782759607,0.9161486357265258,-0.00032564687417275937,0.369145489021703,0.5072978862773622,-0.16129755759616246,1.0,-0.18110586419183403,-0.1273179688730767,-0.13405795288310593,0.832867862737117,-0.1619843379036619,0.5284054345496821,0.5013199704580039,0.49731396127869243,0.4256890549422598,0.14435807556639865,0.5714049757635891,0.7774673418880675,0.5693669313900921,0.5078456304224263,0.859742194658603,0.28473787674738105,0.16951086184868336,0.08324913968520388,0.14626166656429906,0.4354927883125892,0.521664237404171,0.404653183071228,0.31027758666039496,0.4897915690902906,-0.06995654046941395,0.4058016654515945,0.4750370661749305,-0.02211592705515609,0.18902297925963904,0.25952842165914164,0.5575353636268058,0.6949796320788734,0.07704418093317318,0.5418975132417222,0.46422013007997104,0.8096072469222054,0.4606146338509698,0.5079620678346431,0.6494865640079487,0.07384453074639151,0.355611310582133,0.4681789657973749,0.24625709188331182,-0.09689976104531257,0.5304312268227708,0.6850739721672231,0.29644575546880836,0.802408577465634,-0.00872412757434542,0.4656076162604749,0.18343395470413723,-0.11010493508229062,0.5205345766198372,0.1981252532329584,0.4082329532266675,0.7191537671799514,0.24882947320479962,0.5608079017003821,0.5857771135229702,0.4472534557460006,0.4162444298173597,0.6307358428125694,0.14216108977027,0.16110883176522697,0.7379723500425345,-0.17739594861371014,0.5366375227150014,0.144975650154379,0.011930556199437793,0.4506175119933013,-0.18510294704150537,0.5243732800819614,0.5189324585958516,0.5281453961720518,0.8203758614061686,0.16149470152697112,0.6163641343318345,-0.05496120093593456,0.49790900808617694,0.20733443775487354,0.5964869041217297,-0.0272552870035185,0.5467232940130599,0.5185406099146735,-0.1039043088036332,0.6790171240894588,-0.16564288536319094,0.48132506638820416,-0.09684535502185793,0.46307109609789154,0.5329651585328332,0.6987912034328649,0.11364940394147637,0.5638683113900311,-0.008886665716961586,0.062622972445884,0.5491012654035099,0.24070837369782389,0.09968545271576607,0.5151295854767207,0.38429556411501686,0.8753498214781842,0.1580903979092226,0.06786237806866015,0.2273534744391465,0.46130652804708017,0.42564565442597435,0.20242644647849814,0.38539026331474774,0.06772246836217277,0.2767258449999941,0.43703650180427,-0.11512227587852569,0.6203321555829924,0.5486568585465761,0.14505949993792305,0.6639923476615665,0.8038236820165349,0.6145228757627388,0.07395610536876888,0.3881621885663526,0.649625832624583,0.8545127169827144,0.15012207833327737,0.00040818045547216374,0.5005537714903867,0.04415423348402667,0.6035376766272104,0.04682498884996054,0.7563552032329692,0.4435627890758213,0.4056691113317828,0.44984832704229394,-0.08758807891631262,0.11963960713975673,0.015010953996482725,0.5065633622028969,0.4582592310468079
Paracentral_Lobule_L,-0.09517964617143332,-0.17601584860688713,0.10191207174597665,-0.0005594163458119794,-0.0955795943969087,0.24978368270927304,-0.18110586419183403,1.0,-0.11299032101508821,0.08817841996488142,-0.1608044852792526,0.18981724203359157,-0.19730177800591922,-0.1318641075591271,-0.1546539192774319,-0.10608780772403613,0.1622081241007892,-0.09753333052811795,-0.08582211303817516,-0.046403808222085036,-0.052816098594386504,-0.10225280171445233,0.06136650978465556,0.10705245290640891,0.019648200907969253,0.02459729379879152,-0.13469539236876282,-0.17027632062694195,0.03267723813895147,0.0031039389499016076,-0.12476312739165175,0.04703003742660545,-0.030440303287689784,-0.11846894830044095,-0.08572676534548508,-0.13579907928313106,-0.06960288281111296,-0.22835163428205746,-0.17918422591826352,0.26774829594365723,-0.08443775125186836,0.07407484434132973,-0.2037956191859435,0.04707521911074305,0.004881572329589609,-0.028013035277506985,-0.14715194738287338,-0.12215634107766193,-0.10455935744983627,-0.1150990757892287,0.1566166452096406,-0.08838567139861467,-0.05618113478250707,-0.029563517438234634,-0.14294100335147183,0.0344392743214178,-0.05617447007032174,-0.12399268882419721,0.05144040020930342,-0.11013465953973796,0.04157649951907128,0.06996530444738867,-0.22576396039377636,-0.02267932128662864,-0.11782989069579204,-0.11890392604349828,-0.06132408544788008,-0.055719178609283875,-0.11511101830264757,-0.09336568669473051,-0.05754352370114914,-0.12294292820400854,0.08940290853736876,-0.11408525861489945,0.02450071842108053,0.17852050018076662,-0.13707021375261927,0.21534677354698176,-0.21351465765480715,-0.15099614727660626,-0.12042115969074786,-0.19961493800704966,-0.00838374336495235,-0.1253283594830363,0.20450841087806673,-0.06397404076577662,-0.05309254260821883,-0.17828475431095342,0.18891771802917434,-0.023475662943191367,-0.14508022890892616,0.16923036461805646,-0.10753221913871837,0.24147857719305046,-0.10379509738679299,0.20032541564382567,-0.11611881128723309,-0.10782587049290313,-0.17249795235433615,0.042445988265436246,0.007632650604922586,0.07958276873145942,0.0037380382920428803,-0.09017413172375895,-0.03257130558084295,0.06075417549298711,-0.13634287146649246,-0.12626184220725745,-0.12347472309056849,-0.08449997755676568,0.1610412549033757,0.06878441108851548,-0.18837022411557416,-0.24013312879989607,-0.05779775630170476,-0.0716597850847989,-0.0232883517094427,-0.08417170936616283,0.034053511994093996,0.1704557351836375,-0.12415378839206555,-0.09862929926129761,-0.022672007410025456,-0.11006070705693259,-0.08604305239834083,-0.144157576562677,0.11733513699407591,-0.09976383228584366,-0.16435351692225045,-0.16850194993441875,-0.039949219447755355,0.1694165593557269,-0.07631190442223898,0.15828104983020452,-0.11628929087261464,-0.030683804870874333,-0.21135065798680155,-0.10563846439534326,-0.08748480487073866,-0.1729394826178737,0.2048906856029269,0.031264956514173714,0.06769277567267651,-0.09127186603655918,-0.11755054378104342
Paracentral_Lobule_R,-0.06311864746623815,-0.13683223854137616,-0.0037007854431235165,-0.040980288542547906,-0.0243620095477331,-0.16561818434185968,-0.1273179688730767,-0.11299032101508821,1.0,-0.04168714975001156,-0.07262562505167722,-0.02681636176332516,-0.04780773798138911,-0.05645920682132702,0.0059704693434983165,0.11641408587078685,-0.04129563381688873,0.023585390626169104,-0.1127528248184128,-0.05929560284721756,-0.11922845071911561,-0.11973662303567006,-0.042568074104106644,-0.05883298198780058,0.21914228463712407,0.0077872167821330775,0.09837873545445101,-0.022230507822327845,-0.1601246317074122,-0.1542572692093222,-0.03344767258468535,0.018825011290616235,-0.12040221423545448,-0.08731510106970472,0.08153582120132385,0.08777067882871768,-0.02315614574670797,-0.1278413368492421,-0.07503155832546647,-0.0962257925902875,-0.1277175846233357,-0.10901032800779216,0.009171092302954167,-0.11979379473702674,-0.08451870088981629,-0.11002942139313412,-0.02651860830694359,0.06536434735011912,-0.013052910620474444,0.04092358366793409,-0.010881757894120467,0.029746267969425665,-0.10950171291203518,-0.11658280293392621,-0.07939936519323161,-0.1172045919830079,0.00886148305329775,0.10523110244919621,0.03893772364772417,0.04490738555430401,-0.1724703422203016,-0.06521473324682994,-0.09920159631298761,-0.054600394380018076,-0.16284246020077756,-0.06414126921575486,-0.0823415671059442,0.07261882010536988,-0.058779769762162426,0.039111599878739745,0.14267617077515915,-0.12121391456439774,0.01175450472342029,-0.06946077134980387,-0.04811002864507596,-0.22193007098135561,-0.06553621928929763,-0.10643517875017997,-0.1281765965123295,-0.0579828028212615,0.03847145954302999,-0.06608168727183023,-0.01728716737657472,-0.13861194107056407,-0.03104702501330489,-0.12025625440437882,-0.027030209343709845,-0.13344215017566619,-0.008445644806118615,-0.04690040672324799,0.07652866950605032,0.06515077795175167,-0.10081372895735372,-0.031722624455113854,0.04448421418080332,0.014905704206681634,-0.13660228975687644,0.06178544425287812,-0.16260230936097314,-0.07025938917103301,-0.0586097388006304,-0.004273107443344265,0.017941416859359544,0.033025159783378284,0.10786861997150479,-0.07096213354775985,0.04561096378236486,-0.002989177930926018,-0.21477784654364512,-0.004952894715202503,-0.08830615197142015,-0.046918780522675396,0.12209086806455091,0.01830855298355706,-0.005187258200648315,0.09126619892548309,0.012984179112832688,0.03153748443194482,-0.10211379493882651,-0.1543677434225922,-0.16195109596386026,0.0063414086811259505,0.05637859067787471,-0.1677934918757632,-0.0835120848271,0.04183763904988083,0.016434295893958947,0.04976586941823434,-0.0013969472937484246,-0.11646108252868871,-0.025443128998220554,-0.1785318003567005,-0.005947789065788462,-0.07972890795157855,-0.18166386327614914,0.06293485735048836,-0.05175937508295107,-0.011389425317023581,0.07535683354223174,-0.03190228338060702,-0.02392316984556227,-0.044080399880737926,-0.04339644395287038,-0.0659640153615548,0.03845050967706341
Thal_VA_L,-0.21198990312030475,-0.041687586076632366,0.42623471901781074,0.0924803502675995,-0.2377918447283739,0.4547755589924502,-0.13405795288310593,0.08817841996488142,-0.04168714975001156,1.0,-0.2874133643418991,0.5820468903707681,-0.014567986249015702,-0.11139705822431983,-0.03964232870694456,0.016849906993383342,0.08981682360582831,0.06152345728879278,-0.020579965771069294,0.24582349252063232,0.0476225188217256,-0.049822924011097315,0.33773245379612954,0.30441084067023694,0.11615864312160767,-0.06407414340688566,-0.09212590003313291,-0.14573882912333455,0.704579155963192,0.024391424872422282,0.07116335154072917,0.6653819645704704,0.2941516370245785,0.04544117962700859,-0.06767180162515718,0.10583138089398754,0.06841759524300103,0.020456408354336198,-0.18391864815905978,-0.060533354192924396,0.4089439662048626,0.3712168296628175,-0.055390854216249986,0.08419431070937762,0.27149726306314864,0.20663302169406433,0.0884759715705435,-0.27537457057700515,-0.1561717423401876,-0.23015843442876194,0.1931034233883223,0.07555713722421918,-0.029327037743468398,0.14284272966265874,0.09187681005167145,0.23459672157859549,0.3084250768368297,0.1492467133813233,-0.18864465101754835,-0.19558611883570803,0.1270980283421422,0.20266264232445974,-0.15349759639195107,0.08199828179874707,0.0044635238758853986,-0.2042031371714371,0.20615720319642164,0.13011608723378604,0.08597698548639031,0.19396158597852717,-0.04861444087005742,-0.03347653935091363,0.43634487192016597,0.14798398332881743,0.35905226778595345,0.2644579521049631,-0.14800799698022077,0.8005341512716361,-0.07528524749828043,-0.01830241380288208,-0.25156511992194286,0.06994512819957828,0.47190958874004824,0.0032696896425786657,0.4101175691332859,0.33170023656577785,-0.12330238057337378,-0.0004034966656252552,0.4761317596093229,0.10631705979398819,-0.21862443206521948,0.3521643907768417,0.1315215246283639,0.854444323589108,-0.06721322081082899,0.27413082869144495,0.5148233422168448,-0.1195817523989307,-0.11519036868005116,0.4732790777830112,0.023139796444416865,0.7748199951696624,0.2041929039224392,-0.07595245428102802,0.13142523698293704,0.049510767105049105,-0.12328516470491659,-0.3637300583156701,0.039729839700792184,-0.23832379042197513,0.2942599853094183,0.5617519185143912,-0.08091619826285028,-0.15015641060760887,0.016515342230492395,-0.050244375098258465,0.14353273523915622,-0.14691341576699973,0.21840521842663616,0.564046927399497,-0.13031757125735935,-0.015602316512892478,0.1128539201727861,0.22279775139464975,0.07278572343449034,-0.004718301394542378,0.4210119686322938,-0.037392333654356666,-0.3087501003280514,-0.24726202832255803,0.09357058075097943,0.10857673480652576,0.022027718977419123,0.1483506483361946,0.15428060765993556,0.08539083112206353,-0.09266917835868636,0.11345741257713865,-0.07375315424063816,-0.2851405775563393,0.3159734603772501,0.1035409759427471,0.43562258573762963,-0.06335271087654559,-0.015003759001804243
Cingulate_Mid_L,0.8219340762078922,0.7104301573832987,0.14332440433609372,0.4505897436365312,0.6433415734629297,-0.13628619676370357,0.832867862737117,-0.1608044852792526,-0.07262562505167722,-0.2874133643418991,1.0,-0.252801231738021,0.7120149782762176,0.7183955151706307,0.6713980670641035,0.6448347217551157,0.23868951931532445,0.732932571087367,0.7808428785712346,0.5932931584432634,0.5572384025056782,0.8333762922493322,0.4363397838073124,0.33510993245479437,0.11385362403883405,0.41232670464786697,0.61628891144899,0.7815231959972573,0.26381477592865143,0.394144222790013,0.6080899440699692,-0.1843257071325259,0.3306535451803228,0.465371418238635,-0.12064531192193212,0.27796866770308465,0.42282636884139907,0.6666556358482331,0.798484402438181,0.061944664530545396,0.3902948469816599,0.4532713140695003,0.7241141130495076,0.5375101144444756,0.5944835656044813,0.5829263725223237,0.19775927662118023,0.7036659018844338,0.5219235741206825,0.4859854338777001,-0.041259900773571355,0.6610274442108776,0.7513530741339601,0.3632565599679899,0.7447315648494818,-0.056744021073059626,0.5859644656962618,0.27858402068232785,-0.10860703492146168,0.7688635867499408,0.19165851652380378,0.3753544813005851,0.651406205483122,0.31341529807581675,0.7476843606520831,0.8469584389678357,0.5071605795905594,0.39571379376690097,0.5491392821735177,0.35819734253453905,0.4156354894856368,0.7784809930978227,-0.06884176143186495,0.5470029179854395,0.1334254729676391,-0.028435241377930322,0.6002803157133777,-0.33512338609953785,0.6104250685028886,0.7341401346031061,0.848004519532059,0.777841967299901,0.20113327996119393,0.7075128771087871,-0.0641388181471937,0.5247938310771914,0.2442234530708245,0.6980523679236463,0.01055636742305654,0.5556357950248937,0.7318964518775984,0.07357854941167022,0.6435554830136818,-0.2192644473193422,0.6219388669422795,-0.11725112162185375,0.3748098354651378,0.7085105708374042,0.6272621066536247,0.1793742040803098,0.6947138676319812,-0.1780438744375333,0.0867618577341056,0.7455721370983014,0.38407788370380536,0.18680972187791947,0.7604432153866674,0.6054711739687846,0.7389718562319397,0.31175140548591096,0.2353063420673276,0.08304360050782744,0.5973081276706581,0.4387251083454386,0.4469185800124741,0.5887915151076872,0.19355597411331613,0.5811829272474978,0.364817755134969,-0.19561370528335903,0.5812270378428598,0.7238520683779675,0.3058474859862944,0.5990201236746332,0.7495699786128855,0.590219854948346,0.0792919657439121,0.6266861849802613,0.9009052123532192,0.9760296404157556,0.26122324912961353,-0.05885025822136232,0.6903919385237762,0.06458413499721462,0.42289806045239253,0.14678523553066536,0.7645629007449087,0.5265557709867306,0.6457647672124108,0.6126154670865367,-0.11516883202500437,0.19277295731994737,0.0627878414319371,0.6563812218972508,0.5175196348018873
Thal_AV_L,-0.1963197500812399,-0.08245875674386872,0.3486724755917004,-0.03134531894607237,-0.21879383419829687,0.41167962002136116,-0.1619843379036619,0.18981724203359157,-0.02681636176332516,0.5820468903707681,-0.252801231738021,1.0,-0.14811663272011674,-0.15841873892271757,-0.09882115184507788,-0.04705218576583536,-0.14007365290527643,0.02592410675106654,-0.0460394278126126,0.029439350622299614,-0.07505591367976033,-0.14841682307466136,0.1491627971134586,0.18500966290731546,-0.037314639859681725,0.04894440660132278,-0.05680759093157929,-0.25652290060397914,0.40176802290252067,0.20239493855214016,0.06966810844731154,0.488483869519885,0.06663075354741017,0.001273075520339835,-0.005052385684753276,0.10255285631596339,-0.08363759543182817,-0.19172157618580554,-0.2472248606322331,0.10199484870526768,0.3708743389822257,0.13706329170311993,-0.2002309074107183,-0.05591049402770474,0.20813977866063613,0.13733634134060219,-0.0026036039549923503,-0.27583847136870543,-0.15635272205501544,-0.11244539418761593,0.24699013517138232,0.024569010726292036,-0.1933222815426696,0.07603358756717456,0.013924533984398272,0.02220897034005993,0.1016581453022077,-0.058319671356851545,-0.19103225196242163,-0.16163670525704052,0.10938032710896146,0.08502228122498365,-0.15555559508209252,0.029037707364025993,-0.15218162026736154,-0.17438242153140923,0.13383496699043346,0.2105632770837019,0.14274055996609755,0.09657726080870543,0.03195168469749246,-0.1709801932991566,0.35626655846293165,0.13232359607990193,0.20882940844278414,0.2681274046563714,-0.1710121291902126,0.587549259477879,-0.0648379582697883,-0.1504853925539204,-0.18228444041841385,0.004503218454292561,0.30974941538031475,-0.22311867195998605,0.22456022660837796,0.20655599962652305,-0.0702823607905649,-0.12550773959745362,0.3605586181315108,-0.13603302933720124,-0.17162781226261892,0.2624502931381246,0.05520027548326919,0.6247124260265292,-0.03068517187106114,0.0340158289569545,0.30126449627297713,-0.10761025242820735,-0.03190528178703519,0.37690329609409146,-0.08661012249255401,0.5131456092375827,-0.020172362188743596,-0.10458543380720023,0.22223039210323378,0.05525815419148396,-0.1401178081808005,-0.22416100654190807,0.06047920332303054,-0.06676309486259704,0.08961313555950431,0.5020286733647772,-0.09340672618104766,-0.04408706185626126,-0.12508224047612646,0.0041330887494110576,0.10045690641825185,-0.12075743269543118,0.2642750003283003,0.45742299329429575,0.01236869883591181,-0.01716474109906884,0.19571235211870944,0.06845344543488546,-0.011047806776925224,-0.09572651926602424,0.0982584343179164,0.0024821147892080397,-0.254539310242001,-0.21236784354755256,0.18141843472772826,-0.00472611224453853,0.024873616101679347,0.03952272715790722,0.1555710008691195,-0.20588111454428054,-0.1429324215292007,0.019600713675526706,-0.03785244914636073,-0.3208064688524289,0.22002066709438056,0.018610500230762432,0.3489271739931186,-0.21660908003716348,-0.13904061094153408
Frontal_Sup_2_R,0.5227146972523802,0.524619290935533,0.35537266018127944,0.5395066755950271,0.5454098609903105,-0.24114423181176783,0.5284054345496821,-0.19730177800591922,-0.04780773798138911,-0.014567986249015702,0.7120149782762176,-0.14811663272011674,1.0,0.7328775354118394,0.6217301589725361,0.506605141431144,0.35123419685115015,0.5635223179509721,0.6239091508971799,0.5888784629198481,0.6416581646663406,0.5867512148002749,0.6683158627538613,0.39042400938247485,0.13958171433040342,0.5678412822283442,0.6360637565241967,0.8991861834430812,0.43958928541849235,0.40420803206354894,0.7719220110366234,-0.06722151564240307,0.4936032410955785,0.42845387260347806,-0.036613236813119295,0.415759200652915,0.5971833878126306,0.7483546275502516,0.7036598334870894,0.02874736350808314,0.39795694345147087,0.4329789765589265,0.4299081853072993,0.6287474746660978,0.623466498468385,0.5242426267607481,0.36914298369996823,0.5929973400800128,0.6100131430466605,0.5193190239478354,0.09172193210638907,0.5744309699026534,0.432330893319242,0.4226086194407023,0.6097796566660102,-0.16454578323294589,0.6120452751843344,0.29859235974383147,-0.09930295291558543,0.6901316940706779,0.2640322923771728,0.10893211284595364,0.5398344548037061,0.3871061984368446,0.7495209428687901,0.6978613550586261,0.6034607787522469,0.2941400653311735,0.4926664008773912,0.5109199814951716,0.34008152518384516,0.6177715253576905,0.11761135012356039,0.5422222501044056,0.3859061345824776,0.033076414252803936,0.728588181001464,-0.16168692580291374,0.8300161163564417,0.8846866267033892,0.6691069319120895,0.6037981939373624,0.4299076565639715,0.6418293802570976,-0.0025425156942919863,0.5729379021511277,0.30517880595117036,0.8229761489657322,0.15666050216182634,0.30106840110978067,0.6885689874808869,0.2541597153707573,0.5579949389621073,0.04497318148147459,0.3662427696594022,-0.22112815783709494,0.48963203321906773,0.6407549775886305,0.4709277669202315,0.37710916565805325,0.6377410118630018,-0.050493980397477156,0.03908983614942164,0.5923410974886173,0.2448056580767582,0.28852430928138184,0.6237462368303026,0.6174046144505793,0.5508873322554924,0.2754270606525593,0.3796147765828964,0.11602084531570583,0.5036300891777081,0.510335589024541,0.6866001218111922,0.4001242866140842,0.37103969336606923,0.659021224863394,0.398939789892092,0.05680832813839108,0.4301034513188473,0.5888435014556079,0.36782038757480107,0.5734054780312479,0.5568890816553752,0.43652164352051726,0.25759861903938674,0.5379764782057351,0.7242293436408588,0.6978897482429556,0.5232001312603016,-0.07564198903587879,0.5617250214392379,0.009490858206208366,0.4087867514845246,0.14672439612445576,0.645229093087261,0.3406712050546596,0.5258465752984701,0.6214337333644673,-0.3005909796276622,0.43126426214417396,0.25550764464047304,0.6087421309715424,0.3652088057495394
