,Thal_VL_R,Cerebellum_9_L,Cerebellum_Crus2_R,ACC_pre_L,ACC_sup_L,Supp_Motor_Area_R,Vermis_10,Temporal_Pole_Mid_R,VTA_L,Red_N_L,OFCant_R,Parietal_Sup_L,Red_N_R,OFClat_L,Pallidum_L,Heschl_R,Pallidum_R,Parietal_Inf_R,Thal_PuI_R,Thal_MDl_R,Cingulate_Mid_R,Caudate_R,Frontal_Sup_Medial_L,Frontal_Inf_Tri_L,Thal_VPL_L,Vermis_7,Vermis_6,OFCant_L,Paracentral_Lobule_L,Frontal_Med_Orb_L,Insula_R,Calcarine_R,Temporal_Mid_L,N_Acc_L,Cerebellum_3_L,SN_pr_L,Temporal_Mid_R,Temporal_Pole_Mid_L,Vermis_8,Thal_PuA_L,SupraMarginal_L,Thal_VA_L,Angular_L,Thal_IL_R,Thal_PuM_L,Temporal_Sup_L,Frontal_Mid_2_L,Vermis_4_5,Cingulate_Post_R,Supp_Motor_Area_L,Vermis_3,Paracentral_Lobule_R,Cerebellum_6_L,Hippocampus_R,Thal_VA_R,Rectus_R,Thal_IL_L,OFCmed_L,Thal_PuI_L,ACC_sub_R,Fusiform_L,Cerebellum_4_5_R,Vermis_1_2,Hippocampus_L,Frontal_Sup_Medial_R,Occipital_Inf_R,SupraMarginal_R,Rolandic_Oper_L,Rectus_L,Frontal_Sup_2_R,ParaHippocampal_L,Thal_PuM_R,SN_pc_R,Caudate_L,Olfactory_L,N_Acc_R,Insula_L,Cerebellum_4_5_L,Putamen_R,Postcentral_R,Amygdala_L,ACC_sup_R,Thal_PuL_R,Thal_LGN_L,Cerebellum_3_R,Temporal_Inf_R,Raphe_D,Cingulate_Post_L,Amygdala_R,Cuneus_R,Cerebellum_6_R,Fusiform_R,Putamen_L,Postcentral_L,Olfactory_R,Frontal_Inf_Oper_L,Angular_R,Heschl_L,Thal_MGN_R,Temporal_Inf_L
Thal_VL_R,1.0,0.5593928161404118,0.40319789539717243,0.5673194920248145,0.32685324352925105,0.036666781918835406,0.6081008749632173,0.37743544517137045,-0.0746234268581963,-0.04383805407775977,0.6523075731310519,-0.006300527572063068,0.4932282209260148,0.2892165314475804,0.38444143550637455,0.22458739809297412,0.29805004385122014,-0.1343114978883765,0.4305539854187622,0.6822810107052043,0.28307733670339885,0.30019179984185584,0.3529555081612449,0.25942785899392806,0.4537891000970863,0.42931237875371453,0.4704263778075922,0.32715378871427464,-0.022672007410025456,0.46214209135784257,0.4706738557541858,0.40063037612616154,0.5037990605854658,0.3906090026040926,0.45176659822942977,0.36546012681679374,0.5095487605696396,0.32828201818464164,0.6445794376465975,0.31237428500735365,0.12539740969559354,0.1128539201727861,0.12910450623395256,0.7362859743112563,0.6092678488244817,0.267134636975216,0.30851804249141235,0.5807770159946586,0.40662181655279017,0.20174009039145405,0.40662755601791484,0.05637859067787471,0.5577748863036871,0.6679515042922964,0.6007255787871421,0.3685647147796027,0.11109178804714674,0.23928516555434085,0.2949958499964943,0.26743582951214045,0.4303056989159124,0.5853977133937939,0.3518728967929033,0.6448519891258921,0.3894856536491037,-0.09257213812340973,-0.016908887857724784,0.14505949993792305,0.3955791575125048,0.36782038757480107,0.5386624958492107,0.6771815859803052,0.12446736086887114,0.22802525537569615,0.39244441349871506,0.43518032311169863,0.30323486592137705,0.6402485974754757,0.5086939253136288,-0.029727641806269536,0.41603818608780535,0.4432284179778557,0.34060725060734937,0.33240932434971415,0.40659157739219415,0.5694458595746934,0.5478768395383214,0.4611885820783226,0.522311740665121,0.055870920863904126,0.5393986955762297,0.4269820139999593,0.45394293039729744,0.19818594654107685,0.5371932671971137,0.17092649088355485,-0.08357724553864787,0.14136495163300158,0.33588968239479433,0.354956475992486
Cerebellum_9_L,0.5593928161404118,1.0,0.7752241518513306,0.6059727725810783,0.6519668796620653,0.4363765557562595,0.8551344526540523,0.6346945907037305,-0.0887552765366444,-0.1273153392200635,0.575861619807208,0.08825141393754951,0.29337202301551973,0.6822159714366152,0.439062501609674,0.6216902841680133,0.06187125347308763,-0.020573513796094012,0.3014133096227953,0.4177205773134486,0.6967163934558815,0.4230604088487183,0.643195728990186,0.6025746341616383,0.36086009051790624,0.6593954086391123,0.8280147698679015,0.4404773379277852,-0.09862929926129761,0.609230016024082,0.7116123730880847,0.7997373439234134,0.7364122904275495,0.3549331597499489,0.5259815948900272,0.39325730962741784,0.550790416432542,0.6459059295884818,0.7977387638703453,0.5412918460294379,0.29350137889835265,-0.015602316512892478,0.014138433437909137,0.32820716790901056,0.7254739100712968,0.7158569044785521,0.5782467351715032,0.6732301861958189,0.7905605074454339,0.505212771327849,0.455186416592007,0.0063414086811259505,0.9377402346794773,0.4805407123524225,0.23196347906676268,0.27971743145958633,-0.1392624235352711,0.44304785049334483,0.2880520243766962,0.4748536059081774,0.5702713520028955,0.7716931465464605,0.45859644160924323,0.6749454301679055,0.6670810644402364,-0.108089063755613,0.2705454490653363,0.5486568585465761,0.5767404247631363,0.5888435014556079,0.4311811551731638,0.4492294078766125,0.32312373100563163,0.3294844590611486,0.4876984319152628,0.6709011630215096,0.5625312806766868,0.5899082271496527,0.26981561380075386,0.26165922390823704,0.36973502868784197,0.4975901088419697,0.5423651639361173,0.37051864909337057,0.4703229346025381,0.47592637525923087,0.4106057360672731,0.8039388343243854,0.2766204630774862,0.037688441303827966,0.9398998267622782,0.7925037193061718,0.3627439706850079,0.43595919828478114,0.39749664773993587,0.5995030500761834,-0.14132191167760266,0.5224113566006756,0.2750523128142372,0.6069321498504026
Cerebellum_Crus2_R,0.40319789539717243,0.7752241518513306,1.0,0.4989745433465587,0.5601354422156742,0.454233284127609,0.633207338495697,0.657793640095583,0.02932315796128725,0.015747645003367956,0.406999405634087,0.1445233610326386,0.21810196629725023,0.5413246727070011,0.3985176773364542,0.637135503933632,-0.03243742783007265,-0.055236686215133134,0.09801641114239826,0.3716099070266623,0.5645147248335867,0.33783410336388564,0.6454329970327397,0.5989749366901522,0.38205737014306235,0.6466242521010613,0.6583466783110525,0.4761276748321947,-0.10608780772403613,0.47507079304710415,0.5340798936961397,0.7583856248396474,0.6222966274926446,0.20100031263501492,0.5679538072961722,0.3345345931282252,0.4654995805529826,0.4506620301835365,0.7004013636802354,0.5800567824089726,0.4086869502710454,0.016849906993383342,0.030397649340691422,0.3776504924039266,0.6496821702737952,0.6208569066235756,0.592621224576958,0.5853402644418414,0.6805388295214263,0.4774240031753153,0.47206714243532416,0.11641408587078685,0.7386667305543881,0.36929155408013986,0.19778689713253048,0.19265075752318034,-0.05612727696748542,0.2915619953287568,0.30124987203992504,0.29091181125956095,0.5932745815464981,0.7268985860456021,0.3903900506702221,0.5429818471027891,0.6511614101604627,-0.04625062939566964,0.029621048169382505,0.4256890549422598,0.43375811883338755,0.506605141431144,0.41206603524251917,0.38948641155312747,0.35081860566600387,0.2828852977379986,0.29570782304597354,0.6070272929875726,0.39045695975901484,0.6121811268984965,0.19158385217318424,0.053887469527699884,0.18836157038369195,0.3473570771632413,0.5134098025014918,0.5285960538609817,0.5085646143676031,0.5941314907098622,0.2710365392994133,0.7365587593684227,0.1616089790609758,-0.08141144474212338,0.8164992668319077,0.7918782644691196,0.1295815550155329,0.518814964180193,0.4304846380332454,0.6084636141243611,-0.05454246403881723,0.38423497813397844,0.1467886736971213,0.44518146854610574
ACC_pre_L,0.5673194920248145,0.6059727725810783,0.4989745433465587,1.0,0.6698975718674729,0.38768083106259754,0.5243886902998356,0.5838189871461624,-0.05444545651508708,-0.057320403264074254,0.7452237450878788,0.2229991875533847,0.4177729931553004,0.5599553923113457,0.5499106211613396,0.4337150126722553,0.2968713873357243,-0.13837089912004472,0.23504156391523406,0.5322499784886771,0.4627758695607422,0.5601451458259505,0.6290630039485383,0.5515605596476163,0.4105756233595922,0.46128040334016224,0.4380466777230974,0.5883310252549337,-0.06132408544788008,0.72807756167632,0.6554877351264781,0.46061822922825285,0.6681320856026136,0.44287641928860777,0.5061282634423827,0.4561610066785512,0.45798147953783236,0.5689952624512892,0.5291529006963067,0.46167246178845717,0.3635994590668466,0.20615720319642164,0.12397635513438071,0.364491087986289,0.5827618216422522,0.5983941609453136,0.6110034086541725,0.5345504558676439,0.5104100588985758,0.5093112289956682,0.491871242855106,-0.0823415671059442,0.6352345190039648,0.649606350533333,0.5433846877933697,0.475405560618397,0.15421852196660657,0.2813688067321224,0.28063906550861434,0.5350922197042594,0.6366354320858847,0.6196691278122062,0.4060508323733502,0.7295844562951281,0.5928381692351627,-0.11548363085840578,0.11102405024561202,0.4472534557460006,0.5599398955105611,0.6034607787522469,0.6556861529686084,0.4623944944854502,0.3844031959043262,0.3958784058952596,0.6139391705234082,0.5473584423470141,0.5907195692089132,0.705407711374956,0.4074777317224311,0.10731906826959148,0.438144078540754,0.6505121524065383,0.4456405952890735,0.47139811555580685,0.5225223640072072,0.4732441274553141,0.3055742212149025,0.5369685014192018,0.439466340894461,0.10459564279397954,0.6361298877071382,0.6258391281977334,0.547512010422453,0.4961700486744523,0.5578538000631417,0.5105511837058103,-0.08701628581449712,0.49082229855788223,0.2468804562912341,0.4821160440707291
ACC_sup_L,0.32685324352925105,0.6519668796620653,0.5601354422156742,0.6698975718674729,1.0,0.5494189613031365,0.5314219825181671,0.6798009080988342,-0.015497639196531339,-0.18898281360799937,0.5624124420521622,0.16140166130316758,0.288132468795627,0.7956191045187909,0.45911951940907136,0.701350607123395,-0.014663504030208028,-0.006056200998965731,0.1905969074253719,0.3867354388733724,0.7392634985365293,0.4479736001828892,0.6965606923823147,0.7465810005019394,0.10244749523310978,0.31287206188289923,0.4869503864633234,0.5654840419377147,-0.21135065798680155,0.6385223361821681,0.8004264101764426,0.5778860261499051,0.740499522285433,0.4090454930416024,0.2974215860483841,0.46254539890876684,0.4601356483391346,0.6869408127115786,0.3774223300552936,0.5273546398721232,0.3498303891318508,-0.09266917835868636,-0.06855189041748153,0.15840900222492543,0.5992222654691841,0.8256585243904744,0.7124403980307382,0.4222880046603442,0.7418220996485146,0.5856940780522222,0.38270756126195843,-0.05175937508295107,0.6424818943401241,0.3379132918657517,0.1504711518998028,0.34297513544331604,-0.18812771638100345,0.4210193539745454,0.2569771628245337,0.4737598567777897,0.4674937663901008,0.6021242132870172,0.561940597105814,0.6463902061911196,0.6534058516720329,-0.1335938896078337,0.3411040735653491,0.7563552032329692,0.657537579019024,0.645229093087261,0.3077145034036809,0.32214279929881445,0.38551257880410034,0.30145933461785035,0.6385672055727176,0.6647266014742895,0.7547839406168119,0.4463205935433967,0.1430027719584328,0.37452559604538394,0.3810615938026539,0.7238296746563302,0.6418906381663155,0.3248376730282656,0.4272920602224685,0.3067128440748398,0.2990227692688821,0.6997906472323805,0.1021141675450468,0.032269418074307,0.654359286398215,0.5936449855971192,0.2474002843093489,0.5372082418902628,0.2666083898256054,0.807044184958796,-0.14777592499853184,0.7515174942344852,0.18467941992998863,0.583990169019658
Supp_Motor_Area_R,0.036666781918835406,0.4363765557562595,0.454233284127609,0.38768083106259754,0.5494189613031365,1.0,0.3373288018849854,0.49206143941124075,-0.03341445784820699,0.0568560888892461,0.2200207219732136,0.11718112929088347,0.17849790967974094,0.5196322998673237,0.11145603491434952,0.4870266610474963,-0.1502420991111726,0.007923054682663959,0.007357183691545693,0.23434719570837495,0.6666926093540713,0.3253360426372259,0.6614283112271088,0.5660526024653878,0.07692745127427461,0.2599532285521553,0.2930963492869142,0.3616784043110485,-0.22835163428205746,0.3515863754180423,0.4749017197731416,0.526754200588727,0.43271756941296685,0.025742671142210013,0.3092182969965005,0.08251733091024069,0.43277255566710476,0.42126534259260107,0.1326936305056989,0.30857800171835914,0.3134510853150798,0.020456408354336198,-0.1705941747605706,0.004565216231351878,0.2742397584544427,0.5866042293118013,0.5199172182157099,0.3294504892297719,0.5903290352577839,0.8111627174779933,0.3339310667052664,-0.1278413368492421,0.41257598108883226,0.03643874668396469,0.09751273268676855,0.025921793709928618,-0.05056212288318963,0.21703200380428297,0.01428549186150154,0.4254961280039743,0.4002187298550103,0.385214774729195,0.3838125425251272,0.2936601722373387,0.6967009149334746,0.06567305906370634,0.48103198345699577,0.5575353636268058,0.2855453777051195,0.7483546275502516,0.014059086912847997,0.13802877120650323,0.4218667312050518,0.16411807652900035,0.27961510933061096,0.33391716671311206,0.45721309632174467,0.2609422210553054,-0.11319060544305426,0.5367329979263203,0.08551833967803127,0.33020452902809877,0.36877070398325956,0.2907715819834427,0.30250227229740584,0.10755790467329462,0.014289018036008955,0.5504200557606226,-0.15658927769377634,0.35127163822352225,0.46669231797392324,0.48741558096380216,-0.005038236951983144,0.48939310913734924,0.131976970651123,0.622518445204356,-0.05829640516580509,0.5239212191212725,-0.11955343309106828,0.40509584081021804
Vermis_10,0.6081008749632173,0.8551344526540523,0.633207338495697,0.5243886902998356,0.5314219825181671,0.3373288018849854,1.0,0.4717601194368478,-0.14416936529537536,-0.05669989090977629,0.4924508627300825,0.0568037023039779,0.24956535366979732,0.5455869367471462,0.31038548393373366,0.5161440228051917,0.13062233448937993,-0.09732958009231134,0.26958827551235975,0.47443346013841,0.6258042845098533,0.3990378333769737,0.5200822260169963,0.4388309375378849,0.2929160577467603,0.530789281243053,0.8111359736487299,0.28462654645906493,-0.11647790885318474,0.5008276959811329,0.6591472780679737,0.7699207726646851,0.609403717241493,0.3036142971900315,0.5712690610981337,0.2194906061268205,0.5731558203924946,0.4888157869609153,0.7549032699295029,0.471536765495198,0.28171472873115755,0.0576527310732885,0.012975906659163833,0.38684674279038167,0.6804060891074882,0.5983858583917038,0.4411155019115492,0.6645428321226756,0.7192300613135915,0.4123838560522348,0.43340990584426436,0.04549432882957027,0.8324087821485959,0.5018424366148345,0.29359868138510603,0.2917144767856237,-0.07282309200018483,0.43754611360511514,0.22089544356537763,0.46216243807783924,0.5078763855099764,0.761353432247643,0.48676498980768457,0.6619337095551363,0.5553871559455252,-0.017519586147402868,0.31176848395189155,0.47050018528997556,0.46060704368692057,0.5177923687781246,0.3853919110145707,0.5260884106035648,0.2446837476289846,0.22791824723705162,0.41450611612500804,0.5262535322528011,0.5210895725477915,0.5832383927215983,0.28822467578702077,0.2845254498783925,0.3602785711798582,0.5014396148779426,0.49840272292075394,0.29661786945001,0.4668981396448773,0.45704633751120577,0.4039720702253814,0.7156688712497455,0.355865383632339,0.11887258426392351,0.844834572194815,0.7060039037769513,0.3360198938156488,0.3324993733788355,0.3778724066237506,0.4662903939927753,-0.08048579638771376,0.45481812503798286,0.20160240453094536,0.515213709849266
Temporal_Pole_Mid_R,0.37743544517137045,0.6346945907037305,0.657793640095583,0.5838189871461624,0.6798009080988342,0.49206143941124075,0.4717601194368478,1.0,0.07073701723905221,0.22012427376803656,0.6843559502908474,0.14317673083700275,0.3518839809740091,0.6325837278769427,0.4915406103829621,0.5916290212764022,0.30175454879274244,-0.030656888987933912,0.20407163671456013,0.20321222304766665,0.5897883819079466,0.6589097608498661,0.6282655746289924,0.6616144445214861,0.3436538638446439,0.465620800300843,0.4516882535975669,0.7080615555242891,-0.046403808222085036,0.6436327296104496,0.6995002157375032,0.48314998237963547,0.6755699917754183,0.33055648071087296,0.4652257877548232,0.42514754638600594,0.6177080334073458,0.7416771869737996,0.31749799513120297,0.42647121271725996,0.2699623492957387,0.24582349252063232,0.015923160070816872,0.33660702642929324,0.5242231687754968,0.6659914369721154,0.5116340167517369,0.41949624218924253,0.5892294551786679,0.5291342241433936,0.4470706837623053,-0.05929560284721756,0.63764942598371,0.5278982067325556,0.32875547098389024,0.46378039649682606,0.17287467643169807,0.3323841614800646,0.3063626598550785,0.5612109688087844,0.6862841663863862,0.6186932941446485,0.29497359964105063,0.7189040230619581,0.5715724642172364,0.0488882457286078,0.2010163464639659,0.5693669313900921,0.5512766502700887,0.5888784629198481,0.508595713364403,0.2663888760622956,0.497705058358981,0.45634887259510504,0.6121479623369563,0.565298625902324,0.6374475520999235,0.6547584689603475,0.38386356586308557,0.27287983581840813,0.3175905863968181,0.5273019515738586,0.5130258153178037,0.43546581496665765,0.5338818978964848,0.5880636197196704,0.15059110689022828,0.5522695144641069,0.18661480450300783,0.018784751033797224,0.6465727674388354,0.7372632576522058,0.31091560693369225,0.4713623807529768,0.510320330320988,0.6714018497038332,-0.06699429908009942,0.5665782065030006,0.19177584201206624,0.5507915164559775
VTA_L,-0.0746234268581963,-0.0887552765366444,0.02932315796128725,-0.05444545651508708,-0.015497639196531339,-0.03341445784820699,-0.14416936529537536,0.07073701723905221,1.0,-0.027789810020827862,-0.0639297547560912,-0.2509686863542954,0.09646164988398448,-0.07839488000363201,-0.011439585936949418,0.0784840274336164,-0.11061825285523728,-0.02967433717567575,-0.05072246497635355,0.023642880034682963,-0.137072801476653,-0.07933548953011807,-0.06434414829234762,-0.08684372073633462,-0.1411125054797326,0.05158983445632622,-0.05368362645408527,-0.09853145346328351,-0.08572676534548508,-0.07680048527009353,-0.06563571963212245,-0.06466873858474205,-0.0423960357992612,-0.033305095904727876,-0.035699595824242134,0.3287763162424337,-0.10674029768228283,-0.0062939514052196555,-0.07406965337705407,-0.09537272556788132,-0.04884947382057189,-0.06767180162515718,-0.11602280174102102,0.03476873551321765,0.014735156674941284,-0.019720626933996694,-0.029909079393390776,-0.09855626986296338,-0.11381000827207903,-0.21374586830198875,-0.09593927484937888,0.08153582120132385,-0.04923055182318518,0.02711993366013934,-0.106331904147689,-0.07819619462000658,-0.07961937507498924,0.08823607524467438,-0.03552290456910438,-0.06636261947696857,-0.06290474493520234,0.01242491328655273,-0.01693373531131504,-0.04590357398526497,-0.11499623966995551,-0.1953856110421953,-0.2039091676717444,-0.02211592705515609,0.0841399465316902,-0.036613236813119295,0.028558939424225323,0.06344454992010694,0.1131173517620123,-0.06414573332453546,-0.025657783048722856,0.11670240045835245,-0.009668734897551944,0.020110203298249706,-0.12276700986775899,-0.1322928918666249,-0.07108109668356134,0.016034950086945065,0.09956938614831878,0.12075671637537967,0.050948240607325626,-0.06264999438244843,0.05086142827349041,-0.05501898752662723,-0.209491864335885,-0.16405193934279239,-0.09958687105692374,-0.039439581038980355,-0.0642581294021329,-0.0074202575209163435,0.04035498933711913,-0.07365602992819674,-0.21062077310456548,0.03518041539025933,-0.1310633447875979,0.007234046266312732
Red_N_L,-0.04383805407775977,-0.1273153392200635,0.015747645003367956,-0.057320403264074254,-0.18898281360799937,0.0568560888892461,-0.05669989090977629,0.22012427376803656,-0.027789810020827862,1.0,0.047892567533261945,0.19239045300686966,0.09835374014223242,-0.26851039168594687,-0.19042565823265908,-0.08238935639990311,0.5396743153619185,-0.17825217313775862,-0.04657045461808156,-0.3626428172502142,-0.12435454725852704,0.41978513795153116,-0.1435156630846449,-0.19984849753582706,0.1614977244335105,0.18944890435877784,-0.15613246696310182,0.31821907328859395,0.04703003742660545,-0.14122855554498448,-0.04144005211777949,-0.06862224977051885,-0.17209894468522496,-0.24679462398490906,0.11056624084838788,-0.24420063551773258,0.35726423818191294,-0.11459193548101343,-0.2647934728521252,-0.1591090024746418,0.07590267834306666,0.6653819645704704,0.21045064116229303,0.06631658556896358,-0.3284028446954933,-0.13826579430019426,-0.3424253483872024,-0.2622422698549541,-0.1684576307513367,0.010796773397174268,-0.1312129283668428,0.018825011290616235,-0.10099095621310743,0.19515196530125886,0.2359294891576099,0.19407312619965453,0.7610280248392917,-0.0744621420432578,-0.04895431406665835,0.28603575457170444,0.1841647401790851,-0.15315042264154072,-0.40074308828067706,0.1516085558425876,-0.2150097506035409,0.6044981600751058,0.12582428071487262,-0.06995654046941395,-0.2665484014024114,-0.06722151564240307,0.16303694019282208,-0.11949550444800877,0.32818834786078765,0.19186366764364604,0.04481470443244044,-0.19231398509724165,0.04032469691212811,0.09975525782148917,0.31900914404065717,0.15840337831878312,0.029680398800929528,0.0371175749081835,-0.07280306407699408,0.11146992766369225,-0.08423253784145006,0.19550345426443996,-0.4246560582586465,-0.2720568914339913,0.14588617949739324,0.3067322187067055,-0.055551721916980955,0.21682638565946383,0.08445312813887661,-0.0675102615088425,0.34470448846941515,-0.05553780887765473,0.3977604338605059,-0.04674678459076925,-0.007395814077035106,-0.24929943672927238
OFCant_R,0.6523075731310519,0.575861619807208,0.406999405634087,0.7452237450878788,0.5624124420521622,0.2200207219732136,0.4924508627300825,0.6843559502908474,-0.0639297547560912,0.047892567533261945,1.0,0.1326853940538187,0.42500496407873917,0.5480093265502984,0.6029516752042189,0.3519595921956094,0.5020046338610595,-0.09460009135500765,0.39136411094988865,0.4443870969820608,0.392904547254402,0.6169906089271104,0.5352668359902494,0.4803376303006114,0.46959952296382557,0.4243942645147696,0.44126077486238663,0.6704700798041217,0.04655936382501626,0.7904500500245769,0.6392927141027834,0.37104068695886167,0.6625021103503115,0.538259971100413,0.4096012902663587,0.4023651532854461,0.5631201865709059,0.6471765293492069,0.4361650651235425,0.3399107455170242,0.1739156995924984,0.2917429943593365,0.16011304934721707,0.4805094201680524,0.5500585726479624,0.4839866220370639,0.4673189104999954,0.5135768840446513,0.44855820729675383,0.3738222402084911,0.5104270513992785,-0.08748426229301351,0.6098765483247043,0.7030164958691312,0.5627614156563441,0.6376440254753732,0.23977866193619535,0.3508227462062313,0.33210659090313505,0.5125661026097675,0.6815588363934602,0.5607094118133771,0.2895894822106821,0.7520639120155395,0.4768700319811522,-0.0006178568591229259,0.08905981158616158,0.37815877649416424,0.6275713578514267,0.5014929839564445,0.6879474211033665,0.4466236696223011,0.327536298119819,0.5003084688546389,0.6892529512116995,0.529507017901919,0.539277054955967,0.7021587454546057,0.6138802566571783,0.07643445915059803,0.36616346934056815,0.5818591026427181,0.4027381665313688,0.3310388905501943,0.508013271350891,0.6106162614751167,0.32725628201109647,0.4655661896081833,0.4479245107537187,0.09459382606304786,0.5817391925192683,0.5915635653146445,0.5550010980637845,0.3149410439895422,0.611063868859904,0.4413901418065086,-0.08975876558091656,0.3921758439886062,0.40221117621312297,0.5330164921723135
Parietal_Sup_L,-0.006300527572063068,0.08825141393754951,0.1445233610326386,0.2229991875533847,0.16140166130316758,0.11718112929088347,0.0568037023039779,0.14317673083700275,-0.2509686863542954,0.19239045300686966,0.1326853940538187,1.0,0.036098496696459606,0.0887707128476543,0.1862664063616383,0.17878554615125666,0.13290800702555136,0.1379151853327689,0.003735977632399145,0.0067049039636964255,0.04641517005125377,0.21509925531023313,0.15117169098166355,0.28505970099894345,0.0818736620206746,0.03359210312864251,-0.03186433851662571,0.4035563812569217,0.0037380382920428803,0.18332923774354606,0.12360632320229861,0.12101424575875223,0.16514627282766958,0.11306994349067226,-0.031183387921741464,-0.0011754882066784425,0.15108228067627494,0.01360567907464055,0.0485231796927801,0.18821944774982827,0.2558479387886179,0.2041929039224392,0.40124791180043595,0.00425467160353856,-0.04093446085089132,0.1271511261524577,0.2560543303340482,-0.04047712759872843,0.03182003281744844,0.20168255380673755,0.03386016248989079,0.017941416859359544,0.07121599273410045,0.021189240014749273,0.1491282085933852,0.18957331147573164,0.2414075390983148,-0.1803466619751972,0.3159124846009879,0.18332529501341452,0.08827935207342799,0.013233593038801977,0.13900681642147694,0.11112935075375534,0.07815342365920258,0.20983767437333878,-0.07679083906561246,0.062622972445884,-0.025580352094870442,0.03908983614942164,0.2558749021760897,-0.0005455926364486095,0.010787781830539923,0.2860746704861662,0.21438600618410766,0.10675920525083772,0.08279305720156527,0.050289527556304024,0.238168009863789,-0.07471475570933422,0.18434523956028753,0.1616259912244842,0.04700448506484152,0.20387572242573962,0.02420395875156884,0.2142825053757359,-0.1687048766303694,0.014798653055130334,0.17520740967655046,0.040290134715303995,0.0967005013220726,0.1908283784735966,-0.0394928069293629,0.3376745013568259,0.15148099994860628,0.2767632095874913,0.48844823748676996,0.05196252547564349,0.274387021946841,-0.17333101231349432
Red_N_R,0.4932282209260148,0.29337202301551973,0.21810196629725023,0.4177729931553004,0.288132468795627,0.17849790967974094,0.24956535366979732,0.3518839809740091,0.09646164988398448,0.09835374014223242,0.42500496407873917,0.036098496696459606,1.0,0.23213031886595614,0.4167047191091143,0.07626377481241702,0.2349338747880548,-0.01156343044440223,0.2710605554206528,0.3836949264459015,0.18936052284407298,0.22039724209485778,0.29627829704093817,0.16901697716917352,0.3276847281536645,0.30474078522447445,0.1648822406877656,0.27483289153041607,-0.14715194738287338,0.39721318607138406,0.29024225408959664,0.2261410849551283,0.3796510222126709,0.45323949518529794,0.34283699905396603,0.4978045633509952,0.3088974230325973,0.367882546096343,0.28507459608684144,0.2148392093147437,-0.03258949639508255,0.0884759715705435,-0.01953889104265977,0.419253449549176,0.3044370883235237,0.1925172584031828,0.18772632729640432,0.3764043707309756,0.24843111738009957,0.19917019484991794,0.3244873343835304,-0.02651860830694359,0.3272169615063322,0.4561614651228894,0.39400431960669857,0.32261096576668913,0.07856102625452314,0.22203458895478717,0.08425251839112179,0.26592589551753165,0.38453220160564106,0.35742007437969286,0.22047410305736612,0.4397639507789721,0.2739280211269078,-0.06939176953710831,0.05810737554365969,0.07384453074639151,0.4273287070822489,0.36914298369996823,0.41478540573559985,0.3222677025368566,0.39711841578363755,0.2776906058973429,0.4700775327408121,0.4443771946275598,0.211293405069057,0.49777692462958073,0.31209633714839696,0.024605214210404132,0.3575591948301836,0.2937962749601768,0.15898508102518108,0.3093806956942755,0.3468937548544052,0.2883925394165361,0.36632916398474397,0.3029307410395648,0.38357564957506063,0.1043558032945319,0.27603597397553836,0.29080515468074636,0.3435227341100594,0.06281736195905215,0.5225385915936117,0.14206358897042512,-0.08802425180085957,0.13020566757612503,0.23015737858158566,0.340963188110895
OFClat_L,0.2892165314475804,0.6822159714366152,0.5413246727070011,0.5599553923113457,0.7956191045187909,0.5196322998673237,0.5455869367471462,0.6325837278769427,-0.07839488000363201,-0.26851039168594687,0.5480093265502984,0.0887707128476543,0.23213031886595614,1.0,0.498003541948194,0.6076130771722669,-0.06687725514361893,0.0468991392501345,0.31142518376377404,0.3680918720294709,0.7738521995602153,0.37102878323293004,0.7852781335601587,0.7877393407557319,0.11852591431586418,0.32437524527715417,0.5505249499064111,0.49122417704006593,-0.17918422591826352,0.683678920497246,0.7304901093241462,0.5827665640136737,0.8008690492875761,0.4240670444916317,0.29489476322045544,0.38671526607267337,0.48920681900842666,0.7963949033680514,0.43568377796372576,0.46795462557981765,0.1452510069849322,-0.18391864815905978,-0.1374402622183304,0.19822429333089786,0.5713365255423195,0.7565906720710098,0.6968055559296478,0.5746418346818073,0.7476882822746761,0.6136224110883072,0.5166005754034401,-0.07503155832546647,0.6588083086275779,0.2455669983589416,0.011748169972924626,0.30137462766400064,-0.33083201530822354,0.5652211684177841,0.1707618884143294,0.3779606561249173,0.5436777727926001,0.6371290057382405,0.5747195744147232,0.5936787056206653,0.7446187139914452,-0.11875612239318721,0.3815944238134451,0.6949796320788734,0.7247207910068593,0.7036598334870894,0.2205518585289008,0.2749569468713536,0.37133952890232164,0.3391010431429749,0.5958971704854722,0.6380793247677794,0.6571966521802994,0.43517894026344855,0.12159022554593772,0.40719447304846845,0.2679550881802702,0.543374769777449,0.49897084496251604,0.21535077138764783,0.471086848706632,0.34402750899403073,0.36501412707815095,0.7478599445364928,0.0253726435841262,0.019415898194533886,0.6566392322674985,0.5831200958493646,0.2413717056396256,0.37274595113963477,0.149867406413726,0.8278906787618635,-0.2055387537929004,0.645414143776351,0.24836543691298912,0.8144434829534407
Pallidum_L,0.38444143550637455,0.439062501609674,0.3985176773364542,0.5499106211613396,0.45911951940907136,0.11145603491434952,0.31038548393373366,0.4915406103829621,-0.011439585936949418,-0.19042565823265908,0.6029516752042189,0.1862664063616383,0.4167047191091143,0.498003541948194,1.0,0.20819185695890235,0.18649335730370944,0.1990709660642668,0.3711101148248282,0.31343627288299697,0.18413967973260234,0.38882305848638576,0.44326456164757183,0.4148039540023304,0.5102635388001131,0.2835645135648477,0.28788300035338543,0.420252084561027,0.1622081241007892,0.7411618431628064,0.4527834793904465,0.318332271153007,0.6819654381696764,0.8104813054630894,0.27566647539566086,0.5694468718688154,0.1758502960389374,0.691191803855002,0.430577651789258,0.4368923787305915,-0.02896747577859004,0.08981682360582831,0.08119928047242221,0.25408772388901685,0.4729701333504769,0.3881068919344017,0.43617558726489475,0.4497064952207593,0.31242612955716365,0.19708753089267125,0.4857885551625269,-0.04129563381688873,0.5008822433394762,0.37958862636096113,0.29383516126362746,0.3964560600843002,-0.016584459516809574,0.2388961516020907,0.33924871507374654,0.20771403373976322,0.6038540778368258,0.46267174843390657,0.30096529214067724,0.5661542406590672,0.3636242115447458,0.02113067286866543,-0.15299728126582832,0.14435807556639865,0.6514938175983657,0.35123419685115015,0.6597447376242953,0.25551911095687824,0.37433721433786415,0.7602819640358396,0.718913284320676,0.5385208094182194,0.19699884694325778,0.5927190284254626,0.38116089439617357,-0.2032299898098165,0.23785289924224254,0.2803522102940403,0.2216387290383899,0.3038256727826736,0.5280047486581392,0.34140544296829617,0.2593044573221065,0.3588030308375975,0.37707518357568165,-0.1288397923262168,0.4163176428137371,0.44065489407374375,0.3462802131820064,0.22266004044819132,0.47119257501211087,0.35462448710901023,-0.03144045222363654,0.21031174551680668,0.5819715921666204,0.5345391709070068
Heschl_R,0.22458739809297412,0.6216902841680133,0.637135503933632,0.4337150126722553,0.701350607123395,0.4870266610474963,0.5161440228051917,0.5916290212764022,0.0784840274336164,-0.08238935639990311,0.3519595921956094,0.17878554615125666,0.07626377481241702,0.6076130771722669,0.20819185695890235,1.0,-0.10947543324824396,0.000858485238645377,-0.009226468039423747,0.2909033305091535,0.7071304092286462,0.3936263059516243,0.5508676253204137,0.7006224513513112,9.584608711399059e-06,0.30521978941562955,0.5444983293197714,0.4904641346178527,-0.2037956191859435,0.3912969683728187,0.7366782873601228,0.6249688722464729,0.5823752381971395,0.04462734179451448,0.2562923927077078,0.21412364988444313,0.4341518779176845,0.39248925744090035,0.35939721208676173,0.605815478202577,0.5355489308420472,-0.055390854216249986,0.016839346595326814,0.16549195724798588,0.5949319492957592,0.8012609789274204,0.6357754142317465,0.32378329681045553,0.7151705171436091,0.48726207888236295,0.2510593648377156,0.009171092302954167,0.5896717948069955,0.18962711754182923,0.055801956188016574,0.0998163266769695,-0.13592686969489118,0.26127557409738583,0.28092939548259643,0.38991252227117584,0.3176716870582693,0.5930265590245319,0.4947360086343773,0.45283750697044906,0.530781932094285,-0.15974623262822832,0.2694001315661891,0.8096072469222054,0.3772158288088817,0.4299081853072993,0.17054568947396456,0.3340954653526703,0.2129542403733101,0.11970806885949312,0.33845721371522414,0.5497880353397692,0.6835192610240712,0.3293855090944872,0.07753128743054086,0.3612922513014529,0.2178171134131414,0.5272518918485165,0.6705396956405296,0.4181179421448019,0.31525654734706315,0.3350850929829967,0.17087779062053568,0.6465459700512936,-0.08586674107105487,-0.034053900658630926,0.643933168639025,0.5816458980700895,-0.06672923665661021,0.7111934507447012,0.06997065414431011,0.7534523979510547,-0.05654678206326017,0.7648607566301232,0.0031795122096426338,0.34460360271334045
Pallidum_R,0.29805004385122014,0.06187125347308763,-0.03243742783007265,0.2968713873357243,-0.014663504030208028,-0.1502420991111726,0.13062233448937993,0.30175454879274244,-0.11061825285523728,0.5396743153619185,0.5020046338610595,0.13290800702555136,0.2349338747880548,-0.06687725514361893,0.18649335730370944,-0.10947543324824396,1.0,-0.2137933636295192,0.2793651597886675,-0.06093133929248674,-0.17546265317808254,0.641629487638874,0.07115174877300266,0.025953370718277077,0.3520948915717304,0.07128453819793641,-0.0930812292733995,0.47572982313808887,0.1925948810730702,0.31224617716107905,0.09974214956156419,-0.07861387214777932,0.03284431807532108,0.21046842004617425,0.2592325838041687,0.0850650425891809,0.42053187268187076,0.13282901071907685,0.04982430849423813,-0.05046039060237772,0.05018758410736885,0.7383521576168746,0.2631642372860287,0.3468466447429577,-0.026265852675989878,-0.08946368536729284,-0.0659189109339161,-0.022044926416742716,-0.14595619870883322,-0.021673970041819018,0.1746750306441357,-0.1381254289452879,0.10501779291978058,0.6915527086873868,0.42780995787071685,0.6510662375694216,0.7040093130722265,0.09133375373231586,0.16182902319955042,0.4451169047445296,0.39889796957364904,0.047174986589683096,-0.06886172842678218,0.44841254048291534,-0.07040562200477019,0.38214789479249994,-0.08885442546748218,-0.1103602203869264,0.10667672895714263,0.053519117506578076,0.5943114642396073,0.23876643039779644,0.05668543890661067,0.3098209717101871,0.4180123249932971,0.03987403892499257,0.21491289394691626,0.38828436320050647,0.790631178621886,-0.08972347521053835,0.4307019742920371,0.3004816662058439,0.08000368858355165,0.110565543680077,0.2125671337972829,0.5212365186239117,-0.011767794378852024,-0.18733070698974455,0.6313635921667573,0.19471191724513456,0.05519249105565808,0.3357924624893109,0.5066718357415487,-0.08406954118625766,0.6139679688283917,0.0018519095974569191,0.23645759423928545,-0.011689397549273875,0.2785203048580899,-0.04554922270166214
Parietal_Inf_R,-0.1343114978883765,-0.020573513796094012,-0.055236686215133134,-0.13837089912004472,-0.006056200998965731,0.007923054682663959,-0.09732958009231134,-0.030656888987933912,-0.02967433717567575,-0.17825217313775862,-0.09460009135500765,0.1379151853327689,-0.01156343044440223,0.0468991392501345,0.1990709660642668,0.000858485238645377,-0.2137933636295192,1.0,-0.033773649570233016,-0.09014499084629361,-0.1069165324484701,-0.10951159468544178,-0.07910459815664807,-0.006289131778717746,0.041744118884483594,-0.09226482497783053,-0.10035242427981662,-0.10750308356539173,0.05144040020930342,0.01336585896103785,-0.0247151909573088,-0.11174092644303821,0.054700907058108705,0.20695077576735144,-0.2738948270542839,0.0926536796452924,-0.23920238967190016,0.08815922136200335,-0.03786423722255434,0.07495524882332065,-0.1681992869638461,-0.18864465101754835,-0.06274265599875578,-0.2312815410526113,-0.09732402475199287,-0.03965650135354456,-0.02589283888618653,-0.11395525610604913,-0.10034204246732323,-0.04924767453320342,-0.15977684519008323,0.03893772364772417,-0.03584256944320197,-0.2787926644840351,-0.17135847748712021,-0.15765519730350802,-0.20226549222067777,-0.03467623183668446,0.18018182571206418,-0.12109309074029773,-0.1545738933009884,-0.1409664839866069,-0.05873493962656685,-0.17221741925865075,-0.0737013335841952,-0.1335199051339184,-0.09958734260954566,-0.11010493508229062,0.042013982425400845,-0.09930295291558543,-0.042216090609221074,-0.21158558139220165,0.0028902767099283516,0.21797566980773672,0.10406668752192627,0.08320729299457136,-0.1860422977714119,-0.17534527034010516,-0.08902429043261419,-0.14519066699609257,-0.1526062227252111,-0.11786172151214373,-0.1708392781978304,-0.031652814374482974,-0.18485369494581208,-0.20835393194917606,-0.03731013781570066,-0.11470837693811188,-0.09805532076113962,-0.16457265745091704,-0.09162133257138848,-0.1747698931720396,-0.17928055809254154,-0.07072607184009887,-0.11048110811119742,-0.017749725424262033,-0.02769945301787972,-0.05593832143622957,0.1120387530351097,0.042671923957422885
Thal_PuI_R,0.4305539854187622,0.3014133096227953,0.09801641114239826,0.23504156391523406,0.1905969074253719,0.007357183691545693,0.26958827551235975,0.20407163671456013,-0.05072246497635355,-0.04657045461808156,0.39136411094988865,0.003735977632399145,0.2710605554206528,0.31142518376377404,0.3711101148248282,-0.009226468039423747,0.2793651597886675,-0.033773649570233016,1.0,0.2604344024935207,0.1973089665072555,0.23545301139236346,0.23395820230306416,0.13375330888439738,0.29395710776666606,0.06734487728749616,0.13514171244399112,0.19826042657644996,0.06075417549298711,0.3953528988859344,0.2848034515744125,0.17403776194072107,0.36214562343007184,0.44644231104007776,0.1554414485265804,0.3483898341850005,0.3187552727626513,0.3973625129882196,0.25089974006396804,0.123368406064046,-0.2197387317432171,0.049510767105049105,0.0018011484686916337,0.35493476420302433,0.23976211001318393,0.11444974597651719,0.08918700836580518,0.3624020957643967,0.23883783744841033,0.046635498232969384,0.3270361091343987,-0.07096213354775985,0.3342323217688954,0.372719484576564,0.1526083353221048,0.3506546219396971,-0.0579971838932218,0.2915391825619895,0.22285167882797138,0.25145065366328284,0.3303064120915767,0.2759574978601642,0.2654122819455358,0.44188731898821615,0.21385624443814827,0.12208582227177175,0.1159637376549013,0.09968545271576607,0.43983137051196974,0.28852430928138184,0.28230016650698,0.354932531109487,0.1296902563763475,0.30325610028667177,0.37855319883175603,0.3490023256446147,0.1721986127518876,0.31668386634666407,0.3751144113989615,0.0925694471134069,0.2893128889886719,0.2509808830573964,0.2559022348207027,0.01117324200231691,0.3176734444549537,0.2605390087859259,0.3264292947819846,0.2794737262711836,0.28924456660708114,0.0689116132567514,0.23304301631145433,0.2312448383866839,0.37700446087550665,-0.15034945070109226,0.3400971699179502,0.13596879402709794,-0.06472963539946332,0.07253144906363426,0.4207393796196334,0.3910604978904961
