,Thal_MGN_L,Frontal_Inf_Orb_2_L,Cerebellum_4_5_R,OFCant_R,Cerebellum_Crus2_R,Fusiform_L,Amygdala_R,Postcentral_L,ACC_sub_R,Insula_L,Cuneus_R,ACC_pre_R,Frontal_Mid_2_L,Cerebellum_3_R,VTA_R,OFCpost_L,Precuneus_R,Temporal_Pole_Mid_R,Cerebellum_10_R,Cerebellum_7b_R,N_Acc_R,Thal_MDm_R,Paracentral_Lobule_L,Putamen_L,Thal_IL_L,Cuneus_L,Thal_LGN_L,Fusiform_R,LC_R,Insula_R,Putamen_R,Thal_AV_R,ACC_sub_L,Occipital_Sup_L,Temporal_Sup_L,Amygdala_L,SN_pr_R,Vermis_1_2,Frontal_Med_Orb_L,Cerebellum_Crus2_L,Thal_PuI_L,Thal_IL_R,Vermis_8,Frontal_Sup_Medial_R,Supp_Motor_Area_R,Thal_AV_L,Cingulate_Post_L,Raphe_D,Angular_R,Cerebellum_7b_L,Frontal_Inf_Oper_L,Rectus_R,Temporal_Pole_Mid_L,Frontal_Sup_Medial_L,Temporal_Inf_R,Parietal_Inf_L,Raphe_M,Hippocampus_R,Cerebellum_10_L,LC_L,Thal_MDl_R,Cingulate_Mid_R,Paracentral_Lobule_R,Temporal_Pole_Sup_L,VTA_L,Thal_VA_R,Thal_PuI_R,SN_pr_L,Thal_PuA_R,Precuneus_L,Thal_MGN_R,Cerebellum_8_R,SN_pc_L,Frontal_Sup_2_L,Red_N_L,Thal_VL_L,Precentral_R,Occipital_Sup_R,Frontal_Inf_Oper_R,Temporal_Mid_R,Vermis_7,Parietal_Inf_R,Olfactory_L,Thal_PuL_R,Heschl_L,Thal_PuM_L,Occipital_Inf_L,Lingual_R,Temporal_Pole_Sup_R,Hippocampus_L,Cerebellum_6_L,Vermis_10,N_Acc_L,Frontal_Inf_Orb_2_R,Cerebellum_Crus1_L,Frontal_Inf_Tri_L,Cingulate_Post_R,Supp_Motor_Area_L,OFCmed_R,Angular_L,Thal_LP_L,Frontal_Sup_2_R,ACC_pre_L,Thal_VPL_R,Thal_LGN_R
Thal_MGN_L,1.0,-0.06793491218288962,0.501991993764261,0.21845205649004057,0.113643709962783,0.2150878268283333,0.40773915627436214,0.4396823202135575,0.1155983125349167,0.40899915177649276,-0.21165644452379098,0.34693845842521687,0.5233963752530503,0.3760492789382195,0.17119343606942763,-0.11495289035513356,0.11287204438908893,-0.1068663489854098,0.44466736525628614,-0.3398648805230308,0.30294519503933,0.41384967463751626,0.2841332640066982,0.5281360933048467,0.06007923941410046,-0.22171062631642066,0.47421112743821364,0.19626738829787221,0.29510588393495846,0.025763365322381403,0.45134282615196347,0.3838253264754763,0.17641604676905137,-0.16495517993885,0.37112794621062706,0.18329739330837153,0.446403350002621,0.4573599331881354,-0.13892111202795754,-0.11358099337541394,0.4588113170782972,0.40119067775904044,-0.1753693852413725,0.5410623474078511,0.38238723901877264,-0.16766616833646641,0.3790259358198007,0.160183191802577,-0.13409303238518425,-0.26689434493427333,0.2543810485212249,-0.02705529937469326,0.0793347011626184,0.4302314014879312,-0.028619063847489638,0.1781938124386602,0.37214026529410793,0.5418808474064493,-0.09219431855505403,0.40011457866460637,0.22992030481384615,0.27470793432862595,0.42225228996854614,0.2925769877587197,-0.22715493326259517,0.17954382928697024,0.407612709615818,-0.11320013025174312,0.4082173616536972,0.2557060277089452,-0.0030838777101989874,-0.10768714357190302,-0.0003588572032187383,0.580503639482078,0.4503093194425508,0.4394939946873751,0.45350682437533996,-0.1040652846245367,0.3191270568785307,-0.1119662391864013,-0.20010109611455584,-0.10947400132892723,0.11778085175796818,0.35223661573297443,0.23168123127135182,0.527750580870662,-0.388953487556784,0.02543699883439473,-0.07748576631389874,0.5225348164485702,-0.1282110510940124,-0.312937147603075,0.19709353350720746,0.2529668313054047,-0.10878247568526543,0.18075195601970925,0.4161194951489995,0.42925778890889604,-0.0746976669623421,-0.14377640541219042,0.15101504568386,0.5795074581776032,0.2605518778131713,0.3497581426758555,0.36404195346845086
Frontal_Inf_Orb_2_L,-0.06793491218288962,1.0,0.155023955121673,0.3433642024105821,0.13227662927883416,0.6479479095203106,-0.2848708997842248,0.024319575415856057,0.2416732655308741,0.4119136274831715,0.26800295536734986,-0.0029040556652917154,0.21394454044327021,0.045022933905517586,0.008394961814128979,0.5057731770913253,0.12907062384272816,0.02930317173201829,-0.44068669292084317,0.273087281126486,-0.14883156645991089,0.09690437764443999,0.039161395424372136,0.014234724388920893,0.18846953242316442,0.2883986338487589,0.3087426095314099,-0.008172362985269422,0.04342075374226893,0.1765704038966818,-0.1499974973412524,-0.0777170233508001,-0.05638561649486556,0.329824670376267,0.49204983853087225,-0.015988351886315016,-0.07922644659330244,0.12627747498861064,0.2126789234065147,0.6650129643502767,0.05491266293778954,0.026436412955006556,0.3723768933151105,0.023970248417540092,0.1513924552216986,-0.05572896256204776,-0.1217486424685592,0.2980944185063625,0.0685687142943985,0.4384697951579683,0.2169282142961976,0.21537147546759924,-0.010714812936459386,0.14814426612735748,-0.28234589767425083,-0.009699608158055428,-0.15955050322488443,-0.18949035761092903,0.5733443604398767,0.17516699407173908,0.24707503524051821,-0.13089141781624872,0.20922695034532213,0.3617628722963321,-0.02351172331726367,0.03556277708817716,-0.03385442808458198,-0.04849096281392494,0.26999743463777864,0.07905647129250007,0.23554597698429305,-0.18119222438607305,0.3082701366152449,0.028060691922310636,0.16063194451519977,0.1327119830581412,0.07133883311843324,0.1086743926889077,0.05632765046543441,-0.016526086799783096,-0.05950449038955762,0.12851795415740772,0.35101443757277573,0.06901690425159245,0.01217460492450537,-0.10341481990594528,0.48687333388896437,0.2087178728569764,0.0032613693272179316,0.19564669825549288,0.5592326474795747,0.47165429135463016,0.2540419608303912,-0.2531799523935199,0.22717902493017297,0.137544897537283,-0.1649091662259507,0.2272235267699888,0.667884531746507,0.25783550510355147,0.18963314973354076,0.12034352631301386,0.0057758536068094005,0.23647705202728583,0.21263767537876777
Cerebellum_4_5_R,0.501991993764261,0.155023955121673,1.0,0.3295066022378695,0.2216884016065798,0.6270716377715253,0.506234928282658,0.6562483615223721,0.2654591779669319,0.5416583484593761,-0.003120381912080029,0.399757829738373,0.6322957019628265,0.7849829617536119,0.24034660982389142,-0.19286704493700355,0.4751729331021694,-0.2272748524214984,0.631730356571194,-0.28045954327339034,0.06496184300064449,0.5749882912019858,0.6158984620182063,0.632177530893086,0.042426415180773364,-0.022016497469667294,0.41030127848806774,0.613065521552075,0.34082823785189953,0.16922173013421013,0.6611236826091043,0.48459772655550076,-0.06390693915205423,0.02385262769289634,0.7057051765377867,0.34965206642649477,0.6493796391119966,0.7534282686191245,-0.11476965610766811,-0.023898960433037762,0.6369821727069866,0.23223620329264846,0.011550705339026196,0.5031857102717155,0.5491252934266494,-0.12658866136127853,0.555491568082728,0.10317406511094022,0.024002020517254846,-0.2061172625952274,0.13652957159320192,0.14944590503472838,0.0513299581597361,0.33879430115638476,-0.038868398840352515,0.4397753698588251,0.45133530268825306,0.7721078648496232,-0.06752194012498021,0.5208359696247847,0.6193075418619939,0.18533471791910305,0.7118957255643661,0.3595821015724185,-0.24638761828173286,0.35454680747600625,0.5478967877030443,-0.203813807228763,0.67890705774102,0.7068514167856912,0.2036762202047525,-0.1074406248599699,0.3070739127523634,0.6446854459767868,0.6884399587187993,0.5986217250821873,0.6997831333807734,0.17092874519606113,0.576751188490815,0.028261346535876513,-0.2453228490785307,0.036013083722395756,0.27753095722070986,0.29438447719091754,0.22848625586248622,0.7665061506017156,-0.3296961248244083,0.2902751682334553,-0.040404846571918625,0.8985280967888053,0.12049232243073614,-0.2199710777635944,0.2590156162786353,0.3625204953593041,0.19896421605620185,0.18536993507503638,0.6256988208231279,0.5944466231715395,0.03190165368145791,0.05374191049577545,0.3442374463956784,0.780731869278549,0.20899251315954667,0.3089599126618093,0.6851620946184497
OFCant_R,0.21845205649004057,0.3433642024105821,0.3295066022378695,1.0,0.21409726297052908,0.15102474935272295,0.5831275051114242,0.027632879214569566,0.5405261826846358,0.32122101491908434,-0.3591311446998309,0.6933841323471915,0.46449076093605846,-0.013489303073529581,0.35278456945565445,-0.04958833731954985,-0.24461581162839086,-0.27856912996336136,0.1999830896080064,-0.3201364852038095,0.360703995586244,0.07104921537659238,-0.14834427059381727,0.2940071666092486,-0.025322068316614814,-0.38082034082085003,0.12530516896931765,0.14932596022964964,0.4690969715968291,0.2051201010269575,0.3527930283283139,0.31656668256819137,0.3792383469938017,-0.3653234655108934,0.3717284544924501,-0.2865388871278427,0.10665799486227236,0.46392556364845233,0.18304917025846745,0.3267810168039105,-0.0014435148760033071,-0.050990456148213625,-0.03736093808668365,0.3929792755427807,0.0465894115282686,-0.6043950171676977,0.27061197351490524,-0.12247443758313165,-0.4133814063714225,-0.22379427087249465,0.08091668779091923,0.43132099146597963,-0.04997423970774519,0.5052728170033537,-0.006422523083089361,-0.22660962472909735,0.4049879484149852,0.467552685641876,0.1356587900267415,0.3652071197657105,0.0407156471665104,-0.13551823259942525,0.1713681007278645,0.5206568199688562,-0.2603699353694668,0.11274775311277468,0.2689771740446857,-0.14414524576732007,0.46333466878681234,-0.09699997600619656,-0.373993911202519,-0.32772867990743765,-0.19191615105579612,0.51801037348943,0.3029828921896499,0.19905430119123316,0.021172494051330756,-0.33468102774229413,0.058863338547969477,-0.191777160174205,-0.12948519330610303,-0.45950720570930853,0.7194404991321602,0.44766101760024785,-0.12318932797195364,0.2441247663384751,-0.3361158997159276,-0.14564201016878728,0.03565761811668135,0.29051830034415593,-0.12201322400112315,-0.23375947998835322,0.5416700491816641,0.38655737142476226,-0.15953393095013876,-0.06582194160420814,0.27259573821095423,0.06580107738664154,0.4747404463274475,-0.30647045809834905,0.13717339903169287,0.542676583691824,0.5359548770209946,0.49652606031902613,0.0955101024068968
Cerebellum_Crus2_R,0.113643709962783,0.13227662927883416,0.2216884016065798,0.21409726297052908,1.0,0.029955147682323144,0.19997221667242282,0.14871874852632327,0.03270523735039772,0.074291257132917,-0.19972429941092829,0.2564727165204445,0.22161519613805777,0.1115323030297495,0.1329179985379093,0.18329861565877123,-0.057713261228885426,0.01881231190832583,0.15725031363361044,0.01972964745541279,0.003420751583156278,0.17240375556682858,0.08967851893827249,-0.026808214836074564,0.10651753300622194,-0.19130856982337838,0.1705416667474471,0.18932433950019928,0.13997670932981424,0.17153209325934934,0.130465767450449,0.21006018927095635,0.046697834423020515,-0.18371367495560906,0.12073697597486616,0.013745031148697974,0.2159788515852144,0.22699604099991944,-0.08785638074972553,0.1914809665986745,0.17354067743092713,0.05470336687319838,0.10095065479970107,0.31086754846578474,0.02164671274918567,-0.3711449356493311,0.1254929223097652,0.10727677410850005,-0.15883707078406692,-0.23535706163549908,0.12368155110104594,-0.007765938330863338,0.06456595531999935,0.2147165426949721,0.1615422528242979,-0.04692917764715155,0.19093580288278683,0.18617818685483115,0.04194636463529589,0.17493122469037434,0.1423305544440196,-0.07059829846167519,0.21814758559935427,0.09217443803815342,-0.039561288295773,0.19719769681120405,-0.01829191810528633,0.052077906530420624,0.282372836138949,0.06728357809702819,-0.11485155357539836,0.11817411025244821,-0.004494913334958493,0.2965929910407385,0.22505555010486888,0.15218491610918486,0.1767530821926233,-0.08587475807637679,0.18271546638292854,-0.008382266799673516,-0.25074395936817123,-0.17255362769338634,0.2456896482716116,0.17854092852353878,-0.047877670251520114,0.2401798639910587,-0.2445035743586715,0.06275733663074107,0.2255150943998001,0.2638466859623927,0.022559143930547677,-0.12868318790509842,0.13306442711314212,0.15242577263169038,0.19887767810521934,0.07807663053176622,0.17179258807341588,0.11288005706323127,0.2914321024438779,-0.19732205295314917,0.18913563310796885,0.29096259137495706,0.18648580812329008,0.15005002981476231,0.01867261309702597
Fusiform_L,0.2150878268283333,0.6479479095203106,0.6270716377715253,0.15102474935272295,0.029955147682323144,1.0,-0.10344013716093618,0.3512511316095991,0.18336051081543825,0.5136512610007449,0.382510242856094,-0.04956041129126547,0.33718953459205026,0.5105594191934052,0.013784392061988457,0.16772233767825176,0.5193194909461868,-0.03008568117239782,-0.022270069468021205,0.1603184126825507,-0.08099851635367823,0.3802190952566577,0.4002381696478858,0.39291741154882126,0.1644577623659909,0.3735590360545949,0.5346414709850914,0.43142593722371075,0.16261718957927257,0.20353448350059822,0.19075099206993593,0.015181355537567208,-0.2397009450247179,0.48882367477673794,0.7387718913354746,0.29831076806985196,0.2628862948551763,0.4622680511976288,0.07410659523352084,0.41542270912167234,0.4447548245393318,0.2132376778101745,0.28429547815368217,0.20235419507848565,0.46691161901771766,0.23408485068465815,0.15136871613697825,0.4218194673394057,0.21475839522643755,0.3908579876265269,0.14320667630632225,0.11023914474823242,0.03115097424495875,0.16294255637372093,-0.10326037452504128,0.32584596295341367,0.05240413856546257,0.2536517646048775,0.49097809290332106,0.3650911851936967,0.5661432646134643,0.08851614595721871,0.5312909331707354,0.3244193737279243,-0.10156025821340414,0.21108692946871035,0.39876104014268443,-0.15710432647495942,0.5368853921149942,0.5546944426440187,0.40826418317029506,-0.16696560281375028,0.4591247647355995,0.16635056833014214,0.4375976497830885,0.4328526431686197,0.47418326261947163,0.2728219018489833,0.3802931012224115,0.17939138617445552,0.019963560020580792,0.24001906391395258,0.12099763558069473,0.1204540261373404,0.18170429371286215,0.30519407024689693,0.3584585430081939,0.5106910115951887,-0.030993565146821587,0.628751850864775,0.6753126683663422,0.39761738729908325,0.12017487788361988,-0.0635034311495174,0.3263577849889853,0.15567035572042945,0.1527246789486448,0.5798128677829623,0.30901205411602056,0.4031668780470928,0.37162322610581083,0.4198107721877228,-0.11581039273611403,0.3414084626947523,0.6115240541123668
Amygdala_R,0.40773915627436214,-0.2848708997842248,0.506234928282658,0.5831275051114242,0.19997221667242282,-0.10344013716093618,1.0,0.21644961070608176,0.4870796099036255,0.33085317240530376,-0.6791706234564089,0.718747654929361,0.3776141101117424,0.1756589540485087,0.45311991098226223,-0.42266143258753697,-0.2705538485396759,-0.4023019137138104,0.6578285608599543,-0.6385860255731785,0.4023970104066165,0.12698962432211428,0.03168558432086817,0.495551916949554,-0.15847292767195761,-0.6936135069565326,-0.019489804434741537,0.19243684215330722,0.680966394766208,0.008801942247255008,0.5920574730282714,0.5546421570799607,0.37141263266264773,-0.6895270693112544,0.3083205173498873,-0.1529912494846664,0.39628839957365203,0.6244165228051475,-0.025268481571118693,-0.16361398041932723,0.1474679087844454,0.0344473146988708,-0.2007678681986934,0.6046637438260003,0.08723232972733753,-0.5335872688664686,0.4551235120788772,-0.38886027352774555,-0.5883757628797537,-0.7005481239763417,-0.03740792377706711,0.2981068612862669,0.009120938455016834,0.4673029126934571,-0.05494828630002178,-0.19321339303995388,0.6335452082187436,0.7831417811022348,-0.39990043839163353,0.5975298989486675,0.10528690089156661,-0.08253629395532297,0.2648103348100105,0.5272997340526379,-0.30302683256104385,0.14451941786050243,0.4045679402890624,-0.10090253439679636,0.49548329341981767,0.026258059181433716,-0.42690719224522783,-0.2940589191911334,-0.20837822262082012,0.6358038205408922,0.45804440614781133,0.2606013021517432,0.20573384331374306,-0.47494169214772414,0.1511922946097769,-0.41837559035073185,-0.19991090136454745,-0.5778361454664364,0.47002551287945127,0.4539343958012247,-0.09987064756339369,0.5511669769872225,-0.8812548186447716,-0.4333701407522264,-0.2747338902206121,0.4714218968153586,-0.6066698516777114,-0.790958442540631,0.2704973364366926,0.4435513955618452,-0.1311562825600768,-0.09818088923601027,0.5382948347500612,0.07668141858445685,-0.046738540970837836,-0.6167920881713567,0.09834609261237155,0.6906307787454038,0.5846555524865897,0.41130418073720737,0.16006041449331931
Postcentral_L,0.4396823202135575,0.024319575415856057,0.6562483615223721,0.027632879214569566,0.14871874852632327,0.3512511316095991,0.21644961070608176,1.0,0.025611991586832347,0.36510234205126835,0.23044409736457477,0.18773214984946326,0.7205236181690652,0.7192748966088229,0.03773794219876689,-0.14451080732925295,0.6366355099793285,0.04457028463771699,0.4555917320107062,-0.11575803510043438,0.022467490688337925,0.45973462930748527,0.8162273905578357,0.48307193469530774,-0.041829215321924754,0.23902529298027625,0.45981427199809477,0.4000033990176892,-0.07965533084136554,-0.017212283827138616,0.5759774510442253,0.3180823016408843,-0.10164061474677058,0.23091506766989797,0.49689988284928555,0.46480621412846923,0.5906675147681483,0.32001732253522364,-0.2668598581345828,-0.12252589299569536,0.530178982798928,0.2045843773974781,-0.19998335253723185,0.3588048800448495,0.8084733075442493,0.08109628104365288,0.39464913466695833,0.17918945020226323,0.2751248318144873,-0.051705774882651455,0.3526390864286641,-0.09806472497859142,0.05610841897822975,0.12329022739397963,-0.031952287743281085,0.6379965414434117,0.18439850302115465,0.5195730536521056,-0.10144693684339605,0.1721742822501373,0.4709182910931355,0.4875953596964645,0.7861852383320882,0.011186827782826614,-0.19469712948036025,0.3234315258251999,0.39306270801123494,-0.14704044704523753,0.33571384045727043,0.6652817064505782,0.4180171087141291,0.18155532942306854,0.2810589671583289,0.6733366199601699,0.5553872442841311,0.462758342328045,0.8372634795037653,0.39028377605472037,0.6427136817825162,0.2289316740200145,-0.3469811128054402,0.40855510019990005,0.030761483824750555,0.0550182950819385,0.40476210132040225,0.5594446778394537,-0.14315680785817878,0.3552999625022197,0.08961037105948633,0.7098036315788664,0.03988574172339919,-0.10157445406843951,0.2587132787866522,0.33385572935614904,-0.0424001607738398,0.32922256802217037,0.5233365313682796,0.7219790449324104,-0.24191591459568995,0.20816868777345104,0.18095968599356468,0.5426208845816067,0.03608387085808529,0.05827633967732562,0.5649431472116551
ACC_sub_R,0.1155983125349167,0.2416732655308741,0.2654591779669319,0.5405261826846358,0.03270523735039772,0.18336051081543825,0.4870796099036255,0.025611991586832347,1.0,0.30728222361016755,-0.3129300472006307,0.5433674249513377,0.24583548954641843,0.008671499459794063,0.3160600361976609,-0.09683136298653301,-0.21208197188731917,-0.23760120317359362,0.23329603687524797,-0.2758741837405,0.40655352781212106,-0.2635057795341459,-0.16425442271713828,0.4152773451777095,-0.3279770354742706,-0.34810282844699086,0.06622495094153623,0.05949019183319378,0.49776095124714437,0.11807422854246956,0.24870463798038628,-0.004542911759862478,0.17714018726601535,-0.33573517041487555,0.35437620594431607,-0.08341764484556956,0.12695596951353644,0.42752897628972525,-0.10989787761371594,0.21459991020419372,-0.1857849430744892,-0.20696193516586495,0.06944428395459187,0.2820269643379809,-0.004763746124210837,-0.361287410499249,0.16424197025554083,-0.22523558520660947,-0.32745910695726954,-0.11955838259879499,0.07526287078990469,0.5687342257264543,-0.09346378443740531,0.41536543632968687,-0.10148037729722133,-0.1805100108407962,0.3196070204178406,0.41544213315852896,0.14749212907661802,0.4517551921729904,0.15517676964949462,-0.20819114047477577,0.12058541077999789,0.46309131147348787,-0.03233321306708003,0.28092655809860356,0.4798262860298902,0.03141102251935185,0.2448423895095811,-0.0810371180162168,-0.33544024014093166,-0.2783381521083919,-0.15892208632806648,0.31052739677878277,0.284938191291708,0.10262787916334201,0.004388154855873663,-0.27333956615485355,0.09762859497658466,-0.21041977455026353,0.02602163572988593,-0.34842640404539305,0.22539178709263752,0.28400582311523404,-0.14025539419660515,0.12016573057868839,-0.2855181269122991,-0.24007372592029264,-0.05434723651180252,0.28916253787509816,-0.1255983659293382,-0.19169977316872883,0.036082911789010075,0.25028892223015325,-0.09866262247818045,0.07506664128507325,0.1748559229490477,-0.01897810392155744,0.35341865011015494,-0.24859395342786814,0.14288236773827223,0.40330349895502465,0.615009200050177,0.4326552306118775,0.26962012758217513
Insula_L,0.40899915177649276,0.4119136274831715,0.5416583484593761,0.32122101491908434,0.074291257132917,0.5136512610007449,0.33085317240530376,0.36510234205126835,0.30728222361016755,1.0,-0.111008773775537,0.3413715428762351,0.5332172434637942,0.3155648729518188,0.22684529941821976,0.04964342961328437,0.16994096181482313,-0.11527888339267532,0.15845787549829818,-0.1502661002522747,0.07650710078782619,0.3645296721003444,0.25183039436417004,0.5508754372730197,0.12719566434781596,-0.0806228485707027,0.31225295854772805,0.09868413410277162,0.40041167091223073,0.16244100973750816,0.41008853394867056,0.45404841070130536,0.06058148365220732,-0.04836838408273142,0.7526642429749469,0.060363097829260186,0.30064322665218646,0.5109241492801234,0.12786127212503165,0.2505188499129456,0.41677636350641367,0.23794071288238822,0.137336060192726,0.5934786966409823,0.268559382046808,-0.05778309954661719,0.3669477521895154,0.031697580845472646,-0.1464309039186369,-0.09092166089313519,0.36256992137755223,0.1168704059302413,0.049255765223334746,0.528832160056404,-0.3784401669744601,0.09276733806610221,0.32511736005172176,0.38762766816594657,0.021097774027066588,0.521936673062362,0.4177008662991232,0.3137941128815523,0.3868520173112703,0.5981915170199591,-0.23285757948987024,0.18728943182154673,0.3233890763198253,-0.20902247248254552,0.50110793984608,0.2907110904950594,0.0880288244951013,-0.28622397523307297,0.2729086286964914,0.5694778503270528,0.4499348999223086,0.5329382713820561,0.375603179323612,-0.07844837037266697,0.3730416005271803,-0.2720355483640865,-0.1291816043915692,-0.08104257692977586,0.3587658915517398,0.5149672572208597,0.46267719810944963,0.49135572226807117,-0.19808389571693763,-0.09029788275635142,-0.33717085264201085,0.5751826329766169,0.041686398949883026,-0.1609328110113017,0.2181305032705362,-0.018840408180033342,0.14581217608915223,0.3268401335594402,0.41780313359545873,0.36320605115911525,0.29242327992827416,-0.04170685810365573,0.15938369219265971,0.6134176064703152,0.2729517334194487,0.504981338218761,0.3262895510521774
Cuneus_R,-0.21165644452379098,0.26800295536734986,-0.003120381912080029,-0.3591311446998309,-0.19972429941092829,0.382510242856094,-0.6791706234564089,0.23044409736457477,-0.3129300472006307,-0.111008773775537,1.0,-0.5609816591777436,0.06044952789488937,0.38093319912575374,-0.47806148854725183,0.1559245671353902,0.7715081805544307,0.3553817687421818,-0.17204078743444445,0.5680705443552128,-0.35550479287664816,0.2398745986373518,0.38982586570546773,-0.06652207758168603,0.1041289966358239,0.9561541520878755,0.15328990698356648,0.39609238610237363,-0.6999271907502249,0.10574453212908898,-0.04414152581347125,-0.30784468803504816,-0.48904370465489394,0.9368445637898043,0.0417375724226956,0.42792787564210977,-0.054577153854455086,-0.32769587962477525,-0.05010352497687413,0.12122811577634551,0.2195162471124871,0.03739062948422568,0.22678945167802947,-0.47002234505390045,0.234517193076599,0.605976626940511,-0.18995511045818683,0.39849659039893004,0.8511722314313795,0.680571855167567,0.1413093837941101,-0.22091992728949067,0.07145868712703589,-0.308015909774907,0.24572906509714376,0.5973006912854272,-0.48528127910125013,-0.24937796469756418,0.32231231472056504,-0.47447393358830486,0.3966541106601352,0.3289304720493369,0.07376176023027467,-0.5834033318013484,0.3138722205140692,0.22731161959735566,0.046681133482509754,-0.008009436319219099,-0.232767176113053,0.5181168835937857,0.6641447725429781,0.45680817112318894,0.24086760085382128,-0.24132221856887778,-0.23540309459927278,0.16500281812940398,0.18735429218910818,0.8423983447456455,0.2835722665097706,0.7678999479597771,0.17914059701662177,0.8024203292206702,-0.23718057289127956,-0.3627712247841805,0.257775863536993,-0.08631445082190062,0.7800797155676644,0.7635871728392444,0.38280127044357914,-0.026907877801027276,0.7097833502417825,0.726816064656277,-0.06005888391023129,0.010583663745218444,0.28288373314383536,0.29344987915668314,-0.1757047420794653,0.2587848604351016,-0.12100702059197846,0.8101439587662942,0.21630494888767512,-0.31030193956397256,-0.4809304188433729,-0.37091770460293005,0.33362193935055884
ACC_pre_R,0.34693845842521687,-0.0029040556652917154,0.399757829738373,0.6933841323471915,0.2564727165204445,-0.04956041129126547,0.718747654929361,0.18773214984946326,0.5433674249513377,0.3413715428762351,-0.5609816591777436,1.0,0.48954157595242803,0.10223998057576973,0.4499719831523584,-0.0751315559462832,-0.29568257912186524,-0.3637060921816559,0.4779671607439595,-0.4417844484894293,0.520014974573954,0.026245856278403975,-0.11855752970883489,0.40101759206277304,-0.12354965754341961,-0.5736969680298182,0.004087214234147015,0.1144088409436754,0.5483975646841985,0.3092673626801317,0.474712501259685,0.2973434729332261,0.39447547644888536,-0.6103061751258052,0.30131739653358525,-0.09084795435493728,0.3674953605431909,0.5106155036171833,-0.12450738142663957,0.002792296757177316,0.036369469260586915,0.05349124199902885,-0.18457073436477273,0.4979323410800508,0.09531764228065209,-0.62418857246911,0.39887865002756273,-0.22361641046822117,-0.43201281007689757,-0.4976354693038588,0.28377784285334445,0.3266104848640574,-0.025183540704367836,0.5634612375528241,0.0046341030592463636,-0.1703267679465846,0.5148391725088141,0.5949290419712362,-0.10232823756290216,0.44210629756843556,-0.05305031646078482,-0.14218285878197706,0.22901659363138377,0.5107722192500326,-0.2175966091574288,0.24384228789437412,0.30506683280689184,-0.08179758664325325,0.38429230362133526,-0.07739781141640728,-0.5055537922116659,-0.2194580310317731,-0.20222203916896675,0.6579360987978448,0.41574948873469963,0.22447320701333284,0.09466724905961749,-0.38050231911045657,0.2636634878851538,-0.26251861008306676,-0.2272791031991798,-0.477814716934001,0.482524699107955,0.4865825379082169,-0.001671575558187795,0.3275231110490457,-0.6453160238892947,-0.328614380977846,0.11728559928180794,0.36434247782554285,-0.418465826273807,-0.48704771610087433,0.4135230245105402,0.5172585367482876,-0.26716881971278683,0.1518195302945856,0.3875730153094144,0.01764633711008644,0.12728975730506648,-0.4891499593512072,0.12451258040765621,0.6286277021972311,0.7234867932877271,0.4405764076644426,0.05213166875483185
Frontal_Mid_2_L,0.5233963752530503,0.21394454044327021,0.6322957019628265,0.46449076093605846,0.22161519613805777,0.33718953459205026,0.3776141101117424,0.7205236181690652,0.24583548954641843,0.5332172434637942,0.06044952789488937,0.48954157595242803,1.0,0.5878403457056492,0.17904215336894536,-0.09537557608018862,0.3759873289501675,-0.013489919703263265,0.47184558601063337,-0.11360316459101152,0.2664952437531762,0.5312007544621439,0.523190542351409,0.622566199894497,0.028926383525135525,0.07351533178407266,0.458019911024791,0.3786462847287852,0.1212059914166791,0.21043304406843513,0.6816365051966576,0.4184767436772012,0.0342341758698962,0.048615624385268376,0.5974644530691192,0.304216130288468,0.5295224286015717,0.396371301505184,-0.14485452968383872,0.07517674228263369,0.5056674384335283,0.29063604718522296,-0.13651984967539849,0.4676775023236705,0.5887869104989074,-0.17497043315556665,0.45643886263869105,0.16060617651854645,0.13973838640194444,-0.10233438309857866,0.48178366015461044,0.12334185824081233,0.05855343908613428,0.4870814538545467,0.0025500566329564192,0.43168402711844156,0.25254234422906474,0.6047473326197537,0.00656130842227291,0.29582977262860155,0.45559296573877667,0.4157051177248351,0.5802602910512834,0.2485183144823383,-0.1817920662646336,0.41288571734998286,0.459414717550114,-0.26160769550964086,0.45071690953631466,0.4721118016700685,0.17586933049064155,0.11252322077334222,0.06728369064139701,0.8363813188066137,0.5709977506850505,0.583432685865643,0.6144949056476362,0.2055691751287312,0.6240782276666064,0.15882571904546883,-0.27907110915732253,0.17853725749603233,0.3658343059922819,0.2844027135366161,0.4097194803923961,0.5802329932330651,-0.24139159959593093,0.24131888483111816,0.16137260169290893,0.6589066367027663,0.015039821022498031,-0.14900604413933097,0.48634610391484584,0.5554957618107482,-0.0362937135642319,0.4836250788939242,0.5052356275759136,0.5779358641305061,0.025162437577847023,0.06028883686210808,0.29029012407760085,0.6557899522409659,0.3450599926151505,0.2822321469005425,0.49318673471596963
Cerebellum_3_R,0.3760492789382195,0.045022933905517586,0.7849829617536119,-0.013489303073529581,0.1115323030297495,0.5105594191934052,0.1756589540485087,0.7192748966088229,0.008671499459794063,0.3155648729518188,0.38093319912575374,0.10223998057576973,0.5878403457056492,1.0,0.022114057016704883,-0.13628732655057424,0.709402784732227,0.02593191706729855,0.6201753935088604,-0.03006997344398435,-0.01694880572988446,0.5714234414888374,0.7277457097859243,0.5870930318473793,-0.04857052166390868,0.4016940023935192,0.322589518217574,0.6593395850298293,-0.11190670683102721,0.1255323454857077,0.6368800715906475,0.24219005449237335,-0.2261923651799377,0.3508777943823618,0.46523406792588,0.6652966424383246,0.6652621897757182,0.41106964682804387,-0.20079712292930438,-0.05858394604651592,0.6110604408369413,0.24303543325237134,0.06889517051913112,0.2622676243872592,0.5973206655548816,0.21042583240375484,0.41269441908359483,0.2501320171702108,0.47296035352512455,0.04417347572818858,0.26406736152330745,-0.03219124566565029,0.21594411759946927,0.13326700197405494,0.08705216390203117,0.6906792641470878,0.1548703235286277,0.5431000255911944,-0.07282272737012371,0.17457822958357216,0.6682261514202648,0.3295405252031604,0.6288217891590081,-0.06322114564897324,0.028537881057669478,0.4854552202067551,0.4906797489718866,-0.058333381919290724,0.3528980104973402,0.8482440077722232,0.4580592889432564,0.267349852247718,0.34495729558825855,0.5052498005346364,0.5036490661610903,0.5869230320302673,0.7465557624363814,0.5800524991357346,0.7339249070577767,0.32769408155305174,-0.1717687575413423,0.4706435510737333,0.04083519520217303,-0.023255927102660428,0.37886910683473113,0.6213689530916804,-0.040853153553013895,0.49656129056805215,0.13220728465372045,0.7360910303918671,0.26476967754369957,0.005450911964797458,0.20666735517776913,0.37568938261319945,0.2695828982955299,0.35778414478225873,0.4812109773656786,0.6179207987057425,-0.24052607283571661,0.3361535595025132,0.36283868027016775,0.5015796005123222,-0.044618131322168665,-0.0631891468279697,0.7080220648057779
VTA_R,0.17119343606942763,0.008394961814128979,0.24034660982389142,0.35278456945565445,0.1329179985379093,0.013784392061988457,0.45311991098226223,0.03773794219876689,0.3160600361976609,0.22684529941821976,-0.47806148854725183,0.4499719831523584,0.17904215336894536,0.022114057016704883,1.0,-0.054166849909381184,-0.29323622097760055,-0.291984644704968,0.23327659780030038,-0.36830640089348854,0.20772079051106906,-0.03018395125203862,-0.11560763537306246,0.19995921771883338,0.006156664860872429,-0.438350251594624,0.043599242685485935,-0.0071864706322710995,0.34233524515613634,0.14853106842899053,0.24992474668617395,0.1664818193048299,0.228293541303346,-0.4255691447033095,0.18586766169329802,-0.0940635948202071,0.322728838683466,0.4195658765391615,-0.20431122134542792,0.07061526460671956,-0.03272654399674196,-0.07127353995697036,-0.15246451101364317,0.3687145881931149,0.03556633289971995,-0.4655369151449585,0.24706808672225672,0.055570607464140526,-0.390465908613004,-0.35915622589176643,0.024071219904262493,0.23314747606956862,-0.0158820606330845,0.32894512258543374,-0.11224563972246006,-0.20829582907912597,0.4885680483448168,0.36271124312218683,-0.11916630355257501,0.3292001499609816,-0.03308863198088263,-0.1777257439662556,0.15538716109872333,0.3938575387110425,-0.19219239389513937,0.08866124140242032,0.12653649572015027,-0.0536114930794176,0.31172667899740464,-0.13397419802945712,-0.35349304074886406,-0.2896349288559845,-0.04729110646870969,0.31831715375854464,0.32824899553078485,0.08101303476010403,0.09640439955622156,-0.3978899301425986,0.07498530274143814,-0.32445592465370143,0.08604127787124491,-0.39001682500441454,0.24956715812488975,0.23072016491590794,0.022086947466871874,0.18804033101366344,-0.39901372132719565,-0.2577015145165124,-0.03525612127338209,0.311109095733684,-0.22312047858728606,-0.31478555469721814,0.1115422886949012,0.16888992806489142,-0.07752846665849815,-0.019027687632859246,0.17151010064559366,0.09027462978387428,0.11142413223041943,-0.35757245630259293,0.025471925774281156,0.3911525214631094,0.3810959878244803,0.27620151810388704,-0.009878309001909216
OFCpost_L,-0.11495289035513356,0.5057731770913253,-0.19286704493700355,-0.04958833731954985,0.18329861565877123,0.16772233767825176,-0.42266143258753697,-0.14451080732925295,-0.09683136298653301,0.04964342961328437,0.1559245671353902,-0.0751315559462832,-0.09537557608018862,-0.13628732655057424,-0.054166849909381184,1.0,-0.014136309497946937,-0.033723573479982956,-0.37407774720164466,0.3631191121835698,0.06496315417196706,0.08136688230517339,-0.17776490551806828,-0.19340781243867852,0.4182559074638978,0.20847038176355165,-0.0036940926168907936,-0.1291923117536595,-0.1273803390922004,0.2672303511207767,-0.3038286104605456,-0.24936171350230185,-0.19816117218570833,0.20231501533081678,-0.06674899591199526,0.12451514194456594,-0.03193325920547383,-0.23479587641664226,0.026269536157046865,0.2217544386790231,0.00894223211432989,0.13476619026152992,0.2137421230519652,-0.11301748845191587,-0.08303752695041362,-0.028511964085654744,-0.2740597171450369,0.25644546363016874,0.056005293389480675,0.23210153931429417,0.09511541237062739,-0.0955242466177891,-0.08488661027328158,-0.006116039657309583,-0.03418299859684589,-0.0907185615649972,-0.2540941760089238,-0.32699654965599767,0.4345435452484428,-0.06573767654346488,-0.10533871722293385,-0.15342918377903492,-0.05028310738828875,0.0977123352592751,0.2150899671783857,-0.2395614710851223,-0.21387230039543637,0.05195099283656556,0.015361718574290872,-0.13005363212103535,0.04341984998662352,0.14000085337227794,0.21392861996472678,-0.16489509495361526,-0.05472492916486467,-0.0492998025599727,-0.19152053633648683,0.05652302600889292,-0.09346372248405362,0.05537536493437181,-0.14236917072427543,0.10655262982815564,0.06727572974062218,-0.12413268258435096,-0.09738863998336122,-0.31084190825719354,0.3269527681313247,0.09688216001553743,0.2531694529731974,-0.13127996773759917,0.2950753104791322,0.3360764448498217,0.05274049110391679,-0.1657910521559945,0.042280703488907154,0.08299344888312443,-0.3034017454428187,-0.017373548600228578,0.3378322083291399,0.11790677891243076,0.28488130726822875,-0.1512807810188114,-0.2424175251724637,0.007614446483410521,-0.07162294674374504
Precuneus_R,0.11287204438908893,0.12907062384272816,0.4751729331021694,-0.24461581162839086,-0.057713261228885426,0.5193194909461868,-0.2705538485396759,0.6366355099793285,-0.21208197188731917,0.16994096181482313,0.7715081805544307,-0.29568257912186524,0.3759873289501675,0.709402784732227,-0.29323622097760055,-0.014136309497946937,1.0,0.21886334306278454,0.2567647308476097,0.28804645072741714,-0.24522278799855787,0.4939187315084299,0.7584736655025083,0.24316028041859736,0.09388366474788067,0.7486567319750559,0.3218948383755047,0.5704721774850209,-0.4031061670445823,0.08146192794828948,0.3037952205298742,0.025268297549090848,-0.43094793112590063,0.773928276645573,0.3293898364477054,0.5359507484004967,0.33519087797838426,0.07903977964908611,-0.1575749500023392,-0.1073542345463411,0.5495414496787879,0.17257261089490755,0.06900944974708992,-0.050808773173886324,0.5766353473238957,0.48483429622585805,0.2379155414999408,0.3355133885358125,0.7452153263491226,0.3960358312592622,0.1447113548288808,-0.22160583447131207,0.07761758853847321,-0.156929357463427,0.18878123572413544,0.8508114237194854,-0.18686351799141554,0.21052425363522684,0.06466293900304196,-0.11880865165148083,0.5805839352882367,0.5365890972024425,0.46476193823533724,-0.3666541111165862,0.10774285504116757,0.3258892333459057,0.33173818189661425,-0.07826508359973183,0.16001575690931724,0.8853037397983865,0.6901035201567086,0.36623525196585066,0.35144185953144996,0.17104229176248945,0.2017725372369239,0.4261443737025879,0.589044570368048,0.8415602507807245,0.4926901411239297,0.6291600395985896,-0.03180283293853403,0.754831698618603,-0.13763963718240652,-0.15149934787948144,0.38388601213416584,0.38847809149549956,0.3844528218742978,0.7155195011697534,0.2483389061950141,0.4332344859299497,0.5014124044642168,0.3912944581161977,0.0277754586987169,0.17604349253395266,0.28938359829030547,0.28164745632638205,0.3296084095316188,0.564626509172469,-0.23592587017851688,0.7410661125638036,0.265062553011601,0.17787379514045878,-0.37654664700356627,-0.11495428230639952,0.5832328908117158
Temporal_Pole_Mid_R,-0.1068663489854098,0.02930317173201829,-0.2272748524214984,-0.27856912996336136,0.01881231190832583,-0.03008568117239782,-0.4023019137138104,0.04457028463771699,-0.23760120317359362,-0.11527888339267532,0.3553817687421818,-0.3637060921816559,-0.013489919703263265,0.02593191706729855,-0.291984644704968,-0.033723573479982956,0.21886334306278454,1.0,-0.24944683261399644,0.1848188984130115,-0.14686735062647513,-0.10032982990243795,0.09621376096798993,-0.02468667981529536,-0.2734399643185312,0.3476298988452637,0.1614364584491011,-0.13432682303455554,-0.3577437312299795,-0.31313390055397167,-0.19097702766665334,-0.17874659323089265,0.13571294916968166,0.33169548419025724,-0.07191494242735488,0.14382715027072096,-0.18855635222424724,-0.29163263044250487,-0.002225775936353333,0.15377216636509747,-0.03922581622745458,0.0455786596554702,0.30314908492359266,-0.21467793176989458,0.06745477239556716,0.31708380323116947,-0.06758442437986384,0.21321665439933804,0.4018834212254343,0.31899640735250273,0.2497064340858879,-0.13950623851628324,0.37643611936288063,-0.1745573808772279,0.013112540848132643,0.14056642360987567,-0.2890540707695933,-0.339448989242852,0.007112213958134299,-0.3017491090863542,0.07095777586085159,0.2207340987928876,-0.0994547831617515,-0.35600351411768205,0.20388011944821144,0.21954964431090626,-0.07044235547139366,0.14171292881159947,-0.3339572775611445,0.12033994547271454,0.3337539607684087,0.17003927704438834,-0.07476860457857624,-0.12366592345592792,-0.15751075623139923,0.035841616673467636,0.0820939771243268,0.3002680555028124,0.09229160318878527,0.15446490916420275,0.1269756539887826,0.3693985826209663,-0.23431570155453896,-0.16716074104015197,0.17298906752723667,-0.06040464791789679,0.3434024044897775,0.15874231043212206,0.026455217562354073,-0.14961777537751497,0.19956283185770698,0.25932973948015997,-0.011277635127639754,-0.2558575432168727,0.27738110857168613,0.11279677796553979,-0.08688837353962635,-0.01914438856839079,-0.001835942554176633,0.2932221442864705,-0.3023775812488632,-0.3037206873467219,-0.16566285193556426,-0.23646656709136832,-0.018682412510220427
