,Thal_MGN_L,ACC_pre_R,Thal_LGN_R,Cerebellum_3_L,Temporal_Pole_Mid_L,Raphe_D,Cerebellum_3_R,SN_pc_R,OFCpost_L,Temporal_Inf_R,VTA_R,Temporal_Pole_Sup_L,Hippocampus_R,Cerebellum_8_R,Insula_L,ParaHippocampal_L,Temporal_Sup_R,Vermis_1_2,LC_R,Frontal_Mid_2_L,Thal_LGN_L,Vermis_4_5,Cingulate_Post_L,Temporal_Inf_L,Cerebellum_Crus2_L,OFCmed_R,Frontal_Med_Orb_L,Precuneus_L,OFClat_R,Thal_MDm_L,Vermis_7,Frontal_Mid_2_R,Occipital_Mid_L,N_Acc_L,Amygdala_L,Thal_IL_R,Pallidum_L,Rolandic_Oper_L,Frontal_Inf_Orb_2_L,Cerebellum_8_L,Red_N_L,Cerebellum_4_5_R,SN_pc_L,Thal_MDl_L,Thal_LP_R,Cerebellum_6_R,Cerebellum_9_R,Frontal_Sup_Medial_L,SupraMarginal_R,Olfactory_L,OFCant_R,Vermis_10,Thal_PuL_R,ParaHippocampal_R,ACC_sub_R,ACC_sub_L,Thal_VL_R,Calcarine_R,Thal_PuM_L,Rectus_R,Frontal_Sup_2_R,Cingulate_Mid_L,Thal_AV_R,Precentral_L,Vermis_3,Cerebellum_6_L,Parietal_Sup_R,Pallidum_R,Frontal_Inf_Tri_L,Cuneus_R,Precentral_R,Calcarine_L,LC_L,OFCpost_R,Temporal_Sup_L,Heschl_L,Occipital_Inf_R,Cerebellum_10_R,Fusiform_R,Cerebellum_10_L,Occipital_Sup_L,Frontal_Inf_Tri_R,Occipital_Sup_R,Thal_MGN_R,Red_N_R,Angular_R,Thal_PuI_L,Temporal_Pole_Mid_R,OFClat_L,Vermis_8,Cerebellum_9_L,Thal_AV_L,Thal_IL_L,Thal_PuI_R,OFCmed_L,Thal_VA_R,Thal_VL_L,Supp_Motor_Area_L,Lingual_R,ACC_sup_R
Thal_MGN_L,1.0,0.34693845842521687,0.36404195346845086,0.23523316035176411,0.0793347011626184,0.160183191802577,0.3760492789382195,0.4962184131986707,-0.11495289035513356,-0.028619063847489638,0.17119343606942763,0.2925769877587197,0.5418808474064493,-0.10768714357190302,0.40899915177649276,0.3870572925599354,0.394116147514122,0.4573599331881354,0.29510588393495846,0.5233963752530503,0.47421112743821364,0.49021999415026535,0.3790259358198007,0.12106218152787702,-0.11358099337541394,-0.0746976669623421,-0.13892111202795754,0.2557060277089452,0.3223777833394676,0.37390864633462223,-0.20010109611455584,0.5492076992103276,-0.2707606641127121,0.19709353350720746,0.18329739330837153,0.40119067775904044,0.4889549034884022,0.45672960456118467,-0.06793491218288962,0.249494851983954,0.4503093194425508,0.501991993764261,-0.0003588572032187383,-0.008068528277778467,0.06850626725801097,-0.05053172337550441,-0.17347595330980994,0.4302314014879312,0.02872304389142582,0.11778085175796818,0.21845205649004057,-0.312937147603075,0.35223661573297443,0.5109713223150655,0.1155983125349167,0.17641604676905137,0.45457855282942466,-0.07949027560814986,0.527750580870662,-0.02705529937469326,0.5795074581776032,0.3593988234160077,0.3838253264754763,0.4806793781360376,0.11570609548176507,-0.1282110510940124,-0.22581143222586583,0.3034084816316353,0.18075195601970925,-0.21165644452379098,0.45350682437533996,0.047434165650825595,0.40011457866460637,0.07402992915741542,0.37112794621062706,0.23168123127135182,-0.12462088306748371,0.44466736525628614,0.19626738829787221,-0.09219431855505403,-0.16495517993885,0.3535588301376686,-0.1040652846245367,-0.0030838777101989874,0.4935273541310706,-0.13409303238518425,0.4588113170782972,-0.1068663489854098,0.17616917700122126,-0.1753693852413725,-0.22809660273935717,-0.16766616833646641,0.06007923941410046,0.407612709615818,0.19285086058770334,0.17954382928697024,0.4394939946873751,0.42925778890889604,0.02543699883439473,0.36630828480361394
ACC_pre_R,0.34693845842521687,1.0,0.05213166875483185,0.1906708576980513,-0.025183540704367836,-0.22361641046822117,0.10223998057576973,0.4360240469993603,-0.0751315559462832,0.0046341030592463636,0.4499719831523584,0.5107722192500326,0.5949290419712362,-0.2194580310317731,0.3413715428762351,0.15232362822610718,0.45678630433957756,0.5106155036171833,0.5483975646841985,0.48954157595242803,0.004087214234147015,0.3190558868145119,0.39887865002756273,0.003152348271535963,0.002792296757177316,0.12728975730506648,-0.12450738142663957,-0.07739781141640728,0.7580721400827257,0.20513049333578895,-0.2272791031991798,0.4535767158509229,-0.6187686750447636,0.4135230245105402,-0.09084795435493728,0.05349124199902885,0.3844695508785391,0.5057367399970686,-0.0029040556652917154,0.15705852768192954,0.41574948873469963,0.399757829738373,-0.20222203916896675,-0.25794322262347125,-0.18740627948641086,-0.2980676376597112,-0.26693644423258117,0.5634612375528241,-0.314537119178197,0.482524699107955,0.6933841323471915,-0.48704771610087433,0.4865825379082169,0.6663630988614226,0.5433674249513377,0.39447547644888536,0.4205160044586677,-0.40324832640553837,0.3275231110490457,0.3266104848640574,0.6286277021972311,-0.03358266017906359,0.2973434729332261,0.2109087360102172,-0.2682121101551979,-0.418465826273807,-0.6200043483354944,0.25412018964794864,0.1518195302945856,-0.5609816591777436,0.09466724905961749,-0.3739184385007761,0.44210629756843556,-0.005068873923960937,0.30131739653358525,-0.001671575558187795,-0.3494132231505861,0.4779671607439595,0.1144088409436754,-0.10232823756290216,-0.6103061751258052,0.5185464003362132,-0.38050231911045657,-0.5055537922116659,0.4158686034206692,-0.43201281007689757,0.036369469260586915,-0.3637060921816559,0.0016323391908367594,-0.18457073436477273,-0.4467929645979414,-0.62418857246911,-0.12354965754341961,0.30506683280689184,0.46053560651356634,0.24384228789437412,0.22447320701333284,0.01764633711008644,-0.328614380977846,0.5176191205439735
Thal_LGN_R,0.36404195346845086,0.05213166875483185,1.0,0.5928316291348744,0.1319879321619345,0.20357351191806125,0.7080220648057779,0.3334219824534472,-0.07162294674374504,-0.04929146006072074,-0.009878309001909216,0.08854236342998821,0.5465983236765912,0.032070202260737625,0.3262895510521774,0.599472644971366,0.48588059802368994,0.385632501068529,0.012035880980316441,0.49318673471596963,0.4862241414830798,0.6285817111676593,0.3363655296764288,0.3209951861819034,0.0869879480483661,-0.024553012519194006,-0.11525962801719188,0.6434945078763197,0.11257030339561491,0.4653133442284891,-0.19663717421621935,0.5433488479421877,0.28036153949102094,0.022484526002221377,0.4042351232620444,0.18265296701572634,0.47740342334983155,0.3250054857620322,0.21263767537876777,0.30899465854374075,0.38189932329534027,0.6851620946184497,0.26008179877873433,0.21917953305027907,0.4157584055837505,0.27926719078341183,0.07938553337912937,0.19434600711823957,0.3706844233957977,0.0545297639138727,0.0955101024068968,0.02405841289001946,-0.07737513678008183,0.36782564415421426,0.26962012758217513,-0.37402816868865046,0.6301442606946756,0.36078709311202634,0.5082694703951124,0.058427976569689295,0.46358874621038715,0.5236299396305036,0.22771055111053665,0.5675320405837674,0.5386935735675349,0.2871005364085506,0.18116217372090646,0.542707168929742,0.26522220986343664,0.33362193935055884,0.65675772034675,0.5786155001460369,0.2936059224645992,0.30425986847136804,0.5101810641260818,0.22693845068392757,0.03483159156330419,0.3811469874701779,0.525809790007103,0.051683490268326984,0.35475055316027326,0.39555864839445565,0.369716877732255,0.5167679819749847,0.44097856311137706,0.25845656170249526,0.5178296414859318,-0.018682412510220427,0.20988821796111565,-0.015470892996589661,0.11711062252163629,0.11266936583963125,-0.034941334966767996,0.5953910201271828,0.14066174153112004,0.34352506336791944,0.5412289953924064,0.5774119881865075,0.44672463324853595,0.2590274130171059
Cerebellum_3_L,0.23523316035176411,0.1906708576980513,0.5928316291348744,1.0,0.056789787040246835,0.18179943771546136,0.4824378967585457,0.42575310946022416,0.09652463630405131,-0.2898913756465385,0.21748777614912504,0.5102339873654647,0.38205391924617876,-0.27441316966800305,0.6326960243331463,0.5667677071912511,0.251773106665771,0.6049460839866645,0.40302455565051265,0.4182985191839004,0.41319569615600044,0.6212997035569765,0.2575226022146037,0.6934107150390743,0.2732742193793309,0.30849175744284274,-0.0008201449714023119,0.4311180260516238,-0.053542076814544586,0.5062468696149339,-0.10775685837917821,0.5267757609457228,0.20217524768185746,0.06379148333399454,0.23766867601486033,0.19185523911040403,0.5078948211073417,0.4897023112785951,0.5527572395937189,-0.008805716408356673,0.5648152888127521,0.6772523518618211,0.43410269440001414,-0.027246568498416748,0.15301217359045569,0.031311846518493947,0.27992772986998543,0.2590636538589615,0.09919482847317401,0.19553720842394162,0.1893694733701613,0.04383995797698052,0.2345437254777906,0.20293705389944441,0.35647077696331425,-0.2086494519152669,0.531529920953301,0.1766167852749159,0.3527469236080599,0.19454106501936794,0.5598309686281695,0.33216354338403037,0.1872147580187053,0.46746173330614593,0.1887394212087237,0.3021106879031444,-0.09160127489802945,0.45597015538960756,0.26972000591208134,0.05159348021428317,0.49843124911783365,0.29073470430480464,0.6186015059330154,0.14396465238358366,0.7423877164806234,0.21295539975233252,-0.36850949734686345,0.126334372742549,0.28270287759978524,0.2316360262825289,0.1674073911535175,0.25558665952031795,0.03498761359523514,0.24194283047865364,0.5354680225707147,-0.030358227731991802,0.3736652952966286,-0.16575776142514792,0.28387385626773337,0.10270665465011088,0.06667233386189367,-0.05126263577692607,0.1537731798895543,0.3343959877479972,0.10749747862501269,0.26428431574999584,0.39549228346691884,0.533328579565153,0.17156908819298863,0.3279193987139867
Temporal_Pole_Mid_L,0.0793347011626184,-0.025183540704367836,0.1319879321619345,0.056789787040246835,1.0,0.06669822577095548,0.21594411759946927,0.03928604564344521,-0.08488661027328158,-0.1396651784360695,-0.0158820606330845,-0.00944628117604517,0.015986858057460418,-0.015807206918475054,0.049255765223334746,-0.0196543805562847,0.018266309534757653,-0.05721673568986859,-0.1120786994292014,0.05855343908613428,0.07111715181101647,-0.024644339343677,-0.02708098541980532,0.09527513735348592,0.048853074002726406,0.03484139843701654,0.12468808839225241,0.14256331256338362,-0.10949503530805363,0.2038983681718512,-0.09479182886620385,0.036853000508442424,0.007310164550482198,0.2033268499902459,0.16266065615441394,0.27905849607813615,0.2076763658445832,0.09335515483175394,-0.010714812936459386,0.0715387240083553,0.03309633160889247,0.0513299581597361,-0.031188262171018197,0.059164483401528,0.2795028704447336,-0.004983398116576006,-0.11152083476840138,0.01248557514472529,0.1259858854163011,0.11346493157332274,-0.04997423970774519,-0.12186763848512788,-0.17018523302756064,-0.00931965415013996,-0.09346378443740531,0.11599412734764543,0.1622350328401668,-0.08696950122178022,0.038431539280401716,-0.01543323859873552,-0.01634526376821105,0.0475622565254741,0.04939663893860561,0.045374002639057005,0.20476801537084446,-0.053392166149684256,0.16105068273936735,0.16812057072249004,0.2428489671865258,0.07145868712703589,0.1035524898701493,0.09327131855964599,-0.01954826980992516,-0.14266811010784827,0.03669390550645197,0.23476951277184516,-0.10021515229199708,0.04976679715515176,-0.038530429264473524,-0.17219231083908085,0.07130780913885972,0.23246155188967832,0.12044157465036837,0.19340564356158513,0.09289665281494813,0.12718411427592918,0.1907860022228995,0.37643611936288063,0.11513535257405426,0.19360692288031697,-0.06289421477464607,0.19376257245117312,-0.0957487454976191,0.09171626318243677,0.060013792500457325,0.09958993623178268,0.11047913358542548,0.030267343592125583,-0.06368877208232422,-0.11157369277338251
Raphe_D,0.160183191802577,-0.22361641046822117,0.20357351191806125,0.18179943771546136,0.06669822577095548,1.0,0.2501320171702108,0.19171639559456377,0.25644546363016874,0.18758454165442373,0.055570607464140526,-0.10957697341659338,-0.038482925726040514,0.12617636918459324,0.031697580845472646,0.12158803558553506,0.016972725898053806,0.02654499947749772,-0.28721166618052246,0.16060617651854645,0.3986690516396653,0.13285675316683868,-0.0005513106486646432,0.25418730976659226,0.20845330437968512,0.05730424843300391,-0.06581156610835323,0.250512411570708,-0.18603139715720773,0.09441696338879596,0.12963699876979057,0.09098250094002444,0.46696953015582837,0.05916526506447741,0.351916925432802,0.19706613814901605,0.11005363051814927,0.17214667757978258,0.2980944185063625,-0.16525130118092057,0.2152509597137635,0.10317406511094022,0.26197178337233,0.17143734988509968,0.18227795039565314,0.3951369533197436,0.5169254017658348,0.0076964035412554095,0.344644359757041,-0.15417922359515868,-0.12247443758313165,0.4994882150660944,-0.02895760449316707,-0.11319425371989182,-0.22523558520660947,-0.14859331528375572,0.10400658570069599,0.5012240291256524,0.0055325086867772395,-0.09071415874397096,0.045089890054061464,0.22184057779988933,-0.18198971341597264,0.25661183531633175,0.39133392839251224,0.5548825224271992,0.24983060695007003,0.0052530080194933566,0.2377199513739222,0.39849659039893004,0.3044634175762203,0.510829192746879,-0.15449840022493733,0.35155100060334454,0.17831766708806712,0.16420866627344996,0.3155550735703709,-0.1473116798968868,0.20490937514906818,0.423938498673713,0.45803543958032045,-0.0445913696355802,0.31520934694703634,0.2892701165615571,0.34241529750313354,0.37329575377808766,0.20419394606209065,0.21321665439933804,0.10355983284528218,0.07703998331659243,0.3907611502535699,0.2083512289956801,0.2073927876747515,0.15649800307165465,-0.17600444173363133,0.1937575838341771,0.1722026586645179,0.41546286639950986,0.5066845210522218,0.14653834676382602
Cerebellum_3_R,0.3760492789382195,0.10223998057576973,0.7080220648057779,0.4824378967585457,0.21594411759946927,0.2501320171702108,1.0,0.40323111225893377,-0.13628732655057424,0.08705216390203117,0.022114057016704883,-0.06322114564897324,0.5431000255911944,0.267349852247718,0.3155648729518188,0.487192409656688,0.5669085308445926,0.41106964682804387,-0.11190670683102721,0.5878403457056492,0.322589518217574,0.6645136525195304,0.41269441908359483,0.16816154456481572,-0.05858394604651592,-0.24052607283571661,-0.20079712292930438,0.8482440077722232,0.2250132106718782,0.6216728573250425,-0.1717687575413423,0.64747579651226,0.21483847566716696,0.20666735517776913,0.6652966424383246,0.24303543325237134,0.48917605651390383,0.4026278960496321,0.045022933905517586,0.47047691284582194,0.5036490661610903,0.7849829617536119,0.34495729558825855,0.4791545009148918,0.5703524312109858,0.4433772009710989,0.06399017135015515,0.13326700197405494,0.49483205099678806,0.04083519520217303,-0.013489303073529581,0.005450911964797458,-0.023255927102660428,0.4195184271089061,0.008671499459794063,-0.2261923651799377,0.7131181466011414,0.3377726363960759,0.6213689530916804,-0.03219124566565029,0.5015796005123222,0.6835365247349643,0.24219005449237335,0.6789029774357196,0.7511079555443925,0.26476967754369957,0.2921509582397956,0.5882491123713349,0.35778414478225873,0.38093319912575374,0.7465557624363814,0.6508628661185976,0.17457822958357216,0.3512542032516948,0.46523406792588,0.37886910683473113,-0.0008627804809948877,0.6201753935088604,0.6593395850298293,-0.07282272737012371,0.3508777943823618,0.5538779114697432,0.5800524991357346,0.4580592889432564,0.5142645492861208,0.47296035352512455,0.6110604408369413,0.02593191706729855,0.2637310123281061,0.06889517051913112,0.17139838573860045,0.21042583240375484,-0.04857052166390868,0.4906797489718866,0.03170635367690784,0.4854552202067551,0.5869230320302673,0.6179207987057425,0.49656129056805215,0.36293529381399825
SN_pc_R,0.4962184131986707,0.4360240469993603,0.3334219824534472,0.42575310946022416,0.03928604564344521,0.19171639559456377,0.40323111225893377,1.0,-0.02449337715427906,-0.021795419366567696,0.4788785769011322,0.3585765939648757,0.6208451855081731,-0.16158966704063246,0.363393955999455,0.4097710546252899,0.37384501886789606,0.5572595639309472,0.3910161199978399,0.4884478313486847,0.30744946212064544,0.5785686584681244,0.503674162505568,0.1582423554508234,-0.13219819087973553,-0.009939132881437546,-0.1520577949530351,0.32443386834034726,0.40777702075683503,0.42902986765554674,-0.30788458883039904,0.4904371195648372,-0.3047495543266809,0.2586245074398118,0.24376530124229612,0.1976910139135414,0.43231695304724677,0.3789278340239775,0.009431517195215127,0.24358695606411648,0.6366371779935063,0.5654629843461465,0.19988139801455918,-0.014716574954153837,0.042710062384615256,-0.11051545044032654,-0.15742767561213916,0.2817509996903424,-0.1516301960041467,0.2213645014298733,0.31129762091871654,-0.3529356183721307,0.2687804653526131,0.5777571128499309,0.20958754422544765,0.09039141549996112,0.4734523839897547,-0.15285057115996278,0.49368274927380407,0.08342176308539097,0.6671622051224733,0.39324735514760795,0.30917592069771416,0.5894885513387055,0.04391702259918709,-0.1658675786433712,-0.2913999753589153,0.3647213315886059,0.0716591384065814,-0.3126999401618462,0.5546988009388426,0.0320868717866617,0.43558017151349104,0.05555468691106309,0.3852944702074408,0.11849824591373677,-0.29631109117358295,0.469292036850344,0.24952892895737477,-0.13467595955469058,-0.19232045292535352,0.2845452789400233,-0.14351554758543233,-0.08386015714338997,0.6956531037921887,-0.17666884525337573,0.368070830937466,-0.25733127821722657,0.20834840823821588,-0.1931090467071265,-0.22192525866246968,-0.26135074706120576,0.027696877094594823,0.4482845945821863,0.18532931136944306,0.19563854645748005,0.3378085067440862,0.48241333403739456,-0.0006263100316003178,0.450975715179537
OFCpost_L,-0.11495289035513356,-0.0751315559462832,-0.07162294674374504,0.09652463630405131,-0.08488661027328158,0.25644546363016874,-0.13628732655057424,-0.02449337715427906,1.0,-0.03418299859684589,-0.054166849909381184,0.0977123352592751,-0.32699654965599767,0.14000085337227794,0.04964342961328437,-0.022619665014869207,-0.2870659648577248,-0.23479587641664226,-0.1273803390922004,-0.09537557608018862,-0.0036940926168907936,-0.18746503761052496,-0.2740597171450369,0.20814435151486865,0.2217544386790231,0.3378322083291399,0.026269536157046865,-0.13005363212103535,-0.2053669517452199,-0.09649879798422889,-0.14236917072427543,-0.2737815832834347,0.26493508252085934,0.05274049110391679,0.12451514194456594,0.13476619026152992,-0.191330551335656,-0.10204498595141939,0.5057731770913253,-0.19310813835798457,-0.05472492916486467,-0.19286704493700355,0.21392861996472678,0.08014476033346818,-0.150376771336055,0.06351427360323449,0.31748522303014864,-0.006116039657309583,0.05303070659565977,0.06727572974062218,-0.04958833731954985,0.3360764448498217,-0.12413268258435096,-0.3032439824386899,-0.09683136298653301,-0.19816117218570833,-0.22482476900367937,0.16618498265474277,-0.31084190825719354,-0.0955242466177891,-0.1512807810188114,-0.21809851546862813,-0.24936171350230185,-0.16958036259935946,0.04842313661512678,0.2950753104791322,0.06849540759066125,-0.14302065367609945,0.08299344888312443,0.1559245671353902,-0.19152053633648683,0.13815980464516367,-0.06573767654346488,0.2892812277403479,-0.06674899591199526,-0.09738863998336122,0.14770988826883025,-0.37407774720164466,-0.1291923117536595,0.4345435452484428,0.20231501533081678,-0.20205157927569345,0.05652302600889292,0.04341984998662352,-0.027074667087950123,0.056005293389480675,0.00894223211432989,-0.033723573479982956,-0.20491773799836938,0.2137421230519652,0.2989148504527455,-0.028511964085654744,0.4182559074638978,-0.21387230039543637,-0.090438410943818,-0.2395614710851223,-0.0492998025599727,-0.017373548600228578,0.09688216001553743,0.14757638487640456
Temporal_Inf_R,-0.028619063847489638,0.0046341030592463636,-0.04929146006072074,-0.2898913756465385,-0.1396651784360695,0.18758454165442373,0.08705216390203117,-0.021795419366567696,-0.03418299859684589,1.0,-0.11224563972246006,-0.5273265616038514,0.214929940282686,0.5851103487099797,-0.3784401669744601,-0.28908603386182696,0.39173753874360134,0.0013120640860569517,-0.15805662013023786,0.0025500566329564192,-0.12925700781075414,0.11921309365409066,-0.0056374381346727155,-0.49219931528716265,-0.23202630629212068,-0.1984784526669665,-0.12047870008178402,0.1539659523287618,0.43167947556867536,-0.32316792684377277,0.4005763542832376,0.09898270525258684,0.14094398733566763,0.10411086873695927,0.2680688898515709,-0.04606497540824595,-0.07560578428604525,-0.032456467421329155,-0.28234589767425083,0.23069145870078495,-0.046344802924341365,-0.038868398840352515,-0.24004733644690066,0.3105718560121319,-0.16439376838984723,0.6843638739576263,0.23282704678218752,-0.07629725580454474,0.052797148400997924,-0.04612349809077674,-0.006422523083089361,0.2931886907976123,0.058906450226176965,0.2548060770892635,-0.10148037729722133,-0.1357609936331965,-0.011551056748870914,0.4057463556485838,-0.04519691603996755,0.02497744403812413,0.020709406635334028,0.10404508446830743,-0.31990497078691504,-0.04211714403840565,0.3065976274867502,0.32467221783773026,-0.09337707927506106,-0.051350033186803354,0.06383869561476911,0.24572906509714376,-0.10153925658170126,0.22879852568357112,-0.30124083777107835,0.47061915403070065,-0.25041890406681855,-0.1022843873018372,0.42007525415321995,0.3528472300975133,0.6196451224589676,0.2965517617295294,0.21375855312079695,0.11305451428386185,0.18571633496542378,-0.2528165312852743,0.049909600995122524,0.2491420940064259,-0.07605650065331433,0.013112540848132643,0.07855260068769153,0.05257044921045179,0.4749781893370617,-0.020608806963395426,0.08760574457558638,0.2574586345060343,-0.06647853662957633,0.3413627490283508,0.060427032521337194,0.08365539343394153,0.5360239613882721,0.24282401786812952
VTA_R,0.17119343606942763,0.4499719831523584,-0.009878309001909216,0.21748777614912504,-0.0158820606330845,0.055570607464140526,0.022114057016704883,0.4788785769011322,-0.054166849909381184,-0.11224563972246006,1.0,0.3938575387110425,0.36271124312218683,-0.2896349288559845,0.22684529941821976,0.24464722073269998,0.12162093559848106,0.4195658765391615,0.34233524515613634,0.17904215336894536,0.043599242685485935,0.22057381047054997,0.24706808672225672,0.1084563291683769,0.07061526460671956,0.11142413223041943,-0.20431122134542792,-0.13397419802945712,0.3291935662752847,0.12893262863688373,0.08604127787124491,0.17331691989568662,-0.43618186302803585,0.1115422886949012,-0.0940635948202071,-0.07127353995697036,0.2869866205101633,0.2795465887009275,0.008394961814128979,0.04509968785485685,0.32824899553078485,0.24034660982389142,-0.04729110646870969,-0.24003690501453662,-0.1153552560451719,-0.25353885095118783,-0.1460114274981371,0.32894512258543374,-0.368577605398787,0.24956715812488975,0.35278456945565445,-0.31478555469721814,0.23072016491590794,0.33436006682244795,0.3160600361976609,0.228293541303346,0.2112747264282112,-0.3295805274755154,0.18804033101366344,0.23314747606956862,0.3911525214631094,-0.05721917775734319,0.1664818193048299,0.15510664476053054,-0.32788995524778386,-0.22312047858728606,-0.44224610817397136,0.18996758605348055,-0.019027687632859246,-0.47806148854725183,0.09640439955622156,-0.28919031934848943,0.3292001499609816,-0.07824845887203084,0.18586766169329802,0.022086947466871874,-0.36678218302281745,0.23327659780030038,-0.0071864706322710995,-0.11916630355257501,-0.4255691447033095,0.1361615396679094,-0.3978899301425986,-0.35349304074886406,0.2547702756139499,-0.390465908613004,-0.03272654399674196,-0.291984644704968,0.020769441179598964,-0.15246451101364317,-0.33041720794007684,-0.4655369151449585,0.006156664860872429,0.12653649572015027,0.23540994138438753,0.08866124140242032,0.08101303476010403,0.09027462978387428,-0.2577015145165124,0.2592814897190126
Temporal_Pole_Sup_L,0.2925769877587197,0.5107722192500326,0.08854236342998821,0.5102339873654647,-0.00944628117604517,-0.10957697341659338,-0.06322114564897324,0.3585765939648757,0.0977123352592751,-0.5273265616038514,0.3938575387110425,1.0,0.3203626439444891,-0.6018472032175699,0.5981915170199591,0.5157268221547201,0.010442069691815124,0.5280858252404185,0.7221476577541864,0.2485183144823383,0.1640062585270543,0.3018940765597456,0.17308737427738843,0.6227497434572322,0.2894624733702743,0.39631313135872337,0.2102790115602799,-0.1633992334084273,0.12771064325305725,0.3434829820775762,-0.2295026981877597,0.291697101042642,-0.4081377759894244,0.2650076524389404,-0.277379338627977,0.1125340210663012,0.34249798460632946,0.337242084652444,0.3617628722963321,-0.16731368156835674,0.4342364211032932,0.3595821015724185,0.07695885864802615,-0.4261991983442656,-0.23754982929444105,-0.5205089654896952,-0.09628529691476329,0.4925322795119254,-0.39911779741235853,0.4629491805897737,0.5206568199688562,-0.40644645124753964,0.3958879285972838,0.3181686641593001,0.46309131147348787,0.3043619885048912,0.271759741088828,-0.47936720667016136,0.2533084877210917,0.26643139280676836,0.5057539326332646,-0.16351157361476612,0.39226725491696035,0.08255011495179689,-0.4907541220473037,-0.2535779220790683,-0.5665720930568974,0.28922574164728465,-0.12039654139136848,-0.5834033318013484,0.08135970512382859,-0.4136002774991286,0.6845792560871758,-0.27754216355810807,0.573557292917308,-0.0379053661633903,-0.5081259226020366,-0.01026321283872237,-0.2225271477806581,0.04822436183891424,-0.507386538570948,0.16072047214915086,-0.5622207980787464,-0.2634705821015172,0.36214040416855325,-0.6374632550785249,0.13344568254297426,-0.35600351411768205,0.1483639357807194,0.039154575933279014,-0.4718983922019994,-0.4038712580818497,0.07274329273554546,0.175273994207019,0.48518926543163565,-0.21336322312730846,0.163600660054545,0.08218465101804227,-0.4900885131879458,0.16623443230576052
Hippocampus_R,0.5418808474064493,0.5949290419712362,0.5465983236765912,0.38205391924617876,0.015986858057460418,-0.038482925726040514,0.5431000255911944,0.6208451855081731,-0.32699654965599767,0.214929940282686,0.36271124312218683,0.3203626439444891,1.0,-0.05368722188776599,0.38762766816594657,0.5205676489239267,0.7662399959426224,0.7058113517477912,0.4533924702986653,0.6047473326197537,0.2582153843859315,0.7611360720906325,0.5512310109036078,0.024328752320993536,-0.21451835634609653,-0.11654492857088675,-0.16747958884058478,0.43961492633859545,0.7221137760443336,0.4754079590338313,-0.15574123264157727,0.754726977478705,-0.3669371423817681,0.25933884659140216,0.23180654446478333,0.17409941758042435,0.5930853749698694,0.4356024376408993,-0.18949035761092903,0.4977448240578998,0.5906509075193425,0.7721078648496232,-0.03762042278992294,0.09965445879544914,0.06754087261681765,0.06984379994969667,-0.3041599235472624,0.4629903563569769,-0.09322669909010686,0.3365650407936618,0.467552685641876,-0.4934855961415387,0.3736399845008587,0.8998466215264896,0.41544213315852896,0.06128382638311923,0.7182203315762088,-0.09323856520116075,0.7012198039710803,0.2388250929082355,0.8147237593973147,0.40566819782661084,0.4744856521867487,0.5091662782171241,0.15143923328051268,-0.21000968214858434,-0.39237087979131735,0.6298750034849113,0.16214545750307255,-0.24937796469756418,0.5037463920691914,0.059455973324307805,0.4996600424011263,0.16670218754382554,0.48902587354709387,0.12052297429338138,-0.22777439881722716,0.8034659616932991,0.6125066797806002,-0.1724805952957729,-0.23404947450424407,0.624102782123131,-0.1005127501088465,-0.13253196865034575,0.6048988592716554,-0.20879535422030537,0.4490100693200576,-0.339448989242852,0.3012334030438738,-0.18184982921527115,-0.2777789275391553,-0.3229899135334815,-0.038495184651065294,0.7085220666796739,0.41791883537687224,0.36902322411376,0.5291088297970827,0.44639933690453976,0.10709635196738776,0.4674956802961843
Cerebellum_8_R,-0.10768714357190302,-0.2194580310317731,0.032070202260737625,-0.27441316966800305,-0.015807206918475054,0.12617636918459324,0.267349852247718,-0.16158966704063246,0.14000085337227794,0.5851103487099797,-0.2896349288559845,-0.6018472032175699,-0.05368722188776599,1.0,-0.28622397523307297,-0.2283618886990461,0.18413239517444818,-0.38152830053031134,-0.5209403892716399,0.11252322077334222,-0.17358110201184895,-0.08216581415583897,-0.11711268682783904,-0.495300092622306,-0.15224082655914636,-0.2842577387880582,-0.26343557461542516,0.268727509759747,0.1523072622239839,-0.08213663224388033,0.12821604487631472,-0.04077057826287448,0.24883859303689582,0.027122754124411026,0.4434882215935153,-0.10148466289499879,-0.14545029923470926,0.01203910526820874,-0.18119222438607305,0.41920765812271243,-0.13060922625764243,-0.1074406248599699,-0.11682645326728365,0.5487720268460986,0.2279318730444536,0.619880275503383,0.08755023880166873,-0.1758498504650834,0.3883579723687719,-0.1838904952136486,-0.32772867990743765,0.3063863892704804,-0.3016891493971578,-0.03387942495125091,-0.2783381521083919,-0.2911441137530207,0.017507452309415226,0.3840891942868829,-0.08997343337520293,-0.01180026011958121,-0.20697462824235205,0.15778371195883656,-0.24441127016721137,0.06611960397646986,0.5434364776006056,0.25080007050357944,0.36596797326668096,0.002928787105464665,0.2549297017355675,0.45680817112318894,0.026290520155318686,0.43231692049432624,-0.4088830581155316,0.4328735302898028,-0.26616444206664014,0.159226647579548,0.4430410876738732,0.2409045260839968,0.40254529837273384,0.09223947725200864,0.36359798370781776,0.16169489418514416,0.5038012563033696,0.1817925411748399,-0.13147419286341303,0.5189822021776449,0.025145586237587825,0.17003927704438834,-0.036300350637738905,0.06680442854755475,0.4539837963323239,0.25677972025133966,0.007768119614069853,0.09689214454020678,-0.13859538564264612,0.2717004852144548,0.048221334632947234,0.1481540100035065,0.48320933964379303,0.13161029543269812
Insula_L,0.40899915177649276,0.3413715428762351,0.3262895510521774,0.6326960243331463,0.049255765223334746,0.031697580845472646,0.3155648729518188,0.363393955999455,0.04964342961328437,-0.3784401669744601,0.22684529941821976,0.5981915170199591,0.38762766816594657,-0.28622397523307297,1.0,0.46318376843819836,0.3258290076264265,0.5109241492801234,0.40041167091223073,0.5332172434637942,0.31225295854772805,0.48710363913160654,0.3669477521895154,0.5959515931331446,0.2505188499129456,0.29242327992827416,0.12786127212503165,0.2907110904950594,0.02731614399564124,0.5816021513437856,-0.1291816043915692,0.5806297769821407,-0.03350445620876138,0.2181305032705362,0.060363097829260186,0.23794071288238822,0.5182924032069715,0.5464267274419471,0.4119136274831715,0.04617912285051827,0.4499348999223086,0.5416583484593761,0.2729086286964914,-0.011899877850198238,0.19639237225294925,-0.11929283182126585,0.0704446432223017,0.528832160056404,0.04702335042015771,0.3587658915517398,0.32122101491908434,-0.1609328110113017,0.5149672572208597,0.2457847116235828,0.30728222361016755,0.06058148365220732,0.5800968550743623,-0.04734877799114669,0.49135572226807117,0.1168704059302413,0.6134176064703152,0.344740280644831,0.45404841070130536,0.3952185837264214,0.010998361129415992,0.041686398949883026,-0.19041392308504318,0.49250390484347456,0.3268401335594402,-0.111008773775537,0.375603179323612,0.09793215788040151,0.521936673062362,-0.042307964378448915,0.7526642429749469,0.46267719810944963,-0.32205670203407616,0.15845787549829818,0.09868413410277162,0.021097774027066588,-0.04836838408273142,0.41250704898380464,-0.07844837037266697,0.0880288244951013,0.3804252355972579,-0.1464309039186369,0.41677636350641367,-0.11527888339267532,0.3213671091239249,0.137336060192726,-0.11652539489154971,-0.05778309954661719,0.12719566434781596,0.3233890763198253,0.2708261194543585,0.18728943182154673,0.5329382713820561,0.36320605115911525,-0.09029788275635142,0.3201841563965474
ParaHippocampal_L,0.3870572925599354,0.15232362822610718,0.599472644971366,0.5667677071912511,-0.0196543805562847,0.12158803558553506,0.487192409656688,0.4097710546252899,-0.022619665014869207,-0.28908603386182696,0.24464722073269998,0.5157268221547201,0.5205676489239267,-0.2283618886990461,0.46318376843819836,1.0,0.23912578908519047,0.5397132360877775,0.32335241236180184,0.34745343552708935,0.3071422575228328,0.5526644404970081,0.23224000870656897,0.5219092291748572,0.07788464886964723,-0.003833351628948977,0.03489980819624858,0.3762583536444013,0.07301643029076947,0.5764628413475648,-0.15644261159765238,0.48077897723472945,-0.05931072050885223,0.011615310788152332,0.1832295115720544,0.12855494702991058,0.48111386094202147,0.18380522218505865,0.16693066484424815,0.19612064164454523,0.5135807759639738,0.648128252084661,0.2578340636592463,0.017055642839024044,0.24158773435108205,-0.027079384244391085,-0.031161990569960267,0.357392269682961,0.05053017420191293,0.17182036141409004,0.18975329035337815,-0.22347969523142505,0.1015817602383089,0.41792821770407274,0.27200097216130603,-0.12137244867978289,0.5614941880298531,-0.06957651243522442,0.4969298229353181,0.0793768579231886,0.5408026280316248,0.2601336142481943,0.4268934587965542,0.4094337866508267,0.09887151259801459,0.03777097315798027,-0.1250867606762099,0.5863575803083092,-0.04570689366950452,-0.10723331044731421,0.4995199211797705,0.16554722385581755,0.5422134957184676,-0.007081859931224833,0.5162376287117838,0.05893732872622607,-0.2046526988093711,0.319182034511232,0.2315318744203809,-0.035948425208899536,-0.057851638508133414,0.26892278478119813,0.00438004409734696,0.2219148088067263,0.467104511725382,-0.15612318844896592,0.4164184025970933,-0.19732517421861887,0.29070843665112805,0.08215424403148762,-0.17543418789252727,-0.05826999475404022,0.0649843977685997,0.505269126700184,0.36908222945874086,0.08873097256749812,0.5002137517745691,0.45829940552630727,0.03729107724493827,0.15399101157329495
Temporal_Sup_R,0.394116147514122,0.45678630433957756,0.48588059802368994,0.251773106665771,0.018266309534757653,0.016972725898053806,0.5669085308445926,0.37384501886789606,-0.2870659648577248,0.39173753874360134,0.12162093559848106,0.010442069691815124,0.7662399959426224,0.18413239517444818,0.3258290076264265,0.23912578908519047,1.0,0.49087061284275035,0.15346503263975758,0.5839658605025637,0.1732109205504469,0.6012657592586594,0.4783369439892177,-0.08346956525787574,-0.12040281587846854,-0.17414235448862012,-0.12355913208271654,0.528148776309081,0.6175786949675088,0.33438580332693263,0.026543817216868652,0.7551025871874958,-0.08109214486721708,0.28042092050401113,0.2943698118985326,0.13092122169974593,0.49737418221184715,0.4454576387405562,-0.14534376111191552,0.3979840145754175,0.38919019511511577,0.5959817830826325,-0.06033442631737568,0.2930409626943922,0.1823005697251915,0.35102130156356115,-0.10753533415364318,0.34240219963433083,0.24395923014536192,0.24097901092532165,0.31791152509420856,-0.19976638428407056,0.2975160824430445,0.6862334074273404,0.2989116559245312,-0.0331057525808995,0.6484501425442606,0.15521471278610469,0.5448534698924404,0.15090913345136212,0.6182806137348186,0.5074208524191228,0.26839444973123866,0.42064202180378524,0.40553912036369244,0.01369325836125776,-0.12267596243910892,0.529680478146389,0.33751701394132133,0.08918998600205405,0.4126078979615266,0.2830565936322614,0.21517789451276947,0.33972098123802225,0.49938875515320447,0.2828355322596568,0.00904418944170415,0.6966234950778744,0.6895380088710206,-0.08260589209117988,0.05093661196478504,0.7260734858558504,0.18792004103291962,-0.031085798074426112,0.39957916313473013,0.1412238914238935,0.3868560126252509,-0.16195860114013072,0.2789275769427856,-0.10645171134249526,-0.05385460919561311,-0.06374909082841208,-0.05161072509848788,0.6609387019865044,0.268703131944896,0.5261994031041044,0.5060415189388383,0.41070763876250294,0.3177692040906224,0.5271888197235512
Vermis_1_2,0.4573599331881354,0.5106155036171833,0.385632501068529,0.6049460839866645,-0.05721673568986859,0.02654499947749772,0.41106964682804387,0.5572595639309472,-0.23479587641664226,0.0013120640860569517,0.4195658765391615,0.5280858252404185,0.7058113517477912,-0.38152830053031134,0.5109241492801234,0.5397132360877775,0.49087061284275035,1.0,0.6212954074183602,0.396371301505184,0.24970844212634735,0.7189897595199207,0.45946297541748,0.4136340653544362,0.059509683138298644,0.1515175003005275,-0.04598981607743838,0.32433932496682705,0.37727756892127473,0.4293146709329868,0.0043479225631793935,0.6739777726492644,-0.2624438495890207,0.18018579573359164,0.07829210809500098,0.11538764549650643,0.5063547381173001,0.4432314596554824,0.12627747498861064,0.08121805167769988,0.6093577201922367,0.7534282686191245,0.149696933743331,-0.16465109704376318,-0.021770655555900093,-0.006839322548079698,0.020750495845166573,0.4684819755060128,-0.22609856191116584,0.32498510338747355,0.46392556364845233,-0.30534821792619715,0.5719161041835387,0.5914118810715584,0.42752897628972525,0.17913054451479543,0.605745553932192,-0.12571373385959478,0.606029813424975,0.219411238199013,0.7699375711800527,0.2863726589901077,0.3898492503933552,0.4071902244151175,-0.06970280379784655,-0.019871769436872872,-0.5098066241846453,0.44788467320774905,-0.01168457179112184,-0.32769587962477525,0.3896355123118247,-0.07316010641592154,0.6343469746104571,-0.013320086453675082,0.6033337292108623,0.01261016315181475,-0.4340112319673388,0.5107389731103095,0.38592976266248985,0.010379397993617567,-0.2657657561214235,0.3255562038979772,-0.21088743071439767,-0.209475026608194,0.5824330105498392,-0.33103909561201234,0.32609506232204655,-0.29163263044250487,0.2730401110399636,0.06900610226141245,-0.18089096661051104,-0.34186677220925693,0.013443693568964573,0.47684266771003164,0.25815696271666666,0.2937784560083008,0.4926389429842533,0.3477894830547717,-0.02578677316206629,0.3304034797622384
LC_R,0.29510588393495846,0.5483975646841985,0.012035880980316441,0.40302455565051265,-0.1120786994292014,-0.28721166618052246,-0.11190670683102721,0.3910161199978399,-0.1273803390922004,-0.15805662013023786,0.34233524515613634,0.7221476577541864,0.4533924702986653,-0.5209403892716399,0.40041167091223073,0.32335241236180184,0.15346503263975758,0.6212954074183602,1.0,0.1212059914166791,0.04534710360389666,0.3765854407593594,0.2839888317868495,0.35035591599059746,0.0075500042973732015,0.25255225840667894,0.1369095122754652,-0.14674724434356257,0.3445271632827125,0.14819745550749638,-0.09219047389852038,0.3193052734429452,-0.5370670224494813,0.13162566931282135,-0.2309707291510449,0.11006386935058692,0.31368322821469746,0.25644346771426213,0.04342075374226893,-0.04814498142466511,0.4684139754035694,0.34082823785189953,-0.037920517932306524,-0.4564700106903623,-0.4667929311962105,-0.41629014495150635,-0.19600912182408428,0.3849011941376656,-0.565419809065968,0.34135218611757223,0.4690969715968291,-0.5388051195473814,0.5098121843514509,0.5087564991725494,0.49776095124714437,0.36035822292021663,0.1880903935112378,-0.5206788438103265,0.2723707068854344,0.3172455344011544,0.5713703134834631,-0.07264462688614641,0.2207964485020593,0.07698719959027939,-0.5718717838196528,-0.35978834620721134,-0.7389165782075316,0.19529960079495187,-0.24506876174459014,-0.6999271907502249,0.0254581077020286,-0.5596730625070276,0.7894329774139994,-0.2345030064966743,0.3813725986870831,-0.21130026967998727,-0.6026848756058963,0.23907187973573615,-0.039432855398333154,-0.030355529901824843,-0.5998764263955593,0.0948808872343527,-0.6457502593727079,-0.523301533642797,0.428043378867377,-0.6636883834971388,-0.0028730537794984107,-0.3577437312299795,0.14263303999657573,-0.009013039382461605,-0.3904264100397421,-0.40154758815143266,0.010947047321049766,0.24731538867311645,0.3501308790857617,-0.09053306058732728,0.0994473415932482,0.011184396341486689,-0.49240135728310386,0.21336351227258327
