,Frontal_Med_Orb_L,Temporal_Pole_Mid_L,VTA_R,SN_pc_L,Occipital_Inf_L,Cerebellum_Crus2_L,Thal_LP_R,Cerebellum_3_R,Vermis_7,Frontal_Mid_2_R,Heschl_L,Thal_VPL_R,SupraMarginal_L,SN_pr_R,Thal_AV_R,ParaHippocampal_L,OFCmed_R,ACC_sup_L,Pallidum_R,Postcentral_R,Olfactory_L,Postcentral_L,Thal_PuM_L,Cerebellum_9_R,Cerebellum_10_R,Rectus_L,Fusiform_R,OFClat_R,Cerebellum_Crus1_L,Cingulate_Post_L,Cerebellum_7b_R,Cerebellum_9_L,OFCpost_R,Cerebellum_6_L,Occipital_Mid_R,Thal_PuL_L,Cingulate_Post_R,SupraMarginal_R,ACC_sub_R,Precuneus_R,Frontal_Sup_2_L,Temporal_Mid_L,Temporal_Pole_Mid_R,Calcarine_R,Rolandic_Oper_R,Putamen_L,OFCmed_L,Olfactory_R,Vermis_8,Thal_PuA_L,Thal_MDm_L,Parietal_Sup_R,Thal_MGN_R,Vermis_6,Thal_PuI_R,Amygdala_L,Thal_LGN_R,Red_N_R,Temporal_Mid_R,OFCant_R,Vermis_1_2,Calcarine_L,Cerebellum_7b_L,Rectus_R,Precuneus_L,Frontal_Inf_Orb_2_L,Parietal_Inf_R,ACC_pre_L,Thal_IL_L,Insula_L,Thal_VA_L,Thal_LP_L,OFCant_L,Fusiform_L,Hippocampus_L,Caudate_R,Cerebellum_4_5_R,Thal_LGN_L,Cerebellum_Crus2_R,Cerebellum_8_L,Occipital_Inf_R,Cingulate_Mid_L,Red_N_L,Frontal_Inf_Oper_L,Occipital_Sup_R
Frontal_Med_Orb_L,1.0,0.12468808839225241,-0.20431122134542792,-0.00748932488286678,0.07732660478340322,0.21964379329053577,-0.12864326170699583,-0.20079712292930438,-0.008395608698697217,-0.016730486948855264,-0.0890350747991103,0.014453248926782531,-0.13706894632125077,-0.2779518188453246,0.15097543735203603,0.03489980819624858,0.27530685192442067,0.03765149289361523,0.0992556081076255,-0.17166069774235188,0.41216510294966846,-0.2668598581345828,-0.12294934655859743,0.11336326508534335,-0.30657071206051323,0.3566674108173012,-0.133954243382977,-0.23579837445462334,0.09827094162376986,-0.1898927317568252,0.0009596586880507007,-0.004022451568689792,-0.3201854358128701,0.08193315236191571,-0.08304520211098265,-0.21417063159226607,-0.10716836538795238,-0.14373780380801937,-0.10989787761371594,-0.1575749500023392,-0.1279019093224803,0.19206913335920126,-0.002225775936353333,-0.057723073664786684,-0.3366739259256708,0.0010334613142155607,0.3302276141764036,0.22219281346701875,0.24053339542616287,-0.08481143689077442,0.007619254017189446,-0.14834381672061345,-0.044452429081696866,0.09502044322174048,-0.0832583110933943,-0.2761046492106895,-0.11525962801719188,-0.14935734700516468,-0.16605537305920998,0.18304917025846745,-0.04598981607743838,-0.0978171710795486,0.17854731673297222,0.013140859980135092,-0.1785037651955541,0.2126789234065147,-0.20736070512550375,-0.18158016459785034,0.14249038206934464,0.12786127212503165,-0.22538345755679057,0.009908549344987179,0.27702772198986075,0.07410659523352084,-0.14391188443536984,-0.07468783695537884,-0.11476965610766811,-0.11992179932747185,-0.08785638074972553,-0.29884334191784484,0.0308710172229915,-0.186252245593181,-0.14896959059059287,-0.16709127833728454,-0.18378211443052508
Temporal_Pole_Mid_L,0.12468808839225241,1.0,-0.0158820606330845,-0.031188262171018197,-0.0064722718335042334,0.048853074002726406,0.2795028704447336,0.21594411759946927,-0.09479182886620385,0.036853000508442424,0.23476951277184516,-0.1984496490699966,0.013656931455088853,-0.00670308886328474,0.04939663893860561,-0.0196543805562847,0.03484139843701654,-0.13471618274188757,0.16812057072249004,0.2237816906698435,0.11346493157332274,0.05610841897822975,0.038431539280401716,-0.11152083476840138,0.04976679715515176,0.14981905354490826,-0.038530429264473524,-0.10949503530805363,0.195503999436862,-0.02708098541980532,-0.11123045981299526,-0.06289421477464607,-0.14266811010784827,-0.053392166149684256,0.05597354277596574,-0.23601067760569835,-0.030472820094645296,0.1259858854163011,-0.09346378443740531,0.07761758853847321,0.03322935170437347,0.0022231709427511953,0.37643611936288063,-0.08696950122178022,-0.08539330631137303,0.23057890907767004,0.060013792500457325,-0.0165192764504929,0.19360692288031697,-0.04522535138985057,0.2038983681718512,0.16105068273936735,0.19340564356158513,-0.09879499237355484,0.09171626318243677,0.16266065615441394,0.1319879321619345,0.09289665281494813,-0.10638875540176124,-0.04997423970774519,-0.05721673568986859,0.09327131855964599,-0.004889510017246562,-0.01543323859873552,0.14256331256338362,-0.010714812936459386,0.1048785146689957,-0.050265662561648,-0.0957487454976191,0.049255765223334746,0.03321939354660818,-0.10668066777772052,0.04076178171852843,0.03115097424495875,0.0928216049130704,0.11306363112009589,0.0513299581597361,0.07111715181101647,0.06456595531999935,0.0715387240083553,-0.10021515229199708,0.0475622565254741,0.03309633160889247,0.31209598180182296,0.12044157465036837
VTA_R,-0.20431122134542792,-0.0158820606330845,1.0,-0.04729110646870969,-0.39901372132719565,0.07061526460671956,-0.1153552560451719,0.022114057016704883,0.08604127787124491,0.17331691989568662,0.022086947466871874,0.27620151810388704,0.0369097674909043,0.322728838683466,0.1664818193048299,0.24464722073269998,0.11142413223041943,0.31010346674496786,0.18996758605348055,-0.2515838772931433,0.24956715812488975,0.03773794219876689,0.18804033101366344,-0.1460114274981371,0.23327659780030038,0.16366098433856155,-0.0071864706322710995,0.3291935662752847,-0.07752846665849815,0.24706808672225672,-0.36830640089348854,-0.33041720794007684,-0.07824845887203084,-0.22312047858728606,-0.46133420836716277,0.1416548260039667,0.17151010064559366,-0.368577605398787,0.3160600361976609,-0.29323622097760055,0.31831715375854464,-0.0951936322470132,-0.291984644704968,-0.3295805274755154,0.13603256707603062,0.19995921771883338,0.23540994138438753,0.31997470849715665,-0.15246451101364317,0.09213595968008066,0.12893262863688373,-0.44224610817397136,-0.35349304074886406,-0.17908604322242191,0.12653649572015027,-0.0940635948202071,-0.009878309001909216,0.2547702756139499,-0.32445592465370143,0.35278456945565445,0.4195658765391615,-0.28919031934848943,-0.35915622589176643,0.23314747606956862,-0.13397419802945712,0.008394961814128979,-0.39001682500441454,0.3810959878244803,0.006156664860872429,0.22684529941821976,0.20121067122773537,0.025471925774281156,0.03856371567927326,0.013784392061988457,0.311109095733684,0.21813655917334476,0.24034660982389142,0.043599242685485935,0.1329179985379093,0.04509968785485685,-0.36678218302281745,-0.05721917775734319,0.32824899553078485,0.024071219904262493,-0.3978899301425986
SN_pc_L,-0.00748932488286678,-0.031188262171018197,-0.04729110646870969,1.0,0.22885985927047747,0.06836332809560455,0.21151158818642873,0.34495729558825855,-0.19397836960390746,0.1178970042269737,0.10038653662670673,0.04581461830020763,0.22352778639989654,0.3117693897857855,0.09964877412669282,0.2578340636592463,0.021771826347431005,-0.020155825052583523,0.17590886632962674,0.3732064241891652,-0.04481656358662785,0.2810589671583289,0.1775671523007703,0.2294659674866466,-0.09642011246592884,-0.26713797068377615,0.10469263200823264,-0.3369950065087471,0.22669539156013452,0.051632727769555874,0.12072914331577103,0.1945892258908964,0.12300300784408623,0.30065106300894445,0.10438685415227371,0.21408021347673545,0.07117969821345724,0.17695926810738727,-0.15892208632806648,0.35144185953144996,0.011807949226153965,0.45680078716527633,-0.07476860457857624,0.21519540334218631,-0.05230802300860496,0.030404438100610776,-0.2960905429209726,-0.15182445339312858,0.14393687081445722,0.3007935025228142,0.36851152060059716,0.24031116929568533,0.36834980640610804,0.3137970972277696,0.023640843539495995,0.36877832901870605,0.26008179877873433,0.3089668217294666,-0.038447517728422205,-0.19191615105579612,0.149696933743331,0.34608503857985495,0.2001007173885242,-0.22436306921567697,0.3544322137090917,0.3082701366152449,0.27444914099086204,-0.23796888221020243,0.22268832350026332,0.2729086286964914,-0.016311985398439314,0.19307992821235911,-0.2717054942938553,0.4591247647355995,0.3229470884543457,0.27352096572816215,0.3070739127523634,0.23111083091978152,-0.004494913334958493,-0.01434346900736638,-0.14007995238830753,0.2617743370391693,0.351263019276963,0.02333189325690176,0.23323102589666803
Occipital_Inf_L,0.07732660478340322,-0.0064722718335042334,-0.39901372132719565,0.22885985927047747,1.0,0.3795924371032267,0.21911427952862042,-0.040853153553013895,0.27450859283977164,-0.3435594460107136,0.08507109502475618,-0.27658339162355344,0.15472996374574022,-0.35647311755573013,-0.5343566106057432,-0.20221431420768685,0.1421963372919974,-0.3532927755878435,-0.33902198644217935,0.30904905878797007,-0.2961010680935624,-0.14315680785817878,-0.4439192840271675,0.7286786020925415,-0.6190007354039324,-0.304408857379642,-0.03082973397297185,-0.641455269822067,0.1660823352294815,-0.38858757386740106,0.6278957536092841,0.6548433626183089,0.2668745253686349,0.7737081952547259,0.7693127252372824,-0.268865698769621,-0.4578712372461042,0.503673198970834,-0.2855181269122991,0.3844528218742978,-0.5445476109192252,0.5646354289980418,0.3434024044897775,0.7259592468389042,-0.023122310768015995,-0.3399770030627282,-0.3444861112499526,-0.4864003117219271,0.23852989839495886,-0.04320906465211282,-0.2807003689015055,0.6364705106156899,0.5179825933091868,0.7294990155419986,-0.22435686823347534,0.1078810743063172,0.04801507225308089,-0.2944011224772133,0.4803989965630922,-0.3361158997159276,-0.4622787908491781,0.6124344974041189,0.8217115193566378,-0.18558087057485356,0.10374911400319188,0.48687333388896437,0.5979101095121435,-0.4823690175959676,0.1179357060975904,-0.19808389571693763,-0.34594438181590914,-0.018077825482728713,-0.09240962291995246,0.3584585430081939,-0.2890647451853521,-0.29288790293445055,-0.3296961248244083,0.14525442380131662,-0.2445035743586715,-0.414978897202763,0.5073466563170308,0.0035837245106663355,-0.36890905285127495,0.03738223259456421,0.5429478964996067
Cerebellum_Crus2_L,0.21964379329053577,0.048853074002726406,0.07061526460671956,0.06836332809560455,0.3795924371032267,1.0,0.02632365649513517,-0.05858394604651592,0.05170756157529471,0.06572479289484352,-0.01093369073092418,0.10253324407982474,0.19411335104134553,-0.22164570840891165,-0.10823594207743871,0.07788464886964723,0.5442672206866948,0.12192630506355663,-0.007905655901104515,0.028429333871470952,0.2567538802221605,-0.12252589299569536,-0.11526552717270351,0.4740105416644608,-0.44437881769960375,0.3838194821305068,-0.06139757101704801,-0.2673848422476934,0.18712281648682463,-0.14954485117209818,0.2666722433733145,0.16550626193833595,-0.15437148685968705,0.42889478696109196,0.058599851598562236,-0.16701218367912826,-0.2262360143364464,0.12694642249201488,0.21459991020419372,-0.1073542345463411,-0.014580048880968246,0.5331645533397216,0.15377216636509747,0.1623701076977968,-0.046103764045622046,0.03459357525085286,0.30323860458054247,0.08631768568597097,0.2883152883468857,0.095223435183898,0.010143785428851316,-0.06326894269533183,0.07369876964478896,0.4530686995041518,0.00013095762189318106,-0.16434206470155752,0.0869879480483661,-0.004013483533734767,-0.060145332357441204,0.3267810168039105,0.059509683138298644,0.13109467994372012,0.29367548699874585,0.21749800096537122,-0.1140780167719299,0.6650129643502767,-0.009181310295085038,0.11751549575921244,-0.04499728047979889,0.2505188499129456,-0.0685955693283153,0.020493872313778902,0.2881620324743605,0.41542270912167234,0.07574772135769729,0.015297322701179875,-0.023898960433037762,0.2265150114735084,0.1914809665986745,-0.43945959071432733,-0.010800891001641104,-0.19673204789182877,-0.014320150297340562,0.14466151144226372,-0.04090814083566018
Thal_LP_R,-0.12864326170699583,0.2795028704447336,-0.1153552560451719,0.21151158818642873,0.21911427952862042,0.02632365649513517,1.0,0.5703524312109858,-0.022926257355200184,0.15269765819403242,0.5540415652942422,-0.4318568442208051,0.3196366822310096,0.17930262575635905,0.22162625285148851,0.24158773435108205,-0.12742175314656445,-0.13964275191779663,0.3032813117932947,0.6209007071294553,-0.19590455674020943,0.39559283866251604,0.2890677261340186,0.052815075936322016,0.18459935943689673,-0.08329244947641905,0.18561933900625913,-0.2024504077147061,0.15487857921904663,0.11320437730034554,0.06430463698064383,0.14937251026280896,0.03740882567872016,0.19367874861644058,0.3283465600174559,0.0856616339779129,0.19102759812408165,0.48807239396903496,-0.12338837415650661,0.5272127454842916,0.16677907044312576,0.14625880802871843,0.3476192307402429,0.3009687290638101,0.1547250813991987,0.31215767949831813,-0.09924690829128915,-0.21506306131044553,0.14028469816088593,0.03955697731004115,0.47933476697029087,0.5275263817439316,0.5544296664910564,0.16455549628849497,0.23448183104968143,0.40234727384438435,0.4157584055837505,0.04227970367952129,0.1979373105177017,-0.2540664264030894,-0.021770655555900093,0.5573692754733,0.20457759627376837,-0.08328435955183847,0.5047162420345517,-0.012427611654838546,0.5669091207701012,-0.0609783319480161,-0.313020881396295,0.19639237225294925,0.21352739055733846,-0.10719406130234935,-0.046072884294447204,0.19103239261599986,0.30824351800262517,0.3117853619125077,0.2792859914990025,0.17774659635595352,-0.10221829666782783,0.14919373785352927,0.1738080710666815,0.44064163935845335,0.010410308192846801,0.20084429774322424,0.5604442657980492
Cerebellum_3_R,-0.20079712292930438,0.21594411759946927,0.022114057016704883,0.34495729558825855,-0.040853153553013895,-0.05858394604651592,0.5703524312109858,1.0,-0.1717687575413423,0.64747579651226,0.37886910683473113,-0.0631891468279697,0.5569558214599318,0.6652621897757182,0.24219005449237335,0.487192409656688,-0.24052607283571661,0.10854869615796096,0.5882491123713349,0.6009890407681282,0.04083519520217303,0.7192748966088229,0.6213689530916804,0.06399017135015515,0.6201753935088604,-0.04852544565196125,0.6593395850298293,0.2250132106718782,0.2695828982955299,0.41269441908359483,-0.03006997344398435,0.17139838573860045,0.3512542032516948,0.26476967754369957,0.2186265905186454,0.4267615443405253,0.4812109773656786,0.49483205099678806,0.008671499459794063,0.709402784732227,0.5052498005346364,0.17977665860248063,0.02593191706729855,0.3377726363960759,0.4674080196563477,0.5870930318473793,0.03170635367690784,0.09825965855255685,0.06889517051913112,0.491219626275207,0.6216728573250425,0.2921509582397956,0.4580592889432564,0.24350816527162325,0.4906797489718866,0.6652966424383246,0.7080220648057779,0.5142645492861208,0.32769408155305174,-0.013489303073529581,0.41106964682804387,0.6508628661185976,0.04417347572818858,-0.03219124566565029,0.8482440077722232,0.045022933905517586,0.4706435510737333,-0.044618131322168665,-0.04857052166390868,0.3155648729518188,0.3881864139416266,0.36283868027016775,0.014509117965427282,0.5105594191934052,0.7360910303918671,0.6738758422247559,0.7849829617536119,0.322589518217574,0.1115323030297495,0.47047691284582194,-0.0008627804809948877,0.6835365247349643,0.5036490661610903,0.26406736152330745,0.5800524991357346
Vermis_7,-0.008395608698697217,-0.09479182886620385,0.08604127787124491,-0.19397836960390746,0.27450859283977164,0.05170756157529471,-0.022926257355200184,-0.1717687575413423,1.0,-0.14336357994435825,-0.02768233558422889,0.05548706214698224,0.0001830203965616612,-0.1952431229915214,-0.3318699211300167,-0.15644261159765238,-0.024484494896801653,0.19543166069560425,-0.11008915117118726,-0.2904486628854778,-0.1402526673675449,-0.3469811128054402,-0.23364471939162784,0.39703197654562167,-0.062141449751185664,-0.1350286281614161,0.1236779355179104,-0.09337808780356806,0.3026303632502735,-0.24880278651626989,0.13172604015094858,0.334480913887478,0.145474983901342,0.35321076759077225,0.2736079675232807,-0.3324872985841426,-0.37573403351953044,0.013337157351569949,0.02602163572988593,-0.03180283293853403,-0.3451291296938153,0.07107600251763115,0.1269756539887826,0.19006666687671334,0.12031853366966723,-0.06070449394737619,-0.117455859668524,-0.14513906770310755,0.2817809870750848,-0.021194365135032794,-0.3901712798902021,-0.0009700515510410328,-0.1975014474175871,0.3099887471529,0.007561228471234542,-0.06487491143866954,-0.19663717421621935,-0.21854620403450953,0.28725155177484923,-0.12948519330610303,0.0043479225631793935,0.03926394415214435,0.33695087753049036,0.08200667902587896,-0.0881582944592915,-0.05950449038955762,0.008092782336291503,-0.04204740640850272,0.007441095871888557,-0.1291816043915692,-0.15068243045418814,0.13550544808387396,-0.11780290052559868,0.019963560020580792,-0.28975792260282834,-0.23380091681192755,-0.2453228490785307,-0.2081233124315516,-0.25074395936817123,-0.1723033630636347,0.21597300527210692,-0.13416859152043611,-0.21566970450698428,-0.09634781172069878,0.030536466894079174
Frontal_Mid_2_R,-0.016730486948855264,0.036853000508442424,0.17331691989568662,0.1178970042269737,-0.3435594460107136,0.06572479289484352,0.15269765819403242,0.64747579651226,-0.14336357994435825,1.0,0.2601030166469983,0.42993870797663886,0.5877557645102954,0.5181722254816121,0.4671661421692011,0.48077897723472945,0.05673238794114797,0.45714575477579605,0.5332239472261766,0.2663636168618923,0.38273995373038194,0.6736394142948764,0.6993875764698727,0.001529100398716033,0.601971564330374,0.3451275141815675,0.585146654332435,0.4664016490445632,0.18312019979566554,0.5480789300747362,-0.2543219051242506,-0.06391688976865907,0.1615860998812066,0.09179317704204411,-0.17189297118693678,0.49419129929118555,0.6138090945393452,0.24041056271800326,0.30320405575329856,0.4225936704798126,0.7476359594680191,0.21768881908151252,-0.09473149644800773,0.12127964988955246,0.5434435184960329,0.6473971594887128,0.4221523564474933,0.5122523530156049,-0.012438562534437035,0.5592513070179207,0.5346021423656653,-0.18965932000753868,0.09628928898689477,0.1337864413228086,0.5585093695601477,0.23173398994630878,0.5433488479421877,0.5963800406053844,0.1478121844053793,0.4868233734184412,0.6739777726492644,0.27660782002342416,-0.1591871004669322,0.18542496010712617,0.6147351703596485,0.1628988992320887,0.008926077051111656,0.2902388828452184,0.02317006053677065,0.5806297769821407,0.6036903140198678,0.3394448845945594,0.3154589624307487,0.5078636991785812,0.7653509714030561,0.7346315836997673,0.8250696168890788,0.4273983065366582,0.2634110951812456,0.35088027178868414,-0.14031227381464143,0.5733027297443023,0.644265722348005,0.25312466463331074,0.1340753144376627
Heschl_L,-0.0890350747991103,0.23476951277184516,0.022086947466871874,0.10038653662670673,0.08507109502475618,-0.01093369073092418,0.5540415652942422,0.37886910683473113,-0.02768233558422889,0.2601030166469983,1.0,-0.04219336405576917,0.4750940246262685,0.18850730253406026,0.18572528980654338,0.05893732872622607,-0.06859367211851326,0.07720920254892939,0.24609844101008926,0.37525956643447594,-0.07024497650138044,0.40476210132040225,0.2627794705056881,0.07698655373833617,0.1357966553171261,-0.0394852493308284,0.1076167298532875,-0.06607557030691866,0.010466374230725493,0.18984728515163704,0.05105185109165768,0.07365329326742573,0.14825829136665733,0.13847888235364822,0.19866657215822886,0.03973899031417464,0.22378490126182216,0.35474977754993525,-0.14025539419660515,0.38388601213416584,0.365583036152115,0.1171601265966995,0.17298906752723667,0.28866066714470656,0.3484671218255079,0.28645104659369985,-0.0959496002605784,-0.0895247039246433,-0.11035006498046407,0.10646274287558002,0.37788202894568507,0.28852639488618365,0.32923264409830855,0.11170924936555517,0.15843731175482267,0.24980408811888377,0.22693845068392757,0.08544798106609057,0.1568735131073454,-0.12318932797195364,0.01261016315181475,0.41918692419997355,0.08630853005931464,-0.0972384371973016,0.33661235818365115,0.01217460492450537,0.33394042196206014,-0.04545784051478647,0.01615018915792438,0.46267719810944963,0.26589351959420493,-0.018595183005184462,0.020978059920922127,0.18170429371286215,0.2759143549180537,0.353530693534497,0.22848625586248622,0.2412799260272162,-0.047877670251520114,0.08460808694219009,0.07340890740487219,0.45897824379182617,0.07349568669277173,0.3903699773314794,0.2710214243335248
Thal_VPL_R,0.014453248926782531,-0.1984496490699966,0.27620151810388704,0.04581461830020763,-0.27658339162355344,0.10253324407982474,-0.4318568442208051,-0.0631891468279697,0.05548706214698224,0.42993870797663886,-0.04219336405576917,1.0,0.21280678473037673,0.2582046478981094,0.09593285578899062,0.2578854080961712,0.31463654898762167,0.5844327434053884,0.0744380890544308,-0.3644136448566346,0.29832608331138744,0.05827633967732562,0.2617901649905672,0.17338004834064857,0.13578991938314156,0.27031720033717943,0.07035163178185525,0.26327055497310475,0.01368926157510869,0.293419226195056,-0.2252394308590645,-0.034805676570168725,-0.014802328960130917,0.020500295576738076,-0.41001489395262414,0.11575422969108078,0.2436989889947725,-0.31426223625502825,0.4326552306118775,-0.11495428230639952,0.37479075175466414,0.2496330267172118,-0.23646656709136832,-0.10987179419394384,0.2684215565898555,0.2828464519569553,0.26344635113967185,0.3453863826781322,-0.009465245398979326,0.4960453996916416,0.08751093038929963,-0.5752326189796764,-0.3466434188238624,0.08301004104264713,0.32754744731462143,-0.13335201538687338,0.055268280079520664,0.4856493971197043,-0.2355321597363396,0.49652606031902613,0.5873656457409707,-0.22808973757622805,-0.10472978747206847,0.18101715903791296,0.00516506503335169,0.23647705202728583,-0.434221966227318,0.3354788094127755,0.15779446369400946,0.504981338218761,0.3035531237895735,0.2285124432924712,0.06219498254521702,0.3414084626947523,0.3161252561163972,0.24518709698266247,0.3089599126618093,0.2450311666599759,0.15005002981476231,-0.10707851592538815,-0.2862922790766334,0.13586347049871958,0.48625303320954466,0.1177166370669037,-0.3820398481829557
SupraMarginal_L,-0.13706894632125077,0.013656931455088853,0.0369097674909043,0.22352778639989654,0.15472996374574022,0.19411335104134553,0.3196366822310096,0.5569558214599318,0.0001830203965616612,0.5877557645102954,0.4750940246262685,0.21280678473037673,1.0,0.3282175223167043,0.10418638053529954,0.22509509154606644,0.11182864004275919,0.15241577475828116,0.3210939846340153,0.3133524761998938,0.008715227666151936,0.492376875203997,0.5267254492643433,0.36017187718862087,0.25654124981004384,0.03905651883760854,0.3568430671677584,-0.0013650219180812932,0.29663949748620305,0.5747675644467524,0.12131396185303871,0.256331960947489,0.2377589373144431,0.4188423115765424,0.28639094294854367,0.3589263441689291,0.43690745428052324,0.358411670906509,0.07035648421061545,0.524219666245567,0.36186544849773494,0.4187283256503421,0.16700069233821044,0.38996933466703015,0.506974024303943,0.43387414235012284,-0.0014439153570557435,0.016520527379918912,-0.037547928464060035,0.6029499288218328,0.40112808504932995,0.19396945637149607,0.3134591354642344,0.38851031089548693,0.3313709417154073,0.2761989805665779,0.41785138975811037,0.3922137015416481,0.2644973155568154,0.08030955260764677,0.3108214995344404,0.531514302364034,0.18785994641738948,-0.017195859042369744,0.6475564881959331,0.29852442889190006,0.2984419817808676,0.016213080158752318,0.06127896101570771,0.48467133614834085,0.4188978186490053,0.10980842699594828,0.04856397603874173,0.5370094869945434,0.5461736665656194,0.5102666386021285,0.5398071965026744,0.5330105571514628,0.08582446884641708,0.0814250090357888,0.03699509756134547,0.7015771496692206,0.42584658553300603,0.40126968621132086,0.41331337996724643
SN_pr_R,-0.2779518188453246,-0.00670308886328474,0.322728838683466,0.3117693897857855,-0.35647311755573013,-0.22164570840891165,0.17930262575635905,0.6652621897757182,-0.1952431229915214,0.5181722254816121,0.18850730253406026,0.2582046478981094,0.3282175223167043,1.0,0.22135545795758002,0.38738874538733226,-0.20226012177625316,0.3314033627654431,0.4498415308396011,0.2215607871824153,0.11640658008356104,0.5906675147681483,0.5526544273361794,-0.1174123232548068,0.6426830078864687,-0.033330202195168905,0.49278279848201295,0.4637424785519253,0.08777941917355653,0.43062150594492205,-0.19763857397840492,-0.0302007711761721,0.30692349411228886,-0.037150120350139336,-0.14066430670882124,0.43394725365827247,0.4249473925854456,0.07676240628318926,0.12695596951353644,0.33519087797838426,0.5975886976512123,-0.07076439197427647,-0.18855635222424724,0.04406239643828782,0.48375548329193724,0.48095214826254046,0.027599065510061548,0.2239055788189627,-0.10514684787048936,0.46785907997594567,0.513611072691114,-0.10052625126444033,0.04240489984788599,-0.006609657426288665,0.4551391341753663,0.5729615150993372,0.41106323603005307,0.6749051133577365,0.061406260212363166,0.10665799486227236,0.4950406049404803,0.2541158462235485,-0.23113613478736517,0.0436285424418937,0.5186665651626953,-0.07922644659330244,0.05607781349237233,0.1273263787786882,0.045081581871929004,0.30064322665218646,0.38785606604082007,0.3812618090353524,-0.018136006931300144,0.2628862948551763,0.677596848196923,0.5607307677040436,0.6493796391119966,0.23414287051601548,0.2159788515852144,0.4701425067508546,-0.19670631570746866,0.4727433682967588,0.6639586278362006,0.21819874543139398,0.13501385400288438
Thal_AV_R,0.15097543735203603,0.04939663893860561,0.1664818193048299,0.09964877412669282,-0.5343566106057432,-0.10823594207743871,0.22162625285148851,0.24219005449237335,-0.3318699211300167,0.4671661421692011,0.18572528980654338,0.09593285578899062,0.10418638053529954,0.22135545795758002,1.0,0.4268934587965542,-0.008038171041223648,0.3422353432543916,0.5677570756303254,0.16058625352041447,0.4805488540044416,0.3180823016408843,0.633233354441417,-0.4597612897144904,0.3363230859638345,0.3591487077772869,0.09834293283462722,0.20970419606350074,0.047124441022926275,0.3281737730107183,-0.42283803581697244,-0.44071653257308807,-0.326552183999513,-0.36477736203711986,-0.44991166314000575,0.3563655476856272,0.4939421219633361,-0.09063690018128887,-0.004542911759862478,0.025268297549090848,0.5395226793377984,-0.06392327160107501,-0.17874659323089265,-0.3190725313430334,-0.08612096318867067,0.3607277911262157,0.3793189221693727,0.5688120621804247,-0.07343542371379384,0.17639016493494902,0.6145538566871128,-0.19444456673836066,0.08369511438194786,-0.30270641965361145,0.14102664554053565,-0.10564310205198649,0.22771055111053665,0.1775010721478479,-0.33549825175788195,0.31656668256819137,0.3898492503933552,-0.10243058020206446,-0.47360735366597434,-0.09134506936851075,0.1858781811880624,-0.0777170233508001,-0.16380191234952668,0.30084810505751836,0.11670514556902388,0.45404841070130536,0.4898805864894444,0.05863759402343023,0.25497272902185275,0.015181355537567208,0.4222563426724364,0.5697631767875688,0.48459772655550076,0.0860385238599989,0.21006018927095635,0.30826190551834554,-0.2512767717593415,0.21376937655056022,0.23107900016795582,-0.028046498698603855,-0.14936352336435899
ParaHippocampal_L,0.03489980819624858,-0.0196543805562847,0.24464722073269998,0.2578340636592463,-0.20221431420768685,0.07788464886964723,0.24158773435108205,0.487192409656688,-0.15644261159765238,0.48077897723472945,0.05893732872622607,0.2578854080961712,0.22509509154606644,0.38738874538733226,0.4268934587965542,1.0,-0.003833351628948977,0.2322559935335769,0.5863575803083092,0.2562972360166188,0.17182036141409004,0.39675466480300214,0.4969298229353181,-0.031161990569960267,0.319182034511232,0.2354463015301683,0.2315318744203809,0.07301643029076947,0.05538315271235962,0.23224000870656897,-0.24178898322178033,-0.17543418789252727,-0.007081859931224833,0.03777097315798027,-0.2919535293427359,0.28925865439695797,0.36186473177432615,0.05053017420191293,0.27200097216130603,0.2382401429456078,0.374898302287947,0.3614550447376929,-0.19732517421861887,-0.06957651243522442,0.017459027328469445,0.605108852862733,0.36908222945874086,0.22030510092939387,0.08215424403148762,0.4349661134257693,0.5764628413475648,-0.1250867606762099,0.2219148088067263,0.12509120129214765,0.505269126700184,0.1832295115720544,0.599472644971366,0.467104511725382,-0.2265296769208198,0.18975329035337815,0.5397132360877775,0.16554722385581755,-0.15085790674875454,0.0793768579231886,0.3762583536444013,0.16693066484424815,0.012760725105496515,0.09018861268726301,0.0649843977685997,0.46318376843819836,0.39547640739778894,0.1935624094590757,-0.1476817316960104,0.5430073716167786,0.6926465397146813,0.5972371505212519,0.648128252084661,0.3071422575228328,-0.017745384272233777,0.19612064164454523,-0.2046526988093711,0.2601336142481943,0.5135807759639738,-0.12166482391907028,0.00438004409734696
OFCmed_R,0.27530685192442067,0.03484139843701654,0.11142413223041943,0.021771826347431005,0.1421963372919974,0.5442672206866948,-0.12742175314656445,-0.24052607283571661,-0.024484494896801653,0.05673238794114797,-0.06859367211851326,0.31463654898762167,0.11182864004275919,-0.20226012177625316,-0.008038171041223648,-0.003833351628948977,1.0,0.09019918917796811,-0.08827035080050857,-0.24029398436326044,0.3493413197999503,-0.24191591459568995,-0.1261212432955557,0.35390819454608036,-0.3535669435642497,0.3976023556528502,-0.14648884132771198,-0.1724060906830926,0.13920538333021956,-0.12703861776839773,0.05842927416150784,0.1207509283892047,-0.17175498358125071,0.27988547656366874,-0.19808511972024515,-0.23853936495646896,-0.1679138537678019,-0.20110417573952008,0.35341865011015494,-0.23592587017851688,0.016477485568207408,0.40894789863143266,-0.001835942554176633,-0.017216026131910516,-0.10436980733376902,-0.012512337557838428,0.3006097122012795,0.16872340934617733,0.26589334599526365,0.11128606835864402,-0.002238605234124813,-0.30660217926614997,-0.14783375404351623,0.30064620402812575,-0.0516451423680327,-0.27257064216538407,-0.024553012519194006,0.06944691926087541,-0.2360462914566185,0.4747404463274475,0.1515175003005275,-0.1008930133588185,0.1729623028055435,0.4725885076932946,-0.2104574125389281,0.667884531746507,-0.2977055046044123,0.1893665809288513,0.0425720104813087,0.29242327992827416,0.03732271733128707,0.05001246208267223,0.3534763597561705,0.30901205411602056,0.04799202655004355,0.0012683954758058874,0.03190165368145791,0.23917346260300337,0.2914321024438779,-0.4257475470435538,-0.14666817688615766,-0.23344591563211706,0.0373492119651526,0.09372337661512274,-0.258530006561614
ACC_sup_L,0.03765149289361523,-0.13471618274188757,0.31010346674496786,-0.020155825052583523,-0.3532927755878435,0.12192630506355663,-0.13964275191779663,0.10854869615796096,0.19543166069560425,0.45714575477579605,0.07720920254892939,0.5844327434053884,0.15241577475828116,0.3314033627654431,0.3422353432543916,0.2322559935335769,0.09019918917796811,1.0,0.3874080203180734,-0.2512104066674279,0.46672816178808524,0.07495792689911093,0.3888589668334335,-0.056843792859888276,0.32939120714778375,0.30006779471918116,0.2676873548781944,0.38865826432667056,0.19428207656757784,0.301361061886129,-0.22485860546133643,-0.11987848380858347,-0.015544776965887401,-0.058059973738194465,-0.32731361274892423,0.11503650686985412,0.26009764942331404,-0.1774114091330618,0.3473226371195666,-0.09282913946078679,0.4856247551412813,0.03812472816738671,-0.23683186589688116,-0.14141014292615237,0.2431959756489527,0.3748680303387619,0.3595651713647789,0.5369484568457344,0.1335759369928354,0.36851057806595666,0.24117117316865944,-0.4317689240266335,-0.3063270703853638,-0.05321426280743643,0.30152835561032365,-0.02269796621874422,0.06252119512050307,0.3053848273354487,-0.1285884065962328,0.48627234343492304,0.5138537351832129,-0.09625644594859491,-0.21736765653056825,0.1790876395535124,0.05520662124788111,0.09389209927921956,-0.34485577659000677,0.424692372268707,0.12108343561620889,0.5221483516466503,0.2664597859620617,0.3744532113146029,0.18807936694098795,0.15355068468686786,0.29288679843497956,0.3818247000343845,0.30654346711666897,-0.04123155836094022,0.07704330475127015,0.16728814084970467,-0.22134550543380424,0.12329057703988756,0.3157913915412037,0.04498876172624999,-0.2625319835518884
Pallidum_R,0.0992556081076255,0.16812057072249004,0.18996758605348055,0.17590886632962674,-0.33902198644217935,-0.007905655901104515,0.3032813117932947,0.5882491123713349,-0.11008915117118726,0.5332239472261766,0.24609844101008926,0.0744380890544308,0.3210939846340153,0.4498415308396011,0.5677570756303254,0.5863575803083092,-0.08827035080050857,0.3874080203180734,1.0,0.15572581280042763,0.39880086185706287,0.3386818076076498,0.6284363266684806,-0.19316327193922592,0.5656223171374644,0.20445065073473873,0.5221848453029702,0.27801514701568164,0.2984125212995893,0.3867453528770423,-0.16067984409329736,-0.15554671066103687,0.08712186613320523,-0.002386049561915656,-0.13826961648606015,0.270621985921977,0.4115941558307654,0.026078660043388335,0.19996302979212316,0.2729171114251703,0.4491767936591585,0.09009081198754923,-0.2622068504799547,-0.06095222172509825,0.19525306010533386,0.695404275640126,0.328421905553507,0.42206660742115665,0.05908823792475323,0.4077519510757698,0.6728139618293186,-0.0885324528049514,0.1073938244801674,-0.001688822601839888,0.5275194340337277,0.2866436522087031,0.542707168929742,0.334414723995019,0.00330558073320001,0.19399663416747095,0.44788467320774905,0.24801539342462278,-0.28559114349796044,0.05574304577731831,0.480649691614912,0.002328590232544879,-0.02100835291283776,0.1910827473401575,0.1900002940850363,0.49250390484347456,0.37448919466129754,0.4148922710167064,0.07055783637079485,0.33740989951097383,0.6127889996326795,0.7975742053159072,0.6396387002791457,0.052913565224420485,0.06389160725866308,0.41389063837149404,-0.19002715756811125,0.3445358686555159,0.34249821326701063,0.0868498828575973,0.12489405474117188
Postcentral_R,-0.17166069774235188,0.2237816906698435,-0.2515838772931433,0.3732064241891652,0.30904905878797007,0.028429333871470952,0.6209007071294553,0.6009890407681282,-0.2904486628854778,0.2663636168618923,0.37525956643447594,-0.3644136448566346,0.3133524761998938,0.2215607871824153,0.16058625352041447,0.2562972360166188,-0.24029398436326044,-0.2512104066674279,0.15572581280042763,1.0,-0.1847634866052279,0.7091887938810524,0.26394498662266624,0.021814673757071495,0.00803521955442194,-0.10928683088366715,0.13786963300470628,-0.26724556051032633,0.0702751864336675,0.054830748824453567,0.14973300921521548,0.08741843247207857,0.15515786370067808,0.19135057883146092,0.4124356552919307,0.3237850496313795,0.19842546972557532,0.80681111373494,-0.23577131527733672,0.708866871619647,0.2573516312985843,0.31838335838910325,0.32368391226988946,0.3756897628152355,0.1300517691651906,0.19431627726363282,-0.13052223994252662,-0.17110351855795194,0.007746536264502037,0.06863903189508502,0.4009709952667523,0.7396499733942935,0.7521132305154263,0.17980625522895097,0.07251864697744972,0.42880021275741304,0.478613362634668,0.1421151074366474,0.2569668527865283,-0.2988900274120711,-0.10918413155973519,0.6291175702287889,0.24239324440156546,-0.25279422989229,0.5950741252994887,0.14037535962422182,0.8066776112747297,-0.2654824825035235,-0.09199922335614152,0.15600035333217932,0.2507348483455058,-0.028900498436139312,-0.031062429356661366,0.3331587384223086,0.378491802059147,0.34415477881780826,0.3132695231681557,0.37004754903672876,-0.06452647822825466,0.18314723601942923,0.16069044802183463,0.4753634233513975,0.15030718494493486,0.26174952560675707,0.6629066567539705
Olfactory_L,0.41216510294966846,0.11346493157332274,0.24956715812488975,-0.04481656358662785,-0.2961010680935624,0.2567538802221605,-0.19590455674020943,0.04083519520217303,-0.1402526673675449,0.38273995373038194,-0.07024497650138044,0.29832608331138744,0.008715227666151936,0.11640658008356104,0.4805488540044416,0.17182036141409004,0.3493413197999503,0.46672816178808524,0.39880086185706287,-0.1847634866052279,1.0,0.030761483824750555,0.28119684864954214,-0.11302256881578399,0.13941754580337892,0.6988117089445522,0.18281448062091477,0.3390274134225654,0.10882087316916535,0.14754871783139403,-0.21098238308129927,-0.23483836911435785,-0.23155568333358445,-0.09587455212602987,-0.33473762996389095,0.04364485929812729,0.19090598559544406,-0.20212963282417004,0.22539178709263752,-0.13763963718240652,0.42084510148815996,0.0688946727913641,-0.23431570155453896,-0.20565260511799816,0.02443567251821362,0.2520164065441397,0.6984718551006444,0.8480885316294531,0.12955734239149963,0.15328971943267775,0.19820571406595033,-0.37519722522333104,-0.20218859502353417,-0.08169426769944435,0.11494746402153733,-0.2472699080715978,0.0545297639138727,0.15889662529604937,-0.18220059175989956,0.7194404991321602,0.32498510338747355,-0.13524245213538189,-0.2350390752702331,0.12486676038769082,-0.004000036199962716,0.35101443757277573,-0.3493000200452935,0.23940041746860138,0.24761073425585498,0.3587658915517398,0.20138438741277515,0.2506187000734811,0.6995524256627965,0.12099763558069473,0.21442827235293624,0.3071942551991382,0.27753095722070986,-0.0982956630042567,0.2456896482716116,0.02855771943257166,-0.17802139748542128,-0.08679236990209803,0.15417277061883944,0.0014244436922321614,-0.23891387618541948
Postcentral_L,-0.2668598581345828,0.05610841897822975,0.03773794219876689,0.2810589671583289,-0.14315680785817878,-0.12252589299569536,0.39559283866251604,0.7192748966088229,-0.3469811128054402,0.6736394142948764,0.40476210132040225,0.05827633967732562,0.492376875203997,0.5906675147681483,0.3180823016408843,0.39675466480300214,-0.24191591459568995,0.07495792689911093,0.3386818076076498,0.7091887938810524,0.030761483824750555,1.0,0.5594446778394537,-0.08518410592817331,0.4555917320107062,0.04709897648323486,0.4000033990176892,0.23606772421230227,-0.0424001607738398,0.39464913466695833,-0.11575803510043438,-0.01739549613137471,0.24004046705769286,0.03988574172339919,0.05307540294753857,0.575679323146417,0.5233365313682796,0.5224173167990169,0.025611991586832347,0.6366355099793285,0.6733366199601699,0.1393948697373852,0.04457028463771699,0.2658945528811273,0.5404768990801592,0.48307193469530774,0.10439822238479243,0.18251738260176795,-0.19998335253723185,0.33625047830182037,0.5360508144750731,0.23765294134389278,0.4180171087141291,0.07760258254945532,0.39306270801123494,0.46480621412846923,0.5649431472116551,0.5180499585805413,0.2289316740200145,0.027632879214569566,0.32001732253522364,0.48321196384246384,-0.051705774882651455,-0.09806472497859142,0.6652817064505782,0.024319575415856057,0.40855510019990005,0.03608387085808529,-0.041829215321924754,0.36510234205126835,0.5327659827196923,0.18095968599356468,0.103085630929723,0.3512511316095991,0.7098036315788664,0.6390250431291882,0.6562483615223721,0.45981427199809477,0.14871874852632327,0.42526540198886975,-0.038200399264345784,0.6258575399997843,0.5553872442841311,0.3526390864286641,0.39028377605472037
