,Thal_VPL_L,Olfactory_R,SN_pr_R,Frontal_Sup_Medial_L,SupraMarginal_R,Hippocampus_L,Thal_LP_L,Thal_VA_L,N_Acc_R,Frontal_Inf_Oper_R,Precuneus_L,Thal_MGN_L,Olfactory_L,Cerebellum_8_R,Temporal_Sup_R,Cerebellum_3_R,ParaHippocampal_L,Angular_L,Insula_R,Thal_VPL_R,OFCmed_L,Vermis_8,Thal_LGN_L,VTA_L,Vermis_6,Parietal_Sup_R,Postcentral_R,Precuneus_R,Thal_PuA_L,LC_L,ParaHippocampal_R,Occipital_Mid_R,Amygdala_L,Raphe_D,Vermis_10,Calcarine_R,Thal_PuM_L,Caudate_L,Frontal_Inf_Oper_L,Red_N_R,Frontal_Inf_Orb_2_L,Frontal_Med_Orb_L,OFClat_R,Parietal_Inf_L,Frontal_Sup_Medial_R,Paracentral_Lobule_L,Precentral_R,Calcarine_L,Cuneus_R,Thal_MGN_R,Thal_MDl_L,Rectus_L,Occipital_Mid_L,Thal_IL_R,Temporal_Inf_R,Thal_MDm_R,Temporal_Pole_Sup_L,Thal_PuL_R,Red_N_L,Frontal_Inf_Tri_R,Vermis_4_5,Thal_PuA_R,Frontal_Inf_Tri_L,Cerebellum_9_L,Occipital_Inf_R,OFClat_L,OFCmed_R,Thal_VL_R,Thal_IL_L,OFCpost_R,Amygdala_R,Rectus_R,ACC_sub_L,Thal_PuL_L,Heschl_L
Thal_VPL_L,1.0,0.2567520804226419,0.5313177854443822,0.300613705124294,0.27992200935754646,0.7269717031957879,0.28641389584495625,0.4920088277623967,-0.08998001266565694,0.6158359503356082,0.7540773223247389,0.4242055726710045,0.18745327200856612,0.09936079690826143,0.4964867380170057,0.7615298605033868,0.49672315833936337,0.15197011867801327,0.0062269917564989645,-0.0005645314850369096,0.17554687552330703,0.10647432335444176,0.3486390560282484,-0.09935176152330079,0.08046741130418121,0.17636928046175304,0.47532580711086336,0.5554600351696054,0.6011439514415139,0.27610896755204845,0.3540378210694644,0.03509304486188266,0.40379074113558056,0.11172365608655854,-0.22251900898820873,0.13257182533128198,0.8504791201583131,0.2434474751044807,0.15548664513007032,0.3824761587850604,0.013329283096121592,-0.09718944148925336,0.15208233908816904,0.4678473871394994,0.37024264833430404,0.6891292299821946,0.686781539629926,0.47670463425191917,0.1931611441016657,0.4148968194302387,0.510621342135783,0.12760837810092363,0.06023250466833818,0.2270032803071063,-0.06620991691900706,0.7294617484350983,0.07360448501318162,0.159602729417559,0.3955769933028793,0.5354703869931933,0.6793787300292229,0.4514641280032374,0.30265884581437197,-0.008797568906414904,-0.07699270476574287,0.345213594585204,-0.11712738377602464,0.813938113651178,-0.026714230168083372,0.07563019709250574,0.31073959346149777,-0.032884504154151686,-0.17222426518587036,0.4943884796617841,0.409491704786803
Olfactory_R,0.2567520804226419,1.0,0.2239055788189627,0.45130299516225186,-0.2250362541393995,0.317586016484005,0.22227115165791722,0.38475368257664805,0.19622849902128692,0.11828257557593992,0.03570543036152767,0.2373211454713303,0.8480885316294531,-0.16039770501498554,0.3766824398054125,0.09825965855255685,0.22030510092939387,-0.37125390200342795,0.1901829992748656,0.3453863826781322,0.6801406044318565,-0.04860073015499816,-0.01970870722906737,-0.2083198481097911,-0.20013290697916103,-0.45199623723844945,-0.17110351855795194,-0.12021325015352975,0.1250844221366227,0.3913985929611241,0.4292390527856066,-0.42182634217797704,-0.2877889056917057,-0.25589406666175074,-0.4188533187957814,-0.2397145501759031,0.42093252893621247,0.11432499247214771,0.007048142799579842,0.22135046606270736,0.12050431475067043,0.22219281346701875,0.52379707774753,-0.1369847590546172,0.4054674367244669,0.04089352419230455,0.13086944646139673,-0.18575983878165198,-0.3434971831395414,-0.2584174471835763,-0.0027501155663798974,0.5947773923397672,-0.4087678142943242,0.07335595609574856,0.04214320558520972,0.306264266061773,0.38462747676869674,0.3487404040309396,0.2198415868044403,0.4004346767908137,0.4235756705920585,0.48444832809698263,-0.013086022478239475,-0.3524915479969206,-0.21843293994098542,0.4019837145279498,0.16872340934617733,0.41899582804033236,0.239496992125245,-0.2614027226699976,0.676685425954526,0.07970444404428795,0.20084247843350833,0.26866364698546935,-0.0895247039246433
SN_pr_R,0.5313177854443822,0.2239055788189627,1.0,0.24150155698995787,0.07676240628318926,0.677596848196923,0.3812618090353524,0.38785606604082007,0.27303491240922145,0.562319868944672,0.5186665651626953,0.446403350002621,0.11640658008356104,0.1297303769699869,0.45344857290846424,0.6652621897757182,0.38738874538733226,0.008603343391394956,0.27039842600571945,0.2582046478981094,0.027599065510061548,-0.10514684787048936,0.23414287051601548,0.04159608882682909,-0.006609657426288665,-0.10052625126444033,0.2215607871824153,0.33519087797838426,0.46785907997594567,0.3936994184917635,0.5750567252998934,-0.14066430670882124,0.5729615150993372,0.2115133841324223,-0.2493061230098286,0.04406239643828782,0.5526544273361794,0.3113796074227187,0.21819874543139398,0.6749051133577365,-0.07922644659330244,-0.2779518188453246,0.4637424785519253,0.40826788606110864,0.45543630337760144,0.5190399765004898,0.6233676544891634,0.2541158462235485,-0.054577153854455086,0.04240489984788599,0.2595529429295176,-0.033330202195168905,-0.16221783308141155,0.23005190437043263,0.14763184878715432,0.42065849246309156,0.13261366498931015,0.2077898985286859,0.6639586278362006,0.429810273524163,0.6101468987800011,0.5020673503735372,0.2316333405756818,-0.0302007711761721,-0.19670631570746866,0.18687682853409482,-0.20226012177625316,0.5585063335930308,0.045081581871929004,0.30692349411228886,0.39628839957365203,0.0436285424418937,-0.012903709553006189,0.43394725365827247,0.18850730253406026
Frontal_Sup_Medial_L,0.300613705124294,0.45130299516225186,0.24150155698995787,1.0,-0.0966001689736337,0.37485395404866356,0.23759108595423598,0.48955615216964177,0.38364796185013406,0.3318068736698132,-0.03305663297278194,0.4302314014879312,0.44255289112259216,-0.1758498504650834,0.34240219963433083,0.13326700197405494,0.357392269682961,-0.29757565915480827,0.29338280837042413,0.4317381640763566,0.38472350444423864,-0.0012591105769729784,0.13892206191924064,-0.08228834663956745,-0.10024930323055627,-0.43974197971893614,-0.1540971998995396,-0.156929357463427,0.30212675765913966,0.444979559106926,0.40418692830528885,-0.3772186860294346,-0.015627978634794128,0.0076964035412554095,-0.2713233792977209,-0.2368630063277837,0.3909741320565383,0.3346085125001687,0.32251058856197135,0.2961118897235682,0.14814426612735748,0.0028696422030037817,0.39915817653853636,-0.14424821432785248,0.56810601477033,-0.13877863651441677,0.10345159341100944,-0.11501262713776321,-0.308015909774907,-0.28725353782569074,0.01134981536076709,0.3835896517010952,-0.32160120811275517,0.25455301975320027,-0.07629725580454474,0.34323371524514634,0.4925322795119254,0.48691485644654997,0.276517242493081,0.5213546504500407,0.27260915080354403,0.37611421852925514,0.31759333887065616,-0.2271385519542271,-0.16148436091378152,0.1164987914813477,0.21596949465670295,0.5724738629213156,0.08320329377811486,0.03108607632311196,0.4673029126934571,0.1905827991139426,0.15025521108296988,0.01708226585856493,0.1321185492837814
SupraMarginal_R,0.27992200935754646,-0.2250362541393995,0.07676240628318926,-0.0966001689736337,1.0,0.16168964516668238,0.17020286856686476,0.16837105903195007,-0.16855961290690188,0.4660054881896614,0.49083120571143674,0.02872304389142582,-0.20212963282417004,0.3883579723687719,0.24395923014536192,0.49483205099678806,0.05053017420191293,0.5363144171111407,-0.06356968541577357,-0.31426223625502825,-0.14389912257448295,0.1298909159726604,0.2898400314163267,0.12002191452444005,0.40920090171723633,0.7174355864610795,0.80681111373494,0.6851139078891912,0.06919192922286567,-0.3076306785535511,-0.18539895370391304,0.6799474102558014,0.45665438583895146,0.344644359757041,0.4379384717809088,0.6022567610292288,0.053612375342815946,-0.002187613059845816,0.3295733008616042,0.005305523020198913,0.1940796540387758,-0.14373780380801937,-0.18924958727256383,0.5829831375632107,-0.21871284835419827,0.48451483351250074,0.39598231403873035,0.7302272586333993,0.775891525611307,0.6190668004275962,0.4296388576389382,-0.129564250919737,0.6035242712559735,0.11393501932498891,0.052797148400997924,0.2742680609984751,-0.39911779741235853,-0.24863835555329666,-0.017372873746184056,0.30474005349289884,0.04379003897692813,-0.14941505562085233,0.3823452258317171,0.3381788204765875,0.41800783817643294,-0.005908186084520848,-0.20110417573952008,0.1986216166876317,-0.03338603298102268,0.4222076432519741,-0.43875795466461914,-0.1961693267507766,-0.29316684240962637,0.12809364580852164,0.35474977754993525
Hippocampus_L,0.7269717031957879,0.317586016484005,0.677596848196923,0.37485395404866356,0.16168964516668238,1.0,0.27165125755724234,0.5689133663822551,0.09154605918035173,0.6106131359175944,0.6614052532171102,0.5225348164485702,0.21442827235293624,-0.1355929010577113,0.5410055645617858,0.7360910303918671,0.6926465397146813,0.0235710649418924,0.10194794142675653,0.3161252561163972,0.283033702890212,-0.055074945716723105,0.579373330387879,-0.32360644203895045,0.1813771055879178,-0.1242116760692254,0.378491802059147,0.4332344859299497,0.6380014283761837,0.555597403400475,0.5693608416237945,-0.20916967236273895,0.37144871592577006,0.22402833868634925,-0.22836382296402027,0.09824971887997244,0.7620829238765054,0.484567424444817,0.20861908070813243,0.7329237547532864,0.19564669825549288,-0.14391188443536984,0.2902224120693741,0.36545306917180354,0.5776188208390713,0.6235300832690013,0.7893011289440481,0.3621327635108563,-0.026907877801027276,0.24435318126764496,0.08941407036451302,0.2122155291241581,-0.045014258768183324,0.25283377169676047,-0.13599498349222253,0.5522179772561184,0.4025046464267986,0.23090703820174724,0.7312273050540079,0.48244419934328636,0.8466062795865703,0.6814308990422693,0.23942533764625848,-0.10332264590856052,-0.26381614663988,0.33783125354096505,0.04799202655004355,0.7871793516286375,-0.0031530524064056855,0.11185220302403462,0.4714218968153586,0.12458915969425158,-0.04771924923905833,0.5048184572257693,0.2759143549180537
Thal_LP_L,0.28641389584495625,0.22227115165791722,0.3812618090353524,0.23759108595423598,0.17020286856686476,0.27165125755724234,1.0,0.1410751369936346,0.26891282092262864,0.37663516343974257,0.3064895042551712,0.15101504568386,0.2506187000734811,0.24937052657507291,0.4204316531709374,0.36283868027016775,0.1935624094590757,0.07282339700719677,0.5257670414431245,0.2285124432924712,0.10025953104486957,0.23914695008557532,0.03778565667410277,0.35008440008143504,0.35917256355769445,-0.12232315883107468,-0.028900498436139312,0.265062553011601,0.46264186213475367,0.15294753119982787,0.32268746829047174,0.08755215809833355,0.3659559582426383,0.20357507830784635,0.1517793094200139,0.276496483514849,0.22810659187945764,0.12774567952156676,0.034007225845927726,0.25364240501168017,0.18963314973354076,0.009908549344987179,0.29443498647720606,0.1626040630051974,0.04353321531691269,0.17217523987278868,0.16687399801266103,0.33924779113932957,0.21630494888767512,-0.046384051567302485,0.4395081321048895,-0.017711682689988194,0.19125303448227185,0.17375570859922637,0.4584272358534429,0.4152300547206975,0.01365401095921324,0.22642471079215024,0.23231493231682582,0.34709900175652597,0.3919113953970639,0.3903149513711661,0.21359983479558056,0.32048126937701743,0.12690165542306753,0.12836567132999924,0.05001246208267223,0.38011505190981343,0.3145404388114347,0.5537010975475088,0.09834609261237155,0.09931669822017504,-0.3171458366244017,0.07557504271553417,-0.018595183005184462
Thal_VA_L,0.4920088277623967,0.38475368257664805,0.38785606604082007,0.48955615216964177,0.16837105903195007,0.5689133663822551,0.1410751369936346,1.0,0.2625933682093763,0.368494051608893,0.3540355503457016,0.5409358122226957,0.20138438741277515,-0.06448316640927172,0.4776951078800721,0.3881864139416266,0.39547640739778894,-0.07875683605419878,-0.1164166234401205,0.3035531237895735,0.31145273850958144,-0.22988983533393847,0.49297828546289507,-0.27515565497666206,-0.07328722867024681,-0.08681427225179657,0.2507348483455058,0.2339215849015379,0.3658118248771312,0.3626516575472397,0.4762822018728384,-0.18741675558995724,0.11086192950336117,0.03506250192927412,-0.31400745181053746,-0.049572423839604245,0.6230440430988733,0.4604736072744149,0.2750937390628322,0.40410968763907673,-0.03146442888860653,-0.22538345755679057,0.3611049379660022,0.24116450265032338,0.48991433898919357,0.42926106288827043,0.5044885457074275,0.13133859500123116,-0.09982347701907623,0.13143118282690341,0.01376748132081807,0.34092561503684543,-0.1916798759568369,0.3727678945491503,-0.0449451605220616,0.4788104770699848,0.21294939990977907,0.3007510082895705,0.43883410776307946,0.425093044059878,0.4891767123233245,0.38857811301415446,0.31813945301160573,-0.2222707459977657,-0.007178982336261054,0.28909697631538656,0.03732271733128707,0.6476969659281294,-0.014893529395387722,0.012643642896817697,0.45573188659617564,0.018214981133124426,0.04228801050668946,0.44845166018236216,0.26589351959420493
N_Acc_R,-0.08998001266565694,0.19622849902128692,0.27303491240922145,0.38364796185013406,-0.16855961290690188,0.09154605918035173,0.26891282092262864,0.2625933682093763,1.0,0.09266955886977508,-0.11475415042530115,0.30294519503933,0.18604408276609594,-0.061956414973139876,0.29759065335641394,-0.01694880572988446,0.06397846522267743,-0.3213386150530119,0.14101065383740227,0.4060690794774537,0.21185973731597205,0.0010615425262135306,0.047560405344778255,0.07049736275721728,-0.285777740436576,-0.4176164941275545,-0.25517636404602784,-0.24522278799855787,0.1991647737296354,0.2937877727607084,0.5686516054655464,-0.3459700115537245,0.11428407784941164,-0.06206607969022756,-0.3328964645548471,-0.3261850063841529,0.11747463348943535,0.22203619888397624,0.20784882477516972,0.3233201704618693,-0.14883156645991089,-0.07593006663538236,0.5577034969193414,-0.17719680266392282,0.31677856869162396,-0.21037750316775597,-0.0123551783993369,-0.32017321893997375,-0.35550479287664816,-0.45864311785340584,-0.19970792664189688,0.3069183556278647,-0.40995014779315136,0.2609050857990358,0.21820524433533586,-0.047416343325622654,0.27580289280525777,0.2236227525337711,0.3094950530989212,0.28542087787885084,0.10198364361502815,0.26911524325380054,0.006432730001432599,-0.17796728834745776,-0.020740680704271524,-0.11821502653006577,-0.014397598292425278,0.0975000593600682,-0.09266329734947239,0.25166291240921534,0.4023970104066165,0.20033834793660057,0.37240293901925525,-0.022619266438150862,-0.20048913208586727
Frontal_Inf_Oper_R,0.6158359503356082,0.11828257557593992,0.562319868944672,0.3318068736698132,0.4660054881896614,0.6106131359175944,0.37663516343974257,0.368494051608893,0.09266955886977508,1.0,0.5770141271593378,0.3191270568785307,0.08622925918158258,0.2807755818218033,0.5899840368470752,0.7339249070577767,0.26888543141943183,0.19581835807688078,0.4077491466038022,0.03300661117485625,0.08059068628502074,-0.01729364458153479,0.3081853690369361,-0.0045278839584222165,0.22280836047431613,0.12044493445843192,0.45893719699783986,0.4926901411239297,0.3918075190574759,0.13126980374919928,0.3939277180120039,0.17979632464997922,0.5581647369626926,0.30685381576770066,0.03448352379135107,0.3372736246037607,0.47659622566774645,0.19574931531331638,0.6046173421873684,0.4582383314873126,0.05632765046543441,-0.15516231271714992,0.2796763380450893,0.45915353737644216,0.20958106153427633,0.4975937995762806,0.666524286880264,0.5205781240138626,0.2835722665097706,0.21539524037925714,0.437559483192229,0.042845706665385064,0.12317229524367372,0.22380441868633835,0.17190166686181277,0.4596515365797592,-0.011457726386895862,0.12937365238208953,0.4111632902205967,0.7622643929579289,0.49780453238856026,0.2169458444501263,0.6530478095045691,0.16472856615088877,0.06351043660654954,0.209665147859757,-0.12684568991736514,0.6948311615078572,-0.04775086213879102,0.3934447808449081,0.1511922946097769,0.045458453953488964,-0.18909829752536145,0.2773455932198886,0.4720867741789959
Precuneus_L,0.7540773223247389,0.03570543036152767,0.5186665651626953,-0.03305663297278194,0.49083120571143674,0.6614052532171102,0.3064895042551712,0.3540355503457016,-0.11475415042530115,0.5770141271593378,1.0,0.2557060277089452,-0.004000036199962716,0.268727509759747,0.528148776309081,0.8482440077722232,0.3762583536444013,0.5666168948451498,0.08684916930688849,0.00516506503335169,-0.03608128990215886,0.09702210125666995,0.3687269726937006,-0.022320943372315494,0.3423239492115786,0.4339055322172349,0.5950741252994887,0.8853037397983865,0.6136195251424683,0.09946767423195818,0.25382308493403355,0.3839182706475462,0.5424195857646177,0.250512411570708,0.13770423318748604,0.45813860990689126,0.6616947892756625,0.27309168792303357,0.13882677598683885,0.4273786395346807,0.07905647129250007,-0.1785037651955541,0.08438167499850607,0.8107525159077055,0.19026133248777807,0.8314141930709311,0.7083576192864577,0.7213668389405846,0.5181168835937857,0.5542768502511645,0.4569008604240281,-0.11009597567661278,0.41130137744389356,0.2341644979580703,0.1539659523287618,0.5971162982222198,-0.1633992334084273,-0.010688997579287794,0.4255818305291739,0.3443594949940384,0.6785143926619763,0.39671344895470717,0.23668191675179118,0.31424419506541607,0.09599423534740963,0.3395420455324271,-0.2104574125389281,0.6063367716237713,0.028544211273477168,0.3211323479424037,0.026258059181433716,-0.144302140675138,-0.2902108933453364,0.4435725497183419,0.33661235818365115
Thal_MGN_L,0.4242055726710045,0.2373211454713303,0.446403350002621,0.4302314014879312,0.02872304389142582,0.5225348164485702,0.15101504568386,0.5409358122226957,0.30294519503933,0.3191270568785307,0.2557060277089452,1.0,0.11778085175796818,-0.10768714357190302,0.394116147514122,0.3760492789382195,0.3870572925599354,-0.14377640541219042,0.025763365322381403,0.3497581426758555,0.19285086058770334,-0.1753693852413725,0.47421112743821364,-0.22715493326259517,-0.1127219143441309,-0.22581143222586583,0.1287512342002456,0.11287204438908893,0.3900192969172403,0.40011457866460637,0.5109713223150655,-0.29277864092876854,0.18329739330837153,0.160183191802577,-0.312937147603075,-0.07949027560814986,0.527750580870662,0.3872799064367368,0.2543810485212249,0.4935273541310706,-0.06793491218288962,-0.13892111202795754,0.3223777833394676,0.1781938124386602,0.5410623474078511,0.2841332640066982,0.45350682437533996,0.047434165650825595,-0.21165644452379098,-0.0030838777101989874,-0.008068528277778467,0.18646389996062154,-0.2707606641127121,0.40119067775904044,-0.028619063847489638,0.41384967463751626,0.2925769877587197,0.35223661573297443,0.4503093194425508,0.3535588301376686,0.49021999415026535,0.4082173616536972,0.18075195601970925,-0.22809660273935717,-0.12462088306748371,0.17616917700122126,-0.0746976669623421,0.45457855282942466,0.06007923941410046,0.07402992915741542,0.40773915627436214,-0.02705529937469326,0.17641604676905137,0.24382077631619684,0.23168123127135182
Olfactory_L,0.18745327200856612,0.8480885316294531,0.11640658008356104,0.44255289112259216,-0.20212963282417004,0.21442827235293624,0.2506187000734811,0.20138438741277515,0.18604408276609594,0.08622925918158258,-0.004000036199962716,0.11778085175796818,1.0,-0.1838904952136486,0.24097901092532165,0.04083519520217303,0.17182036141409004,-0.29516994479856945,0.23949130978909422,0.29832608331138744,0.6984718551006444,0.12955734239149963,-0.0982956630042567,-0.17712683029622472,-0.08169426769944435,-0.37519722522333104,-0.1847634866052279,-0.13763963718240652,0.15328971943267775,0.29842207421861217,0.2629860469999155,-0.33473762996389095,-0.2472699080715978,-0.15417922359515868,-0.24534529914403308,-0.20565260511799816,0.28119684864954214,0.017719166260646055,0.0014244436922321614,0.15889662529604937,0.35101443757277573,0.41216510294966846,0.3390274134225654,-0.19359825330627142,0.29023689278055986,-0.07693723344477385,0.008211278733314334,-0.13524245213538189,-0.23718057289127956,-0.20218859502353417,-0.004623510953813015,0.6988117089445522,-0.23758465275898183,0.09090653272933266,-0.04612349809077674,0.3138232588580921,0.4629491805897737,0.28481522822351824,0.15417277061883944,0.347701607462322,0.302674792384825,0.4206465805138834,-0.060384070405346234,-0.23483836911435785,-0.17802139748542128,0.42969292628883626,0.3493413197999503,0.3431965288040918,0.24761073425585498,-0.23155568333358445,0.47002551287945127,0.12486676038769082,0.21139871003580038,0.04364485929812729,-0.07024497650138044
Cerebellum_8_R,0.09936079690826143,-0.16039770501498554,0.1297303769699869,-0.1758498504650834,0.3883579723687719,-0.1355929010577113,0.24937052657507291,-0.06448316640927172,-0.061956414973139876,0.2807755818218033,0.268727509759747,-0.10768714357190302,-0.1838904952136486,1.0,0.18413239517444818,0.267349852247718,-0.2283618886990461,0.355277207855677,0.20541155240146436,-0.3767139675917076,-0.13859538564264612,0.06680442854755475,-0.17358110201184895,0.38031945115393084,0.15758559146730008,0.36596797326668096,0.16411021791729483,0.36623525196585066,-0.06070203782443337,-0.4088830581155316,-0.03387942495125091,0.5227586358095189,0.4434882215935153,0.12617636918459324,0.3063863892704804,0.3840891942868829,-0.08997343337520293,-0.21503241179740973,0.08868940972478749,-0.13147419286341303,-0.18119222438607305,-0.26343557461542516,0.1523072622239839,0.47136646674882526,-0.30856367221841646,0.19945538207574656,0.026290520155318686,0.43231692049432624,0.45680817112318894,0.1817925411748399,0.5487720268460986,-0.25470105519715835,0.24883859303689582,-0.10148466289499879,0.5851103487099797,0.0985114011209774,-0.6018472032175699,-0.3016891493971578,-0.13060922625764243,0.16169489418514416,-0.08216581415583897,-0.3228687554281727,0.2549297017355675,0.4539837963323239,0.4430410876738732,-0.036300350637738905,-0.2842577387880582,0.017507452309415226,0.007768119614069853,0.4328735302898028,-0.2940589191911334,-0.01180026011958121,-0.2911441137530207,0.013935803640519984,0.159226647579548
Temporal_Sup_R,0.4964867380170057,0.3766824398054125,0.45344857290846424,0.34240219963433083,0.24395923014536192,0.5410055645617858,0.4204316531709374,0.4776951078800721,0.29759065335641394,0.5899840368470752,0.528148776309081,0.394116147514122,0.24097901092532165,0.18413239517444818,1.0,0.5669085308445926,0.23912578908519047,0.03158715514943283,0.37351648621765177,0.20232412905032185,0.268703131944896,-0.10645171134249526,0.1732109205504469,-0.05930898639098432,0.025386522496818907,-0.12267596243910892,0.13404259972008511,0.3854142920865637,0.3870922890959023,0.21517789451276947,0.6862334074273404,-0.003082954701807363,0.2943698118985326,0.016972725898053806,-0.19976638428407056,0.15521471278610469,0.5448534698924404,0.2615384002076087,0.23473009160709615,0.39957916313473013,-0.14534376111191552,-0.12355913208271654,0.6175786949675088,0.3898602608861846,0.28924482297159854,0.370576356596822,0.4126078979615266,0.2830565936322614,0.08918998600205405,-0.031085798074426112,0.2930409626943922,0.1859600323540807,-0.08109214486721708,0.13092122169974593,0.39173753874360134,0.3695021617215801,0.010442069691815124,0.2975160824430445,0.38919019511511577,0.7260734858558504,0.6012657592586594,0.32125873149215467,0.33751701394132133,-0.05385460919561311,0.00904418944170415,0.2789275769427856,-0.17414235448862012,0.6484501425442606,-0.05161072509848788,0.33972098123802225,0.4783513309258612,0.15090913345136212,-0.0331057525808995,0.3200631235890519,0.2828355322596568
Cerebellum_3_R,0.7615298605033868,0.09825965855255685,0.6652621897757182,0.13326700197405494,0.49483205099678806,0.7360910303918671,0.36283868027016775,0.3881864139416266,-0.01694880572988446,0.7339249070577767,0.8482440077722232,0.3760492789382195,0.04083519520217303,0.267349852247718,0.5669085308445926,1.0,0.487192409656688,0.3361535595025132,0.1255323454857077,-0.0631891468279697,0.03170635367690784,0.06889517051913112,0.322589518217574,0.028537881057669478,0.24350816527162325,0.2921509582397956,0.6009890407681282,0.709402784732227,0.491219626275207,0.17457822958357216,0.4195184271089061,0.2186265905186454,0.6652966424383246,0.2501320171702108,0.005450911964797458,0.3377726363960759,0.6213689530916804,0.2124908552578829,0.26406736152330745,0.5142645492861208,0.045022933905517586,-0.20079712292930438,0.2250132106718782,0.6906792641470878,0.2622676243872592,0.7277457097859243,0.7465557624363814,0.6508628661185976,0.38093319912575374,0.4580592889432564,0.4791545009148918,-0.04852544565196125,0.21483847566716696,0.24303543325237134,0.08705216390203117,0.5714234414888374,-0.06322114564897324,-0.023255927102660428,0.5036490661610903,0.5538779114697432,0.6645136525195304,0.3528980104973402,0.35778414478225873,0.17139838573860045,-0.0008627804809948877,0.2637310123281061,-0.24052607283571661,0.7131181466011414,-0.04857052166390868,0.3512542032516948,0.1756589540485087,-0.03219124566565029,-0.2261923651799377,0.4267615443405253,0.37886910683473113
ParaHippocampal_L,0.49672315833936337,0.22030510092939387,0.38738874538733226,0.357392269682961,0.05053017420191293,0.6926465397146813,0.1935624094590757,0.39547640739778894,0.06397846522267743,0.26888543141943183,0.3762583536444013,0.3870572925599354,0.17182036141409004,-0.2283618886990461,0.23912578908519047,0.487192409656688,1.0,-0.07438258872668632,-0.10514341714319629,0.2578854080961712,0.36908222945874086,0.08215424403148762,0.3071422575228328,-0.2522389391776822,0.12509120129214765,-0.1250867606762099,0.2562972360166188,0.2382401429456078,0.4349661134257693,0.5422134957184676,0.41792821770407274,-0.2919535293427359,0.1832295115720544,0.12158803558553506,-0.22347969523142505,-0.06957651243522442,0.4969298229353181,0.37733783468046433,-0.12166482391907028,0.467104511725382,0.16693066484424815,0.03489980819624858,0.07301643029076947,0.1433646588329417,0.46125689768836226,0.3611689726438867,0.4995199211797705,0.16554722385581755,-0.10723331044731421,0.2219148088067263,0.017055642839024044,0.2354463015301683,-0.05931072050885223,0.12855494702991058,-0.28908603386182696,0.43319627584366466,0.5157268221547201,0.1015817602383089,0.5135807759639738,0.26892278478119813,0.5526644404970081,0.5518907305353082,-0.04570689366950452,-0.17543418789252727,-0.2046526988093711,0.29070843665112805,-0.003833351628948977,0.5614941880298531,0.0649843977685997,-0.007081859931224833,0.39183405438905844,0.0793768579231886,-0.12137244867978289,0.28925865439695797,0.05893732872622607
Angular_L,0.15197011867801327,-0.37125390200342795,0.008603343391394956,-0.29757565915480827,0.5363144171111407,0.0235710649418924,0.07282339700719677,-0.07875683605419878,-0.3213386150530119,0.19581835807688078,0.5666168948451498,-0.14377640541219042,-0.29516994479856945,0.355277207855677,0.03158715514943283,0.3361535595025132,-0.07438258872668632,1.0,0.17272622423581951,-0.10002034645524134,-0.33822507246245753,0.07547169540018547,0.2092416015608683,0.19596506218099596,0.5982097305839162,0.6755347398635162,0.3832320546756763,0.7410661125638036,0.2809177480779789,-0.3844886456305489,-0.31775729193081237,0.83065482177443,0.33287330942600657,0.4296438995662037,0.7296971068373801,0.7500919671908893,-0.014448912419355309,0.12368903792970103,0.13814089891477854,-0.012836491702231428,0.25783550510355147,-0.11076503701402368,-0.34042149897870655,0.7628849297829456,-0.26097542980808114,0.4062416969796439,0.20638975758503833,0.7481905743572602,0.8101439587662942,0.53836369983366,0.29941720540319283,-0.3716904326624221,0.8360758892134751,0.07799261157860417,0.24617151828604966,0.17890742807514948,-0.4844783597393871,-0.2252430551248867,-0.046162653465312974,-0.18177303027416652,0.06314566447210364,-0.08402771961179843,0.23864489685106446,0.6564679358573945,0.45130334953052303,0.09974697237170697,-0.08745810430516093,-0.019516894214574115,0.13857068567981626,0.40618373774866734,-0.6167920881713567,-0.21941763384794988,-0.3739098325916205,0.06431446967399895,0.23349488961247988
Insula_R,0.0062269917564989645,0.1901829992748656,0.27039842600571945,0.29338280837042413,-0.06356968541577357,0.10194794142675653,0.5257670414431245,-0.1164166234401205,0.14101065383740227,0.4077491466038022,0.08684916930688849,0.025763365322381403,0.23949130978909422,0.20541155240146436,0.37351648621765177,0.1255323454857077,-0.10514341714319629,0.17272622423581951,1.0,0.28039467865119955,-0.05198293920640529,-0.0006821926106411813,-0.0929983093126519,0.21815489978091923,0.3183641878375505,-0.23569334229527103,-0.32227227755255616,0.08146192794828948,0.21042410499000413,0.044903037125179165,0.23777479437050256,0.12664519642292293,0.19658148487637775,0.24041908551818833,0.26186412184130975,0.31446401766734033,-0.019996606043448835,0.07218368548803947,0.32070975857334627,0.20261622140968857,0.1765704038966818,0.02424941783465755,0.3670441065807431,0.13565995686262133,0.009075391906589856,-0.09783451390984577,-0.04587097964518902,0.19289918646025647,0.10574453212908898,-0.3170903977719856,0.323512578093383,-0.14621868767332455,0.13882712304645017,0.13369641395499882,0.5074213454668371,0.21192705927186414,-0.0027335175164632484,0.2640570013241055,0.1514631353455164,0.33936625792612624,0.22380474666540803,0.18450400694410432,0.4562216103053692,0.3017166666778847,0.07634868146102439,0.0657887192704162,0.08168843796435929,0.15685843215372042,0.4420297254808801,0.5138446951621263,0.008801942247255008,0.0904574548550501,-0.27000594268850725,-0.0915017903339785,0.10516861637863824
Thal_VPL_R,-0.0005645314850369096,0.3453863826781322,0.2582046478981094,0.4317381640763566,-0.31426223625502825,0.3161252561163972,0.2285124432924712,0.3035531237895735,0.4060690794774537,0.03300661117485625,0.00516506503335169,0.3497581426758555,0.29832608331138744,-0.3767139675917076,0.20232412905032185,-0.0631891468279697,0.2578854080961712,-0.10002034645524134,0.28039467865119955,1.0,0.26344635113967185,-0.009465245398979326,0.2450311666599759,-0.10615535293841011,0.08301004104264713,-0.5752326189796764,-0.3644136448566346,-0.11495428230639952,0.4960453996916416,0.5906226783729829,0.37429585140836524,-0.41001489395262414,-0.13335201538687338,0.06422869452011236,-0.11116364648276678,-0.10987179419394384,0.2617901649905672,0.6077262426026839,0.1177166370669037,0.4856493971197043,0.23647705202728583,0.014453248926782531,0.26327055497310475,-0.07877753328941546,0.6113335137980483,-0.0558053334256498,0.11435754243994135,-0.22808973757622805,-0.37091770460293005,-0.3466434188238624,-0.41376051498844674,0.27031720033717943,-0.1816808322267332,0.14688793682019172,0.055143093723402314,0.010112574637506998,0.53861685657049,0.7185788855897572,0.48625303320954466,0.009797368960556031,0.3969185596140787,0.6559000551457445,-0.0637909785880224,-0.034805676570168725,-0.2862922790766334,0.18401925702938499,0.31463654898762167,0.20904611173482218,0.15779446369400946,-0.014802328960130917,0.41130418073720737,0.18101715903791296,0.24012973295953577,0.11575422969108078,-0.04219336405576917
OFCmed_L,0.17554687552330703,0.6801406044318565,0.027599065510061548,0.38472350444423864,-0.14389912257448295,0.283033702890212,0.10025953104486957,0.31145273850958144,0.21185973731597205,0.08059068628502074,-0.03608128990215886,0.19285086058770334,0.6984718551006444,-0.13859538564264612,0.268703131944896,0.03170635367690784,0.36908222945874086,-0.33822507246245753,-0.05198293920640529,0.26344635113967185,1.0,0.03614514116779516,0.04503797248266513,-0.3111016471422495,-0.12214986710363103,-0.39860579344260616,-0.13052223994252662,-0.1787262736538474,0.12195595612729088,0.29751376607536195,0.4029265939459927,-0.3645152570542288,-0.27627354152507794,-0.17600444173363133,-0.30555159739862625,-0.2644851063178874,0.27789960500596933,0.1334177924298317,-0.07429826920244653,0.19381769357845635,0.19601127875608695,0.3302276141764036,0.3821822139190155,-0.19951692070817023,0.2894885137964351,-0.05708159179047275,0.06471212081173852,-0.17598287661206957,-0.30473236815354426,-0.17678976769927698,-0.20375327013993078,0.8528670581177875,-0.3269531395304079,-0.08903252194886503,-0.06647853662957633,0.10426891043422536,0.48518926543163565,0.20749965021692074,0.21183664250725132,0.3688004102042993,0.2709369607292597,0.3061086509010689,-0.14742374985939563,-0.32535048835431807,-0.09409512122612226,0.3892989621428096,0.3006097122012795,0.3684420264106561,-0.12283722853754708,-0.32846170520665147,0.5719366772671719,0.38026593361368927,0.31609312133493,0.09498399059496983,-0.0959496002605784
Vermis_8,0.10647432335444176,-0.04860073015499816,-0.10514684787048936,-0.0012591105769729784,0.1298909159726604,-0.055074945716723105,0.23914695008557532,-0.22988983533393847,0.0010615425262135306,-0.01729364458153479,0.09702210125666995,-0.1753693852413725,0.12955734239149963,0.06680442854755475,-0.10645171134249526,0.06889517051913112,0.08215424403148762,0.07547169540018547,-0.0006821926106411813,-0.009465245398979326,0.03614514116779516,1.0,-0.1455061260305427,0.35635483309419597,0.3321708535892849,0.0540773810622823,0.007746536264502037,0.06900944974708992,0.14426106083699042,0.020797986907080856,-0.2450417218465478,0.11422227941571478,0.18711136959943603,0.07703998331659243,0.2604664977963834,0.103476212424057,-0.04959117984026903,-0.15167823916138445,-0.021464042673612977,-0.08154648377908502,0.3723768933151105,0.24053339542616287,-0.2521037285544726,-0.11130514879870114,-0.1958259760475748,-0.08619320805952771,-0.15419934037203709,0.10452940536720033,0.22678945167802947,0.07448802263144969,0.15333614554096453,0.08608951130700963,0.2789853141411941,-0.08670554497315747,0.05257044921045179,0.012911926970602039,0.039154575933279014,0.019466827515121063,-0.02476551761050009,0.005896321171692796,0.012678895704384043,-0.01469794500184697,-0.06647049835025737,0.3781536224013824,0.024160514751270266,0.06357133567428395,0.26589334599526365,0.11183397572708968,-0.04561522901045085,0.04191347181284412,-0.2007678681986934,0.1710225010268671,0.029425866532246634,-0.3007929230198964,-0.11035006498046407
Thal_LGN_L,0.3486390560282484,-0.01970870722906737,0.23414287051601548,0.13892206191924064,0.2898400314163267,0.579373330387879,0.03778565667410277,0.49297828546289507,0.047560405344778255,0.3081853690369361,0.3687269726937006,0.47421112743821364,-0.0982956630042567,-0.17358110201184895,0.1732109205504469,0.322589518217574,0.3071422575228328,0.2092416015608683,-0.0929983093126519,0.2450311666599759,0.04503797248266513,-0.1455061260305427,1.0,-0.30954959084740447,0.3569440927110592,0.07364250813542225,0.37004754903672876,0.3218948383755047,0.4942174013939349,0.2022296185944269,0.11787329949564404,0.06846380566220213,0.1267490410531491,0.3986690516396653,0.1109011682985636,0.3319697171786409,0.40338192101052023,0.43773123249034124,0.3395442143253943,0.4463722092052891,0.3087426095314099,-0.11992179932747185,-0.08877698037693177,0.2301597793692564,0.32918650244389125,0.43146048153681066,0.5507842220887943,0.4040639397980017,0.15328990698356648,0.37363447385503407,-0.13186833611335552,0.1447067613815729,0.23347270485673843,0.3765597354852597,-0.12925700781075414,0.3287571809118119,0.1640062585270543,0.12445620541261192,0.4338908563290306,0.05922320426629864,0.4559158440319564,0.3997266212924783,0.2571969491655512,0.025306610766263716,0.09495142440332492,0.1259093228696817,0.23917346260300337,0.32728436524083476,-0.013114937471481675,0.10873956848168,-0.019489804434741537,-0.03781655287471841,-0.0002305808313634385,0.32175437748325003,0.2412799260272162
VTA_L,-0.09935176152330079,-0.2083198481097911,0.04159608882682909,-0.08228834663956745,0.12002191452444005,-0.32360644203895045,0.35008440008143504,-0.27515565497666206,0.07049736275721728,-0.0045278839584222165,-0.022320943372315494,-0.22715493326259517,-0.17712683029622472,0.38031945115393084,-0.05930898639098432,0.028537881057669478,-0.2522389391776822,0.19596506218099596,0.21815489978091923,-0.10615535293841011,-0.3111016471422495,0.35635483309419597,-0.30954959084740447,1.0,0.13771044231938645,0.19028284882728544,-0.0800611634971909,0.10774285504116757,-0.03480102061997711,-0.19054821531035693,-0.19532094684099954,0.3237022333296097,0.3628123306637824,0.08043312438408422,0.3208807739197467,0.19279464842904057,-0.2654762499856536,-0.21018267180120465,0.05590842414504312,-0.12813342993412186,-0.02351172331726367,-0.11276463096978373,-0.032162225135881926,0.06228863965926839,-0.31676507945760546,-0.16219742556230385,-0.2522405491465412,0.15837543543720078,0.3138722205140692,-0.024445248067086305,0.30970335971504387,-0.3825635852223314,0.24613780742322844,-0.021160066893006906,0.40143960591381517,-0.14504437589341418,-0.44575593687488874,-0.08286791541017437,-0.18641402825439754,-0.05953758411781564,-0.24017835716677974,-0.24136189008765807,0.09762356912439983,0.4806691194407971,0.19495923845348587,-0.24904855958279135,-0.1175100136644202,-0.091966291308571,-0.051713432391834346,0.35724704714678646,-0.30302683256104385,-0.005307642913567321,-0.12370291821549959,-0.19275195120642033,-0.1490627200162541
Vermis_6,0.08046741130418121,-0.20013290697916103,-0.006609657426288665,-0.10024930323055627,0.40920090171723633,0.1813771055879178,0.35917256355769445,-0.07328722867024681,-0.285777740436576,0.22280836047431613,0.3423239492115786,-0.1127219143441309,-0.08169426769944435,0.15758559146730008,0.025386522496818907,0.24350816527162325,0.12509120129214765,0.5982097305839162,0.3183641878375505,0.08301004104264713,-0.12214986710363103,0.3321708535892849,0.3569440927110592,0.13771044231938645,1.0,0.24132888771016056,0.17980625522895097,0.4641024930019976,0.38993260699308246,-0.1397624651561257,-0.2828528881978875,0.5374097249988511,0.24795752414384725,0.564615434315076,0.8278086611295022,0.7901599611665465,-0.06735367718587822,0.11974710849689593,0.05258985809728082,0.12153345463602833,0.5636836739087105,0.09502044322174048,-0.3302847920784774,0.30721811644521096,-0.22608044663602064,0.22324558871276487,0.17086062674710706,0.6850663402171939,0.6229584389166539,0.36521150076585096,0.190958199239572,-0.13716474165311776,0.7942044294613685,0.011846788049306809,0.2674412722889527,0.1832592106334262,-0.15084779585196073,-0.031708072588058266,0.03739066850092757,-0.11914160780126054,0.2532729690107826,0.1195927232654304,0.1742975960262443,0.7184494939319103,0.34722649065791605,0.17351154297184185,0.30064620402812575,0.09886659222702283,0.2316444491666153,0.3977863312960608,-0.5358530754824722,-0.010729156235441174,-0.41896443191835103,-0.061321329640733425,0.11170924936555517
Parietal_Sup_R,0.17636928046175304,-0.45199623723844945,-0.10052625126444033,-0.43974197971893614,0.7174355864610795,-0.1242116760692254,-0.12232315883107468,-0.08681427225179657,-0.4176164941275545,0.12044493445843192,0.4339055322172349,-0.22581143222586583,-0.37519722522333104,0.36596797326668096,-0.12267596243910892,0.2921509582397956,-0.1250867606762099,0.6755347398635162,-0.23569334229527103,-0.5752326189796764,-0.39860579344260616,0.0540773810622823,0.07364250813542225,0.19028284882728544,0.24132888771016056,1.0,0.7396499733942935,0.6697422668031989,-0.12731862684676548,-0.4818188862942471,-0.48028492556422875,0.7869460554009675,0.32343078480016624,0.24983060695007003,0.4392509532825165,0.5126994708037362,-0.10066822656758176,-0.18458977071484073,0.07807390398494526,-0.25895572438642644,0.058842376667087325,-0.14834381672061345,-0.46752561202940596,0.568839776215346,-0.42992683781576796,0.44782403843696367,0.21291123287475736,0.6534491452195997,0.8060779877518371,0.7449651208769503,0.4455495330206448,-0.38192024632499744,0.6813426936627279,0.0724863427420485,-0.09337707927506106,0.20207348459186375,-0.5665720930568974,-0.5486113164022074,-0.260560370455369,-0.0911243567901218,-0.2032976897444321,-0.3697556160525793,0.21912461076705306,0.3252857355570493,0.43288194584587447,-0.0965860504100149,-0.30660217926614997,-0.10667659882556951,0.008700918514694898,0.23683201643374524,-0.6515699300843171,-0.33436711800219354,-0.3753015639733222,0.06356273687275692,0.28852639488618365
