,Temporal_Inf_R,Frontal_Med_Orb_L,Cingulate_Post_L,ACC_sub_R,Insula_R,Frontal_Mid_2_L,SupraMarginal_L,Thal_MDl_L,Angular_L,Cerebellum_6_R,Thal_LGN_R,Pallidum_R,Pallidum_L,VTA_L,Cerebellum_3_L,SN_pc_R,Amygdala_L,Calcarine_R,Olfactory_L,Supp_Motor_Area_R,Thal_VA_R,Lingual_R,Precuneus_R,Calcarine_L,Temporal_Mid_R,Thal_PuI_L,Cerebellum_4_5_R,Occipital_Mid_R,Thal_MDl_R,Rectus_R,Frontal_Mid_2_R,Cuneus_R,ACC_pre_R,Thal_VL_L,Frontal_Inf_Tri_L,Thal_PuL_R,Thal_PuI_R,Cerebellum_10_L,Cerebellum_Crus1_L,OFCant_L,Thal_MDm_R,Precentral_R,Cingulate_Mid_L,Rolandic_Oper_L,Frontal_Inf_Tri_R,Temporal_Pole_Mid_R,Frontal_Sup_Medial_L,Postcentral_L,Thal_VPL_R,Occipital_Sup_L,Vermis_7,Olfactory_R,Precentral_L,Temporal_Mid_L,Vermis_10,VTA_R,SN_pc_L,Caudate_L,Frontal_Sup_2_R,Temporal_Pole_Sup_R,Cerebellum_4_5_L,Thal_VL_R,Occipital_Sup_R,ParaHippocampal_R,Supp_Motor_Area_L,Cerebellum_6_L,Thal_VA_L,OFCpost_L,Thal_PuL_L,Frontal_Sup_Medial_R,Thal_IL_R,Occipital_Mid_L,Frontal_Inf_Oper_L,Thal_MGN_L,Hippocampus_R,Thal_MDm_L,N_Acc_L,Cerebellum_Crus1_R,Thal_LP_L,Vermis_3,Frontal_Sup_2_L,Temporal_Sup_L,Cingulate_Mid_R,Occipital_Inf_R,Putamen_L,Vermis_6,SN_pr_L,SupraMarginal_R,Raphe_D,N_Acc_R,OFCmed_L,Fusiform_L,Vermis_9,ACC_sup_L,Fusiform_R,Vermis_8,Thal_LGN_L,Rolandic_Oper_R,Paracentral_Lobule_R,Cerebellum_8_L,Parietal_Sup_L,LC_L,OFCpost_R,OFClat_R,Cingulate_Post_R,OFClat_L,Cerebellum_9_L,Temporal_Pole_Mid_L,Postcentral_R,Thal_PuA_R
Temporal_Inf_R,1.0,-0.14114153043404357,0.24239920336915435,0.11326848739819025,-0.10485386239180881,0.2676257549160991,0.37028935608080227,0.02918280473707118,0.46741143389377243,0.2531111536034989,0.10642682724549554,0.07731022223234141,0.1361971765399727,0.3294112722819527,0.2664840722984495,-0.24532168602680582,-0.06552452768926295,0.24835109742477393,0.016036638693506477,0.13924834148856155,0.19742963060521837,0.21743896751683214,0.3005631144600798,0.5017084987181227,0.5169447640167877,0.21805928909132163,0.1271549827441416,0.4829301108077648,-0.13476766316986646,-0.1279296696239198,0.05201941706032124,0.5230365651356411,0.15928441009600144,0.20748528199372093,0.2744807028962103,-0.18061356566969086,-0.01178132773357837,-0.1842461809181908,0.258904215270998,0.22268377749811455,0.062358981119738144,0.11625693982204319,0.16921759130034625,0.06567089482097653,-0.019769645462800682,-0.24945019849678382,0.17615237951298618,0.350784549536229,0.002708240527062502,0.4298908068742357,0.18852272326949512,-0.12703718500664055,0.35705354920345445,0.3455911843249945,0.22156082142878897,0.30255021864780646,0.3687015685490688,0.11321879040110593,0.008447927035120189,0.05787128801198089,0.2193357133705771,0.11877768537833784,0.46494964669704697,-0.01024560226982808,0.20158486789488592,0.29552636644466007,0.08138604353105289,-0.05790316909152514,0.22473838627122172,0.07264681499415757,0.3554073416120803,0.43954991618554806,0.3739399897054002,0.25845841238496875,0.001540636356132713,0.11398835958717628,0.29472264086325634,0.30398139145944386,0.14243936162516022,0.2417414675053142,0.2546334256628121,0.09863687242714624,0.08236813207629871,0.4909857483495561,0.14666184441155852,0.11015869142248522,0.19576579405920064,0.06805082270397064,-0.07683721294400453,0.06084282663646512,-0.20587109988163785,0.3273529545973267,0.1970590000686867,0.26944728462470885,0.11400349968499505,0.10305376038428768,0.1412235722079907,-0.08465128804587473,0.06211371770923061,0.06960291860035518,0.4531797564686235,0.14815609431244747,0.12224339417048011,-0.05887563090160608,0.09437156220844937,-0.0004178772907485726,0.10237221592311234,-0.039999967784190675,0.07709628770338309,0.18371417845074428
Frontal_Med_Orb_L,-0.14114153043404357,1.0,-0.1224765685976696,0.01999865553857438,0.15940678639831066,0.1281267305103504,-0.2161812600508778,0.006603019796685687,-0.20908579481787815,-0.3106269983573239,-0.13832472652566327,-0.09739153367966288,-0.1617854324092733,-0.2950985351720804,-0.2715321770338525,0.1625293157315155,0.4363377685507349,-0.2947378242333711,0.45141005771164977,-0.132836558564408,-0.38942826939742026,-0.22207068000282607,-0.14941551602225692,-0.3273027890958368,-0.14315250502445664,0.0406595388416503,-0.027451090265790914,0.0017198440180428189,0.13583381648926623,0.2596801147694005,0.09466839075137737,-0.0739045095398088,0.0987063721745996,-0.3328296944160093,-0.06350019170457455,0.04766341288256459,0.0025040327279129623,0.35950184798431944,0.09521027909894131,0.2909382750572239,-0.3478917123140162,-0.11881050066703198,-0.012591681348749172,0.14809822651596938,-0.02301621380932289,0.3742156914650309,0.18182616019810596,-0.16527451268027687,-0.16253383852673042,-0.002848142531195527,-0.018475793331515347,0.28406080046329957,-0.1273171528431194,-0.07719595081600195,-0.15071529324995078,-0.2947668590127196,-0.12955361171585314,0.12485409685523796,0.10315231719653216,-0.12972873144064934,-0.11281041975744564,-0.4490582684080928,0.010459271570854078,0.21561977517796319,-0.07893460140533004,0.017203588152056293,-0.22589803511120612,0.24884380627311517,0.08106657512303561,0.21402588528780053,-0.11224912273293669,-0.05027854107180586,-0.2076011221830004,0.060497087915931363,0.2069461232475902,0.0027403627181239875,-0.47849071511929936,0.15460453315765885,-0.1222589096555881,-0.22787205503736563,0.23048221858846613,0.08209338575829198,-0.041096549274083384,-0.005793274471897672,-0.14543831324644696,0.2336378956279738,-0.17008568050881787,-0.20264591549940694,0.09459123923791282,-0.23219796767102188,0.41408915811141206,0.10142486314964975,-0.23013079128610844,-0.10776082135248886,0.06436416481548717,-0.18195976787964593,-0.22027209074822177,-0.028634674035609237,-0.18050584090886573,0.31285944871558274,0.005330255764797298,0.24080506556327613,0.09379457793315421,0.2896588505704335,0.003147428599727285,0.2175481940978304,-0.23975694947760529,0.19413155852353348,-0.20011796773146898,-0.17614379742818512
Cingulate_Post_L,0.24239920336915435,-0.1224765685976696,1.0,0.4802948555863447,0.25328764198814135,0.559050515577897,0.6853525652748802,0.46729680392880024,0.3899046718005537,0.4062167693999883,0.2668517005764743,0.3855738390908694,0.4298683489689084,0.4286166888733787,0.6086578971713488,0.19236889501916626,-0.13613113015654987,0.46705211352108417,-0.009094215683485962,0.6086908765641753,0.5940984492333566,0.22156609913530417,0.560865638839008,0.384576663331511,0.11044810202090137,0.35924343855362256,0.5715320135831647,-0.07166883779752707,0.41653141672814675,-0.2002633388205105,0.6123644929485804,0.1294652412062874,0.41533664891296895,0.6966638371739959,0.6289514548774903,0.4648278394126401,0.49576723383593363,-0.03549878308112185,0.3961827659711246,0.2657551199593931,0.584696631724028,0.6318519353099392,0.8335262432105471,0.2838099580414658,0.557205088187524,-0.13404945677816765,0.44017635165658187,0.7316518811314225,0.6305804525751099,-0.06149084377039152,0.01529856700890458,-0.0640954719061495,0.78387259756731,0.16851622131425578,0.37330946918132446,0.19066934821931897,0.3659856270533095,0.3847051923576384,0.5438540715507819,0.3785602548694757,0.647172751636547,0.4781210875774687,-0.0968907685044701,0.49349661813183,0.774313948708897,0.5273878666075914,0.5291499232445671,0.0571250001358286,0.4164863533410051,0.3682383670481534,0.5717469193666516,-0.05168516945646007,0.7084931025012156,0.5286630839418917,0.5211597391678535,0.573918906737019,0.49268588326790397,0.15665944877857715,0.3464107755707886,0.41862045100659767,0.5437245065757665,0.29454486437891597,0.7707333611891473,-0.03129452081894308,0.511990612376233,0.12444786926468222,0.48297037199844095,0.3904462168542214,-0.18738194339668895,0.1223741780976979,-0.23028866870359782,0.2851180948594173,0.3393892443071378,0.6481202674760066,0.37581435440399774,0.4648348928207384,0.42301485306425507,0.5049035144134293,0.34439715662067294,0.4038021938714855,-0.05399842250012503,0.19386274417361857,0.3346071216172718,0.2444171387240594,0.7691834341176169,0.10647044685686333,0.2602205791319108,0.13754692436510468,0.490835481350711,0.6295658177097767
ACC_sub_R,0.11326848739819025,0.01999865553857438,0.4802948555863447,1.0,0.18293418644248433,0.4730585328895202,0.3683431275862234,0.20550215570555275,0.08663401088955089,0.04047598971554665,0.12606498650640385,0.29207808253333917,0.3392219157018487,0.2987901615247147,0.331119501191992,0.06244872304556257,0.12960893249076708,0.05959994712771007,-0.00962247843430492,0.4825169726008551,0.4131047306704992,-0.015886487466351403,0.27951946601042527,-0.012389786550711207,-0.017772011367884734,0.29063636843498053,0.3749665150669119,-0.148483112747256,0.3044704812033133,-0.02752338794459546,0.5242710143216915,-0.16923346305293868,0.3513940894075223,0.4572783728413121,0.4513135838553866,0.33484359641075745,0.36226607046557424,0.14079831672906112,0.25990831831515465,0.37116775627611115,0.5331975446349133,0.5227095555870348,0.5492924312241267,0.19037064576324939,0.47584458184033734,-0.013272946141770532,0.4268514971128455,0.45742428865980744,0.45925907723736736,-0.17015566458538117,-0.06438448866053705,0.03398159450368418,0.6135975900826054,-0.13869263134921994,0.0610053272431351,0.25698579272553906,0.3066243109069368,0.4400653701796754,0.559956844415576,0.11882352264348459,0.42474929526724825,0.284706426546066,-0.1954329405471838,0.3499482045284122,0.6011029412490939,0.35156868762921806,0.24322546152333432,0.1161171718490692,0.1506251401743662,0.3495773883624231,0.4796850620878657,-0.18319176064303097,0.44371164349909414,0.413669092664183,0.4957736547644102,0.5667607893642311,0.27641619668179257,0.14123069174331193,0.18537599516898093,0.06510786838775312,0.4519157289325434,0.12054696284392864,0.6011367541875452,-0.18986126126328898,0.5087551913680493,0.1413820856664161,0.37430928489915133,0.25573442000338226,0.05291040726905092,0.09710642753415183,-0.12842076040541062,0.19911034858589488,0.04251321983004761,0.6429932407150069,0.1404885353309468,0.16724638203287595,0.38502768289068473,0.35594766411425,0.17797767543426285,0.3606221311904649,-0.14715087064878976,0.26232804320205666,0.2706362504675855,0.38510791169046305,0.5284461038069489,0.324774569104148,0.016343631728493603,0.12694658142083365,0.40082276134936434,0.5518248593714271
Insula_R,-0.10485386239180881,0.15940678639831066,0.25328764198814135,0.18293418644248433,1.0,0.6013307065759184,0.013226957576139675,0.3727563919483655,-0.34985566388133815,0.03924903530708637,0.31079537215807956,0.40863787635518894,0.43160601093210854,0.12667818579532195,0.1103744050372661,0.5363288026646083,0.36988711829297355,0.39436259274870955,0.5808623178755317,0.007301616217218562,0.37857582901924464,0.32040236458322063,-0.28270696382877025,0.041157247245611435,-0.17410940032191138,0.29054010358215315,0.2643263135928105,-0.3240781898214088,0.26224047567543785,0.5888350122715974,0.6714485865444081,-0.31435371985517824,0.6446342598620213,0.399274287338835,0.5035997664720906,0.5506349083495289,0.3472937058848919,0.5293645414784339,0.23854844735207117,0.2630654124050159,0.12830908739896454,-0.09001725366836578,0.41566998730729743,0.6560038493207024,0.6795742904729483,0.6371979474387397,0.6369299829698952,-0.14550465319863326,0.4093429876460649,-0.3647806617763949,0.0756946100084497,0.5750996666839744,0.14258962608991663,0.3446925180758252,0.5753293149025561,-0.3655902229441144,-0.017406612755463832,0.6950970886437611,0.6502069213785296,0.7459127227268965,0.308270964430189,0.20835232606291335,-0.3444490145297697,0.4930341951442708,0.264003720174012,0.2125782446452415,0.3134276929230514,0.6081840302088046,0.31004895289858336,0.754140582483184,-0.03267876409208194,-0.44974838880757323,0.43401990054779244,0.2823415949136844,0.5231464234261327,0.3928710250672452,0.1569965868822388,-0.29809378414638593,0.06377249417867582,0.06795574565853386,0.5941805913506059,0.57984172653403,0.4873267628634959,-0.30748055170491895,0.5130103187561073,0.07634946658594924,0.36892945741002264,-0.3096052357256849,-0.1283609264926942,0.08916773569758987,0.5587148068168286,0.04696017298867274,0.3988984796336541,0.47760519510900395,0.39520521617168897,0.26919004233921645,-0.28406547340121047,0.781504081126029,-0.3659369543490235,0.6626668537758141,-0.4886862999177977,-0.0849389496320691,0.5024319909229048,0.6114044961709558,0.5052773587320276,0.6041562053847745,0.6355477322018764,0.4081756114326393,-0.2393957267784153,0.2915706415334662
Frontal_Mid_2_L,0.2676257549160991,0.1281267305103504,0.559050515577897,0.4730585328895202,0.6013307065759184,1.0,0.2405545292798967,0.536919476038956,-0.0012408599043509463,0.01951973244051843,0.22131066648918385,0.5158151855269003,0.6227422307056995,0.21849678294757818,0.24924120729698715,0.4575276089716406,0.2701764117947215,0.21673175463411373,0.38714331192536805,0.29697094503890675,0.5059777328979382,0.1274780612107659,-0.003790197442786839,0.2182125478332214,0.20115065331308918,0.5562398663804948,0.28571391391517764,0.06480003652646439,0.34388636132442124,0.37347088599244027,0.7878512604294753,0.06435062083157213,0.842735281032531,0.6578108841988025,0.875525929997704,0.4808387401585767,0.2770056159910732,0.4385309318833418,0.31466461233458537,0.4628488759884989,0.3688247129411529,0.20052907291147515,0.6793436334770276,0.7040668428242624,0.7156836756468029,0.42968563942108484,0.9153516912537226,0.2650505485807367,0.5164946573009844,0.05807361381521016,0.06555019229508982,0.3608852016235583,0.6090253115324125,0.29175906997268536,0.36182414502635063,-0.21252265969465267,0.12771952068802842,0.8570754784170839,0.7656274013445123,0.4661434788749032,0.385297945233196,0.3495573692656168,0.03703380639175945,0.5639369243682371,0.6010252422832764,0.40951190683929706,0.5334102971872329,0.4619674464664723,0.4371540810236529,0.8641917666792004,0.4275317422398047,-0.027236552942712815,0.810272967643877,0.5941765951439228,0.7441055453371976,0.6723942953921479,0.4066864048807514,0.14484760464186255,0.3214580771152431,0.004687745000630519,0.9315547197541979,0.547450914300458,0.7130248364798648,0.02613980551997763,0.7609252584261509,0.1567835179609733,0.5520662136142639,-0.17425581215141434,0.044437433953562366,0.1349105576513607,0.32612187566067674,0.39715015740324827,0.12134658520552742,0.8163552675751643,0.2948008497338758,0.1255361002976989,0.043336288595576186,0.6230512243945989,-0.13219572866093113,0.6512912435118833,-0.033774090170601616,0.08689516688016297,0.36854565728247085,0.6185247207252129,0.6104995889250279,0.6075497925835108,0.3296384539904342,0.3172991725672022,-0.02321347018112058,0.466676177564124
SupraMarginal_L,0.37028935608080227,-0.2161812600508778,0.6853525652748802,0.3683431275862234,0.013226957576139675,0.2405545292798967,1.0,0.3893057000819632,0.8067826552859176,0.5049666176780282,-0.007429497749505227,-0.035707468609718775,0.1258735429878361,0.4583071575953869,0.6977788538317028,-0.04583929274808643,-0.3175727913088737,0.5769830521689304,-0.24405943065335411,0.5597185641661463,0.36144126734865684,0.3533071187800251,0.7921689961282252,0.664835763421411,0.2897283835967105,0.21326200203441995,0.5516054797428936,0.16058050980893673,0.23221432162714778,-0.5278080178291021,0.19449835591833647,0.4037126092594181,0.061385757160827746,0.4834673688934044,0.39600910957548746,0.2065222645948294,0.3181482609645619,-0.3418138766792216,0.3278735629966032,0.20172355033540726,0.5053224640212901,0.5606672340667856,0.6687416689847759,-0.02981517379722974,0.09983312490315106,-0.4344933438429709,0.11923402698963438,0.8949074144697332,0.3449661835527437,0.1688290376746736,0.05585940750155277,-0.42836885694672205,0.7118316280983604,0.3947500163688138,0.2710482969842983,0.33684161922944145,0.34542774310459473,0.03030434800757778,0.1630819295045952,0.2246134006520406,0.66816062002045,0.17498167573099774,0.1287823946047194,0.16314528554509175,0.6194529295410417,0.5842717043608155,0.4228787119974704,-0.2386028629915639,0.5066926354268051,-0.01698855497396651,0.36564669874514877,0.23533365959516375,0.5339215291697449,0.3897558787424294,0.04906180166817862,0.36147810644551814,0.3940458144125844,0.14951646179721348,0.29590608625564846,0.5783440151232323,0.1801422910136075,0.2292760769281113,0.5300504545344401,0.22970867359846261,0.20861311143691333,0.2405299092612538,0.32258865998356173,0.5606422267520927,-0.36772995301809713,0.057254435482161394,-0.48144300366886406,0.20357973349184483,0.452432800608308,0.41586531209323346,0.3185460863768723,0.5663933676346732,0.6207150697059868,0.1372842943033422,0.4542083810604982,0.11174731314993402,0.22938493465215176,0.24296616985684802,0.2672593646781125,-0.20504401874648942,0.49482852145230244,-0.1507452393871404,0.21832199856634069,0.16930869120100214,0.4902490850977938,0.39805911758171836
Thal_MDl_L,0.02918280473707118,0.006603019796685687,0.46729680392880024,0.20550215570555275,0.3727563919483655,0.536919476038956,0.3893057000819632,1.0,0.17289482007091564,0.16060895468008224,-0.13921229155828885,0.10336965644214668,0.4169828265524555,0.013260023708688161,0.1877526722076482,0.4127808093470985,-0.2048241412057414,0.17044695774884885,-0.013327263084552168,0.26691194034505084,0.36745660061584307,0.017340211961502944,0.09030776867369468,0.30415860591046723,0.21532271421365454,0.48318703275964164,0.17294456758803076,0.09988718018943189,0.4584983476736913,-0.04175859548474134,0.3479837873978815,0.16698745501076873,0.4003591519363724,0.6221666488862881,0.6883692948541922,0.5542862039744666,0.21709932460568834,0.14279787075324007,-0.09797254831456867,0.19440479910889077,0.5311668450699845,0.16356199076827035,0.571903581902325,0.4961685820251765,0.44625284888995626,0.18186962895600847,0.4713007637908499,0.38575647707575805,0.5928691386450311,0.13407649993190437,0.010559978797580308,-0.030561729148497196,0.509871971564137,0.3423536606677924,-0.0022244933725670754,-0.2836780468633515,-0.2529147253612926,0.39421709946301586,0.3709354117799982,0.24057560335484893,0.3047079812149302,0.1577981331172174,0.10755013083958238,0.24333271080924207,0.4679753034824811,0.35187400405293584,0.7177317931250995,0.1469382661435599,0.36028460803295176,0.39082869991788066,0.1324612101657092,0.10873984874921111,0.6519990597333807,0.4618094729567522,0.39028608974126144,0.6448343209021034,0.3461220376034069,0.04554205779627401,0.30446543033304196,-0.030008231162219103,0.4411768296728456,0.4695779641918375,0.5249764125249392,0.13409347023710017,0.43666747929504524,0.26918429547131056,0.272442410316463,-0.04074001483502967,-0.03698871262895154,-0.025944628558486064,0.042155247219955984,0.14293535477257135,0.0751786885875149,0.43954127004200033,0.19620945288514965,0.1615502572194586,0.20647139644549822,0.4576256237086501,0.11244003825312714,0.3646018221549118,0.053043898641249476,-0.17597081825200933,-0.02557736716205781,0.17990548037365267,0.4243504193624968,0.2527200325198635,0.19988506388854257,0.3556216447994553,0.006964949327566194,0.21670197274062764
Angular_L,0.46741143389377243,-0.20908579481787815,0.3899046718005537,0.08663401088955089,-0.34985566388133815,-0.0012408599043509463,0.8067826552859176,0.17289482007091564,1.0,0.3877830844324105,-0.21142661616900377,-0.2926924885547947,-0.13748107810364119,0.36888912742758645,0.4670798186603072,-0.2875142274724647,-0.40072885315292106,0.3724201181576132,-0.3831281771165519,0.2634777090573195,0.0486562511631195,0.23760610531432227,0.7694378278052254,0.6997281764862386,0.5287140137696329,0.03936659086904729,0.24246985571708737,0.5339685229157122,-0.05225229916789113,-0.6195961248566648,-0.23783302246295926,0.7421951863780999,-0.2287844156111637,0.18631342093389955,0.15565005362016512,-0.15143798618413032,-0.053346509839657164,-0.4821560580464953,0.1443158044344141,0.06959148005996901,0.19728774996654788,0.2980930398833905,0.28942364073528737,-0.2361162332720793,-0.32939883002183845,-0.5679569500500445,-0.1571471034560449,0.7567369683076373,-0.04378746287728472,0.5405113062488862,0.09076745145846372,-0.5676142628716407,0.42560627495520986,0.4228464052946491,0.0490087688830644,0.3344444116775964,0.30252049505751105,-0.25057674183308554,-0.2892000210279796,-0.11633018840434217,0.36993734933690614,-0.05079438466943753,0.5104449105185533,-0.18128950266198615,0.24163046103097113,0.44862724239054247,0.2516376335482262,-0.4287777772156992,0.43106978029963694,-0.30839197524536155,0.24680722547964504,0.64849242003299,0.29328000149100936,0.21962249489942307,-0.3051083584730755,0.019397242659614587,0.24272888366212012,0.38799720411870653,0.2500495143587111,0.4668700877198062,-0.0764778888542638,0.05761750008578631,0.08631814537362097,0.5803204483064184,-0.1081097490777772,0.31123818147659166,0.12045670824700304,0.454670066162106,-0.33500317663990736,-0.007720386725784374,-0.5693004627077577,0.21810152783959544,0.24121936252276502,0.05726993299370166,0.06380323147578133,0.3884388792312466,0.5241912753360003,-0.3294657411866564,0.38869098421369735,-0.20571619958263804,0.6461530661215413,0.21325137267296917,-0.003723475276643576,-0.5505777536485237,0.11332572081857979,-0.36645461253198885,0.010322471517481209,0.04880122165374207,0.29527259285279583,0.0668602763823982
Cerebellum_6_R,0.2531111536034989,-0.3106269983573239,0.4062167693999883,0.04047598971554665,0.03924903530708637,0.01951973244051843,0.5049666176780282,0.16060895468008224,0.3877830844324105,1.0,-5.514887700455024e-05,-0.047807636880693394,0.04887647381595621,0.1698697376021274,0.5840875952303104,-0.1949513455287652,-0.4103271294665649,0.46455329795378375,-0.16136664137190557,0.29203827455086806,0.27858258849818757,0.1617087641189409,0.4734963104813806,0.4941849476750086,0.10563942568209626,-0.015752103370041293,0.6014787396128553,-0.04308259956015159,0.3077545411379198,-0.35320247298448426,0.11532835028730941,0.1661024457258932,-0.014635224620001377,0.19447935607491723,0.0731686516760212,0.06510417304601741,0.1449584527900293,-0.4698307820321424,0.20708634270045154,0.03819993059074298,0.3457192320361978,0.4297039909105257,0.2714408215330161,-0.13541175489722942,0.1516294809856172,-0.2673032368965132,-0.07400273099498982,0.4176786740792178,0.18699881949008715,-0.047529933443109226,0.32539674029871496,-0.3006204516896652,0.37136630119759106,0.09884944628591669,0.3246390837401974,0.4362687781678867,0.12451585733970383,-0.16686315675394384,0.09129923697289867,0.30104555073165906,0.5710857032787057,0.14553971960388803,-0.05978676074099323,0.09175167788364251,0.34343695904608007,0.3778373144227007,0.21410286571657455,-0.09169939048846275,0.12316653602903416,-0.05575770454825993,0.1658727153840533,-0.02092608544005362,0.24452317019300074,0.04421735080598845,-0.11105642745679664,0.10464112548204703,0.28194115197206654,0.03488695249648034,0.016603956053309353,0.7040723838859361,0.021033637317003646,-0.1478718441598327,0.20049781346636233,0.05103041581807092,0.018991081871975738,-0.09003150214886406,0.04851689304925855,0.5279472648514204,-0.3127685828190389,0.032026590734119224,-0.3634383128667416,0.21357884253853246,0.6303125872438975,0.19964014442339845,0.3495632356951021,0.5528424790090268,0.23579092185414682,0.18872958025889558,0.3187868296912675,0.0031226453578247983,-0.014311472340988101,0.05744662248978596,0.11750329027326573,-0.04983035756495996,0.19827445660139592,-0.12254201530058191,0.19676533589635695,0.06706687884312565,0.4326099345082241,0.25785545894383427
Thal_LGN_R,0.10642682724549554,-0.13832472652566327,0.2668517005764743,0.12606498650640385,0.31079537215807956,0.22131066648918385,-0.007429497749505227,-0.13921229155828885,-0.21142661616900377,-5.514887700455024e-05,1.0,0.787283785649441,0.5797256886721865,0.3761614357505428,0.20734955275063888,0.2137252231079263,0.383054836457222,0.2833371135363413,0.42123513585598155,0.22084906503333449,0.5401455482401876,0.4854371336003851,-0.051832195713495954,0.005252564496634023,-0.06837490874104918,0.3525427591462999,0.15293820314596546,-0.21927049602658757,-0.11929525085996728,0.4074249963187795,0.42225952279386186,-0.16785571576362174,0.3316720062519006,0.3894920992292192,0.2286444562186151,0.048743335949563885,0.4398856784102222,0.33635281014576096,0.4310029127073548,-0.02402575645207573,-0.010642657209451118,0.08752131958709951,0.2470943957803935,0.30528005837275424,0.3280780261276853,0.16965314634700407,0.24963096374120244,-0.011115139193477471,0.21184335090871376,-0.2122232125310498,-0.137712997143379,0.5331069825388113,0.15481575897129904,0.10805738153252548,0.5952006623134407,0.08879568426318589,0.5007648737221029,0.4273817403616576,0.4048274918161192,0.4612157915624953,0.1540063911583917,0.6843231293532012,-0.21398021903755102,0.4665852601517347,0.268264399640684,0.14019451721109288,-0.07030371682044613,0.347399960471384,0.10529801582183809,0.27774515203672356,0.3249562757054012,-0.26457674084043803,0.2758727139724309,0.23569847964224092,0.4883336046176644,0.08147572085907605,0.25556389410861907,-0.15914445617584724,0.17746549993009147,0.09582118003180995,0.3326493188511549,0.2965634139995094,0.3027582969602954,-0.22103689627261253,0.463975767785199,-0.16435411789041532,0.42286941874781714,-0.11874482277935165,0.08862777572641972,0.23904824705004846,0.22508719336767738,0.1682865636185632,0.2386590462833055,0.2697213209145463,0.3347034397716184,0.14711853145961656,-0.1735477669152088,0.41113512629199267,-0.18194420370889702,0.44194928506747533,-0.2565400981321838,0.1263333185725788,0.5015457162730073,0.3490090981556809,0.3624927196233286,0.16004351415999468,0.354131348345086,-0.246666268004435,0.011375951521282734,0.39826655104097825
Pallidum_R,0.07731022223234141,-0.09739153367966288,0.3855738390908694,0.29207808253333917,0.40863787635518894,0.5158151855269003,-0.035707468609718775,0.10336965644214668,-0.2926924885547947,-0.047807636880693394,0.787283785649441,1.0,0.829924667971089,0.31404664026353457,0.25893115008019835,0.3784947943737344,0.3488613544321941,0.04970808419412152,0.4408398809110899,0.24013130543306507,0.7234801425436191,0.19266889848721397,-0.15740354123824976,-0.1146705895971053,-0.07152872588670635,0.46626224377466685,0.18816230293863262,-0.2200513363367058,0.08050289858315007,0.5009222874992199,0.6695059365145972,-0.2175253454347604,0.6183697082820838,0.5976631333357689,0.5510921744113843,0.21807077282132878,0.32191111623502416,0.3961789989846799,0.33752699246995194,0.042652613645956426,0.20908918332292742,0.1407643161123748,0.4246806984716959,0.46659599195291435,0.6119379899655205,0.28291894756441954,0.5484870778299239,0.021660628688459194,0.46206967407574634,-0.2024215552868697,-0.05735770376879818,0.5948177147374136,0.30760226619019415,-0.007726633171110266,0.45737729926293547,-0.07161859471859167,0.36487445468185725,0.669435434670955,0.6356313996375269,0.4157450043739827,0.231717234678881,0.7930192704785652,-0.22180624414837363,0.6039883941618838,0.3874665547573085,0.29425985649730657,0.2263971370239316,0.3634172613717072,0.06929556217827519,0.5479159258171514,0.4916396569098404,-0.29050722939595747,0.48047885901968956,0.3475848112951682,0.7243528900148818,0.40503212473211564,0.458029995992,-0.019896390652132567,0.32987787060435675,-0.024471320545685564,0.5868941055224679,0.30031451865619624,0.4910247031382195,-0.26079526796299896,0.7368346508123043,-0.18605835019846467,0.500738843088832,-0.20534677531207687,0.20751085413757425,0.3694064405892457,0.32902899690095233,0.34328969743111726,0.09225601602041009,0.5330191460031956,0.2796469845633821,0.10274333590747621,-0.12306459287973741,0.5837010178114641,-0.2254321190830438,0.47214431174489246,-0.2713397322902419,0.028857652067466055,0.3774191100237975,0.5939623338830676,0.39580421474343275,0.33777139683287233,0.21352012386775146,-0.1710003738593399,0.0006991369441946134,0.46954705841136285
Pallidum_L,0.1361971765399727,-0.1617854324092733,0.4298683489689084,0.3392219157018487,0.43160601093210854,0.6227422307056995,0.1258735429878361,0.4169828265524555,-0.13748107810364119,0.04887647381595621,0.5797256886721865,0.829924667971089,1.0,0.29473175797601703,0.239978350122713,0.3991566655644412,0.19004892013451746,0.059777768524501375,0.2945693273517482,0.2829612575525942,0.7802419696276446,0.20077073328307746,-0.08377042417877953,0.06741423121058361,0.13570560814226953,0.6278992759337839,0.16790294765460204,-0.026627598002182017,0.14687956886294945,0.4502807163551784,0.6207122268543158,-0.030912055916878747,0.6483090758620262,0.7594330905139542,0.735147015133553,0.3258022106837327,0.31082372310755957,0.4475888878778041,0.20462264441185768,0.021859737736323933,0.39119832486394773,0.11529146244445368,0.5045981538403775,0.6053917191297544,0.6199051792169584,0.3267569886813469,0.6266741062764455,0.15938751892387581,0.6098623672097558,-0.019294853499023063,-0.12786457803408893,0.49831338478580806,0.4341239888322158,0.13655288614828512,0.30838610562929425,-0.14948589644942747,0.1996506664708074,0.7174173747372231,0.6253539606343214,0.3760442673008879,0.29842523239154833,0.7729183851796061,-0.022664587195466577,0.5818910034908358,0.4582349939829407,0.37464518856248624,0.47825869005112553,0.37118089174173213,0.17388900007216218,0.5870662451471237,0.43593783722407764,-0.09648680250682438,0.684108273308616,0.4594573430395452,0.7462821892965543,0.5415345347544973,0.522581961279822,0.07838527895640547,0.4080117712466623,-0.09067530642898897,0.6462164300160526,0.4462853925866145,0.5590248304037646,-0.05645831146177127,0.8102778830255054,-0.02523039887582238,0.5715038799732935,-0.2203213873144834,0.2925780440634254,0.1813888361146666,0.3041172575358605,0.43997615070659674,0.012773704048978072,0.5870491238228239,0.36270159320703527,0.04277362045406403,0.009075404082990738,0.6347554139880651,-0.14614324642319462,0.480633220983684,-0.10174339660984384,-0.10444767817159858,0.21230574340765304,0.5776799207248937,0.45297080875984636,0.4081412254558736,0.1690492618106168,-0.1008599730195992,-0.030118731956030993,0.45310560078351186
VTA_L,0.3294112722819527,-0.2950985351720804,0.4286166888733787,0.2987901615247147,0.12667818579532195,0.21849678294757818,0.4583071575953869,0.013260023708688161,0.36888912742758645,0.1698697376021274,0.3761614357505428,0.31404664026353457,0.29473175797601703,1.0,0.49473012675416833,-0.2407032074273128,-0.11338180415236376,0.4596581549639485,-0.004400832341993602,0.30246495245391447,0.5184308993135412,0.33920548313893206,0.39264058568636084,0.3878024564216039,0.1467960854374503,-0.02543552130842369,0.38495912064383636,-0.020234570349708814,-0.1379981318135557,-0.08447150515489264,0.3159328801308761,0.09221450159922158,0.17841391211116264,0.47978954785354416,0.26838954856220243,0.1698349852129544,0.25286399498858153,-0.060075601079040974,0.4386679043162835,0.07118076188465304,0.06973304749996742,0.3169704713173543,0.4024053892937034,-0.004788121283298846,0.181158011535949,-0.1831006513720521,0.22786539878727957,0.4407822915692824,0.36710941568080174,-0.08280384139103293,0.022713277949676362,-0.01481209820809112,0.38688770812708073,0.24962633548288565,0.5180643529714666,0.3899071895885979,0.846563292276988,0.22776914242804688,0.2450245763607667,0.34282170180316895,0.4757774368969382,0.4646251655774269,-0.06528293973404645,0.04041385481799125,0.33206738237385913,0.4236142846361415,0.07904800661642387,0.008221985253518466,0.35322718335278136,0.1720950929101005,0.34744881318051135,0.009614643369228003,0.3773935847990611,0.26522073848212246,0.143882754839692,0.051844110959032366,0.24088894044914433,0.0398853649736296,0.21865484075123698,0.397261643157323,0.21990579668228483,0.17558216438541932,0.3821114158753863,-0.06428765286631272,0.2682314712651784,0.16184908126309563,0.6114443647355143,0.22808129323983478,-0.28186094669665457,0.06714309394341152,-0.2827113317767894,0.0054175099943952155,0.3641784762434384,0.4160094996354481,0.12223956527035586,0.41204317564617104,0.31595383211693123,0.1906328051501703,0.10219173473228778,0.07240143421027162,0.03551078981025338,0.13705125268975193,0.4424080455676077,-0.03561374304009573,0.4293308869012273,0.05225885478326384,0.3175850049177045,-0.017749628082026264,0.26022828224819283,0.41895394617882964
Cerebellum_3_L,0.2664840722984495,-0.2715321770338525,0.6086578971713488,0.331119501191992,0.1103744050372661,0.24924120729698715,0.6977788538317028,0.1877526722076482,0.4670798186603072,0.5840875952303104,0.20734955275063888,0.25893115008019835,0.239978350122713,0.49473012675416833,1.0,0.05453992683800064,-0.22657798369700366,0.5040484119310747,-0.07847321090733815,0.5606682631133872,0.5389153067882385,0.27614177247211547,0.5969264584727239,0.47347076063972926,-0.02723179894987611,0.13097561902605467,0.8015604284709484,-0.19281339358758415,0.29235828370201317,-0.3368500167938084,0.4466224227567172,0.0324821820553484,0.2599812877116913,0.42507031762820996,0.3044368752660837,0.17943164395686176,0.33224405859069894,-0.42074443459337874,0.521030818187998,0.22552121121925398,0.5005017175557324,0.6510532471301371,0.5747866912672979,-0.14541522989648897,0.3280027975939514,-0.31297407519827825,0.21524801815822456,0.654561773631369,0.4053447299425153,-0.19319224236174343,0.31032852155483137,-0.28099142792851,0.641949815185434,0.08167841484467635,0.4820511319025147,0.40627816372137654,0.40709569423914277,0.10509548376267035,0.38944641192235196,0.3963515420693069,0.8688842294522742,0.3577576018315339,-0.24209059990814547,0.34999613458380746,0.6349172274766014,0.7306946296591039,0.2937961582512266,-0.16328905059244261,0.24275443868936114,0.14606821512095072,0.4443522034012738,-0.15225438145152842,0.4216086006221872,0.2738070786497725,0.12934208372422284,0.33458417683988373,0.4072814607141457,0.011214654378171957,0.13084468230979693,0.7962608871330787,0.25922228939269304,-0.02602207079385284,0.5274883934271622,-0.1472895904036912,0.26470360970625073,-0.06731501273592694,0.36600643521214377,0.5595193519740327,-0.33454607566549843,0.16665424255085373,-0.3065125403077717,0.2997989307590437,0.6585223190227714,0.5307159807786186,0.4164037844760314,0.7107927135771193,0.5395931521303794,0.29721007735209887,0.393245234707953,0.12728476765137836,-0.12940300394068976,0.30689323664831814,0.4019897525860407,0.045539658561961245,0.4720462695454789,-0.09499214367599239,0.1769015825466621,0.11325326650926534,0.5857532439721873,0.5125836523970695
SN_pc_R,-0.24532168602680582,0.1625293157315155,0.19236889501916626,0.06244872304556257,0.5363288026646083,0.4575276089716406,-0.04583929274808643,0.4127808093470985,-0.2875142274724647,-0.1949513455287652,0.2137252231079263,0.3784947943737344,0.3991566655644412,-0.2407032074273128,0.05453992683800064,1.0,0.31336681407978767,0.12073929192033699,0.4338875813087618,-0.00961311769386381,0.2683715487319374,0.11164093345162267,-0.3276312278309536,-0.09385352954378409,-0.2095362948124684,0.3780654571293585,-0.00793835175738436,-0.2610527214578662,0.29765954226191,0.39087398442543014,0.48857152581066104,-0.19230277236603852,0.5682045664184331,0.3085594236343895,0.446773166090936,0.41788322596114835,0.14145531370660422,0.4497426708941445,0.17330958109528877,0.14156238169067223,0.17259963886715457,-0.1315275963440114,0.39825117255773435,0.6037895338441079,0.46535398530852273,0.46996178275986933,0.5001843299154611,-0.10562190540230318,0.21138718431547188,-0.20702620156129148,-0.051618490975240815,0.34996811549513,0.07767763773367571,0.2407961099086526,0.1697770172857621,-0.6369152457467911,-0.3184037287406677,0.5512278545780839,0.4482477042698639,0.46939580140261594,0.03523904886702015,0.21648222475403753,-0.21978356816406713,0.4997405547328179,0.22082727927064516,0.11459589952113992,0.4869507821573132,0.33216354095647727,0.16024381890449163,0.552165940713535,0.05816632564764764,-0.2931379751793266,0.36301865895790125,0.2387621401632691,0.4719201684883751,0.33113121024890324,0.23738578928240775,-0.15745461424635854,0.22287795622243425,-0.16626936062176764,0.4630960003404566,0.5061167485733234,0.38999277315048086,-0.2277985139948486,0.3804410381994656,-0.027998347250667327,0.28333571393448886,-0.3371218325062487,0.03957850363587116,0.08347469028984097,0.5641352021045287,0.08463325216594544,0.09893719969034545,0.30300759793423104,0.14541668346160777,0.050464659622653917,-0.24302537034232016,0.5950430621987545,-0.26264864703445945,0.4660450517350212,-0.34777038101611873,-0.11901380139818547,0.18258692261731124,0.4062209033121043,0.28979357982872944,0.2702837374774098,0.35000852055846843,0.3647855455043205,-0.25549705393710537,0.10630463463858031
Amygdala_L,-0.06552452768926295,0.4363377685507349,-0.13613113015654987,0.12960893249076708,0.36988711829297355,0.2701764117947215,-0.3175727913088737,-0.2048241412057414,-0.40072885315292106,-0.4103271294665649,0.383054836457222,0.3488613544321941,0.19004892013451746,-0.11338180415236376,-0.22657798369700366,0.31336681407978767,1.0,-0.1227920518681599,0.7687287190930489,-0.20247741827932408,-0.011967529966142984,0.16577773093322803,-0.4241217528372559,-0.3193473887488214,-0.10984372384218394,0.2792159094330006,-0.16003166851470796,-0.017405655492276285,-0.02671080512166472,0.6945256634958872,0.2707829365379965,-0.1431036124232799,0.38790468035180997,-0.08391384313176399,0.09964957112343258,-0.05829258849714704,0.15269600992819737,0.6279197452589483,0.29573308539854,0.27657662715965103,-0.2428706687513138,-0.3130481639485603,-0.013560350038806897,0.4831145091988619,0.07243799398119516,0.6029301163497296,0.37551068238741275,-0.360124666266663,-0.23283438025717734,-0.016410696385047694,-0.16410089912368253,0.7067932614006961,-0.1325933575368572,0.0785975115075092,0.27924039114185134,-0.22101638470020019,0.1365504201211118,0.5442777503868833,0.34546686030248014,0.3178755229099716,-0.17151995957818744,-0.023276341959882967,-0.04786022885080188,0.38349447570496104,-0.06107662931143,-0.044222029687385145,-0.31041460069235616,0.6334998347308921,0.10321893252590335,0.4043702433743871,0.15818606277298633,-0.11423472530144604,0.05813977093203594,0.23771229509367986,0.38322227738883424,0.07780573596024666,-0.21061731413993437,-0.06950541963952728,-0.039699482960571894,-0.30567004605698195,0.4421401971176618,0.43762998803078723,0.031188222069867027,-0.05214180526044506,0.24796047437135918,0.019409991635495706,0.12144173924466364,-0.48203379320276246,0.20507564713732132,0.016771899262885415,0.7537099097855068,0.2865964779722542,-0.05461925601250438,0.09872394018790613,0.11715473541837756,-0.2377902487753726,-0.48449354850928805,0.1866308295200622,-0.5038284881177617,0.5245081762443828,-0.13521769774323472,0.336024445559511,0.5374155576856104,0.48835703969951283,0.1313437225528832,0.514486080331276,0.19113232210053543,0.16090034506762313,-0.4202268334980439,0.13107073885532655
