,OFCant_L,Occipital_Inf_R,SupraMarginal_R,Fusiform_L,Insula_L,Frontal_Mid_2_R,Postcentral_L,Thal_PuI_R,Cerebellum_8_L,Vermis_4_5,OFClat_R,Putamen_R,Temporal_Sup_R,Thal_VA_R,Cerebellum_9_R,N_Acc_L,OFCpost_R,Thal_LP_L,Rolandic_Oper_R,Temporal_Mid_R,Thal_MDl_L,Temporal_Mid_L,LC_L,Hippocampus_R,Red_N_R,Frontal_Inf_Oper_L,Parietal_Sup_R,Vermis_9,Insula_R,OFCant_R,Cerebellum_Crus2_L,Thal_LGN_L,ACC_pre_L,Thal_LP_R,ParaHippocampal_R,Thal_MDl_R,Cerebellum_7b_L,Thal_PuL_L,Pallidum_L,Cerebellum_3_L,Thal_MDm_R,Temporal_Pole_Sup_L,Thal_AV_L,Cerebellum_10_R,Putamen_L,Frontal_Inf_Oper_R,Vermis_1_2,ACC_sup_L,Temporal_Inf_R,ACC_sup_R,Angular_L,Thal_VPL_R,Calcarine_R,OFCpost_L,Rectus_L,ACC_sub_R,Raphe_D,Vermis_3,OFClat_L,Vermis_8,Frontal_Inf_Orb_2_L,Vermis_7,Thal_PuM_L,Cingulate_Post_L,Cerebellum_9_L,Paracentral_Lobule_R,Fusiform_R,Parietal_Inf_R,Rolandic_Oper_L,Thal_VL_L,Vermis_6,Frontal_Sup_Medial_L,Occipital_Sup_R,Cuneus_L,Frontal_Inf_Tri_R,Cerebellum_Crus1_R,SN_pr_R,Red_N_L,Precentral_R,Heschl_L,Thal_IL_L,Cerebellum_7b_R,Thal_AV_R,Lingual_L,Occipital_Inf_L,Temporal_Pole_Sup_R,Cerebellum_3_R,Temporal_Pole_Mid_R,N_Acc_R,Thal_VL_R,Thal_VPL_L,Cerebellum_10_L,Occipital_Sup_L,Cuneus_R,Supp_Motor_Area_L,Amygdala_R,Olfactory_R,Cerebellum_Crus2_R,OFCmed_L,Precuneus_L,Frontal_Med_Orb_L,Cerebellum_8_R,Temporal_Pole_Mid_L,Thal_PuA_R,Parietal_Sup_L,Frontal_Inf_Tri_L,ACC_pre_R,Cerebellum_6_L,Hippocampus_L,Occipital_Mid_L
OFCant_L,1.0,-0.000831056022914022,0.09959043688402554,0.09066695775525935,0.25135403283244595,0.38855611600622497,0.1811305463797203,0.16569272701462054,0.36729593230569973,-0.01761845895120851,0.381831168195952,0.34020984825599876,-0.0035168318272366917,0.04607869467456331,0.11120355239718997,-0.02633597958897868,0.5138293448734607,-0.0836220704498175,0.21931115457606223,-0.017761710501707228,0.19440479910889077,0.03247334766840669,0.33498210173072296,0.26220902331779505,0.18937334701010547,0.29831948173846196,-0.05480288753086784,0.27027009365226423,0.2630654124050159,0.5486427610234094,0.1865007430654703,0.07692784890353051,0.29790089323682556,-0.16481736111612458,0.10250988155313649,0.1813148029157432,-0.10951068364745949,0.2180263495276841,0.021859737736323933,0.22552121121925398,0.14684726128115794,0.18792115550204672,-0.15444196177424394,-0.04679442811384199,0.2322067505659998,0.29555140189261486,0.15991810324966954,0.4949157343524222,0.22268377749811455,0.45304264379654735,0.06959148005996901,0.08538504186662467,0.16606379133015065,0.21584890472006338,0.07620231612623504,0.37116775627611115,-0.13829391680470188,0.10654565616478769,0.31465802404849424,0.11639234309272659,0.1783396037948927,0.14939985593446722,0.011832564131226752,0.2657551199593931,0.18609694689508802,-0.08700330299141731,-0.038782591598513244,-0.04555450120738944,0.21001195926622013,0.08682688591464341,-0.013328910130808199,0.4927089498083939,-0.02145159710117957,-0.035118863563811754,0.33392655455369785,-0.03416314589241764,0.2047380763773607,0.058471876001038404,0.23807572441969965,0.1624642620952105,0.35912038533036267,-0.18312922945701282,-0.130109374879106,0.06702629031061512,-0.051536603659972764,0.2588267259905924,0.12154086540178959,0.1392371652073869,-0.189292259663633,-0.1799513811126695,0.027841362797760633,0.007291075231799791,-0.003335116437054115,0.0401108633397285,0.34517265744369574,-0.013853209942403714,-0.0842268456450923,0.048626414059013426,0.1639823041070669,-0.09701595862714293,0.2909382750572239,0.1958769900060392,0.47177786694265417,0.34983899585276174,-0.033814594612176806,0.3282594045619186,0.5026236201043304,0.23297250557119326,0.017957834667137393,-0.05637934607699681
Occipital_Inf_R,-0.000831056022914022,1.0,-0.21388839591175435,0.3991364931657171,0.07290657239018881,-0.46378369931113156,0.20793434611843026,-0.26290008781005053,-0.0714418536728478,-0.016733558556032743,-0.3574108766943502,-0.25469450649724323,-0.485058528624331,-0.22745663204566238,-0.09642879442211107,0.015887324749568263,-0.2160209146526191,0.21105398254189334,-0.4822049460975534,0.7293678797419516,0.13409347023710017,0.5115813874676195,-0.028766384138154848,-0.25372589490312064,-0.110153155133728,0.19103209207002933,0.9258453524133803,-0.12856038355820548,-0.30748055170491895,-0.20940261970005747,0.24064369784581016,0.0672530106484949,-0.11362636171093635,-0.09088477081513344,-0.2704795322551991,-0.2633033382514536,0.03839397043555401,0.25805169199067307,-0.05645831146177127,-0.1472895904036912,-0.10419504960746599,-0.02209075978290707,-0.010879363841097793,-0.06437045619196874,-0.07145805877365394,-0.44685607782209935,-0.25486939269422254,-0.21956122671507172,0.4909857483495561,-0.2296296432014325,0.5803204483064184,-0.34846355563643866,-0.03563701976320705,-0.10986984936094804,-0.06474858855577038,-0.18986126126328898,0.04008105711176335,-0.11237608937542996,-0.09994143594190338,-0.17191807186514377,0.0679131872527442,-0.0908795276743262,0.014427950621300742,-0.03129452081894308,-0.07532240658405658,-0.0773249852621846,0.03716387459319669,0.056959458265551946,0.09803611720049023,-0.04664570297766021,0.40332242523931355,-0.13198728818533426,0.9307823711301467,0.8512647686361975,-0.4832978733223098,0.550328456513511,-0.17806408691670367,0.007420880318813767,-0.32150514119296625,0.2989960275084139,-0.0029987158261351636,-0.06348374615711494,-0.08798857170341583,0.5448522153001691,0.9050396262768288,-0.28843021002607994,-0.30910205868621893,-0.16918168751628307,-0.12079789777953562,-0.22701217448185115,0.07639429777088942,-0.10240865321002696,0.9150340260050761,0.9024741860769836,-0.18596919622128855,-0.13538396370721104,-0.1726719955967569,0.14095847186447444,-0.09566901934437687,0.3407695707283004,-0.005793274471897672,-0.23362479109181236,-0.038540651649037805,-0.2518734384692399,0.8926985794356836,0.14771328903008696,-0.1869034662073884,0.12963219290922806,0.0571043793953273,0.9190274115842499
SupraMarginal_R,0.09959043688402554,-0.21388839591175435,1.0,-0.137380614378724,-0.4820326574314448,0.01597967214305048,0.6312192794867402,0.364857370360032,-0.23916821473669236,0.08181658362693547,-0.26392465090051,-0.25023790820310043,-0.13260071558016573,0.12832411840361557,-0.4641728964223212,0.09354559770094047,0.07484740734609518,-0.18129744541453688,-0.10211317972355967,-0.08958516136207151,-0.04074001483502967,-0.2843871115232742,0.3988438494823206,-0.1321372961712881,-0.15895730989728762,-0.025488236885174643,-0.14484385194493007,0.2949696742344275,-0.3096052357256849,-0.07094995823764741,0.11547510606119023,0.6260846777374245,-0.5923136965239497,0.09108047881214153,-0.010399077766809863,0.2756275814936654,0.10318468666910174,0.026102162394414284,-0.2203213873144834,0.5595193519740327,0.43835461461703307,-0.47094147674703646,0.17550165243257518,-0.7844632784194349,-0.11595078569417167,-0.012409559337979695,-0.08634785218473527,0.1595318460155779,0.06805082270397064,-0.203259920555393,0.454670066162106,0.2401204413653626,0.315468452243862,-0.5035596824263758,-0.40534810093805707,0.25573442000338226,-0.30286134538024156,0.5975009156038755,-0.4057140844645054,0.3414565651682251,-0.5234536324223474,0.12066313280987,0.03260826156986543,0.3904462168542214,-0.14291580178685964,0.7142881746277534,0.10390275858043167,0.7548830485746143,-0.5969673002307224,0.07836515922049316,-0.142329694178299,-0.2805591694233282,-0.2806658867098144,0.14285307423938562,0.053604162768206176,-0.04511318534859806,-0.220825573867377,0.01632929262466004,0.8269433896026763,-0.24843299632715374,0.02048161879230461,0.2629986004971416,-0.18633085734680227,-0.08534254636862228,-0.24798561752688011,-0.11851701067551547,0.17206877679752877,-0.641573387099567,0.014434685468362744,0.016479300680884035,0.14407263398727238,-0.6537276763859651,-0.23532853565516654,-0.05428753620503078,0.5126929958248538,-0.5478097193784106,-0.6303994925758608,-0.2881173488952444,-0.7359349579701604,0.720167640333909,-0.20264591549940694,0.3086208019231587,-0.1028544656380032,0.3154389689497206,-0.0772638248554459,-0.1246683704373374,-0.28339539044319634,0.16615828092518284,-0.5697312017034767,-0.12221542453696771
Fusiform_L,0.09066695775525935,0.3991364931657171,-0.137380614378724,1.0,0.3315402202752158,0.2222608648040513,0.2818884583176724,0.02026952046651987,0.36033630698886465,0.1347096862209762,0.2843367417805316,0.2845987732557336,-0.106962460489347,0.24773653618431965,-0.023236424543669608,0.2865458817538688,0.06666824915557039,0.2447257228255533,0.08854335495140755,0.28937103292509775,0.14293535477257135,0.13240944375308633,0.11086528154630342,0.35802277684888545,0.14989845185201311,0.4178688133628096,0.3253110565223859,-0.018950303151065013,0.04696017298867274,0.28488331304067166,0.07815294253965958,0.010646607243346307,0.41041963009211946,0.007792872264047114,0.5171590737302166,-0.01645200632209261,0.1050560534055646,0.1281664520565434,0.43997615070659674,0.2997989307590437,0.22294999596950432,0.07125744965298221,0.19275370911756284,0.016784466542932943,0.39551869816960444,0.14132942446089383,0.1285142053773673,0.23785011660864722,0.3273529545973267,0.2340439783559597,0.21810152783959544,0.04012068863284667,-0.07279473656036713,0.19041641937478043,0.3413892331307195,0.19911034858589488,0.29792119510322695,0.17830840573305173,0.20335620194586118,0.09120329293852165,0.3568895659424528,0.05135800191940814,0.28950148780040347,0.2851180948594173,-0.17450250017676117,0.035201194709032296,0.4803726113885493,0.015370717096415173,0.31239149677614053,0.23615304663122305,0.05490018590304169,0.32411181172153014,0.3514470167431059,0.2997962377405234,0.09810925566141415,0.46903042074248547,0.12624054389461076,0.087317559600783,0.07336416723156564,0.26061232903808945,0.33674087767614364,-0.002486605040100535,0.231253041667486,0.20748522203104025,0.357759495999224,0.038860186969679016,0.16968327816807893,0.0912385665675303,0.15803316765401038,0.24098660163214827,0.2800674603236277,0.1499275909989515,0.4065166537344058,0.38309136727014,0.2670793219603367,0.06518241476004433,0.28259848438667956,0.05974846346079935,0.22713228360314697,0.15732957996619815,0.10142486314964975,0.4126265951135857,-0.18614061774373802,0.14240129676598434,0.3454338574925582,0.4433601115952346,0.30569271138425413,0.5173924572805856,0.35850982636745754,0.31467881968849326
Insula_L,0.25135403283244595,0.07290657239018881,-0.4820326574314448,0.3315402202752158,1.0,0.6277936960132848,-0.008500959735737603,0.16557190356559284,0.6258239835448277,0.2506241630817195,0.5314636176816087,0.7640567418121829,0.30792638248241944,0.5752268164531307,0.7459373531283215,0.38579552980832754,0.5211118010280114,0.36217436336614434,0.6419172483818372,0.20395412102439847,0.4081728217902077,0.5636225827897351,-0.06701526692865267,0.5275690619362761,0.6566870531467803,0.7323868971042998,-0.024589798869883786,0.2934000701323174,0.7254574909963247,0.2866350428413982,0.23397156546228642,-0.2365447062823906,0.8269775810945806,0.07979602992885881,0.4189912161276434,0.1338897484726404,0.28929277643635387,0.4330950397749842,0.6651972104412658,0.1712034160542882,0.12745240018636073,0.7619797039500729,-0.22697812576116028,0.5008402932102965,0.6946328084487418,0.6912898406945749,0.5205061985691698,0.5977353162877557,0.1906742785424398,0.7847958677050553,-0.06603042095520074,0.34798853946973135,0.2827836267950836,0.6299803698670131,0.2836439587782352,0.21044763721742404,-0.040467367278924936,-0.05175502337429198,0.6561138797241328,0.2039163083185349,0.8414503440419271,0.009454945321806366,0.508852426621183,0.363110924954278,0.6117416932859363,-0.5302247856575716,0.22833303207852862,-0.6162346642881846,0.8293833433075108,0.6240422591707875,0.1849127356796021,0.7586970827358248,0.07726666195864904,-0.08902726696712623,0.5271185538193184,0.021310913593177466,0.607518484841797,0.34023892370389264,-0.214478993962859,0.7519787939383462,0.6445199539961692,-0.4066600525668255,0.13028852904841567,0.33750281566888685,0.09482769758046522,0.7248508435950777,0.307660203205885,0.5822615555474516,0.18391250460514,0.4576861169166873,0.4763052238784546,0.5700501183155134,0.07369144732270826,0.10020117662282503,0.22726341565958638,0.5727312821069285,0.5963064046242486,0.2199211667911454,0.5640340033832615,-0.41780047676932874,-0.01812677796282398,0.029781606187771092,0.35978110993232515,0.36508200287411785,-0.049387586392501286,0.7302880057269865,0.7755679545147298,0.3883622052049611,0.5887032482581429,0.0033803656159295805
Frontal_Mid_2_R,0.38855611600622497,-0.46378369931113156,0.01597967214305048,0.2222608648040513,0.6277936960132848,1.0,0.20959898988610423,0.4111859043159414,0.6059172508193514,0.1904276275791943,0.7691690898592282,0.8469386416792637,0.47035469747628805,0.6589050710720298,0.453142439703347,0.3463308910831506,0.5486217911848776,0.20998016151849452,0.848329018967659,-0.2486060509271056,0.3479837873978815,0.0076934474688288386,0.14873715455350794,0.7693381600898861,0.5870224476351812,0.628532501494967,-0.5234852227969754,0.31993745344351743,0.6714485865444081,0.46673628232098435,0.051945487614049546,0.06051684725356579,0.6888726224775131,0.14552787611751014,0.688137483480698,0.4939762081945813,0.11988399021778867,0.2711378887205921,0.6207122268543158,0.4466224227567172,0.39610977987399515,0.41043275128940987,-0.13249046216793506,0.22757999839052134,0.6653825434508115,0.920099500407348,0.6643651134910974,0.845195005015269,0.05201941706032124,0.8688998569613963,-0.23783302246295926,0.6591659706183084,0.2685371662321237,0.4191731067550261,0.24181363726091304,0.5242710143216915,-0.05313897676420619,0.1986460306406792,0.5345565374920387,0.3310830903504134,0.5169187192876101,0.13113674942332715,0.45871148456181066,0.6123644929485804,0.33167945063321713,-0.06436555728062703,0.3381437648822022,-0.3052258048916404,0.5245950574582345,0.6229926416977064,-0.06735243029536322,0.8239207803935027,-0.47951506287873663,-0.4656759441290716,0.8917289282728199,-0.1194862732071025,0.5996438545369273,0.3710573844510977,0.4156355803763396,0.40689905772896134,0.6011065999894933,-0.18108597386679073,0.06883878727724983,-0.07015591660534852,-0.48768511234419387,0.6468237064336677,0.49628220292017594,0.3836990594228415,0.14457285881488982,0.5079774750504983,0.4629776416575639,0.3670481009860807,-0.45943134385516393,-0.3772678462557183,0.6636138195466622,0.29906278408396336,0.3876346197523812,-0.028205283005134682,0.311556452784378,-0.25687182739687003,0.09466839075137737,0.48395319696957434,0.274943131173035,0.6345797294147993,-0.5153903905287346,0.6690206866256941,0.830290018544055,0.44614622782068103,0.36810977707525433,-0.5342039787327739
Postcentral_L,0.1811305463797203,0.20793434611843026,0.6312192794867402,0.2818884583176724,-0.008500959735737603,0.20959898988610423,1.0,0.3650138093002015,0.07876836881668778,0.1826409939901524,-0.20643663707741497,0.012024523265745686,-0.22408162338638898,0.3779857296999508,-0.16494994275945135,0.4054366485226322,0.14922883872964612,0.29089633469239473,0.05137392595069122,0.2655622517961976,0.38575647707575805,0.16223368507074415,0.29914333274415555,0.1655265346729221,0.17681563311274326,0.49921611927854853,0.2193937887144204,0.22679363416344558,-0.14550465319863326,0.03015497307683964,0.2308410169607755,0.7237000507131348,-0.2149459736233427,0.18025398186053254,0.23013285526118032,0.24293836820066725,0.29050485008050647,0.40051094841525225,0.15938751892387581,0.654561773631369,0.595264502985177,-0.27521187190148066,-0.022121534350750857,-0.5711987027138975,0.24157581658270064,0.1446395773104864,0.19568135911845966,0.4255998787851031,0.350784549536229,0.04978110315419463,0.7567369683076373,0.43113654009403085,0.3868176710135692,-0.3407795283892002,-0.2771611081695551,0.45742428865980744,-0.2342064950902885,0.5052320582260252,-0.2302264597840199,0.4278774297186928,-0.11220623358676975,0.025590334998920806,0.45283704488845616,0.7316518811314225,-0.032380649606875124,0.6598662017748264,0.3222648982516044,0.5047241645418908,-0.128323671750624,0.4924584053858057,0.19459892830543002,0.10928630359389328,0.14478779018287252,0.45758450600541106,0.1433858768741927,0.29162376573436605,0.05320158010586715,0.2783067113559571,0.7376297016214917,0.3143171519525736,0.38229026735048593,0.06055367388883969,-0.19231299504262864,0.26460140069870186,0.1699267681042647,-0.0009414638399517348,0.27951769927185904,-0.5268140730855856,0.04503300698695425,0.23532098118738629,0.49852782471726176,-0.36990245390914006,0.1937074277956271,0.370497393314699,0.7291435070319341,-0.5068833602232771,-0.4502956323117826,-0.16830494549877428,-0.5973249206109484,0.7691102758303205,-0.16527451268027687,0.43794972505979457,0.006455435642240123,0.43081058315056187,0.27793790589021977,0.4286477832879896,0.01844945873212105,0.5617837651081861,-0.18585458471997335,0.25280600146881077
Thal_PuI_R,0.16569272701462054,-0.26290008781005053,0.364857370360032,0.02026952046651987,0.16557190356559284,0.4111859043159414,0.3650138093002015,1.0,0.48702570960077574,0.14844716767305888,0.26108153235945813,0.35798584081820617,0.4771363905648587,0.37901359170854226,0.2826214607875199,0.09368585713071988,0.4732669649892314,-0.09563020240147645,0.35140389239992664,-0.06740154253981494,0.21709932460568834,0.01906047686626477,0.28019529772590435,0.49273888808258043,0.5458074120160374,0.3515893659106724,-0.23931928931165888,0.2645197669732929,0.3472937058848919,0.37967948078340585,0.00460667198471255,0.3374702289695055,0.024035762209045013,-0.10679884597384812,0.4684215790382667,0.2430992296340423,0.27339257373011316,0.1840699913558172,0.31082372310755957,0.33224405859069894,0.4465357188140673,0.1468456671923787,0.13884379625182436,-0.045040011665679634,0.4566348886830874,0.43723375288279237,0.4613456622282839,0.39905876696729453,-0.01178132773357837,0.21983303505029891,-0.053346509839657164,0.5089183838388153,0.3952658390617427,0.21841916795014543,0.16954144524914816,0.36226607046557424,-0.0840465596034066,0.2160983145496855,0.20440552552649108,0.11355462237222551,-0.04262319545104679,-0.21301058340778473,0.28045666152346954,0.49576723383593363,0.28299717278262865,0.2912808467283201,0.5126627074083702,0.035591878122235764,0.12823710875498984,0.4183476717694291,0.02958879932839366,0.20466335466871177,-0.3064028767918022,-0.13780500066786647,0.4006121943459903,-0.20244741256570983,0.4840521965272525,0.2300662243696989,0.5286514297419209,0.2679783414547076,0.4241661305950994,-0.021953036891707155,0.3150537398090713,0.21240006746263576,-0.29053322706530693,0.2945943291027082,0.5951330840440113,0.015361330865213832,0.010199630967465444,0.32832000530301064,0.2698401886267547,0.13313728558774854,-0.26141361398239416,-0.2560412686424472,0.6377014923748804,0.10996221332846723,0.12577630276555482,-0.060551055103258034,-0.0834643867735758,0.19297096508312808,0.0025040327279129623,0.3583919594414802,0.017938654259047514,0.5536013910773335,-0.285163670576452,0.2827117327339961,0.1739349944220238,0.15871509556537167,0.28767672028202357,-0.2885285613664146
Cerebellum_8_L,0.36729593230569973,-0.0714418536728478,-0.23916821473669236,0.36033630698886465,0.6258239835448277,0.6059172508193514,0.07876836881668778,0.48702570960077574,1.0,0.2660880902878076,0.5998163434016116,0.6959641004455495,0.6169260228915797,0.32305527229311226,0.6165232379031804,0.1722346683168864,0.4968892887079776,0.08941269066649418,0.5881096271012062,0.010918363297535344,0.3646018221549118,0.31103759109505835,0.11294996907242373,0.6622943651374539,0.6636415946251569,0.5249361899461263,-0.14673482868983675,0.2548526569827466,0.6626668537758141,0.43798869299964716,0.0771437411963791,-0.19205387095284662,0.5951012025328334,-0.11368715755763102,0.609102811031837,0.23881259458726437,0.22300390559186825,0.3200236641401433,0.480633220983684,0.12728476765137836,0.16643436853805194,0.5023328464303192,-0.13767363898346116,0.49619278521645427,0.5895772928831331,0.5761217464006394,0.6061603639561295,0.5118470645264313,0.06960291860035518,0.6127415537713415,-0.20571619958263804,0.3257277933826253,0.2805755041654714,0.6336525392785209,0.46169589119281956,0.3606221311904649,-0.006185836469507169,0.023781368541635175,0.5980006797571931,0.18030368507825464,0.513423520644667,-0.0547773076236378,0.25816281129047036,0.4038021938714855,0.4480381098404239,-0.22701287350431057,0.5071797457823249,-0.37649864493701657,0.6837534261146667,0.4054485555956005,0.17612422151185647,0.6391781721019691,-0.10405318154355814,-0.19626694557473015,0.5267736204473858,0.004931889749149245,0.6979346462572456,0.4217939094369561,0.06066269622706452,0.5341395051835278,0.549945233058829,-0.09855360347303978,0.20507083448438657,0.33528396662105386,-0.1359567967160494,0.5634560257212968,0.5853898700795401,0.5422896456065245,0.050561249239120434,0.21414699397205128,0.22089052102157658,0.6181973566042768,-0.07148728633571655,-0.09887659351659742,0.4365172319445068,0.529403151397352,0.561637923038411,0.16974911737526152,0.4845837556549201,-0.275580543257373,0.31285944871558274,0.4642647182442036,0.2759796068393933,0.367765530014426,-0.22060623871690369,0.5316556387153077,0.5990862196135655,0.28604488454095944,0.63383471121745,-0.1997056399023587
Vermis_4_5,-0.01761845895120851,-0.016733558556032743,0.08181658362693547,0.1347096862209762,0.2506241630817195,0.1904276275791943,0.1826409939901524,0.14844716767305888,0.2660880902878076,1.0,-0.07756966874012317,0.07437479329371273,0.3835056313452605,0.30780267219370444,0.3128117380789173,0.25288783454123337,0.3892992593142576,0.23006457698140353,0.22864080297605324,-0.0420284829059592,-0.09363709531344214,0.43560109031671584,0.28739165816893125,0.06641433047532301,0.31330528589967765,0.14070408702277062,-0.12607249580978536,0.48135469679625625,0.27350054790599665,0.05056263493285502,0.04623000469737189,-0.21276555625207902,0.07628240227318904,-0.16600528666837064,0.34999395997983374,0.04108025847246595,0.2594109330640218,0.4113420930330332,0.09671877202234162,0.3576592650225307,-0.10611353529498468,0.1208181637130788,-0.07574301881969756,0.002368772017456267,0.05614014558130107,0.24295575434412997,0.07121254565943713,0.1142885759856888,0.22634229352002477,0.2300120252590329,0.23765096506657357,-0.09997529551833381,0.6476827098980621,0.055382497895627804,-0.08684383431986033,0.020741775565898235,-0.23068318000133306,0.5477172930177334,-0.155231175614627,0.4797098954893863,0.11599680414342409,0.10135456710409484,-0.006661949717241594,0.1851753784890364,0.4750661608786726,0.029643093286065517,0.3340602661816474,-0.02676102093494962,0.11942182328147664,0.17865266007902347,-0.04669788577059405,0.09722636832080447,-0.08437128223462718,0.0017291130859712059,0.018294288234930383,-0.11446720330702304,0.18466510161240893,0.27755659093394097,0.03691445865076212,0.14052757223461398,0.3627077398411305,-0.14237530862259018,-0.1396935782644423,0.5361258123548215,-0.14073323588622305,0.4492363589165382,0.39757972872709874,-0.07175342175960854,0.2583691071259332,0.17035540647320224,0.20912489320504848,0.09906593573175859,-0.09970368416508699,0.1137928130537897,0.19345363352553172,0.18328739992486412,0.16804983474320417,0.18238014732934846,0.06582919166248355,0.06680930573124495,-0.030835549461861986,0.22340570098187063,0.03001748458978674,0.07397101665090852,-0.14386502087474973,0.07140641299245243,0.15636360765436694,0.25385985698854396,-0.10263622665486238,-0.08195235583969747
OFClat_R,0.381831168195952,-0.3574108766943502,-0.26392465090051,0.2843367417805316,0.5314636176816087,0.7691690898592282,-0.20643663707741497,0.26108153235945813,0.5998163434016116,-0.07756966874012317,1.0,0.8171239879056601,0.47305176644545843,0.3629033940332997,0.3559496927159055,0.04150138382463674,0.3691875617994349,0.06639120284384342,0.700680982039095,-0.2600911698972798,0.17990548037365267,-0.14220500827935953,0.01612776934489359,0.7152331996077078,0.44602422257754837,0.37785281782627317,-0.40785398182009575,0.0693742089301388,0.6114044961709558,0.6015924642366953,-0.057361216748773244,-0.19671386724147574,0.7396782734108022,-0.0017193359018260743,0.5527289770959782,0.3277569083563187,-0.06624494996327172,0.011440251610130514,0.5776799207248937,0.045539658561961245,0.15583743494841049,0.4876415440214844,0.018071539659288267,0.47092432838194925,0.5828009570514869,0.7052984999725088,0.5013291839912899,0.5792910512528177,-0.05887563090160608,0.7324872691041338,-0.5505777536485237,0.40083665875152946,-0.11831345663974628,0.62957542069095,0.5418705887231388,0.38510791169046305,0.21707772924570137,-0.1603203992201812,0.7314649478879406,-0.05272668383453795,0.48053454872037654,0.035750779133689285,0.22664210145880215,0.2444171387240594,0.1611054613149609,-0.3073584158449219,0.27914716149555213,-0.44172808872016883,0.5950911150153493,0.3341419894604802,-0.10265988651651592,0.6924128748558408,-0.36019639149089056,-0.5280203515266733,0.7427313161040935,-0.10080921257940632,0.479780994763001,0.10959239540919433,0.06971191794830467,0.2397630919077517,0.38427117991344145,-0.0712975459502758,0.2862139910367054,-0.2017346944052255,-0.37504871508332704,0.4599121253497791,0.2780073633844435,0.6470326881214946,-0.02158221929020103,0.31404061349834667,0.17287396544662328,0.5403469242412908,-0.3548075711927725,-0.41986970358453046,0.31076653158131196,0.49489069165549465,0.5974234724318578,-0.012727946745713845,0.6048581966943984,-0.5016677381919099,0.2896588505704335,0.3713554466183036,0.17480229735869757,0.42781827420519564,-0.4498637801295541,0.4542286167253824,0.7372274268363473,0.20018008535404633,0.5848157462247027,-0.48524020575107635
Putamen_R,0.34020984825599876,-0.25469450649724323,-0.25023790820310043,0.2845987732557336,0.7640567418121829,0.8469386416792637,0.012024523265745686,0.35798584081820617,0.6959641004455495,0.07437479329371273,0.8171239879056601,1.0,0.49810867272947895,0.6337442100868431,0.5640476867630078,0.3919187797877667,0.4184181571177001,0.25797592574374467,0.8221047022200143,-0.08738512068598496,0.42565930355139486,0.11840142439500961,-0.02875091852914754,0.8278311331208643,0.638700905086063,0.6778755691916241,-0.3054355362276046,0.15588699895723201,0.7077773490588172,0.43643809243678566,0.03066565160464864,-0.1335287547037364,0.8133894440751327,0.1528631050102557,0.6188194469973058,0.3810117661022618,0.04979179895357812,0.20656459465404425,0.746475721665802,0.16760082528741319,0.33992237116489177,0.5454307152618358,-0.09217323896730359,0.4845891118764015,0.8088128384982993,0.8552105270483769,0.6814144308028063,0.7766364920183939,0.0468058055830521,0.854771705563605,-0.35073188723097254,0.5809864643016784,0.13134244820164534,0.5640978442152825,0.4042905151828363,0.45882435846567243,0.1296653022084279,-0.090638050919184,0.6752847248220171,0.058696801454160924,0.6498517632780407,0.007301267272136727,0.4789575345962598,0.4707513663685405,0.40478557770533136,-0.31989843156899367,0.2763957471990677,-0.5012234728467935,0.7429391226630776,0.6545336373558519,-0.05877569662990518,0.8328010560759763,-0.2491374284497642,-0.34952276756555195,0.8464579870171657,-0.05443175382892373,0.6233237595392115,0.3793519357647527,0.1148112668438649,0.56140506246056,0.5945571667914857,-0.1558722289021971,0.1663988071682804,0.034735254082781136,-0.24367787105012353,0.5986451403486927,0.32770302448595945,0.5720705705957967,0.1720002885407077,0.5368599295998769,0.4689921177161956,0.5592915670571403,-0.23357028920490197,-0.24517306998377641,0.48168610122097194,0.45907386306529857,0.5640367549470929,0.10098663535174265,0.4888242736547929,-0.4040653759490794,0.0605915199093665,0.3565688405029224,0.2446899911196041,0.5254751216196593,-0.35430123028283633,0.74180261185916,0.8606830790339953,0.2772879835705007,0.6135522444678548,-0.34089834586850504
Temporal_Sup_R,-0.0035168318272366917,-0.485058528624331,-0.13260071558016573,-0.106962460489347,0.30792638248241944,0.47035469747628805,-0.22408162338638898,0.4771363905648587,0.6169260228915797,0.3835056313452605,0.47305176644545843,0.49810867272947895,1.0,0.23674894263408283,0.5970657502333488,0.0022594141831998875,0.3594471049403955,-0.10801458431246136,0.6405652097468806,-0.3408709852119127,0.11137304339199983,0.10708636324294792,-0.021268286422767936,0.48243176413747874,0.5244540651995914,0.11272645868496087,-0.5124301556742932,0.2648691750474276,0.7057099923242834,0.20222607933839779,-0.09533941569020629,-0.36952182851405246,0.33613752788561874,-0.12244979177446856,0.4963361593037369,0.18572524632127288,0.18215540995336613,0.13919100201288873,0.2905019648488667,-0.03371953056141382,-0.01432906938647038,0.4188201929616345,-0.07785835373618936,0.5608920078174019,0.28832947942691506,0.5333101143070328,0.4538260752278928,0.2276218804530277,-0.219318684234276,0.403723542911117,-0.5047942410278268,0.22657473434421083,0.3903037670886134,0.4786290176291007,0.3162434359189376,0.07668346570093365,-0.01705024993248206,0.06403792604243319,0.3478703405889108,0.10420025137646019,0.22002496874430477,0.005653080416213555,-0.0544678957496587,0.09951588961156782,0.5162370071049756,-0.15159137060696976,0.4579672705356471,-0.3608733685749672,0.40381033992987275,0.19450104415633007,-0.10923231039614262,0.32981185885114206,-0.50563947124137,-0.5461162916132571,0.47358886765128827,-0.4218514593891238,0.591545786519041,0.36584689368002304,-0.003927387894963325,0.17226053728668891,0.19736852632206398,0.004733599199428318,0.16727003905978732,0.14580509534343858,-0.5509629645156019,0.5702244966250961,0.5693616665936425,0.5079436105286721,0.030497933915640013,0.20043529190159545,0.022732962141395127,0.5162645412372386,-0.49993096116167296,-0.5001489760763517,0.24554472394924148,0.6428832833130554,0.5450881756071236,0.1881231276379847,0.4265252664300279,-0.3858176931614387,0.13477129203174737,0.23949986812129223,0.11394271110144367,0.17084190298005297,-0.6308195302603415,0.11993193182295932,0.351761291213356,-0.10130542086433768,0.409094441988648,-0.5915155343472788
Thal_VA_R,0.04607869467456331,-0.22745663204566238,0.12832411840361557,0.24773653618431965,0.5752268164531307,0.6589050710720298,0.3779857296999508,0.37901359170854226,0.32305527229311226,0.30780267219370444,0.3629033940332997,0.6337442100868431,0.23674894263408283,1.0,0.3190662080812635,0.6723090501385831,0.3674909859980696,0.3754267106460498,0.6404898521611836,0.03511036407450135,0.36745660061584307,0.13039662917578335,0.04419783849523435,0.5529311195310851,0.5092780711616013,0.6651336205258398,-0.23317025108625633,0.33019782404708636,0.37857582901924464,0.17611015620494888,0.08851334646208348,0.18250563539395923,0.4506128400877735,0.26927999303140027,0.4718677200802573,0.295615031722951,0.23985119375292857,0.23115369935833968,0.7802419696276446,0.5389153067882385,0.5189979494408018,0.23102183925101163,0.08706290858897356,-0.0232406925399223,0.707632908403054,0.7450773051106787,0.5011875622155836,0.6935633735447561,0.19742963060521837,0.5883806889317482,0.0486562511631195,0.6826374168153984,0.3418410750339671,0.15694761042856434,-0.029951933788624065,0.4131047306704992,-0.04169159841333971,0.27589529544185615,0.2001810605735496,0.3573776237707797,0.33344762321398874,0.03210717146821163,0.7350762293510935,0.5940984492333566,0.32783376491212624,0.07093232790071281,0.29076301906171426,-0.14985247504012592,0.3438755247498052,0.8060413438685892,-0.10566851437828771,0.49718211222278197,-0.20820280574757624,-0.12297824057279717,0.6651406917334205,-0.023630272266050578,0.33869867996992253,0.21770946337002833,0.3859516502370888,0.49984454767886766,0.5528556248801669,-0.13064387835868688,0.17793782854586648,0.14381911957971316,-0.19439188824994955,0.501705893331362,0.2795605423081724,0.007672326649931198,0.32887024462094566,0.8318980854796618,0.7511587537946312,0.0933279331347056,-0.21204131342122087,-0.09407796757187166,0.6028143793885061,0.11015370292686182,0.23646086251303128,0.031724774092707526,-0.034411472565342556,0.04903412770665724,-0.38942826939742026,0.31444434651070247,-0.02295098176277003,0.5742840798730384,-0.24557101167585396,0.6410964492756064,0.5578946645679561,0.43711273980789084,0.19061666724405188,-0.22238799675107934
Cerebellum_9_R,0.11120355239718997,-0.09642879442211107,-0.4641728964223212,-0.023236424543669608,0.7459373531283215,0.453142439703347,-0.16494994275945135,0.2826214607875199,0.6165232379031804,0.3128117380789173,0.3559496927159055,0.5640476867630078,0.5970657502333488,0.3190662080812635,1.0,0.10090352089045719,0.514291536829999,0.1604780941793932,0.5567954399288301,0.029103587682520304,0.2917771122365091,0.5189481212777238,-0.137631778787474,0.3894647416542436,0.6886254538186054,0.4542609869767032,-0.17350664960021078,0.32461462547571796,0.6939494107748124,0.19513123764934054,0.11334851617708594,-0.3096466815093983,0.5889287496827299,-0.09181137994709794,0.31632587891681613,0.09723739791389364,0.35338689112813687,0.40184976536909794,0.3865818116000961,0.006971592384514895,0.0004595186957311858,0.7823295421272864,-0.22040736162823724,0.6369808374719856,0.4311367245401935,0.531076748688664,0.5095287621182429,0.3434300017085586,-0.025193243002538872,0.5707896796402718,-0.23834953633876022,0.19262942491016016,0.38966324435702515,0.6536663763045535,0.19617706361245218,0.05049746716985513,-0.09287149793525303,-0.11286282603256662,0.5525175273328504,0.11182661164116951,0.5472382636620142,-0.10001059530892839,0.26119653711131985,0.15561332339837985,0.7376694435425653,-0.46483613167326815,0.30371225258367557,-0.6378528772683718,0.6903234407634828,0.3890933161855307,0.1894367002395212,0.5225526191124312,-0.11144036283132282,-0.22588832908510403,0.34221680135240173,-0.21811646795145406,0.6598659071310093,0.35632328254786166,-0.2914568827143055,0.5912594132224739,0.4739637486798902,-0.36039391311443125,0.15228865852365228,0.3806200894869024,-0.09095460133397494,0.7343105315415901,0.4757630345914879,0.6187051439428128,0.01919119781723769,0.2637283707220967,0.24222360310360105,0.6235379857827367,-0.1008437178602089,-0.1127319575929158,0.1261774776498515,0.7193562838712281,0.5454436206636694,0.2897298287116668,0.5697580425438075,-0.4844705839182603,-0.011635216090282778,-0.13847509843316316,0.4013036578443877,0.21733066408307666,-0.2387839790113584,0.3971586887410828,0.522445075080658,0.13978851559709987,0.550929717535788,-0.16545647601031035
N_Acc_L,-0.02633597958897868,0.015887324749568263,0.09354559770094047,0.2865458817538688,0.38579552980832754,0.3463308910831506,0.4054366485226322,0.09368585713071988,0.1722346683168864,0.25288783454123337,0.04150138382463674,0.3919187797877667,0.0022594141831998875,0.6723090501385831,0.10090352089045719,1.0,-0.012552519614312235,0.45703842167998693,0.38753272208072176,0.1250379085963049,0.3461220376034069,0.19063978223705033,-0.1331871710882219,0.32915613797487997,0.15301509969709082,0.5591808337747322,-0.007861015953301841,0.15991632854469434,0.1569965868822388,-0.09613889751667089,0.14147044252520727,0.12607273343696293,0.2825280623513222,0.524174063756609,0.30411831152418306,0.17878415829338698,0.16740799587916552,0.11196474506232552,0.522581961279822,0.4072814607141457,0.5260930579679312,-0.019667975529541103,0.023493794115756892,-0.11790230326311407,0.588803954876169,0.4414752213761297,0.33546537324755016,0.4651520539760499,0.29472264086325634,0.30717744098042576,0.24272888366212012,0.448275792036437,0.2567152672121735,-0.060057511215199075,-0.12753727923435898,0.27641619668179257,-0.04594783723835109,0.23457118594523343,-0.04726571879687152,0.3656050957424444,0.35508953539427157,0.09715153775645087,0.6367956295210122,0.49268588326790397,0.21751487123090404,0.12409364215271146,0.10865255240559427,-0.0096407632102893,0.2630356085346903,0.6676953846058,-0.12232391091830654,0.30596185465699527,0.0339375100268446,0.10270225316704971,0.4088449251496601,0.12451953920182222,0.009072775746708723,0.32564623013844735,0.2587123351954587,0.45196528126148944,0.40311063767272776,0.07469093119919219,-0.16785112608136923,0.07166079388398552,0.01938282474463293,0.24881585207090165,0.04746789913126758,-0.1634272233340205,0.6125990095779579,0.6180728915031923,0.6923544289793945,-0.07161957155112784,0.04672867542761252,0.14380045244983403,0.4146899222004159,-0.10360542865284093,0.05448606430647802,0.0884937740280749,-0.16502769299706962,0.17125631357831994,-0.47849071511929936,0.2709980118745611,-0.06505984783695183,0.3602105640829385,-0.01298792505558351,0.5654757734564608,0.36292203074939167,0.3295311447360833,0.05214103027926973,0.030635591589576336
OFCpost_R,0.5138293448734607,-0.2160209146526191,0.07484740734609518,0.06666824915557039,0.5211118010280114,0.5486217911848776,0.14922883872964612,0.4732669649892314,0.4968892887079776,0.3892992593142576,0.3691875617994349,0.4184181571177001,0.3594471049403955,0.3674909859980696,0.514291536829999,-0.012552519614312235,1.0,-0.08237025838165761,0.4060958334305102,-0.12373031906695035,-0.02557736716205781,0.22726983858640198,0.4989016973904974,0.34330399441855747,0.5158575286419248,0.35091683540803126,-0.2901392170864371,0.5884492230675604,0.5024319909229048,0.5801533744432829,0.22745878023203148,0.002906852925644179,0.36858503627304173,-0.4009025786366218,0.36506415242333856,0.19322928310699364,0.2713201278376134,0.3573558685677877,0.21230574340765304,0.4019897525860407,0.05572868444349606,0.5289027464397583,-0.023894794936331582,0.04578478365676472,0.3326071970222977,0.5614930749258351,0.32664664566664886,0.509464198929881,0.12224339417048011,0.5721005225805016,-0.003723475276643576,0.1412552504837969,0.48163502247738676,0.4178769190589897,0.10839989945528758,0.2706362504675855,-0.30724782639503834,0.30892015820228746,0.4032345919396018,0.31905631361198944,0.25540396646226177,0.03621436747699857,0.1841433765140619,0.3346071216172718,0.5467672860850273,-0.21216700761094923,0.2856084320276423,-0.22760929593932513,0.2548184568023419,0.24309559525528382,0.03499539926112152,0.4668881107274284,-0.2756286578414186,-0.22348839947988322,0.3331430848529503,-0.25119487540104907,0.558249832901605,0.01719804506996728,0.22246228412171576,0.27291046929286183,0.5984637499768075,-0.4481125145335038,0.23268176413824498,0.29545024806871395,-0.27230658351995435,0.6927288261810932,0.5188750499094295,0.23006332959870016,-0.03463771957242783,0.1629555419104045,0.12375983653930879,0.19006846442481817,-0.2549774574487875,-0.15224031110368566,0.39861124422554983,0.34859747557480797,0.27482660892912275,0.12909099895570122,0.2616508210711988,-0.19008312476312572,0.09379457793315421,0.1432171422733716,0.3529432847165854,0.501350913516631,-0.2791539043700145,0.2605771897817766,0.48534708167094504,0.2942384430005141,0.13101415573742053,-0.27442702221668996
