,SN_pc_L,Thal_MDm_R,OFCpost_R,Temporal_Sup_R,OFClat_L,Heschl_R,Cuneus_L,Occipital_Inf_R,Temporal_Inf_R,Red_N_R,Vermis_8,Thal_AV_L,Thal_LGN_L,Paracentral_Lobule_R,Vermis_9,Amygdala_R,Temporal_Sup_L,N_Acc_L,Thal_Re_L,Precentral_L,Raphe_D,Frontal_Inf_Orb_2_R,Insula_L,Postcentral_L,Vermis_7,Hippocampus_R,Cerebellum_10_R,Parietal_Sup_L,Precuneus_L,SupraMarginal_R,Vermis_6,ACC_sub_L,Occipital_Sup_R,ParaHippocampal_L,Supp_Motor_Area_L,SN_pr_L,Temporal_Mid_R,Frontal_Inf_Orb_2_L,Frontal_Mid_2_R,Frontal_Sup_2_L,Temporal_Inf_L,Vermis_1_2,Thal_VL_L,Thal_LP_R,Rolandic_Oper_R
SN_pc_L,1.0,0.848500587075216,0.733709320656014,0.9000043806805832,0.2581253444859062,0.9088566021937038,-0.2236513274241643,0.23804905506149185,0.9383556825751987,0.8472027403280111,0.5411143348513952,0.8010289838908732,0.24586140473114776,-0.536552084764498,0.33289543236940805,0.8720970945592548,0.12660468613849887,0.5068240749142647,0.8716865988928171,-0.5610219145710027,0.7133143409930751,0.8883361770870225,0.30287978500045043,-0.6814667036631261,0.514960697718139,0.9633436163832901,0.8496771641908124,-0.9135848297915691,-0.12727710363272754,0.4613207985210071,0.5868993598310888,0.41642579537317587,-0.142984059506923,0.676206614260213,-0.6370719335939322,0.9302417155854031,0.8396320495739914,0.004545605133481044,0.14808683356609972,-0.811312465132952,0.2204006652887781,0.31728725164833216,0.7195628076679575,0.866016904534713,0.8923545839860851
Thal_MDm_R,0.848500587075216,1.0,0.7859124008174326,0.9873562830376224,0.05915729428438804,0.940885543470734,-0.397919228214576,0.2656055783516942,0.9561703911186997,0.9040404760036054,0.39621137835634773,0.9896703542157453,0.08925565535199977,-0.13433149607653092,0.1463457870842195,0.8688823987289817,-0.08846189097328765,-0.006727485715232473,0.8500086874407426,-0.5892573078731258,0.8008317096379738,0.9437909694167516,-0.03930630113669052,-0.661234810632144,0.2283128495337385,0.954420732271672,0.9055284726799178,-0.9567838622191847,-0.527873045075606,0.7421094808444764,0.39522016079037725,-0.0350766667681399,-0.26410364592033825,0.4960895228494305,-0.345062521192788,0.7209261668460409,0.9345193819937214,-0.3958864451334452,0.527787671426212,-0.8712060668721918,-0.030104691552319256,0.05263004014102217,0.7933455935265231,0.9511784152071143,0.9602977710069116
OFCpost_R,0.733709320656014,0.7859124008174326,1.0,0.8525831641153188,-0.4452496444018562,0.9074208684253253,0.22621300028523622,0.7918552191331942,0.8806409940623776,0.9674107956769681,-0.12682999031734485,0.7252475875201858,-0.4458019046680625,-0.4240789536427906,-0.3790914536382305,0.9708639175277921,-0.5632405961031965,0.14099257930993436,0.44913904080022365,-0.9207295498777956,0.9921008598204947,0.932876373754006,-0.38152058235106867,-0.9731218833635298,0.41006672860795035,0.7788071392825838,0.9663119712004147,-0.8971215705654407,-0.4120980777826355,0.8982448083361408,-0.05246535204962467,-0.06103411372364827,0.3739567163124892,0.025671939984775703,-0.7559714866579347,0.45149959498708975,0.9523642560594823,-0.5204937590845229,0.7091880374736429,-0.5176033801742617,-0.4906996664142174,-0.4031695332086693,0.2732605692133911,0.6388865884233548,0.9141240820326636
Temporal_Sup_R,0.9000043806805832,0.9873562830376224,0.8525831641153188,1.0,0.013660997476075234,0.9786324931646131,-0.2832022282467389,0.36189141779790146,0.989704138724904,0.9509193589557483,0.35441614335585137,0.9613362593660627,0.03156317669130587,-0.26233240032450605,0.10073426819806242,0.9314939130182438,-0.1343030366054593,0.1113232791097853,0.832628880264021,-0.6717565734395365,0.8593690239710858,0.9807640350650615,-0.03707078719365912,-0.7530057472679867,0.31620868861079654,0.9763288089257539,0.9526393272374607,-0.9887003108879681,-0.4653079596931449,0.7545144532143305,0.3723067128649734,0.03930289214060412,-0.14928541986566085,0.47541705614294555,-0.48704529294618104,0.751921558575591,0.9682832392152623,-0.36525960306937744,0.5166916768183606,-0.8472286967725726,-0.0636405671703718,0.02824619069096746,0.7328946445736,0.9335429927008614,0.9902133146752232
OFClat_L,0.2581253444859062,0.05915729428438804,-0.4452496444018562,0.013660997476075234,1.0,-0.09412924629532071,-0.645210374673841,-0.8183775835171928,0.00029999329129487,-0.24451413139286088,0.9356600710312327,0.11108768831090425,0.9953003492389746,-0.08874788315099408,0.9872060686411386,-0.22555631371624907,0.9881118992177175,0.39150628932012527,0.5400258674080701,0.6352359339507349,-0.4651804607668519,-0.12231962770772525,0.9434904301262376,0.5186050245239543,0.14600805462640856,0.17837363880871923,-0.24536456111933705,0.05065101076929958,0.42352333719985025,-0.6058162908303684,0.9000759725925374,0.6311116245680676,-0.7488157172457769,0.880797905554418,0.32133703018069326,0.5859099790282772,-0.2239710274551797,0.7473753963888572,-0.7683829376092676,-0.3108290210266,0.9920234740223486,0.9846625406559261,0.6293879222373494,0.24906639792559068,-0.0981657620256644
Heschl_R,0.9088566021937038,0.940885543470734,0.9074208684253253,0.9786324931646131,-0.09412924629532071,1.0,-0.16544539267915004,0.46807747253872733,0.991991117970457,0.9774733488929781,0.24162793808812144,0.8882641643629985,-0.087837460127491,-0.32297787696469765,0.0031963813155274296,0.9706180630025023,-0.23790100504745673,0.18028447059895295,0.7665226679390261,-0.7890018016829193,0.9136368369979145,0.9848871450955622,-0.10491680472559303,-0.8489686327884532,0.315473100501488,0.960803561353455,0.9834164863183149,-0.9903521090899728,-0.46676700344197775,0.766283986272328,0.2643921873511063,0.03109044602235954,-0.0242863879813499,0.38564724164145103,-0.6206854534175873,0.7193698126502431,0.9827409630673941,-0.4032848401843523,0.5409361059210022,-0.8203382476044758,-0.1530691887571404,-0.050000917229426706,0.6170601584836565,0.8941510424659893,0.9929356932075559
Cuneus_L,-0.2236513274241643,-0.397919228214576,0.22621300028523622,-0.2832022282467389,-0.645210374673841,-0.16544539267915004,1.0,0.7358801960398698,-0.19913301855076945,-0.0027822602470269886,-0.7033792899819722,-0.44621886875315386,-0.6895357125447106,-0.5462513236152975,-0.7195267491917569,0.06439462926270427,-0.5839925494157778,0.30432578345785943,-0.6467605972475347,-0.320992603935465,0.17138878169155533,-0.09406678332441276,-0.3714132618860406,-0.3466171762980486,0.4509443376931462,-0.3390438981137844,-0.016161693463154606,0.18097013057880315,0.3997026638090377,0.1394523988555606,-0.5473468246263357,0.13105712853978807,0.9826792414498633,-0.6475731159847703,-0.5535698347200191,-0.4003749052895656,-0.07439784985061013,0.010870409760425774,0.13058269223313934,0.6741723262502797,-0.5811237872710796,-0.5998327228963948,-0.784009968977854,-0.5776324967257969,-0.1630975248348552
Occipital_Inf_R,0.23804905506149185,0.2656055783516942,0.7918552191331942,0.36189141779790146,-0.8183775835171928,0.46807747253872733,0.7358801960398698,1.0,0.4131970599157384,0.6196952929339323,-0.6401900584996326,0.20088177955717587,-0.8342388267954066,-0.43827433324214954,-0.8114363178989379,0.6399773249531527,-0.856515136626673,0.07404805865768957,-0.17775590396152022,-0.8332257887579129,0.7706928439068684,0.5263548362681981,-0.6554654615411698,-0.8436659683164511,0.38639527609410745,0.24233136875831235,0.6104301192723949,-0.4465099364605738,-0.19288333866085164,0.7558251591230983,-0.521263583733468,-0.16967002348153976,0.84329332237134,-0.5196401685219277,-0.7419092605511569,-0.09075220665429255,0.5745114026443652,-0.5138546439262717,0.6928135975848814,0.09006779668512939,-0.818040259977965,-0.7771083551578571,-0.3540708271289841,0.044311047603744734,0.47843083271527015
Temporal_Inf_R,0.9383556825751987,0.9561703911186997,0.8806409940623776,0.989704138724904,0.00029999329129487,0.991991117970457,-0.19913301855076945,0.4131970599157384,1.0,0.9660827469050584,0.3355886305132433,0.9147569425045443,0.0069086213219544945,-0.3670223153769993,0.08759378817022931,0.9615023979346446,-0.1446732854806098,0.2275019223921281,0.8156267367329999,-0.7201100142666477,0.8796349077210148,0.987782318669332,-0.008763886078850596,-0.8054095376274791,0.3838488252638054,0.9819332084511093,0.9684941283287336,-0.9952847052303643,-0.39563693689750856,0.7277661123515459,0.3674253867358338,0.11780320218341249,-0.0703210960573979,0.4721540741363779,-0.5973130699406004,0.781135928090635,0.9718639570304579,-0.3143201474147937,0.4720167717096082,-0.8268026138942717,-0.06272680949018035,0.03558183696928612,0.6807061884383153,0.9094297252035917,0.9929512734697046
Red_N_R,0.8472027403280111,0.9040404760036054,0.9674107956769681,0.9509193589557483,-0.24451413139286088,0.9774733488929781,-0.0027822602470269886,0.6196952929339323,0.9660827469050584,1.0,0.09902974761967875,0.8551648311206133,-0.2386283061861752,-0.3728653039742891,-0.1636820807773759,0.9886462065956843,-0.3806828778990705,0.14543514978835625,0.6473151785444222,-0.8463484853000214,0.9689191705870899,0.9884640753832691,-0.22949701210997675,-0.9112612210205533,0.3856036212484447,0.9003947800693801,0.9954364729551405,-0.9744553895207643,-0.45202014083079783,0.8535929863556424,0.14687445337329408,-0.007177861778587551,0.14389380792945852,0.23994907544438168,-0.6772763809233155,0.6169915629911503,0.9935220808726484,-0.462703826092029,0.6361592157165465,-0.6967064454438724,-0.30265601827235417,-0.20974428194460232,0.49559464818278715,0.8039841207648352,0.9832699571619689
Vermis_8,0.5411143348513952,0.39621137835634773,-0.12682999031734485,0.35441614335585137,0.9356600710312327,0.24162793808812144,-0.7033792899819722,-0.6401900584996326,0.3355886305132433,0.09902974761967875,1.0,0.4405739183268034,0.9400459637238967,-0.1638662094249102,0.9513388761209675,0.10143298855708309,0.8749622700612638,0.38135709288700825,0.7839230512715064,0.37347063530101676,-0.14170659606425523,0.21976675354435318,0.8600737410350991,0.23558430427796614,0.2559700113257222,0.4934768770974586,0.09219035332540933,-0.28858810993193573,0.23110770665894134,-0.29947089472863764,0.9727647286040959,0.5946740491891124,-0.7541852090798493,0.9799888215524307,0.1465207813639261,0.7961250940807256,0.12090519334064731,0.5661220221284926,-0.5308109210076685,-0.5729516930688512,0.9008660640729376,0.9203340214270195,0.8437753301357446,0.5503717940738335,0.24505436276892095
Thal_AV_L,0.8010289838908732,0.9896703542157453,0.7252475875201858,0.9613362593660627,0.11108768831090425,0.8882641643629985,-0.44621886875315386,0.20088177955717587,0.9147569425045443,0.8551648311206133,0.4405739183268034,1.0,0.14797014615544044,-0.08929610957933058,0.186468978176741,0.8100531859430978,-0.03349233378148465,-0.06368226819831777,0.8487118815610046,-0.49409298241063704,0.7415222156651717,0.9054386334051194,-0.00991005475273616,-0.578310026806419,0.2247413386306404,0.920541060972519,0.8513046036305022,-0.9166560576268523,-0.5102914355193802,0.7177381182667845,0.43712677153120116,-0.03643012602468085,-0.32096940283869974,0.519160394847556,-0.24593832993070122,0.7018580049903372,0.8903576303613938,-0.3660024857534001,0.5064996220273873,-0.8413931374414615,0.012291541993487167,0.08285265927905007,0.8284800840931663,0.9325197783749709,0.9210077831631454
Thal_LGN_L,0.24586140473114776,0.08925565535199977,-0.4458019046680625,0.03156317669130587,0.9953003492389746,-0.087837460127491,-0.6895357125447106,-0.8342388267954066,0.0069086213219544945,-0.2386283061861752,0.9400459637238967,0.14797014615544044,1.0,-0.028565345240218223,0.9827605655929338,-0.22908775573426618,0.9817149099286746,0.32167649802732773,0.5513676350638698,0.6474796336842358,-0.4621911526450535,-0.11376528315185096,0.9159770091513928,0.5348813520725751,0.11528343428874592,0.18520767286514123,-0.23995560227824067,0.04317576827198367,0.3756112580217659,-0.5734679915415491,0.9009478038596271,0.5779177082902753,-0.7882691230716532,0.8785011884871524,0.3783072900891513,0.5702225180154398,-0.21077993254271352,0.7041320295335276,-0.7284056958806125,-0.33137367752560887,0.9795719484640251,0.9672775258669501,0.661907695166543,0.2714793313860787,-0.0870960534859687
Paracentral_Lobule_R,-0.536552084764498,-0.13433149607653092,-0.4240789536427906,-0.26233240032450605,-0.08874788315099408,-0.32297787696469765,-0.5462513236152975,-0.43827433324214954,-0.3670223153769993,-0.3728653039742891,-0.1638662094249102,-0.08929610957933058,-0.028565345240218223,1.0,-0.044865470882506114,-0.4707592249805339,-0.06497980676584593,-0.8869952893306118,-0.17944959795079193,0.2940263661353741,-0.3396646184683667,-0.3770397570760993,-0.37764346686826566,0.475746954139031,-0.9142174080843626,-0.340474645366597,-0.35573551377661394,0.3451960657352477,-0.6212486892098493,-0.0629175926005766,-0.3384550936090705,-0.8033031164822574,-0.5129730718152421,-0.27007118777556477,0.7985349279475069,-0.5122821720016777,-0.30073641763899434,-0.48876853158063543,0.2457800741302091,-0.041618063213824955,-0.12770942749210798,-0.1632425639279031,0.007546330294664275,-0.0629475306777217,-0.3176575027755401
Vermis_9,0.33289543236940805,0.1463457870842195,-0.3790914536382305,0.10073426819806242,0.9872060686411386,0.0031963813155274296,-0.7195267491917569,-0.8114363178989379,0.08759378817022931,-0.1636820807773759,0.9513388761209675,0.186468978176741,0.9827605655929338,-0.044865470882506114,1.0,-0.14965103750106715,0.9597262135544199,0.366729082541515,0.6245220217117697,0.5463232746023148,-0.3882793916934294,-0.04405367716399994,0.9095163219134789,0.447951345301736,0.07451359430896365,0.2677920290049854,-0.15919976987849502,-0.037248957856242416,0.30641489504706465,-0.5480752126550474,0.8924787751215835,0.5704422191243698,-0.802273260914618,0.9105783573265428,0.28675746836480015,0.6415242141662516,-0.13904501594658267,0.6619617909046198,-0.7042484276391616,-0.43358429729680664,0.9756118285334121,0.9857871555737361,0.6929204001410678,0.35757954152994703,-0.010502997907975976
Amygdala_R,0.8720970945592548,0.8688823987289817,0.9708639175277921,0.9314939130182438,-0.22555631371624907,0.9706180630025023,0.06439462926270427,0.6399773249531527,0.9615023979346446,0.9886462065956843,0.10143298855708309,0.8100531859430978,-0.22908775573426618,-0.4707592249805339,-0.14965103750106715,1.0,-0.3578355711493983,0.2600868303402536,0.636284762533375,-0.8525584287904864,0.9596046411205882,0.9815638918471732,-0.1721351866589407,-0.9304232771988349,0.45178803477264273,0.8998127076483597,0.9912157768292924,-0.9654788485443668,-0.35767804393329716,0.8102917241262183,0.16583105856574543,0.08471354396790642,0.20055992124794228,0.2584648654415817,-0.7468046871880967,0.6478572596293173,0.9789578452611379,-0.383121304925536,0.5690265051046461,-0.6657561042158074,-0.2742764587649006,-0.17574948948079466,0.4588513642399042,0.7706787281990182,0.9707770695539415
Temporal_Sup_L,0.12660468613849887,-0.08846189097328765,-0.5632405961031965,-0.1343030366054593,0.9881118992177175,-0.23790100504745673,-0.5839925494157778,-0.856515136626673,-0.1446732854806098,-0.3806828778990705,0.8749622700612638,-0.03349233378148465,0.9817149099286746,-0.06497980676584593,0.9597262135544199,-0.3578355711493983,1.0,0.3835803322801108,0.4076789330583415,0.7294116270146208,-0.5865082513936836,-0.2643164130634059,0.9457007045485002,0.6227910727351876,0.12065979744701681,0.032684939167578475,-0.38249974500018985,0.19577733354395646,0.5053258500224787,-0.7105612574767312,0.8440779930316058,0.6319337190529614,-0.7085830474050391,0.8034217817587088,0.3837281446395954,0.4717297136523012,-0.36349899408790104,0.8042866077209031,-0.8428569081139589,-0.17561460794470696,0.992973774592878,0.9699273373614852,0.5122184227794049,0.10326360552045721,-0.2432537497747025
N_Acc_L,0.5068240749142647,-0.006727485715232473,0.14099257930993436,0.1113232791097853,0.39150628932012527,0.18028447059895295,0.30432578345785943,0.07404805865768957,0.2275019223921281,0.14543514978835625,0.38135709288700825,-0.06368226819831777,0.32167649802732773,-0.8869952893306118,0.366729082541515,0.2600868303402536,0.3835803322801108,1.0,0.2542831441833468,-0.06888077486069373,0.0630791456190009,0.17395633598996496,0.6572663038248306,-0.22052092176815227,0.7326102969085135,0.272317587805626,0.14620863606472922,-0.18207004795691378,0.7149519330392755,-0.29015818575483615,0.503474769458617,0.9131489637418672,0.23060226814426993,0.47520768032121946,-0.6465046171091874,0.5920690928044815,0.08416536156655746,0.7088881186734997,-0.5727745814066415,-0.040930674212934094,0.45454178049696964,0.49535715397676217,0.0701554966351264,0.05605435203560752,0.13909290727688287
Thal_Re_L,0.8716865988928171,0.8500086874407426,0.44913904080022365,0.832628880264021,0.5400258674080701,0.7665226679390261,-0.6467605972475347,-0.17775590396152022,0.8156267367329999,0.6473151785444222,0.7839230512715064,0.8487118815610046,0.5513676350638698,-0.17944959795079193,0.6245220217117697,0.636284762533375,0.4076789330583415,0.2542831441833468,1.0,-0.23731292259789905,0.45700716679836084,0.7341773581878251,0.44376066400534847,-0.3401689042711448,0.21982567085660612,0.9056929451286809,0.6533175676632877,-0.7889844310778642,-0.24578847563307146,0.28772020081046473,0.7496612115599142,0.29476179528387864,-0.5814931542867942,0.8568218912562526,-0.2075503172510371,0.9255197567830328,0.6764937987537435,0.040809997986253496,0.03562028783006754,-0.9219702761773316,0.4731676959625445,0.5556141093466694,0.9502359770303662,0.9385886905977807,0.7642965128421204
Precentral_L,-0.5610219145710027,-0.5892573078731258,-0.9207295498777956,-0.6717565734395365,0.6352359339507349,-0.7890018016829193,-0.320992603935465,-0.8332257887579129,-0.7201100142666477,-0.8463484853000214,0.37347063530101676,-0.49409298241063704,0.6474796336842358,0.2940263661353741,0.5463232746023148,-0.8525584287904864,0.7294116270146208,-0.06888077486069373,-0.23731292259789905,1.0,-0.9314304603401,-0.7708519082161865,0.5618692419733442,0.967593682726723,-0.17174681537074082,-0.5978454903060664,-0.8566646565764362,0.7439548709585899,0.513062294904537,-0.8237229866815259,0.33580547706852354,0.24448807977821016,-0.4765671519561557,0.21427513467709156,0.7771162522582923,-0.23259780659870266,-0.8239261526451537,0.6504442620234032,-0.7440311560443057,0.41991620206133723,0.6500765313819489,0.5553175564734568,-0.01888356962531757,-0.48330394124669573,-0.7631536667017098
Raphe_D,0.7133143409930751,0.8008317096379738,0.9921008598204947,0.8593690239710858,-0.4651804607668519,0.9136368369979145,0.17138878169155533,0.7706928439068684,0.8796349077210148,0.9689191705870899,-0.14170659606425523,0.7415222156651717,-0.4621911526450535,-0.3396646184683667,-0.3882793916934294,0.9596046411205882,-0.5865082513936836,0.0630791456190009,0.45700716679836084,-0.9314304603401,1.0,0.9303726894693396,-0.4292635307624146,-0.9649788394230417,0.32226119035047746,0.7777544935555281,0.9676970481481549,-0.8994290834071157,-0.49724631351343923,0.916547695051748,-0.08846165036637862,-0.14243243540204595,0.3286794511890873,0.005777251370940276,-0.7149317676266987,0.4262474537335625,0.9575115295821564,-0.5885292484885525,0.754855111319559,-0.5518462114874585,-0.5146512370327834,-0.4247526822930759,0.28782677754542185,0.6658253664877563,0.9184384410722684
Frontal_Inf_Orb_2_R,0.8883361770870225,0.9437909694167516,0.932876373754006,0.9807640350650615,-0.12231962770772525,0.9848871450955622,-0.09406678332441276,0.5263548362681981,0.987782318669332,0.9884640753832691,0.21976675354435318,0.9054386334051194,-0.11376528315185096,-0.3770397570760993,-0.04405367716399994,0.9815638918471732,-0.2643164130634059,0.17395633598996496,0.7341773581878251,-0.7708519082161865,0.9303726894693396,1.0,-0.12108941087618297,-0.8569659303209037,0.406417413142207,0.9451658500869777,0.9874411484134413,-0.9914046793425092,-0.41431417317249963,0.8123227550208723,0.2656207212745621,0.05870156730455805,0.043620026610611186,0.35742598427764727,-0.6222236661336159,0.6977046744230413,0.9912013712150144,-0.3858133902056469,0.5680280667110276,-0.7476743770916991,-0.18904111059071826,-0.09529562410071626,0.5981030267440943,0.854857923587175,0.9962282074907756
Insula_L,0.30287978500045043,-0.03930630113669052,-0.38152058235106867,-0.03707078719365912,0.9434904301262376,-0.10491680472559303,-0.3714132618860406,-0.6554654615411698,-0.008763886078850596,-0.22949701210997675,0.8600737410350991,-0.00991005475273616,0.9159770091513928,-0.37764346686826566,0.9095163219134789,-0.1721351866589407,0.9457007045485002,0.6572663038248306,0.44376066400534847,0.5618692419733442,-0.4292635307624146,-0.12108941087618297,1.0,0.4115283234121009,0.3834312588277359,0.1497840003368978,-0.231889417405689,0.06525431074534266,0.6581043351757142,-0.6467638106612204,0.8828420235917828,0.8411785924284344,-0.4956436814867043,0.8353741197692179,0.08197284196593785,0.6114208380981587,-0.2356518080321975,0.8974427307453519,-0.8655920142249172,-0.16927354167055264,0.9636750765760222,0.959340571195615,0.468958017954871,0.12688001434613647,-0.11810449430606584
Postcentral_L,-0.6814667036631261,-0.661234810632144,-0.9731218833635298,-0.7530057472679867,0.5186050245239543,-0.8489686327884532,-0.3466171762980486,-0.8436659683164511,-0.8054095376274791,-0.9112612210205533,0.23558430427796614,-0.578310026806419,0.5348813520725751,0.475746954139031,0.447951345301736,-0.9304232771988349,0.6227910727351876,-0.22052092176815227,-0.3401689042711448,0.967593682726723,-0.9649788394230417,-0.8569659303209037,0.4115283234121009,1.0,-0.3846068321275221,-0.6929588492217029,-0.9144019269659087,0.8217362074261813,0.36289452140664213,-0.8270515866472501,0.16255063378257426,0.04554261618698781,-0.4886099339514061,0.07035057708280615,0.8511521613264522,-0.3847603937655674,-0.882053859738076,0.49998064667059927,-0.6640205028053986,0.43347595697539215,0.5404098372731866,0.4457672991028905,-0.11779964221422265,-0.5345373856890302,-0.8364374096312661
Vermis_7,0.514960697718139,0.2283128495337385,0.41006672860795035,0.31620868861079654,0.14600805462640856,0.315473100501488,0.4509443376931462,0.38639527609410745,0.3838488252638054,0.3856036212484447,0.2559700113257222,0.2247413386306404,0.11528343428874592,-0.9142174080843626,0.07451359430896365,0.45178803477264273,0.12065979744701681,0.7326102969085135,0.21982567085660612,-0.17174681537074082,0.32226119035047746,0.406417413142207,0.3834312588277359,-0.3846068321275221,1.0,0.35759800079477294,0.35111528963782457,-0.3601543284232634,0.6101447243992659,0.14531017436712107,0.4547013409069288,0.7703616503407474,0.41389529567879346,0.32231035320625345,-0.6158012015303646,0.5059094218413044,0.3272686385414267,0.47282608193815434,-0.18637485540378515,0.04360732943357384,0.15677547987466103,0.15895649550049387,0.1274343359352548,0.10308663985452489,0.34238806398982263
Hippocampus_R,0.9633436163832901,0.954420732271672,0.7788071392825838,0.9763288089257539,0.17837363880871923,0.960803561353455,-0.3390438981137844,0.24233136875831235,0.9819332084511093,0.9003947800693801,0.4934768770974586,0.920541060972519,0.18520767286514123,-0.340474645366597,0.2677920290049854,0.8998127076483597,0.032684939167578475,0.272317587805626,0.9056929451286809,-0.5978454903060664,0.7777544935555281,0.9451658500869777,0.1497840003368978,-0.6929588492217029,0.35759800079477294,1.0,0.907356503710055,-0.9686041144473386,-0.3446479444376972,0.6054929769887417,0.5096248526623476,0.1978259913616484,-0.22791520310034405,0.6207551612918932,-0.5105495662969928,0.8667067314861339,0.9146646032643391,-0.197292732290691,0.33510773772499425,-0.8895368578331799,0.114088823841303,0.2126807702373402,0.7883637697498952,0.9504869954749648,0.9580940972701675
Cerebellum_10_R,0.8496771641908124,0.9055284726799178,0.9663119712004147,0.9526393272374607,-0.24536456111933705,0.9834164863183149,-0.016161693463154606,0.6104301192723949,0.9684941283287336,0.9954364729551405,0.09219035332540933,0.8513046036305022,-0.23995560227824067,-0.35573551377661394,-0.15919976987849502,0.9912157768292924,-0.38249974500018985,0.14620863606472922,0.6533175676632877,-0.8566646565764362,0.9676970481481549,0.9874411484134413,-0.231889417405689,-0.9144019269659087,0.35111528963782457,0.907356503710055,1.0,-0.9759544038048268,-0.4676852057044428,0.8493804451995908,0.13547562775829156,-0.022866223001671484,0.13227102185460285,0.24154826189156273,-0.6731309905710253,0.6171068081556154,0.995529169868624,-0.4736830269814556,0.6365210143630544,-0.7148139597879976,-0.3033175077467412,-0.2048846653654435,0.4956116121447159,0.8115743167043492,0.9849762500085528
Parietal_Sup_L,-0.9135848297915691,-0.9567838622191847,-0.8971215705654407,-0.9887003108879681,0.05065101076929958,-0.9903521090899728,0.18097013057880315,-0.4465099364605738,-0.9952847052303643,-0.9744553895207643,-0.28858810993193573,-0.9166560576268523,0.04317576827198367,0.3451960657352477,-0.037248957856242416,-0.9654788485443668,0.19577733354395646,-0.18207004795691378,-0.7889844310778642,0.7439548709585899,-0.8994290834071157,-0.9914046793425092,0.06525431074534266,0.8217362074261813,-0.3601543284232634,-0.9686041144473386,-0.9759544038048268,1.0,0.43694676005803806,-0.763720012994573,-0.3176208668030877,-0.06839024574119433,0.045463289802140386,-0.42407691242784024,0.5949923198987274,-0.7426920965714697,-0.9806266064863012,0.3636684298129792,-0.521079950654351,0.812508423428006,0.11648388505729905,0.018389214061917764,-0.6557991005253635,-0.8982419839188396,-0.9958218145035397
Precuneus_L,-0.12727710363272754,-0.527873045075606,-0.4120980777826355,-0.4653079596931449,0.42352333719985025,-0.46676700344197775,0.3997026638090377,-0.19288333866085164,-0.39563693689750856,-0.45202014083079783,0.23110770665894134,-0.5102914355193802,0.3756112580217659,-0.6212486892098493,0.30641489504706465,-0.35767804393329716,0.5053258500224787,0.7149519330392755,-0.24578847563307146,0.513062294904537,-0.49724631351343923,-0.41431417317249963,0.6581043351757142,0.36289452140664213,0.6101447243992659,-0.3446479444376972,-0.4676852057044428,0.43694676005803806,1.0,-0.6443166297281209,0.36678386011518166,0.8274769025516101,0.23847984841650874,0.2029981755858802,-0.10472633712853255,0.07629526231038584,-0.5032035121610641,0.9102514620072615,-0.7986642846293084,0.5423785549651965,0.4927336286524325,0.44014184953093666,-0.2565728372716759,-0.5144623034885926,-0.46511475701271304
SupraMarginal_R,0.4613207985210071,0.7421094808444764,0.8982448083361408,0.7545144532143305,-0.6058162908303684,0.766283986272328,0.1394523988555606,0.7558251591230983,0.7277661123515459,0.8535929863556424,-0.29947089472863764,0.7177381182667845,-0.5734679915415491,-0.0629175926005766,-0.5480752126550474,0.8102917241262183,-0.7105612574767312,-0.29015818575483615,0.28772020081046473,-0.8237229866815259,0.916547695051748,0.8123227550208723,-0.6467638106612204,-0.8270515866472501,0.14531017436712107,0.6054929769887417,0.8493804451995908,-0.763720012994573,-0.6443166297281209,1.0,-0.2596231055900104,-0.42314559876632096,0.30555027112031635,-0.197771326795511,-0.43586080313161296,0.15656901969605833,0.8656452075705053,-0.7747042471562674,0.9255437595619258,-0.4163955671378488,-0.6798733599575136,-0.622796677982375,0.21096698926609184,0.5461624209647349,0.801159612837279
Vermis_6,0.5868993598310888,0.39522016079037725,-0.05246535204962467,0.3723067128649734,0.9000759725925374,0.2643921873511063,-0.5473468246263357,-0.521263583733468,0.3674253867358338,0.14687445337329408,0.9727647286040959,0.43712677153120116,0.9009478038596271,-0.3384550936090705,0.8924787751215835,0.16583105856574543,0.8440779930316058,0.503474769458617,0.7496612115599142,0.33580547706852354,-0.08846165036637862,0.2656207212745621,0.8828420235917828,0.16255063378257426,0.4547013409069288,0.5096248526623476,0.13547562775829156,-0.3176208668030877,0.36678386011518166,-0.2596231055900104,1.0,0.7149594374089863,-0.6082055116953986,0.9675523381517714,0.03264720632504983,0.823291341415971,0.15894108665022208,0.6378161705171048,-0.545103305236712,-0.49776242085502104,0.870609071097172,0.8830829711685312,0.7957657054331332,0.5051867074493466,0.2745025668309032
ACC_sub_L,0.41642579537317587,-0.0350766667681399,-0.06103411372364827,0.03930289214060412,0.6311116245680676,0.03109044602235954,0.13105712853978807,-0.16967002348153976,0.11780320218341249,-0.007177861778587551,0.5946740491891124,-0.03643012602468085,0.5779177082902753,-0.8033031164822574,0.5704422191243698,0.08471354396790642,0.6319337190529614,0.9131489637418672,0.29476179528387864,0.24448807977821016,-0.14243243540204595,0.05870156730455805,0.8411785924284344,0.04554261618698781,0.7703616503407474,0.1978259913616484,-0.022866223001671484,-0.06839024574119433,0.8274769025516101,-0.42314559876632096,0.7149594374089863,1.0,0.02158268796050626,0.6265588030832602,-0.37233689439272116,0.6051875202547401,-0.05737869255815454,0.8805063059898938,-0.7211076432422486,0.016007107001833158,0.6715266167085998,0.6766475923055939,0.21741097936999149,0.022372751414753932,0.02256360628927626
Occipital_Sup_R,-0.142984059506923,-0.26410364592033825,0.3739567163124892,-0.14928541986566085,-0.7488157172457769,-0.0242863879813499,0.9826792414498633,0.84329332237134,-0.0703210960573979,0.14389380792945852,-0.7541852090798493,-0.32096940283869974,-0.7882691230716532,-0.5129730718152421,-0.802273260914618,0.20055992124794228,-0.7085830474050391,0.23060226814426993,-0.5814931542867942,-0.4765671519561557,0.3286794511890873,0.043620026610611186,-0.4956436814867043,-0.4886099339514061,0.41389529567879346,-0.22791520310034405,0.13227102185460285,0.045463289802140386,0.23847984841650874,0.30555027112031635,-0.6082055116953986,0.02158268796050626,1.0,-0.6799337957050445,-0.6187886214243362,-0.3731262699620831,0.07609123739364447,-0.15310421719254463,0.2997695321367646,0.5664100586001098,-0.6969692864358791,-0.7001338319526748,-0.7376425235273315,-0.4604936335620795,-0.02165302731754856
ParaHippocampal_L,0.676206614260213,0.4960895228494305,0.025671939984775703,0.47541705614294555,0.880797905554418,0.38564724164145103,-0.6475731159847703,-0.5196401685219277,0.4721540741363779,0.23994907544438168,0.9799888215524307,0.519160394847556,0.8785011884871524,-0.27007118777556477,0.9105783573265428,0.2584648654415817,0.8034217817587088,0.47520768032121946,0.8568218912562526,0.21427513467709156,0.005777251370940276,0.35742598427764727,0.8353741197692179,0.07035057708280615,0.32231035320625345,0.6207551612918932,0.24154826189156273,-0.42407691242784024,0.2029981755858802,-0.197771326795511,0.9675523381517714,0.6265588030832602,-0.6799337957050445,1.0,-0.015318968613538998,0.8898699764088206,0.2597925092349821,0.5224699149816081,-0.4659779381129211,-0.659904541346503,0.8470921731676214,0.8879865875073173,0.8662337792616903,0.6426162881538632,0.3803237617551636
Supp_Motor_Area_L,-0.6370719335939322,-0.345062521192788,-0.7559714866579347,-0.48704529294618104,0.32133703018069326,-0.6206854534175873,-0.5535698347200191,-0.7419092605511569,-0.5973130699406004,-0.6772763809233155,0.1465207813639261,-0.24593832993070122,0.3783072900891513,0.7985349279475069,0.28675746836480015,-0.7468046871880967,0.3837281446395954,-0.6465046171091874,-0.2075503172510371,0.7771162522582923,-0.7149317676266987,-0.6222236661336159,0.08197284196593785,0.8511521613264522,-0.6158012015303646,-0.5105495662969928,-0.6731309905710253,0.5949923198987274,-0.10472633712853255,-0.43586080313161296,0.03264720632504983,-0.37233689439272116,-0.6187886214243362,-0.015318968613538998,1.0,-0.434239297747956,-0.6077679646219794,0.049356307451299514,-0.22165575104890822,0.19802065977333602,0.2879438885463472,0.20400916959011153,0.06585806103738087,-0.2768585891466157,-0.5853310771497943
SN_pr_L,0.9302417155854031,0.7209261668460409,0.45149959498708975,0.751921558575591,0.5859099790282772,0.7193698126502431,-0.4003749052895656,-0.09075220665429255,0.781135928090635,0.6169915629911503,0.7961250940807256,0.7018580049903372,0.5702225180154398,-0.5122821720016777,0.6415242141662516,0.6478572596293173,0.4717297136523012,0.5920690928044815,0.9255197567830328,-0.23259780659870266,0.4262474537335625,0.6977046744230413,0.6114208380981587,-0.3847603937655674,0.5059094218413044,0.8667067314861339,0.6171068081556154,-0.7426920965714697,0.07629526231038584,0.15656901969605833,0.823291341415971,0.6051875202547401,-0.3731262699620831,0.8898699764088206,-0.434239297747956,1.0,0.6145429995240638,0.3015294535686104,-0.17076810743037268,-0.7728830824347972,0.5522171149008747,0.6325028253712168,0.82130467204072,0.8037910667890672,0.7065555718087445
Temporal_Mid_R,0.8396320495739914,0.9345193819937214,0.9523642560594823,0.9682832392152623,-0.2239710274551797,0.9827409630673941,-0.07439784985061013,0.5745114026443652,0.9718639570304579,0.9935220808726484,0.12090519334064731,0.8903576303613938,-0.21077993254271352,-0.30073641763899434,-0.13904501594658267,0.9789578452611379,-0.36349899408790104,0.08416536156655746,0.6764937987537435,-0.8239261526451537,0.9575115295821564,0.9912013712150144,-0.2356518080321975,-0.882053859738076,0.3272686385414267,0.9146646032643391,0.995529169868624,-0.9806266064863012,-0.5032035121610641,0.8656452075705053,0.15894108665022208,-0.05737869255815454,0.07609123739364447,0.2597925092349821,-0.6077679646219794,0.6145429995240638,1.0,-0.49525886744445385,0.6568613826227075,-0.736782053030622,-0.2907305511115655,-0.19769424667931257,0.5424617263338791,0.8365002477166885,0.9911118701240028
Frontal_Inf_Orb_2_L,0.004545605133481044,-0.3958864451334452,-0.5204937590845229,-0.36525960306937744,0.7473753963888572,-0.4032848401843523,0.010870409760425774,-0.5138546439262717,-0.3143201474147937,-0.462703826092029,0.5661220221284926,-0.3660024857534001,0.7041320295335276,-0.48876853158063543,0.6619617909046198,-0.383121304925536,0.8042866077209031,0.7088881186734997,0.040809997986253496,0.6504442620234032,-0.5885292484885525,-0.3858133902056469,0.8974427307453519,0.49998064667059927,0.47282608193815434,-0.197292732290691,-0.4736830269814556,0.3636684298129792,0.9102514620072615,-0.7747042471562674,0.6378161705171048,0.8805063059898938,-0.15310421719254463,0.5224699149816081,0.049356307451299514,0.3015294535686104,-0.49525886744445385,1.0,-0.9447736694878273,0.26601833151743454,0.8009057138700445,0.7637088499144694,0.05884096301416256,-0.2856044106172935,-0.41000021008673393
Frontal_Mid_2_R,0.14808683356609972,0.527787671426212,0.7091880374736429,0.5166916768183606,-0.7683829376092676,0.5409361059210022,0.13058269223313934,0.6928135975848814,0.4720167717096082,0.6361592157165465,-0.5308109210076685,0.5064996220273873,-0.7284056958806125,0.2457800741302091,-0.7042484276391616,0.5690265051046461,-0.8428569081139589,-0.5727745814066415,0.03562028783006754,-0.7440311560443057,0.754855111319559,0.5680280667110276,-0.8655920142249172,-0.6640205028053986,-0.18637485540378515,0.33510773772499425,0.6365210143630544,-0.521079950654351,-0.7986642846293084,0.9255437595619258,-0.545103305236712,-0.7211076432422486,0.2997695321367646,-0.4659779381129211,-0.22165575104890822,-0.17076810743037268,0.6568613826227075,-0.9447736694878273,1.0,-0.2585833894133573,-0.8344734199217805,-0.7942365147199368,-0.0034859872322930197,0.34840317661196935,0.5697785512790082
Frontal_Sup_2_L,-0.811312465132952,-0.8712060668721918,-0.5176033801742617,-0.8472286967725726,-0.3108290210266,-0.8203382476044758,0.6741723262502797,0.09006779668512939,-0.8268026138942717,-0.6967064454438724,-0.5729516930688512,-0.8413931374414615,-0.33137367752560887,-0.041618063213824955,-0.43358429729680664,-0.6657561042158074,-0.17561460794470696,-0.040930674212934094,-0.9219702761773316,0.41991620206133723,-0.5518462114874585,-0.7476743770916991,-0.16927354167055264,0.43347595697539215,0.04360732943357384,-0.8895368578331799,-0.7148139597879976,0.812508423428006,0.5423785549651965,-0.4163955671378488,-0.49776242085502104,0.016007107001833158,0.5664100586001098,-0.659904541346503,0.19802065977333602,-0.7728830824347972,-0.736782053030622,0.26601833151743454,-0.2585833894133573,1.0,-0.24708096590009626,-0.3413075366379495,-0.8612330965936802,-0.9702584965706667,-0.7968492566645502
Temporal_Inf_L,0.2204006652887781,-0.030104691552319256,-0.4906996664142174,-0.0636405671703718,0.9920234740223486,-0.1530691887571404,-0.5811237872710796,-0.818040259977965,-0.06272680949018035,-0.30265601827235417,0.9008660640729376,0.012291541993487167,0.9795719484640251,-0.12770942749210798,0.9756118285334121,-0.2742764587649006,0.992973774592878,0.45454178049696964,0.4731676959625445,0.6500765313819489,-0.5146512370327834,-0.18904111059071826,0.9636750765760222,0.5404098372731866,0.15677547987466103,0.114088823841303,-0.3033175077467412,0.11648388505729905,0.4927336286524325,-0.6798733599575136,0.870609071097172,0.6715266167085998,-0.6969692864358791,0.8470921731676214,0.2879438885463472,0.5522171149008747,-0.2907305511115655,0.8009057138700445,-0.8344734199217805,-0.24708096590009626,1.0,0.9903925529384728,0.5471403012947975,0.17285585200046785,-0.16679009524907132
Vermis_1_2,0.31728725164833216,0.05263004014102217,-0.4031695332086693,0.02824619069096746,0.9846625406559261,-0.050000917229426706,-0.5998327228963948,-0.7771083551578571,0.03558183696928612,-0.20974428194460232,0.9203340214270195,0.08285265927905007,0.9672775258669501,-0.1632425639279031,0.9857871555737361,-0.17574948948079466,0.9699273373614852,0.49535715397676217,0.5556141093466694,0.5553175564734568,-0.4247526822930759,-0.09529562410071626,0.959340571195615,0.4457672991028905,0.15895649550049387,0.2126807702373402,-0.2048846653654435,0.018389214061917764,0.44014184953093666,-0.622796677982375,0.8830829711685312,0.6766475923055939,-0.7001338319526748,0.8879865875073173,0.20400916959011153,0.6325028253712168,-0.19769424667931257,0.7637088499144694,-0.7942365147199368,-0.3413075366379495,0.9903925529384728,1.0,0.5968405031230197,0.2651307754230082,-0.07029628219210374
Thal_VL_L,0.7195628076679575,0.7933455935265231,0.2732605692133911,0.7328946445736,0.6293879222373494,0.6170601584836565,-0.784009968977854,-0.3540708271289841,0.6807061884383153,0.49559464818278715,0.8437753301357446,0.8284800840931663,0.661907695166543,0.007546330294664275,0.6929204001410678,0.4588513642399042,0.5122184227794049,0.0701554966351264,0.9502359770303662,-0.01888356962531757,0.28782677754542185,0.5981030267440943,0.468958017954871,-0.11779964221422265,0.1274343359352548,0.7883637697498952,0.4956116121447159,-0.6557991005253635,-0.2565728372716759,0.21096698926609184,0.7957657054331332,0.21741097936999149,-0.7376425235273315,0.8662337792616903,0.06585806103738087,0.82130467204072,0.5424617263338791,0.05884096301416256,-0.0034859872322930197,-0.8612330965936802,0.5471403012947975,0.5968405031230197,1.0,0.8747156122351267,0.6343634164094941
Thal_LP_R,0.866016904534713,0.9511784152071143,0.6388865884233548,0.9335429927008614,0.24906639792559068,0.8941510424659893,-0.5776324967257969,0.044311047603744734,0.9094297252035917,0.8039841207648352,0.5503717940738335,0.9325197783749709,0.2714793313860787,-0.0629475306777217,0.35757954152994703,0.7706787281990182,0.10326360552045721,0.05605435203560752,0.9385886905977807,-0.48330394124669573,0.6658253664877563,0.854857923587175,0.12688001434613647,-0.5345373856890302,0.10308663985452489,0.9504869954749648,0.8115743167043492,-0.8982419839188396,-0.5144623034885926,0.5461624209647349,0.5051867074493466,0.022372751414753932,-0.4604936335620795,0.6426162881538632,-0.2768585891466157,0.8037910667890672,0.8365002477166885,-0.2856044106172935,0.34840317661196935,-0.9702584965706667,0.17285585200046785,0.2651307754230082,0.8747156122351267,1.0,0.8897341418825497
