,Occipital_Sup_L,Cerebellum_9_R,Frontal_Inf_Orb_2_L,Thal_VL_R,Paracentral_Lobule_L,Frontal_Mid_2_R,Rolandic_Oper_L,Thal_LP_R,LC_L,Frontal_Inf_Tri_L,Insula_L,ACC_sup_R,Thal_MDl_R,Parietal_Sup_R,LC_R,Frontal_Sup_2_R,Precuneus_R,Lingual_R,Temporal_Pole_Sup_R,Thal_VPL_L,Rectus_R,Frontal_Inf_Oper_L,Temporal_Sup_R,Postcentral_R,SN_pr_R,Vermis_9,Parietal_Inf_R,Thal_Re_L,Cingulate_Mid_R,OFCpost_R,Vermis_1_2,Vermis_6,Putamen_R,SN_pc_R,Frontal_Sup_2_L,Postcentral_L,Cerebellum_4_5_R,Fusiform_L,ACC_sup_L,ParaHippocampal_R,Thal_PuM_L,Temporal_Mid_L,Temporal_Sup_L,Occipital_Mid_L,Temporal_Inf_L,Cerebellum_Crus2_R,Caudate_R,Supp_Motor_Area_L,Raphe_M,OFClat_R,Calcarine_L,Paracentral_Lobule_R,SN_pr_L,Thal_MGN_R,Thal_VA_R,Vermis_3,Cerebellum_7b_L,Thal_PuL_R,N_Acc_R,OFCant_R,Thal_MDm_L,Heschl_L,Pallidum_L,Thal_PuI_L,Frontal_Inf_Oper_R,Parietal_Sup_L,Red_N_R,ACC_sub_R,Thal_PuI_R,Frontal_Mid_2_L,Cingulate_Post_L,Rolandic_Oper_R,Frontal_Inf_Tri_R,ACC_sub_L,Raphe_D,Thal_MDm_R,Cerebellum_8_R,Cuneus_L,Rectus_L,ACC_pre_L,SupraMarginal_L,Precuneus_L,Cerebellum_Crus1_L,Thal_PuA_L,Olfactory_L,Occipital_Mid_R,Temporal_Inf_R,Thal_MDl_L,Vermis_10,Cerebellum_8_L,Cerebellum_6_R,Frontal_Inf_Orb_2_R,Amygdala_R,Calcarine_R,Temporal_Mid_R,Parietal_Inf_L,Cuneus_R,Frontal_Med_Orb_L,Occipital_Inf_L,Precentral_R,SupraMarginal_R,Vermis_8,Insula_R,Thal_IL_R,Cerebellum_7b_R,OFCpost_L,Thal_PuA_R,Thal_VA_L,Lingual_L,Cerebellum_4_5_L,Thal_PuM_R,Cerebellum_3_L,Hippocampus_L,SN_pc_L,Occipital_Sup_R,Thal_LGN_R,Cerebellum_6_L,Heschl_R,Thal_AV_R,Cerebellum_3_R,Thal_LGN_L,Thal_AV_L,VTA_R,Cerebellum_Crus1_R,Frontal_Sup_Medial_L,Vermis_7,Temporal_Pole_Sup_L,Thal_PuL_L,Fusiform_R,Angular_L,Pallidum_R,Hippocampus_R,Olfactory_R,Temporal_Pole_Mid_L,Cerebellum_9_L,OFCmed_L,Supp_Motor_Area_R,Putamen_L,ParaHippocampal_L,Frontal_Med_Orb_R,Amygdala_L,Angular_R,ACC_pre_R,N_Acc_L,Thal_MGN_L
Occipital_Sup_L,1.0,-0.6157742913752285,0.3349584029977939,-0.8383414548721457,0.6043356376464262,-0.26629661463764676,-0.5258060714759619,-0.8456095334296675,-0.41979543345284115,0.7399191501161111,-0.10409552799085682,0.7863007195773523,-0.8293352697233836,0.8317176150776673,-0.21628171153952216,0.3707341179695417,-0.024667197605474603,-0.6840594926573565,-0.48340286724676,-0.6021408371606287,-0.3712003023811687,0.328938156432166,-0.6537042985126011,-0.3553206116665633,-0.6535293439653157,-0.4720636484072223,-0.3084463499003831,-0.7995228710740311,-0.8394464653147181,-0.23080137728403757,-0.33236270493730236,-0.44069152256791777,-0.4342590776689903,-0.37427468532725194,0.8884571037331288,0.09648422954606357,-0.6647376553620027,-0.4262858378386034,0.9180452037422198,-0.60133065895388,-0.5871311157969591,0.2795426181142439,-0.2540004459589911,0.9703769992377546,-0.2777906264559846,-0.43840076342859075,0.27159875936773015,-0.24954175101001533,-0.18773586752531457,-0.6661704887574318,-0.5325389363806375,-0.42928467181001595,-0.52663400088553,-0.4225277439798297,-0.8047252409952305,-0.5252677230512137,-0.6523452872591137,-0.8144791502192149,-0.4083273252185831,-0.4547408471394033,-0.6972409045313016,-0.43616088909171286,-0.43457614382432364,-0.4801056659118691,-0.5047241106284932,0.5699901103214696,-0.43468797752319444,0.6573042646442309,-0.7408217574431256,0.769758243947128,-0.5341561851584881,-0.5645320107965484,-0.42940313738725494,0.2606886307513051,-0.2894837389384757,-0.7452374689363589,-0.7596112056688866,0.8894825358477365,-0.13796993702003182,0.9379386665818542,0.5854191069271732,0.6587150192398598,-0.23435172221685505,-0.6214205041077888,0.2098868898102629,0.5782531028547544,-0.5744239778832337,-0.6765977454533655,-0.4988631264094654,-0.5962984241735512,-0.6046388513373989,-0.5020520131863849,-0.35977874696876955,-0.45850627370650665,-0.5040757751518123,0.8107987229737507,0.7452750397500771,0.569622654254348,0.9854039380338377,-0.14215388971102816,-0.3126301630055744,-0.5693290951343944,-0.33278719806588,-0.6740649401679489,-0.7622538760911243,-0.4097460218688805,-0.5887874707979492,-0.8110612716191641,-0.4406763169934414,-0.4917107347757269,-0.8226898996582407,-0.38526682803014634,-0.36909128530149343,-0.499924671596963,0.7961553302099283,-0.7631943254828788,-0.48473419583713767,-0.5614182451174623,-0.8540211637273869,-0.7096472147829697,-0.4160794090323573,-0.7672805701949501,-0.28954866468594925,-0.6793640257559042,0.9094206679438279,0.3314944781886766,-0.527730517298632,-0.650078005357158,-0.6447766519603398,0.9370081887952028,-0.7431521193769827,-0.6569958147033863,0.002049257996882767,-0.609991850655363,-0.5786477271559118,0.11993888509927897,-0.5691434451331194,0.45200644280208774,-0.5784623585758992,0.17974642178070394,0.042888053612418556,0.5076038217983723,0.7659037194717541,0.33543487626926954,-0.5282135072310545
Cerebellum_9_R,-0.6157742913752285,1.0,0.5325479845210354,0.42967959677544865,-0.011303839229018148,-0.5500500158200047,0.9777643680713705,0.49411274049703036,0.9636627227234911,0.05970443153651236,0.8339681505712347,-0.0019476424063709075,0.44164479344392704,-0.42371518674191583,-0.1965339543746272,-0.8162862095708313,0.6756747808413957,0.9374266431187023,0.029617313692628194,0.9811862593732616,0.002814890363571025,0.5308868096619309,0.25243551689838417,-0.4207692936761064,0.3423785726647826,0.973315329684031,-0.5172356547140351,0.7254031187967919,0.43806506469249457,-0.2626311123844254,0.9280393932610596,0.92298660622042,-0.04415166130678786,-0.14261139401507472,-0.5455439827118145,0.3746249309581621,0.9536046479024969,0.9718952756349204,-0.5296672488527325,0.3164668756340076,0.9940599716261267,0.5663635022384023,0.9065578808709774,-0.48661740099284806,0.9183029994430454,0.0025169128331213888,-0.336114185929529,0.31736075027058464,-0.2429586340499111,0.392818525038877,0.5741460811301938,0.014055655389262529,0.6884482927528977,-0.1499390158539403,0.6063561190342864,0.9890581813586745,0.9792667564090183,0.7679099084028639,0.36477652961612556,0.02519350007243683,0.24702447772559846,0.9700645186240974,0.21066616078693085,0.9748339371419016,-0.12437773455134372,-0.1721477556303336,-0.02944926740942164,0.06695510662836521,0.4643288181028362,-0.1501102262756752,0.9881163855998584,0.13089634791352628,-0.24296591401797002,0.4799945533930958,-0.26537358681459927,0.3169869946698469,0.8874381570438625,-0.8003743458364573,0.00565391185653576,-0.40018676956354476,-0.005180303337521427,0.16930403827956045,0.9051228779678946,0.9938661784038962,0.06367008254057359,-0.8695863523001193,0.2171205901549105,0.21682931529698382,0.9888827685704631,0.9980324923499336,0.9600632198838882,0.09500121444215855,-0.037552481059368405,0.09250088963487536,0.006617058420285707,-0.26165748244684855,-0.846250693749447,-0.15519492737951443,-0.6724652305053532,-0.5423978921442383,-0.37790413900942127,0.9806265881681406,-0.19673836485151025,0.2391007714505829,0.7096628364731888,0.3440296659263246,0.03515759417540245,0.508184525744681,0.9410888085839827,0.984611520885163,0.7150262403479428,0.9597925195479514,0.9481171414680826,0.4097394692775173,-0.8571823269341132,0.5498603294668876,0.9867435156676346,0.12877602339396726,0.4125592767217931,0.5993343244872008,0.9678308306140757,0.3698784332861047,-0.1521616210646827,0.6670688492639395,-0.7685909042138672,0.08279781476382111,0.9808452291729953,0.9629171251777233,0.5296846065790412,-0.3525792238451961,0.6207249478753435,0.3882991132256,-0.2033823081779286,0.9742354345976324,0.9971098987992686,-0.30696677622008195,0.3099886103637554,-0.12978283035462485,0.9389980879517286,0.1376110627833482,-0.2501608123953713,-0.8984167963134558,0.017023014119808135,0.24708382325218636,0.9859854880648541
Frontal_Inf_Orb_2_L,0.3349584029977939,0.5325479845210354,1.0,-0.3710053593678072,0.5950672709206125,-0.9447736694878273,0.5988184635333277,-0.2856044106172935,0.7087158009327024,0.8538501430391962,0.8974427307453519,0.8398412523491361,-0.3283885744047519,0.35560086957354037,-0.44296782307826477,-0.6196685195888909,0.797900129188055,0.40118190195986186,-0.4456863696634564,0.5134091343104153,-0.34275974900988393,0.9762725462644212,-0.36525960306937744,-0.8834805057893463,-0.25735671918756875,0.6619617909046198,-0.9387616352804319,0.040809997986253496,-0.3846317110740963,-0.5204937590845229,0.7637088499144694,0.6378161705171048,-0.4739297885596847,-0.5363525163018452,0.26601833151743454,0.49998064667059927,0.4446087438548754,0.7075917003228224,0.37558092213801303,-0.22414230825824516,0.5563424444568108,0.9657036072035804,0.8042866077209031,0.4480274592221275,0.8009057138700445,-0.428927350963741,-0.07268509617960472,0.049356307451299514,-0.45320245112897856,-0.22052533263456323,0.1443085123050124,-0.48876853158063543,0.3015294535686104,-0.6053707627248572,-0.14762517628046926,0.6242053768980445,0.4620065068081511,0.07336668980436357,0.05685785040909664,-0.40993644261858336,-0.432663305630076,0.6899009836873035,-0.16164153527666178,0.6482673866893586,-0.6641586480297774,0.3636684298129792,-0.462703826092029,0.7929577847918653,-0.20598657891341504,0.6149183638972504,0.615939411417797,-0.41000021008673393,-0.7292058371127098,0.8805063059898938,-0.5885292484885525,-0.3958864451334452,0.26101856044604066,0.010870409760425774,-0.07596295197090842,0.5372814581392208,0.5835079152115021,0.9102514620072615,0.8240824516452422,0.519672471324463,0.359703379681161,-0.3964891155868939,-0.3143201474147937,-0.4568851414423249,0.6461431534159795,0.5484826999348086,0.5129867418996397,-0.3858133902056469,-0.383121304925536,-0.3465605704254627,-0.49525886744445385,0.5290730116804307,-0.19172613861350868,0.47436963980712993,0.25931183465312646,-0.7865015537032994,-0.7747042471562674,0.5661220221284926,-0.5508123959282909,-0.41098601163167825,0.05878782002738631,0.01618918984174713,-0.5521797248640021,-0.2440565723658943,0.6643513714847918,0.6531071031166097,0.002713491717528739,0.7365647171185139,0.7483078565919185,0.004545605133481044,-0.15310421719254463,-0.14336617509242308,0.6599055401229956,-0.4032848401843523,-0.4060897085480321,-0.007913959003027068,0.7041320295335276,-0.3660024857534001,-0.4459327085980758,0.09537335122997101,0.031447370816463975,0.47282608193815434,0.6175788577601189,0.4422728407345167,-0.018246779681255633,0.5728587192288739,-0.01966855918739092,-0.197292732290691,-0.1844442634676673,0.5247784775754955,0.5688032912514528,-0.18342909874798483,-0.28762811557853885,0.37648454635227946,0.5224699149816081,0.41655200406130183,-0.2020365356814023,-0.5133296966996875,0.8363472437136884,0.7088881186734997,0.5988414509470188
Thal_VL_R,-0.8383414548721457,0.42967959677544865,-0.3710053593678072,1.0,-0.8459007007325665,0.4749548681270984,0.25236615495393117,0.9537120646506824,0.2592795006872684,-0.7572764613862997,0.01586086893967231,-0.7364399681134476,0.9635632593964043,-0.9740850729634476,0.692847510623312,-0.2924513570587951,0.2106845051572917,0.6586210119486683,0.8528537961362735,0.3416432455064235,0.7539961875653796,-0.44853185424213904,0.9424278924240401,0.6149008539150221,0.9276118309269163,0.24809571763207608,0.5224705345041417,0.873125350814256,0.9568953425149431,0.6640237531834556,0.13566364446845022,0.45780785887903425,0.7996828378112432,0.7763830498915926,-0.888859018081378,-0.5149899525904771,0.5966926290761315,0.2447482315966158,-0.6052613744161854,0.9007062063821429,0.35353672052468554,-0.4431690958785715,0.020402299523722633,-0.9253288305874331,0.06486309244231685,0.8222471398718453,0.28359540375148506,-0.16971226038293466,0.6574917755945704,0.953521529061048,0.8202812876610138,-0.0019132337323133721,0.7009226100683407,0.802988915786777,0.9194472055752736,0.34231056670764043,0.5163185382092821,0.8445157874846047,0.6958802424266918,0.8065698836664691,0.971009765654754,0.2038808042736901,0.7885710906250285,0.2364867614553736,0.8306825277356291,-0.8893548777013728,0.8111057378497177,-0.38362817272830124,0.9417602085585537,-0.9088519960812117,0.3759369157441584,0.8920253772815304,0.7649592928127494,-0.0747728033562319,0.6866374071482297,0.9823871699106026,0.7564271471705666,-0.5430433530497691,0.538786997287366,-0.6777662598680196,-0.8626440091002648,-0.5517362122279881,0.13278262558101417,0.38385068501150715,0.20794870249110775,-0.1630509060063603,0.8902429599539914,0.9569559433892558,0.3211301085946773,0.39910138205468554,0.555203807129848,0.8667847133071199,0.7621030716372802,0.8475089804042216,0.8553917030354311,-0.9591981504036466,-0.34074612870582827,-0.16684817112157105,-0.7451015144915533,0.5165302092790581,0.6669275317853801,0.48099524581629854,0.7288045638430949,0.9606825941750565,0.8803712441284809,0.7838967215700762,0.8805727101480537,0.9889557198322304,0.4156492696544324,0.29725070798529396,0.886049573008047,0.19090174438814067,0.25160336174153025,0.7835541890039261,-0.4197864793322431,0.9632782764902805,0.3088538302142736,0.8663924778740719,0.9971146625474211,0.8934847794563413,0.20469669444028094,0.9911568386296122,0.7073238138035299,0.8718983373459045,-0.7685751043808511,0.1336569644596881,0.37893949834994434,0.3338999023433187,0.8798776513694065,-0.9201172083701338,0.8970380253229822,0.9117389024710078,0.4828243007890469,0.4291193164386183,0.36529314339233776,0.38097617058494415,0.11637332437242764,0.01826068070851768,0.5537404431213767,0.20892456329687328,0.45911601291385146,-0.11555624478585651,-0.7627438717999439,-0.10362261856764114,0.3230134015914053
Paracentral_Lobule_L,0.6043356376464262,-0.011303839229018148,0.5950672709206125,-0.8459007007325665,1.0,-0.6864975481782424,0.16521642414040563,-0.8639562499620111,0.13016245938860083,0.8396910796799596,0.29672626999240836,0.760705235616212,-0.8867066942248318,0.9005168912545146,-0.8230654517819173,0.11625774700103848,0.06832096180483141,-0.3131117002056864,-0.9505080396792011,0.11381569300057362,-0.9192445335223945,0.7211590638639611,-0.9365116077869138,-0.7639222484463127,-0.9060714800964167,0.12496930838489305,-0.7696921548258997,-0.6784639032719992,-0.7240411439256834,-0.8939376541816446,0.19957687294933427,-0.08040658177287899,-0.9576278806954898,-0.9307286188357945,0.8046611853127721,0.8446957083029748,-0.26332724985411804,0.14365661585605435,0.3284433479572262,-0.8987830952519684,0.06147377400933654,0.7235922338166701,0.37955738708002623,0.7730820147092169,0.30214291580110164,-0.9430077834365236,-0.5035692315207364,0.5433613988720798,-0.8435972655765843,-0.8482830951285697,-0.6446957258750958,0.13828575320388267,-0.5644023156963517,-0.9273593510870947,-0.5999831841339297,0.04359889149735869,-0.10574636622464194,-0.6331050134954607,-0.7505002718579423,-0.9533200277303387,-0.9084082642118584,0.19944242348258312,-0.8694398686101578,0.1773659303186315,-0.956017308001574,0.9517623159793888,-0.9530918484005574,0.42643993719616874,-0.8600476926651363,0.9650309515906671,0.006389729528320492,-0.957533035361814,-0.9204153741084481,0.19591351035313442,-0.9229778091555694,-0.9130911722256647,-0.45203003490121835,0.1917488317090028,-0.7503429212245325,0.5086348680252164,0.9906505582315646,0.6604952589397995,0.26687623641556746,0.031023196984568808,-0.3647297885269092,-0.2547631009861362,-0.9346944625366329,-0.8631574600122678,0.09802019375111115,0.018938373614870167,-0.20069134706368377,-0.9403946130176718,-0.9218225095344907,-0.9014650386066214,-0.9630103981968755,0.9474182861292154,-0.05439304191681664,-0.04033335429000812,0.46414716053582206,-0.7585449237927793,-0.8298282858882507,-0.09689821084459051,-0.9348007846248138,-0.9244437369888128,-0.6855109933400142,-0.7604623948937299,-0.983487898478641,-0.8195607007885557,-0.055433868086034704,0.09310770708947991,-0.6944823951962299,0.19529274417142015,0.11165146685650316,-0.788868987495996,0.026869987773797635,-0.7863412341865694,0.0977979088183611,-0.9629780649086996,-0.8617267095997603,-0.7633655934181605,0.22515949915898742,-0.8615709973734592,-0.9113776378085688,-0.6772852976812362,0.5601359626598382,-0.11475107531411177,-0.01552870987180607,0.09284216299453736,-0.787871889270878,0.8218152205313891,-0.7625748993995226,-0.8841625759943681,-0.7281330424689828,-0.09521984866328279,0.05183357877512074,-0.6635472003402688,0.1634387223815338,-0.197392632037988,-0.22733786861344543,-0.33658438161175375,-0.7148516997725816,-0.2908861112974625,0.8274530037375102,0.02815932685607438,0.12966952191128442
Frontal_Mid_2_R,-0.26629661463764676,-0.5500500158200047,-0.9447736694878273,0.4749548681270984,-0.6864975481782424,1.0,-0.665975661242692,0.34840317661196935,-0.7131804756630212,-0.8124133046595865,-0.8655920142249172,-0.7743192587935067,0.3993301418337694,-0.43292787312725844,0.6838848712042933,0.6286516148548938,-0.6181072183828923,-0.3463261612704109,0.6241427399145445,-0.5686487056791989,0.5155768809013106,-0.9585679674052798,0.5166916768183606,0.9805300073944553,0.4067238277478126,-0.7042484276391616,0.9847870820237307,0.03562028783006754,0.4887121831513641,0.7091880374736429,-0.7942365147199368,-0.545103305236712,0.6350790851548415,0.7178366598415286,-0.2585833894133573,-0.6640205028053986,-0.4146212510394837,-0.722962989456926,-0.22932139045086147,0.3840777522575358,-0.602587986885991,-0.975654071877966,-0.8428569081139589,-0.42752372742528905,-0.8344734199217805,0.6106758915489855,0.35719353624623645,-0.22165575104890822,0.6704190465167146,0.39989178677555187,0.05054663283691842,0.2457800741302091,-0.17076810743037268,0.7790412922743688,0.27349477688076473,-0.6439275048615536,-0.44644179813083373,-0.02138527370594147,0.09106325811765759,0.5663517967002395,0.5840461609047135,-0.7320419783829901,0.33914100454040474,-0.6990667662870061,0.8072979354626604,-0.521079950654351,0.6361592157165465,-0.5863530360928545,0.32534518130652135,-0.6555425273199281,-0.622510198207581,0.5697785512790082,0.8727265858370606,-0.7211076432422486,0.754855111319559,0.527787671426212,-0.19960910267597393,0.13058269223313934,0.25622597390214563,-0.39123466010115243,-0.6972163864794684,-0.7986642846293084,-0.7829771679970324,-0.5699746946303463,-0.13945359094217047,0.5516365288102898,0.4720167717096082,0.6232596625225247,-0.6565918594399108,-0.5683483868613654,-0.46590875507091384,0.5680280667110276,0.5690265051046461,0.544926065329368,0.6568613826227075,-0.5939449890918137,0.35226049054384007,-0.2650693529285984,-0.15484714814991682,0.9364209730501242,0.9255437595619258,-0.5308109210076685,0.7200059488974555,0.5647596857598819,0.04135299184080173,0.2002702123333762,0.678526944141929,0.3669404382310937,-0.5972191967637355,-0.6778815252318126,0.06049081816599875,-0.7580991878622836,-0.7295965073690208,0.14808683356609972,0.2997695321367646,0.28493854922276335,-0.6703056864473027,0.5409361059210022,0.4956569178255176,0.13173651786134097,-0.7284056958806125,0.5064996220273873,0.6289303288452098,0.049720401646753176,0.028438854938141578,-0.18637485540378515,-0.6240676151104765,-0.5380954369309668,0.1637387197494775,-0.5558378609984929,0.1269163014169877,0.33510773772499425,0.4080860240197173,-0.5588727466291791,-0.6017744438116308,0.410540918195783,0.06419486710890385,-0.1228933537892088,-0.4659779381129211,-0.20814823618644118,0.4367475830387636,0.6528580453828627,-0.7905699233777228,-0.5727745814066415,-0.6185039158242424
Rolandic_Oper_L,-0.5258060714759619,0.9777643680713705,0.5988184635333277,0.25236615495393117,0.16521642414040563,-0.665975661242692,1.0,0.3329211160238722,0.9647828557500148,0.176383067826006,0.855070263657704,0.09913350431306511,0.27579355241604653,-0.25284870491693473,-0.3963776126575409,-0.7948951481888301,0.6147235170151728,0.8497884170890663,-0.1701057902567509,0.9878127405088705,-0.18382190374312932,0.6243793704695149,0.05706370620605467,-0.5658002461161474,0.15009416313854396,0.9856063723993105,-0.6403259025846382,0.5845236234597044,0.2727589888388587,-0.4480652207558898,0.9519382127756397,0.8569565942522986,-0.23474075033264993,-0.3372156983252226,-0.4167220911347602,0.5366498503368178,0.883818221723938,0.9768524217273316,-0.5026402489171958,0.12600126858414754,0.9935139340749808,0.6681447521952534,0.9552526294930516,-0.3602386427755893,0.9557210146425649,-0.19659827894153617,-0.4890224830755132,0.43020464891527366,-0.4319352451935385,0.19565731125721592,0.39988484355211495,0.0997405402204704,0.553129334914353,-0.34461942931415807,0.44895000180120603,0.9798807501220523,0.9291716431331275,0.6405075412743141,0.2071674124714819,-0.16374716562406824,0.05042894707768825,0.9913646667685141,0.025631639174630932,0.994786401876118,-0.3136107578850845,0.022627894653038272,-0.22620247304539357,0.06982146676434234,0.28650423138617875,0.011756040555386111,0.969514166551175,-0.0655543308271511,-0.42484597092930826,0.4571308193705036,-0.44811480108766594,0.12631716731511766,0.7776684659262489,-0.7913702143301932,-0.1513389725150274,-0.35248833361223303,0.17840647578431468,0.23437606671626565,0.908693166016534,0.9898881548755039,-0.04813429521633792,-0.9318853121624103,0.023751853090131766,0.0198728884333322,0.9826295960172617,0.9810037968168126,0.8926860373654117,-0.10524161861092303,-0.2295979859470733,-0.1094779232269247,-0.1893092325832826,-0.09062829093713903,-0.8795297956720646,-0.20881858456083785,-0.6125917731194767,-0.6958121423669622,-0.5486155143829473,0.9299923389158435,-0.38377252399399653,0.04168071678894574,0.5580487008827918,0.15704894196754862,-0.1528212936403817,0.32882810052489725,0.8898658520657945,0.9844414476454505,0.5752677153398524,0.9754321381736237,0.9404034069216793,0.2397666454707428,-0.8733582889447581,0.36818041677197116,0.9809625116991096,-0.05920017810201827,0.23920624970178028,0.4337925607757766,0.9852823403939587,0.18006772075878436,-0.3395512402993915,0.5019089119532345,-0.6873919811165387,-0.02920591778176684,0.9599068135627195,0.9812788736649726,0.35559769954464227,-0.22032733793627812,0.45987648267064674,0.20601644941739244,-0.36925277484089514,0.9513120986500966,0.9903137473673246,-0.461634296573239,0.3844689502580054,-0.22488822031602373,0.867594517985858,0.03258969327392576,-0.4184256887169976,-0.9632528095128893,0.13341069014640397,0.22053026329089367,0.9830950459700735
Thal_LP_R,-0.8456095334296675,0.49411274049703036,-0.2856044106172935,0.9537120646506824,-0.8639562499620111,0.34840317661196935,0.3329211160238722,1.0,0.34926862151534144,-0.7267967632636426,0.12688001434613647,-0.6896836202624176,0.9918063295095596,-0.9904953689266185,0.607642623367746,-0.4786635784294464,0.24752828339399646,0.7221031389859237,0.8328994189576344,0.38392979231344876,0.7870509393461225,-0.3904343615869839,0.9335429927008614,0.47693608409021315,0.9449593772013589,0.35757954152994703,0.4348321724979943,0.9385886905977807,0.8551281122923969,0.6388865884233548,0.2651307754230082,0.5051867074493466,0.8035673145009444,0.7351088939399534,-0.9702584965706667,-0.5345373856890302,0.6854058305811617,0.3389861472390847,-0.5751677679288811,0.9259346540994199,0.4301347307018175,-0.37216703091380837,0.10326360552045721,-0.9271422819877182,0.17285585200046785,0.8105437667869723,0.2431187022957019,-0.2768585891466157,0.6069755624704116,0.9207775702344532,0.8272715614311181,-0.0629475306777217,0.8037910667890672,0.7336707325116807,0.821447078551336,0.43690685066800355,0.5593737587814264,0.9231959113684918,0.8076891602879421,0.8310470173879517,0.9131109081537396,0.2934135165770912,0.8413843035867749,0.3196846056973662,0.7725654581121902,-0.8982419839188396,0.8039841207648352,-0.38085116276013203,0.9695778908193919,-0.9209860299985082,0.46910111494586093,0.8897341418825497,0.6856045865821079,0.022372751414753932,0.6658253664877563,0.9511784152071143,0.8155475812851523,-0.5776324967257969,0.6306775303840154,-0.671497956701217,-0.8632332684870363,-0.5144623034885926,0.19143285717360375,0.45925829334223195,0.30853367566302464,-0.2167080433081089,0.9094297252035917,0.8606544857664294,0.3916846241999718,0.464399243946802,0.6320213016531869,0.854857923587175,0.7706787281990182,0.8209032388882835,0.8365002477166885,-0.9561516157048,-0.38485266139203356,-0.08274315152567252,-0.7563241035595638,0.40088277816943335,0.5461624209647349,0.5503717940738335,0.7103615836659803,0.9212750972596865,0.9326261080228527,0.8080792020013314,0.8731844086476177,0.9618088201970876,0.4917237186413144,0.3915697110958405,0.9508478109424704,0.2877592017393317,0.3510356150095304,0.866016904534713,-0.4604936335620795,0.946360859593208,0.3881156795678904,0.8941510424659893,0.9592305774659904,0.9457956695947031,0.2714793313860787,0.9325197783749709,0.7074700218363951,0.9010256985357762,-0.8683755385474328,0.10308663985452489,0.4825868978540959,0.3969789839988473,0.9302835424325919,-0.9046094367188586,0.9561062100024593,0.9504869954749648,0.5111969349167009,0.5511006946177115,0.438527497256472,0.40301698853059714,0.053647473904258454,0.06612441121406443,0.6426162881538632,0.32084081683833315,0.47395694495059093,-0.1911466745939125,-0.7326907626668909,0.05605435203560752,0.36547731781096293
LC_L,-0.41979543345284115,0.9636627227234911,0.7087158009327024,0.2592795006872684,0.13016245938860083,-0.7131804756630212,0.9647828557500148,0.34926862151534144,1.0,0.2679092206225693,0.9374464383939927,0.22078979685405764,0.29815750452839423,-0.2704342048715988,-0.2773221436183942,-0.8752742222361932,0.7798046451068419,0.8877395312539673,-0.07761802789191433,0.9377511991747635,-0.05740327272040991,0.6895277545993199,0.12784494866297258,-0.5888261779447865,0.2261853730554987,0.9845169978991507,-0.67295058728746,0.6272731531077416,0.24006368235917494,-0.3351519253915557,0.9796191514295831,0.9310199857225919,-0.13715155391448677,-0.24258022612271143,-0.4055208013939927,0.4131822667997147,0.9169839284798387,0.9930634544960151,-0.3220497849681632,0.22559749537636375,0.968711040378737,0.7180390334052196,0.9596444137511311,-0.2886653691436095,0.9735485896203948,-0.09580103048306321,-0.281899427065571,0.23933668835646144,-0.2965049140184769,0.26981407642368,0.5255375109461576,-0.14069570172512189,0.6728726446826724,-0.274996714659192,0.4402369014534268,0.9871898329947265,0.9114166513582717,0.67421188832137,0.35443847170989773,-0.06067878991498322,0.09463662287316679,0.985013784230814,0.1628536261091849,0.9790383355283302,-0.27123731383963406,-0.0663042583331849,-0.1310444895533975,0.2598350233057421,0.34025931749975913,0.01968335369745956,0.9858863226505349,0.01842652334656605,-0.38897859652949557,0.6427235789928526,-0.3547683357125851,0.16599403602110677,0.8048980941613005,-0.6500480533293751,0.029022897705622733,-0.18482309907968092,0.13030448959552918,0.3864143743622327,0.955238651327136,0.9595106085954173,0.18431026106869555,-0.8120272465897784,0.11853855044896484,0.05339408186497932,0.9895081202124715,0.961706634759396,0.9363919937689135,-0.006285532705634226,-0.10677184766908955,0.001906291596119066,-0.10624764939849578,-0.0896011341514058,-0.7395193509080662,0.030084425270069503,-0.4835062092110097,-0.6546477772673113,-0.5185994983125366,0.9573306164412714,-0.28623486543660026,0.09840774452292107,0.6150942153396609,0.31145360796539323,-0.09780281481633003,0.3576073159743025,0.959289539133162,0.9900204464676821,0.6114862045708053,0.9913709289943201,0.9905846692751388,0.3694479567248409,-0.7398828150211852,0.41523048698080184,0.989755459192882,0.025841485471905446,0.2400539397569926,0.5161656546729287,0.982532795439665,0.20830620051872162,-0.2170358613222599,0.5851793580956189,-0.6485661714498238,0.19129805204201053,0.9828477362028033,0.907802242711199,0.4541632954135641,-0.14369021116442723,0.5252349967754102,0.29488258259702527,-0.17981886809385528,0.9553069593745785,0.9728911307490152,-0.2669989837879036,0.15402790728690047,0.01930620899902959,0.9269587190067187,0.2637277397254557,-0.23238132375276258,-0.8714660254193773,0.2381321655230381,0.4330800033521693,0.9603500776160172
Frontal_Inf_Tri_L,0.7399191501161111,0.05970443153651236,0.8538501430391962,-0.7572764613862997,0.8396910796799596,-0.8124133046595865,0.176383067826006,-0.7267967632636426,0.2679092206225693,1.0,0.5414435060003072,0.9838995886625221,-0.7521534465604428,0.7677515241037451,-0.5444705369106162,-0.1537824663755249,0.45940084256209135,-0.12423270437167788,-0.6943031518754689,0.08925382734673759,-0.5930994318517869,0.8769700791871856,-0.7117363819939019,-0.8310512354814599,-0.6430259148158225,0.2201855741298339,-0.8553612416648474,-0.47310407805720983,-0.7197479774920358,-0.6255876245952137,0.3491892476879265,0.16929230533185233,-0.6986754344380289,-0.6986699871017333,0.7242893001300131,0.5528326044314222,-0.08172421445167488,0.2701590763918702,0.6519096766932324,-0.6054884706953166,0.1011750229759557,0.8493697207672428,0.4566397965040225,0.839196292827446,0.4216785969295725,-0.6664512153059599,-0.06466613968109676,0.08882944195579034,-0.5561577343264991,-0.6029321695728741,-0.2974848881951548,-0.40458125560007446,-0.19265318274898116,-0.7517024471488741,-0.5363530000645413,0.15715467959108262,-0.010999060382984939,-0.45060625429184775,-0.34271233126498096,-0.6713025940683386,-0.7531729349337545,0.27168381932249785,-0.5018614829133475,0.22362225047074885,-0.824029566915865,0.6829630858080225,-0.6870431241619962,0.8303640514659012,-0.6371605948492267,0.9121790087256889,0.1386943129327851,-0.7095548686420673,-0.8195973173413476,0.649323262576063,-0.6940191541431011,-0.755433525833744,-0.26634545145625477,0.4030706494833229,-0.3144862394274217,0.8078230215252836,0.8264121721409767,0.9451176680259382,0.45134598716711644,0.05839162191905659,0.17507282269763041,-0.06740334574556438,-0.655870844785416,-0.7391022511630763,0.19675378864074275,0.08672989474198282,-0.0007906557205441538,-0.6653515800603387,-0.6086553196391536,-0.6141374825743375,-0.7361037250716358,0.8691031941922329,0.1670785120906696,0.4687642841551901,0.6551938213739678,-0.695049665575692,-0.7729724486203035,0.07475880859868718,-0.6945976840953253,-0.7392606776405557,-0.44862941494546926,-0.3558124061640721,-0.8080701480409115,-0.6671184695289181,0.18795735238054787,0.19988825253454587,-0.510448985571136,0.316242521382605,0.3058099556286815,-0.4137515225311625,0.23027741287647566,-0.5813556993353372,0.21003745961289583,-0.711600263674334,-0.7884806997954947,-0.48893660126660876,0.2973151998027206,-0.7269333653475402,-0.6149049257230704,-0.3903388820576433,0.5346105993848914,0.3731725824868714,0.13431923742835725,0.02119688807138408,-0.47660305058466396,0.9081484970757407,-0.5083987002728373,-0.6103403984472047,-0.3079854776882105,0.025725856793202564,0.10995100718848086,-0.2436665843471838,-0.33462231733108166,0.33202442768066265,0.0057299967190771245,0.20107349323084747,-0.2940718475815186,-0.16980213352677745,0.9929546690607964,0.5198579470658751,0.17261916673743016
Insula_L,-0.10409552799085682,0.8339681505712347,0.8974427307453519,0.01586086893967231,0.29672626999240836,-0.8655920142249172,0.855070263657704,0.12688001434613647,0.9374464383939927,0.5414435060003072,1.0,0.5208655249327584,0.07676002552944293,-0.04573253146687866,-0.32502881862237665,-0.8660241066887766,0.872311062575842,0.7511589767050143,-0.19330812154996607,0.7923396827479396,-0.11943393901776064,0.855901045602236,-0.03707078719365912,-0.7573192618878117,0.07909883689806196,0.9095163219134789,-0.824788011316524,0.44376066400534847,-0.025929365560017948,-0.38152058235106867,0.959340571195615,0.8828420235917828,-0.2371919012240033,-0.33898413674211536,-0.16927354167055264,0.4115283234121009,0.7894016328669223,0.9366011514172026,0.008456618887090485,0.09673267751978402,0.8438217399033267,0.8673810485456178,0.9457007045485002,0.013272466207906565,0.9636750765760222,-0.1922750788605884,-0.14495351461012002,0.08197284196593785,-0.33320218109286637,0.10843411591256014,0.43820895359713435,-0.37764346686826566,0.6114208380981587,-0.3997480186763168,0.20426026747385595,0.8967470273363795,0.7739595587518168,0.48437128285290276,0.3231392178200259,-0.15681319845878725,-0.10322371996801315,0.9151078445588906,0.09926015551506123,0.8908241050074063,-0.4270791917548244,0.06525431074534266,-0.22949701210997675,0.5437378112920722,0.16780027419751628,0.25176528784166924,0.8950631053956641,-0.11810449430606584,-0.5353596098167409,0.8411785924284344,-0.4292635307624146,-0.03930630113669052,0.6406784981524067,-0.3714132618860406,0.06907231322361973,0.15009806738255765,0.2930324711676267,0.6581043351757142,0.9643623725326171,0.8211567083181739,0.3592076342848042,-0.6440839733908068,-0.008763886078850596,-0.1518465384481177,0.9009297921227941,0.8386491591177204,0.8306247579423881,-0.12108941087618297,-0.1721351866589407,-0.10234405014207472,-0.2356518080321975,0.14854118403236982,-0.5089690610064553,0.3025461379745015,-0.16707177277857824,-0.734900515368412,-0.6467638106612204,0.8600737410350991,-0.3675046566841656,-0.08422551427218157,0.44852521936287626,0.2650680779210675,-0.25947654998239233,0.1408311952294813,0.9134805970794813,0.9095508104927724,0.41683864642610585,0.9464904771926882,0.9620760528363599,0.30287978500045043,-0.4956436814867043,0.2269997668825868,0.910761703624789,-0.10491680472559303,-0.013007765625454267,0.36401040717821276,0.9159770091513928,-0.00991005475273616,-0.26997297635007345,0.4496782886689575,-0.4096897266639392,0.3834312588277359,0.8990028557681277,0.7406958529782393,0.32905668608202226,0.1597178317221744,0.36516342259388496,0.1497840003368978,-0.11802897762524095,0.842830730290471,0.8537304834438972,-0.17225299593800017,-0.10712184423896752,0.2524162671587253,0.8353741197692179,0.4329569645161816,-0.15951814283297766,-0.7413398292698956,0.516614409674589,0.6572663038248306,0.8520917153266985
ACC_sup_R,0.7863007195773523,-0.0019476424063709075,0.8398412523491361,-0.7364399681134476,0.760705235616212,-0.7743192587935067,0.09913350431306511,-0.6896836202624176,0.22078979685405764,0.9838995886625221,0.5208655249327584,1.0,-0.7082074869672722,0.7277994276407403,-0.4457892650906297,-0.17618460454930066,0.4866113825648936,-0.13958319976573771,-0.5985601068185553,0.002156503174328666,-0.47216053518847556,0.8305569022751363,-0.6398601810171052,-0.7895200318748536,-0.5702093178087689,0.16409345674113443,-0.799311360649966,-0.45236168270982385,-0.7387290841072196,-0.5051875016530124,0.30716424266400555,0.15451515445108047,-0.5903050438407142,-0.5945072267697463,0.6972030681083794,0.41695736869013134,-0.09955994484111524,0.21906653291507622,0.752134599585712,-0.5215701778334515,0.03299700635113423,0.7975275010482004,0.38721449960533777,0.8519057248694057,0.3672355806397616,-0.5627766868405714,0.06954038270860904,-0.06750821129055284,-0.4363120603128753,-0.5506446590756972,-0.23869001872151305,-0.5254027409734404,-0.13412559021825654,-0.6628727876805472,-0.5643990826909289,0.10715638633058987,-0.07045177530345412,-0.43545115987849387,-0.23353147584857703,-0.5612407825927564,-0.7022766927468375,0.2061277839824665,-0.39115550321445475,0.1559664111344318,-0.7460409484761341,0.5957038237157891,-0.5833656848171835,0.8763432881344088,-0.5815474599528524,0.8599654291216899,0.09457131995342828,-0.6208343774929198,-0.7436432025800288,0.7027061635023559,-0.5819189930132777,-0.7061438108796781,-0.2767705763613815,0.4986032644917501,-0.17022352142475533,0.8732515425987735,0.7420794043930379,0.9629041190998825,0.40342486844425995,-0.010301102526625224,0.31295659642098445,0.049060746230639156,-0.5652833213180845,-0.7046495855043194,0.13874172176396052,0.020315538863649424,-0.020410986066768968,-0.5712950598232801,-0.4912244725253227,-0.5211710609788434,-0.6416023532338142,0.8270865433009008,0.27935056253681145,0.5997396630427548,0.7223590871469293,-0.6141805086201916,-0.7031449619551058,0.03843061912182381,-0.58196807274989,-0.6777747627560187,-0.41867408650240756,-0.2588908152310247,-0.7242174790875735,-0.6413198384995099,0.17179890536770812,0.14664061737446737,-0.48669336832147464,0.26237949714731945,0.2729514946642973,-0.3161521354879685,0.33597207716693955,-0.5506404599064203,0.15501813357206096,-0.6149563513373876,-0.7687079380004823,-0.4373973300696102,0.2280978181436548,-0.695968540900196,-0.49146541993219106,-0.3502961227247228,0.5470908427253635,0.4679416067185453,0.09833703641793698,-0.06978801191169332,-0.4098220668905578,0.9142050790708223,-0.4618183925327976,-0.5340897767348636,-0.16054924499456424,-0.009035483644659352,0.04457000554658195,-0.09208286770673436,-0.4735953463046125,0.46494325744654413,-0.0020173289048685456,0.33430288835230487,-0.14855669103149313,-0.06387942975564763,0.9880657775527528,0.6225727922821277,0.09690888634741521
Thal_MDl_R,-0.8293352697233836,0.44164479344392704,-0.3283885744047519,0.9635632593964043,-0.8867066942248318,0.3993301418337694,0.27579355241604653,0.9918063295095596,0.29815750452839423,-0.7521534465604428,0.07676002552944293,-0.7082074869672722,1.0,-0.9963693557976628,0.6465937844491929,-0.4377229587126825,0.22338001860917503,0.6838070031672231,0.8635052498612028,0.3307726255128921,0.8174987000806198,-0.43751339031653774,0.9522766873765314,0.5269831050785578,0.9515046088466736,0.3002119688835348,0.485678924753251,0.9190677697610634,0.8568543871220061,0.6837626427603024,0.20841626772108401,0.4642843201462085,0.8378818613206246,0.7766640902956268,-0.9627583773484745,-0.5785505633696932,0.6432268230065834,0.2831089164638586,-0.5519685950917591,0.9399328802624131,0.3761924428590323,-0.42225487479727447,0.045068470104162005,-0.9234335748442553,0.11358960057613995,0.8404710969560505,0.28491787785157296,-0.29963769519231076,0.6569540119569649,0.9303557505068105,0.8243770152774911,-0.07294021436467095,0.7830565605369051,0.776793867809077,0.814364836793125,0.3830250250693303,0.5029132021687142,0.896810081234949,0.8095006917104711,0.8596790184882406,0.9337619062283979,0.2360961856303048,0.8587924722828086,0.266060274189703,0.8105317528140786,-0.9197195803752899,0.8326349067303069,-0.39058780214142047,0.9730417217456834,-0.940524512380237,0.4172315617374209,0.9141836400390851,0.7296349262685162,-0.007168837531283274,0.706172345832984,0.9674692271628802,0.7781866894919636,-0.5369349523575324,0.6559412533103528,-0.661217907622679,-0.8923568192159144,-0.5343359654605359,0.13506183828335067,0.40640024129098024,0.3191405841443209,-0.16056073237451157,0.9283505194897751,0.8809438960602158,0.339793578753827,0.40833193226028375,0.58899431263352,0.8823165500040929,0.805190886546197,0.8468136107348402,0.8692614517996337,-0.9710260672583881,-0.3346137445899334,-0.06886139533847074,-0.7328658099240908,0.45832407776336975,0.5987204611919195,0.4999021952338952,0.7523383350554195,0.942769836180384,0.9144757634524897,0.8210260045507412,0.9028749856249016,0.9645322239076957,0.4470669719833913,0.3366653953303737,0.9331485040095302,0.23146283598814893,0.30023844736313926,0.8684542860138591,-0.41284544838886966,0.941089495294393,0.33372146051841683,0.91684343907721,0.9697140192835773,0.9383983477092153,0.2159336176898266,0.9443653394858413,0.7474064580651972,0.8879557482737254,-0.8424556985662076,0.11221379226076085,0.4312540921445111,0.34228648684966334,0.9282422390305823,-0.9093177955298629,0.9452903640996227,0.9605969312776945,0.5515750097157662,0.4985795805363198,0.38439710031174207,0.4469425842039031,0.0323428655491571,0.08489496958050537,0.6023280577093879,0.3274197786173101,0.5122516653177942,-0.13156096733043207,-0.74848451148009,0.043882924435777654,0.30946538746350377
