,Pallidum_L,Raphe_D,Olfactory_L,Temporal_Pole_Mid_R,Cerebellum_Crus1_R,Cerebellum_9_L,Thal_VPL_L,ACC_sub_R,ACC_pre_L,Vermis_3,Frontal_Sup_Medial_L,Parietal_Inf_L,Thal_MDm_R,Vermis_7,Thal_PuL_R,Thal_VL_R,Heschl_L,Occipital_Inf_L,Thal_MGN_L,Occipital_Sup_L,Precentral_L,Frontal_Med_Orb_R,Cerebellum_8_L,Calcarine_L,Rolandic_Oper_L,OFClat_L,Parietal_Sup_R,Fusiform_R,Temporal_Mid_R,Cerebellum_10_L,Hippocampus_R,Pallidum_R,Thal_PuI_R,SN_pr_R,Thal_IL_L,Red_N_L,Cerebellum_6_L,Frontal_Inf_Oper_R,Precuneus_R,Insula_R,Cerebellum_10_R,Rolandic_Oper_R,OFCant_L,Paracentral_Lobule_L,SN_pr_L,Thal_VL_L,Lingual_L,Caudate_L,Thal_IL_R,Thal_LGN_L,Postcentral_L,Occipital_Sup_R,Calcarine_R,OFCmed_R,Thal_MDl_R,SN_pc_L,Postcentral_R,Cerebellum_8_R,ACC_sup_R,Putamen_L,ParaHippocampal_L,Parietal_Inf_R,Angular_L,VTA_L,Cingulate_Mid_L,Precuneus_L,Vermis_10,Cerebellum_4_5_L,Vermis_9,Frontal_Sup_Medial_R,Thal_LGN_R,OFClat_R,Cingulate_Post_L,Frontal_Sup_2_R,Cerebellum_Crus2_R,Rectus_R,Temporal_Sup_L,Fusiform_L,Insula_L,Frontal_Inf_Tri_L,Thal_PuI_L,OFCmed_L,Vermis_4_5,VTA_R,Temporal_Pole_Sup_L,Supp_Motor_Area_R,LC_L,Occipital_Inf_R,Occipital_Mid_R,Frontal_Mid_2_R
Pallidum_L,1.0,0.8504083840445998,0.7357130144057195,0.9482625278141867,0.8487261783019556,0.1529652786797004,0.03875556293577999,0.007804677633758813,-0.20075378032234822,0.20307622423061003,-0.5613648750480909,-0.819810059553635,0.8775476595118994,0.512763507196492,0.7424809557336768,0.7885710906250285,0.047857534842343584,-0.2949520895891902,0.07919297421508845,-0.43457614382432364,-0.7136737931231147,0.7263504551129797,0.17705641296190375,0.8752663267769422,0.025631639174630932,0.042656169800285915,-0.8545824431858869,0.935644867920494,0.9275937571726008,0.14025287813962142,0.9622087081377867,0.8775373657434852,0.9059903383992253,0.9519694611918478,0.7802294629332834,0.9603237564319457,0.16142363716185734,0.8186268738353851,0.39324545626207885,0.886073106106343,0.9405958220055753,0.9542174355256318,0.23852289379051922,-0.8694398686101578,0.8313786074892064,0.6132274852543697,0.3844787814990411,0.21980804117773786,0.8998599798082793,0.031947462656161656,-0.8214054449142472,0.025284814428651783,0.9428144850895064,0.9344030333621868,0.8587924722828086,0.9720539277278356,0.47023446254625606,0.6141691478051317,-0.39115550321445475,0.5696011007652259,0.5038451742429612,0.44452791321240076,-0.6031850220510974,0.9837751915019763,0.20658215138293654,-0.22089962789699813,0.15525388646630772,0.15954751543795467,0.11904687390759344,-0.45204243608890404,0.8436074738930922,0.9030510213264126,0.24910609571501294,-0.43331464221594435,0.9465725914594385,0.9744879503746371,-0.09278140375962346,0.13532813751774098,0.09926015551506123,-0.5018614829133475,0.051434567973956166,0.8181687568683836,0.20958521575578645,0.9240442963438577,0.2792319055887717,-0.4811221855135302,0.1628536261091849,0.4380834695908823,0.2240036397432663,0.33914100454040474
Raphe_D,0.8504083840445998,1.0,0.5062572290186179,0.9612547626414218,0.5274499878631657,-0.3291713318089401,-0.40240313426676094,-0.21311803522050454,-0.20052999326666177,-0.3043344353337235,-0.24162250778669153,-0.7907192381587131,0.8008317096379738,0.32226119035047746,0.3934942639846131,0.6866374071482297,-0.45244580015330854,-0.12643839037993987,-0.38707163245389054,-0.2894837389384757,-0.9314304603401,0.45609172689807415,-0.2961721876118003,0.5695251440501928,-0.44811480108766594,-0.4651804607668519,-0.7219608911827101,0.6647139307773398,0.9575115295821564,-0.3358547300703471,0.7777544935555281,0.5847765045759794,0.7133915969390058,0.8120353303149991,0.4768030689926187,0.9190079800405085,-0.3444408778136614,0.9591165755343934,-0.07170775084434948,0.994630389364396,0.9676970481481549,0.9184384410722684,-0.020996150165738983,-0.9229778091555694,0.4262474537335625,0.28782677754542185,-0.13293915815202456,0.08772933351273238,0.8501043790698356,-0.4621911526450535,-0.9649788394230417,0.3286794511890873,0.9151602893267425,0.962566578230323,0.706172345832984,0.7133143409930751,0.8211005747553494,0.20414784701229494,-0.5819189930132777,0.4315681279661857,0.005777251370940276,0.8204247208465968,-0.5867421330163688,0.8224745359712031,-0.2605094865032479,-0.49724631351343923,-0.3455236939392151,-0.3494252188085849,-0.3882793916934294,-0.029515593594070997,0.6379362019178292,0.7599875573104835,-0.2606306406142256,0.08656840741458699,0.9585671608131198,0.941517172284752,-0.5865082513936836,-0.3809043774760278,-0.4292635307624146,-0.6940191541431011,-0.4413400574733767,0.8540325833838601,-0.2984140277014386,0.9804589444748538,-0.23664973912204657,-0.4259294043730022,-0.3547683357125851,0.7706928439068684,0.5770488448346004,0.754855111319559
Olfactory_L,0.7357130144057195,0.5062572290186179,1.0,0.5616409839321571,0.5242936928913611,0.03974548261375498,-0.11433179225734635,0.6152633939629286,0.4796953736145603,0.14300560233462611,-0.09183902749254236,-0.21747438438761138,0.3446788942915158,0.840851967949252,0.34809332041185687,0.20794870249110775,0.054236853359451935,0.31771243046942904,-0.0060183984705196245,0.2098868898102629,-0.46155656708532056,0.9954873923327968,0.04474236197352506,0.6412579363534153,-0.04813429521633792,0.10409102727902557,-0.30146552927002834,0.6009857455641378,0.4990945778210431,0.021325389001672305,0.5612768159358027,0.4903366459839951,0.4534151053617239,0.5276429599262227,0.3616908494050456,0.5660821236260677,0.13033413416280903,0.3231940409705298,0.6461285135909399,0.5328919075736882,0.5543220668043228,0.5240210253852878,0.815949600878002,-0.3647297885269092,0.676040055331042,0.16547386817906357,0.38008491678662537,0.7970711883538071,0.3990503558308648,0.047572918782969036,-0.6239106558344726,0.39896649875290313,0.5827405664686645,0.6474852193112818,0.3191405841443209,0.7346686517760787,-0.039845143066587055,0.3032681450705688,0.31295659642098445,0.9530257320803995,0.3835647763217582,-0.04164127573254609,0.08736430546875654,0.8086915777967175,0.05344226948141192,0.4340147584985854,0.10957654653728505,0.12666209256263197,0.10269290045580415,-0.15911723812782405,0.38408042101316137,0.4673393456021396,0.1812848648400884,-0.4875823491150667,0.5770866918230867,0.6822914499687583,0.0462672834465322,0.15511946192671713,0.3592076342848042,0.17507282269763041,0.019954037085035865,0.8396229186105695,0.15062900031601945,0.6341127212442288,0.2195234447791266,-0.9039367270133988,0.18431026106869555,0.45090758208187026,0.3998791354604161,-0.13945359094217047
Temporal_Pole_Mid_R,0.9482625278141867,0.9612547626414218,0.5616409839321571,1.0,0.7243387357548271,-0.07076923617028506,-0.1556878958125449,-0.20927983272295653,-0.313580160587719,-0.04296517240419208,-0.47361899560496556,-0.8895808599150253,0.9090681007351653,0.34853610685021114,0.6175500670200258,0.817201766143018,-0.20263676619705426,-0.3100058124644106,-0.14047004745580666,-0.46292306862155613,-0.851897704275469,0.5318774089358662,-0.04007726362124494,0.7417480408784068,-0.19731089216882747,-0.2211942715565525,-0.8639165441526574,0.8368083819640457,0.994045170663576,-0.07958106696686382,0.9172213053674644,0.778485176096128,0.8687618889510774,0.9326411179224254,0.6819688361056395,0.9849049426956563,-0.08820868653292394,0.9529771156285278,0.10837718180655247,0.9798941539014365,0.9987154660448868,0.9875048100528445,0.0052527745079535915,-0.9625053195418373,0.6381866134432664,0.5117634320569688,0.11919193399463864,0.048946819717963753,0.9385526703202364,-0.21720360548925313,-0.9091939200855423,0.11106232940770125,0.9647459499968992,0.9781675974361144,0.8565637023647797,0.8642869011221234,0.7170143308080837,0.44824179855662294,-0.5969778118515796,0.42158913632927447,0.2654565754305059,0.7040296835183931,-0.6992174531477053,0.9133420914701195,-0.005362359282201673,-0.46633206256416376,-0.08953368064137418,-0.09078219532601918,-0.13224118784444938,-0.2867132340536331,0.7980412807820993,0.8831252326457618,0.001903346270042859,-0.16104537106930863,0.9941111231313451,0.9870639169508083,-0.35964772653895893,-0.12725135619530242,-0.20939098425141184,-0.7027721067457476,-0.18781702137250264,0.8143178035225865,-0.03715450476971976,0.9810214423809991,0.02775849719345912,-0.37089581980401903,-0.10360163196404627,0.5905650194226016,0.36343698789390055,0.6172342505262737
Cerebellum_Crus1_R,0.8487261783019556,0.5274499878631657,0.5242936928913611,0.7243387357548271,1.0,0.6149131584948334,0.5370392741016042,0.01717065984972687,-0.3960598829369138,0.6343478440549928,-0.798389631820328,-0.7849393528623868,0.8696343369444212,0.44296897413140807,0.9472615069052681,0.8718983373459045,0.5066135423527317,-0.6004910898893959,0.5713274622767481,-0.6793640257559042,-0.2752113018417053,0.5495058237277702,0.6419586338896547,0.975125192247402,0.5019089119532345,0.4945998496622667,-0.8853087877286826,0.9768048717848127,0.7309026730193153,0.6107232236998542,0.9269761908686438,0.9798554744392574,0.9373086905918024,0.9156908341737365,0.9801231837344981,0.8152058228226595,0.6097649554479726,0.6036336327882602,0.6255471103332694,0.5869771424050341,0.7092245464670002,0.8091753627547238,0.15420038016655088,-0.6772852976812362,0.9491559872657493,0.9169197861237919,0.7546993804968868,0.035777185309947536,0.8479304240157113,0.5048089472534285,-0.41863389234260034,-0.4326687971085181,0.7929062367244292,0.6272203941219164,0.8879557482737254,0.9203675556133246,0.22395278053282386,0.9252331681905076,-0.3502961227247228,0.3189855778239794,0.83901078508194,0.12533607924052384,-0.6802593447821925,0.8154457157046022,0.6720519797111367,-0.12468001982725394,0.6093598584629765,0.598264010494515,0.5527655947863198,-0.7288679943040288,0.9638286480464807,0.9279729581792462,0.6691001681446457,-0.6589695556276769,0.7410236569076449,0.7298069475390566,0.36456575138360314,0.5715526039902928,0.4496782886689575,-0.3903388820576433,0.5140486919254892,0.4368743403098013,0.6413108490729432,0.6264804945962892,0.6822427051033025,-0.14954803378912154,0.5851793580956189,-0.043046179281801884,-0.27418092344424627,0.049720401646753176
Cerebellum_9_L,0.1529652786797004,-0.3291713318089401,0.03974548261375498,-0.07076923617028506,0.6149131584948334,1.0,0.9861250000244716,0.08046427344846285,-0.37347490868901795,0.9930293289668383,-0.7420307212016962,-0.199255401624511,0.2495240142914151,0.0553007747642524,0.7280563619330616,0.36529314339233776,0.9842645172209503,-0.6454311721583207,0.9891653851614889,-0.5786477271559118,0.5267203953660466,0.11671049645879228,0.9966700044355797,0.5206393667793019,0.9903137473673246,0.9700040491718797,-0.36380202638740533,0.4750347361655181,-0.06121889692197976,0.9990086224097124,0.32906280681203237,0.5693765084842265,0.40477528989947703,0.27773678123661366,0.6602228848247461,0.05748731462934191,0.9917788867495545,-0.19396185059739748,0.6681030058195171,-0.26130441982293495,-0.09542258388329178,0.06384675911144606,0.07230426909245495,0.05183357877512074,0.6514694794213314,0.7797208879626273,0.9328969991731849,-0.16812169248745662,0.16968034692301395,0.9803908712187088,0.428168116482626,-0.8596479567318669,0.024270670625026452,-0.1827234163459269,0.38439710031174207,0.35877828571261844,-0.4813697015539661,0.853760917385337,0.04457000554658195,-0.1488877932460825,0.9228780197095664,-0.5695895345932575,-0.2998279654486214,0.12407829985826892,0.992439863803632,0.20520546874796902,0.993398964891626,0.991837715447769,0.9849392657264195,-0.8495112274938976,0.4874754829688443,0.32533620907423144,0.9891844122146818,-0.8218811732426932,-0.06527665960816582,-0.05762145932158807,0.9312326042998856,0.981628617493954,0.8537304834438972,0.10995100718848086,0.9879864262660341,-0.35275273151265896,0.9926410779803766,-0.21466360006653468,0.9816620294962047,0.32299884887758146,0.9728911307490152,-0.8028369315656585,-0.8904593409886825,-0.6017744438116308
Thal_VPL_L,0.03875556293577999,-0.40240313426676094,-0.11433179225734635,-0.1556878958125449,0.5370392741016042,0.9861250000244716,1.0,0.002885193096884698,-0.43495125000675333,0.9612857926883757,-0.7096631736929049,-0.1631446760497548,0.20344535392209107,-0.04884597217988439,0.6647139069696076,0.3416432455064235,0.9668199482456149,-0.6842377718684793,0.9887355309337069,-0.6021408371606287,0.6051303121130577,-0.038048568904311554,0.982593758096448,0.4327046698644164,0.9878127405088705,0.9468928074755464,-0.3142821682947291,0.3813226679782468,-0.13222420188246195,0.9901427346656494,0.24141853204514868,0.489272193007881,0.33345414588116346,0.19790947691244218,0.6082787561306314,-0.025006501973014524,0.9653939099629777,-0.23521543030972833,0.5807808663575892,-0.3378603094050009,-0.17748646960064798,-0.01328491577906374,-0.046171315115347326,0.11381569300057362,0.5401554220564876,0.75601027570824,0.8728006631434774,-0.2776892997163468,0.11781153666608807,0.9687912503382423,0.5252448305364185,-0.9084055365659617,-0.05513908057990729,-0.2840484304604696,0.3307726255128921,0.24113320388856976,-0.4586141334712414,0.8014487282568444,0.002156503174328666,-0.28630449513764145,0.8579217651555759,-0.5569469041207487,-0.3081130218761586,-0.00191496446718906,0.9815231460361478,0.1489255076324282,0.9716771541419438,0.9628133818374685,0.9555288814717375,-0.8021985664368785,0.4357620698318634,0.2638135010578648,0.952323563622811,-0.7252252674691813,-0.14826154665037902,-0.1625000539730368,0.9176337137211679,0.9494573263400765,0.7923396827479396,0.08925382734673759,0.9766835870191285,-0.47509366992926677,0.9608763194494803,-0.30714887777566524,0.9378593274397291,0.45783112362674244,0.9377511991747635,-0.8586849632627358,-0.9396270163035485,-0.5686487056791989
ACC_sub_R,0.007804677633758813,-0.21311803522050454,0.6152633939629286,-0.20927983272295653,0.01717065984972687,0.08046427344846285,0.002885193096884698,1.0,0.8660191458561775,0.15478399363465115,0.421848971434817,0.5107720836200915,-0.32084459054370396,0.7975070543478873,-0.17150167077068115,-0.38362817272830124,0.19286539998699312,0.6596308724170665,0.1313760877847358,0.6573042646442309,0.27782469457737075,0.6218792479944848,0.08175479810100224,0.1623728213861944,0.06982146676434234,0.28217378285245825,0.3976074288231983,-0.032250125090100015,-0.24537311519053953,0.08057087271700687,-0.15412319185631548,-0.12051772333064056,-0.21647204270291462,-0.1719150450162688,-0.12642153406816717,-0.15936386637043992,0.20102043090378566,-0.37442792904684435,0.7068049714739227,-0.20326432904813332,-0.2071206398265353,-0.2171123671786138,0.9450229028772321,0.42643993719616874,0.1839059423317114,-0.2055401959491649,0.32869548967454887,0.9243544463280781,-0.2742436891626215,0.22925137759020678,0.08502003614892727,0.4064073422938363,-0.09101398452016503,-0.14078097175296136,-0.39058780214142047,0.05131238783212513,-0.5272504369589189,-0.02876481337569061,0.8763432881344088,0.7532756514059786,0.18380205896329083,-0.605715787951953,0.7017643645621751,0.11067966860238666,0.08005318968816456,0.9261330061813232,0.18540471323775307,0.176660096328404,0.1673038812752866,0.2351307947766619,-0.1632166159966263,-0.12104580803697966,0.16422602705409003,-0.23914601637860536,-0.15073442358305053,-0.08290814652330429,0.329406922751403,0.24560914681977186,0.5437378112920722,0.8303640514659012,0.13815328193525087,0.2638198725413326,0.16448597618044788,-0.10379131576347726,0.17040985930156607,-0.7073258261906693,0.2598350233057421,0.07607380652169672,0.19584332013799338,-0.5863530360928545
ACC_pre_L,-0.20075378032234822,-0.20052999326666177,0.4796953736145603,-0.313580160587719,-0.3960598829369138,-0.37347490868901795,-0.43495125000675333,0.8660191458561775,1.0,-0.2987805010485542,0.7596791831551003,0.699402586312034,-0.574457667850766,0.6075530373967835,-0.5774664764176699,-0.6777662598680196,-0.23635397877799333,0.9440234893416658,-0.3269150210244082,0.9379386665818542,0.10943953284861134,0.46024511673503354,-0.38483909058929333,-0.2290134703208335,-0.35248833361223303,-0.15169966186904388,0.6667501224010866,-0.3784440592114602,-0.3612634351287606,-0.3766197391316973,-0.43159644756706417,-0.49151522836270006,-0.524930305200887,-0.4390054149233994,-0.5457646833947367,-0.33677521098538804,-0.2564873168750108,-0.42690138704981045,0.30030489475374106,-0.22391988140061878,-0.3033022060574,-0.39155918838315756,0.8274022544949139,0.5086348680252164,-0.217488123390543,-0.6485352682399085,-0.14982153026393066,0.8996391603872802,-0.5018612933294947,-0.21054031486296979,0.009312528854206383,0.7419991484790913,-0.26701788376334185,-0.175583035619483,-0.661217907622679,-0.23290427231973532,-0.4195320499813298,-0.4988075022343824,0.8732515425987735,0.68870930078976,-0.2931102256675337,-0.4144549117196127,0.8910391349984794,-0.08192018014305844,-0.3956809647146376,0.8172512567347797,-0.27405776609509,-0.2704328949828322,-0.26419379387963554,0.590054003752586,-0.5309853491537213,-0.43821463027111707,-0.2966671047994549,0.11853191123038945,-0.274507106063265,-0.19285792974878316,-0.06598069092259205,-0.19855205476332818,0.15009806738255765,0.8078230215252836,-0.28890636214214555,0.28382188514156104,-0.29251855627648915,-0.1480244627826823,-0.2850764405926427,-0.7477345598736149,-0.18482309907968092,0.33084204891105345,0.5226249813008109,-0.39123466010115243
Vermis_3,0.20307622423061003,-0.3043344353337235,0.14300560233462611,-0.04296517240419208,0.6343478440549928,0.9930293289668383,0.9612857926883757,0.15478399363465115,-0.2987805010485542,1.0,-0.7311928017143596,-0.18497108014800825,0.24318721322755943,0.1276399227399847,0.7368460190832266,0.34231056670764043,0.9868573699519742,-0.5847122063818931,0.9749021899418707,-0.5252677230512137,0.4894740943886654,0.22062763396231833,0.9877697924839582,0.5512737843041229,0.9798807501220523,0.9785891633443441,-0.35856435437037426,0.5059320940175766,-0.04430483327475173,0.9888087418953292,0.35495926541271755,0.5891282973645394,0.41634871957976655,0.2960447531120479,0.6601667276204982,0.08059498348162222,0.9964609095160274,-0.19747510127668708,0.7242196715886019,-0.23503665310690625,-0.06888208766898143,0.08313835620863456,0.17061513527033584,0.04359889149735869,0.701235923151668,0.7608689602692139,0.9582687568501926,-0.0735245970675955,0.16887039622097003,0.9794003051563962,0.3797327660244342,-0.8046640093008164,0.04781093113557699,-0.13728126245910313,0.3830250250693303,0.4107848311208655,-0.5208111747671375,0.8577939694062106,0.10715638633058987,-0.04858243183240599,0.9458850345990848,-0.5992503239261197,-0.2546483544818327,0.1852772052391523,0.980704251667059,0.2705450144556513,0.9949371769157462,0.9986751865972098,0.9933489038241788,-0.8574793724297158,0.4847861417422758,0.33137588238499666,0.9985640601631444,-0.8771251680845975,-0.03906829277915695,-0.0124310094137465,0.9389792882491239,0.9930610363644827,0.8967470273363795,0.15715467959108262,0.9855593218369543,-0.2778372597342487,0.9994988629467235,-0.1756252081989868,0.9959530528635505,0.2201329251382872,0.9871898329947265,-0.7648315620906195,-0.8459000128348613,-0.6439275048615536
Frontal_Sup_Medial_L,-0.5613648750480909,-0.24162250778669153,-0.09183902749254236,-0.47361899560496556,-0.798389631820328,-0.7420307212016962,-0.7096631736929049,0.421848971434817,0.7596791831551003,-0.7311928017143596,1.0,0.7448993641486998,-0.7026935319213868,0.13001769407788277,-0.9354105254727372,-0.7685751043808511,-0.6369487977383904,0.8958901575211057,-0.6663490971553718,0.9094206679438279,0.09958640088072869,-0.1427292138696863,-0.7450076601162999,-0.6695108517969354,-0.6873919811165387,-0.5803211426449308,0.8255726437028764,-0.7726927050664464,-0.4792053585459931,-0.7321206971878901,-0.7396433173361348,-0.8566610703078195,-0.7913863710859284,-0.697390511095401,-0.8637703446583881,-0.5375694790207349,-0.6846270454574414,-0.38676167080380314,-0.3069028582172259,-0.3029730955442394,-0.4493890365002768,-0.5684386755886458,0.2745770407353541,0.5601359626598382,-0.7615319407754851,-0.9080014749754544,-0.6801549011234927,0.4529324181969302,-0.6324590503431702,-0.6021921436159432,0.11686806733237726,0.7902167702353433,-0.46611235621354297,-0.3692364020526211,-0.8424556985662076,-0.6811825091930357,-0.08063376714411519,-0.889512845816067,0.5470908427253635,0.1961499521871152,-0.8003650402237453,-0.06480232303006972,0.8052085961292089,-0.4891074902318997,-0.7501831378356214,0.38960637814762794,-0.6881755393680127,-0.7008694602945921,-0.686973146250145,0.9536958035917645,-0.7777574011817292,-0.6679544659708141,-0.7437216805076684,0.7115304611768413,-0.440707478976426,-0.44291991166514455,-0.4705493259053031,-0.6498180363072399,-0.4096897266639392,0.5346105993848914,-0.6670578743556485,-0.0015025630830514498,-0.7278716342398203,-0.3113919676941969,-0.7533338407367847,-0.3282660766377953,-0.6485661714498238,0.4178609401423755,0.6269463792588957,0.028438854938141578
Parietal_Inf_L,-0.819810059553635,-0.7907192381587131,-0.21747438438761138,-0.8895808599150253,-0.7849393528623868,-0.199255401624511,-0.1631446760497548,0.5107720836200915,0.699402586312034,-0.18497108014800825,0.7448993641486998,1.0,-0.971467591168954,-0.024327590291442946,-0.7831379392910829,-0.9591981504036466,-0.03603127889685603,0.7010296946624387,-0.13016822644493492,0.8107987229737507,0.6367717559803007,-0.20892408277698268,-0.2295294760455348,-0.7213514732952252,-0.09062829093713903,0.014003673243044424,0.9804962533051639,-0.8446401913148742,-0.9108810122014986,-0.19571947359647984,-0.9142066734587456,-0.856073120504532,-0.9263660645598425,-0.9276142425667693,-0.822914336107572,-0.9041084671966316,-0.13507182492787337,-0.8997917215004261,-0.023443167726223554,-0.8207400633335601,-0.8834003182125657,-0.9300248248196478,0.34413555191674455,0.9474182861292154,-0.6360456318057668,-0.7489629231882808,-0.24351287881161338,0.3601725658289529,-0.956230505981882,-0.017691929626908545,0.6542127723793599,0.31238478957836674,-0.860871255342003,-0.7969756762924851,-0.9710260672583881,-0.7855762180739418,-0.6978698466551689,-0.6381342814293968,0.8270865433009008,-0.012698110821214923,-0.4128897565812093,-0.6657229202411415,0.9460158417672809,-0.7364241021257283,-0.2621260494254871,0.6863111781567706,-0.14262449575275202,-0.13626019385900787,-0.0989256274753997,0.5338958722190782,-0.8924626015390366,-0.9046637618712364,-0.2182968063295918,0.23013670149400808,-0.8731724422538465,-0.8261759179862098,0.16049290280927775,-0.07708623683236172,0.14854118403236982,0.8691031941922329,-0.07008043103063412,-0.46371991364557935,-0.18761620758270886,-0.7910954901269571,-0.23022400963237918,-0.0726191628732484,-0.0896011341514058,-0.23838687206244197,0.02772546291697344,-0.5939449890918137
Thal_MDm_R,0.8775476595118994,0.8008317096379738,0.3446788942915158,0.9090681007351653,0.8696343369444212,0.2495240142914151,0.20344535392209107,-0.32084459054370396,-0.574457667850766,0.24318721322755943,-0.7026935319213868,-0.971467591168954,1.0,0.2283128495337385,0.811085237357334,0.9823871699106026,0.09223874632430475,-0.6286114527432876,0.19785721891950134,-0.7452374689363589,-0.5892573078731258,0.3361089043019131,0.28439967100946406,0.8406088811965299,0.12631716731511766,0.05915729428438804,-0.9773738874343504,0.909158676327092,0.9345193819937214,0.25012380307573556,0.954420732271672,0.90135831625378,0.9599478940773692,0.9705370892357871,0.8858958817371023,0.9463900590864524,0.20558148280520322,0.9003446592270291,0.20813565843740706,0.8378559946236457,0.9055284726799178,0.9602977710069116,-0.17592088374312645,-0.9130911722256647,0.7209261668460409,0.7933455935265231,0.3524000260586242,-0.19327997722626114,0.9942759367239432,0.08925565535199977,-0.661234810632144,-0.26410364592033825,0.9237616470973482,0.8107311808019615,0.9674692271628802,0.848500587075216,0.663713976016303,0.6975334301480045,-0.7061438108796781,0.16515421873401032,0.4960895228494305,0.5889996900601395,-0.878132224658045,0.8055022580991607,0.32763662531762366,-0.527873045075606,0.21385427114863054,0.19556194276633157,0.1463457870842195,-0.5053195061036972,0.955372655315164,0.9761755455053582,0.2822198578588282,-0.2712143928534601,0.9126656390663772,0.8616358306004038,-0.08846189097328765,0.14726253401193423,-0.03930630113669052,-0.755433525833744,0.11932859253019125,0.5418451600730674,0.2503221433628032,0.824877565355712,0.29244003302508254,-0.04871456938398791,0.16599403602110677,0.2656055783516942,-0.001598630437009237,0.527787671426212
Vermis_7,0.512763507196492,0.32226119035047746,0.840851967949252,0.34853610685021114,0.44296897413140807,0.0553007747642524,-0.04884597217988439,0.7975070543478873,0.6075530373967835,0.1276399227399847,0.13001769407788277,-0.024327590291442946,0.2283128495337385,1.0,0.17819637327859167,0.1336569644596881,0.07656961031768265,0.41424025918391444,0.08692014383670353,0.3314944781886766,-0.17174681537074082,0.8304856372123924,0.07211662997842654,0.6044489066512064,-0.02920591778176684,0.14600805462640856,-0.11580270182790102,0.43273004208129473,0.3272686385414267,0.05599306452554086,0.35759800079477294,0.3138027619530519,0.28223129146012343,0.36976349182406953,0.28788686507347266,0.4094758789746497,0.1585236775246392,0.18784760637223755,0.7483916108347212,0.3445307740885222,0.35111528963782457,0.34238806398982263,0.8497898891915083,-0.11475107531411177,0.5059094218413044,0.1274343359352548,0.39587962071648003,0.8597747889730752,0.29131205907789665,0.11528343428874592,-0.3846068321275221,0.41389529567879346,0.4729214816140134,0.38445524433393385,0.11221379226076085,0.514960697718139,-0.0629665109123174,0.23307436462485573,0.4679416067185453,0.9010776544185065,0.32231035320625345,-0.16474304050916272,0.24639126082214124,0.6009325504093399,0.1025783158161608,0.6101447243992659,0.1454453927412976,0.12342066158575271,0.07451359430896365,0.07339420426133747,0.3261726780323955,0.395348639820562,0.1607000102513611,-0.2817884005269849,0.4159077202394602,0.44743842727777267,0.12065979744701681,0.16883775698199377,0.3834312588277359,0.3731725824868714,0.03757699481305673,0.6661518001568901,0.14287255126724832,0.43614540904117705,0.18013714947571824,-0.8155163731104603,0.19129805204201053,0.38639527609410745,0.360709883887662,-0.18637485540378515
Thal_PuL_R,0.7424809557336768,0.3934942639846131,0.34809332041185687,0.6175500670200258,0.9472615069052681,0.7280563619330616,0.6647139069696076,-0.17150167077068115,-0.5774664764176699,0.7368460190832266,-0.9354105254727372,-0.7831379392910829,0.811085237357334,0.17819637327859167,1.0,0.8445157874846047,0.6218148320564872,-0.7668534331050616,0.6630585152195182,-0.8144791502192149,-0.17997133591753278,0.3891713452366186,0.7448189451785424,0.8661797155956529,0.6405075412743141,0.5895350060078156,-0.884608518038152,0.9218701707019658,0.6209064269984849,0.7197045279513746,0.8723699280030552,0.9673351944727435,0.9024715286828152,0.8401114228495316,0.9667516445222893,0.699651911587671,0.6985784684636694,0.49974293155465477,0.5178359729705553,0.45355373130038357,0.5970448032864385,0.7137998695436985,-0.025075056454331012,-0.6331050134954607,0.9156030154680117,0.9573985949242035,0.7739984930659002,-0.18528588774959304,0.7623615717373056,0.6011180593151142,-0.2730561992732735,-0.6377676873175071,0.6537671154292573,0.5140069143922544,0.896810081234949,0.8440283428965177,0.12961695610898077,0.9638831026266558,-0.43545115987849387,0.09183892627199096,0.8797750727464279,0.06558041725705152,-0.7542211310569851,0.6860322912479168,0.7612615101960322,-0.2328755876049022,0.6997439710278114,0.7022510950811285,0.6749194976603891,-0.884473354171681,0.9092456939741085,0.8332847604065942,0.762288944535488,-0.7397359913315807,0.6086351626122614,0.6104301747850001,0.4632639151783962,0.66356066966009,0.48437128285290276,-0.45060625429184775,0.6372421197986945,0.23388244883411316,0.7384490651260046,0.4820797382752065,0.7732067268485043,0.06888456456336486,0.67421188832137,-0.25303419359483553,-0.4776376386950096,-0.02138527370594147
Thal_VL_R,0.7885710906250285,0.6866374071482297,0.20794870249110775,0.817201766143018,0.8718983373459045,0.36529314339233776,0.3416432455064235,-0.38362817272830124,-0.6777662598680196,0.34231056670764043,-0.7685751043808511,-0.9591981504036466,0.9823871699106026,0.1336569644596881,0.8445157874846047,1.0,0.2038808042736901,-0.7451015144915533,0.3230134015914053,-0.8383414548721457,-0.44908551799243807,0.20892456329687328,0.39910138205468554,0.8202812876610138,0.25236615495393117,0.16353554818647942,-0.9740850729634476,0.8798776513694065,0.8553917030354311,0.3697902359782751,0.9117389024710078,0.8970380253229822,0.9417602085585537,0.9276118309269163,0.9171923025961184,0.8721691274594571,0.3088538302142736,0.8306825277356291,0.2106845051572917,0.7288045638430949,0.8125894903443066,0.8920253772815304,-0.27493381387335525,-0.8459007007325665,0.7009226100683407,0.866198773006563,0.4156492696544324,-0.31649221521173293,0.9606825941750565,0.20469669444028094,-0.5149899525904771,-0.4197864793322431,0.8475089804042216,0.6911448255682903,0.9635632593964043,0.7835541890039261,0.6149008539150221,0.7564271471705666,-0.7364399681134476,0.01826068070851768,0.5537404431213767,0.5224705345041417,-0.9201172083701338,0.7023779072698342,0.44340539952716085,-0.5517362122279881,0.3211301085946773,0.29725070798529396,0.24809571763207608,-0.5737160388698811,0.9632782764902805,0.953521529061048,0.3759369157441584,-0.2924513570587951,0.8222471398718453,0.7539961875653796,0.020402299523722633,0.2447482315966158,0.01586086893967231,-0.7572764613862997,0.2364867614553736,0.38097617058494415,0.34918402163303164,0.7073238138035299,0.37893949834994434,0.11637332437242764,0.2592795006872684,0.10742599759186625,-0.1630509060063603,0.4749548681270984
Heschl_L,0.047857534842343584,-0.45244580015330854,0.054236853359451935,-0.20263676619705426,0.5066135423527317,0.9842645172209503,0.9668199482456149,0.19286539998699312,-0.23635397877799333,0.9868573699519742,-0.6369487977383904,-0.03603127889685603,0.09223874632430475,0.07656961031768265,0.6218148320564872,0.2038808042736901,1.0,-0.5187598429160747,0.978467288646653,-0.43616088909171286,0.6182483042411286,0.13513913999193009,0.9741378941564229,0.4240297387665914,0.9913646667685141,0.9954393363119435,-0.21104812097884726,0.3621571080182551,-0.20274789275741023,0.9817504633711723,0.20072255352865148,0.4521730846957045,0.26797927833757773,0.14035538731550032,0.5381018810887621,-0.0785369151502876,0.9912935865159361,-0.34683714936998306,0.6980318552316018,-0.38727611281560487,-0.2276104257178278,-0.07681354968085086,0.1728571239355529,0.19944242348258312,0.5858791742170245,0.6631905376719011,0.9220116707689748,-0.07285606393612151,0.015223440921139662,0.9954070076654739,0.518126241826217,-0.8026621515248044,-0.10647220675272173,-0.29139535426795166,0.2360961856303048,0.26467616189350035,-0.6262103581700755,0.7682668102735204,0.2061277839824665,-0.10934133083398959,0.8853212063438993,-0.7026142965350636,-0.13332110767974442,0.03636845882714596,0.9623306023037864,0.34615496331498635,0.9901031615622212,0.9933883770017433,0.9942198798732993,-0.7913923595808696,0.34752664143044437,0.18418822758665093,0.9785203099164869,-0.8334978140335112,-0.19714746324598306,-0.16998521836634878,0.9790221605469668,0.9942470428291458,0.9151078445588906,0.27168381932249785,0.9960939746240154,-0.39975028195896706,0.9856035930132285,-0.3286718265624353,0.9717918674088163,0.2701238686084733,0.985013784230814,-0.8420441379419306,-0.8846095254894444,-0.7320419783829901
Occipital_Inf_L,-0.2949520895891902,-0.12643839037993987,0.31771243046942904,-0.3100058124644106,-0.6004910898893959,-0.6454311721583207,-0.6842377718684793,0.6596308724170665,0.9440234893416658,-0.5847122063818931,0.8958901575211057,0.7010296946624387,-0.6286114527432876,0.41424025918391444,-0.7668534331050616,-0.7451015144915533,-0.5187598429160747,1.0,-0.6029409533616791,0.9854039380338377,-0.03580450514701827,0.278221829114254,-0.6573602608465587,-0.43997347487353405,-0.6125917731194767,-0.4469038138234595,0.7318607649097587,-0.5425976806366006,-0.3535631634721391,-0.6482524903919188,-0.5385388893383815,-0.659027412224949,-0.6365697385868876,-0.529462343230137,-0.7321518213050787,-0.37578040779838556,-0.5492019880489325,-0.3569319689258109,-0.02075335640802984,-0.1712514679882392,-0.2940339917650772,-0.42110806549533036,0.6225268324545242,0.46414716053582206,-0.45777451684789067,-0.8406494782634697,-0.46438467961316293,0.7585078800067993,-0.5463591770450593,-0.4989744094175338,-0.06868177340737368,0.8793876235304784,-0.3106561327063311,-0.15512519208518075,-0.7328658099240908,-0.38447543931962574,-0.23265319320593442,-0.7394883208941117,0.7223590871469293,0.5556455926428756,-0.5841819046906394,-0.18724792017777084,0.870564939373627,-0.18654220568531948,-0.6695334162853175,0.606937508797239,-0.5643575147949649,-0.5577990509600926,-0.5446439221497343,0.7803833012611792,-0.6712197572006259,-0.5494836439806469,-0.5860367905697158,0.38714934709869464,-0.2839668913227468,-0.21675361928033524,-0.3528757055070728,-0.4948273363339376,-0.16707177277857824,0.6551938213739678,-0.563129403160393,0.27765310030988444,-0.5808732344994358,-0.12734351312452116,-0.5752162985068828,-0.6731144851261209,-0.4835062092110097,0.49113217103712037,0.6951643574194614,-0.15484714814991682
Thal_MGN_L,0.07919297421508845,-0.38707163245389054,-0.0060183984705196245,-0.14047004745580666,0.5713274622767481,0.9891653851614889,0.9887355309337069,0.1313760877847358,-0.3269150210244082,0.9749021899418707,-0.6663490971553718,-0.13016822644493492,0.19785721891950134,0.08692014383670353,0.6630585152195182,0.3230134015914053,0.978467288646653,-0.6029409533616791,1.0,-0.5282135072310545,0.6042520670996109,0.06863823310185628,0.9884831109863946,0.4889217485788449,0.9830950459700735,0.9700220071912337,-0.2947350218546588,0.41097358611814533,-0.1221124782022758,0.9924423752404304,0.25629086762713316,0.5035309292959365,0.34027268212695844,0.21819173104999695,0.6177173042063528,0.0001534911247071853,0.9849618215890613,-0.243580755915568,0.6804100206353811,-0.3222446081678787,-0.16296541180130317,-0.0006447679557540237,0.08353012910079514,0.12966952191128442,0.5894757497574747,0.747305443587705,0.9203237031838274,-0.14703153674013966,0.12112138907832522,0.9860790670471772,0.495764941526756,-0.8425889758002307,-0.021938930511617237,-0.2624602572858935,0.30946538746350377,0.2854839776765613,-0.4968290314249276,0.8149535764877451,0.09690888634741521,-0.16385653174642384,0.8889552810109111,-0.6063871987149183,-0.240204688140309,0.0575471016098008,0.9884447628788057,0.25582183813312775,0.9876536214871755,0.9776456099635857,0.9655824566731708,-0.7737791808688621,0.4507347799438104,0.28497105278551343,0.9687080978027448,-0.7582275517722543,-0.12259355777328561,-0.13206369441223964,0.9423784484589471,0.9728965460606631,0.8520917153266985,0.17261916673743016,0.9801901490099383,-0.4040216184863608,0.9759221431672022,-0.27770378031063186,0.9571007198717159,0.3419115057164364,0.9603500776160172,-0.8163863813221327,-0.8915592583431375,-0.6185039158242424
Occipital_Sup_L,-0.43457614382432364,-0.2894837389384757,0.2098868898102629,-0.46292306862155613,-0.6793640257559042,-0.5786477271559118,-0.6021408371606287,0.6573042646442309,0.9379386665818542,-0.5252677230512137,0.9094206679438279,0.8107987229737507,-0.7452374689363589,0.3314944781886766,-0.8144791502192149,-0.8383414548721457,-0.43616088909171286,0.9854039380338377,-0.5282135072310545,1.0,0.11770069564971385,0.17974642178070394,-0.5962984241735512,-0.5325389363806375,-0.5258060714759619,-0.3658688895878955,0.8317176150776673,-0.6447766519603398,-0.5040757751518123,-0.5803030620367294,-0.6569958147033863,-0.7431521193769827,-0.7408217574431256,-0.6535293439653157,-0.7963416077951123,-0.5213415444742024,-0.48473419583713767,-0.5047241106284932,-0.024667197605474603,-0.33278719806588,-0.44836774393623247,-0.5645320107965484,0.5899886293928294,0.6043356376464262,-0.52663400088553,-0.8683241825619572,-0.4406763169934414,0.7053042818797345,-0.6740649401679489,-0.4160794090323573,0.09648422954606357,0.7961553302099283,-0.45850627370650665,-0.3126983673223724,-0.8293352697233836,-0.499924671596963,-0.3553206116665633,-0.7596112056688866,0.7863007195773523,0.45200644280208774,-0.5784623585758992,-0.3084463499003831,0.9370081887952028,-0.32552249265062816,-0.6136892023595247,0.6587150192398598,-0.4988631264094654,-0.4917107347757269,-0.4720636484072223,0.7644983434648264,-0.7631943254828788,-0.6661704887574318,-0.5341561851584881,0.3707341179695417,-0.43840076342859075,-0.3712003023811687,-0.2540004459589911,-0.4262858378386034,-0.10409552799085682,0.7399191501161111,-0.4801056659118691,0.11993888509927897,-0.5227312673569982,-0.28954866468594925,-0.527730517298632,-0.5691434451331194,-0.41979543345284115,0.347880721226037,0.5782531028547544,-0.26629661463764676
Precentral_L,-0.7136737931231147,-0.9314304603401,-0.46155656708532056,-0.851897704275469,-0.2752113018417053,0.5267203953660466,0.6051303121130577,0.27782469457737075,0.10943953284861134,0.4894740943886654,0.09958640088072869,0.6367717559803007,-0.5892573078731258,-0.17174681537074082,-0.17997133591753278,-0.44908551799243807,0.6182483042411286,-0.03580450514701827,0.6042520670996109,0.11770069564971385,1.0,-0.40699082144270204,0.5088500552094242,-0.31277312217440123,0.6154306029323579,0.6352359339507349,0.5373495282412756,-0.45763755048278937,-0.8239261526451537,0.5419969935880241,-0.5978454903060664,-0.3735810092978231,-0.5138457654372297,-0.6188506694379505,-0.214166483130967,-0.7596327521876524,0.5394678146072727,-0.8370604531647751,0.28192198906135313,-0.9142820311854589,-0.8566646565764362,-0.7631536667017098,0.04506181147677024,0.8353224932116531,-0.23259780659870266,-0.01888356962531757,0.35497619092100796,-0.08462411642915274,-0.6450495492562321,0.6474796336842358,0.967593682726723,-0.4765671519561557,-0.737772900742601,-0.9122270625372417,-0.529654616286257,-0.5610219145710027,-0.7479115064148153,0.04458863707066912,0.5211524353576165,-0.397840793402196,0.21427513467709156,-0.8294153514033374,0.43595460816139053,-0.7056563959490297,0.4928629714425873,0.513062294904537,0.5464300449063163,0.528190603959564,0.5463232746023148,-0.0803836470631646,-0.3746266233869258,-0.5120775490069214,0.4539011697147346,-0.16747053437134862,-0.8244797474299264,-0.8459730352096156,0.7294116270146208,0.5568770711911788,0.5618692419733442,0.6495224168896419,0.6078679601454869,-0.831686629287438,0.4887278124011581,-0.8992404443735104,0.4208593564272891,0.46206324224604584,0.5367563710089922,-0.8332257887579129,-0.6974006700562497,-0.7440311560443057
