,Parietal_Sup_R,OFCpost_L,Frontal_Mid_2_R,Frontal_Inf_Tri_L,Vermis_8,Putamen_R,SN_pc_R,SN_pr_L,Occipital_Sup_L,LC_L,Frontal_Inf_Orb_2_R,Temporal_Mid_R,Thal_LGN_L,Cerebellum_3_R,Thal_IL_R,Putamen_L,Cingulate_Post_R,Vermis_9,Thal_MGN_R,Cerebellum_10_L,Frontal_Med_Orb_R,SupraMarginal_L,ACC_sup_R,Thal_PuM_L,Cerebellum_8_L,Thal_LGN_R,Angular_R,Cerebellum_4_5_L,Temporal_Sup_L,VTA_R,Olfactory_R,Rolandic_Oper_R,Cingulate_Mid_L,Precentral_R,OFCpost_R
Parietal_Sup_R,1.0,-0.8175216711935284,-0.43292787312725844,0.7677515241037451,-0.4837880517086936,-0.8450142075506687,-0.7915231744571485,-0.7659498019164068,0.8317176150776673,-0.2704342048715988,-0.891438572451452,-0.8801888049540875,-0.1933201296274727,-0.9314973062332681,-0.9544454175120186,-0.0758876117424329,-0.44279260264940407,-0.2732066400912971,-0.7963908762935085,-0.35908897318337374,-0.3061659093642528,0.9025375415688992,0.7277994276407403,-0.3545110356499515,-0.3922024413779226,-0.9502070177657594,0.11116005180357065,-0.31171950145233746,-0.019264490063374832,-0.7544703759665595,-0.5495948231471914,-0.9221906391285652,-0.423213788413704,-0.488000225361448,-0.697188231451574
OFCpost_L,-0.8175216711935284,1.0,0.2002702123333762,-0.3558124061640721,0.49160687840463085,0.8608738512334893,0.8151570199458706,0.8906041628093818,-0.4097460218688805,0.31145360796539323,0.9147954350475788,0.8593590990358939,0.19211432731142733,0.9185934063523076,0.8739221716651759,0.6206076909856417,0.39217128541944907,0.24875246634110593,0.7666854946813323,0.27961664062793684,0.765954882076462,-0.7913310344997099,-0.2588908152310247,0.25923969547099035,0.3133854486175653,0.8768284030979203,0.08969230709517452,0.2971440921638353,0.0712851850866112,0.8444026014728454,0.8348549263856438,0.9019420435614965,0.349220721777831,0.4465921312376577,0.7808293942913747
Frontal_Mid_2_R,-0.43292787312725844,0.2002702123333762,1.0,-0.8124133046595865,-0.5308109210076685,0.6350790851548415,0.7178366598415286,-0.17076810743037268,-0.26629661463764676,-0.7131804756630212,0.5680280667110276,0.6568613826227075,-0.7284056958806125,0.13173651786134097,0.5647596857598819,-0.1228933537892088,-0.5623439699530843,-0.7042484276391616,0.7790412922743688,-0.593240596157842,-0.20814823618644118,-0.6972163864794684,-0.7743192587935067,-0.602587986885991,-0.5683483868613654,0.28493854922276335,0.6528580453828627,-0.6778815252318126,-0.8428569081139589,0.6289303288452098,0.4080860240197173,0.5697785512790082,-0.5321484202803398,0.9364209730501242,0.7091880374736429
Frontal_Inf_Tri_L,0.7677515241037451,-0.3558124061640721,-0.8124133046595865,1.0,0.07475880859868718,-0.6986754344380289,-0.6986699871017333,-0.19265318274898116,0.7399191501161111,0.2679092206225693,-0.6653515800603387,-0.7361037250716358,0.2973151998027206,-0.48893660126660876,-0.7392606776405557,0.33202442768066265,0.0665899842292382,0.2201855741298339,-0.7517024471488741,0.11059482249741105,0.20107349323084747,0.8264121721409767,0.9838995886625221,0.1011750229759557,0.08672989474198282,-0.5813556993353372,-0.16980213352677745,0.19988825253454587,0.4566397965040225,-0.6149049257230704,-0.3079854776882105,-0.7095548686420673,0.0613656369214134,-0.695049665575692,-0.6255876245952137
Vermis_8,-0.4837880517086936,0.49160687840463085,-0.5308109210076685,0.07475880859868718,1.0,0.07925872811691244,-0.01942660854033198,0.7961250940807256,-0.5693290951343944,0.9573306164412714,0.21976675354435318,0.12090519334064731,0.9400459637238967,0.6914265683453483,0.33199781851132293,0.05235499865975592,0.9855158954917623,0.9513388761209675,-0.041970313596641294,0.967198789758797,0.3108950511245544,-0.09663810109469935,0.03843061912182381,0.9594780653087033,0.9767803276806322,0.6314420623420426,-0.8042183829324794,0.9696798641721899,0.8749622700612638,-0.013460553430546463,-0.03287237653362082,0.24505436276892095,0.9792589729804645,-0.4596073552699291,-0.12682999031734485
Putamen_R,-0.8450142075506687,0.8608738512334893,0.6350790851548415,-0.6986754344380289,0.07925872811691244,1.0,0.9848732788981378,0.6126274874355006,-0.4342590776689903,-0.13715155391448677,0.9846820108818506,0.993090381163471,-0.25248757033047803,0.7702805112646035,0.9289543954633002,0.4333432535089042,-0.00318849492492605,-0.16915670048490725,0.9630868119000098,-0.11711816210713345,0.5313666950103741,-0.976141717515757,-0.5903050438407142,-0.12666552689473315,-0.07895664434848579,0.7755001985349335,0.4118064893965975,-0.12771230566034386,-0.3922710041947336,0.9870480252886905,0.8801548455114588,0.9816881395343411,-0.04303962854834336,0.7923089309349293,0.9693482126174605
SN_pc_R,-0.7915231744571485,0.8151570199458706,0.7178366598415286,-0.6986699871017333,-0.01942660854033198,0.9848732788981378,1.0,0.509903910245393,-0.37427468532725194,-0.24258022612271143,0.9683589421916703,0.9856289180907722,-0.3452728825999891,0.692354727182867,0.9157453717864545,0.42229737861158717,-0.1094732584748526,-0.2857955696015027,0.9909945671547604,-0.21317522471895697,0.4687607401097042,-0.9577926164407802,-0.5945072267697463,-0.23019777254733548,-0.1771214736266623,0.7351472504191433,0.5058786235137565,-0.23725266299606146,-0.485492713342435,0.9834305812775722,0.8704812672919072,0.9576627808553478,-0.1326745832428228,0.8701344776772509,0.9849715457348016
SN_pr_L,-0.7659498019164068,0.8906041628093818,-0.17076810743037268,-0.19265318274898116,0.7961250940807256,0.6126274874355006,0.509903910245393,1.0,-0.52663400088553,0.6728726446826724,0.6977046744230413,0.6145429995240638,0.5702225180154398,0.9419825997954502,0.7008389388952536,0.461289900261587,0.7329332559395199,0.6415242141662516,0.4503851074440844,0.638000471304739,0.7120135555892391,-0.5727566905005707,-0.13412559021825654,0.6314156967087605,0.6662580357366095,0.8429435458077037,-0.33339286337445234,0.6714460927229389,0.4717297136523012,0.5589611402454591,0.5607165842837856,0.7065555718087445,0.6792729217134152,0.029196305506339185,0.45149959498708975
Occipital_Sup_L,0.8317176150776673,-0.4097460218688805,-0.26629661463764676,0.7399191501161111,-0.5693290951343944,-0.4342590776689903,-0.37427468532725194,-0.52663400088553,1.0,-0.41979543345284115,-0.5020520131863849,-0.5040757751518123,-0.4160794090323573,-0.7096472147829697,-0.6740649401679489,0.45200644280208774,-0.5994094502771943,-0.4720636484072223,-0.4225277439798297,-0.5803030620367294,0.17974642178070394,0.5854191069271732,0.7863007195773523,-0.5871311157969591,-0.5962984241735512,-0.7631943254828788,0.5076038217983723,-0.4917107347757269,-0.2540004459589911,-0.28954866468594925,0.002049257996882767,-0.5645320107965484,-0.6136892023595247,-0.14215388971102816,-0.23080137728403757
LC_L,-0.2704342048715988,0.31145360796539323,-0.7131804756630212,0.2679092206225693,0.9573306164412714,-0.13715155391448677,-0.24258022612271143,0.6728726446826724,-0.41979543345284115,1.0,-0.006285532705634226,-0.10624764939849578,0.982532795439665,0.5161656546729287,0.09840774452292107,0.01930620899902959,0.9740734493428124,0.9845169978991507,-0.274996714659192,0.9703007104764505,0.2637277397254557,0.13030448959552918,0.22078979685405764,0.968711040378737,0.961706634759396,0.41523048698080184,-0.8714660254193773,0.9900204464676821,0.9596444137511311,-0.2170358613222599,-0.17981886809385528,0.01842652334656605,0.9576233680833939,-0.6546477772673113,-0.3351519253915557
Frontal_Inf_Orb_2_R,-0.891438572451452,0.9147954350475788,0.5680280667110276,-0.6653515800603387,0.21976675354435318,0.9846820108818506,0.9683589421916703,0.6977046744230413,-0.5020520131863849,-0.006285532705634226,1.0,0.9912013712150144,-0.11376528315185096,0.8457121376084562,0.9688120179578387,0.42951867928084503,0.1307944660777794,-0.04405367716399994,0.9515680687337096,0.022173185485173465,0.5420217465753928,-0.9633413052970933,-0.5712950598232801,0.006049102615320729,0.061856349239227094,0.8639116280261482,0.2992262665174556,0.0031941529575743835,-0.2643164130634059,0.9594691488490923,0.8476351524434927,0.9962282074907756,0.10197457667908794,0.7336166693287283,0.932876373754006
Temporal_Mid_R,-0.8801888049540875,0.8593590990358939,0.6568613826227075,-0.7361037250716358,0.12090519334064731,0.993090381163471,0.9856289180907722,0.6145429995240638,-0.5040757751518123,-0.10624764939849578,0.9912013712150144,1.0,-0.21077993254271352,0.7928953013290554,0.9619115063462772,0.36646201262014627,0.0397502149732282,-0.13904501594658267,0.976151017523553,-0.06584252146252124,0.46826592893861607,-0.9839227505440825,-0.6416023532338142,-0.07924879584202925,-0.028441510725576127,0.8222763610624735,0.36157294841289905,-0.09257095523315428,-0.36349899408790104,0.9688358297612288,0.8339132519448942,0.9911118701240028,0.012784261169883786,0.795651306381354,0.9523642560594823
Thal_LGN_L,-0.1933201296274727,0.19211432731142733,-0.7284056958806125,0.2973151998027206,0.9400459637238967,-0.25248757033047803,-0.3452728825999891,0.5702225180154398,-0.4160794090323573,0.982532795439665,-0.11376528315185096,-0.21077993254271352,1.0,0.41825603266708955,0.015453102178940765,-0.09887112547963373,0.9632657977009665,0.9827605655929338,-0.3606749428129225,0.9810961373347603,0.12651801524538295,0.22725329633847693,0.2280978181436548,0.9778534595907824,0.9718873160360871,0.3505166980756415,-0.922878102695908,0.9870668202757242,0.9817149099286746,-0.33854204164604923,-0.3208505263250382,-0.0870960534859687,0.9654285435218374,-0.7119286026440781,-0.4458019046680625
Cerebellum_3_R,-0.9314973062332681,0.9185934063523076,0.13173651786134097,-0.48893660126660876,0.6914265683453483,0.7702805112646035,0.692354727182867,0.9419825997954502,-0.7096472147829697,0.5161656546729287,0.8457121376084562,0.7928953013290554,0.41825603266708955,1.0,0.8833699188551477,0.30348259505011443,0.6327557910660921,0.49109147056571134,0.6640548555489791,0.5392924501274361,0.550211065767599,-0.7742648790481176,-0.4373973300696102,0.5300293960806762,0.570669263799421,0.9602738202877081,-0.23509133998660792,0.5299267333454887,0.2729541705189831,0.6959121629953402,0.5941461477303731,0.8641132555290321,0.5978759777607004,0.27572943559114954,0.6089739751546185
Thal_IL_R,-0.9544454175120186,0.8739221716651759,0.5647596857598819,-0.7392606776405557,0.33199781851132293,0.9289543954633002,0.9157453717864545,0.7008389388952536,-0.6740649401679489,0.09840774452292107,0.9688120179578387,0.9619115063462772,0.015453102178940765,0.8833699188551477,1.0,0.2390947701499392,0.2596984663895352,0.0687505321708014,0.9226192175612031,0.17039781540758175,0.3837291027816185,-0.9476206613841223,-0.6777747627560187,0.15202275705668897,0.2053266297413837,0.9362361409757411,0.1292941728433657,0.12110185792843249,-0.15785901221499699,0.8726988888275152,0.6987225444329024,0.9779856229264159,0.251557232786459,0.6738297323214634,0.840929080708413
Putamen_L,-0.0758876117424329,0.6206076909856417,-0.1228933537892088,0.33202442768066265,0.05235499865975592,0.4333432535089042,0.42229737861158717,0.461289900261587,0.45200644280208774,0.01930620899902959,0.42951867928084503,0.36646201262014627,-0.09887112547963373,0.30348259505011443,0.2390947701499392,1.0,-0.06503213029037215,-0.08107975165042244,0.3241584967642974,-0.16085496650778924,0.9340700833504814,-0.2354962190562026,0.46494325744654413,-0.18178685516015639,-0.1414946804378122,0.19113830072691637,0.45008997059293643,-0.05617332810077065,-0.06926435063219771,0.5373412697595665,0.7926342409814463,0.367155125544001,-0.12899830915749988,0.2266190130064029,0.513670089113974
Cingulate_Post_R,-0.44279260264940407,0.39217128541944907,-0.5623439699530843,0.0665899842292382,0.9855158954917623,-0.00318849492492605,-0.1094732584748526,0.7329332559395199,-0.5994094502771943,0.9740734493428124,0.1307944660777794,0.0397502149732282,0.9632657977009665,0.6327557910660921,0.2596984663895352,-0.06503213029037215,1.0,0.977461758178397,-0.12683044785845143,0.990357428690633,0.21121682834373823,-0.034679491546898915,0.017476873124467177,0.9891492472864272,0.9903053470201133,0.5619463915947503,-0.875696892175351,0.988328816463671,0.9036046816056524,-0.10615076697800398,-0.13962030158490876,0.16501066448285778,0.9899903112404516,-0.5320683520253815,-0.22263765176869438
Vermis_9,-0.2732066400912971,0.24875246634110593,-0.7042484276391616,0.2201855741298339,0.9513388761209675,-0.16915670048490725,-0.2857955696015027,0.6415242141662516,-0.4720636484072223,0.9845169978991507,-0.04405367716399994,-0.13904501594658267,0.9827605655929338,0.49109147056571134,0.0687505321708014,-0.08107975165042244,0.977461758178397,1.0,-0.31245324187494183,0.9791709569353376,0.18285776698881778,0.13815108936454687,0.16409345674113443,0.9846357958952063,0.9765452507143161,0.3924100048728864,-0.9180361986428685,0.9961214499660092,0.9597262135544199,-0.2624174800806965,-0.2529239492186077,-0.010502997907975976,0.9612900465764815,-0.686081739219397,-0.3790914536382305
Thal_MGN_R,-0.7963908762935085,0.7666854946813323,0.7790412922743688,-0.7517024471488741,-0.041970313596641294,0.9630868119000098,0.9909945671547604,0.4503851074440844,-0.4225277439798297,-0.274996714659192,0.9515680687337096,0.976151017523553,-0.3606749428129225,0.6640548555489791,0.9226192175612031,0.3241584967642974,-0.12683044785845143,-0.31245324187494183,1.0,-0.21874936048579596,0.35954476122814893,-0.9560730616405049,-0.6628727876805472,-0.23853684495488564,-0.18324463950042033,0.7385400963690948,0.494104784239997,-0.2619518050250751,-0.5112238963868987,0.9523832381034674,0.8047767163646041,0.9437437884155744,-0.13532035283649027,0.8980040898872313,0.9637161938491638
Cerebellum_10_L,-0.35908897318337374,0.27961664062793684,-0.593240596157842,0.11059482249741105,0.967198789758797,-0.11711816210713345,-0.21317522471895697,0.638000471304739,-0.5803030620367294,0.9703007104764505,0.022173185485173465,-0.06584252146252124,0.9810961373347603,0.5392924501274361,0.17039781540758175,-0.16085496650778924,0.990357428690633,0.9791709569353376,-0.21874936048579596,1.0,0.09769085725329597,0.06698511962466851,0.04147173508779918,0.9976143078273402,0.9961190511258201,0.48809098695074576,-0.9230797652019389,0.9879131257197902,0.9301233710685405,-0.2232032030698374,-0.26528671283658506,0.057892947507079386,0.9945082437445427,-0.5962108828642352,-0.33224135267144417
Frontal_Med_Orb_R,-0.3061659093642528,0.765954882076462,-0.20814823618644118,0.20107349323084747,0.3108950511245544,0.5313666950103741,0.4687607401097042,0.7120135555892391,0.17974642178070394,0.2637277397254557,0.5420217465753928,0.46826592893861607,0.12651801524538295,0.550211065767599,0.3837291027816185,0.9340700833504814,0.21121682834373823,0.18285776698881778,0.35954476122814893,0.09769085725329597,1.0,-0.36312513895443194,0.33430288835230487,0.08809999409867919,0.11832374981617479,0.3935160592589206,0.21075850939024457,0.20551671373183955,0.12667806189805414,0.5949887691710832,0.8061865586258433,0.5026173111752409,0.12527301436678617,0.12851173583655204,0.528263352508848
SupraMarginal_L,0.9025375415688992,-0.7913310344997099,-0.6972163864794684,0.8264121721409767,-0.09663810109469935,-0.976141717515757,-0.9577926164407802,-0.5727566905005707,0.5854191069271732,0.13030448959552918,-0.9633413052970933,-0.9839227505440825,0.22725329633847693,-0.7742648790481176,-0.9476206613841223,-0.2354962190562026,-0.034679491546898915,0.13815108936454687,-0.9560730616405049,0.06698511962466851,-0.36312513895443194,1.0,0.7420794043930379,0.07203330862041317,0.02825632233547574,-0.8020307098553274,-0.31817877432018943,0.1009603478319018,0.3855206284893155,-0.9351429959129238,-0.7609551966730611,-0.9753903987416009,-0.0047990293263898065,-0.7855123126782181,-0.9191761053296211
ACC_sup_R,0.7277994276407403,-0.2588908152310247,-0.7743192587935067,0.9838995886625221,0.03843061912182381,-0.5903050438407142,-0.5945072267697463,-0.13412559021825654,0.7863007195773523,0.22078979685405764,-0.5712950598232801,-0.6416023532338142,0.2280978181436548,-0.4373973300696102,-0.6777747627560187,0.46494325744654413,0.017476873124467177,0.16409345674113443,-0.6628727876805472,0.04147173508779918,0.33430288835230487,0.7420794043930379,1.0,0.03299700635113423,0.020315538863649424,-0.5506404599064203,-0.06387942975564763,0.14664061737446737,0.38721449960533777,-0.49146541993219106,-0.16054924499456424,-0.6208343774929198,-0.0031297106157969984,-0.6141805086201916,-0.5051875016530124
Thal_PuM_L,-0.3545110356499515,0.25923969547099035,-0.602587986885991,0.1011750229759557,0.9594780653087033,-0.12666552689473315,-0.23019777254733548,0.6314156967087605,-0.5871311157969591,0.968711040378737,0.006049102615320729,-0.07924879584202925,0.9778534595907824,0.5300293960806762,0.15202275705668897,-0.18178685516015639,0.9891492472864272,0.9846357958952063,-0.23853684495488564,0.9976143078273402,0.08809999409867919,0.07203330862041317,0.03299700635113423,1.0,0.993612427512229,0.46835600733521576,-0.9354831349960556,0.9892987739661048,0.9301555686676604,-0.2352728018262288,-0.2791717055007304,0.045452330138462976,0.9880171815415432,-0.6149929030814989,-0.34672259388649324
Cerebellum_8_L,-0.3922024413779226,0.3133854486175653,-0.5683483868613654,0.08672989474198282,0.9767803276806322,-0.07895664434848579,-0.1771214736266623,0.6662580357366095,-0.5962984241735512,0.961706634759396,0.061856349239227094,-0.028441510725576127,0.9718873160360871,0.570669263799421,0.2053266297413837,-0.1414946804378122,0.9903053470201133,0.9765452507143161,-0.18324463950042033,0.9961190511258201,0.11832374981617479,0.02825632233547574,0.020315538863649424,0.993612427512229,1.0,0.5235888407469859,-0.9078459291706571,0.9847568054521377,0.9161012212878581,-0.18683199086583105,-0.2344715720046019,0.09714582852713426,0.9955204394835712,-0.5664417884127992,-0.2944202727328262
Thal_LGN_R,-0.9502070177657594,0.8768284030979203,0.28493854922276335,-0.5813556993353372,0.6314420623420426,0.7755001985349335,0.7351472504191433,0.8429435458077037,-0.7631943254828788,0.41523048698080184,0.8639116280261482,0.8222763610624735,0.3505166980756415,0.9602738202877081,0.9362361409757411,0.19113830072691637,0.5619463915947503,0.3924100048728864,0.7385400963690948,0.48809098695074576,0.3935160592589206,-0.8020307098553274,-0.5506404599064203,0.46835600733521576,0.5235888407469859,1.0,-0.18755765914351416,0.44296266046423466,0.18314937253879462,0.6943056786893568,0.5344323279085321,0.8801962729957885,0.5620960401847285,0.391100480825832,0.6320074912662935
Angular_R,0.11116005180357065,0.08969230709517452,0.6528580453828627,-0.16980213352677745,-0.8042183829324794,0.4118064893965975,0.5058786235137565,-0.33339286337445234,0.5076038217983723,-0.8714660254193773,0.2992262665174556,0.36157294841289905,-0.922878102695908,-0.23509133998660792,0.1292941728433657,0.45008997059293643,-0.875696892175351,-0.9180361986428685,0.494104784239997,-0.9230797652019389,0.21075850939024457,-0.31817877432018943,-0.06387942975564763,-0.9354831349960556,-0.9078459291706571,-0.18755765914351416,1.0,-0.9040638740437016,-0.9096265153722881,0.5247007720152105,0.5872888986699256,0.24912127302072232,-0.8877147585140854,0.7691611758303235,0.6173314950736005
Cerebellum_4_5_L,-0.31171950145233746,0.2971440921638353,-0.6778815252318126,0.19988825253454587,0.9696798641721899,-0.12771230566034386,-0.23725266299606146,0.6714460927229389,-0.4917107347757269,0.9900204464676821,0.0031941529575743835,-0.09257095523315428,0.9870668202757242,0.5299267333454887,0.12110185792843249,-0.05617332810077065,0.988328816463671,0.9961214499660092,-0.2619518050250751,0.9879131257197902,0.20551671373183955,0.1009603478319018,0.14664061737446737,0.9892987739661048,0.9847568054521377,0.44296266046423466,-0.9040638740437016,1.0,0.9548988080515155,-0.22015737741554062,-0.21591132663035972,0.03467154834223928,0.9762526315940042,-0.6476342312710991,-0.3370538446508701
Temporal_Sup_L,-0.019264490063374832,0.0712851850866112,-0.8428569081139589,0.4566397965040225,0.8749622700612638,-0.3922710041947336,-0.485492713342435,0.4717297136523012,-0.2540004459589911,0.9596444137511311,-0.2643164130634059,-0.36349899408790104,0.9817149099286746,0.2729541705189831,-0.15785901221499699,-0.06926435063219771,0.9036046816056524,0.9597262135544199,-0.5112238963868987,0.9301233710685405,0.12667806189805414,0.3855206284893155,0.38721449960533777,0.9301555686676604,0.9161012212878581,0.18314937253879462,-0.9096265153722881,0.9548988080515155,1.0,-0.45973138297372246,-0.389969864490343,-0.2432537497747025,0.9006068932804335,-0.8216985612443177,-0.5632405961031965
VTA_R,-0.7544703759665595,0.8444026014728454,0.6289303288452098,-0.6149049257230704,-0.013460553430546463,0.9870480252886905,0.9834305812775722,0.5589611402454591,-0.28954866468594925,-0.2170358613222599,0.9594691488490923,0.9688358297612288,-0.33854204164604923,0.6959121629953402,0.8726988888275152,0.5373412697595665,-0.10615076697800398,-0.2624174800806965,0.9523832381034674,-0.2232032030698374,0.5949887691710832,-0.9351429959129238,-0.49146541993219106,-0.2352728018262288,-0.18683199086583105,0.6943056786893568,0.5247007720152105,-0.22015737741554062,-0.45973138297372246,1.0,0.9350261207517422,0.945378535010826,-0.15059661604143618,0.8177194824345092,0.9899038446191233
Olfactory_R,-0.5495948231471914,0.8348549263856438,0.4080860240197173,-0.3079854776882105,-0.03287237653362082,0.8801548455114588,0.8704812672919072,0.5607165842837856,0.002049257996882767,-0.17981886809385528,0.8476351524434927,0.8339132519448942,-0.3208505263250382,0.5941461477303731,0.6987225444329024,0.7926342409814463,-0.13962030158490876,-0.2529239492186077,0.8047767163646041,-0.26528671283658506,0.8061865586258433,-0.7609551966730611,-0.16054924499456424,-0.2791717055007304,-0.2344715720046019,0.5344323279085321,0.5872888986699256,-0.21591132663035972,-0.389969864490343,0.9350261207517422,1.0,0.8127209325951552,-0.20461993183517976,0.6833838093332902,0.9196466848546426
Rolandic_Oper_R,-0.9221906391285652,0.9019420435614965,0.5697785512790082,-0.7095548686420673,0.24505436276892095,0.9816881395343411,0.9576627808553478,0.7065555718087445,-0.5645320107965484,0.01842652334656605,0.9962282074907756,0.9911118701240028,-0.0870960534859687,0.8641132555290321,0.9779856229264159,0.367155125544001,0.16501066448285778,-0.010502997907975976,0.9437437884155744,0.057892947507079386,0.5026173111752409,-0.9753903987416009,-0.6208343774929198,0.045452330138462976,0.09714582852713426,0.8801962729957885,0.24912127302072232,0.03467154834223928,-0.2432537497747025,0.945378535010826,0.8127209325951552,1.0,0.13533694022504905,0.7140898672318255,0.9141240820326636
Cingulate_Mid_L,-0.423213788413704,0.349220721777831,-0.5321484202803398,0.0613656369214134,0.9792589729804645,-0.04303962854834336,-0.1326745832428228,0.6792729217134152,-0.6136892023595247,0.9576233680833939,0.10197457667908794,0.012784261169883786,0.9654285435218374,0.5978759777607004,0.251557232786459,-0.12899830915749988,0.9899903112404516,0.9612900465764815,-0.13532035283649027,0.9945082437445427,0.12527301436678617,-0.0047990293263898065,-0.0031297106157969984,0.9880171815415432,0.9955204394835712,0.5620960401847285,-0.8877147585140854,0.9762526315940042,0.9006068932804335,-0.15059661604143618,-0.20461993183517976,0.13533694022504905,1.0,-0.5223938891953065,-0.2565276857439845
Precentral_R,-0.488000225361448,0.4465921312376577,0.9364209730501242,-0.695049665575692,-0.4596073552699291,0.7923089309349293,0.8701344776772509,0.029196305506339185,-0.14215388971102816,-0.6546477772673113,0.7336166693287283,0.795651306381354,-0.7119286026440781,0.27572943559114954,0.6738297323214634,0.2266190130064029,-0.5320683520253815,-0.686081739219397,0.8980040898872313,-0.5962108828642352,0.12851173583655204,-0.7855123126782181,-0.6141805086201916,-0.6149929030814989,-0.5664417884127992,0.391100480825832,0.7691611758303235,-0.6476342312710991,-0.8216985612443177,0.8177194824345092,0.6833838093332902,0.7140898672318255,-0.5223938891953065,1.0,0.8844705102137903
OFCpost_R,-0.697188231451574,0.7808293942913747,0.7091880374736429,-0.6255876245952137,-0.12682999031734485,0.9693482126174605,0.9849715457348016,0.45149959498708975,-0.23080137728403757,-0.3351519253915557,0.932876373754006,0.9523642560594823,-0.4458019046680625,0.6089739751546185,0.840929080708413,0.513670089113974,-0.22263765176869438,-0.3790914536382305,0.9637161938491638,-0.33224135267144417,0.528263352508848,-0.9191761053296211,-0.5051875016530124,-0.34672259388649324,-0.2944202727328262,0.6320074912662935,0.6173314950736005,-0.3370538446508701,-0.5632405961031965,0.9899038446191233,0.9196466848546426,0.9141240820326636,-0.2565276857439845,0.8844705102137903,1.0
