,Putamen_L,Thal_PuA_L,SN_pr_R,OFCmed_L,Cerebellum_10_R,OFClat_R,Fusiform_R,Occipital_Sup_L,Vermis_7,Temporal_Inf_L,Angular_R,SupraMarginal_L,ACC_pre_L,Frontal_Inf_Orb_2_L,Thal_PuI_R,Thal_MDl_R,OFCpost_L,Thal_PuL_R,Thal_MDm_L,Precuneus_R,Frontal_Sup_Medial_L,Thal_MGN_R,Cerebellum_6_R,Cingulate_Post_L,Vermis_9,Temporal_Pole_Sup_R,Temporal_Inf_R,Thal_VA_R,Insula_R,VTA_L,Postcentral_L,Precentral_R,Cerebellum_8_L,Occipital_Inf_R,Parietal_Sup_L,OFClat_L,Cerebellum_7b_R,Occipital_Mid_L,Pallidum_R,Vermis_3,VTA_R,Thal_VL_R,Cerebellum_4_5_R,Parietal_Inf_L,SN_pr_L,Cerebellum_9_R,Frontal_Med_Orb_R,Rolandic_Oper_R,LC_L,Rectus_R,Heschl_L,Vermis_6,Cingulate_Mid_L,Temporal_Sup_R,Pallidum_L,Paracentral_Lobule_R,Thal_LGN_R,Thal_VPL_R,Cerebellum_Crus2_L,Olfactory_L
Putamen_L,1.0,0.6701420990963136,0.3870158243399253,0.12103065263158244,0.4917148294849828,0.16961596345146657,0.2650007203122632,-0.15459189823923236,-0.07034826893422998,0.3352155129291682,0.13327752466368667,0.15082845137893902,0.20937853520225813,0.3746264043306143,0.45615645121353926,0.08423074066019286,0.3698263499501831,0.3659387633721208,0.5259001042181142,0.4157337582769986,0.4199291870660697,0.2578376020421424,0.12658353980962478,0.6475603628488467,0.1978676206123146,0.06652969282940796,-0.05946954158430433,0.4870710268606144,0.6112631807482266,0.3828816166262362,0.1690994354255378,0.3255954675484686,0.11184767120436448,-0.2563474353773566,-0.2044342563596715,0.47051258767147436,-0.06270858709546087,-0.1811621572156396,0.4050666885043412,0.2018286027189323,0.23492902834368104,0.5910492284918816,0.33292874359292696,0.14609318935652657,0.1635963706575506,0.11306290420633588,-0.09813500222715967,0.3618112769659095,0.3819527322421405,0.06803566383467644,0.4657476607381907,0.026160155829338214,0.6924871842470263,0.258383387645175,0.5306533128447142,0.32429518079224096,0.3130807377291866,0.3987912371621927,0.023531168072351987,0.4980353812602254
Thal_PuA_L,0.6701420990963136,1.0,0.44402781819788617,0.2847889551100369,0.35683281858898097,0.2852117964471417,0.18097125803262765,-0.11964192093646481,0.0016602257304134502,0.15558102920633185,-0.06800876630531819,-0.18221818645705282,0.3012773281282884,0.3198472806141285,0.14301652054407246,0.02013119645356847,0.45904764191230135,0.39988338968641207,0.4873474278872905,0.06162822871837337,0.24640320004864746,0.09771513108723422,0.0027762182178977775,0.5288153814667959,0.08364354782441386,0.07387332584589476,0.026490673408243848,0.5242228664375197,0.40587375266324766,0.24615690611350147,-0.1257615573837429,0.13970572355182231,-0.03790945938542213,-0.10405245216341617,-0.03746450795780479,0.47031652148972103,0.03853904508876483,-0.0696448449894755,0.4222975810090142,-0.057908059087486995,0.21359448060731004,0.3601656058231809,0.13260341401081327,-0.1584548753517848,0.13857504850584268,0.07916182059652352,0.035692544618265716,0.38125345520642573,0.5040536248924538,0.2461452931445374,0.35507498484950367,-0.11367273771090072,0.48681050265836623,0.20660749296991518,0.6171010636129772,0.03121817859567185,0.1743753114492752,0.2080882088022465,0.044112103285595804,0.5505705941605474
SN_pr_R,0.3870158243399253,0.44402781819788617,1.0,0.19042411355668695,0.2704862477263499,0.26202394987306077,0.3122902605772353,-0.014848358875184332,0.22400612984793575,0.16272962901046914,0.04695969416872563,-0.23322363866959367,0.19754670635135607,0.27244282261544334,0.1106902314805843,0.09151753862086374,0.22575686780452803,0.2646297532050849,0.2031849421570918,0.02329242631849903,0.21383977402930315,0.2486568296702444,0.21602274915055414,0.44911073370207033,0.16252017019021686,0.1887900508553495,0.19187138259114783,0.3326452920361641,0.4692215372101454,0.1901895469987764,-0.13566004774159185,0.11123345168097952,0.18084337381533808,0.09803451766319228,0.12419884849558352,0.09790927929337265,0.20704927368592635,-0.07841896148087037,0.41221710712669973,0.1370800876034488,0.17023167449598064,0.1697434361059363,0.34038584571398245,-0.2008738151580147,0.1626604762772716,0.2324166196973892,0.12228317179851246,0.46170438794543867,0.4042280936554274,0.308037480811821,0.24853752173930513,0.11212985106337967,0.4063774945265384,0.29688283793912534,0.4654768228960906,-0.03165072810578208,0.17295266703996312,0.10449776556267787,0.06429861949831313,0.4508822615639527
OFCmed_L,0.12103065263158244,0.2847889551100369,0.19042411355668695,1.0,0.3438497718460878,0.6450278713902375,0.46792202257189774,0.3320596562770041,0.25837439831326303,0.08759689656266881,0.20229692136898011,-0.3069795367157749,0.5285810781106699,0.11408530596264647,-0.044594574035010257,0.03468420523682788,0.58380200996013,-0.11213419978730077,0.43479846949373274,0.0800179265803823,-0.018843311174475574,0.01699926163783067,0.28864899721002313,0.14472059318104832,0.2657571500677774,0.5603464576709268,0.43454000849010066,0.5153879647290074,0.27675486034819,-0.09319463339063848,-0.23905188619871443,-0.12902236284491392,-0.09095288250018672,0.4445142023318882,0.3360560681075654,0.39118566942421795,0.4217583083351588,0.36650579746306067,0.5618621368421459,0.08403416276728727,0.4368512611851491,0.17979496003683684,0.13064629157155042,-0.25913756225956,-0.18565968090545415,0.30566202193805064,0.6900508704636846,0.48264234028810515,0.46201328758622195,0.6951058050678813,-0.03008892016096494,0.14882494764432425,0.06966784294132326,0.46329422891435124,0.5088020151504924,-0.03847648109794301,0.04018955345742203,-0.274842122561967,0.04831119453788485,0.45278169474764346
Cerebellum_10_R,0.4917148294849828,0.35683281858898097,0.2704862477263499,0.3438497718460878,1.0,0.4678304768890879,0.2733772752650346,-0.14064874443821646,-0.14239247480464415,0.3078891858873281,-0.11168133002292774,0.10379524507435617,0.2357771211223636,0.4776586422249431,0.1810237249644609,-0.22916664577062998,0.44534282394685726,0.36256699401632086,0.29155530325279577,0.3505713611889254,0.3126050758219586,0.42677120887570397,0.013101444672220519,0.511252198979115,-0.06435293243072888,0.006876047234966685,-0.07165200784650956,0.6155551131814763,0.486725183635607,0.08783046889051054,0.2148149676796064,0.2985208714347729,-0.07268148603064734,-0.0963213233052722,-0.16048121388662112,0.527343281148502,-0.11736298406188132,-0.13384180526879977,0.7092616830828957,0.03293183528566749,0.3539111809713438,0.34856259957153074,0.2693930838437398,0.02701043112494626,0.10010731894208405,-0.038417019558636696,0.03258592371452941,0.31467411340614737,0.16175790822106764,0.2719184090216395,0.2889343800507698,-0.17546323929982668,0.6918640287726832,0.1024012484869157,0.5087968110363229,0.3437732566231973,0.47988124271856486,0.1050323813002165,-0.39187802763158097,0.5721451635567452
OFClat_R,0.16961596345146657,0.2852117964471417,0.26202394987306077,0.6450278713902375,0.4678304768890879,1.0,0.44608086860341273,0.04779194096055402,0.07150793483130473,-0.07755171062206202,-0.0399946129239489,-0.35205989551232636,0.5285560597889312,0.24351811460730236,-0.0027779048117081723,-0.19667042746199048,0.5823265894686,0.21069092765689262,0.35126981518018124,0.015168108106043625,0.0013200977984571334,0.20875870975121288,0.11592341663903219,0.21357357070291544,-0.02359586379874261,0.5517975782411851,0.42719582079236307,0.4789859946436179,0.16495350479567583,-0.11608725650380253,-0.10067279168867631,-0.19095603125183722,-0.3471163037452529,0.22865642696836966,0.12349101172096394,0.3710503528077746,0.18339782357903395,0.025240723331996527,0.5938107453560332,-0.07427066260558594,0.4573178725306445,0.032359361962854424,0.2502323359674445,-0.2409072910680328,-0.15856568310950966,0.0995669137337014,0.48929621796037404,0.44964885533166643,0.37219226527242927,0.527472760582748,-0.03004130782953247,-0.16795786770674104,0.22130386537677463,0.37385656292988456,0.47596852881346924,-0.08106588175146642,0.210824122090453,-0.41997725468558356,-0.19655887570978106,0.48798706400237635
Fusiform_R,0.2650007203122632,0.18097125803262765,0.3122902605772353,0.46792202257189774,0.2733772752650346,0.44608086860341273,1.0,0.41490486434371765,0.6978470253068404,0.04634077622404344,0.5742481983729317,-0.1315923618557215,0.16689682027463784,-0.2528946535134109,0.2903509491785618,0.20395703936998155,0.016376369551877767,-0.1426710893506295,0.46581812588351923,0.3368346242539526,0.03955205863289297,0.19990333808178787,0.8544802614141843,0.45382662780942185,0.6692702060764358,0.71218225730441,0.7680819994077707,0.26253783714371537,0.4228681211311019,0.2071146969927621,0.0551334328455494,-0.07678612959896708,0.22959852191577923,0.5669537369670348,0.4297824975234426,-0.1535708019807489,0.6785629507678897,0.26832525425798615,0.4472515055497913,0.6533212563514562,0.42587798982369196,0.3660066762121587,0.7064168873530935,0.03629966586997651,0.02833373273475635,0.6483478799799162,0.47340241713355474,0.577150879803366,0.5307685974818083,0.44150172717172187,-0.1905960860143445,0.5777031381948017,0.31025636081221714,0.7570894106630701,0.20400991085148815,0.06058790647088791,0.038747981285002446,-0.06186838525977737,0.3222583722356281,0.10201265370218565
Occipital_Sup_L,-0.15459189823923236,-0.11964192093646481,-0.014848358875184332,0.3320596562770041,-0.14064874443821646,0.04779194096055402,0.41490486434371765,1.0,0.487694575462491,-0.39634839998124666,0.6836664309036916,-0.027388746233994482,-0.21678520362613582,-0.4775068001082074,0.02283821278899001,0.24629592716003781,-0.30310530432589755,-0.5170821822784125,-0.024962458145212543,0.2309083909767324,-0.36541899554076107,-0.1846123042551851,0.5155532599305399,-0.003438237280824131,0.511170954997632,0.4522392074746231,0.5500335468557638,0.0479888973608442,0.11529363071732338,-0.10141228223995888,0.07932068695385691,-0.15770257286128953,0.007188732057870184,0.7816949626926994,0.7443278940766542,-0.2334517572289405,0.6379796823662072,0.7161565941743209,0.07980079624712313,0.45140395950450724,0.10692476426060472,0.21166276797471587,0.11866182959550454,0.19979596899222052,-0.15338419331439293,0.47450913002691003,0.36470400328823205,0.4325199657302929,0.25363463387087953,0.45091248005865325,-0.5753697830973888,0.539824939396595,-0.27115800398227946,0.5740375045338914,-0.1213414311025825,0.061899409064193445,-0.3522731052817113,0.09277368330283228,0.3563039674249175,-0.2427379534957832
Vermis_7,-0.07034826893422998,0.0016602257304134502,0.22400612984793575,0.25837439831326303,-0.14239247480464415,0.07150793483130473,0.6978470253068404,0.487694575462491,1.0,-0.0063588475704845,0.5575153584975947,-0.1976644384055281,-0.09102979214027507,-0.46947787888349624,-0.05779218316157538,0.5458275242343708,-0.3436280559970534,-0.42272070091220265,0.32488337512461835,-0.07383510341442627,-0.1778369648226966,-0.19604096136993818,0.8155783331045514,0.25294945665321683,0.8013822551663055,0.6257244159656195,0.83388773442497,-0.02312569382065984,0.24586022942719415,0.2929671773389369,-0.19923152548395456,-0.4074198569838038,0.5648178332758829,0.7055267395185701,0.47410528599464874,-0.4556701778922404,0.8621200149439301,0.3664510383071881,0.19198628721201424,0.5124580744476879,0.3759488749722846,0.23594433874505105,0.30255932894554555,-0.09516423606390455,-0.018413117131739952,0.8627121042289951,0.4071163516049539,0.461712355486252,0.41267414003672626,0.3226371440620104,-0.26949553200230475,0.6388193577044347,-0.08300938294974236,0.638101225056484,0.035356119737538196,-0.3245204266569815,-0.43161442035052544,-0.08633870144027546,0.5733587816117612,-0.27869027314648953
Temporal_Inf_L,0.3352155129291682,0.15558102920633185,0.16272962901046914,0.08759689656266881,0.3078891858873281,-0.07755171062206202,0.04634077622404344,-0.39634839998124666,-0.0063588475704845,1.0,-0.3324716488058561,0.2387221952240918,0.5055413106002487,0.5123555771789958,0.022799870921923312,0.21579597390595234,0.4089511050805428,0.18929035402460592,0.40811443885461907,-0.03877329465495465,0.7619268059107813,0.14691795056262213,0.001371476065041762,0.32653616444588435,-0.015570789802916546,-0.1544177869349247,-0.23706022011791503,-0.0314648278867638,0.3049538133473583,0.5244749127933327,-0.11117919227605921,-0.013516129498682134,0.4862211895169222,-0.38973045597277234,-0.48732712828725594,0.1756428218711372,-0.25228889300573465,-0.367284243280586,0.19522649714566856,-0.09737139104819956,0.23395278403552347,0.20620610397323652,0.14947821509645035,-0.10041073335110173,0.22644036470744328,0.026529577865614055,0.1619096784633001,-0.25134382589878657,0.04939032225129794,-0.15096214132955033,0.7536296663874348,-0.13000142044083607,0.4170766718968976,-0.3344675203421221,0.18681744435785724,-0.13671671570883218,0.14054523024046187,0.17744542762687596,-0.040458493688705806,0.30573949674015444
Angular_R,0.13327752466368667,-0.06800876630531819,0.04695969416872563,0.20229692136898011,-0.11168133002292774,-0.0399946129239489,0.5742481983729317,0.6836664309036916,0.5575153584975947,-0.3324716488058561,1.0,0.14501746309973168,-0.3792814305551921,-0.5662191623698294,0.3460531666522379,0.42280240993310925,-0.41322278021743475,-0.5247421838278143,0.11101288274503561,0.5641912629934678,-0.37777891324896606,-0.08020023573684713,0.760969378139943,0.14544929946699542,0.7758722808474342,0.5829899686189971,0.612501983121519,0.06555581924924751,0.24577469828027482,0.1297868584847622,0.3100374366132826,0.01181386399713208,0.19392365494136676,0.6275755286383682,0.6334046461829254,-0.29955118839817957,0.712863705662017,0.6224436857946196,0.023493577100018943,0.7572533187815397,0.02814343501809473,0.4944325604649421,0.3722043195146961,0.44197958924775244,-0.062345701945739115,0.6662611651862486,0.16085302070183743,0.5271230135849754,0.3566311067086235,0.31490522865215675,-0.5712359764357345,0.6796956505753076,-0.10269018435459105,0.7871288679775686,-0.15101000692728506,0.3062936220698041,-0.2893596882586264,0.2190455901203833,0.5003731392205131,-0.1975931164695756
SupraMarginal_L,0.15082845137893902,-0.18221818645705282,-0.23322363866959367,-0.3069795367157749,0.10379524507435617,-0.35205989551232636,-0.1315923618557215,-0.027388746233994482,-0.1976644384055281,0.2387221952240918,0.14501746309973168,1.0,-0.29656626218901705,0.0808858583821383,0.18518614928034685,0.121259636995884,-0.20445329171919935,-0.21212898882763556,-0.11025161719974481,0.48922921125087443,0.25825546680873607,0.0018650581994564058,0.10379818648066964,0.11803896670301585,0.1504190807718147,-0.08938317204823662,-0.23162314108237503,-0.214683763677946,0.29156134719685345,0.31642144707584546,0.8066806252138929,-0.016378938875679067,0.13780148463791322,-0.166413473945823,-0.08284511816075048,0.0077687399735080305,-0.1561222229133094,-0.02586699007742716,-0.1387905373010292,0.20230685995337885,-0.22088625078180874,0.49163124430858857,-0.040522591657426645,0.8407085934267009,0.27605295246688194,0.07462352078060418,-0.32012033559452185,-0.2517478113087514,-0.07840451617512534,-0.2457967800181147,-0.022215997144333647,0.05244694463292495,0.18940150528702013,-0.24526210399407128,-0.39065658578872275,0.2826637401833754,-0.07540645329274369,0.5952091088638692,0.035410963869091795,0.002328216943322805
ACC_pre_L,0.20937853520225813,0.3012773281282884,0.19754670635135607,0.5285810781106699,0.2357771211223636,0.5285560597889312,0.16689682027463784,-0.21678520362613582,-0.09102979214027507,0.5055413106002487,-0.3792814305551921,-0.29656626218901705,1.0,0.43947340835900395,-0.08479424167562946,-0.04312811527718938,0.7435899972046718,0.2591081656108967,0.4605264700882712,-0.23768570103572137,0.5915135211161661,0.09572823904637585,-0.08771044424990858,0.06536720469654957,-0.20017034384149954,0.2084808777349647,0.005421053378154874,0.11251948174898192,0.06349628235778937,0.16139863628390835,-0.41763783897293316,-0.1451685912898265,-0.011038853319586834,-0.2160539768387325,-0.25802797633643926,0.33700329199682627,-0.14269890972131571,-0.22280657015843816,0.28247974758267047,-0.244716772260953,0.4472251426598069,-0.15018417412080753,0.14311327014014327,-0.4268077326439084,-0.056232785039469727,-0.1099318654338177,0.6846115784868944,-0.07581740232195523,0.19217929287515328,0.09834743172247315,0.5012848338158878,-0.16504561527428446,0.1471337553081385,-0.10276330001865513,0.4289002884493531,-0.2879885391654176,0.2134882435021938,-0.3339922513907105,-0.07228633318294382,0.44786978053369225
Frontal_Inf_Orb_2_L,0.3746264043306143,0.3198472806141285,0.27244282261544334,0.11408530596264647,0.4776586422249431,0.24351811460730236,-0.2528946535134109,-0.4775068001082074,-0.46947787888349624,0.5123555771789958,-0.5662191623698294,0.0808858583821383,0.43947340835900395,1.0,0.07063799666350991,-0.32518147286515053,0.6947667225223694,0.5557058469824235,0.09702950536002677,0.0666561026873599,0.5689879962527166,0.32845743582782455,-0.48606560289724043,0.25089872734405405,-0.48822897478976923,-0.3674074252991149,-0.5268027852685506,0.3799449874169427,0.33822974302401315,0.06800334873470917,-0.017161408275283813,0.27503915169474263,-0.16287917301390165,-0.48160811209353677,-0.45637643446920556,0.6555142855063827,-0.5806778573610102,-0.3854003046008323,0.39715987988061996,-0.3749869385349642,-0.0351882000348253,0.004543842341993597,0.009716667892449855,-0.17293233695284743,0.19870610418486778,-0.4452737017876488,-0.12544405901080075,-0.06841448449933961,-0.009024796317847212,0.10860434489793455,0.7308551486566621,-0.4620172351938975,0.51314733232364,-0.36345375699128657,0.44495552389592014,0.16498236183812906,0.5440315231231239,0.14751242636364242,-0.48723155906072524,0.6263554249352554
Thal_PuI_R,0.45615645121353926,0.14301652054407246,0.1106902314805843,-0.044594574035010257,0.1810237249644609,-0.0027779048117081723,0.2903509491785618,0.02283821278899001,-0.05779218316157538,0.022799870921923312,0.3460531666522379,0.18518614928034685,-0.08479424167562946,0.07063799666350991,1.0,-0.08636238421845409,0.04381812365738444,0.15018258758117353,-0.07343323244741262,0.6515520646906449,0.17797877270999285,0.5240717095680583,0.2116282880581688,0.24829793489462934,0.15467591511958187,0.04813830726411525,-0.06996509746447488,0.12504150268538128,0.34012145972352575,0.10064221877376966,0.3606271497111454,0.5240166619357359,-0.03291540638940077,-0.08693977699737651,0.010047557305256973,0.10323715103228683,-0.025430998710944924,0.021747236323738754,0.0728161424923473,0.5573592008184867,-0.17020983388836516,0.24698645562754373,0.5150913526841361,0.3039755127323111,0.15454203464190408,0.00031732323728080286,-0.16889580288954847,0.21890819758766486,0.1198809089795317,-0.06860549270647141,0.08189284635697774,0.328213171275548,0.41878054437576007,0.3063583208997844,0.06436348424616739,0.5860882772680303,0.4703511803908466,0.37946565599208465,-0.011154884641912364,0.1861355490452796
Thal_MDl_R,0.08423074066019286,0.02013119645356847,0.09151753862086374,0.03468420523682788,-0.22916664577062998,-0.19667042746199048,0.20395703936998155,0.24629592716003781,0.5458275242343708,0.21579597390595234,0.42280240993310925,0.121259636995884,-0.04312811527718938,-0.32518147286515053,-0.08636238421845409,1.0,-0.31327342703061933,-0.35494826370771976,0.4175835519505577,-0.11042312286396379,0.04666812166311681,-0.3297844478905241,0.49322092696126624,0.2046272177423115,0.6449592268996758,0.40244425130141837,0.4619862017911525,-0.23592074303756835,0.15754697254388358,0.47129994987705115,-0.08074540215285646,-0.4761384142061133,0.6701771417431698,0.2735624630418973,0.17535919490535273,-0.3194276208822246,0.5092078729917937,0.30372416682947145,-0.039245486286738955,0.31115331279771025,0.21715477662160354,0.43366427516781103,-0.011681593939224707,0.10108474698429441,-0.06290854816004236,0.6830954567242605,0.23424973916000025,0.18390997592503514,0.28958350484699075,-0.03488922395230154,-0.06968596270770633,0.33238339613291046,-0.16508828136947667,0.2780852343700548,-0.07699517425708609,-0.36475646030747094,-0.6160600754805595,0.1504596155585097,0.5710863272246978,-0.2542015659845589
OFCpost_L,0.3698263499501831,0.45904764191230135,0.22575686780452803,0.58380200996013,0.44534282394685726,0.5823265894686,0.016376369551877767,-0.30310530432589755,-0.3436280559970534,0.4089511050805428,-0.41322278021743475,-0.20445329171919935,0.7435899972046718,0.6947667225223694,0.04381812365738444,-0.31327342703061933,1.0,0.4465338663706732,0.35154994918024374,0.012274741595076695,0.429487479106751,0.2830284602899349,-0.29652383509811475,0.15085599484388285,-0.3435705215666778,0.034711078711822586,-0.20739498548264484,0.4660355557721892,0.2091730832970938,0.013802167472178039,-0.21910641349832918,0.16031350544346692,-0.2885693576387633,-0.2823956478769568,-0.26982255279574996,0.6429253617849056,-0.30814184282686946,-0.2298425493853944,0.46743864137291513,-0.3477638651923274,0.17546517558479668,-0.023784574870234696,0.08014924949894275,-0.3345220500641054,0.031834461759393855,-0.29400209403953964,0.3006133623755006,0.10051781470971803,0.19667557794132234,0.30777262592964294,0.5410451529576518,-0.3876536146153952,0.3781912634191753,-0.09645034326234739,0.613588348386287,0.049688050617228564,0.45124242651691615,-0.15713864056986157,-0.30204759183515356,0.7722045513702601
Thal_PuL_R,0.3659387633721208,0.39988338968641207,0.2646297532050849,-0.11213419978730077,0.36256699401632086,0.21069092765689262,-0.1426710893506295,-0.5170821822784125,-0.42272070091220265,0.18929035402460592,-0.5247421838278143,-0.21212898882763556,0.2591081656108967,0.5557058469824235,0.15018258758117353,-0.35494826370771976,0.4465338663706732,1.0,0.07136079301405004,-0.006781467332708176,0.388610210422332,0.46817132879933304,-0.4255593475820561,0.2955586950419425,-0.5039501389988782,-0.3812492799917282,-0.4026813113065939,0.3272451958941756,0.10351624016924765,-0.04991866805682876,-0.10166279789853135,0.39954396594205766,-0.252110354469167,-0.5048456498813122,-0.4070420572888131,0.39875486484589234,-0.5336052246311175,-0.3945346658987982,0.3015016145127192,-0.32748539045635966,-0.04034330482709218,-0.1280527330219437,0.1394996261520853,-0.3162361460189527,0.0887872049068678,-0.49350802001957317,-0.26041948287313904,0.022246389042068816,-0.0029509412488090974,-0.08820885196582433,0.5424119382621292,-0.44085507908242666,0.5614211440001816,-0.2341722190830284,0.41937668205006745,0.14794056353426027,0.5857681978266644,0.046570652809632886,-0.38481162355082577,0.42189505097244123
Thal_MDm_L,0.5259001042181142,0.4873474278872905,0.2031849421570918,0.43479846949373274,0.29155530325279577,0.35126981518018124,0.46581812588351923,-0.024962458145212543,0.32488337512461835,0.40811443885461907,0.11101288274503561,-0.11025161719974481,0.4605264700882712,0.09702950536002677,-0.07343323244741262,0.4175835519505577,0.35154994918024374,0.07136079301405004,1.0,-0.025144976678115584,0.3298436740853043,-0.036812369930336375,0.3508524955455032,0.45429902350333484,0.402257117913988,0.4275560217172755,0.38810176285539116,0.31440676401698364,0.2884240475742797,0.4503545718890852,-0.24704089623767125,-0.2990410920434138,0.29025391856681754,0.0603080052134065,-0.1119860908001958,0.20000481286157684,0.2684390152672577,-0.10596938615694772,0.4093588014469204,0.09003298843458582,0.5629447662329525,0.5466650908746437,0.20016785808334173,-0.18188008099494743,-0.1246255855152714,0.4145353709319298,0.4406426589596404,0.27548037355343874,0.4767556475336243,0.27616092122584457,0.3054884971029306,-0.0011855008128859967,0.2928841215977775,0.29020138153425457,0.41332456464562356,-0.2698822700198329,-0.16687158689796144,-0.04313184687107396,0.16166949659195085,0.2846095855513721
Precuneus_R,0.4157337582769986,0.06162822871837337,0.02329242631849903,0.0800179265803823,0.3505713611889254,0.015168108106043625,0.3368346242539526,0.2309083909767324,-0.07383510341442627,-0.03877329465495465,0.5641912629934678,0.48922921125087443,-0.23768570103572137,0.0666561026873599,0.6515520646906449,-0.11042312286396379,0.012274741595076695,-0.006781467332708176,-0.025144976678115584,1.0,0.07120168443344703,0.4118645504536705,0.34713354660658574,0.2859200004093141,0.27523390660128505,0.1273610200164599,-0.029193310313212522,0.34708794120915887,0.429060075623505,0.12110637455508338,0.7126837249738125,0.5435212254995538,-0.17004602092132148,0.08994892264375175,0.2892462197450188,0.20482826193503914,0.04200437569769819,0.265112713509314,0.1965264304384872,0.6339433621278825,-0.2510247110088018,0.5642229941839919,0.507560957239807,0.6571168836188856,0.22807038722388906,0.08711526952520181,-0.19397064159403526,0.3236952788531635,0.22367214738844032,0.19363028972227525,-0.14492904163865378,0.3105902072701829,0.4288849714190393,0.3700501373133484,-0.018408537446919875,0.8393875505857131,0.36015419600661963,0.5239817869558147,-0.012277012046881556,0.25794331511403645
Frontal_Sup_Medial_L,0.4199291870660697,0.24640320004864746,0.21383977402930315,-0.018843311174475574,0.3126050758219586,0.0013200977984571334,0.03955205863289297,-0.36541899554076107,-0.1778369648226966,0.7619268059107813,-0.37777891324896606,0.25825546680873607,0.5915135211161661,0.5689879962527166,0.17797877270999285,0.04666812166311681,0.429487479106751,0.388610210422332,0.3298436740853043,0.07120168443344703,1.0,0.29082284551385185,-0.09783465961769283,0.32458449230396796,-0.18023374833867398,-0.2120788884490977,-0.32498992674010896,-0.05674093174769514,0.33980643268888844,0.42005716759174255,0.016498523775670525,0.08957158630293612,0.23054842759359392,-0.44456820544121245,-0.4480237571943957,0.24652603546319785,-0.4005130448205751,-0.38161039662628665,0.22177725596699,-0.07754227480484548,0.185028930235112,0.1176295402430081,0.21017220197159728,0.005283905178934724,0.223576325622106,-0.19189595654897204,0.1663044686088751,-0.2899907331895423,0.06929805500777247,-0.20668910364774998,0.7357187235378717,-0.09845396094959083,0.5091161710026295,-0.3651163920809676,0.21214647945138565,-0.04897643334100753,0.3175509929675155,0.22308799423586517,-0.15571855289348221,0.3406322784851683
Thal_MGN_R,0.2578376020421424,0.09771513108723422,0.2486568296702444,0.01699926163783067,0.42677120887570397,0.20875870975121288,0.19990333808178787,-0.1846123042551851,-0.19604096136993818,0.14691795056262213,-0.08020023573684713,0.0018650581994564058,0.09572823904637585,0.32845743582782455,0.5240717095680583,-0.3297844478905241,0.2830284602899349,0.46817132879933304,-0.036812369930336375,0.4118645504536705,0.29082284551385185,1.0,0.0017763202546200233,0.353925724347111,-0.202734748981426,-0.0900498028285118,-0.14598945651529086,0.27219047914735456,0.26342046207651265,0.0403691970652693,0.18632618809181942,0.4888294908546766,-0.23317486992980468,-0.10131660505563055,-0.05691737101101528,0.1922034808170915,-0.2217214591228954,-0.23120283142526032,0.39082494898562586,0.17444613433705033,-0.07006495628566418,0.023350238396240026,0.5337868180319689,-0.03632671493252725,0.1268803473941371,-0.21889367427655154,-0.08675263929705972,0.20243813715406456,0.15847022018602808,0.068271279272249,0.2796356215793745,-0.13178975970993081,0.5769983121554341,0.09672516403220052,0.24953824764080998,0.38670970759851236,0.6184643803813531,0.09929438212963211,-0.35644610454492975,0.3818969316427672
Cerebellum_6_R,0.12658353980962478,0.0027762182178977775,0.21602274915055414,0.28864899721002313,0.013101444672220519,0.11592341663903219,0.8544802614141843,0.5155532599305399,0.8155783331045514,0.001371476065041762,0.760969378139943,0.10379818648066964,-0.08771044424990858,-0.48606560289724043,0.2116282880581688,0.49322092696126624,-0.29652383509811475,-0.4255593475820561,0.3508524955455032,0.34713354660658574,-0.09783465961769283,0.0017763202546200233,1.0,0.37931750818792564,0.8963179816296949,0.7610680756246354,0.8096800954259485,0.03385973871176829,0.4029626376714305,0.35164610171704713,0.19980110082459476,-0.22668495428561936,0.4608060062760873,0.6411935620662021,0.5408899902591419,-0.40803849928450836,0.8244518432165193,0.3963091894849775,0.20729743902553618,0.7807991991096144,0.2593377283533257,0.4800190410755988,0.5879498166145032,0.2631505264133939,0.07956590384393292,0.8701647502354318,0.3761028821625355,0.5333975155714906,0.4781845711970498,0.30052121323665804,-0.37541206417423467,0.7284415957484953,0.10476720644211461,0.7546037692270973,-0.0470493672421271,0.005689521242555233,-0.2765466832380032,0.0844399492496044,0.5591632069334368,-0.13810360767414512
Cingulate_Post_L,0.6475603628488467,0.5288153814667959,0.44911073370207033,0.14472059318104832,0.511252198979115,0.21357357070291544,0.45382662780942185,-0.003438237280824131,0.25294945665321683,0.32653616444588435,0.14544929946699542,0.11803896670301585,0.06536720469654957,0.25089872734405405,0.24829793489462934,0.2046272177423115,0.15085599484388285,0.2955586950419425,0.45429902350333484,0.2859200004093141,0.32458449230396796,0.353925724347111,0.37931750818792564,1.0,0.3551558917759127,0.20746025020693848,0.22984168663354107,0.4575830902405779,0.734694057035048,0.3052540568272323,0.15995407426175556,0.0626895779104556,0.35657189626930136,0.11180904328561556,0.026069282963121967,0.18240601314053775,0.2027731165857361,-0.05517786772536168,0.6178526453475497,0.30855892688709663,0.3240242442155281,0.534238899769211,0.46691819492436154,0.053108800572426694,0.18788281755316735,0.3876982402638476,-0.02281511970736662,0.5688114968396895,0.44847405083741904,0.21091040686840798,0.3437869033011359,0.14629168754312025,0.7597707423306203,0.37158991988669654,0.4442060979817326,0.1125225130131008,0.19014648841776696,0.2954187739672827,-0.019109385905204397,0.32211364101013956
Vermis_9,0.1978676206123146,0.08364354782441386,0.16252017019021686,0.2657571500677774,-0.06435293243072888,-0.02359586379874261,0.6692702060764358,0.511170954997632,0.8013822551663055,-0.015570789802916546,0.7758722808474342,0.1504190807718147,-0.20017034384149954,-0.48822897478976923,0.15467591511958187,0.6449592268996758,-0.3435705215666778,-0.5039501389988782,0.402257117913988,0.27523390660128505,-0.18023374833867398,-0.202734748981426,0.8963179816296949,0.3551558917759127,1.0,0.6944493439701338,0.7446107264807986,0.053231970113146634,0.45071099012962623,0.37308350055781764,0.17920467605457174,-0.27737172734363413,0.5418909747207393,0.6026879585002142,0.49386671593223447,-0.29994877421900584,0.8409569072750246,0.477828052186635,0.13133783953552522,0.7087031076034775,0.2506044042117405,0.5917000091154188,0.3392199741706428,0.2995441614432497,0.022981716395194387,0.9232620471403836,0.25590793707981396,0.5357385394009897,0.468531672064383,0.2867293566540742,-0.3426088148959031,0.7138143819247287,0.015907003161061847,0.7166178326068255,-0.020152462817641874,-0.022565518033333617,-0.42094956951590584,0.189095633742559,0.6230147808447707,-0.14747862017841318
Temporal_Pole_Sup_R,0.06652969282940796,0.07387332584589476,0.1887900508553495,0.5603464576709268,0.006876047234966685,0.5517975782411851,0.71218225730441,0.4522392074746231,0.6257244159656195,-0.1544177869349247,0.5829899686189971,-0.08938317204823662,0.2084808777349647,-0.3674074252991149,0.04813830726411525,0.40244425130141837,0.034711078711822586,-0.3812492799917282,0.4275560217172755,0.1273610200164599,-0.2120788884490977,-0.0900498028285118,0.7610680756246354,0.20746025020693848,0.6944493439701338,1.0,0.8822792002987153,0.1190833800774223,0.2275095971465567,0.23766129330486813,0.06813146387574762,-0.4872662634807298,0.15672650531354324,0.63568638748122,0.4947079722409638,-0.21132105030596132,0.7820792240493137,0.3805860056350673,0.27742390367896946,0.43465339924535956,0.3797226719934954,0.34121479207327077,0.3620257196916316,0.10575432391419119,-0.07785907462521362,0.7742316890315989,0.5960672658113755,0.5802439899369021,0.5084999327203612,0.4572250416981116,-0.42553308322537653,0.4124163215240493,-0.06715343367559172,0.748957546904692,0.1134792456662163,-0.20896954464055553,-0.33805804309008713,-0.2556781990346667,0.42670500401312106,0.063167620759674
Temporal_Inf_R,-0.05946954158430433,0.026490673408243848,0.19187138259114783,0.43454000849010066,-0.07165200784650956,0.42719582079236307,0.7680819994077707,0.5500335468557638,0.83388773442497,-0.23706022011791503,0.612501983121519,-0.23162314108237503,0.005421053378154874,-0.5268027852685506,-0.06996509746447488,0.4619862017911525,-0.20739498548264484,-0.4026813113065939,0.38810176285539116,-0.029193310313212522,-0.32498992674010896,-0.14598945651529086,0.8096800954259485,0.22984168663354107,0.7446107264807986,0.8822792002987153,1.0,0.05120325618482072,0.18324180019945746,0.1382610187690179,-0.09147932522608339,-0.5367298367602443,0.2755690584119722,0.7720335100782861,0.5547988926382781,-0.36469097373319315,0.8922058680871192,0.4197446003352214,0.28007398547685985,0.4337323703123821,0.4535379509835698,0.24726168058692685,0.31062858846390606,-0.029528662947105287,-0.16834054747886282,0.8349656730249682,0.5373928305586887,0.5877066095314009,0.48989001695889395,0.46350935062133963,-0.4856074784094122,0.489190411941807,-0.12489591636274684,0.7746727128821388,0.053448221540469625,-0.3342360157912312,-0.43724798313163354,-0.2806170873155351,0.4796154252810902,-0.15701253752862732
Thal_VA_R,0.4870710268606144,0.5242228664375197,0.3326452920361641,0.5153879647290074,0.6155551131814763,0.4789859946436179,0.26253783714371537,0.0479888973608442,-0.02312569382065984,-0.0314648278867638,0.06555581924924751,-0.214683763677946,0.11251948174898192,0.3799449874169427,0.12504150268538128,-0.23592074303756835,0.4660355557721892,0.3272451958941756,0.31440676401698364,0.34708794120915887,-0.05674093174769514,0.27219047914735456,0.03385973871176829,0.4575830902405779,0.053231970113146634,0.1190833800774223,0.05120325618482072,1.0,0.45641034714165,-0.07008192374522754,0.018060522658575346,0.3534620324282261,-0.25919822479692006,0.1512448845861126,0.17500516548204217,0.6028331038658761,0.061724006593775624,0.14083458311989905,0.6770403188700381,0.09677269932065913,0.18771850251226663,0.4233793872993704,0.2008131765343554,-0.13853551828543872,0.07487410948836584,0.02836591826542422,-0.011992314819249731,0.6208203524316496,0.4078970997527138,0.5897152460847547,0.14669002807047216,-0.07648464224030209,0.5323698023820537,0.3926096944912643,0.6831387399075721,0.418636687626407,0.387700958377403,0.16353515838538193,-0.22034469686802827,0.5193698024748656
Insula_R,0.6112631807482266,0.40587375266324766,0.4692215372101454,0.27675486034819,0.486725183635607,0.16495350479567583,0.4228681211311019,0.11529363071732338,0.24586022942719415,0.3049538133473583,0.24577469828027482,0.29156134719685345,0.06349628235778937,0.33822974302401315,0.34012145972352575,0.15754697254388358,0.2091730832970938,0.10351624016924765,0.2884240475742797,0.429060075623505,0.33980643268888844,0.26342046207651265,0.4029626376714305,0.734694057035048,0.45071099012962623,0.2275095971465567,0.18324180019945746,0.45641034714165,1.0,0.25643173236222744,0.31070285031118317,0.14449269605141898,0.3397869369430622,0.16496396170993105,0.14210030445267824,0.27584121674614753,0.2541181905805212,0.10824335245161047,0.5585690979266282,0.424070818956459,0.2256507473622135,0.5547828685544567,0.37414115381587393,0.25190366668655395,0.30603483110139257,0.4022034539200868,0.03407276647595843,0.5363126193115509,0.4020589294643835,0.31908055412834535,0.24861035749826474,0.36930961983172017,0.6360546224057421,0.3761975668716098,0.37217655776029246,0.2907312469295569,0.2535734340374966,0.4331415687088495,0.07153826485184761,0.44734712223101253
VTA_L,0.3828816166262362,0.24615690611350147,0.1901895469987764,-0.09319463339063848,0.08783046889051054,-0.11608725650380253,0.2071146969927621,-0.10141228223995888,0.2929671773389369,0.5244749127933327,0.1297868584847622,0.31642144707584546,0.16139863628390835,0.06800334873470917,0.10064221877376966,0.47129994987705115,0.013802167472178039,-0.04991866805682876,0.4503545718890852,0.12110637455508338,0.42005716759174255,0.0403691970652693,0.35164610171704713,0.3052540568272323,0.37308350055781764,0.23766129330486813,0.1382610187690179,-0.07008192374522754,0.25643173236222744,1.0,0.13895369374243316,-0.14846251030378987,0.46071952088559964,-0.07959519625572556,-0.1096527355541475,-0.13822130482943215,0.13098468942337907,-0.1538185222791274,0.020509579126865365,0.1783858402505704,0.1119414090460128,0.4999203734772236,0.2905536850948404,0.19071951263795403,0.4164160972489561,0.43575009354463384,0.10278413251879227,0.06223740647138616,0.2537945207976993,-0.10178987897243785,0.28529114643320336,0.03545421078421666,0.2989972119428555,0.08876869210322358,0.049046160323551684,-0.1404539989678979,-0.20526319985576152,0.26317720895866475,0.3081727664931498,0.12396900367292034
Postcentral_L,0.1690994354255378,-0.1257615573837429,-0.13566004774159185,-0.23905188619871443,0.2148149676796064,-0.10067279168867631,0.0551334328455494,0.07932068695385691,-0.19923152548395456,-0.11117919227605921,0.3100374366132826,0.8066806252138929,-0.41763783897293316,-0.017161408275283813,0.3606271497111454,-0.08074540215285646,-0.21910641349832918,-0.10166279789853135,-0.24704089623767125,0.7126837249738125,0.016498523775670525,0.18632618809181942,0.19980110082459476,0.15995407426175556,0.17920467605457174,0.06813146387574762,-0.09147932522608339,0.018060522658575346,0.31070285031118317,0.13895369374243316,1.0,0.20071046280277433,-0.1446418002171713,-0.002377770041569286,0.16457324212291513,0.025464407423191143,-0.06236232844363635,0.1323921502876994,0.0009190890221596928,0.3717991598527535,-0.339682527840159,0.470232119538199,0.20637717307781545,0.921495718564785,0.30574754450316866,0.06337093897438521,-0.4064820564803004,0.05105370904242956,0.015139973959049865,-0.046379139979825915,-0.2922637148393215,0.12166136388798078,0.28833962038813493,0.03709195199870135,-0.32027224082069916,0.5676605290271493,0.13664962579587656,0.529171862712318,-0.049241426949131535,0.10661797691097717
Precentral_R,0.3255954675484686,0.13970572355182231,0.11123345168097952,-0.12902236284491392,0.2985208714347729,-0.19095603125183722,-0.07678612959896708,-0.15770257286128953,-0.4074198569838038,-0.013516129498682134,0.01181386399713208,-0.016378938875679067,-0.1451685912898265,0.27503915169474263,0.5240166619357359,-0.4761384142061133,0.16031350544346692,0.39954396594205766,-0.2990410920434138,0.5435212254995538,0.08957158630293612,0.4888294908546766,-0.22668495428561936,0.0626895779104556,-0.27737172734363413,-0.4872662634807298,-0.5367298367602443,0.3534620324282261,0.14449269605141898,-0.14846251030378987,0.20071046280277433,1.0,-0.2827876153964148,-0.32258322062451716,-0.05109868993048781,0.3164247586308685,-0.4051103933438908,-0.05268296973526626,0.028884756674658344,0.21543277075104353,-0.3828078049909785,-0.015619899426712377,0.32133939577452825,0.05609816224458195,0.19100073204772153,-0.47082512783500824,-0.43438079426435183,0.06860523562503702,-0.08789740314900307,-0.07469553978499285,0.19992791677576285,0.023145226665619835,0.44013663184832685,-0.0038563088960396246,0.18173525393397028,0.821794286251988,0.6862287051528525,0.321104521777184,-0.2506748584944117,0.3134987294373961
