,Precentral_L,Precentral_R,Frontal_Sup_2_L,Frontal_Sup_2_R,Frontal_Mid_2_L,Frontal_Mid_2_R,Frontal_Inf_Oper_L,Frontal_Inf_Oper_R,Frontal_Inf_Tri_L,Frontal_Inf_Tri_R,Frontal_Inf_Orb_2_L,Frontal_Inf_Orb_2_R,Rolandic_Oper_L,Rolandic_Oper_R,Olfactory_L,Olfactory_R,Frontal_Sup_Medial_L,Frontal_Sup_Medial_R,Frontal_Med_Orb_L,Frontal_Med_Orb_R,Rectus_L,Rectus_R,OFCmed_L,OFCmed_R,OFCant_L,OFCant_R,OFCpost_L,OFCpost_R,OFClat_L,OFClat_R,Insula_L,Insula_R,Cingulate_Mid_L,Cingulate_Mid_R,Cingulate_Post_L,Cingulate_Post_R,Hippocampus_L,Hippocampus_R,ParaHippocampal_L,ParaHippocampal_R,Amygdala_L,Amygdala_R,Calcarine_L,Calcarine_R,Cuneus_L,Cuneus_R,Lingual_L,Lingual_R,Occipital_Sup_L,Occipital_Sup_R,Occipital_Mid_L,Occipital_Mid_R,Occipital_Inf_L,Occipital_Inf_R,Fusiform_L,Fusiform_R,Postcentral_L,Postcentral_R,Parietal_Inf_L,Parietal_Inf_R,SupraMarginal_L,SupraMarginal_R,Angular_L,Angular_R,Precuneus_L,Precuneus_R,Caudate_L,Caudate_R,Putamen_L,Putamen_R,Pallidum_L,Pallidum_R,Heschl_L,Heschl_R,Temporal_Sup_L,Temporal_Sup_R,Temporal_Pole_Sup_L,Temporal_Pole_Sup_R,Temporal_Mid_L,Temporal_Mid_R,Temporal_Pole_Mid_L,Temporal_Pole_Mid_R,Temporal_Inf_L,Temporal_Inf_R,Cerebellum_Crus1_L
Precentral_L,1.0,0.8473880636302215,0.507022543632555,0.4984053846771022,0.8295419029634648,0.645757638034872,0.6194878549202048,0.8507478075213933,0.7124890203932428,0.7505480519788026,0.2813841112034438,0.3400296981467553,0.3813088264715056,0.21448861472890962,0.03263215220242312,0.13496647637597226,0.4850417451446867,0.3615721762006723,-0.08882824269314767,0.06915530192012925,0.14502830535438377,0.09635533574869462,0.028870265419260653,0.10388100651517751,0.10938549058143215,0.036049869262149,0.075233642280335,0.28236338713268344,-0.16020050579370743,0.0679199446484009,0.3103783828867149,0.4296391937029252,0.5730194048312008,0.5951110813026007,0.6591272355423622,0.5757007630058544,0.6865409396031652,0.6211174113294662,0.6381896070525526,0.5089617790362828,0.3796367428582327,0.23881084617125867,0.04639553405479994,0.13538297614606826,-0.004147425265731219,0.04253479556732619,0.24013819412222845,0.3146686066217672,-0.06942175772420145,0.2543324858400111,-0.004879139956583399,-0.024498445055060727,0.050217542244419336,-0.10341353672390667,0.48788516310381524,0.22307790620043771,0.8822443978738328,0.8434154534562059,0.5502047075252661,0.3852949581548571,0.5436715359552909,0.6044876375026006,-0.007583577560141414,0.3981101213054665,0.6544507997116029,0.6005728296591344,0.45975644753748907,0.502971680185844,0.37056164678259046,0.5053491395337993,0.34955962906668364,0.4583419051293178,0.6031802639005572,0.27709567646210537,0.5529048082172923,0.5224411153076702,-0.11938473244713292,-0.024181170742054812,0.3145703466872589,0.35165228975724355,0.051569576562027555,-0.27571114298116284,0.2933268621237596,-0.10093851400727549
Precentral_R,0.8473880636302215,1.0,0.5630928823310771,0.6636010224993301,0.8164604891020624,0.8133888237425229,0.7174037950535855,0.7190823889072518,0.7146375374811359,0.7253924591650344,0.29756834175434216,0.34342760438559705,0.42273892752325626,-0.04431293814013621,0.01040573807572221,-0.05270265749888061,0.555286026124247,0.5005330749121798,0.017542715680973615,-0.15265858442735789,0.03015916633275509,0.23521987191617227,0.028670151541744505,0.09272321901601142,0.06100952667223565,0.010665933812337028,0.2386710972340292,0.3620275146647877,-0.1945134565019888,-0.016905873444508265,0.37418980617048836,0.3795493389925302,0.5312495565964941,0.5662963010521828,0.5988407995768664,0.5349332167196996,0.7217924393056322,0.7342483217824176,0.6783495291084323,0.5463366811485261,0.3594723288068239,0.40299410529105817,0.015345420000967046,0.0485708849897729,0.011236809855046331,0.004144614886971447,0.1293892103372182,0.13564343072855778,-0.2774825674924777,0.2933866960413742,-0.1785584044602411,-0.2866750660865915,-0.1455272095983072,-0.05854424388817567,0.5192558527459769,0.1447080829054995,0.8150436804842207,0.8264205849334385,0.36723973568024926,0.3891363683617472,0.4407116024062403,0.5400150763830562,-0.19466056375380245,0.30483007408694013,0.6000454303371134,0.5478894256152337,0.566401719717778,0.6018153320076566,0.3357284578509602,0.4530560303076408,0.3949107129053571,0.33284079748112644,0.6211424136151837,0.5458161611386331,0.5374910551363721,0.3938031933203729,-0.08472266288078187,-0.23805775675791793,0.17011731948209938,0.2867329046711515,-0.1195190264314803,-0.19482684887198648,0.16018603345256044,-0.18356410599712236
Frontal_Sup_2_L,0.507022543632555,0.5630928823310771,1.0,0.7769567392624631,0.7315585816881147,0.6820728941719262,0.6464388838722452,0.489603608574653,0.6129032464580674,0.5847618720406385,0.7460733089911602,0.4067877732706981,0.6653378561651839,0.11700644865530031,-0.1828148626739817,-0.09776077230464449,0.816790446984776,0.7668841574964494,-0.10278666795991016,-0.24614322099654307,-0.15111354743032812,0.108551371857243,-0.059158583241449056,-0.07688955489917149,0.48958517795743495,0.04662644204971058,0.6254560504397819,0.2672563174907977,0.23479721873126685,0.430822170602264,0.7333823394807648,0.7256280741279848,0.6863015656317285,0.6958169404916023,0.5452307195380881,0.4877769661397623,0.6553032707351568,0.5459344458086048,0.5680635060792442,0.5131795880590125,0.33679965405574624,0.2176555529410807,0.29532390967449246,0.3000915988595425,0.22989979153735668,0.19485482221983763,0.2659016982361862,0.16809118752450802,-0.07747401195884701,0.18837600440562358,-0.014381417158924346,-0.2701533819641872,0.13646257182712263,-0.3235236623800805,0.5140361652185967,0.450408535151741,0.6470300870885487,0.5357094306502367,0.2902377918183223,0.19081992703666828,0.46993258248537995,0.2587750211175737,-0.12100356628214892,0.02176859325868079,0.39840129568486937,0.41135082790055283,0.5729946073274766,0.6243693827826649,0.59337560364954,0.5763510910227014,0.5733497514179968,0.460361801795501,0.3208148225116872,0.5337133849772061,0.5983410675233036,0.2246766554557383,-0.0043222672647031364,0.17040564101619024,0.3426477652576846,0.3279929340980655,-0.08017923216483583,0.16973755448988534,0.22585634407536445,-0.04815785970780816
Frontal_Sup_2_R,0.4984053846771022,0.6636010224993301,0.7769567392624631,1.0,0.651860968234955,0.7246706329768908,0.5808373896353102,0.5675545330613081,0.5703955938639131,0.6546704242170517,0.5217417003940863,0.4977664284529054,0.5070378949814424,0.22365045894900196,-0.14174261868334645,-0.07909097042851178,0.8225712702625312,0.7946190128076174,0.05934389856905421,-0.20219001802261793,0.0038299906635123394,0.15731850910879452,0.03160858367829361,0.1670140282339856,0.2072834360229345,0.06960742152786532,0.4980303701384039,0.2695072373546323,0.23329718034381292,0.39391220900864754,0.5622276575302961,0.6513513675603637,0.7202273165031292,0.72852249484749,0.5274157306496152,0.4755457013374118,0.6145473834652563,0.5556666358402763,0.49419718558068565,0.5518612407855007,0.2293709756828988,0.17860865899427983,0.2348649046020797,0.18235946890212104,0.17045504677386075,0.14431155059479406,0.24527038253495168,0.20635617719254037,-0.14169110885684247,0.19748259802266183,-0.1546129151514573,-0.09892429613397177,0.031541187559504615,-0.07335856761170112,0.47535379639399317,0.41550901687035013,0.5949054857305938,0.6797342395107736,0.21126916346117458,0.43769935656607484,0.2639584441976294,0.46957634795788933,-0.137076832658904,0.21244116736042767,0.41309796743167215,0.42335710021419565,0.5454149571929447,0.617664831832016,0.4488026249004245,0.5156941741401058,0.3966107174688039,0.3551561633634689,0.4844389427270685,0.7002586664409116,0.42865679540360396,0.37554905824835233,0.06395972499854063,0.18587627865137435,0.17230094925133022,0.3884014706702913,-0.09303989434296037,0.0722474710352954,0.22566399771882395,0.08679201685613283
Frontal_Mid_2_L,0.8295419029634648,0.8164604891020624,0.7315585816881147,0.651860968234955,1.0,0.8168135117031042,0.7517698941192537,0.7678017271891493,0.7357309482818931,0.811633580561614,0.51570631398251,0.4629302357755055,0.553014831427679,0.10545048042178387,-0.02454401883051368,-0.014116815074448591,0.6830569754376912,0.6214267998426172,-0.09942865263790708,-0.1545127559577061,0.0128824617484534,0.13749080636603742,-0.028081378720936752,0.043196800806061544,0.33361941962270564,0.022423814625078656,0.3341676654259947,0.4084566545340752,-0.15354011530544476,0.23688711360440112,0.5156551111068076,0.5493895750370379,0.6109496958448143,0.6044032180927,0.6597574207370681,0.5512203479190593,0.7751515488920544,0.73589575451036,0.7227142983131243,0.626895835667017,0.4822548976225362,0.3670928153566038,0.09062815967049738,0.15329215644348765,0.024205986383427917,0.02439400782559487,0.15865771123399952,0.157480172503639,-0.2219483070307182,0.21392365932151844,-0.11541067369881464,-0.2535579221094512,-0.03784275592078385,-0.20135990474481505,0.4688492425470316,0.20756525724421876,0.8528237566071843,0.7761656782950681,0.4102457495925402,0.3033050008563742,0.4843539411245474,0.5016829163027711,-0.2194745732753459,0.1985080699085217,0.5739337221430164,0.5532638139147794,0.6058485836417217,0.7201757603745055,0.5293222290024109,0.63073512604544,0.5762373349039712,0.534971179899752,0.6028055947615694,0.48304809054244624,0.6239468484203782,0.4198924841951479,-0.15641626218592308,-0.0638810915660664,0.2591414121878835,0.2809606647424871,-0.03045887237288581,-0.10143372634734801,0.17746124235409394,-0.19606908411176205
Frontal_Mid_2_R,0.645757638034872,0.8133888237425229,0.6820728941719262,0.7246706329768908,0.8168135117031042,1.0,0.8150744785672278,0.7075690021042513,0.6982547012237063,0.8521025976830214,0.6067798035411325,0.6980249986155554,0.5383633504620333,0.05382569333945953,-0.05309996557539008,-0.13938666067817448,0.7703405394532906,0.7461824117845939,-0.029343177722220767,-0.29453848982334174,-0.10589208890398485,0.2576790196453533,-0.013416839241101984,0.14276865091533747,0.37579432525994216,0.03782696384238714,0.5520841619940594,0.6150680420301089,-0.1736353837075476,0.35827927771161,0.5395403665326576,0.48988542157932274,0.5263380820045324,0.5391228288927467,0.5137807851337043,0.44696399863084485,0.7923829041247691,0.8609205493184942,0.7854249937422033,0.7527338433469999,0.5810930105521663,0.5224314608586305,-0.03171645119893566,-0.01625295541876683,-0.09917639421627873,-0.05788162169908464,0.07080514005928105,0.07133452870212088,-0.4063013251883933,0.15806851087202536,-0.324137381755172,-0.3151134607124807,-0.15879400325960297,0.0059480205816277,0.5165756246808307,0.22102606652644674,0.6476883134180867,0.7485741717113481,0.12592269506661893,0.3865450925478964,0.17297997507784033,0.48733293648567966,-0.42913365564799605,0.1928061939716009,0.4765377480558767,0.4810708882257434,0.756782034280528,0.8021578577690829,0.5416662547876469,0.7368965266568516,0.6857687915083064,0.509727218760766,0.5326598475374468,0.6079001339661579,0.5014877814617387,0.4762198616435868,-0.09049843988534725,-0.19523310402724142,0.10036618795706528,0.3505802796785175,-0.2916893133754564,-0.2596476084178462,0.08225479821428391,-0.19718361528882428
Frontal_Inf_Oper_L,0.6194878549202048,0.7174037950535855,0.6464388838722452,0.5808373896353102,0.7517698941192537,0.8150744785672278,1.0,0.709444620891903,0.8406811443318607,0.7547466745922697,0.5941006291292148,0.4910219788407791,0.755668512319458,0.10466483279193625,-0.09022090816633689,-0.23075382119246624,0.7257165134123637,0.6643566227882408,-0.08201102742905747,-0.22926764466443394,-0.15734142923618163,0.2815186194155842,-0.18336558523214777,-0.15630400514746431,0.459563867732128,0.02926569213749103,0.6074741337224416,0.49841006787353126,-0.14173410817869714,0.24010619248302686,0.6764127754607663,0.4196832492722156,0.6076514023854129,0.6155943681330219,0.4855122129673728,0.3859558494726733,0.7302675376830633,0.7565441182453716,0.6822136477018074,0.5852761727248694,0.50418967319478,0.4614947241186271,-0.01065800332916996,-0.023428645749392525,-0.12765007174115495,-0.13521161560470477,0.24950840680968633,0.14070791748763348,-0.39581731446295837,0.1083186617479225,-0.17849614349261267,-0.28366227546010503,-0.19346830932161388,-0.012326830424205633,0.6458512804225491,0.2509602107589243,0.7022207759953094,0.6780339984316701,0.16347637082148234,0.19707186319406433,0.48414691586416203,0.3631180199231228,-0.247163623073453,0.16153958332343551,0.37413582160625203,0.3862352786806854,0.6859239945089423,0.6859823691245338,0.6623044233149631,0.7359279531473882,0.7268521459032471,0.46956618262981664,0.3617802054182671,0.4498184695174744,0.7209994393005486,0.3847182707440613,-0.0782789405015053,-0.22594951319232862,0.3477752946665514,0.2981352877441757,-0.20108895926873588,-0.06965088355803378,0.32882080621020704,-0.22132083380730905
Frontal_Inf_Oper_R,0.8507478075213933,0.7190823889072518,0.489603608574653,0.5675545330613081,0.7678017271891493,0.7075690021042513,0.709444620891903,1.0,0.7808906251695292,0.902739226517983,0.42367117328206466,0.6166198087328412,0.4520771730949813,0.5041686866703664,0.003779077572665028,0.15715067235488045,0.6044867057842044,0.46720283834275195,-0.03722698070978752,0.07974291874305124,0.09260410770901337,0.17784799783906757,0.011372258258110222,0.2002558417354886,0.23042874635832866,0.05576848942390209,0.27447495288174284,0.3734067945293801,-0.04901241162454054,0.34383457124878825,0.40083452545085424,0.4923546728697269,0.697081346311915,0.6749004596034324,0.6620916182937665,0.589232773532091,0.6878842841172932,0.6495300042604211,0.6263513708451416,0.5806581870227102,0.4203906969400053,0.16004251736129863,0.09118241191249658,0.1441383202704815,-0.050965574198423215,0.04268629645900936,0.374882381833661,0.47339672811539496,-0.059235053591335046,0.22086755483070758,-0.022784188073328677,0.1923095578503214,0.05293486081076752,0.11227963558596257,0.5615979668783998,0.38909121521021245,0.7555808791883001,0.8712702481136904,0.45647592328165926,0.5284880686497934,0.4162665977871189,0.7357990587060842,0.03108785093389525,0.5529501264051728,0.6386525939672804,0.6083713858858469,0.5549619464465131,0.5414450171021821,0.4643248231389957,0.6946090866054684,0.44071705828682695,0.565731243088842,0.5076870804368485,0.29255039371090796,0.54576813864822,0.7391889394776862,0.020777457644348955,0.14238935573732545,0.384411070695833,0.5163748258389008,0.002668373384274787,-0.33342194933379665,0.3934089194831613,-0.04165455138265843
Frontal_Inf_Tri_L,0.7124890203932428,0.7146375374811359,0.6129032464580674,0.5703955938639131,0.7357309482818931,0.6982547012237063,0.8406811443318607,0.7808906251695292,1.0,0.8005390382326631,0.5672528138295774,0.4767100476836107,0.6802076839293779,0.203065802367283,0.00034484801327136613,0.04076321252848095,0.6499002884199968,0.5211536588839544,-0.13991023631768562,-0.022764781990411168,-0.009630696194683076,0.24941685651031845,-0.07339884967212314,-0.01783485198295279,0.37345006852742313,0.09651954141311164,0.4964343586111191,0.42415133852462067,-0.028939189163579522,0.24841123293794634,0.6410205809795001,0.5415740960300635,0.6132777773767566,0.6355581569081568,0.5815246891650976,0.5478018382550033,0.7015791944350399,0.6831679749810664,0.6624439385539078,0.5295335681796044,0.46068556070273586,0.2567480951903594,0.049841657437305696,0.007872250673864456,-0.10209353415541374,-0.1565112448891734,0.28449388744809356,0.22944649720254606,-0.29357412334620786,0.08272458612566003,-0.1427862389672677,-0.21577258326751653,-0.13885430220075107,-0.181956976472912,0.5397098958891232,0.22365948411845288,0.7153369841091942,0.6719258833958682,0.20060049718946502,0.20012864775471031,0.4585077499425841,0.36098113216347816,-0.1567013474156313,0.18774780835036173,0.4398137610077204,0.38794908762629327,0.5972958988434988,0.6653348659103469,0.6393550685526057,0.7133101954075686,0.6210622347724992,0.6300106741397028,0.40954227997949355,0.4458806256083605,0.6600159948419302,0.40902628462563023,0.08968917609440237,-0.06126864793921568,0.2645182941063697,0.26272041690129544,0.11886574739765311,-0.056673190534210736,0.3849204515048199,-0.1760715634992633
Frontal_Inf_Tri_R,0.7505480519788026,0.7253924591650344,0.5847618720406385,0.6546704242170517,0.811633580561614,0.8521025976830214,0.7547466745922697,0.902739226517983,0.8005390382326631,1.0,0.567168574190894,0.7559276832241167,0.5027648033528761,0.37407081741840303,-0.005322576167661624,0.027706996171702598,0.7276436245934282,0.605679417325042,-0.01733141743022115,-0.07948579419933352,0.035837113570962746,0.21995310851276395,-0.04189503811504662,0.2224770760301765,0.38314090101789755,0.07512797001248729,0.44019031653222546,0.572804054185434,-0.13529232285664441,0.44962293637728223,0.5123713139604588,0.5525357745861978,0.6158244745201121,0.6256208619226952,0.6170686952902849,0.5321597967382826,0.7865563048463868,0.8040743771553573,0.7612436578175661,0.7599142112538391,0.5917904458407202,0.34602901048432994,-0.005413887453526692,-0.0018227462172652436,-0.11279767752078053,-0.059625761922083124,0.22203537725727074,0.29309345196039066,-0.2558684044280224,0.15715688624449822,-0.20860030230980123,-0.020350777546389,-0.0596710788417395,0.028493216890182218,0.5122176590292239,0.2848117480783384,0.7012985812434225,0.8231778258245773,0.24699807994873443,0.47632651769724554,0.2228420364487738,0.6408959043042686,-0.2639196279364717,0.38676735346858904,0.5588351259748048,0.5600364692019331,0.704729705935185,0.7324644596932774,0.5794839512928028,0.8088614791646698,0.6345623476984465,0.675168100407413,0.5568792569633901,0.46900718405369496,0.5235209514555375,0.6801747252501018,-0.04630716841171431,0.009016226019213255,0.19049379242819678,0.4625376662709359,-0.04206464089203481,-0.28500458671286816,0.2527968043384956,-0.07250569831738526
Frontal_Inf_Orb_2_L,0.2813841112034438,0.29756834175434216,0.7460733089911602,0.5217417003940863,0.51570631398251,0.6067798035411325,0.5941006291292148,0.42367117328206466,0.5672528138295774,0.567168574190894,1.0,0.6581047824282007,0.6972823548970842,0.2746436709453454,-0.14609689370451703,0.00938590521769781,0.7589377160737497,0.6604697406456593,-0.13986030427520926,-0.25218704603659253,-0.16803193132391006,0.14038931348843922,-0.09814118250589941,0.013255932576780954,0.6751436995192848,-0.029510472759237405,0.8100696714550394,0.39938978241447565,0.26046913455720466,0.6997539657337911,0.816726959466514,0.7508917691725663,0.5019054157044448,0.45677009344596986,0.36301601232790476,0.3668059253351022,0.5695509648822508,0.5225172455910176,0.5637177913311338,0.5724076643580975,0.525530275474616,0.2131862968106894,0.1729359638064774,0.09235146842393603,-0.029071059354428153,0.0032002079703528077,0.21509142296194927,0.15916534690901857,-0.21167942282228233,-0.029745949051340346,-0.14083102309681442,-0.19592862856721593,0.086800113996796,-0.19111292103951158,0.42401648651650725,0.4252272710073955,0.39197937044905934,0.3660674900146371,0.012917626782522095,0.11943410559525101,0.135405751564975,0.15973637068876917,-0.25608556211772077,-0.06175722179648071,0.1781957375283172,0.17777384074366187,0.6564856587566147,0.636375849018497,0.7507575351622675,0.7592047762527412,0.7655706892014202,0.636344363125859,0.14246012979442582,0.4217387891688319,0.5259098527144906,0.3074703136907391,0.057498682117688306,0.23469886461686082,0.2635270048070536,0.2994435348461341,-0.2170679911543951,-0.045185274630918815,0.21619742873859807,0.020766491831804578
Frontal_Inf_Orb_2_R,0.3400296981467553,0.34342760438559705,0.4067877732706981,0.4977664284529054,0.4629302357755055,0.6980249986155554,0.4910219788407791,0.6166198087328412,0.4767100476836107,0.7559276832241167,0.6581047824282007,1.0,0.3738201800166442,0.48688473176932234,-0.026650992821236206,0.15276775507144175,0.6892566747550407,0.5692025521812425,-0.02588971084253715,-0.0987724296916413,-0.0036289193561115144,0.1843560691083187,0.12049187100177848,0.35322082136418476,0.43785844908241883,0.05606430104395445,0.5623661816625629,0.573030833339123,-0.04791564555048452,0.7304555103572593,0.37729990766908367,0.45536763476005504,0.39040855200823416,0.3628871537733382,0.2692032879842788,0.23787659557483443,0.5012689826455522,0.5947124711130265,0.5665605685872956,0.6926521741223082,0.583703755204103,0.21620403113002107,-0.13183287293972368,-0.15600854081059248,-0.2534531345129625,-0.11608169688905665,0.04647186168857627,0.22100030607397117,-0.29685659287295907,-0.036899991179513696,-0.3379940620389092,0.08411543226091951,-0.016740019459627508,0.1376250706071911,0.2926764939756266,0.2898824118463353,0.2478409886630056,0.513532360225059,-0.04921233195054186,0.4080516530053288,-0.22091818543359312,0.4540116369219582,-0.3667587195265674,0.2692011212596057,0.23715326605126918,0.2604782317738925,0.6354794638786001,0.6102928426222629,0.5359395207256418,0.8030674849379528,0.6147898158949557,0.659474511451976,0.2667637733670869,0.3366505027139107,0.21248088825056202,0.6495677264918384,0.06535978569560616,0.18955332146597503,0.007050892662568244,0.40363979215538853,-0.2273687871962976,-0.4330400998693663,0.10563917412753368,0.08462709417462222
Rolandic_Oper_L,0.3813088264715056,0.42273892752325626,0.6653378561651839,0.5070378949814424,0.553014831427679,0.5383633504620333,0.755668512319458,0.4520771730949813,0.6802076839293779,0.5027648033528761,0.6972823548970842,0.3738201800166442,1.0,0.235176964328494,-0.12455489838828218,-0.08684889673249128,0.6892171619915543,0.5491865344549266,-0.1796059059922774,-0.13830235494590973,-0.10010253418790675,0.23244071447719195,-0.16474964577818818,-0.2696543585605071,0.5264758035392263,-0.0071858894938206675,0.6611830560682884,0.28393162529786525,0.05928212988093921,0.2790212362367897,0.8363405577660763,0.558911160655968,0.5327113140343056,0.5363691100396398,0.3287909908651919,0.3122397429814098,0.6104487955590833,0.5282495248058966,0.5540057170591974,0.4499582261326129,0.4266851091249305,0.20952590454580464,0.12122108615749523,0.00699683130356787,-0.18981144119310978,-0.1704761075869668,0.3813218598553326,0.21648046041407662,-0.39744553893533663,-0.11966496302173228,-0.17648325086309039,-0.2797409024557117,-0.09280123672176656,-0.2302485394289702,0.5686678029562232,0.3070849809425101,0.5551856500973696,0.4516413826792162,0.009361948007663668,-0.05265821150682413,0.39085363277788143,0.0820905158890617,-0.25391728370702826,-0.11052012049822177,0.08969517927747787,0.12170014518614448,0.6080346584603475,0.5739896319554454,0.7449471617638508,0.6715407970375402,0.7412887208622425,0.5683887813806856,0.17585694402883328,0.4215598478533822,0.7928378295802374,0.2670264807802743,0.013284400430804099,0.058588450097723885,0.4014099656233161,0.188465419964507,-0.10534590557963812,0.08285598190780623,0.45456018668177667,-0.02563102954834918
Rolandic_Oper_R,0.21448861472890962,-0.04431293814013621,0.11700644865530031,0.22365045894900196,0.10545048042178387,0.05382569333945953,0.10466483279193625,0.5041686866703664,0.203065802367283,0.37407081741840303,0.2746436709453454,0.48688473176932234,0.235176964328494,1.0,0.017128337381925398,0.4110084531660844,0.27629416589467637,0.11562987262334648,0.07066510291302178,0.35791298996694526,0.2456690131299707,0.09383474288076525,0.05873092069949334,0.2148850877658249,0.15295996390583655,-0.02048892112884944,0.1871989748101839,-0.07142910924837735,0.3573066398262019,0.5611458415459559,0.20833100070032415,0.38138719393345705,0.5278032017075583,0.45949086212233103,0.29336016592399217,0.34368223286570443,0.09618779531680771,-0.0016802840980569944,0.06816766440892928,0.20483301124528555,0.010867914852908056,-0.445317122762791,0.3048534282857645,0.25126958673507804,0.026772465513752328,0.19961814562523564,0.5976788146420625,0.7415887965826162,0.28632100517230835,0.025993210626382005,0.20587710926864886,0.7323628726756141,0.40342662164959425,0.24737499955972422,0.29234545594138356,0.6038707996725122,0.16049989031780332,0.41698155109008334,0.28640618327480233,0.44719890605401613,0.059081414099202485,0.5538915179134131,0.3650247892372404,0.5543105487350525,0.22812549453624967,0.24115440921812978,0.1172606406674495,0.010504317050470637,0.24751424094677676,0.405887865024896,0.07472665089859364,0.415086650964327,-0.06465990690556139,-0.04178645718546494,0.19624297468421548,0.7422774560885955,0.2780371805169474,0.7266852393800562,0.42815302282023815,0.5444391223561679,0.07883822590534238,-0.24850756613119407,0.5518886614358804,0.46068157534321597
Olfactory_L,0.03263215220242312,0.01040573807572221,-0.1828148626739817,-0.14174261868334645,-0.02454401883051368,-0.05309996557539008,-0.09022090816633689,0.003779077572665028,0.00034484801327136613,-0.005322576167661624,-0.14609689370451703,-0.026650992821236206,-0.12455489838828218,0.017128337381925398,1.0,0.2896941981532399,-0.13378842478392264,-0.10400071033887721,0.0215754305136434,0.12980827138368806,0.41359020467455404,0.12359740234950782,0.12882625752908675,0.1584697305802762,-0.0009079145145377215,0.01511003029940033,-0.12562014971919466,0.005293370476940055,-0.18929437427994436,-0.08875069096808548,-0.08158533121241196,-0.09499209241684281,-0.14770488786594457,-0.15569156468512568,-0.05617337088561687,-0.018197091771115594,-0.04145464042515663,-0.022191647555990533,-0.05494447826915667,0.020078465860808054,0.004460640784529358,-0.014385579390038128,-0.12878090107798756,-0.11920953746087942,-0.025222460286998507,-0.07175142352971518,-0.17885495097485116,-0.13093922415773782,-0.022599480497925026,0.010687751958864063,-0.01402911189981349,-0.009269573264465565,-0.12926845744015938,0.014608721361416561,-0.2562205581995155,-0.31632015988977474,-0.04300419241866872,0.00868204647526685,0.021217824423736417,0.007804071084610193,-0.07842965373734048,0.031738425523668755,0.020442172621201547,0.01481951210228692,-0.05403905456723253,-0.05834361983965106,-0.10884556870846568,-0.0031015730818605074,0.05546178658218991,0.017584262891189355,-0.10257390821266275,0.10832651478060616,0.19037496488842892,0.1077719821259684,-0.052556136184491,-0.01837971648293762,-0.14681454154739937,-0.1012096300395433,-0.09407024035441477,-0.1720294982475383,0.14839487149999908,-0.18037753820153712,-0.08915413831221722,0.1270885227298945
Olfactory_R,0.13496647637597226,-0.05270265749888061,-0.09776077230464449,-0.07909097042851178,-0.014116815074448591,-0.13938666067817448,-0.23075382119246624,0.15715067235488045,0.04076321252848095,0.027706996171702598,0.00938590521769781,0.15276775507144175,-0.08684889673249128,0.4110084531660844,0.2896941981532399,1.0,-0.11112516825347049,-0.13841511064122178,-0.1972353780873761,0.345556981923923,0.4799180213508613,0.11798253903842636,0.5158381356551813,0.4193993300437299,-0.012022509228658074,-0.005844539517432535,-0.06941647816394765,-0.06530836142870335,0.11470665563669105,0.17385554481876606,-0.08044316831629207,0.09143317176603703,0.049814394134689015,-0.043893721870330304,0.03923942601779682,0.226551634370157,-0.1296330792390615,-0.22203044511660516,0.00428864692650815,-0.044437571684773164,-0.12090841766579355,-0.6078943812032839,0.07763677290729527,0.129105175906642,-0.04617763465645799,0.05435112298741858,0.0862777409608607,0.347867689301234,0.23060989613970131,-0.01121873177675523,0.11630599735570488,0.3516584872065488,0.15402024295248654,-0.0990368281441805,-0.1895704783080468,0.06969664776278883,-0.10144338352128256,0.06686933605993658,0.20315651022447254,0.21594919004268082,-0.11610088799742622,0.13546380406206446,0.26570757985586535,0.23603677679447665,0.1400604530346494,-0.0014917648271064558,-0.23247231503171228,-0.09424028243551484,-0.03324964780499229,0.03479308213186811,-0.23846326897638892,0.2827825267788782,-0.05268073413962144,-0.0892436718660511,-0.08068840986962253,0.23480337708257662,0.14710147341292115,0.5067988123413796,0.11748618761633729,-0.04830159994318969,0.240554247618515,-0.4078781636258072,0.22687571417213587,0.16030145939948306
Frontal_Sup_Medial_L,0.4850417451446867,0.555286026124247,0.816790446984776,0.8225712702625312,0.6830569754376912,0.7703405394532906,0.7257165134123637,0.6044867057842044,0.6499002884199968,0.7276436245934282,0.7589377160737497,0.6892566747550407,0.6892171619915543,0.27629416589467637,-0.13378842478392264,-0.11112516825347049,1.0,0.8522363234271375,-0.028287998264847652,-0.2667557201622334,-0.02882898048592119,0.176187361438773,-0.04275317547175473,0.08378952943556683,0.516042520080329,0.08887313014219403,0.6851366086786117,0.46054782345630807,0.09230458424051306,0.5789505633992318,0.6927426209076595,0.6506030434459162,0.658296467809063,0.6569346482884114,0.416662991093445,0.3121490169728432,0.6668198526836439,0.6191736560472018,0.5895134370960213,0.6375000336052389,0.493770727864952,0.2865622924023687,0.02141403449219979,-0.00928519167799096,-0.06318498095043808,-0.05399443727951963,0.12872349287637297,0.10995269975570748,-0.30423918644440967,-0.024368402314394053,-0.30201482519813544,-0.17818751484446024,-0.005533559127458203,-0.06373424165478427,0.4464510675149048,0.3347210941705385,0.5686198079053251,0.6048436584797348,0.09769244495223658,0.25313541951866375,0.22019207016920633,0.3325009158518002,-0.30784375830255994,0.038328050294586705,0.21657178441451064,0.25602930986771577,0.7071926998512289,0.7319903314687538,0.7080735834440086,0.7712364911635097,0.6925038383150982,0.5869450891530557,0.4168624227129601,0.5555721136966825,0.5314247528744197,0.35213802584754716,-0.04935400105783174,0.12826619320980898,0.211186243314017,0.3126746322081368,-0.19470941462305333,-0.009168049798495082,0.24196225876690766,0.05984705703860941
Frontal_Sup_Medial_R,0.3615721762006723,0.5005330749121798,0.7668841574964494,0.7946190128076174,0.6214267998426172,0.7461824117845939,0.6643566227882408,0.46720283834275195,0.5211536588839544,0.605679417325042,0.6604697406456593,0.5692025521812425,0.5491865344549266,0.11562987262334648,-0.10400071033887721,-0.13841511064122178,0.8522363234271375,1.0,-0.06769998214699682,-0.2799730371654553,-0.05728589408245188,0.19448032860333217,-0.017946354633410832,0.11905705928152757,0.49138079854666383,0.06761063651981446,0.6489049384670041,0.4274004239447209,0.12984297751917984,0.5194575053332215,0.6143488743779951,0.5973578574012247,0.6076117756672559,0.5903804354898219,0.367517593322824,0.27976760551816127,0.5597073895344938,0.5585622029156357,0.4818893764863089,0.6093919514948716,0.3621070853194096,0.3324145298090457,0.04911493410033842,0.07808651407167715,0.03243073486278005,-0.027038414819099778,0.04954198856519905,-0.02398166836564517,-0.27172982502440607,0.04727254951642564,-0.2356241276258293,-0.21809791539597675,-0.027717349535335913,-0.08258821142735129,0.3071330107583821,0.3319151903120412,0.46246702790217536,0.5170339401655099,0.08515277600312074,0.2948810171672225,0.22575446315726644,0.2836527900422299,-0.2693722946842885,0.020509925702647015,0.22360525243359422,0.2644360591540303,0.5242477178791982,0.7056078570966433,0.6005325065683179,0.6600510741007581,0.5511781927458904,0.3998084099102463,0.35366205235812215,0.6089491006279757,0.3698414766374235,0.22780320394423875,-0.16255601244465182,0.07765804080140462,0.12858035249018213,0.24340562391503157,-0.17423359661380813,0.07047863282869747,0.0937501573493959,-0.004871699744075529
Frontal_Med_Orb_L,-0.08882824269314767,0.017542715680973615,-0.10278666795991016,0.05934389856905421,-0.09942865263790708,-0.029343177722220767,-0.08201102742905747,-0.03722698070978752,-0.13991023631768562,-0.01733141743022115,-0.13986030427520926,-0.02588971084253715,-0.1796059059922774,0.07066510291302178,0.0215754305136434,-0.1972353780873761,-0.028287998264847652,-0.06769998214699682,1.0,0.134525002617353,-0.015945373378897516,-0.04089162650655126,-0.06212449526486056,0.032956402858910425,-0.18670283002783158,0.021235138004817366,-0.04241631675754861,-0.0679566157377453,0.11452490195055585,-0.058346370143954274,-0.11124194411623141,-0.05808695769789467,0.052779789976275276,0.02355758913733482,0.023634908117263848,-0.0009747415638349139,-0.013391692318696545,-0.027029030686310403,-0.04573258535017232,-0.07942741963179825,-0.03766978284361122,0.025194856687601772,0.09737002809233462,0.05272902029641416,0.10217301890054682,0.14030724745384657,0.09443653655982628,0.11039416003513093,0.12583831687897884,0.016569214045743692,-0.06461742212946417,0.1981709746898025,0.09525040645098985,0.33906902177857307,0.09107319606231155,0.12650610305676,-0.09020592633048942,0.06544104228355087,-0.08962656683531235,0.1751971298048587,-0.13932780962589777,0.1656288416699547,0.08199084163672062,0.12951160953348698,-0.012034154427417749,0.005773720461651033,0.06145913108447423,-0.14556298350158717,-0.2291121445017106,-0.13957034227741041,-0.1328105783134269,-0.22894381481896278,-0.0373970258999672,0.035650150025674954,-0.19839633179447375,0.06620859161705013,0.16424719495215537,0.033711241279829766,0.08160731983929155,0.19498106022548573,-0.24030545352243138,-0.09822543925959272,0.11209309455230254,0.03573187078752688
Frontal_Med_Orb_R,0.06915530192012925,-0.15265858442735789,-0.24614322099654307,-0.20219001802261793,-0.1545127559577061,-0.29453848982334174,-0.22926764466443394,0.07974291874305124,-0.022764781990411168,-0.07948579419933352,-0.25218704603659253,-0.0987724296916413,-0.13830235494590973,0.35791298996694526,0.12980827138368806,0.345556981923923,-0.2667557201622334,-0.2799730371654553,0.134525002617353,1.0,0.27126881525277774,-0.14212627909328213,0.19828659610090904,0.17872595541598027,-0.16620170230746828,0.029817406183484062,-0.35509989616285964,-0.14077842271324,0.06206439285411934,-0.10624221065515987,-0.2424210397071103,-0.0579497946644357,0.03747609052739265,-0.028151266398942897,0.04226908925417659,0.05964173876764815,-0.1722124091941752,-0.24743153457041395,-0.1294191602733647,-0.16094314100103682,-0.1374725199472122,-0.4079267119083608,0.12633605388443298,0.1695140225431574,-0.04246535790015977,0.06487176829985143,0.2528533390161256,0.3775650362958087,0.3145105244754662,-0.13878017212214358,0.17075686636394496,0.47519151197287623,0.22191339537786328,0.10266605070766976,-0.04898396893501016,0.19061056257928494,-0.10118499538461823,-0.006676293064736787,0.14247079633827453,0.04504421159115346,0.007970026602293534,0.07408118909691483,0.3394591272329448,0.17060954138528198,0.008350228587560423,-0.033803409714963754,-0.2876677999209337,-0.23277219081885886,-0.20944779251626122,-0.0994928874715141,-0.30624417263197784,-0.04589045286686079,-0.1278932017655226,-0.3507029980027623,-0.18995396887099003,0.1596371056598652,0.25905106241260034,0.3115819159277008,0.17460890482210578,0.04190489964530356,0.306599148595295,-0.17065141045378818,0.28244459883745376,0.056684882288084576
Rectus_L,0.14502830535438377,0.03015916633275509,-0.15111354743032812,0.0038299906635123394,0.0128824617484534,-0.10589208890398485,-0.15734142923618163,0.09260410770901337,-0.009630696194683076,0.035837113570962746,-0.16803193132391006,-0.0036289193561115144,-0.10010253418790675,0.2456690131299707,0.41359020467455404,0.4799180213508613,-0.02882898048592119,-0.05728589408245188,-0.015945373378897516,0.27126881525277774,1.0,0.11465822680086113,0.31676653322762305,0.31001046380062647,-0.06308204657212951,-0.041281727452491146,-0.23465782948152625,-0.00909914648388919,-0.09843114601102328,-0.009773867120408912,-0.08499425528122591,0.0037366394974383947,0.055323336752757656,0.0403547114441735,-0.06262992444705268,0.020186633628473453,-0.03991475839859416,-0.12487059127083004,-0.014002628253409097,0.05246346705003942,-0.034570520494137336,-0.29048138803514534,-0.11989606389948053,-0.1319195383706505,-0.09251129082112781,-0.062246753250975714,-0.07657848355978333,0.09238806072401558,0.0666546268907741,-0.13962744936649937,-0.06555788963474386,0.278310724543864,0.013314386247683649,0.022359138033566095,-0.18338636551018098,-0.13369953778053092,0.020367001695954016,0.13393452604420292,0.13877908835554986,0.16647538885105098,-0.06496314843295256,0.10425505197120379,0.1606003489276689,0.11621843927069157,-0.042573617027904395,-0.10048296540014202,-0.14283152325620588,-0.014960029655494823,0.04895418141213739,0.03972936385524065,-0.15841861245609934,0.20371025237547422,0.2040433926438788,0.03799566881800772,-0.03374220482425562,0.0966799516563788,-0.09830238126885407,0.18852967024801096,0.0037584234393768148,-0.11592625088404736,0.11731223574408846,-0.23144207637151432,0.27663871529034645,0.24795703153262713
Rectus_R,0.09635533574869462,0.23521987191617227,0.108551371857243,0.15731850910879452,0.13749080636603742,0.2576790196453533,0.2815186194155842,0.17784799783906757,0.24941685651031845,0.21995310851276395,0.14038931348843922,0.1843560691083187,0.23244071447719195,0.09383474288076525,0.12359740234950782,0.11798253903842636,0.176187361438773,0.19448032860333217,-0.04089162650655126,-0.14212627909328213,0.11465822680086113,1.0,0.10179396693413814,-0.06673954810918616,0.23319173336803886,-0.02636999346834274,0.37076381938409064,0.08997976363656861,-0.06859796673921972,0.06485976756014607,0.18389922474730672,-0.006380150428670767,0.16714354202327203,0.17841584512074224,-0.006412700635443883,0.07050551363075935,0.12880024740232968,0.16012843296195273,0.17451068814416104,0.1423465978846909,0.062487300161936474,-0.03984213381227467,-0.1439190281148504,-0.1743319833954928,-0.07898883744060099,-0.09314937504693854,0.054112490935442036,0.06613988507928477,-0.1891700554023467,0.0998558423328089,-0.10657147768688721,-0.05982973492813606,-0.04828033566575325,0.10534457468986419,0.2095131676963376,-8.158333277350391e-05,0.09290453918367877,0.238546714832024,-0.00109403042628858,0.228143743157246,0.01930070324751944,0.1862307772297499,-0.07254203903446113,0.21396596303645057,0.08901703626038784,0.05224615050686691,0.20734034985569944,0.14030018007729386,0.18430274214024991,0.15829469774463562,0.14926913952620463,0.16108095727568228,0.03573394473681523,0.25906284701080373,0.22331997817927324,0.16231227129649536,-0.020255840628012167,-0.06977327213151328,0.053353934887782097,0.07464266226573926,-0.15674171801912035,-0.1456272784002361,0.15963909824527503,0.06607291109590288
OFCmed_L,0.028870265419260653,0.028670151541744505,-0.059158583241449056,0.03160858367829361,-0.028081378720936752,-0.013416839241101984,-0.18336558523214777,0.011372258258110222,-0.07339884967212314,-0.04189503811504662,-0.09814118250589941,0.12049187100177848,-0.16474964577818818,0.05873092069949334,0.12882625752908675,0.5158381356551813,-0.04275317547175473,-0.017946354633410832,-0.06212449526486056,0.19828659610090904,0.31676653322762305,0.10179396693413814,1.0,0.28949715041435486,-0.10721646214546662,-0.1505978113674835,-0.09956057972017782,0.07457693986517619,0.01700615486706568,0.05594498410000344,-0.2496191271843109,-0.11972462753793973,-0.0817560493712189,-0.18738868328675384,-0.08958276933444616,0.016675483016793648,-0.13992045778892817,-0.17660071442608752,0.005018437579837817,-0.11059019286338097,-0.09096550596211807,-0.39940404975408433,-0.1421085309718688,-0.006212351469001182,-0.19350930601156066,-0.06205872493846311,-0.20036745381834686,0.03343850751801369,-0.004113731412617085,-0.12168486545131255,-0.10717571868267507,0.11949336241983102,0.034222698396431744,0.009252506904157663,-0.21694729927683923,0.012680041308907932,-0.2384483970351239,-0.053239226801530044,-0.02293968036081692,0.037784322903066575,-0.20193806209101522,-0.03453106826091628,0.054431116347754285,0.011061580088927344,-0.04845281328179656,-0.16248636255512117,-0.11267459725765092,0.03000168230777894,-0.2649756896834287,-0.12813022384705058,-0.2626752249704861,-0.10729118004798932,-0.08311829755314921,-0.018175659953057633,-0.28856962931279967,-0.033238162120888266,0.21795276662793275,0.24559367619566363,-0.06019620659777403,-0.16343880691516538,-0.12675127503176306,-0.4069224363824771,0.001931322595360192,-0.1226349516997073
