,Cerebellum_8_L,Frontal_Sup_Medial_R,Frontal_Inf_Oper_L,Supp_Motor_Area_R,Temporal_Sup_L,Thal_VPL_R,Pallidum_R,Cerebellum_7b_L,Cerebellum_6_L,ACC_sub_R,Thal_VL_R,N_Acc_L,Occipital_Mid_R,Thal_MDm_L,Temporal_Pole_Sup_L,Occipital_Sup_R,Amygdala_R,ACC_sup_L,Red_N_R,Temporal_Inf_R,Hippocampus_R,Cerebellum_4_5_R,Cingulate_Post_L,Angular_R,OFCpost_L,Frontal_Mid_2_L,Vermis_3,ParaHippocampal_L,Frontal_Mid_2_R,N_Acc_R,Frontal_Inf_Orb_2_R,SupraMarginal_L,Occipital_Mid_L,OFCpost_R,Heschl_L,Precentral_R,Cingulate_Mid_R,Cerebellum_9_L,Cerebellum_6_R,Supp_Motor_Area_L,Postcentral_L,Cerebellum_7b_R,OFCant_R,Rolandic_Oper_R,SN_pc_R,Pallidum_L,Temporal_Pole_Mid_R,OFCmed_R,Thal_MDm_R,ACC_sup_R,ACC_pre_L,Cerebellum_3_R,OFClat_R,Frontal_Med_Orb_L,OFCant_L
Cerebellum_8_L,1.0,0.26914366499314357,0.31064084919813845,0.44303244854790697,0.5945702633971489,0.16584599230331507,-0.0492580982608524,0.6237742478041507,0.8020216722842303,-0.1592051534447135,0.5981061150308294,0.08397267062647759,0.13940569742365044,0.3002247626258404,0.1947114590710633,0.07612348470075779,0.08015463775859662,0.37814402312326145,0.3965120991233171,0.631371871959252,0.3882352777061563,0.5311708112020628,0.3029441977824027,0.2812978554960622,0.38903781058597803,0.4032343101202674,0.29447215501804264,0.35009718803619927,0.2532624671845788,0.27815395573750745,0.14335663264647971,0.5029387975916902,-0.32028854096858034,-0.05402973121987094,0.4365971815718452,0.3266576687126856,0.4307367491770293,0.7953788706881862,0.7760358949181683,0.43161958081567425,0.40165880999032727,0.7042741521676563,-0.22667715828506269,0.2417075062531035,0.41755354502128916,-0.19595828480786795,-0.27380034668093417,-0.4207187472747658,-0.0992096619832762,0.4900469204835915,-0.14405469178249253,0.22783797172331632,0.3033088795726685,-0.24194977853409363,-0.22057146895032256
Frontal_Sup_Medial_R,0.26914366499314357,1.0,0.8124020318444797,0.8056127418999938,0.7321909111405286,0.5347789728769908,0.7015333947832504,0.17119253172646015,0.31308463741443815,0.1271839703908798,0.6132967531210575,0.5608983842294663,-0.027462313331876036,0.577500410212995,0.3809362370964342,0.14660309015648407,0.376839963744067,0.8231675090677135,0.6502478954417923,0.6620241736206313,0.8134706163958354,0.7199362585899245,0.4891511489361201,0.046227339344399834,0.5821039611700619,0.8327646010894356,0.7070344677112264,0.6817942889720074,0.9068382734612875,0.5123452642630837,0.42116913661568556,0.4521582285182512,0.0229114121604571,0.4371797238153114,0.650172774741497,0.7067685145805351,0.8495320196692763,0.3718654223375934,0.5475789292858197,0.8096575773725952,0.7449315839041222,0.3894822105124941,0.2899088879276553,0.7799709770317015,0.5948193683253924,0.4380891931338099,0.44222670549845133,-0.13284666618565744,0.23201402851002131,0.7444619956899848,0.6293016141016204,0.6187826365737383,0.4832600416352645,0.3730847375968667,0.06248613758798353
Frontal_Inf_Oper_L,0.31064084919813845,0.8124020318444797,1.0,0.8355759299373269,0.7986474755810384,0.5702593914481403,0.6421726968919965,0.1434489162242287,0.27880138558445233,0.06592645559613178,0.5737545331548944,0.5373482133844522,-0.14598439407953626,0.5184912220235123,0.33780658873456876,0.08074468172626212,0.28680569154229973,0.7711843355310787,0.6012313667762249,0.6391782314283692,0.7655067311404337,0.7815626672331741,0.4801410478467362,-0.0158137105225199,0.47251721166064686,0.8216782772324882,0.8007523929688177,0.5948206766528066,0.896253423461168,0.45283884169913663,0.4990166624559868,0.41502959430857883,-0.02140302246802607,0.2812726707600645,0.7404694302440009,0.7532055524140386,0.8009942340128855,0.39316379827609904,0.5083152184759279,0.8612470361138782,0.763169112807344,0.26838028345196013,0.25814223970357536,0.9120024724693443,0.5090665908696551,0.5045044054565764,0.2544827056284427,-0.16788654718365376,0.17972642703598066,0.7546738856032017,0.6098528976200076,0.6714313516575418,0.424385112564181,0.2646513090932315,0.11321813846280418
Supp_Motor_Area_R,0.44303244854790697,0.8056127418999938,0.8355759299373269,1.0,0.7766386101751376,0.4312039562068183,0.5631168402914528,0.3379653675551168,0.526140513977192,0.05429415005580362,0.6967687369319097,0.47771655153084414,0.18750650000568245,0.5820662050909631,0.33494421350586884,0.27618931696022075,0.3348588524007401,0.782821677897155,0.6818897636951893,0.7242995566706791,0.7957184061549686,0.7285183670526825,0.5840384607665413,0.29473540756202093,0.5730824960727388,0.7993116091570815,0.7465395724333932,0.7133729071040525,0.8507667305054549,0.3223059541680038,0.45534300006368955,0.666811358101825,0.018163908660801857,0.4005834995159117,0.626402768941239,0.8977463649356204,0.9004246138499962,0.4706171533274554,0.6517729422420778,0.9752754265308112,0.8857022619721721,0.4536984809515251,0.23911019664698827,0.7160567065055158,0.6275615217538787,0.2825066288774726,0.2328933995252737,-0.07798314220236485,0.18747483613676894,0.6399914143157288,0.4375082899253782,0.6859675829240596,0.4590220743530806,0.2168552285418853,-0.023827879731089192
Temporal_Sup_L,0.5945702633971489,0.7321909111405286,0.7986474755810384,0.7766386101751376,1.0,0.5041991754668474,0.4583237245313699,0.244536108820836,0.5608398052543593,-0.003235455118018998,0.7070881245900205,0.3848866327226015,0.010994118967974741,0.47381960588464006,0.37961808531753033,0.04305687208070818,0.28263127028637414,0.7969398093199701,0.673284199151404,0.754901214044383,0.790724060091797,0.8455008030757242,0.5086900654255133,0.12376589138429718,0.6031718383577882,0.8559083968880182,0.7702589005491738,0.6082665806463524,0.770439576327627,0.3679685813434522,0.5057248592041234,0.6497822652056304,-0.17772590304682875,0.23365741534050727,0.790490530033325,0.6142192547113597,0.7731602846134971,0.5455020214331827,0.7527433251577356,0.8215990415874759,0.7397685154513789,0.3942947809247576,0.09467083272472847,0.7953785853227371,0.5855508353994138,0.34089818397432153,0.13833817113910818,-0.296297646877638,0.13563912215179094,0.8016184793358007,0.40115952941569655,0.7055288722107216,0.5761043825981863,0.04677577735602733,-0.0013658668050428669
Thal_VPL_R,0.16584599230331507,0.5347789728769908,0.5702593914481403,0.4312039562068183,0.5041991754668474,1.0,0.5869063635714719,0.1127277096995406,0.07866821452143016,0.19329082799834796,0.4134471054068325,0.49101377043071404,-0.32698761746457655,0.5489386742297994,0.46136084809838007,-0.020532323369475098,0.3497400610224853,0.5073704157310109,0.5366354526406262,0.374587078114584,0.5543578376311559,0.6248755978739422,0.4891370938553382,-0.15109063736394732,0.3748772578239044,0.5342836992839762,0.6242973144591337,0.5102395169898286,0.6337217329927187,0.3434200715400327,0.31705864765720704,0.07546495658607756,-0.08973755443077946,0.3044262725318817,0.5736231033672846,0.47825427918162,0.49669801513241785,0.20430525666723173,0.23956639927706305,0.4646957014166951,0.28584395618117425,0.1196037612654729,0.27776094391890555,0.6044653163780715,0.3190860177470125,0.5349552056991492,0.23707050598617435,0.03544297030377019,0.32977023069992845,0.5210061821621925,0.5521943580836024,0.4685003977415977,0.3128746014780287,0.2683736146507887,0.27808646586317365
Pallidum_R,-0.0492580982608524,0.7015333947832504,0.6421726968919965,0.5631168402914528,0.4583237245313699,0.5869063635714719,1.0,-0.15215487518310605,-0.05989538626922473,0.22996207697055526,0.430756934252027,0.6136299795310891,-0.2750111291438348,0.6105831513307844,0.4276273076620889,0.046968958327058274,0.4966525940099916,0.5107393858007226,0.57588408838333,0.501892287586302,0.6465067741775884,0.6288201657010429,0.5822777602013539,-0.23444923023427303,0.3844596954043564,0.6559497448103366,0.6424932186305125,0.5731629398860508,0.7656107342968231,0.3350003909273205,0.24991674205682698,0.13501379753207374,0.041633939714556846,0.47152067947215426,0.6335174913469057,0.5366196492694157,0.6728146032883028,0.19233349884619572,0.16324780930728794,0.6023247201954622,0.3871066223896446,0.13530120320653216,0.4868502592049157,0.6846212197203154,0.21147260388613465,0.7386408439100142,0.6675324128675928,0.2564653392564759,0.5100794736976602,0.44953592581288804,0.7713606802143383,0.5820979314929592,0.2816678082163349,0.48794810256365256,0.4104242731576823
Cerebellum_7b_L,0.6237742478041507,0.17119253172646015,0.1434489162242287,0.3379653675551168,0.244536108820836,0.1127277096995406,-0.15215487518310605,1.0,0.545835176219888,-0.07382289655413701,0.3990091082387977,-0.05785906320490186,0.2625651294629826,0.1781945890085805,0.07391962737984094,0.23405151463798946,-0.10449727579821338,0.23840586396348468,0.17141916607849245,0.2775684308233542,0.23420834702066587,0.19592163081375552,0.04021419122789066,0.4692417907204805,0.007536967546040496,0.05270256975133496,0.10650517270088582,0.26778426307876446,0.11867113525379606,0.17483277238442574,0.09458763186573187,0.29942928258690193,0.0033156672736685596,0.016742784422480568,0.056475536332148336,0.3401123285953375,0.18243479272492458,0.48965371367194005,0.46000339953846947,0.23621967573879135,0.29632050196747073,0.5037143109806462,-0.26941135488466983,0.014892689660759949,0.3555216922302263,-0.3351541596413757,-0.295649560616905,-0.31073477585127596,-0.3471526071718701,0.23546120385236305,-0.31238625315367996,-0.006490626025994547,-0.007045174491809129,-0.14360448152497335,-0.4051663719599168
Cerebellum_6_L,0.8020216722842303,0.31308463741443815,0.27880138558445233,0.526140513977192,0.5608398052543593,0.07866821452143016,-0.05989538626922473,0.545835176219888,1.0,-0.14793488425457896,0.5943350369346343,0.01657478214755399,0.4511871319585967,0.30276557983396996,0.17351562047815136,0.14834595655001748,0.06050235366178214,0.46556206927812127,0.36037589280671856,0.5402134158718448,0.3988468977749843,0.43370263752521526,0.25506276993190624,0.5174541644773001,0.4682633506545227,0.3740113850458033,0.26777347586550937,0.3977917324409582,0.2793592383224907,0.16026918745589885,0.1830851169383652,0.6663068222385377,-0.2359277938019356,0.0725514565351887,0.3163831215237161,0.47454066410390805,0.44675114174496733,0.5027528519645443,0.899060867406451,0.476622159853316,0.5095311064140752,0.6069426022853912,-0.23187375041409,0.16412222381362396,0.5502046821460177,-0.32468124009523586,-0.3025772184868912,-0.36069419630303007,-0.1360134467135988,0.3579630256266753,-0.23242487822132277,0.2934068266246269,0.32562438518242026,-0.2230178523525575,-0.3670297926032349
ACC_sub_R,-0.1592051534447135,0.1271839703908798,0.06592645559613178,0.05429415005580362,-0.003235455118018998,0.19329082799834796,0.22996207697055526,-0.07382289655413701,-0.14793488425457896,1.0,0.0026561399216596233,0.06822116237062509,-0.29345279751978076,0.15067977051059847,0.223620213356432,-0.012697975718528343,0.6659333131450526,0.18048095972503506,0.08718573982066452,0.04602799331393473,0.3307158448400049,0.20680918989133085,0.31566941896900114,-0.2081009507720748,0.3337318366695407,0.1727559818652162,0.3409373632629852,0.4047343077337597,0.18101541319660094,0.17612232540548148,0.5720394231842263,-0.31685554131081906,-0.03507311683191233,0.744300324789597,0.004913404866514665,-0.06409256947810131,0.01633981629225231,-0.26066380296739594,0.0008592347722145852,0.09606347819199397,-0.12136953207687992,-0.2079213322145799,0.7430260575925788,-0.01150863602252478,0.295556538701398,0.31824488401584067,0.18522084486440765,0.5599991150146063,-0.08681101544273485,0.06387831013668735,0.3395587703221201,0.33182592068821526,0.44266770610148287,0.48555384692224063,0.4613583385709501
Thal_VL_R,0.5981061150308294,0.6132967531210575,0.5737545331548944,0.6967687369319097,0.7070881245900205,0.4134471054068325,0.430756934252027,0.3990091082387977,0.5943350369346343,0.0026561399216596233,1.0,0.33050807727388143,0.11673155326852604,0.6926222489956817,0.3192045941272971,0.0612495261114552,0.2725579316673393,0.653313933066779,0.5759604622047463,0.70355585841274,0.7029776097648653,0.7022639591714074,0.443779004730869,0.2329445180581437,0.44620126733695054,0.6302806809171998,0.5805869261003895,0.7044590409733595,0.5946085719850394,0.4300402567997229,0.3191074264479856,0.581049835573395,-0.03006595688874192,0.3116448117671793,0.6033789001245371,0.5678187739148661,0.6778965210997168,0.5800635305096884,0.716148346648285,0.6824670028650747,0.6485340066880143,0.5552342250673424,-0.005301911361037338,0.5254140745358037,0.5380338717851428,0.13829340835753284,0.15183547066664094,-0.228001212051282,0.08413063518283301,0.5959421002168896,0.184813487480203,0.5100934266568036,0.39003512030729526,0.04085390752926063,-0.21202808444737756
N_Acc_L,0.08397267062647759,0.5608983842294663,0.5373482133844522,0.47771655153084414,0.3848866327226015,0.49101377043071404,0.6136299795310891,-0.05785906320490186,0.01657478214755399,0.06822116237062509,0.33050807727388143,1.0,-0.2829233814042199,0.5515840990662476,0.16134871701741874,0.04245904987608229,0.2636994436594884,0.4540776158922155,0.5162728180423374,0.431461963005937,0.47137425620387885,0.5301721637261104,0.39967105582987167,-0.2338343405892661,0.3620717138875876,0.6102994697286998,0.43991567891796457,0.5089262208642544,0.6183969364496548,0.33784320003772,-0.00043719504856895683,0.18446584463588106,-0.12942870118273558,0.2698683131329595,0.5481605879568842,0.4909423513094634,0.61586135785014,0.3454028445800824,0.18226091999394184,0.5069625154380848,0.4097284638986634,0.37056582731808724,0.19961239899409172,0.5453361094021508,0.34157502071800416,0.5369254728554592,0.3456605691120783,0.06261041312854324,0.5552826767477604,0.4532216234024721,0.5669671709517032,0.42708833377354183,0.18696529620073807,0.3567594809395136,0.25732426583284745
Occipital_Mid_R,0.13940569742365044,-0.027462313331876036,-0.14598439407953626,0.18750650000568245,0.010994118967974741,-0.32698761746457655,-0.2750111291438348,0.2625651294629826,0.4511871319585967,-0.29345279751978076,0.11673155326852604,-0.2829233814042199,1.0,-0.17317305884871853,-0.03939676648162193,0.28946024851968294,-0.14869102580914756,-0.030617106518004762,0.02276579784795094,0.03501879829575077,-0.028539435742274043,-0.2204315731131096,-0.03689386693294372,0.7483924382370353,0.02557043911344698,-0.1550808121634336,-0.1596780169425866,-0.0804181426366495,-0.13768144944019095,-0.348375115939944,-0.007319423260055289,0.5663732034901212,0.2506916243810269,-0.030016397100772987,-0.26652356287236084,0.24876993814669335,0.03453627687761722,-0.02983577862379529,0.2418090834837027,0.08829783428441268,0.26901474395751884,0.15426003968316757,-0.25190278382982373,-0.20107749139105602,0.16518176746062035,-0.5417157222580364,-0.21515370056401942,-0.12042535775948154,-0.15524841682386673,-0.24608554366786473,-0.43773326454871253,-0.07908414455592809,-0.02386645539918279,-0.3288732697881414,-0.4625713521256998
Thal_MDm_L,0.3002247626258404,0.577500410212995,0.5184912220235123,0.5820662050909631,0.47381960588464006,0.5489386742297994,0.6105831513307844,0.1781945890085805,0.30276557983396996,0.15067977051059847,0.6926222489956817,0.5515840990662476,-0.17317305884871853,1.0,0.3417065099174284,-0.04922500050331492,0.29830175790811303,0.5338815464159385,0.5035117751038588,0.5448128048912959,0.5902723562322407,0.6568127215499018,0.461023961321893,-0.035597119747000486,0.36135650954832926,0.5588833636249937,0.5885124446328553,0.6855234791535468,0.5979168291575135,0.41594988855619514,0.15522859534422712,0.24070393428679437,-0.06390005566619344,0.3737907310189485,0.5547902347208012,0.5254103890355621,0.6260294417929835,0.41492214590621734,0.4530686376373671,0.5680140194560397,0.4433309275457078,0.44705240716960826,0.15528673654682232,0.44892254865162107,0.39389941802199674,0.3980751990506445,0.27809120053552816,-0.018008022704884084,0.2969332684784417,0.4742206886273409,0.39010591582236526,0.49860694733816574,0.28809052136772734,0.2787451823673957,0.07377137190022676
Temporal_Pole_Sup_L,0.1947114590710633,0.3809362370964342,0.33780658873456876,0.33494421350586884,0.37961808531753033,0.46136084809838007,0.4276273076620889,0.07391962737984094,0.17351562047815136,0.223620213356432,0.3192045941272971,0.16134871701741874,-0.03939676648162193,0.3417065099174284,1.0,-0.013077984712088242,0.354594229235001,0.2776068388821802,0.40697575000806335,0.12659902566223372,0.4390284379894345,0.417897515507195,0.4980573119753899,0.006056549971795711,0.3833713437010767,0.2686401158265496,0.5299961448174952,0.3562926121343887,0.41571575829495777,0.17304105938101672,0.33681361160231765,0.10426850094235499,-0.005799235681873073,0.29711820853224125,0.42103347685454484,0.36063522822379934,0.4068101279487594,0.12057468091325464,0.19810757444914903,0.3704391682788102,0.17967379408189962,-0.014402973033148518,0.36160375440842485,0.41933159709289863,0.1676420906083303,0.43441727644642747,0.14100613259731795,0.2156520422780073,0.2905428594691369,0.2760478626990784,0.44237255562138134,0.4110530055295739,0.32154331196735003,0.14500550681243776,0.28712043481850746
Occipital_Sup_R,0.07612348470075779,0.14660309015648407,0.08074468172626212,0.27618931696022075,0.04305687208070818,-0.020532323369475098,0.046968958327058274,0.23405151463798946,0.14834595655001748,-0.012697975718528343,0.0612495261114552,0.04245904987608229,0.28946024851968294,-0.04922500050331492,-0.013077984712088242,1.0,0.10639343976038151,0.10140352467659426,0.12864087189013682,0.12873271098389677,0.08396535056799102,-0.009181461462604578,0.19026031226963033,0.4209423112406414,-0.027192135039959073,0.047002339819306266,0.03805012542766779,0.09437702527499645,0.09534776204524134,-0.035467825566199034,0.08010709423648661,0.23500780146200814,0.15628781928415442,0.13890242660241647,-0.03283787477098997,0.3025214694039882,0.1805819513838164,0.08692083449314661,0.09778361857004926,0.22723957613052023,0.21353626916654234,0.08691941527528715,0.04791861654749793,-0.014340729810811538,0.18223993979542746,-0.18822201866701638,0.04287073163751204,0.09866381497984342,-0.028778358257658856,-0.03259740622278511,-0.05577371033272137,0.016533183857360488,0.004009880624136703,-0.02763518631915627,-0.14149304090728376
Amygdala_R,0.08015463775859662,0.376839963744067,0.28680569154229973,0.3348588524007401,0.28263127028637414,0.3497400610224853,0.4966525940099916,-0.10449727579821338,0.06050235366178214,0.6659333131450526,0.2725579316673393,0.2636994436594884,-0.14869102580914756,0.29830175790811303,0.354594229235001,0.10639343976038151,1.0,0.362691510684676,0.5145978905701267,0.4120279415853919,0.5641287404680826,0.4789809694943161,0.7375542715226999,-0.1679739436294117,0.6334929841007847,0.5140323310574532,0.5488717567269734,0.578523031883326,0.4380016394476621,0.2916424602379737,0.5807783700780793,0.04806584626478077,-0.11698189743874765,0.7259763643866387,0.29454208463911696,0.19506163701215576,0.43153275140201536,0.04278736034157914,0.2148056692904851,0.40006656872158136,0.12902105995819285,0.04918367371854575,0.7367336676998159,0.26849760014447804,0.3433962409172345,0.453580676438197,0.4305898291079719,0.5365935023093312,0.3136579669792374,0.20637545379193378,0.5438983850057652,0.49681242681588134,0.5146366000066537,0.4716480752480174,0.5701033497857887
ACC_sup_L,0.37814402312326145,0.8231675090677135,0.7711843355310787,0.782821677897155,0.7969398093199701,0.5073704157310109,0.5107393858007226,0.23840586396348468,0.46556206927812127,0.18048095972503506,0.653313933066779,0.4540776158922155,-0.030617106518004762,0.5338815464159385,0.2776068388821802,0.10140352467659426,0.362691510684676,1.0,0.6390801191853125,0.6305564361500867,0.8196174693362147,0.7610341869974308,0.4398097341220126,0.06624115135380979,0.6306333559494797,0.8373988541944318,0.764194874933649,0.7282519445848147,0.84952574285876,0.4429467121254143,0.588346161510333,0.49953503132808175,-0.1266143960419341,0.43014858783836357,0.5913688375853537,0.6316936939062926,0.7482110199671533,0.33570066774789914,0.678531329604281,0.7941480100315939,0.7376539640317221,0.3261454744016637,0.17919002805154371,0.7018981598138254,0.7147215417896907,0.36067950604294763,0.16707291888839415,-0.17510268702137483,0.06148451135395879,0.8116147035088236,0.45260882914276424,0.6838419207482869,0.5517522912610895,0.31004976519671373,-0.0712380705590854
Red_N_R,0.3965120991233171,0.6502478954417923,0.6012313667762249,0.6818897636951893,0.673284199151404,0.5366354526406262,0.57588408838333,0.17141916607849245,0.36037589280671856,0.08718573982066452,0.5759604622047463,0.5162728180423374,0.02276579784795094,0.5035117751038588,0.40697575000806335,0.12864087189013682,0.5145978905701267,0.6390801191853125,1.0,0.6819828590547854,0.7313514890110461,0.7324667815937167,0.7419298221606498,0.1218652874299715,0.6110978969168178,0.7442927678016044,0.6968164268313357,0.6702648683971699,0.6670616896043993,0.3148737613993344,0.36147192696146546,0.4993700181651852,-0.10116126029897679,0.37419351042152804,0.5819063819776245,0.5637807954162758,0.780196517453691,0.4984497520320699,0.5008209315838543,0.7253161454109605,0.5824399297865465,0.45283919148365176,0.2153574564020343,0.5957506987405727,0.5138290706518456,0.44965299473716847,0.33874808250422883,0.057920285912332926,0.5139017520637393,0.5646408188486166,0.5009243316571453,0.6489669383032338,0.3512222544024803,0.17239210835675048,0.18123406035217834
Temporal_Inf_R,0.631371871959252,0.6620241736206313,0.6391782314283692,0.7242995566706791,0.754901214044383,0.374587078114584,0.501892287586302,0.2775684308233542,0.5402134158718448,0.04602799331393473,0.70355585841274,0.431461963005937,0.03501879829575077,0.5448128048912959,0.12659902566223372,0.12873271098389677,0.4120279415853919,0.6305564361500867,0.6819828590547854,1.0,0.7559601783575489,0.7988574210899615,0.5576100224728874,0.1115573973178477,0.5962482037833776,0.8091719122330487,0.6021194499223848,0.6636547503498113,0.6404887012306496,0.40595046868056356,0.3355604700398861,0.5605560814877272,-0.19653594747409275,0.34468317462566983,0.6916463563282668,0.5275577972517494,0.750494600861747,0.6712153812165155,0.7366186482082716,0.7370971818656566,0.6217312482962193,0.5981559835307871,0.1397690155785874,0.5882623684538875,0.5597502524051199,0.19516988657554507,0.34045704870658744,-0.13304416368910288,0.12248353171296184,0.6177120063620263,0.34085140180623213,0.5830949786275499,0.4407568012010996,0.17990021311871124,0.0580589678414614
Hippocampus_R,0.3882352777061563,0.8134706163958354,0.7655067311404337,0.7957184061549686,0.790724060091797,0.5543578376311559,0.6465067741775884,0.23420834702066587,0.3988468977749843,0.3307158448400049,0.7029776097648653,0.47137425620387885,-0.028539435742274043,0.5902723562322407,0.4390284379894345,0.08396535056799102,0.5641287404680826,0.8196174693362147,0.7313514890110461,0.7559601783575489,1.0,0.8823765677563585,0.5989208987931479,0.025887027475882625,0.6700327927261229,0.8399983777629022,0.8686233884807525,0.848961472023775,0.8229396882969297,0.3956862406651863,0.6102781205176636,0.45683174846415886,-0.08282079482106115,0.5953537758140764,0.6916664771078318,0.6288624440717262,0.7725238726217025,0.43361037692377336,0.6584589577033957,0.8177991906181019,0.6421381913916928,0.3643859207721715,0.36739439343573516,0.7176921099815123,0.7362287013817544,0.4514316854903552,0.3261618685281658,-0.0034987029780492213,0.14886840719552383,0.7096988207839676,0.5301634567514543,0.8207912249225712,0.5877015147044673,0.38685554170345415,0.07887228427077825
Cerebellum_4_5_R,0.5311708112020628,0.7199362585899245,0.7815626672331741,0.7285183670526825,0.8455008030757242,0.6248755978739422,0.6288201657010429,0.19592163081375552,0.43370263752521526,0.20680918989133085,0.7022639591714074,0.5301721637261104,-0.2204315731131096,0.6568127215499018,0.417897515507195,-0.009181461462604578,0.4789809694943161,0.7610341869974308,0.7324667815937167,0.7988574210899615,0.8823765677563585,1.0,0.6494635355646661,-0.10181334136199988,0.6112503262386354,0.8630596546575814,0.8699104395560481,0.7945423717648668,0.7942105656152121,0.5046545258333032,0.4662019723036231,0.38828870051553,-0.259130666755054,0.401478156240605,0.8266367712751531,0.5805870375434836,0.7744085236120167,0.5631820275383187,0.6850588816476634,0.7782567488723824,0.5613595543876578,0.41883105052257297,0.22542806044684463,0.7500065476904084,0.5957375519980751,0.48675700346497625,0.2810727439722929,-0.11764332733864714,0.23409213570992088,0.7487342716654425,0.5152990859891946,0.7864611477681458,0.5084192322477666,0.28518283314883425,0.1493400070170887
Cingulate_Post_L,0.3029441977824027,0.4891511489361201,0.4801410478467362,0.5840384607665413,0.5086900654255133,0.4891370938553382,0.5822777602013539,0.04021419122789066,0.25506276993190624,0.31566941896900114,0.443779004730869,0.39967105582987167,-0.03689386693294372,0.461023961321893,0.4980573119753899,0.19026031226963033,0.7375542715226999,0.4398097341220126,0.7419298221606498,0.5576100224728874,0.5989208987931479,0.6494635355646661,1.0,0.02792851870126454,0.6217329818296898,0.6359778447680627,0.6812790116802633,0.6233591468513378,0.5926009095684686,0.3383852573825479,0.4359272665037455,0.2728653814371338,-0.092080274686982,0.49892277682922553,0.5276984509688845,0.4987050624622795,0.7030745342052225,0.25255359958517326,0.36715174461955596,0.652161082931339,0.36016961401546155,0.2498234255560488,0.5038710989148277,0.472466400506492,0.3365926815588509,0.4908271071098385,0.4048715289213493,0.3118841959442415,0.5321697913288075,0.2967540946423393,0.5529686052389376,0.5489373574441444,0.4173355291260605,0.3100194648977295,0.4970624341493549
Angular_R,0.2812978554960622,0.046227339344399834,-0.0158137105225199,0.29473540756202093,0.12376589138429718,-0.15109063736394732,-0.23444923023427303,0.4692417907204805,0.5174541644773001,-0.2081009507720748,0.2329445180581437,-0.2338343405892661,0.7483924382370353,-0.035597119747000486,0.006056549971795711,0.4209423112406414,-0.1679739436294117,0.06624115135380979,0.1218652874299715,0.1115573973178477,0.025887027475882625,-0.10181334136199988,0.02792851870126454,1.0,-0.007339231171018682,-0.10528846360510065,-0.06631999471880824,0.002022623881326144,-0.04222680855607465,-0.1627723721530093,0.07317670969764418,0.5657633853906583,0.22413196945851188,-0.025476306225377453,-0.1921727735447975,0.35426954863164084,0.10715679609179281,0.06289373108253249,0.33511668443862763,0.18802113078979754,0.3693242285411798,0.260169369761935,-0.230989000182582,-0.1260317879462455,0.23604045886962485,-0.5303585264284066,-0.26154057253859,-0.17132327323516464,-0.23802556627295637,-0.13006320575106212,-0.4386361003116653,-0.037633630456134146,-0.02555781629658194,-0.36581066044151545,-0.4604365464528077
OFCpost_L,0.38903781058597803,0.5821039611700619,0.47251721166064686,0.5730824960727388,0.6031718383577882,0.3748772578239044,0.3844596954043564,0.007536967546040496,0.4682633506545227,0.3337318366695407,0.44620126733695054,0.3620717138875876,0.02557043911344698,0.36135650954832926,0.3833713437010767,-0.027192135039959073,0.6334929841007847,0.6306333559494797,0.6110978969168178,0.5962482037833776,0.6700327927261229,0.6112503262386354,0.6217329818296898,-0.007339231171018682,1.0,0.7127140301111784,0.590506715575006,0.6005393221417725,0.5967877156267823,0.28264512290401755,0.49441565625436995,0.41479825946749704,-0.2932719500203349,0.532587135547875,0.45966736288770765,0.42799605697717885,0.6399489734645909,0.25866982792160703,0.6112879693160388,0.6216963063218821,0.4737875093886903,0.3334410173392763,0.43441479995563886,0.4441392482331128,0.599904790029954,0.3047899160740292,0.19387492932627468,0.12152522377333716,0.26566637019930434,0.537558857934997,0.4758457757861131,0.6110039521849752,0.7118091172517305,0.3203240226262333,0.29856299052165747
Frontal_Mid_2_L,0.4032343101202674,0.8327646010894356,0.8216782772324882,0.7993116091570815,0.8559083968880182,0.5342836992839762,0.6559497448103366,0.05270256975133496,0.3740113850458033,0.1727559818652162,0.6302806809171998,0.6102994697286998,-0.1550808121634336,0.5588833636249937,0.2686401158265496,0.047002339819306266,0.5140323310574532,0.8373988541944318,0.7442927678016044,0.8091719122330487,0.8399983777629022,0.8630596546575814,0.6359778447680627,-0.10528846360510065,0.7127140301111784,1.0,0.7956087523963267,0.7445142896086616,0.8860316168866332,0.45377130312637104,0.5013837267026996,0.5084642983231914,-0.1950321679524954,0.4442609223871914,0.787533443150153,0.6167528663483854,0.8698096700782356,0.4648025389209892,0.6377157042096221,0.8595128158362354,0.7167096058262374,0.39244800868942575,0.32754921247066565,0.7988828235804434,0.5991920631178004,0.5405806311022874,0.3925042063350272,-0.039336296692993454,0.34011808777893787,0.7769607445345043,0.6593889895261458,0.7428219857409949,0.5756300968100075,0.3647592895071069,0.24838720962386357
Vermis_3,0.29447215501804264,0.7070344677112264,0.8007523929688177,0.7465395724333932,0.7702589005491738,0.6242973144591337,0.6424932186305125,0.10650517270088582,0.26777347586550937,0.3409373632629852,0.5805869261003895,0.43991567891796457,-0.1596780169425866,0.5885124446328553,0.5299961448174952,0.03805012542766779,0.5488717567269734,0.764194874933649,0.6968164268313357,0.6021194499223848,0.8686233884807525,0.8699104395560481,0.6812790116802633,-0.06631999471880824,0.590506715575006,0.7956087523963267,1.0,0.7377671628567255,0.8182682756066321,0.3464346449110185,0.6543175041679263,0.3296926966956532,-0.0726212073142861,0.47404029289771715,0.6742179423819428,0.6047532489419213,0.731837180473112,0.29894748711142016,0.5148774118321497,0.7977469430440294,0.5719476521675754,0.17391684456938192,0.41893857834442755,0.7442331627812998,0.5559310950979403,0.6039442745505433,0.27367600530994834,0.04494871329295828,0.22956020302817984,0.6605817587359327,0.613058936750612,0.8629501745684243,0.5583691620126247,0.3414787865870202,0.21769242293315458
ParaHippocampal_L,0.35009718803619927,0.6817942889720074,0.5948206766528066,0.7133729071040525,0.6082665806463524,0.5102395169898286,0.5731629398860508,0.26778426307876446,0.3977917324409582,0.4047343077337597,0.7044590409733595,0.5089262208642544,-0.0804181426366495,0.6855234791535468,0.3562926121343887,0.09437702527499645,0.578523031883326,0.7282519445848147,0.6702648683971699,0.6636547503498113,0.848961472023775,0.7945423717648668,0.6233591468513378,0.002022623881326144,0.6005393221417725,0.7445142896086616,0.7377671628567255,1.0,0.7177332767165467,0.4752000896659037,0.46085858283907627,0.36590933370812745,-0.15857661535097992,0.6624448858210039,0.5895653443998308,0.5774262062299871,0.7188003686889067,0.39281653588546067,0.6006771657697773,0.7278866862470996,0.5567485212479678,0.39085647232487486,0.35504305660787827,0.5213115846494903,0.6715744135301172,0.3928903013145762,0.31917653665185974,0.12350340406274418,0.21369340176102053,0.5401677793213194,0.4594579659389275,0.6956933828581712,0.45070928582664915,0.4844078574184367,0.11028470166528549
Frontal_Mid_2_R,0.2532624671845788,0.9068382734612875,0.896253423461168,0.8507667305054549,0.770439576327627,0.6337217329927187,0.7656107342968231,0.11867113525379606,0.2793592383224907,0.18101541319660094,0.5946085719850394,0.6183969364496548,-0.13768144944019095,0.5979168291575135,0.41571575829495777,0.09534776204524134,0.4380016394476621,0.84952574285876,0.6670616896043993,0.6404887012306496,0.8229396882969297,0.7942105656152121,0.5926009095684686,-0.04222680855607465,0.5967877156267823,0.8860316168866332,0.8182682756066321,0.7177332767165467,1.0,0.47803477065836575,0.5116265210621371,0.41414469192172043,-0.018660297535565556,0.44558425474273783,0.7393984599535564,0.792026316898887,0.8700122222915487,0.3259161901851492,0.502239888549478,0.8730537247568946,0.7243695409237105,0.28840028761621816,0.3742564560713374,0.866629602280431,0.5510672902657908,0.5695910071681848,0.4001738409389113,-0.033738117261863675,0.3012340086866656,0.7550929146687714,0.708107095498607,0.6992230527902347,0.4720249819594838,0.433184595878395,0.19068908644530944
N_Acc_R,0.27815395573750745,0.5123452642630837,0.45283884169913663,0.3223059541680038,0.3679685813434522,0.3434200715400327,0.3350003909273205,0.17483277238442574,0.16026918745589885,0.17612232540548148,0.4300402567997229,0.33784320003772,-0.348375115939944,0.41594988855619514,0.17304105938101672,-0.035467825566199034,0.2916424602379737,0.4429467121254143,0.3148737613993344,0.40595046868056356,0.3956862406651863,0.5046545258333032,0.3383852573825479,-0.1627723721530093,0.28264512290401755,0.45377130312637104,0.3464346449110185,0.4752000896659037,0.47803477065836575,1.0,0.22061349544147144,-0.021382345648538914,-0.22327111840484812,0.20483283334085284,0.4758154115781916,0.26455628086946814,0.4671362363792559,0.33107717902595535,0.3356430366738086,0.35805220122251363,0.2925728629148417,0.3533644482178509,0.11050682150782783,0.44617100768216844,0.3110841148740211,0.22405132651107418,0.25958985768580217,-0.223141452581717,0.07048000809061064,0.49710298674615416,0.3316615750419783,0.17886731137099615,0.21563939495611692,0.25741627572315773,0.14646285435323525
Frontal_Inf_Orb_2_R,0.14335663264647971,0.42116913661568556,0.4990166624559868,0.45534300006368955,0.5057248592041234,0.31705864765720704,0.24991674205682698,0.09458763186573187,0.1830851169383652,0.5720394231842263,0.3191074264479856,-0.00043719504856895683,-0.007319423260055289,0.15522859534422712,0.33681361160231765,0.08010709423648661,0.5807783700780793,0.588346161510333,0.36147192696146546,0.3355604700398861,0.6102781205176636,0.4662019723036231,0.4359272665037455,0.07317670969764418,0.49441565625436995,0.5013837267026996,0.6543175041679263,0.46085858283907627,0.5116265210621371,0.22061349544147144,1.0,0.17288418179504844,0.0441899744049565,0.5481047771920435,0.2783767417857016,0.277034405530863,0.33938343236791635,-0.06883350708170145,0.35113072485124197,0.4963143056821769,0.3366597156745794,-0.12423612249224238,0.5310448552796572,0.43073159082622725,0.5035904617784851,0.2905859531588245,0.08984472552925683,0.18873489180687844,-0.18832967829119404,0.42216110741710156,0.3675225712786949,0.5374464512186989,0.5934986863628471,0.25842707118684305,0.21772964787184823
SupraMarginal_L,0.5029387975916902,0.4521582285182512,0.41502959430857883,0.666811358101825,0.6497822652056304,0.07546495658607756,0.13501379753207374,0.29942928258690193,0.6663068222385377,-0.31685554131081906,0.581049835573395,0.18446584463588106,0.5663732034901212,0.24070393428679437,0.10426850094235499,0.23500780146200814,0.04806584626478077,0.49953503132808175,0.4993700181651852,0.5605560814877272,0.45683174846415886,0.38828870051553,0.2728653814371338,0.5657633853906583,0.41479825946749704,0.5084642983231914,0.3296926966956532,0.36590933370812745,0.41414469192172043,-0.021382345648538914,0.17288418179504844,1.0,0.024285915622845,0.08460740030580406,0.31619622329619157,0.5787918501981494,0.6067114896937215,0.439920627509678,0.6393745670970615,0.6390729792802397,0.7910410636764801,0.49220363016372193,-0.15788777278974656,0.3734624834110475,0.48671644409568154,-0.14051953313158932,-0.03785901895551895,-0.2262422065248709,0.11025671688966845,0.3320202272290124,-0.05572010748716992,0.4081715157274223,0.2709237172882579,-0.2569405797626795,-0.3447977163790904
Occipital_Mid_L,-0.32028854096858034,0.0229114121604571,-0.02140302246802607,0.018163908660801857,-0.17772590304682875,-0.08973755443077946,0.041633939714556846,0.0033156672736685596,-0.2359277938019356,-0.03507311683191233,-0.03006595688874192,-0.12942870118273558,0.2506916243810269,-0.06390005566619344,-0.005799235681873073,0.15628781928415442,-0.11698189743874765,-0.1266143960419341,-0.10116126029897679,-0.19653594747409275,-0.08282079482106115,-0.259130666755054,-0.092080274686982,0.22413196945851188,-0.2932719500203349,-0.1950321679524954,-0.0726212073142861,-0.15857661535097992,-0.018660297535565556,-0.22327111840484812,0.0441899744049565,0.024285915622845,1.0,0.03183114099062012,-0.257891506844687,0.06900199834909684,-0.08189408728528262,-0.24668788774921876,-0.2858900082935569,-0.033821754307372845,0.006650810347426986,-0.21473438356397712,0.08972883726145352,-0.06413357140380814,-0.111589112422671,-0.05277318527577259,0.12793312084504463,0.1234596115247641,-0.060642410633702605,-0.2413865214422247,-0.01379264545009955,-0.11410259930864915,-0.18185422721980712,-0.022329910230283176,-0.10918048392454846
OFCpost_R,-0.05402973121987094,0.4371797238153114,0.2812726707600645,0.4005834995159117,0.23365741534050727,0.3044262725318817,0.47152067947215426,0.016742784422480568,0.0725514565351887,0.744300324789597,0.3116448117671793,0.2698683131329595,-0.030016397100772987,0.3737907310189485,0.29711820853224125,0.13890242660241647,0.7259763643866387,0.43014858783836357,0.37419351042152804,0.34468317462566983,0.5953537758140764,0.401478156240605,0.49892277682922553,-0.025476306225377453,0.532587135547875,0.4442609223871914,0.47404029289771715,0.6624448858210039,0.44558425474273783,0.20483283334085284,0.5481047771920435,0.08460740030580406,0.03183114099062012,1.0,0.20514625609518652,0.2694208195620527,0.36658813068299534,-0.0801710201887876,0.24850279536683414,0.40329143494147923,0.21709897141010778,0.0213759589879486,0.7331514984511437,0.18843088021761095,0.5008859417136361,0.33168900830421266,0.4319107086227426,0.5786998153667959,0.0986243814915295,0.20567020875261613,0.47727422084904997,0.5139790356208099,0.5269710184579983,0.6184558254300039,0.3787955321150567
Heschl_L,0.4365971815718452,0.650172774741497,0.7404694302440009,0.626402768941239,0.790490530033325,0.5736231033672846,0.6335174913469057,0.056475536332148336,0.3163831215237161,0.004913404866514665,0.6033789001245371,0.5481605879568842,-0.26652356287236084,0.5547902347208012,0.42103347685454484,-0.03283787477098997,0.29454208463911696,0.5913688375853537,0.5819063819776245,0.6916463563282668,0.6916664771078318,0.8266367712751531,0.5276984509688845,-0.1921727735447975,0.45966736288770765,0.787533443150153,0.6742179423819428,0.5895653443998308,0.7393984599535564,0.4758154115781916,0.2783767417857016,0.31619622329619157,-0.257891506844687,0.20514625609518652,1.0,0.5574157058542762,0.7357592070438451,0.5419423203624685,0.5417233386803202,0.6900700585637239,0.495528856274346,0.3553704849971319,0.14878837282670296,0.8194606965806568,0.396430238700013,0.5121771287267032,0.2973291907022559,-0.17665227696480765,0.3348662959169548,0.6920258859818956,0.5683021767137421,0.6009008267828311,0.3742249099369514,0.20581212645663347,0.20133874482912517
Precentral_R,0.3266576687126856,0.7067685145805351,0.7532055524140386,0.8977463649356204,0.6142192547113597,0.47825427918162,0.5366196492694157,0.3401123285953375,0.47454066410390805,-0.06409256947810131,0.5678187739148661,0.4909423513094634,0.24876993814669335,0.5254103890355621,0.36063522822379934,0.3025214694039882,0.19506163701215576,0.6316936939062926,0.5637807954162758,0.5275577972517494,0.6288624440717262,0.5805870375434836,0.4987050624622795,0.35426954863164084,0.42799605697717885,0.6167528663483854,0.6047532489419213,0.5774262062299871,0.792026316898887,0.26455628086946814,0.277034405530863,0.5787918501981494,0.06900199834909684,0.2694208195620527,0.5574157058542762,1.0,0.8117286863595279,0.3604282835900222,0.5131222765261833,0.8399710056380407,0.7706921002643257,0.4109787916953201,0.12563991011295614,0.6665970715806069,0.4996509449630904,0.21735841650975668,0.1309675691039015,-0.10547876740218681,0.22855351769058682,0.5074870716423096,0.36042243189880624,0.5296625538402638,0.23537864274546136,0.15623129378919662,-0.06360892286508353
