,Cingulate_Mid_L,Frontal_Med_Orb_R,Frontal_Inf_Tri_R,ACC_sup_L,Insula_L,Occipital_Mid_L,Thal_PuM_R,Cerebellum_Crus2_L,Olfactory_R,Cerebellum_3_R,SupraMarginal_R,Cerebellum_8_L,OFCant_L,Temporal_Sup_L,SN_pr_L,LC_L,Thal_IL_L,Vermis_7,Thal_VPL_R,Thal_VL_L,Temporal_Inf_L,Thal_PuA_R,SN_pc_L,Thal_MGN_L,Supp_Motor_Area_R,Precentral_R,Thal_PuL_L,Paracentral_Lobule_R,Thal_MDm_L,SN_pr_R,Thal_LP_R,Precuneus_R,Thal_AV_R,Cerebellum_3_L,OFCant_R,Cerebellum_Crus2_R,Occipital_Sup_L,SupraMarginal_L,OFCmed_L,ParaHippocampal_R,Precentral_L,VTA_R,Occipital_Inf_R,Thal_LGN_L,ParaHippocampal_L,Parietal_Sup_R,Caudate_L,Temporal_Sup_R,Temporal_Mid_R,Calcarine_L,Thal_VA_R,Heschl_R,Putamen_L,Frontal_Sup_Medial_L,LC_R,Temporal_Pole_Mid_R,Thal_AV_L,Thal_LP_L,Cingulate_Post_R,Occipital_Mid_R
Cingulate_Mid_L,1.0,0.07320411645487526,0.849494974920961,0.7061785430277123,0.7694968403695148,-0.013139507441463645,0.6671236225131579,0.13641258949152824,0.3931366456971333,0.6446678021089312,0.5293714091912533,0.45208645645079387,0.06129125777483324,0.7610372293309287,0.3575046015817292,0.1326303715878075,0.542402522813926,-0.06629407221543326,0.47050666015619547,0.5960813160229022,0.7444737129254282,0.3809355681341529,0.5697234173182909,0.12112937423095005,0.9577116296697329,0.8968263449571879,0.27378149435069427,0.5071698909173841,0.5669018104010185,0.547195101562881,0.48447599981801276,0.736334489080195,0.4792471842439915,0.5236264402094725,0.2618434065667723,0.3294213380571425,0.13353884118304574,0.5871549589200095,-0.14433332188342807,0.7321428468337898,0.8725648521958049,0.41656546389278204,0.06744142776269514,0.648564647821965,0.6450238822910147,0.12518098474425784,0.6515036828664547,0.8225764217474618,0.708862823757841,0.7785342999035444,0.5322726973481852,0.6096902674416539,0.6447857482435599,0.8369910824310731,0.11407808822942134,0.23769579446825762,0.40820925953865544,0.39456416336083283,0.8542199191673946,0.11195110482905903
Frontal_Med_Orb_R,0.07320411645487526,1.0,0.07289281407845241,-0.014929450171580922,0.14912521371490375,0.1534644673515919,0.28146434540611626,-0.10530054179438934,0.35458876668401224,0.2644828270861704,-0.26773134914594393,-0.40209608002999614,0.7794424667982242,0.010497501887215543,0.08632768047605463,-0.17256008907144,0.10722858362058428,-0.23051245953891036,0.2616100625213084,-0.16806397848030366,0.12833811108638635,0.4573788536535523,0.14655260530621927,0.28826997274538807,0.019999972462775018,-0.0006161588224169389,-0.03892727551230519,-0.15880538809496025,-0.034210912670791,0.11894339642482588,0.21074031873737453,-0.1550440019349256,0.013598479262798627,0.368300579750324,0.6575457555150261,-0.2562474566877699,-0.3817964562622509,-0.25643901888680326,0.7504464193549866,0.21543810716440367,-0.004876013912951672,0.14366841748813064,-0.46158311759683074,0.25538789528330913,0.058383794383389885,-0.2490648018375798,0.43333016253583423,-0.05053552742453906,-0.2241800487150061,-0.20236907092036172,-0.40640706737902815,0.17702932886205733,0.38345714200090786,0.17384143390687218,-0.32330617237545084,0.5064106741158515,-0.5693170624175783,0.234596353573462,0.1168540184183645,-0.3106521669458014
Frontal_Inf_Tri_R,0.849494974920961,0.07289281407845241,1.0,0.8325591183662815,0.9281877196221525,-0.06128527663188813,0.6175762479659411,0.2804209105545081,0.35367474792051556,0.6823198638144868,0.3694657033942884,0.4130572894647171,-0.028242141285303383,0.8678254892521136,0.295477113190531,0.07951517025865122,0.44959734263408296,0.06269357472477308,0.49329004748801303,0.6697494414852392,0.6866662067321855,0.3286281984132313,0.4805761604045812,0.21009557406721638,0.8619261139982815,0.7385439123712373,0.2905037057622975,0.3220106257522605,0.4647264984531181,0.6138547434238354,0.4681067304973181,0.569448823874528,0.45972546790262486,0.5527246780815323,0.1982445258183219,0.26690743012969126,0.0039167356002341325,0.5591223534773615,-0.2789124163632971,0.7301239264901652,0.826813625546705,0.47360839583780034,0.14017595839761166,0.6900727931053281,0.6453091901758075,0.08551173570191856,0.6684300864372431,0.8494547409580884,0.7146762262425169,0.688540695868277,0.46515780434341575,0.7300613009230842,0.6560633571242565,0.8095021437896913,0.2111515751164957,0.18814335620927064,0.3116379338546327,0.41527802525905355,0.77085649227607,0.026323261125118076
ACC_sup_L,0.7061785430277123,-0.014929450171580922,0.8325591183662815,1.0,0.8268304074794892,-0.1266143960419341,0.6134351282169676,0.3736735919839653,0.3854271466262444,0.6838419207482869,0.2752392041984894,0.37814402312326145,-0.0712380705590854,0.7969398093199701,0.34098736794597095,0.16715028182419345,0.46007965230367315,-0.007479533282540889,0.5073704157310109,0.6580162068072061,0.595974500413245,0.32717053217256736,0.5419627810044422,0.23658591848198135,0.782821677897155,0.6316936939062926,0.3440774373547606,0.13276992064465015,0.5338815464159385,0.5909100172220467,0.41571022746300745,0.4626137950321258,0.4633906573116753,0.5937722688741186,0.17919002805154371,0.35189742738985996,-0.06585438591841203,0.49953503132808175,-0.28736736695713755,0.7445527426302104,0.8044559386779112,0.5847612654661519,0.23110560748973807,0.692126240142143,0.7282519445848147,0.14612989227124873,0.6612035764261052,0.7717501051772201,0.7121459035255528,0.5637327878487968,0.5459501011476529,0.5281090640269935,0.6364543974317782,0.7250134656655448,0.25166495878315015,0.16707291888839415,0.4103315470015203,0.4557546910288253,0.7329762314739899,-0.030617106518004762
Insula_L,0.7694968403695148,0.14912521371490375,0.9281877196221525,0.8268304074794892,1.0,-0.142039818382671,0.6309980352977831,0.36810455904151596,0.35877294277457644,0.6877120823180695,0.31133597200773955,0.43871581875903015,0.02992678041739413,0.8770753159849521,0.2555493762382514,0.07168052509857209,0.43169137156470805,0.14442895153153065,0.508133079792396,0.6649955695703579,0.6997058284747368,0.28575854130600603,0.5435414412411931,0.20136619295098268,0.7776223290146629,0.6554196143224383,0.4078180962281702,0.2511007616444491,0.40910894654609065,0.6476063677019975,0.4388603634493393,0.5284965427999261,0.425616456929556,0.5986500553500315,0.1592830931634309,0.32598000375807684,-0.02614229051854031,0.5442072746033481,-0.25719045009345337,0.6999547476722482,0.7468580086111095,0.4631375580657998,0.15873105417247688,0.6720247189936711,0.6012505125805409,0.10156165057051492,0.7112632051800085,0.8083378271364171,0.7001361950658138,0.6900961883542807,0.44287378329581356,0.6929851402118599,0.6604568971941597,0.7048640429094654,0.24680072800457564,0.12719394312419746,0.27818154444876614,0.4142352544633743,0.7695020762382608,0.026413753966264965
Occipital_Mid_L,-0.013139507441463645,0.1534644673515919,-0.06128527663188813,-0.1266143960419341,-0.142039818382671,1.0,-0.0037253116830606773,-0.32853375725279965,0.025504411156804265,-0.11410259930864915,0.25544391734845984,-0.32028854096858034,-0.10918048392454846,-0.17772590304682875,-0.021864666027587243,-0.10620701517647464,0.06825230673776043,-0.1639760877202383,-0.08973755443077946,0.05675601074314192,-0.2326969690930212,0.11810941116198416,-0.1949927382575421,0.2672910783906904,0.018163908660801857,0.06900199834909684,-0.3718552532781624,0.2647496260751905,-0.06390005566619344,-0.13789726841532118,0.07567126068566032,0.063737515010976,-0.05747477300661507,-0.20132269733948108,0.08972883726145352,-0.4241382512284561,0.09165530287020705,0.024285915622845,0.19468438485224762,-0.08698836192617525,-0.04466024448773221,-0.13082090435171262,-0.3225373122046767,-0.05863523267891312,-0.15857661535097992,-0.20797630196502864,-0.20066261664997465,-0.005696482291396091,-0.12662498943713274,-0.18337960217664978,-0.06931545753063914,-0.11723011612036867,-0.10119714114774524,0.07998387706479337,-0.3947226983255972,0.12793312084504463,0.00217530681647723,-0.17155705931500742,-0.08680838446266202,0.2506916243810269
Thal_PuM_R,0.6671236225131579,0.28146434540611626,0.6175762479659411,0.6134351282169676,0.6309980352977831,-0.0037253116830606773,1.0,0.13974924415249895,0.44130123837800317,0.6417161014410205,0.3093589336326354,0.16229904719944108,0.2046666413817834,0.6013406648921854,0.382577831092952,-0.14930028316074964,0.41091005186594165,-0.03893385824527962,0.5391254953042388,0.44303891110015853,0.49037566070945554,0.5044555347285761,0.4668475457308192,0.29887654122783075,0.6792924298584271,0.6151000193078815,0.22987386597891646,0.26298107049219893,0.48485505204770174,0.5649092502630356,0.5649211058976169,0.4545434261245797,0.32441088502848686,0.5421107754793382,0.33044361117023413,0.14102348318183225,-0.04098990892526398,0.33567903202465227,0.02672432123462548,0.5953641716458347,0.6088816365866007,0.32080742290134734,-0.04391314938220221,0.5666479985077018,0.511827661586458,0.11197578216243233,0.6142404866594025,0.6860807768814653,0.6070105795289394,0.49008097541545703,0.29777103435400015,0.39121096006461825,0.6294044815854127,0.6741524381287336,-0.0906293337199731,0.30878627146647936,0.18250449392812415,0.42974600031927757,0.7276235843142514,0.0016539549664605637
Cerebellum_Crus2_L,0.13641258949152824,-0.10530054179438934,0.2804209105545081,0.3736735919839653,0.36810455904151596,-0.32853375725279965,0.13974924415249895,1.0,0.13498439226683487,0.30826482700083363,-0.09261505946701994,0.25742913693858427,-0.1260062298627717,0.3365193919666018,0.27158178837005587,0.004397880517011054,-0.003280470703135251,0.15309800551468852,0.09421095752904075,0.13955921626745682,0.3133462656207263,-0.1112214456742094,0.1762530031726828,0.009798734532773377,0.17693788727879312,0.0833876559783472,0.341463808340949,-0.2374348987424825,0.13853020312990158,0.15264968517437244,0.18832497485397712,0.029990231052587416,0.1791691593761355,0.3522788212891709,-0.03946283707517555,0.2525048133874223,-0.04338697738088216,0.18671305227792162,-0.19827740242890982,0.29078781653075386,0.1529839191362923,0.2222571556821055,0.30584932014864785,0.16787622405451388,0.36396717918029575,0.1796829276008522,0.22788769323524763,0.22439711358952885,0.281205112910783,0.2093229118300645,0.2346137391540658,0.1537719527147276,0.2303219257217147,0.07949999709574151,0.09960141740194095,-0.14629009426981263,0.13259019594743912,0.10564006472573959,0.24787988872114342,-0.10502212887619078
Olfactory_R,0.3931366456971333,0.35458876668401224,0.35367474792051556,0.3854271466262444,0.35877294277457644,0.025504411156804265,0.44130123837800317,0.13498439226683487,1.0,0.5002365363093914,0.21476648577131507,0.03380158742396868,0.2510185073849129,0.29909412378597267,0.6093881502727477,-0.03103024273836203,0.47063063108393327,-0.19676864467478491,0.20787518793225715,0.47107922673273717,0.35404134206366117,0.15156890546609844,0.3990318831145763,0.22931604066643557,0.4971807666518388,0.3506243011522848,0.158160095915837,0.08357288198171672,0.25726586350166064,0.2428851816698494,0.504317238886797,0.3642293667367573,0.40751824972898043,0.3882722928352648,0.5234122943930287,0.1341322041397669,-0.07886708373466941,0.34657899223228883,0.3397800890374631,0.5979439805141825,0.4216080882133549,0.5182403946638758,0.029103869697268976,0.41692477835082187,0.5827318843777888,0.03115091681051871,0.44508678923632783,0.36712096808447836,0.35389272505277125,0.28234448782997157,0.3736192993502086,0.04352638622013517,0.46229732435833737,0.36305961606157533,-0.2801249833444947,0.4090579975201571,0.20805362314191114,0.11923628488409789,0.5285493929250675,0.19060683250305263
Cerebellum_3_R,0.6446678021089312,0.2644828270861704,0.6823198638144868,0.6838419207482869,0.6877120823180695,-0.11410259930864915,0.6417161014410205,0.30826482700083363,0.5002365363093914,1.0,0.15313115498796903,0.22783797172331632,0.17255599665351998,0.7055288722107216,0.5682172518152131,-0.006283388328812041,0.45386344562232195,0.006566575388280599,0.4685003977415977,0.4566535048251782,0.5669155045115397,0.27789497333960694,0.4931385684473703,0.32538762525450005,0.6859675829240596,0.5296625538402638,0.31174404364268843,0.11906716221662549,0.49860694733816574,0.44876419433561676,0.5271810259382116,0.4185216992400812,0.47706217365079767,0.7557179760636193,0.424415159310579,0.2261978190376553,-0.12103676216749006,0.4081715157274223,0.04439119122010086,0.7691897282886958,0.6436761506747768,0.5510732021185495,0.07300719907307618,0.6383876081258435,0.6956933828581712,0.11303866823077355,0.6775465188989027,0.6675463271338845,0.5585944536342415,0.5135471812401244,0.38954927620144797,0.44313524375108126,0.6950623523632493,0.6613500224768799,-0.028924453927831703,0.27765599302500565,0.18845688408427494,0.41740111196439544,0.6796999589474586,-0.07908414455592809
SupraMarginal_R,0.5293714091912533,-0.26773134914594393,0.3694657033942884,0.2752392041984894,0.31133597200773955,0.25544391734845984,0.3093589336326354,-0.09261505946701994,0.21476648577131507,0.15313115498796903,1.0,0.24020315580850443,-0.3956582802471479,0.29805548179642277,0.14437344505466707,0.0411731977759439,0.4059937745224722,0.17268981328337105,0.0902604888546577,0.5415191043070073,0.22337635843734277,-0.14407171289813447,0.2068296463535373,0.12105662660938016,0.5691523322257025,0.7226821936499461,-0.0141539585664491,0.818091819333736,0.09849416734567952,0.08929441657856624,0.2245050552853983,0.7640028335464343,0.0014777085399048245,-0.10765254343019065,-0.1540624429411746,-0.0790218360379186,0.38972688520771104,0.6699972666049299,-0.25072144419359527,0.17096925082820633,0.44917850411633115,0.04149685472811952,0.01719210415340239,0.1562272401090002,0.16137891950911593,0.06892912245902523,-0.04785768394660158,0.5269047866234499,0.49868222360956815,0.5999100925372227,0.44871875495173563,-0.05368742432933722,0.07991806522995924,0.3341250484924547,0.027450413497613253,-0.19724878492402542,0.5540801534370966,-0.2151233268312589,0.4879921283446117,0.7010312709029921
Cerebellum_8_L,0.45208645645079387,-0.40209608002999614,0.4130572894647171,0.37814402312326145,0.43871581875903015,-0.32028854096858034,0.16229904719944108,0.25742913693858427,0.03380158742396868,0.22783797172331632,0.24020315580850443,1.0,-0.22057146895032256,0.5945702633971489,0.15107832318659672,0.2318811916632659,0.19783323347423523,0.38221640575236016,0.16584599230331507,0.49768625782775067,0.648739350836885,-0.1358947389090642,0.38724812909907047,-0.18155696071311983,0.44303244854790697,0.3266576687126856,0.5076554676429079,0.19360433680307587,0.3002247626258404,0.30995947160161863,0.16249195009300194,0.49416061141941947,0.3447608895327118,0.2984456884964886,-0.22667715828506269,0.7583431741417253,0.22540312347658756,0.5029387975916902,-0.4443883212387641,0.3318836844749542,0.3709095478909637,0.27192787937153706,0.5443431899309977,0.09689245269144664,0.35009718803619927,0.260184111814336,0.27359374197264796,0.50329116814957,0.639688416353387,0.7392427946075387,0.6782645720865823,0.3348851486895805,0.14730139887747684,0.18723590662292305,0.5151441711461934,-0.27380034668093417,0.5631511001492978,0.0690242845310776,0.4974892900588339,0.13940569742365044
OFCant_L,0.06129125777483324,0.7794424667982242,-0.028242141285303383,-0.0712380705590854,0.02992678041739413,-0.10918048392454846,0.2046666413817834,-0.1260062298627717,0.2510185073849129,0.17255599665351998,-0.3956582802471479,-0.22057146895032256,1.0,-0.0013658668050428669,0.1355295941228982,-0.06293550451235647,-0.01878103863399038,-0.23118105424130816,0.27808646586317365,-0.29389809252919247,0.19751595982661074,0.457796830764302,0.12523719533358008,0.1384936223465438,-0.023827879731089192,-0.06360892286508353,0.005923430662965057,-0.27760458155193335,0.07377137190022676,0.09914164865757724,0.12219225066264967,-0.17554243936588107,0.06496847801959861,0.3819826844903947,0.7146330933546462,0.05489716608752555,-0.3008922343917368,-0.3447977163790904,0.7529685986485508,0.19474286692752976,-0.029053791799776466,0.19009593603351402,-0.3656794651582498,0.14104053138288064,0.11028470166528549,-0.06450046817998448,0.4461082015437054,-0.09996655577576916,-0.17422523167365755,-0.1819299109895534,-0.37045838045457424,0.17423600172829365,0.38446272533655484,0.10498581376358031,-0.13002468652911517,0.4801268805104147,-0.5223867913434003,0.3236033117229907,0.0840985008468574,-0.4625713521256998
Temporal_Sup_L,0.7610372293309287,0.010497501887215543,0.8678254892521136,0.7969398093199701,0.8770753159849521,-0.17772590304682875,0.6013406648921854,0.3365193919666018,0.29909412378597267,0.7055288722107216,0.29805548179642277,0.5945702633971489,-0.0013658668050428669,1.0,0.26785872841131714,0.07902935895789943,0.463696250182129,0.2317370231437398,0.5041991754668474,0.666450439703631,0.7520926046771179,0.22409206444754154,0.4751665017660606,0.15827415404660664,0.7766386101751376,0.6142192547113597,0.39522543960768425,0.27021845541467554,0.47381960588464006,0.5460856651573456,0.4410532744992091,0.5724509303177069,0.45578269219573087,0.6552986028619192,0.09467083272472847,0.4492499247688052,0.04071355712717829,0.6497822652056304,-0.32696755508998293,0.6800924027470883,0.7550842536165657,0.4670670751598824,0.2957667366250933,0.5910462883656904,0.6082665806463524,0.23669590558354048,0.7026589895169685,0.8919006474489222,0.7952628284428377,0.7977235824727867,0.5656596516931378,0.7079794298955976,0.6196704406180672,0.6714591424687995,0.3357834312511469,0.13833817113910818,0.3872843109386902,0.39129154513144815,0.7716952586566082,0.010994118967974741
SN_pr_L,0.3575046015817292,0.08632768047605463,0.295477113190531,0.34098736794597095,0.2555493762382514,-0.021864666027587243,0.382577831092952,0.27158178837005587,0.6093881502727477,0.5682172518152131,0.14437344505466707,0.15107832318659672,0.1355295941228982,0.26785872841131714,1.0,0.06986006158030367,0.31604692106686144,-0.03023387400146811,0.24792809530593418,0.2819106621398148,0.35137663578652073,0.11072514915537308,0.3219671157303242,0.42861785600134894,0.42667465274782346,0.3124176871145325,0.23104513339552685,0.04780889390461745,0.3272163187817155,0.1815859055801402,0.44852886377183465,0.37608733701645286,0.3388220096751168,0.4122159150560391,0.5418893581675873,0.19606495446427047,0.031167567646454966,0.17733520064901612,0.21819115897626648,0.5329790671842515,0.30801673717982103,0.5685651951907765,0.06672911167832873,0.263525908663399,0.6164085965383447,0.07662175074159551,0.3236903624932116,0.3539519076154718,0.3702083843853114,0.2855194788670272,0.4366441340787234,0.0018223485262918488,0.41900009893824236,0.3483602194104008,-0.13232895613855625,0.10746130508482186,0.18528535008261474,0.23605362852415798,0.47302195084274196,0.07759532734167017
LC_L,0.1326303715878075,-0.17256008907144,0.07951517025865122,0.16715028182419345,0.07168052509857209,-0.10620701517647464,-0.14930028316074964,0.004397880517011054,-0.03103024273836203,-0.006283388328812041,0.0411731977759439,0.2318811916632659,-0.06293550451235647,0.07902935895789943,0.06986006158030367,1.0,0.008577963791454092,-0.06722906629745522,0.015254735589224747,0.10827913855323072,0.24168901767098727,0.02903871138968492,0.3231607454665536,-0.0868044906632189,0.13616993289968984,0.11747930568834293,0.06999806178795556,0.007630656973541905,0.19802543064720662,0.1333223709031581,-0.02808517174502188,0.17861399282902163,0.06766897634214004,0.015335431640800604,0.027769301951433834,0.28985343732319496,0.06857544798078738,0.053234052918891994,-0.09969893168246467,0.16638109455318378,0.11670736393362591,0.31947860639211284,0.03319584806468205,-0.01254454394488935,0.2630101163133446,0.058307693298531374,0.09413697156291072,0.01731453219936551,0.033388160562652786,0.13370639544355162,0.29889982715237373,0.04052311945971232,-0.054979025044589735,0.1586937763515869,0.4134564634079824,-0.10967623822405066,0.11228849727725959,0.13662579441661785,0.07806485544719799,0.0271043204117848
Thal_IL_L,0.542402522813926,0.10722858362058428,0.44959734263408296,0.46007965230367315,0.43169137156470805,0.06825230673776043,0.41091005186594165,-0.003280470703135251,0.47063063108393327,0.45386344562232195,0.4059937745224722,0.19783323347423523,-0.01878103863399038,0.463696250182129,0.31604692106686144,0.008577963791454092,1.0,-0.08368957873243095,0.4258777372039359,0.564083226848343,0.40876564827709205,0.18831135716657021,0.4387946555586846,0.10180932567826545,0.5727520665488174,0.5447857706612651,0.20036144529257244,0.2741335623886364,0.45761355562234785,0.2648599182067005,0.5010370555510631,0.42849307221882615,0.49788963875691133,0.35090289349189524,0.1747098622234189,0.19274331289536062,0.0902842141332551,0.4880076444437886,-0.011731016343570407,0.568495836381497,0.5613012894321897,0.37307127306752064,0.15535046060390378,0.41330163211048343,0.5176079296156338,0.1029234429470629,0.45769363691744536,0.5212383041972384,0.4729372098394112,0.4775481014678395,0.4457830249237588,0.3001708607442857,0.5082830436179933,0.47353183177225905,-0.07152342391288709,0.31536210652490293,0.46961512713811887,0.17418880874765164,0.5541335974180869,0.1891291462184807
Vermis_7,-0.06629407221543326,-0.23051245953891036,0.06269357472477308,-0.007479533282540889,0.14442895153153065,-0.1639760877202383,-0.03893385824527962,0.15309800551468852,-0.19676864467478491,0.006566575388280599,0.17268981328337105,0.38221640575236016,-0.23118105424130816,0.2317370231437398,-0.03023387400146811,-0.06722906629745522,-0.08368957873243095,1.0,-0.0495302720188877,0.016826545505622202,0.04998598964096804,-0.36850523907371546,-0.1919699249226044,0.15993241314583576,-0.09267399020650784,-0.11620948298192163,0.12326519163221507,0.15903643270605755,-0.27978147559362276,-0.11043137271518101,-0.09538534895406175,0.21063782243889353,-0.3287474246063935,-0.0007620226482430945,-0.24153150454429254,0.10085595441637152,0.062453339531280835,0.19731722802268253,-0.31486637976680526,-0.23816195376135932,-0.15393081519256302,0.01303450929469129,0.29176959970639904,-0.2754298018435343,-0.20685021920997335,0.1867473155950896,-0.21888890474160283,0.16895403411138324,0.2765773944731257,0.2834975763176554,0.10467232958028556,0.05331383398885573,-0.2617621656281133,-0.21533902133362218,0.38182236780741025,-0.5884589945112173,0.08742210169189733,-0.16887596783448533,0.027555301165869343,0.22378207560366262
Thal_VPL_R,0.47050666015619547,0.2616100625213084,0.49329004748801303,0.5073704157310109,0.508133079792396,-0.08973755443077946,0.5391254953042388,0.09421095752904075,0.20787518793225715,0.4685003977415977,0.0902604888546577,0.16584599230331507,0.27808646586317365,0.5041991754668474,0.24792809530593418,0.015254735589224747,0.4258777372039359,-0.0495302720188877,1.0,0.3142082274291562,0.529632635844316,0.38955674798942924,0.39275537245311853,0.2636992365215602,0.4312039562068183,0.47825427918162,0.17477568731985826,-0.009626398115353148,0.5489386742297994,0.5004827809695341,0.4273771200647345,0.15389855530521546,0.3688181788069426,0.556087383307564,0.27776094391890555,0.16829745765332438,-0.22172098540814025,0.07546495658607756,0.08718766340302998,0.535796896746409,0.4099218588487931,0.3322176278786708,-0.08110575249807146,0.4909338624398283,0.5102395169898286,-0.0292029975909444,0.6195894155176458,0.4358482770420957,0.34218788165232034,0.34337434711778003,0.11945477904900449,0.4584998393092636,0.6282671314067093,0.5533227529900944,0.0946409637307025,0.23707050598617435,0.08030216855255011,0.5276675672390742,0.5255272142644487,-0.32698761746457655
Thal_VL_L,0.5960813160229022,-0.16806397848030366,0.6697494414852392,0.6580162068072061,0.6649955695703579,0.05675601074314192,0.44303891110015853,0.13955921626745682,0.47107922673273717,0.4566535048251782,0.5415191043070073,0.49768625782775067,-0.29389809252919247,0.666450439703631,0.2819106621398148,0.10827913855323072,0.564083226848343,0.016826545505622202,0.3142082274291562,1.0,0.48626475401845265,0.03708300799402031,0.4849566392094162,0.05406534650093699,0.6840256993264588,0.6059918395724893,0.32368783574895715,0.3572081535157383,0.4077249976662896,0.49522815583886504,0.3892071011726145,0.5579134080490773,0.5072576624057851,0.3058741855282093,-0.06388336831409124,0.3782333383310742,0.15154763051930592,0.7256045954673902,-0.3541779226627171,0.6451590787227157,0.670506163030621,0.45234471096373846,0.3741072716771024,0.4517311145932461,0.5825864919652779,0.13673227895935505,0.4375155268264555,0.7125266873140484,0.7328733787688211,0.6803418013846113,0.6744231925140326,0.3196108184552222,0.4038953841171977,0.5081659865467457,0.1530472166643237,0.1639869517460427,0.6565374962595865,0.0501106890734484,0.6419889202895824,0.380493069127834
Temporal_Inf_L,0.7444737129254282,0.12833811108638635,0.6866662067321855,0.595974500413245,0.6997058284747368,-0.2326969690930212,0.49037566070945554,0.3133462656207263,0.35404134206366117,0.5669155045115397,0.22337635843734277,0.648739350836885,0.19751595982661074,0.7520926046771179,0.35137663578652073,0.24168901767098727,0.40876564827709205,0.04998598964096804,0.529632635844316,0.48626475401845265,1.0,0.2953779322096511,0.6180526671954223,0.019924817349771605,0.7100624237333558,0.6420094091591964,0.46242194001046294,0.17712616401368614,0.5744745115453505,0.5948641977186295,0.47149204398255395,0.539599081318777,0.5253462354346589,0.6593044355351705,0.23560819433271998,0.5286686143918209,0.03828765143912642,0.42025434449737153,-0.04345942601235862,0.7058839659270717,0.5911613576951824,0.4827758163003744,0.1690688045925616,0.461869046627283,0.6651425904426881,0.07478347434902759,0.718179028246723,0.6446117058172373,0.5801068504398494,0.7204932873466152,0.5519982603919694,0.5550107471046647,0.6327930100366823,0.625752575497861,0.3526084580047734,0.13330256243399755,0.2546936213862,0.467153498779152,0.759154202532969,-0.0826495408678625
Thal_PuA_R,0.3809355681341529,0.4573788536535523,0.3286281984132313,0.32717053217256736,0.28575854130600603,0.11810941116198416,0.5044555347285761,-0.1112214456742094,0.15156890546609844,0.27789497333960694,-0.14407171289813447,-0.1358947389090642,0.457796830764302,0.22409206444754154,0.11072514915537308,0.02903871138968492,0.18831135716657021,-0.36850523907371546,0.38955674798942924,0.03708300799402031,0.2953779322096511,1.0,0.2686634030041659,0.20823792536027247,0.32751004495890257,0.27954889996775334,0.03250958189966522,-0.01223472704779191,0.3382183603781136,0.4446284017159516,0.2463829503956282,0.04881851506620913,0.24253704790999936,0.3800153172536329,0.4780196000099316,-0.017999632324227074,-0.17337477655513084,-0.1809288768905432,0.258582578381079,0.40770543209047067,0.3333257001987567,0.22398591073793914,-0.2599703413623295,0.3960813850256184,0.29331495480495323,-0.11296970227746458,0.5503147112486018,0.23833237017363332,0.04537139899196519,-0.008143701442650702,-0.10149587274620231,0.3840778317921666,0.48973018176378774,0.5250151735378566,0.007119708364904444,0.45509119890478283,-0.2368468498606876,0.5484116257240673,0.30574752260530724,-0.37623571622118884
SN_pc_L,0.5697234173182909,0.14655260530621927,0.4805761604045812,0.5419627810044422,0.5435414412411931,-0.1949927382575421,0.4668475457308192,0.1762530031726828,0.3990318831145763,0.4931385684473703,0.2068296463535373,0.38724812909907047,0.12523719533358008,0.4751665017660606,0.3219671157303242,0.3231607454665536,0.4387946555586846,-0.1919699249226044,0.39275537245311853,0.4849566392094162,0.6180526671954223,0.2686634030041659,1.0,0.09909952103112435,0.5776592901858586,0.50907515197152,0.3147959740796146,0.12213615389139704,0.5235093034571543,0.5322915685759109,0.3663142876532278,0.4233604935838742,0.4668386230435793,0.470497595344742,0.17247915470217495,0.45084018706527934,-0.00952047390657233,0.33192744090781384,-0.021783265871806862,0.6305119271746278,0.5452490304527371,0.4454555893271467,0.16489963750859535,0.49688654254961506,0.6260533061093767,0.041748462614789775,0.5951621662574591,0.44131753044008926,0.4673344302169783,0.5039459680353141,0.49469542488163376,0.3143935296573746,0.493631525986894,0.5157456080760692,0.15515613682934346,0.18615629527831837,0.31400712464255276,0.4292926743945209,0.676100986625641,0.07065551238494786
Thal_MGN_L,0.12112937423095005,0.28826997274538807,0.21009557406721638,0.23658591848198135,0.20136619295098268,0.2672910783906904,0.29887654122783075,0.009798734532773377,0.22931604066643557,0.32538762525450005,0.12105662660938016,-0.18155696071311983,0.1384936223465438,0.15827415404660664,0.42861785600134894,-0.0868044906632189,0.10180932567826545,0.15993241314583576,0.2636992365215602,0.05406534650093699,0.019924817349771605,0.20823792536027247,0.09909952103112435,1.0,0.15398060657432366,0.07885562221233736,-0.09643645113264498,0.1318900338476882,0.020571374143287663,0.03401024775685301,0.19121046455358545,0.22008084185531412,-0.08356592685738035,0.2916848625302368,0.4044668612985132,-0.19569319702513444,0.028123828936517797,-0.041478364560333866,0.22049710553534574,0.14538091558985322,0.0641914922186193,0.24151459307059422,-0.22243726448061932,0.1740697239080823,0.16995310512854964,-0.12522734799283083,0.11529861754670637,0.24420229019594883,0.15564354084526577,0.011500205765644677,0.07740875365961591,0.12248961577686242,0.2108568143452835,0.22113367865620204,-0.16317080586212548,-0.0013848045472659256,-0.11367347654048461,0.1999540469840315,0.28368907314331016,0.029280307507012004
Supp_Motor_Area_R,0.9577116296697329,0.019999972462775018,0.8619261139982815,0.782821677897155,0.7776223290146629,0.018163908660801857,0.6792924298584271,0.17693788727879312,0.4971807666518388,0.6859675829240596,0.5691523322257025,0.44303244854790697,-0.023827879731089192,0.7766386101751376,0.42667465274782346,0.13616993289968984,0.5727520665488174,-0.09267399020650784,0.4312039562068183,0.6840256993264588,0.7100624237333558,0.32751004495890257,0.5776592901858586,0.15398060657432366,1.0,0.8977463649356204,0.27460593034573944,0.5129135325776002,0.5820662050909631,0.5270424679651189,0.5168009784899344,0.775394750902583,0.5111786553671668,0.5122547111226685,0.23911019664698827,0.32745307727937634,0.11892025301669551,0.666811358101825,-0.178984645177679,0.7697490347360514,0.9247011212868147,0.4779175617965494,0.12482177793735312,0.6759453596694852,0.7133729071040525,0.12805794105868187,0.6484758822828729,0.8461706815534552,0.7438055202704359,0.7794878297690342,0.6237203711143542,0.5250837790107363,0.65559948288284,0.83690315338831,0.08530839805395707,0.2328933995252737,0.489030844371851,0.35661115660179493,0.8777665895219657,0.18750650000568245
Precentral_R,0.8968263449571879,-0.0006161588224169389,0.7385439123712373,0.6316936939062926,0.6554196143224383,0.06900199834909684,0.6151000193078815,0.0833876559783472,0.3506243011522848,0.5296625538402638,0.7226821936499461,0.3266576687126856,-0.06360892286508353,0.6142192547113597,0.3124176871145325,0.11747930568834293,0.5447857706612651,-0.11620948298192163,0.47825427918162,0.6059918395724893,0.6420094091591964,0.27954889996775334,0.50907515197152,0.07885562221233736,0.8977463649356204,1.0,0.196727838984474,0.6016239602478973,0.5254103890355621,0.4993214548685367,0.4638827895741582,0.7234373517671498,0.3805684464136654,0.3477083634211529,0.12563991011295614,0.1332465161904287,0.13390830891387587,0.5787918501981494,-0.1526102252062833,0.6427672970597109,0.8078386704354064,0.2826882817164169,-0.028507026343928217,0.5589370973733757,0.5774262062299871,0.04836903062679412,0.5187044645102177,0.7360663181650491,0.6025990700243539,0.7184345987884182,0.470021135420631,0.4032963887145807,0.5925876051717347,0.7691783358732297,0.0632374932691415,0.1309675691039015,0.4392357861328856,0.3006138659101717,0.7669156201996338,0.24876993814669335
Thal_PuL_L,0.27378149435069427,-0.03892727551230519,0.2905037057622975,0.3440774373547606,0.4078180962281702,-0.3718552532781624,0.22987386597891646,0.341463808340949,0.158160095915837,0.31174404364268843,-0.0141539585664491,0.5076554676429079,0.005923430662965057,0.39522543960768425,0.23104513339552685,0.06999806178795556,0.20036144529257244,0.12326519163221507,0.17477568731985826,0.32368783574895715,0.46242194001046294,0.03250958189966522,0.3147959740796146,-0.09643645113264498,0.27460593034573944,0.196727838984474,1.0,-0.022285316167718425,0.28295767579332015,0.25451047100458696,0.03522250023704007,0.21821410711557,0.2523299581307436,0.3480085729197589,-0.011974617689716605,0.4821599852117117,0.006567905578283614,0.25515219230448466,-0.20694823396681772,0.34833385174663384,0.2610951135860578,0.17340660559464222,0.27393346312836836,0.23631501749151318,0.3394986041642825,0.23851062183697463,0.3651963573267893,0.2883878767651161,0.35006319807387215,0.38934780353418497,0.3823098593051933,0.2749087946972778,0.3533455831468574,0.14138587208246456,0.21126515108249863,-0.031985800686850197,0.2220321364134164,0.1430148528300134,0.3374511970549085,0.024158177855020897
Paracentral_Lobule_R,0.5071698909173841,-0.15880538809496025,0.3220106257522605,0.13276992064465015,0.2511007616444491,0.2647496260751905,0.26298107049219893,-0.2374348987424825,0.08357288198171672,0.11906716221662549,0.818091819333736,0.19360433680307587,-0.27760458155193335,0.27021845541467554,0.04780889390461745,0.007630656973541905,0.2741335623886364,0.15903643270605755,-0.009626398115353148,0.3572081535157383,0.17712616401368614,-0.01223472704779191,0.12213615389139704,0.1318900338476882,0.5129135325776002,0.6016239602478973,-0.022285316167718425,1.0,0.043078887595678565,0.0968481381491099,0.05601421732555492,0.7831138972368751,-0.16006502927519667,-0.17016280140907258,-0.12765123843716528,-0.17652481438903414,0.36532705215172445,0.6089821127542049,-0.2345401931093755,0.018218104680205814,0.4519918500263353,-0.13782503424844905,-0.09006199730079575,0.1263331584331019,-0.038244160164386413,0.02155595111490817,-0.008882245468670037,0.40329737598660553,0.2972322618347023,0.5489660898463746,0.34866102865108617,0.04098759537063731,0.03616073716085991,0.36393998314822085,0.07271771262875555,-0.22500423469847564,0.29934437897921196,-0.1274748570847641,0.3843467374215962,0.5765401816855557
Thal_MDm_L,0.5669018104010185,-0.034210912670791,0.4647264984531181,0.5338815464159385,0.40910894654609065,-0.06390005566619344,0.48485505204770174,0.13853020312990158,0.25726586350166064,0.49860694733816574,0.09849416734567952,0.3002247626258404,0.07377137190022676,0.47381960588464006,0.3272163187817155,0.19802543064720662,0.45761355562234785,-0.27978147559362276,0.5489386742297994,0.4077249976662896,0.5744745115453505,0.3382183603781136,0.5235093034571543,0.020571374143287663,0.5820662050909631,0.5254103890355621,0.28295767579332015,0.043078887595678565,1.0,0.5547530258551467,0.45802430175962217,0.3122549871331446,0.641524185592681,0.5098327322131442,0.15528673654682232,0.41823816892625293,-0.07995072163607846,0.24070393428679437,-0.08186713443629545,0.6690279763354116,0.5680828635436527,0.3759482581322257,0.17480964130444523,0.44459199833210905,0.6855234791535468,0.11568331389155982,0.5826415736942528,0.4489257059948421,0.4104163665095142,0.4266642679069315,0.4814570258322476,0.3995237490621911,0.5885936287702488,0.6347901922071784,0.05953816692772648,0.27809120053552816,0.34173058869890965,0.5383592147192495,0.544027094079877,-0.17317305884871853
SN_pr_R,0.547195101562881,0.11894339642482588,0.6138547434238354,0.5909100172220467,0.6476063677019975,-0.13789726841532118,0.5649092502630356,0.15264968517437244,0.2428851816698494,0.44876419433561676,0.08929441657856624,0.30995947160161863,0.09914164865757724,0.5460856651573456,0.1815859055801402,0.1333223709031581,0.2648599182067005,-0.11043137271518101,0.5004827809695341,0.49522815583886504,0.5948641977186295,0.4446284017159516,0.5322915685759109,0.03401024775685301,0.5270424679651189,0.4993214548685367,0.25451047100458696,0.0968481381491099,0.5547530258551467,1.0,0.35734541930047814,0.28874439994054457,0.37901404861823595,0.4299664011051978,0.0889787548840281,0.30953543893238505,-0.10037892856049183,0.18859199682254676,-0.18137245755786777,0.6497055636846534,0.5227551321766648,0.3504771865417933,0.07084973631373133,0.4233302719581435,0.5634969918151173,0.016289021689868066,0.6265022410240392,0.49668788324456736,0.4166604471330437,0.46114243545972927,0.2663107000430571,0.5018440283770172,0.5100647381821171,0.5859069807504775,0.33678776676166283,0.11992386306331748,0.09650664306344842,0.5201306554270548,0.547497187313231,-0.2028743704710942
Thal_LP_R,0.48447599981801276,0.21074031873737453,0.4681067304973181,0.41571022746300745,0.4388603634493393,0.07567126068566032,0.5649211058976169,0.18832497485397712,0.504317238886797,0.5271810259382116,0.2245050552853983,0.16249195009300194,0.12219225066264967,0.4410532744992091,0.44852886377183465,-0.02808517174502188,0.5010370555510631,-0.09538534895406175,0.4273771200647345,0.3892071011726145,0.47149204398255395,0.2463829503956282,0.3663142876532278,0.19121046455358545,0.5168009784899344,0.4638827895741582,0.03522250023704007,0.05601421732555492,0.45802430175962217,0.35734541930047814,1.0,0.3371906031333655,0.5136028801385213,0.4811509223067175,0.3555446825360939,0.17344180400804918,-0.05732006649004671,0.31357211316567307,0.1715361790559102,0.6020369444380739,0.44310265242725644,0.43538798705882914,0.043205332948865444,0.3684533195367282,0.5517831705296218,0.07550234016660085,0.48866299802201485,0.5108254900845035,0.4580047639915564,0.4034442318770554,0.34362320077989644,0.2746610956786339,0.5245693352949625,0.4926308647460978,-0.18573855717304058,0.3256334392741995,0.21539682938612512,0.33100994724138305,0.5615249292875364,-0.01300073761131796
Precuneus_R,0.736334489080195,-0.1550440019349256,0.569448823874528,0.4626137950321258,0.5284965427999261,0.063737515010976,0.4545434261245797,0.029990231052587416,0.3642293667367573,0.4185216992400812,0.7640028335464343,0.49416061141941947,-0.17554243936588107,0.5724509303177069,0.37608733701645286,0.17861399282902163,0.42849307221882615,0.21063782243889353,0.15389855530521546,0.5579134080490773,0.539599081318777,0.04881851506620913,0.4233604935838742,0.22008084185531412,0.775394750902583,0.7234373517671498,0.21821410711557,0.7831138972368751,0.3122549871331446,0.28874439994054457,0.3371906031333655,1.0,0.17303403902438716,0.21866420691576424,0.06140429816545724,0.2724686780809113,0.3384862854320407,0.737744943709068,-0.21733479691842655,0.42040460495139775,0.6616699150331998,0.2984009172320238,0.1365146271923449,0.3081784727707491,0.41998500683758594,0.19306486628557945,0.28467274494130607,0.6856286485913732,0.6489146748804179,0.8175481686986857,0.6921966542069686,0.22840843039401554,0.2904823766858551,0.5336725463996562,0.19503076486518267,-0.13608190518695593,0.49419486731083384,0.06702188468851895,0.7474089199605675,0.5230943278351406
Thal_AV_R,0.4792471842439915,0.013598479262798627,0.45972546790262486,0.4633906573116753,0.425616456929556,-0.05747477300661507,0.32441088502848686,0.1791691593761355,0.40751824972898043,0.47706217365079767,0.0014777085399048245,0.3447608895327118,0.06496847801959861,0.45578269219573087,0.3388220096751168,0.06766897634214004,0.49788963875691133,-0.3287474246063935,0.3688181788069426,0.5072576624057851,0.5253462354346589,0.24253704790999936,0.4668386230435793,-0.08356592685738035,0.5111786553671668,0.3805684464136654,0.2523299581307436,-0.16006502927519667,0.641524185592681,0.37901404861823595,0.5136028801385213,0.17303403902438716,1.0,0.4994521955689739,0.1854927045430776,0.5335354745134674,-0.022970517885522304,0.2784487031170551,-0.02357070618215532,0.7135186050171479,0.49470494240533164,0.4357615151587922,0.30214453545369596,0.4695148709511758,0.664580520888999,0.1771466887198173,0.5446228186735973,0.4677571686033826,0.4706963934444217,0.36346955871647013,0.49467206290953214,0.41227516542329634,0.5713990016411753,0.45272551481393364,-0.07881082753380583,0.4767385166803239,0.47169930650010655,0.3171280950298098,0.4815899523302574,-0.1133902893594977
