,Thal_MDl_L,Temporal_Pole_Mid_R,ParaHippocampal_R,Occipital_Mid_L,SupraMarginal_R,ACC_pre_R,Thal_VL_L,Thal_LP_L,ACC_sup_R,Thal_VPL_L,Occipital_Sup_L,Frontal_Sup_2_R,Frontal_Med_Orb_L,Cerebellum_10_L,Fusiform_L,Temporal_Mid_R,Cerebellum_7b_R,VTA_R,Lingual_R,Heschl_R,ACC_pre_L,ACC_sub_L,Olfactory_R,SN_pc_R,Cuneus_R,SN_pr_L,Calcarine_R,Rectus_R,Thal_MGN_L,Cingulate_Mid_L,Hippocampus_L,Frontal_Inf_Oper_L,Insula_L,Thal_LP_R,Cerebellum_6_L,Temporal_Pole_Sup_L,SN_pc_L,ACC_sub_R,Postcentral_R,Thal_MDl_R,Cerebellum_8_L,Vermis_1_2,Rectus_L,Red_N_L,Angular_R,Lingual_L,Thal_VA_R,SupraMarginal_L,Thal_PuA_R,Rolandic_Oper_L,Cerebellum_9_R,Cerebellum_Crus2_R,Thal_VPL_R,Vermis_4_5,Occipital_Sup_R,Thal_LGN_L,OFCant_R,Amygdala_R,Occipital_Mid_R,Precentral_L,OFCmed_R,Cerebellum_3_R,OFCmed_L,Heschl_L,Frontal_Mid_2_R,Frontal_Inf_Tri_R,Thal_PuM_L,Thal_MDm_R,Pallidum_L,Vermis_10,Thal_PuA_L,Postcentral_L,Precuneus_L,Red_N_R,Rolandic_Oper_R,Cingulate_Post_R,Fusiform_R,Parietal_Sup_L,Cingulate_Post_L,Temporal_Sup_R,Cerebellum_Crus1_L,Paracentral_Lobule_R,Raphe_D,Parietal_Sup_R,Cerebellum_3_L,Temporal_Sup_L,Caudate_R,OFCant_L,Hippocampus_R,Thal_VL_R
Thal_MDl_L,1.0,0.3170917333299694,0.3284733098418893,-0.03385092113580032,-0.2367319550288274,0.25907987128223225,0.11002897760264663,0.36358797582022045,0.15241092166909725,-0.010844628497560623,-0.3374854540544773,0.19331126529168183,0.1665661533655345,0.04582440730005887,0.22696437358272517,-0.03805899272994916,0.06767290684797779,0.22490081866238953,0.06966224334503064,0.3246760234936333,0.47840375021463916,-0.030913807641276884,0.1428567751591439,-0.07457238199426797,-0.1518850058522047,-0.006179805215737162,-0.07807129760596428,0.2533904572018939,-0.05922132731874441,0.13581582006065646,0.2822798668113208,0.27249288355717977,0.2327559246775628,0.2858991114138656,-0.10507133841482512,0.2796912577464346,0.2966170188126453,-0.01937313591250007,-0.103781835413313,0.34940721042104383,-0.014453586521799818,0.2712838833622629,0.21273620288880754,0.0969505222639381,-0.3291717140743402,0.031030074601599723,-0.08169418761701061,0.005407004645112505,0.23798335486924177,0.3719296606003617,0.22406404214427314,0.1085392991420611,0.36696981269991474,-0.01350559631632846,-0.13924020950408045,0.2379394595090338,0.13839042466402984,0.20873954327430147,-0.32760848459817965,0.19377674426368827,0.11706580284944698,0.22963284275384901,0.24760809786773466,0.42303739872244966,0.29745111445803846,0.1921720326141061,0.23786586111347827,0.45642009020943985,0.47003792855165627,0.37164084269215364,0.4414476970824667,0.07998865664487356,-0.23324987661416138,0.2922482088872804,0.39514312028633325,0.17326747894230746,0.21934704821084555,-0.3026704068486036,0.27212026003223033,0.057127370829535756,0.10547017887865122,-0.20111605875997715,0.10231021364005545,-0.007415654171580485,0.3393914674738437,0.20687304263389014,0.28847751901930024,0.3154139774416246,0.2527075329061966,0.2170486959319257
Temporal_Pole_Mid_R,0.3170917333299694,1.0,0.45178121720261954,0.12793312084504463,-0.19724878492402542,0.30614506028751653,0.1639869517460427,0.23536914087811556,0.13079139613410498,-0.020667914821973794,-0.15844333795869348,0.40176944139900345,0.5410401995710038,-0.0363170928153964,0.13448429819730826,0.05628165169733062,-0.022489702951952507,0.24856929454959276,-0.03379353612214051,0.3152038216067719,0.6576893474627622,0.13176926656011337,0.4090579975201571,-0.08385319769777491,-0.1740514751024152,0.10746130508482186,-0.136001173851912,0.5329216608688551,-0.0013848045472659256,0.23769579446825762,0.2627679131101889,0.2544827056284427,0.12719394312419746,0.3256334392741995,-0.3025772184868912,0.14100613259731795,0.18615629527831837,0.18522084486440765,-0.04684949874334945,0.3525090076240292,-0.27380034668093417,0.3728395681638104,0.5062291059610645,-0.1362736318237663,-0.26154057253859,-0.15088876311029925,-0.09264092839684376,-0.03785901895551895,0.45509119890478283,0.2618870502574335,0.1966928611945419,0.06583781782407,0.23707050598617435,-0.06640248011560335,0.04287073163751204,0.44034934068366766,0.48946526671841023,0.4305898291079719,-0.21515370056401942,0.26211971507254683,0.411203874698355,0.27765599302500565,0.43581438862818844,0.2973291907022559,0.4001738409389113,0.18814335620927064,0.03605938920241777,0.4377990160672735,0.5114375887312933,0.38854080001292035,0.2741131398432297,0.10951743471906845,-0.10597215065340285,0.33874808250422883,0.3176846422964127,0.1845628491268194,0.2662568865815401,0.021493773498824614,0.4048715289213493,0.16239297328984642,-0.32483014087764966,-0.22500423469847564,-0.05733538844887614,-0.009338977876904788,0.3729104851006834,0.13833817113910818,0.3387108244793044,0.4801268805104147,0.3261618685281658,0.15183547066664094
ParaHippocampal_R,0.3284733098418893,0.45178121720261954,1.0,-0.08698836192617525,0.17096925082820633,0.6048001210326963,0.6451590787227157,0.4816480585405263,0.5996908159401203,0.42454568107462426,-0.12421092548900753,0.7075169915756829,0.4904384359151128,0.5989977765890485,0.8112288838484644,0.6061627822027232,0.39564837186872925,0.6568841103602727,0.6464621091260387,0.5144400736172922,0.5765150680145174,0.4949081191066466,0.5979439805141825,0.6406368929868616,0.1814333178631398,0.5329790671842515,0.4788334942934415,0.7182675897201023,0.14538091558985322,0.7321428468337898,0.8604622921771657,0.7164213829104273,0.6999547476722482,0.6020369444380739,0.35685801119246713,0.406322434715799,0.6305119271746278,0.33785090239641385,0.2982532777461422,0.3144546989475183,0.3318836844749542,0.7266991580463689,0.4770173485164249,0.5211295271478966,-0.040885354161695676,0.5696961410133652,0.5114920475902655,0.3874720995161705,0.40770543209047067,0.6898625968540064,0.5783283952890927,0.44830240777879726,0.535796896746409,0.618999661949883,0.12268128682361262,0.6479788308370638,0.40593767423632354,0.623970861957942,-0.09827366974315105,0.7315551188708473,0.12712006533676146,0.7691897282886958,0.06093744829150006,0.6900149411728932,0.814250193056044,0.7301239264901652,0.5773452551000193,0.32179976256048565,0.48915254790263835,0.7511721453440658,0.4525163900556102,0.5891424234991153,0.2844849660694996,0.7391368123838657,0.6657405322605813,0.7436577828924308,0.8498887844492602,-0.031965831043302396,0.6871553900992476,0.6752273049852832,0.30765363700182125,0.018218104680205814,0.11258405866050285,0.09716846926569297,0.7150987590231436,0.6800924027470883,0.8354135821024053,0.19474286692752976,0.8977998580552501,0.6962423640337331
Occipital_Mid_L,-0.03385092113580032,0.12793312084504463,-0.08698836192617525,1.0,0.25544391734845984,-0.08316171067969538,0.05675601074314192,-0.17155705931500742,-0.2413865214422247,0.00267065760135762,0.09165530287020705,0.11931714764643758,-0.022329910230283176,-0.037569447836764115,-0.21996621592382773,-0.12662498943713274,-0.21473438356397712,-0.13082090435171262,-0.12617320707637095,-0.11723011612036867,-0.01379264545009955,-0.11253614410936147,0.025504411156804265,-0.111589112422671,0.19167564550657587,-0.021864666027587243,-0.09353542593346892,0.052443177825134926,0.2672910783906904,-0.013139507441463645,-0.20228570680694558,-0.02140302246802607,-0.142039818382671,0.07567126068566032,-0.2359277938019356,-0.005799235681873073,-0.1949927382575421,-0.03507311683191233,0.24215355762040863,-0.04265806628684452,-0.32028854096858034,-0.0492725126818298,0.08458161992046755,-0.1098452296097941,0.22413196945851188,-0.2615144880163927,-0.06931545753063914,0.024285915622845,0.11810941116198416,-0.13612812863403098,-0.3483261815371518,-0.4241382512284561,-0.08973755443077946,-0.11442948554050528,0.15628781928415442,-0.05863523267891312,0.08972883726145352,-0.11698189743874765,0.2506916243810269,-0.04466024448773221,0.1234596115247641,-0.11410259930864915,0.19468438485224762,-0.257891506844687,-0.018660297535565556,-0.06128527663188813,-0.22204298305024728,-0.060642410633702605,-0.05277318527577259,-0.15727459541286645,-0.16033791566968866,0.006650810347426986,0.20976345900989443,-0.10116126029897679,-0.06413357140380814,-0.08680838446266202,-0.12984180520892202,0.4486177183685034,-0.092080274686982,-0.005696482291396091,-0.3644966176072627,0.2647496260751905,-0.052221377876521834,-0.20797630196502864,-0.20132269733948108,-0.17772590304682875,-0.09113115867315941,-0.10918048392454846,-0.08282079482106115,-0.03006595688874192
SupraMarginal_R,-0.2367319550288274,-0.19724878492402542,0.17096925082820633,0.25544391734845984,1.0,-0.19156196948521878,0.5415191043070073,-0.2151233268312589,0.08847377630933534,0.550966589466358,0.38972688520771104,0.48377665533920383,-0.2389392020549345,0.5495731735783453,0.356073147586927,0.49868222360956815,0.2726524621208523,0.04149685472811952,0.5603630948180538,-0.05368742432933722,-0.18124342683636135,0.04042408323510034,0.21476648577131507,0.3575069883060337,0.735005780132935,0.14437344505466707,0.7160180932940828,0.07463986586813971,0.12105662660938016,0.5293714091912533,0.2559440463901255,0.28347765417775145,0.31133597200773955,0.2245050552853983,0.5118141520542787,0.15976782965254413,0.2068296463535373,-0.2602155518641121,0.9235189683262385,-0.05039656605916483,0.24020315580850443,0.09925634297768707,-0.12984011710200172,0.4257001878507007,0.7979339119604297,0.3802184540491256,0.44871875495173563,0.6699972666049299,-0.14407171289813447,0.20416325160162266,-0.08909020048686242,-0.0790218360379186,0.0902604888546577,0.47341686580480563,0.43141406713614366,0.1562272401090002,-0.1540624429411746,-0.09687197365153405,0.7010312709029921,0.44917850411633115,-0.17778334332370785,0.15313115498796903,-0.25072144419359527,0.05842020773182773,0.3001040435629453,0.3694657033942884,0.16536014831287718,-0.04718169863385427,-0.32167892144059057,-0.030641397481231118,-0.08796096405045105,0.569191562742059,0.8575477569906652,0.2851465185590063,0.20018515370886755,0.4879921283446117,0.3591617881461045,0.5086264728311259,0.18419125131357955,0.5269047866234499,0.08734291922011296,0.818091819333736,0.38534146207688597,0.06892912245902523,-0.10765254343019065,0.29805548179642277,0.21677388984884807,-0.3956582802471479,0.22611073662629036,0.31518040915741097
ACC_pre_R,0.25907987128223225,0.30614506028751653,0.6048001210326963,-0.08316171067969538,-0.19156196948521878,1.0,0.2532387548733396,0.5605941351609725,0.6143649579662662,0.20073643186893075,-0.21483758307116535,0.5007249496917014,0.4352063915171693,0.23856894762834738,0.4855178456410159,0.31422784606709053,-0.06794607671383683,0.5899731253240427,0.3333732100601493,0.5787649029242766,0.6792754231176904,0.43501084871579093,0.35513418363257454,0.4040785030436625,-0.255931473583129,0.38065120770334154,0.05334836464350783,0.518679424906077,0.4987284356153552,0.4324750806044328,0.6066785146570121,0.6265703843159415,0.611412082144507,0.25447791360068645,-0.014932070586213467,0.4526434360290012,0.3819751547106249,0.6123198065403882,-0.04129288837080196,-0.10518075275928453,0.1078987514768939,0.4065290740425539,0.4659880288150076,0.23995450358828718,-0.3263940426785941,0.3718065600531163,0.12824745161322015,-0.03890434677216332,0.5234547568168859,0.5932406307174211,0.2651503053200348,0.2096089354852734,0.5226970908708396,0.3050544636663623,-0.0751956465194496,0.5139342907694397,0.6000811112589989,0.6279428019582547,-0.3963393085466942,0.38490735136562965,0.1767337441266688,0.577368943373942,0.20106779934747723,0.49672986564537475,0.6521781003171975,0.5904826676348216,0.41114646301755065,0.08076469703747487,0.6144090099234673,0.3648797682545417,0.48667166032766096,0.3031228854143868,0.03349486232192771,0.4507144190531147,0.6240687432915755,0.48147961542398504,0.45352605468833895,-0.16122343226840452,0.4941076762992683,0.44122751483420647,0.13324935039669303,-0.16469216817082816,-0.27761940739443614,-0.07134043781246396,0.696533424471993,0.5418271458043659,0.6432229153096847,0.44947431142127126,0.6631911060822381,0.3298390495971441
Thal_VL_L,0.11002897760264663,0.1639869517460427,0.6451590787227157,0.05675601074314192,0.5415191043070073,0.2532387548733396,1.0,0.0501106890734484,0.5166207668932468,0.7478187665491722,0.15154763051930592,0.5766678588099411,0.009542361782150894,0.6205860881144075,0.7142633438502811,0.7328733787688211,0.5457415451563226,0.45234471096373846,0.6979135384422831,0.3196108184552222,0.1269486022613538,0.35282394325160277,0.47107922673273717,0.6444878812227416,0.4137821694844755,0.2819106621398148,0.7022902915220262,0.4810346303101901,0.05406534650093699,0.5960813160229022,0.627793267009827,0.5203161020681943,0.6649955695703579,0.3892071011726145,0.6122623442223435,0.23475601945876198,0.4849566392094162,-0.06875149771299024,0.5065137432364903,0.24246351909237787,0.49768625782775067,0.43212056397844584,0.057369401602099745,0.5854544982877347,0.43484003141080996,0.6284602707804402,0.6744231925140326,0.7256045954673902,0.03708300799402031,0.519163521022308,0.45700634274065394,0.3782333383310742,0.3142082274291562,0.6215942671197864,0.22660355183994088,0.4517311145932461,-0.06388336831409124,0.27824010741833605,0.380493069127834,0.670506163030621,-0.2577027882515626,0.4566535048251782,-0.3541779226627171,0.45808834233610746,0.5888292293574772,0.6697494414852392,0.43441104653584056,0.1378350319753302,0.008552811403932915,0.46515626490237594,0.17040120965232347,0.6823081849587295,0.5193240403551783,0.6663867797207425,0.4985568344585975,0.6419889202895824,0.7094680183145137,0.13319436185201608,0.408042632900652,0.7125266873140484,0.3442347260334293,0.3572081535157383,0.4367350025743664,0.13673227895935505,0.3058741855282093,0.666450439703631,0.6680984409363928,-0.29389809252919247,0.6704130558202368,0.7034274684447425
Thal_LP_L,0.36358797582022045,0.23536914087811556,0.4816480585405263,-0.17155705931500742,-0.2151233268312589,0.5605941351609725,0.0501106890734484,1.0,0.4876474821319741,-0.08089166273941481,-0.32471721672178233,0.44113052277340764,0.36474675296947334,0.234308247487867,0.4232438175271867,0.14751514021509476,0.07803694729708513,0.3424104367756512,0.25161843232699227,0.4729147797055262,0.5964504568412692,0.15874245507824633,0.11923628488409789,0.23900200576558314,-0.2130033186354339,0.23605362852415798,-0.0002860159867273161,0.3295349760033768,0.1999540469840315,0.39456416336083283,0.4922369415719177,0.5473087214828154,0.4142352544633743,0.33100994724138305,-0.07092248375672083,0.3669751309096952,0.4292926743945209,0.2818521439443476,-0.012946444514637513,0.04411044843331849,0.0690242845310776,0.38398931209773596,0.2660308193766382,0.31930848909661,-0.3850785336495142,0.1985916436401944,0.08136175058808848,-0.0958312236710801,0.5484116257240673,0.4883829031923477,0.28277534725992,0.19568329147582444,0.5276675672390742,0.17843593725918575,-0.06944436114919215,0.4281821020333429,0.31878803579223436,0.31288428988384687,-0.4732982015371713,0.3911773714527345,-0.0015664578704496135,0.41740111196439544,0.03664780339138681,0.49491204895618657,0.5588049657860299,0.41527802525905355,0.523174600150059,0.2669853081450552,0.6329786405732026,0.45175910621854487,0.5914854157615644,0.2538310462046979,-0.08938088325177052,0.32102263281730176,0.5258461597553188,0.39702419295185687,0.3708897717729406,-0.2232253732980602,0.4068666890282009,0.2620780838683257,0.12224251820931814,-0.1274748570847641,-0.0006098758463990309,-0.01287607092298826,0.5148049786681125,0.39129154513144815,0.5629074713396588,0.3236033117229907,0.4688063642241496,0.32058057650655103
ACC_sup_R,0.15241092166909725,0.13079139613410498,0.5996908159401203,-0.2413865214422247,0.08847377630933534,0.6143649579662662,0.5166207668932468,0.4876474821319741,1.0,0.3009726446504529,-0.03513416620375431,0.5814995563880171,0.1945090588828589,0.5327844711624192,0.716024205921165,0.6011539769068412,0.4102162802013601,0.41933242311320135,0.6211592055888393,0.7047626000154287,0.4753337559163232,0.16798997608671237,0.10161272641017537,0.5359099375362885,-0.05473368856109967,0.1569965755383026,0.42981986570607356,0.3450913342500122,0.1062172146539515,0.637101694847989,0.6609380232267946,0.7546738856032017,0.775402420371326,0.2824803926240513,0.3579630256266753,0.2760478626990784,0.4009535634920307,0.06387831013668735,0.18260452819449322,-0.003493230268792195,0.4900469204835915,0.45902903200333106,-0.012479082053869422,0.5246888677306382,-0.13006320575106212,0.6323131186658334,0.4202824063604385,0.3320202272290124,0.35128482406542455,0.7232308005912473,0.5156126178218284,0.4069183788012344,0.5210061821621925,0.4477519140288401,-0.03259740622278511,0.6329558882074452,0.067772163389073,0.20637545379193378,-0.24608554366786473,0.6723468597234794,-0.3638127347254583,0.5573734304495541,-0.3775267338812088,0.6920258859818956,0.7550929146687714,0.784044393891263,0.5848864868975076,0.05790144569668884,0.38742628783836675,0.4860068167665436,0.3958618248696726,0.6149675498025816,0.1301484002472353,0.5646408188486166,0.7344106049885993,0.5698377709769096,0.6818057494025516,-0.20714734585616346,0.2967540946423393,0.6777361976829033,0.368417841590498,0.058155128941107456,0.15754718346716443,0.11264335512537467,0.5750731944858535,0.8016184793358007,0.805975916569085,-0.021007789882256777,0.7096988207839676,0.5959421002168896
Thal_VPL_L,-0.010844628497560623,-0.020667914821973794,0.42454568107462426,0.00267065760135762,0.550966589466358,0.20073643186893075,0.7478187665491722,-0.08089166273941481,0.3009726446504529,1.0,0.2955618580525672,0.35586063794102496,-0.18814641747921437,0.49056350240476476,0.614308996643002,0.6080211335602388,0.3690205219098598,0.37763099858445953,0.6476202902416149,0.18268140747467188,-0.06876938770212156,0.30668128273679,0.43786205643678366,0.43266817379032163,0.4854403465093315,0.32918351815000696,0.7080755809780097,0.22457957416936747,0.18541343913690195,0.46315095569475184,0.5109048141310836,0.32578070888777,0.4944697514017669,0.19504206356709403,0.5966648026828072,0.25579999330691605,0.4342545072175653,-0.05546158672966245,0.43768949657026823,0.016320308088489322,0.5367672969618782,0.24810654964922385,-0.02295562487266936,0.43440770633122827,0.5331335205549106,0.6076753057313535,0.6807371718311511,0.6350466464561879,-0.06983289517379938,0.360725155969133,0.42863119140912975,0.3873396234558434,0.1918622313566514,0.6399566213789871,0.23754684405062768,0.2687600545982801,-0.06080584474151322,0.2716243030640363,0.4909870305239184,0.41909469276278355,-0.1825718054963546,0.29885970849517335,-0.2329128817885376,0.2796453495379588,0.3216387806567666,0.43416474566780366,0.3978329068742894,0.020292096443034643,-0.1417839966855019,0.33097339770983913,0.09249272428469686,0.4924738109620346,0.618208861205289,0.5403809559935212,0.29562979491712227,0.5690280807008347,0.5660099814827372,0.17670500839370595,0.4238956474163836,0.5896928229007667,0.42228568660910365,0.4212167499502348,0.21930211661349605,0.13321857214852065,0.2915235418628225,0.5395327297651465,0.39431239691099135,-0.23902064777848483,0.47254380465012236,0.5850608385607324
Occipital_Sup_L,-0.3374854540544773,-0.15844333795869348,-0.12421092548900753,0.09165530287020705,0.38972688520771104,-0.21483758307116535,0.15154763051930592,-0.32471721672178233,-0.03513416620375431,0.2955618580525672,1.0,-0.012387578245558747,-0.2389706981621208,0.07273678678366576,0.07769494247074997,0.18832156236746375,0.17428101621668735,-0.12066220168546042,0.18455274016835882,-0.050662024305673584,-0.3760443388098364,-0.01935348993084389,-0.07886708373466941,-0.003809289813747091,0.3562794498318107,0.031167567646454966,0.3834027114039061,-0.11382347285475036,0.028123828936517797,0.13353884118304574,-0.11464557768114264,-0.07353529469315372,-0.02614229051854031,-0.05732006649004671,0.26313339207844855,-0.07804454772163562,-0.00952047390657233,-0.209322381514404,0.25430616965414204,-0.17434405215413384,0.22540312347658756,-0.19024237194670318,-0.17486759497231186,0.017575335433245753,0.4614599580699182,0.21152706545540406,0.32627539690284457,0.2755616595741134,-0.17337477655513084,-0.13000511855465693,0.04400083469087164,0.0878759346210664,-0.22172098540814025,0.16494396833317515,0.1824408402728351,-0.13752716752551372,-0.1725301159906026,-0.11729284284697289,0.3789512636891277,0.008499971618550234,-0.21371550954185492,-0.12103676216749006,-0.2272004984183618,-0.11551221596074307,-0.09897207777274328,0.0039167356002341325,0.02198765536546993,-0.28604209068236613,-0.43319766982495006,-0.17422537913047934,-0.18385204815533399,0.15580481796245593,0.39532005734716463,-0.1368121972450749,-0.12409105305994535,0.07224657694588557,0.04723113491301937,0.3096250703614447,-0.05333024171895523,0.17341456582477233,0.09122191114907388,0.36532705215172445,0.11377806225797964,0.13374489147733892,-0.16121598480464036,0.04071355712717829,-0.0639801057245083,-0.3008922343917368,-0.04294184867885519,0.12475750007121349
Frontal_Sup_2_R,0.19331126529168183,0.40176944139900345,0.7075169915756829,0.11931714764643758,0.48377665533920383,0.5007249496917014,0.5766678588099411,0.44113052277340764,0.5814995563880171,0.35586063794102496,-0.012387578245558747,1.0,0.3172359302785858,0.6922685257290248,0.6862406914000144,0.5546812908872109,0.2544620728440352,0.4372230856834976,0.6582725802777397,0.5214977092307541,0.6584538178417745,0.19813926411745622,0.4756215997381778,0.5060235368729599,0.38551439881217275,0.3311681190885119,0.5178492112051647,0.6014495911547141,0.243741022205531,0.8672690499861798,0.7480321619623034,0.8161183880172402,0.7372796065297132,0.5072926584657727,0.26897367058214555,0.4758465375799621,0.4926609709832183,0.12839313867515337,0.6485790929460005,0.15646837961098897,0.16473850320821926,0.608339474965527,0.3013237066918778,0.5425387466583063,0.17968465196677355,0.4230885051362715,0.37969734410721284,0.5282455983201072,0.4893707629376892,0.7507393800456946,0.231123848308688,0.09930783685735434,0.5095046552232513,0.5010666202201298,0.22901422323617257,0.718690495215896,0.42058663358674714,0.35771678492357795,0.07799858939031508,0.8517010740911642,0.08410224280981149,0.6644826932717944,0.019891454400746963,0.5849580889894651,0.8845403539901984,0.811744413072074,0.459011167998099,0.33683660734261234,0.4790958344668273,0.50364072426927,0.3689018739678128,0.801448944699976,0.5715108052426126,0.6493614540774659,0.7612449199993324,0.7727069023009492,0.733169277161703,0.2351655186365344,0.5760954626418565,0.7338689409315569,0.05807445408967046,0.47437075338068696,0.191857377111252,0.010428929297769386,0.49811852162425796,0.6772882589032476,0.7577835896370695,0.1662427811391107,0.7332726255164576,0.5399631479231238
Frontal_Med_Orb_L,0.1665661533655345,0.5410401995710038,0.4904384359151128,-0.022329910230283176,-0.2389392020549345,0.4352063915171693,0.009542361782150894,0.36474675296947334,0.1945090588828589,-0.18814641747921437,-0.2389706981621208,0.3172359302785858,1.0,0.03163306465472571,0.14389114737169792,0.010065547165830219,-0.12100230681412866,0.4025452580623935,-0.04258429905383036,0.15972929108043818,0.6300527934712834,0.37222435099415085,0.3541364498793964,0.1739769535133602,-0.28610261005226295,0.33923498153886494,-0.20902248798269085,0.5741567839353876,0.15362025065416565,0.21632908536127785,0.28164653971057274,0.2646513090932315,0.18624219249291132,0.28305684103747925,-0.2230178523525575,0.14500550681243776,0.26497161785923184,0.48555384692224063,-0.05343131975801958,0.2573225850856267,-0.24194977853409363,0.280289021277595,0.5793112375062361,0.013756983995832951,-0.36581066044151545,-0.08761961171184984,-0.10170754595028468,-0.2569405797626795,0.3980866716134656,0.21165804732656593,0.07960947767318245,0.05066804461346166,0.2683736146507887,-0.0052261234085821074,-0.02763518631915627,0.38116704335644497,0.5830741177419301,0.4716480752480174,-0.3288732697881414,0.2020028509875876,0.4013487029261246,0.3249660790088789,0.4087605134098965,0.20581212645663347,0.433184595878395,0.22136824868263943,0.023367568755841863,0.20372712455473996,0.4975756597033524,0.239662098420538,0.2758016235254186,0.028182304639228196,-0.18663807662015275,0.17239210835675048,0.23709655053744794,0.17569390862379264,0.2306261617593318,-0.10947632807884237,0.3100194648977295,0.059835777481699576,-0.16694794879667207,-0.3699792175395964,-0.10594908904438531,-0.10986434783830565,0.2973382433653043,0.04677577735602733,0.33183331647055153,0.48304584837489467,0.38685554170345415,0.04085390752926063
Cerebellum_10_L,0.04582440730005887,-0.0363170928153964,0.5989977765890485,-0.037569447836764115,0.5495731735783453,0.23856894762834738,0.6205860881144075,0.234308247487867,0.5327844711624192,0.49056350240476476,0.07273678678366576,0.6922685257290248,0.03163306465472571,1.0,0.7328802780352169,0.6883708187087185,0.4789642654519833,0.315445358316786,0.7732156348852057,0.3366739771687545,0.21270037143926743,0.17171577738681978,0.3801375826591191,0.63851556393155,0.636740737991998,0.43457828507928803,0.7353080981857629,0.2837186646156064,0.11004973869783714,0.7815268921876753,0.7016703607172199,0.6712920999620189,0.6713529267881057,0.40492185607540465,0.5956075246835109,0.17617363377094722,0.46205592324016737,-0.062301996664171355,0.6049197605228122,0.04833687108981491,0.48456860543320796,0.618555754333228,-0.014585244382981505,0.643504751007502,0.33537702137187964,0.5880322274455824,0.6378677176053795,0.7098396253677021,0.1108648787630623,0.6225124908221842,0.4109454219892297,0.3017632077500062,0.3704986533065762,0.7433935491308689,0.2025104306280962,0.5777816769240911,0.0540380658734684,0.16794887531551667,0.24875754147789866,0.8328776091677169,-0.1687008556804962,0.6049384062632246,-0.31805776374872613,0.4842500297077195,0.651025145100037,0.7173313754778029,0.5013244207646075,0.17048540677480867,0.14033468939411428,0.5536843041324682,0.14143593191925213,0.8015241196501396,0.6452036693695079,0.5933970779747744,0.5332990262136056,0.738592172654858,0.7601753620241136,0.21353640713342112,0.3840215123013171,0.7339925736515452,0.32252698364479265,0.5428751111420953,0.22734810083070367,0.21473804983842415,0.32536023862200386,0.6993751150518336,0.6330503954525503,-0.17514948678587508,0.660113556477041,0.6034660088881064
Fusiform_L,0.22696437358272517,0.13448429819730826,0.8112288838484644,-0.21996621592382773,0.356073147586927,0.4855178456410159,0.7142633438502811,0.4232438175271867,0.716024205921165,0.614308996643002,0.07769494247074997,0.6862406914000144,0.14389114737169792,0.7328802780352169,1.0,0.7817526522479293,0.5496009749537208,0.5788727380825123,0.8806449854394698,0.5637996851605573,0.34991637010494475,0.3372702939000839,0.3997847942957448,0.6424921496516677,0.38112287945797213,0.4297603482101164,0.7717569631008903,0.47395612466531856,0.08444262857101272,0.8127928004541793,0.8731588810029335,0.7412032047616105,0.8076762533743427,0.5119829891479981,0.6862499007730977,0.4738572198984466,0.6538272364277469,0.08674105184787069,0.4006430751597666,0.17750538017516973,0.6695231803341009,0.6022085434405068,0.10877753823278395,0.6413730253878598,0.173252239323603,0.8415027120933055,0.7165363638160592,0.5979953706342964,0.23778990569694294,0.7627175428478445,0.6876994215650389,0.5839907171907386,0.4884958826832899,0.7867663091286462,0.10926093940016951,0.5754921808837894,0.11982495399888174,0.39017108256616356,0.08151663271338189,0.762559541945158,-0.20623832661829294,0.696393491815949,-0.267664657964233,0.7415705283853479,0.7704141882021617,0.808576442792188,0.7278532944326123,0.17428414863514108,0.2802682027981761,0.7068274483293571,0.4188433029107407,0.7114572336125742,0.4762502227016166,0.7114666542187479,0.6853525987753539,0.8368843163566355,0.9324083252322573,-0.11481450245551014,0.6130057272809625,0.8191909864528009,0.5996647893403593,0.24223237551666935,0.24794692865882426,0.17911674623910614,0.6724533058102418,0.8615808993633493,0.8195318228512957,-0.03969314900954811,0.8481794167577649,0.8119656582142085
Temporal_Mid_R,-0.03805899272994916,0.05628165169733062,0.6061627822027232,-0.12662498943713274,0.49868222360956815,0.31422784606709053,0.7328733787688211,0.14751514021509476,0.6011539769068412,0.6080211335602388,0.18832156236746375,0.5546812908872109,0.010065547165830219,0.6883708187087185,0.7817526522479293,1.0,0.5194304822387444,0.46594689806520323,0.8482872919248212,0.4310274916848832,0.11424703432119311,0.3070030040424938,0.35389272505277125,0.7176249216237092,0.42611161890651433,0.3702083843853114,0.7962075786928472,0.3231126788513131,0.15564354084526577,0.708862823757841,0.6884052069223018,0.5918955557786497,0.7001361950658138,0.4580047639915564,0.7027927360238087,0.13450937033311844,0.4673344302169783,0.04790398693310389,0.42325513962328415,0.021645853951484422,0.639688416353387,0.4635020590555249,-0.03337210292806306,0.5168967575769927,0.39549302474998954,0.8561971775904955,0.703118400300646,0.7018495983393879,0.04537139899196519,0.5762920184220788,0.5717440825660441,0.5732369947221942,0.34218788165232034,0.8016310292014532,0.21042926661303216,0.43475734917108,0.036889713470924276,0.30001597282092796,0.29411191881616877,0.6859673231172906,-0.26340088066075795,0.5585944536342415,-0.3814360584247792,0.5099452758447793,0.6093645774574868,0.7146762262425169,0.5904539639102641,-0.095175055545229,-0.03279268278068633,0.41597059996146246,0.1487212716522224,0.6652704582052583,0.6120433381807152,0.6109910362905004,0.49689094693318187,0.7849735245063176,0.7817155250629728,0.05087613664701735,0.4677674988331426,0.8988904019963209,0.38838399870590296,0.2972322618347023,0.23220355298051212,0.3627253368163836,0.4633399510041113,0.7952628284428377,0.7040753621868541,-0.17422523167365755,0.7222980104107958,0.6634250004395504
Cerebellum_7b_R,0.06767290684797779,-0.022489702951952507,0.39564837186872925,-0.21473438356397712,0.2726524621208523,-0.06794607671383683,0.5457415451563226,0.07803694729708513,0.4102162802013601,0.3690205219098598,0.17428101621668735,0.2544620728440352,-0.12100230681412866,0.4789642654519833,0.5496009749537208,0.5194304822387444,1.0,0.19764138027132644,0.4828007604004651,0.2185185059432346,-0.0652540317482058,0.13698213528243064,0.06005072624851702,0.4015774849954545,0.3621511965880884,0.10957538166328576,0.6137899805207033,0.18845623805937559,-0.3337297894064757,0.4390498763574096,0.3551363205323967,0.26838028345196013,0.27589984236467135,0.1965786372537438,0.6069426022853912,-0.014402973033148518,0.33736342445994805,-0.2079213322145799,0.24184927539810422,0.26301837284590246,0.7042741521676563,0.2323482858045188,-0.082886758509048,0.47819185670252295,0.260169369761935,0.48764778569676037,0.5752978696399786,0.49220363016372193,-0.023828647195047216,0.228483896575878,0.6671362819180875,0.6478615290129918,0.1196037612654729,0.4222807346779459,0.08691941527528715,0.19107969238246647,-0.25759266399992403,0.04918367371854575,0.15426003968316757,0.5110368498643686,-0.37624659897999413,0.18283688605231121,-0.4166670738740185,0.3553704849971319,0.28840028761621816,0.3341351417048469,0.32896258487315083,0.14517619382857525,-0.12477757241540667,0.4204615473149315,0.05424546362757334,0.47794378922631986,0.22960959945240375,0.45283919148365176,0.1856209618134256,0.4082203338936644,0.4849723012652828,-0.003369501311855897,0.2498234255560488,0.3914520560715976,0.44788281847461586,0.23522112202455478,0.4752592119394755,0.27946859528257784,0.12026210002030445,0.3942947809247576,0.43636681455412846,-0.2377459806748893,0.3643859207721715,0.5552342250673424
VTA_R,0.22490081866238953,0.24856929454959276,0.6568841103602727,-0.13082090435171262,0.04149685472811952,0.5899731253240427,0.45234471096373846,0.3424104367756512,0.41933242311320135,0.37763099858445953,-0.12066220168546042,0.4372230856834976,0.4025452580623935,0.315445358316786,0.5788727380825123,0.46594689806520323,0.19764138027132644,1.0,0.4489533093440037,0.22630896613995657,0.3835293332743492,0.5738706609834917,0.5182403946638758,0.6158784344691988,0.01731877880799284,0.5685651951907765,0.30239639963625464,0.5809200671510918,0.24151459307059422,0.41656546389278204,0.6022064358078899,0.40243862091607013,0.4631375580657998,0.43538798705882914,0.30679181349219636,0.3326701626313242,0.4454555893271467,0.547368182903773,0.050778679609842274,0.17039332747601285,0.27192787937153706,0.420928409019617,0.4749524870609458,0.3721336486099096,0.002253859259908118,0.46634961260692126,0.41341530873962024,0.22905164273998657,0.22398591073793914,0.3742733312636051,0.39126936200988305,0.4156919724970722,0.3322176278786708,0.5439497572273734,0.16442894534257574,0.3798327015707585,0.451284473169956,0.6017061679077357,-0.0635660155707584,0.43215116802578113,0.2243690914952223,0.5510732021185495,0.1374026064742097,0.3955019174697329,0.4949514925718262,0.47360839583780034,0.37090850060122316,0.0560594812831889,0.24063985870191637,0.39872680860100257,0.34718201565721857,0.3643363073561633,0.21226730614028058,0.5253700352846105,0.32701845228751825,0.5244057370859276,0.5523603642866571,-0.0977986751784869,0.515012220625135,0.43099863103144026,0.2538009797840391,-0.13782503424844905,-0.1211419613304266,0.12440705225954919,0.5469291770681456,0.4670670751598824,0.5868489567802297,0.19009593603351402,0.6634723693844278,0.46836573360037215
Lingual_R,0.06966224334503064,-0.03379353612214051,0.6464621091260387,-0.12617320707637095,0.5603630948180538,0.3333732100601493,0.6979135384422831,0.25161843232699227,0.6211592055888393,0.6476202902416149,0.18455274016835882,0.6582725802777397,-0.04258429905383036,0.7732156348852057,0.8806449854394698,0.8482872919248212,0.4828007604004651,0.4489533093440037,1.0,0.4993059683205736,0.19556258826025108,0.17625191026684156,0.3681647849614504,0.6542453597194123,0.5194392153931333,0.3761709454100729,0.8652033165381875,0.302107073978786,0.15792412523181665,0.8042489538410353,0.7959332032221663,0.7025789310955797,0.787167875137729,0.5328447049880768,0.7349315603750296,0.3622994452896821,0.5244597708931685,-0.0464064756862691,0.5423802396588262,0.03729579068296587,0.6536697170055982,0.5511140925090594,-0.05323748988766534,0.6369557726233894,0.3799589451944912,0.8810254653996158,0.711535844840191,0.7424912557503603,0.07931991252800909,0.713762098474782,0.5429286434775181,0.46046938526812176,0.4182389959472089,0.868452545818501,0.1775672121531862,0.4976629079066634,0.026435238400396847,0.27606922464207145,0.28756491209263657,0.7413736438103713,-0.25389351987567116,0.6589094518343667,-0.3235684743706679,0.6461654075583481,0.6774945812445959,0.775908746445647,0.7065158285437607,0.04218066644085631,0.11559562812742472,0.5306644944255338,0.28581864380424865,0.7401805643476783,0.6789520231025163,0.6429756428164384,0.625596430072699,0.8278130604125106,0.8713356863431633,0.038356707803968486,0.5164135036317669,0.873447791126713,0.5063848312283633,0.46595862925660775,0.21344176155318054,0.26065001990111347,0.5529042499670309,0.861113934534756,0.702070564580525,-0.15522937611329932,0.7609507979439966,0.7235506976360557
Heschl_R,0.3246760234936333,0.3152038216067719,0.5144400736172922,-0.11723011612036867,-0.05368742432933722,0.5787649029242766,0.3196108184552222,0.4729147797055262,0.7047626000154287,0.18268140747467188,-0.050662024305673584,0.5214977092307541,0.15972929108043818,0.3366739771687545,0.5637996851605573,0.4310274916848832,0.2185185059432346,0.22630896613995657,0.4993059683205736,1.0,0.5266623240541288,-0.0744586771005139,0.04352638622013517,0.246208729864225,-0.09719219846819643,0.0018223485262918488,0.33641734279264474,0.2481792101038923,0.12248961577686242,0.6096902674416539,0.5108224880586169,0.7609023948705448,0.6929851402118599,0.2746610956786339,0.1495704424648484,0.27774398034062076,0.3143935296573746,-0.008415107746386423,0.09234448208143227,-0.06760997724788727,0.3348851486895805,0.38108615943137564,-0.03478151687676834,0.2246814063312481,-0.20715373951820698,0.4893541131587791,0.17897196506729757,0.18320997872363357,0.3840778317921666,0.7736169178201279,0.419138805786293,0.33211787552641536,0.4584998393092636,0.27195961658311946,-0.12885906881991596,0.47897840614224796,0.11984873546683542,0.14754105633397452,-0.2892154671387509,0.5277719549299402,-0.2929329568916073,0.44313524375108126,-0.20179659324882554,0.7652431805192698,0.643748895362577,0.7300613009230842,0.5015424369367777,0.056426719271501,0.4524981368611539,0.4669506561619777,0.3876023792139206,0.49180155704816153,0.09609671175620899,0.3864649497877579,0.8182826644381622,0.4801804711908068,0.5572159787530452,-0.1518052209553402,0.31350506098572956,0.6007181949584928,0.21188826348975603,0.04098759537063731,0.14379111575613135,0.07467425669961351,0.546957169304834,0.7079794298955976,0.6815013610360393,0.17423600172829365,0.5786339337788129,0.485560562150848
ACC_pre_L,0.47840375021463916,0.6576893474627622,0.5765150680145174,-0.01379264545009955,-0.18124342683636135,0.6792754231176904,0.1269486022613538,0.5964504568412692,0.4753337559163232,-0.06876938770212156,-0.3760443388098364,0.6584538178417745,0.6300527934712834,0.21270037143926743,0.34991637010494475,0.11424703432119311,-0.0652540317482058,0.3835293332743492,0.19556258826025108,0.5266623240541288,1.0,0.1323355011614113,0.3740652217772498,0.12916440197100118,-0.24002388596199137,0.19751615996097252,-0.09213582509065524,0.5782516266560287,0.19771250889313718,0.47252154481622344,0.562452400809306,0.6098528976200076,0.5055905054332286,0.389698857951944,-0.23242487822132277,0.44237255562138134,0.3807777839406471,0.3395587703221201,0.0862123937905573,0.23523394537560977,-0.14405469178249253,0.47500017359134444,0.5251384306578116,0.1276759369525572,-0.4386361003116653,0.04179598369220196,-0.13542504959892893,-0.05572010748716992,0.6370654821084624,0.6436835174797569,0.19006111883790888,0.033163157923737765,0.5521943580836024,0.0740642976484291,-0.05577371033272137,0.6446677215951455,0.6663837777177395,0.5438983850057652,-0.43773326454871253,0.46267236267539186,0.37650319169655805,0.5195215942424953,0.4467814313445997,0.5683021767137421,0.708107095498607,0.5024176047060693,0.300652001289859,0.5300923234044027,0.8338348092037949,0.45492328625054307,0.5233116976635617,0.28505958250927516,-0.0587187147522392,0.5009243316571453,0.6601857100993853,0.4243864772208802,0.41584255630654154,-0.15357234247562954,0.5529686052389376,0.296478871844992,-0.11606966605389957,-0.13889899228253455,-0.11569855352324633,-0.09577847937407727,0.5920723051313264,0.40115952941569655,0.5534761225585018,0.682848643386823,0.5301634567514543,0.184813487480203
ACC_sub_L,-0.030913807641276884,0.13176926656011337,0.4949081191066466,-0.11253614410936147,0.04042408323510034,0.43501084871579093,0.35282394325160277,0.15874245507824633,0.16798997608671237,0.30668128273679,-0.01935348993084389,0.19813926411745622,0.37222435099415085,0.17171577738681978,0.3372702939000839,0.3070030040424938,0.13698213528243064,0.5738706609834917,0.17625191026684156,-0.0744586771005139,0.1323355011614113,1.0,0.501693782815989,0.43050751072840454,-0.0467352847953395,0.4747525064427853,0.14611207093897258,0.6328068633114394,0.2684782891363985,0.1845043346408087,0.3829485135604381,0.12157362155804814,0.18885602938710494,0.16525235582027387,0.2455274393380664,0.15051319880788883,0.4567494064831512,0.59082596707869,0.01974490875853246,0.09944707912882526,0.1401900343647832,0.2528407873162005,0.5577980933575265,0.34854136961036597,0.0855873148298075,0.30189531241193923,0.43349649497790893,0.09883943636905194,0.10243771437126446,0.028271463425235368,0.24952008238596995,0.3633999909239533,0.1890680895239789,0.37047915435306505,0.14231519145882246,0.20030408277327139,0.3562478583649196,0.5746435607503801,0.003335309151246138,0.25908415342970775,0.332006763547872,0.32170518277637883,0.12303522280666915,0.025611256771866465,0.3083130638813939,0.18367196942126057,0.12307633258658222,-0.046614309663300484,0.08046072469147122,0.22801640027503534,0.1888400751668875,0.1964052439585795,0.13497899962901674,0.33805016479997285,0.01791620566078291,0.36836421867804403,0.28883937044632,0.027316202638343022,0.41250662815802525,0.20196809310502822,0.18918986404215676,-0.19636390172645676,-0.060741806108363695,0.01882017437278438,0.3444915921115447,0.15007909141928075,0.3439806056914369,0.06724849998829444,0.42422748284056605,0.35374215582549867
