,Frontal_Med_Orb_R,Hippocampus_R,Cuneus_R,Angular_L,Olfactory_R,Thal_PuA_L,Cerebellum_Crus2_L,N_Acc_R,Temporal_Pole_Mid_L,Thal_LGN_L,Thal_VL_R,ACC_sub_R,Thal_PuL_L,Cerebellum_10_R,Occipital_Inf_R,Thal_PuI_R,Cerebellum_8_L,VTA_L,Red_N_R,Occipital_Mid_L,Cingulate_Post_R,Fusiform_L,Thal_LP_L,Cerebellum_6_L,ACC_sub_L,Cerebellum_9_R,Cerebellum_9_L,OFCmed_L,OFCpost_R,OFClat_R,ParaHippocampal_R,Thal_LP_R,Thal_MDl_L,Frontal_Sup_2_R,Precuneus_R,Frontal_Sup_2_L,ACC_sup_R,Angular_R,Caudate_L,Occipital_Sup_L,Calcarine_R,Caudate_R,Thal_PuL_R,Thal_VA_L,Parietal_Inf_L,Rectus_L,Temporal_Pole_Sup_R,Frontal_Inf_Tri_R,Precentral_L,ParaHippocampal_L
Frontal_Med_Orb_R,1.0,0.145257209066008,0.09511229275447501,-0.2851472685623202,0.2416286915668038,0.01925090179696078,-0.08713360319794085,0.2848812501717623,0.2057712905231846,0.3199306056989988,0.13451613200043788,0.16239198213145956,0.003891478614512578,0.14848685696282496,0.2430696260583554,0.32473878516485116,0.07194627544983236,0.20325358663984772,0.122722934351525,-0.21248489720080904,0.2527874312733643,0.2222969725459318,0.24685835246632745,-0.32021082528745837,0.1293195322206166,0.32415632364794755,0.23303317428953127,0.19253663922629358,-0.27616402427423115,-0.20752377041050746,-0.10878727830255389,-0.07285073340501672,0.37921312940339935,0.10549148752728245,0.11694282122618165,0.24544059777462343,0.06185192465793021,-0.2787256239561728,0.3766163463075817,-0.0547307535768785,-0.26432174715030965,0.5069446812024784,-0.13095368399569846,0.3032829314542334,-0.08456853469778976,-0.12917059709196854,-0.3386011114763206,0.20984763884373697,-0.023858255971079986,0.24214675812924985
Hippocampus_R,0.145257209066008,1.0,0.005405495779811387,0.006400286862976508,0.4114962361977002,0.33828469279454554,0.15320534771740607,0.6029791495930249,0.3349081298759913,0.5774260774849217,0.6030358486517537,0.21817716867717968,0.3578627025519346,0.33424187950720025,0.15647200512319104,0.5835827595034386,0.12669099607518006,0.32104415467083547,0.6519538292986836,-0.21206450071976032,0.7541380448813481,0.35651527298705527,0.32247699683926206,-0.07623136493524173,0.3292130512599188,0.45933689610978135,0.5739893987448105,0.29840341328727654,0.23537667918938315,0.2654478472263556,0.7949149644609648,0.4428547123303952,0.6604059438228739,0.7292777856448729,0.2986992439590093,0.7229987741201667,0.5978698199250098,-0.0756319414699051,0.6969384067572961,0.17332778298098217,-0.04766162383511588,0.6860360538455127,0.3019809873101944,0.5196808519611951,0.038719904412385535,0.2810541049030384,0.18247888332730033,0.6471410700068536,0.3381559629633643,0.6464711491169113
Cuneus_R,0.09511229275447501,0.005405495779811387,1.0,-0.05574024235307628,-0.0065187211754315876,-0.04180379886968667,0.010097628497054421,-0.004101662465760734,0.02312560923365912,-0.03558204674122706,-0.10976301155256221,0.11884890498725478,-0.055567987742917505,-0.1293780808960172,-0.043532113924675986,0.08471429340871364,-0.13215023337807252,-0.04782819045783736,0.002455109403581899,0.0012780458787707508,-0.057741431001418424,-0.1459441968323112,-0.0681955122696449,-0.05587158541609369,0.12260711116815334,-0.007668014589515973,-0.053269826884649624,-0.04059120119644216,0.015458275161056441,0.17699482333765804,0.005655500729990831,-0.031071303393388622,0.07250492356527911,0.1038946437322696,-0.1739367508236652,0.08041282455930877,0.01597193201587655,-0.24196088794389814,0.07112709780914889,0.13839773057665344,-0.2313331199034486,0.1135781981818183,-0.015574578274748369,-0.11298815426307882,-0.18816355777271404,0.03561419223698421,-0.003202498317069959,0.13180688876354732,0.1119645731915505,-0.11718650810011774
Angular_L,-0.2851472685623202,0.006400286862976508,-0.05574024235307628,1.0,-0.1755524785934532,-0.12231248394479043,0.09855697393160112,-0.14312705614479562,-0.020469414294674217,-0.14500820854518076,0.01696130969687661,-0.021973871426467877,-0.004653958646412393,-0.30126825575398414,-0.12717740676598024,-0.003549007428934466,-0.30409030010505317,-0.2515734832576168,0.017552098560566737,0.18760181356944514,0.009382701408129036,-0.2773712130975581,-0.15115410209342672,0.005125141633716169,0.04528215507675546,-0.07663683347253573,-0.00867478479375257,0.008576440566164733,0.020751069321151124,0.2733652287666089,0.14211843727104848,-0.0065179029027202405,-0.2040727936103661,-0.06239439692644775,-0.1282603531865942,-0.064499942518743,0.003049048184187406,0.0017568458104766354,-0.048193903117189525,0.15545084959190109,0.06134030803823032,-0.1356140884080812,0.07856948845591709,-0.13108604638705218,-0.17502739983966734,-0.0905205646666231,0.3052009427177435,0.033786719836874285,0.06680136562266756,-0.27109727176845544
Olfactory_R,0.2416286915668038,0.4114962361977002,-0.0065187211754315876,-0.1755524785934532,1.0,0.03883775001967399,0.2234041582902034,0.5980430290093632,0.048131477824551044,0.3601608676859916,0.03170121990393418,0.6509608585055231,-0.05516296011310372,0.2518268896877233,0.32759691426412985,0.41756753966418547,0.2672453558798493,0.33143278379727464,0.2823569832963849,-0.30755981331453797,0.29485980171868936,0.20728326077198017,-0.10021698943051802,0.14985243461605094,0.289193359263559,0.37027130861932733,0.38503968057236804,-0.23375477761383467,0.1939266732120128,0.07904083887842422,0.3105843200877801,0.10369722881619134,0.536460229367756,0.5671042470931189,0.012594699332960204,0.5982309588188366,0.32992955820049263,-0.2594065439454062,0.5342181952924637,0.07451643973263145,-0.45337571443582064,0.5485611038448416,-0.008585352923427374,0.03640072143316506,-0.052381641346579084,0.2558702767057241,-0.3731444419306278,0.30250308458463004,0.12569746057042475,0.4159833408750176
Thal_PuA_L,0.01925090179696078,0.33828469279454554,-0.04180379886968667,-0.12231248394479043,0.03883775001967399,1.0,-0.13445220206700378,0.303739411421139,0.12708191743799718,0.09517177302749348,0.4837997707665124,-0.1932176091909605,0.6165741239357898,0.22997989453031983,0.05843259265933969,0.43914514479194056,0.5322782391947325,0.5183803653875897,0.23170264714551975,-0.00022663669063499676,0.27198482857154693,0.28957967772359594,0.4710143513868734,-0.03519543174848092,-0.22024405193875224,0.10423403001832193,0.09516794405252392,0.08956432097134402,-0.031881245829900304,-0.2351781421003653,0.18920814533137106,0.37849930212749977,0.47972860685173274,0.10304405583454401,0.519744766485425,0.07501298375004577,0.16420505762038176,0.09550323741034282,0.16171266772701468,-0.15120971336975322,0.2588864752628803,0.2079645411069481,0.14850170423003886,0.6177296114979156,0.4738694358426714,0.269807059846379,-0.014807302394436651,0.03795792619423373,0.17590618301244404,0.33056500181799137
Cerebellum_Crus2_L,-0.08713360319794085,0.15320534771740607,0.010097628497054421,0.09855697393160112,0.2234041582902034,-0.13445220206700378,1.0,0.22660682192189482,0.01424788193062657,0.02729488523156019,-0.10347415044082506,0.3426721121095456,-0.1402014841030174,-0.15372648786845797,0.021653898833229667,0.09514499012987088,-0.1312554878099993,-0.007054082849014043,0.05057758379727278,-0.09860712015271735,0.16807604352920041,-0.11899880878748169,-0.23862158200109965,0.03323794218834928,0.2863766242364709,0.0396107891609199,0.05534977765573187,0.0347256611447642,0.06336804329287656,0.25069885827603544,0.2654191464915571,0.07237411155033077,0.09252142256490428,0.30958401861540735,-0.2374480671927445,0.279112343750473,0.044790507906543424,-0.1639556503750521,0.15781697078252013,0.1232772925397231,-0.29771536117292235,0.12605158413179385,0.1316828159459805,-0.16994318572104122,-0.21251825234318222,0.2343019169003123,-0.07836763324444387,0.29954682411626354,0.099158379692665,0.07786654157264898
N_Acc_R,0.2848812501717623,0.6029791495930249,-0.004101662465760734,-0.14312705614479562,0.5980430290093632,0.303739411421139,0.22660682192189482,1.0,0.250798942838169,0.4166943463863819,0.2573679408691415,0.38675973833604993,0.3328606210453918,0.3577163260402894,0.3182885550808553,0.49303989053215774,0.4163775724740638,0.49912490420123096,0.29218016137283165,-0.2093905257774947,0.5236957126643356,0.41407265095137097,0.1188931688039548,0.0028852435414097113,0.29585149474133343,0.43436244644417954,0.5267644487304893,0.1639387279096784,0.22481883439566563,0.034326782032754376,0.4295659790376853,0.35774697375127174,0.7105733744551536,0.6536770476260721,0.14702847062127616,0.6623171869157872,0.4479311289854548,-0.1549269472731621,0.5203698434368588,0.0224695476011899,-0.30412733464750574,0.593582972965513,0.2556282947227578,0.3306051249992624,-0.014510796485062986,0.4905346718381174,-0.20741699591289964,0.417471400257297,0.007287802836939069,0.6778078389489166
Temporal_Pole_Mid_L,0.2057712905231846,0.3349081298759913,0.02312560923365912,-0.020469414294674217,0.048131477824551044,0.12708191743799718,0.01424788193062657,0.250798942838169,1.0,0.32611298143921835,0.30412181859876064,-0.1035817959580287,0.23890007185052164,-0.015189814784484125,0.11637999523259542,0.22358086590800402,0.01023749706298189,0.16094102882701,0.22800312356783906,-0.12620833544065746,0.33866117891713393,0.24426959359665412,0.3462012599166802,-0.13722258460267076,0.07673383150945139,0.24890459043577934,0.2451460822593173,0.43701785624959427,-0.20339930381561652,0.05719984069600827,0.2644564043478925,0.2510766038726694,0.19410829376959,0.27113058651754957,0.1445601109694113,0.28454838826657136,0.09243367814357775,-0.04965012045522192,0.22079204306750772,-0.05894578763070491,-0.06559002317361015,0.25118843607026403,0.2637207350694715,0.22310353661502735,0.05030961941061015,0.28123730286045767,-0.08060822053067081,0.33540129064305607,0.3056014990042366,0.40276452851639893
Thal_LGN_L,0.3199306056989988,0.5774260774849217,-0.03558204674122706,-0.14500820854518076,0.3601608676859916,0.09517177302749348,0.02729488523156019,0.4166943463863819,0.32611298143921835,1.0,0.5373451831144043,0.05412130566430938,0.11453082959539314,0.26721300389930847,0.2177712264222278,0.48313630890587433,0.13253534464991534,0.20966097938028197,0.4767430499415727,-0.19778400967919907,0.5762197131195261,0.48383473138249633,0.3376453977671235,0.05232240861421364,0.023714659189444657,0.26769773852291096,0.35511747781129066,0.18713809784624916,-0.010351877371909117,-0.13922882940191186,0.42703282916524277,0.3094796811022374,0.45568683283551736,0.4253311717920059,0.3558675002417595,0.434434829460074,0.3954503514430617,0.015557725702311015,0.4526018149922022,0.06090791836536982,0.030333937795828245,0.5498730324754479,0.04949726264587592,0.4072082495613491,0.14312395039001566,0.09431062666782308,-0.07664671623562823,0.37819148572744776,0.36011487192288577,0.6610875485295384
Thal_VL_R,0.13451613200043788,0.6030358486517537,-0.10976301155256221,0.01696130969687661,0.03170121990393418,0.4837997707665124,-0.10347415044082506,0.2573679408691415,0.30412181859876064,0.5373451831144043,1.0,-0.3038493040914793,0.4350202281341096,0.14878384916446835,0.024534653534831207,0.47537939583762556,0.11390378098302718,0.13854849002834746,0.4961354002890557,-0.015424349201715419,0.5977352942084805,0.37441426166181635,0.6888512535984329,-0.03402689028143278,-0.21508810725371746,0.23230686398914904,0.2875613867295057,0.27803310653579,-0.21450938732704153,-0.20031452044815853,0.5086785645057462,0.6401824776295449,0.47840715915759424,0.2055206096011004,0.5896845900129499,0.19922348580735014,0.351591905212882,0.30653205813794676,0.42519094678623454,0.022867690375948806,0.3956767529862232,0.4418155461910405,0.19519509166232787,0.7167974983274539,0.459642022631149,0.021073457954825042,0.07438059701852427,0.28148742677686417,0.48871416001241386,0.4746345903255957
ACC_sub_R,0.16239198213145956,0.21817716867717968,0.11884890498725478,-0.021973871426467877,0.6509608585055231,-0.1932176091909605,0.3426721121095456,0.38675973833604993,-0.1035817959580287,0.05412130566430938,-0.3038493040914793,1.0,-0.29107702737392926,0.02458839224317836,0.10021998472093312,0.18179033651053725,0.05416949258279949,0.24962761272197373,0.13038392193258452,-0.18714575594733715,0.024127780949249594,-0.04562165667497301,-0.4152477442360807,0.0024011511900573976,0.6923610972181852,0.19368367288510885,0.13103925132518673,-0.27067113979649465,0.36294178874556365,0.42716693941881884,0.2382433778789112,-0.10909747268287977,0.3235937577841825,0.4795905694907124,-0.3866447545528952,0.5282049156283141,0.30241781385954514,-0.5627470426965325,0.44528827306599916,0.17534681980296873,-0.6918700606903796,0.43667379207777135,-0.1161940173923991,-0.2197476000276932,-0.5071631285099819,0.14575718077630107,-0.16889785776336497,0.31764399714013336,-0.19429767123458153,0.14698791623256488
Thal_PuL_L,0.003891478614512578,0.3578627025519346,-0.055567987742917505,-0.004653958646412393,-0.05516296011310372,0.6165741239357898,-0.1402014841030174,0.3328606210453918,0.23890007185052164,0.11453082959539314,0.4350202281341096,-0.29107702737392926,1.0,0.21026724143283318,0.06089689332334967,0.17474398653012574,0.2796396343380421,0.19278451780745143,0.33761202142618385,0.04379273763291164,0.47671595269005557,0.23201057743644438,0.3789452305143203,-0.03485748972842051,-0.21970342120744843,0.19553654274931218,0.24523299522125458,0.436134596334264,-0.13394549829375263,-0.1860718003767079,0.2395211514328412,0.47167823998472613,0.3359794498742762,0.1255427734330881,0.24944988008340932,0.09062593276438227,0.05497484330165625,0.16241013433275256,0.08647039970944248,0.025895386133724014,0.22728779674577657,0.09247481026173557,0.6140994715806463,0.5277913751008834,0.29706303408171153,0.37066670639420857,-0.022744084162064755,0.22601572976486953,0.14408113636820818,0.3266335156351006
Cerebellum_10_R,0.14848685696282496,0.33424187950720025,-0.1293780808960172,-0.30126825575398414,0.2518268896877233,0.22997989453031983,-0.15372648786845797,0.3577163260402894,-0.015189814784484125,0.26721300389930847,0.14878384916446835,0.02458839224317836,0.21026724143283318,1.0,0.23681645956484587,0.16029248579613306,0.3983456244855233,0.33574309890279164,0.212857622605693,-0.22715958040314205,0.20633163117377304,0.4726917831656401,0.14206693532112658,0.16605004834499257,0.03825563991296786,0.20927125751536518,0.3229311755818322,-0.02312980934143764,0.37918013918597254,-0.12013032861624122,0.1578395431379675,0.011490892069456747,0.39370727584742415,0.34389193994683825,0.3341678116247118,0.2241128812877961,0.33734125469635506,0.02212654450128153,0.19549733571539307,-0.11181314011972164,0.10435513006227709,0.2577523231320784,-0.09845644816538794,0.27380915537637485,0.27666692256123887,0.18940852366228814,0.025463721716743076,0.10810688539678819,-0.0760417301610753,0.476664028388406
Occipital_Inf_R,0.2430696260583554,0.15647200512319104,-0.043532113924675986,-0.12717740676598024,0.32759691426412985,0.05843259265933969,0.021653898833229667,0.3182885550808553,0.11637999523259542,0.2177712264222278,0.024534653534831207,0.10021998472093312,0.06089689332334967,0.23681645956484587,1.0,0.24534289579655463,0.32047201228378974,0.3239615416961729,0.07225617460645979,0.0589971932612533,0.20499719918908532,0.28944638472066186,-0.06662390541219977,-0.0030002835879574625,0.020886778949303186,0.2196739995152602,0.26355827308793384,-0.06330405023771567,0.15244135339376128,-0.14131406156799783,-0.042156729527607545,-0.1639386491351762,0.3420982354343778,0.23864826498756844,0.1178490280005801,0.2340579665198556,0.1988203374415714,-0.07446783482960473,0.2257980552077321,0.0006474823304322729,-0.12846066233656606,0.13825126869077975,0.016559066196408158,0.18520243773460146,-0.010269682319182434,0.01740261579641181,-0.13648486953188887,0.08527419803245481,-0.171552202590602,0.2744807376426604
Thal_PuI_R,0.32473878516485116,0.5835827595034386,0.08471429340871364,-0.003549007428934466,0.41756753966418547,0.43914514479194056,0.09514499012987088,0.49303989053215774,0.22358086590800402,0.48313630890587433,0.47537939583762556,0.18179033651053725,0.17474398653012574,0.16029248579613306,0.24534289579655463,1.0,0.259843717207236,0.46123225722171496,0.37995025562293855,-0.14596775787952485,0.530465753441148,0.26131805608249087,0.3263479001680186,-0.21045023217241576,0.1472573017696301,0.3229282976616918,0.3009788247626783,0.08126464492421495,-0.01542498905661394,0.013967969071174991,0.37132582738443054,0.30284798770955756,0.6265693412388554,0.44892271235297804,0.40629750404092807,0.5173152733783764,0.3358998520810471,-0.12055989288448202,0.5305165070326872,0.025029596818712863,-0.1338344066146049,0.5757108228820923,-0.015190275087390336,0.43168326638466364,0.1806556574661056,0.17414731539494482,-0.1344838825141045,0.3733139658226863,0.3578464793865879,0.4403092333017335
Cerebellum_8_L,0.07194627544983236,0.12669099607518006,-0.13215023337807252,-0.30409030010505317,0.2672453558798493,0.5322782391947325,-0.1312554878099993,0.4163775724740638,0.01023749706298189,0.13253534464991534,0.11390378098302718,0.05416949258279949,0.2796396343380421,0.3983456244855233,0.32047201228378974,0.259843717207236,1.0,0.7010130637873763,-0.0683760967514557,-0.12952180618328046,0.07922357402955946,0.6599122792633368,0.19043668062800836,0.09689390949913268,-0.1578861725904437,0.020712743038540666,0.03511717851734333,-0.2094596887205312,0.1726383139411116,-0.4650142450752893,-0.10424506636070965,0.0676650713118339,0.3937423250290278,0.13799822098209216,0.5022067807221132,0.09282650805267095,0.22613284966277133,0.14669268278906933,0.09721721288103928,-0.29914789265815817,0.15808215291586605,0.08929089447690168,-0.0755598146590856,0.32898647888816474,0.40579494824997686,0.2577034764167142,-0.28521538507088817,-0.2389364772998339,-0.1885158744921888,0.53111023654998
VTA_L,0.20325358663984772,0.32104415467083547,-0.04782819045783736,-0.2515734832576168,0.33143278379727464,0.5183803653875897,-0.007054082849014043,0.49912490420123096,0.16094102882701,0.20966097938028197,0.13854849002834746,0.24962761272197373,0.19278451780745143,0.33574309890279164,0.3239615416961729,0.46123225722171496,0.7010130637873763,1.0,0.13173396631743248,-0.08181956519778733,0.2244805515330712,0.47478766762039165,0.13577430812503108,-0.004295215449172191,0.11587415315590674,0.13688073948632917,0.16891185330737826,-0.11092355102664764,0.17916412890061942,-0.20639739434268833,0.11367884413686744,0.10813427221033921,0.538269340183166,0.27862614608767955,0.3183760951120906,0.3011862119612031,0.23860343551616978,-0.13297153909820125,0.2792512085713591,-0.15250295359450758,-0.12378621345748045,0.3168041692539959,-0.12244270893150153,0.31589326429034453,0.15156389846134757,0.2859247363279803,-0.2257540264811857,0.10624260302228428,-0.0692926735332741,0.5163148337448561
Red_N_R,0.122722934351525,0.6519538292986836,0.002455109403581899,0.017552098560566737,0.2823569832963849,0.23170264714551975,0.05057758379727278,0.29218016137283165,0.22800312356783906,0.4767430499415727,0.4961354002890557,0.13038392193258452,0.33761202142618385,0.212857622605693,0.07225617460645979,0.37995025562293855,-0.0683760967514557,0.13173396631743248,1.0,-0.144894201653139,0.5666764399676231,0.05461864400381153,0.3153846169713158,0.046486914580281924,0.08812697200643425,0.49553378705982637,0.45478099250533593,0.1781752139076491,0.017534405930151282,0.15625171772602614,0.5746140587688597,0.35639588238733705,0.44309352882423914,0.4847591647436691,0.1308808874462585,0.44114081258304555,0.26543857260124604,-0.17217152873672611,0.61286205322102,0.27938046027718433,-0.10907208259676669,0.5767734611230007,0.275435825567676,0.4743875641290061,0.053019790586728566,0.13337942381422757,-0.01394365705526886,0.42032068605033485,0.33442535670534884,0.3163894659866844
Occipital_Mid_L,-0.21248489720080904,-0.21206450071976032,0.0012780458787707508,0.18760181356944514,-0.30755981331453797,-0.00022663669063499676,-0.09860712015271735,-0.2093905257774947,-0.12620833544065746,-0.19778400967919907,-0.015424349201715419,-0.18714575594733715,0.04379273763291164,-0.22715958040314205,0.0589971932612533,-0.14596775787952485,-0.12952180618328046,-0.08181956519778733,-0.144894201653139,1.0,-0.12882243610228947,-0.19018074648227906,-0.1354488463606004,0.032604664327129405,-0.17445935388696276,-0.21204172174341532,-0.25996134597191284,-0.08243185479605371,-0.17414929886652228,-0.09966143099099864,-0.11875965886840227,-0.040433962043817294,-0.19087951370672065,-0.35031281859340263,-0.1482804687288672,-0.3290983206189963,-0.2355953495162849,0.06074934406170296,-0.15609619866188817,0.04899873272265039,0.1144916519742715,-0.24385019303166697,-0.004172183725925871,-0.05773012036475787,-0.11938555003699004,-0.3026724287741278,0.06722068878892386,-0.2066880134062573,-0.1488365335021914,-0.30495086348973227
Cingulate_Post_R,0.2527874312733643,0.7541380448813481,-0.057741431001418424,0.009382701408129036,0.29485980171868936,0.27198482857154693,0.16807604352920041,0.5236957126643356,0.33866117891713393,0.5762197131195261,0.5977352942084805,0.024127780949249594,0.47671595269005557,0.20633163117377304,0.20499719918908532,0.530465753441148,0.07922357402955946,0.2244805515330712,0.5666764399676231,-0.12882243610228947,1.0,0.32433564280416244,0.3060251477921679,-0.10595982971606561,0.12699763963969207,0.4255733918902053,0.43289019185821836,0.5061827925313922,-0.09162681733252387,0.030244622228073656,0.6227616039485954,0.517520658015641,0.5841341564131584,0.5482830235410486,0.27223740389946804,0.5947586875607731,0.3634116635535288,0.004613668300903566,0.5252305787478083,0.18960081803899348,-0.02872211295956205,0.5553933733123357,0.4918975659034733,0.4980004791230952,0.039866878763059305,0.2600442073701439,-0.0643900269688834,0.608869268740326,0.3797993865220369,0.5903401115679356
Fusiform_L,0.2222969725459318,0.35651527298705527,-0.1459441968323112,-0.2773712130975581,0.20728326077198017,0.28957967772359594,-0.11899880878748169,0.41407265095137097,0.24426959359665412,0.48383473138249633,0.37441426166181635,-0.04562165667497301,0.23201057743644438,0.4726917831656401,0.28944638472066186,0.26131805608249087,0.6599122792633368,0.47478766762039165,0.05461864400381153,-0.19018074648227906,0.32433564280416244,1.0,0.33973066472426855,0.025847349016213928,-0.044775223731369974,-0.00902241661721674,0.12862605497275753,0.06912984901846506,0.13895111897271467,-0.38548642864956956,0.07248272489594222,0.28719903731052127,0.36375651075007165,0.2521099836246914,0.5555131460372335,0.22274375791010148,0.4670408090167505,0.2401866462655576,0.16369410343825305,-0.20189661161386707,0.26643492819173065,0.18556195766294237,0.017772987272106282,0.3259903660338722,0.37339310564058265,0.16553126453632505,-0.06877011816598141,0.09414137639375379,0.018751666135185998,0.8263839523243666
Thal_LP_L,0.24685835246632745,0.32247699683926206,-0.0681955122696449,-0.15115410209342672,-0.10021698943051802,0.4710143513868734,-0.23862158200109965,0.1188931688039548,0.3462012599166802,0.3376453977671235,0.6888512535984329,-0.4152477442360807,0.3789452305143203,0.14206693532112658,-0.06662390541219977,0.3263479001680186,0.19043668062800836,0.13577430812503108,0.3153846169713158,-0.1354488463606004,0.3060251477921679,0.33973066472426855,1.0,-0.23202334834619254,-0.2860156400701952,0.27190379541886783,0.1908743174126512,0.3154305980634229,-0.2710967377253407,-0.26570603086063777,0.1816171538833098,0.4400821628526118,0.31323748538119267,0.07070318520972896,0.6003735475906872,0.0538413393469878,0.1481880977716957,0.24364841399253098,0.2631190782191109,-0.15330628781363936,0.36061728294259726,0.3518816179615625,0.06506946058208557,0.5996234181658564,0.5570930676880346,-0.03482200817092718,0.0017225202590325324,0.06790740769363802,0.3352926699960817,0.32719397971353753
Cerebellum_6_L,-0.32021082528745837,-0.07623136493524173,-0.05587158541609369,0.005125141633716169,0.14985243461605094,-0.03519543174848092,0.03323794218834928,0.0028852435414097113,-0.13722258460267076,0.05232240861421364,-0.03402689028143278,0.0024011511900573976,-0.03485748972842051,0.16605004834499257,-0.0030002835879574625,-0.21045023217241576,0.09689390949913268,-0.004295215449172191,0.046486914580281924,0.032604664327129405,-0.10595982971606561,0.025847349016213928,-0.23202334834619254,1.0,-0.16769264317777,-0.1500207735991491,-0.08568044587032235,-0.3611474782385813,0.018660770952395725,-0.1976881809153815,0.03767863863890124,0.01626613765280626,-0.03998787929212964,-0.009838030610876207,-0.05157026841285541,-0.16064964377804786,-0.07827824080564291,0.13599095944673936,-0.09137088917132524,0.1641185523732318,0.08814010985089868,-0.11079858767711039,-0.09878794265477668,-0.12127032891097286,0.12836329842939304,0.1025394609515196,-0.17699102901501196,-0.12267253628377069,0.13203202977510659,0.03167375322654106
ACC_sub_L,0.1293195322206166,0.3292130512599188,0.12260711116815334,0.04528215507675546,0.289193359263559,-0.22024405193875224,0.2863766242364709,0.29585149474133343,0.07673383150945139,0.023714659189444657,-0.21508810725371746,0.6923610972181852,-0.21970342120744843,0.03825563991296786,0.020886778949303186,0.1472573017696301,-0.1578861725904437,0.11587415315590674,0.08812697200643425,-0.17445935388696276,0.12699763963969207,-0.044775223731369974,-0.2860156400701952,-0.16769264317777,1.0,0.10246399356588262,0.11412467829776379,0.16690310478916545,0.45415035988120467,0.7267678017316003,0.3428951540505896,-0.09990584153506389,0.23845534758695883,0.5943183340512566,-0.44927794529399834,0.6563941875938102,0.48286646462381294,-0.5785730477566907,0.39715106669588196,0.24534123943849684,-0.5863879124068141,0.35969832645810096,0.004912457765315991,-0.25012659545976385,-0.6298421175753673,0.163474834524765,0.274170498999633,0.5805119988042513,-0.28676738730855955,0.15659756988109882
Cerebellum_9_R,0.32415632364794755,0.45933689610978135,-0.007668014589515973,-0.07663683347253573,0.37027130861932733,0.10423403001832193,0.0396107891609199,0.43436244644417954,0.24890459043577934,0.26769773852291096,0.23230686398914904,0.19368367288510885,0.19553654274931218,0.20927125751536518,0.2196739995152602,0.3229282976616918,0.020712743038540666,0.13688073948632917,0.49553378705982637,-0.21204172174341532,0.4255733918902053,-0.00902241661721674,0.27190379541886783,-0.1500207735991491,0.10246399356588262,1.0,0.7620887661345284,0.15622969033257408,0.07272720362686544,0.07067967934932941,0.31257084692069853,0.06608774852921698,0.5031280922543624,0.42907717645872095,0.12768286679152174,0.45789705171152684,0.07546046586361703,-0.18300913445203948,0.5643341593619022,-0.040973711556217075,-0.3242861459952814,0.5435018813590031,0.17706510506083323,0.3210400977137738,0.0032879938422212484,0.14311346484401596,-0.24070607526671495,0.1846363595189695,0.13078036555439798,0.19202463141927417
Cerebellum_9_L,0.23303317428953127,0.5739893987448105,-0.053269826884649624,-0.00867478479375257,0.38503968057236804,0.09516794405252392,0.05534977765573187,0.5267644487304893,0.2451460822593173,0.35511747781129066,0.2875613867295057,0.13103925132518673,0.24523299522125458,0.3229311755818322,0.26355827308793384,0.3009788247626783,0.03511717851734333,0.16891185330737826,0.45478099250533593,-0.25996134597191284,0.43289019185821836,0.12862605497275753,0.1908743174126512,-0.08568044587032235,0.11412467829776379,0.7620887661345284,1.0,0.10646519469643445,0.18478906138332232,0.058510947849880666,0.37305068369704264,0.1114341203781393,0.4943462256960863,0.43990795485172646,0.12707608669382545,0.4746204539704329,0.16731564192906856,-0.09326495165802483,0.5317460546062877,-0.015462195588761826,-0.24261368019289853,0.5007082207314889,0.1697804176007914,0.335530494306653,-0.006457008518469333,0.28106497393079816,-0.08020141687434472,0.2725333931482021,0.0739757577857082,0.3237656994059048
OFCmed_L,0.19253663922629358,0.29840341328727654,-0.04059120119644216,0.008576440566164733,-0.23375477761383467,0.08956432097134402,0.0347256611447642,0.1639387279096784,0.43701785624959427,0.18713809784624916,0.27803310653579,-0.27067113979649465,0.436134596334264,-0.02312980934143764,-0.06330405023771567,0.08126464492421495,-0.2094596887205312,-0.11092355102664764,0.1781752139076491,-0.08243185479605371,0.5061827925313922,0.06912984901846506,0.3154305980634229,-0.3611474782385813,0.16690310478916545,0.15622969033257408,0.10646519469643445,1.0,-0.20466594445953654,0.24165742459531966,0.2863986077395237,0.31860807104084354,0.10323967613981899,0.24218040344297515,-0.005312857712535612,0.3059052197186746,0.15975029839079674,0.018656376035564595,0.06155484485372453,0.07812617934668789,0.044542314261508606,0.1299794300826717,0.5446957523503714,0.2962826962595119,-0.07373405287547628,0.20406741306688364,0.22959746465975225,0.5201886811962435,0.11555973294661694,0.24909322344270476
OFCpost_R,-0.27616402427423115,0.23537667918938315,0.015458275161056441,0.020751069321151124,0.1939266732120128,-0.031881245829900304,0.06336804329287656,0.22481883439566563,-0.20339930381561652,-0.010351877371909117,-0.21450938732704153,0.36294178874556365,-0.13394549829375263,0.37918013918597254,0.15244135339376128,-0.01542498905661394,0.1726383139411116,0.17916412890061942,0.017534405930151282,-0.17414929886652228,-0.09162681733252387,0.13895111897271467,-0.2710967377253407,0.018660770952395725,0.45415035988120467,0.07272720362686544,0.18478906138332232,-0.20466594445953654,1.0,0.4538090650070662,0.1872027038240141,-0.19979119733077458,0.1364785041018956,0.46567720208078933,-0.06047855468973875,0.337859931059144,0.5065384113482856,-0.1688169283586447,0.09666737519687656,0.002144285399698528,-0.13161355792105592,0.05684643950266381,-0.11275887201956873,-0.1662035294566734,-0.16013783596568623,0.2585585261706606,0.47790015133169056,0.11292030884016171,-0.3174268591201053,0.16537029468630038
OFClat_R,-0.20752377041050746,0.2654478472263556,0.17699482333765804,0.2733652287666089,0.07904083887842422,-0.2351781421003653,0.25069885827603544,0.034326782032754376,0.05719984069600827,-0.13922882940191186,-0.20031452044815853,0.42716693941881884,-0.1860718003767079,-0.12013032861624122,-0.14131406156799783,0.013967969071174991,-0.4650142450752893,-0.20639739434268833,0.15625171772602614,-0.09966143099099864,0.030244622228073656,-0.38548642864956956,-0.26570603086063777,-0.1976881809153815,0.7267678017316003,0.07067967934932941,0.058510947849880666,0.24165742459531966,0.4538090650070662,1.0,0.43756790656838307,-0.06153341085507881,-0.015034476847167036,0.5225318585362807,-0.4587432754713192,0.4991581606772038,0.36976340551453996,-0.4212520196240133,0.2210338190444956,0.3237455015589376,-0.413663644184836,0.16570193733629707,0.160383621619648,-0.2561551761007981,-0.5181275472062646,0.08199497070997885,0.5361617253852722,0.5216504298975847,-0.0865703579358615,-0.15097857853296323
ParaHippocampal_R,-0.10878727830255389,0.7949149644609648,0.005655500729990831,0.14211843727104848,0.3105843200877801,0.18920814533137106,0.2654191464915571,0.4295659790376853,0.2644564043478925,0.42703282916524277,0.5086785645057462,0.2382433778789112,0.2395211514328412,0.1578395431379675,-0.042156729527607545,0.37132582738443054,-0.10424506636070965,0.11367884413686744,0.5746140587688597,-0.11875965886840227,0.6227616039485954,0.07248272489594222,0.1816171538833098,0.03767863863890124,0.3428951540505896,0.31257084692069853,0.37305068369704264,0.2863986077395237,0.1872027038240141,0.43756790656838307,1.0,0.42006886852572517,0.4298455004502303,0.6219615308235585,0.07758698580860889,0.570079204803289,0.49373531255730346,-0.06071323153615109,0.6071354585683424,0.2962087042141434,-0.039736678705648544,0.5840221873861139,0.30772023237623347,0.3279583426536319,-0.023178491006222657,0.2428208327694306,0.24563516472431088,0.5681013212266695,0.3482742341813647,0.40248096552927587
Thal_LP_R,-0.07285073340501672,0.4428547123303952,-0.031071303393388622,-0.0065179029027202405,0.10369722881619134,0.37849930212749977,0.07237411155033077,0.35774697375127174,0.2510766038726694,0.3094796811022374,0.6401824776295449,-0.10909747268287977,0.47167823998472613,0.011490892069456747,-0.1639386491351762,0.30284798770955756,0.0676650713118339,0.10813427221033921,0.35639588238733705,-0.040433962043817294,0.517520658015641,0.28719903731052127,0.4400821628526118,0.01626613765280626,-0.09990584153506389,0.06608774852921698,0.1114341203781393,0.31860807104084354,-0.19979119733077458,-0.06153341085507881,0.42006886852572517,1.0,0.31518774669422095,0.2578694569543616,0.2697570145595852,0.20962876855415905,0.280683515634167,0.23021998970484261,0.21268434392141847,0.15066982437782248,0.14744149117820177,0.2936656584363186,0.48720206540000977,0.40699729721421174,0.3090126598246362,0.3169588772228143,-0.0635850256421065,0.33682555134345804,0.4265299291826891,0.47339822847325486
Thal_MDl_L,0.37921312940339935,0.6604059438228739,0.07250492356527911,-0.2040727936103661,0.536460229367756,0.47972860685173274,0.09252142256490428,0.7105733744551536,0.19410829376959,0.45568683283551736,0.47840715915759424,0.3235937577841825,0.3359794498742762,0.39370727584742415,0.3420982354343778,0.6265693412388554,0.3937423250290278,0.538269340183166,0.44309352882423914,-0.19087951370672065,0.5841341564131584,0.36375651075007165,0.31323748538119267,-0.03998787929212964,0.23845534758695883,0.5031280922543624,0.4943462256960863,0.10323967613981899,0.1364785041018956,-0.015034476847167036,0.4298455004502303,0.31518774669422095,1.0,0.6071500629004086,0.3564880941187916,0.6036742684770462,0.46254924124221225,-0.176992052323643,0.6398553134712547,0.012299365870410913,-0.18590890290970669,0.7010598080136572,0.07474015747297619,0.5527498891683619,0.1453558236695611,0.27414342458258917,-0.1649304812692271,0.41839886943721705,0.20438562509676408,0.5732110366308868
Frontal_Sup_2_R,0.10549148752728245,0.7292777856448729,0.1038946437322696,-0.06239439692644775,0.5671042470931189,0.10304405583454401,0.30958401861540735,0.6536770476260721,0.27113058651754957,0.4253311717920059,0.2055206096011004,0.4795905694907124,0.1255427734330881,0.34389193994683825,0.23864826498756844,0.44892271235297804,0.13799822098209216,0.27862614608767955,0.4847591647436691,-0.35031281859340263,0.5482830235410486,0.2521099836246914,0.07070318520972896,-0.009838030610876207,0.5943183340512566,0.42907717645872095,0.43990795485172646,0.24218040344297515,0.46567720208078933,0.5225318585362807,0.6219615308235585,0.2578694569543616,0.6071500629004086,1.0,0.03088197156837688,0.895641074152858,0.6714841361577011,-0.33769180142814315,0.6055815589565863,0.19949974568309198,-0.399999262054673,0.6184892152990051,0.2788703999131089,0.19611394745424868,-0.17453219111917878,0.42167312636158305,0.10075082795292616,0.6742836942468223,0.13988016093612018,0.5636553023590921
Precuneus_R,0.11694282122618165,0.2986992439590093,-0.1739367508236652,-0.1282603531865942,0.012594699332960204,0.519744766485425,-0.2374480671927445,0.14702847062127616,0.1445601109694113,0.3558675002417595,0.5896845900129499,-0.3866447545528952,0.24944988008340932,0.3341678116247118,0.1178490280005801,0.40629750404092807,0.5022067807221132,0.3183760951120906,0.1308808874462585,-0.1482804687288672,0.27223740389946804,0.5555131460372335,0.6003735475906872,-0.05157026841285541,-0.44927794529399834,0.12768286679152174,0.12707608669382545,-0.005312857712535612,-0.06047855468973875,-0.4587432754713192,0.07758698580860889,0.2697570145595852,0.3564880941187916,0.03088197156837688,1.0,-0.027347714321132578,0.24962870037637494,0.5448603403241683,0.0934193706758777,-0.26961681502771745,0.6431832925117512,0.1510342657809257,-0.15405015036514877,0.5686363699472327,0.7841004035395976,-0.06301808221566879,0.008077972348981761,-0.18717773801276397,0.34757467004769316,0.41246971776059366
Frontal_Sup_2_L,0.24544059777462343,0.7229987741201667,0.08041282455930877,-0.064499942518743,0.5982309588188366,0.07501298375004577,0.279112343750473,0.6623171869157872,0.28454838826657136,0.434434829460074,0.19922348580735014,0.5282049156283141,0.09062593276438227,0.2241128812877961,0.2340579665198556,0.5173152733783764,0.09282650805267095,0.3011862119612031,0.44114081258304555,-0.3290983206189963,0.5947586875607731,0.22274375791010148,0.0538413393469878,-0.16064964377804786,0.6563941875938102,0.45789705171152684,0.4746204539704329,0.3059052197186746,0.337859931059144,0.4991581606772038,0.570079204803289,0.20962876855415905,0.6036742684770462,0.895641074152858,-0.027347714321132578,1.0,0.6162208651947614,-0.41337579023882604,0.6747591196620157,0.20890586318197227,-0.49322710687007276,0.6640331709544041,0.24579725104151925,0.1745257183594551,-0.3476895529504866,0.36581201678225117,0.04097547233205201,0.7453333191637106,0.067892339436614,0.55646468014305
ACC_sup_R,0.06185192465793021,0.5978698199250098,0.01597193201587655,0.003049048184187406,0.32992955820049263,0.16420505762038176,0.044790507906543424,0.4479311289854548,0.09243367814357775,0.3954503514430617,0.351591905212882,0.30241781385954514,0.05497484330165625,0.33734125469635506,0.1988203374415714,0.3358998520810471,0.22613284966277133,0.23860343551616978,0.26543857260124604,-0.2355953495162849,0.3634116635535288,0.4670408090167505,0.1481880977716957,-0.07827824080564291,0.48286646462381294,0.07546046586361703,0.16731564192906856,0.15975029839079674,0.5065384113482856,0.36976340551453996,0.49373531255730346,0.280683515634167,0.46254924124221225,0.6714841361577011,0.24962870037637494,0.6162208651947614,1.0,-0.047382650092217905,0.4576595659580879,0.16168130274345655,0.003143313334435232,0.4525560925822587,0.04582515372524994,0.24288319154787658,-0.006514214464882378,0.15447748224557548,0.3714683868499813,0.4586011005125051,-0.018808822888572815,0.573767178431028
Angular_R,-0.2787256239561728,-0.0756319414699051,-0.24196088794389814,0.0017568458104766354,-0.2594065439454062,0.09550323741034282,-0.1639556503750521,-0.1549269472731621,-0.04965012045522192,0.015557725702311015,0.30653205813794676,-0.5627470426965325,0.16241013433275256,0.02212654450128153,-0.07446783482960473,-0.12055989288448202,0.14669268278906933,-0.13297153909820125,-0.17217152873672611,0.06074934406170296,0.004613668300903566,0.2401866462655576,0.24364841399253098,0.13599095944673936,-0.5785730477566907,-0.18300913445203948,-0.09326495165802483,0.018656376035564595,-0.1688169283586447,-0.4212520196240133,-0.06071323153615109,0.23021998970484261,-0.176992052323643,-0.33769180142814315,0.5448603403241683,-0.41337579023882604,-0.047382650092217905,1.0,-0.3415373559292035,-0.180255331284022,0.7472624292759531,-0.36442941549858815,-0.015006252605055488,0.17451082608512078,0.5754667077782525,-0.11209566220201342,0.08028655848044014,-0.3442305034438528,0.1693117214070614,0.03898098672864341
Caudate_L,0.3766163463075817,0.6969384067572961,0.07112709780914889,-0.048193903117189525,0.5342181952924637,0.16171266772701468,0.15781697078252013,0.5203698434368588,0.22079204306750772,0.4526018149922022,0.42519094678623454,0.44528827306599916,0.08647039970944248,0.19549733571539307,0.2257980552077321,0.5305165070326872,0.09721721288103928,0.2792512085713591,0.61286205322102,-0.15609619866188817,0.5252305787478083,0.16369410343825305,0.2631190782191109,-0.09137088917132524,0.39715106669588196,0.5643341593619022,0.5317460546062877,0.06155484485372453,0.09666737519687656,0.2210338190444956,0.6071354585683424,0.21268434392141847,0.6398553134712547,0.6055815589565863,0.0934193706758777,0.6747591196620157,0.4576595659580879,-0.3415373559292035,1.0,0.22790318064620976,-0.3359850758301556,0.8589582093883061,0.039214376895989035,0.36403001053184575,-0.14060165099390967,0.0009746193540306021,-0.0830919399488436,0.49071933267131473,0.1598745321936515,0.40523328076294557
