,Frontal_Sup_2_L,Thal_MDm_R,VTA_R,OFCmed_L,Insula_L,Thal_VPL_R,Cerebellum_6_L,Temporal_Inf_R,Cingulate_Post_R,Caudate_L,Cerebellum_10_R,Frontal_Inf_Orb_2_L,Supp_Motor_Area_L,Vermis_10,Amygdala_R,Temporal_Pole_Sup_R,Temporal_Pole_Mid_L,Thal_IL_L,Cerebellum_9_L,Frontal_Med_Orb_R,Temporal_Sup_R,Vermis_4_5,Postcentral_R,Frontal_Sup_Medial_R,OFCmed_R,Vermis_1_2,Thal_LP_R,Thal_MGN_L,SN_pc_R,Temporal_Pole_Sup_L,Heschl_L,Caudate_R,Thal_MDl_L,SupraMarginal_R,Frontal_Inf_Tri_R,Thal_AV_L,Olfactory_R,Paracentral_Lobule_L,OFCpost_L,Thal_VL_R,Cingulate_Post_L,Thal_MDl_R,N_Acc_R,N_Acc_L,ParaHippocampal_R,Temporal_Sup_L,Hippocampus_L,Paracentral_Lobule_R,SupraMarginal_L,OFCant_R,Thal_VA_R,Thal_IL_R,Cerebellum_Crus2_R,Frontal_Inf_Oper_L,Cuneus_L,Lingual_L,Thal_AV_R,Frontal_Inf_Tri_L,Pallidum_R,Calcarine_L,Precentral_R,Frontal_Sup_Medial_L,Lingual_R,Thal_PuM_R,Hippocampus_R,Thal_VA_L,SN_pr_L,Thal_PuL_L,Occipital_Sup_R,Cerebellum_Crus1_L,Cerebellum_Crus2_L,Thal_PuL_R,VTA_L,Fusiform_R,Calcarine_R
Frontal_Sup_2_L,1.0,0.3401538925144512,0.010749870181288241,0.3059052197186746,0.6892315268809986,0.27263545606994816,-0.16064964377804786,-0.27774369858619685,0.5947586875607731,0.6747591196620157,0.2241128812877961,0.6785282682231294,0.5813490152935876,0.34778469861177685,0.7304602268629667,0.04097547233205201,0.28454838826657136,0.3138510978399056,0.4746204539704329,0.24544059777462343,-0.04607685127189664,0.005199928007751766,0.18942881585994167,0.774069983397822,0.21417266378987768,-0.45716163749798294,0.20962876855415905,0.29734186576395466,-0.00837128881278184,0.4245248074547429,0.4000561067262466,0.6640331709544041,0.6036742684770462,-0.07356344445522664,0.7453333191637106,-0.19218431789737608,0.5982309588188366,0.12017898271054009,0.46725659500139827,0.19922348580735014,0.5511527827758641,0.14604645387643744,0.6623171869157872,0.6137335062086273,0.570079204803289,0.2167301044784854,0.4411256020126676,0.29011283703262486,-0.34708252194842043,0.730807022059552,0.4965072943405564,0.3083861669155557,0.4194307390350545,0.5353984574863807,-0.06492430938458335,-0.15637638957668215,-0.08976541959420786,0.5513235390355492,0.6447212655035474,-0.4582627627588949,0.4398724423635099,0.7643257836357141,-0.21497585032162841,0.0008703343946678785,0.7229987741201667,0.1745257183594551,0.5266485076273204,0.09062593276438227,-0.08160161957945015,0.07333343221803394,0.279112343750473,0.24579725104151925,0.3011862119612031,0.3425099789964119,-0.49322710687007276
Thal_MDm_R,0.3401538925144512,1.0,0.5431078970747745,0.19786960074214724,0.46035723825820585,0.3181856116214036,0.0884547362884152,0.33540017860324195,0.3301806053894114,0.37202637380935155,0.12506801581799873,0.35654984199862017,0.24959215002464918,0.050870877837942176,0.6036419594918767,0.5304236288454631,0.004286589950974076,0.3427222482786645,0.2767171746972283,-0.17969569591418136,0.4594779121590092,0.22970733986253278,-0.28876421990101947,0.2709807121038097,-0.13576343377725422,-0.04855514010231064,0.20299027239874956,-0.15882706755276788,0.06728196468315548,0.31398844576801677,0.14261960556239325,0.22633191761684512,0.15135926262803107,-0.20317962860135508,0.41932115311264767,0.22403523054462077,-0.03464117588215617,-0.2623713036739164,0.37502034044920135,0.298073600524357,0.23606659418427114,0.20332929567075864,0.2112327165554065,0.3112024281338751,0.6075518656939881,0.17973643057567165,0.2909607387341701,-0.10948796367814145,-0.1635381246760444,0.24227922347507322,0.41955727466852677,0.5610189990314458,-0.15799863006179932,0.32684000419644804,-0.0466184365788463,0.19472675709879742,0.22896070872038038,0.25015641762030333,0.33151016157540003,0.05921474980290652,-0.05769978641157649,0.4865642200660065,0.3603810681794374,0.22320441771777053,0.514465930895686,0.17965188693366216,0.5218717090294847,0.1293497798130698,-0.01531393075558435,0.07333237456174604,0.02350010945950745,0.2207772868274717,-0.15215024231580773,0.5012258097309831,0.07716289639635232
VTA_R,0.010749870181288241,0.5431078970747745,1.0,0.19461997649253363,0.2738626373669657,0.36499325964745916,0.04562513114165018,0.24423559586812757,0.19496243536808158,0.11915734227015999,0.21185899734092925,0.1411391370876151,0.03032279573525894,-0.026271543431797807,0.20229133226447907,0.4005071135884306,0.011014822681677172,0.31454477147777254,0.01384328013686244,-0.14791653730423146,0.41069611898723835,0.4661719583317858,-0.13681074262859097,0.02254480089404851,-0.10552717306381192,0.2824758707978492,0.23748118599722534,-0.07234297764583895,0.32662297871107576,0.14738461643222314,0.2279273425145067,0.04822374203590045,0.08866954314638208,0.05445848015897454,0.1596672973120966,0.27934208931808713,-0.2388985506576323,-0.12666406059152335,0.1427452984775456,0.335812291535434,0.10659915051292607,0.21938635005066184,0.03171700128607906,0.11952160618523577,0.3978871163391144,0.23587396030735716,0.30215474712454865,0.060150197306175,0.16476460719499095,-0.04100063453399116,0.1873707020698135,0.43707226247880737,-0.20878777449667868,0.32205028411083253,0.10051502229227556,0.4132368213016065,0.29007505575010717,0.20428620512081358,0.051639802373794085,0.4153282612895098,-0.07854491778255328,0.18522632884473664,0.5339269817843534,0.3900316878838578,0.3212526625576158,0.27706990968742334,0.34714644002499456,0.24991564035742608,-0.028114370384572155,0.0007734428626734624,-0.0942803145768244,0.09764612499000341,0.11741765701114155,0.3643055948082478,0.37174288084061835
OFCmed_L,0.3059052197186746,0.19786960074214724,0.19461997649253363,1.0,0.13658104018346937,0.21810807155827783,-0.3611474782385813,-0.0969868481631573,0.5061827925313922,0.06155484485372453,-0.02312980934143764,0.23072578427032928,-0.03473842725923063,-0.08268993299134296,0.3224989133076766,0.22959746465975225,0.43701785624959427,0.2808186208957062,0.10646519469643445,0.19253663922629358,0.22466365809818772,0.37073556874911706,-0.008023292367262267,0.22781670615486713,0.1515588160147834,-0.1408963576858384,0.31860807104084354,0.11546692354293236,-0.17989537552304438,0.20698923285757545,0.16760441150540167,0.1299794300826717,0.10323967613981899,-0.017471305896708346,0.5201886811962435,-0.38365665875988436,-0.23375477761383467,-0.058055380097378186,0.16031374243890392,0.27803310653579,0.041228677056781356,0.3106163321811428,0.1639387279096784,-0.09296496077151832,0.2863986077395237,0.10671118148353194,0.1834057212356017,0.259662064678914,-0.13952392721411097,0.11021017373066996,0.6367677209453461,0.4683287560022856,0.04409429863202925,0.5491200762563623,-0.13957186175894631,0.0012933608813278698,-0.0500693478826445,0.6379400741336417,-0.1363764177720991,-0.05586150342812658,0.02241625850361397,0.2733461076999759,0.12854573055237487,0.03916996022723694,0.29840341328727654,0.2962826962595119,0.14534002807084243,0.436134596334264,-0.017964945729566584,-0.02616213020039921,0.0347256611447642,0.5446957523503714,-0.11092355102664764,-0.045637905113352105,0.044542314261508606
Insula_L,0.6892315268809986,0.46035723825820585,0.2738626373669657,0.13658104018346937,1.0,0.40514497459253423,0.017099904022026543,-0.2974812437252644,0.5383455498388258,0.5795200580472609,0.511959661428656,0.818902400354324,0.45643824749258244,0.21169626131209993,0.504111540403191,0.09803514892773299,0.16762360365220513,0.540677862519975,0.504111062482016,0.21464559655324697,-0.1382024313432718,0.25804054834614715,0.3059422276516668,0.5705317955508294,0.010807154034221955,-0.01966963362540765,0.24451813703836126,0.2816178040143177,0.2589069695615403,0.6778239123707522,0.5385440612670684,0.5184580734836132,0.6368477243360766,0.1987118282880518,0.4700276962957102,0.22635704934070675,0.45736960982090785,0.10367948854377497,0.6131081698914962,0.35145724967422953,0.4569362713166759,0.2048048880814033,0.7266643755697542,0.6039723326376727,0.4570156152706241,0.6986085444928116,0.7624719848458166,0.3110543262490759,0.07297015288221724,0.6185571934347813,0.26151799156570876,0.09322793644186116,0.27603856657661596,0.6819795563119375,0.219256303418509,0.33990140292336235,0.13033314533072665,0.3619081302787994,0.5630104225431664,0.08534855734158082,0.3915593470588949,0.5811719294749476,0.1274536085662568,0.3166491642577493,0.7038307991758425,0.3350788026565891,0.728086691294614,0.2725565529329124,0.043808722847313665,0.06471326817087619,0.08928952099352348,0.1423354342198135,0.46948709610723177,0.31266537440879594,-0.10563568314137134
Thal_VPL_R,0.27263545606994816,0.3181856116214036,0.36499325964745916,0.21810807155827783,0.40514497459253423,1.0,-0.02703211975005278,0.09536603193011912,0.6241785982896721,0.47974120082760874,0.24672370140678893,0.13512071237368187,0.529144714534783,0.06369085566440251,0.17231789262139874,0.07758316078720223,0.16995691481856018,0.5716094859460392,0.27160679214118416,0.1390945742420306,0.3617361624050259,0.29883032080345184,0.3998057193384536,0.1317028619273377,-0.05655820786423317,0.14594669084523051,0.5583912743193821,0.44076608305278064,0.5288912179533015,-0.1184258955968223,0.5621702935321994,0.5073573794412678,0.6272357685363518,0.4279841304516322,0.2861051312520713,0.12497146903227421,0.12281539143004604,0.42364385450462916,-0.0074764271574572945,0.8266746842117592,0.6669379688379012,0.3522612422677122,0.3624495439574181,0.12780402253973058,0.5456831969170318,0.18603797049426662,0.5601914972374137,0.5645299227450701,0.39292105118562376,-0.05958430539287671,0.12806305229818174,0.2463032686366654,0.13102465454973825,0.3978427346815709,0.20773678104424628,0.36689380035315355,0.10286078347923507,0.31278212167474956,0.37606316832873454,0.29815289397163125,0.47904516868166697,0.22023009592197973,0.40854404793868626,0.7687036285334375,0.6434124645478511,0.666155284099727,0.36878967591562467,0.4840097741661562,0.045601751762176734,0.11083752773301003,-0.06769226518389738,0.16147512333506375,0.22383508831000995,0.5037052828659118,0.3098584131643787
Cerebellum_6_L,-0.16064964377804786,0.0884547362884152,0.04562513114165018,-0.3611474782385813,0.017099904022026543,-0.02703211975005278,1.0,0.22897128334826478,-0.10595982971606561,-0.09137088917132524,0.16605004834499257,-0.04235771570621457,0.1281051170747918,0.04673868606518212,-0.09631507928947881,-0.17699102901501196,-0.13722258460267076,-0.0017831119710902197,-0.08568044587032235,-0.32021082528745837,0.05920663584011322,-0.0401172654765158,0.06862211451321969,0.03773756838342478,-0.09200466555868748,0.16045126378402735,0.01626613765280626,-0.261550995644465,-0.061865140911096614,0.004009363657070645,0.029019072091988816,-0.11079858767711039,-0.03998787929212964,0.16954483573787552,-0.12267253628377069,0.143984810537667,0.14985243461605094,0.005027808633962207,-0.15956826694489398,-0.03402689028143278,0.04856034651543587,0.057361640592552034,0.0028852435414097113,-0.12511912696200664,0.03767863863890124,0.10818231539986198,0.10947364831128298,-0.06720755942981921,0.112194997093856,-0.09829922163868855,-0.2253232731461946,0.0017739365290115325,-0.2629313927665385,-0.032731661198531735,-0.08866940080681933,0.2609321633709086,-0.16102743098598665,-0.30138169009950627,-0.026114214933636956,0.16285485144158188,0.16488381285297213,-0.010497841580713846,0.15053303863768686,-0.0415774075845781,-0.07623136493524173,-0.12127032891097286,0.05062070288995729,-0.03485748972842051,0.08716110083298924,0.1619304782337525,0.03323794218834928,-0.09878794265477668,-0.004295215449172191,0.08823604388425547,0.08814010985089868
Temporal_Inf_R,-0.27774369858619685,0.33540017860324195,0.24423559586812757,-0.0969868481631573,-0.2974812437252644,0.09536603193011912,0.22897128334826478,1.0,-0.12100693855801387,-0.12140094257316321,-0.2975719176913004,-0.4508283129539722,0.06338150156784307,-0.19068442759599952,0.03752162911213884,0.44643339954390704,-0.1502068270695041,-0.15203282722793823,-0.16896418728912696,-0.5206473335189635,0.7225548530394649,0.013508006520296312,-0.3929911917302762,-0.21061392146765426,-0.18925566253025408,0.21504777275649167,0.09379218333569857,-0.47791038779056966,-0.023529038805685853,-0.32882448509855733,-0.14901741396002638,-0.1977083858308887,-0.2897593213742049,-0.16154990800829627,-0.018205073633503564,0.16074341519493035,-0.2232744063429739,-0.28578408643419584,-0.3070239644695765,0.0973184096023293,-0.018352227969231347,-0.036685231222151816,-0.348821991335733,-0.21853634919432208,0.3384041419694502,-0.29904910512586985,-0.2203136359735291,-0.2585613072772269,0.05873198392883034,-0.38587395817933956,-0.15818178417276615,0.3227252441564215,-0.42603274181088635,-0.30460297021957866,-0.18412308952155929,0.1904148956746346,0.23094225298003593,-0.21739814613019473,-0.17881927742468687,0.1760283678048684,-0.26477256071655936,0.04167348029403227,0.5232496923901586,0.182018929578192,-0.011210398905476213,-0.1540945224925678,-0.057575180072116074,-0.13318405351516263,0.09849405251523684,-0.03003589450911978,0.060063518562152855,-0.05169492534120079,-0.39539932589084525,0.4091081041254826,0.32082357842205556
Cingulate_Post_R,0.5947586875607731,0.3301806053894114,0.19496243536808158,0.5061827925313922,0.5383455498388258,0.6241785982896721,-0.10595982971606561,-0.12100693855801387,1.0,0.5252305787478083,0.20633163117377304,0.3490508946298223,0.5635926238710705,0.23954194108129942,0.46427692905397167,-0.0643900269688834,0.33866117891713393,0.49080658501347063,0.43289019185821836,0.2527874312733643,0.1928305339545647,0.2514763591524613,0.3417561750855348,0.38423149939623796,0.09734646642839745,-0.21723759417714442,0.517520658015641,0.3977502218650218,0.11939216549886851,0.18001780746674756,0.5294045215404846,0.5553933733123357,0.5841341564131584,0.22323376230684389,0.608869268740326,-0.23963631099718252,0.29485980171868936,0.3061884169169032,0.13611650059893557,0.5977352942084805,0.6553803560934038,0.3558420808536276,0.5236957126643356,0.17393648972102765,0.6227616039485954,0.29163458401374165,0.6124052809801614,0.5511505215000886,0.006792268136994297,0.23697569301441337,0.46949863015009924,0.4007361461317306,0.15502249807320317,0.6588358071026497,-0.09907011952460128,0.21984166645465122,-0.22119866884248646,0.5801620025725872,0.42290440751507213,-0.053438590992075666,0.5736636521836278,0.3824564509598103,0.1800613100261444,0.3659207435446251,0.7541380448813481,0.4980004791230952,0.5359103778355716,0.47671595269005557,0.002164299495006126,0.14521424676682035,0.16807604352920041,0.4918975659034733,0.2244805515330712,0.25179222665420165,-0.02872211295956205
Caudate_L,0.6747591196620157,0.37202637380935155,0.11915734227015999,0.06155484485372453,0.5795200580472609,0.47974120082760874,-0.09137088917132524,-0.12140094257316321,0.5252305787478083,1.0,0.19549733571539307,0.4017535799218013,0.6033383466854731,0.367751485235444,0.6064787809764212,-0.0830919399488436,0.22079204306750772,0.29465993234567334,0.5317460546062877,0.3766163463075817,0.06372334345037715,0.02443327402637779,0.20329126534932557,0.2826785590921172,0.07907111366397629,-0.42870697448153805,0.21268434392141847,0.45606274814318376,0.2756281082145745,0.04246888715771831,0.3567679441704442,0.8589582093883061,0.6398553134712547,-0.005989294658210456,0.49071933267131473,-0.028510521719015927,0.5342181952924637,0.2733982901354057,0.18993096146370758,0.42519094678623454,0.6209109157217001,0.06950981683908306,0.5203698434368588,0.5763345742514612,0.6071354585683424,0.03262474029167534,0.39057068647486487,0.3499269762129019,-0.12756454491809815,0.3728532389168325,0.382142407860274,0.25388337701925606,0.28976200183168127,0.36384301519681456,-0.06806058413161382,-0.050602838676081646,-0.04547794114310977,0.5290841446036367,0.8484787781481922,-0.30175541748356416,0.420000143697847,0.4191426999726225,-0.08527409532211226,0.19902152695877784,0.6969384067572961,0.36403001053184575,0.5804478599132188,0.08647039970944248,-0.09795806325255921,0.023093336524315337,0.15781697078252013,0.039214376895989035,0.2792512085713591,0.4789205118858164,-0.3359850758301556
Cerebellum_10_R,0.2241128812877961,0.12506801581799873,0.21185899734092925,-0.02312980934143764,0.511959661428656,0.24672370140678893,0.16605004834499257,-0.2975719176913004,0.20633163117377304,0.19549733571539307,1.0,0.5034916223089677,0.16883860910824763,0.11060595553010129,0.16913308733215737,0.025463721716743076,-0.015189814784484125,0.38283706165986897,0.3229311755818322,0.14848685696282496,-0.1797343300434272,0.20719633524675585,0.38982113674209107,0.3297155797238864,0.008957573450232764,0.0288018754056534,0.011490892069456747,0.3083492004584021,0.28377096067559765,0.3369878026896887,0.34721550492330433,0.2577523231320784,0.39370727584742415,0.3690631110433464,0.10810688539678819,0.1142033371463506,0.2518268896877233,0.2517075284655745,0.4100743815535505,0.14878384916446835,0.23211562358623442,0.09962402924476721,0.3577163260402894,0.2590534174678725,0.1578395431379675,0.4520881989973774,0.49791203013660784,0.2931963024350889,0.27264786106144034,0.3170233536698517,0.01396329555004503,-0.14028398935832634,0.04747117000575626,0.3379244911828263,0.30915714318307724,0.23210420093639103,-0.02434401975893099,0.06703317617426323,0.2744833913579011,0.2583331438038559,0.3124516585493704,0.1588494955981302,-0.027858869377099138,0.21658421624267263,0.33424187950720025,0.27380915537637485,0.32080940243748474,0.21026724143283318,-0.07580013618746043,0.16460728800422658,-0.15372648786845797,-0.09845644816538794,0.33574309890279164,0.1087135310596966,0.10435513006227709
Frontal_Inf_Orb_2_L,0.6785282682231294,0.35654984199862017,0.1411391370876151,0.23072578427032928,0.818902400354324,0.13512071237368187,-0.04235771570621457,-0.4508283129539722,0.3490508946298223,0.4017535799218013,0.5034916223089677,1.0,0.23106374070155092,0.20622842598457128,0.526457442349828,0.14706493825928252,0.17443771900407942,0.42826037372545234,0.4442937888156147,0.20126653890633384,-0.33257983552803394,0.1294825324855363,0.21569404585109242,0.6210473529070766,0.02497271401422979,-0.15304170416511942,0.05564371865868601,0.18561534121063686,0.02148509997950442,0.7989304667520967,0.2983853646533318,0.39965483573113864,0.47812874313059534,0.04087190271026403,0.4274159142871648,0.09226163720189236,0.37472676319014636,-0.001004386093483909,0.7709939247602656,0.09126590179702543,0.2972301598079011,0.149724034001648,0.6518969476272127,0.5771526650226674,0.3020472137678703,0.5982058591623213,0.5766081283031342,0.1530421149949556,-0.09394523437147471,0.7336231523636247,0.3684671019392562,0.07429454021366687,0.29472119572342803,0.6162759096252045,0.18818783076160797,0.07106764899054833,0.025225703249484453,0.36773379101537496,0.42847739309829774,-0.08082115081329581,0.23086817847225727,0.5850000743835962,-0.13783952729935897,0.037917985884094056,0.509290481066365,0.18826908495988767,0.5861845151638475,0.17180716348828487,0.023616397908331355,0.13448952635261116,0.12424345695028007,0.17925673430703937,0.3540762411579553,0.1662155574753775,-0.27320940850318065
Supp_Motor_Area_L,0.5813490152935876,0.24959215002464918,0.03032279573525894,-0.03473842725923063,0.45643824749258244,0.529144714534783,0.1281051170747918,0.06338150156784307,0.5635926238710705,0.6033383466854731,0.16883860910824763,0.23106374070155092,1.0,0.38828118479704415,0.4295937830163079,-0.10971927952932313,0.21720216557015212,0.36301450010060743,0.3430663101359842,0.1413634738173524,0.24575516485791324,0.08569718369247713,0.41528080218998376,0.3935456308336901,0.1610550201772963,-0.16367104907597377,0.429783866775963,0.28109884822114084,0.14948524303252292,0.03180759802774424,0.4954728715851256,0.6490159210502928,0.5909776830518023,0.26008019120299547,0.5207813144047971,0.0442551514233609,0.5965941813465611,0.4448540915155277,-0.0007886110813364613,0.48534748363505054,0.7018807886946107,0.10677926863074214,0.5176998982208102,0.36070811490992266,0.6079557266384951,0.22122700420660393,0.5622943506786227,0.5912117444564413,0.15728267913544175,0.29394929940928616,0.11483446091281402,0.18580767343014268,0.16019091847328984,0.3542262576356776,-0.031032101191953217,0.26815863976088783,-0.08436677230841787,0.3001454113150987,0.6313770357660311,-0.15835677236294218,0.763051113059463,0.45942839041897554,0.15084766536373034,0.2658541176592979,0.6748427503579882,0.2792818568286172,0.3722030295207308,0.06231602921889479,-0.00401273387886801,0.10965479192203227,0.22588090827928128,0.06841548368759126,0.2928627722092633,0.5071879580486723,-0.15931653226759038
Vermis_10,0.34778469861177685,0.050870877837942176,-0.026271543431797807,-0.08268993299134296,0.21169626131209993,0.06369085566440251,0.04673868606518212,-0.19068442759599952,0.23954194108129942,0.367751485235444,0.11060595553010129,0.20622842598457128,0.38828118479704415,1.0,0.3461160115088263,-0.21401809681751502,0.13821498875046484,0.03721512924841365,0.26768369722930146,0.23637881826460427,-0.1063171297903063,-0.20636616781656789,0.08373254060024661,0.20175617715613894,0.20673229987677302,-0.3941714966137828,0.12439529414451907,0.1396900322184286,-0.10052903538162354,0.11044752582773065,0.21074924953184632,0.42711142363605814,0.2888510752255693,-0.14087298827728686,0.3396546470866763,-0.12553082123650192,0.3661055269453785,0.1053970493416618,-0.026754264147761032,0.019820857765992485,0.23478123140417922,0.08269806469892073,0.307804725511494,0.32925922339455854,0.23513418812532927,0.0015947846681214556,0.15735281120328143,0.13323735003144677,-0.23535818097554956,0.3378495512958223,0.2969457947941657,0.1052706684062533,0.1518243686442656,0.17945762544194552,-0.15986918335653147,-0.12370377873852714,-0.10397820011075042,0.2696430499347266,0.39087034027894746,-0.4357783005382261,0.2993970589445165,0.19394122251248205,-0.20648437702257308,-0.2147024025998014,0.2786788779651013,0.036653315897394595,0.2520723313866027,0.08593845465517976,-0.06454978328353554,0.08065150205758664,0.15900977735930724,0.025608862753517155,0.27375719912071217,0.07861884554578723,-0.46071513118851154
Amygdala_R,0.7304602268629667,0.6036419594918767,0.20229133226447907,0.3224989133076766,0.504111540403191,0.17231789262139874,-0.09631507928947881,0.03752162911213884,0.46427692905397167,0.6064787809764212,0.16913308733215737,0.526457442349828,0.4295937830163079,0.3461160115088263,1.0,0.259834962439375,0.25635615991736693,0.14888622500074464,0.40167455278103126,0.10413676081739281,0.2490693881021181,0.04371136574121181,-0.13518924478508104,0.5401105934931575,0.19990955888664855,-0.5500336054143447,0.15870064850083945,0.08368130682676636,-0.153112759363582,0.3461903525390546,0.18070244149393166,0.5484138937543432,0.3226193456796027,-0.30765277082318165,0.7211633096951285,-0.19555667766663734,0.3561906298924348,-0.06821497419317726,0.4161868779688198,0.13500656659112095,0.40278899911074456,0.07984007405091369,0.3768350200598052,0.5442871934654843,0.6848037794649225,0.026859435405356645,0.257357248270296,0.0925839553759961,-0.46014237898336807,0.6006852132857345,0.6117630563614431,0.541839639036664,0.09948413069898061,0.4316269867113279,-0.26280923597780353,-0.15364489279045376,-0.06064392844540393,0.5511532860021396,0.604305010696369,-0.4708247016243842,0.19224978440441504,0.6839859716370938,-0.11504447956608738,-0.14783299616596415,0.6481902409361311,0.01995722568017393,0.4844147222389176,-0.0017643665513064545,-0.1500860558336834,-0.012858764451841566,0.2788722097388044,0.23912387630734924,-0.009451645061949253,0.4296703036202881,-0.4567740570447519
Temporal_Pole_Sup_R,0.04097547233205201,0.5304236288454631,0.4005071135884306,0.22959746465975225,0.09803514892773299,0.07758316078720223,-0.17699102901501196,0.44643339954390704,-0.0643900269688834,-0.0830919399488436,0.025463721716743076,0.14706493825928252,-0.10971927952932313,-0.21401809681751502,0.259834962439375,1.0,-0.08060822053067081,0.2478375517241154,-0.08020141687434472,-0.3386011114763206,0.5407722520397886,0.28047619929753065,-0.39313336605847904,0.157947846737516,-0.310975962654148,0.2587793574059458,-0.0635850256421065,-0.258636852546693,0.10915288756515835,0.2177810340025262,-0.07602928744952911,-0.1766770243107678,-0.1649304812692271,-0.20325631679511882,0.21176660109071208,0.30483516484012285,-0.3731444419306278,-0.39234379627697924,0.41414163536894516,0.07438059701852427,-0.0788644148207302,0.02547434720302035,-0.20741699591289964,0.08839585835637245,0.24563516472431088,0.06139416512936892,0.0587207605132102,-0.2197586239204887,0.05650087402630773,0.03573956894319909,0.11882538542990093,0.30184394434223794,-0.2559257926851875,0.003854029974884359,0.2477650665109426,0.13048953904847235,0.5194670808333008,0.07923876391048038,-0.1654183825317192,0.2691806600079696,-0.38615546918931526,0.2766865160339356,0.4587076284892112,0.2547209662428976,0.18247888332730033,-0.030193517095134664,0.11598317296163714,-0.022744084162064755,0.05674420986917414,-0.05850777502656148,-0.07836763324444387,0.009121386349075507,-0.2257540264811857,0.36005635587488494,0.3584145949480929
Temporal_Pole_Mid_L,0.28454838826657136,0.004286589950974076,0.011014822681677172,0.43701785624959427,0.16762360365220513,0.16995691481856018,-0.13722258460267076,-0.1502068270695041,0.33866117891713393,0.22079204306750772,-0.015189814784484125,0.17443771900407942,0.21720216557015212,0.13821498875046484,0.25635615991736693,-0.08060822053067081,1.0,0.12525122445970804,0.2451460822593173,0.2057712905231846,0.023434474685258007,0.26853997128446594,0.26201705488637345,0.21993640175502793,0.0525404507194069,-0.11405425501833466,0.2510766038726694,0.24123136603147702,-0.03031021224998757,0.0367965428091648,0.21643030815261358,0.25118843607026403,0.19410829376959,0.14821362819479386,0.33540129064305607,-0.22254616081951012,0.048131477824551044,0.2776996301657198,0.058812163228741006,0.30412181859876064,0.20395452569189043,0.26430233379099194,0.250798942838169,-0.057421881655596516,0.2644564043478925,0.0862968871619491,0.32588095924436583,0.434075236556898,0.011828967943239352,0.13118985615072482,0.3312258800107162,0.22350047866704698,0.25143844201570453,0.32497892943678913,0.01944489399333969,0.024646167679902575,-0.12065533326344552,0.3709789058493409,0.09822660206368038,-0.14004797521596682,0.30674916025601173,0.20650055386866958,-0.027363738019124142,0.022310701946826408,0.3349081298759913,0.22310353661502735,0.17153022208783703,0.23890007185052164,-0.06186153397727208,0.11205310012570689,0.01424788193062657,0.2637207350694715,0.16094102882701,0.14027208759171697,-0.06559002317361015
Thal_IL_L,0.3138510978399056,0.3427222482786645,0.31454477147777254,0.2808186208957062,0.540677862519975,0.5716094859460392,-0.0017831119710902197,-0.15203282722793823,0.49080658501347063,0.29465993234567334,0.38283706165986897,0.42826037372545234,0.36301450010060743,0.03721512924841365,0.14888622500074464,0.2478375517241154,0.12525122445970804,1.0,0.27075622177453723,0.10231331045807844,0.10865376205496152,0.39864284539146444,0.33515318486473106,0.2760532111564678,-0.09204780474067274,0.24814972411851965,0.3588789024473932,0.3722455235581051,0.37844738874524037,0.3127020692751129,0.41623338629752804,0.2891431769622735,0.5085822923098774,0.33226850029452165,0.2862869582587961,0.21648524904359168,0.0338525344874087,0.22732669779437836,0.31322446505544443,0.564099011182302,0.3661140936667771,0.3722051397456513,0.3895947190478424,0.14576348550969895,0.3183679635200526,0.4612257387980271,0.657655709547603,0.4260067518613665,0.3934712653853574,0.20501242566966593,0.1795651665580728,0.20579941234582444,0.08545381936250965,0.5669193761338632,0.3199784242603851,0.3721100365596751,0.2071813499124215,0.3414766150651205,0.18739613190246912,0.3324107749772584,0.3732579873790225,0.2770279048885566,0.35467261048193455,0.5307028144293934,0.5301735400319971,0.5020960294927234,0.4339483101855762,0.4163128464579211,0.09695646656102838,0.11739701876064311,-0.1269773645121905,0.17130566164295757,0.32322455537456973,0.27417517923953566,0.2767611041084086
Cerebellum_9_L,0.4746204539704329,0.2767171746972283,0.01384328013686244,0.10646519469643445,0.504111062482016,0.27160679214118416,-0.08568044587032235,-0.16896418728912696,0.43289019185821836,0.5317460546062877,0.3229311755818322,0.4442937888156147,0.3430663101359842,0.26768369722930146,0.40167455278103126,-0.08020141687434472,0.2451460822593173,0.27075622177453723,1.0,0.23303317428953127,-0.1597010267028079,-0.09129217194998707,0.22093528051131775,0.25648078161306187,0.15677369647850822,-0.4276587132129956,0.1114341203781393,0.3391869663381048,0.1950340800546741,0.1990735331652054,0.30698176271317945,0.5007082207314889,0.4943462256960863,0.07618582744065099,0.2725333931482021,-0.16106013062089788,0.38503968057236804,0.13550696137090576,0.3039961092327018,0.2875613867295057,0.4355295485023663,0.15686338956100424,0.5267644487304893,0.24497967076171018,0.37305068369704264,0.16547152820424696,0.3670780913103386,0.2309676128796152,-0.07139974531776756,0.32295381379096033,0.24558052996788957,0.19375086660146829,0.2571320983447629,0.38102820987251906,-0.0005335311687469442,-0.07522680691615617,-0.2373871942964788,0.26565564704873984,0.46851402248461854,-0.2015535369449983,0.268036082798342,0.2987773927433933,-0.17809331248505036,0.12609014794791945,0.5739893987448105,0.335530494306653,0.6127714000121877,0.24523299522125458,0.039793910541025865,0.281551263057643,0.05534977765573187,0.1697804176007914,0.16891185330737826,0.12967470763207653,-0.24261368019289853
Frontal_Med_Orb_R,0.24544059777462343,-0.17969569591418136,-0.14791653730423146,0.19253663922629358,0.21464559655324697,0.1390945742420306,-0.32021082528745837,-0.5206473335189635,0.2527874312733643,0.3766163463075817,0.14848685696282496,0.20126653890633384,0.1413634738173524,0.23637881826460427,0.10413676081739281,-0.3386011114763206,0.2057712905231846,0.10231331045807844,0.23303317428953127,1.0,-0.34290805149297193,0.1702134698706482,0.28301813076767673,-0.07103170389723128,0.02535867528574599,-0.40614375127389923,-0.07285073340501672,0.5317819378962966,0.04650341125180425,0.09583461887337773,0.1353486255991562,0.5069446812024784,0.37921312940339935,0.04371025114708668,0.20984763884373697,-0.021218896543056243,0.2416286915668038,0.30598996107232335,0.11808785707348533,0.13451613200043788,0.10837276191048953,-0.1960131012835738,0.2848812501717623,0.3727025304442999,-0.10878727830255389,0.14770880807134482,0.12980487917845365,0.40700117321462487,-0.01526143104764122,0.16211193059020682,0.34743719591849553,-0.194283866530188,0.37497752529682077,0.2356650316545868,-0.027456686835556493,-0.104445217770821,0.006680474893844457,0.5330985977762058,0.37236815239617677,-0.2317146878726097,0.2997732237933398,-0.07827395680579596,-0.3111823959937806,-0.02164907620528373,0.145257209066008,0.3032829314542334,0.03314715949846241,0.003891478614512578,-0.00645270394257645,-0.06911357549344142,-0.08713360319794085,-0.13095368399569846,0.20325358663984772,-0.2203525912026558,-0.26432174715030965
Temporal_Sup_R,-0.04607685127189664,0.4594779121590092,0.41069611898723835,0.22466365809818772,-0.1382024313432718,0.3617361624050259,0.05920663584011322,0.7225548530394649,0.1928305339545647,0.06372334345037715,-0.1797343300434272,-0.33257983552803394,0.24575516485791324,-0.1063171297903063,0.2490693881021181,0.5407722520397886,0.023434474685258007,0.10865376205496152,-0.1597010267028079,-0.34290805149297193,1.0,0.28870060965828975,-0.23904400177577922,-0.04311939881889836,-0.10107522369440582,0.17078024761238408,0.3098843136643335,-0.21723521630939777,0.07963514160560177,-0.32773534028925166,0.19043862908668313,0.030382891406527415,-0.10206885544063653,-0.00704824438902461,0.3098499872881827,0.00837782995723962,-0.2613740532313346,-0.06742823872629962,-0.24150055624562086,0.3837459093812582,0.13598926030552638,0.1821013394479249,-0.23440697496243723,-0.1724772008681993,0.5588133343862415,-0.24343969601130513,0.06430263167272847,0.09519638445813135,0.08791702704647629,-0.34503062843732585,0.17662944117484589,0.5460220182903607,-0.3418854339794824,-0.028216001821904802,-0.09361687428480439,0.2828183358938415,0.21738656443201726,0.13215486752920086,-0.014786740746750748,0.15463773361619892,-0.014830904659184603,0.16965400043532097,0.6548972710854182,0.32813083103353036,0.3098178676066329,0.10845794771915673,0.027965949985737593,0.1408105113870002,0.007486972299368133,-0.05662903319043116,0.11457396265615569,0.1906842045043755,-0.31715228665567075,0.5371811988432665,0.380837370963169
Vermis_4_5,0.005199928007751766,0.22970733986253278,0.4661719583317858,0.37073556874911706,0.25804054834614715,0.29883032080345184,-0.0401172654765158,0.013508006520296312,0.2514763591524613,0.02443327402637779,0.20719633524675585,0.1294825324855363,0.08569718369247713,-0.20636616781656789,0.04371136574121181,0.28047619929753065,0.26853997128446594,0.39864284539146444,-0.09129217194998707,0.1702134698706482,0.28870060965828975,1.0,0.18209557546599947,-0.03454274156402562,-0.2886933219407724,0.4125172609101514,0.15703314873458982,0.15227172759748492,0.21261481591838363,0.2299181462765251,0.254621873813517,0.03683477631560786,0.03596518868868575,0.32389685306015426,0.1329242340355027,0.33091361811515335,-0.29737533969206753,0.18394843944969183,0.22984059579982866,0.43464229113752595,0.0567167647074418,-0.08245168061378243,-0.03811265623730655,0.0217961928295089,0.15634237280535299,0.5165864237516894,0.495037222380436,0.44589296161773845,0.44907779136064513,-0.09765227107032798,0.1640069524021838,0.05883674069554444,-0.12709464130441905,0.32784049055435205,0.2570002430801054,0.6325303421233368,0.2732093430098968,0.291855324750989,0.003456032273382112,0.5491747237357826,0.16398700746006686,-0.01683583899819845,0.5285782292278108,0.39078047033327784,0.23848703738533003,0.2600866002553894,0.11478015515705979,0.07843908604669765,0.1119206505950025,-0.08752589084848057,-0.11814575424570964,-0.08094423380664803,-0.005678923246318839,0.1798108007285748,0.5419184354390935
Postcentral_R,0.18942881585994167,-0.28876421990101947,-0.13681074262859097,-0.008023292367262267,0.3059422276516668,0.3998057193384536,0.06862211451321969,-0.3929911917302762,0.3417561750855348,0.20329126534932557,0.38982113674209107,0.21569404585109242,0.41528080218998376,0.08373254060024661,-0.13518924478508104,-0.39313336605847904,0.26201705488637345,0.33515318486473106,0.22093528051131775,0.28301813076767673,-0.23904400177577922,0.18209557546599947,1.0,0.2671564510598915,0.17772784172880637,0.15595203382557932,0.3856567526106792,0.5525124318764406,0.340556691419675,-0.012555318485749862,0.4076178851722168,0.3578780737623874,0.46679006586913596,0.8695805866533527,0.02983053015068752,-0.07894917319499489,0.35076245001417167,0.8812112510640443,0.05345355721019588,0.4709497031320134,0.49312962635471624,0.1404168718976022,0.3893009282869606,-0.02666441384332395,0.08071887988193054,0.32786953895928495,0.5942011411056622,0.7793589673989341,0.5208971521881721,0.05473979672320211,-0.16108952300696044,-0.2771432224511273,0.30436231217703114,0.30694324027029074,0.30762086790097626,0.27163392091366306,-0.3212061597375627,-0.01612246772458652,0.2680786371752412,0.21540980806149762,0.7814320012168186,-0.07175432202603879,-0.057628624247441515,0.3194380600448371,0.327322643744314,0.4908375744736854,0.11603465773545622,0.26689436637122427,-0.06971221427316587,0.1752995632570982,-0.08538782262651762,0.008810714406919037,0.4205011527265888,0.11276988963775465,0.18918503463320088
Frontal_Sup_Medial_R,0.774069983397822,0.2709807121038097,0.02254480089404851,0.22781670615486713,0.5705317955508294,0.1317028619273377,0.03773756838342478,-0.21061392146765426,0.38423149939623796,0.2826785590921172,0.3297155797238864,0.6210473529070766,0.3935456308336901,0.20175617715613894,0.5401105934931575,0.157947846737516,0.21993640175502793,0.2760532111564678,0.25648078161306187,-0.07103170389723128,-0.04311939881889836,-0.03454274156402562,0.2671564510598915,1.0,0.24144952301700046,-0.17530499054639126,0.2539837890126546,0.09311740182775237,-0.07596254313442104,0.47507617330761825,0.32920517940891136,0.3007705906762469,0.4060338111241283,0.1178667139945141,0.6250550138176161,-0.1720022386399102,0.43714663107046536,0.08840699646048755,0.47991056288741496,0.057432953161781146,0.3780863926824075,0.2635434658328235,0.5182730900683262,0.36054760563441574,0.37993784040469186,0.2772389338159744,0.43459224858533485,0.1829916925365237,-0.2435490438055556,0.6871163637536591,0.29929771085148854,0.21600280999448904,0.27936737684186175,0.45767406875847516,0.07822230746294724,-0.08517698035528724,-0.09242996394563759,0.19268657996278696,0.2914270174500276,-0.2702078054326706,0.38416171355111667,0.751338516035695,-0.15973892668151132,-0.046565368181963517,0.5317011291789333,0.0400524456135152,0.3539988045801244,0.15641956497646367,-0.09701455501462831,0.12965120388693244,0.2627721570811744,0.3015426736702374,0.24827332818204714,0.26274084598997477,-0.3235949716778833
OFCmed_R,0.21417266378987768,-0.13576343377725422,-0.10552717306381192,0.1515588160147834,0.010807154034221955,-0.05655820786423317,-0.09200466555868748,-0.18925566253025408,0.09734646642839745,0.07907111366397629,0.008957573450232764,0.02497271401422979,0.1610550201772963,0.20673229987677302,0.19990955888664855,-0.310975962654148,0.0525404507194069,-0.09204780474067274,0.15677369647850822,0.02535867528574599,-0.10107522369440582,-0.2886933219407724,0.17772784172880637,0.24144952301700046,1.0,-0.2549013293645063,0.21608414705924303,0.1309040802701102,-0.13886721572527283,-0.028418393799744923,0.17651116425581273,0.16125132953102467,0.11957590141717492,0.0827655560342418,0.17351815292569425,-0.510657422473032,0.3111355375435285,0.1447887188229549,-0.15332170854339622,-0.10103706399692917,0.03371209771333469,0.2316119719433048,0.2346584055950425,0.012485748470069231,0.12905785667330408,-0.12702104646617635,0.01864866468197444,0.1489812951299712,-0.2409182170267209,0.25486906077975885,0.08160970854029005,0.14038960066800435,0.270802516097637,0.2039592266336877,-0.16517014348358872,-0.20912417200683686,-0.3586414626548951,0.03833127341844018,0.07884735501005179,-0.3712086155056258,0.2335434522703144,0.14903676308788655,-0.2961003106022637,-0.29469934756213473,0.14801589641249177,0.006164588155477076,0.05792467096576147,0.18220366059042495,-0.17482408612383174,-0.02282042140851336,0.060948791954273586,0.25830864140352805,0.165767043362622,-0.0609516678638661,-0.3689098489694172
Vermis_1_2,-0.45716163749798294,-0.04855514010231064,0.2824758707978492,-0.1408963576858384,-0.01966963362540765,0.14594669084523051,0.16045126378402735,0.21504777275649167,-0.21723759417714442,-0.42870697448153805,0.0288018754056534,-0.15304170416511942,-0.16367104907597377,-0.3941714966137828,-0.5500336054143447,0.2587793574059458,-0.11405425501833466,0.24814972411851965,-0.4276587132129956,-0.40614375127389923,0.17078024761238408,0.4125172609101514,0.15595203382557932,-0.17530499054639126,-0.2549013293645063,1.0,0.15574243503755172,-0.18019617518417724,0.3124256600648853,0.05248438880185378,0.10143354809624622,-0.4762581175844194,-0.1933921403674371,0.4762742241737994,-0.41466643805769265,0.4889561754987927,-0.37038309676254944,0.04911718676303182,-0.055065471398914226,0.20734802721313056,-0.19547210419124655,0.1610736375394182,-0.16430743730972963,-0.3108211046883239,-0.17687614989888525,0.386031338229652,0.2827551448303651,0.04953666426720559,0.6631288920469303,-0.3703646018871496,-0.5100342886479927,-0.24293797258632682,-0.1928663573365205,-0.06405687905706503,0.48919613900434394,0.6497840391455767,0.35159551654528864,-0.4599846037225645,-0.4496135641592684,0.8193721861715206,-0.11169835360956448,-0.2250960638844772,0.6465003545348683,0.4887804249587921,-0.18124986117895056,0.12192240811643418,-0.11479035285458268,0.16707485912738532,0.13653933157182224,-0.1249687920668786,-0.24160493298778052,-0.09138922681063544,0.13412558679800013,0.12102252970119806,0.7571613600797521
