,ACC_sub_R,Frontal_Mid_2_R,Supp_Motor_Area_L,Frontal_Med_Orb_L,Cerebellum_3_L,Occipital_Sup_R,Cerebellum_8_R,Precentral_R,Occipital_Mid_R,Thal_PuM_L,SN_pr_L,Cerebellum_9_R,LC_L,Angular_R,Precuneus_R,Olfactory_L,Thal_PuA_R,Temporal_Pole_Mid_L,VTA_R,Cerebellum_7b_L,ParaHippocampal_L,Occipital_Inf_L,Cerebellum_4_5_R,Precentral_L,N_Acc_R,Putamen_L,Precuneus_L,Temporal_Inf_L,Rectus_R,Frontal_Inf_Orb_2_R,Frontal_Sup_Medial_R,Cerebellum_6_L,ACC_pre_L,Thal_PuL_R,Frontal_Inf_Tri_R,Thal_VPL_L,Cerebellum_10_L,OFCpost_L,Cingulate_Post_R,ACC_sub_L,Thal_VL_R,ACC_sup_R,Cerebellum_Crus1_R,Occipital_Sup_L,Temporal_Pole_Sup_R,Thal_VL_L,Amygdala_L,Vermis_10,Frontal_Med_Orb_R,Fusiform_R,Cingulate_Mid_L,Temporal_Sup_L,Vermis_9,Postcentral_R,Amygdala_R,Rolandic_Oper_L,Cerebellum_6_R,Caudate_L,Thal_VPL_R,Cerebellum_4_5_L,OFCpost_R,Thal_MDl_R,OFClat_L,SN_pc_L,Thal_PuI_R,Temporal_Mid_R,Red_N_R,Olfactory_R,Putamen_R,Frontal_Inf_Oper_R,Frontal_Inf_Oper_L,Thal_MDm_L,Thal_VA_R,Parietal_Sup_R,Pallidum_L,Cerebellum_3_R,Cuneus_R,Hippocampus_L,Parietal_Sup_L,Cingulate_Post_L,OFClat_R,Cerebellum_Crus2_L,Thal_MGN_R,Supp_Motor_Area_R,Temporal_Inf_R,N_Acc_L,Frontal_Inf_Orb_2_L,Thal_MGN_L,Frontal_Inf_Tri_L,Temporal_Mid_L
ACC_sub_R,1.0,0.5399033279689677,0.3822572587458747,0.0169935246426264,-0.059170599624611304,-0.10013706328941253,0.017536366993496394,0.13269032648976015,0.2580118419932928,-0.01885905255589138,0.12860632370724678,0.19368367288510885,0.3048733388350665,-0.5627470426965325,-0.3866447545528952,0.6303394819683723,-0.0931574702613446,-0.1035817959580287,-0.22124781393315857,0.1746369393142231,0.14698791623256488,-0.00031079774887137835,-0.35192283137348956,-0.19429767123458153,0.38675973833604993,0.36065966253157133,-0.44923032911499766,0.019583347163968583,0.7475890607977972,0.3879533281485358,0.3841841574554188,0.0024011511900573976,0.5823801892276255,-0.1161940173923991,0.31764399714013336,0.05436753519055522,0.28921519666071055,0.06594787695174419,0.024127780949249594,0.6923610972181852,-0.3038493040914793,0.30241781385954514,0.08770397495546949,0.17534681980296873,-0.16889785776336497,-0.13472238159184913,0.6265623124014416,0.4096314105885131,0.16239198213145956,0.2169239166492363,-0.004225043468557323,-0.08506107012277789,-0.2066099076383162,-0.11981915872508513,0.46706004590193734,0.12426710917622183,-0.36831362546307994,0.44528827306599916,-0.12387574393501843,-0.10868645442895387,0.36294178874556365,-0.09892371985533684,0.5339052143471215,0.2887513899897281,0.18179033651053725,-0.3901998768174413,0.13038392193258452,0.6509608585055231,0.5163305795891312,-0.2332211239912185,0.026806143627414052,-0.05776975292568389,0.11027545938748998,-0.1978964400365259,0.3232084469390014,0.09189206806406953,0.11884890498725478,-0.045119063374469734,-0.21954657390863777,0.17601673138029847,0.42716693941881884,0.3426721121095456,0.12750357536926699,0.15993266893049016,-0.11970882836413,0.692184254163371,0.2484533393005683,0.04786473860344194,0.13404829041598287,0.10304063361555495
Frontal_Mid_2_R,0.5399033279689677,1.0,0.6729347103137725,0.40044201114545264,-0.14370086058061562,-0.09682030297659823,0.022409470636990638,0.5294117047380719,0.16475722850257232,0.5902189060641848,0.40879507190637826,0.4245623213146275,0.288416296339602,-0.4887924657846036,-0.17339098165161929,0.6057693846286789,0.21052488369418904,0.26295007579120117,0.050287550278245254,-0.02623761109780337,0.44168234043086607,-0.10956108736036034,-0.22201848247878708,0.3014965446621339,0.5445563081160817,0.552117039521187,-0.3342630608191374,0.03505417096847513,0.5633886463330124,0.7103253657647665,0.5736724952577663,-0.020117965005679823,0.6398557740748567,0.32717651217154947,0.7875105479188035,0.5067193270824553,0.3024160466563252,0.15790685976560062,0.6171816713281737,0.5820807909719308,0.23866830355633353,0.4717497121859916,-0.09743773776684629,0.2842946466520096,-0.027750238635880418,0.38567535110669227,0.6941131245785606,0.434724723526675,0.2560230856302776,0.35417158536351473,0.4083532483257956,0.025552935303463968,-0.02694457647320117,0.11770426935755966,0.7301446054223519,0.6041907288759372,-0.2895562628077556,0.6714375624890792,0.3654757463938279,-0.1584094306904071,0.1692943910961428,0.1852830626493652,0.3922135748689132,0.5077156746398872,0.4800464016203723,-0.13801254859148793,0.5343077283894371,0.5296753971908791,0.749534591644775,0.4296796851581681,0.5501932999122977,0.21143231460397288,0.5448899844760051,-0.0162948680918339,0.4387173411993018,0.1397944042929497,0.1481219661165213,0.355330975982759,-0.17007461077347644,0.5586390379419964,0.449498082585573,0.35056428102845094,0.30150629126858874,0.5101690831554054,-0.12446257941081026,0.49385966612457965,0.45184223754109354,0.2744091093960924,0.6755014139668707,0.17593737654604893
Supp_Motor_Area_L,0.3822572587458747,0.6729347103137725,1.0,-0.057979758646580025,0.12851891602439827,-0.00401273387886801,0.12389354968404942,0.763051113059463,0.07384941329439093,0.4561247352233552,0.3722030295207308,0.28303736771342536,0.1327684685589692,-0.13398724514796795,0.23083144351941245,0.5409029592834209,0.20516364801007683,0.21720216557015212,0.03032279573525894,0.1811807819956365,0.568995849129471,-0.17909474728040034,0.10052975722797698,0.5819721043919338,0.5176998982208102,0.38361014783238584,0.08395658693098339,0.22971230222958836,0.5855045552463531,0.46419744653204514,0.3935456308336901,0.1281051170747918,0.24114537863955526,0.06841548368759126,0.5207813144047971,0.3118946739885782,0.25581566586802684,-0.0007886110813364613,0.5635926238710705,0.22522613398616625,0.48534748363505054,0.48304893350086003,0.02357193966184697,0.14311376053282843,-0.10971927952932313,0.2896170446321091,0.5050659091210653,0.38828118479704415,0.1413634738173524,0.5071879580486723,0.6502371618831504,0.22122700420660393,0.027515086791077528,0.41528080218998376,0.4295937830163079,0.5490472181696805,-0.17195280633775883,0.6033383466854731,0.529144714534783,0.21120811097740289,0.14820051326560196,0.10677926863074214,0.19269727399006306,0.49217550400543714,0.5827733701758361,0.09710904920257979,0.45023059979611757,0.5965941813465611,0.5577893007948765,0.3055063812121997,0.3542262576356776,0.422683796343657,0.11483446091281402,0.14447563594013732,0.5774091667365858,0.3278711532113807,0.06319148779657315,0.5622943506786227,-0.11833527141686706,0.7018807886946107,0.07618826989479817,0.22588090827928128,0.3554317328164402,0.7843354274419102,0.06338150156784307,0.36070811490992266,0.23106374070155092,0.28109884822114084,0.3001454113150987,0.5163335842734521
Frontal_Med_Orb_L,0.0169935246426264,0.40044201114545264,-0.057979758646580025,1.0,-0.21457066081758797,0.0032983932863763785,-0.0896704708862333,0.08001957211611611,0.14911333705365812,0.40296930492683625,0.10125634227612794,0.15733631012078284,0.08810181343561474,-0.25209772892996063,-0.1830535557190795,0.2169508503518217,0.009911782223577041,0.30613731900351937,0.07944276754670802,-0.34816934116868387,0.25925541718000167,-0.0639350674208395,-0.2652904647413646,-0.006739275055351652,0.23003666839346235,0.3257861864938124,-0.3406521971259763,0.02579269094702631,0.0764315956986706,0.3438842873054037,0.25616561196239224,-0.19646390434931363,0.3863324864904338,0.45380188560434037,0.42853818007371386,0.45100189488489717,0.07719646342855807,0.18086385959571405,0.3862125087464662,0.2764292047139221,0.04944278205564836,0.07747803631029948,-0.2275132718464987,0.1599174485651739,-0.01682966094044666,0.40016074115870454,0.3207784306146764,0.07111662054671009,0.32177444266430627,-0.12562993004529455,0.006595068958647156,0.09481540652114355,0.006403575229341001,-0.017616137543822644,0.3460611522910484,0.2701364882343443,-0.21611962857031936,0.130399523393146,0.029744729058570257,-0.2547189284704462,-0.21071983330625654,0.14191630163974248,0.2278283487794762,0.14701450038152492,0.13172545087048748,-0.22174945379756675,0.13349014593441189,0.04976865330283333,0.33007347276604204,0.3608599042263089,0.532332509306592,0.03733051415370215,0.5914448874477312,0.04260403833106546,-0.041142008835413205,-0.030384501456575303,0.05903328719660026,0.11136736101642887,-0.13886625441807698,0.020662962996981057,0.2293906555203578,0.13379112946295024,0.10238214294745075,0.030173123258445754,-0.3190478884185161,0.11248646356865227,0.33861098679839613,0.14879360996942487,0.6364712767892092,-0.31849785445665385
Cerebellum_3_L,-0.059170599624611304,-0.14370086058061562,0.12851891602439827,-0.21457066081758797,1.0,0.16346216014503245,0.30524368448738237,0.019352131484410024,-0.061357905316457434,-0.1533221743189851,0.021004319635838355,-0.4068000755807298,-0.09852474142719403,0.23986533722092734,0.32465983476900234,-0.1746225389307543,-0.19888983112829123,-0.017714756702765105,0.2083497312347158,0.19504889262401712,0.26448025756764115,-0.035118293518669595,0.4452144586090618,-0.07197641719573732,0.0421085243317692,0.03429418739480047,0.2991797900957263,0.35277668069451573,-0.15933648693999583,-0.19834141176869496,-0.013467655036614862,-0.05268980256951424,-0.13347056153286066,0.012170146197252825,-0.10508121876543998,0.057932145510779354,-0.23262948143080034,-0.023636551399677286,-0.00949911143974135,-0.11570252744401952,0.19805307381077583,0.28993300072651673,0.25218804579342247,-0.09389167320417642,0.16962614309573298,0.1007358966752703,-0.3709393764212756,-0.09500148939554419,-0.13550714796396882,0.2130449051904935,0.1129631347039087,0.39581676821563605,0.13733520053917442,0.1204855950974909,-0.22195026359287662,0.022313990956028425,0.35900287783782037,-0.09185565873347934,0.16543709501099305,0.6701874387877481,0.10695046447280568,0.14893651897292307,0.0897582659619837,0.11542278252694846,0.05809517832544645,0.12218620776572849,-0.17777295652252093,-0.09562242835249421,-0.058874930704956134,0.06403530142964749,0.062039527584781,0.2852241600936371,-0.2100945506952687,0.08039291262987759,0.06801394724877612,0.35504087333402945,-0.05380664373120959,0.3241458763183931,0.03192433121396735,-0.032783998885949135,-0.19925929559057048,-0.07111619079253288,-0.14561955384381114,0.05881662854584809,0.11564481421187683,0.068104170864844,0.012298221383886102,-0.09905557560536053,-0.1122158612518351,0.10551349393373208
Occipital_Sup_R,-0.10013706328941253,-0.09682030297659823,-0.00401273387886801,0.0032983932863763785,0.16346216014503245,1.0,-0.03809409012065354,-0.043826335695023165,0.2297565787432971,-0.03587839671116809,-0.028917774914056123,-0.07742554137862354,0.06199105621534204,0.24215079358475583,0.011702076330810121,-0.12639112058262872,-0.10019871231776784,-0.06186153397727208,-0.028114370384572155,0.08711053837631105,0.023014209812639817,0.02888991593147761,0.05954525213483619,-0.028244349985917943,-0.0012971376315008161,-0.009488145789147908,-0.009713148869711712,0.16607062227646294,-0.06520779523969251,-0.1422597266985439,-0.09701455501462831,0.08716110083298924,-0.11166337776862822,0.026279556446950597,-0.07511566368942499,0.03751890650944394,-0.24350455887467787,0.014265750618764127,0.002164299495006126,-0.0498924136447553,0.023274148938053116,0.0034524942848205772,0.09704411185507578,-0.05298311443482775,0.05674420986917414,-0.06932178523358141,-0.1427361040854241,-0.06454978328353554,-0.00645270394257645,-0.05442731965040813,-0.07033440538784605,0.23206255768601572,0.08529110369286966,-0.06971221427316587,-0.1500860558336834,0.002567958053816402,0.10726584288534938,-0.09795806325255921,0.045601751762176734,0.13792415882380346,0.06283688311059844,-0.019712307894575613,0.0540938428718097,-0.1497407525213199,-0.002731723948262647,0.04533153099151097,-0.22002296118217565,-0.06335167817036218,-0.10558108544563673,0.040794443971579365,0.042784278298441135,0.031386066738967024,-0.10547693491788081,0.19830910509494878,-0.06099756184879487,-0.044881641115462924,0.15619084668726121,0.09353709258135035,-0.08252385398529968,-0.1163759615464906,-0.14620400260287217,0.15890864908297853,-0.12951998504238674,-0.07607491329807396,0.09849405251523684,-0.044608174299609823,0.023616397908331355,-0.1631087915187324,-0.01780335972173999,0.10483894733582963
Cerebellum_8_R,0.017536366993496394,0.022409470636990638,0.12389354968404942,-0.0896704708862333,0.30524368448738237,-0.03809409012065354,1.0,0.21406292960476375,0.07932582172856768,0.2739499353655538,0.30067686585370246,0.27490284410819416,-0.3903309228785669,0.26464811549397466,0.4832432607235321,0.2286522356164588,0.0192880897157642,0.08807720732579884,0.17132541926038752,0.004510754967675559,0.37134639395977337,-0.09597773789990854,0.5886161380724785,-0.007910822649445695,0.4416694338075552,0.2214842014202152,0.5019293663908787,0.17111705414557074,0.14705033383376573,0.24145202844868066,0.13293824545635904,0.021795348022245115,-0.1316920678231064,0.1384623986009877,-0.14912164408991466,0.20737162766911657,0.4073730960815986,-0.05339712195911822,0.202003122238956,-0.1615719365826326,0.2919620665656837,0.19233007797027976,0.3729053491280048,-0.21726056541568037,-0.19642765934084497,0.2989543181480003,0.008366459602422613,-0.12849701548473366,-0.08592422577148197,0.2672882713512521,0.33031403083812527,0.19519115746519478,0.10418794243267944,0.4114309719172901,-0.12777817576124986,0.42049486258652163,-0.007939319219306845,0.22909472395655234,0.39538120648213493,0.45479730099763643,0.06629752343392155,0.34300051615174787,0.14157908635869484,0.2666857904531274,0.24144313448563257,-0.11326577799561187,0.08545722115147514,0.2268474108519193,0.1581866684341629,0.055656720382420095,0.281924714502308,0.5548398340035584,-0.19177776921418094,0.14991148911193183,0.4199322513314112,0.6125915426048378,-0.19256470617823587,0.3890357182643506,0.17646592459273241,0.3082186398679456,-0.23088486939087466,-0.04849016556809084,0.2227114654191267,0.2674075609269122,-0.1408868995866058,0.0774898737272973,0.18369778739511977,0.2987272205673196,-0.1379896255865786,0.18673822109229038
Precentral_R,0.13269032648976015,0.5294117047380719,0.763051113059463,0.08001957211611611,0.019352131484410024,-0.043826335695023165,0.21406292960476375,1.0,0.13389023637377617,0.540989432399967,0.23375305206382724,0.2798532935690376,-0.23582154792095136,0.01960028118927159,0.4699065718765573,0.6236779580530535,0.10954763766732441,0.30674916025601173,-0.07854491778255328,0.0238610355967371,0.6638156383539926,-0.18343635594374055,0.17960259306775583,0.655257217306733,0.4916577835249432,0.327177546276623,0.3371626070930785,0.3652595986793788,0.5020098205630116,0.3371519832213811,0.38416171355111667,0.16488381285297213,-0.030991719878085373,0.11123620290236419,0.3814780070348109,0.2800003672191455,0.46430003340634274,0.005697117190487966,0.5736636521836278,-0.0695884259502125,0.48602892720683,0.32637114326619276,-0.03742732668144114,0.041434462189275864,-0.38615546918931526,0.3453505146708014,0.5120707573584793,0.2993970589445165,0.2997732237933398,0.22804386795521212,0.7494922349188238,0.2916050047304462,-0.11795603419080417,0.7814320012168186,0.19224978440441504,0.5385397797157351,-0.4366137450415061,0.420000143697847,0.47904516868166697,0.24082488360788043,-0.07460916764562664,0.15261731415682592,0.14279738776337025,0.43528696861701355,0.6072710520762278,-0.06790378216384729,0.4499965691842271,0.5184046829542025,0.37823472020837945,0.22567172458903695,0.4233924872121101,0.49373090055967533,0.04783384255238917,0.18652398445581247,0.4887229637615329,0.4705585402928916,0.014813129095342086,0.6466991596250737,0.025764306275546874,0.6618787868365975,-0.258655279406489,0.13111877487938434,0.4728539044719093,0.9196831640191182,-0.26477256071655936,0.14484708240924185,0.23086817847225727,0.500218851484517,0.23702482048721052,0.4699689520245268
Occipital_Mid_R,0.2580118419932928,0.16475722850257232,0.07384941329439093,0.14911333705365812,-0.061357905316457434,0.2297565787432971,0.07932582172856768,0.13389023637377617,1.0,0.08438820796227017,0.14294466733193775,0.18329125350665856,0.11868172636146715,-0.09651938467186441,-0.0881531748152151,0.3215037442137649,-0.19228956579265202,0.11215577881812759,-0.14481974356357039,0.07371492740195705,0.16653606507007665,-0.05900388480673031,-0.17558726536757568,-0.13096042756006793,0.34716197728549036,0.2396180372798113,-0.18519427739957903,0.15378323699391322,0.27301693227837287,0.08682498852103339,0.08403981072439538,-0.018069364958544838,0.13981155966231304,0.10101715218804971,0.07708073628836212,0.08632479406960629,0.166052608185093,0.03346281529406484,0.06588584815841145,0.1783021818963525,-0.13607883527017045,-0.02929781174148591,0.03590006267850777,0.015205280973154342,-0.34594781115032464,0.09335507275990737,0.2852529236335645,0.33310798469806735,0.28613692933051055,-0.1646591550912635,0.00158133121924785,0.18860160763290032,-0.07248234583512764,0.09712493280772795,0.04858731636161847,0.12536294471229784,-0.3738670507438887,0.11774636024539374,-0.08390396417967332,-0.0440769294261789,-0.048996627048957776,0.011621946229214664,0.37334767528312734,0.1515953941574887,0.10435452873305093,-0.33830452998052113,-0.054340751230998977,0.16445932638957034,0.14399316238387247,-0.15511624667455534,0.2559293142558471,0.09228344205938936,0.10123637834474357,0.05209293105422649,0.06818174302591751,0.08851742134547594,0.042196099049868555,0.09341734605734517,-0.037544269069172166,-0.024633528655997394,-0.1029252788410389,0.11310829294365961,0.10663833377687426,0.08377202761660871,-0.34559118111110515,0.25973751454831767,0.20369904387608648,0.02400273469139573,0.13329992427613233,0.0017120635446270444
Thal_PuM_L,-0.01885905255589138,0.5902189060641848,0.4561247352233552,0.40296930492683625,-0.1533221743189851,-0.03587839671116809,0.2739499353655538,0.540989432399967,0.08438820796227017,1.0,0.5185344778746485,0.5759628375090516,-0.10573007753213602,-0.0333841902007265,0.2548689490642227,0.4227195050693485,0.23328499461200702,0.3404803741081098,0.13864508585180185,-0.14130620393908203,0.5089814386852263,-0.21154406106532808,0.17824724576868892,0.3556484549249576,0.5422745463511035,0.48746043359791674,0.10748605827386609,0.138789075685631,0.28811346414895955,0.5873382362472191,0.41301399848949355,-0.09678469397060742,0.24101492735990365,0.557193530454633,0.5152914485465974,0.5518294799029423,0.394624348288808,0.1801476565750728,0.8028143092584572,0.02489108127201843,0.5283317569128276,0.26297236075315555,-0.03147536947617487,0.11608205656737756,-0.13681573353411958,0.6234467283164817,0.4331998773192401,0.22139491876860368,0.24656478396373482,0.13965858156092692,0.5018628996872668,0.1788539216469919,0.044270923488865715,0.40947577048661127,0.39886986817491454,0.7453529546897673,-0.2872713340301693,0.5139742590577628,0.5786542089161139,-0.09459172921609982,-0.08107687561570122,0.43626834738303144,0.12463949206404369,0.4187194532290425,0.4455729495390483,-0.12341125680976062,0.5925794587655897,0.35032930614162666,0.5233952758305711,0.5565033972160818,0.6718508810478659,0.46946756011718865,0.4223621376563711,0.24823802731581707,0.43050952604414455,0.27275194973849937,-0.016725375672125783,0.5351012380818239,-0.08714420161440341,0.560765954027722,-0.0022014969663038952,0.0882542582865364,0.4210254530850935,0.5295716248738338,-0.25764003953984493,0.061877458103239,0.40900654714545437,0.4778135641070742,0.5391418672511757,0.1491359251490387
SN_pr_L,0.12860632370724678,0.40879507190637826,0.3722030295207308,0.10125634227612794,0.021004319635838355,-0.028917774914056123,0.30067686585370246,0.23375305206382724,0.14294466733193775,0.5185344778746485,1.0,0.41954834317280676,0.09146250829657131,-0.08073882033430314,0.0880358484150368,0.2211109660968308,0.05011184709742225,0.17153022208783703,0.34714644002499456,0.09442822195031515,0.5008428758956077,-0.08484440316519697,0.3128113512009881,-0.06194584959231632,0.5433341111007431,0.6919904608417463,-0.013268511009816922,0.3180546362816646,0.20381311888601214,0.6055366343260635,0.3539988045801244,0.05062070288995729,0.34740425620047943,0.2696779281401089,0.366524055063487,0.41765770931425106,0.027776946153666333,0.4226585783137081,0.5359103778355716,0.2570916154195782,0.374565208050346,0.40237654089247676,0.09611094208193367,0.2075354615641041,0.11598317296163714,0.39375103287098756,0.19206501428945258,0.2520723313866027,0.03314715949846241,0.34133091613295796,0.22041081462930534,0.4212456170475046,0.23366626584918196,0.11603465773545622,0.4844147222389176,0.665713654344635,-0.013565284183378629,0.5804478599132188,0.36878967591562467,0.08834228329776128,0.24400594961310373,0.34533845303249144,0.3739944625544672,0.607026746535726,0.3029738884609615,-0.14995005579429696,0.4928918284512386,0.29047969818339486,0.5931543525432543,0.35431449458467995,0.5065229739689353,0.4671153604315277,0.32512692255918646,0.19718780276796022,0.5526429992266471,0.2693057639363004,-0.17155732743425336,0.5947879907261096,-0.04190803657949708,0.4545029768086014,0.09704196917483404,0.036758623807715926,0.25805799020232695,0.22990364804116897,-0.057575180072116074,0.37411170799009896,0.5861845151638475,0.18473024493387002,0.30799004226869514,0.28613673288802915
Cerebellum_9_R,0.19368367288510885,0.4245623213146275,0.28303736771342536,0.15733631012078284,-0.4068000755807298,-0.07742554137862354,0.27490284410819416,0.2798532935690376,0.18329125350665856,0.5759628375090516,0.41954834317280676,1.0,-0.052724391856590454,-0.18300913445203948,0.12768286679152174,0.4827249951210498,0.2923722042488916,0.24890459043577934,-0.07583233295837133,0.01451884918164821,0.19202463141927417,-0.131544517847428,0.0356140600124168,0.13078036555439798,0.43436244644417954,0.44016261644241605,-0.0021040365817975508,-0.057917560448040424,0.43355198737374945,0.5689867130035229,0.17497559209865907,-0.1500207735991491,0.2984092338615427,0.17706510506083323,0.1846363595189695,0.2879046039478945,0.5179640653203063,0.1808064863732849,0.4255733918902053,0.10246399356588262,0.23230686398914904,0.07546046586361703,0.09133688176808387,-0.040973711556217075,-0.24070607526671495,0.3585655062991008,0.5511658119268644,0.17637013168143462,0.32415632364794755,0.0664024353094898,0.16275794074979705,-0.0731117612128181,-0.014839016037808047,0.2448608153619268,0.3538198630731296,0.5598990793570027,-0.49402271889153765,0.5643341593619022,0.3074175820520302,-0.34981398909389955,0.07272720362686544,0.12840705727059307,0.20146780957865448,0.23365705843984433,0.3229282976616918,-0.3321215090959547,0.49553378705982637,0.37027130861932733,0.4965538030513525,0.1183703058194053,0.32345454393438383,0.3224376708877181,0.26370238961681475,0.18535698782542148,0.4852390645276739,0.18437340114167894,-0.007668014589515973,0.1546753938722544,-0.07710301333108598,0.46780582365104967,0.07067967934932941,0.0396107891609199,0.5269939479912538,0.2518442588073957,-0.27315494321422595,0.20785959687182878,0.32490595055955895,0.5057806149952061,0.3353169214291561,0.16767125350720322
LC_L,0.3048733388350665,0.288416296339602,0.1327684685589692,0.08810181343561474,-0.09852474142719403,0.06199105621534204,-0.3903309228785669,-0.23582154792095136,0.11868172636146715,-0.10573007753213602,0.09146250829657131,-0.052724391856590454,1.0,-0.2637519296910388,-0.6020020052829858,-0.13430948506204718,0.12735773361495392,-0.08893929541865228,0.1063715265188385,-0.01768304919735632,-0.2689336303837909,-0.007680424575011511,-0.549516873643547,0.0005096568779841703,-0.039802768429114586,-0.006721976068869673,-0.5583778513602977,-0.3215144518671336,0.030004401419301746,0.030844530096683545,-0.0496122903952417,0.08650817607059687,0.31317854658339594,0.1524999728390078,0.34362341573489197,-0.027020821979600318,-0.3177425918212768,-0.18476930348660006,0.0305469564084502,0.3857101867612021,-0.1198364906831799,-0.05520355197001219,-0.19825213600113117,0.29864411904937394,0.13620853552533474,-0.04112762381166892,0.11445769247388443,0.2738150747248749,-0.06335147716092537,0.10486748153624541,-0.14727600984576825,-0.22663376633180526,0.2471203263538514,-0.5349637269638867,0.419257547571774,-0.10114264165288701,0.2750630484640142,0.12601722001962998,-0.10892401489855126,-0.3811514541408045,-0.027925451098420897,0.006411671667679207,0.05431134713182488,0.04068055511291818,-0.11831522891101566,0.18903011581605872,0.09093150679945315,0.016797578918424812,0.18146798656428131,0.16508231383330113,0.019017964198625982,-0.31463573587968563,0.3574920963715237,-0.1848871064439334,-0.09524770230188614,-0.5465821194319428,0.09703485136833623,-0.2731598966216684,-0.2556706046886156,-0.09184480778341905,0.4306489364511098,0.2547036033022965,-0.25462128607763007,-0.20559765649907147,0.3867894582814792,0.16392580982569244,-0.10382389816733906,-0.4212918977165715,0.260663876682918,-0.10822581414504473
Angular_R,-0.5627470426965325,-0.4887924657846036,-0.13398724514796795,-0.25209772892996063,0.23986533722092734,0.24215079358475583,0.26464811549397466,0.01960028118927159,-0.09651938467186441,-0.0333841902007265,-0.08073882033430314,-0.18300913445203948,-0.2637519296910388,1.0,0.5448603403241683,-0.36136019118983115,-0.04071258398465695,-0.04965012045522192,0.2161470802871558,0.007268063581939015,0.03898098672864341,-0.0012344042659857008,0.42964700079997864,0.1693117214070614,-0.1549269472731621,-0.2575166044403139,0.6300887380796394,0.07513817970665826,-0.40497090570245714,-0.37692791771428863,-0.23787813537165572,0.13599095944673936,-0.5411784634549363,-0.015006252605055488,-0.3442305034438528,-0.21428594140648263,-0.2283833625843741,-0.0700535707064579,0.004613668300903566,-0.5785730477566907,0.30653205813794676,-0.047382650092217905,0.021836306861814085,-0.180255331284022,0.08028655848044014,-0.01749082239000016,-0.5253963456752404,-0.4461035322199338,-0.2787256239561728,0.026554716106233903,0.11818126181712892,0.28113151535174596,0.2369929883080195,0.22781458707044927,-0.3922082126668234,-0.1087677223567681,0.38931094999541216,-0.3415373559292035,0.22168295249633124,0.32244483096283527,-0.1688169283586447,0.04641104525249816,-0.3277918596331981,-0.13428616287078832,-0.12055989288448202,0.4412687873851371,-0.17217152873672611,-0.2594065439454062,-0.4037430263214095,0.13429408319433636,-0.014146686112173061,0.14907071066386424,-0.4168326713681306,0.3038431047761017,-0.14109916408578072,0.11480455077742707,-0.24196088794389814,0.18287708139755504,0.16379930558313027,-0.06191639666076444,-0.4212520196240133,-0.1639556503750521,-0.03134367966697363,0.012100613696389569,0.29431819774672147,-0.40562421250674113,-0.22939884442914296,-0.1347125230362861,-0.3783584432001906,0.20678878719691626
Precuneus_R,-0.3866447545528952,-0.17339098165161929,0.23083144351941245,-0.1830535557190795,0.32465983476900234,0.011702076330810121,0.4832432607235321,0.4699065718765573,-0.0881531748152151,0.2548689490642227,0.0880358484150368,0.12768286679152174,-0.6020020052829858,0.5448603403241683,1.0,0.11034060189627938,0.083420917991856,0.1445601109694113,0.11980881618943806,0.08371231109310821,0.41246971776059366,-0.08908646531480144,0.7414283193361504,0.34757467004769316,0.14702847062127616,0.11417939599876135,0.8642952088003786,0.31456614447928327,-0.08295655865966949,0.03901149806007337,0.01761148394799487,-0.05157026841285541,-0.35804608505350954,-0.15405015036514877,-0.18717773801276397,0.17450284453494486,0.23733441009631692,0.10836768872163528,0.27223740389946804,-0.44927794529399834,0.5896845900129499,0.24962870037637494,0.23187381399289178,-0.26961681502771745,0.008077972348981761,0.3273026374581504,-0.13245949449483638,-0.2306334190355128,0.11694282122618165,0.24291509257387967,0.46269924725772466,0.3466245132927903,-0.030121455773599936,0.7329717327367394,-0.27853274872715467,0.3177452815781129,-0.026087827404509583,0.0934193706758777,0.5593835181275765,0.557771679136773,-0.06047855468973875,0.08223210086948189,-0.13552777750994152,0.19965345090389705,0.40629750404092807,0.1554018018372515,0.1308808874462585,0.012594699332960204,0.021477568248575645,0.2086952253776168,0.1485835407997931,0.601614293166876,-0.3331672140679662,0.4149186593355239,0.3685071192126626,0.6502878942315078,-0.1739367508236652,0.5336031660577151,0.17014838608415964,0.4580461040314461,-0.4587432754713192,-0.2374480671927445,0.3155456794979591,0.5011972853821092,-0.119696046766008,-0.08091093450752833,0.04526218653291633,0.4773529607136183,-0.09243013414313057,0.2874432795644736
Olfactory_L,0.6303394819683723,0.6057693846286789,0.5409029592834209,0.2169508503518217,-0.1746225389307543,-0.12639112058262872,0.2286522356164588,0.6236779580530535,0.3215037442137649,0.4227195050693485,0.2211109660968308,0.4827249951210498,-0.13430948506204718,-0.36136019118983115,0.11034060189627938,1.0,-0.06606841539258593,0.13938818065437278,-0.2305153381571262,0.13154976036776558,0.5493594812292842,-0.1666987421673255,-0.10492457802083029,0.11215728899045553,0.6068844525656178,0.5611056987337887,-0.049825800456524315,0.27704933243274454,0.8510800407310383,0.5712958388662694,0.42913401220046615,-0.030083532223100277,0.3722931565520752,-0.038304467507673585,0.33609415316466096,0.25066871046767025,0.6571849750484994,0.16582452184535004,0.3593720303399083,0.36502627697167794,0.054498435418189106,0.35119686529850486,0.009706528925362341,-0.02991990369556642,-0.49453011739508657,0.17686102512127724,0.8421478324846181,0.39555844723096284,0.5188227204236426,0.11880824779996885,0.4155135621663718,0.16988213605135424,-0.3480006951801967,0.5086860895017372,0.3869301877028943,0.5125861554284403,-0.7563137198243384,0.5824308761528257,0.17027888091245494,0.0006124672604117434,0.13185462899988776,-0.07645716472420189,0.4813887727162359,0.43892944925246763,0.46139246908062415,-0.5435174002936483,0.3263578279559891,0.7940717963882091,0.6176220413828679,-0.08021967068832915,0.36198602645099326,0.3290051690411302,0.17410212566223088,0.10980912507105862,0.6055019338333515,0.48618281538145375,0.0564852494322279,0.3397222155810035,-0.09190194886264631,0.4623664934939101,0.015089186881804885,0.1965205379065149,0.4735815409840562,0.6189941089390906,-0.5061303763818321,0.5642559655618747,0.4527587577577238,0.5318096276596658,0.3276725245307331,0.29624495680939683
Thal_PuA_R,-0.0931574702613446,0.21052488369418904,0.20516364801007683,0.009911782223577041,-0.19888983112829123,-0.10019871231776784,0.0192880897157642,0.10954763766732441,-0.19228956579265202,0.23328499461200702,0.05011184709742225,0.2923722042488916,0.12735773361495392,-0.04071258398465695,0.083420917991856,-0.06606841539258593,1.0,0.029538593947905683,0.12345270017136646,-0.17097329921691987,-0.22828403908877218,-0.11138925639071287,0.002304026211184203,0.38971098143188126,-0.0946902886268146,-0.09769687369649449,0.09008642090846938,-0.5188795560601381,-0.039557667501909616,0.15287477844794947,-0.10171492203026343,-0.10064226263998895,0.007209129805981665,0.0036143407481106166,0.1716996775114685,0.2626987559772897,0.17277741647780123,-0.2589484608401748,0.2695124763688625,-0.02421492062132268,0.353781363238458,0.008262569558730837,0.09431457061488527,0.13911609284035256,0.06707709962967999,0.2933216451929075,0.13956081444510857,0.027324084240556663,-0.003509750251278496,0.3284824905926467,0.23117860129641038,-0.45985537895563694,0.189495110330192,-0.06039787712035954,0.17770790931465746,0.13131028177228862,0.13330045211317834,0.29841897303033943,0.4558165463979094,-0.2471518072182976,-0.20090406043459008,0.004221861110919208,-0.36506605596335406,0.025988988378837414,0.222633491509154,0.3267998612417165,0.34075429578786304,-0.11764500441044365,0.18097766020792788,0.25136759705889705,-0.09709249623120363,0.09616203750616475,0.1962643549898273,0.02600615916778364,0.17273390619125165,-0.16976387746199403,0.08011820328117877,-0.1430110632523157,0.04678180095131012,0.38230026145505697,0.1922930492892331,0.04706169892698313,0.27628977011632255,0.14197663361653406,0.2683304095988529,-0.006528793122330487,-0.2662209978774209,0.207696478180466,0.17505738242589405,-0.0018699036810588853
Temporal_Pole_Mid_L,-0.1035817959580287,0.26295007579120117,0.21720216557015212,0.30613731900351937,-0.017714756702765105,-0.06186153397727208,0.08807720732579884,0.30674916025601173,0.11215577881812759,0.3404803741081098,0.17153022208783703,0.24890459043577934,-0.08893929541865228,-0.04965012045522192,0.1445601109694113,0.13938818065437278,0.029538593947905683,1.0,0.011014822681677172,-0.24088757787169476,0.40276452851639893,0.030687324787752372,-0.011184518856583975,0.3056014990042366,0.250798942838169,0.18449854161732004,-0.03857638949998797,0.11830827753046476,0.09052545279982542,0.3238361645960215,0.21993640175502793,-0.13722258460267076,0.15758548761328928,0.2637207350694715,0.33540129064305607,0.27160497107499926,0.13639234037814033,0.058812163228741006,0.33866117891713393,0.07673383150945139,0.30412181859876064,0.09243367814357775,-0.020667720098598037,-0.05894578763070491,-0.08060822053067081,0.2957560379226007,0.2900764874232616,0.13821498875046484,0.2057712905231846,0.14027208759171697,0.16778281194194858,0.0862968871619491,-0.06109150752764786,0.26201705488637345,0.25635615991736693,0.2988935416095128,-0.17275986173104269,0.22079204306750772,0.16995691481856018,-0.00744516512924808,-0.20339930381561652,0.26430233379099194,0.038136142838080166,0.0852019553073804,0.22358086590800402,-0.06590778477555953,0.22800312356783906,0.048131477824551044,0.2592614663616163,0.2751302314353041,0.32497892943678913,0.20539466350709426,0.3312258800107162,0.06933090891679171,0.08613001760132487,0.17135746886829212,0.02312560923365912,0.32588095924436583,-0.09328044709641992,0.20395452569189043,0.05719984069600827,0.01424788193062657,0.16804928656448676,0.2986717753766591,-0.1502068270695041,-0.057421881655596516,0.17443771900407942,0.24123136603147702,0.3709789058493409,-0.007733512862686945
VTA_R,-0.22124781393315857,0.050287550278245254,0.03032279573525894,0.07944276754670802,0.2083497312347158,-0.028114370384572155,0.17132541926038752,-0.07854491778255328,-0.14481974356357039,0.13864508585180185,0.34714644002499456,-0.07583233295837133,0.1063715265188385,0.2161470802871558,0.11980881618943806,-0.2305153381571262,0.12345270017136646,0.011014822681677172,1.0,-0.04428690668739661,0.1565865962627247,-0.08149020740403108,0.24112614461274423,-0.048377152562418195,0.03171700128607906,0.22436670135383202,0.16654195479832262,0.04645229837131607,-0.33728434223016324,0.08858828827418097,0.02254480089404851,0.04562513114165018,0.04111019179885915,0.09764612499000341,0.1596672973120966,0.3407689048282443,-0.26093684957883995,0.1427452984775456,0.19496243536808158,0.09540166804054896,0.335812291535434,0.30830921288026136,0.08543040284140747,0.10189800065014837,0.4005071135884306,0.27740112767403,-0.2754852064414228,-0.026271543431797807,-0.14791653730423146,0.3643055948082478,0.10585087061729974,0.23587396030735716,0.39242670961518944,-0.13681074262859097,0.20229133226447907,0.21061319113777638,0.4699013948388469,0.11915734227015999,0.36499325964745916,0.2869457834509301,0.08799490988378288,0.21938635005066184,-0.018349933703141853,0.31097360732234297,-0.01662432444135773,0.29747069723432523,0.19931280939847304,-0.2388985506576323,0.2015637179851304,0.45795333767705515,0.32205028411083253,0.2430882619996962,0.1873707020698135,0.21009518540721142,0.16355391754420498,0.07253169090243135,-0.09803095241927355,0.30215474712454865,0.0990820765367743,0.10659915051292607,0.11581851533298405,-0.0942803145768244,0.00017456094756736654,-0.03994168983752623,0.24423559586812757,0.11952160618523577,0.1411391370876151,-0.07234297764583895,0.20428620512081358,0.11161640832899447
Cerebellum_7b_L,0.1746369393142231,-0.02623761109780337,0.1811807819956365,-0.34816934116868387,0.19504889262401712,0.08711053837631105,0.004510754967675559,0.0238610355967371,0.07371492740195705,-0.14130620393908203,0.09442822195031515,0.01451884918164821,-0.01768304919735632,0.007268063581939015,0.08371231109310821,0.13154976036776558,-0.17097329921691987,-0.24088757787169476,-0.04428690668739661,1.0,0.09469284476705346,0.2027908580550202,0.12007700885973183,-0.19826201456733336,0.14443196237882647,0.20642935904847734,0.055880164582990235,0.18882553449221748,0.1704951160542895,0.014455830133502937,0.034719991767923626,-0.09707970583286704,0.1708104280305458,-0.23889643326941093,-0.06499594653864532,-0.06555005007816458,-0.19711008700613875,0.333407574981314,-0.07803906739978934,0.17924201578089277,-0.00089792182033952,0.34735077344549853,0.024428476412046735,-0.011188466824880991,0.06955799214696896,-0.08694703809336692,-0.03207407785088874,0.04359062580310402,0.05061367159018911,0.03621200285400256,-0.11260549678049266,0.2845533135362185,-0.1029782179515011,0.014430361745768927,0.10514348530326756,-0.017890173965357376,-0.006342059581001761,0.09806688012330679,0.008979504475616924,0.19175476235300068,0.4312955750938355,-0.19741787908898126,0.27811391057495594,0.10065012708336095,0.023980232156364818,-0.05141004016095954,-0.09864976528394605,0.15824012945024984,0.1231061578232398,-0.16901348950600759,-0.06623821763787174,0.0626373185733892,-0.11963461731596099,0.05990579915784609,0.18900844845496861,0.20668027780329745,-0.13461474075570598,0.10524346138278778,0.008201069863677728,0.0931496645196314,0.013828817016514332,0.045742010096768884,0.012887039464227054,-0.028689502676068464,-0.015448868365434227,0.3272092916669784,0.246454947754301,-0.04059803963581352,-0.057622531180293014,0.33277686553489844
ParaHippocampal_L,0.14698791623256488,0.44168234043086607,0.568995849129471,0.25925541718000167,0.26448025756764115,0.023014209812639817,0.37134639395977337,0.6638156383539926,0.16653606507007665,0.5089814386852263,0.5008428758956077,0.19202463141927417,-0.2689336303837909,0.03898098672864341,0.41246971776059366,0.5493594812292842,-0.22828403908877218,0.40276452851639893,0.1565865962627247,0.09469284476705346,1.0,-0.16128564738128698,0.34608933542226766,0.15728136084507593,0.6778078389489166,0.6650280621942634,0.21751626801916668,0.688706126945476,0.43277592283428806,0.5045884048187607,0.5277052040463209,0.03167375322654106,0.18518269116943317,0.22292724332820196,0.41440211034606783,0.40697312544604036,0.23439951360552094,0.38153284387515785,0.5903401115679356,0.15659756988109882,0.4746345903255957,0.573767178431028,0.021007161017082315,-0.010944878567550402,-0.11274814195560605,0.4293897119372241,0.38472248167686574,0.21148496004887432,0.24214675812924985,0.2697904089544757,0.5348674364329198,0.7103198586973479,-0.05316461593188123,0.6236910367203035,0.3292352736775798,0.6477362517251255,-0.3045140907328775,0.40523328076294557,0.4188385088086057,0.475458821047898,0.16537029468630038,0.30274148630574077,0.48254256104520343,0.5676566702964793,0.4403092333017335,-0.2530159985544285,0.3163894659866844,0.4159833408750176,0.5226513186549433,0.3251292416496454,0.6866276711672128,0.6077468069567281,0.21795029640158994,0.21589548521154858,0.49902478091577124,0.6617959741935202,-0.11718650810011774,0.8936896009498176,-0.008857443201480058,0.45725120446549505,-0.15097857853296323,0.07786654157264898,0.333652101147986,0.651054970079067,-0.3879796110735637,0.32768206294166075,0.6260033366905235,0.40601731555882437,0.32183274840245263,0.43345577963563847
