,Thal_PuI_R,Frontal_Med_Orb_L,Cerebellum_4_5_R,Vermis_7,Vermis_8,SN_pr_R,SN_pr_L,Insula_R,Thal_MGN_L,Frontal_Sup_Medial_L,ACC_sup_R,Occipital_Inf_R,Paracentral_Lobule_R,Thal_PuA_L,Vermis_9,Temporal_Pole_Mid_R,Cerebellum_Crus1_R,Thal_VL_R,Frontal_Sup_2_L,VTA_R,Vermis_10,Cingulate_Post_L,Calcarine_R,Fusiform_R,Heschl_L,Frontal_Mid_2_L,Cerebellum_8_L,Caudate_L,Supp_Motor_Area_L,Precentral_L,Occipital_Mid_R,Putamen_R,OFCant_R,ACC_sup_L,Occipital_Sup_L,Temporal_Sup_L,Temporal_Mid_R,Thal_PuI_L,Temporal_Mid_L,Cingulate_Mid_L,Hippocampus_L,Amygdala_R,Precuneus_L,OFClat_R,N_Acc_L,Rectus_R,SupraMarginal_L,Cuneus_R,Temporal_Pole_Mid_L,Thal_VA_R,OFCpost_R,ParaHippocampal_L,Parietal_Sup_L,Thal_LP_R,Cingulate_Mid_R,ACC_pre_R,N_Acc_R,Pallidum_L,Cerebellum_8_R,Thal_AV_L,Lingual_L,SN_pc_L,SN_pc_R,Vermis_4_5,Fusiform_L,Cerebellum_10_R,Thal_VL_L,Temporal_Inf_R,Cerebellum_Crus2_R,Pallidum_R,Thal_PuM_L,ACC_pre_L,Thal_AV_R,Cerebellum_10_L,Cerebellum_Crus2_L,VTA_L,Thal_LGN_R,Thal_MDm_L,Thal_LP_L,Olfactory_L
Thal_PuI_R,1.0,0.13172545087048748,0.2366444280595162,0.2558361899045572,-0.10091193267446043,0.026773692183717245,0.3029738884609615,0.3104414073147944,0.48171388653918806,0.33477903047308466,0.3358998520810471,0.24534289579655463,0.5576697151153165,0.43914514479194056,-0.1856327625833803,0.045673216952126776,0.17477717977836935,0.47537939583762556,0.5173152733783764,-0.01662432444135773,0.31835997206016037,0.6713214531906336,-0.1338344066146049,0.3747971568398963,0.44966799209150166,0.5034055269693491,0.259843717207236,0.5305165070326872,0.5827733701758361,0.3578464793865879,0.10435452873305093,0.5296097350019795,0.25324339514066957,0.07502434053142408,0.025029596818712863,0.1257019147650254,-0.08774702865297039,0.457205350000684,0.1410886641130009,0.5423841829846637,0.46941084381458326,0.2160520259782428,0.18572081792976336,0.013967969071174991,0.32172769967137504,0.40400487174416416,0.16379264423231885,0.08471429340871364,0.22358086590800402,0.11612649147823494,-0.01542498905661394,0.4403092333017335,0.09847968457531162,0.30284798770955756,0.4968344628577253,0.18922139714856645,0.49303989053215774,0.5817912920672197,0.24144313448563257,-0.007858589577532344,0.03199547468260575,0.48202475153159974,0.32361077116826326,0.03046745366860586,0.26131805608249087,0.16029248579613306,0.4564543031658937,-0.23105247271389184,0.4409329086521448,0.5160919722795181,0.4455729495390483,0.20926484732036316,0.013030788641755015,0.40070119411311156,0.09514499012987088,0.46123225722171496,0.420619175662148,0.5370033702977984,0.3263479001680186,0.46139246908062415
Frontal_Med_Orb_L,0.13172545087048748,1.0,-0.2652904647413646,0.011963756118378518,-0.24743007675420584,-0.4676640633686569,0.10125634227612794,0.13478478167852595,0.14879360996942487,0.2896263906387505,0.07747803631029948,0.08791183037121489,0.2135830039787599,0.05401262008912626,0.006403575229341001,-0.40918708496902234,-0.2275132718464987,0.04944278205564836,0.3512690141393785,0.07944276754670802,0.07111662054671009,0.020662962996981057,-0.26700373369519015,-0.12562993004529455,0.11254715342399829,0.35723328361843587,-0.08638146307982109,0.130399523393146,-0.057979758646580025,-0.006739275055351652,0.14911333705365812,0.33007347276604204,0.2762808388290732,0.211354275890646,0.1599174485651739,0.09481540652114355,-0.22174945379756675,0.1771598501269614,-0.31849785445665385,0.006595068958647156,0.11136736101642887,0.3460611522910484,-0.3406521971259763,0.2293906555203578,0.11248646356865227,0.0764315956986706,-0.2836687464937501,0.05903328719660026,0.30613731900351937,0.5914448874477312,-0.21071983330625654,0.25925541718000167,-0.13886625441807698,0.19902977667610824,0.09840387730380708,0.488443894017701,0.23003666839346235,-0.041142008835413205,-0.0896704708862333,-0.3708450947758015,-0.140502439799864,0.14701450038152492,-0.28621823497548177,0.14480779005654423,0.06985116629860767,0.0010751164523953212,0.40016074115870454,-0.3190478884185161,0.10636360686622987,0.014109995432943615,0.40296930492683625,0.3863324864904338,-0.15339217800119553,0.07719646342855807,0.13379112946295024,-0.0023947090452504137,-0.014635763189910877,0.03733051415370215,0.1610266444168696,0.2169508503518217
Cerebellum_4_5_R,0.2366444280595162,-0.2652904647413646,1.0,-0.04686552016681093,0.45604124007943714,0.5248948924695949,0.3128113512009881,0.16295122343210558,0.27596340131228875,-0.04862181280427336,0.30705435440645945,0.18130042181420955,0.2597551009502146,0.5822415704036611,0.12300834131021625,0.22671754522849108,0.3578265757186803,0.4610217340628106,-0.043629387938632094,0.24112614461274423,-0.27664803038854346,0.348716994947573,0.6233678696005928,0.344407078380683,0.33272942709610187,0.1014653853497125,0.6218684451414549,0.08856604673016374,0.10052975722797698,0.03687726719164354,-0.17558726536757568,-0.005102487106527004,-0.11786840762806805,0.0340678146071977,-0.19116868963845365,0.40228504401108317,0.1193701543359293,0.3670771846931611,0.19343887035974822,0.25990337543263947,0.5452995291687903,-0.2641374625126763,0.7412941815592649,-0.3478450415221021,-0.049663902299591674,-0.19145953293042473,0.6647251491522423,-0.22408358526883418,-0.011184518856583975,-0.382143657213998,0.1991289719959588,0.34608933542226766,0.20553606226973906,0.17983134604472992,0.22324462829744088,-0.3249849971448069,0.21077271220957483,0.3412830638018753,0.5886161380724785,0.395763171295371,0.44314016459920846,0.18927621615601264,0.637418199257754,0.26500796490099476,0.48722052405627025,0.30600557540119616,0.22627487149802034,-0.021772164006964384,0.025491418708163734,0.037182497651187425,0.17824724576868892,-0.26230252867104514,0.18358172054637975,0.037710655003741614,-0.1997449459740217,0.33682600158364895,0.445440813865771,0.6035292165775873,0.43663490528505144,-0.10492457802083029
Vermis_7,0.2558361899045572,0.011963756118378518,-0.04686552016681093,1.0,0.1463128482390546,-0.02600421570320209,-0.029526625416703593,-0.09245427412299075,0.04344434399999383,0.09659159846253586,0.0019016373320226959,0.09542187085739073,0.16617764739968843,0.27268925821656853,-0.0005395351382546465,-0.15167658512545015,0.16904792759431336,-0.07425899501639491,0.05848158922323044,-0.028067524410333663,0.27488848768056034,0.04820799258225912,-0.2208971649256457,0.1598596218247203,0.2755106482859607,0.06175211407239716,0.2633163137031472,0.15681894621654877,0.2311691293831529,0.08874211472827569,0.15029340949438658,0.09041315572738101,0.041535060324956644,-0.135346344340447,0.024842543113144246,-0.02891191416927858,-0.11817455496139959,-0.026007830107341076,-0.005240838108710556,0.2688375673539101,0.09431593552219471,-0.044184909635723156,-0.055369686614258576,-0.1179174877629065,0.20849505641782284,0.18783763718081892,0.0852535978318896,0.06415454025485376,0.07871391959091606,-0.09110935003982917,-0.1292025473103676,0.12365389768416309,0.1287449615689797,0.027306819881236694,0.18961325526779507,-0.062255653540192316,0.21294433755547557,0.1652739030331507,0.19149035461467265,0.062166670636600314,0.033292294781903084,0.22940135566864717,0.04763390320724288,-0.11425035508816198,0.06059650830194747,-0.09374162153619284,0.030718557216737212,-0.11023946278319398,0.20071378287185823,0.16818516084615476,-0.03795298656782154,-0.04942547839514616,0.0341525721089317,0.21668824699084055,0.24290792101689002,0.417938779881857,-0.1057868257591654,0.11464084979255718,-0.057837174287493874,0.21990387567201156
Vermis_8,-0.10091193267446043,-0.24743007675420584,0.45604124007943714,0.1463128482390546,1.0,0.37494013932124953,-0.1926743917403848,-0.28324112547678587,-0.05263682959310875,-0.125860712183025,0.015130637505458962,-0.10658198429653394,0.028642508078565738,0.3967182126145824,0.099875423975552,-0.03838821617228321,0.18849930404200355,0.11063935332235256,-0.33786325069505546,0.18911022306673939,-0.37371976089643416,-0.07429115326197934,0.44518515044553514,0.15218677593180335,0.09471022857867262,-0.24747726114038318,0.4781382061033352,-0.30636974040700576,-0.1411701113041503,0.010312570690811042,-0.07610443843654376,-0.3643324604104402,-0.25070888823299636,-0.22038354213997788,-0.27762379189096426,0.023202824851850334,0.2029375376984725,-0.04960306089481995,-0.006871345936809635,0.09429036010517641,0.028277808865052653,-0.47980348770578424,0.4847141552461102,-0.25225467295204196,-0.23197086095513095,-0.26099826386768965,0.42758858884471296,-0.08723204713604434,-0.039432977124887844,-0.4257844254041528,-0.03577708439407956,-0.010666137484275815,0.2955676140152334,0.12287032604295438,0.008640992855625735,-0.3712993329410134,-0.10977914718337055,-0.12530498800391127,0.5527882627803526,0.23950815905571515,0.2616563356800216,-0.14393507961618004,0.3145068985501487,0.1056465914601041,0.1901426306973882,-0.11531689508838264,-0.008679014525165571,0.18706845930243263,-0.009394998771958,-0.3402929517137456,-0.19926801897614632,-0.3929005732767381,0.14917728221224089,0.018236041912077318,-0.16707329777483612,0.24212690213017707,-0.0030442638152486743,0.15451935172237483,0.1737915104830457,-0.24011786739613988
SN_pr_R,0.026773692183717245,-0.4676640633686569,0.5248948924695949,-0.02600421570320209,0.37494013932124953,1.0,-0.0013321346292059675,0.03784723883814403,0.10544237376075632,-0.3292972209785825,-0.1768015615364493,-0.11447909361418887,0.04187983944324623,0.4252952015241922,0.18392536249622954,0.189168610241431,0.31740744365263546,0.3288265922088117,-0.38163438621094076,0.10233163407506891,-0.26440613938036645,0.10568898123721711,0.5069748078325629,0.16795381759487774,0.12924617721612075,-0.31166631194683025,0.09479639076087944,-0.07770622298652953,-0.05030632742222733,0.25980522170803216,-0.29065681269707894,-0.2969033502681004,-0.5275494822537335,-0.46225701474601594,-0.16594581590514862,-0.20530562367824032,0.37437731855832257,0.05273986589491061,0.12279321985403353,0.21651710856483622,0.004889030021218295,-0.38724485376775175,0.5927578932075603,-0.32427607749051085,-0.4167647110155017,-0.3439961666438274,0.44690398840638706,-0.08670771956828792,-0.09958318066976231,-0.48711821452271825,-0.1377403445282844,-0.2261206712790166,0.19491939175231796,0.1115560321498991,0.16244379736881207,-0.64425549697363,-0.20245257635639471,0.09158733657730593,0.3447102634905813,0.09508153224878378,0.1339399620963524,-0.12243249991961096,0.6676655833132359,-0.07019798416920935,-0.07289062293464486,-0.04538019097291665,0.04315060833418995,0.2658367409879331,0.012584065448220223,-0.13140938394733087,0.018897015199656902,-0.5327939915532452,0.05443901909288498,0.10889570131134763,-0.21224466551325719,0.003772829359353755,0.34666363441845194,0.20675475343473115,0.32254208571550075,-0.36050419746209356
SN_pr_L,0.3029738884609615,0.10125634227612794,0.3128113512009881,-0.029526625416703593,-0.1926743917403848,-0.0013321346292059675,1.0,0.5644248971293977,0.18473024493387002,0.42248584475957757,0.40237654089247676,0.23275056664060081,0.13650386034565856,0.20968220898374357,0.23366626584918196,0.23240377973232473,0.09611094208193367,0.374565208050346,0.5266485076273204,0.34714644002499456,0.2520723313866027,0.4545029768086014,-0.08242998802403567,0.34133091613295796,0.43969531318787036,0.574075928166744,0.19678883334733782,0.5804478599132188,0.3722030295207308,-0.06194584959231632,0.14294466733193775,0.5931543525432543,0.3315187057599986,0.46020993211596917,0.2075354615641041,0.4212456170475046,-0.14995005579429696,0.31820719233933575,0.28613673288802915,0.22041081462930534,0.5947879907261096,0.4844147222389176,-0.013268511009816922,0.09704196917483404,0.37411170799009896,0.20381311888601214,-0.06293457396522996,-0.17155732743425336,0.17153022208783703,0.32512692255918646,0.24400594961310373,0.5008428758956077,-0.04190803657949708,0.20576680984660767,0.2839447712906334,0.3233506687890032,0.5433341111007431,0.5526429992266471,0.30067686585370246,0.06770738421077341,0.2379748956169383,0.607026746535726,0.2630785002516004,0.11478015515705979,0.2904840893142788,0.32080940243748474,0.39375103287098756,-0.057575180072116074,0.05118434021534969,0.491292064655494,0.5185344778746485,0.34740425620047943,-0.02003234176535563,0.027776946153666333,0.036758623807715926,0.3143935300587766,0.3672982188010816,0.4671153604315277,0.16620723656601075,0.2211109660968308
Insula_R,0.3104414073147944,0.13478478167852595,0.16295122343210558,-0.09245427412299075,-0.28324112547678587,0.03784723883814403,0.5644248971293977,1.0,0.1548961946059803,0.4468066731935633,0.4823128047313715,0.05674505341971526,0.1998099627926801,0.10859176143436951,0.19247907364801253,0.3067748389508762,0.014052779803938738,0.46575193248462177,0.5265726584347341,0.35503642117924566,0.17302994162916716,0.49930567507450163,0.011254332745573813,0.6133006450403171,0.378576081418941,0.43971008813819096,-0.1872404927709448,0.6110139398779316,0.44733172707401897,0.23024700275092605,-0.13450758403012292,0.6593628536049568,0.2113562096847329,0.4064294889637037,0.36434862662301315,0.04614076897887944,0.24268355615682305,0.41859884133782815,0.1441827023332088,0.22033299201421003,0.40950369812498705,0.6415217078597419,0.03542247503446894,0.4370124180666836,0.32395222953163627,0.0993072340704344,-0.08582432672235125,0.05622889989801065,0.1590631879383006,0.4448257777467291,0.24968901782562822,0.2888338072841005,-0.1264962932799684,0.21758203140174917,0.26813657461105983,0.3672396297936473,0.3185238336442854,0.5073716537089278,0.08930205762866439,0.00227844787948417,0.09362070352896823,0.34624236283362153,0.24897921661323602,0.19837908286212863,0.029035230410662242,0.17460587238924175,0.3545485221777084,0.23309429084347666,0.10631047120477351,0.554574724712227,0.420132650802234,0.411967024520372,0.08907942834373776,0.005163696513424166,0.08500616606157126,-0.02759465663365181,0.4410006834177725,0.3390143976155399,0.22425933435214776,0.1331969371876152
Thal_MGN_L,0.48171388653918806,0.14879360996942487,0.27596340131228875,0.04344434399999383,-0.05263682959310875,0.10544237376075632,0.18473024493387002,0.1548961946059803,1.0,-0.06438229496136194,0.20052978197664084,0.2322262446162945,0.5714879239889694,0.44748767068670875,-0.18054966070148762,-0.2836317489992777,0.20159886493607346,0.40100871444029107,0.29734186576395466,-0.07234297764583895,0.1396900322184286,0.4630700717228207,-0.02813402403764534,0.06737080982423715,0.37958520512373883,0.3235789014219487,0.3468646826054018,0.45606274814318376,0.28109884822114084,0.22508101571249484,0.02400273469139573,0.3900519868449397,0.18342800847576265,-0.06968533628016814,-0.15727363814303788,0.043768598398085085,-0.30052162970783775,0.4549912810437815,0.1422755175826009,0.4417388231240143,0.37812448831642115,0.08368130682676636,0.2827740434509016,-0.2403148431018125,0.1794741525726412,0.3506469864276423,0.2361298201127827,-0.006526196643428956,0.24123136603147702,0.14378554629334162,-0.08666148959009862,0.40601731555882437,0.08521982519309611,0.14868749614785312,0.3922361158763592,0.053338790670697606,0.340232910708509,0.5153308533449412,0.2987272205673196,-0.12105349135981755,-0.07255377013995444,0.25484109035666797,0.40132661459568814,0.15227172759748492,0.34999653544065923,0.3083492004584021,0.5153111890603316,-0.47791038779056966,0.38023968033292577,0.39336327527052706,0.4778135641070742,0.005618241701369025,-0.17589268262346236,0.6584811214032945,-0.162678225347682,0.39388046261111753,0.5465935224121119,0.5033820350399811,0.5296773024716963,0.5318096276596658
Frontal_Sup_Medial_L,0.33477903047308466,0.2896263906387505,-0.04862181280427336,0.09659159846253586,-0.125860712183025,-0.3292972209785825,0.42248584475957757,0.4468066731935633,-0.06438229496136194,1.0,0.6207486991774662,0.11512384769764254,0.08031777840121167,0.07731189552244792,-0.04190658228885277,0.2600240682697476,-0.0008749705848982375,0.12255849116796355,0.7643257836357141,0.18522632884473664,0.19394122251248205,0.3715812902530944,-0.37979929377555854,0.47383652907836155,0.3297258678734396,0.6602071052522739,-0.006896173667355566,0.4191426999726225,0.45942839041897554,0.03703833597382836,0.07552171837901835,0.6101886581266938,0.6461804555607557,0.6721214775444507,0.20141361039526456,0.1879030262467464,-0.07904750705951309,0.08819512898282614,0.033992500232502366,0.08622556624900714,0.33202275456564023,0.6839859716370938,-0.3117113582266581,0.6500922052836986,0.4989383704550881,0.3105467388932404,-0.30234323440130173,0.12848598051206875,0.20650055386866958,0.4120117162738424,0.4710945665262126,0.3789902242729097,-0.1860991084528188,0.2125937935017548,0.13901463656243473,0.7419372116341604,0.5158917438925235,0.31144993179072034,0.11619749431298564,0.0020512509265849074,-0.05518961657716384,0.43978660192248376,-0.058064594729480556,-0.01683583899819845,0.10821047058109706,0.1588494955981302,0.19166844106257747,0.04167348029403227,0.21391404344600756,0.36761030513006965,0.3359701374582074,0.6803184120597798,0.17013505930048767,-0.03204668978353686,0.3014806437328293,0.1823762475903159,0.011790871322707666,0.2102747026600725,-0.08788258060775547,0.29912707694751123
ACC_sup_R,0.3358998520810471,0.07747803631029948,0.30705435440645945,0.0019016373320226959,0.015130637505458962,-0.1768015615364493,0.40237654089247676,0.4823128047313715,0.20052978197664084,0.6207486991774662,1.0,0.1988203374415714,0.3101733593539676,0.16420505762038176,-0.06522155699965292,0.26314977802883505,0.06958912944072,0.351591905212882,0.6162208651947614,0.30830921288026136,0.06180709765301073,0.45392601951702155,0.003143313334435232,0.557432065634448,0.29041604372624946,0.6097510219369451,0.22613284966277133,0.4576595659580879,0.48304893350086003,-0.018808822888572815,-0.02929781174148591,0.5844696254533035,0.5406856387723467,0.7323019389981831,0.16168130274345655,0.3977180755745608,0.004586113055602691,0.3054452148457938,0.23450883380445248,0.22347894757577763,0.558884252004638,0.5253564375613056,0.0980247766836873,0.36976340551453996,0.5814756179421662,0.267805826715914,0.08601662894084183,0.01597193201587655,0.09243367814357775,0.2029886583758638,0.5065384113482856,0.573767178431028,-0.0414529027025686,0.280683515634167,0.1936085960003973,0.5480707250320535,0.4479311289854548,0.4643686161082954,0.19233007797027976,0.29572435968769817,0.278941208639798,0.47509154153509936,0.20114265727044145,0.3525414616226505,0.4670408090167505,0.33734125469635506,0.2277829782079141,-0.006166110870884673,0.20541255775136233,0.46707341195041535,0.26297236075315555,0.4934026391582876,0.2739936370412613,-0.027569231728884876,0.044790507906543424,0.23860343551616978,0.20352827986467842,0.40699566724641184,0.1481880977716957,0.35119686529850486
Occipital_Inf_R,0.24534289579655463,0.08791183037121489,0.18130042181420955,0.09542187085739073,-0.10658198429653394,-0.11447909361418887,0.23275056664060081,0.05674505341971526,0.2322262446162945,0.11512384769764254,0.1988203374415714,1.0,0.12186717116068296,0.05843259265933969,-0.1197436547344861,-0.05033837563342967,0.08441243938034344,0.024534653534831207,0.2340579665198556,-0.08675243062308607,0.03458047396192758,0.1715728616988748,-0.12846066233656606,-0.07941644599961184,0.10891730834613485,0.2586587385111342,0.32047201228378974,0.2257980552077321,0.11989633290096324,-0.171552202590602,-0.011321953493933348,0.24240538894195224,0.2664894462392173,0.1759049010786899,0.0006474823304322729,0.3061519676584298,-0.26797098871864067,0.21945473942014923,-0.028469583464443497,0.08657409133306458,0.26291558665259407,0.06766144397254707,0.007641378804654101,-0.14131406156799783,0.2130525824335298,0.19259801842950305,0.056862191345827054,-0.043532113924675986,0.11637999523259542,0.003304652798270661,0.15244135339376128,0.2744807376426604,0.010692466236862564,-0.1639386491351762,0.09915339070710154,0.14457161424170892,0.3182885550808553,0.24795911445636426,0.18533927680368725,0.10946186983091093,0.04506904209566425,0.16689481358698013,0.05198468834906468,-0.03992904627923189,0.28944638472066186,0.23681645956484587,0.15159467694995493,-0.28097252352195967,0.2015217496743095,0.23339245658228777,0.20416553251695418,0.1586746824813516,-0.03831653253067221,0.18027111341396895,0.021653898833229667,0.3239615416961729,0.062270484412825844,0.25438765954196535,-0.06662390541219977,0.253082142041608
Paracentral_Lobule_R,0.5576697151153165,0.2135830039787599,0.2597551009502146,0.16617764739968843,0.028642508078565738,0.04187983944324623,0.13650386034565856,0.1998099627926801,0.5714879239889694,0.08031777840121167,0.3101733593539676,0.12186717116068296,1.0,0.37546847802294353,-0.049553856800748614,-0.3151525792905767,0.021647094157382155,0.6471093164684982,0.29011283703262486,0.060150197306175,0.13323735003144677,0.5299787272052423,0.19670391434267057,0.23896057755689312,0.4844759670300087,0.423940253952767,0.30305818160490416,0.3499269762129019,0.5912117444564413,0.6230291326839403,0.06215161853177289,0.3466550687401642,0.046564452027927826,0.0010278446177837037,-0.13013287149437752,0.31604950178465124,0.05339123573548213,0.44966510299861273,0.2808505784993673,0.7760622872794259,0.6521483182930565,0.0925839553759961,0.4309550284141771,-0.3073291615761237,0.06651347627120037,0.2875030673923564,0.5147558037486335,-0.038966711226318805,0.434075236556898,0.09205900110137429,-0.2589388144212532,0.6797159262248479,0.006686468393559158,0.5026746915034603,0.7313905502343228,0.0038656106893634953,0.3518049975630784,0.43458272800637593,0.23788666811543727,-0.08552066738979436,0.39326712702654953,0.35760205964294145,0.2949009790525678,0.44589296161773845,0.6247957175559083,0.2931963024350889,0.508334370212553,-0.2585613072772269,0.19985064895998197,0.355841710424848,0.5206721688525165,-0.08056586600851845,-0.18609937878148056,0.40727291962500384,-0.039993112121088525,0.335728803613134,0.5494639825533969,0.5082835598505451,0.6029990144476405,0.48200527166970925
Thal_PuA_L,0.43914514479194056,0.05401262008912626,0.5822415704036611,0.27268925821656853,0.3967182126145824,0.4252952015241922,0.20968220898374357,0.10859176143436951,0.44748767068670875,0.07731189552244792,0.16420505762038176,0.05843259265933969,0.37546847802294353,1.0,0.0918473596646536,-0.1204524979930304,0.3226076019527476,0.4837997707665124,0.07501298375004577,0.21490893062619845,0.03339035923483202,0.34489492641709607,0.2588864752628803,0.28146854031693086,0.578054552318717,0.15071310654222134,0.5322782391947325,0.16171266772701468,0.16796970113553814,0.17590618301244404,0.020887725542497043,0.14878707376316846,-0.058340033564048155,-0.1731772878591623,-0.15120971336975322,0.10679781142920079,-0.043356060926575526,0.30423442107152626,0.0176744458863719,0.4565853699698098,0.4320957963261014,-0.180156765198221,0.4738409637963602,-0.2351781421003653,-0.05902095801238884,-0.04692658542816617,0.4688440227461747,-0.04180379886968667,0.12708191743799718,-0.07069037061426801,-0.031881245829900304,0.33056500181799137,0.2443522023399092,0.37849930212749977,0.41430557911683,-0.16358051482532693,0.303739411421139,0.35251950018344447,0.57750254665672,0.10450410569989112,0.15431826993882494,0.2713398301117126,0.5206084271576282,0.05969608949325355,0.28957967772359594,0.22997989453031983,0.5071960510962539,-0.1712799639922874,0.2518849547365363,0.028747483413348648,0.3734184273692844,-0.23780285329531803,0.13051641750455617,0.37357249897605205,-0.13445220206700378,0.5183803653875897,0.42526696061036506,0.6211623460792677,0.4710143513868734,0.08024014332823041
Vermis_9,-0.1856327625833803,0.006403575229341001,0.12300834131021625,-0.0005395351382546465,0.099875423975552,0.18392536249622954,0.23366626584918196,0.19247907364801253,-0.18054966070148762,-0.04190658228885277,-0.06522155699965292,-0.1197436547344861,-0.049553856800748614,0.0918473596646536,1.0,0.05786116612817903,-0.09623828453888848,0.25527519718926517,-0.21015887127049418,0.39242670961518944,-0.06274414799715551,0.0019580730214709516,0.28094238858404724,0.19353168939041313,0.10034091899978496,-0.15428334990249182,-0.10822836432821165,0.009539738893349109,0.027515086791077528,0.08178013845182082,-0.07248234583512764,-0.03517727587674935,-0.2791845737958527,-0.04498619987032462,0.06593957812699204,0.016118816704796313,0.38286368736378923,0.00698076571087507,0.03805260618830385,0.10834263905471038,0.09264416528974284,-0.02824273102760971,0.09442730985643817,-0.11176835287210435,-0.1150229270554717,-0.2901201518895103,0.16473107600267275,-0.11898592174069535,-0.06109150752764786,0.056699967309597255,-0.17578354608607918,-0.05316461593188123,0.03854591749235856,0.10952242750507526,0.12812287930204008,-0.2237171075817546,-0.012688180146520869,-0.00471165039145455,0.10418794243267944,0.16136961577707815,0.3317376385557427,0.04985890967297396,0.08580973505665238,0.13718269635049057,-0.041691500319762945,-0.07625922670089225,0.23420803840184407,0.39744628553094313,-0.28726427495238266,-0.10678887583449202,0.044270923488865715,-0.22202378074894968,0.10259212401946459,-0.23328465404583318,0.03589969778918611,-0.13087641535994674,0.170727028203562,0.013199131056145686,0.08855550367215947,-0.3480006951801967
Temporal_Pole_Mid_R,0.045673216952126776,-0.40918708496902234,0.22671754522849108,-0.15167658512545015,-0.03838821617228321,0.189168610241431,0.23240377973232473,0.3067748389508762,-0.2836317489992777,0.2600240682697476,0.26314977802883505,-0.05033837563342967,-0.3151525792905767,-0.1204524979930304,0.05786116612817903,1.0,0.18597766688455378,0.08501705744807644,0.09859915606036969,0.12861306118106466,-0.06578717434758379,0.15685704864292316,0.0927635367937449,0.3168227722211426,-0.07301691732958326,0.018796838136479418,-0.1684201919488283,0.1403452782464125,0.13114344431026823,-0.13552003807625612,-0.04921246169660267,0.10106535465825726,0.11054198959757007,0.30709160525306917,0.15837597213272162,0.07495949738786073,0.23704723025280744,0.0718700878891538,0.23540594633384135,-0.2466326910762704,0.038367083862816814,0.19148061697758753,0.026723699435555123,0.3091023143246427,0.17742000803093697,-0.11725139080283269,-0.03225996611066133,0.0012202952164000584,-0.10001521285452868,-0.14168848794581712,0.46296080757662056,-0.14136030893518842,0.008021825392240795,-0.06649190203021191,-0.16910403560967396,0.04658756597002612,0.03704996074061537,0.1239012194501128,-0.00694025373489056,0.3758711073730213,0.028181694495869228,0.02480407897501326,0.11181920167053021,-0.06895757483376351,-0.15588247938911445,-0.1213974108591515,-0.1473839660775156,0.33850282261145376,-0.05675823340562207,0.15459644442810222,-0.16002374651199028,0.22205714530012619,0.34550340143226704,-0.40856397237371184,0.06225591165202628,-0.15624987679751062,-0.017648516397207714,0.05174625850626822,-0.12794523725504936,-0.2719188397697046
Cerebellum_Crus1_R,0.17477717977836935,-0.2275132718464987,0.3578265757186803,0.16904792759431336,0.18849930404200355,0.31740744365263546,0.09611094208193367,0.014052779803938738,0.20159886493607346,-0.0008749705848982375,0.06958912944072,0.08441243938034344,0.021647094157382155,0.3226076019527476,-0.09623828453888848,0.18597766688455378,1.0,0.033016046183880494,0.009421518085537858,0.08543040284140747,-0.07982669258330122,0.058191067488401735,0.06533409748892753,0.11853196348795281,0.20671988506605907,-0.007423593569509446,0.3106099479984162,0.08941949015010194,0.02357193966184697,-0.1265402626900569,0.03590006267850777,0.03843835097938449,0.03364497733115296,-0.08479752533433467,-0.21185788279334336,0.07099928261379262,-0.087232784294013,0.1406446833970142,0.028124120596606024,0.08200117271409389,0.08406623657279579,-0.1749067630502511,0.17102068896382597,-0.07679231506446176,0.17936729558778453,0.057885899485622144,0.1934970906781973,0.02503792236160886,-0.020667720098598037,-0.2598889285263323,0.1690521158503938,0.021007161017082315,0.10163532628225568,-0.0032427377526356655,0.05067021843812091,-0.13683850972467604,0.1183183606410936,0.2024541018204551,0.3729053491280048,0.25239470389850316,0.006973629356661413,0.16946823060617713,0.3930210020942034,-0.08756487001700836,0.112231437120401,0.024874626683745283,0.05852894729687688,-0.05242245492504823,0.27212265878347924,0.0791774597476317,-0.03147536947617487,-0.014954607487238723,0.26985094609021093,0.13740973631032258,-0.06533373292823758,0.3287897431172398,0.07702973234477377,0.3263375397402362,0.06645466275046391,0.009706528925362341
Thal_VL_R,0.47537939583762556,0.04944278205564836,0.4610217340628106,-0.07425899501639491,0.11063935332235256,0.3288265922088117,0.374565208050346,0.46575193248462177,0.40100871444029107,0.12255849116796355,0.351591905212882,0.024534653534831207,0.6471093164684982,0.4837997707665124,0.25527519718926517,0.08501705744807644,0.033016046183880494,1.0,0.19922348580735014,0.335812291535434,0.019820857765992485,0.5805779990951339,0.3956767529862232,0.4282881437360724,0.4401937948200065,0.2894290802656334,0.11390378098302718,0.42519094678623454,0.48534748363505054,0.48871416001241386,-0.13607883527017045,0.36790375341242504,-0.1761018499378415,0.02734174837572318,0.022867690375948806,0.228394238611668,0.3177954107483871,0.4567922252198311,0.27360481380553586,0.6618598229922761,0.6078624661224746,0.13500656659112095,0.47497400538958356,-0.20031452044815853,-0.045215674642001054,-0.028306899787743624,0.449666074378598,-0.10976301155256221,0.30412181859876064,0.19123047830228773,-0.21450938732704153,0.4746345903255957,0.061062448139258874,0.6401824776295449,0.689993751043911,-0.09883318811997575,0.2573679408691415,0.4969949659479579,0.2919620665656837,0.10276538420992692,0.4702973493245936,0.2752323632742638,0.45557221376259455,0.43464229113752595,0.37441426166181635,0.14878384916446835,0.688575316617039,0.0973184096023293,0.08259316109530342,0.30681290160290803,0.5283317569128276,-0.11377273613335855,0.07259099584932495,0.11994390516669456,-0.10347415044082506,0.13854849002834746,0.6496748768764263,0.5923343284919099,0.6888512535984329,0.054498435418189106
Frontal_Sup_2_L,0.5173152733783764,0.3512690141393785,-0.043629387938632094,0.05848158922323044,-0.33786325069505546,-0.38163438621094076,0.5266485076273204,0.5265726584347341,0.29734186576395466,0.7643257836357141,0.6162208651947614,0.2340579665198556,0.29011283703262486,0.07501298375004577,-0.21015887127049418,0.09859915606036969,0.009421518085537858,0.19922348580735014,1.0,0.010749870181288241,0.34778469861177685,0.5511527827758641,-0.49322710687007276,0.3425099789964119,0.4000561067262466,0.8682554871946543,0.09282650805267095,0.6747591196620157,0.5813490152935876,0.067892339436614,0.18079351113764533,0.8158609707896979,0.730807022059552,0.6302797875007468,0.20890586318197227,0.2167301044784854,-0.31121874968930485,0.32294885219198216,0.13985955458353957,0.2126015580765028,0.4411256020126676,0.7304602268629667,-0.2905552231424917,0.4991581606772038,0.6137335062086273,0.603352190628314,-0.34708252194842043,0.08041282455930877,0.28454838826657136,0.4965072943405564,0.337859931059144,0.55646468014305,-0.21334850327960322,0.20962876855415905,0.25516172366484136,0.8019001337328088,0.6623171869157872,0.5365760218423438,0.15323537967618056,-0.19218431789737608,-0.15637638957668215,0.5766577168362433,-0.00837128881278184,0.005199928007751766,0.22274375791010148,0.2241128812877961,0.2936296291337394,-0.27774369858619685,0.4194307390350545,0.6447212655035474,0.5674951256806843,0.7645197912533098,-0.08976541959420786,0.28872089530616296,0.279112343750473,0.3011862119612031,0.24055853179783776,0.32845780113744427,0.0538413393469878,0.6391681636835163
VTA_R,-0.01662432444135773,0.07944276754670802,0.24112614461274423,-0.028067524410333663,0.18911022306673939,0.10233163407506891,0.34714644002499456,0.35503642117924566,-0.07234297764583895,0.18522632884473664,0.30830921288026136,-0.08675243062308607,0.060150197306175,0.21490893062619845,0.39242670961518944,0.12861306118106466,0.08543040284140747,0.335812291535434,0.010749870181288241,1.0,-0.026271543431797807,0.10659915051292607,0.37174288084061835,0.3643055948082478,0.2279273425145067,0.059132074630761214,0.031512688130828144,0.11915734227015999,0.03032279573525894,-0.048377152562418195,-0.14481974356357039,0.2015637179851304,-0.04100063453399116,0.21698855622972008,0.10189800065014837,0.23587396030735716,0.29747069723432523,0.2568827099463404,0.11161640832899447,0.10585087061729974,0.30215474712454865,0.20229133226447907,0.16654195479832262,0.11581851533298405,0.11952160618523577,-0.33728434223016324,0.16476460719499095,-0.09803095241927355,0.011014822681677172,0.1873707020698135,0.08799490988378288,0.1565865962627247,0.0990820765367743,0.23748118599722534,0.1355000314211273,0.06733655730055695,0.03171700128607906,0.16355391754420498,0.17132541926038752,0.27934208931808713,0.4132368213016065,0.31097360732234297,0.32662297871107576,0.4661719583317858,0.17266203190759402,0.21185899734092925,0.27740112767403,0.24423559586812757,-0.20878777449667868,0.051639802373794085,0.13864508585180185,0.04111019179885915,0.29007505575010717,-0.26093684957883995,-0.0942803145768244,0.11741765701114155,0.1835756055545973,0.2430882619996962,0.21034292544451533,-0.2305153381571262
Vermis_10,0.31835997206016037,0.07111662054671009,-0.27664803038854346,0.27488848768056034,-0.37371976089643416,-0.26440613938036645,0.2520723313866027,0.17302994162916716,0.1396900322184286,0.19394122251248205,0.06180709765301073,0.03458047396192758,0.13323735003144677,0.03339035923483202,-0.06274414799715551,-0.06578717434758379,-0.07982669258330122,0.019820857765992485,0.34778469861177685,-0.026271543431797807,1.0,0.23478123140417922,-0.46071513118851154,0.07861884554578723,0.21074924953184632,0.3038583017700521,-0.018505404709190355,0.367751485235444,0.38828118479704415,0.06245999916629465,0.33310798469806735,0.43358308704176973,0.3378495512958223,0.10477421709165088,0.1635000039740967,0.0015947846681214556,-0.31486988117018555,0.049104166207676644,0.14416266237095,0.18672741712537547,0.15735281120328143,0.3461160115088263,-0.25745215946739247,0.10236405770497324,0.32925922339455854,0.44038626935484465,-0.23535818097554956,0.16675904836319408,0.13821498875046484,0.2969457947941657,0.10320495722520398,0.21148496004887432,-0.10230618704991673,0.12439529414451907,0.23801072943765664,0.2958972695676564,0.307804725511494,0.2962246969843492,-0.12849701548473366,-0.12553082123650192,-0.12370377873852714,0.30822107976431096,-0.10052903538162354,-0.20636616781656789,0.013882731666393196,0.11060595553010129,0.11907663154380815,-0.19068442759599952,0.1518243686442656,0.39087034027894746,0.22139491876860368,0.2508113180949332,-0.10397820011075042,0.2654933661360714,0.15900977735930724,0.27375719912071217,0.10544919282123315,0.06102165278253081,-0.017018505029506678,0.39555844723096284
Cingulate_Post_L,0.6713214531906336,0.020662962996981057,0.348716994947573,0.04820799258225912,-0.07429115326197934,0.10568898123721711,0.4545029768086014,0.49930567507450163,0.4630700717228207,0.3715812902530944,0.45392601951702155,0.1715728616988748,0.5299787272052423,0.34489492641709607,0.0019580730214709516,0.15685704864292316,0.058191067488401735,0.5805779990951339,0.5511527827758641,0.10659915051292607,0.23478123140417922,1.0,-0.0628975451716049,0.5435682682038377,0.44544528558980273,0.6161776841429113,0.1695047308593057,0.6209109157217001,0.7018807886946107,0.4507281895645154,-0.024633528655997394,0.5792496452328654,0.26048295553348677,0.28208474526705885,0.18111622541915812,0.09125216012573317,0.03205494196954898,0.4602477267307218,0.3684218062607406,0.5515267720565976,0.5103366355534688,0.40278899911074456,0.34427754124428,0.08822450639615052,0.2919725649907748,0.4171371394703492,0.14498880603065747,0.011068943667784922,0.20395452569189043,0.14801120141666238,0.12211215575621474,0.45725120446549505,0.00914532066360472,0.3842852352952974,0.5433583942495168,0.2030360498043201,0.468481075276259,0.6250734650392342,0.3082186398679456,0.01090397528247279,0.08353256506471027,0.4497878050604404,0.33002589318668923,0.0567167647074418,0.23352803624284565,0.23211562358623442,0.4269358339931474,-0.018352227969231347,0.18819548161615376,0.6224885131483705,0.560765954027722,0.23359131891542312,-0.18029639330448705,0.3578460682520954,0.15906449063888448,0.3124273908847225,0.6550880854672844,0.5152214536478287,0.31664371287924503,0.4623664934939101
Calcarine_R,-0.1338344066146049,-0.26700373369519015,0.6233678696005928,-0.2208971649256457,0.44518515044553514,0.5069748078325629,-0.08242998802403567,0.011254332745573813,-0.02813402403764534,-0.37979929377555854,0.003143313334435232,-0.12846066233656606,0.19670391434267057,0.2588864752628803,0.28094238858404724,0.0927635367937449,0.06533409748892753,0.3956767529862232,-0.49322710687007276,0.37174288084061835,-0.46071513118851154,-0.0628975451716049,1.0,0.11192143460516531,0.09564704674821524,-0.3676459883080998,0.15808215291586605,-0.3359850758301556,-0.15931653226759038,0.1825826725725169,-0.33429781984270296,-0.4016458587796288,-0.5786124725606158,-0.22809790635789187,-0.1996786396276362,0.2555100467821869,0.5561675816375923,0.18037150088847917,0.12255473372349933,0.11333334516716312,0.24675987683440082,-0.4567740570447519,0.702662776377148,-0.413663644184836,-0.44596280711033476,-0.6123698558649816,0.7261885517850303,-0.2313331199034486,-0.06559002317361015,-0.3659052149630749,-0.13161355792105592,0.013230741504258127,0.16648993535668574,0.14744149117820177,0.060150398168068275,-0.5771087202042219,-0.30412733464750574,-0.1337456763043076,0.19205192697201287,0.33243517619990753,0.6109361111964079,-0.11720264455049834,0.41952659173370643,0.5419184354390935,0.26643492819173065,0.10435513006227709,0.08027004202606795,0.32082357842205556,-0.31367494612805785,-0.37767084745745183,-0.06653571400663191,-0.5620295749367575,0.2044394900198531,-0.31825315163026685,-0.29771536117292235,-0.12378621345748045,0.26489680207225724,0.19170808379644003,0.36061728294259726,-0.5047710997340068
Fusiform_R,0.3747971568398963,-0.12562993004529455,0.344407078380683,0.1598596218247203,0.15218677593180335,0.16795381759487774,0.34133091613295796,0.6133006450403171,0.06737080982423715,0.47383652907836155,0.557432065634448,-0.07941644599961184,0.23896057755689312,0.28146854031693086,0.19353168939041313,0.3168227722211426,0.11853196348795281,0.4282881437360724,0.3425099789964119,0.3643055948082478,0.07861884554578723,0.5435682682038377,0.11192143460516531,1.0,0.30435592636779557,0.2713707022262784,0.03573015761741154,0.4789205118858164,0.5071879580486723,0.2851687129560325,-0.1646591550912635,0.47623696446357644,0.14541840213072824,0.28447476927356313,0.15126061681226627,-0.06262779502440954,0.3478913268473406,0.31176992744784354,0.15672830563761864,0.3317801448312594,0.3590545143012907,0.4296703036202881,0.2639616260411411,0.41216215636240083,0.33258389766746893,0.09419523121041817,0.1577290033856437,-0.007877682993631029,0.14027208759171697,0.11016245579724163,0.2706746473363248,0.2697904089544757,-0.03871315112658222,0.2876506454005548,0.3304354823344499,0.1539774129449844,0.2534977281698586,0.47093611309788447,0.2672882713512521,0.21255992121148992,0.19767357281966,0.3293825109276756,0.3701624440675002,0.1798108007285748,0.10592348141975672,0.1087135310596966,0.17805610759867319,0.4091081041254826,0.040165364553826965,0.4547794727959356,0.13965858156092692,0.22481544086911942,0.21100337975035796,0.018945715248272942,0.1562116472822878,0.1447054544829674,0.37244302165559495,0.3106468887551681,0.2321053481484358,0.11880824779996885
