,Thal_MDl_R,Cingulate_Mid_L,Postcentral_L,Cingulate_Mid_R,Rectus_L,Vermis_6,Frontal_Sup_2_L,Parietal_Inf_R,Angular_R,ACC_sub_L,Insula_R,Supp_Motor_Area_L,Amygdala_R,Occipital_Mid_R,OFCpost_R,Vermis_4_5,Cerebellum_3_R,Precentral_L,SupraMarginal_R,Precentral_R,Angular_L,Thal_VA_L,Cerebellum_4_5_L,Thal_VL_R,Thal_VA_R,Cingulate_Post_L,Thal_PuI_L,Vermis_9,ParaHippocampal_R,Thal_IL_R,Temporal_Pole_Mid_R,Pallidum_R,SN_pr_L,Occipital_Sup_R,Heschl_L,Hippocampus_R,Frontal_Inf_Orb_2_L,Thal_PuL_R,Occipital_Sup_L,Thal_PuI_R,Vermis_3,SN_pc_R,Frontal_Sup_Medial_R,N_Acc_R,Pallidum_L,Frontal_Inf_Oper_L,Cerebellum_Crus1_L,OFClat_L,Putamen_L,VTA_L,ACC_pre_R,Caudate_L,Putamen_R,Cerebellum_10_R,OFCpost_L,Cerebellum_Crus2_R,Frontal_Inf_Oper_R,Rolandic_Oper_L,Amygdala_L,Cerebellum_Crus1_R,Temporal_Sup_L,Thal_MGN_L,Thal_PuA_R,Temporal_Pole_Sup_R,Temporal_Mid_L
Thal_MDl_R,1.0,0.228306963853192,0.10690353172393254,0.2686722577010273,0.4136001962459586,0.22387968176868475,0.14604645387643744,0.06457915119846905,0.04641104525249816,-0.07060991993950615,0.17311408749625415,0.10677926863074214,0.07984007405091369,0.011621946229214664,-0.01530079257065313,-0.08245168061378243,0.08722499252955934,0.13492467777678482,0.18246990967691076,0.15261731415682592,-0.021459912405722682,0.44309204607245983,0.11583925419352656,0.3677421680663283,0.2220936027500283,0.14797321993371576,-0.003099351375119711,0.21668261677202502,0.33895684096002837,0.3448406599744881,-0.015126169543359937,-0.10543005192869066,0.34533845303249144,-0.019712307894575613,0.435409022092686,0.37579117484865243,0.149724034001648,0.5846043126092991,0.11995854509044737,0.16641544040310344,0.1503786882675864,0.1453501061504875,0.2635434658328235,0.3305914759860926,0.08177444628146525,0.39768185962685265,0.18120200463147743,0.001719549243379195,0.15253875426363567,0.23769615708343914,0.10281055828999244,0.06950981683908306,0.1406812192348791,0.09962402924476721,-0.054433417082741554,0.06962143576647573,0.373677321682063,0.3115892003991025,-0.051257178255514735,-0.0032346361489850924,0.07989209854244388,0.14548882366263957,0.004221861110919208,0.02547434720302035,-0.05096233629552866
Cingulate_Mid_L,0.228306963853192,1.0,0.6162812791223812,0.9125090581086164,0.12956136126751705,0.14249565780205165,0.2126015580765028,0.39487736795723466,0.11818126181712892,-0.18810974701975228,0.22033299201421003,0.6502371618831504,0.03686569882925593,0.00158133121924785,-0.2953917967621686,0.1833251853371283,0.38311035327613535,0.5914261686208572,0.6347301453613474,0.7494922349188238,-0.07144446787783952,0.4999997429375876,0.3616587151744919,0.6618598229922761,-0.01387865158999038,0.5515267720565976,0.3224318036729577,0.10834263905471038,0.3855064803002344,0.0753857168955946,-0.2466326910762704,0.4127112855172343,0.22041081462930534,-0.07033440538784605,0.5270480945132793,0.5003808856999112,0.02077107325022063,0.09099666423898031,-0.005664168839307866,0.5423841829846637,0.18909988370275596,0.38417897944346446,0.11025128018554632,0.3730762638710674,0.5315115356513882,0.39064090356405046,0.11446413151607313,-0.09133142108836151,0.21245529557639792,0.3396175085297878,-0.11650668418802551,0.4112032205421421,0.31549146952954155,0.26012490628685375,-0.26386864101424684,0.15108181770587262,0.315131488497133,0.5158282641980315,0.32834819365209356,0.08200117271409389,0.16389527969322104,0.4417388231240143,0.23117860129641038,-0.3220531347992218,0.33831166652514183
Postcentral_L,0.10690353172393254,0.6162812791223812,1.0,0.582027726658893,0.04511678475220661,-0.00571316994039732,-0.11860209978476666,0.7211169584956517,0.4209606990108955,-0.48445583235822515,0.10365947413752091,0.3950440504758701,-0.18789468652747837,-0.11999043091439504,-0.15306872200911073,0.27208972769066003,0.40562137823647243,0.6669198356341157,0.7692403177266246,0.5643950122132302,-0.151599993303292,0.4897440711804324,0.3809070776314777,0.554589436512727,-0.2483669150420509,0.41977397714659553,0.29801138932396215,0.09168443402518595,0.1964113030058924,-0.09197087899573504,-0.15376205160325385,0.09262763219467916,0.016230068697001096,0.010826181981923259,0.30534620631821696,0.26005193708421465,-0.06623256850683922,-0.01428287579036934,-0.2501612077973347,0.32350460117618957,0.40034485792403685,0.40564427935361186,-0.08621133184484299,0.1144348465431831,0.30702930528576744,0.20045522760040307,0.15235937219102735,-0.27352752988612294,-0.05046489662192127,0.16118152336026992,-0.40666274894648924,0.09348081777900642,-0.026852754787941507,0.2641555393923381,-0.17192696166247665,-0.03250792095306451,0.2803464314225416,0.33048933665099584,-0.017715165161703624,0.04952036009406571,0.15486627003644704,0.3688950221402031,0.10904458769638395,-0.12716276280714137,0.29799534611861084
Cingulate_Mid_R,0.2686722577010273,0.9125090581086164,0.582027726658893,1.0,0.15417817889669636,0.1857904542844873,0.25516172366484136,0.33453489931903974,0.03264808058567056,-0.13184109370487931,0.26813657461105983,0.6042888682843763,0.13246019894671113,-0.002844965776247936,-0.28792879293060364,0.11198916099175192,0.3117952494333295,0.535714336437025,0.5524218827274612,0.6542935708924689,-0.024242676129417128,0.5258521606239603,0.25432644858005654,0.689993751043911,0.093825364980578,0.5433583942495168,0.37088162602814934,0.12812287930204008,0.45315626950297494,0.18535754156545906,-0.16910403560967396,0.4236396416404759,0.2839447712906334,-0.07762988683895859,0.43514056696097725,0.5211505165358002,0.08592805439417987,0.22135168618390308,0.0001517636098146142,0.4968344628577253,0.08163356705553337,0.29766969246353336,0.13180711725687647,0.3831849153750393,0.5164192883508184,0.4735286692263693,0.08953148799043949,-0.06921915250761285,0.2533972056407985,0.24669447277854714,-0.042065408626329966,0.4768982579181249,0.3897020483298811,0.22875089996262093,-0.21377949701005153,0.1023508409347286,0.4163661622691475,0.5716940191828883,0.33468581188387303,0.05067021843812091,0.11725165803563702,0.3922361158763592,0.21850577665137721,-0.24411856903040033,0.24790269345409796
Rectus_L,0.4136001962459586,0.12956136126751705,0.04511678475220661,0.15417817889669636,1.0,0.16995024274642256,0.36581201678225117,0.07317553811125999,-0.11209566220201342,0.163474834524765,0.10297425127284456,0.23366906204715648,0.1913470042677409,0.1735325434327408,0.2585585261706606,-0.11069642310357906,0.2697233163747849,0.07228175400510958,0.16388829028380955,0.3146633973737428,-0.0905205646666231,0.09673612319172133,-0.036098871620732075,0.021073457954825042,0.19285163906562872,0.16791528778751913,-0.16189966490782443,-0.08053136343618396,0.2428208327694306,0.1473308016761399,-0.06242398286677472,-0.03022405639087275,0.23398440659804665,0.08316780853205591,0.38237174543299335,0.2810541049030384,0.42833391817746685,0.36654226928212885,0.0064245800575886336,0.17414731539494482,-0.024767731661917605,-0.20624855498383338,0.5750640949149883,0.4905346718381174,0.06288113589652873,0.4391309272786417,0.31631533185225924,0.42787575489295177,0.2927756089660041,0.2859247363279803,0.38628761930679534,0.0009746193540306021,0.13353940920395013,0.18940852366228814,0.08618347569698015,0.2357945025745427,0.12846455439041155,0.2728311850080684,0.20581062072818654,0.022430404434428855,0.27477732114507686,0.0013101871559903203,-0.16769181822029056,-0.12700253805120618,0.13574380951401807
Vermis_6,0.22387968176868475,0.14249565780205165,-0.00571316994039732,0.1857904542844873,0.16995024274642256,1.0,0.09582210762981869,-0.020722766907354608,0.01855301836983637,0.05561618968288198,-0.017508329587139885,0.08033754098684708,0.04137274159484845,0.1380475479481082,0.03406714119600743,-0.10795627633506642,-0.0006880510029328555,-0.10499681427692481,0.05497626765636,0.043234544428779366,-0.07315519187028864,-0.015385948751736803,0.07723971233651754,0.023837171663504884,0.0014889969409999375,-0.0026079534852305364,-0.08842495647635122,-0.07040641691340153,0.12187400588683153,-0.05390332573458234,-0.039984682509389254,-0.00913464209337712,0.08911213488325097,0.00696883584540719,0.09091766874342912,0.10125966423883072,0.14010880089010466,0.19931856211125282,0.045446628685858345,-0.01087317915539517,0.01595566715243988,-0.13229592120460476,0.16712536879491371,0.24953400714927818,0.03880064966798794,0.12738246984410773,-0.030066049706433035,0.17177340550538034,0.10771758581064257,0.08397957863798863,0.08500783949196422,0.05227097709437972,0.1002001244365933,0.019521079894798614,-0.011881951718847253,0.1088289798091925,0.016600638329271146,0.08879674055538954,0.04637753435696963,-0.013431501173744965,0.11637024469677366,-0.12817311723381195,-0.2055294373316542,-0.09188723048153098,0.048373158909775046
Frontal_Sup_2_L,0.14604645387643744,0.2126015580765028,-0.11860209978476666,0.25516172366484136,0.36581201678225117,0.09582210762981869,1.0,-0.1046638062255972,-0.41337579023882604,0.6563941875938102,0.5265726584347341,0.5813490152935876,0.7304602268629667,0.18079351113764533,0.337859931059144,0.005199928007751766,0.38016053121174237,0.067892339436614,-0.07356344445522664,0.4398724423635099,-0.064499942518743,0.1745257183594551,-0.1195730064340973,0.19922348580735014,0.4965072943405564,0.5511527827758641,0.32294885219198216,-0.21015887127049418,0.570079204803289,0.3083861669155557,0.09859915606036969,0.6447212655035474,0.5266485076273204,-0.08160161957945015,0.4000561067262466,0.7229987741201667,0.6785282682231294,0.24579725104151925,0.20890586318197227,0.5173152733783764,-0.37838778133417933,-0.00837128881278184,0.774069983397822,0.6623171869157872,0.5365760218423438,0.5353984574863807,0.07333343221803394,0.6118463400508792,0.7296435599807027,0.3011862119612031,0.8019001337328088,0.6747591196620157,0.8158609707896979,0.2241128812877961,0.46725659500139827,0.4194307390350545,0.3516015215849663,0.6140489902650325,0.6857680330504874,0.009421518085537858,0.2167301044784854,0.29734186576395466,0.0675494825857338,0.04097547233205201,0.13985955458353957
Parietal_Inf_R,0.06457915119846905,0.39487736795723466,0.7211169584956517,0.33453489931903974,0.07317553811125999,-0.020722766907354608,-0.1046638062255972,1.0,0.5097722460466277,-0.5188271163427078,-0.07224934455078992,0.07428961443580717,-0.36293408692107465,-0.023696411602507624,-0.10579233403485118,0.2675527790000397,0.650200856941883,0.22917103924354193,0.8831014195276916,0.4457001059985177,-0.30276430042224295,0.46292499676241455,0.4510485996127925,0.39431057033961164,-0.3692439387176379,0.27911738233562644,0.2842004494069382,-0.16232733813597439,-0.10853979957271549,-0.3739317597289277,-0.16563123325434753,0.03269262316515421,-0.004351914504537206,-0.07030466947670092,0.23533374166008925,0.09562831912590934,0.09128332450607307,-0.12146721417208892,-0.3143438340794807,0.26286804873871583,0.5354420365810327,0.4741861871226895,0.04357092871488996,0.17593726371701732,0.28900838964195597,0.1260134338184306,0.1145363598804962,-0.07153171199700575,0.06202663746506451,0.2916466256145851,-0.34880376865454615,-0.02460068152952981,-0.08768328801916409,0.37884321234557383,0.0954862711084841,0.2001548153618026,0.012699079239602755,0.23047587738195985,-0.06124405778708503,0.16040190855203623,0.31236550391493517,0.4470180513358734,-0.10019716023784367,-0.23955458242222794,0.24742546713010896
Angular_R,0.04641104525249816,0.11818126181712892,0.4209606990108955,0.03264808058567056,-0.11209566220201342,0.01855301836983637,-0.41337579023882604,0.5097722460466277,1.0,-0.5785730477566907,-0.05535060499935073,-0.13398724514796795,-0.3922082126668234,-0.09651938467186441,-0.1688169283586447,0.3684739798087942,0.11480455077742707,0.1693117214070614,0.5202067569733684,0.01960028118927159,0.0017568458104766354,0.17451082608512078,0.32244483096283527,0.30653205813794676,-0.4168326713681306,-0.06191639666076444,-0.006359456940688789,0.2369929883080195,-0.06071323153615109,-0.13485708976038924,0.08080944770193836,-0.33233438716359526,-0.08073882033430314,0.24215079358475583,0.07079757179589577,-0.0756319414699051,-0.22939884442914296,-0.015006252605055488,-0.180255331284022,-0.12055989288448202,0.6386041042359454,0.2882687574131486,-0.23787813537165572,-0.1549269472731621,-0.14109916408578072,-0.014146686112173061,0.033891549009648664,-0.3277918596331981,-0.2575166044403139,-0.13297153909820125,-0.4901405275501503,-0.3415373559292035,-0.4037430263214095,0.02212654450128153,-0.0700535707064579,-0.15899642763624983,0.13429408319433636,-0.1087677223567681,-0.5253963456752404,0.021836306861814085,0.28113151535174596,-0.1347125230362861,-0.04071258398465695,0.08028655848044014,0.20678878719691626
ACC_sub_L,-0.07060991993950615,-0.18810974701975228,-0.48445583235822515,-0.13184109370487931,0.163474834524765,0.05561618968288198,0.6563941875938102,-0.5188271163427078,-0.5785730477566907,1.0,0.2803330120578288,0.22522613398616625,0.6981080272722828,0.1783021818963525,0.45415035988120467,-0.030796827244616656,0.006794802474182931,-0.28676738730855955,-0.5199745569079794,-0.0695884259502125,0.04528215507675546,-0.25012659545976385,-0.16110709437865225,-0.21508810725371746,0.45694191335344947,0.12190318190377261,0.03785870820364114,-0.16599901804145803,0.3428951540505896,0.306057056479702,0.22614169683660743,0.4031633379651941,0.2570916154195782,-0.0498924136447553,0.02938071512794192,0.3292130512599188,0.4663116201693646,0.004912457765315991,0.24534123943849684,0.1472573017696301,-0.47561066427048054,-0.24266837140128458,0.5260352389088455,0.29585149474133343,0.2087279894431511,0.25241804530885703,-0.120074565278067,0.6037209025997649,0.5031043757534415,0.11587415315590674,0.7803358735240324,0.39715106669588196,0.6124385753585342,0.03825563991296786,0.3612307679818811,0.18159879018244732,0.14000189360304413,0.15682624789058555,0.47005054954187875,-0.01618256578974932,0.037793836229231846,-0.05435375290474257,-0.02421492062132268,0.274170498999633,-0.07524398317461138
Insula_R,0.17311408749625415,0.22033299201421003,0.10365947413752091,0.26813657461105983,0.10297425127284456,-0.017508329587139885,0.5265726584347341,-0.07224934455078992,-0.05535060499935073,0.2803330120578288,1.0,0.44733172707401897,0.6415217078597419,-0.13450758403012292,0.24968901782562822,0.19837908286212863,0.07219145349469103,0.23024700275092605,0.020048760648008628,0.23952384367351887,0.171936546231496,0.37843816863304036,-0.04783313820119784,0.46575193248462177,0.4448257777467291,0.49930567507450163,0.41859884133782815,0.19247907364801253,0.7332066023744587,0.4893138976452247,0.3067748389508762,0.554574724712227,0.5644248971293977,-0.05916380483544506,0.378576081418941,0.7267876034370678,0.37415172332919944,0.19024361918820876,0.36434862662301315,0.3104414073147944,-0.1839549789479105,0.24897921661323602,0.3429985474019544,0.3185238336442854,0.5073716537089278,0.3028074143979396,0.23743763870646736,0.1016160150383324,0.5119917538912839,-0.02759465663365181,0.3672396297936473,0.6110139398779316,0.6593628536049568,0.17460587238924175,0.3417947790525311,0.10631047120477351,0.621918446368688,0.5353250401430937,0.19445291319146482,0.014052779803938738,0.04614076897887944,0.1548961946059803,0.36547170071781715,0.41860112958187295,0.1441827023332088
Supp_Motor_Area_L,0.10677926863074214,0.6502371618831504,0.3950440504758701,0.6042888682843763,0.23366906204715648,0.08033754098684708,0.5813490152935876,0.07428961443580717,-0.13398724514796795,0.22522613398616625,0.44733172707401897,1.0,0.4295937830163079,0.07384941329439093,0.14820051326560196,0.08569718369247713,0.3278711532113807,0.5819721043919338,0.26008019120299547,0.763051113059463,0.007133644737605126,0.2792818568286172,0.21120811097740289,0.48534748363505054,0.11483446091281402,0.7018807886946107,0.24021498113243667,0.027515086791077528,0.6079557266384951,0.18580767343014268,0.13114344431026823,0.6313770357660311,0.3722030295207308,-0.00401273387886801,0.4954728715851256,0.6748427503579882,0.23106374070155092,0.06841548368759126,0.14311376053282843,0.5827733701758361,-0.11346587746364573,0.14948524303252292,0.3935456308336901,0.5176998982208102,0.5774091667365858,0.3542262576356776,0.10965479192203227,0.19269727399006306,0.38361014783238584,0.2928627722092633,0.25616931807268134,0.6033383466854731,0.5577893007948765,0.16883860910824763,-0.0007886110813364613,0.16019091847328984,0.3055063812121997,0.5490472181696805,0.5050659091210653,0.02357193966184697,0.22122700420660393,0.28109884822114084,0.20516364801007683,-0.10971927952932313,0.5163335842734521
Amygdala_R,0.07984007405091369,0.03686569882925593,-0.18789468652747837,0.13246019894671113,0.1913470042677409,0.04137274159484845,0.7304602268629667,-0.36293408692107465,-0.3922082126668234,0.6981080272722828,0.6415217078597419,0.4295937830163079,1.0,0.04858731636161847,0.363483896866502,0.04371136574121181,0.006949327844570969,0.05966054640193555,-0.30765277082318165,0.19224978440441504,0.01198451643092546,0.01995722568017393,-0.27317737111377327,0.13500656659112095,0.6117630563614431,0.40278899911074456,0.2191678485482537,-0.02824273102760971,0.6848037794649225,0.541839639036664,0.19148061697758753,0.604305010696369,0.4844147222389176,-0.1500860558336834,0.18070244149393166,0.6481902409361311,0.526457442349828,0.23912387630734924,0.3709650967305471,0.2160520259782428,-0.5196908050823518,-0.153112759363582,0.5401105934931575,0.3768350200598052,0.364008126596136,0.4316269867113279,-0.012858764451841566,0.4309462688284376,0.5912056962892432,-0.009451645061949253,0.7620880438976878,0.6064787809764212,0.7592911082900047,0.16913308733215737,0.4161868779688198,0.09948413069898061,0.4431464770243438,0.4388261043075403,0.5513139492210667,-0.1749067630502511,0.026859435405356645,0.08368130682676636,0.17770790931465746,0.259834962439375,0.11899335844934585
Occipital_Mid_R,0.011621946229214664,0.00158133121924785,-0.11999043091439504,-0.002844965776247936,0.1735325434327408,0.1380475479481082,0.18079351113764533,-0.023696411602507624,-0.09651938467186441,0.1783021818963525,-0.13450758403012292,0.07384941329439093,0.04858731636161847,1.0,-0.048996627048957776,-0.11161840394647529,0.08851742134547594,-0.13096042756006793,-0.06982970909226098,0.13389023637377617,-0.18781916331957144,-0.03018174904318596,-0.0440769294261789,-0.13607883527017045,0.10123637834474357,-0.024633528655997394,-0.013236148340146001,-0.07248234583512764,-0.05440681163597069,-0.1464520122380078,-0.04921246169660267,0.16720257729189683,0.14294466733193775,0.2297565787432971,0.11586359454951088,0.03949679804052487,0.20369904387608648,0.10101715218804971,0.015205280973154342,0.10435452873305093,-0.19886441240742014,-0.2099792491926336,0.08403981072439538,0.34716197728549036,0.06818174302591751,0.2559293142558471,0.0375382236632885,0.37334767528312734,0.2396180372798113,0.2326687754735223,0.15805745221271728,0.11774636024539374,0.14399316238387247,0.022948279356591786,0.03346281529406484,0.15843250580168314,-0.15511624667455534,0.12536294471229784,0.2852529236335645,0.03590006267850777,0.18860160763290032,0.02400273469139573,-0.19228956579265202,-0.34594781115032464,0.0017120635446270444
OFCpost_R,-0.01530079257065313,-0.2953917967621686,-0.15306872200911073,-0.28792879293060364,0.2585585261706606,0.03406714119600743,0.337859931059144,-0.10579233403485118,-0.1688169283586447,0.45415035988120467,0.24968901782562822,0.14820051326560196,0.363483896866502,-0.048996627048957776,1.0,-0.1024677537193947,0.2704745400927116,-0.3174268591201053,-0.19304510117305523,-0.07460916764562664,0.020751069321151124,-0.1662035294566734,0.14993427609439453,-0.21450938732704153,-0.04668522651368607,0.12211215575621474,-0.02581384345689895,-0.17578354608607918,0.1872027038240141,-0.030831093407386972,0.46296080757662056,0.1707131556126211,0.24400594961310373,0.06283688311059844,0.05380848604410439,0.23537667918938315,0.5475127235354461,-0.11275887201956873,0.002144285399698528,-0.01542498905661394,-0.05532366561467243,0.052438144199096044,0.4800885497214048,0.22481883439566563,0.1625809279704281,0.07290301229724755,0.05180952031005684,0.5483673920022745,0.37661267777191365,0.17916412890061942,0.42522431936026606,0.09666737519687656,0.2404830543885673,0.37918013918597254,0.5828442389704779,0.03274564694337971,0.00749180538610581,0.12851557298596242,-0.016936804140672706,0.1690521158503938,0.26613965975951676,-0.08666148959009862,-0.20090406043459008,0.47790015133169056,0.2518386731359127
Vermis_4_5,-0.08245168061378243,0.1833251853371283,0.27208972769066003,0.11198916099175192,-0.11069642310357906,-0.10795627633506642,0.005199928007751766,0.2675527790000397,0.3684739798087942,-0.030796827244616656,0.19837908286212863,0.08569718369247713,0.04371136574121181,-0.11161840394647529,-0.1024677537193947,1.0,0.25725645895954563,0.1091658128685538,0.32389685306015426,0.16398700746006686,-0.11002718919138582,0.2600866002553894,0.44937147125305643,0.43464229113752595,0.1640069524021838,0.0567167647074418,0.37110505031429375,0.13718269635049057,0.15634237280535299,0.05883674069554444,-0.06895757483376351,0.003456032273382112,0.11478015515705979,0.1119206505950025,0.254621873813517,0.23848703738533003,0.1294825324855363,-0.08094423380664803,-0.129812102435739,0.03046745366860586,0.5272912725466669,0.21261481591838363,-0.03454274156402562,-0.03811265623730655,0.10870774802882717,0.32784049055435205,-0.08752589084848057,-0.08038655757399146,0.212229966153317,-0.005678923246318839,-0.02231698336129717,0.02443327402637779,0.09977809682764693,0.20719633524675585,0.22984059579982866,-0.12709464130441905,0.4267366836024222,0.19561457132681664,-0.14695723481111317,-0.08756487001700836,0.5165864237516894,0.15227172759748492,-0.05041620882570953,0.28047619929753065,0.23241311897380804
Cerebellum_3_R,0.08722499252955934,0.38311035327613535,0.40562137823647243,0.3117952494333295,0.2697233163747849,-0.0006880510029328555,0.38016053121174237,0.650200856941883,0.11480455077742707,0.006794802474182931,0.07219145349469103,0.3278711532113807,0.006949327844570969,0.08851742134547594,0.2704745400927116,0.25725645895954563,1.0,0.02002942167246775,0.569117298323861,0.4705585402928916,-0.25169792625299636,0.3881087547055451,0.5978529171633831,0.31549671535642093,-0.166119389567451,0.43589845034327224,0.4033465960261174,-0.3014349283910795,0.1375470395492045,-0.28560857797534744,-0.04161822706253174,0.33536763717310875,0.2693057639363004,-0.044881641115462924,0.4342147774280013,0.3877009565065438,0.4852333692629824,-0.10584199329282074,-0.21245514354271838,0.4262409935716848,0.43327248669818325,0.46413215026838056,0.41718924359237036,0.5064436577604462,0.537059335349411,0.35041821345114993,0.014580069820522496,0.4243050015924745,0.4699653054486117,0.6088927369854829,0.11937053490039126,0.28773456131652314,0.30330877582904286,0.48407322454152485,0.3282115556363275,0.33728575245128695,0.035414098619813206,0.47172715021827544,0.20826574167180295,0.32103411839842916,0.5178470648153124,0.4750263778161848,-0.16976387746199403,-0.11316222533349173,0.2764570991661738
Precentral_L,0.13492467777678482,0.5914261686208572,0.6669198356341157,0.535714336437025,0.07228175400510958,-0.10499681427692481,0.067892339436614,0.22917103924354193,0.1693117214070614,-0.28676738730855955,0.23024700275092605,0.5819721043919338,0.05966054640193555,-0.13096042756006793,-0.3174268591201053,0.1091658128685538,0.02002942167246775,1.0,0.41265365200695453,0.655257217306733,0.06680136562266756,0.2612761169778147,0.0008994942651821141,0.48871416001241386,0.012943137364794797,0.4507281895645154,0.1138197306557927,0.08178013845182082,0.3482742341813647,0.24428641136533824,-0.13552003807625612,0.14095701377266276,-0.06194584959231632,-0.028244349985917943,0.3105619151404345,0.3381559629633643,-0.3114195447165988,0.17591449901744394,0.02492354113567679,0.3578464793865879,0.025737966078568233,0.1169171874360912,0.04331021546475869,0.007287802836939069,0.1191873347656957,0.1014659424134817,0.16352776058083343,-0.4396548503141194,-0.23240912563774144,-0.0692926735332741,-0.20236679864905355,0.1598745321936515,0.03690512673951405,-0.0760417301610753,-0.4069953390490281,-0.0941834170057979,0.3695383784144766,0.20430872253955112,0.1948627862359555,-0.1265402626900569,-0.19325373936944332,0.22508101571249484,0.38971098143188126,-0.12371873645415483,0.22466532520076066
SupraMarginal_R,0.18246990967691076,0.6347301453613474,0.7692403177266246,0.5524218827274612,0.16388829028380955,0.05497626765636,-0.07356344445522664,0.8831014195276916,0.5202067569733684,-0.5199745569079794,0.020048760648008628,0.26008019120299547,-0.30765277082318165,-0.06982970909226098,-0.19304510117305523,0.32389685306015426,0.569117298323861,0.41265365200695453,1.0,0.5868740563594146,-0.21761356040348423,0.490484674123752,0.5275839439100575,0.5264735693362711,-0.3336489428823159,0.3279314768800849,0.2578727463715107,0.006227854674332151,0.046780728906817094,-0.24673595086258604,-0.21892605657964828,0.0359164099089891,0.04366630336488345,-0.06273158546065685,0.377517832119283,0.2251787981379795,0.04087190271026403,0.0017027556308251773,-0.24385826073513886,0.3063962719779024,0.5820871820440238,0.4542671359574492,0.1178667139945141,0.21992807444682827,0.28438530995394634,0.231310886464874,0.15170361166525653,-0.14719428929776848,0.03598135470867507,0.28793428128723436,-0.33496563887527625,-0.005989294658210456,-0.06320190176099719,0.3690631110433464,-0.03064455599402821,0.1251457199928288,0.1838389992021719,0.29450275219759803,-0.06490325012237766,0.1110118056856858,0.3502045428825661,0.380505952168681,-0.08427849198737508,-0.20325631679511882,0.3215942559878552
Precentral_R,0.15261731415682592,0.7494922349188238,0.5643950122132302,0.6542935708924689,0.3146633973737428,0.043234544428779366,0.4398724423635099,0.4457001059985177,0.01960028118927159,-0.0695884259502125,0.23952384367351887,0.763051113059463,0.19224978440441504,0.13389023637377617,-0.07460916764562664,0.16398700746006686,0.4705585402928916,0.655257217306733,0.5868740563594146,1.0,-0.19064348762053884,0.39477931494280094,0.24082488360788043,0.48602892720683,0.04783384255238917,0.6618787868365975,0.3083736265644258,-0.11795603419080417,0.33641533215305774,-0.014786268509260965,-0.19849123944473063,0.4899557086198918,0.23375305206382724,-0.043826335695023165,0.5312130744553195,0.5557387313073776,0.23086817847225727,0.11123620290236419,0.041434462189275864,0.6072710520762278,0.03464558926780888,0.19811840162198502,0.38416171355111667,0.4916577835249432,0.4887229637615329,0.4233924872121101,0.18195479432017267,0.14279738776337025,0.327177546276623,0.388357213346501,0.1129036722419117,0.420000143697847,0.37823472020837945,0.3124516585493704,0.005697117190487966,0.2225348549843181,0.22567172458903695,0.5385397797157351,0.5120707573584793,-0.03742732668144114,0.2916050047304462,0.500218851484517,0.10954763766732441,-0.38615546918931526,0.4699689520245268
Angular_L,-0.021459912405722682,-0.07144446787783952,-0.151599993303292,-0.024242676129417128,-0.0905205646666231,-0.07315519187028864,-0.064499942518743,-0.30276430042224295,0.0017568458104766354,0.04528215507675546,0.171936546231496,0.007133644737605126,0.01198451643092546,-0.18781916331957144,0.020751069321151124,-0.11002718919138582,-0.25169792625299636,0.06680136562266756,-0.21761356040348423,-0.19064348762053884,1.0,-0.13108604638705218,-0.07621946832714353,0.01696130969687661,-0.04703229087081963,0.07481308201696288,0.0315871702852234,0.17402795868309254,0.14211843727104848,0.26843526031498166,0.368641025236005,-0.06819705028992297,0.03918354289507229,-0.01256354685860315,-0.19070475258182695,0.006400286862976508,-0.2115760561489142,0.07856948845591709,0.15545084959190109,-0.003549007428934466,-0.06429237303716495,0.0021283814618161777,-0.011168903225225282,-0.14312705614479562,-0.16193047481762904,-0.16609110200157304,0.09378121489293698,-0.1920771758888245,-0.2117358396720917,-0.2515734832576168,-0.039425344987270926,-0.048193903117189525,-0.08491692795926434,-0.30126825575398414,-0.10315034393810606,-0.14640693530014043,0.0786094115964135,-0.12820842304817695,-0.220729480659955,0.02252904437712242,-0.209102813209766,-0.2860422150167954,0.2300958116542964,0.3052009427177435,-0.06500415230580492
Thal_VA_L,0.44309204607245983,0.4999997429375876,0.4897440711804324,0.5258521606239603,0.09673612319172133,-0.015385948751736803,0.1745257183594551,0.46292499676241455,0.17451082608512078,-0.25012659545976385,0.37843816863304036,0.2792818568286172,0.01995722568017393,-0.03018174904318596,-0.1662035294566734,0.2600866002553894,0.3881087547055451,0.2612761169778147,0.490484674123752,0.39477931494280094,-0.13108604638705218,1.0,0.24118198595285492,0.7167974983274539,0.23646506931952363,0.48306306711799224,0.4866680847660686,0.23029200255311616,0.3279583426536319,0.07685839771786593,-0.12468119167662976,0.23482547342101126,0.35165151495925046,-0.027553912280313345,0.5062055564984178,0.5196808519611951,0.18826908495988767,0.2353857741972923,-0.02608395233991453,0.43168326638466364,0.25829300769778324,0.4715796753839811,0.0400524456135152,0.3306051249992624,0.49162974143682875,0.40511889864299827,0.20040817138314507,-0.05089024195022375,0.36231169814932623,0.31589326429034453,-0.06478662453750016,0.36403001053184575,0.3732458494502071,0.27380915537637485,0.04492409418747593,0.17001593966119713,0.490428739030702,0.5697683003719738,0.09030930743354543,0.10902194145743613,0.19416943156158636,0.5436251170104794,0.2493184661854054,-0.030193517095134664,0.0673832316601421
Cerebellum_4_5_L,0.11583925419352656,0.3616587151744919,0.3809070776314777,0.25432644858005654,-0.036098871620732075,0.07723971233651754,-0.1195730064340973,0.4510485996127925,0.32244483096283527,-0.16110709437865225,-0.04783313820119784,0.21120811097740289,-0.27317737111377327,-0.0440769294261789,0.14993427609439453,0.44937147125305643,0.5978529171633831,0.0008994942651821141,0.5275839439100575,0.24082488360788043,-0.07621946832714353,0.24118198595285492,1.0,0.3359189816181938,-0.37739435579723773,0.12172655673770762,0.2031706061544852,0.05178866295241178,0.03785566008482249,-0.28354970351352615,0.06569036942563337,0.05025683177296217,0.08834228329776128,0.13792415882380346,0.333208400418454,0.16461514668929475,0.11659721200531277,-0.1884991111232561,-0.21247132401802862,0.21026444139072212,0.7538783647628875,0.4771185671972287,-0.02132610425980839,0.15541922468247096,0.26794774414744377,0.1161794358411249,-0.15312131542540472,0.07511100749299596,0.11680169243998671,0.44900265569556785,-0.25591120159605496,0.008770403172385532,-0.01654639270111281,0.2604162340069883,0.0610340006238852,0.012192951494263348,0.026046228829503835,0.1601246861658086,-0.29620828295531676,0.2770470644063547,0.5218463052636602,0.12805444210289377,-0.2471518072182976,0.1052478212738938,0.2899223928223805
Thal_VL_R,0.3677421680663283,0.6618598229922761,0.554589436512727,0.689993751043911,0.021073457954825042,0.023837171663504884,0.19922348580735014,0.39431057033961164,0.30653205813794676,-0.21508810725371746,0.46575193248462177,0.48534748363505054,0.13500656659112095,-0.13607883527017045,-0.21450938732704153,0.43464229113752595,0.31549671535642093,0.48871416001241386,0.5264735693362711,0.48602892720683,0.01696130969687661,0.7167974983274539,0.3359189816181938,1.0,0.19123047830228773,0.5805779990951339,0.4567922252198311,0.25527519718926517,0.5086785645057462,0.22285113690099703,0.08501705744807644,0.30681290160290803,0.374565208050346,0.023274148938053116,0.4401937948200065,0.6030358486517537,0.09126590179702543,0.19519509166232787,0.022867690375948806,0.47537939583762556,0.32707366980185654,0.45557221376259455,0.057432953161781146,0.2573679408691415,0.4969949659479579,0.42038508694426674,0.1546342102866886,-0.1879779916167439,0.28053390117338717,0.13854849002834746,-0.09883318811997575,0.42519094678623454,0.36790375341242504,0.14878384916446835,0.007493697319191766,0.08259316109530342,0.6014461692219047,0.5509046700201289,0.038602090107979346,0.033016046183880494,0.228394238611668,0.40100871444029107,0.353781363238458,0.07438059701852427,0.27360481380553586
Thal_VA_R,0.2220936027500283,-0.01387865158999038,-0.2483669150420509,0.093825364980578,0.19285163906562872,0.0014889969409999375,0.4965072943405564,-0.3692439387176379,-0.4168326713681306,0.45694191335344947,0.4448257777467291,0.11483446091281402,0.6117630563614431,0.10123637834474357,-0.04668522651368607,0.1640069524021838,-0.166119389567451,0.012943137364794797,-0.3336489428823159,0.04783384255238917,-0.04703229087081963,0.23646506931952363,-0.37739435579723773,0.19123047830228773,1.0,0.14801120141666238,0.22866474354318592,0.056699967309597255,0.42237957402486154,0.5303902906910173,-0.14168848794581712,0.2800955693151666,0.32512692255918646,-0.10547693491788081,0.16672677835986074,0.40285784331984764,0.3684671019392562,0.4313128231704005,0.33587947463701756,0.11612649147823494,-0.3982832061232305,-0.27844362201921985,0.29929771085148854,0.2331207321929625,0.12405357285562678,0.4473627658521428,0.03209496326202193,0.21690582383991566,0.4520680913249972,-0.08673971497575914,0.6119869991214655,0.382142407860274,0.568436278544911,0.01396329555004503,0.22437936730959482,0.08743332689353338,0.49919003730875644,0.34317529378146694,0.39632884345816094,-0.2598889285263323,-0.025751945896863557,0.14378554629334162,0.1962643549898273,0.11882538542990093,-0.19136724799659385
Cingulate_Post_L,0.14797321993371576,0.5515267720565976,0.41977397714659553,0.5433583942495168,0.16791528778751913,-0.0026079534852305364,0.5511527827758641,0.27911738233562644,-0.06191639666076444,0.12190318190377261,0.49930567507450163,0.7018807886946107,0.40278899911074456,-0.024633528655997394,0.12211215575621474,0.0567167647074418,0.43589845034327224,0.4507281895645154,0.3279314768800849,0.6618787868365975,0.07481308201696288,0.48306306711799224,0.12172655673770762,0.5805779990951339,0.14801120141666238,1.0,0.4602477267307218,0.0019580730214709516,0.6171400610158401,0.22429205080501607,0.15685704864292316,0.6224885131483705,0.4545029768086014,-0.1163759615464906,0.44544528558980273,0.7020422616453631,0.2972301598079011,0.06266054443028785,0.18111622541915812,0.6713214531906336,-0.10533874835551373,0.33002589318668923,0.3780863926824075,0.468481075276259,0.6250734650392342,0.32525210945292315,0.22226390563011583,0.1462197330172224,0.4336816456162045,0.3124273908847225,0.2030360498043201,0.6209109157217001,0.5792496452328654,0.23211562358623442,0.14411501233463989,0.18819548161615376,0.343886880257848,0.6510419979080638,0.41215871193161796,0.058191067488401735,0.09125216012573317,0.4630700717228207,0.38230026145505697,-0.0788644148207302,0.3684218062607406
Thal_PuI_L,-0.003099351375119711,0.3224318036729577,0.29801138932396215,0.37088162602814934,-0.16189966490782443,-0.08842495647635122,0.32294885219198216,0.2842004494069382,-0.006359456940688789,0.03785870820364114,0.41859884133782815,0.24021498113243667,0.2191678485482537,-0.013236148340146001,-0.02581384345689895,0.37110505031429375,0.4033465960261174,0.1138197306557927,0.2578727463715107,0.3083736265644258,0.0315871702852234,0.4866680847660686,0.2031706061544852,0.4567922252198311,0.22866474354318592,0.4602477267307218,1.0,0.00698076571087507,0.3190880189551432,0.10962198953155208,0.0718700878891538,0.42087058205496797,0.31820719233933575,-0.09219977203188169,0.24922048639331632,0.46445957773221785,0.3302891959512871,-0.06410863002653859,-0.06692100853591551,0.457205350000684,0.09562581288175492,0.43397631418551413,0.08861871308533993,0.24023156410724192,0.5012694730059358,0.3703272214323635,0.022503377302564364,0.08033780263728527,0.4481901622113361,0.22454378080059761,0.07064453883862977,0.511739080955035,0.46415361351894674,0.1971425396437846,0.3146306423030361,0.18135868500121718,0.3944280744603636,0.5783462363709982,0.18918270848904886,0.1406446833970142,0.18521154277748886,0.4549912810437815,0.1868145813003317,0.15253407557557863,0.058669278497957576
Vermis_9,0.21668261677202502,0.10834263905471038,0.09168443402518595,0.12812287930204008,-0.08053136343618396,-0.07040641691340153,-0.21015887127049418,-0.16232733813597439,0.2369929883080195,-0.16599901804145803,0.19247907364801253,0.027515086791077528,-0.02824273102760971,-0.07248234583512764,-0.17578354608607918,0.13718269635049057,-0.3014349283910795,0.08178013845182082,0.006227854674332151,-0.11795603419080417,0.17402795868309254,0.23029200255311616,0.05178866295241178,0.25527519718926517,0.056699967309597255,0.0019580730214709516,0.00698076571087507,1.0,0.2525723023359935,0.27272711866432336,0.05786116612817903,-0.10678887583449202,0.23366626584918196,0.08529110369286966,0.10034091899978496,0.1009176129347634,-0.14499846050686202,0.13419741896091306,0.06593957812699204,-0.1856327625833803,0.13614930991111554,0.08580973505665238,-0.29191762610629346,-0.012688180146520869,-0.00471165039145455,0.14005373627825804,0.0732211115565408,-0.2537547735837071,-0.033000191958297495,-0.13087641535994674,-0.2237171075817546,0.009539738893349109,-0.03517727587674935,-0.07625922670089225,-0.17820390146999826,-0.28726427495238266,0.28980782562643637,0.09649385694653062,-0.3249840895910374,-0.09623828453888848,0.016118816704796313,-0.18054966070148762,0.189495110330192,0.13559812992013984,0.03805260618830385
ParaHippocampal_R,0.33895684096002837,0.3855064803002344,0.1964113030058924,0.45315626950297494,0.2428208327694306,0.12187400588683153,0.570079204803289,-0.10853979957271549,-0.06071323153615109,0.3428951540505896,0.7332066023744587,0.6079557266384951,0.6848037794649225,-0.05440681163597069,0.1872027038240141,0.15634237280535299,0.1375470395492045,0.3482742341813647,0.046780728906817094,0.33641533215305774,0.14211843727104848,0.3279583426536319,0.03785566008482249,0.5086785645057462,0.42237957402486154,0.6171400610158401,0.3190880189551432,0.2525723023359935,1.0,0.5700036301077236,0.22803098043414322,0.5407050454110689,0.5799456948220957,-0.03589389388041685,0.4390828767690292,0.7949149644609648,0.3020472137678703,0.30772023237623347,0.2962087042141434,0.37132582738443054,-0.14747368529992502,0.136535455473807,0.37993784040469186,0.4295659790376853,0.4847764339330833,0.39621764659571074,0.1515352893523737,0.07514952457274594,0.43032957636326624,0.11367884413686744,0.3709357510350007,0.6071354585683424,0.657273876614359,0.1578395431379675,0.11018746612590673,0.03547427688084567,0.6070635750672545,0.5622905399830612,0.2934183573877119,-0.025442306665580647,0.022571678999533024,0.0931150000777736,0.3075605945875816,0.24563516472431088,0.26474662169027957
Thal_IL_R,0.3448406599744881,0.0753857168955946,-0.09197087899573504,0.18535754156545906,0.1473308016761399,-0.05390332573458234,0.3083861669155557,-0.3739317597289277,-0.13485708976038924,0.306057056479702,0.4893138976452247,0.18580767343014268,0.541839639036664,-0.1464520122380078,-0.030831093407386972,0.05883674069554444,-0.28560857797534744,0.24428641136533824,-0.24673595086258604,-0.014786268509260965,0.26843526031498166,0.07685839771786593,-0.28354970351352615,0.22285113690099703,0.5303902906910173,0.22429205080501607,0.10962198953155208,0.27272711866432336,0.5700036301077236,1.0,0.1389491655611104,0.13433885503752743,0.29446307507117647,-0.143709451481586,0.14876683519768882,0.4129895390854654,0.07429454021366687,0.4793419215760362,0.3291594647694293,0.07900327164147536,-0.24263768892407067,-0.08616347873957862,0.21600280999448904,0.09003953782335052,0.030509202467469552,0.3362491207304103,0.013932872071258954,-0.06293919304817024,0.10629850164812558,-0.16930113943382236,0.3638364199536041,0.25388337701925606,0.32284019632291233,-0.14028398935832634,-0.0344078992613729,-0.13870033518823144,0.583444342446926,0.23480288851299938,0.08519751823977804,-0.1272684697069932,-0.20626306448291976,-0.13465834497741694,0.4035133252965896,0.30184394434223794,-0.10053445421374221
