,Precentral_L,Precentral_R,Frontal_Sup_2_L,Frontal_Sup_2_R,Frontal_Mid_2_L,Frontal_Mid_2_R,Frontal_Inf_Oper_L,Frontal_Inf_Oper_R,Frontal_Inf_Tri_L,Frontal_Inf_Tri_R,Frontal_Inf_Orb_2_L,Frontal_Inf_Orb_2_R,Rolandic_Oper_L,Rolandic_Oper_R,Supp_Motor_Area_L,Supp_Motor_Area_R,Olfactory_L,Olfactory_R,Frontal_Sup_Medial_L,Frontal_Sup_Medial_R,Frontal_Med_Orb_L,Frontal_Med_Orb_R,Rectus_L,Rectus_R,OFCmed_L,OFCmed_R,OFCant_L,OFCant_R,OFCpost_L,OFCpost_R,OFClat_L,OFClat_R,Insula_L,Insula_R,Cingulate_Mid_L,Cingulate_Mid_R,Cingulate_Post_L,Cingulate_Post_R,Hippocampus_L,Hippocampus_R,ParaHippocampal_L,ParaHippocampal_R,Amygdala_L,Amygdala_R,Calcarine_L,Calcarine_R,Cuneus_L,Lingual_L,Lingual_R,Occipital_Mid_L,Fusiform_L,Fusiform_R,Postcentral_L,Postcentral_R,Parietal_Sup_L,Parietal_Sup_R,Parietal_Inf_L,Parietal_Inf_R,SupraMarginal_L,SupraMarginal_R,Angular_L,Angular_R,Precuneus_L,Precuneus_R,Paracentral_Lobule_L,Paracentral_Lobule_R,Caudate_L,Caudate_R,Putamen_L,Putamen_R,Pallidum_L,Pallidum_R,Heschl_L,Heschl_R,Temporal_Sup_L,Temporal_Sup_R,Temporal_Pole_Sup_L,Temporal_Pole_Sup_R,Temporal_Mid_L,Temporal_Mid_R,Temporal_Pole_Mid_L,Temporal_Pole_Mid_R,Temporal_Inf_L,Temporal_Inf_R,Cerebellum_Crus1_L,Cerebellum_Crus1_R,Cerebellum_Crus2_L,Cerebellum_Crus2_R,Cerebellum_3_L,Cerebellum_3_R,Cerebellum_4_5_L,Cerebellum_4_5_R,Cerebellum_6_L,Cerebellum_6_R,Cerebellum_8_L,Cerebellum_8_R,Cerebellum_9_L,Cerebellum_9_R,Vermis_1_2,Vermis_3,Vermis_4_5,Vermis_6,Vermis_9,Vermis_10,Thal_AV_R,Thal_LP_L,Thal_LP_R,Thal_VA_L,Thal_VA_R,Thal_VL_L,Thal_VL_R,Thal_VPL_L,Thal_VPL_R,Thal_IL_L,Thal_IL_R,Thal_MDm_L,Thal_MDm_R,Thal_MDl_L,Thal_MDl_R,Thal_LGN_L,Thal_LGN_R,Thal_MGN_L,Thal_MGN_R,Thal_PuI_L,Thal_PuI_R,Thal_PuM_L,Thal_PuM_R,Thal_PuA_L,Thal_PuA_R,Thal_PuL_L,Thal_PuL_R,ACC_sub_L,ACC_sub_R,ACC_pre_L,ACC_pre_R,ACC_sup_L,ACC_sup_R,N_Acc_L,N_Acc_R,VTA_L,SN_pc_L,SN_pc_R,SN_pr_L,SN_pr_R,Red_N_L,Red_N_R,Raphe_D
Precentral_L,1.0,0.6850968442754334,0.8568360148704256,0.3879412259040658,0.7053271534812979,0.6773524422176972,0.5091711875234669,0.3932677572998304,0.4245499827753449,0.2604990106206051,0.23246040951594008,0.08929825295845609,0.47738973417541825,0.09006899531020479,0.841733728093484,0.8858846011891329,0.03358069414293605,-0.016946585620465467,0.6088321804032526,0.5812596040698855,0.14788435068519382,0.1994935747212056,0.11744725435432445,0.11729421575566609,0.21530638465860177,0.28193954941086924,0.026137967646314004,0.02540960084272081,0.07520097589139593,0.233818038934042,0.2057061113729388,0.17986053631973326,0.628009758999877,0.23205857657612172,0.8214401409643461,0.8223199297831075,0.6536021244006589,0.7742422434796737,0.5012347357873559,0.30466651295963576,0.5065838609914268,0.34825562827516626,0.09426645476365852,0.20400290708477878,-0.02897265473671365,0.12807334216982796,0.20853758748291643,0.23567132669927168,0.36161112818146607,0.19958914626365146,0.3429437628475697,0.26097378360203116,0.8632988223857094,0.7204725948112367,0.43832375168738613,0.41807752944877735,0.42968257175036306,0.45438307186780913,0.5645976547338865,0.34012091970721287,0.06613232221994522,0.16361949394610867,0.5451584202805151,0.6217053404859143,0.8018211566347326,0.6744547191476259,0.5598815415240246,0.2377892116628186,0.46805520594572453,0.2160176045345255,0.38930607172678783,0.24758075136206276,0.6688637358979578,0.08792356104866543,0.4207241678688605,0.10283899479412273,0.10164685974405147,0.09026237032486839,0.16972680376950136,0.1780197467289323,-0.1885091069325624,0.10714999062746004,0.19109989180185144,0.20266721368119528,0.21366976241561753,0.20167256889565624,-0.0653310943091567,-0.0037635142292678694,0.3738310879491053,0.14632718675766063,0.3182238519227351,0.11272428572619933,0.14866043909715296,0.3068812071325434,-0.0027126874102494656,0.2714451851643236,-0.04419808175249827,0.0439509159141861,0.062363692226213754,0.5195751274075124,0.2505204825414014,0.13397617342003082,-0.13574301767124888,-0.1602691485103685,0.40784733899947606,0.4125397835788475,0.5227384756409119,0.5209447004126861,0.14441785715000838,0.6806796037165037,0.40887923137811555,0.5856420507316734,0.43850646759534995,0.5232445376771068,0.38602265455710966,0.7424917037335609,0.6069473783067173,0.2709801732474178,0.37675638029735964,0.4684524371268665,0.5300308641357112,0.5354969156859833,0.3557636811663655,0.3852972512783623,0.3806183679795297,0.7013565026124645,0.39024307160781185,0.5150739665829126,0.3246482806066412,0.5943716375121877,0.5929176814375465,-0.16046731177510057,0.0020222829440295007,0.193788675213314,0.30834384765706435,0.3437820102331943,0.18928968234565333,0.06793912157139577,0.07849918947123867,0.2220012349495289,0.3302195448572644,0.1261557462944774,0.4786316487050761,0.31011956650233896,0.387048955773704,0.4582057357759932,0.403214661318444
Precentral_R,0.6850968442754334,1.0,0.7825343632916864,0.7443804850756658,0.5578332346880583,0.8159188223046964,0.43808494779051516,0.7684276760184438,0.4194546535093683,0.6450169835703994,0.27936893224312315,0.365966125337358,0.5477775208293243,0.6124073378692871,0.7591140591348966,0.7151116414722214,-0.06033000867068953,-0.17755329496330544,0.7927425928423621,0.8256577399787842,-0.02829950697521122,0.01957416966447479,0.12201444221165865,0.20308193402939614,0.2753262417918929,0.006479173460008994,-0.025638044645741084,0.2196082262495848,0.12951048498823156,-0.04382034070061176,0.2580389948680226,-0.19646770955054782,0.6500045511336588,0.6760157200813107,0.6199289762982043,0.7635066261466823,0.28462571409031473,0.5182015390569095,0.6610944044062913,0.5915024045044257,0.6587645516488034,0.5207472618007853,0.16191377290793613,0.11039698777018722,0.22645235971048475,0.3281982292528927,0.18817474445857876,0.02186035458880982,0.40902489617629917,-0.11325512776932843,0.44446353803397093,0.47272241736999315,0.7741202528036549,0.9213770036871236,0.050721291251178635,-0.07785176801557395,0.04440138449959327,0.2184447138816447,0.31713879386445226,0.6739737277414621,-0.23771925987764056,-0.1854155188520451,0.21026626210574728,0.24245590360778227,0.6368937020819188,0.7524754117810257,0.6674117900919025,0.5228926353165843,0.5869961223943836,0.5570523124955665,0.39893258716582375,0.5496989961762911,0.39041395156674075,0.5330570592150601,0.3681491108258343,0.547607955479286,0.10150607496260616,0.057359182263102056,0.3362440493341972,0.1941623337851669,-0.1625965973839762,-0.02338059815639389,0.3382604443256879,0.12176924801385162,0.021072587077637775,0.055253065823497094,0.06993303384038049,0.020291804985127126,0.6855536252827081,0.5658761949065337,0.5523862847373868,0.5270431476825238,0.059882008783802905,0.015086821872167507,0.15393649180072141,0.26274425078458336,0.1337101485611246,-0.09731481938885976,0.524014866487135,0.7072134612054947,0.22589990806103388,-0.1980512356399584,0.2040217994812137,0.15330354662184986,0.633405699513809,0.5793436261134933,0.7136002808829299,0.6244141313593508,0.5311817393662508,0.7497464809182697,0.7215090965409722,0.7318171196504576,0.7196616398788112,0.3094762483951369,0.5753261586972765,0.559644824865507,0.601483367743505,0.011291816862286835,0.6382036315948455,0.15436777892242626,0.2022155631903623,0.4246885899878567,0.5613278653862814,0.5391148438235955,0.6182065664199579,0.6570692055803197,0.7449690952664214,0.6275677215193511,0.6751074536569219,0.7488557708762493,0.5486733572013917,-0.15036627389355842,-0.11770156017512741,-0.10115970964236269,0.3880148312119027,0.5981146395790042,0.3641938495412155,0.01503111379765764,0.07384039728146236,0.3818463252524183,0.5183752762406844,0.4433128564870534,0.2894591610539055,0.41596561168461854,0.17262066455863684,0.5579398915953309,0.4495806039598549
Frontal_Sup_2_L,0.8568360148704256,0.7825343632916864,1.0,0.6397715015289548,0.7650197069613446,0.8150867686993888,0.6087794981848903,0.6013347851339537,0.6374610220568121,0.5543849710258802,0.3663030990822561,0.2630301286045423,0.6040857255327078,0.35165106841105254,0.8905089453921466,0.8425926991363801,-0.13762258190003854,-0.030641319665832587,0.8538672385024066,0.8011217211205364,0.017256369193860376,0.11515823490785154,0.045627253397182786,0.1857268975964169,0.1623560444028575,0.1340105952183221,-0.014604066829739498,0.07899504467009195,0.09797048742422093,0.022187832776132028,0.1994993935529896,-0.09905970530876484,0.7385966382514569,0.5253777596578113,0.7977428528761016,0.8273281799683823,0.4744736152291863,0.6510372717746071,0.6426750484390437,0.5050595832721397,0.6267025130068068,0.5495813641562964,0.014866789223442077,0.08096771425901449,0.222484845244624,0.22380967289899528,0.17746710490399725,0.24638436546772194,0.3743006694597168,-0.01593535681010066,0.42741141455377774,0.466245488587426,0.8356931376391226,0.7905694736609157,0.2768344209283888,0.17522983304668086,0.24817269294183428,0.283277132009047,0.4765293166533691,0.4936204805091955,-0.07595839361608271,0.025040311282310795,0.40710483149723165,0.4229795531798419,0.7812318565456294,0.6783016767986201,0.7243308530024883,0.5168540857140886,0.6275313607656111,0.49430535780577894,0.4513227707333726,0.47211678821578584,0.5661184012731569,0.32265487580411484,0.4344234945838372,0.34983492781891085,0.029422778591159788,0.09587356603406363,0.27317194494990643,0.23859281868561918,-0.21369382571090415,0.03329480167404956,0.25817996509658786,0.1741810906859981,0.04062220204805709,0.15871193198933348,0.0462109246152471,-0.029834102728379552,0.6227358675965595,0.3852143259778445,0.5713661743349578,0.36347039560196626,0.17708061077186993,0.18899344189380696,0.13927287956763776,0.2737276754803728,0.1160843866956524,-0.007366359668782955,0.31968698382448585,0.646859749528719,0.36671591865567355,-0.012254945610118204,0.03524853835933616,-0.001682050289524849,0.617714586565418,0.5549513591259053,0.6568668626169272,0.5945281769646694,0.40712687604309494,0.7658786791190799,0.6311464667277893,0.7398903485806945,0.6267644351448683,0.4851582172950004,0.5568235109085703,0.7038312932069087,0.7084454527365307,0.13176260993697284,0.5692432665349914,0.3416436146070535,0.3477695659995949,0.57349527704387,0.49695684593171896,0.43911052293413083,0.5349044209342536,0.6780426558252093,0.5612657821404604,0.5868602410706713,0.5378830682584256,0.7040205380126242,0.572340504672093,-0.11787985552526242,-0.029678249786610753,-0.0315314826760558,0.3180357881932083,0.5903985914901572,0.27064934015749725,-0.04114259076473404,-0.022816417657754155,0.3697221771428025,0.4733977515657283,0.3494921527580649,0.48240505434166364,0.4517486645041873,0.4002525636053043,0.607148228136908,0.5095750241968281
Frontal_Sup_2_R,0.3879412259040658,0.7443804850756658,0.6397715015289548,1.0,0.4531077430314661,0.7518306278073321,0.6119602703640545,0.6991867768292145,0.4553903181223441,0.7570377843929669,0.2567392896083887,0.6213624658021812,0.6908864109166912,0.8390110256697985,0.5563873335928339,0.38541280357085855,-0.2659527154891377,-0.12709883944707356,0.8303313883613688,0.7886896585710719,-0.06001765717808148,-0.18590665209910276,-0.13437455245486687,0.30478300762471194,0.04194386210128084,-0.012144164246919041,-0.05596386399063516,0.15325912324258137,0.18187366558124854,-0.10982722541569206,0.09814764098130056,-0.402108214720888,0.6257515406079591,0.7640429745860937,0.37906403100108627,0.5935793220746924,-0.07953078711296714,0.09681371638533434,0.7364917954593503,0.597194323319103,0.6780766448969886,0.49723233032076186,0.05536535116307417,-0.08351722522012468,0.274626392057822,0.21656103587259604,-0.11268558081115602,-0.3174076353683348,0.2303800592532392,-0.2894833780862332,0.5426284338333803,0.41112389901160923,0.5864441583281416,0.7218229402047808,-0.33376172924603986,-0.5005848888840135,-0.31427869242453993,-0.23602756379998374,0.057410418950288034,0.5445287640709088,-0.5955761450734975,-0.5873830207455311,-0.23519574419108044,-0.2486235479682972,0.4416646761108907,0.6493186767250478,0.7108494441913578,0.7215022530913126,0.6875673873928595,0.7551626151118752,0.400038272244014,0.6971490817705724,0.25907009863943276,0.7225959898223493,0.43494327905677976,0.604450662919275,-0.03514096571496514,-0.04669704743091886,0.3949618546061514,-0.051745918167819926,-0.0488345725073353,-0.14586407941096008,0.4537877732743779,-0.114576368905866,-0.2781944388021679,-0.03637719807411533,0.010009272194577454,0.1969948772601053,0.6909467807974686,0.7201569721851458,0.550215799717748,0.6306190424132767,-0.17320928707357672,-0.11883450705908244,0.11255454861633632,0.40569545249038064,0.07060531053745149,-0.1691019983069927,0.7253773187325343,0.7356145400795255,0.02756554164584282,-0.4354471434652627,0.4224805817620298,0.40876493560645116,0.7300669403623687,0.6412049663466601,0.7222030888689476,0.5818691586629096,0.7608564480520404,0.6919360159586718,0.8434424792501031,0.7206148574319262,0.7448179514556191,0.11130295471840407,0.5521169106725042,0.2418137998164352,0.3855816145815678,-0.3046489586748023,0.741628582421967,-0.06709369494755987,-0.16538306410040704,0.28216131898282587,0.5057472697757941,0.6212582108777467,0.6476124838019639,0.5077555747027648,0.8362374245124614,0.6221210104578931,0.8104983050140026,0.6550907042738114,0.3066061645431133,-0.033890067686470446,-0.12852968237307352,-0.3765757808864185,0.38548190120761155,0.812392732005326,0.47240900741530734,-0.08704563185254556,0.021704376114322688,0.31398380595281156,0.5391054746417775,0.5286609070549129,0.10782288219670608,0.23827111411364343,0.07212622661175626,0.5072723555609168,0.42494749650652147
Frontal_Mid_2_L,0.7053271534812979,0.5578332346880583,0.7650197069613446,0.4531077430314661,1.0,0.6922142029249313,0.5976528991130764,0.482578576631624,0.5777020251461114,0.4891307289344165,0.34795314438881053,0.14749397076656198,0.490890468393571,0.1914972432127215,0.6601317102679815,0.6468709447761067,0.07474870197188523,0.052926027742524306,0.7202324125038894,0.7065121526566593,0.09023900734772684,-0.04744123741289076,0.07424908005904744,-0.08285352894671559,0.18276810034167812,0.1172247054914898,0.005108887410229933,-0.2020934339295315,-0.1464586711893499,0.08351292107973858,0.09819963951499455,-0.025809321788765643,0.6448971532494612,0.3907607261543923,0.6176488715547053,0.6855728540924884,0.33074970047865115,0.5445967446871175,0.48438846489295634,0.35838043265325287,0.33406954692761387,0.40057124712184616,-0.10323759261175766,-0.15896807442084343,0.1403471558166691,0.06588741838390187,0.09085280732474553,0.3045495939969602,0.2779758457669862,0.01935323417048631,0.21037979206926932,0.31797902724950755,0.6547617857525604,0.5809968931665012,0.3034662988144731,0.2896006298921693,0.25881478680363673,0.3707810962805802,0.40600098546890157,0.3957354281843517,-0.02340309713044012,0.13663335916302427,0.3675181053208707,0.4417708011767026,0.6617942999941683,0.4611028502700349,0.6687786403065172,0.4553184638453874,0.4777364847645969,0.3405365266288267,0.3232454153004247,0.2921808582785464,0.4483803547264257,0.1496000231561619,0.2874456244824328,0.1992554757843747,-0.13372511663890427,-0.13229324674158494,0.0250433028734926,0.2801375134374022,-0.3480285734292554,0.000676234646709129,0.09180626061530331,0.1369997191931943,0.09233390259535289,0.12423110251205663,0.1284850757179621,-0.08111848717100507,0.41647985544935373,0.18154433106128645,0.3471599310701501,0.18547350965207118,0.2396511114732246,0.1597215669047962,0.11138876356410207,0.23454813940622402,0.06451509736253633,0.08480082121233799,0.1475689897360477,0.41758345756469983,0.3142145194773453,0.14475166150233554,-0.09823224614401703,-0.03689379894583819,0.46833753020047664,0.4293493206475013,0.4580858590114154,0.45104367534434625,0.2692144524735118,0.5170154838828578,0.45166702786664753,0.49143959070468446,0.40464049250575357,0.35975380567352805,0.38556403846808845,0.6050426912831466,0.5866591792529601,0.09769879739135423,0.3805979765044023,0.19157170930818027,0.2988164145855536,0.5011275658449968,0.2800016683315001,0.23268504252756653,0.32030745348244105,0.44298202166015976,0.3501862002745891,0.35040988528257333,0.39701006917300424,0.44841284261499376,0.4574442230254577,-0.11897613325629476,-0.0071435336288617835,-0.045272345167308804,0.1020452239427393,0.521537952478207,0.277172960997682,-0.06847706986088105,-0.08308892123437916,0.16271917907786482,0.16641270593512825,0.2394918483703584,0.28218899282344106,0.4008986079187606,0.3567003831254486,0.4842956560619605,0.44281683187327686
Frontal_Mid_2_R,0.6773524422176972,0.8159188223046964,0.8150867686993888,0.7518306278073321,0.6922142029249313,1.0,0.5274121607155122,0.7060492870696686,0.546909008061476,0.6768250878337976,0.2827979731307354,0.38449685719953347,0.6139438880473679,0.553141803556957,0.6770079806451756,0.7113093642668574,0.041034809361125024,-0.21486578612008958,0.845386148932271,0.7550504454668294,0.05133246533333641,-0.05616332811287141,0.0589727538646457,0.148385681187033,0.18783558695856312,0.007183014348063088,0.004051969017638001,0.14399572086184445,-0.0894208458997051,0.10938740380517922,0.11317955916559413,-0.10071892804697852,0.7183742073198729,0.6349890642197191,0.562716378738251,0.7354360180777181,0.12760380644210131,0.40413513413338503,0.6742820831801181,0.6347752073862116,0.5215025667755355,0.5045070081432504,0.017957731573990002,-0.1136021730794889,0.11581146831635965,0.03889378530750532,-0.03990134781428782,0.003859482416054038,0.22837953661897378,-0.1031898341833321,0.3419829986101227,0.30079218434194327,0.7115398809118847,0.7700676195646072,-0.02612482325583556,-0.10660861178620815,0.00583334185806469,0.057415289773220565,0.2614887928242873,0.4979607744881866,-0.26532589744097274,-0.2674659322191831,0.06744240301887522,0.14671779933408705,0.6051078282828306,0.6073293899527284,0.8318104352473772,0.6426928887399744,0.7046073870745498,0.6650280350913912,0.5281454729291416,0.6684506494400543,0.49546650987326857,0.540143489699307,0.36398235402655793,0.44918337502171835,-0.029062980956315033,-0.17374483437442656,0.22590373918500375,0.1549290501276417,-0.30541268112567943,-0.12394833888843626,0.2360093549835928,0.10393891829365992,-0.05583784736089789,0.004394738118281651,0.12105427190500068,0.0627092226598574,0.6042424228277021,0.4569536953522871,0.47868266941564924,0.36859688347868946,0.04714901845106875,-0.07435245652669517,0.10161058097406073,0.3826175310067671,0.043822593534140405,-0.005618966455839928,0.4102133972903006,0.633430276324229,0.0947088984027636,-0.21312119760453038,0.13450206535701964,0.09473457672644128,0.6041076027107214,0.4826864633922461,0.671147286122981,0.6884398473251203,0.5846819109112796,0.7009901833234691,0.7536576671471499,0.6949370120369953,0.673339870809185,0.34645096528515995,0.5729911473692364,0.5220333554693629,0.5682421685025839,-0.17322321357520393,0.6804124729783857,0.18072931230234562,0.24022583491453878,0.5153353964029884,0.4954543301430061,0.5181540920637749,0.5898424508000382,0.6323443581697112,0.7007121744783453,0.5195545307468434,0.6320642973112108,0.6925370973965286,0.6628689678342021,-0.12361319370660956,-0.11645333100126991,-0.2650591755609382,0.22740005907840885,0.6481879350810824,0.6525413325796414,0.0787983367131921,0.03773791971433514,0.17264840316356977,0.27871063283097736,0.4808838675377347,0.16619170146483236,0.3672600287846561,0.21991205603991887,0.5181453465111442,0.4832712201727587
Frontal_Inf_Oper_L,0.5091711875234669,0.43808494779051516,0.6087794981848903,0.6119602703640545,0.5976528991130764,0.5274121607155122,1.0,0.41053328780816556,0.5320713897258218,0.40903263011128194,0.4044728512004528,0.451642357659984,0.8845658254598595,0.39309765001686464,0.506665418619215,0.3561406695767108,-0.15281139468154503,-0.10391455525704912,0.7062076791245863,0.6080881827197402,-0.11309974920329106,-0.15871489814583808,-0.1327489583373741,0.23536503992605004,-0.06274683311870348,0.1329073268780769,0.014661457583290597,-0.08317651991169063,0.05655899920532261,0.011519634183312026,0.054010295849110275,-0.2634260487028425,0.6795337239235463,0.44656170562566727,0.48061586738783524,0.5900737699029813,0.2709925453749566,0.23349702098684674,0.6573791219182201,0.3579125404753696,0.5004613970372074,0.35084671918455457,-0.1423181014103239,-0.011123776487778245,0.10812779111814366,0.15832738813873273,-0.12124144238692358,-0.25738798227969534,0.1723745968910135,0.009959087009398215,0.5699996921400567,0.18639576212096762,0.6521626000654345,0.5100261215040205,-0.012603340737121247,-0.08712253719369686,-0.06182125113699574,-0.04328897848853954,0.3205339166531333,0.22643470013183065,-0.5016032756430985,-0.3271883095713252,0.035178459245119274,0.02863216891364411,0.5032224622381907,0.5021425364520667,0.7125848949486232,0.4135429927166945,0.7762717533662886,0.5311298427872452,0.5703147630107653,0.46456917059938274,0.4506621507857462,0.36034109108527385,0.6727752293526642,0.2580661640029256,0.05994452562620015,-0.07992069193706892,0.409336841442662,-0.10908094916691528,-0.10338863417339339,-0.12069157849449189,0.37143542747418784,-0.1827110748821737,-0.27866589679315673,-0.07915836744167169,-0.09928770834859842,0.17969340268905715,0.47253850581320844,0.4234738559828524,0.4365059618025863,0.32800798365699857,-0.19862522749054856,-0.02542013302770437,-0.019072612177527648,0.3552239494642869,-0.07024075643375755,-0.11917957102641753,0.4461779675983315,0.5766928543609295,0.03002780991645766,-0.21574221145525388,0.2669071842747392,0.24802819236510212,0.5743493393978255,0.4708905248337961,0.5319414782674827,0.5996608620992087,0.5965458053101333,0.5845152778773914,0.6224914833722398,0.6405323213372821,0.4916051754048636,0.21187620958663508,0.4681081143837961,0.2949419283243317,0.3342997003049713,-0.24910634438080628,0.5287798527320814,-0.02421036511843059,-0.014382833543993173,0.21782994681511364,0.29761339489743305,0.5995531283464456,0.47014903134842023,0.4622508821470829,0.566986186554859,0.5822596756230609,0.5550248295397999,0.5338658183952278,0.22191077061177036,-0.07936787137766702,-0.052176519977300315,-0.1865982648514482,0.36221925667149757,0.6364546006013478,0.25943530849355545,0.00015653343122167413,0.004725358339020982,0.2506040092081044,0.40893253900437104,0.3462030760294047,0.17198158563991925,0.16289941307600372,0.13439933755028224,0.4202293331241983,0.35453618806198556
Frontal_Inf_Oper_R,0.3932677572998304,0.7684276760184438,0.6013347851339537,0.6991867768292145,0.482578576631624,0.7060492870696686,0.41053328780816556,1.0,0.4271517809302747,0.8297924534218807,0.21056442205970838,0.47786080414433757,0.5271789036352141,0.7073421940199548,0.4968710975522768,0.4011528036413041,-0.07640155923040415,-0.26494180204746487,0.7567053474559087,0.7485941011276953,-0.14542433187535903,-0.16566862083171036,0.04535199617557798,0.1838477018359786,0.1508427529682775,-0.1414763341890599,-0.023391157980797866,0.0643012825994751,-0.10907543229557153,-0.11694405700034964,0.1478173872416847,-0.4650844629576445,0.5186439298120192,0.852927423131164,0.3865956701030752,0.5882148902395652,-0.02632524871623433,0.25592592089482136,0.5490379309634825,0.6417374537783693,0.505389026089263,0.5799450511582589,-0.10526498370857046,-0.03291154048152656,0.3738782852181216,0.48730203045329795,0.17625576523929654,-0.04952323293603474,0.4026677414183903,-0.27625169490539125,0.4125733766026693,0.5637319552351999,0.5713351635715642,0.6942793551343703,-0.16580400834989245,-0.2969714928740993,-0.1668469697848218,0.07724447938368993,0.154873181395009,0.7613658887974689,-0.3359330702370711,-0.20431522234070829,0.012142911897527042,0.005016832795950289,0.3536535488702132,0.5021663446977425,0.694535373775597,0.6176954268264101,0.5836034656824904,0.7091784341908277,0.34882084839978494,0.6454715286185336,0.16014235203439356,0.7148855608265325,0.2724198028742255,0.8055166126548642,0.06724007572677483,-0.05990752508524224,0.2632937910398309,0.3989619418274776,-0.09632309228241344,-0.13207854544112382,0.183224091251169,-0.07237457008165181,-0.15015070712241707,0.07148540467375943,0.13530886974999284,0.1562937718973125,0.7463802824898016,0.6293395983635969,0.7252133469553417,0.7167737371785385,0.0004704223485465102,-0.2591736001940899,0.13585292455524764,0.27888259442631474,0.17458082067350283,-0.12056471540535113,0.6136425552428706,0.5672758021297853,0.29803633931976603,-0.22186579643121787,0.4179792641614927,0.41734779062591776,0.613124623883892,0.4644952253391998,0.5570578253157914,0.5355577489342132,0.6242633987140794,0.5525898905825509,0.7352368547923899,0.6484704201391276,0.7249929294610492,0.10938883382715218,0.5941563639243885,0.35818868226742145,0.46479414547037473,-0.18790806652064415,0.6160446919733582,-0.15339784759468497,-0.10263183225399125,0.19075419553340772,0.4310353406749221,0.43028994171776763,0.6234846432638471,0.37541011700475896,0.7309515512358215,0.45486127016605454,0.6860104901270737,0.6385189816433274,0.388681224293387,-0.115986721599461,-0.19459571008245047,-0.3773201042471559,0.201587889934934,0.6253114846304488,0.46110250703820593,-0.07138031116127413,0.06746011819643508,0.42904199623396216,0.46266729749131796,0.5037419177782578,0.04812970801594861,0.43696877441851445,0.11678838439545892,0.46209914925369466,0.45678722295152413
Frontal_Inf_Tri_L,0.4245499827753449,0.4194546535093683,0.6374610220568121,0.4553903181223441,0.5777020251461114,0.546909008061476,0.5320713897258218,0.4271517809302747,1.0,0.36598059031756713,0.5934398582054127,0.20074936367086638,0.5182099716537657,0.1810977399561665,0.48018885400394434,0.40023259531810146,-0.04307347919379057,0.02336722443272099,0.6429802834241402,0.5936322563222538,-0.07487987240659838,-0.06784179985238264,-0.21901413365067915,0.11341600145536518,-0.07608322209800693,-0.05681328658802482,-0.08905382665560593,-0.03170770532431068,-0.06459885798066661,-0.16817519456842134,0.02959591288538838,-0.2710711892898184,0.7115194714390187,0.3887642040131454,0.5148225941187765,0.5262242150221582,0.13843344872480465,0.4205582878215124,0.4703609504143579,0.40716601674405295,0.2811350383800194,0.37718054852383104,-0.08895559373394003,-0.08856455872085822,0.23710073336643447,-0.024706835368977564,0.06285075154769526,0.21047732220286136,0.06105443143537926,0.03644963497836232,0.35254493750926,0.19480554596140398,0.5274118717268302,0.42070437723935666,0.21582188380841977,0.09861521047642637,0.24704499817346032,0.1739910515466122,0.4744041134334099,0.25429300376570024,0.07146931252666786,0.06400178630467052,0.2600293601390667,0.28351868406706254,0.474126641387609,0.3346748997506795,0.6128414931524556,0.5411232750644684,0.5047453417794094,0.32769407736749434,0.41657944679520464,0.27387044154140117,0.47395676526271635,0.18126262739939922,0.44672385573640394,0.13898599379446802,-0.04228050384910689,0.04123986807060212,0.3697923997125662,0.18124715876601258,-0.2629734319258802,-0.06368822313533296,0.3244420900070248,0.20899936994624085,-0.032509281890306926,-0.12917320553970263,0.07973876201313872,-0.06857476594254287,0.467929912116334,0.34061839119126797,0.457008166699187,0.2575574509810092,0.01627383995388714,-0.11078939038696738,0.16594292281954043,0.004278172464035877,0.13217988956826304,0.040068909441637296,0.28286885664840555,0.406858382570803,0.22214174119029487,-0.07624344006628704,0.08354059391185405,0.13982405639293874,0.48399951464455293,0.4582851219481373,0.36036484578022293,0.24018855354153615,0.32428704374281203,0.4208968691439532,0.3935969426247595,0.50834833222058,0.3329763107035585,0.4027752881926916,0.3368130526572104,0.3652013908743449,0.3752855455526374,0.0832111545870912,0.27038831350722825,0.20621771645505285,0.14262873399453407,0.38419753903869697,0.323326002604443,0.2638371310248281,0.36015756321871534,0.40603957821707265,0.3539845947782034,0.39914948102960246,0.2571659922487862,0.42470035482872215,0.3853374789849815,0.014085386496164596,-0.10500309591898305,-0.2863800271601307,-0.035643742418760976,0.48805032800921555,0.26618833969084826,-0.25969152007763535,-0.11158820584703992,0.32547068947206603,0.18887463086542164,0.11732371756390592,0.24905246247539908,0.17314453694636597,0.47866176487946044,0.32098960864227327,0.5593920126882439
Frontal_Inf_Tri_R,0.2604990106206051,0.6450169835703994,0.5543849710258802,0.7570377843929669,0.4891307289344165,0.6768250878337976,0.40903263011128194,0.8297924534218807,0.36598059031756713,1.0,0.1775391019429941,0.5801579126412301,0.5129271857822056,0.8306722576228456,0.4168280747316257,0.25592472427090635,-0.1541947821042899,-0.24058490836698365,0.785891342670073,0.7561512828081403,-0.15964956655693022,-0.27127149513931165,0.029845460519447326,0.1556685646040792,0.10100141372513208,-0.17397101529940368,-0.06855427593640336,0.026232560532418854,-0.06463723061703772,-0.18533942664843342,0.14241753173067073,-0.5119195472897782,0.4945397925426226,0.939381855489626,0.25661782588230775,0.4588430754602861,-0.1884893201385828,0.11398370141032066,0.5858132611626954,0.7585669266105612,0.4932398469690485,0.6886293469604751,-0.14000261957250745,-0.2266039788590849,0.43603390961813276,0.34484767377729997,-0.004482554636271364,-0.11444769129745733,0.2426075761880226,-0.41059091080998006,0.2766444550567409,0.6595255908113735,0.43814874266656906,0.6106233378765286,-0.2700099106867297,-0.41418714159506104,-0.32110396050819046,-0.09882096590010242,-0.11581637518603652,0.7509648739876399,-0.48499112245755044,-0.3251365986463261,-0.15983856094987067,-0.19101362724354365,0.3328819209302614,0.44350758586550215,0.7348762816883458,0.7809938632152513,0.6485076165630408,0.861795617988957,0.4569026952319949,0.8035728913475038,-0.05860949582595527,0.8073109285869757,0.08136447464487011,0.8420526662765089,-0.14733174178571104,-0.061581674124993616,0.027914576248325863,0.34059268082403205,-0.12094266210727857,-0.16868864657088933,0.08497658373827924,-0.06460924278515716,-0.33498766983084194,0.04108564012499719,0.1729698819201216,0.11272699973972752,0.7577231512498686,0.6966576451272823,0.7168137329055367,0.729952036492271,0.07572702526091653,-0.22525343181122495,0.21786935882471195,0.38803007954362556,0.22695510221407228,-0.2172601880724748,0.7004699844961414,0.5043700372083981,0.23566278516797057,-0.2809167563373336,0.41929137750778833,0.42699186112102544,0.7246631119429136,0.49627610866169974,0.6015035050995234,0.6012232003511806,0.7727287436572519,0.47914794248204695,0.8352616982889296,0.6236943958844638,0.8081774675029042,-0.001779914769227331,0.6100082278454028,0.2615179061306812,0.5264222909426675,-0.36294922650473077,0.7437239933231363,-0.24299200879081298,-0.15464423813295794,0.16547822205151827,0.501028942246639,0.39907609012280043,0.6753048487852612,0.2500993684596618,0.7517034920009636,0.3395986648801678,0.7603341543828517,0.5527082800444304,0.29053637150189143,-0.04924010357905972,-0.1557407156750938,-0.4928627617532534,0.18900538168891665,0.7404626528186447,0.4442656258511558,-0.030720734466492105,-0.1027233603874993,0.44092651724949083,0.4391933682159253,0.7354424245539483,0.07591758311607952,0.5627681779213535,0.05044289449267048,0.6278977835858478,0.37079245128031174
Frontal_Inf_Orb_2_L,0.23246040951594008,0.27936893224312315,0.3663030990822561,0.2567392896083887,0.34795314438881053,0.2827979731307354,0.4044728512004528,0.21056442205970838,0.5934398582054127,0.1775391019429941,1.0,0.14449365151429738,0.4095998661646698,0.09789082341268947,0.357032587135306,0.2741321701510077,-0.0667911707886623,0.17850217329441423,0.3738804356178636,0.45361816360147966,-0.25026640742168876,-0.07927681996035138,-0.1980500389353434,0.19580163466704686,-0.022895931835741137,0.07984569953751901,-0.014397980750292057,-0.054278179959609325,0.15272594385786128,-0.22459771244291293,0.174276248358455,-0.22827388197949014,0.5562477737431405,0.2254761752348209,0.37041459925953313,0.3314247978803408,0.2163964416650306,0.2367049692695304,0.41690967947209995,0.2673625040597403,0.29833797076590324,0.21167337385624105,0.0222713571694339,0.044568311094869625,-0.03296538433761339,-0.1202642100899725,-0.0801489128686745,-0.05071032175281634,-0.1888726167780086,0.08892638050096993,0.1947727572129477,-0.04541806190939134,0.3059281707832631,0.28268454896268597,0.15340596779010615,0.10325221925219791,0.15469989118532332,0.12585019983869022,0.24428969745148912,0.1051144842970864,0.04556597376228892,0.026153026587352347,0.1522883262903504,0.18322432248726506,0.34741057905783834,0.18434533289987645,0.35726568644626466,0.28356745434380953,0.37024594155144247,0.2206665503347106,0.3423158797228467,0.19876519431437453,0.25793669827637355,0.09669201969442222,0.265622429279921,0.018816540294611175,-0.0651184227432772,0.0483105119027659,0.23210225643251534,-0.09307797748019689,-0.21550636722997737,0.11662454011235245,0.30419267900915126,0.17964611343923734,-0.1927629583407527,-0.3828238256520339,0.08129691602928593,-0.08673692446176622,0.21395458589647964,0.20773476661657916,0.16145519931530564,0.05286883052898776,-0.19853244191804953,-0.2057714251437675,0.13567508797978048,-0.06287195672879209,0.08603639515927246,-0.05710528716514346,0.19626141853087167,0.30926363504151577,-0.1358203784575468,-0.320717173999359,0.03933782146642884,-0.0762013927054571,0.36011776592333744,0.2827084130647783,0.2736208304569038,0.1898105033403541,0.24754821912889316,0.31614598197909743,0.24083971242222246,0.36938586278781566,0.19414430186109422,0.35889846092420985,0.06999024299297406,0.27163188244169384,0.270014927677864,-0.00021625742463387524,0.24388419363761057,0.1160476532007457,0.05153458644863843,0.21959422032203071,0.15117749629445135,0.2641783524196461,0.2226415780474705,0.3055885465544733,0.22216041714997237,0.3306787088984269,0.22374471761677028,0.25175631090162504,0.06295005528656875,0.05226650199811745,-0.01860783128189979,0.017913521249949518,0.06701128496123031,0.2335444913566208,-0.07616315376233138,-0.20533375368041404,-0.1518453760783497,0.1772122587621443,0.23003368695767315,0.13129469301642377,0.26693807550389337,0.10427733263015378,0.3222109212431733,0.31898120924201023,0.33996576309484033
Frontal_Inf_Orb_2_R,0.08929825295845609,0.365966125337358,0.2630301286045423,0.6213624658021812,0.14749397076656198,0.38449685719953347,0.451642357659984,0.47786080414433757,0.20074936367086638,0.5801579126412301,0.14449365151429738,1.0,0.4660661102848727,0.6729945352524436,0.18852485486005305,0.03313982253623022,-0.12738384828212418,-0.24765831724692522,0.45145518334185614,0.44995391294935155,-0.09938794646944343,-0.2761377446516138,-0.2704211955618478,0.22031326828149755,-0.12600770088575242,-0.037453621452236754,0.004491173455299674,-0.0007829094455609401,0.12811575086726062,-0.18939359089918645,0.1160398043712388,-0.4535253917088003,0.38760974732081954,0.5850779492320111,0.043237005368823335,0.22850116968749978,-0.24773552819518194,-0.09928708400533312,0.46966167251247537,0.3813322995259743,0.4189802775122054,0.25839991316863936,0.01483416620262423,-0.03658206489968313,0.14888761831295977,0.22125292085339054,-0.12351524179922677,-0.4374501630252859,0.14738310074271213,-0.16680422243065618,0.38518528619783077,0.368324936627953,0.2798127314382584,0.36031513457621217,-0.32996123570026475,-0.44804050480877644,-0.32292270888064456,-0.20431004677014203,-0.1618856957611866,0.4386729659856527,-0.5037718295680764,-0.4292578015320834,-0.2884751579008055,-0.30608750735658474,0.13321189538014386,0.3740803404576426,0.44457112888699035,0.4981463288526612,0.5325908819894782,0.5884081340978418,0.3919890687120739,0.5355441202145355,-0.056644065836358774,0.5561892933842917,0.21065590753704408,0.5281714259054897,-0.0148888036318423,0.05199129694168945,0.1408639858299089,0.008932680630657826,0.19412272173200007,0.028576518433037598,0.274580833705408,-0.31235575559932954,-0.3370837316442147,-0.013712129524489415,0.0713305275778899,0.2275184574104376,0.4283521502672401,0.57006390256939,0.3956398286300044,0.5716199478497984,-0.2526249888292626,-0.11068139081262975,0.07665751519175272,0.3613694217375257,0.03703408482801709,-0.1690668528342452,0.5914246121954759,0.4258682159402945,-0.09109481576205328,-0.34090028991996035,0.37399244161181816,0.41018394405108144,0.6049391621242607,0.4101842685642449,0.4675482795389216,0.3834392816462127,0.657361745119801,0.37138980209640465,0.6496262928692224,0.4324546355504548,0.5133525869325363,-0.0780635065781307,0.25941592374526323,-0.038736934430317074,0.20646651069729782,-0.3329374084804042,0.5634003704894754,-0.329542242531744,-0.3499752141273343,-0.01785686315652085,0.17713361737165542,0.33230632926694603,0.3928190290206697,0.14451723031114902,0.5842734584562823,0.3485847095524786,0.6253376940057781,0.30819661191258785,-0.002637046200854433,0.061644031772269285,-0.13006704348349607,-0.2896353777715585,0.32339332420515876,0.5677094839330024,0.33235763188981426,-0.1219370106435115,-0.014882868899145474,0.17713454691576547,0.40970737870926727,0.3784233601524412,-0.024879474006730615,0.19621388089414224,-0.1957085648826302,0.39838616187196296,0.21402917427660986
Rolandic_Oper_L,0.47738973417541825,0.5477775208293243,0.6040857255327078,0.6908864109166912,0.490890468393571,0.6139438880473679,0.8845658254598595,0.5271789036352141,0.5182099716537657,0.5129271857822056,0.4095998661646698,0.4660661102848727,1.0,0.5592123185243991,0.5327720988114368,0.3948250190935905,-0.1396641184689967,-0.16880047591280056,0.7388643334832802,0.6268378951747695,-0.19981288118423793,-0.12794210843815065,-0.010491946582536793,0.3075065484578165,-0.030375837223471112,0.05469476027969663,0.07721536883234725,0.1360408702872853,0.10220957549123257,-0.002077946300840501,0.11327664341209552,-0.26782312795905927,0.7467276414688275,0.5848371466841096,0.46648716917749217,0.61272637484183,0.16549407666661453,0.18859576304451708,0.8102740599311089,0.5819320035536584,0.6112274571048274,0.4975001533825335,-0.0837919315314699,-0.052073130271296904,0.21810359740988378,0.14831380388802298,-0.18348498948689312,-0.3786412623202218,0.08445415006193249,-0.06309049043662888,0.6384112040573752,0.15956941089563703,0.6773217190244359,0.591297669812271,-0.08805301762915427,-0.22659063387269404,-0.1591451072769008,-0.12170041520059596,0.28259068932750225,0.310497289421168,-0.6047660913181776,-0.4806014922760267,-0.06443259338820151,-0.060994681697452424,0.47362066024396104,0.5334133594743388,0.7631321127015228,0.5537834327028891,0.8559184683923231,0.6983710780683033,0.6215607397238411,0.6455793885890796,0.4748741307243847,0.605728407374411,0.7058624137287888,0.4071780084378929,-0.038019002418605716,-0.14277457086839146,0.5154096914784468,-0.11874656965063524,-0.1453745793825769,-0.22562951450163005,0.47885237269155134,-0.14708933903693383,-0.3583702739296864,-0.2007125781517764,-0.07014373816101215,0.27223098830237025,0.6160831632381476,0.6038030209956095,0.5582897875215791,0.4404630175153925,-0.2728223095052277,-0.18446318518104482,-0.047996004318170665,0.4352218164552718,-0.08066876171561686,-0.13459846826127617,0.6108480177333929,0.7354553978768529,-0.03802224019107756,-0.41053877942308525,0.4109204498844451,0.32967998183409347,0.611191120902745,0.5557611742027682,0.6260427931069216,0.7058694568621245,0.7310219744421306,0.7010873546728595,0.7725882747681487,0.7618333291658688,0.683512407799281,0.2605452746799585,0.6031607525706543,0.3392847905688892,0.3490223864303738,-0.35459173798546995,0.6757337910807869,-0.00399023357787005,0.0023988051610666543,0.28512176114104126,0.42290488227390316,0.7836836605051519,0.6702104484692545,0.6217808698301965,0.7716114688635317,0.6274928632010702,0.6775508204924154,0.6790592377551651,0.3156737244376518,-0.14874081097252026,-0.10969770900267539,-0.3214532214925722,0.3120734811802845,0.6514008947136462,0.3612607197857288,0.07382104070502707,-0.04811954540476963,0.31897499503057,0.478226430615287,0.524998589335648,0.13510610135724296,0.1545025384448435,0.13490291283895006,0.48660374401487017,0.45872004972454233
