,Vermis_6,Thal_VPL_R,Fusiform_L,Temporal_Pole_Mid_L,Cingulate_Mid_R,Frontal_Sup_Medial_R,Paracentral_Lobule_R,Putamen_R,Postcentral_L,Lingual_R,Temporal_Inf_R,ACC_sub_L,Occipital_Mid_L,Olfactory_R,Thal_AV_R,Cerebellum_Crus1_R,Parietal_Sup_L,Precuneus_L,Thal_MGN_R,Thal_LGN_L,Paracentral_Lobule_L,Frontal_Inf_Orb_2_L,Heschl_L,Cerebellum_9_R,Thal_MDm_L,Thal_MDl_R,Red_N_R,Temporal_Pole_Sup_L,ACC_sub_R,Rectus_L,Cerebellum_4_5_L,Cerebellum_9_L,Thal_PuI_R,Rolandic_Oper_R,Thal_AV_L,Cerebellum_4_5_R,Hippocampus_R,Supp_Motor_Area_R,Frontal_Mid_2_L,Cerebellum_7b_L,ACC_pre_R,Cingulate_Post_R,Caudate_L,Parietal_Inf_L,Fusiform_R,ACC_pre_L,Frontal_Med_Orb_R,Supp_Motor_Area_L,Temporal_Pole_Sup_R,OFClat_L,Precentral_R,Pallidum_R,VTA_L,Thal_IL_R,Thal_LP_L,Thal_VA_L,Cerebellum_7b_R,Occipital_Inf_R,Thal_VL_R,Hippocampus_L,Raphe_D,Pallidum_L,Vermis_4_5,Thal_PuM_L,Frontal_Inf_Oper_R,SupraMarginal_R,OFCmed_L,Cerebellum_10_L,Frontal_Sup_2_R,Temporal_Sup_L,Thal_MDl_L,Frontal_Med_Orb_L,Insula_L,Frontal_Sup_2_L,Vermis_8,Cerebellum_3_L,ParaHippocampal_L,ACC_sup_L,Angular_L,Precentral_L
Vermis_6,1.0,0.47073900367420796,0.6369873829624111,0.5008317815389063,0.06033001042865666,0.20241197409787554,-0.13463487646431058,0.1826391662508624,-0.3144113705640529,0.5685244190974498,0.5925526148760467,-0.049916077884260605,-0.07359642484239765,0.3302842755284969,0.23975666321830513,0.6737356672822005,0.48043237342916256,-0.30599037586276356,-0.11275366910531426,-0.03141585647369104,-0.3412072546531197,0.021964880883759235,-0.16758987111861778,0.6726916174047449,0.31022697944926514,0.19854371029690798,0.4309351171834453,0.3342033050461149,0.22228556929887172,0.05957597145505461,0.3142935007013894,0.697429380991513,-0.31229640000926356,0.22893728209498054,0.08178882134591992,0.209818046751709,0.24973693592387852,-0.10690939296590089,0.2271933243621854,0.4484160496444501,0.33627788915837165,0.07573848823835805,0.18759981356253463,-0.4585504911789925,0.5754132996696749,0.2590240815505422,-0.27968106960015515,-0.14388588514158593,0.2472448576778566,-0.26804843454061905,0.02716342829974681,0.03077531115933408,0.02377451449616799,0.34328338905835054,0.1617222699088443,0.005037886440859099,0.6402716115945487,0.6785954535083121,0.2696437236141927,0.20230093501919558,-0.2905471630394344,0.39599404389442117,0.3488684585507789,0.3034268355245499,0.22724006049108755,-0.1362446942712221,-0.3086890425733124,0.2915036943239033,0.0010078396488290824,0.1636910827554467,-0.0031844511099955934,-0.22180369887523949,0.10466628407561494,0.15171550396566066,0.5957939164771354,0.5638268415183604,0.37449059662796164,0.22232532158525323,-0.161467983062561,-0.17937999694263232
Thal_VPL_R,0.47073900367420796,1.0,0.4007520029890592,0.38801763637835224,0.1507249089542284,0.47082186604749915,-0.06490612795621174,0.3653910892838311,0.09070161280299537,0.6175279083406245,0.3820128940964458,-0.1246862677287108,0.3889521905356124,0.5580936275987695,0.7596730664878897,0.24789296702752672,0.37978537494102804,0.16224023372652807,-0.054711304405744905,0.43884709587212095,0.023944726245773932,0.055514296541380646,-0.11111207171002227,0.4409567526128352,0.8934608149999977,0.5780644234454654,0.25435174685461653,0.28827208595679815,0.5172236395228565,0.08634618439466327,0.10707457461267111,0.4619936269304659,-0.18187624061198981,0.4222972867904786,0.6173355646117538,-0.06640150491880986,0.42757363528724435,-0.053460460897889174,0.19672990441616225,0.20795447826868066,0.599967527824459,0.11731492846751951,0.4388836874132894,0.06210955577632689,0.5767638443289943,0.7032770112565692,-0.07544183307870539,-0.06178096444454603,0.36422697197007886,-0.3496656034449833,0.22615816596868515,0.060096651156397715,0.18290905302529883,0.7042376334227082,0.6432138364668127,0.1172288581792474,0.3754263181190304,0.5069354672759226,0.9070642600513609,0.4862354350612342,-0.0619158886965672,0.5628359140046812,0.263298773133445,0.7559526768319125,0.47616478410629526,0.1706154465208655,-0.3749829887805551,0.41055474577223233,0.16977649771388698,0.49926394997384366,0.47164241550043956,-0.04474470083412955,0.4858156855854776,0.4033724991117376,0.3084396268452656,0.3010123833644064,0.1877093815617279,0.39857403281918113,0.1324613503031078,0.07502850049659598
Fusiform_L,0.6369873829624111,0.4007520029890592,1.0,0.431037757857048,0.41457346893388886,0.48518680577650325,-0.07711746245511618,0.45834413568529514,-0.21736337578578213,0.7264010431400589,0.7376056395633578,0.373787225100938,-0.05475950887496782,0.4387301599629688,0.39772044377887955,0.6481962568365983,0.30891747747677956,-0.06541284496797013,0.049671113831372266,0.2204302966023137,-0.18106407215540055,0.4694153592570074,0.28071676359893505,0.6604283304397789,0.3138968528138999,0.32703884993874116,0.3916630069607248,0.6815432444937306,0.27443409504411764,0.05210470551846191,0.6943233725166935,0.6479724530908656,-0.02191274798940653,0.5228408174496976,0.2691709004241306,0.592147894262328,0.5128826139266257,0.2373613007138518,0.3726352925467844,0.5284974518653609,0.5613163808580662,0.542971628253281,0.5449676691781966,-0.43570033877901415,0.8144563407638776,0.4550158546240799,0.024147579815432457,0.15321966720004135,0.5757471549798896,0.020592885835005632,0.2619814017602981,0.2691998468226906,0.017437547550300123,0.24144014469919425,0.14765285804090073,0.2675021934419537,0.5446267386331467,0.5934578318432415,0.32496488846476007,0.46017903335334254,0.13236953462655493,0.5582346280787697,0.6180964796064746,0.46398834414430495,0.5170723673941686,0.16512087999911085,0.1304456081191651,0.43349931390199475,0.38378874385836775,0.5075892563849301,0.2207500727722236,-0.10320444475868708,0.5020569706292033,0.3739994750826975,0.48885014502156077,0.6884664509134866,0.6956630534570076,0.4871805184274375,-0.03623480737904855,-0.07860367455594777
Temporal_Pole_Mid_L,0.5008317815389063,0.38801763637835224,0.431037757857048,1.0,-0.03789584483237247,0.18008378159363533,-0.15722355673647984,-0.07858438595847111,-0.27242556585619765,0.5874479992973096,0.3500533239979956,0.22901418870904386,-0.08087688981444098,0.24257329484678114,0.07850127311237036,0.670965316637078,0.4187592647844994,-0.32613569341525556,-0.34653597696930044,-0.15148922183303834,-0.33187699010278177,-0.04578573473241472,-0.21123058797279287,0.6985927102960436,0.13331166491890453,0.2420063839767995,0.15142830250467174,0.23950538989054687,0.21017416216323942,-0.3700396455100347,0.11086508204204774,0.8217310375721718,-0.42809562687864505,-0.007293325768601631,-0.10875477473082641,-0.02689228283774267,-0.03503381149857076,-0.18972276631397048,0.2524913724534121,0.22171123885913172,0.2349403928591921,0.054912799470336705,0.1762625022396658,-0.35080497354888024,0.344560477239806,0.16083046991423547,0.11582751376473308,-0.2656106373384839,0.1349098118995991,-0.5640653799620797,-0.007101989308808918,-0.21599089372492972,0.15523850825220853,0.1056323497845073,-0.060043426084392136,-0.09791470523131626,0.7467447428689374,0.7911401922030258,0.2138920783136164,-0.024254121048862615,0.06323629722186866,0.1877944415534329,0.282946872053766,0.23308099628156848,-0.09724038804643921,-0.09765449670766514,-0.3448247030219986,0.18765035628321955,0.020642546925807467,0.22695760453923874,-0.006451159884476285,0.07064716835758379,0.0475275084571285,0.07056044690303645,0.3223146322177245,0.3965112870989872,0.09921713259087533,0.00010319179260881664,-0.057865550290052616,-0.15337428679097792
Cingulate_Mid_R,0.06033001042865666,0.1507249089542284,0.41457346893388886,-0.03789584483237247,1.0,0.686419439709672,0.3668017637904023,0.3166399620250907,0.3886962270670038,0.40866266076162905,0.1256521046704201,0.3814612715063132,0.3228888924846735,0.19193121656446804,0.4191671117556606,0.047733597978576965,-0.14010941911104977,0.5464556411402622,0.39073117275363584,0.23920639820418757,0.5302002304075742,0.4601298835266687,0.6150693469995542,0.06598766503661183,0.1102408460999498,0.2598456714006312,0.314903636817821,0.4441144468663043,0.17178508688295938,0.07317000773424023,0.5407992038392938,0.08208481072794602,0.24920906529130896,0.47554594470937894,0.21975240275808663,0.4854739482616459,0.19276004724562984,0.8227466133476997,0.5168694851571211,0.2869130222557218,0.3878999296089622,0.8542119862569835,0.4541224089852719,0.17793922790388936,0.2907966363979191,0.19085608162633283,0.05183108230647445,0.7660927065338689,0.47442604359762175,0.2899642693299111,0.6714603713019727,0.18607915266747765,0.3137638590496727,0.025180788628846575,0.3726928305581367,0.17872159208801097,-0.027440685595143493,-0.06873424965777733,0.22874362810522025,0.22043737783102313,0.1972965126637834,0.3431695075521581,0.6366997711392539,0.27957200903353985,0.607511635499591,0.5636628705831931,0.2759176573329238,0.17576530277941646,0.724822199045762,0.6080399295750519,0.256437753906803,-0.03945400338557855,0.4723322491553969,0.7221596432907483,0.05849607526425217,0.40326242292711695,0.387258042463687,0.5586191302922535,0.40913552183315866,0.5104757164586625
Frontal_Sup_Medial_R,0.20241197409787554,0.47082186604749915,0.48518680577650325,0.18008378159363533,0.686419439709672,1.0,0.2910124978712752,0.5285462013567552,0.25562169985529426,0.4899310866043041,0.3744526455283466,0.24192947324787986,0.22716541335142706,0.5399814886247104,0.6582970594281182,0.14869443583223557,0.11366565645126715,0.3160352806449371,0.28297515678910934,0.35141555788909845,0.25508460757049517,0.5614478616468459,0.3745576453248339,0.3754029364549562,0.4491293586358819,0.35643850966213764,0.39245661165571677,0.5722598402740857,0.40921387283723376,0.2052994549068122,0.48112488069537085,0.35887070193018705,0.23146515310359572,0.6395744671413744,0.38835826585413136,0.3839159405480995,0.3768383292299998,0.49684791692930486,0.6388167909624655,0.21398630403849783,0.7471103496543297,0.6422257789613671,0.6495940984393878,0.04213508435187419,0.39920156506286564,0.6444379870583172,0.13974841408029018,0.4697236010567985,0.5566952906062429,0.08420664106787386,0.5479149942986475,0.34072654344557174,0.0874354813423183,0.3945183585341508,0.4685076416059681,0.33142139676793747,0.25170949622192434,0.14012974618423735,0.47222200349089993,0.3972395445908536,0.11685088649786966,0.6216317316146055,0.5854207144032704,0.5015296838789339,0.704610880091785,0.3957298647908714,0.09339299127507344,0.5500722295232384,0.803629843202549,0.7192758086953402,0.3189013759715251,0.022646579840281303,0.6665125589637417,0.8348746135523869,0.3271450431504541,0.41619001032185393,0.4418230087839877,0.6768994287535848,0.25582963088915256,0.38917213288310887
Paracentral_Lobule_R,-0.13463487646431058,-0.06490612795621174,-0.07711746245511618,-0.15722355673647984,0.3668017637904023,0.2910124978712752,1.0,-0.1718152166039302,0.5452271772558579,0.06857111401578016,-0.18181707308053252,0.1582126245705512,0.355125620549413,-0.10266501023189875,0.053148391382824955,-0.21902916610958958,-0.13342641138707304,0.49602956428573536,0.01120723740535317,0.06666561000293976,0.46369199521967586,0.14340128443743305,0.4106616250802788,-0.16389797359465152,-0.06655473813636888,0.3157622026684154,0.05698044642702728,0.03130228149507242,-0.19974474960130809,0.15752501070207642,0.18280598258452885,-0.11732057952243752,0.05364859952709703,-0.12212352771713848,0.18324713088730538,0.14521022403965275,-0.11058254080727802,0.41410222579508854,0.23851125914663898,-0.22917763703549301,0.04270277183827397,0.34573818318591387,0.017359046643212365,0.37033029958060104,-0.17146541696286194,-0.08967128411315087,-0.1274355879077998,0.47995590561556767,0.08188290745169458,0.055477706337709355,0.42582900230446574,-0.1521247426636452,0.11521213283464139,-0.23706924935667634,0.06979424841830942,-0.1645831944941049,-0.09939464610427241,-0.17865430477761368,0.02400517983787687,-0.02257775538269352,0.2604842839343523,-0.0553594474879732,0.2707560948782543,0.1421891373437086,0.08802642111154202,0.5610766288841,0.06787135716626348,0.08159021196616038,0.47408526848929505,0.25095325174234623,0.282797108187128,-0.11968129713641279,0.13009126311786526,0.3231979227238022,0.001243961532746466,0.04174570949746887,-0.09711381899538897,0.2641531857438713,0.62286106008544,0.44602537164976686
Putamen_R,0.1826391662508624,0.3653910892838311,0.45834413568529514,-0.07858438595847111,0.3166399620250907,0.5285462013567552,-0.1718152166039302,1.0,0.0009889894823101471,0.22081553084342517,0.45108581246523205,0.2390054926942718,-0.038831174987551634,0.6098498959775505,0.6717980738596363,0.07611959106779434,0.1585647485878773,0.01805245939609822,0.5552118092210824,0.6517828782770879,-0.06102207564168276,0.5366761449182194,0.21726275365536535,0.33648242971004316,0.5137455105190458,0.06611954441803845,0.332650146302112,0.49402600539963687,0.4448340309656663,0.3336663107830046,0.49052464844133276,0.21797526343645954,0.5200997354828083,0.6960967657796352,0.4665182391553577,0.46332033773598136,0.8147379850824247,0.16319813709059286,0.39857694673265437,0.23073168604163394,0.7045901185095579,0.32206161631913793,0.7977689458242873,-0.07340529632296736,0.6411916702743519,0.6735552329045011,0.28917016330621337,0.12938860292857407,0.6567480474903806,0.2217945646644232,0.13948281695553874,0.8676343609279193,-0.05505505781885684,0.5377040187608071,0.3814382580668508,0.7767120732118552,0.08654601097975563,0.01463532697410893,0.3776024388376283,0.7706076563635479,-0.0823298194672171,0.8090495588038795,0.4285859273771248,0.4315723622812838,0.5761497250079466,-0.043179179892207147,0.29022273988479075,0.6277043543601855,0.3165798165187684,0.41859046228442776,0.27360852858898654,0.17221266336005916,0.6599040907153533,0.4440805858891003,0.16413449086671664,0.37449190747249617,0.6641731937111905,0.454656413287505,-0.19054320115827614,0.1312026901816136
Postcentral_L,-0.3144113705640529,0.09070161280299537,-0.21736337578578213,-0.27242556585619765,0.3886962270670038,0.25562169985529426,0.5452271772558579,0.0009889894823101471,1.0,0.025341843187750807,-0.18652827483387266,0.050205195720271795,0.5191652554967736,0.044530305774477016,0.25821717605210553,-0.37366732198549857,-0.07950032837574206,0.6753115961976934,0.24231160873792343,0.41728029182011406,0.7209566747881828,0.13158736141077473,0.4933464461840123,-0.2935726086889613,0.16803409704728653,0.270367370497276,-0.20675388089998326,-0.03366221124691732,0.11251856860704733,0.13526635834811093,0.09412345136609003,-0.25975488399225677,0.20716049065160372,0.10796397721510591,0.3289600933031948,0.06612196037263338,0.017717318890871123,0.4368185901534371,0.29071448550089096,-0.3632433559573934,0.1578217512086082,0.2660581642744568,0.04473422835342222,0.8299277964371305,-0.10110749850212888,0.05722231990554439,0.0343883479961512,0.5798258933876145,0.09810785518576869,0.1415951377277922,0.4425861511927957,-0.07225670211251062,0.3627994461499662,-0.06439806608031584,0.23601857475900126,-0.10504324000882645,-0.30924526877840663,-0.3032158520716545,0.29909716970646066,0.13159342675045527,0.18801103707166444,0.04212891430387185,0.26208498580197676,0.14695491460823892,0.22594438261099753,0.5136695100808459,0.08148988431140514,0.13420668358108653,0.4148448850757764,0.46679490663091416,0.38659783710609097,-0.06431587734812952,0.34611721721296945,0.5160125058525743,-0.3030019477483398,-0.08093479447311591,-0.2505223911561312,0.3228962450481518,0.5799506318305804,0.8378749052147711
Lingual_R,0.5685244190974498,0.6175279083406245,0.7264010431400589,0.5874479992973096,0.40866266076162905,0.4899310866043041,0.06857111401578016,0.22081553084342517,0.025341843187750807,1.0,0.5869093648629647,0.26669873991583126,0.25330425756784763,0.37532125310104136,0.5068605455350889,0.5397912162969372,0.3016114024628389,0.09113721410628416,0.004626100991860522,0.22922257040821953,-0.0027818622981418124,0.35767325435243547,0.17491348679413524,0.5751299772953308,0.4561630729636793,0.424538396976577,0.24830057929354377,0.49849602404340326,0.30593912687013836,-0.14000410749644715,0.5793206520189537,0.6614573521146149,-0.17534118181096048,0.4025379279129397,0.2585099736652122,0.33854332104213014,0.3142634837406502,0.21730654616020964,0.34890592118649866,0.3029945088779999,0.4842317589695958,0.5158099634025157,0.4090898021961844,-0.09430864647642577,0.6615801186800204,0.4100111329979608,0.06782113190479787,0.10457055790109333,0.4877724662614062,-0.23346596686742163,0.2660508682902209,0.011643471203057367,0.23991357021227364,0.3573512389314331,0.2932646199460217,0.042628869626457296,0.5542802921931127,0.6625279897938642,0.5223205262983639,0.2797309948959131,0.12641625460937728,0.49844324568483245,0.7185098990846663,0.5009614790452308,0.36941534262337,0.18456132999381847,-0.060961366220449814,0.33739794592907324,0.3301702129951853,0.5886765423388252,0.24809411679289037,-0.005967876331019594,0.4532760008632125,0.41288460398947824,0.42497144648283613,0.7018095313643039,0.36888319464138475,0.39095020026093363,0.11372156872381196,0.11725084038705341
Temporal_Inf_R,0.5925526148760467,0.3820128940964458,0.7376056395633578,0.3500533239979956,0.1256521046704201,0.3744526455283466,-0.18181707308053252,0.45108581246523205,-0.18652827483387266,0.5869093648629647,1.0,0.07591069829710197,-0.1435887319047112,0.5701690676690518,0.3755925271033124,0.7208688813931448,0.3852761247133844,-0.2721431583071691,-0.06078780184910573,0.13372133580480158,-0.3070519547421603,0.39160980565531617,0.04955613736877054,0.760843632047596,0.38424588277315164,0.2748157156751494,0.37794048227463495,0.5443797261900097,0.2915973105806208,0.13511216599016887,0.5725173464198577,0.6596408809302159,-0.10203523068144857,0.4512371483970182,0.22716904518519287,0.5608807428006861,0.5214272618692629,0.0913328969831478,0.3635625515817915,0.3607496844672885,0.44561244945543454,0.30653734108372155,0.3793144709048661,-0.3689035553529039,0.7169327637228449,0.4373428051823322,-0.07151974360343315,0.01122803282864508,0.5721388049078387,-0.09646376579347704,-0.056318304680628616,0.29621508282732484,-0.16163200621159574,0.3594504998663147,0.07995215567667265,0.1757073915174317,0.65666614934319,0.6128235617329737,0.30107803863513805,0.40718690355740267,0.044262172204925995,0.5989771810659257,0.44020850518513777,0.4228997752784677,0.4027447123719192,-0.1312813070626655,0.038891310538882284,0.5809825476251486,0.19503667259971735,0.33557232381587465,0.12494218655325522,-0.1723703650826851,0.4493465885730541,0.3341487895911207,0.6077658260380757,0.5929975082281145,0.5797533914894373,0.3810520453676026,-0.11266013022923749,-0.05006445988817446
ACC_sub_L,-0.049916077884260605,-0.1246862677287108,0.373787225100938,0.22901418870904386,0.3814612715063132,0.24192947324787986,0.1582126245705512,0.2390054926942718,0.050205195720271795,0.26669873991583126,0.07591069829710197,1.0,0.150732605672935,0.04091615621161365,0.006260104257332754,0.07753693704198653,-0.07800188488185235,0.251491248206718,0.117463372797704,0.20862381373891717,0.13847518175248374,0.3267468427195787,0.41716804766808563,0.06919817995140935,-0.15739393278561054,0.13321818964230886,0.014473045722955817,0.3081534629212895,0.13900612266355644,-0.08528975628594737,0.427414449050834,0.11090666412527082,0.17403483470148318,0.17561208231571657,0.029659612007887942,0.40695468291216674,0.2560065238556,0.23041086771861063,0.1770170098674074,0.06315572474322659,0.27507249199216144,0.4431441622191284,0.48121019076514804,0.025603178080909957,0.2856628363436804,0.11665356550605259,0.5061063558709757,0.18630996361257124,0.36425355183589275,0.06797157460109418,0.09555604617229246,0.24330193707330153,0.15862722458679562,-0.277456011040795,-0.1010973273873713,0.2778182874278203,-0.004202020677231703,0.07588814967836645,-0.09045022830650921,0.26878044045005417,0.40649200017621884,0.16982388203033094,0.510664753218304,0.16933750803943917,0.042650821305164614,0.2510093621113371,0.41188758909100126,0.09207262545351635,0.30269491741155813,0.3277408056870384,0.24533213814274002,0.3761968270793191,0.21624108711301773,0.10087090263252659,-0.1614087769577541,0.24242938143242979,0.3761896540247942,0.08212823205855921,0.2512058286297242,0.013301199490769786
Occipital_Mid_L,-0.07359642484239765,0.3889521905356124,-0.05475950887496782,-0.08087688981444098,0.3228888924846735,0.22716541335142706,0.355125620549413,-0.038831174987551634,0.5191652554967736,0.25330425756784763,-0.1435887319047112,0.150732605672935,1.0,0.16117667233122476,0.34209515186550626,-0.350392803095659,-0.012885652603070428,0.8077219009706036,-0.03002073409521664,0.2741162446681459,0.6194391755282941,0.07466188972955895,0.13725298564006436,-0.22248645690366692,0.3848967998268554,0.3755496132829845,-0.032871141638488775,-0.037152774976762254,0.2574620040034417,-0.01808166452268781,-0.07206387598498432,-0.17767119961016276,-0.09802984491859827,0.03545037885404477,0.2924869375626631,-0.22027348097227317,0.07144258611989793,0.24257990667612286,-0.12270483298719907,-0.2230403204665535,0.09677121488073835,0.19022005902020234,0.1439182429273515,0.6875583777203362,0.1323135513965876,0.20938540130855637,0.18243131872566878,0.2520881258646737,0.09029160158416578,-0.10248115692678479,0.18036048992877488,-0.17652910628182236,0.3284694019484389,0.12144237122655073,0.5016497424834359,-0.21501489982563474,-0.2178769193774604,-0.10353979246888094,0.4165828022445632,0.14909994617902678,0.15293610593914883,0.1296459478614214,0.19559488592115262,0.4758743261253656,0.10032033186850625,0.4380923072757264,-0.034420406691302134,0.08266584249583837,0.25135214389207333,0.3297307477005128,0.36481181009387276,0.25907005517745385,0.153989843997472,0.20914703591611736,-0.12787559441690718,-0.06650043013383147,-0.17421765503041153,0.06080886881100227,0.6979895602938142,0.23443158882153653
Olfactory_R,0.3302842755284969,0.5580936275987695,0.4387301599629688,0.24257329484678114,0.19193121656446804,0.5399814886247104,-0.10266501023189875,0.6098498959775505,0.044530305774477016,0.37532125310104136,0.5701690676690518,0.04091615621161365,0.16117667233122476,1.0,0.6731326643627864,0.24178883087573724,0.40560203113221954,0.03521739206227424,0.1422743457788195,0.30395615134857307,0.0057599362850239595,0.34682344687697975,-0.038546769071592754,0.5708659743309203,0.5885359948441083,0.22654226903342142,0.3538231408954151,0.45284136181044277,0.6768804057188802,0.2722713270954465,0.3486628043723467,0.4582904980290363,0.14522443756632994,0.5069084933116437,0.2699644007494282,0.23595867008722715,0.5532990548673629,0.11927630949281813,0.31939957487609183,0.18746555187034747,0.6702304631737199,0.20277591091042255,0.5213810502161139,-0.014268990005417917,0.5921113660982581,0.6961027607136343,0.11891132345647332,0.05585093468220818,0.5542720668586573,-0.08353576857489993,0.09473838517529107,0.40998550504457326,0.0466468166278922,0.6047427607085863,0.4499914052182683,0.2598063649788984,0.37181705100635154,0.3062536462566099,0.48405261852806175,0.5669508712784208,-0.087290491181842,0.7675028835235981,0.3703865127615456,0.5179697547856469,0.43368972145904267,-0.02549000830792944,-0.13290837274858505,0.7974774163967308,0.2592968459632657,0.41004782344217927,0.14503310207376127,0.05843004192388286,0.5129439480632627,0.4562018319096545,0.31092570734921343,0.3567207177069376,0.3923055783517956,0.36548003738514095,-0.00586465856159557,0.12145664876696584
Thal_AV_R,0.23975666321830513,0.7596730664878897,0.39772044377887955,0.07850127311237036,0.4191671117556606,0.6582970594281182,0.053148391382824955,0.6717980738596363,0.25821717605210553,0.5068605455350889,0.3755925271033124,0.006260104257332754,0.34209515186550626,0.6731326643627864,1.0,0.052047874456434835,0.22581546926610202,0.29128291299998677,0.35469785011279636,0.6457165613297405,0.17583261009939888,0.4121157162789146,0.15092169480086656,0.3401751511097104,0.8375685528612168,0.4515212963848708,0.29767126994091125,0.4102954687514323,0.5587489977218274,0.20544771443964385,0.35577080636694325,0.2942552684444441,0.21546495953757527,0.6622350445071314,0.6244391113753807,0.20335938237453996,0.6158895957077126,0.2763410225043352,0.33944889764438735,0.2199376552139458,0.760230170034441,0.4087754580455719,0.6429057392428468,0.17385564166059675,0.56038597870131,0.7695199699870582,0.05845911620729821,0.1991874683198806,0.5820311831871542,-0.027168656564883247,0.33932901896326767,0.4282828525164754,0.082562633262137,0.7388472611626664,0.674080117780758,0.37158633388943724,0.16859439310800253,0.18905673690017066,0.7962587083047596,0.6420173863747677,-0.01281905687264739,0.7560693928298337,0.4515044088543494,0.6915009647254101,0.6720005600701511,0.2150357470612936,-0.056936833389956,0.5773757573568452,0.3714142984171078,0.5852157557683388,0.45326372939456216,0.006460627900888113,0.6753414251660688,0.5874102462063551,0.2083977820239286,0.33323086555724013,0.3723510027154342,0.5863223123815964,0.0989918325091105,0.31920807401657436
Cerebellum_Crus1_R,0.6737356672822005,0.24789296702752672,0.6481962568365983,0.670965316637078,0.047733597978576965,0.14869443583223557,-0.21902916610958958,0.07611959106779434,-0.37366732198549857,0.5397912162969372,0.7208688813931448,0.07753693704198653,-0.350392803095659,0.24178883087573724,0.052047874456434835,1.0,0.45453795136607095,-0.5018519425263888,-0.28702322228949356,-0.21787331320130707,-0.4162452733771688,0.036423986609147835,-0.04538516136075057,0.8403310392270072,0.0857357735427178,0.2778943852825879,0.24297087721301547,0.30874452997295454,-0.008723815699737757,-0.19817543557837322,0.3570784403170485,0.8376855164773078,-0.4053550528583334,0.14416285079306834,-0.005303314769891441,0.3738383510174977,0.11119743727268752,0.01499221021002584,0.38135298898113834,0.474894684016366,0.18698782052529977,0.1884991783768296,0.10200598793856959,-0.6130399598579676,0.45746436541984964,0.04707472294155462,-0.3168107226659119,-0.025077066983387738,0.24530840619849797,-0.3089994935018372,0.01918513904304751,-0.10585015967348463,-0.013995853370456966,0.030421869045609798,-0.1783218905992513,-0.11338916711399807,0.8706340826812855,0.8494361881884629,0.1301833191440307,0.04888030544327535,0.13803527369805152,0.28581896798400397,0.3013228739453257,0.21169092240425696,0.19604072043902512,-0.1654545176503646,-0.21339347493652902,0.23980570717392427,-0.00277600159104183,0.16005838844769518,0.03510784655510052,-0.43626437813028085,0.1433242308840753,0.19779774292729213,0.547112545780048,0.5110997221438855,0.33712261401967,0.30473249738857494,-0.10690276525914483,-0.11394664516178672
Parietal_Sup_L,0.48043237342916256,0.37978537494102804,0.30891747747677956,0.4187592647844994,-0.14010941911104977,0.11366565645126715,-0.13342641138707304,0.1585647485878773,-0.07950032837574206,0.3016114024628389,0.3852761247133844,-0.07800188488185235,-0.012885652603070428,0.40560203113221954,0.22581546926610202,0.45453795136607095,1.0,-0.1945068615992807,-0.08737213135628219,-0.008535525575159738,-0.12341811467133174,0.1320746735437071,-0.2149368229134549,0.5490835618146693,0.3078374257551895,0.13972640316395973,0.14080959483306119,0.16669325908858182,0.28566774116619437,-0.01612219029922725,0.006297242662897042,0.5333556208284487,-0.3391110873444532,0.04106405020916808,0.05755028030494453,-0.08706395940147264,0.15081230906696677,-0.20039683657159812,0.17454414732304735,0.20720451531831657,0.28068090043491395,-0.11652259657636918,0.1437323641460866,-0.12282225347930538,0.3334255922833115,0.24924805441650832,-0.10805238210326805,-0.1565298898498806,0.07742779021824192,-0.06981163086745426,-0.03145720860255916,-0.002749429106038721,-0.06344671398986293,0.263795758822699,0.10995704801502364,-0.07015728387687499,0.49234204239425877,0.5063703697628733,0.25383362458594705,0.14915518731424762,-0.1837307369818893,0.3130524253514717,0.049468197308089885,0.25986597889722135,0.06418503003071149,-0.14891514761754326,-0.3312319810846546,0.35923676237637364,-0.04725704375035691,0.1128654979186604,0.05500527661768457,-0.11975411690677391,0.06872341466507834,0.13378222372522378,0.31700987229900707,0.2332460468869261,0.02659444788937042,0.16830544954712456,-0.06324600543558379,-0.00942435236400406
Precuneus_L,-0.30599037586276356,0.16224023372652807,-0.06541284496797013,-0.32613569341525556,0.5464556411402622,0.3160352806449371,0.49602956428573536,0.01805245939609822,0.6753115961976934,0.09113721410628416,-0.2721431583071691,0.251491248206718,0.8077219009706036,0.03521739206227424,0.29128291299998677,-0.5018519425263888,-0.1945068615992807,1.0,0.13152599854460317,0.36199396449098564,0.8296551330949907,0.1612276156293237,0.44950641297803484,-0.4320584483033218,0.2362987365119462,0.3510887958099459,-0.07352900837891117,0.016888562716326553,0.19844961369313827,0.11749965188237697,0.01749816139175179,-0.4066305650324035,0.14477650831550606,0.1091544974341087,0.35776233229216486,-0.030923199968832676,0.10202719683617248,0.43237587791453547,-0.08500405411114106,-0.21123083202806817,0.1378977957664393,0.38447100288616504,0.19822656464872104,0.7556321773564708,0.03362462913776955,0.15800950413429907,0.22208001760455146,0.5485802238400211,0.09961610335363029,0.17646561084509824,0.4393404167273477,-0.06403242395923421,0.3082216791732765,-0.040874823947100986,0.4420418593858873,-0.07520103198420702,-0.45178926529296753,-0.34357379048698905,0.32493713823402187,0.2089837264471602,0.28734539940749015,0.02356548349574876,0.19685787802291244,0.36499747772185087,0.2732443670059744,0.7042898719636598,0.20700630824250998,-0.016733368932452215,0.500483557605354,0.37587187224945895,0.45458493217004475,0.2328281922723657,0.23737884463089426,0.33839028072705246,-0.2648842305403789,-0.14506736546522156,-0.07120686491362137,0.18812207962331393,0.7373971416524078,0.3900780013558593
Thal_MGN_R,-0.11275366910531426,-0.054711304405744905,0.049671113831372266,-0.34653597696930044,0.39073117275363584,0.28297515678910934,0.01120723740535317,0.5552118092210824,0.24231160873792343,0.004626100991860522,-0.06078780184910573,0.117463372797704,-0.03002073409521664,0.1422743457788195,0.35469785011279636,-0.28702322228949356,-0.08737213135628219,0.13152599854460317,1.0,0.4343353176627405,0.18196656373781406,0.4415218139104309,0.2734636144523232,-0.16142668581945133,0.058085199360742884,-0.27767383230704595,0.06598173651171055,0.2300025892653606,0.1400220526421026,0.23189942316783002,0.3521243219585183,-0.16141088591126201,0.6427401945234829,0.45552239966157454,0.08458863753674865,0.27914217186457446,0.37405131262989016,0.3437574752637399,0.3331020545785509,0.013839216171562148,0.30412044932596255,0.32948618513757794,0.3631537246499267,0.1803038666666962,0.11764259676564028,0.20280117215497617,0.2369764274514813,0.2665617676750736,0.28824197559258824,0.4824205092068295,0.24636418519091033,0.6114022102784259,0.13574015786085278,0.25502124132132636,0.23250231592915616,0.5537844180379142,-0.31251854380492494,-0.4230439951053478,0.021567199736948567,0.31716161901384826,-0.20256191773200108,0.39743605150327294,0.3428733164411299,-0.12502262168658337,0.3407711739704388,-0.011833655670341336,0.33442139916210695,0.16643548161228244,0.21626611569486678,0.25812609831568606,-0.05532431035044122,0.14353931321536953,0.35373548076866107,0.3381577046835041,-0.10900062813122095,0.21885517113109193,0.2906661149065927,0.27867125952779515,-0.1944382677314625,0.40028771639076977
Thal_LGN_L,-0.03141585647369104,0.43884709587212095,0.2204302966023137,-0.15148922183303834,0.23920639820418757,0.35141555788909845,0.06666561000293976,0.6517828782770879,0.41728029182011406,0.22922257040821953,0.13372133580480158,0.20862381373891717,0.2741162446681459,0.30395615134857307,0.6457165613297405,-0.21787331320130707,-0.008535525575159738,0.36199396449098564,0.4343353176627405,1.0,0.26277782972481,0.33894514340758675,0.3804152725619187,-0.046881957687925496,0.6192186819130044,0.33284330821580893,-0.024346816358394953,0.3171510117286911,0.36411720837045475,0.29104542165082237,0.30909979098194174,-0.05960175943370747,0.42730377054451096,0.4876722314833282,0.7088750317944519,0.2786580681011037,0.7579562106847292,0.07811459272109225,0.17645996071896006,-0.025152233524145567,0.6328902162688257,0.235295065289466,0.582532528657448,0.3695685082260157,0.46860628381471897,0.5857698271963542,0.30344979851231835,0.17190097207020572,0.46399462179674233,0.15702499733694564,0.22665000034163688,0.5439297275478203,0.1843961472766148,0.3773633290003931,0.35645237912235933,0.5886509791472867,-0.19892264746647406,-0.08393973246381937,0.620630134801072,0.8160857766018501,0.12267051468402165,0.4946852950809746,0.3713309786898382,0.46854581750496677,0.46168672421200124,0.2577035209652866,0.23599053532971256,0.30594896365361873,0.26082149623140993,0.529347369295285,0.6083609216224478,0.20329563165439432,0.6566313588008664,0.34913260863340545,-0.13402101746012526,0.1708727709451598,0.3676255542901718,0.3636509288377629,0.08063822769556417,0.3235872935263843
Paracentral_Lobule_L,-0.3412072546531197,0.023944726245773932,-0.18106407215540055,-0.33187699010278177,0.5302002304075742,0.25508460757049517,0.46369199521967586,-0.06102207564168276,0.7209566747881828,-0.0027818622981418124,-0.3070519547421603,0.13847518175248374,0.6194391755282941,0.0057599362850239595,0.17583261009939888,-0.4162452733771688,-0.12341811467133174,0.8296551330949907,0.18196656373781406,0.26277782972481,1.0,0.11723507039630554,0.4860986255777079,-0.41134758532022025,0.09729411463139181,0.2478320791674083,-0.16765490770957422,-0.03732103710966148,0.09218840700405631,0.10779977775750724,-0.023264114819333066,-0.3636696902337198,0.17544311147373184,0.0821647956200736,0.18169620073602666,-0.019130931235193632,0.02109607652084417,0.5013700625654023,0.028180614736158537,-0.20974367929487583,0.05310055184733006,0.28041973291468625,-0.03178116278840171,0.7303854190232649,-0.13607295779163334,-0.019159412014393654,0.11134177405863296,0.7197334151710045,0.06047192630260825,0.2548376415127665,0.5548121390497043,-0.16034425170003494,0.4114961899089944,-0.19270267518409787,0.34354288854070714,-0.18500947534338008,-0.40919681675504077,-0.35351686830054835,0.23835603567528552,0.11416664843940036,0.2951578147448136,-0.024520107218108336,0.18207899261188967,0.12166257203954997,0.27422019274959664,0.6510274389934271,0.1489869024993862,-0.05571872038206594,0.38474788656613357,0.36747836035945614,0.3646114537438836,0.060133661813016076,0.2241735089505306,0.4364873858083325,-0.3007303519508817,-0.1398385654961895,-0.16570685345075184,0.23096634204905175,0.6337017028327857,0.590677617667667
Frontal_Inf_Orb_2_L,0.021964880883759235,0.055514296541380646,0.4694153592570074,-0.04578573473241472,0.4601298835266687,0.5614478616468459,0.14340128443743305,0.5366761449182194,0.13158736141077473,0.35767325435243547,0.39160980565531617,0.3267468427195787,0.07466188972955895,0.34682344687697975,0.4121157162789146,0.036423986609147835,0.1320746735437071,0.1612276156293237,0.4415218139104309,0.33894514340758675,0.11723507039630554,1.0,0.3997484289233832,0.21614041519859345,0.09978350816648689,0.005565042364636835,0.28176973873352684,0.6603984834260256,0.14622292203354031,0.166229262768621,0.5412670053747078,0.18449806079202424,0.3461318473821958,0.4773536260888467,0.09613536081804865,0.4077429802039781,0.4422257117516543,0.4525907263772058,0.40066542729909516,0.19419678959903586,0.43867951693239915,0.5870354538229761,0.569471007174486,-0.0197571671374681,0.40845393228430016,0.3656539473394497,0.34679315489329815,0.3069246348014291,0.5742462852339236,0.5321255799416977,0.24075619370062715,0.487137736838155,-0.1605417049292441,0.15332030801938812,0.10397419622020419,0.4324576733685174,0.06429527379342859,-0.05301395727973627,0.0444227980317274,0.34373953174075617,0.08527516467899615,0.4911713629737652,0.5031430743608964,0.19451636279113577,0.3776988299556242,0.14676517519174673,0.5002710725536126,0.44035890725325344,0.5485206710171099,0.5585260069798166,0.022839339123655426,0.21379565597223274,0.5685491539563464,0.4339217372977526,0.279004862425185,0.40496310909498484,0.5124865751944331,0.3941552953201127,0.01733902806969424,0.21730334827390338
Heschl_L,-0.16758987111861778,-0.11111207171002227,0.28071676359893505,-0.21123058797279287,0.6150693469995542,0.3745576453248339,0.4106616250802788,0.21726275365536535,0.4933464461840123,0.17491348679413524,0.04955613736877054,0.41716804766808563,0.13725298564006436,-0.038546769071592754,0.15092169480086656,-0.04538516136075057,-0.2149368229134549,0.44950641297803484,0.2734636144523232,0.3804152725619187,0.4860986255777079,0.3997484289233832,1.0,-0.1430143865094803,0.001163292566907018,0.2709363671107132,-0.0299935115273715,0.3349635100062673,-0.04780305072614804,0.15871732447989398,0.5136269785600283,-0.1389077423703883,0.35984609361170394,0.4052816062854206,0.3248314327280984,0.5275895839390204,0.2496006408651869,0.5764960234192155,0.33031417203932245,-0.00858613168597881,0.31414233846617545,0.6317875876948886,0.28156883702122987,0.23971983883677628,0.15801317052781919,0.09221550179895532,0.10407783959609423,0.6436919239664467,0.378296569164189,0.3970896289519292,0.5572591285115062,0.14586716546706108,0.22189404845203714,-0.25324186947670013,-0.0243634117566232,0.16984981598028936,-0.17327722145616808,-0.1633417296736847,0.10202135946622296,0.2979888487516888,0.46086708369547874,0.11520844803058368,0.5057677138395557,0.14885164284932406,0.456081092054406,0.6526151274183347,0.46951526201878996,0.06683287530385298,0.5242817135529715,0.523849780408646,0.4473226972876897,-0.08589946962168477,0.517860287436965,0.4548352573998277,-0.07024416338088728,0.1970228163268203,0.29377491430280206,0.47243486682837726,0.36487013642194677,0.4903460294248934
Cerebellum_9_R,0.6726916174047449,0.4409567526128352,0.6604283304397789,0.6985927102960436,0.06598766503661183,0.3754029364549562,-0.16389797359465152,0.33648242971004316,-0.2935726086889613,0.5751299772953308,0.760843632047596,0.06919817995140935,-0.22248645690366692,0.5708659743309203,0.3401751511097104,0.8403310392270072,0.5490835618146693,-0.4320584483033218,-0.16142668581945133,-0.046881957687925496,-0.41134758532022025,0.21614041519859345,-0.1430143865094803,1.0,0.29020761915619414,0.27799399929483576,0.40381441577463734,0.39142431487734436,0.22837595686318965,-0.09329919866759452,0.4261120582267593,0.9521029481287204,-0.2575579050314149,0.25100803658781995,0.075373731608178,0.36724715833589006,0.2800521220743871,0.0071244056029434785,0.4613773740737095,0.4370921914058728,0.41244884783507324,0.17898531648323393,0.3729187476830565,-0.5007794724207699,0.5656116412759585,0.3287687223331754,-0.1505876670860949,-0.06737681505623225,0.37596572402960654,-0.3636522993586666,-0.004858011670178623,0.1524422112911523,-0.13008224704339386,0.31727129397506926,0.072790309240182,0.08831216169447416,0.9120965309020469,0.7769267156137201,0.26337133427068987,0.23624182433088511,-0.033337492445578404,0.5653517937401664,0.39701339970526567,0.4043515971851282,0.24708337094835642,-0.24571801379558675,-0.2638218911531987,0.644685234528566,0.13134941082997043,0.280473136246173,0.01827014145775632,-0.24640256514700876,0.30756206574956113,0.33996383074509817,0.6038993347509156,0.5497272013793187,0.4193698612423556,0.3538115260636519,-0.12728931353932463,-0.04212638345708907
