,Cerebellum_3_R,LC_L,OFCpost_R,Supp_Motor_Area_L,Precuneus_L,N_Acc_L,Putamen_R,Temporal_Pole_Mid_L,Lingual_L,Putamen_L,Amygdala_R,OFCant_L,Temporal_Sup_L,Cingulate_Post_R,Vermis_10,Cerebellum_Crus2_L,Temporal_Inf_L,Precentral_R,Cerebellum_8_R,Paracentral_Lobule_R,Olfactory_R,Frontal_Sup_Medial_L,VTA_R,Frontal_Inf_Orb_2_L,Rolandic_Oper_L,Parietal_Inf_R,Frontal_Med_Orb_R,Precentral_L,Vermis_4_5,Postcentral_L,Angular_L,Cerebellum_3_L,SN_pr_R,Cerebellum_6_L,ACC_pre_L,OFCmed_R,Thal_VPL_L,Angular_R,Occipital_Sup_R,Frontal_Inf_Tri_L,N_Acc_R,ACC_pre_R,Vermis_1_2,Fusiform_R,Thal_VL_R,ACC_sup_R,Thal_VA_R,OFClat_L,Cuneus_L,Cerebellum_10_L,Vermis_8,Vermis_7,Thal_LP_L,Frontal_Sup_2_L,Temporal_Inf_R
Cerebellum_3_R,1.0,0.01659000180872244,0.2827199974002622,0.40375671837675253,0.07256808246148079,0.1748444777854569,0.13702183608116142,0.23146459196109614,0.6867180484215314,0.2645599142726328,0.3221175743352482,0.1355274262067829,0.3807172690839257,0.6016492087422572,0.20671697210260362,0.15033105253087425,0.4072586852245049,0.21898814550955426,0.29820374683063805,0.2577472468579514,0.07870977974279039,0.33861031523749585,0.46406285663308444,0.36130551579825504,0.27228592898387943,-0.13122576918000659,0.09936992656266017,0.31712540024954283,0.7782065451304825,0.1652335668713519,0.13722074417827174,0.6648366326571231,-0.06709990469261717,0.40746435420201205,0.010097672938730425,0.039612516884774185,0.07481618082783076,0.21094344655100375,0.08476359044724005,0.3502585594686763,0.02976697849668856,0.24218927534927412,0.3235498392170158,0.35696412440308833,0.024455609127178413,0.5117038987183551,0.13689519241287412,0.029830724777839514,0.02946678655376986,0.20045093781914622,0.1234135662544956,0.4198240836577312,-0.15494857366295453,0.33142575926833634,0.42068625105584756
LC_L,0.01659000180872244,1.0,0.22355166196316298,0.08512509014349776,-0.01243963636122496,0.4543392734730333,0.41600070968863145,-0.30662032213414514,-0.059481158197494235,0.4098150330472176,0.3268075719610079,0.06245200051916855,0.07642139414670292,0.12699051005160977,0.1355849980265063,-0.5123834184339979,0.011592393253381173,-0.03931621831333797,-0.057777358888993796,-0.09297466109023042,0.3272827428962427,0.1718522735993116,0.03984812192761115,0.4259950920452887,0.2137092172609594,-0.25027265616705885,0.18874623680666516,0.08364935051732264,0.07933612308403462,0.04926894031082496,-0.19858170605808526,0.28231704344247643,0.48567167152462937,0.09088541346916891,0.26160484529688494,0.36394951961032856,0.045473281178097014,-0.13798918666212395,-0.2556410725376313,0.05350274708883492,0.1380051602301489,0.1530018277433442,-0.4021288061603814,0.29445940603543286,-0.10108657786503694,0.08928575748934799,-0.017771022687023026,0.36552795440398006,0.014530676618222788,0.4602856325917572,0.06241311479875176,0.09617537692511288,0.043213570122014766,0.16602230370644355,0.3008824026560151
OFCpost_R,0.2827199974002622,0.22355166196316298,1.0,0.27138298878050815,0.08567160317637963,0.40448381760302105,0.5617214349982236,-0.09627730600138808,0.2859134543521737,0.5818457086752498,0.7947063230227368,0.25224416744594236,0.45865627879274445,0.3426729904257079,0.3040373852080999,0.13392609972396274,0.43861195718527185,0.30972322397389,0.08701412069103258,0.02034883815930294,0.3917407433668728,0.4325864131549892,0.29241784036839497,0.4605028682807404,0.5151500111976681,-0.013980138288015897,0.13010583236622278,0.06131282163651945,0.4074049918629082,-0.009740996627422841,0.0037347948134239368,0.4351452809069675,0.3161923972031532,0.31191508614172625,0.4070785058170066,0.6471863764803969,0.31463333800990095,0.21507109839258864,0.03209048761539468,0.4394633654232288,0.306229741099657,0.47081475539277357,0.03667204861686024,0.5503390743389548,0.2824756988994772,0.3564042909102694,0.3470660076051057,0.35945105301066904,0.11301258181629455,0.24074625528693144,0.23475439405244133,0.11521067646087883,0.26473468389847676,0.3522886352694923,0.40365602810723644
Supp_Motor_Area_L,0.40375671837675253,0.08512509014349776,0.27138298878050815,1.0,0.5485802238400211,0.06855804253004948,0.12938860292857407,-0.2656106373384839,0.19704328872461152,0.32965611816105317,0.43434411199033446,-0.03695732420616451,0.4990436690710628,0.609853655839717,0.05317201675518246,-0.04124569142989379,0.14889099412140183,0.7069024801493825,-0.09891741956950197,0.47995590561556767,0.05585093468220818,0.5073561246818393,0.4929876570180116,0.3069246348014291,0.3326085641358064,0.26904792791319965,-0.1231388094268623,0.6896539407479684,0.4022703532843494,0.5798258933876145,0.5541779049004738,0.1745456977304876,-0.05916160329413964,0.07007336078505201,-0.03929681963333724,0.21127079935092954,0.12573421393077264,0.5461244032081892,0.34899437961544233,0.3283201222301005,0.1696708300917968,0.16566498009942743,-0.032412897734356114,0.021682024146527083,0.13238117040051434,0.39931150394837156,0.24574888903650033,0.35050347766588325,0.4128644832483908,0.12933640394025683,-0.05284422368375275,0.12736408209802502,0.19959090998420062,0.7084813691748536,0.01122803282864508
Precuneus_L,0.07256808246148079,-0.01243963636122496,0.08567160317637963,0.5485802238400211,1.0,-0.07718788625317675,0.01805245939609822,-0.32613569341525556,-0.04812449169172157,0.181614812494614,0.16537756501090176,0.15093168950335653,0.37587187224945895,0.38447100288616504,-0.17440972180739645,-0.3031101566914109,-0.22287442824763018,0.4393404167273477,-0.4822493491009761,0.49602956428573536,0.03521739206227424,0.31762375130264403,0.22794821758615402,0.1612276156293237,-0.0073778180040809304,0.7991026679206623,0.22208001760455146,0.3900780013558593,0.19685787802291244,0.6753115961976934,0.7373971416524078,-0.14506736546522156,-0.1100864740189706,-0.23324453652486837,0.15800950413429907,0.1678257098209406,0.4199598766142821,0.724530205360266,0.7209212240990145,-0.13698323008399,0.051134753742426896,0.1378977957664393,0.20679395021190083,0.03362462913776955,0.32493713823402187,0.21099782654647883,0.34600738601659436,0.17646561084509824,0.9295896691792269,-0.016733368932452215,-0.2648842305403789,-0.22505682607483044,0.4420418593858873,0.33839028072705246,-0.2721431583071691
N_Acc_L,0.1748444777854569,0.4543392734730333,0.40448381760302105,0.06855804253004948,-0.07718788625317675,1.0,0.7908505881807047,0.18910841228932945,0.2249981956061852,0.654165927633999,0.4396453641518201,0.22036285673633105,0.39013421003595106,0.30977537856051746,0.6237175121740566,0.05489290963035428,0.2928243485876652,0.04954451506365343,0.3669561105960177,-0.12359454205563308,0.6649211083907774,0.5440830567537981,0.2997346612538104,0.5449558458124591,0.5479522015643016,-0.19786601890310085,0.3235992945783904,0.15192095431926295,0.5219507164526155,-0.03705066504766086,-0.2172567066892449,0.5401791812915766,0.6633153593622206,0.37568785171642904,0.5559639283437111,0.3821662813555875,0.372183043706582,-0.2428850535413325,-0.2805693675614161,0.5652641658782066,0.5815692748808726,0.5853512769765293,0.14376423277030206,0.619200839076492,0.22710631909353116,0.40914650282077486,0.26280293100731783,0.08905472172878598,-0.05002572762477647,0.7017573735195954,0.2696633715301751,0.2765871675385782,0.3487180305918584,0.44856193323277443,0.4693850106484361
Putamen_R,0.13702183608116142,0.41600070968863145,0.5617214349982236,0.12938860292857407,0.01805245939609822,0.7908505881807047,1.0,-0.07858438595847111,0.16732612156359142,0.7953354511143413,0.6462526094103758,0.20201485816251633,0.41859046228442776,0.32206161631913793,0.5494296202782837,0.019118814802451103,0.22910705321510505,0.13948281695553874,0.14222448938330137,-0.1718152166039302,0.6098498959775505,0.5842681160577953,0.3204805096583538,0.5366761449182194,0.6126615710508101,-0.16138178352001875,0.28917016330621337,0.1312026901816136,0.4285859273771248,0.0009889894823101471,-0.19054320115827614,0.37449190747249617,0.4229313623665051,0.24268506374984064,0.6735552329045011,0.4567202639757483,0.5690235780195684,-0.08492337768294698,-0.2064950340871877,0.5966280822402302,0.5899502375239681,0.7045901185095579,0.021647040829245616,0.6411916702743519,0.3776024388376283,0.49673151644900165,0.5486331486351094,0.2217945646644232,0.06243190438522752,0.6277043543601855,0.16413449086671664,0.1575656800614157,0.3814382580668508,0.4440805858891003,0.45108581246523205
Temporal_Pole_Mid_L,0.23146459196109614,-0.30662032213414514,-0.09627730600138808,-0.2656106373384839,-0.32613569341525556,0.18910841228932945,-0.07858438595847111,1.0,0.5260197895485099,-0.04642360943593784,-0.28875659143241883,-0.016350026717488475,0.22695760453923874,0.054912799470336705,0.39094447517634295,0.5633352541211022,0.4404391735429238,-0.007101989308808918,0.8046851728149149,-0.15722355673647984,0.24257329484678114,0.17453340389100389,0.0410755219511101,-0.04578573473241472,0.12248866277692146,-0.08290230093332913,0.11582751376473308,-0.15337428679097792,0.282946872053766,-0.27242556585619765,-0.057865550290052616,0.3965112870989872,0.19024635355800693,0.5478430400049976,0.16083046991423547,-0.2436668200546431,-0.008555139786253404,-0.17882498678339354,0.032640646492802045,0.31703353291796355,0.1637415056226728,0.2349403928591921,0.6922425374232479,0.344560477239806,0.2138920783136164,0.17656498422469433,-0.0012968917052803544,-0.5640653799620797,-0.28211480620103047,0.18765035628321955,0.3223146322177245,0.5439541972730234,-0.060043426084392136,0.07056044690303645,0.3500533239979956
Lingual_L,0.6867180484215314,-0.059481158197494235,0.2859134543521737,0.19704328872461152,-0.04812449169172157,0.2249981956061852,0.16732612156359142,0.5260197895485099,1.0,0.38270464048860486,0.17971854019974906,-0.13767574674875666,0.45343720310095414,0.5535326744225539,0.39973967673485894,0.3902092379142709,0.7370204831065464,0.2506415755689601,0.6616894036087062,0.06984975758524758,0.23987428310533793,0.4006448446267044,0.31276465054852665,0.2916594658407341,0.33013641644605646,-0.18616425428014338,-0.12249841421240577,0.01601909696940849,0.6671837994939711,-0.13966327854290528,0.15324757276932394,0.6638093052783359,0.12978962020773246,0.8156024306317887,0.24027765699599973,-0.05869434399993652,0.15276926575881797,0.2130942844955205,0.25672087350782824,0.4911850769902322,0.27985920607426656,0.36341310620318684,0.5011260706055208,0.6031733852562997,0.3238194990308503,0.45810362834872304,0.2223276429662095,-0.20105876548162843,-0.01681961040392755,0.27875604265634557,0.45577743475776494,0.7027450491317584,0.04871045451175894,0.35027661365022944,0.6607397882679277
Putamen_L,0.2645599142726328,0.4098150330472176,0.5818457086752498,0.32965611816105317,0.181614812494614,0.654165927633999,0.7953354511143413,-0.04642360943593784,0.38270464048860486,1.0,0.5624644587481699,-0.06998914506572308,0.6636919538757262,0.4744387266096097,0.4330485260637086,-0.012474777072319821,0.29603077220306195,0.33868760789357916,0.1907968181757759,0.021066556258414398,0.6432265623231519,0.6551206495949559,0.2590651008246413,0.5817647032987794,0.6984102333984167,-0.04506771854328005,0.14221111739134262,0.33462199973477347,0.5368318271981168,0.22197783309795965,0.033180932316030975,0.48370366493737266,0.40647148171998865,0.38265016472720703,0.7577352735244407,0.5109752730711321,0.6402886020225127,0.09402773661101849,0.007410552816875387,0.5979561581298455,0.6427098833389687,0.7698752233535284,0.1262507704106366,0.6672660488423252,0.5742235349495329,0.5502804400143066,0.632689677564762,0.17715645457684442,0.24491560210025456,0.6120597253145412,0.28414380033899345,0.2548993203920424,0.40720895387802614,0.6328742102505472,0.535627152964723
Amygdala_R,0.3221175743352482,0.3268075719610079,0.7947063230227368,0.43434411199033446,0.16537756501090176,0.4396453641518201,0.6462526094103758,-0.28875659143241883,0.17971854019974906,0.5624644587481699,1.0,0.31345222302875947,0.42394833993193703,0.4670634344523779,0.242012756320419,0.005330475322389968,0.2848944728840819,0.3789627390602655,-0.09906730812520846,0.03569482736382688,0.29934307811290406,0.45920391012106804,0.5691004325137866,0.47234155960523866,0.46596632342123545,-0.05098182621884167,0.18803016685850554,0.2536471195378108,0.4497406233847441,0.11390169494778982,0.03958639091384167,0.36754695811514465,0.25330178996643304,0.14377574190778872,0.253394739080673,0.591990647145182,0.29711990179285996,0.22125846373169278,-0.03364634737922737,0.4360805645702584,0.2965287883682792,0.3471846665378582,-0.07559092976808701,0.4411186978108068,0.13574373185596655,0.37445186201306674,0.32910477534709887,0.458567914724016,0.14329707500246017,0.26017472377942746,-0.04976146863140208,0.15350882593906562,0.20447660067386164,0.4038206909505916,0.22863867187260628
OFCant_L,0.1355274262067829,0.06245200051916855,0.25224416744594236,-0.03695732420616451,0.15093168950335653,0.22036285673633105,0.20201485816251633,-0.016350026717488475,-0.13767574674875666,-0.06998914506572308,0.31345222302875947,1.0,0.04809380991244607,0.14456979155193514,-0.0042752142719574455,-0.11345296497758657,0.10140006066456572,-0.10635467960285369,-0.1888305178153069,-0.038711205110196927,-0.1113690680165263,0.13773671029754375,0.20500806161803833,0.3459170594151918,0.11627568996860464,0.17096842803745593,0.7142092511212077,-0.17940891302428322,0.1524660947958839,-0.0841438586186063,-0.08857099349982742,0.04341871252121225,0.20805836103830852,-0.19036350902399202,0.035127068767613,0.15221632154777745,0.00010287578268200378,0.09990009549002002,-0.028830370599168327,0.017431347329550994,-0.31972483368610694,-0.009072814641341038,-0.02088262576550259,0.11441822488765185,-0.2334480252132417,0.10254299792222886,-0.07606123782087154,0.34997769325342726,0.1182075791920395,-0.1420198655562746,-0.15158529989926603,-0.12633683648977548,-0.05201721933172583,-0.1327375312184968,-0.10573399599214388
Temporal_Sup_L,0.3807172690839257,0.07642139414670292,0.45865627879274445,0.4990436690710628,0.37587187224945895,0.39013421003595106,0.41859046228442776,0.22695760453923874,0.45343720310095414,0.6636919538757262,0.42394833993193703,0.04809380991244607,1.0,0.6106000392161002,0.2960128490696663,0.1892939238775249,0.41382882511986074,0.5768526775472955,0.23203775908183333,0.25095325174234623,0.41004782344217927,0.7563794388413717,0.3384578785452784,0.5585260069798166,0.6781477587049793,0.28015143970211076,0.19842945202597242,0.509225066061173,0.652042593737759,0.46679490663091416,0.33571877942896156,0.44471584710981166,0.26118100722947685,0.3457668673907663,0.5024370027324642,0.4097051290518832,0.5715494867268618,0.36289770337515387,0.3553232072430686,0.6546080807216657,0.47975188482853975,0.6351426205563299,0.3845688986968971,0.4947916520003173,0.5609545015928312,0.5959674058410928,0.5516635252883063,0.13410917608278597,0.3671491420669271,0.39792402474231064,0.12830659703292346,0.31569707708622186,0.36104153906076153,0.7407516928910672,0.33557232381587465
Cingulate_Post_R,0.6016492087422572,0.12699051005160977,0.3426729904257079,0.609853655839717,0.38447100288616504,0.30977537856051746,0.32206161631913793,0.054912799470336705,0.5535326744225539,0.4744387266096097,0.4670634344523779,0.14456979155193514,0.6106000392161002,1.0,0.22857842433597103,-0.008285690173473186,0.4919286290551484,0.4979769927625384,0.15411121633381947,0.34573818318591387,0.20277591091042255,0.7071406319931253,0.6548880858671536,0.5870354538229761,0.4288719578059346,0.01622937002538579,0.1150805375281502,0.3685600180839526,0.6855582080340555,0.2660581642744568,0.33632299194824905,0.462450998392928,0.20244505449944988,0.4230807516290655,0.25621381998868953,0.16497581366296804,0.26101338394689355,0.5637875242483844,0.3540244366544154,0.4794213443985709,0.22781910783450887,0.42232802606582703,0.20627588244614375,0.37809489514768296,0.18442539725761342,0.6869461122046926,0.3264173416833054,0.25033408905518406,0.34885699794514513,0.22217029748047712,0.1984983457845045,0.4180218970795434,0.16057264684207623,0.5935724115129846,0.30653734108372155
Vermis_10,0.20671697210260362,0.1355849980265063,0.3040373852080999,0.05317201675518246,-0.17440972180739645,0.6237175121740566,0.5494296202782837,0.39094447517634295,0.39973967673485894,0.4330485260637086,0.242012756320419,-0.0042752142719574455,0.2960128490696663,0.22857842433597103,1.0,0.2745567482853136,0.40401701703661336,0.0249206412286681,0.6759852399772425,-0.07776930223377077,0.7349574354879174,0.44940739894696635,0.39923716624004135,0.3643698569390707,0.442809203421147,-0.23119230490193438,-0.03895042933157053,0.05373073689021767,0.43401911558051465,-0.12876010309799835,-0.01686599712838382,0.3781335141256802,0.32276794255230007,0.511587252772913,0.4426400510822942,0.12635648756920528,0.20895800155553235,-0.12301934628591472,-0.07416154892868913,0.5984985162704431,0.6039587006384723,0.46961935005247674,0.40813087898995926,0.5393326477238314,0.3094765316935548,0.41298449431638656,0.16959926425335134,-0.1807144988909508,-0.17848416866552527,0.7898188910364902,0.5124450388094829,0.35215231843688355,0.29439662976717446,0.41749448015558377,0.6539203787980732
Cerebellum_Crus2_L,0.15033105253087425,-0.5123834184339979,0.13392609972396274,-0.04124569142989379,-0.3031101566914109,0.05489290963035428,0.019118814802451103,0.5633352541211022,0.3902092379142709,-0.012474777072319821,0.005330475322389968,-0.11345296497758657,0.1892939238775249,-0.008285690173473186,0.2745567482853136,1.0,0.4149416512430641,0.18073120460118766,0.5279844067387838,-0.17749059822754337,0.08082625870650954,0.12516813117549855,0.04370857150367485,-0.19205979247714214,0.19391320359875003,-0.08248846732047262,-0.19524191109218803,-0.0283243100630561,0.23687523522356377,-0.23928439095812162,-0.09876837534324114,0.22212297280294022,-0.06630043056222179,0.42227486100609235,-0.00749366088060701,-0.03743600571663899,-0.005524203459669322,-0.13048905285994492,-0.024658901836363822,0.3980648292833933,0.18428845759924808,0.17536290967800408,0.3829337446508938,0.1992964774810258,0.20229119782946545,3.568083459273319e-05,0.06973644443840292,-0.29972008890706753,-0.3056735764656315,-0.028845067832153307,0.22115120034219096,0.23202140577478605,-0.0017233552607550037,0.1356218401880613,0.2098253357019227
Temporal_Inf_L,0.4072586852245049,0.011592393253381173,0.43861195718527185,0.14889099412140183,-0.22287442824763018,0.2928243485876652,0.22910705321510505,0.4404391735429238,0.7370204831065464,0.29603077220306195,0.2848944728840819,0.10140006066456572,0.41382882511986074,0.4919286290551484,0.40401701703661336,0.4149416512430641,1.0,0.25340062156463766,0.6342947746648032,-0.08111657103210668,0.20732811399088485,0.4434470595503243,0.23708528553842098,0.42185056419093925,0.5220797918514948,-0.29653822400749436,-0.0685528882614787,-0.2082593600514291,0.44288545836729076,-0.40887084941027557,-0.08732106194363229,0.596058094256826,0.3476097885322433,0.8084834966639691,0.19900497018227778,0.04884461940163759,-0.06551389618284374,0.1617887213107632,0.14324124384148368,0.5788744644098033,0.15161376584072486,0.3250493058788327,0.1714998340540928,0.5580568616003051,0.10393745902871812,0.3834433692682043,0.05157959444950549,0.11488663609060015,-0.20844146272186587,0.16981889833987354,0.5466915188141447,0.60537303789122,0.010648639770953658,0.2819331781153181,0.6169038539581603
Precentral_R,0.21898814550955426,-0.03931621831333797,0.30972322397389,0.7069024801493825,0.4393404167273477,0.04954451506365343,0.13948281695553874,-0.007101989308808918,0.2506415755689601,0.33868760789357916,0.3789627390602655,-0.10635467960285369,0.5768526775472955,0.4979769927625384,0.0249206412286681,0.18073120460118766,0.25340062156463766,1.0,0.0021768980803021343,0.42582900230446574,0.09473838517529107,0.56423717091021,0.310413402137606,0.24075619370062715,0.45214846658997215,0.42127765442764176,-0.16312558233474905,0.6121514912808872,0.37145930404958416,0.4425861511927957,0.3878836244939265,0.19486247368886037,0.014944256510646256,0.16565153850695896,0.14656140425569536,0.3093268583221096,0.31129862218569615,0.5686749171007848,0.4289111298466395,0.38588983975510505,0.3134565816379069,0.3573692942415108,0.16384520434786348,0.11125234332318198,0.3771720702940956,0.3776092656524647,0.4387213596296708,0.25954222372924507,0.3496673387968891,0.08322569070175065,-0.03287235958575924,0.14136219678558357,0.3209217255283805,0.6869876002704196,-0.056318304680628616
Cerebellum_8_R,0.29820374683063805,-0.057777358888993796,0.08701412069103258,-0.09891741956950197,-0.4822493491009761,0.3669561105960177,0.14222448938330137,0.8046851728149149,0.6616894036087062,0.1907968181757759,-0.09906730812520846,-0.1888305178153069,0.23203775908183333,0.15411121633381947,0.6759852399772425,0.5279844067387838,0.6342947746648032,0.0021768980803021343,1.0,-0.16098167586182638,0.39600726770016137,0.28563285942575634,0.14633922585719406,0.14059882633057108,0.29090436505080175,-0.41942427250955383,-0.18053876236497543,-0.08975772102538256,0.34188420801642905,-0.33525736699000863,-0.10679512039068231,0.5283146212327873,0.28941754311326723,0.772168313403238,0.17838426384461384,-0.15332274118926342,-0.0472517672355001,-0.24439217466386498,-0.09780853697115666,0.5404708225054048,0.3790883856598051,0.277261785147057,0.46522129128364054,0.46442616478506066,0.1936467568489538,0.28068662835494046,-0.01391202127163006,-0.39441690232260707,-0.4526337256896261,0.4434373174070258,0.6366525038354538,0.6598114797868225,-0.054021431468300504,0.2592429595085466,0.6995995931525739
Paracentral_Lobule_R,0.2577472468579514,-0.09297466109023042,0.02034883815930294,0.47995590561556767,0.49602956428573536,-0.12359454205563308,-0.1718152166039302,-0.15722355673647984,0.06984975758524758,0.021066556258414398,0.03569482736382688,-0.038711205110196927,0.25095325174234623,0.34573818318591387,-0.07776930223377077,-0.17749059822754337,-0.08111657103210668,0.42582900230446574,-0.16098167586182638,1.0,-0.10266501023189875,0.2508088706989565,0.14499494711818933,0.14340128443743305,-0.05889054449965284,0.37925027992159954,-0.1274355879077998,0.44602537164976686,0.2707560948782543,0.5452271772558579,0.62286106008544,0.04174570949746887,-0.2375104072797087,-0.1355311266671579,-0.08967128411315087,0.07046750985400144,0.1422637133373053,0.6024789747448482,0.45966922574518626,0.023619407917632174,0.07471686348129976,0.04270277183827397,0.1773123664855835,-0.17146541696286194,0.02400517983787687,0.33240658590403716,0.10574145978401693,0.055477706337709355,0.3292822509824365,0.08159021196616038,0.001243961532746466,-0.20277741477942662,0.06979424841830942,0.3231979227238022,-0.18181707308053252
Olfactory_R,0.07870977974279039,0.3272827428962427,0.3917407433668728,0.05585093468220818,0.03521739206227424,0.6649211083907774,0.6098498959775505,0.24257329484678114,0.23987428310533793,0.6432265623231519,0.29934307811290406,-0.1113690680165263,0.41004782344217927,0.20277591091042255,0.7349574354879174,0.08082625870650954,0.20732811399088485,0.09473838517529107,0.39600726770016137,-0.10266501023189875,1.0,0.4622855405107915,0.2637680310570451,0.34682344687697975,0.47165880871762045,-0.01592445038237746,0.11891132345647332,0.12145664876696584,0.3703865127615456,0.044530305774477016,-0.00586465856159557,0.3567207177069376,0.41233985885071817,0.3476322676330358,0.6961027607136343,0.3104169921116761,0.3818717179271601,-0.08418943858384528,0.007089445221320989,0.44979685907874495,0.6537745325066201,0.6702304631737199,0.351237263632382,0.5921113660982581,0.48405261852806175,0.34817345543962486,0.33868733739669327,-0.08353576857489993,0.08558730616885517,0.7974774163967308,0.31092570734921343,0.24402043395123926,0.4499914052182683,0.4562018319096545,0.5701690676690518
Frontal_Sup_Medial_L,0.33861031523749585,0.1718522735993116,0.4325864131549892,0.5073561246818393,0.31762375130264403,0.5440830567537981,0.5842681160577953,0.17453340389100389,0.4006448446267044,0.6551206495949559,0.45920391012106804,0.13773671029754375,0.7563794388413717,0.7071406319931253,0.44940739894696635,0.12516813117549855,0.4434470595503243,0.56423717091021,0.28563285942575634,0.2508088706989565,0.4622855405107915,1.0,0.4248147363628641,0.5793860556274804,0.6498580198594591,0.10178196973361073,0.19670161726396973,0.41109856244195114,0.6273932396389935,0.2874039008523548,0.25285972934711454,0.44786567782394876,0.32874405373846893,0.36151957650403765,0.5692958409687943,0.36197697413740626,0.4563795610591303,0.3445255060480653,0.25676201189554626,0.7018908908098445,0.4755562641790894,0.7167074848239688,0.21485587605865245,0.460216974153222,0.3969747416504285,0.7290958835165117,0.46808305515025594,0.15566422025870033,0.27362104658850694,0.5013536078324478,0.2780352547318401,0.27502449554474556,0.391273962300191,0.8280102901219185,0.3513350821868973
VTA_R,0.46406285663308444,0.03984812192761115,0.29241784036839497,0.4929876570180116,0.22794821758615402,0.2997346612538104,0.3204805096583538,0.0410755219511101,0.31276465054852665,0.2590651008246413,0.5691004325137866,0.20500806161803833,0.3384578785452784,0.6548880858671536,0.39923716624004135,0.04370857150367485,0.23708528553842098,0.310413402137606,0.14633922585719406,0.14499494711818933,0.2637680310570451,0.4248147363628641,1.0,0.3161402973773659,0.20917553561151586,-0.013146273521643966,0.0870777870117404,0.3254562441481337,0.5184027801253938,0.19644994938198126,0.28435571467317994,0.2471175070514541,0.024607558217657033,0.22203817473292073,0.058799825740068264,0.17727582869953645,0.15046391457436106,0.31296974985298065,0.1768824987006514,0.34308319212293353,0.26112028736641885,0.23104031539091688,0.30752421029407917,0.25726498505376383,0.08038721580991817,0.4764271390797384,0.17666219864073834,0.07363580658119305,0.1788717459843032,0.28369541800633385,-0.026462627348840084,0.4087052869001679,0.1283904910695797,0.37000856603387017,0.1836612411441495
Frontal_Inf_Orb_2_L,0.36130551579825504,0.4259950920452887,0.4605028682807404,0.3069246348014291,0.1612276156293237,0.5449558458124591,0.5366761449182194,-0.04578573473241472,0.2916594658407341,0.5817647032987794,0.47234155960523866,0.3459170594151918,0.5585260069798166,0.5870354538229761,0.3643698569390707,-0.19205979247714214,0.42185056419093925,0.24075619370062715,0.14059882633057108,0.14340128443743305,0.34682344687697975,0.5793860556274804,0.3161402973773659,1.0,0.6594411569941172,-0.05040778428847733,0.34679315489329815,0.21730334827390338,0.5031430743608964,0.13158736141077473,0.01733902806969424,0.40496310909498484,0.38500325540833963,0.29825935136809206,0.3656539473394497,0.33918769652696695,0.23807262735558732,0.19417507746609602,0.05151167618887373,0.5539797789395507,0.28914562940056465,0.43867951693239915,0.010692241589501104,0.40845393228430016,0.0444227980317274,0.6361265792721047,0.18912881731560058,0.5321255799416977,0.1514050628163014,0.44035890725325344,0.279004862425185,0.2174158823192893,0.10397419622020419,0.4339217372977526,0.39160980565531617
Rolandic_Oper_L,0.27228592898387943,0.2137092172609594,0.5151500111976681,0.3326085641358064,-0.0073778180040809304,0.5479522015643016,0.6126615710508101,0.12248866277692146,0.33013641644605646,0.6984102333984167,0.46596632342123545,0.11627568996860464,0.6781477587049793,0.4288719578059346,0.442809203421147,0.19391320359875003,0.5220797918514948,0.45214846658997215,0.29090436505080175,-0.05889054449965284,0.47165880871762045,0.6498580198594591,0.20917553561151586,0.6594411569941172,1.0,-0.058233892678027706,0.18052523099055162,0.30157557561481807,0.526141977455924,0.08074777341396902,-0.18768232049489475,0.4610110786633454,0.39561147384776946,0.4034021704102141,0.5119538923197214,0.38610090208915904,0.29287973792589955,0.04346936044866516,-0.08183246247384235,0.7391830653681075,0.455773412259974,0.6343533586530052,0.04648232599796045,0.4852027012298791,0.3271735739523115,0.5078670175476162,0.37589568058905504,0.3092299561109483,0.03383973264806685,0.4224636019317491,0.26947424664947955,0.26642146280496887,0.30915438820748137,0.6197373344175979,0.4324816612148809
Parietal_Inf_R,-0.13122576918000659,-0.25027265616705885,-0.013980138288015897,0.26904792791319965,0.7991026679206623,-0.19786601890310085,-0.16138178352001875,-0.08290230093332913,-0.18616425428014338,-0.04506771854328005,-0.05098182621884167,0.17096842803745593,0.28015143970211076,0.01622937002538579,-0.23119230490193438,-0.08248846732047262,-0.29653822400749436,0.42127765442764176,-0.41942427250955383,0.37925027992159954,-0.01592445038237746,0.10178196973361073,-0.013146273521643966,-0.05040778428847733,-0.058233892678027706,1.0,0.25273990640629457,0.25560338604727595,0.0034538261643765377,0.5436708298941568,0.5772226620342082,-0.295013777728686,-0.17397956620525307,-0.35291132733868075,0.12283355782697303,0.1404755375528358,0.3846033324330968,0.5366508161275962,0.6589819092683695,-0.23381674057203874,0.008810069283141212,0.0936998736578853,0.35523740311858604,-0.0824995204778873,0.3732751834998341,-0.012809469976928443,0.2998152658798032,0.01682492538452263,0.758391903663266,-0.14369520441103772,-0.35208907316179106,-0.33740282294139573,0.42732370316316753,0.1335203154040938,-0.4442439514416266
Frontal_Med_Orb_R,0.09936992656266017,0.18874623680666516,0.13010583236622278,-0.1231388094268623,0.22208001760455146,0.3235992945783904,0.28917016330621337,0.11582751376473308,-0.12249841421240577,0.14221111739134262,0.18803016685850554,0.7142092511212077,0.19842945202597242,0.1150805375281502,-0.03895042933157053,-0.19524191109218803,-0.0685528882614787,-0.16312558233474905,-0.18053876236497543,-0.1274355879077998,0.11891132345647332,0.19670161726396973,0.0870777870117404,0.34679315489329815,0.18052523099055162,0.25273990640629457,1.0,-0.1130167359861685,0.1967482518798483,0.0343883479961512,-0.10598916141811245,0.09433618492797916,0.28062418741036776,-0.1905018882730315,0.3035954972373937,0.22890400786668594,0.13945168008806386,-0.027757478452583466,-0.050978550007686474,-0.034665855325789786,-0.15593193137589054,0.2003208209050443,0.11290660379124756,0.21479379996376166,-0.07872286436999484,0.15710743581663383,0.01636827187050445,0.09522787409811245,0.2763128412823393,0.07098750148481717,-0.22637966422280845,-0.05133673079157789,0.02730514292597839,-0.0792696879381824,-0.07151974360343315
Precentral_L,0.31712540024954283,0.08364935051732264,0.06131282163651945,0.6896539407479684,0.3900780013558593,0.15192095431926295,0.1312026901816136,-0.15337428679097792,0.01601909696940849,0.33462199973477347,0.2536471195378108,-0.17940891302428322,0.509225066061173,0.3685600180839526,0.05373073689021767,-0.0283243100630561,-0.2082593600514291,0.6121514912808872,-0.08975772102538256,0.44602537164976686,0.12145664876696584,0.41109856244195114,0.3254562441481337,0.21730334827390338,0.30157557561481807,0.25560338604727595,-0.1130167359861685,1.0,0.42532734619911516,0.8378749052147711,0.3714863172239042,0.14912923185633714,-0.06429339266664685,-0.11276473712596408,0.02233478397477375,0.271265118998726,0.34119292618409186,0.2257096984446579,0.08631945629177847,0.3598848883059941,0.3660801542453837,0.22000870807001657,0.09543609828108966,-0.06619097023884797,0.24733478577641027,0.3335965605720647,0.35320744979307284,0.17893722418836838,0.284516810823187,0.25906548413802305,-0.21908200472385617,-0.00802374935192058,0.17803241778839715,0.7240602107741331,-0.05006445988817446
Vermis_4_5,0.7782065451304825,0.07933612308403462,0.4074049918629082,0.4022703532843494,0.19685787802291244,0.5219507164526155,0.4285859273771248,0.282946872053766,0.6671837994939711,0.5368318271981168,0.4497406233847441,0.1524660947958839,0.652042593737759,0.6855582080340555,0.43401911558051465,0.23687523522356377,0.44288545836729076,0.37145930404958416,0.34188420801642905,0.2707560948782543,0.3703865127615456,0.6273932396389935,0.5184027801253938,0.5031430743608964,0.526141977455924,0.0034538261643765377,0.1967482518798483,0.42532734619911516,1.0,0.26208498580197676,0.16253038892999164,0.7021461232090183,0.2066765688029438,0.5052433534570699,0.318781859260485,0.2688829944134053,0.34433025342072676,0.2441036784886946,0.11607166571822876,0.5766672984637068,0.367299855785632,0.5280844483535362,0.4591705598613684,0.5536818102974106,0.2600274482338891,0.6083627167165321,0.3212653899529029,0.011308502493295597,0.1693060808054935,0.4488507432609908,0.2034188944973806,0.3800097801113639,0.2045503410045889,0.5777415979705726,0.44020850518513777
Postcentral_L,0.1652335668713519,0.04926894031082496,-0.009740996627422841,0.5798258933876145,0.6753115961976934,-0.03705066504766086,0.0009889894823101471,-0.27242556585619765,-0.13966327854290528,0.22197783309795965,0.11390169494778982,-0.0841438586186063,0.46679490663091416,0.2660581642744568,-0.12876010309799835,-0.23928439095812162,-0.40887084941027557,0.4425861511927957,-0.33525736699000863,0.5452271772558579,0.044530305774477016,0.2874039008523548,0.19644994938198126,0.13158736141077473,0.08074777341396902,0.5436708298941568,0.0343883479961512,0.8378749052147711,0.26208498580197676,1.0,0.5799506318305804,-0.08093479447311591,-0.18013365928903688,-0.30527428026711,0.05722231990554439,0.25775808979372705,0.44595937399854324,0.44296412530904977,0.376525663161803,0.08097593379041741,0.22814519827839086,0.1578217512086082,0.15095998550272594,-0.10110749850212888,0.29909716970646066,0.26346574475570733,0.3822976103896292,0.1415951377277922,0.5964536124781095,0.13420668358108653,-0.3030019477483398,-0.22203923572475437,0.23601857475900126,0.5160125058525743,-0.18652827483387266
Angular_L,0.13722074417827174,-0.19858170605808526,0.0037347948134239368,0.5541779049004738,0.7373971416524078,-0.2172567066892449,-0.19054320115827614,-0.057865550290052616,0.15324757276932394,0.033180932316030975,0.03958639091384167,-0.08857099349982742,0.33571877942896156,0.33632299194824905,-0.01686599712838382,-0.09876837534324114,-0.08732106194363229,0.3878836244939265,-0.10679512039068231,0.62286106008544,-0.00586465856159557,0.25285972934711454,0.28435571467317994,0.01733902806969424,-0.18768232049489475,0.5772226620342082,-0.10598916141811245,0.3714863172239042,0.16253038892999164,0.5799506318305804,1.0,-0.13340902714856384,-0.2956226690394718,-0.039950338071033396,-0.04922579921042607,-0.021615110011714112,0.21151728448328855,0.6882842781382519,0.7455282490218441,-0.010643046924232928,0.08337630800751172,0.004556695696568353,0.3671273672827568,-0.05750561286201641,0.2512422919746902,0.24766534212559432,0.19792952779064385,-0.06844209892286075,0.6167730606255469,0.03403222299971691,-0.0647208885237052,-0.019375863645541683,0.18572083225039707,0.3440281115409312,-0.11266013022923749
Cerebellum_3_L,0.6648366326571231,0.28231704344247643,0.4351452809069675,0.1745456977304876,-0.14506736546522156,0.5401791812915766,0.37449190747249617,0.3965112870989872,0.6638093052783359,0.48370366493737266,0.36754695811514465,0.04341871252121225,0.44471584710981166,0.462450998392928,0.3781335141256802,0.22212297280294022,0.596058094256826,0.19486247368886037,0.5283146212327873,0.04174570949746887,0.3567207177069376,0.44786567782394876,0.2471175070514541,0.40496310909498484,0.4610110786633454,-0.295013777728686,0.09433618492797916,0.14912923185633714,0.7021461232090183,-0.08093479447311591,-0.13340902714856384,1.0,0.5117145470039624,0.6620521092890438,0.3017926262609019,0.22166003552383148,0.14902380072853433,-0.07767932976502445,-0.14310212498946728,0.49104985106850246,0.29789979661234917,0.412283251350562,0.2729945416519344,0.6588992797285609,0.17698781777850764,0.36909468005985957,0.16065398884920162,-0.013353093554935977,-0.1569967860814779,0.40233682934375903,0.3489267020538093,0.521864287863974,0.1046967651391025,0.41239233878416737,0.5929975082281145
SN_pr_R,-0.06709990469261717,0.48567167152462937,0.3161923972031532,-0.05916160329413964,-0.1100864740189706,0.6633153593622206,0.4229313623665051,0.19024635355800693,0.12978962020773246,0.40647148171998865,0.25330178996643304,0.20805836103830852,0.26118100722947685,0.20244505449944988,0.32276794255230007,-0.06630043056222179,0.3476097885322433,0.014944256510646256,0.28941754311326723,-0.2375104072797087,0.41233985885071817,0.32874405373846893,0.024607558217657033,0.38500325540833963,0.39561147384776946,-0.17397956620525307,0.28062418741036776,-0.06429339266664685,0.2066765688029438,-0.18013365928903688,-0.2956226690394718,0.5117145470039624,1.0,0.3897762952898517,0.4450083217047356,0.33683161908709675,0.12741481578830408,-0.2184810111912301,-0.24204075198631608,0.29615748503471756,0.32328656349189666,0.27923456385783135,-0.02864093582036136,0.5211851213967144,0.14458703261705316,0.04846594289126776,0.043477118305814653,0.12217021657434804,-0.041344795988400705,0.3609311371125551,0.3113319959775171,0.30593492434504577,0.3395837896451091,0.27024652436245844,0.3536203972451297
Cerebellum_6_L,0.40746435420201205,0.09088541346916891,0.31191508614172625,0.07007336078505201,-0.23324453652486837,0.37568785171642904,0.24268506374984064,0.5478430400049976,0.8156024306317887,0.38265016472720703,0.14377574190778872,-0.19036350902399202,0.3457668673907663,0.4230807516290655,0.511587252772913,0.42227486100609235,0.8084834966639691,0.16565153850695896,0.772168313403238,-0.1355311266671579,0.3476322676330358,0.36151957650403765,0.22203817473292073,0.29825935136809206,0.4034021704102141,-0.35291132733868075,-0.1905018882730315,-0.11276473712596408,0.5052433534570699,-0.30527428026711,-0.039950338071033396,0.6620521092890438,0.3897762952898517,1.0,0.2584127267998322,-0.003248517675279954,0.013831507799146579,0.05656728002004167,0.09773069400432687,0.5279881797134826,0.3103144112281646,0.3493688836959097,0.35073435022911903,0.6948962939511961,0.22942278286790127,0.33096013997210205,0.07914395334887882,-0.1303445821346672,-0.17490667229345036,0.3314191774639203,0.616749179349191,0.7110867652030849,0.05089600881426252,0.3033886390205955,0.7348211993438534
ACC_pre_L,0.010097672938730425,0.26160484529688494,0.4070785058170066,-0.03929681963333724,0.15800950413429907,0.5559639283437111,0.6735552329045011,0.16083046991423547,0.24027765699599973,0.7577352735244407,0.253394739080673,0.035127068767613,0.5024370027324642,0.25621381998868953,0.4426400510822942,-0.00749366088060701,0.19900497018227778,0.14656140425569536,0.17838426384461384,-0.08967128411315087,0.6961027607136343,0.5692958409687943,0.058799825740068264,0.3656539473394497,0.5119538923197214,0.12283355782697303,0.3035954972373937,0.02233478397477375,0.318781859260485,0.05722231990554439,-0.04922579921042607,0.3017926262609019,0.4450083217047356,0.2584127267998322,1.0,0.4247282240595916,0.6679282685313577,0.05990797102254982,0.10720933628994597,0.41895329161527617,0.5315298082252947,0.856183471375595,0.27874990002542877,0.6363727515337273,0.6935948301327226,0.39740845185422635,0.6545253253531522,-0.07946656409214241,0.27044984554432355,0.5718438164511019,0.2652521906776418,0.12232880026101474,0.5180197295479917,0.4232881081762242,0.4373428051823322
OFCmed_R,0.039612516884774185,0.36394951961032856,0.6471863764803969,0.21127079935092954,0.1678257098209406,0.3821662813555875,0.4567202639757483,-0.2436668200546431,-0.05869434399993652,0.5109752730711321,0.591990647145182,0.15221632154777745,0.4097051290518832,0.16497581366296804,0.12635648756920528,-0.03743600571663899,0.04884461940163759,0.3093268583221096,-0.15332274118926342,0.07046750985400144,0.3104169921116761,0.36197697413740626,0.17727582869953645,0.33918769652696695,0.38610090208915904,0.1404755375528358,0.22890400786668594,0.271265118998726,0.2688829944134053,0.25775808979372705,-0.021615110011714112,0.22166003552383148,0.33683161908709675,-0.003248517675279954,0.4247282240595916,1.0,0.3812073271413254,0.07332558423437022,-0.03373611000751399,0.25012138206643003,0.3452177609593788,0.42188303338832717,-0.09132205670235392,0.32870729249169656,0.2312428261550346,0.18345666687651285,0.266756124393057,0.304497211533948,0.1632858021887428,0.287812358513252,-0.020066084324388028,-0.15391803919837402,0.3116971504101045,0.3406721514208895,0.1315998308089885
