,SN_pr_L,Thal_MDl_R,OFCpost_R,Temporal_Sup_R,OFClat_L,Heschl_R,Cuneus_L,Occipital_Inf_R,Temporal_Inf_R,Red_N_L,Vermis_8,Thal_AV_L,Thal_MGN_L,Paracentral_Lobule_R,Vermis_9,Amygdala_R,Temporal_Sup_L,ACC_sup_R,Thal_MDm_L,Precentral_L,LC_R,Frontal_Inf_Orb_2_R,Insula_L,Postcentral_L,Vermis_7,Hippocampus_R,Cerebellum_10_R,Parietal_Sup_L,Precuneus_L,SupraMarginal_R,Vermis_6,Thal_PuL_R,Occipital_Sup_R,ParaHippocampal_L,Supp_Motor_Area_L,SN_pc_R,Cerebellum_Crus1_R,Thal_AV_R,Amygdala_L,Frontal_Mid_2_R,Frontal_Sup_2_L,Thal_VL_L,Temporal_Inf_L,Vermis_1_2,Rolandic_Oper_R,Occipital_Sup_L,Thal_VA_L,Caudate_L,Parietal_Inf_R,Thal_IL_L,Thal_VPL_R,Frontal_Sup_Medial_L,SN_pc_L,Frontal_Med_Orb_R,Pallidum_L,Rectus_L,Cerebellum_6_R,Thal_IL_R,Postcentral_R,Cerebellum_9_L,Lingual_L,SN_pr_R,Thal_LP_L,LC_L,Rectus_R,Frontal_Inf_Oper_R,Fusiform_L,ACC_sup_L,Olfactory_L,Thal_MGN_R
SN_pr_L,1.0,-0.229757757054403,0.3524756700243714,0.37220021080932064,0.13896786000148215,0.03867767685978561,-0.07804050195989887,0.005741052322312,0.46968467514835865,0.38832112814928993,0.3224197369323337,0.1445832232629641,0.3514141981238018,-0.2738878011766738,0.17838378620358167,0.2730532904279514,0.12702460229199572,0.08027480312761467,0.4190456526955966,-0.14829375012201798,0.25546205312712295,0.4577171807920432,0.3543177447855198,-0.2260079146307048,0.11981748653288461,0.6391066421083067,0.5374611469066911,0.19211622653328023,-0.17668985085385328,-0.2800183705844339,0.3967518343229732,0.2726957411561137,-0.3198790452698007,0.5478983002467606,-0.17586039157401628,0.08399963202226035,0.06115096161809908,0.4832805090777342,0.6043790887205848,0.11798164344592192,0.14128956159232464,0.371841592190748,0.2269837981773007,-0.15889781604324205,0.5350919261573973,-0.30198330514514854,0.5726202025277347,0.4293613154698177,-0.28113725809599033,0.6477200733028778,0.3202534028599448,0.2386017372236174,0.8806146062115103,0.23432879091847372,0.643833981328826,0.22923808317409491,0.3778024915938219,0.7136723224310538,-0.14881227422035256,0.17968073923525876,0.07585585484953877,0.6683069891359116,0.2593166062301294,0.6300848666485991,0.5773034945699709,0.2552998370790282,0.3750688975966656,0.10387487901690337,0.6450334241369403,0.35969524224499216
Thal_MDl_R,-0.229757757054403,1.0,0.17087282247539376,0.4887585167639014,-0.2935663851285321,0.3372065469372505,0.35085904297527165,0.47728265650609975,0.2748157156751494,0.35345272911073455,0.21653424483827483,0.6851547500757769,0.5680012812519009,0.3157622026684154,0.44072604868654475,0.06214051128550001,0.4147026115468937,0.38288376597638246,0.5593729710621834,0.1822992624641876,0.002456442079428215,-0.030417744649024053,0.3424296485697682,0.270367370497276,0.21786287543189936,0.2580869523742711,0.09376072528722494,0.13972640316395973,0.3510887958099459,0.558394870821585,0.19854371029690798,0.2576155549726626,0.640954311234464,0.12506989743122024,0.26694909919944987,-0.06934920205436723,0.2778943852825879,0.4515212963848708,-0.11436024833559397,0.2927140489431241,0.3550437898442473,0.4437098003940841,0.2118430308755259,0.6221094440598088,0.12413295022381064,0.5300172402024894,-0.20366403790506715,0.26179039616907324,0.3240324255087601,0.27022908013853103,0.5780644234454654,0.3050783175863993,-0.22497971924838744,-0.30116713978535764,0.22681969014366843,0.06628011452274163,0.22776086515993796,0.0795664909239841,0.4438592633316546,0.30324312868421593,0.47640156843969045,-0.28810579330815833,0.2976079504644564,-0.3639844642344808,-0.33085307503284206,0.47162089934489476,0.32703884993874116,0.5186703608559967,-0.20096830328460671,-0.27767383230704595
OFCpost_R,0.3524756700243714,0.17087282247539376,1.0,0.6138191246586144,0.35945105301066904,0.5305893094019556,0.11301258181629455,0.07380163193520536,0.40365602810723644,0.5686079080582725,0.23475439405244133,0.3319903379155473,0.37633364801950286,0.02034883815930294,0.1816267814573259,0.7947063230227368,0.45865627879274445,0.3564042909102694,0.29735445326961796,0.06131282163651945,0.33073051708448337,0.34118992660286396,0.5771118328734737,-0.009740996627422841,0.11521067646087883,0.6737779897799631,0.23810456896795842,0.03725433890220184,0.08567160317637963,0.22680781794019209,0.22373768843405034,0.4880834985016967,0.03209048761539468,0.6728581094758002,0.27138298878050815,0.38395966177259777,0.14554794211340402,0.40606517681525306,0.4404567629702882,0.40795981653324553,0.3522886352694923,0.41611422221148786,0.43861195718527185,0.03667204861686024,0.5736975620774052,0.021809255640128335,0.40170145602247137,0.4462919907268727,-0.013980138288015897,0.4237764544987826,0.24059752573323415,0.4325864131549892,0.37722101920490825,0.13010583236622278,0.4817143902876019,0.5975264933255525,0.37770871144678947,0.2009178000302837,0.2890842406091976,0.12374927414789832,0.2859134543521737,0.3161923972031532,0.26473468389847676,0.22355166196316298,0.5779694466557912,0.5004876452824252,0.4746927135853707,0.3795706007577622,0.4415620793771272,0.33277377078655135
Temporal_Sup_R,0.37220021080932064,0.4887585167639014,0.6138191246586144,1.0,0.10321244967992702,0.6408962238500457,0.3970606157855121,0.20733194859125523,0.5096119802772566,0.5698559708472715,0.21818470715490418,0.6521515036738645,0.6500806924563707,0.0935304786727588,0.3599787567042638,0.5329201400769883,0.7156554746626187,0.5900764164550752,0.6530005587028804,0.27151315070269477,0.3646437612626636,0.23337174474584177,0.8417731448428877,0.25944819690500004,0.20487303352032984,0.7462435326124442,0.42938657698231797,0.07927498186432762,0.31481885878807,0.4785609129796747,0.21792150294484575,0.5421308381090625,0.28062823808921944,0.5548637822078595,0.35498232300182214,0.2364044213600409,0.15735804484403726,0.6878733251746302,0.37576470224700825,0.5671594381744673,0.5720398740153934,0.7014080810469624,0.34020178252528815,0.26999238697132427,0.803234530938709,0.1348658594817593,0.4058932036762746,0.5902077063544694,0.15184042215494264,0.6754894933910219,0.5384331747700933,0.6318330627141309,0.40842077009017774,0.15730102362039652,0.6285823209146875,0.30641998135081105,0.40715522215786615,0.41134914844812454,0.507573228612552,0.20384181401576437,0.4422469626942157,0.1731864201662541,0.41837588248158847,0.17418763800371884,0.37793466430261774,0.7833555555983807,0.5605368598764741,0.6485649927933117,0.40551910455586915,0.28404952075073947
OFClat_L,0.13896786000148215,-0.2935663851285321,0.35945105301066904,0.10321244967992702,1.0,0.3615256368058389,0.11844454703442965,-0.4870698431413819,-0.09646376579347704,0.16741463205990254,-0.12754814383918256,-0.02556351913311473,-0.31393561338252035,0.055477706337709355,-0.36885776121767805,0.458567914724016,0.13410917608278597,0.1474408474378113,-0.2283749373673745,0.17893722418836838,0.3956680198187795,0.07784886281347216,0.14550716119741366,0.1415951377277922,-0.19627747714928512,0.15954924294083295,-0.13908918780046947,-0.06981163086745426,0.17646561084509824,0.16849923443803574,-0.26804843454061905,0.15821913669440418,-0.023661027568471073,0.22869164647798337,0.35050347766588325,0.4718403782982724,-0.3089994935018372,-0.027168656564883247,0.2816217034852818,0.2678639688843445,0.15195799648007322,0.02681877075794568,0.11488663609060015,-0.5426319413015901,0.19588144726205473,-0.035059927595246294,0.28694202626321713,0.09424643101744348,0.01682492538452263,0.024759025090863744,-0.3496656034449833,0.15566422025870033,0.21458174638526867,0.09522787409811245,-0.018850574550303357,0.31033805895906724,-0.15171430681715392,-0.15305389295460267,0.2597331383118326,-0.4004689094629498,-0.20105876548162843,0.12217021657434804,-0.06760836185758125,0.36552795440398006,0.4024477733645676,0.18368869089383125,0.020592885835005632,0.14116073492229678,0.2303926216341738,0.4824205092068295
Heschl_R,0.03867767685978561,0.3372065469372505,0.5305893094019556,0.6408962238500457,0.3615256368058389,1.0,0.3582394779098401,-0.08410935941032761,0.07815011820298463,0.40033916041730844,-0.08014225395642409,0.4548531155091052,0.18078120586390606,0.2379149956207905,0.07053788370863116,0.6495805053221458,0.5293453308063035,0.5644854640436798,0.18123131898843234,0.37703594376554705,0.47957769432352737,0.012375643067194146,0.5741863498504253,0.32487131836701383,0.1498508460664657,0.461687851221964,0.05735053091945823,-0.2241245604250252,0.35678748431413826,0.6076152044943361,-0.03187091013071581,0.5108889478017258,0.2526385007938878,0.4649210163294838,0.5184712052964576,0.5703677324796422,-0.03748841377487362,0.375115413274919,0.2815691012190635,0.5541988650291094,0.4576508027179565,0.47075226609332216,0.29984712391705953,0.08233077878135896,0.6181648981729351,0.1713993922223547,0.38944973810466343,0.4588027937818525,0.1692159298646077,0.360390364571739,0.11131465134737874,0.5214032915068607,0.0938990112451678,0.07897467286276694,0.26747069411177893,0.24784589102245141,0.16108289808226886,-0.005065033912596657,0.6011807943374814,-0.05878316514627682,0.2942086311553816,-0.034670349485190405,0.2164628534728559,0.016348430599696113,0.18095200933702704,0.6392695550274469,0.41271029680655924,0.523796662778511,0.27557694527760485,0.4190879476957425
Cuneus_L,-0.07804050195989887,0.35085904297527165,0.11301258181629455,0.3970606157855121,0.11844454703442965,0.3582394779098401,1.0,-0.2652804198658573,-0.1982599422286204,0.1641113898330405,-0.21561006944701677,0.39579111912733544,0.2112887887036927,0.3292822509824365,-0.040756170812643044,0.14329707500246017,0.3671491420669271,0.19913024115987624,0.3701604780369013,0.284516810823187,0.15001500111143962,-0.12521698331336079,0.25251874535447566,0.5964536124781095,-0.1702798365560318,0.17476626291381991,-0.10089544865021197,-0.17965160272142508,0.9295896691792269,0.6555829881165306,-0.2611763205616194,-0.1586782616166563,0.6907937543697749,-0.07125062586028362,0.4128644832483908,0.12092512578295157,-0.4694865637556894,0.3795862052089786,-0.01644179395198341,0.4742012648046368,0.2720695098525551,0.3161788971559589,-0.20844146272186587,0.22328915806395588,0.24609876971586486,0.6048770857581826,-0.05212232501656183,0.21515952878171543,0.758391903663266,0.1695775125431529,0.263500566016143,0.27362104658850694,-0.005330471761673182,0.2763128412823393,0.06989744160594126,0.06151490313639027,-0.20854999632068835,0.08000628000479539,0.5762442630785197,-0.3751513406282711,-0.01681961040392755,-0.041344795988400705,0.49435178189927464,0.014530676618222788,0.14723049344796532,0.3136470156648072,-0.013028386276882437,0.1715638970059319,-0.017119964510096716,0.13209172149637585
Occipital_Inf_R,0.005741052322312,0.47728265650609975,0.07380163193520536,0.20733194859125523,-0.4870698431413819,-0.08410935941032761,-0.2652804198658573,1.0,0.6128235617329737,0.22129906996088677,0.46137301549097764,0.12340076883735861,0.5572476582284858,-0.17865430477761368,0.6916957441411068,-0.15577478383873525,0.2200419671804221,0.1701131587628291,0.31964076752697285,-0.1991288675400473,-0.40019774110003803,0.19803798378161044,0.129017096367003,-0.3032158520716545,0.6134125766369505,0.14065975030218575,0.2339357622119505,0.5063703697628733,-0.34357379048698905,-0.04424596193747859,0.6785954535083121,0.283411369316083,0.1480739921037302,0.2067805766672264,-0.20688891232818724,-0.23887214700140613,0.8494361881884629,0.18905673690017066,-0.1548877622911465,-0.01720941194345571,0.10470265175183746,0.05532501502173194,0.5673371835678834,0.6265221877033904,0.08970983925937892,-0.0690695483455765,-0.19528581971616546,0.1331499941038505,-0.19389293390237167,0.09586293407823228,0.5069354672759226,0.13938342365193135,-0.10267280572557837,-0.21179566933053726,0.2624651860156411,-0.18539279010993787,0.7017074353135293,0.15415503302153138,-0.048023933457897454,0.8347776879943413,0.6926351617157085,0.07149354173604382,0.029535337163294585,-0.2662312654016498,-0.31077686315167685,0.14380047878539456,0.5934578318432415,0.21512347814230068,-0.056505261518740274,-0.4230439951053478
Temporal_Inf_R,0.46968467514835865,0.2748157156751494,0.40365602810723644,0.5096119802772566,-0.09646376579347704,0.07815011820298463,-0.1982599422286204,0.6128235617329737,1.0,0.45371550304443936,0.6077658260380757,0.22716904518519287,0.5458820515317415,-0.18181707308053252,0.6228211681104006,0.22863867187260628,0.33557232381587465,0.36204712438259956,0.38424588277315164,-0.05006445988817446,0.06781035217617307,0.4908594480402297,0.4493465885730541,-0.18652827483387266,0.569473691125607,0.5214272618692629,0.5705923047082736,0.3852761247133844,-0.2721431583071691,-0.1312813070626655,0.5925526148760467,0.572951028025081,-0.04151712317855949,0.5797533914894373,0.01122803282864508,0.09207463312742133,0.7208688813931448,0.3755925271033124,0.3381435741299655,0.21568727017294928,0.3341487895911207,0.2545727513249243,0.6169038539581603,0.22817328816328625,0.4512371483970182,-0.14778305994931845,0.1757073915174317,0.3793144709048661,-0.4442439514416266,0.3683282427278312,0.3820128940964458,0.3513350821868973,0.41625919582877813,-0.07151974360343315,0.5989771810659257,0.13511216599016887,0.8043217757905233,0.3594504998663147,-0.13762215480574738,0.6596408809302159,0.6607397882679277,0.3536203972451297,0.07995215567667265,0.3008824026560151,0.17032171050695788,0.4027447123719192,0.7376056395633578,0.3810520453676026,0.40574472998448813,-0.06078780184910573
Red_N_L,0.38832112814928993,0.35345272911073455,0.5686079080582725,0.5698559708472715,0.16741463205990254,0.40033916041730844,0.1641113898330405,0.22129906996088677,0.45371550304443936,1.0,0.2064328397578289,0.3804184806868895,0.5703336182358351,-0.045327865272777206,0.3063133411913915,0.48104552911748855,0.37889983740287825,0.34121371155415064,0.38096004580686355,-0.0904024027979876,0.3319162623120013,0.34394068540147893,0.4314504845111783,-0.07685273498774249,0.20713550604214695,0.6977143248202459,0.2865890265575901,0.1444146096734386,0.14960943109453836,0.216781064631074,0.28978384457148454,0.45735042663847,0.20230712940857998,0.6378334160378384,0.17469277777245687,0.15238882707825016,0.20239241033257285,0.3860646135901265,0.232203228590949,0.40729993606682946,0.2507730813854033,0.3875305888133527,0.4422500246400395,0.1727876994273161,0.42912619313671785,0.1744205942741431,0.3237374053885016,0.4579674518295749,0.04889319968957669,0.41879791346017364,0.3107423182940453,0.35589096267502207,0.3641998146241177,0.16012383652594253,0.47380583659405745,0.3370735942639003,0.3624607455992932,0.20274908387971718,0.23601609593170098,0.19998310638724512,0.2631384623225092,0.21219596164303478,0.2106545293806804,0.13438442569674428,0.32143042201026917,0.44689352830116585,0.5066714957005948,0.3309168912555098,0.32861858522079435,0.09025524784313259
Vermis_8,0.3224197369323337,0.21653424483827483,0.23475439405244133,0.21818470715490418,-0.12754814383918256,-0.08014225395642409,-0.21561006944701677,0.46137301549097764,0.6077658260380757,0.2064328397578289,1.0,0.08575982915864279,0.32299696717419607,0.001243961532746466,0.43252480189136333,-0.04976146863140208,0.12830659703292346,0.249552293741291,0.226707443432474,-0.21908200472385617,-0.18577013978975412,0.33439529810797297,0.10490681891076169,-0.3030019477483398,0.2231084713814639,0.15919476349839068,0.35651551239448226,0.31700987229900707,-0.2648842305403789,-0.09912685685014475,0.5957939164771354,0.3201484799893231,0.0063010998243181685,0.3522067550397495,-0.05284422368375275,0.04617414997618966,0.547112545780048,0.2083977820239286,0.12418792539965537,0.09654398903768648,0.1706276016598706,0.08793651211619095,0.5466915188141447,0.1321750569899876,0.22969105422783345,-0.07981638382802471,0.04213171556725474,0.25104587633742265,-0.35208907316179106,0.15338494519728219,0.3084396268452656,0.2780352547318401,0.30914260303954594,-0.22637966422280845,0.34707693435298576,0.055797149452670614,0.5757861952476148,0.294416108306935,-0.09503297437029488,0.5842716269993778,0.45577743475776494,0.3113319959775171,0.051188437513124754,0.06241311479875176,-0.0049313231551711125,0.2373137284140958,0.48885014502156077,0.2682267853371791,0.20902996441210867,-0.10900062813122095
Thal_AV_L,0.1445832232629641,0.6851547500757769,0.3319903379155473,0.6521515036738645,-0.02556351913311473,0.4548531155091052,0.39579111912733544,0.12340076883735861,0.22716904518519287,0.3804184806868895,0.08575982915864279,1.0,0.5852032306346886,0.18324713088730538,0.1408413187044436,0.271915215320981,0.43354867663577196,0.3798801389504761,0.7625164518638794,0.22154073270374136,0.27955503068349535,-0.028565211463817814,0.5526485763755195,0.3289600933031948,0.0030770121748860515,0.5629145191480525,0.1949036195885694,0.05755028030494453,0.35776233229216486,0.42463509155110685,0.08178882134591992,0.31551030760576637,0.38133147700803105,0.2651340946455254,0.20519532900942947,-0.05815098913663086,-0.005303314769891441,0.6244391113753807,0.2555130842527292,0.31890271839940654,0.37786260292480217,0.8812974397219772,0.01976225689571349,0.2656752862242543,0.384558958961929,0.3672129068819449,0.30393526761779366,0.4674542202292731,0.25570100400496415,0.7370244129864018,0.6173355646117538,0.3877123739345909,0.2092765128796115,-0.13797655928056513,0.4212851987038145,0.2950383568278368,0.11742737096562406,0.3755798856354385,0.4298798116483799,0.03672279622483039,0.23522065451048357,-0.09235351821334296,0.37454358242370267,-0.019680454118008256,0.010125407690689679,0.5957513267686005,0.2691709004241306,0.5712385648152947,0.0298042372974518,0.08458863753674865
Thal_MGN_L,0.3514141981238018,0.5680012812519009,0.37633364801950286,0.6500806924563707,-0.31393561338252035,0.18078120586390606,0.2112887887036927,0.5572476582284858,0.5458820515317415,0.5703336182358351,0.32299696717419607,0.5852032306346886,1.0,-0.2127061222980423,0.48431595710084424,0.12145860572478416,0.4029825323587348,0.22394086328656318,0.8035495213949199,-0.15732198886824214,0.018184933381969394,0.23256225521085883,0.49272042856363835,-0.12674931819641766,0.2793484578403721,0.6582702724504772,0.36085079393385516,0.31099547671017586,0.07568982831395601,0.13752384410480978,0.44714544598357386,0.403427394088207,0.24479339798472818,0.43644191282931794,-0.06663241520891318,-0.21535499894822932,0.3753957614533318,0.6257198088577095,0.026986819067407127,0.3363985297086753,0.266837829928792,0.5793911308468553,0.3420460969873605,0.4731266372315844,0.4949238403419991,0.06649092564511999,0.23815059777588657,0.46902742936292463,0.1250443425887196,0.6065439871402064,0.7655153036815135,0.3364231287768899,0.24657408479735418,0.05061085745385918,0.5719624204335902,0.10256154756797381,0.48720107922822437,0.5331581815771812,0.1455628926695045,0.4353608476620634,0.4288487959944145,0.1726512059634308,0.45781154275224095,-0.09302386316560278,0.05748379768498185,0.5009703773141027,0.4963272961446937,0.33299769205574997,0.13516671394301985,-0.1236747945266693
Paracentral_Lobule_R,-0.2738878011766738,0.3157622026684154,0.02034883815930294,0.0935304786727588,0.055477706337709355,0.2379149956207905,0.3292822509824365,-0.17865430477761368,-0.18181707308053252,-0.045327865272777206,0.001243961532746466,0.18324713088730538,-0.2127061222980423,1.0,0.005461841956166706,0.03569482736382688,0.25095325174234623,0.33240658590403716,-0.06655473813636888,0.44602537164976686,0.10859967546691346,-0.11200494658544037,0.13009126311786526,0.5452271772558579,-0.20277741477942662,-0.11058254080727802,0.0023451348978207743,-0.13342641138707304,0.49602956428573536,0.5610766288841,-0.13463487646431058,-0.10622427977160942,0.45966922574518626,-0.09711381899538897,0.47995590561556767,0.2096251544823802,-0.21902916610958958,0.053148391382824955,0.033797796877859845,0.19715458466735522,0.3231979227238022,0.07821388806873793,-0.08111657103210668,0.1773123664855835,-0.12212352771713848,0.5753282134544427,-0.1645831944941049,0.017359046643212365,0.37925027992159954,-0.0800951585002022,-0.06490612795621174,0.2508088706989565,-0.12810356724333627,-0.1274355879077998,-0.0553594474879732,0.15752501070207642,-0.19217847306808336,-0.23706924935667634,0.45969237636924754,-0.11732057952243752,0.06984975758524758,-0.2375104072797087,0.06979424841830942,-0.09297466109023042,-0.11805996646142078,0.08802642111154202,-0.07711746245511618,0.2641531857438713,-0.047440742925614274,0.01120723740535317
Vermis_9,0.17838378620358167,0.44072604868654475,0.1816267814573259,0.3599787567042638,-0.36885776121767805,0.07053788370863116,-0.040756170812643044,0.6916957441411068,0.6228211681104006,0.3063133411913915,0.43252480189136333,0.1408413187044436,0.48431595710084424,0.005461841956166706,1.0,0.10218766246036506,0.45906317935391355,0.49391675062274293,0.3613794367806537,0.09045086639465427,-0.05435345574071326,0.47359755480375937,0.4001267352838763,-0.0584300288396945,0.6534054795367565,0.3020100275102545,0.6281841216733289,0.4343591790264593,-0.06328466019732802,0.023589969506298616,0.49234956954590897,0.361362256526044,0.14700152258539523,0.36362845893229184,0.0689263294521323,0.1147369557775983,0.6340845336125293,0.49653996948520723,0.225397621202321,0.2645349424597047,0.39387597948187447,0.1796779943813801,0.48578995092958904,0.7294694551731538,0.2838471433413656,0.10691658942627137,0.019230243895045684,0.47384768999481175,-0.08438231606300897,0.209118567408353,0.5197949646253579,0.4607005122047525,0.16059812704120488,0.06816801093254041,0.5955209357703626,-0.15699007253834216,0.6788769172411931,0.2852974151346936,0.0316699176364232,0.8342812419605944,0.6668565579379543,0.2853596237951332,0.20454720223655676,0.02452910715625566,-0.11229235782801462,0.2674984277594332,0.640639557906823,0.37092484539409987,0.36461848173404626,-0.10718092186465226
Amygdala_R,0.2730532904279514,0.06214051128550001,0.7947063230227368,0.5329201400769883,0.458567914724016,0.6495805053221458,0.14329707500246017,-0.15577478383873525,0.22863867187260628,0.48104552911748855,-0.04976146863140208,0.271915215320981,0.12145860572478416,0.03569482736382688,0.10218766246036506,1.0,0.42394833993193703,0.37445186201306674,0.12491428643868958,0.2536471195378108,0.5492782656142244,0.27325889151217936,0.5525646800417474,0.11390169494778982,0.15350882593906562,0.6110237162323722,0.2382434361235467,-0.14966479894011578,0.16537756501090176,0.23058610560705395,-0.0520384919130041,0.4867749664781298,-0.03364634737922737,0.6426604424634909,0.43434411199033446,0.6031960718995041,-0.018727130222067512,0.36098610904312795,0.6060337088728687,0.42651821725779054,0.4038206909505916,0.3812876694119253,0.2848944728840819,-0.07559092976808701,0.5225686648413487,0.006713789466088069,0.4815151217143455,0.46646443685622635,-0.05098182621884167,0.3505100704615191,0.029178329111564028,0.45920391012106804,0.3341907424237601,0.18803016685850554,0.45836966616895986,0.4856341148832169,0.2320119259097058,0.075167941913393,0.3152841834015103,-0.05302082423038518,0.17971854019974906,0.25330178996643304,0.20447660067386164,0.3268075719610079,0.5149885296785469,0.48180781522002675,0.3681417103807971,0.4031500892859872,0.5480420219468723,0.5217485089742204
Temporal_Sup_L,0.12702460229199572,0.4147026115468937,0.45865627879274445,0.7156554746626187,0.13410917608278597,0.5293453308063035,0.3671491420669271,0.2200419671804221,0.33557232381587465,0.37889983740287825,0.12830659703292346,0.43354867663577196,0.4029825323587348,0.25095325174234623,0.45906317935391355,0.42394833993193703,1.0,0.5959674058410928,0.42848457363576603,0.509225066061173,0.1678627629121588,0.2222491417965307,0.8225814485312137,0.46679490663091416,0.31569707708622186,0.44475191356520005,0.3999792915085784,0.1128654979186604,0.37587187224945895,0.4707785405186567,0.1636910827554467,0.33039076855075006,0.3553232072430686,0.42658607894630796,0.4990436690710628,0.32639035417366374,0.16005838844769518,0.5852157557683388,0.29740180531903115,0.6540937955010604,0.7407516928910672,0.5353350623671856,0.41382882511986074,0.3845688986968971,0.5731382882474109,0.21239047835038374,0.26954105865490846,0.54323680759448,0.28015143970211076,0.3961543694535149,0.49926394997384366,0.7563794388413717,0.1678680788058287,0.19842945202597242,0.5088709849150508,0.15528001948642822,0.37490753619557265,0.2248272269032103,0.5700784523771968,0.3370826713475651,0.45343720310095414,0.26118100722947685,0.36104153906076153,0.07642139414670292,0.2695262429257538,0.5761906571959073,0.5075892563849301,0.6085338276874386,0.3877429049038803,0.25812609831568606
ACC_sup_R,0.08027480312761467,0.38288376597638246,0.3564042909102694,0.5900764164550752,0.1474408474378113,0.5644854640436798,0.19913024115987624,0.1701131587628291,0.36204712438259956,0.34121371155415064,0.249552293741291,0.3798801389504761,0.22394086328656318,0.33240658590403716,0.49391675062274293,0.37445186201306674,0.5959674058410928,1.0,0.23373274350296416,0.3335965605720647,0.2846967916821462,0.36726146866903847,0.5760102908045621,0.26346574475570733,0.3272090519201054,0.3763904820788817,0.40379108136402075,0.12459060907385311,0.21099782654647883,0.381603365572349,0.07090415408273752,0.4791379473734732,0.25541531005400353,0.4402501758655606,0.39931150394837156,0.44420427964502374,0.20444333318629143,0.4519409450699445,0.37256001232344743,0.5261415154032614,0.5400310527244006,0.40747496828388546,0.3834433692682043,0.3073059506354551,0.5042664541126106,0.3103681772230259,0.323779041447203,0.6672708910882678,-0.012809469976928443,0.3316621419768611,0.1917524945089658,0.7290958835165117,0.18457604218212614,0.15710743581663383,0.48013030427490677,0.08706857618344496,0.3535979852862744,0.0671304357705145,0.3774633552035252,0.32650181128593747,0.45810362834872304,0.04846594289126776,0.09947386966853107,0.08928575748934799,0.0444879659722079,0.5215391952050467,0.5169649299159272,0.6515746458429004,0.4454421807266517,0.26305346815789926
Thal_MDm_L,0.4190456526955966,0.5593729710621834,0.29735445326961796,0.6530005587028804,-0.2283749373673745,0.18123131898843234,0.3701604780369013,0.31964076752697285,0.38424588277315164,0.38096004580686355,0.226707443432474,0.7625164518638794,0.8035495213949199,-0.06655473813636888,0.3613794367806537,0.12491428643868958,0.42848457363576603,0.23373274350296416,1.0,0.1101438719894329,0.07747281997876636,0.20082747625320624,0.5371571828481098,0.16803409704728653,0.10617856844527158,0.5875211258084779,0.4073845922957642,0.3078374257551895,0.2362987365119462,0.2060851579612056,0.31022697944926514,0.20501839492755666,0.23907510522733355,0.21427684638967706,-0.017373081643720138,-0.2619110123189788,0.0857357735427178,0.8375685528612168,0.25373184989776365,0.319501163030119,0.37603744946932893,0.7611104897545882,0.04407947980790514,0.41292530011208556,0.514437416570131,0.15460239117110405,0.22750637814702704,0.45362002787150274,0.2511244511359946,0.7680152619744096,0.8934608149999977,0.34488889836030423,0.3742991428691729,-0.03963050125327531,0.6253881652295452,0.19347513802485866,0.26030143779042436,0.761446589491197,0.2766930546148365,0.2556807049334388,0.2474310325269103,0.2468008906921327,0.6326599530565982,0.07320166660055265,0.16004296430151696,0.5628301950320824,0.3138968528138999,0.4515048299860539,0.14106541549562424,0.058085199360742884
Precentral_L,-0.14829375012201798,0.1822992624641876,0.06131282163651945,0.27151315070269477,0.17893722418836838,0.37703594376554705,0.284516810823187,-0.1991288675400473,-0.05006445988817446,-0.0904024027979876,-0.21908200472385617,0.22154073270374136,-0.15732198886824214,0.44602537164976686,0.09045086639465427,0.2536471195378108,0.509225066061173,0.3335965605720647,0.1101438719894329,1.0,0.30226154764623886,-0.07622570800580473,0.44283686264201605,0.8378749052147711,-0.00802374935192058,0.030714363275116393,0.20296080124517218,-0.00942435236400406,0.3900780013558593,0.3683139721902036,-0.17937999694263232,0.009647591070825828,0.08631945629177847,-0.11470173356557181,0.6896539407479684,0.3117338395066266,-0.11394664516178672,0.31920807401657436,0.24042147507978226,0.41478530582528933,0.7240602107741331,0.24770749028743688,-0.2082593600514291,0.09543609828108966,0.24045336348504728,0.15858335530388518,-0.01887425531409408,0.05357782078742016,0.25560338604727595,0.06618639063331393,0.07502850049659598,0.41109856244195114,-0.019065079659642666,-0.1130167359861685,0.21389346339632545,0.07989496025818797,-0.07367497582975731,-0.0002286511637494472,0.45689511836408686,-0.009177594285508706,0.01601909696940849,-0.06429339266664685,0.17803241778839715,0.08364935051732264,0.1117655494192102,0.39120754027306026,-0.07860367455594777,0.5150775477177777,0.16042752692422133,0.40028771639076977
LC_R,0.25546205312712295,0.002456442079428215,0.33073051708448337,0.3646437612626636,0.3956680198187795,0.47957769432352737,0.15001500111143962,-0.40019774110003803,0.06781035217617307,0.3319162623120013,-0.18577013978975412,0.27955503068349535,0.018184933381969394,0.10859967546691346,-0.05435345574071326,0.5492782656142244,0.1678627629121588,0.2846967916821462,0.07747281997876636,0.30226154764623886,1.0,0.14420729398008897,0.39606374016845775,0.2828224924342377,-0.2324959992722201,0.5166205198782448,0.34307059971017995,-0.15680735765804485,0.19665836475628176,0.09683158316335742,-0.21458433146049655,0.3864716276058097,-0.10845032518637189,0.44134085347341284,0.3027659676566065,0.2970115748781686,-0.2982858397730116,0.2667068542992297,0.4158896853142696,0.2432405548429555,0.21913758085336338,0.354874222917351,-0.11217668694314772,-0.22335645061996673,0.30476340389144546,0.03403930134153187,0.4789775794431161,0.3546811491424688,0.029925154386131223,0.34290248694940345,-0.1221683856922213,0.23519114895587748,0.4038457306092479,0.1854856474612682,0.2966143597947284,0.48391466303258457,-0.16493172907873074,0.0535970477701158,0.1136074309931143,-0.2276561295646294,-0.18491482268879067,-0.08224992829111465,0.1473203453905327,0.3943716583186297,0.3671025281782138,0.28827486571514815,0.040947399177041106,0.21327124364324432,0.4564524624028797,0.46723969265076826
Frontal_Inf_Orb_2_R,0.4577171807920432,-0.030417744649024053,0.34118992660286396,0.23337174474584177,0.07784886281347216,0.012375643067194146,-0.12521698331336079,0.19803798378161044,0.4908594480402297,0.34394068540147893,0.33439529810797297,-0.028565211463817814,0.23256225521085883,-0.11200494658544037,0.47359755480375937,0.27325889151217936,0.2222491417965307,0.36726146866903847,0.20082747625320624,-0.07622570800580473,0.14420729398008897,1.0,0.26848810324792677,-0.1948088180276814,0.24560182518604107,0.4151777447060276,0.5113990093058074,0.2900195155672418,-0.15018194893666115,-0.2503646428741926,0.27671684773930083,0.2922191694671405,-0.2075366766342218,0.454654272112432,-0.1192824704085155,0.17268234846641048,0.193595874489522,0.36419638761731665,0.4665437233398577,0.35729028296964255,0.21722419200220416,0.16073444452080432,0.35686342015038497,0.1654880524375977,0.3023649134506757,0.00941922687323761,0.40739812741684384,0.5422256292087666,-0.20988062156456586,0.3054663369392279,0.21985134642383775,0.3741567775143742,0.45728314517281166,0.3339946890682342,0.5741313741857326,0.12235586470054037,0.33235628748541474,0.3825210497285067,-0.18074042691187592,0.44092566635180586,0.2456563007910066,0.4952834410052604,0.15533069484369075,0.3252217647798387,0.28415754641100854,0.1488441565185635,0.406353656719004,0.09133370118823994,0.6451209744139031,0.23970002787231584
Insula_L,0.3543177447855198,0.3424296485697682,0.5771118328734737,0.8417731448428877,0.14550716119741366,0.5741863498504253,0.25251874535447566,0.129017096367003,0.4493465885730541,0.4314504845111783,0.10490681891076169,0.5526485763755195,0.49272042856363835,0.13009126311786526,0.4001267352838763,0.5525646800417474,0.8225814485312137,0.5760102908045621,0.5371571828481098,0.44283686264201605,0.39606374016845775,0.26848810324792677,1.0,0.34611721721296945,0.25845864154916165,0.6843040361765044,0.5569526401353682,0.06872341466507834,0.23737884463089426,0.3161270894556091,0.10466628407561494,0.5029474140142203,0.09773625459145388,0.5526011416952903,0.41237747601366515,0.31223568105946664,0.1433242308840753,0.6753414251660688,0.5112307260338861,0.558766649668458,0.6816460343013784,0.6905056085345008,0.31058880098957514,0.22644072608996768,0.7109641993100543,0.04450336268372218,0.4767952161237234,0.5985758369006368,0.09867205504562045,0.6444822651437353,0.4858156855854776,0.6820013525292973,0.42825862963646577,0.20548117139999986,0.6573854548278428,0.2979577407287571,0.3900483224007574,0.38104400479733946,0.42121015719711813,0.2635446744824396,0.393405641830564,0.2946815553980957,0.38120340756323945,0.2630673764016561,0.40963089489240573,0.669694320491736,0.5020569706292033,0.6388855557352568,0.5015032296838029,0.35373548076866107
Postcentral_L,-0.2260079146307048,0.270367370497276,-0.009740996627422841,0.25944819690500004,0.1415951377277922,0.32487131836701383,0.5964536124781095,-0.3032158520716545,-0.18652827483387266,-0.07685273498774249,-0.3030019477483398,0.3289600933031948,-0.12674931819641766,0.5452271772558579,-0.0584300288396945,0.11390169494778982,0.46679490663091416,0.26346574475570733,0.16803409704728653,0.8378749052147711,0.2828224924342377,-0.1948088180276814,0.34611721721296945,1.0,-0.22203923572475437,0.017717318890871123,0.06266481251126986,-0.07950032837574206,0.6753115961976934,0.5136695100808459,-0.3144113705640529,-0.17977147024229054,0.376525663161803,-0.2505223911561312,0.5798258933876145,0.11836022804851584,-0.37366732198549857,0.25821717605210553,0.11895811683843052,0.3222764047376712,0.5160125058525743,0.2947801560584859,-0.40887084941027557,0.15095998550272594,0.10796397721510591,0.4575981186560891,-0.10504324000882645,0.04473422835342222,0.5436708298941568,0.07718370974496774,0.09070161280299537,0.2874039008523548,-0.055339167932644685,0.0343883479961512,0.04212891430387185,0.13526635834811093,-0.28376748497644066,-0.06439806608031584,0.4875582528804757,-0.25975488399225677,-0.13966327854290528,-0.18013365928903688,0.23601857475900126,0.04926894031082496,0.10851233903966401,0.22594438261099753,-0.21736337578578213,0.3228962450481518,0.01220171611142219,0.24231160873792343
Vermis_7,0.11981748653288461,0.21786287543189936,0.11521067646087883,0.20487303352032984,-0.19627747714928512,0.1498508460664657,-0.1702798365560318,0.6134125766369505,0.569473691125607,0.20713550604214695,0.2231084713814639,0.0030770121748860515,0.2793484578403721,-0.20277741477942662,0.6534054795367565,0.15350882593906562,0.31569707708622186,0.3272090519201054,0.10617856844527158,-0.00802374935192058,-0.2324959992722201,0.24560182518604107,0.25845864154916165,-0.22203923572475437,1.0,0.13514986124716044,0.255105134077196,0.2455865323137553,-0.22505682607483044,-0.023520241971176806,0.3549092133972344,0.3763154974575151,0.052314202011281424,0.3368604216843342,0.12736408209802502,0.26787990566001707,0.7106252396155193,0.20186341996025234,0.1571954437503157,0.15894651800945456,0.26129844392821155,-0.016125672506012427,0.60537303789122,0.3465746061866299,0.26512681937219873,-0.1411474157084416,-0.02186978329410002,0.22699028848660513,-0.33740282294139573,0.049471602464966145,0.25415558430541685,0.27502449554474556,-0.02714898291750507,-0.05133673079157789,0.3386648511404543,-0.34537701609016475,0.7388680630806717,0.09238906647203216,0.006835396483732517,0.6261334684624178,0.7027450491317584,0.30593492434504577,-0.048623861894049436,0.09617537692511288,-0.16297008044547914,0.21985067122130797,0.6348238043303277,0.31398888994449253,0.2056599265457611,-0.14793739520585947
Hippocampus_R,0.6391066421083067,0.2580869523742711,0.6737779897799631,0.7462435326124442,0.15954924294083295,0.461687851221964,0.17476626291381991,0.14065975030218575,0.5214272618692629,0.6977143248202459,0.15919476349839068,0.5629145191480525,0.6582702724504772,-0.11058254080727802,0.3020100275102545,0.6110237162323722,0.44475191356520005,0.3763904820788817,0.5875211258084779,0.030714363275116393,0.5166205198782448,0.4151777447060276,0.6843040361765044,0.017717318890871123,0.13514986124716044,1.0,0.4951149790282643,0.15081230906696677,0.10202719683617248,0.0774816226859716,0.24973693592387852,0.535652056182143,-0.027787275241222882,0.7353420138330544,0.08419264208337103,0.1719224561544575,0.11119743727268752,0.6158895957077126,0.5154838305836114,0.3728915615278551,0.30401718956637075,0.6950391807638264,0.28058869411081144,0.17020944782312009,0.6298403578150512,0.023214945882213886,0.6567440343119118,0.6486929196917042,-0.0029693606123373855,0.797547379919412,0.42757363528724435,0.40825544958116033,0.6639105159482297,0.32562262917948126,0.7149410673845136,0.3861643338624639,0.3815967894024575,0.4573091306410571,0.12668532102494365,0.18483123246325434,0.2709416551661606,0.30991255081287494,0.3292800755708296,0.315734149445351,0.4896806611629062,0.5098757937418069,0.5128826139266257,0.36189747865906075,0.6009468819533651,0.37405131262989016
Cerebellum_10_R,0.5374611469066911,0.09376072528722494,0.23810456896795842,0.42938657698231797,-0.13908918780046947,0.05735053091945823,-0.10089544865021197,0.2339357622119505,0.5705923047082736,0.2865890265575901,0.35651551239448226,0.1949036195885694,0.36085079393385516,0.0023451348978207743,0.6281841216733289,0.2382434361235467,0.3999792915085784,0.40379108136402075,0.4073845922957642,0.20296080124517218,0.34307059971017995,0.5113990093058074,0.5569526401353682,0.06266481251126986,0.255105134077196,0.4951149790282643,1.0,0.3613078064521955,-0.10431115090167302,-0.1423538845885268,0.31453158470672177,0.3463878399482264,-0.16892376115779115,0.40443736067750313,0.05672783847757942,0.02879081498603819,0.27145192554641534,0.5266027983960935,0.5863941566152344,0.22146522580673902,0.4645178437278174,0.386578302749575,0.20095865030753174,0.23999520343619427,0.42620169118171963,-0.07248036472491563,0.36637146241199353,0.5374228120647127,-0.18551817924555986,0.4654438755933353,0.4018728059695431,0.4727700791894846,0.5893666843507747,0.14860673934086416,0.733605983017663,0.14030867271121686,0.4615345581285452,0.5041729819763762,-0.06633894761689511,0.5474351741411924,0.2744311552005381,0.44461517691325714,0.27290809264671667,0.5073544172588047,0.2996442773839457,0.31663433599456764,0.45237092018265207,0.3661594556299087,0.6575339612034302,0.15844432415327678
Parietal_Sup_L,0.19211622653328023,0.13972640316395973,0.03725433890220184,0.07927498186432762,-0.06981163086745426,-0.2241245604250252,-0.17965160272142508,0.5063703697628733,0.3852761247133844,0.1444146096734386,0.31700987229900707,0.05755028030494453,0.31099547671017586,-0.13342641138707304,0.4343591790264593,-0.14966479894011578,0.1128654979186604,0.12459060907385311,0.3078374257551895,-0.00942435236400406,-0.15680735765804485,0.2900195155672418,0.06872341466507834,-0.07950032837574206,0.2455865323137553,0.15081230906696677,0.3613078064521955,1.0,-0.1945068615992807,-0.14891514761754326,0.48043237342916256,0.12466090264147583,0.0025449684789708585,0.02659444788937042,-0.1565298898498806,-0.27315059021042365,0.45453795136607095,0.22581546926610202,0.07052569827283674,-0.009685964106089998,0.13378222372522378,0.0995607093993162,0.23024538407845122,0.29578940030948164,0.04106405020916808,-0.05331711962095692,-0.07015728387687499,0.1437323641460866,-0.07428166624835374,0.12619305689093924,0.37978537494102804,0.08590486407650683,0.15866883853303348,-0.10805238210326805,0.3130524253514717,-0.01612219029922725,0.4259196879232217,0.263795758822699,-0.09160138660848224,0.5333556208284487,0.2071879209750232,0.23159083070127748,0.10995704801502364,0.0187692392490537,-0.04530048451374017,0.06418503003071149,0.30891747747677956,0.16830544954712456,0.12422355517601207,-0.08737213135628219
