,Precentral_L,Frontal_Sup_2_L,Frontal_Mid_2_L,Frontal_Inf_Oper_L,Frontal_Inf_Tri_L,Frontal_Inf_Orb_2_L,Rolandic_Oper_L,Olfactory_L,Frontal_Sup_Medial_L,Frontal_Med_Orb_L,Rectus_L,OFCmed_L,OFCant_L,OFCpost_L,OFClat_L,Insula_L,Cingulate_Mid_L,Cingulate_Post_L,Hippocampus_L,ParaHippocampal_L,Amygdala_L,Calcarine_L,Cuneus_L,Lingual_L,Occipital_Sup_L,Occipital_Mid_L,Occipital_Inf_L,Fusiform_L,Postcentral_L,Parietal_Inf_L,SupraMarginal_L,Angular_L,Precuneus_L,Caudate_L,Putamen_L,Pallidum_L,Heschl_L,Temporal_Sup_L,Temporal_Pole_Sup_L,Temporal_Mid_L,Temporal_Pole_Mid_L,Temporal_Inf_L,Cerebellum_Crus1_L,Cerebellum_Crus2_L,Cerebellum_3_L,Cerebellum_4_5_L,Cerebellum_6_L,Cerebellum_8_L,Cerebellum_9_L,Thal_LP_L,Thal_VA_L,Thal_VL_L,Thal_VPL_L,Thal_IL_L,Thal_MDm_L,Thal_MDl_L,Thal_LGN_L,Thal_MGN_L,Thal_PuI_L,Thal_PuM_L,Thal_PuA_L,Thal_PuL_L,ACC_sub_L,ACC_pre_L,ACC_sup_L,N_Acc_L,VTA_L,SN_pc_L,SN_pr_L,Red_N_L
Precentral_L,1.0,0.3923763571272131,0.8417957616014472,0.5540867154052498,0.12364157608174024,-0.013588766290257825,0.6067943013064313,0.12683423050026696,-0.05814781139200711,-0.4125406889534359,0.0199832606280918,-0.19416023930682752,-0.37969857327847867,-0.22235523744350794,0.009890327977292997,0.4273050187550211,0.38262540488391183,0.24241522551752084,0.1576589744700804,0.1504653271134185,-0.29675382032953274,0.4794810649608398,0.40164281176852434,0.16503793468934128,0.12014439800486532,0.13676818760435555,-0.2627011836464333,0.4100673708351401,0.9371952238659944,0.8153871747157354,0.667466379803289,0.5288671927848442,0.738856320541279,0.07303168715012888,0.14969398407906312,-0.2278824778487925,-0.30876467237829847,0.45055754328927033,-0.3266879269571113,0.14966316073228458,-0.06807331194706631,-0.18397386209805766,0.13036335815366373,-0.08295761514618498,0.4493791953880686,0.31830552969540354,0.300036349904646,-0.15848014453763795,-0.014451924906173431,0.5822475332304484,0.29408662790696644,0.013985371529085891,0.4842362998269596,-0.09802880226006057,-0.28419224470230126,-0.2979570097957479,0.2790962927879401,-0.3576551244496074,0.645272727259274,0.25303948482993793,-0.07471570312197126,0.4366364935874313,-0.39592832534684247,-0.46459567768712395,0.5533845811901736,0.6103262183233412,0.03383086557278527,0.42091422535400763,0.3107860558647886,0.37095938966305364
Frontal_Sup_2_L,0.3923763571272131,1.0,0.6486941098454124,0.6003361289434712,0.8037224023060598,0.5724972647742406,0.6478385309719421,0.6133267271260857,0.6866537536652001,-0.07367284648751497,0.0906241038263386,0.0297789059786403,0.3752688310945061,0.469738390099671,0.47878616120998174,0.7953199757121918,0.7776058784457617,0.4960954217842307,0.7401984109244039,0.6994607288880044,0.4909656915610661,0.15554753422311673,-0.0700083253734928,0.013024817662634077,-0.26217568371573047,-0.23244530375044292,0.2199488346515269,0.6932464358891335,0.4123432005056952,0.2989812356505981,0.34570822182386446,0.10865596589722147,0.4656056397453785,0.7005083159383884,0.7091862562019553,0.3611545258042176,0.5135912219034415,0.6582204958444661,0.49991843643105066,0.5767649555690512,0.3741455160521818,0.4369263859771846,0.004906323515261729,-0.22040297067837683,0.4410040260685715,0.5193338825433086,0.16459195138772623,-0.053982911111649025,-0.09956968276953695,0.2914219636070323,0.5736847314577318,0.6364068654998137,0.6440785654139211,-0.06902625840270626,0.2052319226292266,0.32987140260989123,0.5512456973115313,0.22873154972887128,0.28333059807143446,-0.08554144251053251,0.47842948017744097,0.39425578696360264,0.38409232185850656,0.32373132264315635,0.386367114520333,0.0611051026540712,0.30464645282967595,0.34894427921998283,0.2875771199499285,0.3747629828008809
Frontal_Mid_2_L,0.8417957616014472,0.6486941098454124,1.0,0.7681176906973803,0.4425330117235378,0.2719321981796568,0.8157997755548778,0.3661807057756145,0.18071356840155245,-0.3711275078351422,0.0415177702322455,-0.19100238477506268,-0.22837650288159186,-0.0027505541521257925,0.21852629189374598,0.7171005487146592,0.6960504925731315,0.5134230974078335,0.4505734307216704,0.40008493298410397,-0.09528462481693115,0.21429999496046429,0.15119734682148547,0.099976619196839,-0.12721903441209492,-0.08583558977393149,-0.14172243400265075,0.5586425066180689,0.7725892027897522,0.5728918312474806,0.5303183644303832,0.27114915042058635,0.5733054124929055,0.3921832876329935,0.40491587501127807,0.0906501934930159,0.03287764254514412,0.5909621310548611,-0.0737016865517355,0.323331788313796,0.02207964587403187,0.026682361947837237,0.11390066759957782,-0.20477986565451015,0.4311696979646752,0.4352116099731326,0.1698648013143974,-0.10504641529254956,-0.028085618461674972,0.53422691209635,0.5504255619117451,0.36690931232990753,0.632308820816587,-0.09610954112028029,-0.1072318525879741,0.028482144093752108,0.4586303308475459,-0.030224363862674717,0.4878556213398123,0.035228511484697585,0.24325989635776546,0.35671279923548016,-0.16113428574836078,-0.29902456379627007,0.6650606180546632,0.569510713606455,0.17931558104638218,0.45090904203920046,0.36457405143862837,0.44389794203988653
Frontal_Inf_Oper_L,0.5540867154052498,0.6003361289434712,0.7681176906973803,1.0,0.6586991290321947,0.44693211917196696,0.7663668376990072,0.3305984789132558,0.49956854933228073,-0.1891321346818863,-0.032252654553535126,-0.1476305959505489,-0.059818888667600136,0.0903743508594611,0.22227292082850833,0.6777748604676405,0.7736865808411625,0.612480290967194,0.6076758529092133,0.5592783607117456,0.29237265797639544,0.12491935595948235,0.10111976344453927,0.3388173333333782,-0.3313958723587122,-0.3363809687926915,-0.02802346145740251,0.5524056039445479,0.4808465724710365,0.3188685503662823,0.49853658711252974,0.11928554365707152,0.3073361340495374,0.4609026361450121,0.44928995343270034,0.2008393005329681,0.40923091577946236,0.7067122621258582,0.3011511371490248,0.5495139340196593,0.2904844343057189,0.45690542634964276,0.20552439478535628,-0.2177050090577378,0.40731588243076977,0.512340590400778,0.2385823169532848,0.24495057419941882,0.14684618269851504,0.18880345839723717,0.5176421258762928,0.4954245938471735,0.4780309250614612,-0.038528481930388374,0.1499072217131029,0.28115015707611807,0.4718971398956963,0.1844431891744951,0.1989921030239091,-0.11857421478265816,0.2166615475647931,0.14434068779045758,0.01812867959857333,-0.04224851950137638,0.2645653420764255,0.17251131806847844,0.3606266811532741,0.5820281735948986,0.3604371658383674,0.43903674391770015
Frontal_Inf_Tri_L,0.12364157608174024,0.8037224023060598,0.4425330117235378,0.6586991290321947,1.0,0.7615088153700266,0.6087722599059199,0.5365731013346334,0.8197162945415281,-0.08692033426941297,-0.03955504145260714,-0.03567976470470629,0.423743347618118,0.5080609741365093,0.5178873333915556,0.6933737967797469,0.6736620222264044,0.39691854531961357,0.8117035607354272,0.8072463840238772,0.6632918394440529,-0.08174603971215232,-0.2709571821769242,-0.02924546152099316,-0.5083060323306382,-0.4414966001783671,0.4402221209741276,0.6404956448089981,0.15766020718407134,0.06135015559465033,0.3369603329445892,-0.045219286207471766,0.13243086593783807,0.6534527503373907,0.5450162482766586,0.3257629375244349,0.7968257649682089,0.7675071819901252,0.7753587961334264,0.8123248054360844,0.5941250860144986,0.7170721436186781,0.033928652998042874,-0.30273404699280365,0.20221176952527664,0.3266972471262951,0.06265088335762527,0.10976986311012228,-0.13662503238540652,0.04222040859607048,0.5253285634682376,0.7670421143451983,0.5806024109971749,-0.24605915889873806,0.20286019749630743,0.4076500376257161,0.5131607961224844,0.34200607458646426,0.020354960159808286,-0.32178567790504076,0.364685091506346,0.3135854584263759,0.4927910770106507,0.3921686378264525,0.1082532870877638,-0.19511439572650047,0.2947535441744894,0.3867309239707592,0.30795386561871047,0.46908312451823286
Frontal_Inf_Orb_2_L,-0.013588766290257825,0.5724972647742406,0.2719321981796568,0.44693211917196696,0.7615088153700266,1.0,0.47512752911491984,0.6263554249352554,0.5689879962527166,0.00970463949025545,0.1472241073001949,0.11408530596264647,0.587496117092611,0.6947667225223694,0.6555142855063827,0.5671826657808287,0.51314733232364,0.25089872734405405,0.6574198509555945,0.7390298937763339,0.4136866755066783,-0.3595701231313743,-0.517739729177624,-0.3304298139962862,-0.4775068001082074,-0.3854003046008323,0.2970509329923334,0.569358435122358,-0.017161408275283813,-0.17293233695284743,0.0808858583821383,-0.16254372443544202,-0.08865542770635644,0.6208238894034327,0.3746264043306143,0.44495552389592014,0.7308551486566621,0.48983409884972295,0.6835474515458475,0.5326309976691175,0.15653104470693235,0.5123555771789958,-0.31426165393882727,-0.48723155906072524,0.05167440399849772,0.22468951384038066,-0.29611883976214565,-0.16287917301390165,-0.35065142216288836,-0.00743008050826164,0.453745340961933,0.8088852174260114,0.5553744825106718,-0.25404068899055293,0.09702950536002677,0.4296463849692432,0.43415944550182706,0.4359519180545016,-0.17599121804051748,-0.5293185253952183,0.3198472806141285,0.223716534484202,0.5973922706117604,0.43947340835900395,0.1506625974382402,-0.087433637870994,0.06800334873470917,0.16459706513720337,0.19870610418486778,0.25411731661397424
Rolandic_Oper_L,0.6067943013064313,0.6478385309719421,0.8157997755548778,0.7663668376990072,0.6087722599059199,0.47512752911491984,1.0,0.3647247269955365,0.30157054511097675,-0.4401007595300129,-0.09233074802466934,-0.22942497026303074,-0.11225912476513762,0.10844770056823343,0.3814581448452471,0.8390391377850029,0.7035310842520953,0.5657202300248961,0.5565481855519634,0.5258534248715159,0.05223585095765015,0.14467062928108249,0.014986375510356994,0.039179188220334796,-0.3027351659248002,-0.1886125111937229,0.014971564029195819,0.6344186530048083,0.6270977430686584,0.4624735160266209,0.5419725540163608,0.300494124190294,0.47430892620387094,0.5607806645702245,0.5590801823130771,0.2076154346915928,0.31598343774046594,0.7608455287672217,0.12621506024120044,0.5602479021106348,0.17250731733609873,0.23706462011282795,0.1615262456204214,-0.23868602591269103,0.3873642666321167,0.3660006145482619,0.19819187045177555,0.04404395482636533,-0.0017135618000234567,0.5852657872578959,0.7001079771375194,0.5338620461002089,0.7608948209632398,-0.02703653107824543,0.002988337594391782,0.12170818450773072,0.6272283553942332,0.06780479666533411,0.5015584187201817,0.04245700973033276,0.2939377958067852,0.4197898530589818,-0.09084177974104807,-0.2125087566517092,0.5584330343019922,0.4298853217947282,0.25258088026785214,0.446189255885923,0.3723733165247438,0.5301806481618627
Olfactory_L,0.12683423050026696,0.6133267271260857,0.3661807057756145,0.3305984789132558,0.5365731013346334,0.6263554249352554,0.3647247269955365,1.0,0.3406322784851683,0.061160687874692345,0.4936600363262177,0.45278169474764346,0.5708697228041775,0.7722045513702601,0.6130957488821448,0.6003411310140359,0.5316423623066558,0.32211364101013956,0.6293318302391412,0.6226297773854602,0.3156046712643915,-0.15487287008844336,-0.286152319736397,-0.18652795313128392,-0.2427379534957832,-0.1453554805977727,0.15479630060062236,0.5373078722224871,0.10661797691097717,-0.036810576725753386,0.002328216943322805,-0.04333225354665281,0.10964772840914454,0.6470069927153571,0.4980353812602254,0.5226226071479612,0.3641558156072352,0.2741954748960707,0.5144289982478247,0.2567725456769908,-0.016207333423634153,0.30573949674015444,-0.21842741212768688,-0.217988013123973,0.27251112179759246,0.36806412288241286,-0.07268972775303707,-0.23150966930244568,-0.14503183665014682,0.14689163813876432,0.3923088164212289,0.621042548204698,0.4771443513790645,-0.014892609889900288,0.2846095855513721,0.548656775378603,0.4637707366731933,0.4819881628538197,-0.006889843695416034,-0.23481537538336092,0.5505705941605474,0.2362673579505033,0.5665491935845128,0.44786978053369225,0.36837732421463815,0.12942279158340952,0.12396900367292034,0.1718442576628821,0.20986096317192218,0.314308768105735
Frontal_Sup_Medial_L,-0.05814781139200711,0.6866537536652001,0.18071356840155245,0.49956854933228073,0.8197162945415281,0.5689879962527166,0.30157054511097675,0.3406322784851683,1.0,0.2569580984681606,-0.0998418684216526,-0.018843311174475574,0.5126942118515525,0.429487479106751,0.24652603546319785,0.39532649945485654,0.5091161710026295,0.32458449230396796,0.6004551371997314,0.6009547970110758,0.8187217315858409,0.06340921771380545,-0.14564200291017615,0.14595353646673137,-0.36541899554076107,-0.38161039662628665,0.3880781354394301,0.4128064210700477,0.016498523775670525,0.005283905178934724,0.25825546680873607,-0.1384060058204337,0.04362804316185595,0.4937982800653439,0.4199291870660697,0.21214647945138565,0.7357187235378717,0.6003020015203981,0.7584416467917442,0.690577110398532,0.6678661895431569,0.7619268059107813,0.05456465790726441,-0.15571855289348221,0.18813139212952393,0.3619809712652589,0.1430487906846811,0.23054842759359392,0.012046423249062055,-0.16226126588026865,0.26044360753404217,0.5585081995860844,0.32163461385779973,-0.021345507464454405,0.3298436740853043,0.3776458773153348,0.4179227028338138,0.2664129881459923,-0.10425429779953989,-0.2832132526399952,0.24640320004864746,0.11080023015986226,0.5067520712104082,0.5915135211161661,-0.25102172088756214,-0.48365562659451455,0.42005716759174255,0.2908041913260884,0.223576325622106,0.2260276153410616
Frontal_Med_Orb_L,-0.4125406889534359,-0.07367284648751497,-0.3711275078351422,-0.1891321346818863,-0.08692033426941297,0.00970463949025545,-0.4401007595300129,0.061160687874692345,0.2569580984681606,1.0,0.33825647024366995,0.4577266022483123,0.4559176985809089,0.23921218582448606,-0.1435051664684314,-0.3126162970962751,-0.09032278543080738,0.06645653431169943,-0.1705825075018879,-0.1793112471933802,0.41505660091840174,0.0274859906482096,0.11004270687685998,0.30827587970971304,0.3001648138422235,0.12138481324827856,-0.24769077840547615,-0.37881138963637917,-0.4286002681823513,-0.34514362655238845,-0.34177564262311255,-0.26973369602829794,-0.3155183939522109,0.018997068481059715,-0.06510183932558172,0.18476483439226904,0.12292506236367239,-0.33417999674834303,0.24702416365009075,-0.20815495625044542,0.06738395943322131,0.272425731817555,-0.014260944658093943,0.2436088485215276,0.007493140166590762,0.19745576818929567,0.06316549504820425,0.23132094883089463,0.3880811385728039,-0.4618225627113466,-0.3161787820805037,-0.09599610646189534,-0.45363567482982764,0.3641177384271926,0.35609740567167775,0.35343294403344344,-0.09785164518079363,0.18670928931308114,-0.45694032109731,-0.11062208613274294,0.05354746270995331,-0.4865990399555462,0.28127803276471725,0.5842205832487746,-0.47536023357726215,-0.4961183845103965,0.3220658261325085,-0.04251825325721356,-0.030630118619732912,-0.43734754636847367
Rectus_L,0.0199832606280918,0.0906241038263386,0.0415177702322455,-0.032252654553535126,-0.03955504145260714,0.1472241073001949,-0.09233074802466934,0.4936600363262177,-0.0998418684216526,0.33825647024366995,1.0,0.8913673004757172,0.38612063297727206,0.5338427028441003,0.41896317907288233,0.09134460024595578,0.20235408635085636,0.2239552816604686,0.1940651920194259,0.1164458523745039,-0.019141814086405702,-0.12078117848343134,0.08860134826629869,0.04699610485237173,0.34740159020239864,0.3580796887321723,-0.3733106817827829,0.012150256552094977,-0.08681393208697527,-0.17523293375092344,-0.2753677711746624,-0.06709421872765374,-0.05500411895451008,0.31801384402088256,0.1387177902636959,0.4834085394614937,-0.10806728910433396,-0.31663351807312873,0.13145036898450632,-0.3289063108285625,-0.389614937257136,-0.05696591512597376,-0.2452920984164477,-0.06475914459210509,0.15522188003558005,0.2107547489306462,-0.06757416788332185,-0.25049664103972563,0.07001197849745577,-0.07077640733672341,0.011581673151718961,0.1233145604251217,-0.03678723586057459,0.023289857419749434,0.3608798580874278,0.49923467029238455,-0.012710010258750409,0.3733529241055458,-0.13683678853357967,0.038519156175523483,0.3393926812513373,-0.07339191499078669,0.38646989681042326,0.3429630584617316,0.22313799173797805,0.16725646176906514,-0.15710378678264503,-0.05434162725077632,-0.10580205410486307,-0.17066420826167708
OFCmed_L,-0.19416023930682752,0.0297789059786403,-0.19100238477506268,-0.1476305959505489,-0.03567976470470629,0.11408530596264647,-0.22942497026303074,0.45278169474764346,-0.018843311174475574,0.4577266022483123,0.8913673004757172,1.0,0.5172618386314796,0.58380200996013,0.39118566942421795,-0.019114395496936352,0.06966784294132326,0.14472059318104832,0.16847234501566516,0.09877047026228516,0.16121164663885124,-0.05986819712961307,0.09850339933376986,0.08564217760891096,0.3320596562770041,0.36650579746306067,-0.23559423882424807,-0.06409832469924824,-0.23905188619871443,-0.25913756225956,-0.3069795367157749,-0.030926641099342466,-0.12940303298110176,0.29828592348805766,0.12103065263158244,0.5088020151504924,-0.03008892016096494,-0.3350134024902965,0.29946785866562914,-0.27011034799476064,-0.22817636739523794,0.08759689656266881,-0.19003576858240115,0.04831119453788485,0.08576494058273039,0.14686659217676498,0.04111661973916554,-0.09095288250018672,0.17853545095521212,-0.20232357328254547,-0.08753581319537235,0.06813633708320303,-0.1614814442670651,0.07337086600861532,0.43479846949373274,0.5210219363716149,-0.059650475343943465,0.34822572693214476,-0.22601402085135314,0.0559612823641297,0.2847889551100369,-0.12109613280431349,0.47798575883768535,0.5285810781106699,-0.025975039877822615,-0.09744056560009728,-0.09319463339063848,-0.07127441562481086,-0.18565968090545415,-0.22259664233124368
OFCant_L,-0.37969857327847867,0.3752688310945061,-0.22837650288159186,-0.059818888667600136,0.423743347618118,0.587496117092611,-0.11225912476513762,0.5708697228041775,0.5126942118515525,0.4559176985809089,0.38612063297727206,0.5172618386314796,1.0,0.8746137215255916,0.5257634114779659,0.1422384802995922,0.18716036296272934,-0.02321295734081003,0.42478530601772346,0.4841130778193562,0.6055037539228868,-0.26355299332664867,-0.46391246656526175,-0.27003762754403277,-0.2643659007693323,-0.25002373015132695,0.2769004079350764,0.27168327571531103,-0.322911041144693,-0.3565699506500473,-0.22889030381967343,-0.30600569749933415,-0.23547975377079783,0.515089772987365,0.2883305046020323,0.4749520572057861,0.5386619508133342,0.04816554780607606,0.7225793118153218,0.21404769811974353,0.11432272580959221,0.44575879887354136,-0.37126251081257805,-0.18429456937488561,-0.0009748544400765701,0.19531855947747567,-0.2092453746427433,-0.24596936130529343,-0.2284950402651576,-0.3032795215917846,0.0653345505216273,0.5456933658610947,0.15535474913330993,-0.03847688800292064,0.39611096799062695,0.5490815340514644,0.2517317378313247,0.47178855982349754,-0.3728299885064577,-0.41128347219904726,0.312420636562793,0.057287264413043056,0.8369749213492413,0.8694203193503546,-0.23779463263024175,-0.4699882055510093,0.12873581127386927,-0.1285531147607671,-0.04180181380077499,-0.22140623260377965
OFCpost_L,-0.22235523744350794,0.469738390099671,-0.0027505541521257925,0.0903743508594611,0.5080609741365093,0.6947667225223694,0.10844770056823343,0.7722045513702601,0.429487479106751,0.23921218582448606,0.5338427028441003,0.58380200996013,0.8746137215255916,1.0,0.6429253617849056,0.36498698215197317,0.3781912634191753,0.15085599484388285,0.5930818699178503,0.6065088254965656,0.4512807746401594,-0.3414432264916024,-0.495178174679551,-0.3376475580972306,-0.30310530432589755,-0.2298425493853944,0.23620824537087332,0.4147322973009488,-0.21910641349832918,-0.3345220500641054,-0.20445329171919935,-0.2698805946386134,-0.18306736369869034,0.6487643497911294,0.3698263499501831,0.613588348386287,0.5410451529576518,0.11400766862250435,0.6990579014731875,0.2355148931634402,0.0006000772947336644,0.4089511050805428,-0.39695166528065623,-0.30204759183515356,0.06771840245007464,0.23497339584330365,-0.26459136482187534,-0.2885693576387633,-0.27853226253473845,-0.13785442248113208,0.2199326537415487,0.6763086344530133,0.34362871892712343,-0.12258342554766836,0.35154994918024374,0.616753939247598,0.32265157217487567,0.585121109669725,-0.3187403402224103,-0.42668321612378896,0.45904764191230135,0.14867293534030168,0.8428718507922519,0.7435899972046718,0.07593560985974614,-0.20394946229667177,0.013802167472178039,-0.09522384299693779,0.031834461759393855,-0.019118049516421657
OFClat_L,0.009890327977292997,0.47878616120998174,0.21852629189374598,0.22227292082850833,0.5178873333915556,0.6555142855063827,0.3814581448452471,0.6130957488821448,0.24652603546319785,-0.1435051664684314,0.41896317907288233,0.39118566942421795,0.5257634114779659,0.6429253617849056,1.0,0.5668766639702231,0.3777705124753531,0.18240601314053775,0.5812334665693987,0.6032851074518252,0.20212311534894545,-0.3424813429284152,-0.35327146114215213,-0.38666844946382545,-0.2334517572289405,-0.09658229866846842,0.23666014922340536,0.5162342777718112,0.025464407423191143,-0.0838015397729825,0.0077687399735080305,-0.06507379317193196,0.046837708421310555,0.6480476892918443,0.47051258767147436,0.5282716164256357,0.41730096698225966,0.2898732398702748,0.5272088978408063,0.2608221770205748,-0.047473879863478466,0.1756428218711372,-0.3921971371472569,-0.3669921753900185,0.024076523935526672,0.08168648354176455,-0.2823405334696192,-0.4140005411706036,-0.3774756914477831,0.12367835210273133,0.5225851446928059,0.6479271049950667,0.508366684095158,-0.30338138954829097,0.20000481286157684,0.4027051229675679,0.3607331216146598,0.42665101612392975,0.06107927432761654,-0.18316338980051353,0.47031652148972103,0.32690791072196645,0.5549691191974034,0.33700329199682627,0.3665627440584893,0.12240027020165592,-0.13822130482943215,-0.00828664698502658,-0.0399833632845376,0.14197863433454785
Insula_L,0.4273050187550211,0.7953199757121918,0.7171005487146592,0.6777748604676405,0.6933737967797469,0.5671826657808287,0.8390391377850029,0.6003411310140359,0.39532649945485654,-0.3126162970962751,0.09134460024595578,-0.019114395496936352,0.1422384802995922,0.36498698215197317,0.5668766639702231,1.0,0.7981667281842113,0.6387295100333563,0.70271594112233,0.6104565016041598,0.22494953310234958,0.05299829262514839,-0.062039301745851844,0.020961221242369057,-0.29855423488668403,-0.2408587322856668,0.11414488608818316,0.6669033893653139,0.4080338325237887,0.2555026410105726,0.31577859938722047,0.1166727738879611,0.417742423619323,0.7122683797600853,0.7797442405710041,0.4402295853626209,0.4559079261531702,0.6335730674553147,0.3016524422705887,0.4629684030110134,0.17688743399529508,0.2757730013240848,0.0287346792728778,-0.21432356837156516,0.4282278607826532,0.469583194411598,0.09363083975602154,-0.04248029955916859,-0.04770138865077576,0.44905071459986245,0.7220069170229692,0.6246529721305046,0.6951484327576497,-0.006280432621585818,0.14270785672982367,0.3180885997688018,0.5634353091079647,0.29265962984596694,0.377366354595513,0.026211631854214126,0.5692743567605578,0.32691166426314666,0.1955416003252086,0.034485708721567726,0.6161906771499004,0.3193794161311149,0.20497263217496703,0.35928938732408755,0.28409325028174987,0.4944395043613514
Cingulate_Mid_L,0.38262540488391183,0.7776058784457617,0.6960504925731315,0.7736865808411625,0.6736620222264044,0.51314733232364,0.7035310842520953,0.5316423623066558,0.5091161710026295,-0.09032278543080738,0.20235408635085636,0.06966784294132326,0.18716036296272934,0.3781912634191753,0.3777705124753531,0.7981667281842113,1.0,0.7597707423306203,0.7328950975442848,0.6266960424937088,0.32964213532100517,0.016132331554928683,-0.040306307063081276,0.20812634724767443,-0.27115800398227946,-0.29581771896285997,-0.026304039702979894,0.5956991795658788,0.28833962038813493,0.08184550206254489,0.18940150528702013,-0.012432790302108095,0.2884481542165222,0.6945610509067764,0.6924871842470263,0.511217216006923,0.5104805195589955,0.515860317953129,0.3496545902076639,0.40553118825275325,0.1623523522110932,0.4170766718968976,0.02637046071013607,-0.2522573329566485,0.514094166167376,0.657898204889378,0.10315976961718128,0.10102936338553853,0.0519555660956519,0.21978354877282738,0.5964712196373883,0.6318223017564722,0.5092453410754885,0.04183057709333015,0.2928841215977775,0.4918986368252815,0.4587461450897748,0.42914832506100065,0.11698658098681405,-0.14031268712107184,0.48681050265836623,0.12826557451260465,0.254488591934012,0.1471337553081385,0.4499350289092515,0.21035684040176436,0.2989972119428555,0.39321124532774193,0.2820163098994627,0.34300946290927
Cingulate_Post_L,0.24241522551752084,0.4960954217842307,0.5134230974078335,0.612480290967194,0.39691854531961357,0.25089872734405405,0.5657202300248961,0.32211364101013956,0.32458449230396796,0.06645653431169943,0.2239552816604686,0.14472059318104832,-0.02321295734081003,0.15085599484388285,0.18240601314053775,0.6387295100333563,0.7597707423306203,1.0,0.5042662759152693,0.3011154763097576,0.22714054964586058,0.10825978609963235,0.21994300568393851,0.4605799819951538,-0.003438237280824131,-0.05517786772536168,-0.19007761413930854,0.28225639022249166,0.15995407426175556,0.053108800572426694,0.11803896670301585,-0.016428993768483852,0.15320204449647398,0.5682504517698399,0.6475603628488467,0.4442060979817326,0.3437869033011359,0.3426055506600264,0.15174927313327996,0.20494560540391302,0.11723052550043724,0.32653616444588435,0.2065571529290602,-0.019109385905204397,0.46877700347828666,0.5695287636902918,0.2382227690788742,0.35657189626930136,0.3837248799241957,0.13612335329816724,0.4618253261246308,0.383746957617759,0.263334441851445,0.29629117919397047,0.45429902350333484,0.5051956097437011,0.3515004578471863,0.3812798795084943,0.08394685566739009,0.09796039685803387,0.5288153814667959,-0.09521398373647172,0.08327350854342883,0.06536720469654957,0.33283418761985917,0.17470667561615028,0.3052540568272323,0.3594750216986107,0.18788281755316735,0.2682561831617948
Hippocampus_L,0.1576589744700804,0.7401984109244039,0.4505734307216704,0.6076758529092133,0.8117035607354272,0.6574198509555945,0.5565481855519634,0.6293318302391412,0.6004551371997314,-0.1705825075018879,0.1940651920194259,0.16847234501566516,0.42478530601772346,0.5930818699178503,0.5812334665693987,0.70271594112233,0.7328950975442848,0.5042662759152693,1.0,0.8862978884513364,0.5427368340087605,-0.1557824414483925,-0.2934525151405407,-0.04136295018426116,-0.4801761417510344,-0.4393128964363385,0.32201805056963273,0.7601212545107844,0.16773054216880448,0.020362678536760808,0.22561403902844207,-0.03110335783203985,0.11023628830491863,0.7449488122171973,0.6305182453183048,0.4560137513143726,0.6392246643675622,0.6327620743858712,0.6678142747957431,0.6487170154211833,0.33725855556308343,0.5851842141907605,0.01211330926479382,-0.42664719260902584,0.2770468094377863,0.39160289317219066,0.05880768679113978,-0.002478010084478958,-0.18349329585852459,0.02641441816938957,0.5419806320689291,0.8049596975577789,0.5596924000289083,-0.2779433488122101,0.3641923993212876,0.5919287486383569,0.47451743669049984,0.505280038483963,0.014330677840200281,-0.3168419416374963,0.45164253914299607,0.34046509119368523,0.5961545202749987,0.40768079682179786,0.21499839186513606,-0.0632048922538132,0.16875358351506817,0.36104752302449933,0.14426986501124966,0.4089702844093758
ParaHippocampal_L,0.1504653271134185,0.6994607288880044,0.40008493298410397,0.5592783607117456,0.8072463840238772,0.7390298937763339,0.5258534248715159,0.6226297773854602,0.6009547970110758,-0.1793112471933802,0.1164458523745039,0.09877047026228516,0.4841130778193562,0.6065088254965656,0.6032851074518252,0.6104565016041598,0.6266960424937088,0.3011154763097576,0.8862978884513364,1.0,0.5007637978805733,-0.16216017121440895,-0.36947345256625364,-0.19413460886609296,-0.5670942756250317,-0.46468831156028845,0.4246864613916737,0.8747138299804292,0.17758740272180115,0.009102670903481923,0.24211966139887384,0.0299182161205837,0.1426320028348345,0.6334331112887225,0.48876282937391813,0.32678475485064684,0.6031911310069248,0.6587358952169935,0.7112475027426365,0.677329331889913,0.3085725545898741,0.5538451786031534,-0.11881924161097915,-0.47761874839314405,0.253999111726091,0.3762095464141808,-0.007294399739568123,-0.13936427023665082,-0.3802065590718626,-0.018733985318879418,0.49071515576176056,0.7698231369764669,0.5742421813042303,-0.38297172175709243,0.20760441810516947,0.4596084676392334,0.4204820840879969,0.3402291379524439,-0.02543512023475149,-0.45244793574469594,0.29688175148720064,0.43299157754563194,0.5860714000150945,0.4361352619345451,0.1579089262954482,-0.07046702486746304,0.1171869750532798,0.2772517094672548,0.1820916316380698,0.3812441445625191
Amygdala_L,-0.29675382032953274,0.4909656915610661,-0.09528462481693115,0.29237265797639544,0.6632918394440529,0.4136866755066783,0.05223585095765015,0.3156046712643915,0.8187217315858409,0.41505660091840174,-0.019141814086405702,0.16121164663885124,0.6055037539228868,0.4512807746401594,0.20212311534894545,0.22494953310234958,0.32964213532100517,0.22714054964586058,0.5427368340087605,0.5007637978805733,1.0,0.054224068958750246,-0.13578855723742642,0.2792199283273875,-0.3312685718491033,-0.34642746571133115,0.4075195640939645,0.25443982673303633,-0.22633008536713434,-0.1644030044730376,0.056086283248590635,-0.19929530373732499,-0.1169595212112398,0.43533636346155674,0.40886422757030855,0.24855242480360995,0.6742208343779792,0.3846007223237266,0.7922988714583555,0.5645200052204189,0.6949128390457578,0.8032100013803182,0.1785757191973784,0.06481589271176855,0.14888546621604273,0.3332897469666485,0.2478116914104456,0.37270835753489884,0.21999087334466386,-0.34598756685885074,0.09831548929470313,0.43517434502538666,0.07842575301170523,0.08565193289236522,0.4996674269116199,0.4906626851423013,0.3395775676513825,0.3440813900112644,-0.24369034521710123,-0.19002500856545895,0.27223638772179676,-0.014425475290283691,0.5773666197050349,0.7304126923866163,-0.41691800557827696,-0.6681925702890079,0.4889043058983149,0.27294674115019046,0.14297963870829966,0.0576165766537847
Calcarine_L,0.4794810649608398,0.15554753422311673,0.21429999496046429,0.12491935595948235,-0.08174603971215232,-0.3595701231313743,0.14467062928108249,-0.15487287008844336,0.06340921771380545,0.0274859906482096,-0.12078117848343134,-0.05986819712961307,-0.26355299332664867,-0.3414432264916024,-0.3424813429284152,0.05299829262514839,0.016132331554928683,0.10825978609963235,-0.1557824414483925,-0.16216017121440895,0.054224068958750246,1.0,0.7793304923727262,0.6039641670094342,0.3729399110197909,0.3622290750662515,-0.13053923160229458,0.0931571399925584,0.5752201305581733,0.6769004944780698,0.5484995037434415,0.6700893703914619,0.7515500080630776,-0.14125001363022396,0.1420604709129629,-0.38662109386566995,-0.33781725895899317,0.24862300587823652,-0.243631546943181,0.09896395539298644,0.2708370128378579,0.045526167959100236,0.4929559925735602,0.4544824929030695,0.6149579839820544,0.4254648880525982,0.8313587577719911,0.3010522727418418,0.4718646122187115,0.3733517127123948,0.016190482321121136,-0.4617885120781077,-0.018632237386693663,0.36671461235963987,-0.0008835400125038384,-0.38753011808271837,0.09917779219526113,-0.5915062668841333,0.6160260602438814,0.6715817554211153,-0.21286678680607493,0.185336246473655,-0.4779975024166047,-0.20087720248117227,0.00636625252019727,0.15310998381239282,0.3452811840443184,0.37156597890873705,0.2267491247596405,0.18363854050424663
Cuneus_L,0.40164281176852434,-0.0700083253734928,0.15119734682148547,0.10111976344453927,-0.2709571821769242,-0.517739729177624,0.014986375510356994,-0.286152319736397,-0.14564200291017615,0.11004270687685998,0.08860134826629869,0.09850339933376986,-0.46391246656526175,-0.495178174679551,-0.35327146114215213,-0.062039301745851844,-0.040306307063081276,0.21994300568393851,-0.2934525151405407,-0.36947345256625364,-0.13578855723742642,0.7793304923727262,1.0,0.7573413161642633,0.6720463800310904,0.5238542261784903,-0.39691378550565015,-0.18692055689246043,0.3989622950372974,0.5471789374142435,0.40708830236753996,0.5914475313085646,0.5518230414980917,-0.24181042425496402,0.06461464336139322,-0.29923573815722,-0.47645795246593453,0.01105054354116116,-0.38742428890691355,-0.1486846962362423,0.09664184450234674,-0.1132898426177943,0.5026687654323619,0.49694594064044406,0.37310643461979515,0.21675096403176525,0.6778932047270002,0.38642074385054287,0.6212613125870817,0.20872030823258117,-0.05456145703259637,-0.6160799819647627,-0.2787831445500292,0.3594853930371799,0.08644456982190676,-0.2628363830604765,-0.0768273065542528,-0.4347265663011832,0.47484990968768387,0.7554153448708816,-0.13547564143337984,-0.11437454470843063,-0.5769486135452436,-0.36985846713212117,0.03212444727531624,0.20785782720568982,0.23976093532720166,0.35442647932748816,0.03194345816243275,0.06921662309947856
Lingual_L,0.16503793468934128,0.013024817662634077,0.099976619196839,0.3388173333333782,-0.02924546152099316,-0.3304298139962862,0.039179188220334796,-0.18652795313128392,0.14595353646673137,0.30827587970971304,0.04699610485237173,0.08564217760891096,-0.27003762754403277,-0.3376475580972306,-0.38666844946382545,0.020961221242369057,0.20812634724767443,0.4605799819951538,-0.04136295018426116,-0.19413460886609296,0.2792199283273875,0.6039641670094342,0.7573413161642633,1.0,0.3348477758341859,0.1765981133464048,-0.3239302140975013,-0.1696082737494724,0.11453188209427274,0.22125923005783524,0.2204735985976096,0.2367866327487993,0.24682527405631777,-0.0588197753322335,0.22939400108117913,-0.07535464190639148,-0.06856510936392633,0.08318668140977555,-0.08603917143363855,0.020366192418861912,0.3239659318875643,0.2939813414952675,0.5982462800772659,0.49667719309588176,0.4696672625567553,0.47337856238478054,0.6927975867691349,0.6935235889927677,0.8227723454120479,-0.05776777977702199,-0.04633951783155788,-0.3543219630211944,-0.34248545072841247,0.5127479814395963,0.38148090949629826,0.09702865152678487,0.023607111921562972,-0.07234555334636622,0.1392856178682976,0.5197385515911019,0.01960659440632947,-0.3238604551038626,-0.33737325571745785,-0.09158611730024764,-0.18967953827135733,-0.08853714717945062,0.49024785532973864,0.4491543512863456,0.1310901083427978,0.05315165814118938
Occipital_Sup_L,0.12014439800486532,-0.26217568371573047,-0.12721903441209492,-0.3313958723587122,-0.5083060323306382,-0.4775068001082074,-0.3027351659248002,-0.2427379534957832,-0.36541899554076107,0.3001648138422235,0.34740159020239864,0.3320596562770041,-0.2643659007693323,-0.30310530432589755,-0.2334517572289405,-0.29855423488668403,-0.27115800398227946,-0.003438237280824131,-0.4801761417510344,-0.5670942756250317,-0.3312685718491033,0.3729399110197909,0.6720463800310904,0.3348477758341859,1.0,0.7161565941743209,-0.5653117226276299,-0.4495630884758066,0.07932068695385691,0.19979596899222052,-0.027388746233994482,0.2693724919197303,0.22490193576608467,-0.3149814010570181,-0.15459189823923236,-0.1213414311025825,-0.5753697830973888,-0.428570569417209,-0.46255216936217664,-0.5201205276645327,-0.26308946673101363,-0.39634839998124666,0.04269263075139109,0.3563039674249175,0.04902228024882601,-0.058005250743508784,0.2014791006375215,0.007188732057870184,0.3252908047305266,0.09460011384578525,-0.24824214893087698,-0.6054502244984121,-0.40865388012913323,0.232503842566969,-0.024962458145212543,-0.20667584846719952,-0.29913912434268486,-0.3067324765165672,0.20523174639472805,0.5250616764244537,-0.11964192093646481,-0.24936527936411337,-0.38305715355034453,-0.21678520362613582,0.052076566468893616,0.1814760745192193,-0.10141228223995888,-0.09640805715115673,-0.15338419331439293,-0.23027993109751518
Occipital_Mid_L,0.13676818760435555,-0.23244530375044292,-0.08583558977393149,-0.3363809687926915,-0.4414966001783671,-0.3854003046008323,-0.1886125111937229,-0.1453554805977727,-0.38161039662628665,0.12138481324827856,0.3580796887321723,0.36650579746306067,-0.25002373015132695,-0.2298425493853944,-0.09658229866846842,-0.2408587322856668,-0.29581771896285997,-0.05517786772536168,-0.4393128964363385,-0.46468831156028845,-0.34642746571133115,0.3622290750662515,0.5238542261784903,0.1765981133464048,0.7161565941743209,1.0,-0.3462476260325834,-0.3378647467638535,0.1323921502876994,0.20186679937645594,-0.02586699007742716,0.3658375023983576,0.25378462184738376,-0.2286912321412422,-0.1811621572156396,-0.053069675450786315,-0.5177009362778493,-0.34576830183945545,-0.4162727006458324,-0.44945486766307496,-0.29937428747262995,-0.367284243280586,9.731124408596015e-06,0.32480044447683176,0.10982932370483182,-0.06740751633190635,0.19570190095048526,-0.014771472141928685,0.27341821884672196,0.2508643129029752,-0.13479103927334007,-0.4899447422367664,-0.18552988365086479,0.2288967996662407,-0.10596938615694772,-0.2633883518796993,-0.20812075688587348,-0.33931247807865134,0.2661598843612173,0.5294422645137289,-0.0696448449894755,-0.035991042660173694,-0.34776820044259327,-0.22280657015843816,0.13309495857283993,0.2962167441699625,-0.1538185222791274,-0.17577551647206058,-0.10018220921354813,-0.15614144284774875
Occipital_Inf_L,-0.2627011836464333,0.2199488346515269,-0.14172243400265075,-0.02802346145740251,0.4402221209741276,0.2970509329923334,0.014971564029195819,0.15479630060062236,0.3880781354394301,-0.24769077840547615,-0.3733106817827829,-0.23559423882424807,0.2769004079350764,0.23620824537087332,0.23666014922340536,0.11414488608818316,-0.026304039702979894,-0.19007761413930854,0.32201805056963273,0.4246864613916737,0.4075195640939645,-0.13053923160229458,-0.39691378550565015,-0.3239302140975013,-0.5653117226276299,-0.3462476260325834,1.0,0.3286248596952594,-0.13481498073791282,-0.11049689031951725,0.11112845453386941,-0.045057768536562445,-0.08917482349890805,0.16072272109463945,0.09079980570632035,-0.03581065104488835,0.44012292136158765,0.35836225438276637,0.5084831062425894,0.4838356613850285,0.4667126431765888,0.3514912978747706,-0.020332414966827285,-0.04574786757967345,-0.14377959056867334,-0.14737547399721135,-0.06433338274715455,-0.03036458802223944,-0.30379320555098216,-0.11407592309741328,0.13804231542605774,0.31574436224427865,0.2831473293266342,-0.2838105531145876,-0.04261963864884501,-0.045525472950270464,0.17536872205806173,0.050301367412023165,-0.06951681591390459,-0.2366078627016738,0.1084826353889848,0.3144120291858822,0.3354769923359432,0.2721575491343404,-0.14521858495387238,-0.3191364695487311,0.03415900079629622,-0.01907527147111686,0.06815391780158304,0.21511246226322306
Fusiform_L,0.4100673708351401,0.6932464358891335,0.5586425066180689,0.5524056039445479,0.6404956448089981,0.569358435122358,0.6344186530048083,0.5373078722224871,0.4128064210700477,-0.37881138963637917,0.012150256552094977,-0.06409832469924824,0.27168327571531103,0.4147322973009488,0.5162342777718112,0.6669033893653139,0.5956991795658788,0.28225639022249166,0.7601212545107844,0.8747138299804292,0.25443982673303633,0.0931571399925584,-0.18692055689246043,-0.1696082737494724,-0.4495630884758066,-0.3378647467638535,0.3286248596952594,1.0,0.4762418469826141,0.2971514103776223,0.43724710512545656,0.2547343178526642,0.4311253630087714,0.5442455395754866,0.4831533009480106,0.13177782330120835,0.3411401061875038,0.7132178563832242,0.4082077051669202,0.6113849395405839,0.1761536890655897,0.33197422680368494,-0.04295419999891113,-0.43973675869977846,0.4243112194036169,0.4466208334068556,0.14338800258389117,-0.2602999005673183,-0.40735076894844247,0.2534389550877788,0.5510651163240062,0.6133099139772318,0.6715559581407172,-0.3201937010997648,0.04066043555878585,0.18705962022507866,0.4527300166939869,0.07054532493902234,0.2816161881909349,-0.24947363604128503,0.1960768896914074,0.5738514063596959,0.32114000727296566,0.16872277133614957,0.33892619235903126,0.20394976480844257,0.11370807571296225,0.3004046794013121,0.2257771616703414,0.45385411981250207
