,Lingual_R,OFCant_R,Red_N_R,Temporal_Mid_R,SN_pc_L,Amygdala_L,Frontal_Sup_2_R,Thal_PuM_L,Occipital_Sup_R,Cingulate_Mid_L,Thal_VPL_L,Frontal_Mid_2_L,Caudate_R,Cerebellum_7b_R,Thal_LP_R,Red_N_L,Rolandic_Oper_L,ACC_sub_L,Precentral_R,Calcarine_L,Cingulate_Post_R,Temporal_Sup_R,ACC_sup_L,Rectus_R,Cerebellum_6_L,Fusiform_R,Olfactory_R,Thal_LP_L,Frontal_Med_Orb_R,Vermis_6,Precuneus_L,Cuneus_L,Occipital_Sup_L,OFCmed_R,Raphe_D,Frontal_Mid_2_R,Cerebellum_3_L,Thal_VA_R,Cerebellum_10_R,Cerebellum_4_5_R,OFClat_L,Cerebellum_7b_L,LC_L,ACC_sup_R,Temporal_Pole_Mid_R,Occipital_Inf_L,Vermis_4_5,Caudate_L,Frontal_Inf_Tri_L,Temporal_Sup_L,Frontal_Inf_Tri_R,Thal_MDm_L,Frontal_Sup_Medial_R,Raphe_M,Cerebellum_3_R,Thal_MDl_R,Pallidum_R,Postcentral_L,Frontal_Inf_Orb_2_L,Thal_MGN_L,Temporal_Inf_L,Cerebellum_Crus1_L,Paracentral_Lobule_L,Vermis_8,Putamen_L,Parietal_Sup_L,Thal_PuA_R,Pallidum_L,OFCpost_L,Cuneus_R,Parietal_Inf_L,Vermis_1_2,Hippocampus_R,Olfactory_L,ACC_pre_L,Calcarine_R,SupraMarginal_L,ParaHippocampal_L,Thal_IL_L,Cerebellum_6_R,Frontal_Inf_Orb_2_R,Thal_PuM_R,Cerebellum_8_L,Thal_VL_L,ACC_pre_R,SN_pc_R,Occipital_Mid_R,Occipital_Inf_R,Postcentral_R,SN_pr_L,Vermis_9,Cerebellum_9_R,Insula_L,Thal_LGN_L,Supp_Motor_Area_R,Vermis_7,Frontal_Sup_Medial_L,Angular_R,Temporal_Mid_L,Cingulate_Post_L,Temporal_Pole_Sup_L,N_Acc_L,Thal_PuI_R,OFCmed_L,Occipital_Mid_L
Lingual_R,1.0,-0.3339076985136143,-0.3600464162457643,0.26767689844012404,-0.22967062307741387,0.09984089554692185,0.11613154427873118,-0.061501344791840815,0.4398579852513587,0.18517248783262302,0.3318599022459434,0.1446761722702604,0.19272608269611585,0.4016881797672055,0.23267604559020075,-0.27182957244298606,0.45079710740138124,-0.19175426353970695,0.011700546294359094,0.796886218877664,0.12969156866089832,-0.06727138232171355,-0.09029694749557082,-0.07228032559804551,0.611467491208126,0.5915645640482619,-0.0909438496394809,-0.08992952311241714,0.05176898887511999,0.6012925169361163,0.3539903728948428,0.5866649546705187,0.5053118146406578,-0.06939838717806354,-0.3768403087320931,-0.2122597572556893,0.2243238971309656,-0.1211422226992961,-0.26797429466018824,0.43675496740197783,-0.1391361848730529,0.28249190011025027,-0.13513525620168396,0.06465097839507167,0.256927146656459,0.5307383119334588,0.755649606079257,0.32259967524450917,0.06323823413444676,0.1342091215949335,-0.2655324639203706,0.1523940448899601,0.1674480689364336,0.43118251895281834,0.24689219832954315,0.03960601947475988,0.3267933794262372,0.17828481741448154,0.003660802121185608,0.06543138479263402,0.16356401844158053,0.5505259093809531,0.21783733495966565,0.4846644235317521,0.25813268665475264,0.16553334513327628,0.3198624002495858,0.20676308474641406,0.15002374897613632,0.6328272571458424,0.15549907634882898,0.09618767591881683,-0.1501194581339667,-0.2707127112166005,0.06122728078412012,0.8607567967024238,0.276953171957203,-0.16207707143808325,0.18531667792551837,0.6405139597520161,-0.1032408319702505,-0.2533761169296626,0.4472971767794489,0.16012557521141832,-0.08483041126614126,-0.19906032666323778,0.41657449157590504,0.39700843304433536,-0.044566724656649015,-0.19193703684607163,0.5861469082166192,0.44230811164258066,0.43435387353847876,-0.13430699804936655,0.27533734518752534,0.6389884907985386,0.25454619769759085,0.14308053179489585,0.325086689458764,0.2959534808868564,0.3911759705744453,-0.09200293493708121,-0.04090557583177691,0.14238635990296883,0.5692792430557168
OFCant_R,-0.3339076985136143,1.0,0.5965530322271334,-0.16274784432569364,0.6291663556702549,0.16878853383268833,0.1450950043145698,0.21595395983845056,-0.4360450169907802,0.20192511327643703,0.02283686495524086,0.4746998606420717,0.25105446128011105,-0.272543064030639,0.12678125252386663,0.6715123484877298,0.09265022446145621,0.5128073358249506,-0.1993201050715218,-0.3708501346854973,0.356055344077931,0.4249899330340017,0.36727912079907593,0.1838877002751226,-0.13016655048165665,0.07094585282992762,0.5951377242267065,0.38993621362925535,0.04313035681403019,0.06613966054597516,0.23885078324937048,-0.10674462163112722,-0.324514614565982,0.6444337263621527,0.7098879856563114,0.29960906823014516,0.2464876718726663,0.6158257098174544,0.42941564165994756,0.3663346234033338,0.4671199695937822,-0.41533622183939034,0.43200957820727565,0.2987040142416133,-0.36657735540122266,-0.7515031710733111,-0.09379116096077028,0.057838476041263895,0.32675742641728894,0.06120111841787103,0.4288417467504317,0.11793138546728606,0.4276342868830375,-0.632400306921499,0.3273409120841391,0.54816666072776,-0.23864805297049585,0.0687963188999539,0.5071035953637817,0.25960308999956255,-0.24447109243559428,-0.7177922686330837,0.38469713111849035,-0.3526523916937742,0.23578492461085435,0.08730220757554603,0.059663466959613984,0.28886181720671295,0.4160035283286489,-0.4008136215688944,0.19434072890651116,0.3327553831158759,0.6536746357784713,0.6159993626850899,0.4384458253240506,-0.4779191612573612,-0.07248025516299013,0.5409579608562737,0.2615807678687208,-0.3422887086569342,0.6099148949003131,0.610773007847071,-0.5053523509010932,0.3596454908166232,0.6973140459266716,0.23541464617642255,-0.4954013894077084,-0.4969092203194261,-0.19735675194869223,0.5991638291268435,-0.31903140829650634,-0.508591537068172,-0.25870983641281275,0.6649675770310493,0.18939497781619286,-0.36601500334528797,0.3647718588525277,-0.24368516002447582,-0.36376595572816,0.3310476813594093,-0.43109869150581553,0.21753403928457596,0.47614277744356087,-0.019296204975227632,-0.5424357490268563
Red_N_R,-0.3600464162457643,0.5965530322271334,1.0,-0.6696355279767048,0.5066039301667291,0.39795253863412683,0.4334346544717868,0.6564048744150663,-0.5164540169688309,0.291721278854185,0.14938234750693813,0.46457976196626694,0.22986654356247388,-0.6557068476443672,0.0787680595202483,0.8244143036163765,-0.02773897304346999,0.2439550411671417,0.25079450987302987,-0.46050174931640425,0.4679256659845075,-0.040517904994034445,0.6219932110845697,0.2606946321001884,0.18461245931903292,-0.18907073053043272,0.16378977913393275,0.6954964671460144,-0.08995032512013457,-0.03667808929794739,0.004779511011796238,-0.31393476114735663,-0.47263637019200605,0.10859496845504435,0.7076854691629118,0.6430251152056449,0.38009620970803426,0.5229815939700843,0.5864673647409829,0.2371808763060246,0.6847982369778065,-0.21528613271590805,0.6335582628636893,0.3537774827643364,-0.41383549429100913,-0.5579602921015537,-0.18260535232362018,0.24817730273587332,0.5667719720731825,0.3689249193858902,0.30120135401790993,0.17853866029898993,0.08954245953943411,-0.6075965297484943,-0.059618946329823154,0.5586463368992735,0.1260063920369968,-0.22321789466437164,0.4728266375014153,0.32516608643165484,0.24839884168875348,-0.43626866850439233,0.15612235349166403,-0.4204814028842347,-0.10899381283342098,-0.23323770828855267,-0.07098439090898477,0.3137819050292068,0.02700586691375481,-0.5351831376069095,-0.17412592306265687,0.3331743326943251,0.2232132244769734,0.6551490159553911,0.09677253140145524,-0.4835646063443847,-0.28027579182519313,0.7740650768250633,0.3961651592970812,-0.6149073390469822,0.08667735162993359,0.6788592099545356,-0.5385574137343816,0.3852718922589825,0.43843599954992535,0.5947627276568516,-0.6908229348099835,-0.7158499593936807,0.20085655467022226,0.7047818672809878,-0.3379189757349715,-0.3838119449906906,-0.07192805468215842,0.4358351377912575,0.24540009325294423,-0.5547089636789065,0.12178708879288715,-0.16062024523440505,0.016516319136517018,0.369078034196849,-0.16894949479653013,0.06629991239669644,0.5539382494593361,0.1617122824691191,-0.571744077257488
Temporal_Mid_R,0.26767689844012404,-0.16274784432569364,-0.6696355279767048,1.0,0.05638752710051943,-0.6039921040638137,-0.49255787350585883,-0.5922185354557059,0.3077754465663333,-0.0943978349422656,-0.01982722701622045,-0.23363266312647596,0.046975383915959346,0.7750422608354054,0.10578342815028946,-0.5937581412056139,0.29458421172300087,0.029392764948752634,-0.5330519615888999,0.36324425336493876,-0.15913549610193684,0.6053174107779321,-0.4186015729567853,-0.19631073642713934,-0.38340909571632076,0.5410847384653011,0.23813455058195826,-0.6049735061656294,-0.08526926614042,0.06432392419457007,0.14911696853048328,0.3601752712104352,0.36111822557887385,0.18346070456358857,-0.3623378352410609,-0.5923751144391212,-0.3272274240948539,-0.06078743666747378,-0.5221129195383568,0.01564444340390244,-0.8042025230280376,0.028976559947360578,-0.5346004602040855,-0.06550304805781237,0.27788822246764316,0.14325951396239686,0.2996518692786806,-0.3252402942956031,-0.5917425983499089,-0.6098977647010154,-0.10328062285275992,0.0033494004803133848,0.2479996977202033,0.4643416125881731,0.479372294845153,-0.21482165365198322,-0.3117476689034399,0.4766466036716191,-0.43524134178238905,-0.16757964437822154,-0.6812525378233131,0.03284192295686065,0.06658357137595018,0.42652285177558863,0.5120750115858,0.35857783324858483,0.3865156085655704,0.00042186664936666414,0.15308391600481888,0.4569801382693688,0.4704691129343356,-0.17672524231931172,0.36349413703813255,-0.4664404248928719,0.13326364386259035,0.41673762860011493,0.37947304884356087,-0.6869420531238852,-0.21151486847091128,0.7226989766055107,0.49505855063288684,-0.3063793200990595,0.47016323623392664,-0.05005663159130841,-0.0864483264261668,-0.27250321157471397,0.5470156049179368,0.7888912814149496,-0.5084044832321442,-0.38781864989679704,0.3415700642659435,0.1852406654688073,-0.10421170398075592,-0.01230810542731685,-0.1486364361753604,0.5372850765707528,0.07789684703606431,-0.01782986135560119,-0.46683296712572403,-0.11245591990314123,-0.26116488155251644,0.15357747544213898,-0.4413164815517274,-0.2401052224981868,0.27287455321217935
SN_pc_L,-0.22967062307741387,0.6291663556702549,0.5066039301667291,0.05638752710051943,1.0,-0.08786569097614991,-0.022685025022188277,0.12474543667068008,-0.36706416424845834,0.26666057404813726,0.14482904017765275,0.31086364144243367,0.3415504017243068,-0.10129762721249597,0.20731411622547782,0.48038608939555266,0.1801460122968162,0.4081257081339464,-0.2545114319332306,-0.27236272520178073,0.42999802974810397,0.5385697233629452,0.37700864024855696,0.10215770684292315,-0.13533915849853406,0.24618509296553198,0.5348466012529238,0.23241057330294476,-0.14784797601906785,0.008566784038353993,0.188275849184326,-0.02971201377698478,-0.29746370613693,0.43709766316040344,0.5211686805408473,0.19546856520348987,0.049582421578116556,0.5787956443999644,0.17493678274161037,0.326843856768175,0.13967365555649908,-0.3614229826899194,0.19528610104692756,0.39402477861305174,-0.3174625497527493,-0.6868017252791114,0.047721607794164976,-0.06241926024154228,0.17483187568404546,-0.07020144593657324,0.30545032844337067,0.07748495354026017,0.4230842472297232,-0.29890798498673454,0.4033315308632195,0.5132174425211513,-0.2745807763955914,0.13931007578729934,0.2825270484769799,0.2302355420793455,-0.40648919577843917,-0.5976419022317846,0.29734236383613677,-0.0663158112004418,0.3373162241113174,0.10647271519724422,0.21556034833932902,0.2931711377650071,0.3775295169587352,-0.27070530728713044,0.2551329202864506,0.2685409719609874,0.6200723076890851,0.5078716674586401,0.41062074155317946,-0.3217341324146506,-0.01792988194430399,0.3426316663103734,0.2698261022965627,-0.0688221177349429,0.6400668815702021,0.4887513231961028,-0.329537916924353,0.40801043307614365,0.5650603382831167,0.2399829850839354,-0.3721007725809487,-0.17612465671145067,-0.2986582697446083,0.4750961359338162,-0.06190784391719663,-0.4632463338612805,-0.19788442950686103,0.553267604045341,0.0810336985303497,-0.11928629252694865,0.2956760350971842,-0.2540548980871525,-0.49421861313866444,0.3323602426646737,-0.52040237325417,0.43280508892743813,0.2449773847872374,0.06306408971508946,-0.5248594355086093
Amygdala_L,0.09984089554692185,0.16878853383268833,0.39795253863412683,-0.6039921040638137,-0.08786569097614991,1.0,0.5246242877387133,0.579366589412305,0.05125376589599918,0.29212365930227346,0.022341446478801204,0.4235990537531833,0.15015346301366023,-0.4983288386507945,-0.09160935390648677,0.3528647391314483,-0.1421472641571115,0.06742870795440155,0.3280453833324063,0.10636386032538653,0.026717131491331092,-0.3943395715654054,0.1220331951571065,0.19803014170153319,0.51633280990737,-0.17290636409168322,-0.04447919680768283,0.46606924066890104,0.10264732441581714,0.1524307505282012,0.23212965853698175,0.02799898474910579,0.06616097455545666,0.08973038363982117,0.18442448886420557,0.2556687457880123,0.5799223680391982,-0.010294000114620517,0.25612830208947684,0.11600926792254437,0.7819761823511102,-0.09543127223934111,0.40950342486125363,-0.028771163884740117,-0.267672949210494,0.06904454496561904,0.05088025583772963,0.6188451638714859,0.6988954037841187,0.697641897394443,-0.0034746646425707142,-0.1542595378370477,0.2171664976228783,-0.12317119790115294,-0.1417547121160719,0.2824167640298911,0.3764287919752541,-0.27101573870395235,0.5056960929921523,0.2250993140387013,0.701146725717425,0.14479095010459972,0.1627156522959868,-0.30318226999288994,-0.2852986875265144,-0.08058738110820508,-0.19224745035728674,0.10791498555904554,0.30390666441406056,0.018364793437874383,-0.20335710731981357,0.4026272788160099,-0.2532158859157357,0.5517500856659983,0.33766914573892476,0.026685733233316765,-0.07605921739722447,0.6626556020107456,0.31713975943400213,-0.36011520859187274,-0.33467845238727434,0.16879963250934174,-0.26076277082214816,0.055008155879156244,0.3922150269617106,0.25781639673942647,-0.20110891417062524,-0.4663207491854691,0.3194868384157992,0.24162788840893462,-0.09447358551038919,0.021650719607732443,0.5321200239171126,-0.1813173708721463,0.3089285706006955,-0.2548268972580032,0.416753257158452,0.11151976830912688,0.6669601370849404,0.2908498598633087,0.6408715993965299,-0.08837287740606989,0.33176849535965336,0.2630958639376612,0.11761598897783064
Frontal_Sup_2_R,0.11613154427873118,0.1450950043145698,0.4334346544717868,-0.49255787350585883,-0.022685025022188277,0.5246242877387133,1.0,0.526864082597923,-0.04657385983036208,0.30317685363750185,0.2649847154777973,0.6439639209860547,0.186332972632842,-0.4545594340910983,0.15698521134800628,0.37855551093646517,0.06661478682642694,0.024460791193477677,0.5546926717828119,0.0658995011639232,0.3177245385577082,-0.28227830079383415,0.35965897587123,0.1686811041611374,0.4422215861508575,-0.12952468217494587,-0.12866079364036323,0.47358043580750786,0.07884002888634078,0.04201071445376934,0.1538758865533272,-0.010733864192519937,-0.05261830948832146,-0.08741830565807951,0.16106881000683373,0.6514654197371822,0.46471193421848556,0.16949676235996503,0.35553456628094615,0.19572627842049847,0.5732564705519527,0.06573982582380176,0.4048567976254905,0.25780873434173346,-0.0976846263499054,0.013726622290580522,0.11063642760570472,0.4769086244226759,0.5851848733033499,0.443233541157925,0.01873036318611827,0.15409080796417332,0.21039740375844115,-0.1708995742948033,-0.14191532490276965,0.35855103966997764,0.4735472731403435,-0.20808324211620388,0.3782696849042607,0.24593766761756622,0.5060511409984457,0.10645550542010115,0.2584685708761871,-0.22048790764436857,-0.11812201580764371,-0.1773464006576425,0.1350357510267702,0.3209817016210052,0.10660025898039376,-0.10891109720036957,-0.23671241184097905,0.36736873239112033,-0.2266727342379688,0.2811434053945859,0.1208446979572844,0.0649600538998698,-0.16727615414970182,0.5591169603770665,0.30830313226052153,-0.3273726640676083,-0.2538576817312663,0.24386245642706256,-0.18047305032554228,0.3296070658804522,0.25786339476099024,0.2330963271420958,-0.24220163627381835,-0.3490617570417224,0.42018621251456867,0.3039828094199761,-0.12978605973228563,0.058410980275068074,0.3342372716300297,0.06831416819548945,0.6121781138985097,-0.20602155090894073,0.2732643256303136,0.21612919882598025,0.44590041242534867,0.39024349679702885,0.34590768704067587,-0.14700005165445781,0.39500915341408743,0.32341379600017794,-0.018116016196598448
Thal_PuM_L,-0.061501344791840815,0.21595395983845056,0.6564048744150663,-0.5922185354557059,0.12474543667068008,0.579366589412305,0.526864082597923,1.0,-0.4261267230740482,0.21677761902455514,0.31169653403814634,0.3835516904224438,0.19398336507511768,-0.5077642885974223,0.09284629279406759,0.5511645346069686,-0.03158929378194049,0.06050672702978266,0.24325954827033708,-0.18611095908770794,0.4080256921262197,-0.22857060676825877,0.5268779372789087,0.22692628573150012,0.3827753330721951,-0.11742402929324121,0.0804693398650831,0.8249406292255358,-0.04904183119939748,0.013998625373463426,-0.22965487613615318,-0.4006377506465029,-0.4032645247701301,-0.1727827179306943,0.44277104888738533,0.5561517134166752,0.4949533935438154,0.30011911282056997,0.4091747473094509,0.042526894682244236,0.5701550012922454,0.061443928394984276,0.5853184191952598,0.2673901405781759,-0.11443258647160134,-0.11291526510798476,-0.14841495369486848,0.46440375344305806,0.5939331079997837,0.5106563717134506,0.14875909185589395,0.13323673594671376,-0.012495137563116362,-0.2659433384912121,-0.22659389159485985,0.4497759145872342,0.2408447348379824,-0.43412551490217505,0.43040154460640484,0.2205943285678041,0.5594362038103318,0.11115107329300232,-0.09314996284137673,-0.1160548428071806,-0.21708375201226157,-0.5181728811135984,-0.06443994620508411,0.24972428552958395,-0.013621625985741488,-0.39254751614872097,-0.48319417146829885,0.43286678855249594,-0.04477142976624434,0.5287119061827317,0.0004007948495100018,-0.13910019251379746,-0.37228224531160675,0.6352905197557117,0.5597529777297745,-0.3299523951728773,-0.18849958611976747,0.6742565003588,-0.13650353811761162,0.36822394366471284,0.2679112909464066,0.3912445929697279,-0.5856220778039909,-0.39314311664793006,0.14971244617436041,0.46692555053660206,0.01112140002541193,0.10048533848381414,0.3132544957167965,0.04306961447500357,0.27169077039719747,-0.31870924264603895,0.03259369861589571,-0.2233836316457397,0.37966121909483025,0.2963803842985472,0.25660609298298587,-0.03822134741269439,0.4616117133616474,0.12333828415718477,-0.3328983563291875
Occipital_Sup_R,0.4398579852513587,-0.4360450169907802,-0.5164540169688309,0.3077754465663333,-0.36706416424845834,0.05125376589599918,-0.04657385983036208,-0.4261267230740482,1.0,0.18146423680641785,-0.04700625325913452,-0.08547994272930848,0.0806019963340657,0.1697308351319228,-0.01979610098934731,-0.5132497786908651,0.14844184524819837,-0.35709339607405777,0.3027540812818914,0.5664826410248888,-0.385968587548297,-0.10666151369598585,-0.5104075546361168,-0.06931342219123839,0.10599233999114112,0.05585942942450934,-0.2329464916520465,-0.6259775676112385,0.11140699736216055,0.05545748791196478,0.5255590451156588,0.6422463750332232,0.8699592091988796,0.019543582900868127,-0.5848911641501094,-0.4234789563285349,-0.10427755445489861,-0.4017810093894847,-0.38485662070174603,-0.008189086404517905,-0.12977969190525307,0.2838423844097563,-0.49106308904803264,-0.20879733115143514,0.07521794304194035,0.5663207672324709,0.39520461903478105,0.22167670692982291,-0.08150276424808062,0.08324398488071179,-0.22073532186957634,-0.1140629330497322,0.07790890284130539,0.6149068040067563,0.10769390288789209,-0.24589845033524185,0.3490923722254994,0.39974427021916054,-0.14076588561781825,-0.059900847458155326,0.08098295366581504,0.32097150026789484,0.21654564345190103,-0.02608253415374875,0.08812715136146927,0.6717493168922527,0.22485816265934047,-0.10436930117616129,0.09071145113859481,0.8302220099869371,0.40884663783068215,-0.3226844033167343,-0.3061164726662466,-0.3281643324737407,0.15850074822547333,0.6201707238175799,0.5132349803533502,-0.34510812745245495,-0.14098103912960414,0.18499210218267048,-0.18059805583087996,-0.6969227333330748,0.24038402828816935,-0.24711772130795356,-0.15965042018188924,-0.1143142852767363,0.888456347032938,0.2317683999280126,0.4125392828591724,-0.4870812174258245,0.10774117919995407,0.3153876341179411,0.4755663692905538,-0.4423693947544497,0.0699727811176888,0.24233491553245273,0.25053155100258434,0.767238714092017,0.37397630439623036,-0.1580290344615137,0.48496568682447466,-0.013209985703906432,-0.30533990028998237,0.1386232975655284,0.8607921483568055
Cingulate_Mid_L,0.18517248783262302,0.20192511327643703,0.291721278854185,-0.0943978349422656,0.26666057404813726,0.29212365930227346,0.30317685363750185,0.21677761902455514,0.18146423680641785,1.0,0.08747038560893358,0.4725103019285514,0.2482359565149443,-0.2508287076397744,-0.025484138230876967,0.30170419308885443,0.5273537745011805,-0.10840704470302867,0.22742268696208115,0.17756147696074356,0.2733308950393188,0.21337786563840558,0.2774760911122805,-0.019047831199866905,0.3050826125276053,0.29352706828657116,-0.01565741981125594,0.0908925081988197,-0.3317196884151904,0.15953387481266246,0.5213177915263584,0.12249486776919198,0.21420346238378424,0.07819985598949081,0.32685974978963483,0.11014844671693415,0.34811060860396864,0.1403525578821641,0.021033420786501583,0.32189059350452365,0.30991195718918035,-0.20544007155368135,0.1929235446896615,0.2636792453600901,-0.4038240649042743,-0.11617274339338186,0.23278629581490623,0.3099010234575612,0.5307151656328116,0.4807109318885897,0.08687594042118192,-0.20663644928101807,0.3711403340185018,0.10455464431028576,0.28330885009986856,0.46434714711275077,0.2953750079703937,0.3993233656255164,0.27682769203671576,0.20128786386592154,0.20455456517094442,-0.06613893975260408,0.5503871845745072,-0.2512929430329012,0.35354071337291865,0.3752735338007871,0.21865252048496356,0.17916261838157357,0.256493388306052,0.21226297130580699,0.43226617019432395,0.28606338715978674,0.09215615989723484,0.20235195308784534,0.26485661066183847,0.2017578323931647,0.4422927198662379,0.24452305439914993,0.402087441222293,-0.024690903579079646,0.11033659859647435,0.10271663139033801,-0.24663771854683192,0.10103120818958514,0.3353832701255378,0.21620688814581274,-0.06017166850957433,-0.13091095528472932,0.24575331704219977,0.1820432425873649,-0.040300471857022284,-0.09890291390015397,0.4261702637595911,0.08912925019172116,0.5030339982343371,-0.1735928270566109,0.44812377988852886,0.16019662710057922,0.2556059985966841,0.3774289114863177,0.19183544658333881,-0.13469557314927103,0.19019032220492432,0.27764975173197043,0.06541676298989933
Thal_VPL_L,0.3318599022459434,0.02283686495524086,0.14938234750693813,-0.01982722701622045,0.14482904017765275,0.022341446478801204,0.2649847154777973,0.31169653403814634,-0.04700625325913452,0.08747038560893358,1.0,0.2652858200234369,0.3150493695051173,0.06803799002797024,0.5565093205673609,0.20644813486954164,0.2610695823087434,-0.07209410600369508,-0.015763677263785254,0.32765375678424313,0.42790156905877125,0.026849882785791892,0.2809859719933843,0.06994714750299483,0.3510119371201208,0.12699613909981597,0.25582231513604603,0.3487598583999476,0.11073050764389554,0.202687156126737,0.06333580330517363,0.20527869980473087,0.03601864762897334,0.13577219956278674,-0.05718508855672231,0.16463397475771113,0.34609242755104336,0.39746879116099665,0.22636298963233703,0.2954519359995515,0.04259368626755308,0.238009533853325,0.23674179893505118,0.30725003863689176,0.2114921933680354,0.07487978463995165,0.45785282199162153,0.37259503011229955,0.16269415865857442,0.08064878467136224,-0.026362861435915843,0.5218342981671141,0.14704674730879708,0.1131831071168718,0.23013893191110452,0.48824278118005565,0.1497013140428727,-0.08592493991851054,0.08846562735585725,0.18171938601483262,0.035598156961119364,0.15846091425435632,0.09128493197961776,0.30125349175406446,0.22555902200775643,-0.1296236487453586,0.5045917949691509,0.5157230610657941,0.11004425937988035,0.024016970549762384,-0.12187708459222307,0.236467467486565,0.09321139043683259,0.03430149413429032,0.059437788745170056,0.22818400650787626,-0.13907852221478215,0.15603627997196062,0.48167607011771524,0.19654288112698662,0.07894915326609632,0.3643100902334884,0.1965477891271563,0.7025818967760978,0.15031149673257813,0.1115279691817862,-0.018549531909651785,0.02450824771557189,-0.08297916419240786,0.2430470880334861,0.24924966096329002,0.21276563769796242,0.1172566768328648,0.18998068029142356,0.1967419377099858,0.278844139622876,0.17609603128899265,-0.05454346423505507,0.04463228629337547,0.3516503312328971,0.021357783460240504,0.04899926178908969,0.304867987526665,0.14293308869894245,0.062294326503653116
Frontal_Mid_2_L,0.1446761722702604,0.4746998606420717,0.46457976196626694,-0.23363266312647596,0.31086364144243367,0.4235990537531833,0.6439639209860547,0.3835516904224438,-0.08547994272930848,0.4725103019285514,0.2652858200234369,1.0,0.39026445862411224,-0.2882146238613013,0.3160741017115989,0.49306335008437,0.3101673122718019,0.21326023076139988,0.21235925791252147,0.13442407325124311,0.4805943490912189,0.10819237901584544,0.415100352590299,0.19432595228262164,0.41242064826971847,0.1829273920595856,0.2546636548167983,0.48400759129132614,0.003467684319262895,0.22140514535059325,0.42960016500440823,0.23081550743009174,0.0365370683853339,0.3150777583288973,0.37279940807267814,0.47938073104241363,0.469465126839232,0.4724234810660242,0.442761746747402,0.4390214435180181,0.5480848642474933,-0.16815018388052344,0.45029393942555096,0.374399564803485,-0.07451026322868862,-0.25307883837675754,0.32550117595684336,0.5045651470705408,0.6166146930868397,0.3357959150632017,0.15212561987084955,0.21284918862182942,0.4836853769083688,-0.22840074969597773,0.19313678802321615,0.5654053624999302,0.2853581898621679,0.040467462858407056,0.5274526947946272,0.3164745672021164,0.19475461088231463,-0.173101349960257,0.47655160200560664,-0.1260157289489927,0.1945373848784997,0.05768348065152004,0.2709026636878353,0.5072158137278907,0.37019860667145416,-0.06316998882150686,0.06291761196041899,0.4513393968982035,0.22530942601947923,0.4474329894999823,0.35606819296661296,0.05690916405976417,0.022348716658318685,0.5827314640937963,0.4280182992626433,-0.14242590369231609,0.21303951862500264,0.36930885462967544,-0.2560574297817052,0.5263211917122878,0.5309614541027691,0.21663564601694948,-0.26433387878880826,-0.3386860560378821,0.11067631468510637,0.4671110282239484,-0.01829979879665393,-0.052775820341684605,0.23847489705364402,0.39758393658524127,0.6496093001482138,-0.06656643147470254,0.5650210841063973,0.06905932676792043,0.16238206721825357,0.6817985701448076,0.1031346365071606,-0.012679190077588626,0.47112986692018305,0.2592341437514037,-0.06744087859852553
Caudate_R,0.19272608269611585,0.25105446128011105,0.22986654356247388,0.046975383915959346,0.3415504017243068,0.15015346301366023,0.186332972632842,0.19398336507511768,0.0806019963340657,0.2482359565149443,0.3150493695051173,0.39026445862411224,1.0,-0.08229230821012555,0.4481226858136484,0.1776719196475173,0.400611056596866,0.31908867684846354,-0.023176572233439517,0.14256986939563274,0.4059210122367925,0.31441087180727034,0.24821910919344897,0.3923321543024824,0.19476264194216725,0.22022139057027088,0.3080010087615467,0.1883969073968214,0.20755462835677932,0.3060473513226463,0.36571629993458077,0.333260327001973,0.11612847946448515,0.3425954887610742,0.09781261646707815,0.07511845698834554,0.26936331460694174,0.44715502242633104,0.23268199231843906,0.5158325434947542,0.16011543349461238,-0.13180595934308736,0.05067105020958539,0.476333706714721,-0.07210907689318945,-0.28489966143769446,0.39737969552503316,0.5629759102815278,0.22320636862822815,0.04050832490849303,-0.033517080047992816,0.3590129594937482,0.5016556010479244,-0.13015433592070302,0.29797590329774704,0.45224447077451013,0.3512975701172544,0.2096364908951869,0.3651777553605362,0.39649519621200313,-0.1729101719468229,-0.2713079780997941,0.27189586512631686,0.012844399288695402,0.40920053080279634,0.2666824724948029,0.40736831065622614,0.6822279844382602,0.30509729327610247,0.0779805925942324,0.18986039967252535,0.3371570801003849,0.4277373106165921,0.22604022419370795,0.4610051716474221,0.11095249173903525,0.01821849976670085,0.4210357269706013,0.20491396612100232,0.03495172500037124,0.33565974366787693,0.3263609415406986,-0.1676247194875985,0.5459709195412846,0.49745733585849167,0.24095911595000025,-0.06119986942669592,-0.19268332124840298,-0.0482663226958208,0.4132774280426583,0.03249547701883998,-0.10917270837051431,0.29229559012892525,0.32924275892180027,0.31334893683189013,0.0943447089958208,0.4643650527484034,0.06442002306577592,-0.13346506931415225,0.3703000374215996,-0.12832855927265252,0.31987754754430753,0.39870457060311587,-0.07203132315394813,-0.061034522020019744
Cerebellum_7b_R,0.4016881797672055,-0.272543064030639,-0.6557068476443672,0.7750422608354054,-0.10129762721249597,-0.4983288386507945,-0.4545594340910983,-0.5077642885974223,0.1697308351319228,-0.2508287076397744,0.06803799002797024,-0.2882146238613013,-0.08229230821012555,1.0,0.0309351207834504,-0.528085907933842,0.17142081110060264,-0.051533036018587185,-0.6151955576467116,0.45139836748468176,-0.23528857153770544,0.2775240136494704,-0.3603353162987049,-0.1785322466340857,-0.21148978299804924,0.5109583393877166,0.1986459619407268,-0.41279256383453367,-0.05680194940394143,0.13647872551563126,0.020126638338735382,0.36855010448350384,0.2942660613951143,0.08375078534545898,-0.40714843736706524,-0.6141973130955868,-0.27574238710325216,-0.14943820029843055,-0.5721148468638684,-0.06310164933344624,-0.7161597168819619,0.13262437273919866,-0.4346665514147179,-0.15154784088993553,0.38602449195200844,0.2886713714630019,0.33354944186206764,-0.25171524140948465,-0.5575673862261485,-0.4865511552534762,-0.23871101401038772,0.04664992576029589,0.07600415053011034,0.4243571776064757,0.31339807889953564,-0.33636357380787163,-0.2834151362391286,0.3153820886563237,-0.47287383531972504,-0.18000738216049306,-0.5005474868980518,0.2503377466607917,-0.08026041100122284,0.5570699189581325,0.30486772318388755,0.135886412170996,0.2296924458039692,-0.010652755990152418,0.08469518843895689,0.4119339120455752,0.27272734913298297,-0.19924947794042694,0.14477731224475576,-0.4624488345124814,-0.025667947433378965,0.41501663664211064,0.27928978075127814,-0.6712948964130783,-0.2101427845080418,0.7970663113653718,0.22073326039274704,-0.3070935432617052,0.5931996757400724,-0.07496317972534736,-0.21727621443674724,-0.37433567645225063,0.4756708312179161,0.7720119006351281,-0.5740403276206197,-0.42435057587441777,0.4264672336273068,0.2723345056666573,-0.15990430187294033,-0.06473667168770389,-0.1644819256327138,0.6584062065247687,0.021292015412439007,-0.20876896809647347,-0.3126119193086595,-0.07328933683620727,-0.11490707343216923,0.016966953534390067,-0.44772547148565905,-0.2041601251312909,0.30172670885255853
Thal_LP_R,0.23267604559020075,0.12678125252386663,0.0787680595202483,0.10578342815028946,0.20731411622547782,-0.09160935390648677,0.15698521134800628,0.09284629279406759,-0.01979610098934731,-0.025484138230876967,0.5565093205673609,0.3160741017115989,0.4481226858136484,0.0309351207834504,1.0,0.14231705368845435,0.19036958540860366,0.09052627045243172,-0.03466816508422283,0.23374719341125874,0.5099407718484936,0.17542088395791902,0.21930457106137086,0.052979540744187106,0.2681976727469841,0.15331222906887182,0.3604570072592162,0.2543828396151576,0.12323284693305712,0.2638410921114275,0.05958358285712,0.27795567621777506,-0.013316097981385623,0.26081365115849586,-0.08788098449032722,0.1518864027434966,0.23704194885791766,0.4781904123453182,0.31313297378726185,0.38005526740823975,-0.012743681685825452,0.048365576019157884,0.16853451593959556,0.3693588317908557,0.2650505422456592,-0.11025179222592163,0.41597044885074064,0.342911310820232,-0.054944440818444545,-0.18574004689852877,-0.06783865299643789,0.6289616031108897,0.2596922224912918,-0.012611710065808631,0.2868181345752144,0.3668329308435342,0.09678434378139807,-0.11113208266463429,0.05747086967425285,0.12262746302288637,-0.1879368759230915,-0.05199073019257312,0.0444270470307249,0.3736004734620343,0.3284612185137792,-0.04995962049975406,0.5221733598489071,0.517689311388105,0.18358608177308092,-0.052788875513255513,-0.11909419958767152,0.22377032694001714,0.3038792374574553,0.02945351753596521,0.16029846068178719,0.17198824030892687,-0.26281702815483554,0.15225530696543027,0.18939918741887615,0.20296832615753854,0.24834457091156092,0.2623179868553371,0.10087475557270181,0.7168612066565117,0.23591356640217745,0.09684264326812919,-0.011460930322827469,-0.005742722114700251,-0.12340776294529539,0.26865328388782056,0.29058113438065736,0.11540745116422205,-0.02088281282618484,0.28098744676317383,0.14793460091324606,0.3627246687188333,0.2240017278552691,0.02955706341103487,-0.22286393844737012,0.34345026143115714,-0.15627975040857375,0.10164949089790816,0.3197020552768184,0.0455972464708247,-0.04587067628475102
Red_N_L,-0.27182957244298606,0.6715123484877298,0.8244143036163765,-0.5937581412056139,0.48038608939555266,0.3528647391314483,0.37855551093646517,0.5511645346069686,-0.5132497786908651,0.30170419308885443,0.20644813486954164,0.49306335008437,0.1776719196475173,-0.528085907933842,0.14231705368845435,1.0,0.10516641684227995,0.1686923928347856,0.13415112504390073,-0.3297084367163388,0.48976788914957353,0.08286315855096167,0.6682077410890127,0.1260164962914162,0.19360042048010703,-0.106202077528203,0.29013962208380495,0.686715835863854,-0.09150771020696867,0.0048918117680520614,0.057866644856012873,-0.28773529296009465,-0.4075779317113356,0.23788978002168534,0.7769960333819637,0.5587536048241275,0.4452998510094342,0.5539989263013692,0.6010254718095709,0.30801383263187476,0.6833980870166559,-0.2969470620720324,0.6696775387394308,0.4009292424866775,-0.34997747206881236,-0.5960362086184835,-0.10204540550900461,0.24675174171755937,0.6111415207735302,0.42151459744269154,0.33257319639908595,0.14250039370486697,0.1400864366960199,-0.6388029784224849,0.08931066425791281,0.6115727125614587,0.07174050678147982,-0.1869767720106621,0.5553006552595342,0.2018568811952261,0.21215274578203214,-0.4652366026458957,0.24473636499352242,-0.39057482745130506,0.06977149055394313,-0.20814607969806362,-0.042563172993778375,0.3086069956027881,0.10431604615756741,-0.5071439600709058,-0.1326668556858475,0.41964197142821236,0.3424586870267626,0.6025884483420629,0.14328363484703363,-0.4495751449984588,-0.23933264152538372,0.6731785246141057,0.4675103066451385,-0.5176726316852196,0.17517564147901932,0.6738986210720187,-0.5595276891256852,0.4199976219967913,0.49956320058130965,0.24815291771742617,-0.6789119900069999,-0.6961677820211053,0.10301932635516824,0.6894103759150031,-0.3370244980839143,-0.3946801286691423,-0.08532941851090352,0.5378279901389831,0.27124105141025406,-0.5136879976281342,0.21479339385438403,-0.19594295432793182,0.005107821182955444,0.41036473496433507,-0.1999038538327058,-0.032093392706886444,0.6032503981340717,0.1393991537412901,-0.5455562294127477
Rolandic_Oper_L,0.45079710740138124,0.09265022446145621,-0.02773897304346999,0.29458421172300087,0.1801460122968162,-0.1421472641571115,0.06661478682642694,-0.03158929378194049,0.14844184524819837,0.5273537745011805,0.2610695823087434,0.3101673122718019,0.400611056596866,0.17142081110060264,0.19036958540860366,0.10516641684227995,1.0,-0.030324254527097177,-0.058310402548371665,0.37970274835446755,0.35866854973897677,0.48908631185081164,0.3381121943601234,-0.06252130799466948,0.15752731099483214,0.5723014195809786,0.032312365561479074,-0.07502000199479136,-0.20234058343637246,0.2892925279713848,0.4536763096562259,0.2318443482485658,0.24870902653603608,0.06009090215446604,0.19046220488430848,-0.036195403811093825,0.11030615218161986,0.20171057777808235,-0.06929552861247437,0.4564605993542834,-0.13089565836334932,-0.1538367591938525,-0.021792896031995596,0.4784674748558371,-0.09205966816661203,-0.06952293260031066,0.44721896433793357,0.15457995547817258,0.2750770158770385,0.18246115612008923,0.1026918925432136,0.019520882045729784,0.2718923258860352,0.09654108169835038,0.4066398264591032,0.3412386308611801,0.31134241345267366,0.5910536204621968,0.2569750148249819,0.16399590118503884,-0.1499576157768363,-0.06118302513844189,0.5253546802533683,0.02120809857825515,0.6207735468434357,0.37464019176713936,0.3755440559578641,0.365054429255101,0.08041397787525024,0.27926602700305175,0.5310890941249289,0.17948267990520692,0.3619948414064085,-0.12735943168874642,0.1126160849062044,0.4142534949241262,0.5227233129148678,-0.04952141432736092,0.2881367965383875,0.3306483913631632,0.32653954169268873,0.0861669780339405,-0.06058885831283553,0.23146989163643622,0.11896019185120821,-0.056931504296612666,0.05414362892891611,0.14045049232945359,-0.05681637713554043,0.11268339976344578,0.1223938401629794,-0.0070015593156079,0.283001910674195,0.32282508933015275,0.4310115354668064,0.09050239495993113,0.2686391016561279,-0.007899326097645045,-0.029089408667378233,0.3730020583079049,-0.149477616645456,-0.027605271027892,0.22755497925945553,0.046074071533682946,0.10833921004978475
ACC_sub_L,-0.19175426353970695,0.5128073358249506,0.2439550411671417,0.029392764948752634,0.4081257081339464,0.06742870795440155,0.024460791193477677,0.06050672702978266,-0.35709339607405777,-0.10840704470302867,-0.07209410600369508,0.21326023076139988,0.31908867684846354,-0.051533036018587185,0.09052627045243172,0.1686923928347856,-0.030324254527097177,1.0,-0.22938641207529184,-0.3413794209087215,0.1278939658614142,0.3452600908134959,0.07671421092939715,0.22334539381927906,-0.16785909521333325,0.12883439294378776,0.3287244610651097,0.1736395208053019,0.3010860293981992,0.12436470119777711,0.13491529394318888,-0.062309685687886224,-0.2521891499305176,0.39775626356211596,0.31282847125243035,0.12166948577078603,0.032765952642080626,0.2743724610133414,0.10853369991371288,0.2845489176617445,0.1599087994150921,-0.42865435683780584,0.1992300171658355,0.19116897145983394,-0.12894990486206018,-0.5296773485750079,-0.15906501687542332,-0.07542897341343369,0.11718572305436054,-0.11997555487998067,0.08691971777094698,0.020037261175391972,0.417355324542171,-0.522479363505189,0.15587536450273876,0.23436607393187905,-0.15456530985667052,0.03946253530410241,0.34106852310740554,0.19580554639272862,-0.2599337515971675,-0.49197596273533484,0.26502952315119016,-0.10218351267970856,0.0617169948514883,0.05562030084613473,0.007872792402812034,0.23484920017962335,0.46801465421922317,-0.2498991693720191,0.15823270432036157,0.29900188363820085,0.36767833156926544,0.47341997091841287,0.4298814776148321,-0.28402741924458,-0.07329188330239342,0.3731379778398002,-0.015493769816277682,-0.11494568612613831,0.4000210669088304,0.275363595613916,-0.3374808029147072,0.18882848112416636,0.46593449974675116,0.05837147521855452,-0.3438225628016861,-0.19440990173015102,-0.2855820341621961,0.3395741817220138,-0.16655203330895207,-0.47821414068216433,-0.11616556564250594,0.4411015765087703,0.07734880372818975,-0.09877549121485403,0.17824421209436703,-0.24445746113451686,-0.334831224563627,0.08167728546632545,-0.31571059605061874,0.36008963757105705,0.22943273245392629,-0.21338486494051412,-0.4472853747335458
