,Thal_PuM_R,ParaHippocampal_R,Calcarine_L,Postcentral_L,Cerebellum_10_L,Fusiform_L,Frontal_Inf_Orb_2_L,Parietal_Inf_R,Frontal_Inf_Oper_L,Temporal_Sup_R,Supp_Motor_Area_L,Caudate_R,Thal_LP_L,Cerebellum_Crus2_L,Thal_VA_R,ACC_sub_R,Cerebellum_7b_L,Lingual_L,Temporal_Mid_L,Thal_MDm_L,Frontal_Inf_Orb_2_R,N_Acc_L,Thal_VPL_L,Cerebellum_4_5_R,Frontal_Inf_Tri_L,Thal_PuA_L,ParaHippocampal_L,Precentral_L,Vermis_10,Fusiform_R,ACC_pre_L,Cingulate_Mid_L,Cerebellum_7b_R,Lingual_R,Thal_MGN_R,Parietal_Sup_L,Thal_PuL_R,Occipital_Inf_R,SN_pr_L,Rolandic_Oper_L,Thal_IL_L,Thal_PuI_R,Amygdala_L,Thal_VL_R,Occipital_Sup_R,Temporal_Sup_L,Thal_MDm_R,Vermis_9,ACC_pre_R,Putamen_L,Postcentral_R,LC_L,Cerebellum_6_R,Cerebellum_3_L,OFCpost_L,VTA_R,Cerebellum_6_L,Raphe_M,Frontal_Med_Orb_R,Red_N_R
Thal_PuM_R,1.0,0.6965736947685487,0.6349808703088098,0.6382063129289776,0.0983656084660943,0.45808630137299056,0.40060261375888295,0.5230259515378941,0.5169353923825739,0.6228730590602026,0.6409288687449524,0.4017742181564755,0.15932281450338645,-0.03982714527780921,0.33431442362751207,0.06653260325533017,0.2887142976085762,0.4668547222677945,0.5403020882278098,0.6946861589174976,0.3550197605509908,0.2744913039707396,0.7899329911812318,0.4638314761969036,0.46272206126425086,0.7654665077799928,0.5936153416391944,0.5222480723647118,0.1274887724833231,0.3807810317326172,0.24456250650606703,0.7010722667339441,0.2880550828527999,0.5344367872644916,0.42213342664370057,0.26085428215040785,0.35411164505912335,0.3896525214274113,0.5740401686019659,0.7430639880483834,0.7129215581941459,0.8260880377707738,-0.09382180392054233,0.5588055291992148,0.2904836211022648,0.76118990064374,0.3747488448828956,0.3385269616509193,0.19677221543023582,0.6317811055155073,0.6443786182832859,-0.37880623389558354,0.08005440628572917,0.6683925459788312,0.43912716955478465,0.5180172157250917,0.23333633302613843,0.3803536823435812,0.0390758053368671,0.45775685303465286
ParaHippocampal_R,0.6965736947685487,1.0,0.5442868938049927,0.511470764180766,0.13170670791231867,0.581948401472534,-0.06543961217135877,0.5625997267753258,0.26568775906577025,0.558776180786029,0.5864870099056215,0.5490642333069093,0.29700614623945465,-0.292179833300151,0.5796941335983236,0.13047335549931996,0.5081526674093771,0.3002586790088787,0.28730411469018785,0.6377830080818885,-0.008787460141251773,0.05100869249479282,0.7073014170146191,0.5522465447719199,0.32942343075985636,0.3961749388163271,0.7977793842765334,0.3506891953405957,0.06841616111652774,0.46808152634654726,-0.05053766078554342,0.7841609764504363,0.5672471105604551,0.45035370182815865,0.15130405333024316,0.36859269377880416,0.30734099684438043,0.3627961800947572,0.6247242448187637,0.44807353935287336,0.5318191446425057,0.6901112328408633,-0.13226400428769938,0.4943424143163169,0.06072030792690867,0.6703365381964987,0.38146522081887985,0.372890534463533,-0.012339254570722468,0.1947335568118446,0.5417536327089053,-0.5701129877364853,0.34081428142667075,0.40828245313844774,-0.07631139145074445,0.6854027429475016,-0.035936102484441824,0.17856907885776444,0.06626157997351045,0.47717845877364834
Calcarine_L,0.6349808703088098,0.5442868938049927,1.0,0.4930915451090602,-0.12115595253983692,0.3616776619792718,0.13244130703092935,0.6794399559515348,0.5800923382521116,0.7272269893457759,0.47020801287336705,0.33658700766056976,-0.015248950823089321,0.17570632852121562,0.06315799220080874,-0.10737438141027596,0.24898070871116587,0.7573272582338126,0.7773653190234702,0.45189920072433853,-0.10589992959785015,0.15651131666794074,0.5788125561545838,0.7303650097585013,0.3175492257525393,0.6665994056165072,0.32196818655754483,0.3324094494078741,0.2178282020537425,0.7167442554314031,-0.09433651443206295,0.6329833378484657,0.5461782426635338,0.8311200587890819,0.6694336990042743,0.3371115155705489,0.3302527755353719,0.47038410169393813,0.5648089324656483,0.7262431532982683,0.3797648794232595,0.542454503658741,-0.00760208565438716,0.32970507156320367,0.6830261721133799,0.5693580014248563,-0.035954502859176826,0.10972617024305825,-0.11073919037051518,0.44960932503246465,0.5333486508917948,-0.2947353569884112,0.42382461919594844,0.7654755587420947,0.3539326716643967,0.35282241761218935,0.5021796797614464,0.6588155491870986,-0.12452672818681809,0.2862952214229431
Postcentral_L,0.6382063129289776,0.511470764180766,0.4930915451090602,1.0,0.15083854266258376,0.3461413297950783,0.5035465364541921,0.6707174854986181,0.8590479653140198,0.8225164557282263,0.949936864112165,0.6122151615565423,0.3256134928059974,0.2724831528336135,0.38023346635219785,0.11707721668085455,0.3316495131042524,0.48379359943828065,0.6195040917626147,0.6402747606776741,0.3673613272555263,0.36803590519687834,0.6827425541310823,0.3853498286077166,0.8290125603847466,0.43613298745347306,0.5677049596570688,0.95536914169362,0.05867446958266217,0.3175958141486172,0.33197182045440243,0.7470327058662326,0.30859559312389856,0.46642363707392603,0.3944915547994845,0.6862344544563169,0.49141818845137614,0.41801140025866246,0.4340259353268488,0.7269030585558467,0.5523389485124529,0.5930751205099105,-0.08749564851394316,0.6865112891418342,0.4265478106799754,0.8079439418159811,0.39661488267907474,0.3644186609970652,0.34212650837642866,0.6300845552451282,0.9637958822506615,-0.17928634690158438,0.27727065827380476,0.46974907555162027,0.4255614242535156,0.5933829095909802,0.31304386005875107,0.36600440836254705,0.01622355140609638,0.29978181917042096
Cerebellum_10_L,0.0983656084660943,0.13170670791231867,-0.12115595253983692,0.15083854266258376,1.0,0.13645734802015916,0.14463355791377358,0.033633151756971624,0.025737671786317643,0.16471838558871904,0.19196709163533,0.02037560217732667,0.4470573845494952,-0.10191311816819341,0.29491083563198406,0.2487355628092762,-0.07810426170170925,0.04917187469790911,-0.20714943593253296,0.07429695180794338,0.07644662555161603,0.3304508174082887,0.1104303423196877,-0.13152722814194276,0.1679108190430006,-0.0622991055762745,0.2111519772917263,0.11278418666559488,-0.07194119487159102,-0.15508866842110666,0.2723880312363419,0.2289941630930442,-0.2534210916511511,-0.04119007680833066,-0.05416740303530417,0.050285327463354235,-0.051199590291722524,0.17986741519449687,0.14578705855530893,0.014950354498736232,-0.012630514459554829,0.1767320483927613,-0.07296942280805149,0.20636267602411604,-0.1879392127924343,0.12932215529149346,0.382901151101298,0.4415190535794039,0.2244726623292282,-0.0024038105537281074,0.1483167695971859,0.23623878698847045,-0.04377442589838778,-0.21396534894352667,-0.01467938729390595,0.12153727903967095,0.015857036689767106,0.04864880035328582,0.17511456098449812,0.15429051434761845
Fusiform_L,0.45808630137299056,0.581948401472534,0.3616776619792718,0.3461413297950783,0.13645734802015916,1.0,-0.021023447063669886,0.593189521709906,0.17860692240458922,0.3782495880460955,0.35500485134235715,0.20570900063121939,0.3600769384340496,0.244128970120665,0.3150691949278037,0.018766564269487696,0.6246075338789155,0.29698533302960844,0.34123457376012617,0.254698067529469,-0.06749081152522646,0.11041383526977071,0.43592956762113927,0.19126467630942495,0.13404276247028488,0.2170598294180504,0.5806688917492805,0.22174120475957143,0.0707988764048852,0.13543773600109144,0.012533725655399555,0.5675373396458507,0.31208443480228226,0.19930276160163488,0.2053354001882074,0.41376731881247203,-0.009432563675666228,0.39531775076691433,0.36826348408193194,0.2613672992903017,0.4314740575033194,0.5210264459219102,0.11574930792998213,0.28407537098083874,0.04077036154344114,0.5369712608871239,0.3651683749333726,0.40270892718752516,-0.1515463127935094,0.18980119924574398,0.37531958786578484,-0.24620707775083675,0.022600617208922726,0.2695770387430303,-0.020800566077925926,0.4152949778950468,0.15303597071548702,0.11636793848718942,0.12680812330007366,0.09452969329284325
Frontal_Inf_Orb_2_L,0.40060261375888295,-0.06543961217135877,0.13244130703092935,0.5035465364541921,0.14463355791377358,-0.021023447063669886,1.0,0.07313591294172105,0.6079039963276059,0.34989366472506794,0.39045755762867307,0.21955675033416314,0.06122837284797665,0.18133223282176594,0.048565097918239125,0.08970451072278272,-0.2154075122800945,0.21901949179683844,0.4052965863434208,0.37791251888983796,0.6762855249863391,0.572546200046848,0.33147585541043345,-0.14149828679746942,0.6372650066898933,0.44027671984502886,-0.004383803808833705,0.584634863193624,-0.02293211582523074,-0.16230939165249533,0.6372934478083309,0.16692596898465595,-0.3923779263812662,0.07432964939660255,0.1570125668576426,0.037316953490343474,0.32479298590399225,0.15866353708910674,0.08980948426619893,0.6106519973696055,0.4164837945825181,0.33314355591509787,-0.06462115095035778,0.40470517202646855,0.17672651513487145,0.49229775080998744,0.24215637203589735,0.08741052678360711,0.6740768377634874,0.7385538323585905,0.4284834685234365,0.1693838374902148,-0.33609871713511436,0.36293637733511996,0.8054278524696604,0.14722260821441663,0.2547851882094091,0.2375435387692696,0.10676841676947245,0.2034916719836839
Parietal_Inf_R,0.5230259515378941,0.5625997267753258,0.6794399559515348,0.6707174854986181,0.033633151756971624,0.593189521709906,0.07313591294172105,1.0,0.632618580394378,0.8056441424480784,0.65450794825747,0.4398743423359869,0.19660577584394953,0.33438312553870364,0.21778938110540058,-0.14560194797200962,0.4971343418209906,0.6956162583746769,0.6400977825534059,0.4181762960252849,-0.13913356950170322,0.1700715430595531,0.5850218027678775,0.5733504567970328,0.36959702247226245,0.4021200194665604,0.5340210139487475,0.5001757302150217,0.19211045444726596,0.5438538101529963,-0.09218871428836646,0.8118356901120065,0.5921545898544359,0.6740011956915997,0.5552181474143311,0.8184507019645008,0.2846017893759878,0.5701882377156718,0.5754679147887664,0.5688296183219294,0.44462330736989053,0.5262963570376711,0.10801181190153855,0.39072309189125715,0.634146595396165,0.5927346020779029,0.19084162874106933,0.2138390406220845,-0.22727264955806525,0.3396565523725491,0.7239298056487942,-0.22808157841363474,0.5044285475725383,0.44153592826976723,0.1722138265052587,0.48063381836363217,0.5065069406438198,0.47874993452237213,-0.11196534007119636,0.10321472159101658
Frontal_Inf_Oper_L,0.5169353923825739,0.26568775906577025,0.5800923382521116,0.8590479653140198,0.025737671786317643,0.17860692240458922,0.6079039963276059,0.632618580394378,1.0,0.8128591659693118,0.7905741326365704,0.5497378673091663,0.19435959199796274,0.36429098086925327,0.21258896073359848,0.02381211380485611,0.13970142328412874,0.6591684484065911,0.7265536299525721,0.5666783273093087,0.2897321291403523,0.43529348728621753,0.5683915056384862,0.42403416486059936,0.8231448170054221,0.4654337959932122,0.25533830357230325,0.84137542702694,0.10875877533363357,0.4037299931630698,0.3441811534182309,0.5613524606478566,0.21244559410135166,0.5887973992496032,0.510397367651902,0.6110685059397569,0.5437432699067621,0.4201191201753036,0.3710300133338753,0.767383524611468,0.4271623627854401,0.39593587561901866,-0.04306491023749418,0.6228629693528456,0.6677129523033237,0.6707197162786814,0.2125023568948599,0.10645466295164308,0.4008483363022693,0.7263723339605197,0.8330589641833301,-0.08495664129231915,0.3087207383936729,0.5811640941973542,0.5952395126068154,0.43983237378403656,0.5530456187999164,0.5012837703595169,-0.14134184318031726,0.2341936116911693
Temporal_Sup_R,0.6228730590602026,0.558776180786029,0.7272269893457759,0.8225164557282263,0.16471838558871904,0.3782495880460955,0.34989366472506794,0.8056441424480784,0.8128591659693118,1.0,0.8182753856876563,0.5308700143862174,0.33861434101563703,0.2305544084032634,0.3459707815292329,-0.018265310712418333,0.38430480689682744,0.6495229135411599,0.6733715996497308,0.5669085422710253,0.06840569152667672,0.30647789823569227,0.6884893078938797,0.5906973051664125,0.6314687121162441,0.5234134074950368,0.5312205754395185,0.7102876224132805,0.2205678977027074,0.5565946649888498,0.19313828469845473,0.7831173280413833,0.48531286189510153,0.6590067669220765,0.5917983261762833,0.6504418992905597,0.45771665506928555,0.5569769065376114,0.5201817694975541,0.7771210986518479,0.4513891649568302,0.6075541254013075,-0.03890627433893373,0.6241877308332063,0.599645177628239,0.7361344079567207,0.32009958756431633,0.27878929754575826,0.15041960850482666,0.570496790346507,0.8753573942874012,-0.2096621933029509,0.46521143566423434,0.5832994339341084,0.40284392974423633,0.5077247419380231,0.41221701763843466,0.5645885261117889,-0.12847798160683427,0.3031900215703684
Supp_Motor_Area_L,0.6409288687449524,0.5864870099056215,0.47020801287336705,0.949936864112165,0.19196709163533,0.35500485134235715,0.39045755762867307,0.65450794825747,0.7905741326365704,0.8182753856876563,1.0,0.5999364519761726,0.39657796773255966,0.18433783822724395,0.45713230485280626,0.14839913731721716,0.3674887909359167,0.4528049699834228,0.524088555615475,0.664029107207379,0.36104572206061597,0.30467730664619436,0.7329379963618058,0.4364939354626529,0.7920125907887704,0.405043763895397,0.6145816198976395,0.9068779913492485,0.06291836237640222,0.37152541039667825,0.3292945129456859,0.7643681435877846,0.3780566003492547,0.4606723111515466,0.3417788992167619,0.7192362629833873,0.4626687819919604,0.4227630801322798,0.43387307556093635,0.6728056374354355,0.5319121284034598,0.6018526707459766,-0.1406609596293013,0.6939014108634689,0.38753431513051945,0.7954003229376291,0.4246708516558886,0.37275515676470145,0.3461786081566665,0.6021821715756048,0.944633041095046,-0.24503846457315984,0.35102464097800967,0.44539817721706976,0.3481404580935562,0.6256796057080709,0.23373439097532703,0.332064424790687,0.0014421224322436654,0.3611662796176644
Caudate_R,0.4017742181564755,0.5490642333069093,0.33658700766056976,0.6122151615565423,0.02037560217732667,0.20570900063121939,0.21955675033416314,0.4398743423359869,0.5497378673091663,0.5308700143862174,0.5999364519761726,1.0,0.1766187218532338,-0.02844445714979491,0.574005702398969,0.10052157978123111,0.1770818735916091,0.3314616040246606,0.31502860374922415,0.6811644973317843,0.05201780709715817,0.19901108569822396,0.5533727434722663,0.3621770450749478,0.7197433390476903,0.13165430783989293,0.4452311206707031,0.5647078395697654,0.012195394800514306,0.2849042213860224,-0.06258471064283218,0.5496692270620454,0.2942247807227672,0.3460405653669284,0.05140601937852192,0.4646745811739869,0.657075049757942,0.2609912958619196,0.44930120093709364,0.3732027137966138,0.3297454888354451,0.2526064950933925,-0.17837387961139956,0.5923262701120882,0.20489449818000616,0.49784202948139356,0.2567319630196118,0.23316557235734378,0.3409466979925831,0.3084248596250164,0.5752260737736518,-0.2633955242437402,0.3709524992573791,0.2367919160873261,-0.006382697922130167,0.6229196844964141,0.13706741173696674,0.2141967315729136,-0.05230731074951502,0.42022334629399727
Thal_LP_L,0.15932281450338645,0.29700614623945465,-0.015248950823089321,0.3256134928059974,0.4470573845494952,0.3600769384340496,0.06122837284797665,0.19660577584394953,0.19435959199796274,0.33861434101563703,0.39657796773255966,0.1766187218532338,1.0,-0.0779305770697751,0.6355227384965291,0.18659006857249968,0.14455764981729224,0.1525303868897376,-0.13250309095667415,0.1359209431376723,-0.043217705928416505,0.16197035685608072,0.272769570240522,0.006845274629144598,0.30012884064915685,-0.06551811122203646,0.4509531538975121,0.2843985560417521,-0.0330727058883642,-0.03178245491459373,0.4995210353631234,0.33898447891113265,-0.03454968461827374,0.01689059035439158,-0.022019045778585114,0.2651257426173714,-0.11409121592224332,0.2861643753634438,0.12141506560628597,0.03672107202022912,0.03651453812328156,0.18829956128416153,-0.2523665571804147,0.6198028402943554,-0.10793551934748023,0.3360909274141155,0.693508288060648,0.41432299211530116,0.3986396001202851,0.14257003723713524,0.3086622003330871,0.0429263621558781,0.0793622943225052,-0.04783814478211969,-0.007712206511391846,0.2746948489458477,0.016475574753811846,-0.13420916611370207,0.2719360021428994,0.10611025838485626
Cerebellum_Crus2_L,-0.03982714527780921,-0.292179833300151,0.17570632852121562,0.2724831528336135,-0.10191311816819341,0.244128970120665,0.18133223282176594,0.33438312553870364,0.36429098086925327,0.2305544084032634,0.18433783822724395,-0.02844445714979491,-0.0779305770697751,1.0,-0.4236588373948336,-0.20041924240010459,0.18659311461707417,0.2770568105490356,0.48196688337630167,-0.19529214181507673,0.08030166621972902,0.18253519452712597,-0.08973375509908348,0.08651384884629704,0.15929005244280478,0.06643428215224824,-0.23197686234467468,0.3188060788853922,-0.0378871198202921,0.09433758802879404,0.042243735830014645,0.023753241233358688,0.10197722367169028,0.14896267061942228,0.4912629865141809,0.406059127022661,0.010389252065906324,0.17619583601073735,-0.13233287399774896,0.18901978703505543,-0.013883962418939244,-0.05825142349326571,0.1940137974543303,-0.041590001440666685,0.43851463082179226,0.07317789442264842,-0.11635724017841755,0.09677193836125994,-0.0971390541765611,0.2983839132214367,0.2605908230565687,0.410273772251279,0.1144874466030838,0.13087736392354585,0.2962337545204715,-0.1468275287746665,0.4453940610251244,0.33681384450960883,-0.050292293435798795,-0.3639593392110604
Thal_VA_R,0.33431442362751207,0.5796941335983236,0.06315799220080874,0.38023346635219785,0.29491083563198406,0.3150691949278037,0.048565097918239125,0.21778938110540058,0.21258896073359848,0.3459707815292329,0.45713230485280626,0.574005702398969,0.6355227384965291,-0.4236588373948336,1.0,0.2866236233863634,0.14771112079990067,0.13421650698940726,-0.13836374240170965,0.513034215141747,-0.06034828060329842,0.02055271530682228,0.42152042498018466,0.13545822306275965,0.4250670550702672,-0.015686330691514126,0.6199128086204663,0.30191270784047175,-0.06222502145810366,0.043730750822023275,0.19790708992141653,0.4705248184580383,0.08565886992143178,0.09571245040137485,-0.22563180912190378,0.22007151793045218,0.30472650389335315,0.1889742087900483,0.33160497771476993,0.12264104554534543,0.2511537531440022,0.3048595755778149,-0.2603632587638895,0.6260274313593274,-0.15596515435295294,0.4194946955986901,0.5918601457730347,0.36633523073023705,0.40793671967779793,0.05856293853933955,0.3650448260649006,-0.26965033018293155,0.159840462675958,0.020084391299798915,-0.20445287363589046,0.5041461122195251,-0.07326093985671803,-0.13788911720187522,0.07059486168070424,0.4444841033782017
ACC_sub_R,0.06653260325533017,0.13047335549931996,-0.10737438141027596,0.11707721668085455,0.2487355628092762,0.018766564269487696,0.08970451072278272,-0.14560194797200962,0.02381211380485611,-0.018265310712418333,0.14839913731721716,0.10052157978123111,0.18659006857249968,-0.20041924240010459,0.2866236233863634,1.0,-0.07398454560630763,-0.007869117168260735,-0.11639138191810061,0.154646743577042,0.18803555015414217,-0.011802684839428727,0.12196143178338796,-0.01362638865465396,0.15532360361867995,-0.010296890647373992,0.17444950095110318,0.14555139200191092,-0.06456160939123737,-0.026048252948139398,0.17003265696513964,0.05084286291186706,-0.12118221047979176,0.009558580719098759,-0.13056980992069173,-0.032453283068979995,-0.09482817386513834,-0.05271924787364968,0.06450516442252277,-0.005790380228879244,0.054545139786349575,0.015800658050927854,-0.15432539157119837,0.22147477903752086,-0.11933855193609895,0.0882294549521463,0.15487657978897912,0.18194948917169104,0.24604702311489507,0.07981823737637253,0.07931181045969683,-0.05677059953583871,-0.01749727468231252,-0.01121610046071354,0.006133686221067364,0.05104247975092562,-0.004481295891852195,-0.15105728226364626,0.15699034635663553,0.17366981249331606
Cerebellum_7b_L,0.2887142976085762,0.5081526674093771,0.24898070871116587,0.3316495131042524,-0.07810426170170925,0.6246075338789155,-0.2154075122800945,0.4971343418209906,0.13970142328412874,0.38430480689682744,0.3674887909359167,0.1770818735916091,0.14455764981729224,0.18659311461707417,0.14771112079990067,-0.07398454560630763,1.0,-0.05951593303678059,0.3459964545988248,0.14216401967028297,-0.05170356459369701,-0.12337716565213308,0.3003014684652357,0.3532554425887741,0.03968988724577865,0.07347688040185635,0.5656286943623925,0.27080917367191726,0.17536313644839005,0.3103664244648466,-0.10762705653497458,0.3718780197283288,0.6866962164251861,0.04573498910181879,0.2459212618542244,0.39410073716302596,0.08025203084811466,0.2101732730079393,0.09247088891542289,0.2970285410223292,0.2438412978966944,0.38702037666446987,0.1415268648514078,0.14563690717618546,0.018137141667035964,0.4283649812756254,0.2909082863691874,0.23099505732444942,-0.2914173286642026,0.12023419914965865,0.45670340379256213,-0.3792082596254013,0.2904145883910483,0.23285150176248998,-0.083879676360356,0.3444927502626585,-0.24394744337173876,0.07239543397855266,-0.1765345862532749,0.02171606709082765
Lingual_L,0.4668547222677945,0.3002586790088787,0.7573272582338126,0.48379359943828065,0.04917187469790911,0.29698533302960844,0.21901949179683844,0.6956162583746769,0.6591684484065911,0.6495229135411599,0.4528049699834228,0.3314616040246606,0.1525303868897376,0.2770568105490356,0.13421650698940726,-0.007869117168260735,-0.05951593303678059,1.0,0.5862552968667086,0.33307641808101196,-0.1877567245205514,0.21755048424860238,0.4700040325318857,0.5886163664248992,0.38453678549405235,0.5102619142758366,0.19078128183954104,0.33101651793066944,0.12078016771790366,0.5811997730803624,0.03076096397632787,0.5854869860082029,0.22629703280093078,0.8932786844747763,0.6065691991292227,0.48964356537986037,0.24753497748328682,0.5033434117841987,0.5884697571348805,0.5406153825349417,0.2506008197302792,0.2914324199989174,-0.020490702705678158,0.4147166831224313,0.7776078313016402,0.3763809576392341,0.04636766091910589,0.10314058271848646,0.010177685718504362,0.4027531425663319,0.46236834676234145,-0.04177747652906725,0.45759934411890785,0.5332671811521266,0.3724780810171201,0.2753220545411255,0.8282517889084242,0.6169831644346854,-0.04355281425982327,0.13732560619258488
Temporal_Mid_L,0.5403020882278098,0.28730411469018785,0.7773653190234702,0.6195040917626147,-0.20714943593253296,0.34123457376012617,0.4052965863434208,0.6400977825534059,0.7265536299525721,0.6733715996497308,0.524088555615475,0.31502860374922415,-0.13250309095667415,0.48196688337630167,-0.13836374240170965,-0.11639138191810061,0.3459964545988248,0.5862552968667086,1.0,0.392756599502338,0.21537386252424418,0.23395190895407814,0.47952344096924143,0.5427377683933164,0.4444983614513498,0.6123579756661269,0.20090817119822585,0.562516358800355,0.2011447571262753,0.549889567984865,0.06045655320522639,0.4648274027300165,0.4322707081858525,0.611950711751948,0.6532446171866213,0.44489000298275727,0.3274663774206705,0.32896839538986794,0.33440799658204934,0.7731105465040893,0.4105493995900974,0.45935802588158975,0.0852224269870246,0.3031053649697941,0.7103747919040776,0.6340274694760066,-0.04291891849023968,0.006551835093005297,-0.011615907754561077,0.6580741556787933,0.6502301336781633,-0.17112403706489604,0.2508609387503809,0.7514644403200209,0.5774502754360852,0.3030652959626726,0.45931364350254295,0.5729900773395336,-0.19526130726838992,0.09898182445822747
Thal_MDm_L,0.6946861589174976,0.6377830080818885,0.45189920072433853,0.6402747606776741,0.07429695180794338,0.254698067529469,0.37791251888983796,0.4181762960252849,0.5666783273093087,0.5669085422710253,0.664029107207379,0.6811644973317843,0.1359209431376723,-0.19529214181507673,0.513034215141747,0.154646743577042,0.14216401967028297,0.33307641808101196,0.392756599502338,1.0,0.3911000168216541,0.19835073963186983,0.806507144998362,0.31295716662643036,0.6831006486828217,0.4335872287290486,0.5382451488396387,0.5846274294582863,0.1332476456677385,0.25659862719519966,0.16405125075103563,0.6335799508408274,0.19329313740066154,0.37863700751320667,0.14145710255666386,0.35102182738029075,0.6123138685258203,0.3169396714478384,0.5449887122484337,0.5697341723778294,0.6446536482194657,0.573484813234887,-0.14249478665980875,0.6352419312199967,0.19194536517251326,0.6968447390439838,0.23341076096535027,0.24391108863827463,0.37076305941620574,0.5429959106005515,0.6371132019093176,-0.41155169083829,0.0927749721108328,0.48306487776530643,0.2377188616505951,0.6571360398876175,0.12427005271571205,0.23539528400802484,-0.06806199203195383,0.6149097150602847
Frontal_Inf_Orb_2_R,0.3550197605509908,-0.008787460141251773,-0.10589992959785015,0.3673613272555263,0.07644662555161603,-0.06749081152522646,0.6762855249863391,-0.13913356950170322,0.2897321291403523,0.06840569152667672,0.36104572206061597,0.05201780709715817,-0.043217705928416505,0.08030166621972902,-0.06034828060329842,0.18803555015414217,-0.05170356459369701,-0.1877567245205514,0.21537386252424418,0.3911000168216541,1.0,0.3101171390857718,0.319590954721044,-0.2371766808673687,0.45808150299665823,0.24599647869750702,0.04674401283163746,0.48582827094509945,0.05827660981067289,-0.25286450689321477,0.5649449384687187,0.049689606518092524,-0.2537719323696065,-0.18746039300508077,-0.06147717532520806,0.039398084110537725,0.17264523730009165,-0.054584143870738754,-0.031216420740962533,0.36830362992593013,0.38777858240054597,0.3468029328147629,-0.0911268450767829,0.24103970302887961,-0.1163429646863532,0.4456471688227503,0.1324995421532882,0.1250621121730373,0.5453147129810906,0.6405013406213614,0.3285122401968555,0.032397126805178415,-0.40996432340363875,0.22046836495502012,0.581870137486988,0.1990809239677603,-0.15807783591065397,0.0034245643638581933,0.08394644249454969,0.21415085766717357
N_Acc_L,0.2744913039707396,0.05100869249479282,0.15651131666794074,0.36803590519687834,0.3304508174082887,0.11041383526977071,0.572546200046848,0.1700715430595531,0.43529348728621753,0.30647789823569227,0.30467730664619436,0.19901108569822396,0.16197035685608072,0.18253519452712597,0.02055271530682228,-0.011802684839428727,-0.12337716565213308,0.21755048424860238,0.23395190895407814,0.19835073963186983,0.3101171390857718,1.0,0.21724468508309489,-0.01393930412288741,0.47677646151151293,0.19573832433369723,-0.010740306782887274,0.3600491780713913,-0.1313687779338179,-0.02207825183093131,0.3403614273166468,0.21885132773487617,-0.1963904729330445,0.13276483078332496,0.12997942653220232,0.1469608718628819,0.16372545807152666,0.27502501126902495,0.0816593977689756,0.34110886802573354,0.23986152007781877,0.19603964246314998,0.04195291917381654,0.3277302272974435,0.17165331871987685,0.29631762821565233,0.3825266016978374,0.05821949835323561,0.4158090351921435,0.39248979524781236,0.30777462803414135,0.13921477524927536,-0.10106426395361301,0.1507656026437651,0.47785708577251224,0.09190675195581446,0.27974462896494173,0.3002094584708428,0.08108079431404516,0.029988158990649768
Thal_VPL_L,0.7899329911812318,0.7073014170146191,0.5788125561545838,0.6827425541310823,0.1104303423196877,0.43592956762113927,0.33147585541043345,0.5850218027678775,0.5683915056384862,0.6884893078938797,0.7329379963618058,0.5533727434722663,0.272769570240522,-0.08973375509908348,0.42152042498018466,0.12196143178338796,0.3003014684652357,0.4700040325318857,0.47952344096924143,0.806507144998362,0.319590954721044,0.21724468508309489,1.0,0.39798104287375496,0.6042029782151047,0.5621561390425769,0.642162318920921,0.5768716238634618,0.23008694386144946,0.3513065047222074,0.2061518095327321,0.7573838816008773,0.3050531288400671,0.4997480831948842,0.2832564941863301,0.4627319748750212,0.45124101356017676,0.4360958971610123,0.6010513565896318,0.667162181069035,0.6653712314864213,0.7166257219461698,-0.12558066778334856,0.6556290401807192,0.2791484057012876,0.7698009825535991,0.277832361033327,0.3044920260072407,0.21909465687120475,0.573504859952205,0.700063933024237,-0.4123368422003971,0.16955068793063569,0.5724936655865812,0.31970171386296553,0.6627614387581362,0.20811463536005848,0.30049436240836935,0.05874786257125288,0.5053372266849105
Cerebellum_4_5_R,0.4638314761969036,0.5522465447719199,0.7303650097585013,0.3853498286077166,-0.13152722814194276,0.19126467630942495,-0.14149828679746942,0.5733504567970328,0.42403416486059936,0.5906973051664125,0.4364939354626529,0.3621770450749478,0.006845274629144598,0.08651384884629704,0.13545822306275965,-0.01362638865465396,0.3532554425887741,0.5886163664248992,0.5427377683933164,0.31295716662643036,-0.2371766808673687,-0.01393930412288741,0.39798104287375496,1.0,0.17209040870750192,0.4818121966909319,0.3155074481156037,0.25575252383078384,0.022654206799513764,0.9720219485896902,-0.18692969895580464,0.4782086835324752,0.7683585808236679,0.8327509890637674,0.5638284828959371,0.3755781089166796,0.20653876557529607,0.31635052148847703,0.4175879474566604,0.5312383742664379,0.15609374852383284,0.29230772182093745,-0.126782141649573,0.310030233737093,0.6553492840278314,0.3444151115960904,0.0804008430764472,0.01473608299097269,-0.1567827407718493,0.2739295186130298,0.4501343442424233,-0.3477028214567451,0.8243736555594603,0.5568506074748804,0.11641025857037438,0.2700023953531067,0.3377474648248404,0.49526705202055754,-0.15008815350454086,0.1822869897360882
Frontal_Inf_Tri_L,0.46272206126425086,0.32942343075985636,0.3175492257525393,0.8290125603847466,0.1679108190430006,0.13404276247028488,0.6372650066898933,0.36959702247226245,0.8231448170054221,0.6314687121162441,0.7920125907887704,0.7197433390476903,0.30012884064915685,0.15929005244280478,0.4250670550702672,0.15532360361867995,0.03968988724577865,0.38453678549405235,0.4444983614513498,0.6831006486828217,0.45808150299665823,0.47677646151151293,0.6042029782151047,0.17209040870750192,1.0,0.23368972084943182,0.32109767289386165,0.8549467734996667,-0.009248249752050589,0.12807462636063932,0.4266572251567265,0.5183554852825133,0.009736536632509063,0.29458368210287494,0.1481202407357397,0.4742260878949879,0.6731120926164793,0.3311261988453396,0.351010859599069,0.5939230189182931,0.4008565910685356,0.34207069609350577,-0.17569403643646803,0.7002546159847909,0.269532857106802,0.6567805741942597,0.3170393358663238,0.2528411712076127,0.6605677422243948,0.6391263815523078,0.7620879462433716,-0.05562415917564325,0.10868109332035199,0.3579587507579708,0.43126624979223704,0.5685624812101366,0.27297754525457457,0.29674280161970074,-0.023944987093905214,0.42511889717084955
Thal_PuA_L,0.7654665077799928,0.3961749388163271,0.6665994056165072,0.43613298745347306,-0.0622991055762745,0.2170598294180504,0.44027671984502886,0.4021200194665604,0.4654337959932122,0.5234134074950368,0.405043763895397,0.13165430783989293,-0.06551811122203646,0.06643428215224824,-0.015686330691514126,-0.010296890647373992,0.07347688040185635,0.5102619142758366,0.6123579756661269,0.4335872287290486,0.24599647869750702,0.19573832433369723,0.5621561390425769,0.4818121966909319,0.23368972084943182,1.0,0.2901559859303139,0.35545605402329317,0.18211726969827804,0.45568109425113135,0.2435520995381911,0.46133413032612913,0.22108340534300927,0.5814827541757005,0.5291510518084791,0.07638340395487164,0.1467049067156731,0.2982995804541499,0.3864238904389932,0.7549294948591302,0.6136330947260308,0.6028644724384894,-0.047414582910888736,0.32730472747072803,0.46963405976505135,0.5340525856701314,0.06285089936499239,0.022233250516048447,0.06602130573238137,0.6261449382874755,0.4371484515018911,-0.29811441829673896,0.07879832673408609,0.7780084140021978,0.6269143117654331,0.25615117850712565,0.3843090747868982,0.36208174220575634,0.09394774106810898,0.26590964758818275
ParaHippocampal_L,0.5936153416391944,0.7977793842765334,0.32196818655754483,0.5677049596570688,0.2111519772917263,0.5806688917492805,-0.004383803808833705,0.5340210139487475,0.25533830357230325,0.5312205754395185,0.6145816198976395,0.4452311206707031,0.4509531538975121,-0.23197686234467468,0.6199128086204663,0.17444950095110318,0.5656286943623925,0.19078128183954104,0.20090817119822585,0.5382451488396387,0.04674401283163746,-0.010740306782887274,0.642162318920921,0.3155074481156037,0.32109767289386165,0.2901559859303139,1.0,0.4324798695028102,0.10703922330111915,0.2285437833175132,0.09497845221304317,0.7013552986595244,0.4195521742565328,0.24176404543832336,0.0802839385648681,0.4141532653042602,0.17628102406162313,0.32554540929850584,0.44440768586809565,0.3676959079857283,0.5140295459802967,0.6385620079409314,-0.07906635193328114,0.5101908299682479,-0.054687301086673,0.6439138616466717,0.5732787907930501,0.4349309916057217,-0.002332399666525168,0.17333935314728188,0.6036782987796571,-0.492601412541041,0.21532565365204914,0.2540427311749581,-0.06755583594111197,0.6157974031556108,-0.12550731402823478,-0.008660795779663185,0.062246560223781916,0.31918945731471926
Precentral_L,0.5222480723647118,0.3506891953405957,0.3324094494078741,0.95536914169362,0.11278418666559488,0.22174120475957143,0.584634863193624,0.5001757302150217,0.84137542702694,0.7102876224132805,0.9068779913492485,0.5647078395697654,0.2843985560417521,0.3188060788853922,0.30191270784047175,0.14555139200191092,0.27080917367191726,0.33101651793066944,0.562516358800355,0.5846274294582863,0.48582827094509945,0.3600491780713913,0.5768716238634618,0.25575252383078384,0.8549467734996667,0.35545605402329317,0.4324798695028102,1.0,0.012438282589322969,0.2005547638316196,0.4164847133426632,0.5742877388006135,0.19478559609931523,0.30190233590934135,0.30349039553617413,0.6045302727247518,0.4847200708483338,0.29826263294934036,0.27180294544510003,0.6741694624458766,0.49240370942705547,0.4752169429539948,-0.10608737904678829,0.6432547440365518,0.3481881828354369,0.7364170051086433,0.3597016315812279,0.31801348610565,0.4502613774033733,0.670522092209873,0.9077083004385074,-0.10330659285836073,0.17465674769238232,0.41281369444745786,0.4699972247353684,0.5140165280282346,0.220214923006712,0.27990584838151933,0.006701848543743383,0.2596181770735332
Vermis_10,0.1274887724833231,0.06841616111652774,0.2178282020537425,0.05867446958266217,-0.07194119487159102,0.0707988764048852,-0.02293211582523074,0.19211045444726596,0.10875877533363357,0.2205678977027074,0.06291836237640222,0.012195394800514306,-0.0330727058883642,-0.0378871198202921,-0.06222502145810366,-0.06456160939123737,0.17536313644839005,0.12078016771790366,0.2011447571262753,0.1332476456677385,0.05827660981067289,-0.1313687779338179,0.23008694386144946,0.022654206799513764,-0.009248249752050589,0.18211726969827804,0.10703922330111915,0.012438282589322969,1.0,0.06788976739400442,0.008893728442364513,0.18077156891207988,0.1647684730579463,0.08111559118731196,0.1507663285467226,0.09491441577274759,0.030925627200520157,0.075144638721268,0.11061579827740974,0.20988669813749194,0.1604970904113876,0.19409779373595212,0.26373121014775036,0.050601185370534034,0.09493304838820407,0.16640797186117284,-0.19225310703634096,-0.08745032204702326,-0.14515580325197078,0.1311417125157642,0.1230021704896582,-0.2672340696652755,0.008496170597042309,0.2618312387373665,0.16793656808418575,0.28589954652174704,0.06177481712881651,0.06888807676202274,-0.19571087272634038,0.07195018577199844
Fusiform_R,0.3807810317326172,0.46808152634654726,0.7167442554314031,0.3175958141486172,-0.15508866842110666,0.13543773600109144,-0.16230939165249533,0.5438538101529963,0.4037299931630698,0.5565946649888498,0.37152541039667825,0.2849042213860224,-0.03178245491459373,0.09433758802879404,0.043730750822023275,-0.026048252948139398,0.3103664244648466,0.5811997730803624,0.549889567984865,0.25659862719519966,-0.25286450689321477,-0.02207825183093131,0.3513065047222074,0.9720219485896902,0.12807462636063932,0.45568109425113135,0.2285437833175132,0.2005547638316196,0.06788976739400442,1.0,-0.19818658859762728,0.409305519766706,0.7519621063490161,0.8255973250521957,0.5644390758553901,0.35481152734195415,0.14803702237977948,0.29100962411354914,0.3545827942291454,0.5077367749020001,0.08301199549503287,0.2100956550692753,-0.10110842364667895,0.2533322285367793,0.6894130726530177,0.2765760016384528,-0.004486251583661548,-0.0897967568056211,-0.19387532650647205,0.26600471839804624,0.39256371318681843,-0.3313936622178554,0.8203574395798982,0.5561412705398889,0.13812742976067222,0.21111997810048552,0.3644169530957754,0.4835818329935825,-0.17039056327852103,0.15395194717226385
ACC_pre_L,0.24456250650606703,-0.05053766078554342,-0.09433651443206295,0.33197182045440243,0.2723880312363419,0.012533725655399555,0.6372934478083309,-0.09218871428836646,0.3441811534182309,0.19313828469845473,0.3292945129456859,-0.06258471064283218,0.4995210353631234,0.042243735830014645,0.19790708992141653,0.17003265696513964,-0.10762705653497458,0.03076096397632787,0.06045655320522639,0.16405125075103563,0.5649449384687187,0.3403614273166468,0.2061518095327321,-0.18692969895580464,0.4266572251567265,0.2435520995381911,0.09497845221304317,0.4164847133426632,0.008893728442364513,-0.19818658859762728,1.0,0.07590499633114632,-0.36482446702361443,-0.103224545269202,-0.014603629478965067,-0.02543283129091378,-0.031175670720916843,0.0957858011225031,-0.08172084916960924,0.33495091529086224,0.21649411158213422,0.21478929739118013,-0.1949620593086479,0.46534354878276074,-0.08798939074028234,0.3632927236426512,0.4301397099044909,0.15493297287050542,0.6920319951606463,0.5514662945759935,0.27442372671177306,0.20693659093330924,-0.2863787109550209,0.1744312290406302,0.6010892174374539,0.10953772554686386,0.06621853200018274,-0.047311415689331913,0.24108993935633233,0.08816078701252258
Cingulate_Mid_L,0.7010722667339441,0.7841609764504363,0.6329833378484657,0.7470327058662326,0.2289941630930442,0.5675373396458507,0.16692596898465595,0.8118356901120065,0.5613524606478566,0.7831173280413833,0.7643681435877846,0.5496692270620454,0.33898447891113265,0.023753241233358688,0.4705248184580383,0.05084286291186706,0.3718780197283288,0.5854869860082029,0.4648274027300165,0.6335799508408274,0.049689606518092524,0.21885132773487617,0.7573838816008773,0.4782086835324752,0.5183554852825133,0.46133413032612913,0.7013552986595244,0.5742877388006135,0.18077156891207988,0.409305519766706,0.07590499633114632,1.0,0.4361932518473823,0.5887209626129197,0.3833050036386661,0.6460057769236398,0.36790502180224577,0.5331277131139,0.6797272588086698,0.5846780500687191,0.567109780924579,0.7159906185475011,-0.040683512420438564,0.5499372098867296,0.34017173872770556,0.7344500080153548,0.3259375794540856,0.41832622833126476,0.012302761732500153,0.36624362113474596,0.7545073385472726,-0.31209995296091164,0.339863402617468,0.43039875215646123,0.14374265939810177,0.668458522428822,0.36027062976168317,0.38071124047914423,0.054712991197491595,0.3520745581459447
Cerebellum_7b_R,0.2880550828527999,0.5672471105604551,0.5461782426635338,0.30859559312389856,-0.2534210916511511,0.31208443480228226,-0.3923779263812662,0.5921545898544359,0.21244559410135166,0.48531286189510153,0.3780566003492547,0.2942247807227672,-0.03454968461827374,0.10197722367169028,0.08565886992143178,-0.12118221047979176,0.6866962164251861,0.22629703280093078,0.4322707081858525,0.19329313740066154,-0.2537719323696065,-0.1963904729330445,0.3050531288400671,0.7683585808236679,0.009736536632509063,0.22108340534300927,0.4195521742565328,0.19478559609931523,0.1647684730579463,0.7519621063490161,-0.36482446702361443,0.4361932518473823,1.0,0.47882974576253706,0.3942835600837777,0.473990696997908,0.14927404870995095,0.22723971539555526,0.26013393481829283,0.3468475679329623,0.14217056521430882,0.3113159358556639,-0.01773689596483347,0.07622963945569008,0.39432015392467396,0.31104811694848017,0.011895926204373445,0.030518646802666683,-0.4235261335270048,0.04528624509359109,0.4270292031154991,-0.4234383253398709,0.7249702908332075,0.35090937107419945,-0.15280799678634566,0.3098934158359632,-0.011762641873349746,0.2690081500966202,-0.21487526783586663,0.08780577306366479
