,Cerebellum_4_5_R,Vermis_1_2,Lingual_R,Raphe_D,Olfactory_L,OFClat_L,Cerebellum_9_R,Thal_VL_R,Cerebellum_10_L,Caudate_R,Vermis_10,ACC_sup_L,Postcentral_R,Cerebellum_Crus1_L,Occipital_Mid_L,Occipital_Inf_L,SN_pr_R,Frontal_Mid_2_R,Cingulate_Post_R,Cerebellum_4_5_L,Thal_AV_L,Fusiform_R,OFCpost_R,ParaHippocampal_R,Cerebellum_6_L,Thal_PuM_R,Fusiform_L,Frontal_Mid_2_L,Caudate_L,Cerebellum_10_R,Thal_LGN_R,Cingulate_Post_L,Thal_PuI_R,Thal_IL_R,Cuneus_R,OFCant_L,Temporal_Pole_Sup_R,Thal_AV_R,Temporal_Mid_R,Cerebellum_3_L,ParaHippocampal_L,Cerebellum_Crus2_L,Occipital_Mid_R,Cingulate_Mid_L,Heschl_L,SupraMarginal_R,ACC_sub_L,Thal_IL_L,Precuneus_L,Cerebellum_8_L,Frontal_Inf_Tri_L,Cerebellum_6_R,OFCpost_L,Calcarine_R,Rectus_R,Parietal_Inf_R,Pallidum_L,Vermis_6,Frontal_Inf_Tri_R,SupraMarginal_L,Cerebellum_7b_R,Putamen_R,Temporal_Mid_L,SN_pr_L,Raphe_M,Supp_Motor_Area_R,Vermis_8,Thal_PuA_R,Frontal_Sup_Medial_L,Insula_L,Supp_Motor_Area_L,Cuneus_L,Red_N_L,ACC_sup_R,Cerebellum_7b_L,Pallidum_R,ACC_pre_L,Vermis_4_5,Thal_PuI_L,Temporal_Inf_L,Frontal_Sup_2_R,Thal_VPL_R,Amygdala_L,Frontal_Inf_Oper_R,Temporal_Pole_Mid_R,Vermis_9,Thal_VL_L,OFCant_R,N_Acc_L,Cerebellum_8_R,Calcarine_L,Postcentral_L,Heschl_R,Thal_VA_L,Thal_MGN_R,Thal_LP_L,Amygdala_R,Thal_VA_R,Red_N_R,Hippocampus_L,VTA_R,Lingual_L,Occipital_Inf_R,Thal_VPL_L,Precuneus_R
Cerebellum_4_5_R,1.0,0.33795560794198887,0.8327509890637674,0.258458438871288,0.09090345101790516,0.32597435359385624,0.4697577169852849,0.310030233737093,-0.13152722814194276,0.3621770450749478,0.022654206799513764,0.33580124416454804,0.4501343442424233,-0.3367515719690032,0.5256901511696148,-0.4824563911907849,0.4167201195104327,-0.03287356042175706,0.31375697662133406,0.7758834848168598,0.4319416381365435,0.9720219485896902,-0.16194937813329943,0.5522465447719199,0.3377474648248404,0.4638314761969036,0.19126467630942495,0.30968689643779745,0.14756226113398158,0.01642594247386372,0.2260507536475572,0.4119923335247661,0.29230772182093745,0.2929625090866,0.5471074773251637,-0.4107284585650021,0.23980951119922786,0.5280565635586588,0.5745965151711627,0.5568506074748804,0.3155074481156037,0.08651384884629704,0.4028255285126984,0.4782086835324752,-0.01319241380910398,0.4367016652363024,0.0006010997232415754,0.15609374852383284,0.5171718955710491,0.2692641035163044,0.17209040870750192,0.8243736555594603,0.11641025857037438,0.8215648562005976,0.01821775299969961,0.5733504567970328,0.08990333494756456,-0.403475716638392,0.038081755440090126,0.3460131104330195,0.7683585808236679,0.19439279699852147,0.5427377683933164,0.4175879474566604,0.49526705202055754,0.3530093116742031,0.030205913271614135,0.48190232553069906,0.046744869191515215,0.3157537997143106,0.4364939354626529,0.6511370735112713,0.15322010677081094,0.25053656778666505,0.3532554425887741,0.4092860563640856,-0.18692969895580464,0.6876552053928435,0.05243311446253154,0.6730499484632957,-0.34808374098054307,0.34830245013244876,-0.126782141649573,-0.128206191696843,0.5354924977778385,0.01473608299097269,0.4041797082537485,-0.25494524009397257,-0.01393930412288741,0.7462667600654452,0.7303650097585013,0.3853498286077166,0.22387093233778785,0.44470173961774795,0.5638284828959371,0.006845274629144598,0.07368915069525263,0.13545822306275965,0.1822869897360882,0.20077320389018116,0.2700023953531067,0.5886163664248992,0.31635052148847703,0.39798104287375496,0.5093361778741079
Vermis_1_2,0.33795560794198887,1.0,0.25527332959913895,0.3333314692884861,-0.09280086149465994,0.18368564403014312,0.2526454344260801,-0.1119637044487235,-0.27624014922241846,-0.10086362681357723,-0.004945095477847547,0.02866552293353035,0.17393358885723323,-0.051959122737437004,0.40035876091569517,-0.011272659663014738,-0.07988335600803545,-0.1732262622751837,-0.12642202921390167,0.2775427703905961,0.1552570505927893,0.32865003238399293,0.0013724328464855692,-0.006193565711865735,0.13043987354859354,0.24433700242830533,0.12140381414291056,-0.06719474804233196,-0.2762568028833485,0.2422716346632754,0.12586948180431576,-0.04060376812450315,0.20242391305563756,-0.3082244657113444,0.19884083778319456,-0.13747411684442934,0.2707247354034418,-0.040363949526269434,0.41363561412970645,0.4409661381607875,-0.0290553959767874,0.44626794755625404,0.18179319796129947,0.04429448960473755,-0.15189922481443793,0.36228499315424173,-0.2288602453542448,0.14656567000891765,0.1414229086130842,0.11649739718936131,-0.09024521474199575,0.10330204476130375,0.3711743480634872,0.40781363975729124,0.4666287522243256,0.22559230810668943,0.34996733144556896,-0.18260376792142113,-0.09720735887243291,0.16005221039950077,0.3006778567860974,0.23792535635883572,0.5591669775446904,0.015633840411288527,0.3994054818211463,0.06496372268188541,-0.13725584938303978,0.3245114802631726,-0.15308117484513123,0.42055624358796917,0.030062625721137066,0.3628693866181613,0.06432557443567062,-0.121514498438728,0.2836228468760965,-0.017759221973607547,-0.10209372908102311,0.3570536320031141,-0.15532170826337016,0.43694808592597034,-0.032521699288025105,-0.2247692271025584,0.17443335406939237,-0.03166883327230661,0.22323034751061518,-0.04982271548798494,-0.06547597064059714,-0.17278894182222393,0.17387358629597263,0.25701319298798275,0.4018010747718533,0.1371765735364567,0.014313703712994903,0.20694770326510778,0.562435953464323,-0.3231571693313264,-0.09880952501812612,-0.43305823770280094,-0.3367671607818083,-0.048151495626020044,-0.16433935637123995,0.14612569220580585,-0.016276873038767296,-0.0070700918607305,0.1643086906583152
Lingual_R,0.8327509890637674,0.25527332959913895,1.0,0.48381685157471443,0.1156757010906286,0.3591260851532881,0.24997774964704855,0.3673713848240706,-0.04119007680833066,0.3460405653669284,0.08111559118731196,0.5012170965090434,0.47333971284768067,-0.4054916677514568,0.7170521096759181,-0.37639319539425015,0.4095472717360883,0.023903197522878426,0.504629447814337,0.9025327661431757,0.27697681972978694,0.8255973250521957,-0.09767903708690961,0.45035370182815865,0.674158133503727,0.5344367872644916,0.19930276160163488,0.44341036479936674,0.31409194593205403,-0.08367362489394899,0.364705917069356,0.5998669341494884,0.3433737537558301,0.4880650764904387,0.7894480281816976,-0.4150315071248376,0.3164628113026449,0.45145793357417613,0.7194442883476843,0.5990473896585196,0.24176404543832336,0.14896267061942228,0.587584726942403,0.5887209626129197,-0.0011703290842764742,0.5026337993615627,0.05456951884984159,0.24558144974314347,0.6208715889790314,-0.002847875569661157,0.29458368210287494,0.651540387347307,0.2870864155155591,0.8420244898821131,-0.09629664302870163,0.6740011956915997,0.09471358537549938,-0.5093367092765917,0.08753026651926923,0.5158516599124073,0.47882974576253706,0.21764382811565258,0.611950711751948,0.6133214812059211,0.6553008838473972,0.3456490668689409,-0.15494249765779652,0.58935886693847,0.16596625153920347,0.4223814283567363,0.4606723111515466,0.815863247490676,0.08292450285529705,0.33905985320066967,0.04573498910181879,0.3320528844311683,-0.103224545269202,0.887708696372848,0.2208448739858223,0.7054237210087219,-0.15751322048522182,0.459959695482566,-0.05975599272570629,-0.03199561816022783,0.3675844044813831,0.06100957067666186,0.4946968558339669,-0.3383161608724824,0.13276483078332496,0.4867064542698944,0.8311200587890819,0.46642363707392603,0.20683286159668687,0.545366324189014,0.640136722410616,0.01689059035439158,-0.13634943017490547,0.09571245040137485,0.2028363224246572,0.18209611820334,0.27966668746767154,0.8932786844747763,0.4228642427318965,0.4997480831948842,0.5939054404530354
Raphe_D,0.258458438871288,0.3333314692884861,0.48381685157471443,1.0,-0.017069971122133525,0.018302744871092187,-0.1600143791541225,0.11616850275083553,-0.15821463731844954,0.0197003745026951,0.10752545081583552,0.3638666831833314,0.13487730252615818,-0.13743578070634488,0.6817248004259577,0.17244975250898367,-0.08740724927302826,-0.12288943400868893,0.3191550418479314,0.4570331151230595,-0.05396914051748847,0.2553103717372968,-0.04071508344112809,-0.09871333181451213,0.759449237044347,0.18632296631570971,0.1314070517684148,0.15071804023953417,0.275523103409031,-0.0005546058048682681,0.2906613529504283,0.2478069441528004,0.03609863070487935,0.15367132461011848,0.6339239279785909,-0.22545477852260382,0.1081173727013042,-0.09454917917315799,0.5371142206105167,0.40314943714746204,-0.141423023319471,0.44274884736264525,0.6129290420806432,0.210645644780478,-0.186762745600438,0.3902556703360073,-0.05487595006935063,0.12518319883604792,0.28076458863533044,-0.1560183726856925,0.09739848880903589,0.15948673310050498,0.3738049947205937,0.3160570394800859,0.013846226582056252,0.3791580611430953,0.08132916461131623,-0.38179090438070207,-0.06228320252004595,0.2954543864859156,0.0026073465506816535,0.1457304751681318,0.42660404041904915,0.18122889782144808,0.35952681847718454,-0.008605807847421296,-0.3719897203100264,0.49739968462429374,0.16483083050366829,0.3047314623044344,0.09069280608438034,0.5073653330928496,-0.15096959706637889,0.15165399332961443,-0.11523207601323594,-0.22205494533279366,0.09089477867860442,0.6172311568879469,0.1461515884518711,0.31767037160240164,0.15583557694517447,-0.01658851164626615,0.13025202132154393,0.048615663858506804,0.058189936672295946,-0.14933984139096854,0.005121114142230381,-0.2665499430466468,0.15100082968989897,-0.058380447091749665,0.4236487923430937,0.16519600830315534,-0.11845843740600316,0.22849916549049182,0.5691358405311369,-0.039676717830562584,-0.4541470530591039,-0.17823997455611046,-0.32067224664031735,-0.20576071003623322,-0.06157144208683444,0.6090893361209122,0.21925081472314817,0.07617196943960651,0.2737765798222749
Olfactory_L,0.09090345101790516,-0.09280086149465994,0.1156757010906286,-0.017069971122133525,1.0,0.49397808226473583,0.2380999864507488,0.5322607843395447,0.3838573415448361,0.19851260834459544,0.07636086954724804,0.40731214503412033,0.45556602947584984,-0.049265694430233264,0.03843769764828286,-0.07881213952855234,0.44928099163501306,0.5390597048283393,0.3299590106028967,0.32874998248477055,0.1984398879207051,0.05586903400084549,0.44943060751785047,0.3677031801299147,0.07670341077527527,0.4652341597793602,0.25741038507214525,0.5270149242094349,0.4299792692626851,0.0805463453419452,0.43550266083131917,0.2531642912376882,0.4530462505451727,0.14929688750514872,0.0202056505278588,0.32392038297359005,0.34071846694701413,0.28039479451240495,0.07759886628940767,0.3478213123043497,0.37579230631790944,-0.12738336079615933,-0.09757958826815381,0.39896341605238267,0.2442252995024473,0.31288793987789304,-0.0630803760040651,0.3463489317287106,0.2913951319523554,0.2391363765797218,0.4674422964266173,-0.09353457147966503,0.4257461056620076,0.21897398499935003,-0.030896517784801607,0.21092985426073518,0.4197633530454054,-0.019675370421416243,0.5526271908337338,0.3187947819604679,-0.037020086321582636,0.41530421919724997,0.20992213122788003,0.13331935707135745,0.04389626236826677,0.43253444253251766,0.22370802233176093,0.3875133852250039,0.43461313561036513,0.3618167413014959,0.48137330435379805,0.0971252318333948,0.45099764491503286,0.39138128226654906,0.128056787251362,0.47346047276856396,0.5462832451539167,0.15333589974662665,0.2472185840486838,0.28812465308285584,0.37761225920235797,0.44003671050236554,-0.18089022235927904,0.5023896909611455,-0.030274533967074163,0.21453296001520825,0.32256151318144366,0.24881231620564073,0.5593951512639294,0.14843793198169844,0.2402876480497639,0.45851247358244673,0.498345106973561,0.207758800907958,0.0277763566762247,0.4721153601948968,0.08648434829004727,0.3958393153547096,0.35316529549283343,0.5078630159030312,0.35099211211190995,0.17558599446486864,0.3584637337296342,0.4329418578889435,0.26973481574606417
OFClat_L,0.32597435359385624,0.18368564403014312,0.3591260851532881,0.018302744871092187,0.49397808226473583,1.0,0.5104404674946048,0.3651863818047376,0.07951006259949296,0.16307053214326103,0.35888394891979547,0.4233632330240961,0.556683115424872,-0.07967637196399299,0.25157639221186096,-0.21669317253780587,0.511709080239596,0.39455197177431944,0.4434944330118622,0.4811733295562506,0.34901246433542144,0.30327929452652835,0.2276736976228956,0.473822307043867,0.07621375375329102,0.6451093506921727,0.34650142153338087,0.5037707952199018,0.1933736148306471,0.4158855800641249,0.6051984614285368,0.442360436524811,0.6400117316655941,0.2183605815807043,0.1226550449621832,0.05636646809878893,0.5079549402425052,0.5513547730322643,0.30211063573976243,0.5230361959832273,0.4980885860606603,-0.09135160312682551,-0.040926367127219226,0.5373902171099927,0.3127842779866703,0.49369443309332467,-0.11994764573854538,0.4864234713833183,0.4794333946645395,0.3605030698606748,0.26390815136084794,0.08046907370309694,0.4192416045987465,0.5200592502789327,0.03071062963493319,0.4894311732607271,0.39000262321597123,-0.0869085046683344,0.37636966817997675,0.37315952893023824,0.3012645983097958,0.48658627963793455,0.43199119633558863,0.37576356687216417,0.3101267747229138,0.5002094899169667,0.3165681175752436,0.453522384082339,0.1410212010003762,0.45253788223050084,0.4835669111152662,0.36517353985370704,0.4085178905744061,0.480623861258343,0.40604970002338947,0.45858786394299006,0.226803724897631,0.2863507487245951,0.30282451846201736,0.48692466994053973,0.10718230760427679,0.508014079559479,0.0774448618237338,0.3369725386076857,-0.05138300910400307,0.13219661759878415,0.3637233046507622,-0.18876950237200094,0.19214360657513424,0.5134266542233454,0.45272006921561625,0.4504740051636574,0.4626308379469508,0.5153226217835297,0.30082113307932234,0.15136376083074854,0.0001917375947573857,0.2346609290796476,0.33245266689994807,0.5490853250025475,0.3960827546192444,0.306048517192647,0.3099762384911592,0.6061891493387155,0.4533821725319641
Cerebellum_9_R,0.4697577169852849,0.2526454344260801,0.24997774964704855,-0.1600143791541225,0.2380999864507488,0.5104404674946048,1.0,0.28715908187962863,0.0286490468858503,0.30004418095789454,0.23425940217880162,0.29075206117282504,0.6992212178922254,0.18196389795004672,0.1646693847470164,-0.14039263329283394,0.4103469711655862,0.43591568226520194,0.26431274599003796,0.30751752132730753,0.2983333513985062,0.43532092278548556,0.0034922714687389287,0.5218697233743664,-0.1567833918642235,0.4121856611961947,0.3631054757146091,0.4482480537122945,0.015923446213211206,0.6110148419740192,0.3314556970240644,0.4086751547696385,0.5403981994221481,0.034244751602851446,0.03612163872019188,-0.19196213106611862,0.4447773441895956,0.5346688315749156,0.2937372377327928,0.33018672249416414,0.5334106976215731,0.23658411836991342,-0.06582334841360096,0.5511729488337247,0.4232888847976306,0.6271265204512931,-0.14792026973334532,0.3285169562804252,0.6287360187945741,0.7331449874254379,0.2949565878056058,0.4304464037908301,0.10575343790267061,0.5468246425798046,0.026592163929380082,0.5858614283328699,0.23221940234322658,0.20509443413719705,0.48300261070023254,0.5382405152431496,0.7133854889141104,0.44933124232725763,0.4624543892490663,0.22467363307648291,0.31799929491548784,0.7143028518255642,0.6047248553866197,0.13666186885533008,0.06165009972282196,0.33534725036984053,0.6487682307066509,0.21751249732552072,0.5441533955539756,0.33810055969710906,0.7133838229237828,0.4327252729394338,-0.0013971722145523426,0.08825483646277978,-0.023984726100077854,0.5082196043001782,-0.14510927160943338,0.3206504023528313,-0.023562054947349087,0.36016209480694045,0.47834194849871775,0.342372321859346,0.16987626523833982,-0.27244625463198,0.02830807545629714,0.8510757336035868,0.43725189976178586,0.5786647183136076,0.567275253044107,0.288223349693168,0.36498433359926563,0.1668418042592003,0.27248358187363797,0.12825742875260124,0.2241078638800148,0.36826475688405136,0.4258152879380913,0.10603064469436382,0.333223820286864,0.49193306998766795,0.654620988389601
Thal_VL_R,0.310030233737093,-0.1119637044487235,0.3673713848240706,0.11616850275083553,0.5322607843395447,0.3651863818047376,0.28715908187962863,1.0,0.20636267602411604,0.5923262701120882,0.050601185370534034,0.6328999806981862,0.6603152728155547,-0.022921332958365487,0.12912390423119338,-0.05919922355203281,0.5204633632920289,0.6603752269667985,0.662809707559335,0.5083132297938179,0.29525934647270574,0.2533322285367793,0.32275007778135845,0.4943424143163169,0.2254166738075278,0.5588055291992148,0.28407537098083874,0.7495411429274679,0.6563091109660112,0.014775357695525924,0.5104573380752621,0.5256762109235151,0.39086550139888915,0.47068223196787207,0.22608676046772266,0.0883995308076837,0.2690131341411582,0.503181320794449,0.28287453130565554,0.3877395310966692,0.5101908299682479,-0.041590001440666685,0.11811873991749691,0.5499372098867296,0.39434609259260645,0.4658467793163228,0.006596303502493584,0.39602153858628136,0.5382941118111495,0.2817510888203119,0.7002546159847909,0.18852412568126845,0.336125686524259,0.35162354862608963,-0.023953320588899648,0.39072309189125715,0.2854922481720424,-0.05732219585594418,0.656384800746988,0.5222056291889439,0.07622963945569008,0.5140372013233981,0.3031053649697941,0.37008087988074134,0.14176200907272768,0.615027248471546,0.19582152195367467,0.3239534814051469,0.6572521916145087,0.45793944142924453,0.6939014108634689,0.1817571837737777,0.4526902486711085,0.604311058381136,0.14563690717618546,0.6831731039354522,0.46534354878276074,0.3273905754687683,0.24208655823912467,0.2881462086547302,0.4148274627791736,0.7016458711924076,-0.22111607087351132,0.5526281224632847,0.08567960915533392,0.3078606883683297,0.6201876371829435,0.15204679017462308,0.3277302272974435,0.20794044441988402,0.32970507156320367,0.6865112891418342,0.590669986820108,0.39381510364362243,0.22929243460670082,0.6198028402943554,0.12323161253255162,0.6260274313593274,0.38134483523618184,0.4877979555403,0.5355307214753912,0.4147166831224313,0.3694444187436058,0.6556290401807192,0.5170919204953801
Cerebellum_10_L,-0.13152722814194276,-0.27624014922241846,-0.04119007680833066,-0.15821463731844954,0.3838573415448361,0.07951006259949296,0.0286490468858503,0.20636267602411604,1.0,0.02037560217732667,-0.07194119487159102,0.1809238256318698,0.1483167695971859,0.13371081395908765,-0.19211309574841434,0.007361265395341302,0.2816728484483108,0.29196571232763124,0.16318754216677608,0.037055071745108796,-0.02547367732687583,-0.15508866842110666,0.1711933377100314,0.13170670791231867,0.015857036689767106,0.0983656084660943,0.13645734802015916,0.22130957752522068,0.2571174858104828,-0.17351168224709723,0.13654803589530579,0.20281818155223738,0.1767320483927613,0.13962977356019393,-0.08428975260783705,0.06238806346767245,0.0011310717536775782,0.11983764131484367,-0.16537263726462564,-0.21396534894352667,0.2111519772917263,-0.10191311816819341,-0.13746505731706568,0.2289941630930442,0.32315163882566555,-0.04354548815920764,0.15682580705078603,-0.012630514459554829,0.10584254118453956,0.04454589594616333,0.1679108190430006,-0.04377442589838778,-0.01467938729390595,-0.08569913069791558,-0.05814889983427103,0.033633151756971624,-0.0966139424715564,0.0940954758240612,0.21886954538505998,0.05963443793332143,-0.2534210916511511,0.03264845747287273,-0.20714943593253296,0.14578705855530893,0.04864880035328582,0.15941414065094353,0.13714375548798344,0.045695197525964876,0.20593537992848432,0.007079460632612964,0.19196709163533,-0.05094224548583018,0.24105276828664277,0.13052598507289367,-0.07810426170170925,0.098091662756645,0.2723880312363419,-0.08685073324767681,0.2202114743588086,0.015217773851060122,0.21950777331088017,0.21616564518357434,-0.07296942280805149,0.1862901935787086,-0.03664900740585035,0.4415190535794039,0.17995349986559628,0.04970726623224035,0.3304508174082887,-0.07378169284350533,-0.12115595253983692,0.15083854266258376,0.2523630684943792,0.08034133873494734,-0.05416740303530417,0.4470573845494952,0.3293521753016815,0.29491083563198406,0.15429051434761845,0.21113129509357767,0.12153727903967095,0.04917187469790911,0.17986741519449687,0.1104303423196877,0.04031782402028945
Caudate_R,0.3621770450749478,-0.10086362681357723,0.3460405653669284,0.0197003745026951,0.19851260834459544,0.16307053214326103,0.30004418095789454,0.5923262701120882,0.02037560217732667,1.0,0.012195394800514306,0.5030079222138593,0.5752260737736518,0.10015374912767383,0.10383057071004183,-0.16985175175936673,0.44014175121924737,0.46301688643199046,0.5711163088674257,0.4228979407971833,0.3208200687107186,0.2849042213860224,-0.026656310325057817,0.5490642333069093,0.13706741173696674,0.4017742181564755,0.20570900063121939,0.6327775536381057,0.6425737635843699,0.01198758482729612,0.2827324314030804,0.47195173379965794,0.2526064950933925,0.4812075507923698,0.19019007968551102,-0.032942503297444865,0.03835535839469558,0.5376851267080958,0.30995207166772293,0.2367919160873261,0.4452311206707031,-0.02844445714979491,0.11952222261567302,0.5496692270620454,0.43279383013573985,0.41683167157876444,-0.0453114935133657,0.3297454888354451,0.5367334067461084,0.2981338337770041,0.7197433390476903,0.3709524992573791,-0.006382697922130167,0.31049136911660474,-0.17573968793058448,0.4398743423359869,0.264906214439569,0.005721978660553279,0.5295662911699206,0.45090321584571663,0.2942247807227672,0.2786770221181551,0.31502860374922415,0.44930120093709364,0.2141967315729136,0.5763431912159139,0.28978747010458467,0.14304252219010108,0.41426003126359184,0.3369219847431095,0.5999364519761726,0.14847878490727698,0.32490590539749914,0.5029770293951241,0.1770818735916091,0.6658475243295995,-0.06258471064283218,0.2121827113533452,0.2327738999356532,0.2069020525993131,0.0830251837666441,0.6611736893567333,-0.17837387961139956,0.3175703828576775,0.21330350359230119,0.23316557235734378,0.6391685622701956,0.025183942593766703,0.19901108569822396,0.3044626858840623,0.33658700766056976,0.6122151615565423,0.5765335919639424,0.47426656819918156,0.05140601937852192,0.1766187218532338,0.15445112303110714,0.574005702398969,0.42022334629399727,0.42004387922883607,0.6229196844964141,0.3314616040246606,0.2609912958619196,0.5533727434722663,0.5187928886760211
Vermis_10,0.022654206799513764,-0.004945095477847547,0.08111559118731196,0.10752545081583552,0.07636086954724804,0.35888394891979547,0.23425940217880162,0.050601185370534034,-0.07194119487159102,0.012195394800514306,1.0,0.03933476241766245,0.1230021704896582,-0.06941085714372687,0.13781540495923017,-0.03664147411568579,0.06621782356107281,0.02337008554771071,0.08834611855329069,0.11287327839553332,0.05829519786834051,0.06788976739400442,-0.09153828151099946,0.06841616111652774,0.06177481712881651,0.1274887724833231,0.0707988764048852,0.10882071206509257,-0.057102805891372274,0.323294533476197,0.21689315697084066,0.10569712262040536,0.19409779373595212,0.08310003721311415,0.02506899581898087,0.023311979416865546,0.3276543885657395,0.1470498287018926,0.20747413031665424,0.2618312387373665,0.10703922330111915,-0.0378871198202921,-0.015097520256659926,0.18077156891207988,-0.03125939008389667,0.2038938948141322,-0.14551771319058765,0.1604970904113876,0.16433271454369905,0.17088529004567143,-0.009248249752050589,0.008496170597042309,0.16793656808418575,0.17825556829446684,-0.20429834912366188,0.19211045444726596,0.133945995822621,0.06193243691251528,0.06224059047018473,0.14443251820696384,0.1647684730579463,0.06326873466271299,0.2011447571262753,0.11061579827740974,0.06888807676202274,0.10531596626227493,0.158042622727643,0.03746713918654861,-0.10670073625030406,0.10055951089606133,0.06291836237640222,0.14992500883321608,0.03386075884970911,0.10196316720903915,0.17536313644839005,0.03696678475298328,0.008893728442364513,0.06859262476329131,0.07745268948579617,0.2241971427583891,-0.11283642973366201,0.13969214977609892,0.26373121014775036,0.029791457784276956,0.014455656396327532,-0.08745032204702326,-0.03471490804372562,-0.2431139804283397,-0.1313687779338179,0.2712366119425031,0.2178282020537425,0.05867446958266217,0.11529651041010021,0.0861807847152306,0.1507663285467226,-0.0330727058883642,-0.2192055383135835,-0.06222502145810366,0.07195018577199844,0.023560348287784496,0.28589954652174704,0.12078016771790366,0.075144638721268,0.23008694386144946,0.14296259697688854
ACC_sup_L,0.33580124416454804,0.02866552293353035,0.5012170965090434,0.3638666831833314,0.40731214503412033,0.4233632330240961,0.29075206117282504,0.6328999806981862,0.1809238256318698,0.5030079222138593,0.03933476241766245,1.0,0.6875543104274513,0.07256510109825685,0.3154325152648131,-0.011801420428473212,0.5997632452193864,0.6471087454841241,0.8368544566182257,0.6046976508365127,0.2193501101230729,0.25443396518015227,0.29123397555479663,0.5725598547776831,0.38785534745110456,0.7044754984223138,0.42432041398120135,0.7947597482150837,0.7044448822945988,0.11059876657298681,0.6664678027233275,0.7474307813968044,0.6113861868003247,0.5409912474096622,0.33012021953040954,-0.08119789521527174,0.27326791275155965,0.5065334358001553,0.3404424500840529,0.456702858624888,0.5888075331668386,0.0529260092920094,0.2096076328721097,0.7610166966908705,0.48511545192860905,0.5839037346146645,-0.054707202111267395,0.6223601677283047,0.6833499272630925,0.27195848132468725,0.6050710710014465,0.16963730139070615,0.36161289667075514,0.4675164085956105,0.012582353869249246,0.6100528494351275,0.20978661737116888,-0.10339194324000055,0.5463712790414734,0.6782785378436804,0.14755171840346099,0.5622737955487682,0.4168352191679408,0.5901105019989251,0.2524600643623051,0.6787518819610708,0.253840441407597,0.6001587076350121,0.5950609497315228,0.4712835991385476,0.7440193891251787,0.37769193877598234,0.4062749730687901,0.8795834265052084,0.1538065311308567,0.39250295790499323,0.39537021904720115,0.4127581108103251,0.45867821159700606,0.3405419026005796,0.44728714444950474,0.6072190044781514,-0.15751928464615586,0.5349157040569906,-0.03832207660567511,0.3619766053187747,0.4809276228807625,-0.09807856440854966,0.2180638742122397,0.2442588964333629,0.4322065954794283,0.7538452366351004,0.5434319812685497,0.5785375903803648,0.28905555548831013,0.42637973783944366,-0.013172933591394842,0.4721174663076637,0.26965198381878647,0.538304705215658,0.5434832663138468,0.5605078517859532,0.40318379724657494,0.6820657626909503,0.6594396623246642
Postcentral_R,0.4501343442424233,0.17393358885723323,0.47333971284768067,0.13487730252615818,0.45556602947584984,0.556683115424872,0.6992212178922254,0.6603152728155547,0.1483167695971859,0.5752260737736518,0.1230021704896582,0.6875543104274513,1.0,0.11502008226255087,0.3810643253854795,-0.034395868294222955,0.5022932661164763,0.7376105858086524,0.7016045316010218,0.5843999305116088,0.3027165766057246,0.39256371318681843,0.2642115812937585,0.5417536327089053,0.26287979709521464,0.6443786182832859,0.37531958786578484,0.8739923166965398,0.45037820433708653,0.40436288981082,0.5578071332410173,0.6707534238017718,0.6219034329983709,0.356837368943777,0.3495158180662687,0.018991151384149432,0.5461158992419312,0.5985500299441496,0.5461279383066225,0.5136993090754469,0.6036782987796571,0.2605908230565687,0.17102512420427024,0.7545073385472726,0.5970383325904558,0.8555987577114715,-0.031505847765566426,0.5352984625546012,0.8620050764913262,0.49820785524586425,0.7620879462433716,0.3347040440651256,0.40295612787173085,0.6205606373423906,0.007016984944771235,0.7239298056487942,0.3535765893994848,-0.03502263668724008,0.8040424760766821,0.8585602643940251,0.4270292031154991,0.6403038109082151,0.6502301336781633,0.42957819493022864,0.3965646246717497,0.9432192334086937,0.42033203320891743,0.3700875883828982,0.5423506883492153,0.6529548779110059,0.944633041095046,0.40842616932738135,0.5423402931952827,0.6392852645239855,0.45670340379256213,0.5813480071233296,0.27442372671177306,0.40510977607573745,0.1682679665498729,0.5459066712760804,0.3044292821572403,0.6145344121783626,-0.06111083938285128,0.6796324879870779,0.3544634970412164,0.3382887867171139,0.4507580543097115,-0.0958945232249363,0.30777462803414135,0.589887756764063,0.5333486508917948,0.9637958822506615,0.7969404797992014,0.468839560936791,0.4466705433290576,0.3086622003330871,0.15292701967649777,0.3650448260649006,0.3219520163889087,0.4888313805994773,0.595874656157263,0.46236834676234145,0.45319558708360197,0.700063933024237,0.9001608764067067
Cerebellum_Crus1_L,-0.3367515719690032,-0.051959122737437004,-0.4054916677514568,-0.13743578070634488,-0.049265694430233264,-0.07967637196399299,0.18196389795004672,-0.022921332958365487,0.13371081395908765,0.10015374912767383,-0.06941085714372687,0.07256510109825685,0.11502008226255087,1.0,-0.21506592987511675,0.3058186062455122,-0.028781911899906285,0.29792977634394785,0.09823419517704089,-0.3518472180899373,-0.10162103806016459,-0.3969849730674469,-0.13926735576528582,0.11460414083948366,-0.20225806316129427,-0.058595944495494566,0.6172247953160769,0.010513040497028673,-0.05820065275331481,0.1589241500679671,0.0883258464970881,0.13663625542951002,0.07993730309229302,-0.23719317519519836,-0.42036229345201986,-0.1054269140899694,-0.21507065937648376,0.0019007014533539868,-0.3665909488535329,-0.32318206683587547,0.26602163299501863,0.3664221015411852,-0.19964251075341155,0.1104509771658701,0.3612799651294631,0.11810079981364524,-0.14720741990739578,0.1121544547194131,0.16859858539647174,0.4977604683222363,0.05626720598567107,-0.1995754448938672,-0.256145742294139,-0.2765787740955365,0.1558487028653186,0.16093302197071538,-0.053146277716573584,0.44094465034347924,0.16968798521282863,0.1685290356791761,0.006599598511324272,0.080985148283292,-0.07779790126035357,-0.04895491617502087,-0.2138698413179388,0.23328620581940923,0.6304632880270304,-0.2602997797748736,-0.14381967030814305,-0.1531159825878902,0.1049880667786,-0.3460935793122382,0.33167137958974924,0.14697678795604552,0.5063890721820427,-0.07571121228426964,-0.009660073272892379,-0.5226402153341088,-0.004285302805451265,-0.053196993484778,0.036328653994654465,-0.04920376456806944,0.21369216946353914,0.2089070679879216,-0.15324576715730637,0.3852142598840268,-0.11340741482954199,-0.19523169061070825,-0.013793690295579543,-0.010656893880379811,-0.3042198386219666,0.12653166350333322,0.129649279608841,0.04974350428505243,-0.20075970542919752,0.1885791319821428,0.2631794776337371,0.1198591379289314,-0.15563836843598491,0.16178628157767572,0.1950383007242178,-0.25763075618043546,0.028250429327684196,0.00010562446810013955,0.13569263715087213
Occipital_Mid_L,0.5256901511696148,0.40035876091569517,0.7170521096759181,0.6817248004259577,0.03843769764828286,0.25157639221186096,0.1646693847470164,0.12912390423119338,-0.19211309574841434,0.10383057071004183,0.13781540495923017,0.3154325152648131,0.3810643253854795,-0.21506592987511675,1.0,-0.020580670722685986,0.016939535390624396,-0.1136361872337339,0.37276349215974125,0.6580758738246574,0.10316151997235974,0.54741098835438,-0.1736861911904071,0.03347082667742739,0.7732503501649488,0.27521604327915844,0.21389308418371553,0.24382682281227566,0.07899065519924282,0.1875861414551211,0.25317817439548007,0.42519062044696687,0.17981753240073362,0.18384027431547498,0.8632249728435705,-0.27435409091272617,0.28659822525841416,0.12862327910461321,0.7947424813384113,0.5565713581195904,-0.04088927386527958,0.5089424095565273,0.7802791928825504,0.3398068267370183,-0.14695780930906793,0.6801101897228023,-0.04874192536543127,0.19077332898263566,0.5674051391273676,0.017349170720346727,0.1583505097396063,0.38704035446092294,0.39587658952575594,0.6501533154252161,0.04112564136088648,0.6767302504178476,0.14276368199225317,-0.4790868097438794,0.016400861482750037,0.5299090795040857,0.3256380661396514,0.1612612188776914,0.7219670645279516,0.297064429481366,0.5441655580216518,0.21612994082660023,-0.22582010622704907,0.43506424210558936,0.0447322927064042,0.4553753793681077,0.27687180239871545,0.7907019376135765,-0.08457210902195546,0.18814907579793677,0.09705200981644058,-0.028975662944565654,-0.10070478732624924,0.7979264789862418,0.10503542977291454,0.615520211020331,-0.06442739940040783,0.10907534351558155,0.19250306152997396,0.028633262181838894,0.27320323981068967,-0.17635326712318336,0.04702059972245749,-0.37750989910171384,0.152491379730022,0.3107015046261489,0.6829795092196537,0.3482909401981888,0.03754061348497346,0.29838738691141387,0.6798905761038413,-0.14065720105940008,-0.3358002288803227,-0.20402843401001935,-0.12523472818810039,-0.12066451560865352,0.02595347858253468,0.7760565633815507,0.3792936866078762,0.23680045811712652,0.5790893941061989
Occipital_Inf_L,-0.4824563911907849,-0.011272659663014738,-0.37639319539425015,0.17244975250898367,-0.07881213952855234,-0.21669317253780587,-0.14039263329283394,-0.05919922355203281,0.007361265395341302,-0.16985175175936673,-0.03664147411568579,-0.011801420428473212,-0.034395868294222955,0.3058186062455122,-0.020580670722685986,1.0,-0.4398758755856957,0.218019544133208,-0.12046978073084662,-0.45609518502083385,-0.29975203696571096,-0.44205206054120477,0.3916490865612356,-0.53056115699199,0.06262759253484129,-0.2954269363546792,-0.12540472151923324,0.008559540850215553,-0.029236575161148855,0.20303274593242476,-0.05157720599260944,-0.18613768155841035,-0.24293527149609165,-0.18708189175356704,-0.004370242684334376,0.4111431171790102,0.16441512903598668,-0.4210104545836164,0.02765933025864361,-0.1894650679369236,-0.3768266889692191,0.4621530497445012,0.14698532434934247,-0.2956412463751619,-0.033018638760699714,0.057443973508221356,0.09922795518170077,-0.05383726847468244,-0.08400833114677314,-0.03357321616025823,0.14773014487390873,-0.36012021530252486,0.28160212303300075,-0.4740117085171685,0.054489879051630406,-0.1793454667086976,0.13477503895284862,0.11621708469601924,0.24343199234102395,0.16186099287371655,-0.4414463981372846,0.22999401841628211,-0.009141063761129052,-0.3110537880640988,-0.17821664106414833,0.011290163839072765,-0.12614230132418855,-0.27254503205140385,0.35996028133901964,0.184229806340386,-0.0032236588659313773,-0.3057857884368538,-0.17882654685890406,-0.08558104439867378,-0.19395810817628603,-0.27301104864030507,0.35444610430278206,-0.20110848302873263,-0.31134615207710076,-0.3026034215211302,0.4876741973109286,-0.3354471832392479,0.10900086615611684,0.45601066519588274,-0.05260327965860175,-0.06712575245531217,-0.35385259679451775,0.28841425048377367,0.1551693073627852,-0.42958631544423925,-0.4247866920877114,0.03157444313986458,-0.16511183613963598,-0.3995543806758238,-0.08817214519744458,-0.018770429366458015,-0.23377549167370307,-0.3176823453452678,-0.36452249811585924,-0.4371970339279333,-0.18479144145377077,-0.20727983063417504,-0.11123140119727612,-0.18950224174047656,0.005559495873612806
SN_pr_R,0.4167201195104327,-0.07988335600803545,0.4095472717360883,-0.08740724927302826,0.44928099163501306,0.511709080239596,0.4103469711655862,0.5204633632920289,0.2816728484483108,0.44014175121924737,0.06621782356107281,0.5997632452193864,0.5022932661164763,-0.028781911899906285,0.016939535390624396,-0.4398758755856957,1.0,0.5015611145778709,0.5533470464652515,0.5670857435681824,0.33896364115726907,0.32670218669828177,0.10979724660230551,0.8192667447869271,0.01668952090355413,0.6973096973587387,0.4452785123324378,0.5801517332702558,0.500139188853546,0.09906201637843302,0.6111880751461409,0.5668552356353974,0.6496471866912304,0.5195399623064012,0.012563653237045233,-0.18604571632082462,0.19511103196074187,0.6831773555013863,0.03607891647949306,0.3902389576745146,0.6810998850884937,-0.33155973524856186,-0.15778739547516962,0.7285043424552528,0.46474360670003156,0.2561963947642031,-0.0707276163906051,0.5170954403095308,0.4589290378043145,0.3820977461020485,0.35880574628278195,0.19493733492969598,0.045514056507520245,0.5195701602807632,-0.17056963465998726,0.4372711802469545,0.19356431579168196,0.03681156414047482,0.36930934539807764,0.32971121927191327,0.32104843575697334,0.38471585049743207,0.19746884655441752,0.6710436828327879,0.16390465105055446,0.5196878365086607,0.42382691466354605,0.5075778788692699,0.17889516284499538,0.23867914506004878,0.548633918634233,0.3192090270394607,0.5293099553324293,0.6350188467798384,0.2961905429997902,0.5910598641228487,0.11193561724595585,0.21078895447444543,0.5144196707051709,0.3942738654364302,0.051421495757137135,0.7177555836334905,-0.17522239280434918,0.24468861743397757,-0.05186509371768696,0.4067435820408024,0.6187575352921071,-0.179505463670125,0.12876608376607512,0.46381723556630194,0.45817286795760775,0.4804104148525392,0.5582054502674706,0.5777540892185563,0.1549095853786488,0.33448937183828703,0.23482182119894976,0.5796054575378405,0.5686500113452078,0.7802738479955917,0.6147316814077435,0.3106669445651414,0.37030872930659564,0.6574850034546299,0.39573965857247106
Frontal_Mid_2_R,-0.03287356042175706,-0.1732262622751837,0.023903197522878426,-0.12288943400868893,0.5390597048283393,0.39455197177431944,0.43591568226520194,0.6603752269667985,0.29196571232763124,0.46301688643199046,0.02337008554771071,0.6471087454841241,0.7376105858086524,0.29792977634394785,-0.1136361872337339,0.218019544133208,0.5015611145778709,1.0,0.5755582981505692,0.1904210251977562,0.1068821386047476,-0.11216071314542846,0.5905213964812438,0.4393978066576845,-0.03429714895595253,0.564798898718827,0.3221914807446937,0.8235109530486154,0.5607294470423704,0.310627035611215,0.5516996991779315,0.45437805785110685,0.5711776115287358,0.39036187741462747,-0.09238063420628036,0.30359423356195686,0.43699895990692234,0.4235838022598915,0.07262878063435521,0.2472008353384758,0.5513345796165229,0.0450173563700389,-0.18286606617199816,0.5493076423998597,0.6855965081670944,0.4564921014530187,-0.02092501136871251,0.569083012360464,0.5105284979911444,0.38957929240347083,0.759967868988975,-0.14005452472918511,0.35402971585973586,0.1343993900034531,-0.06615529337064978,0.3052535880890867,0.39676054243817344,0.2463151316128552,0.8850569721953073,0.6207987975671313,-0.0390364859507441,0.7219077832866585,0.22299401057806612,0.29499443070000764,0.027896954647361596,0.7845353276118342,0.4500354339883546,0.23682918657957538,0.686691656030066,0.49818062469790314,0.7940243384645777,-0.05733363101782031,0.5775433690744189,0.6638543811234912,0.22139667641359412,0.5471411778260264,0.55057817151667,-0.014988334120128628,0.2125954908622139,0.1172485077069358,0.6380285625179458,0.6055839143342778,-0.17997027250912795,0.8696774547637268,-0.06857925264660762,0.4682111839036898,0.4114515402179635,0.20074360216379572,0.3140726616577852,0.15725399562211326,0.08438602221300551,0.7672775380633527,0.7320761082737178,0.24587645210800535,0.0006188919910721926,0.4327076562753864,0.18656920849806333,0.47286723036313105,0.4203624973751174,0.5844934191443866,0.5633600445565232,0.09960283865374599,0.27863360435787055,0.6373220421123279,0.5484049781695653
