,SN_pr_L,Thal_MDl_R,OFCpost_R,Temporal_Sup_R,OFClat_L,Heschl_R,Cuneus_L,Occipital_Inf_R,Temporal_Inf_R,Red_N_R,Vermis_8,Thal_AV_L,Thal_MGN_L,Paracentral_Lobule_R,Vermis_9,Amygdala_R,Temporal_Sup_L,N_Acc_L,Thal_MDm_L,Precentral_L,Raphe_D,Frontal_Inf_Orb_2_R,Insula_L,Postcentral_L,Vermis_7,Hippocampus_R,Cerebellum_10_R,Parietal_Sup_L,Precuneus_L,SupraMarginal_R,Vermis_6,ACC_sub_L,Occipital_Sup_R,ParaHippocampal_L,Supp_Motor_Area_L,Raphe_M,Temporal_Mid_R,Frontal_Mid_2_R,Frontal_Sup_2_L,Thal_VPL_R,Temporal_Inf_L,Vermis_1_2,Thal_LP_R,Rolandic_Oper_R,Occipital_Sup_L,Thal_VL_R,Caudate_L,Parietal_Inf_R,Cerebellum_Crus1_R,Thal_VA_R,Frontal_Sup_Medial_L,SN_pc_R,Frontal_Med_Orb_R,Pallidum_L,Rectus_L,Cerebellum_6_R,ACC_sub_R,Postcentral_R,Cerebellum_10_L,Lingual_L,Red_N_L,Thal_VA_L,LC_R,Rectus_R,Frontal_Inf_Oper_R
SN_pr_L,1.0,0.30044832288623735,-0.09673621946654731,0.5201817694975541,0.37576356687216417,0.42359698878584734,0.45520823095899265,0.3910470571233836,-0.006133316770409962,0.45471833513229376,0.19839419985902587,0.13828051219219198,0.35879166368862575,0.38232856171380963,0.32719466305327743,0.005250392782981387,0.4910608527671006,0.0816593977689756,0.5449887122484337,0.27180294544510003,0.18122889782144808,-0.031216420740962533,0.2707810358499643,0.4340259353268488,-0.028876760597178704,0.6737539593624253,0.03643738672504092,0.3760352905481623,0.5481658663855197,0.3241443079092729,-0.15001873973510818,-0.026012882491965508,0.3077005566424844,0.44440768586809565,0.43387307556093635,0.41327851917931463,0.3030841687202258,0.29499443070000764,-0.07812937171737311,0.6299682363220506,0.4248118841475675,0.015633840411288527,0.30030379116694444,0.33241752782072215,0.3488239103589494,0.37008087988074134,0.4784795981054269,0.5754679147887664,0.027932859006172078,0.33160497771476993,0.10488904239707125,0.5440642344952393,-0.017582769908924104,0.06807230773484206,0.016760553250314524,0.24729782772923586,0.06450516442252277,0.42957819493022864,0.14578705855530893,0.5884697571348805,0.28105376252330727,0.6725594937663946,-0.062018196017515084,-0.24090622524732375,0.11283988844382867
Thal_MDl_R,0.30044832288623735,1.0,0.11716144698154399,0.16124331670292133,0.1840857086803682,0.43681090236099696,-0.04065336834036871,-0.04229120231792534,-0.15944040166600884,0.45624687872054176,0.3050938195999757,0.25402697769442195,-0.04304610463899102,0.20809996432114714,0.2188880903517465,0.1866381066762574,0.28357152969131383,-0.00019689420428712056,0.5156692072865996,0.2759997297338611,-0.35332238828810786,0.23661463195077162,0.23252936614460218,0.29001314041858794,0.2516422897963239,0.3571629679356941,0.11541306169839233,0.019998291517274173,0.14405867126437452,0.06529292809902781,0.24146340348873063,-0.060526235794890554,-0.17878344004211394,0.3772540080112943,0.29338737015494937,0.18459006303549383,-0.03877703492703608,0.29446576958717285,-0.021001270012143476,0.3826035089301611,0.07722166542376967,0.041138496783578365,0.6129174391285693,0.2996013519462155,-0.2258054581964173,0.10041917659571636,0.1302365830988519,0.09263933651124265,0.07773038544125867,0.2238198290826511,0.045942087003091846,0.4886422978595054,-0.1852171353999115,0.28883666406407854,0.4208431179223028,0.07521294038346192,-0.009295743720049663,0.28704443135901275,-0.010267890889590337,-0.16077527657105709,0.30444704675779827,0.37084057357897743,-0.33843410292664533,-0.09907424006630851,0.151458356594072
OFCpost_R,-0.09673621946654731,0.11716144698154399,1.0,0.06780332748952278,0.2276736976228956,0.2488998633287689,-0.15345022697899316,-0.04560106156985403,0.0607050361681865,0.2114137489925807,-0.16573636417082963,-0.07629272374839378,0.039891840035872636,0.269583151612776,0.07941375870976773,-0.061098283826958345,0.3273167096715402,0.38631046790080537,0.29860987825996754,0.4536861069032696,-0.04071508344112809,0.8511675155011161,0.5864988236624205,0.3242355803507317,-0.013391309702613074,0.07322746983697345,0.06324708158863479,-0.12979415241311512,-0.06604926088242973,0.0817040051928236,0.04350998347541167,0.13986526750267808,-0.05528056933329044,-0.0037893874421507682,0.3140356486040482,0.007586359115770571,0.06484010472416449,0.5905213964812438,0.8101290578329007,0.15792177051086986,-0.07437116147446575,0.0013724328464855692,0.1635595338338849,0.5703844632501917,-0.12319992782219817,0.32275007778135845,0.2793337890886804,-0.23591794966294913,-0.23974434703842082,-0.021507962004619553,0.70528312716432,0.02950952112800788,0.17510039602060992,0.5613301173917514,-0.1260861148833914,-0.34954230044405327,0.24881647003280546,0.2642115812937585,0.1711933377100314,-0.08336734974081399,0.14762331601085235,-0.14235592120137852,-0.11493124729261263,0.06361207508971149,0.6830200907765516
Temporal_Sup_R,0.5201817694975541,0.16124331670292133,0.06780332748952278,1.0,0.5862885572212643,0.7150086211245492,0.5648409917000319,0.5569769065376114,0.1124070616141514,0.3031900215703684,0.2651673202845131,0.3343205354258851,0.28717256909205374,0.8621233897864848,0.27878929754575826,0.06989451587787193,0.7361344079567207,0.30647789823569227,0.5669085422710253,0.7102876224132805,0.2938837253270491,0.06840569152667672,0.6159340017344909,0.8225164557282263,-0.13184896186691034,0.5545199511946279,0.36580940712047627,0.6504418992905597,0.861613496816674,0.8513023043285934,-0.186294350936778,-0.024720228368255107,0.599645177628239,0.5312205754395185,0.8182753856876563,0.5645885261117889,0.6781381929605074,0.5015084881119831,0.12166498502143447,0.6273798838999651,0.6637736703997763,0.1945199886671549,0.31514079995105354,0.5281900622662876,0.5856836969369162,0.6241877308332063,0.4617984534773181,0.8056441424480784,0.3243255197420772,0.3459707815292329,0.4084772540742244,0.42082843164874034,-0.12847798160683427,0.27834066811833114,0.03389664567210158,0.46521143566423434,-0.018265310712418333,0.8753573942874012,0.16471838558871904,0.6495229135411599,0.46220304260470096,0.5473477082505787,-0.06568454772362575,-0.05261351495329379,0.4543615709172012
OFClat_L,0.37576356687216417,0.1840857086803682,0.2276736976228956,0.5862885572212643,1.0,0.4626308379469508,0.36517353985370704,0.3099762384911592,-0.0738946362011184,0.33245266689994807,0.3165681175752436,0.34901246433542144,0.24536777343541502,0.4537709303410702,0.13219661759878415,0.0001917375947573857,0.6237242776157662,0.19214360657513424,0.45452750802022013,0.3476987044589495,0.018302744871092187,0.2818075229274928,0.45253788223050084,0.4504740051636574,0.12936856081433756,0.5926208207137011,0.4158855800641249,0.2646505861709173,0.4794333946645395,0.49369443309332467,-0.0869085046683344,-0.11994764573854538,0.23190257372794956,0.4980885860606603,0.4835669111152662,0.3101267747229138,0.30211063573976243,0.39455197177431944,0.03034673517806153,0.508014079559479,0.48692466994053973,0.18368564403014312,0.07030785393314698,0.6211349525416918,0.25008764751886076,0.3651863818047376,0.1933736148306471,0.4894311732607271,-0.033394044279607425,0.2346609290796476,0.1410212010003762,0.43846990756271165,-0.13841557073392535,0.39000262321597123,0.15441381072640065,0.08046907370309694,-0.020554692616831963,0.556683115424872,0.07951006259949296,0.306048517192647,0.4085178905744061,0.5153226217835297,-0.16659624449797883,0.03071062963493319,0.3369725386076857
Heschl_R,0.42359698878584734,0.43681090236099696,0.2488998633287689,0.7150086211245492,0.4626308379469508,1.0,0.12921664715899767,0.33754221026767856,-0.07709482879581304,0.4399348274714341,0.436460945277353,0.23993025623278758,0.2305238421650718,0.7383459494416525,0.4396015669544713,0.2354241726967457,0.7446793504219107,0.2738302891076046,0.6022062750705922,0.7343400609675996,-0.11845843740600316,0.3136095571648875,0.5146582771531845,0.7746021942053418,0.2439283121479356,0.5669898203581526,0.3214685132294451,0.37327880338419656,0.6065365406768097,0.5774668842210866,0.14531353681012646,-0.0726358498667899,0.06767319587161581,0.608545824216972,0.7450234096868846,0.2409870719794966,0.25337764455993816,0.7320761082737178,0.2288502772648274,0.6397246051843319,0.3284236221904065,0.014313703712994903,0.367389148737858,0.5401103184125128,0.07186241096678171,0.590669986820108,0.44588612043189974,0.44831985485922665,0.059707497155535146,0.492631560277938,0.41894425927552437,0.5800542536392486,-0.0050122739379041,0.3414942433592991,0.09379647495665999,0.12897736213242866,0.1366950407770319,0.7969404797992014,0.2523630684943792,0.1938148801983883,0.6361570346194008,0.4263498464955533,-0.12293385381838726,-0.04147648918032524,0.5939302104887139
Cuneus_L,0.45520823095899265,-0.04065336834036871,-0.15345022697899316,0.5648409917000319,0.36517353985370704,0.12921664715899767,1.0,0.40468411532635606,0.4542387587058591,0.04076083421704816,-0.1475502616113784,0.18078494867643652,0.32296662180063157,0.4700650913031545,-0.06939793483775006,-0.17411495297327306,0.3007006547575186,0.09358716347950626,0.2284426155897228,0.21193597354002133,0.5073653330928496,-0.2068193464039017,0.39933845160950837,0.37021607651736405,-0.5036680160800889,0.3427658478905791,0.06408907409516078,0.3904175749112469,0.5647424098233841,0.5105215518608719,-0.40333662813935806,-0.08967668209884377,0.7891837939787488,0.18714282923664907,0.33492610541355916,0.4964561111351142,0.686632779321003,-0.05733363101782031,-0.1475251816794788,0.2892950877327924,0.7083259163282265,0.3628693866181613,0.11423556882170152,0.32540913360859114,0.7939343546144204,0.1817571837737777,0.14205980892293482,0.6608724633324008,0.2071684544875307,-0.08623149399510953,-0.023439061959077422,0.10082770913687554,-0.08688526514666306,0.10457600154919568,0.08678632800051826,0.4384149652874118,-0.06608406830134264,0.40842616932738135,-0.05094224548583018,0.7724585929318543,0.004219695142093918,0.4449418178832934,0.040405189618132734,0.022672651228877197,-0.06664152096909097
Occipital_Inf_R,0.3910470571233836,-0.04229120231792534,-0.04560106156985403,0.5569769065376114,0.3099762384911592,0.33754221026767856,0.40468411532635606,1.0,0.09388785120176159,0.23510486934554348,0.15163840926290675,0.13158201037762457,0.2368007390263684,0.4287298809324795,0.09291628976598051,-0.024698709753501406,0.3890859166989236,0.27502501126902495,0.3169396714478384,0.29826263294934036,0.21925081472314817,-0.054584143870738754,0.253755341800373,0.41801140025866246,-0.06162654387726614,0.40466977579255575,0.2161466398677828,0.38967026110353237,0.507554288228815,0.45146812032285843,-0.155600124434642,-0.04327013625986524,0.3308846838515993,0.32554540929850584,0.4227630801322798,0.30266932113014083,0.3540073073745626,0.27863360435787055,0.029064893860468895,0.38500577011071196,0.46339553929099453,-0.016276873038767296,0.10107066400575418,0.26354009923441496,0.3641356308975878,0.3694444187436058,0.3461680660145951,0.5701882377156718,0.12376383946170123,0.1889742087900483,0.17578821482935114,0.25821917842542547,0.09062378948584078,0.10661033735339646,-0.15982821744336234,0.2545920631855286,-0.05271924787364968,0.45319558708360197,0.17986741519449687,0.5033434117841987,0.2437296860166461,0.2983432933969427,0.011734626987852518,-0.16282101812296704,0.21521331486370993
Temporal_Inf_R,-0.006133316770409962,-0.15944040166600884,0.0607050361681865,0.1124070616141514,-0.0738946362011184,-0.07709482879581304,0.4542387587058591,0.09388785120176159,1.0,-0.2347516357013073,-0.4483452291944151,-0.24348647168832085,-0.009727532851810333,0.19024823946200559,-0.2662349666746434,-0.22595168115609146,-0.17589137008580022,0.28880404603688725,-0.17815002575928215,0.03767041426593097,0.336881550090647,-0.03239647758903246,0.3444889748613531,0.02036060295111184,-0.41693260137778765,-0.3144495330907193,-0.028124663992872723,0.028459899191035594,0.06036824729039013,0.18025625300389825,-0.2483789470289817,0.13167209140712147,0.41764301236892537,-0.4145869099157404,-0.07355176953785955,0.3111732398564477,0.5355502655102987,-0.1963342908626193,0.14087942953276458,-0.16474189627923885,0.3072319374676924,0.29944902324963263,0.2106095435610437,0.060041025069216034,0.4244945848690116,-0.13954665403673525,-0.2000424930305245,0.09997061767829137,0.03655745189129348,-0.5155708966904657,0.003888848148884792,-0.37411748015557145,-0.04515154107130574,0.17745194184595922,0.09447327364008143,0.08424638664277782,-0.06451352351888312,0.0181872685213988,0.016431437540342632,0.25203116109821405,-0.3123103749573901,-0.10999752147865091,0.23527544764951744,0.027565895932054354,-0.0451676011434319
Red_N_R,0.45471833513229376,0.45624687872054176,0.2114137489925807,0.3031900215703684,0.33245266689994807,0.4399348274714341,0.04076083421704816,0.23510486934554348,-0.2347516357013073,1.0,0.22186565046144832,0.16962885573017927,0.07391435099883932,0.23490602734916968,0.2660848259631645,0.013311826262462865,0.46648699562066054,0.029988158990649768,0.6149097150602847,0.2596181770735332,-0.32067224664031735,0.21415085766717357,0.18471554427912848,0.29978181917042096,0.1289883570619161,0.5764434235308146,0.10000113816504962,-0.00029336309750986974,0.14731136657798694,0.07864937705278031,0.08823620294899942,0.038624983534857285,-0.06139187734185857,0.31918945731471926,0.3611662796176644,0.1315998187104311,0.02749163591699654,0.4203624973751174,0.12920776363967987,0.6098566641187753,0.20279365043654268,-0.3367671607818083,0.3303060558149246,0.35132278257424354,-0.0916125869075014,0.38134483523618184,0.4625110375469405,0.10321472159101658,-0.005927581135411984,0.4444841033782017,0.23386004225030496,0.5745166674201648,0.031171911388560482,0.2457563402414211,-0.12012387093950484,0.007347864972223404,0.17366981249331606,0.3219520163889087,0.15429051434761845,0.13732560619258488,0.3113089267628128,0.18211525829280106,-0.35666488783408273,-0.5399373674770254,0.315743317645913
Vermis_8,0.19839419985902587,0.3050938195999757,-0.16573636417082963,0.2651673202845131,0.3165681175752436,0.436460945277353,-0.1475502616113784,0.15163840926290675,-0.4483452291944151,0.22186565046144832,1.0,0.20441890067355212,-0.03112834470165156,0.23645573072840304,0.387653285781172,0.4006985204982235,0.5028671377839972,-0.09054214302623094,0.28941579452409283,0.2934854725562104,-0.3719897203100264,0.08428642597921247,-0.12091564326593086,0.3595679238053729,0.7317672402089327,0.5129775171577915,0.391068584005438,0.4277336992025925,0.42950826083143856,0.2507349044697596,0.4653459621358544,-0.20878529765323758,-0.2881478726976548,0.6806887705016993,0.4256740309371601,-0.1864932662395696,-0.2793598807293224,0.4500354339883546,-0.33749845243317167,0.32897290385414274,0.17772397695028458,-0.13725584938303978,-0.07778949201780883,0.17703116035245647,-0.2441095731260391,0.19582152195367467,0.055938576873128705,0.37504031803615057,0.10283387777677322,0.40150883937735043,-0.11205652391195715,0.5793072296696874,0.065775523827193,-0.01118201338375304,0.10571791106318473,0.05609295480850902,0.07968317208583764,0.42033203320891743,0.13714375548798344,-0.1970420952381797,0.5557172634224891,0.3092954664519662,-0.11437371839713842,0.0005782024258554198,0.23577555635087358
Thal_AV_L,0.13828051219219198,0.25402697769442195,-0.07629272374839378,0.3343205354258851,0.34901246433542144,0.23993025623278758,0.18078494867643652,0.13158201037762457,-0.24348647168832085,0.16962885573017927,0.20441890067355212,1.0,0.003987471412146006,0.22990631194244554,0.022399015925689873,0.18600463424437635,0.31203191395733626,-0.05582840277097455,0.2857989647179846,0.16748778325510388,-0.05396914051748847,-0.04773552730386466,0.12447469367033213,0.2503535779481109,-0.021931082432921602,0.36304190068623,0.10515832829995794,0.16575669302977514,0.28109830681953435,0.21744505512734694,-0.0893757397704095,-0.13209227609178417,0.15850655920359347,0.40052304857079546,0.2645916331869401,0.1131141125425023,0.09710222575475819,0.1068821386047476,-0.1533962750771521,0.270378122978508,0.1844542044354,0.1552570505927893,0.004291217065491899,0.17351140246906108,0.1123136690209999,0.29525934647270574,0.12443755539240259,0.2528776974780393,0.30748071207526523,0.3264604649233518,0.04966569666674094,0.29822061787672227,-0.1370117960069502,0.10990795783924485,0.08531116160213627,0.3348046804198829,-0.0024277961572970273,0.3027165766057246,-0.02547367732687583,0.13590201770704927,0.27486098826239397,0.4007377231582163,-0.1475270249490645,0.10700533481466436,0.04936451675749874
Thal_MGN_L,0.35879166368862575,-0.04304610463899102,0.039891840035872636,0.28717256909205374,0.24536777343541502,0.2305238421650718,0.32296662180063157,0.2368007390263684,-0.009727532851810333,0.07391435099883932,-0.03112834470165156,0.003987471412146006,1.0,0.2172575476386957,0.11110523001804475,-0.1479835560812278,0.33391896817417516,0.10772848821916182,0.23910162193942933,0.1355298271605762,0.36945300708213813,0.011639265999964293,0.21655055545767066,0.2485384084842675,-0.08639100399107935,0.38392286761210015,0.09575477836336782,0.06093922295974177,0.22894006864712768,0.27730418398329193,-0.08615470942555183,-0.19820261306827686,0.15081449523393237,0.2675827291609561,0.20789050935171358,0.14429098493548334,0.16295722632963985,0.17610025358198958,0.13271050449088764,0.3224638530376488,0.165774326870834,0.14811924225406328,-0.0034413110775082397,0.32866238282010035,0.23640627996451416,0.23256725328828526,0.3512584854836967,0.2884012436996518,-0.34935789013215496,0.16022234166119143,0.11333882920424404,0.16556482793359947,0.08137416338021303,0.18474171672760412,-0.07191419850160831,-0.16291783582816008,-0.04762372900694847,0.23619284712391092,0.0131660852838452,0.3802620522920803,0.2678765892615301,0.36142012965876286,0.07839198150626998,0.11465711405442955,0.13141172728214467
Paracentral_Lobule_R,0.38232856171380963,0.20809996432114714,0.269583151612776,0.8621233897864848,0.4537709303410702,0.7383459494416525,0.4700650913031545,0.4287298809324795,0.19024823946200559,0.23490602734916968,0.23645573072840304,0.22990631194244554,0.2172575476386957,1.0,0.22893372199085799,0.06246725018432003,0.7326458248840559,0.3453834925280701,0.5567528175412768,0.902587384849208,0.23718997759319782,0.27533511813617734,0.7143711886645527,0.9386051075674378,-0.10614205660271124,0.39575818251128597,0.299351608577789,0.6298417302269123,0.8135918116326112,0.8533114018951076,-0.16672955034066458,0.023183574808715714,0.5637070213286551,0.44110618280869746,0.8721153219269476,0.4529316776891718,0.6770865185507917,0.6099073983472095,0.3094991385885087,0.5302383945760228,0.5747980868952172,0.22683118511006134,0.41637171648926197,0.5541836436636163,0.545771240618964,0.6193632071700611,0.4102530341777735,0.6697641033400449,0.2824776016117882,0.24844666387640585,0.5566559613056542,0.3070402183306979,-0.05603385993955066,0.3606270060213492,0.09380575006449149,0.3609207472676406,0.09120613880537715,0.944488692114519,0.0918751078308569,0.5387719550054375,0.40320491697685756,0.37880801545537574,0.011630861436676663,0.02508242481891707,0.610244607988537
Vermis_9,0.32719466305327743,0.2188880903517465,0.07941375870976773,0.27878929754575826,0.13219661759878415,0.4396015669544713,-0.06939793483775006,0.09291628976598051,-0.2662349666746434,0.2660848259631645,0.387653285781172,0.022399015925689873,0.11110523001804475,0.22893372199085799,1.0,0.27676940874686085,0.4011478704752902,0.05821949835323561,0.24391108863827463,0.31801348610565,-0.14933984139096854,0.1250621121730373,0.044539391353585714,0.3644186609970652,0.1845902682729045,0.3786706084531632,-0.011934753098382026,0.20524636291732176,0.2662194996270477,0.16920450349711896,0.20335125109151708,-0.08510145905644599,-0.15511786071275566,0.4349309916057217,0.37275515676470145,0.23067805325788765,-0.1928714992543221,0.4682111839036898,-0.057040240027763076,0.32492703379427706,0.16033410049213898,-0.04982271548798494,0.07756465307451094,0.30647456011320634,-0.1248016649829811,0.3078606883683297,0.282485186991007,0.2138390406220845,-0.11937117414043022,0.36633523073023705,0.07488432954805677,0.46107988215266726,0.13492296501848466,-0.014523938907035244,-0.09584854869746372,0.001159610484549295,0.18194948917169104,0.3382887867171139,0.4415190535794039,0.10314058271848646,0.49189672925578976,0.2730385198243399,-0.2166606885030077,-0.007254443888165006,0.3220668442838148
Amygdala_R,0.005250392782981387,0.1866381066762574,-0.061098283826958345,0.06989451587787193,0.0001917375947573857,0.2354241726967457,-0.17411495297327306,-0.024698709753501406,-0.22595168115609146,0.013311826262462865,0.4006985204982235,0.18600463424437635,-0.1479835560812278,0.06246725018432003,0.27676940874686085,1.0,0.08609940441033336,0.08920001693282054,-0.021291793362135908,0.09549462373054296,-0.4541470530591039,-0.09804360334588988,-0.1395521319403524,0.1204410937933559,0.29500448717164696,0.16471182990319594,-0.11187711561610955,0.1344598851576657,0.12144761137440466,-0.04232705935688828,0.19856552830204383,0.055120986948086925,-0.26852880913238897,0.4356926823352654,0.19420534521361973,-0.14326307473953867,-0.3060812104226821,0.18656920849806333,-0.11515326565540975,0.11776319284489102,-0.012819695027252475,-0.09880952501812612,-0.14386390511704988,-0.1474317461207414,-0.3104091053518918,0.12323161253255162,-0.102126344518728,0.05752707889522625,0.24345669565947087,0.3349591869569088,-0.01644590279082588,0.36641018346766585,0.03764731072309704,-0.157443952256714,0.21441924066123008,0.2206821432839729,0.12057814082267213,0.15292701967649777,0.3293521753016815,-0.1860895666976031,0.3251058073949685,0.10800426429722972,-0.10220773808082155,0.2525792301033017,-0.0667104003827239
Temporal_Sup_L,0.4910608527671006,0.28357152969131383,0.3273167096715402,0.7361344079567207,0.6237242776157662,0.7446793504219107,0.3007006547575186,0.3890859166989236,-0.17589137008580022,0.46648699562066054,0.5028671377839972,0.31203191395733626,0.33391896817417516,0.7326458248840559,0.4011478704752902,0.08609940441033336,1.0,0.29631762821565233,0.6968447390439838,0.7364170051086433,0.04116182475112861,0.4456471688227503,0.5935250979123057,0.8079439418159811,0.17882487986478793,0.7435762009133877,0.45218825217404574,0.46470056227695095,0.6859935450303883,0.6597554939746664,0.05777831330707909,-0.23125659194796278,0.23997974809961836,0.6439138616466717,0.7954003229376291,0.25953041050103687,0.32101740371376275,0.7477112035307399,0.20823650627461618,0.6724198561028776,0.526997683652014,0.1413424372634621,0.255728596904926,0.7782029333789843,0.24609313409716807,0.6430920743817955,0.4750760943235358,0.5927346020779029,-0.007794551987094397,0.4194946955986901,0.42336488440385805,0.5489667882559749,0.06194728788452341,0.5227445565341083,0.014883259406535784,0.05484545743386041,0.0882294549521463,0.8146359734483628,0.12932215529149346,0.3763809576392341,0.6228072272573405,0.5004259403248045,-0.20109363314148523,-0.060678382446624456,0.6587009656984171
N_Acc_L,0.0816593977689756,-0.00019689420428712056,0.38631046790080537,0.30647789823569227,0.19214360657513424,0.2738302891076046,0.09358716347950626,0.27502501126902495,0.28880404603688725,0.029988158990649768,-0.09054214302623094,-0.05582840277097455,0.10772848821916182,0.3453834925280701,0.05821949835323561,0.08920001693282054,0.29631762821565233,1.0,0.19835073963186983,0.3600491780713913,0.15100082968989897,0.3101171390857718,0.49445205029081246,0.36803590519687834,-0.07915736158542692,0.06859518926284615,-0.09758324387128457,0.1469608718628819,0.24992886526710148,0.2958479644582948,-0.09518251308717146,0.15666359496030216,0.17165331871987685,-0.010740306782887274,0.30467730664619436,0.3002094584708428,0.27019470335903517,0.3140726616577852,0.48366925871979993,0.23482382851173453,0.2426752950378531,0.17387358629597263,0.22580211324277358,0.3343291437892777,0.1841485073298224,0.3277302272974435,0.25656395021675665,0.1700715430595531,-0.1263187463026726,0.02055271530682228,0.4297805378667985,0.046301884385297525,0.08108079431404516,0.5011804588170118,0.1076461429556251,-0.10106426395361301,-0.011802684839428727,0.30777462803414135,0.3304508174082887,0.21755048424860238,0.28067244350219606,0.22037216708787338,0.21189020369510536,0.04626210032746702,0.36745130570925355
Thal_MDm_L,0.5449887122484337,0.5156692072865996,0.29860987825996754,0.5669085422710253,0.45452750802022013,0.6022062750705922,0.2284426155897228,0.3169396714478384,-0.17815002575928215,0.6149097150602847,0.28941579452409283,0.2857989647179846,0.23910162193942933,0.5567528175412768,0.24391108863827463,-0.021291793362135908,0.6968447390439838,0.19835073963186983,1.0,0.5846274294582863,0.0099326870572035,0.3911000168216541,0.5130183716656862,0.6402747606776741,0.1419072093835264,0.6913738224950489,0.21150981348085926,0.35102182738029075,0.5282797527564802,0.4067028760099689,0.056427009098629875,-0.03266932189631055,0.19194536517251326,0.5382451488396387,0.664029107207379,0.23539528400802484,0.2834439858968869,0.6457026986521738,0.29296180125982413,0.8074682935072295,0.31892936596263954,-0.10791410700698204,0.480538275404011,0.542182531617942,0.18400233278452652,0.6352419312199967,0.6255379350560376,0.4181762960252849,0.03899761255730935,0.513034215141747,0.48002328190499466,0.5712476921184741,-0.06806199203195383,0.43800642098675685,0.0061027922005074085,0.0927749721108328,0.154646743577042,0.6371132019093176,0.07429695180794338,0.33307641808101196,0.4401788543353827,0.5493037513261554,-0.1848844544706931,-0.3284059146708777,0.5301019564181285
Precentral_L,0.27180294544510003,0.2759997297338611,0.4536861069032696,0.7102876224132805,0.3476987044589495,0.7343400609675996,0.21193597354002133,0.29826263294934036,0.03767041426593097,0.2596181770735332,0.2934854725562104,0.16748778325510388,0.1355298271605762,0.902587384849208,0.31801348610565,0.09549462373054296,0.7364170051086433,0.3600491780713913,0.5846274294582863,1.0,0.10769642238604296,0.48582827094509945,0.6874112839412381,0.95536914169362,0.07053444456298996,0.3469401793015658,0.29249669373997056,0.6045302727247518,0.701775641072816,0.7502544248265082,-0.010814322108279286,0.04942730631950283,0.3481881828354369,0.4324798695028102,0.9068779913492485,0.27990584838151933,0.4749115378431416,0.7938382949670895,0.48831294673076814,0.49531994842391963,0.3515258863065034,0.11830324036141793,0.4243712462313333,0.5581726782649925,0.3241081729600563,0.6432547440365518,0.4813202724716381,0.5001757302150217,0.18371918860905437,0.30191270784047175,0.7154415878625466,0.33122127692319775,0.006701848543743383,0.399431032930573,0.045554121829550286,0.17465674769238232,0.14555139200191092,0.9077083004385074,0.11278418666559488,0.33101651793066944,0.4456315747361083,0.25689762307825337,-0.030907763764507563,0.01778074645637374,0.7987321569853871
Raphe_D,0.18122889782144808,-0.35332238828810786,-0.04071508344112809,0.2938837253270491,0.018302744871092187,-0.11845843740600316,0.5073653330928496,0.21925081472314817,0.336881550090647,-0.32067224664031735,-0.3719897203100264,-0.05396914051748847,0.36945300708213813,0.23718997759319782,-0.14933984139096854,-0.4541470530591039,0.04116182475112861,0.15100082968989897,0.0099326870572035,0.10769642238604296,1.0,-0.10173642655037186,0.3047314623044344,0.16519600830315534,-0.512873216784213,-0.04026428009337789,-0.0005546058048682681,0.23991688991492083,0.28076458863533044,0.3902556703360073,-0.38179090438070207,-0.05487595006935063,0.6124220108841815,-0.141423023319471,0.09069280608438034,0.35952681847718454,0.5371142206105167,-0.12288943400868893,0.13658973303525193,-0.01658851164626615,0.31767037160240164,0.3333314692884861,0.07421231552220658,0.11834322498797636,0.6748194670217759,0.11616850275083553,0.275523103409031,0.3791580611430953,0.015013190613781561,-0.17823997455611046,0.16483083050366829,-0.3576496117045233,-0.08898094467628524,0.08132916461131623,-0.25807418222415685,0.15948673310050498,-0.07341439476130229,0.13487730252615818,-0.15821463731844954,0.6090893361209122,-0.15096959706637889,0.22849916549049182,0.3548930701904313,0.013846226582056252,0.048615663858506804
Frontal_Inf_Orb_2_R,-0.031216420740962533,0.23661463195077162,0.8511675155011161,0.06840569152667672,0.2818075229274928,0.3136095571648875,-0.2068193464039017,-0.054584143870738754,-0.03239647758903246,0.21415085766717357,0.08428642597921247,-0.04773552730386466,0.011639265999964293,0.27533511813617734,0.1250621121730373,-0.09804360334588988,0.4456471688227503,0.3101171390857718,0.3911000168216541,0.48582827094509945,-0.10173642655037186,1.0,0.5661389117050173,0.3673613272555263,0.2410381482196704,0.1285004089112614,0.3268191043590694,0.039398084110537725,0.0485882768090882,0.1438159235836921,0.2329997755469838,-0.008296301779512174,-0.1163429646863532,0.04674401283163746,0.36104572206061597,0.0034245643638581933,0.02746243035171052,0.6631002609493861,0.627584387226408,0.16579130962680197,-0.054448128168675995,0.0431848588710831,0.2590615563299349,0.6342649751574342,-0.15502091857312156,0.24103970302887961,0.20272877839062853,-0.13913356950170322,-0.264878272966105,-0.06034828060329842,0.5637328866004097,0.0830237535112941,0.08394644249454969,0.6076296243834287,-0.0025677351983524957,-0.40996432340363875,0.18803555015414217,0.3285122401968555,0.07644662555161603,-0.1877567245205514,0.2601173684831794,-0.08061385778259951,-0.14900092614407404,-0.02266112538641214,0.7537355014264522
Insula_L,0.2707810358499643,0.23252936614460218,0.5864988236624205,0.6159340017344909,0.45253788223050084,0.5146582771531845,0.39933845160950837,0.253755341800373,0.3444889748613531,0.18471554427912848,-0.12091564326593086,0.12447469367033213,0.21655055545767066,0.7143711886645527,0.044539391353585714,-0.1395521319403524,0.5935250979123057,0.49445205029081246,0.5130183716656862,0.6874112839412381,0.3047314623044344,0.5661389117050173,1.0,0.6557936362199581,-0.26945112697120543,0.2092056646203879,0.29448286258833334,0.28986065861669247,0.47607328330215515,0.6609715109892974,-0.18002546930191937,0.022584440067463844,0.5090813803063982,0.1344239913395879,0.5818088595796668,0.5185648669986889,0.6889573617116997,0.49818062469790314,0.5176749726111975,0.3952476385252372,0.48683883113999543,0.42055624358796917,0.49867086606068145,0.7346532939769242,0.4783538465461892,0.45793944142924453,0.3017623573435122,0.3880617928471754,0.021820853668527134,-0.09405449881473575,0.5655892310270126,0.07595957111003428,-0.12051225113656007,0.7392819751646679,0.21575233824991055,0.056448274618471614,-0.01714636397454978,0.6529548779110059,0.007079460632612964,0.4164319394331687,0.2882779526335993,0.2846365204112924,-0.07520484099186235,0.0814548936014237,0.6165422517167295
Postcentral_L,0.4340259353268488,0.29001314041858794,0.3242355803507317,0.8225164557282263,0.4504740051636574,0.7746021942053418,0.37021607651736405,0.41801140025866246,0.02036060295111184,0.29978181917042096,0.3595679238053729,0.2503535779481109,0.2485384084842675,0.9386051075674378,0.3644186609970652,0.1204410937933559,0.8079439418159811,0.36803590519687834,0.6402747606776741,0.95536914169362,0.16519600830315534,0.3673613272555263,0.6557936362199581,1.0,0.053741057098896323,0.5146673090163707,0.28944862417781125,0.6862344544563169,0.8327786949774937,0.8123514815207074,-0.045759144607805474,-0.002203856563181002,0.4265478106799754,0.5677049596570688,0.949936864112165,0.36600440836254705,0.5180655541266507,0.7672775380633527,0.35951763346200954,0.6091695169215521,0.4838996463123156,0.1371765735364567,0.403343157461597,0.5871166713650625,0.4231213153468677,0.6865112891418342,0.5209269813829976,0.6707174854986181,0.20271399514302996,0.38023346635219785,0.6323509941720216,0.4390485962124972,0.01622355140609638,0.359446651575402,0.06475243957511957,0.27727065827380476,0.11707721668085455,0.9637958822506615,0.15083854266258376,0.48379359943828065,0.5024123454814641,0.45344661939541187,-0.004880662310339582,0.008785071553334071,0.7111265253551228
Vermis_7,-0.028876760597178704,0.2516422897963239,-0.013391309702613074,-0.13184896186691034,0.12936856081433756,0.2439283121479356,-0.5036680160800889,-0.06162654387726614,-0.41693260137778765,0.1289883570619161,0.7317672402089327,-0.021931082432921602,-0.08639100399107935,-0.10614205660271124,0.1845902682729045,0.29500448717164696,0.17882487986478793,-0.07915736158542692,0.1419072093835264,0.07053444456298996,-0.512873216784213,0.2410381482196704,-0.26945112697120543,0.053741057098896323,1.0,0.23576398814941182,0.2820990855434372,0.1589025605291418,0.057756154292420946,-0.09648514278744683,0.6311277045668244,-0.07991680798613339,-0.6452995760129503,0.4120046036331172,0.11070633338039024,-0.4885588235068133,-0.5534055787478023,0.4055109858381897,-0.0791336506500993,0.1436918793291736,-0.35177408774517865,-0.38846348015082255,-0.123575452013579,-0.030115300240185723,-0.5551094013886422,0.008357507157282446,-0.020648167006017952,-0.03621374249609634,-0.21942616379357208,0.3128503397236048,-0.058646923295738555,0.39720486172809527,0.06676489272192367,-0.05336634374946619,0.1074745685217741,-0.3210622154723029,0.10230868219690745,0.07764487408433927,0.1902313813370811,-0.5405043236946229,0.362345375790936,0.047751030544864785,-0.005123710049024651,-0.04649763858359712,0.23608221361406026
Hippocampus_R,0.6737539593624253,0.3571629679356941,0.07322746983697345,0.5545199511946279,0.5926208207137011,0.5669898203581526,0.3427658478905791,0.40466977579255575,-0.3144495330907193,0.5764434235308146,0.5129775171577915,0.36304190068623,0.38392286761210015,0.39575818251128597,0.3786706084531632,0.16471182990319594,0.7435762009133877,0.06859518926284615,0.6913738224950489,0.3469401793015658,-0.04026428009337789,0.1285004089112614,0.2092056646203879,0.5146673090163707,0.23576398814941182,1.0,0.16578792841500473,0.2978669187368821,0.5310872003414376,0.2913133661754378,0.035311326348443695,-0.20249018131416158,0.056863265745457525,0.7962340736583376,0.5904238341500048,0.11360389833017016,0.046731455664304464,0.5426937881386938,-0.03912721635946227,0.7981940671980854,0.44130088384985805,-0.1281757158746593,0.07949659070891901,0.526591655904686,0.078538290883808,0.5655420405439465,0.5464768785569748,0.51331792683794,0.0022408222505429076,0.637724252699045,0.1733964335769544,0.7756219521726391,0.12447560831240231,0.20471182075874134,-0.10146403684663309,0.1578828411202496,0.18958822774452905,0.5426021585443535,0.2088286154652784,0.3778709249797603,0.5522769783320283,0.6708450577665818,-0.20447658393551005,-0.18091348766784424,0.26778351070358275
Cerebellum_10_R,0.03643738672504092,0.11541306169839233,0.06324708158863479,0.36580940712047627,0.4158855800641249,0.3214685132294451,0.06408907409516078,0.2161466398677828,-0.028124663992872723,0.10000113816504962,0.391068584005438,0.10515832829995794,0.09575477836336782,0.299351608577789,-0.011934753098382026,-0.11187711561610955,0.45218825217404574,-0.09758324387128457,0.21150981348085926,0.29249669373997056,-0.0005546058048682681,0.3268191043590694,0.29448286258833334,0.28944862417781125,0.2820990855434372,0.16578792841500473,1.0,0.27716185081820977,0.31716979489102487,0.48148077670888634,0.21879266428445598,-0.3119572114962188,0.09881658206639385,0.20174089233817427,0.311410261454661,0.06645623235612132,0.21326412284622506,0.310627035611215,-0.09202727558596324,0.05354816201340751,0.214081476349666,0.2422716346632754,0.11122240651394802,0.4517750143926664,0.08197762127878545,0.014775357695525924,-0.07561845934847068,0.3105983794839096,-0.016203824890344474,-0.1219178681650802,-0.0026882115962122964,0.03677867396983823,-0.23195013169941112,0.31224596080750755,0.11417979224850865,-0.11315059782696876,-0.23204388005268872,0.40436288981082,-0.17351168224709723,-0.10415514915881209,0.22103626220499933,0.04791951701618958,-0.19183142423369054,-0.010079485921193124,0.43430957514287394
Parietal_Sup_L,0.3760352905481623,0.019998291517274173,-0.12979415241311512,0.6504418992905597,0.2646505861709173,0.37327880338419656,0.3904175749112469,0.38967026110353237,0.028459899191035594,-0.00029336309750986974,0.4277336992025925,0.16575669302977514,0.06093922295974177,0.6298417302269123,0.20524636291732176,0.1344598851576657,0.46470056227695095,0.1469608718628819,0.35102182738029075,0.6045302727247518,0.23991688991492083,0.039398084110537725,0.28986065861669247,0.6862344544563169,0.1589025605291418,0.2978669187368821,0.27716185081820977,1.0,0.8884753093145369,0.7286727223099483,7.786811724216087e-05,0.046022950243096584,0.534895167841234,0.4141532653042602,0.7192362629833873,0.3019129091478557,0.4488517272880936,0.4379831087723893,-0.04905363468164558,0.3700502475041986,0.37523472967325183,0.02005612346333072,0.2019396893475103,0.12780393010776842,0.5732686340393072,0.3791656521529129,0.2686771720483578,0.8184507019645008,0.4374862990628134,0.22007151793045218,0.30804613400833214,0.27459279672215203,-0.1160917958340041,-0.02828334084572362,0.0602010856500159,0.4994467290709173,-0.032453283068979995,0.706397961269077,0.050285327463354235,0.48964356537986037,0.32238213117154735,0.39308584496564597,0.1843684903771839,-0.009469987696216872,0.375159040071541
Precuneus_L,0.5481658663855197,0.14405867126437452,-0.06604926088242973,0.861613496816674,0.4794333946645395,0.6065365406768097,0.5647424098233841,0.507554288228815,0.06036824729039013,0.14731136657798694,0.42950826083143856,0.28109830681953435,0.22894006864712768,0.8135918116326112,0.2662194996270477,0.12144761137440466,0.6859935450303883,0.24992886526710148,0.5282797527564802,0.701775641072816,0.28076458863533044,0.0485882768090882,0.47607328330215515,0.8327786949774937,0.057756154292420946,0.5310872003414376,0.31716979489102487,0.8884753093145369,1.0,0.8395713434233749,-0.08422023460761736,-0.037053967062594034,0.5910781072479063,0.5824223507874365,0.8280159612228066,0.4441082933474536,0.5713645848137132,0.5105284979911444,-0.013379697576747044,0.5876620795749876,0.5951375911178652,0.1414229086130842,0.286445468393669,0.3904407640751753,0.6362484866199942,0.5382941118111495,0.37979030067965425,0.9048926941610685,0.3336039037260536,0.32450492130637004,0.3242110012395663,0.4230004569835578,-0.10115425009477011,0.13611434450618387,0.09373746173332385,0.48463585911425855,-0.035016431919187074,0.8620050764913262,0.10584254118453956,0.6371621410812968,0.45348206307470523,0.6091496846989704,0.10671083828319164,-0.010519204867871305,0.41738297254296813
SupraMarginal_R,0.3241443079092729,0.06529292809902781,0.0817040051928236,0.8513023043285934,0.49369443309332467,0.5774668842210866,0.5105215518608719,0.45146812032285843,0.18025625300389825,0.07864937705278031,0.2507349044697596,0.21744505512734694,0.27730418398329193,0.8533114018951076,0.16920450349711896,-0.04232705935688828,0.6597554939746664,0.2958479644582948,0.4067028760099689,0.7502544248265082,0.3902556703360073,0.1438159235836921,0.6609715109892974,0.8123514815207074,-0.09648514278744683,0.2913133661754378,0.48148077670888634,0.7286727223099483,0.8395713434233749,1.0,-0.15457261864277963,-0.08822952054318628,0.6543038230844899,0.3810990274410581,0.742025150360386,0.48321297097597055,0.6977166696259453,0.4564921014530187,0.11897339506942531,0.36630618316828567,0.5995402193078255,0.36228499315424173,0.2976308113551701,0.5100097431034707,0.6715740145114323,0.4658467793163228,0.27386834268687565,0.8206690425842182,0.2624491692399333,0.11349058184202306,0.36315859104333165,0.16084668717867362,-0.1794638189863456,0.3637803476610462,0.13344983792384477,0.33928134654833036,-0.13945234087160882,0.8555987577114715,-0.04354548815920764,0.5632331402041166,0.37210223446108887,0.40193558795114853,0.05894600394698099,0.09675454591938994,0.5199928764234494
