,Raphe_D,Thal_LP_L,Vermis_8,Cerebellum_7b_L,Cerebellum_Crus2_R,Thal_VPL_L,Caudate_R,Olfactory_R,Frontal_Sup_Medial_R,Supp_Motor_Area_R,N_Acc_R,Olfactory_L,Rectus_R,Frontal_Med_Orb_L,Thal_MGN_L,Thal_PuM_L,Calcarine_R,Caudate_L,OFCmed_L,Cerebellum_Crus1_L,Cerebellum_3_L,Thal_PuA_L,Frontal_Sup_Medial_L,Vermis_6,Postcentral_R,Cerebellum_10_L,Cingulate_Mid_R,Temporal_Pole_Mid_L,Temporal_Sup_R,Occipital_Mid_L,Red_N_L,Vermis_10,OFCant_L,ACC_sub_L,N_Acc_L,Angular_L,Temporal_Mid_R,Parietal_Sup_R,ACC_pre_R,OFCant_R,Cerebellum_9_R,Precentral_R,Cerebellum_6_L,Occipital_Inf_R,Temporal_Pole_Sup_R,Precuneus_L,Thal_LGN_R,Thal_MGN_R,Lingual_L,Cingulate_Post_L,Vermis_1_2,Thal_VA_L,Lingual_R,Raphe_M,ACC_sup_R,Vermis_3,Cerebellum_Crus2_L,Frontal_Mid_2_R,Occipital_Mid_R,Thal_MDm_R,Vermis_4_5,Paracentral_Lobule_R,Heschl_R,SN_pr_L,Thal_AV_L
Raphe_D,1.0,0.21689874362628891,0.02776448868708725,0.27084709211893926,-0.05289771388176579,0.625453297179046,0.6509283953833152,0.31652713349830675,0.5167302404312847,0.50263991851581,0.06832356016495775,0.1783526416372187,0.15677900875963025,-0.17829947281030037,0.3437854174498275,0.5408650515862843,0.31234081496298427,0.7492807450245024,0.31991326819896565,0.26996549029451244,0.4156925444081599,0.4569843843547934,0.63839991003358,0.08339907924569233,0.6430695089512136,0.07966593606781805,0.6641128554979856,0.17053354716557512,0.4307713256763369,0.05974996862918692,0.4857611555947748,-0.040175075105565256,-0.17985010118742,-0.10542870970540531,0.07033571861147049,-0.007441673281305637,0.07001067163741374,0.43552227516160147,0.2929987196607885,0.29350002014982224,0.0851188365425691,0.6643530401285805,0.3258289411778064,0.22815992998002743,0.33632029625192833,0.45409486390463194,0.3668173184614889,-0.028549345906688936,0.2706731923192833,0.5409308806220714,0.39018777492021245,0.3308327013653025,0.29898490863881844,0.5412477986944582,0.47771234372822796,0.587587425149057,-0.07525264063730834,0.6823726765842929,0.0019791092799571917,0.5362323390551386,0.34194752079651447,0.5741106091186363,0.41666034781232525,0.5753671454545983,0.44902957995038917
Thal_LP_L,0.21689874362628891,1.0,0.025942396823642463,0.0963166696189305,0.14911688799529454,0.22234204887985323,0.1855304923663301,0.04818194485031175,0.03301320885434576,0.017814262807615475,-0.31707794735130734,-0.00917965652368033,0.06394991216915566,0.12986626757947944,-0.018304882800258205,0.4927428035370391,0.2611989212575821,0.147846497812411,-0.08503677661572616,0.17910834943927434,0.28956785023486165,0.56951768713544,0.03893597996881402,0.049899114304085966,0.1464302407587958,-0.03318430483984241,0.18380626556094354,0.3846999649332944,0.2250481466373662,0.12446962427210634,0.49090066650535513,0.023878938520316355,0.041727264019362234,-0.2874019500319916,-0.6228804636285794,0.11404459598086748,-0.017174213775611888,0.2097264587376851,-0.3681891903329299,0.06429914283340687,0.026786572035024533,0.16455129109457986,0.19377444635357793,0.010565501552930895,0.0865611520710757,0.2319160436329286,0.23679989577976746,0.1756150555010421,0.13264036671406831,0.17144108560160326,0.2886591318509043,-0.0939759610882241,0.4183289421642995,0.1778078370900404,-0.0676335814567183,0.276568072553694,0.08262697323129642,-0.017105955846459082,0.14172769529024992,-0.0036509877680755212,0.15742455151655155,0.17340264639311537,0.25694394734736226,0.028306161661999747,0.06631810943442082
Vermis_8,0.02776448868708725,0.025942396823642463,1.0,-0.3070342607688117,0.15022883461916015,-0.013355486731536827,0.010728307974138178,-0.10489686449024936,-0.0026019054329664846,0.027999068786336876,-0.14989645012510985,-0.26677842778737365,0.041963922520808196,0.2931782917741963,0.2550923175073813,-0.19767892740292228,-0.10527192551714804,0.11638972357904859,0.27563769954038336,-0.3768704161739473,0.2912576930115495,0.06035631242858147,-0.029584546369083527,-0.0766397694470909,0.035559989160344224,0.1472260208771204,0.054193597672442105,0.02872122130802019,0.21087402448188527,-0.28208126839304026,-0.2632698051264963,0.017225248610083316,-0.006520383514298245,0.011560476998000396,-0.13470329594183572,-0.14507593997944132,0.38274842919479807,-0.18099692572330497,-0.06626084417679916,-0.24325848841871703,-0.4716342107735209,-0.11019747356261003,-0.002114202994494084,-0.346406788025374,-0.1270369834415872,-0.163669944690718,0.027262542493817557,0.1995346500638911,-0.21838448284258175,-0.07614709737472967,-0.24971427029051071,0.07765723742217154,0.18869849133898337,-0.2648010215824062,0.09931830122051737,-0.3540037397649987,0.10793726009852289,-0.09165249624165535,0.035641362325116076,-0.14834534805703847,-0.13407825209705626,-0.046707404251564756,0.156207716971477,-0.004781134657769246,-0.004866610605481592
Cerebellum_7b_L,0.27084709211893926,0.0963166696189305,-0.3070342607688117,1.0,0.13829935550849978,0.07195587293153008,0.006892776435209307,0.489329076270657,0.0336840118555878,0.14206508316468044,0.026853015636764704,0.15855574948569712,0.07641358235149912,-0.23806311068729766,-0.30815298183652595,0.17697217074203508,0.2569884629609771,0.03652863875088993,0.10552188615319352,0.6010577309173084,-0.08211913060609509,0.15655110756852111,0.092061973854103,-0.25278852992665224,0.1155552570550325,-0.3002483853477763,-0.020520676053421685,0.03091630156097334,-0.12812119076733672,0.37362790486152614,0.3046127162001183,0.023537078845619435,-0.12285260559603357,0.0338084011907264,-0.009633422506902687,0.2633434575877304,-0.13690007972427506,0.08623703183477971,0.0313527201493751,0.32512798522191444,0.3231455037761957,0.16788065514974887,0.036160062904222814,0.14560108801994534,0.3114690068491762,0.16340172636372471,0.19042064432128164,-0.07553210178521433,0.34728719017287124,0.046297668464635254,0.44390936842107215,0.010281974678309071,-0.005992538752604426,0.08841962960583477,0.0030990270400385513,0.4129783735621517,-0.11028413441889089,0.06999734798949395,0.25785738112514367,0.4032145342587458,0.33309747281966773,0.10293767418700987,-0.16627862742063976,0.0828116096536381,0.08864976803768222
Cerebellum_Crus2_R,-0.05289771388176579,0.14911688799529454,0.15022883461916015,0.13829935550849978,1.0,0.17017955397275272,0.03322355455006467,0.18343134445246917,-0.0033812744504623294,0.08272241598472595,-0.21941894185992641,-0.17918935218640514,-0.23644292851491672,0.1293700814023491,0.009462937183416224,0.11840808867310391,0.2034982674011421,-0.025211632176194883,-0.12778528370929793,0.13730028993455973,0.24237368821439378,0.1351448884227081,-0.06371655578349315,-0.21078166979773255,0.14467851120713598,-0.033749216260445455,0.12520293143431502,-0.15114837024386962,0.2917871544839598,0.17951934281368392,-0.025269605537868552,0.1641796682430897,0.30340763636647056,0.0686279508018371,-0.1148728062019086,0.3257883219947148,0.3813013479538864,0.15327103982230206,-0.21537553023717654,-0.017014737200155974,-0.18159156454652284,0.030020819854827012,-0.03362494271033034,-0.09824929527950588,0.06614027557974543,0.11150362301658853,0.27334758088635286,0.15960525654063198,0.23467325500423034,0.0673590151108883,0.03588826213233571,0.1362717226145989,0.335461779813515,-0.0698814469198587,-0.2604801274435412,-0.03727028235580953,0.2779610552904597,-0.02257623113814377,0.334960513494763,-0.16698501835392227,0.23325092263296388,0.035770142586425406,0.10968674371605859,-0.11074822768067998,-0.16113170480195974
Thal_VPL_L,0.625453297179046,0.22234204887985323,-0.013355486731536827,0.07195587293153008,0.17017955397275272,1.0,0.6038661076607467,0.19926930956433472,0.4842247911908975,0.5832805839437072,-0.034001710618538065,0.07820878796265388,-0.1023710923255547,0.01676822508070736,0.39805794461217725,0.7973556982572423,0.5836606300150234,0.5904065452786107,-0.09203715186110821,0.2599735885840139,0.698551418003109,0.5605171416773694,0.6021460285973066,0.010550631767020239,0.8221636537396989,0.2498746982986916,0.7850488502456889,0.14854637148283292,0.6869999436596531,0.321395138042585,0.49178447985824514,0.056258825468263655,0.08288743748943216,0.011750048927677377,0.10765454364243807,0.3264097207320267,0.3835758444179257,0.7308496902133811,0.046041371984273986,0.1484000533688509,0.05263739637432785,0.7660374030441189,0.27877828752169537,0.13058709602180585,0.14134931335088088,0.7290214526360124,0.524888732453956,0.051534926186880305,0.5507463791206546,0.7831176155228059,0.5324157780020734,0.5401231017351042,0.5515678313728632,0.47572954085537744,0.20955620318672358,0.7172952715878886,-0.0026260403617868505,0.6851790391626696,0.2341401012642248,0.32759991970429475,0.6258735346362384,0.6726153939078914,0.4652527331538883,0.39317174888937273,0.3903348126453376
Caudate_R,0.6509283953833152,0.1855304923663301,0.010728307974138178,0.006892776435209307,0.03322355455006467,0.6038661076607467,1.0,0.14403019447819695,0.5476725949403678,0.3007090823779022,-0.006293709242111557,0.1110063976751017,0.11631316297828315,-0.12851822091170245,0.31431133706595893,0.44204381848531715,0.06134683321279337,0.694287212327727,0.29051100547950004,0.09521602229015691,0.3295446062772774,0.21131205931459615,0.48814206081463984,0.1503069629587287,0.5050242357874263,0.25180232290977544,0.5790535792259573,0.1482554423652638,0.4813056591671009,-0.01836847823846224,0.34186208760610676,-0.014318430352105551,-0.08435979305093985,-0.2723930863954281,0.09066080791847839,0.0002817494206388139,0.08976413391730521,0.34698791025894693,0.31046324866614294,0.1742496946951534,-0.01642425987421596,0.5189053626685955,0.4576576977149692,0.28190533847582194,0.2667064756793604,0.31992005162014436,0.23042392908523396,-0.08175655233940796,0.1276909980447632,0.42708279488718087,0.2670316884067457,0.26267852662889185,0.20723560904095323,0.4832134331047243,0.43161014062896974,0.39164257005023245,-0.11142884257277956,0.6902891486449068,-0.003691876671141032,0.18286740527300996,0.19938476982825526,0.3601775894482607,0.6354673559904029,0.6099049891228319,0.29636880183341535
Olfactory_R,0.31652713349830675,0.04818194485031175,-0.10489686449024936,0.489329076270657,0.18343134445246917,0.19926930956433472,0.14403019447819695,1.0,0.2802004044590639,0.18942169390794739,-0.1695190519424383,0.3916047210640549,-0.07031897117358843,-0.05631831043395678,-0.07930293261644082,0.1914556696204858,0.19440093026202873,0.12212672436775969,0.1928496967711568,0.3674259294219955,0.016151858047713765,0.14641493255955115,0.2908286123366654,-0.1924425700452859,0.24815719394887,-0.14590299403723253,0.162248866318821,0.03437429639421237,0.19394977666508997,0.22723371892665717,0.1952918792517573,0.13710409098818538,-0.020124200797489746,-0.03244450624808868,-0.0619062792732373,0.2737020211271465,0.09941210081849589,0.13851862519277994,0.16435528893316156,0.3448724900200342,0.14577942614349312,0.2147568880280005,-0.04969926745299327,-0.017280562538720262,0.3119625664473401,0.12140201221109127,0.25961581488342983,-0.010341322871002652,0.30741067342883194,0.037974971900296466,0.318393154884869,0.26537223119613934,0.14776622401703618,0.01927737904122708,0.10993283776534159,0.3878301717301386,-0.04902107575425941,0.263624431401815,0.2200169810236212,0.24737808457596724,0.30057364018875615,0.161433304637799,0.045385349743452284,0.18777313227514716,0.12645049492979815
Frontal_Sup_Medial_R,0.5167302404312847,0.03301320885434576,-0.0026019054329664846,0.0336840118555878,-0.0033812744504623294,0.4842247911908975,0.5476725949403678,0.2802004044590639,1.0,0.5740078493010183,0.03288094024666153,0.42118832179700383,0.03153877251189598,-0.236637708074174,0.3270138522276489,0.3556970625531995,-0.009392615496702774,0.519628606724848,0.33343155944457076,0.06828080601115702,0.315775930451974,0.2668871472215932,0.8161414230456587,0.1540071845934638,0.6193903307367193,0.14379118647777797,0.5783843079368826,0.06463213562462164,0.5457958921467995,-0.21971533738396007,0.31310740663547293,-0.006271852860778692,-0.009190940269646777,-0.11844588197756808,0.10698986752339182,-0.07775534350732072,0.09983429773600908,0.3913963214808198,0.5508521881187293,0.32786362801689417,0.08343188363790045,0.6143332158188868,0.41595142181530803,0.3006721437053886,0.47767924401231526,0.29233591584747426,0.3279197493656484,-0.09633826186914854,0.039809249600156596,0.29221468550905305,0.1893531188412741,0.30598693276905153,0.09290431846898344,0.38048228392872024,0.5161535351198566,0.4035930004656653,0.07747232318799274,0.7403324781954606,-0.06787318065772313,0.38004076443759666,0.13774697659440852,0.4170388955830206,0.5076014051431116,0.4760035261792267,0.43490479918303176
Supp_Motor_Area_R,0.50263991851581,0.017814262807615475,0.027999068786336876,0.14206508316468044,0.08272241598472595,0.5832805839437072,0.3007090823779022,0.18942169390794739,0.5740078493010183,1.0,0.2599845520055871,0.27179551637146543,0.02450062168241364,-0.004225798490726372,0.5281392325843212,0.5502292988923052,0.4807109758593705,0.3767648469251603,0.08214950450632617,0.24084184436585196,0.5727056340132202,0.3704245778505564,0.6568815933156807,0.1588940407240112,0.8179412300992644,0.13383599649377956,0.6559785256857521,0.06700916011903162,0.5160676477361924,0.027283968332724604,0.4086348291721565,-0.148381575390911,-0.003845147096853823,0.24247964506641884,0.34196109470357666,0.2786351204381194,0.3578737423257768,0.6698669312931539,0.18273271108297232,0.18479785258529033,0.18862930670598282,0.8617134286734158,0.2557140795444613,0.18885033164635687,0.3594245572579773,0.6801412595037697,0.4510418194263253,0.15239206679750808,0.32021537216757184,0.6731865540444844,0.37201849541221355,0.4428414676845903,0.309661177177208,0.45350124041487805,0.08835168609001602,0.5644038857123175,0.18840468335715826,0.7024845389472739,0.28102907921935116,0.5836487410425564,0.4074521463952104,0.8183651134733185,0.2671013472484898,0.22477291073481653,0.5258222123465095
N_Acc_R,0.06832356016495775,-0.31707794735130734,-0.14989645012510985,0.026853015636764704,-0.21941894185992641,-0.034001710618538065,-0.006293709242111557,-0.1695190519424383,0.03288094024666153,0.2599845520055871,1.0,0.04760260992743144,0.19593383280317064,-0.05917742859356925,0.21988724209171495,-0.05263386683545048,0.024354035557720876,0.06970359683791781,0.16651554197939802,-0.029620790491004655,-0.0818175483855715,-0.13113115384339769,0.11188615233335603,0.08714790257397284,0.07282232973238216,-0.005712392113851225,0.029966734858999443,-0.16640905544756257,-0.13965785102277778,0.05758633017058264,-0.05222658320376232,-0.12281252364950489,-0.193844101849831,0.12147779692298266,0.569719350849181,0.10577467205626598,0.0028309452405414636,0.10516019509426215,0.192421100108275,-0.08432490564845926,0.27813470236386145,0.21169540031279407,0.053441712771356883,0.1365716352260393,-0.017230662947772712,0.14563987301483206,-0.0027412281660488098,-0.10946116043551422,-0.015482668758873573,0.18237840525491614,0.02515296449926108,0.07442782894045445,-0.21104913038382547,0.1848902486973939,-0.026099265802454797,0.03661103623710271,-0.14426159907404726,0.11632327252540534,-0.010750655294586322,0.27808086184436287,-0.057528032771959066,0.15967431767528867,-0.09836352710669344,0.045519125129817664,0.22159008394129998
Olfactory_L,0.1783526416372187,-0.00917965652368033,-0.26677842778737365,0.15855574948569712,-0.17918935218640514,0.07820878796265388,0.1110063976751017,0.3916047210640549,0.42118832179700383,0.27179551637146543,0.04760260992743144,1.0,0.07526802806510662,-0.24265292656641274,0.04614795016371324,0.09836251497584841,-0.12484154722707608,0.015944260488681018,0.33602631330559135,0.10383207228514199,-0.07093145076815008,0.08714672319973228,0.3609377206482789,0.1052141486250043,0.2093007683626917,0.15059049370843372,0.09331297748664764,-0.002221967067130847,0.08108248504596055,-0.07982345570484412,0.31989311341861165,-0.06148440292240487,-0.07224920562040721,0.0056885487545049575,0.08939154399761581,-0.018378903617509292,-0.19642338318409752,0.1340148019248178,0.3434676262050129,0.23141551729904333,0.2652048115403864,0.28425588146489544,0.10700426056702474,0.16693278795102245,0.37175117108807787,0.052507272297627895,0.0242585397337503,-0.22174005894043744,-0.040896818020937024,-0.038178705985030516,0.11243095592048685,0.11916714684981802,-0.18913394289567792,0.2190073152235247,0.2308854741210156,0.3220194494292192,-0.1835362423880389,0.29787465952071696,-0.06256825151058193,0.243970864236358,-0.018556249058518895,0.1641412375977812,0.034972040257116026,0.2310463985788678,0.3093841956004967
Rectus_R,0.15677900875963025,0.06394991216915566,0.041963922520808196,0.07641358235149912,-0.23644292851491672,-0.1023710923255547,0.11631316297828315,-0.07031897117358843,0.03153877251189598,0.02450062168241364,0.19593383280317064,0.07526802806510662,1.0,0.07304634146071201,0.0020245054668750415,-0.06469650161948652,-0.1348131289737041,0.20770698265147877,0.47056377385625786,0.10147611610641524,-0.11417684727735984,-0.09530609890545892,-0.15403712993837404,0.03428009603590395,-0.032268309171676085,0.0920054635405935,-0.04224333294067078,-0.16710074613422257,-0.09561853742601457,-0.07409621778606404,0.018770619008198847,-0.12442227878459995,-0.47778850534365863,-0.14703079676386951,0.13165935980500124,-0.1792342227162993,-0.13557557283276625,0.009791155900956097,0.14730401423352543,-0.0004911452388587419,0.13497982390258437,0.024683266497532257,0.29089648692247344,0.1959654356286715,-0.09263359061237511,-0.011489365807843935,-0.22436331270588533,-0.017710688226931504,-0.16218171487253147,-0.052525668232425424,-0.1646042437312801,-0.06970578092709688,-0.13968317181020173,0.04360875072219518,0.05601305941261588,0.001351975611886522,-0.5632962634736943,-0.10211663835439427,-0.054127825065296696,0.08856506107646296,-0.12853978137339875,-0.006875632851128009,0.015516782236266577,0.2572402087183596,0.13823719406319906
Frontal_Med_Orb_L,-0.17829947281030037,0.12986626757947944,0.2931782917741963,-0.23806311068729766,0.1293700814023491,0.01676822508070736,-0.12851822091170245,-0.05631831043395678,-0.236637708074174,-0.004225798490726372,-0.05917742859356925,-0.24265292656641274,0.07304634146071201,1.0,0.10846493804837869,-0.0053628513198276375,0.23753386583358396,-0.1458415651950154,-0.0690718626799191,-0.037703345882229865,0.16223970281776856,0.08293217811908345,-0.22183565300978103,-0.08049717415131413,0.0009302523880582232,0.0523532315534965,-0.015185593910987276,0.03297168093626258,0.09449026449566147,0.11534956021036602,-0.1058394889669468,0.13228510730792445,-0.014927704244344597,0.11390026969518677,-0.10113243275864768,0.09844848904962981,0.3579297472955862,0.10847952303799377,-0.3404724127864411,-0.25471652763377545,-0.18061361089460698,-0.10460769516349823,-0.16250376286831308,-0.3139920197718971,-0.36405722483930403,0.12661830728789733,-0.014089947390703754,0.26134218510532886,0.1424965945172082,0.010549504797555473,-0.022772911469606413,-0.04935857005249327,0.26298190718345266,-0.2786510563956019,-0.292062032902806,-0.04566933076580167,0.04549218565938169,-0.24120623224487509,0.1924414737259739,-0.15901743339952243,0.1532714916452712,0.07523661928318344,-0.026644677271847626,-0.23739906542318318,-0.10112263867561172
Thal_MGN_L,0.3437854174498275,-0.018304882800258205,0.2550923175073813,-0.30815298183652595,0.009462937183416224,0.39805794461217725,0.31431133706595893,-0.07930293261644082,0.3270138522276489,0.5281392325843212,0.21988724209171495,0.04614795016371324,0.0020245054668750415,0.10846493804837869,1.0,0.28074268878409653,0.1742630586727876,0.33465726318207256,0.08724029068834434,-0.14314851654285027,0.45721371017347334,0.238395985429129,0.41855907078996335,0.17664384128518465,0.49343728722426433,0.20423440481066368,0.46406239962648776,0.02675791617913317,0.45485289442257454,-0.12728558686139477,0.09611072531788185,-0.018312917337614656,0.07765771964122076,0.08407012841588037,0.21436915805484502,0.05950773525260045,0.335265283760797,0.37323138967952874,0.14416815917937942,0.057539977617483765,-0.13690278860465366,0.4831089533601357,0.10119909817238948,-0.045706949009920644,0.047230379309136865,0.35167837099483157,0.29725334653784496,0.26591340568764255,0.02034402035917477,0.41998677543431917,0.10673076881126516,0.2516888077437197,0.26261428711002877,0.23024551203616264,0.18336432470138872,0.16250678856637807,0.2634910604097472,0.48132399778896817,0.018372349351360385,0.29886880824295137,0.12237707682598527,0.460211691261853,0.35967914520478567,0.023207969333230976,0.42548307172283717
Thal_PuM_L,0.5408650515862843,0.4927428035370391,-0.19767892740292228,0.17697217074203508,0.11840808867310391,0.7973556982572423,0.44204381848531715,0.1914556696204858,0.3556970625531995,0.5502292988923052,-0.05263386683545048,0.09836251497584841,-0.06469650161948652,-0.0053628513198276375,0.28074268878409653,1.0,0.7153474744897356,0.515194848391174,-0.21158632990597667,0.3543336455016957,0.5775866362442819,0.6949255252924895,0.48777400036149193,0.12132117735315091,0.7159847462440752,0.03959392571523451,0.744674685022804,0.21085069067561343,0.6287128443536089,0.4346159179530216,0.6826877805208731,-0.05165862225082027,0.05632945078576661,-0.010635255143067063,-0.09803511692502648,0.321791538681475,0.3046115573091013,0.7846562905805802,-0.19763188183077218,0.12422016776718926,0.21762133645241188,0.7609980381390058,0.19917954142030037,0.24851990535660354,0.16510099155063196,0.8273425209597717,0.48500420378182424,0.11558135544042962,0.6505255321940803,0.8091180626553327,0.6369317125649366,0.40661849996348415,0.6753743760507015,0.5644958233938834,0.026238288873093884,0.8021625151667412,0.06056345772417169,0.5211491037449172,0.34071699861331134,0.37933485616126694,0.7043439565117894,0.7175565165494926,0.3926510249032589,0.22104383935620972,0.3921590067733749
Calcarine_R,0.31234081496298427,0.2611989212575821,-0.10527192551714804,0.2569884629609771,0.2034982674011421,0.5836606300150234,0.06134683321279337,0.19440093026202873,-0.009392615496702774,0.4807109758593705,0.024354035557720876,-0.12484154722707608,-0.1348131289737041,0.23753386583358396,0.1742630586727876,0.7153474744897356,1.0,0.19621286659570408,-0.3123628537433511,0.3879700492134641,0.5440246243938779,0.5397751382709223,0.23949659517869887,-0.15868884558977034,0.5908454355886908,-0.0878646947095974,0.5467795521399779,0.1543208989467972,0.45887028277661057,0.6261937376191219,0.4515032709569585,0.10752553352010812,0.02976978393773142,0.2642010083493652,0.0632051139484459,0.5365831332046824,0.5755196950005083,0.7319746159477512,-0.3574289695075224,0.019407296445201096,0.12817698567461777,0.5633333965044931,-0.1275092542253657,-0.051354822814134164,-0.03454303451766337,0.8265813963755735,0.456147352840978,0.2689290329386359,0.8175669745922776,0.6792288141376666,0.6462633244262816,0.4217895383540295,0.679321446843695,0.2912097809054076,-0.2415862277874894,0.6832443654694511,0.07687613714649492,0.2515116023560487,0.6191920747683005,0.33750760471063035,0.8523191861495889,0.629930190811517,0.04086466693285597,-0.10661005620228016,0.22190142996282003
Caudate_L,0.7492807450245024,0.147846497812411,0.11638972357904859,0.03652863875088993,-0.025211632176194883,0.5904065452786107,0.694287212327727,0.12212672436775969,0.519628606724848,0.3767648469251603,0.06970359683791781,0.015944260488681018,0.20770698265147877,-0.1458415651950154,0.33465726318207256,0.515194848391174,0.19621286659570408,1.0,0.3407611172464171,0.10648794948385015,0.3468562288925609,0.4271302981537191,0.5580835683605818,0.10100344504164269,0.5583949963443207,0.16236663042673563,0.7581665609042342,0.11929159852255075,0.5887972734219028,0.056239025796640925,0.28815628940947186,-0.08644852002079911,-0.2415974546367651,-0.2161852966506092,0.05444109064920236,-0.04238870835732548,0.22381065151307022,0.47026798911239476,0.3133570853477264,0.10507387188139317,-0.02475295659950546,0.5492078793420235,0.3572725716476494,0.29617800592632504,0.2072696752171159,0.4577317265804849,0.25254860363592574,-0.08812968525735179,0.25527133694538334,0.5473892222544015,0.2240902705739808,0.4645036349206992,0.42924133827181266,0.5491834555664574,0.49920760731821456,0.4555745732705116,-0.12485995821873667,0.6350628008321848,0.046621835263437966,0.33427226735537935,0.33310550140603457,0.526641162910457,0.6097692306643281,0.5927433459153518,0.5123292189232274
OFCmed_L,0.31991326819896565,-0.08503677661572616,0.27563769954038336,0.10552188615319352,-0.12778528370929793,-0.09203715186110821,0.29051100547950004,0.1928496967711568,0.33343155944457076,0.08214950450632617,0.16651554197939802,0.33602631330559135,0.47056377385625786,-0.0690718626799191,0.08724029068834434,-0.21158632990597667,-0.3123628537433511,0.3407611172464171,1.0,-0.12303553611464217,-0.20057587355879863,-0.0812316597583128,0.16589715142618408,-0.059591552785939264,0.022449147178020434,-0.0398078954452482,0.02876648923022375,-0.18941242831867303,-0.030547578607051325,-0.2890464891575942,-0.03959232190934934,-0.06481368427858337,-0.4122572579685525,-0.19437277689257706,0.1736177561658423,-0.20383018754741442,-0.12065279641375708,-0.1485319220888172,0.5350499917820667,0.11873857741157831,-0.043853077199953655,0.04088455125621052,0.3456180266096441,0.03224898866355198,0.21002261309475498,-0.18941705332860478,-0.14539489168331646,-0.22699434124315895,-0.33783055289243974,-0.2028544619858506,-0.17627118544558928,0.011135021369136735,-0.2774749631062775,0.06822683639515603,0.44022336696426756,-0.09648846828555824,-0.37438915930501404,0.19632832585935076,-0.050899790478402984,0.1693971935109632,-0.2576038113774779,-0.016680012680689502,0.09584872178999417,0.45492790652043047,0.3038087105646277
Cerebellum_Crus1_L,0.26996549029451244,0.17910834943927434,-0.3768704161739473,0.6010577309173084,0.13730028993455973,0.2599735885840139,0.09521602229015691,0.3674259294219955,0.06828080601115702,0.24084184436585196,-0.029620790491004655,0.10383207228514199,0.10147611610641524,-0.037703345882229865,-0.14314851654285027,0.3543336455016957,0.3879700492134641,0.10648794948385015,-0.12303553611464217,1.0,0.08362075782792973,0.18920247964398954,0.1385870934904481,-0.20967146271950812,0.24034465636304517,-0.11612714073887981,0.1255243392326105,0.04151691488858765,0.05043418824115945,0.5215237616731293,0.4732785945112871,0.011804936756891253,-0.10240643397245801,0.02208916955286187,-0.08939019588738514,0.3679179819349168,-0.06435127372839558,0.2913132668549093,-0.05357714753033926,0.26669654840374896,0.4117063880015824,0.28971675470694125,0.045278041379882526,0.2095838050799005,0.20308610967217935,0.3563624578109603,0.3069176768621082,0.17633657465717803,0.5168094046060426,0.21744746285267125,0.5385121481084638,0.12061001153971042,0.1979751444297052,0.2283635489973042,-0.05422297841574308,0.5864074038807456,-0.07176674551575778,0.1706736505769162,0.2840166207806058,0.3935416113094317,0.48986264888455344,0.24193029340587552,0.0021254546132514736,0.018884675941887377,0.04217952733220901
Cerebellum_3_L,0.4156925444081599,0.28956785023486165,0.2912576930115495,-0.08211913060609509,0.24237368821439378,0.698551418003109,0.3295446062772774,0.016151858047713765,0.315775930451974,0.5727056340132202,-0.0818175483855715,-0.07093145076815008,-0.11417684727735984,0.16223970281776856,0.45721371017347334,0.5775866362442819,0.5440246243938779,0.3468562288925609,-0.20057587355879863,0.08362075782792973,1.0,0.49055704408480977,0.3959056119393464,-0.03399949193463133,0.7059423664972327,0.2552638817279653,0.6025294674412617,0.22730588942195432,0.6259163930362185,0.10250938425013034,0.37104441118802073,0.07299737996687297,0.1972784469108589,0.14045052639793948,-0.015611123250358837,0.2638097295205894,0.5616207929462561,0.5612623907265135,-0.2344618394079941,0.00590543336455529,-0.13769226608195617,0.6022432827222044,0.2422400477557943,-0.08944462660333707,0.08964308548488166,0.5837392268910909,0.5996464837678609,0.29266227772151954,0.34930281407627867,0.5878628377427213,0.4580875735644179,0.44485179157892746,0.5667530545195276,0.2609634005172312,-0.04522479985010896,0.46230752683077725,0.25347866193567403,0.43776339074853843,0.3226304015731713,0.20258507058725367,0.46066621434683414,0.5503735237709668,0.38963212962049043,0.11018982892526963,0.18193507656703026
Thal_PuA_L,0.4569843843547934,0.56951768713544,0.06035631242858147,0.15655110756852111,0.1351448884227081,0.5605171416773694,0.21131205931459615,0.14641493255955115,0.2668871472215932,0.3704245778505564,-0.13113115384339769,0.08714672319973228,-0.09530609890545892,0.08293217811908345,0.238395985429129,0.6949255252924895,0.5397751382709223,0.4271302981537191,-0.0812316597583128,0.18920247964398954,0.49055704408480977,1.0,0.4144022338741251,-0.06331739433424188,0.5596037989451964,0.04636278273678074,0.5785057781210551,0.21763818544478922,0.5636057699903873,0.30294144626196096,0.5323650027010567,0.16091374247866905,0.13888274109592172,0.022674097275804217,-0.2852676017186122,0.1653497875189275,0.3535718041835657,0.5878532402566904,-0.1664336896337101,0.08123543544984144,-0.03785768257455117,0.49542668049219124,0.05617089739167705,0.024685540637694455,0.13630369050439858,0.5889936268254886,0.3837999631261979,0.11700940246005447,0.465610525216786,0.5007541385857587,0.40569925146705704,0.28364451336855945,0.6380279880422569,0.34342829751584003,0.13129765304717644,0.5195322807190071,0.14084573813860332,0.30758278151246676,0.22595073190888096,0.3593748424792496,0.5429969412485482,0.5132737024037552,0.3503228908797037,0.07085931944210062,0.420091938846788
Frontal_Sup_Medial_L,0.63839991003358,0.03893597996881402,-0.029584546369083527,0.092061973854103,-0.06371655578349315,0.6021460285973066,0.48814206081463984,0.2908286123366654,0.8161414230456587,0.6568815933156807,0.11188615233335603,0.3609377206482789,-0.15403712993837404,-0.22183565300978103,0.41855907078996335,0.48777400036149193,0.23949659517869887,0.5580835683605818,0.16589715142618408,0.1385870934904481,0.3959056119393464,0.4144022338741251,1.0,0.168793440341118,0.7202216612067737,0.1460239891565686,0.7225303950852789,0.1780567322573546,0.5589743725212014,-0.008435340200402392,0.4128605396572319,-0.03568197142117052,0.026626472795817615,-0.00200279486637456,0.10648704648444997,0.09184587013393623,0.19173754332294904,0.4925788642102562,0.5231293046098066,0.3163013117469113,0.12125474943830021,0.7229421957631579,0.1555894605330305,0.1313711716390575,0.4393070786651114,0.4671044566261968,0.4224874297197484,-0.006827176331235031,0.23442553046863313,0.4817851007746768,0.3695719868741402,0.4586433314181337,0.2666492010672411,0.47384956347995666,0.5807250262627404,0.5804190248891093,0.1309700137089175,0.8373871845473266,0.011412479661039372,0.5736930667779296,0.33244081174936846,0.597721406178466,0.3906177591308201,0.3641290116619907,0.5820778760133373
Vermis_6,0.08339907924569233,0.049899114304085966,-0.0766397694470909,-0.25278852992665224,-0.21078166979773255,0.010550631767020239,0.1503069629587287,-0.1924425700452859,0.1540071845934638,0.1588940407240112,0.08714790257397284,0.1052141486250043,0.03428009603590395,-0.08049717415131413,0.17664384128518465,0.12132117735315091,-0.15868884558977034,0.10100344504164269,-0.059591552785939264,-0.20967146271950812,-0.03399949193463133,-0.06331739433424188,0.168793440341118,1.0,0.02702972013243198,0.0674665383367851,0.12815066720059246,0.12438877724826557,0.05823337827621792,-0.331751484563358,0.1571209408306834,-0.2073379952364818,0.11408171353874762,-0.06330816473465409,0.012044378065803645,-0.1746379681109594,-0.22490674282604048,0.07274198789353314,0.06464421039463661,0.015355072654566497,0.033006557099280104,0.13284305115786366,0.2000863521792897,0.17631568674312303,0.1383695124267092,0.01921244843355131,0.0027563535560718756,-0.195420900323758,-0.27844175357203094,0.18605868297664432,-0.17193119530606787,-0.09722816722270801,-0.07804466577912403,0.2423948382969938,0.07261323226138625,-0.00724939585883398,0.12074730860318073,0.18554074425476866,-0.25852177156280864,0.08119175685639683,-0.2573189739509854,0.22223457339837216,0.14277275303309064,0.221765497332099,0.09574114153706942
Postcentral_R,0.6430695089512136,0.1464302407587958,0.035559989160344224,0.1155552570550325,0.14467851120713598,0.8221636537396989,0.5050242357874263,0.24815719394887,0.6193903307367193,0.8179412300992644,0.07282232973238216,0.2093007683626917,-0.032268309171676085,0.0009302523880582232,0.49343728722426433,0.7159847462440752,0.5908454355886908,0.5583949963443207,0.022449147178020434,0.24034465636304517,0.7059423664972327,0.5596037989451964,0.7202216612067737,0.02702972013243198,1.0,0.17353201994094225,0.8409277506135249,0.0992429000302816,0.7897070441345994,0.15562003743945763,0.491061547542013,0.03571902663735191,0.07033732940831951,0.15214633313154355,0.2023145512810161,0.2753701434199264,0.49513634368486764,0.8178825458353779,0.12953796605923829,0.23967251712451682,0.051616360062037264,0.9145689471912307,0.254615826806236,0.161109216205873,0.2882624926963745,0.7822786395552237,0.5305979869818088,0.10665447463157476,0.508320734135003,0.7369031622723906,0.4895678371642731,0.5880716646055034,0.5517358120039924,0.5148768547276475,0.2285642713728867,0.7053115201522411,0.14780482528977723,0.7578436906755838,0.25170593516626094,0.4801438820974462,0.6222485440960205,0.8140730341937601,0.4612710080671802,0.33223564361534086,0.5103805136576458
Cerebellum_10_L,0.07966593606781805,-0.03318430483984241,0.1472260208771204,-0.3002483853477763,-0.033749216260445455,0.2498746982986916,0.25180232290977544,-0.14590299403723253,0.14379118647777797,0.13383599649377956,-0.005712392113851225,0.15059049370843372,0.0920054635405935,0.0523532315534965,0.20423440481066368,0.03959392571523451,-0.0878646947095974,0.16236663042673563,-0.0398078954452482,-0.11612714073887981,0.2552638817279653,0.04636278273678074,0.1460239891565686,0.0674665383367851,0.17353201994094225,1.0,0.18322822216185689,0.05896580881161854,0.23159054559236347,-0.006725156305686376,-0.029723728435857844,0.10422818928823746,-0.0581492501293709,-0.013801549431359448,0.07361746469900698,-0.01559824427516714,0.12901574206698807,0.1623961101657509,0.07031551812424791,0.012733973278185417,0.00018018650549461712,0.07919019531777392,0.09847159061667748,-0.05979874826154982,-0.018239566197869296,0.10504732734979089,0.05698137823113342,-0.03460036832516573,-0.06391081900005564,0.1601048262485626,-0.021046219766496857,0.22279246286929935,0.09414355742095111,0.002280291102336298,0.16591025767816336,0.06654956999358949,-0.05899545668538641,0.18320849088138996,-0.1422934213680672,-0.06660486405508817,-0.0031800701004063197,0.11003557268697395,0.23965741263176166,0.23920621477254325,0.13415263746974146
Cingulate_Mid_R,0.6641128554979856,0.18380626556094354,0.054193597672442105,-0.020520676053421685,0.12520293143431502,0.7850488502456889,0.5790535792259573,0.162248866318821,0.5783843079368826,0.6559785256857521,0.029966734858999443,0.09331297748664764,-0.04224333294067078,-0.015185593910987276,0.46406239962648776,0.744674685022804,0.5467795521399779,0.7581665609042342,0.02876648923022375,0.1255243392326105,0.6025294674412617,0.5785057781210551,0.7225303950852789,0.12815066720059246,0.8409277506135249,0.18322822216185689,1.0,0.0910993732032867,0.8270149671480885,0.1578597376204349,0.4360083455575073,-0.05281518344512981,0.009436345478097305,0.036849764631747196,0.12344520347200257,0.1849629220744437,0.527341653324679,0.7755776196194,0.15368358180988137,0.11040560715510435,-0.02686822517464435,0.7977030997118164,0.2136486895963228,0.18821181386824556,0.18218271729543378,0.769658452014062,0.4198256664038789,0.04377347060699078,0.5279971459542323,0.7950045612564102,0.39511492859270153,0.6581970629785092,0.6693911972805978,0.617672487870675,0.31126540796310936,0.6611518710763177,0.08110803157295512,0.7284677150164262,0.24054967459576002,0.35461823424483213,0.6170043934326936,0.8291053507177911,0.5411212752284692,0.3781778183622786,0.5187265645012743
Temporal_Pole_Mid_L,0.17053354716557512,0.3846999649332944,0.02872122130802019,0.03091630156097334,-0.15114837024386962,0.14854637148283292,0.1482554423652638,0.03437429639421237,0.06463213562462164,0.06700916011903162,-0.16640905544756257,-0.002221967067130847,-0.16710074613422257,0.03297168093626258,0.02675791617913317,0.21085069067561343,0.1543208989467972,0.11929159852255075,-0.18941242831867303,0.04151691488858765,0.22730588942195432,0.21763818544478922,0.1780567322573546,0.12438877724826557,0.0992429000302816,0.05896580881161854,0.0910993732032867,1.0,0.11385376990002447,0.07029373980509415,0.23194003218556308,0.05443806007348299,-0.02035194024011172,-0.12093298126359593,-0.36933929090846723,0.02571772708963882,-0.012113103348190645,0.13884161146453652,-0.16987086080721048,0.043599641405117205,0.015231271879877394,0.10781903560197993,0.019913939445092583,0.05908544155103982,0.2476896168346269,0.14323424303198867,0.2657064520295587,0.11853232482562345,0.08309446375089101,0.08512117712778951,0.2789527166930178,0.0045005538305225145,0.19414928157844574,0.05902375737022578,0.049055825711425374,0.2237552310022435,0.11202611385076561,0.1399430470541781,0.06728014173370349,0.16967898594937852,0.1102880687686984,0.11258523472781294,0.1532600975160877,-0.008176184284042907,0.08006951062574987
Temporal_Sup_R,0.4307713256763369,0.2250481466373662,0.21087402448188527,-0.12812119076733672,0.2917871544839598,0.6869999436596531,0.4813056591671009,0.19394977666508997,0.5457958921467995,0.5160676477361924,-0.13965785102277778,0.08108248504596055,-0.09561853742601457,0.09449026449566147,0.45485289442257454,0.6287128443536089,0.45887028277661057,0.5887972734219028,-0.030547578607051325,0.05043418824115945,0.6259163930362185,0.5636057699903873,0.5589743725212014,0.05823337827621792,0.7897070441345994,0.23159054559236347,0.8270149671480885,0.11385376990002447,1.0,0.1182500977946429,0.3295428892952734,0.0967817057940375,0.1676090772959028,0.02656929949325834,-0.0834841012158399,0.17299480630966102,0.6622171455981793,0.7501018441642788,-0.014141646635382421,0.11083250295628089,-0.22369035350043404,0.6303628634764815,0.1461732999809413,0.07690348038262217,0.23198765125904908,0.6681371578471231,0.4395279028609946,0.14325910266150002,0.48376395785383963,0.5647436501696416,0.29717129760616395,0.6009937446030043,0.7514559408761492,0.4151691840836128,0.19199922123021995,0.4859321425320126,0.21062239977018127,0.5471851117780346,0.27077137881807745,0.17989296781704534,0.5840170460496006,0.6457090912162037,0.6394625730902725,0.22220340116766227,0.3411846295646389
Occipital_Mid_L,0.05974996862918692,0.12446962427210634,-0.28208126839304026,0.37362790486152614,0.17951934281368392,0.321395138042585,-0.01836847823846224,0.22723371892665717,-0.21971533738396007,0.027283968332724604,0.05758633017058264,-0.07982345570484412,-0.07409621778606404,0.11534956021036602,-0.12728558686139477,0.4346159179530216,0.6261937376191219,0.056239025796640925,-0.2890464891575942,0.5215237616731293,0.10250938425013034,0.30294144626196096,-0.008435340200402392,-0.331751484563358,0.15562003743945763,-0.006725156305686376,0.1578597376204349,0.07029373980509415,0.1182500977946429,1.0,0.2964207245555406,0.1166149388893671,-0.0778077243976398,0.18315804460984225,0.028821427960026964,0.6141948873946907,0.2678761842766011,0.4140669516349478,-0.258701102916894,0.019444419976547517,0.2874678970757118,0.14570102271966978,-0.2667113453360921,-0.03483805482373435,-0.164882583250929,0.5105953099015048,0.24402880727501172,0.10883052161565591,0.7386297959504701,0.35708300757463496,0.591617529317779,0.2563319221961743,0.40694009598160275,0.08648290129027227,-0.1958402260879957,0.5082789309423262,-0.14119043697101022,0.008033740761676409,0.49047991978014227,0.21179931834229757,0.7021684003122242,0.17281241110764642,-0.14577234711299472,-0.13871244743572064,0.16941859596395797
