,Temporal_Sup_R,Vermis_4_5,OFCant_R,Thal_PuL_R,OFCmed_L,Temporal_Sup_L,Cerebellum_10_R,Amygdala_R,Thal_PuA_R,Thal_MDl_R,Pallidum_R,Thal_AV_L,N_Acc_L,Cerebellum_7b_L,Thal_LP_R,Cerebellum_8_R,Thal_PuL_L,Temporal_Inf_L,Caudate_L,Raphe_D,OFCant_L,Supp_Motor_Area_L,Cerebellum_3_L,Red_N_R,Frontal_Sup_2_R,Cerebellum_10_L,Heschl_L,OFClat_L,Hippocampus_R,Cuneus_L,ACC_pre_L,Precentral_R,SupraMarginal_R,SN_pc_L,Cingulate_Mid_L,Frontal_Inf_Oper_R,Occipital_Inf_L,Vermis_6,Vermis_1_2,VTA_R,Parietal_Sup_L,Thal_LGN_R,Occipital_Inf_R,Thal_VPL_L,Frontal_Sup_2_L,Temporal_Pole_Sup_R,SN_pc_R,Vermis_9,Frontal_Sup_Medial_R,ACC_pre_R,Cerebellum_Crus2_R,Occipital_Mid_L,Thal_AV_R,Postcentral_L,ParaHippocampal_L,ACC_sub_L,Cerebellum_4_5_R,OFCpost_R,LC_L,Temporal_Pole_Sup_L
Temporal_Sup_R,1.0,0.38010870287137305,-0.09172081229852114,-0.30514338558870996,-0.4952438771245671,0.22151249603142037,0.11819671297327947,-0.23803982083535863,0.4275494978427669,-0.35005919404101543,0.12992555770393402,0.16955514045569967,-0.5655574686353853,0.4924706466274727,0.4603453424941855,0.6929389970193025,0.26734670398078964,-0.5638093579034915,-0.360994296915706,0.5205327632513249,-0.3002606415773348,0.4670865410543314,0.445120524259621,0.16216768063372375,0.16042496978270213,-0.34317243460479113,-0.02215052479378609,0.015130263059645734,0.2029030141632197,0.744864817245079,-0.256685851434857,-0.07346966745004054,0.18688615735458058,0.10369439781594059,0.38886449138177104,0.2308258729404169,0.6554908699125518,0.6565443388854507,0.6049909984291529,0.16501677631838693,0.27868408248938237,-0.32226739232559276,0.31452461408594373,0.3060610013817561,0.4811592491938177,0.7059155338908566,0.7084405492332924,0.4792551420833122,0.46724821308946063,0.10054890653460391,0.7386312807498543,0.4394848345522236,0.25251974702297564,0.4323912958635292,-0.3673590061228829,-0.5169431037477944,0.2843238739718813,0.30340079389644414,-0.44950298581887765,-0.033706766782392025
Vermis_4_5,0.38010870287137305,1.0,0.30966123579136884,0.32089147364642817,-0.008383361619914131,0.5430180175432829,0.4848850683565687,0.11267269379063702,0.5993816546794556,-0.05904097463843017,0.3177593252248238,0.04811371228254288,0.3234245574140656,0.3221940884821756,0.3781063968760292,0.3610705531790431,0.6013171314081895,0.25329726842101563,0.5065850083745329,0.3615982623066278,0.01952635629196815,0.010614956106342145,0.6691965179421935,0.008312355481511614,0.12414911982909203,0.2476910077014758,0.6539300657910418,0.07097897406066737,0.5456357917533354,0.11553768373268809,0.2726081622523024,-0.28878502167025927,-0.28323999314112114,0.004564714629954506,0.5478322963428756,0.17540197436189658,0.26560004427815487,0.456898496564221,0.2513679640019448,0.45109747159107677,-0.3614379976112758,-0.3178052283849564,-0.14341210734171017,0.44976933134555425,0.39280310478901165,0.3950384068286517,0.1859869995758199,0.43837035096789595,0.42162445129242093,0.21890993006450873,0.2748152353270565,-0.16156344702271722,0.023706473815432914,0.03496889833680264,0.304433079049561,0.14730285381999955,0.7527651670234746,0.49744521594051555,-0.008457480710641632,0.5508510400865427
OFCant_R,-0.09172081229852114,0.30966123579136884,1.0,0.6427674286441669,0.7370495781232267,-0.055172433843734575,0.5058422915975725,0.7958370965762808,0.4625006242788931,0.5850171656101284,0.6834093643471656,-0.047821269843155254,0.4834669441000628,-0.2765799097817587,0.28615270665703824,-0.26870709308437657,0.06715288988829927,0.35038785243265935,0.6133615638383536,-0.43172938855596443,0.7983009528499849,-0.21497127626701193,0.04704788556848619,-0.04071754419984958,0.09221626874922544,0.5936018613807639,0.3950627421699553,0.5329096854310554,0.510110819192534,-0.2860538818331923,0.6153972099818111,-0.1811912584086536,-0.34420620094412063,-0.14818454358758296,0.3716109973379386,0.3080861440102645,-0.08541885261241612,-0.29271248389198606,-0.4852129481766839,-0.0809850616199059,-0.19047313355936843,0.18116286079489421,-0.07117271063431861,0.21834842996596293,0.3147923132320954,-0.053082970713929145,-0.21570489017865013,-0.3132591266319604,0.37774399907497586,0.5612279312891639,-0.24699489463283858,-0.3268937202560054,-0.5069252415623172,-0.28485635649728225,0.6958775574922078,0.4505248139798901,0.34459379713794536,0.5321405396991591,0.426556470579481,0.2984702881238288
Thal_PuL_R,-0.30514338558870996,0.32089147364642817,0.6427674286441669,1.0,0.7489793698955985,-0.11273702397016001,0.5755168743444938,0.6094441574489485,0.356370118874991,0.7233590517669136,0.5877299277753965,-0.15449701366139787,0.7543532184983913,-0.38350989749996267,0.10967089229141613,-0.38373825772433234,0.0839805995452529,0.49373837389646746,0.72713236266031,-0.438316938108149,0.6441132406328721,-0.5003141473942168,-0.058871740964927234,-0.34527278909588033,-0.023023428798138946,0.7214849820876105,0.4570613643864598,0.2575919941790996,0.46386298212675336,-0.6343102811867258,0.7149760794796749,-0.3186577360721375,-0.540920660732333,-0.27387178493040554,0.12150824426514197,0.188026201623543,-0.3160293842355898,-0.40978761535557445,-0.6326508039718887,0.13101847139540315,-0.4248136395855731,0.020174466739187106,-0.09335757981765694,0.14523866960563123,0.04562903535679776,-0.12063831244133177,-0.4849267124357421,-0.34433984315941646,0.21906596793694386,0.5556347126625679,-0.45765170304096614,-0.505623134767551,-0.6772447816419329,-0.616102362529039,0.6756430202641064,0.4888029374842556,0.20814668898744704,0.4635546211741219,0.531236346645675,0.37647729171645267
OFCmed_L,-0.4952438771245671,-0.008383361619914131,0.7370495781232267,0.7489793698955985,1.0,-0.29043902492160173,0.4419344297924197,0.6874671608900211,0.10293384682700125,0.7392431679402157,0.5470929880089145,-0.15318015337375251,0.6608613571781276,-0.5962500420145332,-0.12036371059838606,-0.5941395378410261,-0.11975940125464975,0.4722516229441703,0.5761003347278362,-0.7061586684767142,0.8752762646048634,-0.5433804746101067,-0.2992478953956139,-0.22161850388038232,-0.0992861820525131,0.740980613473571,0.18713742760839677,0.30855718820033584,0.37869826847107313,-0.6529402526656894,0.6183192239775409,-0.15335199152902051,-0.38234378143211756,-0.2621330721753501,-0.054213013800502696,0.13045480420858074,-0.40992229538354297,-0.635425977261934,-0.8207636630238574,-0.12329290145478287,-0.1995135219594581,0.2507394699107984,-0.04491102169825835,-0.02189900641256504,-0.07801890980355453,-0.33352328153558924,-0.6007886405490289,-0.6035736601845602,0.028929889114282667,0.491038581934624,-0.6155286820512711,-0.39814026719217144,-0.6272237727433063,-0.6106365443422791,0.71666935706422,0.5432985555354953,0.042615385792640896,0.3610407749853491,0.7047354436791795,0.21438330975766104
Temporal_Sup_L,0.22151249603142037,0.5430180175432829,-0.055172433843734575,-0.11273702397016001,-0.29043902492160173,1.0,0.1503742646102038,-0.14118300927397223,0.16749430594251452,-0.3849520412755227,-0.05228632421691769,0.24709722697001454,0.13064495994600245,0.466150896943514,0.17313301054852342,0.29244013396399804,0.5372063893161695,0.20983275474873875,0.36291838948158256,0.39204442486035224,-0.27960242933105595,0.28899378826972416,0.5232448909238755,0.2511929322810542,0.27132286476587886,0.08409498813546869,0.57738509908663,-0.06283111855923909,0.2742044212114316,0.219527416228326,0.09542908104956396,0.03656730674219348,0.09407078750661081,0.26299112652828344,0.5494709757022141,0.04150422658352901,0.13730089786588784,0.3618156728430504,0.48957173339484866,0.34388736537351106,-0.18827423282030464,-0.08091603460795109,-0.3095036546139972,0.2531056197370493,0.5348494663984186,0.15012994625130688,0.25217860394080627,0.4769781252584239,0.41304487394688916,0.08707029713034746,0.21771970429329482,0.02123306016369776,0.5550335590882027,0.4838112901244062,0.13646098753008676,0.2241785816937343,0.5294745862112582,0.15770586262554792,-0.022254912596103668,0.3640489025339849
Cerebellum_10_R,0.11819671297327947,0.4848850683565687,0.5058422915975725,0.5755168743444938,0.4419344297924197,0.1503742646102038,1.0,0.34364416394755104,0.5036196084377508,0.3736532150445258,0.570538028324062,-0.005096627495585954,0.4176714908947737,-0.15113124487528418,0.19572157682668354,0.0893640560212292,0.45731210299036384,0.19836291482461751,0.49576857039162237,-0.25304510459382773,0.3922907206487359,-0.30472851224155667,0.1581617158816538,-0.2784680567010064,-0.1466406824866468,0.7266702118376293,0.2860889145255152,0.16458695586707298,0.5779984694725887,-0.101912734455662,0.33417867710012233,-0.44393888094380446,-0.5389760083619037,-0.30857085411675644,0.27275182975303236,0.0668719048838428,0.12113185804384313,0.04842936821394358,-0.32293549966932084,0.2977353568712291,-0.2768023503253352,-0.21500955565714375,0.08303770511248523,0.31330810882815063,0.27417135235100715,0.34144916689762056,-0.09450946234102824,0.015968442546685013,0.25000652705524645,0.34757967602996376,0.0038639039069253973,-0.2766131691979365,-0.2665162217573046,-0.34720914176593676,0.38064545544152956,0.20192849032024118,0.3021057661473044,0.6975248716016964,0.3832590228984546,0.4804654154891375
Amygdala_R,-0.23803982083535863,0.11267269379063702,0.7958370965762808,0.6094441574489485,0.6874671608900211,-0.14118300927397223,0.34364416394755104,1.0,0.3382410934166905,0.6873205414656116,0.7462142865833544,-0.11829826918073029,0.3922998575489481,-0.35440375504277116,0.35773977457518213,-0.5451218016970283,-0.20925471971222057,0.49228670739181574,0.5624993799295274,-0.5581517734503268,0.7240096880185071,0.03448124097032498,-0.01582816269417193,0.25334332918168156,0.37630282255104414,0.614395558200438,0.26816371765754815,0.5524316225737591,0.41370951634184416,-0.4085216771196237,0.5681454402013469,0.19237141044276249,-0.024142030857759872,0.10661733618335303,0.38902807446897786,0.4242122842415448,-0.34783252748360816,-0.5721322759599282,-0.49403777227742557,-0.345298766137898,-0.04521273861039511,0.5537650772403412,-0.13646933090022373,0.06839300957324089,0.3120565202686262,-0.40928817347564617,-0.23929626349469427,-0.47757335137255064,0.4102709476685211,0.5796879082371247,-0.5028769080603976,-0.31364986605349104,-0.5042111347964473,-0.15618534208996412,0.7485755749958999,0.5855361295792106,0.3105181294487136,0.18848967266898825,0.53277449315957,0.0058049687026243135
Thal_PuA_R,0.4275494978427669,0.5993816546794556,0.4625006242788931,0.356370118874991,0.10293384682700125,0.16749430594251452,0.5036196084377508,0.3382410934166905,1.0,0.14921342340644234,0.5707336526886962,-0.036752756074380596,0.15221385983299202,0.1346115732054101,0.6443178740153238,0.3109883174458185,0.3396772619436206,-0.030121283447408033,0.36718251161932247,0.06004207662200882,0.22930965242697773,0.09597250392788015,0.42481557078426446,-0.025842379745374486,0.11803898824321968,0.2703605495660608,0.34013561186481955,0.1856654140365934,0.47487333351293687,0.1582105532191991,0.2180148226113487,-0.26676701859681157,-0.298340680138479,-0.1747509266320243,0.5434175877313188,0.27601908050086754,0.32883322479726673,0.27836323332243407,0.10518798580249245,0.17002312724857163,-0.1231586558785366,-0.14356081930959672,0.022476213853756956,0.4706427099427688,0.41454811491204036,0.4303028565397114,0.1327236704067367,0.18207002868611413,0.45268146803648507,0.2797816088357063,0.29451796033826905,-0.13048507954819663,-0.27067706522501367,-0.002494666346072456,0.2237418268893134,-0.013666156223694364,0.5233993304085621,0.4953376756723938,-0.015884406267974382,0.32433905474412433
Thal_MDl_R,-0.35005919404101543,-0.05904097463843017,0.5850171656101284,0.7233590517669136,0.7392431679402157,-0.3849520412755227,0.3736532150445258,0.6873205414656116,0.14921342340644234,1.0,0.6059091697771734,-0.33264990269150857,0.5134541246849145,-0.5706624506915229,0.07208579883295888,-0.528193338366476,-0.23299455575662065,0.3212459315830211,0.43938461660574774,-0.6351578682399843,0.6954774801133029,-0.3668341883542347,-0.19708334419132936,-0.21754869407086486,0.0016520442133741964,0.5992763672924462,0.11879827757051294,0.3202404807482833,0.3123372189493796,-0.5627388434988918,0.5494105825202198,-0.0922736419996023,-0.30921921493484295,-0.19495789423990179,8.497610440597755e-05,0.25673086251807364,-0.38939830090634764,-0.5797277236050129,-0.6854654052560957,-0.22871391603058497,-0.15549387329303194,0.32546115438620604,-0.07852373156901037,0.13171306468595662,-0.020170351877421232,-0.27318489706825494,-0.45018835302398785,-0.549567711614525,0.1171669907110365,0.4739512486256118,-0.5237825998267568,-0.3837044051330618,-0.7065725709343957,-0.4936378526927357,0.5962396570982751,0.40484532096576353,0.010712100268731237,0.23787804716045036,0.5031030074140584,0.07912381054868106
Pallidum_R,0.12992555770393402,0.3177593252248238,0.6834093643471656,0.5877299277753965,0.5470929880089145,-0.05228632421691769,0.570538028324062,0.7462142865833544,0.5707336526886962,0.6059091697771734,1.0,-0.21567501041937676,0.31433852926754074,-0.2736355273689951,0.4719362245171262,-0.22257157444564973,0.009583205280990163,0.2181958202018762,0.4918292269757494,-0.4052153115230142,0.6411512533087128,0.016979882377396706,0.19768280159984022,0.08291290906116912,0.2885225644022531,0.6203813593150489,0.239570984852319,0.44817592024177305,0.6756862290751701,-0.17894776029150122,0.4955986158087054,0.02549914184702269,-0.13456504200806527,0.04457384079676222,0.5139953393799906,0.5172154895643334,-0.07510528367752199,-0.2909299784992261,-0.32268185116931275,-0.1690550048053404,0.009483497211668945,0.31421576216928543,0.03488180478991556,0.2798113961188595,0.40826888328647504,-0.010738755148442988,-0.061940928175376504,-0.3532799497527257,0.48137737099155664,0.6161498851059565,-0.1986934327567488,-0.224461354333786,-0.5073539398328082,-0.15311387346083316,0.5842695889478059,0.4058868778486978,0.4585786861436345,0.4395936952161435,0.4691470400773482,0.14483718685173108
Thal_AV_L,0.16955514045569967,0.04811371228254288,-0.047821269843155254,-0.15449701366139787,-0.15318015337375251,0.24709722697001454,-0.005096627495585954,-0.11829826918073029,-0.036752756074380596,-0.33264990269150857,-0.21567501041937676,1.0,-0.1957286210682973,0.2339156891065652,0.02068837477077906,0.14455556165418978,0.30589888205939186,-0.046238745473818475,-0.12546932312825676,0.15532597929354908,-0.23667218074564586,0.1473975583002822,-0.10841868835093126,0.15723983022987423,0.01255106769471193,-0.11208497882602263,0.19725629256224494,-0.18477750881408456,-0.0962289661285687,0.2288252813720191,-0.1890220950972796,-0.038403488463242735,0.08371904478129326,0.034751329907402186,-0.03756733508019781,-0.19322200704820072,0.12719280936949448,0.19964678492069873,0.12568916699582558,0.14474816718984698,-0.04374953609875122,-0.22468315397573388,-0.020137585820163027,-0.19102915724449726,0.1176041293526558,0.12785498611165297,0.22428120305518817,0.2812270777270879,0.024853488308582763,0.03486988546236929,0.12149156423912615,0.07382973703948877,0.49659631752205674,0.15195637067328907,-0.0930738387943635,-0.15340756282978668,-0.01015665539256845,0.07351826727945479,-0.19603768297054114,-0.03299899552050563
N_Acc_L,-0.5655574686353853,0.3234245574140656,0.4834669441000628,0.7543532184983913,0.6608613571781276,0.13064495994600245,0.4176714908947737,0.3922998575489481,0.15221385983299202,0.5134541246849145,0.31433852926754074,-0.1957286210682973,1.0,-0.27884132061703576,-0.08778554606888898,-0.3665579866799007,0.21470352558294503,0.7057797577390864,0.8383586461623922,-0.35769005474900806,0.5259574361214296,-0.6225603357476791,0.04302031732479779,-0.3457972131859608,-0.11345062263054129,0.6446669761650138,0.601453445899457,0.11721031517401863,0.3802550941178531,-0.6700873170413172,0.6346659962210742,-0.27842798568843075,-0.5307059459872336,-0.2693688304642773,0.06765276522130857,0.06639178914219115,-0.3494583091907142,-0.3288646791454777,-0.517092490216526,0.20993569662759995,-0.6198177771580511,0.022286076577807755,-0.3776368091731796,0.20426097352284425,-0.13731213837886339,-0.22626224453103494,-0.5714945677418352,-0.19782450008337543,-0.019428709166944537,0.27133350112360355,-0.4987167061056631,-0.6508134274651585,-0.43401578585548983,-0.603360690671578,0.6658950052156407,0.6150373288899652,0.25792695921776465,0.34776664920643896,0.4976909225839358,0.6634975054661177
Cerebellum_7b_L,0.4924706466274727,0.3221940884821756,-0.2765799097817587,-0.38350989749996267,-0.5962500420145332,0.466150896943514,-0.15113124487528418,-0.35440375504277116,0.1346115732054101,-0.5706624506915229,-0.2736355273689951,0.2339156891065652,-0.27884132061703576,1.0,0.18004278055596654,0.6458070288062484,0.350414512496138,-0.15359973593781243,-0.10555097516539541,0.6681544364625966,-0.5179341395292454,0.3624904300729,0.5176229620470479,0.15597159549987366,0.17318760791555715,-0.5010735295533217,0.2059284321520072,-0.11696630584415704,-0.13713861314941864,0.5856779596974242,-0.261903134003158,-0.04217538916109963,0.16403774141074262,0.2061327680532444,0.29113033114260534,-0.0630631363815832,0.5430014426720822,0.6831096595365647,0.7703468504440326,0.3624469066306586,-0.09422231498529246,-0.3475977991717333,-0.016388634527764057,0.27661638790715803,0.3118667932793371,0.42735442017310865,0.47469014524289876,0.7028169857875075,0.2983952442409008,-0.16565468778080158,0.6120378436251688,0.18245388674277793,0.4710855999076926,0.3883897396651742,-0.33097088289957405,-0.2910900191471018,0.23378810797126348,0.098740671819068,-0.5940991383046326,0.20661627003173996
Thal_LP_R,0.4603453424941855,0.3781063968760292,0.28615270665703824,0.10967089229141613,-0.12036371059838606,0.17313301054852342,0.19572157682668354,0.35773977457518213,0.6443178740153238,0.07208579883295888,0.4719362245171262,0.02068837477077906,-0.08778554606888898,0.18004278055596654,1.0,0.14087357589236882,0.10197651427552161,-0.005609897240633508,0.16249293171609058,0.12195144135281993,0.08655017024633743,0.485991403962647,0.44277381139343813,0.3507492855018897,0.5040561138462012,0.04773710035753838,0.24690908025227098,0.26268415899983155,0.2942358251771655,0.2141740564129906,0.13488361948972102,0.21069062020982424,0.1936190259325866,0.16371251559519498,0.5838619373048451,0.4656818912281016,0.13664384626612366,0.12890352150757883,0.30504158398553916,-0.09711411559270881,0.0058093121440948225,0.21223722408760348,-0.12311778413229797,0.35322856280410136,0.4880761539949491,0.1609462066612552,0.330036704969435,0.12165316571727731,0.589539104868575,0.31922412453528093,0.15729500267000404,-0.0942271862700086,-0.07243299926033821,0.26055761806952044,0.16794105101294193,-0.005072885348801005,0.4779775934400105,0.09944882821337989,-0.10309620769134056,0.036237119299586514
Cerebellum_8_R,0.6929389970193025,0.3610705531790431,-0.26870709308437657,-0.38373825772433234,-0.5941395378410261,0.29244013396399804,0.0893640560212292,-0.5451218016970283,0.3109883174458185,-0.528193338366476,-0.22257157444564973,0.14455556165418978,-0.3665579866799007,0.6458070288062484,0.14087357589236882,1.0,0.4471908554364885,-0.5821989872606183,-0.27156697793570095,0.6456411667465114,-0.48314684141240816,0.13064780287967795,0.41696224584536296,-0.11842429140411793,-0.27477837091362245,-0.47244870983329085,0.0016020062433886074,-0.23685553216115107,-0.05636288960823051,0.718755885597914,-0.3931697797820628,-0.4608158681294105,-0.22992266277657844,-0.19648484567191696,0.18289637786001264,-0.2020244842990413,0.788647712655222,0.9380942141761008,0.6755127757026713,0.47616993648005035,-0.019753414032902938,-0.6802858931270948,0.18578051652937405,0.36968767815709463,0.2528912181406994,0.8979563207426807,0.5629946852105546,0.7770420537995129,0.10038785897348274,-0.3093464380934529,0.9581531983644384,0.26746842389835135,0.3831724082523452,0.3149834335239582,-0.5839917990552361,-0.6195544814825539,0.06773732242493664,0.3659379854811018,-0.7175960963773786,0.2999461255177889
Thal_PuL_L,0.26734670398078964,0.6013171314081895,0.06715288988829927,0.0839805995452529,-0.11975940125464975,0.5372063893161695,0.45731210299036384,-0.20925471971222057,0.3396772619436206,-0.23299455575662065,0.009583205280990163,0.30589888205939186,0.21470352558294503,0.350414512496138,0.10197651427552161,0.4471908554364885,1.0,0.10635629248905976,0.31904619760593433,0.32853534494393477,-0.17025695526589366,-0.20862185598889568,0.4176112874753743,-0.21104150666554541,-0.2055177335162625,0.1319164058577341,0.49778894466267665,-0.09870108405336774,0.33630791388932385,0.2707424786445419,0.06845625251744969,-0.4529324868517789,-0.36012250553731534,-0.14537193002201312,0.21582534464336048,-0.1711256074844072,0.40766093706055934,0.5534718418314126,0.2303873445913997,0.5908082032125164,-0.40526394182169007,-0.5415704149587071,-0.14025833489378023,0.4104359908440707,0.20976994467295734,0.5015743892417782,0.21416606157305848,0.5207259259000336,0.1243031548275296,0.03089238990896606,0.35181333458501307,-0.15149109274602687,0.3018699471324444,-0.057606805924417886,0.03482929902754976,-0.012234512972299062,0.3553554929007331,0.5485089366021425,-0.11865234751665671,0.6215080245471983
Temporal_Inf_L,-0.5638093579034915,0.25329726842101563,0.35038785243265935,0.49373837389646746,0.4722516229441703,0.20983275474873875,0.19836291482461751,0.49228670739181574,-0.030121283447408033,0.3212459315830211,0.2181958202018762,-0.046238745473818475,0.7057797577390864,-0.15359973593781243,-0.005609897240633508,-0.5821989872606183,0.10635629248905976,1.0,0.6982137589351383,-0.24438756833390873,0.37070083226087075,-0.16223459099589213,0.16971374721775354,0.10982055288571464,0.35054455381643845,0.5620421432283357,0.5202803366583258,0.24406564018289864,0.30318277523407755,-0.6166513979924179,0.5156719186537243,0.26089597652448504,0.014258652114582236,0.2003860699913513,0.1884629045738128,0.22103391625929716,-0.5632528297521529,-0.4843966110338769,-0.31400808656345924,0.012145094604915554,-0.49130999783389556,0.3709644062054365,-0.4628019018188398,0.01674181981276789,-0.059570258248712274,-0.5862434786053798,-0.42451598580013966,-0.1270519017384715,0.10734001740512249,0.29250694792352555,-0.6860717770049946,-0.5636663977418999,-0.15438795088616902,-0.3275380989366713,0.7282978223031,0.7081523747972598,0.37478861789517515,-0.04038968446782299,0.5491602454540035,0.3635521220495422
Caudate_L,-0.360994296915706,0.5065850083745329,0.6133615638383536,0.72713236266031,0.5761003347278362,0.36291838948158256,0.49576857039162237,0.5624993799295274,0.36718251161932247,0.43938461660574774,0.4918292269757494,-0.12546932312825676,0.8383586461623922,-0.10555097516539541,0.16249293171609058,-0.27156697793570095,0.31904619760593433,0.6982137589351383,1.0,-0.24588531813679768,0.51986702587883,-0.30897097698356196,0.23214076098231665,-0.0968897440119994,0.14636966544507213,0.6846775652140136,0.7068316849879063,0.30628211744103034,0.5031210891563817,-0.5221146125549758,0.778891547847169,-0.1880482828000208,-0.41191137964617724,-0.08614488697190018,0.4311098574690812,0.18887520217868473,-0.28054393719162124,-0.2451598300624355,-0.32134570501601545,0.22358265853603088,-0.5552169611092722,0.11351210752362823,-0.4082292012305485,0.3418366770791531,0.26733636414623746,-0.17304619800380397,-0.36931918886675696,-0.09170260919842523,0.35546744485004894,0.5061633815071837,-0.3660802172171237,-0.5687569865294717,-0.3318078812951256,-0.30803639718783976,0.7465965745354262,0.6808072893141455,0.47582242333758623,0.41638432068868364,0.4784965846645802,0.5999208877645644
Raphe_D,0.5205327632513249,0.3615982623066278,-0.43172938855596443,-0.438316938108149,-0.7061586684767142,0.39204442486035224,-0.25304510459382773,-0.5581517734503268,0.06004207662200882,-0.6351578682399843,-0.4052153115230142,0.15532597929354908,-0.35769005474900806,0.6681544364625966,0.12195144135281993,0.6456411667465114,0.32853534494393477,-0.24438756833390873,-0.24588531813679768,1.0,-0.6828592878374207,0.33771988316099233,0.49701721003613053,0.2112742761664848,0.04744667762568999,-0.6054899408312282,0.10866525331318104,-0.27147469342261743,-0.16676361696627026,0.5176853045191894,-0.28958261259867923,-0.0918575425861867,0.13029903753705993,0.24507181677567239,0.09560331504812661,-0.17973365013780587,0.4284822004883908,0.7331078338193789,0.7723034712985462,0.5016517978493501,-0.007821641612816333,-0.4435111315085095,0.008425914000456898,0.3230834473718023,0.12203516197863414,0.43384948690910613,0.5230910199504268,0.707076361500881,0.12914458258265119,-0.28226137750880703,0.611637129186049,0.34982397320485403,0.45152530807680363,0.41558082559075626,-0.41278414659965107,-0.37896473744188813,0.12618381515673827,-0.047463885813262115,-0.661635897106459,0.038648674287511973
OFCant_L,-0.3002606415773348,0.01952635629196815,0.7983009528499849,0.6441132406328721,0.8752762646048634,-0.27960242933105595,0.3922907206487359,0.7240096880185071,0.22930965242697773,0.6954774801133029,0.6411512533087128,-0.23667218074564586,0.5259574361214296,-0.5179341395292454,0.08655017024633743,-0.48314684141240816,-0.17025695526589366,0.37070083226087075,0.51986702587883,-0.6828592878374207,1.0,-0.35305557444761254,-0.13376124128808378,-0.13265541628572486,0.05272362408197417,0.6750865428196169,0.1714835925642235,0.5351577854349991,0.4402683617890221,-0.5414948884919598,0.608015185321777,-0.013671223047268217,-0.2448946787835866,-0.15634273638041774,0.1645841043578876,0.37465844280027805,-0.3483435662259774,-0.5779721821888661,-0.655346674484754,-0.2286987744979704,-0.17712889822878022,0.356359947711643,-0.10834302431479434,0.06562717783373455,0.05901553396945193,-0.2348984842930458,-0.3811805326268239,-0.5699465125821134,0.1734179139408471,0.5789868754155776,-0.4672364945512427,-0.4350246159197612,-0.6402579658472887,-0.48435076813712835,0.6705308343455885,0.43907172155474494,0.1665231528274778,0.3738393278784998,0.6145611259283595,0.23356712386399786
Supp_Motor_Area_L,0.4670865410543314,0.010614956106342145,-0.21497127626701193,-0.5003141473942168,-0.5433804746101067,0.28899378826972416,-0.30472851224155667,0.03448124097032498,0.09597250392788015,-0.3668341883542347,0.016979882377396706,0.1473975583002822,-0.6225603357476791,0.3624904300729,0.485991403962647,0.13064780287967795,-0.20862185598889568,-0.16223459099589213,-0.30897097698356196,0.33771988316099233,-0.35305557444761254,1.0,0.3277160899771298,0.7276287284194104,0.7646457100091951,-0.3389367109415847,-0.12437096024079661,0.10522445764554002,-0.11426106006521042,0.4406395825899787,-0.24861401656197984,0.6858646458454378,0.770486821130516,0.5839216765648868,0.5343911982723196,0.4030845220289572,0.01821934766880906,0.1147853695547832,0.6262975579986712,-0.2849781108949709,0.3982827131515786,0.42247085164912307,-0.046828836702058,-0.01846765251406366,0.5518588713148591,-0.09827068411745837,0.511172334276694,0.21278835633589413,0.5341889959132944,0.08356271978751495,0.20293307256009266,0.32814632723846415,0.42097183546273453,0.8062432767644448,-0.15471486738217738,-0.16254721536797764,0.27192409077984037,-0.4624086207934441,-0.24869068165671618,-0.4879788742549326
Cerebellum_3_L,0.445120524259621,0.6691965179421935,0.04704788556848619,-0.058871740964927234,-0.2992478953956139,0.5232448909238755,0.1581617158816538,-0.01582816269417193,0.42481557078426446,-0.19708334419132936,0.19768280159984022,-0.10841868835093126,0.04302031732479779,0.5176229620470479,0.44277381139343813,0.41696224584536296,0.4176112874753743,0.16971374721775354,0.23214076098231665,0.49701721003613053,-0.13376124128808378,0.3277160899771298,1.0,0.22320711424023276,0.3377188521038612,-0.061113805888376636,0.41452819769495597,0.15515650991475563,0.3360166743730931,0.26229569974822325,0.03949195664116381,0.08697776066501074,0.09855501726800103,0.2812422275663719,0.6313549215864759,0.3501381230733642,0.24848634981596887,0.46737663841826255,0.6205126158906988,0.3002837210299134,-0.30700525175102283,-0.08292378394677408,-0.3587127008420095,0.5246068773920247,0.3754947535955726,0.3177805639841634,0.35735220330777245,0.5350242478818845,0.40060216442683183,0.0676793323931929,0.35891178370970434,-0.16236791274561946,0.17110236164907772,0.2870017295970714,0.1597590023178854,-0.021365805866715083,0.7125942050391944,0.1999330465740759,-0.21838445887684665,0.41982933383986826
Red_N_R,0.16216768063372375,0.008312355481511614,-0.04071754419984958,-0.34527278909588033,-0.22161850388038232,0.2511929322810542,-0.2784680567010064,0.25334332918168156,-0.025842379745374486,-0.21754869407086486,0.08291290906116912,0.15723983022987423,-0.3457972131859608,0.15597159549987366,0.3507492855018897,-0.11842429140411793,-0.21104150666554541,0.10982055288571464,-0.0968897440119994,0.2112742761664848,-0.13265541628572486,0.7276287284194104,0.22320711424023276,1.0,0.6006224239597794,-0.16289884456332976,0.0389448699681343,0.050554465899769425,-0.019379215369863374,0.2188951650629174,-0.14747058498388912,0.619590859048644,0.6594743922171779,0.5766271095319038,0.3794007086840811,0.2022813761941592,-0.136126032551694,-0.05351794897650098,0.38899850045877965,-0.3026365270633283,0.3352268475428533,0.5206977087591775,-0.1483094245277895,-0.004135024872357614,0.3894331237804052,-0.32601442016085047,0.359643375724034,0.0406925730786695,0.32246813800360435,0.06006534625241783,-0.04696902738351936,0.27604923039652923,0.36271290117770916,0.6416079976897877,0.13816490731683895,0.10324734453360793,0.2784677611423746,-0.4027480352389636,-0.03902314168101507,-0.40660496427963977
Frontal_Sup_2_R,0.16042496978270213,0.12414911982909203,0.09221626874922544,-0.023023428798138946,-0.0992861820525131,0.27132286476587886,-0.1466406824866468,0.37630282255104414,0.11803898824321968,0.0016520442133741964,0.2885225644022531,0.01255106769471193,-0.11345062263054129,0.17318760791555715,0.5040561138462012,-0.27477837091362245,-0.2055177335162625,0.35054455381643845,0.14636966544507213,0.04744667762568999,0.05272362408197417,0.7646457100091951,0.3377188521038612,0.6006224239597794,1.0,0.07459182368612181,0.1507129189363959,0.31815781328779374,0.14688445281033968,-0.027273260418664513,0.2362168560230452,0.8120290370999494,0.7266998049329046,0.5949938287179924,0.6136214320908423,0.6813154637152425,-0.3662015014395403,-0.2856572948948526,0.2915939558969914,-0.31275634702817245,0.09601369636752116,0.6804618970493462,-0.24869513214507655,0.014735177267320102,0.5163993531114631,-0.40831806544246013,0.17899817113565616,-0.04874974296289158,0.6894337129418482,0.4681989980329442,-0.2609788855133032,-0.08330048791206938,0.13373532347687508,0.4230677880178593,0.3153233085791105,0.2854701893679389,0.47738404111578137,-0.3743226061272635,0.1773655525414646,-0.22834180754459485
Cerebellum_10_L,-0.34317243460479113,0.2476910077014758,0.5936018613807639,0.7214849820876105,0.740980613473571,0.08409498813546869,0.7266702118376293,0.614395558200438,0.2703605495660608,0.5992763672924462,0.6203813593150489,-0.11208497882602263,0.6446669761650138,-0.5010735295533217,0.04773710035753838,-0.47244870983329085,0.1319164058577341,0.5620421432283357,0.6846775652140136,-0.6054899408312282,0.6750865428196169,-0.3389367109415847,-0.061113805888376636,-0.16289884456332976,0.07459182368612181,1.0,0.32991259016213026,0.34448136518765116,0.5700354993442273,-0.5851687359184206,0.572374917982416,-0.06844887514725045,-0.30912858815579125,-0.15265643110957972,0.20330769046426186,0.22457916762312652,-0.42283595111220906,-0.5062143857133246,-0.6332552703550145,0.021914940559391693,-0.3094038965376631,0.2657390971349057,-0.16387502896960787,0.06375828734583389,0.1171454702557441,-0.25321386723775735,-0.41681763130758664,-0.3997020993147135,0.16799774082934724,0.5012993124014105,-0.537809055579492,-0.4844220899934094,-0.4188881271107014,-0.4518527042076599,0.7248378975344825,0.6056024267955763,0.2746787664642559,0.3888512680298426,0.8039397515829244,0.3345668829346918
Heschl_L,-0.02215052479378609,0.6539300657910418,0.3950627421699553,0.4570613643864598,0.18713742760839677,0.57738509908663,0.2860889145255152,0.26816371765754815,0.34013561186481955,0.11879827757051294,0.239570984852319,0.19725629256224494,0.601453445899457,0.2059284321520072,0.24690908025227098,0.0016020062433886074,0.49778894466267665,0.5202803366583258,0.7068316849879063,0.10866525331318104,0.1714835925642235,-0.12437096024079661,0.41452819769495597,0.0389448699681343,0.1507129189363959,0.32991259016213026,1.0,0.13473545282985255,0.45595029436444895,-0.22318553093614654,0.4637908847787912,-0.18166760237592455,-0.2660591679866995,0.05897728586705114,0.4714232703059241,0.1765432822982809,-0.04518645658080528,0.12107635623328918,0.020248780223720717,0.29361852619911155,-0.5821180716374074,-0.12763828259445645,-0.4590204380096927,0.3069405690118282,0.28225322583730544,0.03399398612845149,-0.03121794654377201,0.20168860525111076,0.30101651616183667,0.30336651262592695,-0.08668699847662663,-0.4166763487496598,-0.04006628345653495,-0.08333042774910156,0.53248772488638,0.4291348658831544,0.6094774296971545,0.3761839779886891,0.12242393106038238,0.6036243024905256
OFClat_L,0.015130263059645734,0.07097897406066737,0.5329096854310554,0.2575919941790996,0.30855718820033584,-0.06283111855923909,0.16458695586707298,0.5524316225737591,0.1856654140365934,0.3202404807482833,0.44817592024177305,-0.18477750881408456,0.11721031517401863,-0.11696630584415704,0.26268415899983155,-0.23685553216115107,-0.09870108405336774,0.24406564018289864,0.30628211744103034,-0.27147469342261743,0.5351577854349991,0.10522445764554002,0.15515650991475563,0.050554465899769425,0.31815781328779374,0.34448136518765116,0.13473545282985255,1.0,0.3406434946190976,-0.22507793873444049,0.4917370095298231,0.23071894773343046,0.1230578188202914,0.2699398399804396,0.3284687650636174,0.4729941420554681,-0.19638676749812772,-0.3072549889266456,-0.19412245982084753,-0.24209556130919857,-0.09483513866445313,0.3611152432966373,-0.20506786623166673,0.11010345657177784,0.24399066204525105,-0.18346591871769205,0.06989631141128543,-0.28204812122505746,0.3737087208624805,0.5347995473388104,-0.1981254330028968,-0.24379564305148527,-0.34534200079707056,-0.09579914248996342,0.4462110794040537,0.36931835359159965,0.18266643482141678,0.2314676508778091,0.2694475940115767,0.0624279748939077
Hippocampus_R,0.2029030141632197,0.5456357917533354,0.510110819192534,0.46386298212675336,0.37869826847107313,0.2742044212114316,0.5779984694725887,0.41370951634184416,0.47487333351293687,0.3123372189493796,0.6756862290751701,-0.0962289661285687,0.3802550941178531,-0.13713861314941864,0.2942358251771655,-0.05636288960823051,0.33630791388932385,0.30318277523407755,0.5031210891563817,-0.16676361696627026,0.4402683617890221,-0.11426106006521042,0.3360166743730931,-0.019379215369863374,0.14688445281033968,0.5700354993442273,0.45595029436444895,0.3406434946190976,1.0,-0.08507188856421499,0.4655009768350266,-0.09569821918513308,-0.18664036631216516,0.12050638302272411,0.47095066421942583,0.4165197220495823,0.06182173535830381,-0.0721803800833979,-0.1612327103981011,0.08360345558382297,-0.0637457780381419,0.053895647567656704,0.07501168558854898,0.23977538431770345,0.3269992194663107,0.12233064290117582,0.04061772432442261,-0.08664762814168572,0.33924728918842534,0.5177982312885988,-0.08254496295989733,-0.0836297248227693,-0.23222385843276572,-0.12734225570030558,0.5109572229786535,0.41294890587057237,0.607294853863067,0.5576025262632225,0.4642613094737768,0.3624499341690087
Cuneus_L,0.744864817245079,0.11553768373268809,-0.2860538818331923,-0.6343102811867258,-0.6529402526656894,0.219527416228326,-0.101912734455662,-0.4085216771196237,0.1582105532191991,-0.5627388434988918,-0.17894776029150122,0.2288252813720191,-0.6700873170413172,0.5856779596974242,0.2141740564129906,0.718755885597914,0.2707424786445419,-0.6166513979924179,-0.5221146125549758,0.5176853045191894,-0.5414948884919598,0.4406395825899787,0.26229569974822325,0.2188951650629174,-0.027273260418664513,-0.5851687359184206,-0.22318553093614654,-0.22507793873444049,-0.08507188856421499,1.0,-0.5685606227035412,-0.09121841731784847,0.21803516772505319,0.03999160383486909,0.19015927528932983,-0.12265773438802528,0.8137765075932718,0.7368219019517098,0.680629323639542,0.12031828203560564,0.4814670367838657,-0.34556832721668795,0.42321315288471467,0.16981669770749455,0.3756959413146101,0.6137221479379813,0.6885704353412732,0.5827303060827329,0.17055413197760397,-0.2897821642849053,0.7986286052952716,0.6273468158836955,0.5613507712399646,0.6055931486223831,-0.6033238738897614,-0.5870324848771059,0.05869877121038451,0.12090988832473347,-0.6104598030455377,-0.11152927785888221
ACC_pre_L,-0.256685851434857,0.2726081622523024,0.6153972099818111,0.7149760794796749,0.6183192239775409,0.09542908104956396,0.33417867710012233,0.5681454402013469,0.2180148226113487,0.5494105825202198,0.4955986158087054,-0.1890220950972796,0.6346659962210742,-0.261903134003158,0.13488361948972102,-0.3931697797820628,0.06845625251744969,0.5156719186537243,0.778891547847169,-0.28958261259867923,0.608015185321777,-0.24861401656197984,0.03949195664116381,-0.14747058498388912,0.2362168560230452,0.572374917982416,0.4637908847787912,0.4917370095298231,0.4655009768350266,-0.5685606227035412,1.0,-0.05973249920902506,-0.2548477768120854,0.00588251651453508,0.31390708270783013,0.3660171908687193,-0.3825503044921087,-0.4392389382599427,-0.4396276488475657,0.035581337549811826,-0.3528280601730504,0.2248855446850774,-0.2531400410506558,0.24456278899216266,0.25426180800622533,-0.2324142035847169,-0.3336083171449679,-0.33491981248246033,0.4713398266851162,0.8075711714522427,-0.44124843878722614,-0.40922221236124273,-0.48391893309264494,-0.3447913642028305,0.6733391460260808,0.6426266516018376,0.2708044914832069,0.33406856913229277,0.5031877913214633,0.29300254816326654
Precentral_R,-0.07346966745004054,-0.28878502167025927,-0.1811912584086536,-0.3186577360721375,-0.15335199152902051,0.03656730674219348,-0.44393888094380446,0.19237141044276249,-0.26676701859681157,-0.0922736419996023,0.02549914184702269,-0.038403488463242735,-0.27842798568843075,-0.04217538916109963,0.21069062020982424,-0.4608158681294105,-0.4529324868517789,0.26089597652448504,-0.1880482828000208,-0.0918575425861867,-0.013671223047268217,0.6858646458454378,0.08697776066501074,0.619590859048644,0.8120290370999494,-0.06844887514725045,-0.18166760237592455,0.23071894773343046,-0.09569821918513308,-0.09121841731784847,-0.05973249920902506,1.0,0.9097329317304556,0.6371280025624759,0.23657800888904001,0.5478080082720107,-0.5147578809730599,-0.46343932051976094,0.1940041376609351,-0.5183770977395932,0.25642634471677506,0.8180443865915726,-0.22593073850108172,-0.26985962314337353,0.11509261098979216,-0.6499076504906136,0.09467993153736527,-0.252096704216093,0.22613148142672,0.16046084115718484,-0.4124012345647342,-0.0018117623750116584,0.21076765566303662,0.3904240378274318,0.13280680609443402,0.2119755854870521,0.16668884820161903,-0.6936018502194162,0.20528919743234847,-0.45827447878757926
SupraMarginal_R,0.18688615735458058,-0.28323999314112114,-0.34420620094412063,-0.540920660732333,-0.38234378143211756,0.09407078750661081,-0.5389760083619037,-0.024142030857759872,-0.298340680138479,-0.30921921493484295,-0.13456504200806527,0.08371904478129326,-0.5307059459872336,0.16403774141074262,0.1936190259325866,-0.22992266277657844,-0.36012250553731534,0.014258652114582236,-0.41191137964617724,0.13029903753705993,-0.2448946787835866,0.770486821130516,0.09855501726800103,0.6594743922171779,0.7266998049329046,-0.30912858815579125,-0.2660591679866995,0.1230578188202914,-0.18664036631216516,0.21803516772505319,-0.2548477768120854,0.9097329317304556,1.0,0.6525631578004166,0.16425503762534402,0.3721445260827961,-0.2587805411258615,-0.20328722735341662,0.40438387471708875,-0.449559844790241,0.42666617621686975,0.6212639072531884,-0.07565833203616808,-0.25258628172674963,0.1779586907299731,-0.452912986948355,0.3166041798374424,-0.07335719144904784,0.24006053503260089,0.05246636845229078,-0.15604164289835654,0.28581437423654243,0.41544741120934014,0.5595795242032835,-0.08968898908210189,-0.00551578533618582,0.08913303591577751,-0.657518449478039,-0.009527905481019667,-0.5505752743299228
