,OFClat_R,Cerebellum_6_R,Thal_IL_R,Red_N_R,Hippocampus_R,Cerebellum_4_5_R,Frontal_Sup_2_R,Angular_R,ACC_sub_L,OFCant_L,OFCpost_L,Vermis_8,Temporal_Mid_R,OFCpost_R,Raphe_D,Caudate_L,Temporal_Inf_L,Temporal_Inf_R,N_Acc_R,Temporal_Sup_R,Thal_VL_L,Cerebellum_9_R,Frontal_Mid_2_L,Vermis_10,Cingulate_Post_R,Parietal_Inf_L,Fusiform_L,Heschl_R,Putamen_R,Thal_MDl_L,Thal_MDl_R,Pallidum_R,Temporal_Mid_L,Thal_MGN_R,Amygdala_L,Amygdala_R,Thal_PuA_R,Cuneus_L,OFCmed_R,Cerebellum_4_5_L,Postcentral_R,Cingulate_Mid_R,Cerebellum_10_R,Cingulate_Mid_L,Postcentral_L,Cerebellum_7b_L,Cuneus_R,Cerebellum_6_L,Precuneus_L,Parietal_Sup_R,Vermis_9,SN_pc_R,SN_pc_L,Rolandic_Oper_L,Supp_Motor_Area_R,Cerebellum_8_L,ACC_pre_R,OFClat_L,Thal_LP_R,Cerebellum_7b_R,Occipital_Sup_R,Angular_L,VTA_R,Calcarine_L,Lingual_L,Calcarine_R,Occipital_Mid_R,Cerebellum_3_L,Cerebellum_3_R,Olfactory_R,SupraMarginal_L,Thal_AV_L,SupraMarginal_R,Rolandic_Oper_R,Paracentral_Lobule_R,Frontal_Inf_Tri_L,Vermis_3,Fusiform_R,Supp_Motor_Area_L,Cerebellum_Crus2_L,OFCant_R,Frontal_Inf_Oper_R,Olfactory_L,Thal_PuI_R,Occipital_Inf_L,Red_N_L,Cerebellum_Crus1_R,Vermis_7,Thal_AV_R,Thal_PuL_R,Frontal_Med_Orb_L,Frontal_Mid_2_R,Thal_IL_L,Thal_MDm_L,Temporal_Pole_Mid_R,Thal_PuM_L,Precentral_L,N_Acc_L,Thal_PuM_R,ACC_sup_L
OFClat_R,1.0,0.15710996834014748,0.5297595247866644,-0.3302737015631719,0.5148218206122893,0.1856063615108296,-0.13289019454221687,-0.532214391856559,0.05922181060897688,0.6149252602042861,0.6098446327509981,0.34787060865472186,0.4284614205676419,0.7588255315286112,-0.30754130194230184,0.35562278969892114,-0.09136384131640336,0.6014678672999714,0.7638298359392748,0.29633483972213576,-0.2986555035619025,0.03604730079335006,0.2508779291096998,-0.2057995053470457,0.3098731363807767,-0.3716512287973075,0.15161230104076023,-0.24743848209195293,0.6826233784230321,-0.14482438455476523,0.5320199245129591,0.6826954935860422,-0.2041884133113989,-0.14726304774092658,0.3926218727327428,0.5099491381944419,0.5787955676230144,-0.04484469084644867,0.6631791007557553,0.31375969554426136,-0.4986760368735242,0.33811022976572375,0.5918381948220134,0.3046808712984823,-0.3314988267343712,-0.11800129908354892,-0.281098419782012,-0.10620470814041602,-0.5188261767605162,0.024372688831070095,-0.1424030698572846,-0.004976264908832894,-0.3154073323425479,0.09443703290846994,-0.3610707669666585,0.055887078915042784,0.5632867328015194,0.43198018038483976,0.29781754645591463,0.23698053121701063,0.06083323342668189,-0.35474908093651064,0.060285986162672396,-0.13481642539134392,0.02101261681700455,-0.09080964303520189,0.23027215796286882,0.08327590730572508,0.3334254685112937,-0.0763901397056039,-0.41992384782901254,-0.1079833434399928,-0.505295584646214,0.44078077930372367,-0.5158514959714349,0.1582788456106763,0.44629163174475067,0.7375426222668613,-0.2790024649072339,-0.05051189189509523,0.6956071553802856,0.2930612522972587,-0.40236743406866804,0.3056935655978733,0.2629110183020888,-0.2824444008015499,0.11182793330581228,0.1624231990607852,-0.5843231544797293,0.6018512390728885,0.3762971563555537,-0.07301873114542126,-0.18829001281629756,0.2031913247362702,0.4498641514727992,0.45048433111940145,-0.11259779096262736,0.2481286268217253,0.108254774881273,0.20862504332134313
Cerebellum_6_R,0.15710996834014748,1.0,-0.5996061112015572,-0.19301137501711144,0.03293613899697203,0.11715228234128244,-0.36139330408515075,-0.10886067587723437,-0.5576364770133239,-0.4741869006030175,-0.19187091656200767,0.8066602635775149,0.8576247146195307,0.45901871494346635,0.6689288371691544,-0.16282275552321307,-0.48347938299015425,0.8093283267522027,-0.21783863913834148,0.6600120626108867,0.4439706953107618,0.9507154988518345,0.444753092783807,0.07206956696994091,0.6729986362509657,0.12393427667955026,0.0016832233827930546,-0.46643621419962994,0.1235198606836779,0.5280544607825871,-0.4769557207050403,-0.18798944264454087,0.17476444473956648,-0.7553488230028965,-0.6238827268525798,-0.5315852215978716,0.36698342483598156,0.644681548993686,-0.23945942588377797,0.2833527504277269,-0.5829659133514832,0.0224539753975506,0.20788142452618807,0.13762679786493714,0.19649217822730888,0.5952687312263585,0.15974522940834102,0.8005491928352788,-0.36004691116853155,-0.18488728883725025,0.7790497074562857,0.4770696807875972,-0.25864158367618784,0.12657624114809235,-0.060175883263532494,0.8416442514471306,-0.28980035192059417,-0.2935522988564932,0.12785729121110123,0.9026087534141621,-0.13654071671252554,0.2821601045955404,0.603955762005162,0.7360285524180565,0.881519386798815,0.7791519866142407,0.09894708456370689,0.4207463857266488,0.4982041055692945,0.6111727878586668,0.37150298574650986,0.1798305321237173,-0.3621635241406013,0.17946469341699478,-0.38026207598532535,-0.015915373874221945,-0.19561138926871177,0.5796080260722624,-0.0030419835879470377,0.7549114326856018,-0.21319679882889245,-0.28730832081117025,0.15261536376874654,-0.64429049302958,0.7751852295251568,-0.15445905317556166,0.6364035518165125,0.9187192295283242,0.32558283986504466,-0.2357082299046281,-0.39351773567060205,-0.43507084636746923,-0.10575274339199017,0.17109319351812177,0.866459181792671,-0.306583485247716,0.2711861219657827,-0.24370624935888582,-0.2400621553116726,0.08067531789283718
Thal_IL_R,0.5297595247866644,-0.5996061112015572,1.0,0.031956747314034126,0.42585206310020407,0.20782727672188603,0.32891196988820576,-0.2830290778667477,0.5444453597032373,0.7487857402973267,0.5363187320104545,-0.2921624061579921,-0.3611004902561954,0.16079550517726116,-0.7071535973811619,0.5006330606568263,0.41154839317541675,-0.19361269579854187,0.7410353069906607,-0.272882305450749,-0.4968952247706031,-0.6633848132538832,0.000988022629083222,0.014996353377916754,-0.17704834656919718,-0.33351210723031394,0.22530556971373672,0.3168157781904092,0.4722361994284451,-0.4549091738537817,0.7485689768913795,0.7465633469984954,-0.19936095886585067,0.5152621736214987,0.7869553810951916,0.8595876683011022,0.2745802634380439,-0.5171230451227532,0.6171055404320726,0.1814095029614501,0.15218346186295065,0.3505999079755965,0.43005002171886625,0.29022436435751436,-0.2837702281204731,-0.48361816462658697,-0.35950277212288134,-0.5862136125564796,-0.05115469884047618,0.14861364210978495,-0.606566035183608,-0.3669210751149871,-0.00414992790508311,0.14668691429082154,-0.05159245120468951,-0.5272237471889359,0.6397181360615827,0.4781963091773328,0.26658862940317196,-0.5483619330108995,0.08830817534302435,-0.48032742810200163,-0.3575885824260396,-0.6823064941949811,-0.610265882938403,-0.6787166093400551,0.01625754300763002,-0.14412001591407703,-0.010337818457449893,-0.5251102880953283,-0.540320280015473,-0.21240979974056096,-0.04817916119090715,0.24745973953239134,0.04507070687083525,0.23536639057022776,0.6177027547030918,0.10782005228531895,-0.06445313111989485,-0.6604820412271087,0.6723232877620375,0.4880551544737705,-0.30270089801389766,0.7608372326360832,-0.4422337218409421,0.1068736105953628,-0.4730373170273115,-0.5429508177229476,-0.5689511068964284,0.6647977816370226,0.5300042005503942,0.3945141790895757,0.03583346149285916,0.22824240472063503,-0.3679557819310188,0.6830262916810524,-0.20147876423845576,0.4041067180287963,0.4611031923207069,0.14968709179230177
Red_N_R,-0.3302737015631719,-0.19301137501711144,0.031956747314034126,1.0,-0.019379215369863374,0.2784677611423746,0.6006224239597794,0.5960872532837868,0.10324734453360793,-0.13265541628572486,-0.3044438613709151,-0.25904673452978216,-0.20385032192383098,-0.4027480352389636,0.2112742761664848,-0.0968897440119994,0.10982055288571464,-0.34928993329398117,-0.17234574145577364,0.16216768063372375,0.3498731924852859,-0.15175535839414325,0.3642712180593964,0.5730802179188278,-0.03260508957011493,0.6098135626829326,-0.045781433672289304,0.5250938596635701,-0.3487834330094453,0.34527273462495656,-0.21754869407086486,0.08291290906116912,-0.18129152803502127,0.2482571803581532,0.06666344313015102,0.25334332918168156,-0.025842379745374486,0.2188951650629174,-0.3272739899260911,0.1806353423836643,0.6363051383001674,0.3472249237039947,-0.2784680567010064,0.3794007086840811,0.6416079976897877,0.15597159549987366,0.3541251559625959,-0.09402034978411959,0.7080049943362327,0.16808357823184392,0.0406925730786695,0.359643375724034,0.5766271095319038,0.48822823434078494,0.7619134121045582,-0.06536009790106004,0.06006534625241783,0.050554465899769425,0.3507492855018897,-0.1559939471147874,0.039435610159881694,0.4898968516873049,-0.3026365270633283,0.16527925142882452,-0.04242531153075925,0.15307329441988943,-0.12898514203050665,0.22320711424023276,0.15290589968564022,0.21475940900649232,0.44342873953867007,0.15723983022987423,0.6594743922171779,0.2132250318014756,0.7599941547350367,0.2071693561318811,0.02567102079851932,-0.21353086348041092,0.7276287284194104,-0.030626707185123767,-0.04071754419984958,0.2022813761941592,0.22049541738843695,-0.10487430804487145,-0.136126032551694,0.917571699012334,-0.0044025074057648175,-0.2991180275810132,0.36271290117770916,-0.34527278909588033,-0.3869144128154633,0.5510910478015689,0.09909201445442056,0.22529066117579827,-0.44846366711773633,-0.11277856910310441,0.5365486760561106,-0.3457972131859608,0.47503736628509585,0.11957889230581707
Hippocampus_R,0.5148218206122893,0.03293613899697203,0.42585206310020407,-0.019379215369863374,1.0,0.607294853863067,0.14688445281033968,-0.2876001336778017,0.41294890587057237,0.4402683617890221,0.5775902518888613,0.1892522207951203,0.14116618987761786,0.5576025262632225,-0.16676361696627026,0.5031210891563817,0.30318277523407755,0.20548237050368803,0.5108450784488389,0.2029030141632197,0.09287035755641392,-0.03823646316898371,0.20386028544274964,0.08682140881832048,0.4047598168133629,-0.22284996608047788,0.43780320772946585,0.21694315270332745,0.6554006973104404,-0.040102304019833376,0.3123372189493796,0.6756862290751701,0.18076798683325296,0.16822849959961966,0.3930372496802282,0.41370951634184416,0.47487333351293687,-0.08507188856421499,0.5118046200855348,0.5865194485821436,-0.10643819447017484,0.4462028458188136,0.5779984694725887,0.47095066421942583,-0.12734225570030558,-0.13713861314941864,-0.17869606773509106,0.05942437599328893,-0.09865616053059753,0.02683006790185424,-0.08664762814168572,0.04061772432442261,0.12050638302272411,0.3674282699358929,-0.0696054959446321,-0.013131037556022488,0.5177982312885988,0.3406434946190976,0.2942358251771655,-0.06080412724255317,0.08550416795087813,-0.25277742655557706,0.08360345558382297,-0.13903828866898899,0.12983487349354256,-0.11300716641448266,0.12909250121819985,0.3360166743730931,0.47253604352799433,-0.03445232158248001,-0.2053856835526596,-0.0962289661285687,-0.18664036631216516,0.5471399878210991,-0.10537903765990785,0.4305440846443807,0.5836633724703643,0.45812144956519835,-0.11426106006521042,-0.1409406634375571,0.510110819192534,0.4165197220495823,0.10897246483775594,0.4062619128015073,0.06182173535830381,0.051459507139230434,-0.15317336710971094,0.07878599937023584,-0.23222385843276572,0.46386298212675336,0.3583356837367507,0.1730413866246449,-0.00554865139310728,0.3834729068614054,0.1071544827469799,0.5458539107968611,-0.08047954291240185,0.3802550941178531,0.4122726730012363,0.31507138992674005
Cerebellum_4_5_R,0.1856063615108296,0.11715228234128244,0.20782727672188603,0.2784677611423746,0.607294853863067,1.0,0.47738404111578137,-0.05611483904836618,0.2782703374624671,0.1665231528274778,0.29992118668267986,0.22960300661204558,0.040265748460429,0.24896984753726747,0.12618381515673827,0.47582242333758623,0.37478861789517515,0.06700528553849171,0.2627682574327782,0.2843238739718813,0.22979925787069214,0.1566511753529091,0.42609033302685223,0.5322995851201074,0.4530856853272764,-0.005008028564398408,0.5626724318393647,0.47802940487936685,0.469160108405758,0.07344677411936387,0.010712100268731237,0.4585786861436345,0.34305939987626816,-0.013916210109706005,0.23595376321752998,0.3105181294487136,0.5233993304085621,0.05869877121038451,0.1977798024270582,0.8988311560125147,0.16422545623675636,0.6834051312667876,0.3021057661473044,0.7251055407628848,0.19574561537804394,0.23378810797126348,-0.20416024013887632,0.34248261692410925,0.09254388438131037,-0.22265535394882735,0.20967147582041162,0.18835682396085562,0.2730628862303616,0.6341526652299289,0.3550897513386316,0.3041041321450117,0.3229141517518385,0.18266643482141678,0.4779775934400105,0.03683470053114883,-0.31030304223779426,-0.05179340115406207,0.09442958175558773,0.1566614790387559,0.39737815647811475,0.12600679646633814,-0.22780716333030746,0.7125942050391944,0.7340730448237551,0.11263534176542492,0.052282092574273596,-0.01015665539256845,0.08913303591577751,0.6672566861890884,0.2418114190736427,0.5544983530466865,0.5821025651594621,0.29100013766655297,0.27192409077984037,0.06880098643820004,0.34459379713794536,0.5043444420744655,0.22745304562241553,0.13623939846411892,0.05171774094157732,0.34513783118880587,-0.14546911587141306,0.19114792026316726,0.05278874565411995,0.20814668898744704,0.0316551999634354,0.42169537272584473,0.2094666026241534,0.5115121940131238,0.038599041666950905,0.40652618066799784,0.14720144407533844,0.25792695921776465,0.4997753603758438,0.38658151625243
Frontal_Sup_2_R,-0.13289019454221687,-0.36139330408515075,0.32891196988820576,0.6006224239597794,0.14688445281033968,0.47738404111578137,1.0,0.5016838787914372,0.2854701893679389,0.05272362408197417,-0.046424832893703936,-0.3064231763088418,-0.36434079919942,-0.3743226061272635,0.04744667762568999,0.14636966544507213,0.35054455381643845,-0.4642604148482077,-0.024460798950194113,0.16042496978270213,0.16633477225740054,-0.258969113612443,0.37545467105893426,0.6753260971947782,-0.023213838158983615,0.3520488052738815,0.12516309363118092,0.7401235169863123,-0.05083804958596133,0.08982218641826373,0.0016520442133741964,0.2885225644022531,-0.07298168479901922,0.33211003002714534,0.3136569124895956,0.37630282255104414,0.11803898824321968,-0.027273260418664513,-0.14902789653542323,0.33403139941078164,0.8031405158976859,0.7267511026965137,-0.1466406824866468,0.6136214320908423,0.4230677880178593,0.17318760791555715,0.08480081326230679,-0.13860476541959033,0.6156000641441949,0.1318906227344857,-0.04874974296289158,0.17899817113565616,0.5949938287179924,0.6282949999372668,0.7398991276890725,-0.06738931766830225,0.4681989980329442,0.31815781328779374,0.5040561138462012,-0.34005030774760103,-0.11766364015130207,0.15336449155413598,-0.31275634702817245,-0.02238491519169974,-0.16730652488092884,-0.06871554915110108,-0.24096702620975316,0.3377188521038612,0.23912531853766852,0.04909643036144184,0.11882218242133062,0.01255106769471193,0.7266998049329046,0.5070886471962429,0.7771014490243872,0.41229748866563304,0.300620193965018,-0.31708451465709564,0.7646457100091951,-0.20228863749090645,0.09221626874922544,0.6813154637152425,0.1726961221468627,0.2543684981366922,-0.3662015014395403,0.6397294989921615,-0.20005898612239317,-0.3648716425473914,0.13373532347687508,-0.023023428798138946,-0.14261199447558354,0.946540409389561,0.19808887695638935,0.3531391268914167,-0.4867916095912948,0.19270084444001978,0.3247174745945119,-0.11345062263054129,0.6799295688170041,0.19783760678251164
Angular_R,-0.532214391856559,-0.10886067587723437,-0.2830290778667477,0.5960872532837868,-0.2876001336778017,-0.05611483904836618,0.5016838787914372,1.0,-0.19310602567321714,-0.4561673815543673,-0.5896151512958884,-0.31402212495600546,-0.08029911899025381,-0.5605697964125003,0.3148056047289968,-0.5793519811916514,-0.22027249484142108,-0.3816591059168065,-0.6354032092569188,0.3270853385738391,0.48740049047987355,-0.0545393191204734,0.11951945435397854,0.28714871492868044,-0.24545017070255845,0.8106708960048206,-0.41347203941137695,0.40526628015070854,-0.6802536598006541,0.5285440538331303,-0.4955443594732661,-0.3106103874582942,-0.33009411356062257,0.07298404577738761,-0.3399055105391537,-0.24519750848820535,-0.3620010017684278,0.4959493790677887,-0.6746132705896773,-0.2644389594915715,0.7094211970728149,0.1457139368930973,-0.5581778943630555,0.018986943460927847,0.6459770675803876,0.3300229855822321,0.7805839431106073,-0.07899521281475654,0.8669848809735546,0.48692398579409096,0.1158312043391733,0.4469629262147174,0.5298583954416045,0.2077337863546279,0.6693538308142214,-0.005610233344412539,-0.11652226668174474,-0.0419311462215013,0.05770837012379575,-0.01056736406976183,0.30500024522334307,0.752502694949767,-0.2971025003827013,0.4222236363637335,0.008844135265215733,0.4300058726154298,0.14122526286167575,0.032848899903639386,-0.1153563079611043,0.33853231537877815,0.6143810179529039,0.15265559846094506,0.8987041071255106,0.101594886102821,0.7311079059995126,-0.04876259451244787,-0.5213938135115135,-0.38967967453865376,0.7181463886516884,0.19783317302349832,-0.49138163755200787,0.11303615903986733,0.14336492845006685,-0.3935659367181098,0.03064128292117631,0.5621939585681013,0.3475325769710929,-0.28584096531254777,0.5775479718185046,-0.7008780162733208,-0.6600567609689292,0.48925678327727645,-0.12676547534595667,0.09015388302551174,-0.4245845792087536,-0.5415733481114586,0.5360824084796272,-0.6962718707793148,0.115576790477287,-0.21064311608678182
ACC_sub_L,0.05922181060897688,-0.5576364770133239,0.5444453597032373,0.10324734453360793,0.41294890587057237,0.2782703374624671,0.2854701893679389,-0.19310602567321714,1.0,0.43907172155474494,0.6029872981441269,-0.3928908441921323,-0.5955335058342218,0.05094789752148995,-0.37896473744188813,0.6808072893141455,0.7081523747972598,-0.4401304041873574,0.3951877161894395,-0.5169431037477944,-0.12474823093142844,-0.5437512299921453,-0.12493449909898292,0.10861678950642284,-0.14060672704726704,-0.2618130085577161,0.5289460600105573,0.3462450311330434,0.4191372845190923,-0.4233191105720619,0.40484532096576353,0.4058868778486978,0.36458803777207777,0.5246608602395495,0.7525094074086125,0.5855361295792106,-0.013666156223694364,-0.5870324848771059,0.5578650873720086,0.23053915298774774,0.23130365047574034,0.16255210969210132,0.20192849032024118,0.1907530084793642,-0.20275425243037637,-0.2910900191471018,-0.409212324708977,-0.24335847255662657,0.1309633178121028,-0.14849228049564353,-0.4450412452319547,-0.33894714272550275,0.27168526222184025,0.17880377859654262,-0.02220714655866482,-0.4158096232868118,0.4400497120269184,0.36931835359159965,-0.005072885348801005,-0.6449111571535728,-0.12227135645795205,-0.38000695610666047,-0.16050460449949985,-0.5211794538173308,-0.3742868399943154,-0.5695865521869776,-0.24753833553850144,-0.021365805866715083,-0.12707450603309817,-0.38284460068572523,-0.24857484192736723,-0.15340756282978668,-0.00551578533618582,0.025221243128700725,0.16461359657287294,0.5017325535411831,0.4929092611606844,-0.19426429129759187,-0.16254721536797764,-0.5664828798227945,0.4505248139798901,0.21562365210390788,0.20058743887496777,0.6506549252675863,-0.5442182326737313,0.13144963176719102,-0.5961982434688017,-0.43114076820255764,-0.23819331611440603,0.4888029374842556,0.5840217056166082,0.2657084514093496,0.3667899827038644,0.25030428661723964,-0.5136760576602396,0.6401533095562072,-0.2927856948288222,0.6150373288899652,0.40571110995687687,0.3575877835837279
OFCant_L,0.6149252602042861,-0.4741869006030175,0.7487857402973267,-0.13265541628572486,0.4402683617890221,0.1665231528274778,0.05272362408197417,-0.4561673815543673,0.43907172155474494,1.0,0.6899968765786331,-0.25059270472431455,-0.2764709274609168,0.3738393278784998,-0.6828592878374207,0.51986702587883,0.37070083226087075,-0.09990457810869313,0.769258756321161,-0.3002606415773348,-0.5357746056224774,-0.5117013435272062,-0.1441460994361894,-0.16154488378044898,-0.13209564296881113,-0.5391285002729341,0.3026900759352214,0.15219059262082255,0.5216001054408067,-0.49679545290914495,0.6954774801133029,0.6411512533087128,-0.06182946595726416,0.3464867468672392,0.7253045441350131,0.7240096880185071,0.22930965242697773,-0.5414948884919598,0.7429038879139835,0.16997207514433785,-0.06346304932870606,0.18997729412250458,0.3922907206487359,0.1645841043578876,-0.48435076813712835,-0.5179341395292454,-0.46328042775613687,-0.4654139716349459,-0.2826036585247698,0.00024639008546727603,-0.5699465125821134,-0.3811805326268239,-0.15634273638041774,-0.05229076281251076,-0.2981861579131571,-0.44499275774988617,0.5789868754155776,0.5351577854349991,0.08655017024633743,-0.43708076278475955,0.02443876751633553,-0.5839677070048763,-0.2286987744979704,-0.6362801376234727,-0.4775523390457797,-0.633064133344158,0.004548568343288595,-0.13376124128808378,-0.044405418612481824,-0.5636671193691627,-0.6426360296788295,-0.23667218074564586,-0.2448946787835866,0.16692209172743291,-0.21038415338405628,0.1844717981290041,0.5470005530366037,0.1762393704417792,-0.35305557444761254,-0.576117251881821,0.7983009528499849,0.37465844280027805,-0.3871111503776907,0.7235229464217654,-0.3483435662259774,-0.12195081256188273,-0.45565803429902185,-0.3962652466307598,-0.6402579658472887,0.6441132406328721,0.6577858957597453,0.16992204833678737,-0.021962979092592413,0.03503311439155557,-0.18222208561070652,0.6572421219630404,-0.38975830450621807,0.5259574361214296,0.2876575464538071,0.07553357287766543
OFCpost_L,0.6098446327509981,-0.19187091656200767,0.5363187320104545,-0.3044438613709151,0.5775902518888613,0.29992118668267986,-0.046424832893703936,-0.5896151512958884,0.6029872981441269,0.6899968765786331,1.0,0.011349328385786596,-0.1488537284976444,0.6066137805575232,-0.34526640740940606,0.7351361424035758,0.5024326028893075,0.09907320215971309,0.697876890459821,-0.21916926500424064,-0.27394441997518476,-0.2187357104096374,-0.09761549056532931,-0.10454586161194271,0.14671740220439589,-0.5880151562416889,0.6288294498689999,-0.03432213177900283,0.7559929293337841,-0.4480198777736742,0.5911867855066926,0.5536932622692696,0.34841845040276676,0.1644874611713539,0.7564459984843505,0.5950061012883037,0.3168802875665467,-0.5070814857504412,0.8656489060782676,0.39262868846898635,-0.2637494384913995,0.22669304606686919,0.4810960685618179,0.20087628574351654,-0.5313449676234836,-0.2620548679243564,-0.5949359491089259,-0.05307635452515791,-0.4009949255281084,-0.3472772299070858,-0.2833800595780503,-0.2689541591135973,-0.08267135531234127,0.04918595087302355,-0.4164741797713073,-0.14705595711660124,0.5391367340390877,0.6200062851225487,0.0822710237715592,-0.2463768305945178,-0.21645995940941098,-0.6108352703131205,0.10428453460073799,-0.3721180027998126,-0.10664609640994882,-0.4135985247411264,-0.17649345495662688,0.1426831410004836,0.1455555605043642,-0.2895327691847624,-0.531198779012703,-0.2107543249309492,-0.4357846339902754,0.19809176871926568,-0.36042084977915195,0.3730989916076122,0.6007477373312137,0.28643762358737,-0.4779544405901089,-0.3686121535028789,0.7266407973853546,0.23762125820309304,-0.09176526174548481,0.5955024892072446,-0.1986632200236415,-0.2908886938636889,-0.40694602560079,-0.0348620206138679,-0.5762801898369727,0.7304174302178167,0.6901394961637467,-0.0065033412351270855,0.2728368227090082,0.26549755271356024,0.0449061685582101,0.7290383740047073,-0.49210800394525767,0.6930846135452081,0.2220363158997177,0.3661771419377875
Vermis_8,0.34787060865472186,0.8066602635775149,-0.2921624061579921,-0.25904673452978216,0.1892522207951203,0.22960300661204558,-0.3064231763088418,-0.31402212495600546,-0.3928908441921323,-0.25059270472431455,0.011349328385786596,1.0,0.7839370648875535,0.57245360801228,0.3817428265317861,0.05656078868123324,-0.23016473538069676,0.8329088421416901,0.08567506008176905,0.5332303897432675,0.22972814730471214,0.7344278607117097,0.4423508082387818,0.08804834871472478,0.7146832871160571,-0.07594565370677717,0.19403680525208736,-0.4361079180942073,0.33441033505188716,0.31054935766320124,-0.23306870642279645,0.048461949806393144,0.20833405885810727,-0.6745930411692458,-0.33280921954026194,-0.21566302743121596,0.5059434578935015,0.5039270447061369,0.05033397497603537,0.42121990573034385,-0.6191168687090889,0.1330476826814778,0.48858279063550597,0.2638477894500955,0.05493631584679944,0.3804225485480239,-0.017017199317341407,0.6746144151859269,-0.4689702862505492,-0.20615823699466934,0.6804028174794283,0.3236522077969192,-0.36060980726681935,0.13086844372777834,-0.10147105786501727,0.7097674344514958,-0.14725374368279787,-0.15366681141466082,0.2178638459672616,0.7449577447047036,-0.14102952295969534,0.09789023832710993,0.5082217708735396,0.4813526561342406,0.739128931226519,0.5310329807538159,0.13274927403466333,0.38793993962699436,0.5394468136303768,0.380458956992538,0.1667568629925758,0.19613186727448229,-0.48214290328836323,0.2713254638497573,-0.43115904466130206,0.08136149253761035,0.14765304666901596,0.7271837493217894,-0.07151720181252655,0.5307115046038331,0.07689356977352917,-0.17724749714097676,0.04113133647187459,-0.4002737853944496,0.6848261854734473,-0.13743235182573488,0.43078794211803806,0.821485022173044,0.16014387873189348,0.02925745574585244,-0.2098924160268008,-0.37429726858384094,-0.12429883397043501,0.2185073319093501,0.7619194800527925,-0.07422081528301176,0.14422233283819416,-0.04389301543756902,-0.14279363377614715,0.23032420022625524
Temporal_Mid_R,0.4284614205676419,0.8576247146195307,-0.3611004902561954,-0.20385032192383098,0.14116618987761786,0.040265748460429,-0.36434079919942,-0.08029911899025381,-0.5955335058342218,-0.2764709274609168,-0.1488537284976444,0.7839370648875535,1.0,0.5903525276711873,0.41394704951350203,-0.283314201996091,-0.6497721285943195,0.9239626260226105,-0.03348556088673643,0.7940523429613688,0.3253588791368887,0.7284727445436092,0.458755092939517,-0.15285571029750666,0.6275936541231928,0.17507143714302778,-0.22480851342330918,-0.5179770701686237,0.11853854885318174,0.5713733254848389,-0.2610217107631508,0.042694036376252346,-0.18271801152156658,-0.6495159361515215,-0.5445531338237675,-0.337122254572344,0.4166989104659071,0.7085139356583972,-0.12075558671104818,0.1805430972848516,-0.614778698759191,0.0693061007170484,0.33316279898382334,0.11478115763221017,0.16903923433816775,0.3838458247072959,0.3210213224544322,0.4804804058755687,-0.3193417785744478,0.08067846588438456,0.5363957968341503,0.5128322164780884,-0.3060733353935917,0.08407952586873206,-0.12253190459069029,0.6215218565443963,-0.09209124130150366,-0.20161581895298997,0.19255803516354922,0.8724342352378667,0.15391484429661162,0.340454924959953,0.38464928124695585,0.6184016298536733,0.6905201592019072,0.7065295067319576,0.38710570616866796,0.21436677649829325,0.4507077682411453,0.5813875411635058,0.30204863962343476,0.21370791696871627,-0.33872600816108117,0.2883425901696044,-0.4459255757977277,-0.08788086644684495,-0.1765818307955943,0.7886573526618555,0.0003258211119156444,0.6660258845110315,-0.044211553835492655,-0.19916878312333447,-0.04085102107925638,-0.544000693891984,0.827734056533743,-0.15554599552993872,0.715896151058849,0.7399067701641441,0.1735351296734248,-0.13947540672543737,-0.35109935155029975,-0.39679244805322406,-0.4088872926401255,0.16035112414319458,0.8433853792332038,-0.3281285420933973,0.3317027485283055,-0.368218598500876,-0.2323717308860278,0.02011898017410925
OFCpost_R,0.7588255315286112,0.45901871494346635,0.16079550517726116,-0.4027480352389636,0.5576025262632225,0.24896984753726747,-0.3743226061272635,-0.5605697964125003,0.05094789752148995,0.3738393278784998,0.6066137805575232,0.57245360801228,0.5903525276711873,1.0,-0.047463885813262115,0.41638432068868364,-0.04038968446782299,0.7322825307475039,0.49920091410166006,0.30340079389644414,0.06994007811372005,0.35016446457595685,0.2121314548959433,-0.2550550540364843,0.5401946998288197,-0.37888870065743385,0.36783907709218816,-0.4101585298969278,0.7027233303723021,0.09311397875352863,0.23787804716045036,0.4395936952161435,0.22043236637366204,-0.4145150259777312,0.156128021937811,0.18848967266898825,0.4953376756723938,0.12090988832473347,0.6183299431525496,0.38540366651001035,-0.7212414359226809,0.13388302450701703,0.6975248716016964,0.20323521211325124,-0.3249688352238246,0.098740671819068,-0.26734763995883687,0.33678529230041954,-0.5860200399630503,-0.2080315082334036,0.17346319270063393,0.1066630259623482,-0.36302626497711427,0.03703703282919222,-0.48812175532488106,0.36733104849949766,0.3230054856128228,0.2314676508778091,0.09944882821337989,0.42405190550495725,-0.08190864977767921,-0.24297903453908837,0.40447232144800105,0.10989266547207938,0.4048089595780833,0.1490341069088258,0.14435925559678084,0.1999330465740759,0.323536475369758,0.08453305655199025,-0.17496200199554096,0.07351826727945479,-0.657518449478039,0.28123873171356306,-0.6750615440612773,0.24153114968195097,0.3039332471624439,0.7976934777288844,-0.4624086207934441,0.1946352755973601,0.5321405396991591,-0.05092187832954607,-0.07401968162055635,0.0744579003441575,0.4662828017334066,-0.32948599847420773,0.15185676346951185,0.5196900549012972,-0.23832273165813592,0.4635546211741219,0.3147677549653234,-0.38124030043559093,-0.12833892232564276,0.3267945681606863,0.6419398816955086,0.36072662799881733,-0.1711896658858844,0.34776664920643896,-0.03381247419700187,0.2797545863215769
Raphe_D,-0.30754130194230184,0.6689288371691544,-0.7071535973811619,0.2112742761664848,-0.16676361696627026,0.12618381515673827,0.04744667762568999,0.3148056047289968,-0.37896473744188813,-0.6828592878374207,-0.34526640740940606,0.3817428265317861,0.41394704951350203,-0.047463885813262115,1.0,-0.24588531813679768,-0.24438756833390873,0.2943667122823766,-0.5320339000052644,0.5205327632513249,0.6125869441767275,0.719442389408875,0.3343663496816049,0.40520019725387596,0.4266446598939128,0.4269726274721113,-0.002583069678411384,-0.12221550732487016,-0.1759333701155088,0.4415934339699925,-0.6351578682399843,-0.4052153115230142,0.22520374480924274,-0.4392740015651743,-0.5606370007546817,-0.5581517734503268,0.06004207662200882,0.5176853045191894,-0.5332993165215585,0.20474431187520384,-0.018126427498075443,0.09938951843966631,-0.25304510459382773,0.09560331504812661,0.41558082559075626,0.6681544364625966,0.3224992418412863,0.6896322266349771,0.15639674085147967,-0.13110893412335983,0.707076361500881,0.5230910199504268,0.24507181677567239,0.2455042434551995,0.2965410912757645,0.6434042954012792,-0.28226137750880703,-0.27147469342261743,0.12195144135281993,0.5785138095745267,-0.12269360358448253,0.4441609169900507,0.5016517978493501,0.7753582330997674,0.7064647376577179,0.7425184576601429,-0.05760411209519153,0.49701721003613053,0.39620880083183513,0.779575372574788,0.5318796322408567,0.15532597929354908,0.13029903753705993,0.12120491998026131,0.14672065805474382,0.027725773452276222,-0.3048417604853743,0.026055743746823647,0.33771988316099233,0.6477064096764915,-0.43172938855596443,-0.17973365013780587,0.47373888707774314,-0.613614046485307,0.4284822004883908,0.13845343740469068,0.4971572970936311,0.5953818321224085,0.45152530807680363,-0.438316938108149,-0.49772360596237514,-0.0580995335941212,0.23652397608127426,0.11246019026257817,0.41770482479770815,-0.408865421732029,0.31614024679159325,-0.35769005474900806,-0.0795943284131705,0.12965808580360633
Caudate_L,0.35562278969892114,-0.16282275552321307,0.5006330606568263,-0.0968897440119994,0.5031210891563817,0.47582242333758623,0.14636966544507213,-0.5793519811916514,0.6808072893141455,0.51986702587883,0.7351361424035758,0.05656078868123324,-0.283314201996091,0.41638432068868364,-0.24588531813679768,1.0,0.6982137589351383,-0.01925544411098426,0.6140736648945221,-0.360994296915706,-0.11266382292132006,-0.15854469386638778,0.11465037809847038,0.21699527570770574,0.26795505956293225,-0.5039551269339482,0.8013615446317862,0.15858472765418294,0.8069362246464724,-0.44684309939140276,0.43938461660574774,0.4918292269757494,0.6062201603889282,0.14321705566388768,0.6921884200974523,0.5624993799295274,0.36718251161932247,-0.5221146125549758,0.738945791335248,0.5523950253155678,-0.16824114769681714,0.3135978608052952,0.49576857039162237,0.4311098574690812,-0.30803639718783976,-0.10555097516539541,-0.7019423524478611,0.13448825165162806,-0.3005890592443146,-0.4632699484175742,-0.09170260919842523,-0.36931918886675696,-0.08614488697190018,0.2586131420004837,-0.16640305554164347,-0.0033235371025931116,0.5061633815071837,0.30628211744103034,0.16249293171609058,-0.2867350092484984,-0.4146312971340333,-0.5618056816920055,0.22358265853603088,-0.3713619652388657,-0.03847850746338794,-0.43029037928037844,-0.3727252848669244,0.23214076098231665,0.18892805581492406,-0.3396373384786076,-0.33896094065769966,-0.12546932312825676,-0.41191137964617724,0.18488039513539092,-0.1440073390760337,0.6081740652355464,0.7338115769308293,0.16433839582219237,-0.30897097698356196,-0.3454771045684358,0.6133615638383536,0.18887520217868473,0.15270737479283306,0.5828048923452488,-0.28054393719162124,-0.04335935479311176,-0.52144234653681,0.02060367417029266,-0.3318078812951256,0.72713236266031,0.6579656201440139,0.06924654673620134,0.4674882939173967,0.3714821224298529,-0.04553389726379554,0.823862942480681,-0.3482720165353005,0.8383586461623922,0.41754429172067525,0.5987399450894324
Temporal_Inf_L,-0.09136384131640336,-0.48347938299015425,0.41154839317541675,0.10982055288571464,0.30318277523407755,0.37478861789517515,0.35054455381643845,-0.22027249484142108,0.7081523747972598,0.37070083226087075,0.5024326028893075,-0.23016473538069676,-0.6497721285943195,-0.04038968446782299,-0.24438756833390873,0.6982137589351383,1.0,-0.4639954027877168,0.2819792252866153,-0.5638093579034915,-0.11934840691476842,-0.3934026347158048,-0.2767980761524781,0.37998004681585057,-0.03213036580704791,-0.42034109682683585,0.7768550421846115,0.35120423398990486,0.38577120134174236,-0.4558823018136067,0.3212459315830211,0.2181958202018762,0.6358705726700146,0.34580567080252794,0.6996349194461574,0.49228670739181574,-0.030121283447408033,-0.6166513979924179,0.4840800030240087,0.3563812035371281,0.30286971587281325,0.14834240787147648,0.19836291482461751,0.1884629045738128,-0.3275380989366713,-0.15359973593781243,-0.5189998392435787,0.020819126096172518,0.06056643980143242,-0.3217575863743242,-0.1270519017384715,-0.42451598580013966,0.2003860699913513,0.09739102509309505,-0.03303352572807302,-0.22788401472453015,0.29250694792352555,0.24406564018289864,-0.005609897240633508,-0.657201736820187,-0.309996042895674,-0.5066895430829803,0.012145094604915554,-0.48085437441866724,-0.24806288518303174,-0.5639837848451252,-0.3934685055632055,0.16971374721775354,-0.06349952105826709,-0.44460583919580926,-0.3749587843273798,-0.046238745473818475,0.014258652114582236,-0.007722792724570432,0.21270347525474806,0.3581028355899781,0.616085594134171,-0.3027261364808069,-0.16223459099589213,-0.5335926290514234,0.35038785243265935,0.22103391625929716,0.2464595781893254,0.5673167991201061,-0.5632528297521529,0.16743972560984408,-0.7121036811743545,-0.25776056096244326,-0.15438795088616902,0.49373837389646746,0.5709561111383801,0.3172953652017196,0.5484381029297386,0.2264975306089239,-0.47015466287769797,0.641589600086133,-0.5123430753280628,0.7057797577390864,0.37244713275597274,0.26372074128468465
Temporal_Inf_R,0.6014678672999714,0.8093283267522027,-0.19361269579854187,-0.34928993329398117,0.20548237050368803,0.06700528553849171,-0.4642604148482077,-0.3816591059168065,-0.4401304041873574,-0.09990457810869313,0.09907320215971309,0.8329088421416901,0.9239626260226105,0.7322825307475039,0.2943667122823766,-0.01925544411098426,-0.4639954027877168,1.0,0.2227709090431313,0.607517312571902,0.1462566496648289,0.6611965733078955,0.39247941206397907,-0.19360088528772096,0.6727842555203674,-0.08781568160705187,0.0012155681114965466,-0.6302977382241491,0.36882298305703154,0.3274457907575396,-0.03953375072006881,0.16905954347509966,-0.04357286460224865,-0.6311784631865162,-0.31419239487304457,-0.14768431724673578,0.5213205621207451,0.4856032840273206,0.1647913027409224,0.2767266154393248,-0.7823067897206107,0.039861752698965726,0.4922106055268303,0.11468395036539965,-0.055815987251481014,0.29331899617725665,0.0429873893819755,0.4805992579511523,-0.5431146303146156,-0.080764051605882,0.4646986389210261,0.3093259848236519,-0.4434951906382335,0.03141835548860433,-0.3174992037331513,0.5748837937675293,-0.00928616502892116,-0.13077429624749717,0.18393034576138048,0.7959886291931793,0.04726505333321329,0.06802327785930248,0.46372799444852986,0.4413683094319653,0.6337133860389574,0.5124857734792253,0.3124273235271783,0.20041740959213794,0.46173266679658426,0.4274653604743769,0.07898350326649496,0.17082655549512685,-0.6023533921802444,0.25211426179370794,-0.6300693424601075,-0.015993318099789277,0.05395123896749657,0.8883862876061918,-0.21583155015438557,0.5343285329102655,0.17435970014081617,-0.23095591520092745,-0.08430900628664922,-0.35451315273653755,0.7489542899883932,-0.30323377203614443,0.5604228042135494,0.769132693074651,-0.06586514332592101,0.15542214413811073,-0.09536763393256227,-0.5029795170664767,-0.272470296152895,0.15790277848057332,0.8847933647560811,-0.08920313000410961,0.11986341087073205,-0.08590774495312334,-0.23128927015848258,0.15132421729763676
N_Acc_R,0.7638298359392748,-0.21783863913834148,0.7410353069906607,-0.17234574145577364,0.5108450784488389,0.2627682574327782,-0.024460798950194113,-0.6354032092569188,0.3951877161894395,0.769258756321161,0.697876890459821,0.08567506008176905,-0.03348556088673643,0.49920091410166006,-0.5320339000052644,0.6140736648945221,0.2819792252866153,0.2227709090431313,1.0,-0.14062061067697526,-0.5632309371051051,-0.30553470924906845,0.09373265901451026,-0.07124222855432516,0.1579280377002492,-0.5246481862187136,0.3625600731842616,-0.03856462397867435,0.7124116477953794,-0.5071749390586009,0.7468489999210869,0.7883632631299703,-0.057315723711401596,0.20805765205584167,0.7062036150521127,0.7656795024517548,0.511791891009497,-0.39800477485109387,0.8211328343201236,0.3811448291220729,-0.29644787705723397,0.2807651084517916,0.543675448206912,0.3041976976264376,-0.41616091679338907,-0.3901466138579536,-0.4829862831467302,-0.2913678083172911,-0.4456180546239477,-0.08102541036688812,-0.40078881848572345,-0.29213307513549874,-0.2567780059283389,0.06767726250925715,-0.2763691420642195,-0.24688480196540552,0.5032416684735438,0.42014032343297786,0.3129222650804123,-0.17359319415957103,-0.005022651203007798,-0.5476452762379578,-0.10668622484447073,-0.48359370494933607,-0.2623861181310615,-0.4819653672586828,0.07241879917717506,0.015151008726799366,0.23582830562754709,-0.3931884867906572,-0.5826150471516353,-0.2909796122514696,-0.4664642574373974,0.2893678203228539,-0.33159442521668825,0.21841109503061826,0.7113785985259897,0.46822612887547393,-0.320489670037412,-0.41845075285999594,0.791032685418972,0.308249539582346,-0.3977025225697512,0.6033227110338829,-0.10053958082080892,-0.15104997889857014,-0.29138367259140935,-0.13596466327158818,-0.7487302276152483,0.7547858744944785,0.5790061288801788,0.04884537843481872,0.05951538684212809,0.11431885503693144,0.06734150183754639,0.677690208856591,-0.28200137069360265,0.5710582779778924,0.2960020154022554,0.2943520950584309
