,Frontal_Sup_2_R,Thal_PuI_L,Thal_MDm_R,Cerebellum_4_5_R,Frontal_Mid_2_L,Postcentral_L,Frontal_Inf_Tri_L,N_Acc_L,Vermis_3,Thal_PuM_R,Precuneus_L,Precentral_L,Olfactory_R,Thal_MGN_R,SN_pc_L,Angular_L,Cerebellum_4_5_L,ACC_pre_R,Frontal_Inf_Oper_L,OFCmed_L,Occipital_Inf_R,LC_R,Calcarine_R,Thal_LGN_L,Pallidum_R,ParaHippocampal_L,Cuneus_R,Cerebellum_3_R,Frontal_Inf_Orb_2_L,Thal_VA_R,Rectus_R,Red_N_L,Vermis_9,Caudate_R,SN_pr_L,Thal_PuL_R,Supp_Motor_Area_L,Cerebellum_Crus2_R,Temporal_Mid_R,Temporal_Pole_Mid_L,Frontal_Inf_Orb_2_R,Frontal_Sup_2_L,Cerebellum_8_R,OFCpost_L,Insula_R,Rolandic_Oper_L,OFCpost_R,Temporal_Pole_Sup_R,Hippocampus_R,Frontal_Med_Orb_R,Thal_MGN_L,LC_L,Temporal_Inf_R,Calcarine_L,Thal_PuA_L
Frontal_Sup_2_R,1.0,-0.2351363255146353,0.42881912243004194,-0.11091702283373535,0.7340040239194886,-0.05377022549300909,0.2682627587892827,0.10584236152339246,-0.44466406204725323,0.22637144609211066,-0.22060618843289265,0.5455555379030367,0.6486230628592554,-0.242522625845273,-0.6254197187837339,-0.6038428608927213,0.19781218424558708,0.8421042559410616,0.4121108156364805,0.19752235880982677,-0.3677519601254085,0.560492108496092,-0.4189843573630705,0.22673514657832075,0.447482050661886,0.5120522351603386,-0.4448335738921865,0.5675649143780658,-0.08356670660809488,0.630549692840704,0.24885816342530928,0.1283737900656096,-0.5097956780471405,0.7324115263852305,0.36644166531479966,0.33621265528541894,0.42922998053697603,-0.11977413859666328,-0.30830060031330814,-0.4602298755624566,0.36154114646240304,0.6387166808204569,-0.14294184790157688,0.06057299390556203,0.144403046679313,0.5427898054382911,0.43924522380245873,-0.38984772385208705,0.634438304343211,0.07146663088506885,0.21300337514105852,0.17052513747081205,0.008448053134809836,-0.5490638711734898,0.30835962528516586
Thal_PuI_L,-0.2351363255146353,1.0,0.31979258580781983,0.2987063445143361,0.039497066512171754,0.49629000702556647,0.4864822921992206,0.060278601165342914,0.6181334772304885,0.5649732824082769,0.5741437610042772,0.21443948354461695,-0.32093019497811254,0.3828777877814773,0.41237628157783063,0.518736592978921,0.32347772275467074,-0.32185662741604903,0.27080927064611815,-0.008468593045343292,0.24930596444570377,-0.17733285949114827,0.35887083597617875,0.5226296987644693,0.015786661842156925,-0.06275582382326883,0.47735203335812426,-0.2465824131201924,0.48331158338141417,-0.022477591728524107,-0.03199063792323165,0.06388907031230517,0.4194411211202725,-0.021806824423259496,-0.0640004137530831,0.3184448454348054,0.16988669938906983,0.4359786336136565,0.3196920782433246,0.34095872944482475,0.006938235496517307,0.04374480068840907,0.20853401200750232,0.18549189373041727,0.1738638530108864,0.16836591695693467,-0.35183820498188495,0.14909851073001018,-0.17425311644722227,0.12659528901843115,0.4116172017448407,0.018855400645459697,0.10185725676179697,0.6067372823834041,0.44188724402286983
Thal_MDm_R,0.42881912243004194,0.31979258580781983,1.0,-0.09540006860469415,0.7048151361896192,0.2726917730504024,0.7359908713478055,0.02272922386953364,-0.08341461802192718,0.3933573624972063,0.08603707198714194,0.4455992147567355,0.38115908755491684,-0.009652975774058067,-0.3417392481987582,-0.20557451610511088,0.2963660227949283,0.47260957438101964,0.6774032199586725,0.28907325343480994,-0.34404319919752735,0.4928549725322472,-0.36273282586738304,0.4312909814345815,0.616884558437302,0.5258849901163094,-0.24653035553137315,0.42318354948229,0.24396846161105112,0.7260449365343028,0.2705042049907334,-0.05669179908422214,-0.36182790773570295,0.6129869984734755,0.22790750569648077,0.4207591704175833,0.2964304361144299,-0.13526707652611525,-0.3723352558877059,-0.4312303711797855,0.08534899926838621,0.5439565182795362,-0.27547080573749616,0.2913658350316377,-0.05667927070202251,0.6517705637707918,0.38903312848864013,-0.5427994478441296,0.4503074523219422,0.1734339552573422,0.41213251607561496,0.40040732177920607,-0.31831962056828766,-0.09799102631152146,0.5058215451847168
Cerebellum_4_5_R,-0.11091702283373535,0.2987063445143361,-0.09540006860469415,1.0,-0.3052663808179969,-0.007369286183729094,-0.1759852756273593,0.08566246181079692,0.6898066371101229,0.47379834306419805,0.16874311615776505,-0.0612742596599837,-0.019387520185130253,0.1546509762978784,0.33908822586190907,0.2939477064417826,0.749839582828981,-0.2318286653316409,-0.1728654910071342,-0.09632121199713174,0.5275575795236842,-0.4149715249824564,0.7135352934852506,0.31733425549994543,-0.03403651795079624,-0.14211009459169144,0.5072840528290377,-0.030532481312112975,-0.019124308155441742,-0.21690556877749165,-0.10663336180871581,0.560668526192879,0.5119220370490665,-0.08489122959769882,0.027212185306129486,0.17374359918096846,-0.14944241693871702,0.19583441873732396,0.6998702032405505,0.3948629672837992,0.3583247098580344,-0.4491112652443939,0.5364096193118707,0.06868195879623606,0.6502222166769263,-0.25349767606918355,-0.02720122125251359,0.6322253996848316,-0.028402780117052186,-0.18887334431880312,0.13016890080098092,-0.1563578790407204,0.7043422568761987,0.45208930757384935,-0.024850587450095413
Frontal_Mid_2_L,0.7340040239194886,0.039497066512171754,0.7048151361896192,-0.3052663808179969,1.0,0.18468404948422246,0.6991650843184021,0.2028355385960048,-0.3998312634050207,0.22095208285425283,-0.09220884763560797,0.6955153978033045,0.686656233325525,-0.13389978862872084,-0.6052729856673893,-0.47946312080434766,0.232422896993614,0.8097285442147751,0.7892215610173875,0.50124899626952,-0.636584530610727,0.6570168870936197,-0.5893052661461443,0.39224471526216254,0.4819921289972396,0.8006710268278596,-0.5596345471825255,0.6927603938763381,0.3297411805662708,0.7447705727826938,0.5844770089578637,-0.028776196151991163,-0.6380896448911506,0.7497757684270483,0.5172170406788597,0.3298110199914847,0.5364498232860656,-0.2548292730741239,-0.6378355794606763,-0.6019206584026247,0.13733398138479444,0.8397308371857983,-0.45523419483066574,0.3930744486092328,-0.12331929714645286,0.8758477102516109,0.5814226612604063,-0.7743647248986948,0.6480728135823934,0.447202167528733,0.35575494077750397,0.47585292379738836,-0.3317346954128441,-0.5495833047208034,0.6149612075364437
Postcentral_L,-0.05377022549300909,0.49629000702556647,0.2726917730504024,-0.007369286183729094,0.18468404948422246,1.0,0.5336247623732371,0.3439604876807577,0.2829511159011774,0.15722419106580043,0.7917226644083716,0.5641165304633571,-0.2509394015750016,0.06502702770393434,0.2922931997528305,0.5639272720767001,0.04973147176983655,-0.25296980103136746,0.3419584265494086,0.23715154283679,-0.0053931932392742845,-0.2067776400401065,0.19403285876068574,0.2987674259439031,-0.3035505651404828,-0.020240960106321072,0.44671661691267595,-0.274578366782774,0.44795816443510594,-0.06732948375020907,0.20878890277162826,-0.04561883408756615,0.27230553630790394,-0.21992205470721662,-0.03315483891956306,-0.1792945763544264,0.6645456859899523,0.19690522281543124,-0.055326700087954636,0.1355439308012177,-0.4316092266747579,0.38212091490977496,-0.11503564802585914,0.0808100936247174,-0.3078636826592685,0.08306686347217872,-0.20571501848852375,-0.12600990780444862,-0.3649546444921905,0.4071945967628654,-0.0161179660159489,0.06580453795123756,-0.1515977122978024,0.34728183499799503,0.1524725215122847
Frontal_Inf_Tri_L,0.2682627587892827,0.4864822921992206,0.7359908713478055,-0.1759852756273593,0.6991650843184021,0.5336247623732371,1.0,0.22844162650769737,0.02939506772488843,0.33491300999786844,0.3815246986288659,0.6039038945044543,0.2232299674326444,0.012128553969253027,-0.127462836712443,0.16401198731700214,0.18392633990738189,0.29397342144293226,0.8853286731761074,0.3829771512030424,-0.34258294767514536,0.22057777804290926,-0.21443902743612045,0.5255904254470198,0.2861759542470667,0.4686074953994331,-0.07317557004619435,0.23235901855609922,0.6393887646975495,0.4479572889661044,0.3715021014228484,-0.04319616917176215,-0.23414205753044334,0.35402258746468956,0.2041149091177691,0.30162276597464455,0.530714722952862,-0.0313588080421326,-0.366060597337574,-0.2965940223094742,-0.14053404730725919,0.6606026594807716,-0.375863320176343,0.4236168524845976,-0.11013601979593723,0.7107348672818402,0.29421599314596414,-0.5161326917239303,0.19333356025543813,0.42207639160908117,0.3190999848594933,0.3523488444146027,-0.30570060366510327,0.04330031139412377,0.5960158620484296
N_Acc_L,0.10584236152339246,0.060278601165342914,0.02272922386953364,0.08566246181079692,0.2028355385960048,0.3439604876807577,0.22844162650769737,1.0,0.23718662680084032,0.13068413143585517,0.26123081382433244,0.4536589390087174,0.12752554774200275,0.18306703029069465,0.22781123010669024,0.12090967459339055,0.29842495839026084,0.10530889887765552,0.26122413293446056,0.4300862612500534,-0.29554597907820485,-0.0845825290257117,0.24351666678713596,0.34482013011287393,-0.5050573619139431,0.2737616790774235,0.1373244494062463,0.16620883105614717,0.3918158213260572,-0.09664547145194465,0.5136513911837134,0.37441810931755426,0.05738711101501161,-0.009331756198650027,0.6084299893051826,-0.1476262119900889,0.38831885155832185,-0.06270745059636365,-0.24056064526133214,-0.08635709995478474,-0.2752169244981427,0.3793809816749028,-0.17961325889298488,0.08061061304943754,-0.14454161767987925,0.19073259562720557,0.15098934484539467,-0.2167518171448086,-0.011812366659908995,0.6743915266051813,0.14992566081911937,0.1366090817255509,0.03837403301410761,-0.13465144891001846,0.09015077730273457
Vermis_3,-0.44466406204725323,0.6181334772304885,-0.08341461802192718,0.6898066371101229,-0.3998312634050207,0.2829511159011774,0.02939506772488843,0.23718662680084032,1.0,0.4638700150537521,0.5872768558033351,0.0006981119001451448,-0.42545395915956946,0.6045479665288163,0.6908063865409528,0.6658955035818588,0.49197366174141133,-0.5310384199106742,-0.05440959027345225,-0.06290967806470271,0.4741134892381471,-0.5236439919897431,0.7534499987636868,0.3695595459172955,-0.2798018610873041,-0.25946979469251163,0.7619033382539091,-0.3737137355043115,0.40735996886945813,-0.4388012138394043,-0.13070549364393783,0.24938362706584008,0.7794193630747999,-0.35339037281917457,0.01028466231286154,0.23810425256218126,-0.05492787635025498,0.44756142853661657,0.6062322048395433,0.6197194350427084,0.004742948486072676,-0.3547919447510888,0.4135989820233493,0.10658995970639218,0.30568186508834955,-0.1790875924990703,-0.39563408748815576,0.520065568695371,-0.3770921688523606,-0.008208859201950821,0.19274639847739758,-0.1818397639162251,0.3493149260900258,0.7738690535458322,0.114977178698997
Thal_PuM_R,0.22637144609211066,0.5649732824082769,0.3933573624972063,0.47379834306419805,0.22095208285425283,0.15722419106580043,0.33491300999786844,0.13068413143585517,0.4638700150537521,1.0,0.26267457932912114,0.25630771606438757,0.06264891540411023,0.2801194900486404,0.01887792873352342,0.08772825009207785,0.5590340646392652,0.12163141248261819,0.35153642919639044,-0.10691854458676758,0.21799348385607542,0.13037881544115712,0.3332646185174869,0.6123916520791874,0.34362662511040704,0.1948116318921711,0.3069814318644028,0.0772739321692417,0.2711427872344663,0.3628940269136307,0.001985044945998166,0.34367948611775295,0.27128424976896287,0.43987756034711434,0.18122042411466788,0.5530296742342865,0.0909481748100189,0.42260002248788037,0.37873425657083315,0.1727274568523747,0.38805864502384757,0.02927718160254943,0.40592168753168734,0.12755318692479323,0.4432383742693808,0.3188763421352998,-0.05270858121802029,0.14165284197083267,0.25164225084793884,-0.13492783144969298,0.5129451355891625,0.04658196711217529,0.26965196206108377,0.26223823254926976,0.5682720440957458
Precuneus_L,-0.22060618843289265,0.5741437610042772,0.08603707198714194,0.16874311615776505,-0.09220884763560797,0.7917226644083716,0.3815246986288659,0.26123081382433244,0.5872768558033351,0.26267457932912114,1.0,0.3782981688424563,-0.4909365166299938,0.3554649098246654,0.5560451807457808,0.7910309500811878,0.07517414306396411,-0.43521551168567685,0.24534373258582215,0.044895823632351894,0.15826777905035147,-0.4132195974852879,0.4472561622607068,0.34911683937992694,-0.34124887886465033,-0.2382703490899527,0.7533012406712817,-0.5113957474192167,0.6034801338085641,-0.30289947865082306,-0.03522964080364405,-0.07942078469916924,0.6019421508050363,-0.37814285378208395,-0.12109116338818231,0.02688849576002679,0.43611528335347965,0.3833193704812148,0.21435717159257592,0.42206175130088186,-0.41796912987067475,0.1547658592530136,0.03928304630402115,0.08389476931838241,-0.17976590217084745,-0.03865461706368394,-0.39931118729796944,0.15690508765745356,-0.571391672870941,0.16115282398031783,0.02803311959905436,-0.19791824397784702,-0.09252337809218751,0.6782462474735412,0.14033764966688253
Precentral_L,0.5455555379030367,0.21443948354461695,0.4455992147567355,-0.0612742596599837,0.6955153978033045,0.5641165304633571,0.6039038945044543,0.4536589390087174,0.0006981119001451448,0.25630771606438757,0.3782981688424563,1.0,0.36733319610699694,0.06798191670633041,-0.2298244087602067,-0.046539276818501306,0.33450462240596857,0.44076206963837933,0.6988103210557267,0.5180186452674411,-0.4069099331371274,0.2137684601274526,-0.17819723421693967,0.4210143354665765,0.006858660553506152,0.5804535159253551,-0.06087669112054298,0.32891887640904327,0.49744782007242544,0.34618714532260947,0.5560660916305588,0.029797406505888205,-0.13783369273022603,0.3839609701169333,0.5117230264328856,0.2766374174167069,0.8743263296488138,0.01857115641129011,-0.37954511655166834,-0.2275618751878651,-0.14028006214933877,0.787490242397642,-0.25717764982598124,0.30321209932906285,-0.22361845972005862,0.6430188866975993,0.24961520420400446,-0.48747435099764846,0.22012328159162106,0.5810937913012948,0.2137212758024472,0.2854743873708064,-0.13102044928609036,-0.21273682574313557,0.5389347621212027
Olfactory_R,0.6486230628592554,-0.32093019497811254,0.38115908755491684,-0.019387520185130253,0.686656233325525,-0.2509394015750016,0.2232299674326444,0.12752554774200275,-0.42545395915956946,0.06264891540411023,-0.4909365166299938,0.36733319610699694,1.0,-0.22321496375856772,-0.7301959901398081,-0.6797626265951784,0.3742517452929282,0.8036304932812741,0.41361801316156216,0.5146944234894738,-0.4183975170631906,0.5286933387933056,-0.4625260072269524,0.11639644260375334,0.48605523066433076,0.8083340034972022,-0.6414332194261542,0.8260090370230924,-0.013447411261628002,0.5729931580465859,0.6009281719377827,0.18678460764860047,-0.6175000622790187,0.7044576871668451,0.5626338139111737,0.2891075821050816,0.1368041427909237,-0.3843056115209905,-0.37057010078579605,-0.5751933496217699,0.5080911366009907,0.4038532148897005,-0.2186764158298576,0.3578745418143316,0.2413177973030695,0.6098653547005092,0.7421336611469594,-0.47114519986108905,0.8585557412792265,0.29515905445893237,0.15285346186682894,0.5054862713355603,0.10836804507688422,-0.698350855733167,0.40378943038392573
Thal_MGN_R,-0.242522625845273,0.3828777877814773,-0.009652975774058067,0.1546509762978784,-0.13389978862872084,0.06502702770393434,0.012128553969253027,0.18306703029069465,0.6045479665288163,0.2801194900486404,0.3554649098246654,0.06798191670633041,-0.22321496375856772,1.0,0.3082723333903272,0.2758417533642212,0.20537279932250907,-0.21381473005805818,0.00446812474519115,0.1755839691651605,0.061074498571642204,-0.11261294747865302,0.24406583979824087,0.13960520429538248,-0.12510804487953994,0.04243703868513183,0.3074786629751073,-0.12482723281427277,0.42940634296027314,-0.21834515513679265,0.13373383480233175,-0.16252760141984307,0.4095835337930184,-0.09307851872982811,0.3274606642348924,0.4460061633284977,-0.07292563370747296,0.37239562492625455,0.20314989583105297,0.35537069664796456,0.02032704229061584,-0.06883329406368714,0.1276760110028782,0.11491846016411171,0.06855681310699319,0.13770078713555434,-0.34640471011285145,0.06279489914728109,-0.10977624958184005,0.1689458611530265,0.35676485124026924,0.0092416241235652,-0.011849733667587492,0.3877056207781841,0.3058252654440612
SN_pc_L,-0.6254197187837339,0.41237628157783063,-0.3417392481987582,0.33908822586190907,-0.6052729856673893,0.2922931997528305,-0.127462836712443,0.22781123010669024,0.6908063865409528,0.01887792873352342,0.5560451807457808,-0.2298244087602067,-0.7301959901398081,0.3082723333903272,1.0,0.7589569265624269,0.057949448387483456,-0.7202753709398092,-0.29742706749955006,-0.29190857846027735,0.39758282511481235,-0.6751067393961877,0.6816731531669099,0.16278675360383726,-0.5762534877307467,-0.6059719633929813,0.7291275882151451,-0.6097219309954655,0.24304778928145626,-0.662888077598439,-0.3457046116362112,0.14902649505031887,0.6702494799254232,-0.6666190186024034,-0.2065552996887046,-0.2582301025697255,-0.12924517212155293,0.27997468231265216,0.3991388864774151,0.5672291096840529,-0.4090011865465063,-0.35504083113028895,0.15275531321598168,-0.10906857574378581,-0.017511879608337035,-0.526377251370637,-0.5129204735443086,0.5249270403009755,-0.7516725103683134,-0.013680349776441041,0.002365879016625917,-0.4079166264794545,0.12686330368602095,0.7196260719161396,-0.30367951457824516
Angular_L,-0.6038428608927213,0.518736592978921,-0.20557451610511088,0.2939477064417826,-0.47946312080434766,0.5639272720767001,0.16401198731700214,0.12090967459339055,0.6658955035818588,0.08772825009207785,0.7910309500811878,-0.046539276818501306,-0.6797626265951784,0.2758417533642212,0.7589569265624269,1.0,-0.030944288725214875,-0.7424834201930334,-0.04151585990818725,-0.1453933865269849,0.43070107409371955,-0.7475777072839666,0.687650154556801,0.11552909748563156,-0.46709395602664605,-0.5336641985034987,0.8408728705934304,-0.6890854760026488,0.4438919573976668,-0.6162072473260195,-0.2550593468417489,-0.022607084834974728,0.6940549640796203,-0.6710940104329698,-0.35839864959462403,-0.15455550965823747,0.11382690327694939,0.33968572855522366,0.44994159878669315,0.5615293224028676,-0.3818242577346276,-0.26363015849918353,0.12154558804433659,0.0862487323510911,0.0015352275949992705,-0.36858405542754125,-0.4547690519057519,0.4753191613639156,-0.7517226730081795,-0.0016495897601396746,-0.13527140495182932,-0.3134937329581101,0.08964484346916085,0.8556960647070295,-0.15586423887386083
Cerebellum_4_5_L,0.19781218424558708,0.32347772275467074,0.2963660227949283,0.749839582828981,0.232422896993614,0.04973147176983655,0.18392633990738189,0.29842495839026084,0.49197366174141133,0.5590340646392652,0.07517414306396411,0.33450462240596857,0.3742517452929282,0.20537279932250907,0.057949448387483456,-0.030944288725214875,1.0,0.22535580849075967,0.29444695223524003,0.23291473082925288,0.07538910747733386,0.0018379620863862966,0.310509529913236,0.5859489026885345,0.21513158393062534,0.43304912604494256,0.12087352469250581,0.4799052334827786,0.2146128051671656,0.20512308988113573,0.32424400796108716,0.5626351036115473,0.1252529775402988,0.3384541832647258,0.5142895968455973,0.35632323859685305,0.06519778133604037,0.0066907832569641865,0.20984351183667085,0.002078777745267715,0.33273510988976723,0.02687077054884862,0.21731012158592625,0.2951590520716694,0.4620413922727096,0.2730339832636118,0.3486498786401329,0.09082912168320953,0.3536526318431851,0.1702129975623756,0.4910403342500964,0.2047729060107589,0.4513685541690309,0.06895150689041317,0.36363951388452304
ACC_pre_R,0.8421042559410616,-0.32185662741604903,0.47260957438101964,-0.2318286653316409,0.8097285442147751,-0.25296980103136746,0.29397342144293226,0.10530889887765552,-0.5310384199106742,0.12163141248261819,-0.43521551168567685,0.44076206963837933,0.8036304932812741,-0.21381473005805818,-0.7202753709398092,-0.7424834201930334,0.22535580849075967,1.0,0.5150750859019687,0.3697261822437128,-0.5587054443737394,0.6766185353153388,-0.5688062177720387,0.1777572534849961,0.5185044220716839,0.7213906734161256,-0.6673236457425548,0.7781258818619083,-0.003792479049683529,0.6870992626408365,0.45310900478582866,0.09552105300320611,-0.689507860412932,0.8441214058683515,0.5450812543925787,0.3376182344879178,0.22273443184492628,-0.34066056510937726,-0.5444433746696041,-0.6152909727687778,0.3641736695403705,0.6447683073080882,-0.32810272473583374,0.21817310065492385,0.07736207923757825,0.704509578702801,0.6467657848028804,-0.5959989522968561,0.774732172246715,0.21487650256129062,0.3013918686264968,0.38355549614515255,-0.15435823858779438,-0.7060189892656945,0.39185810961365114
Frontal_Inf_Oper_L,0.4121108156364805,0.27080927064611815,0.6774032199586725,-0.1728654910071342,0.7892215610173875,0.3419584265494086,0.8853286731761074,0.26122413293446056,-0.05440959027345225,0.35153642919639044,0.24534373258582215,0.6988103210557267,0.41361801316156216,0.00446812474519115,-0.29742706749955006,-0.04151585990818725,0.29444695223524003,0.5150750859019687,1.0,0.4091497653309325,-0.47270617221948746,0.3317845483816937,-0.3130520795859671,0.5242127490714709,0.3650122061937787,0.6742190253696619,-0.1918788755783834,0.4231222093376044,0.6510742715260445,0.5421246228442234,0.4763149784831412,0.024177429567622134,-0.30107264691468194,0.5098783470641011,0.39824730871525044,0.38831373695519444,0.5293424514983905,-0.12179589229694078,-0.4816894361034195,-0.38537898003979254,-0.09321673811074968,0.6989330775104041,-0.38701484246407736,0.4679662130259473,-0.15342747435812026,0.8377090928956845,0.4769571620690106,-0.6168155055596423,0.323783084775868,0.38932212502899244,0.35513712164434835,0.40627286995186446,-0.3442773330166548,-0.170060705996272,0.6825156525142311
OFCmed_L,0.19752235880982677,-0.008468593045343292,0.28907325343480994,-0.09632121199713174,0.50124899626952,0.23715154283679,0.3829771512030424,0.4300862612500534,-0.06290967806470271,-0.10691854458676758,0.044895823632351894,0.5180186452674411,0.5146944234894738,0.1755839691651605,-0.29190857846027735,-0.1453933865269849,0.23291473082925288,0.3697261822437128,0.4091497653309325,1.0,-0.5142961967834598,0.15060692819938779,-0.19032384744096487,0.10641222916047303,-0.057342345903419384,0.6422492274613372,-0.2797069422368149,0.43037996345006146,0.3944235017795593,0.1100613877984855,0.881316892797007,-0.0844789461228768,-0.31046596096333245,0.2501545397124447,0.5810387214416579,0.08186614093708446,0.4163599840544964,-0.34244940939754315,-0.42581956753560196,-0.36400284430307833,-0.03646491631232061,0.5093042321442115,-0.5004158827232331,0.37960293514236126,-0.12411794825870034,0.533382533028294,0.45330140084686554,-0.5664702021831646,0.39592881159662496,0.7760124831458801,-0.009202329802913403,0.5272405270219275,-0.08239229623868102,-0.3188395817299669,0.3319670696737046
Occipital_Inf_R,-0.3677519601254085,0.24930596444570377,-0.34404319919752735,0.5275575795236842,-0.636584530610727,-0.0053931932392742845,-0.34258294767514536,-0.29554597907820485,0.4741134892381471,0.21799348385607542,0.15826777905035147,-0.4069099331371274,-0.4183975170631906,0.061074498571642204,0.39758282511481235,0.43070107409371955,0.07538910747733386,-0.5587054443737394,-0.47270617221948746,-0.5142961967834598,1.0,-0.5010616556560871,0.6195571387204881,-0.018248826912841395,-0.07482117673370235,-0.6055535915731122,0.6026971561099744,-0.5277571271066201,-0.2670937143358505,-0.3432958615448005,-0.5461023467193239,0.21154518880018797,0.637874930463255,-0.35382827329682415,-0.4857441088979564,-0.020162273831210224,-0.30185471856598783,0.4434976136504758,0.8347890960799589,0.5802711628334614,0.2783499026743475,-0.6950581324487594,0.6976390764551381,-0.24674464744964897,0.49134729194289506,-0.5837672187229846,-0.48537275262278223,0.8251070139480938,-0.3260228757000602,-0.5469148034022859,-0.10190671368162033,-0.31355847437848966,0.5620422932677688,0.5998479435540872,-0.2634845930951803
LC_R,0.560492108496092,-0.17733285949114827,0.4928549725322472,-0.4149715249824564,0.6570168870936197,-0.2067776400401065,0.22057777804290926,-0.0845825290257117,-0.5236439919897431,0.13037881544115712,-0.4132195974852879,0.2137684601274526,0.5286933387933056,-0.11261294747865302,-0.6751067393961877,-0.7475777072839666,0.0018379620863862966,0.6766185353153388,0.3317845483816937,0.15060692819938779,-0.5010616556560871,1.0,-0.6823387784610693,0.0722763266441669,0.5542164644298181,0.6083891145809359,-0.6802112871404646,0.6002346648613609,-0.12237428845900555,0.729622103628068,0.2823445866162465,-0.12541160107673763,-0.657163234321638,0.7337483147578492,0.34019427062792945,0.28910066437010495,0.07074681529036095,-0.1949524069966906,-0.5494453549103162,-0.5588188617017065,0.27189329960839553,0.4619867025091009,-0.2073571476202193,0.07658326813079352,-0.16095461579758502,0.5963904593922763,0.41380366258002876,-0.6594496119689918,0.6703397935545851,0.05188119330325653,0.35623902501178717,0.42792902601823524,-0.4001797198959306,-0.6186015911014878,0.3632902449260914
Calcarine_R,-0.4189843573630705,0.35887083597617875,-0.36273282586738304,0.7135352934852506,-0.5893052661461443,0.19403285876068574,-0.21443902743612045,0.24351666678713596,0.7534499987636868,0.3332646185174869,0.4472561622607068,-0.17819723421693967,-0.4625260072269524,0.24406583979824087,0.6816731531669099,0.687650154556801,0.310509529913236,-0.5688062177720387,-0.3130520795859671,-0.19032384744096487,0.6195571387204881,-0.6823387784610693,1.0,0.17305975792238362,-0.4539010685351954,-0.4910343383627596,0.84641070686966,-0.5056712928731285,0.11306431315506311,-0.5854206406323468,-0.23218012521965486,0.37559744926943256,0.7091436059186532,-0.42445490316574985,-0.17481796281762182,-0.07945680119418377,-0.10359121452540711,0.2811871967479912,0.7477917919454947,0.5906698288076999,0.03545599162556657,-0.5126312982785237,0.4055126115146484,-0.03570492178761569,0.44631454280887006,-0.4908721337623148,-0.3618627751797464,0.7359272187030305,-0.4526850648080727,-0.14202289351553332,-0.025292038266909848,-0.3445668115918825,0.5424605981314257,0.7198312639354468,-0.2846133119824868
Thal_LGN_L,0.22673514657832075,0.5226296987644693,0.4312909814345815,0.31733425549994543,0.39224471526216254,0.2987674259439031,0.5255904254470198,0.34482013011287393,0.3695595459172955,0.6123916520791874,0.34911683937992694,0.4210143354665765,0.11639644260375334,0.13960520429538248,0.16278675360383726,0.11552909748563156,0.5859489026885345,0.1777572534849961,0.5242127490714709,0.10641222916047303,-0.018248826912841395,0.0722763266441669,0.17305975792238362,1.0,0.2073824170798364,0.30190922605293585,0.16374553330037317,0.21158800556767846,0.46136478897095157,0.3181240414840032,0.18867746698566706,0.31426351470337444,0.10441861461842257,0.30797244686467945,0.2937325615809252,0.30403540141007107,0.25240292652562274,0.07011658519333701,0.020376612355924726,-0.06003194151494485,0.05737855551903374,0.2901410501632178,0.03739100884737826,0.268132964792126,0.1511527798853377,0.3871280132796766,0.17759212969196284,-0.08097318953792984,0.17482332723586433,0.17460619333736868,0.5160873478709808,0.14918034673404773,0.0831955087574721,0.13159334626368338,0.4849740278697144
Pallidum_R,0.447482050661886,0.015786661842156925,0.616884558437302,-0.03403651795079624,0.4819921289972396,-0.3035505651404828,0.2861759542470667,-0.5050573619139431,-0.2798018610873041,0.34362662511040704,-0.34124887886465033,0.006858660553506152,0.48605523066433076,-0.12510804487953994,-0.5762534877307467,-0.46709395602664605,0.21513158393062534,0.5185044220716839,0.3650122061937787,-0.057342345903419384,-0.07482117673370235,0.5542164644298181,-0.4539010685351954,0.2073824170798364,1.0,0.43314658423613384,-0.42728460121050366,0.46767091999442634,-0.07256458635167876,0.7350322997637163,-0.017578339390581777,-0.1035077758042234,-0.41777116262718234,0.6775097946169616,0.014537325179035802,0.5298440487395571,-0.1421647862679668,-0.1427909892037037,-0.09372634373730684,-0.3922834488725227,0.5364657847408241,0.09571006551343518,-0.003946128953254427,0.27927931614855844,0.26481670765221965,0.4472601705543483,0.47387936699627653,-0.2534609862956403,0.64719096895638,-0.38833010917535987,0.3575157780218755,0.29116613339141856,-0.09241246514282167,-0.2206997007701265,0.42946989402076097
ParaHippocampal_L,0.5120522351603386,-0.06275582382326883,0.5258849901163094,-0.14211009459169144,0.8006710268278596,-0.020240960106321072,0.4686074953994331,0.2737616790774235,-0.25946979469251163,0.1948116318921711,-0.2382703490899527,0.5804535159253551,0.8083340034972022,0.04243703868513183,-0.6059719633929813,-0.5336641985034987,0.43304912604494256,0.7213906734161256,0.6742190253696619,0.6422492274613372,-0.6055535915731122,0.6083891145809359,-0.4910343383627596,0.30190922605293585,0.43314658423613384,1.0,-0.5761077227705677,0.8285521512259023,0.3191930035209146,0.6096140660821425,0.7738835597571097,0.09279887986145086,-0.5768742774304335,0.7169397864534519,0.7330043855385344,0.3813438258420726,0.3254658238754673,-0.3237993987342536,-0.5653146312471161,-0.588668669580338,0.23078975731631557,0.5809545741628293,-0.3630573945970412,0.4511054340465964,-0.04893533875869186,0.8321477726780164,0.7138053647908688,-0.7253232188006224,0.7640468809392345,0.5000355094869563,0.39206636648115406,0.6412937857960533,-0.1707810840028144,-0.6128859498343818,0.6307761571155729
Cuneus_R,-0.4448335738921865,0.47735203335812426,-0.24653035553137315,0.5072840528290377,-0.5596345471825255,0.44671661691267595,-0.07317557004619435,0.1373244494062463,0.7619033382539091,0.3069814318644028,0.7533012406712817,-0.06087669112054298,-0.6414332194261542,0.3074786629751073,0.7291275882151451,0.8408728705934304,0.12087352469250581,-0.6673236457425548,-0.1918788755783834,-0.2797069422368149,0.6026971561099744,-0.6802112871404646,0.84641070686966,0.16374553330037317,-0.42728460121050366,-0.5761077227705677,1.0,-0.7039456648449007,0.2697322870727089,-0.5525278242937116,-0.35681301900379975,0.16003722703406578,0.8451394991054354,-0.5239909593163887,-0.3302621756112374,-0.039855316348432944,0.035311699337659055,0.4707411408276702,0.6748194074927856,0.6591453805740848,-0.176617967530213,-0.38451942503761893,0.406502096583278,-0.11101896581968881,0.18252536911299383,-0.47348723777543134,-0.5534988990117963,0.6639783842950672,-0.6688433869053924,-0.2057327283584729,-0.07138038879199393,-0.4362926357647053,0.3078370435275742,0.8544203793467069,-0.1867018568189001
Cerebellum_3_R,0.5675649143780658,-0.2465824131201924,0.42318354948229,-0.030532481312112975,0.6927603938763381,-0.274578366782774,0.23235901855609922,0.16620883105614717,-0.3737137355043115,0.0772739321692417,-0.5113957474192167,0.32891887640904327,0.8260090370230924,-0.12482723281427277,-0.6097219309954655,-0.6890854760026488,0.4799052334827786,0.7781258818619083,0.4231222093376044,0.43037996345006146,-0.5277571271066201,0.6002346648613609,-0.5056712928731285,0.21158800556767846,0.46767091999442634,0.8285521512259023,-0.7039456648449007,1.0,-0.023938385676553015,0.6073532155184613,0.5645347950365822,0.2529167847911086,-0.6974155822834973,0.7007754859358205,0.6577434036600951,0.22794981370591638,0.07494660608446657,-0.414567639143107,-0.5095140313280122,-0.639985470657179,0.3208270803455292,0.43890712110918645,-0.2936020893562996,0.2647327580713421,0.12808246188970987,0.6232635257232766,0.759325510999117,-0.5652945122427537,0.8078152721382122,0.3305257788590257,0.39140754364351976,0.5088515557827981,-0.04536705081313918,-0.7057434234390637,0.3645015370804617
Frontal_Inf_Orb_2_L,-0.08356670660809488,0.48331158338141417,0.24396846161105112,-0.019124308155441742,0.3297411805662708,0.44795816443510594,0.6393887646975495,0.3918158213260572,0.40735996886945813,0.2711427872344663,0.6034801338085641,0.49744782007242544,-0.013447411261628002,0.42940634296027314,0.24304778928145626,0.4438919573976668,0.2146128051671656,-0.003792479049683529,0.6510742715260445,0.3944235017795593,-0.2670937143358505,-0.12237428845900555,0.11306431315506311,0.46136478897095157,-0.07256458635167876,0.3191930035209146,0.2697322870727089,-0.023938385676553015,1.0,-0.04269329611012951,0.38778727218941494,-0.08187310264017549,0.17270762719071334,-0.008363252652544957,0.3019482493018454,0.27607058818331,0.4150097183761057,0.10912296923402706,-0.17225413380447221,0.04648976184722459,-0.2289176442518426,0.41299753438879455,-0.2968587084550467,0.524167374269244,-0.1538961153872408,0.5016257526942947,0.09941456425269674,-0.26190673735173053,-0.12607929617602626,0.461421155036726,0.27913871715865696,0.13554946226240852,-0.22877870468373307,0.2740356394970783,0.5633782245137441
Thal_VA_R,0.630549692840704,-0.022477591728524107,0.7260449365343028,-0.21690556877749165,0.7447705727826938,-0.06732948375020907,0.4479572889661044,-0.09664547145194465,-0.4388012138394043,0.3628940269136307,-0.30289947865082306,0.34618714532260947,0.5729931580465859,-0.21834515513679265,-0.662888077598439,-0.6162072473260195,0.20512308988113573,0.6870992626408365,0.5421246228442234,0.1100613877984855,-0.3432958615448005,0.729622103628068,-0.5854206406323468,0.3181240414840032,0.7350322997637163,0.6096140660821425,-0.5525278242937116,0.6073532155184613,-0.04269329611012951,1.0,0.23815950591889856,0.05176371816163636,-0.5579993139484617,0.8044855731101278,0.28508715535150886,0.34066053411629765,0.1714220882651144,-0.1190377716523239,-0.4216368065929296,-0.5630105063103106,0.29797215870110716,0.4611208447014442,-0.08103462246395018,0.12220086668570472,-0.016890663021167606,0.6080601752524918,0.49741400950632697,-0.547377351825758,0.6731810263458543,-0.031591270419722796,0.38474603134096796,0.392768453704824,-0.25586292013986334,-0.5139361069966082,0.47168608554215136
Rectus_R,0.24885816342530928,-0.03199063792323165,0.2705042049907334,-0.10663336180871581,0.5844770089578637,0.20878890277162826,0.3715021014228484,0.5136513911837134,-0.13070549364393783,0.001985044945998166,-0.03522964080364405,0.5560660916305588,0.6009281719377827,0.13373383480233175,-0.3457046116362112,-0.2550593468417489,0.32424400796108716,0.45310900478582866,0.4763149784831412,0.881316892797007,-0.5461023467193239,0.2823445866162465,-0.23218012521965486,0.18867746698566706,-0.017578339390581777,0.7738835597571097,-0.35681301900379975,0.5645347950365822,0.38778727218941494,0.23815950591889856,1.0,0.05902981668296828,-0.362159808880907,0.3740546633527707,0.7162146960429268,0.0680243256620429,0.39230283561251195,-0.3344117346323499,-0.47854482712779023,-0.4336327033629922,0.015949853361460195,0.5246606312965937,-0.43376640750824336,0.37537488712157474,-0.12897326662507394,0.6015994138854379,0.5414764802509275,-0.6291710259231005,0.47300064490317095,0.7784537968377017,0.15566291328634155,0.5855219853286459,-0.08280215958785064,-0.46169425869427433,0.4320823564601724
Red_N_L,0.1283737900656096,0.06388907031230517,-0.05669179908422214,0.560668526192879,-0.028776196151991163,-0.04561883408756615,-0.04319616917176215,0.37441810931755426,0.24938362706584008,0.34367948611775295,-0.07942078469916924,0.029797406505888205,0.18678460764860047,-0.16252760141984307,0.14902649505031887,-0.022607084834974728,0.5626351036115473,0.09552105300320611,0.024177429567622134,-0.0844789461228768,0.21154518880018797,-0.12541160107673763,0.37559744926943256,0.31426351470337444,-0.1035077758042234,0.09279887986145086,0.16003722703406578,0.2529167847911086,-0.08187310264017549,0.05176371816163636,0.05902981668296828,1.0,0.08061292380590308,0.13779819021556405,0.27081184950446613,-0.02854662215237468,-0.09271450638424965,0.07151292250554679,0.279686638518805,0.03415521094827891,0.2541029096599961,-0.10972271239567792,0.33191780577421315,-0.12607141859788173,0.4824991811992633,-0.07227572729755875,0.17114385158301296,0.31108952746247825,0.16533935863239935,0.03505849397358334,0.2437969585120011,-0.010897220449821268,0.5319990161078364,-0.03314726191265886,-0.031166468177228592
Vermis_9,-0.5097956780471405,0.4194411211202725,-0.36182790773570295,0.5119220370490665,-0.6380896448911506,0.27230553630790394,-0.23414205753044334,0.05738711101501161,0.7794193630747999,0.27128424976896287,0.6019421508050363,-0.13783369273022603,-0.6175000622790187,0.4095835337930184,0.6702494799254232,0.6940549640796203,0.1252529775402988,-0.689507860412932,-0.30107264691468194,-0.31046596096333245,0.637874930463255,-0.657163234321638,0.7091436059186532,0.10441861461842257,-0.41777116262718234,-0.5768742774304335,0.8451394991054354,-0.6974155822834973,0.17270762719071334,-0.5579993139484617,-0.362159808880907,0.08061292380590308,1.0,-0.5740967630217577,-0.2798058710807933,0.03158412983767777,-0.08231969661153302,0.5872376735554081,0.6851244979358961,0.7722774998709014,-0.1285333254924402,-0.4950874579692111,0.5836859171634009,-0.19360498518941868,0.11481303279909479,-0.47635609040348936,-0.667549284591861,0.6699056153296402,-0.644822182968454,-0.24180573420754317,-0.10698278889819257,-0.40499486925558975,0.32739190961266024,0.7644656419009559,-0.09476942356936609
Caudate_R,0.7324115263852305,-0.021806824423259496,0.6129869984734755,-0.08489122959769882,0.7497757684270483,-0.21992205470721662,0.35402258746468956,-0.009331756198650027,-0.35339037281917457,0.43987756034711434,-0.37814285378208395,0.3839609701169333,0.7044576871668451,-0.09307851872982811,-0.6666190186024034,-0.6710940104329698,0.3384541832647258,0.8441214058683515,0.5098783470641011,0.2501545397124447,-0.35382827329682415,0.7337483147578492,-0.42445490316574985,0.30797244686467945,0.6775097946169616,0.7169397864534519,-0.5239909593163887,0.7007754859358205,-0.008363252652544957,0.8044855731101278,0.3740546633527707,0.13779819021556405,-0.5740967630217577,1.0,0.4726106856277091,0.5306654175627686,0.1583608536435429,-0.1621746898265895,-0.32299160931693505,-0.5340349431686935,0.5162168120409855,0.4857794290289807,-0.10787991423636907,0.19639383528565632,0.23896255648120698,0.7131054830193787,0.5400905161876004,-0.48932295618770283,0.8283175168042684,0.062365595083717563,0.5010990255167147,0.45127879825289413,-0.0452472503177217,-0.5281924788506797,0.5407507180885203
SN_pr_L,0.36644166531479966,-0.0640004137530831,0.22790750569648077,0.027212185306129486,0.5172170406788597,-0.03315483891956306,0.2041149091177691,0.6084299893051826,0.01028466231286154,0.18122042411466788,-0.12109116338818231,0.5117230264328856,0.5626338139111737,0.3274606642348924,-0.2065552996887046,-0.35839864959462403,0.5142895968455973,0.5450812543925787,0.39824730871525044,0.5810387214416579,-0.4857441088979564,0.34019427062792945,-0.17481796281762182,0.2937325615809252,0.014537325179035802,0.7330043855385344,-0.3302621756112374,0.6577434036600951,0.3019482493018454,0.28508715535150886,0.7162146960429268,0.27081184950446613,-0.2798058710807933,0.4726106856277091,1.0,0.2532604636745921,0.24656419723109596,-0.16617826007894157,-0.41799106085041815,-0.31451713270059845,0.11726959433645745,0.476467446020239,-0.21767974761573772,0.30379562364808727,-0.019561081034002222,0.5799947755683938,0.44908210663171994,-0.49075668165370373,0.4856493441192225,0.6087149678662661,0.4575771969547509,0.4036795953963184,-0.021956177538097265,-0.4576284924300423,0.4007757722399583
Thal_PuL_R,0.33621265528541894,0.3184448454348054,0.4207591704175833,0.17374359918096846,0.3298110199914847,-0.1792945763544264,0.30162276597464455,-0.1476262119900889,0.23810425256218126,0.5530296742342865,0.02688849576002679,0.2766374174167069,0.2891075821050816,0.4460061633284977,-0.2582301025697255,-0.15455550965823747,0.35632323859685305,0.3376182344879178,0.38831373695519444,0.08186614093708446,-0.020162273831210224,0.28910066437010495,-0.07945680119418377,0.30403540141007107,0.5298440487395571,0.3813438258420726,-0.039855316348432944,0.22794981370591638,0.27607058818331,0.34066053411629765,0.0680243256620429,-0.02854662215237468,0.03158412983767777,0.5306654175627686,0.2532604636745921,1.0,0.05158133553277931,0.2912930102275034,0.15922785412644758,0.023586135596560802,0.5000392793233538,0.16468978236127652,0.2031790575252997,0.286263607002905,0.37428184136623044,0.5459222063878177,0.05997312713013718,-0.051500221558851714,0.4215529653415413,-0.1050004486684976,0.45318542470645146,0.15412702960357244,0.1288913920672204,0.09095858253279485,0.6426515763338323
