,Temporal_Sup_R,Thal_Re_R,Paracentral_Lobule_L,Thal_MDl_L,Cerebellum_4_5_L,Thal_PuM_R,Red_N_L,Calcarine_L,Lingual_R,Angular_L,Temporal_Sup_L,Cerebellum_4_5_R,Cerebellum_3_L,Parietal_Inf_R,Cuneus_L,Vermis_3,Postcentral_R,Thal_PuL_R,Thal_MDm_R,Vermis_6,Cerebellum_8_L,Cerebellum_7b_L,Cerebellum_9_L,Calcarine_R,Pallidum_R,Vermis_7,Heschl_L,Thal_Re_L,LC_L,Lingual_L,ParaHippocampal_R,Supp_Motor_Area_R,ACC_pre_L,Amygdala_R,OFCpost_L,Insula_L,OFClat_R,Occipital_Mid_L,Hippocampus_R,Frontal_Inf_Oper_R,Thal_PuI_L,Precentral_R,Putamen_R,SupraMarginal_R,Paracentral_Lobule_R,Occipital_Mid_R,OFClat_L,Cerebellum_Crus1_R,Cerebellum_Crus2_L,Angular_R,Parietal_Sup_L,Cerebellum_7b_R,Temporal_Pole_Sup_L,Heschl_R,Supp_Motor_Area_L,Frontal_Sup_Medial_R,Frontal_Med_Orb_R,ParaHippocampal_L,Vermis_8,ACC_sub_L
Temporal_Sup_R,1.0,-0.18570199738217635,-0.22859608381393173,0.08997431533827008,0.4151503330828887,0.4141149618412252,0.4143765403684935,0.13108607951398316,0.5710253141223709,-0.08228457236321426,-0.23423768209087997,0.6148560321145092,0.19640410951305473,-0.10117978024685699,-0.09189348015337165,0.18021579477920407,-0.2266350124143658,0.2878001613585422,-0.04945722215155076,0.6797419822471541,0.4861776037976816,-0.06086907713602858,0.49161019813225487,0.35972851510380566,0.3264129790446944,-0.31953693054566035,-0.06610171501333899,-0.058228374519842536,-0.0723345281796578,0.5397071328960383,0.024396008409221556,-0.010425194897580247,-0.05507250033643597,-0.21723304701803353,0.05852948705607659,-0.04025259656744376,0.5273382772838312,-0.25407737025384086,0.4082351809993397,0.7255468325127243,0.11048187929546638,0.33374534110165904,0.4872124184210488,0.5890922487377781,-0.3557031743648096,0.09630122463509093,-0.4136651621765711,0.2301846025919614,-0.4058589135323685,0.1685656857693947,-0.2454748091891252,0.3210947903956318,0.034649478712601475,0.8719112195968807,-0.31330634849010325,-0.26838498722724274,-0.33955856992117345,-0.05487230568955864,0.04768962783238918,0.15913312904074856
Thal_Re_R,-0.18570199738217635,1.0,0.0085984075474694,0.44083925493033327,0.048547796050645416,-0.005896735274368945,-0.2526507260801136,-0.0959222735953054,-0.31014241532832787,-0.18781701164546322,0.3209776130304132,-0.21491619050668995,0.2698697873978597,-0.08513506622066784,-0.17365055374675534,-0.05769144301466271,-0.006699454054411469,0.3740959886284876,0.3971189339782176,-0.21214264442225053,-0.20585527776635992,-0.11436957599760542,-0.31153011532781155,-0.3918988589875423,0.31938666954014633,0.3819699658499829,0.20276831976158963,0.5147942985169845,0.1686779681576943,-0.15448512373511053,0.33174869974648646,0.08747644097100411,0.3196819945273088,0.2351798549646939,0.23508484009230898,0.14487972761232212,0.05050327670251965,-0.18102886931754747,0.23419843406629443,-0.07965205668643825,0.017903845943947432,-0.0276823434468318,0.1542447333039255,-0.27373746899603557,0.03253375047496639,-0.3550436174965485,0.41532894040149526,-0.31640639252705177,0.21161761281204905,-0.18697703125851653,-0.09739131957934404,-0.1704986994690451,-0.30927006610117436,0.01651860814990751,0.0942553852326806,0.25040493406031644,0.1524547774756948,0.3344289912923718,0.05168462913252826,0.34841294024437336
Paracentral_Lobule_L,-0.22859608381393173,0.0085984075474694,1.0,0.07932527847773338,0.0832818300519057,0.16523905077438658,-0.028184312997182732,-0.07826252231225304,-0.12776893559715205,0.1394133425312934,0.23277531099906404,-0.06749032358033477,-0.09397791810232507,0.20169390355524572,0.08616697095944172,0.018134943391635846,0.6092373471192102,-0.12825653692011008,0.19239779327534146,-0.06819775775538241,-0.15100360963439022,0.20047485383139133,-0.09298538928214369,-0.0833207623381921,-0.11078805666817333,0.34863608429271603,0.22984919956583585,0.01855952821561491,0.09415987843935594,-0.1814694745915732,0.1409957516562112,0.6037628054335268,0.12753736732117676,0.15973018813744289,0.049641756646001546,0.23234268421451745,-0.1715229500947539,0.20268949379005877,-0.06003401181695295,-0.13998063041610181,0.130987904393873,0.487794259072692,-0.03346838269521226,0.031142453840629004,0.5379512705285163,0.01471917973207765,0.22289944355706282,0.012345353511216406,0.40468747505039426,0.10788331837128039,0.2717280537989801,0.03727778364139084,-0.13421911639887424,-0.23625276743699117,0.6405889027494562,0.46068757147476225,0.31600324518649275,0.25635075327770107,0.09291079410462824,0.04394291761281891
Thal_MDl_L,0.08997431533827008,0.44083925493033327,0.07932527847773338,1.0,0.13214709278124862,0.11634678925792837,-0.23008962159871968,-0.26929751672119284,-0.4715274319708096,-0.4503337916217732,0.4772657598125677,-0.1842606615972626,0.3937063733599661,-0.42712546408903945,-0.47074087706070217,-0.3532772178487402,-0.07553161655721537,0.32028903641900375,0.7877113853425399,-0.3613435247093234,-0.0016030847401396864,-0.448599772530306,-0.5112412903398077,-0.5623573408614294,0.7247922215249847,0.36095841938442785,0.5897644575819491,0.64535477228312,0.383465900538842,-0.21224725653321347,0.6092389957063952,0.03962734464609414,0.5894534849730511,0.3936182910818736,0.33433724908350365,0.4023836921521486,0.4964936031959078,-0.451154392299719,0.5798771451320301,0.02621797584567829,0.0504396279176849,0.13647358709473337,0.6475079225757971,-0.2472076939719982,-0.32382898160319434,-0.4348797156481904,0.47370697215106533,-0.327447877015203,-0.006548899905016927,-0.4515986126815199,-0.41180590180772425,-0.3595424544056771,-0.627721289152157,0.40634302511795684,0.09519692615886202,0.31341631262795583,0.037309113363072396,0.493281154321002,0.25589476704129427,0.7123186462406645
Cerebellum_4_5_L,0.4151503330828887,0.048547796050645416,0.0832818300519057,0.13214709278124862,1.0,0.5590340646392652,0.5626351036115473,0.06895150689041317,0.4303844497154898,-0.030944288725214875,0.28295824705558836,0.749839582828981,0.548480085183212,-0.12683933645166784,-0.059396506858718036,0.49197366174141133,-0.1114214284024387,0.35632323859685305,0.2963660227949283,0.4838607906555824,0.5876280150310691,0.22749779621098978,0.512101539956703,0.310509529913236,0.21513158393062534,0.04147281394873851,0.14712147091886343,0.07743838871897836,0.2047729060107589,0.5303035438933127,0.3808352085307574,0.07037626295819115,0.1663389935144268,0.13438304756543096,0.2951590520716694,0.3981194407281539,0.2776560980426977,-0.07980523744851815,0.3536526318431851,0.2497672102723422,0.32347772275467074,0.24543699921903261,0.3998970657980794,0.13937817871195995,0.09068491496769332,-0.10502878769360982,0.09914872995947377,-0.022876366814630435,-0.13051515909987332,-0.016193587797956918,-0.12338808449581273,0.0025558330616305192,-0.11154861944491833,0.34753635909294317,0.06519778133604037,0.026628765537728815,0.1702129975623756,0.43304912604494256,0.06510099174272077,0.28469531660155883
Thal_PuM_R,0.4141149618412252,-0.005896735274368945,0.16523905077438658,0.11634678925792837,0.5590340646392652,1.0,0.34367948611775295,0.26223823254926976,0.45686056838868055,0.08772825009207785,0.15337488876067853,0.47379834306419805,0.19152138845932987,0.10421249804110054,0.12493038300355011,0.4638700150537521,0.19296650796232165,0.5530296742342865,0.3933573624972063,0.43032251397863475,0.15241113615349197,0.3101869313857351,0.31169417097793184,0.3332646185174869,0.34362662511040704,0.14451229295417392,0.1049192852612725,0.08206728096268509,0.04658196711217529,0.5030862603284554,0.22382780413007144,0.20157663145967736,0.09825399092403882,-0.0660387812447423,0.12755318692479323,0.28911268947481666,0.07306746031710792,0.046378086146201855,0.25164225084793884,0.5666689253085558,0.5649732824082769,0.3777272456067149,0.4677368396090651,0.35861361631273825,0.16501447740956937,0.07854872726979321,-0.061580289897655585,0.4519625314294019,0.16088691497571495,0.19127986873539224,0.047795469433908666,0.37565329141910214,0.07250964167765911,0.3672220238184094,0.0909481748100189,0.2255578188273593,-0.13492783144969298,0.1948116318921711,0.200417334469011,0.07974009587482829
Red_N_L,0.4143765403684935,-0.2526507260801136,-0.028184312997182732,-0.23008962159871968,0.5626351036115473,0.34367948611775295,1.0,-0.03314726191265886,0.4732845593954312,-0.022607084834974728,0.0418662361982223,0.560668526192879,0.3250269165499809,-0.13713589631673376,-0.01922116202014519,0.24938362706584008,-0.18172721657076973,-0.02854662215237468,-0.05669179908422214,0.4384451580956944,0.46074557715739073,0.10830641268056318,0.5576219748473978,0.37559744926943256,-0.1035077758042234,-0.24297687331119694,0.0028716907619973945,-0.22913213637309582,-0.010897220449821268,0.38097025127036216,0.09480018331736673,-0.047317463891575325,-0.001441702948507009,0.020947909633170888,-0.12607141859788173,0.20093743276794113,0.2059878189241128,-0.03468113226716818,0.16533935863239935,0.20744769699139537,0.06388907031230517,0.22092058394078531,0.18995332468189888,0.23224459439825565,-0.1421371002548941,0.03710432070221331,-0.1685575244783063,0.21519212919372538,-0.16609449415063995,0.002101918181820654,-0.17250892857832756,0.29547859412185284,0.1493456516481291,0.26843705074976487,-0.09271450638424965,-0.1030009881488083,0.03505849397358334,0.09279887986145086,0.09848362071863964,-0.05451242425982146
Calcarine_L,0.13108607951398316,-0.0959222735953054,-0.07826252231225304,-0.26929751672119284,0.06895150689041317,0.26223823254926976,-0.03314726191265886,1.0,0.6451953637360184,0.8556960647070295,-0.3891070200606355,0.45208930757384935,-0.6404316023627736,0.8230413827259045,0.8699571877101936,0.7738690535458322,0.527286323880761,0.09095858253279485,-0.09799102631152146,0.3946252716902235,-0.030388051157042,0.6234208896658969,0.4094312096224633,0.7198312639354468,-0.2206997007701265,-0.3445377680639758,-0.33353624750190103,-0.5259048326316277,-0.38553649870696205,0.7478653700494314,-0.6439023723120124,-0.20247126743928306,-0.6666297003854076,-0.6222203801956758,0.04585953074049126,-0.19752858773437448,-0.6178761586005672,0.7733749685363507,-0.6375027922718934,0.5710251018358972,0.6067372823834041,-0.04832401006738301,-0.37008101753413336,0.6913151072042508,0.5363894007750996,0.8629688899687765,-0.6617420337605635,0.4135446781528634,-0.037707542617159966,0.8886548657678086,0.8128273741948994,0.25413743870102773,0.6803392188942202,-0.10650179648762671,-0.12617543431989137,-0.34278196866469396,-0.28417514065983707,-0.6128859498343818,-0.4734444665441187,-0.6431284597648838
Lingual_R,0.5710253141223709,-0.31014241532832787,-0.12776893559715205,-0.4715274319708096,0.4303844497154898,0.45686056838868055,0.4732845593954312,0.6451953637360184,1.0,0.5244416938179122,-0.4398528894667353,0.8025388102728622,-0.24619178292899327,0.4367748298873145,0.5136201114511825,0.7687640287047586,0.11015443016132523,0.15326004369750199,-0.310626755313779,0.8466369606380599,0.3318250266178898,0.6058878256222217,0.816991572658791,0.8576754419280219,-0.2309308891376176,-0.4441669037641376,-0.4440126285495773,-0.4970414335675918,-0.3086938924928977,0.8624282899072621,-0.4474964819511372,-0.09219009135924285,-0.6098239667394353,-0.5326805204859032,-0.07429622832500343,-0.20832994601079727,-0.2161458335885089,0.40069745261064443,-0.25746617560324153,0.6703120538135984,0.43364074598119406,0.1614176303513189,-0.1459864690835308,0.7044037129784173,0.2428704061795399,0.6009976428908281,-0.7188388386700107,0.5198173220660313,-0.21209262435027226,0.646214077976842,0.3774970240708419,0.5253263054705396,0.5784482675548791,0.2500999877653025,-0.20436688761601252,-0.45172102743863035,-0.2516827652244612,-0.3958732863146937,-0.2326608220056068,-0.46711148993308405
Angular_L,-0.08228457236321426,-0.18781701164546322,0.1394133425312934,-0.4503337916217732,-0.030944288725214875,0.08772825009207785,-0.022607084834974728,0.8556960647070295,0.5244416938179122,1.0,-0.24629346023458376,0.2939477064417826,-0.6950583668432702,0.8657561363253302,0.9444073113174166,0.6658955035818588,0.5941678687656884,-0.15455550965823747,-0.20557451610511088,0.2709403160596402,-0.11445197455191855,0.6807477063382654,0.36809451454592196,0.687650154556801,-0.46709395602664605,-0.33473889712162375,-0.23646806119485175,-0.6440932423388477,-0.3134937329581101,0.5750389123589802,-0.6801120486353154,-0.09819005942665053,-0.6523985856643456,-0.5519612428837726,0.0862487323510911,-0.07866435456274824,-0.7568419748651652,0.9473515584016509,-0.7517226730081795,0.36440131728086383,0.518736592978921,-0.08391497259691323,-0.5287993121159584,0.6043159563977829,0.7009072645736173,0.8673096765338173,-0.5485628091655081,0.26175426006871133,0.0669509651242323,0.8831745355341043,0.9273698505033039,0.12764460051419008,0.6750155622473196,-0.3395514285841335,0.11382690327694939,-0.22642365106578546,-0.0016495897601396746,-0.5336641985034987,-0.5556335590404804,-0.6945003054528378
Temporal_Sup_L,-0.23423768209087997,0.3209776130304132,0.23277531099906404,0.4772657598125677,0.28295824705558836,0.15337488876067853,0.0418662361982223,-0.3891070200606355,-0.4398528894667353,-0.24629346023458376,1.0,-0.23892635402489135,0.5561070665543986,-0.3841200014979487,-0.28057765276504704,-0.24200492370322632,-0.10372989036177928,0.27969282511466576,0.679542793289236,-0.3848814298067467,-0.15521224611173667,-0.17594576868136852,-0.37927900167782563,-0.4620985152478379,0.38330209051199754,0.4979950979738357,0.8080988839807175,0.4951596544894256,0.500977898290286,-0.1736611492112188,0.6535705381887358,0.112395250750547,0.7571840880757136,0.3715322138214708,0.4632171660618867,0.8842884428651764,0.13927809097828095,-0.1399923566324982,0.4583564449154033,-0.26176674821115353,0.06259613567851303,0.001398592329910547,0.49966244460386355,-0.46062287834289434,0.001174896221260429,-0.529797736921136,0.8093653592794531,-0.46088177139463987,0.28299761006799373,-0.5031477854826819,-0.3023102197974415,-0.45840719139056796,-0.5392473071041125,0.0949263382554545,0.42313953667230364,0.5850848988155476,0.47847111470983866,0.7757645912548502,0.07446072202052939,0.5636231139642514
Cerebellum_4_5_R,0.6148560321145092,-0.21491619050668995,-0.06749032358033477,-0.1842606615972626,0.749839582828981,0.47379834306419805,0.560668526192879,0.45208930757384935,0.8025388102728622,0.2939477064417826,-0.23892635402489135,1.0,0.07021906147586729,0.22751290839976984,0.24529783880620673,0.6898066371101229,0.03346496543736653,0.17374359918096846,-0.09540006860469415,0.7876028361763552,0.6070260444487307,0.4295140173752743,0.8106053000785202,0.7135352934852506,-0.03403651795079624,-0.39840474550696797,-0.23372747071429834,-0.33777006540863164,-0.1563578790407204,0.7793178585988186,-0.14837091602941718,-0.05099423155801312,-0.34504304055679125,-0.32167083853088174,0.06868195879623606,-0.01658936736986202,0.07038019316430674,0.1478724381238871,-0.028402780117052186,0.5477870993204291,0.2987063445143361,0.28781641322273127,0.08336146205436568,0.5763755923394045,0.11136238639048726,0.3673289222150259,-0.4920903998883097,0.29280201145349327,-0.39746706952528665,0.43024789823740633,0.1513207385233149,0.28531585985944075,0.3329495031760359,0.37370690876437834,-0.14944241693871702,-0.3707003556002326,-0.18887334431880312,-0.14211009459169144,-0.1465542546777351,-0.14779030026336587
Cerebellum_3_L,0.19640410951305473,0.2698697873978597,-0.09397791810232507,0.3937063733599661,0.548480085183212,0.19152138845932987,0.3250269165499809,-0.6404316023627736,-0.24619178292899327,-0.6950583668432702,0.5561070665543986,0.07021906147586729,1.0,-0.7252900010762737,-0.6719462397483712,-0.2196480932838028,-0.5630172864027831,0.3761990407389118,0.37487012376039774,-0.01079657428095441,0.23734121894947152,-0.3562709032449111,-0.10352415364594365,-0.38363198045010083,0.4281286882727578,0.3493183163015957,0.41266998123101184,0.6363806608569818,0.5368538774703153,-0.1797131055906355,0.8392628184002127,0.06413942545886372,0.69390631001084,0.568201888134964,0.2720932391576203,0.44957957268943805,0.6816637528719498,-0.6669634110698176,0.8494038693420419,-0.22664344779038484,-0.20064729578893034,0.037223664258471914,0.6546632780566596,-0.486160884884477,-0.44128012186180526,-0.782579132289352,0.6573795257238392,-0.4153900143097827,0.0010298175519926935,-0.7222761481181962,-0.718832301243486,-0.2086511294835362,-0.6703358273339897,0.4056368173165265,0.0074421947651398404,0.29039725623343554,0.3285137919531746,0.8258079731880981,0.4229501220079675,0.7516868632164388
Parietal_Inf_R,-0.10117978024685699,-0.08513506622066784,0.20169390355524572,-0.42712546408903945,-0.12683933645166784,0.10421249804110054,-0.13713589631673376,0.8230413827259045,0.4367748298873145,0.8657561363253302,-0.3841200014979487,0.22751290839976984,-0.7252900010762737,1.0,0.874403932874094,0.6037967188701334,0.7879187222258031,-0.10186473851108725,-0.21825712197241098,0.22042263965335168,-0.19692264232982296,0.5381417137390414,0.25667421751986064,0.6129231959161076,-0.3868116465786798,-0.22517552525063142,-0.38993598185548695,-0.5554722221834294,-0.46549497901053427,0.4312249278011963,-0.6960043593623852,0.1464958190438518,-0.6242049201783063,-0.5482273953522194,-0.020087774869024126,-0.23108498469095684,-0.7110462662095766,0.7903173142859793,-0.7415385542823196,0.35898843007463616,0.3849157098594179,0.11053344863737252,-0.5509809766080059,0.6502268507603842,0.7077655797205611,0.7913434750301702,-0.5151055128537692,0.28386788007333813,0.08832389023066367,0.9278499325841606,0.914289828392064,0.1829756944174687,0.6555206978417706,-0.3574085500299387,0.12654219271274408,-0.1026203213453551,-0.19125142397723552,-0.6019998014347542,-0.4939029513703212,-0.7129250644404297
Cuneus_L,-0.09189348015337165,-0.17365055374675534,0.08616697095944172,-0.47074087706070217,-0.059396506858718036,0.12493038300355011,-0.01922116202014519,0.8699571877101936,0.5136201114511825,0.9444073113174166,-0.28057765276504704,0.24529783880620673,-0.6719462397483712,0.874403932874094,1.0,0.6589736610614702,0.5922411612500359,-0.08974484773347949,-0.18355115564175756,0.25133065934428006,-0.17981409912355423,0.6299846709240491,0.32947108837914396,0.684462886897769,-0.47127500068870487,-0.3451832822305117,-0.2956764184305582,-0.6133856664826405,-0.35057215412698106,0.5557243794302279,-0.664970859042505,-0.08126449414373983,-0.6008952557703318,-0.49692303403895915,0.025775548747416985,-0.10689091065849247,-0.7744846850337571,0.9308924955798947,-0.7343802116088262,0.3465185819909239,0.5502909116882673,-0.08368574760378357,-0.49786230643090273,0.5721062272895946,0.6944976675168133,0.8228732875719171,-0.5249791837798082,0.2968634618977712,0.08098693858418068,0.8560435244751737,0.9179083599300351,0.1594990381768342,0.6923386783872545,-0.3605792096379484,0.0874141632827959,-0.171006571523598,-0.007568613116652572,-0.5417688521438144,-0.5009474793945374,-0.7168710645318215
Vermis_3,0.18021579477920407,-0.05769144301466271,0.018134943391635846,-0.3532772178487402,0.49197366174141133,0.4638700150537521,0.24938362706584008,0.7738690535458322,0.7687640287047586,0.6658955035818588,-0.24200492370322632,0.6898066371101229,-0.2196480932838028,0.6037967188701334,0.6589736610614702,1.0,0.32848513075199126,0.23810425256218126,-0.08341461802192718,0.6227336271436443,0.10558191455125752,0.7813396301604438,0.6191933884509997,0.7534499987636868,-0.2798018610873041,-0.17625711177084388,-0.32262033598389245,-0.36744052457530824,-0.1818397639162251,0.7859731429353101,-0.32603709082425747,-0.09658611650790225,-0.5363471836655934,-0.4588349107016118,0.10658995970639218,-0.09361314000284504,-0.47552919248852277,0.6007382680693077,-0.3770921688523606,0.4449735585323081,0.6181334772304885,-0.026668919994531595,-0.27952202911268587,0.5233632734470751,0.5594540049338,0.596511018653312,-0.46427117552308944,0.355894835586091,0.07368875433928786,0.6869767649122771,0.6294443005934176,0.3627896806502709,0.5105997381921801,-0.07264018679355559,-0.05492787635025498,-0.26612317143380976,-0.008208859201950821,-0.25946979469251163,-0.3296588690669229,-0.4704803902047726
Postcentral_R,-0.2266350124143658,-0.006699454054411469,0.6092373471192102,-0.07553161655721537,-0.1114214284024387,0.19296650796232165,-0.18172721657076973,0.527286323880761,0.11015443016132523,0.5941678687656884,-0.10372989036177928,0.03346496543736653,-0.5630172864027831,0.7879187222258031,0.5922411612500359,0.32848513075199126,1.0,-0.1361055605651814,0.1161990882356801,-0.059943356065070307,-0.2597521767825729,0.3093783752571537,-0.049488074099034836,0.2914098730973644,-0.1533219310222456,0.053125351400542774,-0.08367585505782103,-0.3132268084280676,-0.28284065155186167,0.13721196704075217,-0.35903148205062124,0.402637610337871,-0.3047870066610313,-0.2607022312568067,-0.010130353254944387,-0.0002585763797461665,-0.5419931127781457,0.5684668838402841,-0.5138631769167888,0.21475225240972998,0.30982295309621427,0.41127179891076987,-0.33259801980883086,0.49591070071377125,0.6585666145607494,0.5335755502102666,-0.19937630575994736,0.21386046032999986,0.21365014518865622,0.6591976656756955,0.7207407038910991,0.07012589751054653,0.34232835488796426,-0.34968525999266986,0.37596073184215556,0.24314458179203352,-0.12009443714101453,-0.3028484849427653,-0.2376403769801914,-0.4167832240469272
Thal_PuL_R,0.2878001613585422,0.3740959886284876,-0.12825653692011008,0.32028903641900375,0.35632323859685305,0.5530296742342865,-0.02854662215237468,0.09095858253279485,0.15326004369750199,-0.15455550965823747,0.27969282511466576,0.17374359918096846,0.3761990407389118,-0.10186473851108725,-0.08974484773347949,0.23810425256218126,-0.1361055605651814,1.0,0.4207591704175833,0.3029339099800107,0.0012779751509019287,0.1707773052560885,0.09306851671970977,-0.07945680119418377,0.5298440487395571,0.3015293303133309,0.09901906487267402,0.41437005574325997,0.15412702960357244,0.3153272273695565,0.35666879140397206,0.11835509650759106,0.32302182557994297,-0.028378500450666193,0.286263607002905,0.2538005517081846,0.18835621429052424,-0.18989302076588815,0.4215529653415413,0.3842178311070207,0.3184448454348054,0.16883577366299465,0.5066145394345838,-0.026614966694494608,0.056668564712035595,-0.2609080938355039,0.21845497354069657,0.15259410616324764,0.19429013000426315,-0.08325456930843378,-0.15278588573113272,0.17177676833108602,-0.14714026948903106,0.4215007670239941,0.05158133553277931,0.271838750018372,-0.1050004486684976,0.3813438258420726,0.19613867716250585,0.3257491122754217
Thal_MDm_R,-0.04945722215155076,0.3971189339782176,0.19239779327534146,0.7877113853425399,0.2963660227949283,0.3933573624972063,-0.05669179908422214,-0.09799102631152146,-0.310626755313779,-0.20557451610511088,0.679542793289236,-0.09540006860469415,0.37487012376039774,-0.21825712197241098,-0.18355115564175756,-0.08341461802192718,0.1161990882356801,0.4207591704175833,1.0,-0.3354301664391727,-0.08281792384935296,-0.1871824706834476,-0.39242828604119123,-0.36273282586738304,0.616884558437302,0.4268085287023964,0.655486980747767,0.49070094214318666,0.40040732177920607,-0.022956359593069756,0.5978693622436967,0.12214675277700733,0.5972140155802039,0.3261802409546287,0.2913658350316377,0.6421004781035181,0.20711813911609625,-0.14524701947760624,0.4503074523219422,0.06377020159021068,0.31979258580781983,0.17906408275708327,0.6136757632057146,-0.18443727230977283,-0.017027233823567495,-0.32190286148979963,0.5116001407766297,-0.2117051088691077,0.17521319481335385,-0.3115051515090889,-0.183362163912963,-0.3230063588016034,-0.4621921846401857,0.24486213432918028,0.2964304361144299,0.5146393900992796,0.1734339552573422,0.5258849901163094,0.1749635860886123,0.5033513131165332
Vermis_6,0.6797419822471541,-0.21214264442225053,-0.06819775775538241,-0.3613435247093234,0.4838607906555824,0.43032251397863475,0.4384451580956944,0.3946252716902235,0.8466369606380599,0.2709403160596402,-0.3848814298067467,0.7876028361763552,-0.01079657428095441,0.22042263965335168,0.25133065934428006,0.6227336271436443,-0.059943356065070307,0.3029339099800107,-0.3354301664391727,1.0,0.3938191802078163,0.5231143514977195,0.8360757471860494,0.6782990455788926,-0.13854081029637252,-0.3767015544976668,-0.4194500965260042,-0.27071999472274694,-0.17219899041426498,0.7177627047026849,-0.23565420369035478,-0.000926785935371533,-0.41726019714597007,-0.418902165472833,-0.023693426601839818,-0.2151783912758849,0.0296315578911234,0.12885743742135883,0.003584439597573539,0.5885706988945599,0.2327376411902166,0.2652175028012891,0.017093320851738137,0.5846980430488753,0.1321168699047262,0.34320978164387284,-0.5653254231863745,0.4029843554582804,-0.22794596912473353,0.4424692454918734,0.13910747712122892,0.5648712777454388,0.33331918837925095,0.41971029894485856,-0.17257148658254282,-0.39176100958067056,-0.1706679768721339,-0.16324696038956127,-0.012730663538518499,-0.17224813439673275
Cerebellum_8_L,0.4861776037976816,-0.20585527776635992,-0.15100360963439022,-0.0016030847401396864,0.5876280150310691,0.15241113615349197,0.46074557715739073,-0.030388051157042,0.3318250266178898,-0.11445197455191855,-0.15521224611173667,0.6070260444487307,0.23734121894947152,-0.19692264232982296,-0.17981409912355423,0.10558191455125752,-0.2597521767825729,0.0012779751509019287,-0.08281792384935296,0.3938191802078163,1.0,0.00286250246689134,0.6275257006407138,0.26382544546083825,0.13583735050096044,-0.24856407098059405,-0.13390478397774536,-0.21222806534450972,0.012156192998948614,0.31509919307033724,0.045597132027021585,-0.018782974182699343,-0.026124132300650787,0.1132340484523906,-0.023790388777440767,0.007935981758798633,0.4793972786775921,-0.2042826186173041,0.18401119976108385,0.22615854973434069,-0.08800582188563516,0.30196127976955556,0.2291478377304611,0.1829523258259624,-0.16422470255264193,0.06509977710524457,-0.2415548792890247,0.04382765425597151,-0.44781787795331285,-0.017410050618604497,-0.22463185009689474,0.020405306893947404,0.038859693185157106,0.33026211964497426,-0.11516337767740023,-0.2628507568760475,-0.18040466198412583,0.01154622542375826,0.09257027468291815,0.14046827236773085
Cerebellum_7b_L,-0.06086907713602858,-0.11436957599760542,0.20047485383139133,-0.448599772530306,0.22749779621098978,0.3101869313857351,0.10830641268056318,0.6234208896658969,0.6058878256222217,0.6807477063382654,-0.17594576868136852,0.4295140173752743,-0.3562709032449111,0.5381417137390414,0.6299846709240491,0.7813396301604438,0.3093783752571537,0.1707773052560885,-0.1871824706834476,0.5231143514977195,0.00286250246689134,1.0,0.5749497971185269,0.5885203592831424,-0.4016363273332644,-0.07356812263318163,-0.29980005086635647,-0.38799719498690616,-0.13710470967968402,0.5728329651010416,-0.39453863549023455,-0.04096892601308359,-0.4952609242691002,-0.44468994964218367,0.03473316872162091,-0.11184190595131303,-0.591840731497212,0.6626320344981934,-0.4849822600285351,0.24017445347711625,0.5058590756076266,-0.030029453850348345,-0.3974714994256375,0.3363503714643492,0.6721692854784691,0.5655296045581785,-0.39294827875416005,0.4307827526276647,0.29451989675101986,0.592260193268297,0.6496693950946225,0.44591635996994955,0.49830182271131096,-0.26757470179481907,0.14109351309011386,-0.1738015187012927,0.06638772209257138,-0.2420396072819441,-0.24983058993680046,-0.49854628094680453
Cerebellum_9_L,0.49161019813225487,-0.31153011532781155,-0.09298538928214369,-0.5112412903398077,0.512101539956703,0.31169417097793184,0.5576219748473978,0.4094312096224633,0.816991572658791,0.36809451454592196,-0.37927900167782563,0.8106053000785202,-0.10352415364594365,0.25667421751986064,0.32947108837914396,0.6191933884509997,-0.049488074099034836,0.09306851671970977,-0.39242828604119123,0.8360757471860494,0.6275257006407138,0.5749497971185269,1.0,0.7284139040267692,-0.2837391043206167,-0.43401216422578764,-0.44673291500603557,-0.512866608207547,-0.22698998070411433,0.692231967523158,-0.3718527107073912,-0.08706847129187274,-0.4726764238456604,-0.36196010077645246,-0.12406118094323208,-0.17594117352956068,-0.06959327024803166,0.2674195049013852,-0.20701156179230967,0.4407103078650791,0.16507149135306076,0.19116199452944554,-0.14734765866620822,0.5140440008191575,0.21748837602451823,0.46354558526132816,-0.5916439860262899,0.3733796181393137,-0.2731764224306839,0.4710273030082105,0.22404799251313207,0.4641866859687703,0.48273692532218765,0.17783515300507804,-0.16040574368860094,-0.4444763847512467,-0.16329851520880362,-0.2799917105625414,-0.12186527163970448,-0.33698926088507386
Calcarine_R,0.35972851510380566,-0.3918988589875423,-0.0833207623381921,-0.5623573408614294,0.310509529913236,0.3332646185174869,0.37559744926943256,0.7198312639354468,0.8576754419280219,0.687650154556801,-0.4620985152478379,0.7135352934852506,-0.38363198045010083,0.6129231959161076,0.684462886897769,0.7534499987636868,0.2914098730973644,-0.07945680119418377,-0.36273282586738304,0.6782990455788926,0.26382544546083825,0.5885203592831424,0.7284139040267692,1.0,-0.4539010685351954,-0.5096122989409178,-0.46703695156901365,-0.599177333322172,-0.3445668115918825,0.7326468187659002,-0.5848766094506699,-0.05386571998781037,-0.6567582253104329,-0.45487624495284934,-0.03570492178761569,-0.1965073630683205,-0.3736957525402494,0.5666337219531252,-0.4526850648080727,0.5369626493819544,0.35887083597617875,0.141942718154413,-0.3270010292106099,0.7237651785845916,0.369826591941831,0.7115297580717023,-0.71669875524115,0.34802228319194906,-0.27891581153685124,0.7483098948934204,0.5541910203044155,0.33098554911957273,0.6163849004651486,0.0008177997692828736,-0.10359121452540711,-0.3974030479827023,-0.14202289351553332,-0.4910343383627596,-0.3323034926594072,-0.5635806549924481
Pallidum_R,0.3264129790446944,0.31938666954014633,-0.11078805666817333,0.7247922215249847,0.21513158393062534,0.34362662511040704,-0.1035077758042234,-0.2206997007701265,-0.2309308891376176,-0.46709395602664605,0.38330209051199754,-0.03403651795079624,0.4281286882727578,-0.3868116465786798,-0.47127500068870487,-0.2798018610873041,-0.1533219310222456,0.5298440487395571,0.616884558437302,-0.13854081029637252,0.13583735050096044,-0.4016363273332644,-0.2837391043206167,-0.4539010685351954,1.0,0.33000442513719647,0.4162425457419885,0.553216513286579,0.29116613339141856,0.020465660847284534,0.5487979948453556,-0.021662293581008924,0.5136579473251224,0.1327877427406758,0.27927931614855844,0.3856597271067252,0.5552272809274481,-0.5180305247849356,0.64719096895638,0.28154028471186343,0.015786661842156925,0.17420536021000466,0.781340678756982,-0.08244403398073216,-0.4115726058210377,-0.37145927725484307,0.349797552851351,-0.044370124214183036,-0.06261544464795496,-0.35452976421781085,-0.47748144245513563,-0.15985081354243658,-0.4266237889621261,0.6071710361661624,-0.1421647862679668,0.171953480886719,-0.38833010917535987,0.43314658423613384,0.3005209558799571,0.6207108897848786
Vermis_7,-0.31953693054566035,0.3819699658499829,0.34863608429271603,0.36095841938442785,0.04147281394873851,0.14451229295417392,-0.24297687331119694,-0.3445377680639758,-0.4441669037641376,-0.33473889712162375,0.4979950979738357,-0.39840474550696797,0.3493183163015957,-0.22517552525063142,-0.3451832822305117,-0.17625711177084388,0.053125351400542774,0.3015293303133309,0.4268085287023964,-0.3767015544976668,-0.24856407098059405,-0.07356812263318163,-0.43401216422578764,-0.5096122989409178,0.33000442513719647,1.0,0.3608741650679934,0.5584022104323888,0.37648266529655994,-0.36604753549236196,0.5284665175871429,0.34935205791107665,0.5810193653271659,0.3412012062692087,0.20883434801561304,0.3454432462246903,0.18197642207095427,-0.2448986925646225,0.374239745602813,-0.28223224123922475,0.04325931089802073,0.04031887692598626,0.26365003940848875,-0.44950904323846397,0.12856293095920185,-0.45150092118470253,0.6860372582209567,-0.22212284325181497,0.6973840430492082,-0.3776202667558169,-0.16642756767572664,-0.12671950539744212,-0.45843754822232635,-0.07842390878380202,0.3298440738328565,0.6011757004989173,0.24995949032998915,0.5483886714423923,0.20312097110290459,0.37199097068176573
Heschl_L,-0.06610171501333899,0.20276831976158963,0.22984919956583585,0.5897644575819491,0.14712147091886343,0.1049192852612725,0.0028716907619973945,-0.33353624750190103,-0.4440126285495773,-0.23646806119485175,0.8080988839807175,-0.23372747071429834,0.41266998123101184,-0.38993598185548695,-0.2956764184305582,-0.32262033598389245,-0.08367585505782103,0.09901906487267402,0.655486980747767,-0.4194500965260042,-0.13390478397774536,-0.29980005086635647,-0.44673291500603557,-0.46703695156901365,0.4162425457419885,0.3608741650679934,1.0,0.38528446760170926,0.4383648746575641,-0.18640930362374228,0.5906210114216907,0.05628524932386856,0.65951341222496,0.32283390060115147,0.3236555744928183,0.734439020496686,0.2532821455035714,-0.17025580182739883,0.44121269166977445,-0.16646369992485946,0.11984819334752478,0.008378991911959463,0.5284079334406444,-0.2815112721831747,-0.1752022574922835,-0.3859452192160861,0.5871259336928182,-0.3750996969478442,0.2056389542287862,-0.43510822646587577,-0.295455623605542,-0.36166881511473253,-0.5360307983115138,0.252443278478667,0.33277163963999695,0.4454226892343341,0.36516554601193246,0.5698597430093434,0.05557157303856362,0.5103772195161501
Thal_Re_L,-0.058228374519842536,0.5147942985169845,0.01855952821561491,0.64535477228312,0.07743838871897836,0.08206728096268509,-0.22913213637309582,-0.5259048326316277,-0.4970414335675918,-0.6440932423388477,0.4951596544894256,-0.33777006540863164,0.6363806608569818,-0.5554722221834294,-0.6133856664826405,-0.36744052457530824,-0.3132268084280676,0.41437005574325997,0.49070094214318666,-0.27071999472274694,-0.21222806534450972,-0.38799719498690616,-0.512866608207547,-0.599177333322172,0.553216513286579,0.5584022104323888,0.38528446760170926,1.0,0.48015580430661325,-0.40270673137568946,0.7305921096771234,0.12521524958666438,0.6692613260385643,0.5118155806283585,0.3324163600164996,0.3017804442091232,0.4809257453125091,-0.6067477845137743,0.7272109650429543,-0.19658957390563306,-0.1315219331660151,0.0009698489502806984,0.5832593811475618,-0.5460597573520198,-0.3053836133163738,-0.7094792279782154,0.6825924015176477,-0.3919203837907779,0.16748359048744244,-0.6550794248440907,-0.5430792593539419,-0.25551961145523017,-0.7669817526515166,0.28530054311202885,0.11496622471390844,0.3542336673116682,0.19628001961421762,0.7250211710971778,0.4037048284418332,0.7843021365691026
LC_L,-0.0723345281796578,0.1686779681576943,0.09415987843935594,0.383465900538842,0.2047729060107589,0.04658196711217529,-0.010897220449821268,-0.38553649870696205,-0.3086938924928977,-0.3134937329581101,0.500977898290286,-0.1563578790407204,0.5368538774703153,-0.46549497901053427,-0.35057215412698106,-0.1818397639162251,-0.28284065155186167,0.15412702960357244,0.40040732177920607,-0.17219899041426498,0.012156192998948614,-0.13710470967968402,-0.22698998070411433,-0.3445668115918825,0.29116613339141856,0.37648266529655994,0.4383648746575641,0.48015580430661325,1.0,-0.21181441913050536,0.6191509758274254,-0.03273782018065109,0.4816775098305321,0.46606113632399165,0.18466618065755502,0.4225409045021518,0.31970204272853303,-0.23228237992156683,0.5391799357482473,-0.23852749458958716,0.018855400645459697,-0.11534702196368893,0.46439951273504293,-0.4396999987583315,-0.12909194768008456,-0.3974602172882731,0.49592876612064796,-0.3780210251425092,0.12012288365990516,-0.49736466793353884,-0.2948605404939855,-0.26101444167471366,-0.5891792693418353,0.14570423512101718,0.1719438640226564,0.21077546279025108,0.41673392489355043,0.6412937857960533,0.30807052075069313,0.5717845506629298
Lingual_L,0.5397071328960383,-0.15448512373511053,-0.1814694745915732,-0.21224725653321347,0.5303035438933127,0.5030862603284554,0.38097025127036216,0.7478653700494314,0.8624282899072621,0.5750389123589802,-0.1736611492112188,0.7793178585988186,-0.1797131055906355,0.4312249278011963,0.5557243794302279,0.7859731429353101,0.13721196704075217,0.3153272273695565,-0.022956359593069756,0.7177627047026849,0.31509919307033724,0.5728329651010416,0.692231967523158,0.7326468187659002,0.020465660847284534,-0.36604753549236196,-0.18640930362374228,-0.40270673137568946,-0.21181441913050536,1.0,-0.32942724665048806,-0.22800150277593897,-0.4486131488227969,-0.595984200396168,0.15951953635035682,0.051174980451836244,-0.248654680292242,0.46590800013202727,-0.21126006308061143,0.7102196305971427,0.5732929576888907,0.056724917889755824,0.017656899422799407,0.6780064336239668,0.2580488624504778,0.5965108004598257,-0.5660400791887968,0.42885664899922377,-0.20152692981291467,0.6264413288718128,0.39549284772609633,0.3147506740394379,0.533765884352831,0.3256993428686288,-0.2098134575506142,-0.4055253726228475,-0.2617936683331975,-0.28348447685071465,-0.3477213495261362,-0.3610426644976319
ParaHippocampal_R,0.024396008409221556,0.33174869974648646,0.1409957516562112,0.6092389957063952,0.3808352085307574,0.22382780413007144,0.09480018331736673,-0.6439023723120124,-0.4474964819511372,-0.6801120486353154,0.6535705381887358,-0.14837091602941718,0.8392628184002127,-0.6960043593623852,-0.664970859042505,-0.32603709082425747,-0.35903148205062124,0.35666879140397206,0.5978693622436967,-0.23565420369035478,0.045597132027021585,-0.39453863549023455,-0.3718527107073912,-0.5848766094506699,0.5487979948453556,0.5284665175871429,0.5906210114216907,0.7305921096771234,0.6191509758274254,-0.32942724665048806,1.0,0.137494400351397,0.7855283234392654,0.6150969855949842,0.270506316064584,0.5115633298673455,0.6077464431309917,-0.610497342985838,0.8427198528696778,-0.25311556734093194,-0.07030908012435799,0.09759332490804593,0.7174606591542705,-0.5502614758954676,-0.3253546035326908,-0.765302633591105,0.7480990700839836,-0.34463884489999214,0.18661683361253273,-0.7560170518268556,-0.6277492143951937,-0.23335846238783117,-0.7403322619859369,0.32390172339336204,0.18752283402914116,0.44159177722453147,0.3302123452619043,0.8875085309299745,0.46852358172837655,0.8040173879037229
Supp_Motor_Area_R,-0.010425194897580247,0.08747644097100411,0.6037628054335268,0.03962734464609414,0.07037626295819115,0.20157663145967736,-0.047317463891575325,-0.20247126743928306,-0.09219009135924285,-0.09819005942665053,0.112395250750547,-0.05099423155801312,0.06413942545886372,0.1464958190438518,-0.08126449414373983,-0.09658611650790225,0.402637610337871,0.11835509650759106,0.12214675277700733,-0.000926785935371533,-0.018782974182699343,-0.04096892601308359,-0.08706847129187274,-0.05386571998781037,-0.021662293581008924,0.34935205791107665,0.05628524932386856,0.12521524958666438,-0.03273782018065109,-0.22800150277593897,0.137494400351397,1.0,0.2923854840298968,0.2028911880569603,0.06660763184636605,0.14524182455119491,0.1251311273565442,-0.09776466955827624,0.15062046155461667,0.026487571290562895,-0.0024953328535309025,0.739180254138961,0.11314693908516832,0.051656546799359514,0.3348233265433502,-0.2123793770033493,0.2385947726469501,-0.07673204343878122,0.24099171120535517,-0.008457939781369508,0.028211528001369963,-0.028369844553429183,-0.1901201976887876,-0.011971130445713008,0.7575088806984133,0.6560738218652413,0.199892669222552,0.21353975649968188,0.044893469021275556,0.10770099010809048
