,SN_pr_R,Precuneus_L,Temporal_Inf_L,Cingulate_Mid_L,Vermis_4_5,Temporal_Mid_L,Parietal_Sup_L,Cerebellum_6_L,Occipital_Sup_R,Cingulate_Post_L,Cingulate_Mid_R,Paracentral_Lobule_L,Olfactory_L,Thal_MGN_R,Precentral_R,Rolandic_Oper_L,N_Acc_L,OFCant_L,ACC_sub_R,Red_N_R,Fusiform_L,Thal_PuA_R,Pallidum_R,Cerebellum_7b_L,Thal_PuI_R,Vermis_1_2,Cerebellum_9_R,Frontal_Sup_Medial_L,Cerebellum_10_R,Thal_PuL_R,Thal_VA_L,Frontal_Inf_Tri_L,Frontal_Sup_Medial_R,Parietal_Inf_R,ACC_pre_R,Occipital_Inf_R,N_Acc_R,Cerebellum_9_L,Frontal_Inf_Orb_2_L,Temporal_Pole_Mid_R,OFCmed_L,Thal_MDl_L,Thal_MDm_R,Fusiform_R,Precuneus_R,Rolandic_Oper_R,Cerebellum_Crus2_R,ACC_pre_L,Frontal_Inf_Orb_2_R,Supp_Motor_Area_R,Vermis_9,Cerebellum_4_5_R,Insula_L,Occipital_Inf_L,Caudate_L,Frontal_Inf_Tri_R,Thal_IL_L,Rectus_R,OFClat_L,Thal_VA_R,Thal_MDm_L,Thal_IL_R,Thal_MGN_L,SN_pc_R,Parietal_Sup_R,Thal_LP_L,Thal_PuM_L,Angular_L,ACC_sup_R,Temporal_Sup_L,Cuneus_R,Frontal_Inf_Oper_R,Pallidum_L,Red_N_L,Cerebellum_Crus1_L,Supp_Motor_Area_L,Cuneus_L,Cerebellum_7b_R,Vermis_8,Putamen_L,Thal_Re_L,Thal_VPL_R,Thal_Re_R,Cingulate_Post_R,Thal_PuL_L
SN_pr_R,1.0,0.15957461640074902,-0.3024426162400358,-0.035899594110221304,0.35079479275224323,0.2766303362477124,0.13776756081407845,0.599779831636305,0.2327970206481479,0.2398859785433419,0.016964102226464516,-0.10827864164708031,-0.3312760735952701,0.21491674561201865,0.09056476236500852,-0.17624951662586372,0.32974060423075896,-0.38710468419466815,-0.3173201730960109,0.5587017006915631,0.1246197545061171,0.12108227871229878,-0.28187989914298506,0.4322918844404023,0.3167174461597078,0.41062490368285537,0.5959860028889112,-0.2899528208099849,-0.2019728511304464,0.16136504050438769,-0.20909488314404376,-0.10069461481435463,-0.17785057968305498,0.19330974181676314,-0.20264774609290276,0.38036435554373715,-0.17690777479780578,0.6591040183222269,0.09763733705270515,0.19216574374006162,-0.18396657481579978,-0.3884517244781894,-0.15504821597934057,0.5877705494398876,0.2878434384815022,0.21785001899584805,0.37747606824059915,-0.27819974380249524,0.2524144609686838,-0.029416387915228385,0.41764325824563836,0.6383076520962002,-0.06993165289641769,0.4156337041270532,-0.07689287421320953,0.09968299344215649,0.3218696553765169,-0.15595159740545228,-0.39136168588038356,-0.22324296598536422,-0.11217839346705545,0.17809406675921607,0.24136475092779852,0.2573412694070634,0.01946483985503119,-0.23317023542300688,0.19506704805017017,0.25978990811119174,0.18347391670917132,-0.2052904000490344,0.45590684261734926,0.3725520456306401,-0.3686078992558942,0.6986224164203998,0.3318345788994428,-0.14097305888627465,0.28750714738913524,0.47088591812332875,-0.18117896056136343,-0.27476812201545797,-0.3392043583635614,0.5059580484223156,-0.24208562985961654,0.3864245532921754,0.466889879552292
Precuneus_L,0.15957461640074902,1.0,0.07974540180353785,0.38569911936059315,-0.0040911893241340515,0.6412215938279702,0.8869281448532949,0.21285709776681,0.7906256224959223,0.2723059163174982,0.4760561540289549,0.5290438837825795,-0.35903912020685586,0.3554649098246654,0.2112072604645079,-0.03865461706368394,0.26123081382433244,-0.3955847383249255,-0.6402569470140244,-0.19735421060408523,0.15546145470755834,0.15909555065151054,-0.34124887886465033,0.5945741258463646,0.2845000742924308,-0.38873331512080783,0.07242395775650234,0.20338481419966728,-0.4822651762803854,0.02688849576002679,-0.23182060872174157,0.3815246986288659,0.212334505691506,0.8277993452460366,-0.43521551168567685,0.15826777905035147,0.039494324631486916,0.16718649703626753,0.6034801338085641,0.15995950697440492,0.044895823632351894,-0.23788321632193207,0.08603707198714194,-0.04140939994576286,0.8845554610268217,-0.32121732294127203,0.3833193704812148,-0.32561383328478566,-0.41796912987067475,0.2915343085932717,0.6019421508050363,0.16874311615776505,0.08217722873004675,0.5546058018226532,-0.09783638548855568,-0.10036993910843751,0.48313195084702343,-0.03522964080364405,-0.20781604971149012,-0.30289947865082306,0.017813021339587114,-0.03973067308567071,0.02803311959905436,-0.37971843399795424,0.8528121962761392,-0.35207576448801403,-0.08788975266860892,0.7910309500811878,-0.06817577834091436,-0.01638908826995597,0.7533012406712817,0.22847493804615326,-0.2834449102735291,-0.07942078469916924,0.34952046575861556,0.43611528335347965,0.8158325941404798,0.11383104405626458,-0.33471618942126263,-0.06937892499358747,-0.3795885354682368,0.29190214704504996,0.01972623243482317,0.25697816962692616,-0.02702976823164646
Temporal_Inf_L,-0.3024426162400358,0.07974540180353785,1.0,0.1228598170609223,0.43313191027020925,0.4231344694957516,-0.18087103837198393,-0.2326688766451979,-0.3723772782179472,0.14576364391418156,0.09535680773938449,0.39201103367821993,0.693894146004825,0.08136705212281672,0.04568309353908435,0.7407715839507453,0.20568240534834056,0.6453078619051452,0.3356295676459343,-0.17838026248850838,0.7848931823801588,0.24811212778084224,0.41358017395338176,-0.05800218492910484,0.35548539781314537,0.01169456693969492,-0.3243217595531471,0.471407254973122,0.4312452816862276,0.3165593380211476,0.6344422619967967,0.5654434534243215,0.5180854656908022,-0.3019781322428841,0.530536752491859,-0.5397930689992295,0.3629747509897086,-0.3274547078066001,0.46682280969679096,-0.5636653207423661,0.4477584930662014,0.41586027519008134,0.5789872501138345,-0.22414660346713813,0.15951461600424455,-0.0663804314445086,-0.22319142144884346,0.6102148082128616,-0.11081187188033356,0.17637164957193469,-0.3140145188398176,-0.2071729984347674,0.6513296639230071,-0.3800538489663843,0.7065424061775436,0.09708922870326882,-0.102219064186239,0.5508667853245095,0.7956702833758024,0.5647197690727889,0.41564932463586507,0.23902847511213815,0.37235003786648246,0.33278421438494266,-0.13665759251337317,0.3359857239185465,0.3135854849506402,-0.25701344359814104,0.13266385574281403,0.796355808679303,-0.34719782359853557,-0.33647328581576225,0.613153899711233,-0.09184297187765812,-0.18954720170192726,0.36689105699914687,-0.297709192741856,-0.36108132731469283,0.28843636815974716,0.7340655890313216,0.5107356808821321,0.13941454628872768,0.3759151583694159,-0.039583773615479954,-0.28053144154038595
Cingulate_Mid_L,-0.035899594110221304,0.38569911936059315,0.1228598170609223,1.0,0.21944799150044644,0.2402206240423302,0.1317248626255132,-0.02066723666830373,0.09321441410900687,0.6906136284435663,0.8620551662357624,0.2911785383107551,0.14865888180013764,-0.0898552978766237,0.5652564883748797,0.3322092566697627,0.11170195089841599,0.12670369059061112,0.03799667295052071,0.023185146573844982,0.16610922191672844,0.3525832745342303,0.19596323993139317,-0.09662228232114156,0.17167775578381309,0.007655352517881656,-0.12228979348631938,0.7181348679829137,0.0375642738108425,0.21339813409400263,0.3418494492738432,0.5437624264334996,0.6171925084334664,0.25017278034132895,0.2761487232944883,-0.08429950750180235,0.05435499997166397,-0.14389941464148315,0.22151429309404805,-0.10162066860882293,0.18886268650694346,0.3180015688895385,0.48971955141240225,-0.029599215538549987,0.34592366822031007,0.31468760722360184,0.04340534202778835,0.29824385530180536,0.08803898713007545,0.5043391333735645,-0.13253053802813752,0.03359854561341244,0.41155809762915035,-0.01669938864439362,0.32053132459589756,0.4993889944910627,0.22002772168956555,0.12803409693459075,0.11672194817120524,0.2555534127084508,0.4716230030424627,0.08471939243095894,0.09068298751361328,0.0219691759593435,0.1296135820788635,0.24788909168649645,0.39514180702251717,0.18219221512060063,0.45314629054201133,0.32396396644323866,0.15558989176323088,0.3496205665119693,0.19802250093968823,0.003600967641079834,-0.0982398974241722,0.5372358925031921,0.19564549597580982,-0.20559105879685058,-0.13363288122447514,0.2529515498228858,0.05839743525941826,0.24167708441783148,0.17217495763468807,0.5227466583322367,0.06006884841850846
Vermis_4_5,0.35079479275224323,-0.0040911893241340515,0.43313191027020925,0.21944799150044644,1.0,0.4156528508485607,-0.27487364036392076,0.4524152564045607,-0.289735907253138,0.44923651130727515,0.11739953531277075,0.14735154339744067,0.47190778264786043,-0.014908341546814124,0.40622639811314865,0.4143884133025443,0.16573771801896428,0.278901975449705,0.3732969090858399,0.41992157959062215,0.7424729019305035,0.5617262613811852,0.4277114658256193,0.09954384434840198,0.5764154292525357,0.5873932611492372,0.4317554284475576,0.11398142918449629,0.3735961992925999,0.4391481936473537,0.6194807845355587,0.3073113041639392,0.15706638710100132,-0.2466869719494078,0.41270139512844073,0.032410129941963836,-0.04573998608525496,0.40412088684163217,0.17763224123285812,-0.19676785283744713,0.20081994986917126,0.28671860561539386,0.4154340591371653,0.5950138293322672,0.2711903226716635,0.5315533690462945,-0.035813268034595225,0.35899905166577445,0.4366682493707256,0.17736575237449126,-0.009832611582531446,0.6457615864660239,0.5424233046397835,-0.07506327627083893,0.44291413743348873,0.5769471646813945,0.07391115950039508,0.3051021120570109,0.2002348347648468,0.39532905707178,0.4990061979752658,0.24224862184360027,0.4366318900838846,0.5107601616036793,-0.32096820755021427,0.42220090479621825,0.6629329173034751,-0.1636875378953781,0.431067888232252,0.4281515781548944,-0.0082534981424187,0.3320194468795459,0.3916267706420158,0.5066607190688523,-0.025180096261751567,0.1408208992937089,-0.21223028097761806,-0.016193724354178835,0.12126887829461214,0.4076367444233933,0.18194674719106307,0.6001697947876811,0.037190392649453514,0.4757836895120115,0.2693857560065958
Temporal_Mid_L,0.2766303362477124,0.6412215938279702,0.4231344694957516,0.2402206240423302,0.4156528508485607,1.0,0.49369145416199506,0.5140871451388984,0.4080775213009341,0.3490181309315096,0.22393588703089273,0.334445369640473,0.01783896867833784,0.17396668100200718,0.0690631401926732,0.2529217811723756,0.3875792114429053,-0.16600128562229713,-0.3563999382015405,0.15377930123751155,0.6186421859223726,0.2720342806927939,-0.14595667756389888,0.6165915869447122,0.38228858335939336,0.04005796751671119,0.2317306002691738,0.17245135324138092,-0.12930312269651514,0.1484773291715536,0.11233333286383622,0.5617927023556188,0.1635014711692075,0.383999116335034,-0.15542399917446081,0.05054497101991286,0.059694187772071264,0.35111772288339216,0.6619340140749337,0.05086861445500471,0.15262471372332145,-0.17656513417547717,0.2497733563708464,0.10821938839382635,0.6826954967008569,-0.21972022541505087,0.1356574926047156,-0.05917917860227124,-0.3354412877947525,0.021961031103329625,0.4039906104728722,0.3281192174505964,0.535075176687552,0.5574501945509296,0.22832280088108478,0.025052701481468695,0.5103007507358687,0.16755120489092076,0.048857906600378885,-0.08883003699582073,0.10119318154330413,0.04841293239883382,0.1889816921407644,-0.07196098918032101,0.4492253278404685,-0.1217247252221863,0.25705199406049734,0.5877343944708256,0.04780599973821101,0.4562592309370491,0.49859154614919116,0.12477187101385757,-0.054987904532298716,0.2422051325624878,0.2871228896263853,0.37557858865757765,0.5213858820649176,-0.011228519345602789,-0.2839130431512405,0.1859418724362992,-0.27056667676999646,0.5021622032744846,-0.009919184602142772,0.3278225684915972,0.028098414714492054
Parietal_Sup_L,0.13776756081407845,0.8869281448532949,-0.18087103837198393,0.1317248626255132,-0.27487364036392076,0.49369145416199506,1.0,0.265037552596108,0.9401592932662692,0.012814732530886587,0.22156714090534155,0.2717280537989801,-0.5842171425700345,0.3668255494374974,-0.056509781567531364,-0.34686124364062926,0.11355197541441824,-0.637551985198362,-0.7970497026790302,-0.18554630264614894,-0.13428771595703742,-0.0478769733828067,-0.47748144245513563,0.6496693950946225,0.04274661237512478,-0.46487614298180935,0.1165846409656001,-0.07871222065038552,-0.6238907338707135,-0.15278588573113272,-0.5047458554475404,0.12267293656980442,-0.12304789507571015,0.914289828392064,-0.7260018993371463,0.3576856670957086,-0.04213086149513405,0.22404799251313207,0.4562941398504244,0.3882093707330317,-0.12386432849278563,-0.41180590180772425,-0.183362163912963,-0.08476586765413263,0.7327578954524484,-0.4357703369321047,0.3973635823907293,-0.6202613499303521,-0.4587286652506943,0.028211528001369963,0.7162117630386732,0.1513207385233149,-0.19434578432955044,0.7309837243339458,-0.4269669298124619,-0.27385117030993456,0.4894453903903202,-0.24075160867317277,-0.46024070791283017,-0.5685745675817778,-0.2325479653470517,-0.22281933881583624,-0.11357734482742853,-0.5890528403197145,0.9446648815004395,-0.5227655325246929,-0.3329399056348617,0.9273698505033039,-0.34527506241285044,-0.3023102197974415,0.8185937228433654,0.22533161603285146,-0.485515952309337,-0.17250892857832756,0.42309029593214525,0.1953466270012993,0.9179083599300351,0.14407016735581485,-0.4489475018794133,-0.30723922367331197,-0.5430792593539419,0.13631477245793938,-0.09739131957934404,0.10026839059883992,-0.05163122152422676
Cerebellum_6_L,0.599779831636305,0.21285709776681,-0.2326688766451979,-0.02066723666830373,0.4524152564045607,0.5140871451388984,0.265037552596108,1.0,0.37490060906237826,0.07570346513456928,-0.12809956069895834,-0.07200625206146476,-0.20083827105177798,0.030060271251246766,0.15822149965962898,-0.32940327806220454,0.12327143644269208,-0.5209844161147885,-0.2552204823000618,0.5372800413922827,0.27567017527072607,0.09483600773552879,-0.19769421825739014,0.5423510038093363,0.13454810342630816,0.49897215996281974,0.8384321404256811,-0.4543968163623206,-0.16355140632808662,0.04934046272235377,-0.13396381362935078,-0.1278326729959715,-0.4480867568026574,0.3051726491301734,-0.38138828117745754,0.579807200169169,-0.2698227474980988,0.8805636939786783,0.096720976029164,0.45889424345776036,-0.1560709091882797,-0.4583372681203746,-0.31112359523711847,0.7300932638693046,0.3798612486583216,0.20603394098704353,0.18024337101206173,-0.45840637278579116,0.1593173049929976,-0.13962815044896898,0.5317728835503971,0.7813541407103347,0.03792327011927541,0.6936353995113113,-0.30956725571435717,0.10772908717188079,0.3042371820901092,-0.15747484321809416,-0.5601042033226609,-0.4176778676089351,-0.2225372395983394,-0.17643029680362834,-0.04745833822081332,0.01695636431601391,0.16609885752697445,-0.19988083656182123,0.09942904456075292,0.49169023667603934,0.03296094554361695,-0.1986541656562096,0.5814668719602124,0.496994193801112,-0.39748835557654566,0.5430140051876073,0.2665344892766945,-0.11506268499349505,0.4085530763260197,0.29877230118209547,-0.2929974611496159,-0.3044257336690167,-0.5237405622933923,0.38371436406405335,-0.31765267807766295,0.3795466262538955,0.4000482198010214
Occipital_Sup_R,0.2327970206481479,0.7906256224959223,-0.3723772782179472,0.09321441410900687,-0.289735907253138,0.4080775213009341,0.9401592932662692,0.37490060906237826,1.0,0.017739080591667192,0.17965643322626698,0.16113064918575132,-0.701773786510311,0.2696539878833224,-0.06269267401051003,-0.5176326203635394,0.018252224028565387,-0.7568040608577833,-0.7977942251321786,-0.03233723213740183,-0.2818759440685614,-0.03836674468037811,-0.4649387102856493,0.5893180636222385,-0.034661553490177854,-0.396509096652301,0.20622280290738418,-0.229905581204932,-0.6503188108051527,-0.21863646495347058,-0.5662919060824907,0.005445303231883096,-0.28029391033677115,0.9222817013566734,-0.8064755314384002,0.4677318236166751,-0.10254896567157323,0.3146953166263174,0.321351271194826,0.5584753551463495,-0.29713493935058694,-0.4689825203596374,-0.28071624571462955,0.020384674392213357,0.6352129657657923,-0.35387802634317084,0.4119935756696845,-0.7383475739895735,-0.39258564031107895,-0.07991840160633581,0.7324378439074795,0.23881446799656425,-0.26227782604560607,0.8132783427755057,-0.5928428497473184,-0.21699451381357393,0.5603577967980008,-0.41003050410593345,-0.6247954384103055,-0.6248422693129513,-0.25259649045387267,-0.22468251270216558,-0.16896355326331003,-0.6169849704304599,0.9222909333554432,-0.5232907490722857,-0.31092655107987716,0.9354237879406105,-0.30746584838088825,-0.4286678555757237,0.8648724453284328,0.35446133290747917,-0.5572656020349611,-0.07880312739134945,0.48937609563105194,-0.003708227822343643,0.9354580460977443,0.22502300089995902,-0.503744646095862,-0.4345628473792729,-0.6756831996160083,0.13790725625289127,-0.20217388997403934,0.15634574955756433,0.05867507190414642
Cingulate_Post_L,0.2398859785433419,0.2723059163174982,0.14576364391418156,0.6906136284435663,0.44923651130727515,0.3490181309315096,0.012814732530886587,0.07570346513456928,0.017739080591667192,1.0,0.7505908771981321,0.024805683031016493,0.1428012024697697,0.13414936565889848,0.30284120422385086,0.4619101767304149,0.13143734894184755,0.06985400505316884,0.07338098887999776,0.1760302922207392,0.2567601996012951,0.6436076204087244,0.3359203441378993,0.04823277253755735,0.4756058364925715,0.12689587880015482,0.029712481856183772,0.5347395942736383,-0.0746854066207258,0.4768577910284654,0.42910998902370584,0.6022224070858071,0.4389738474350691,0.09316355040174087,0.2699620160290372,-0.0038125752916594526,0.15604702718427305,-0.014266568114281227,0.3053136689279366,-0.19738333528608343,0.09699403474547512,0.3122038307905449,0.5804102837283892,0.143266730309578,0.33333649557939093,0.4816857093194233,0.14543498877127206,0.2899054979901013,0.28901047827135573,0.1748687081683391,-0.009913614354185796,0.2259083497988868,0.4761695151755661,0.02492958810184487,0.43421706759265305,0.6945900884728274,0.44881374851449907,0.08616533780088867,0.089346964642835,0.35820910134134565,0.6143993666820028,0.3453296490863209,0.4065488131974232,0.15019896653175158,-0.026826268952246924,0.21867271895249396,0.7210015835120531,0.10912320802670525,0.5112102803701387,0.3911042230924683,0.15375962925927789,0.5233213113693477,0.31783759822901464,0.16574349040476533,0.032579577393819135,0.19836879255791529,0.14441499041286793,0.01796933497628823,-0.07991267605769474,0.38897911259951506,0.15394272272336576,0.6637821057313364,0.13953808726589473,0.8412268386487766,0.387686745677464
Cingulate_Mid_R,0.016964102226464516,0.4760561540289549,0.09535680773938449,0.8620551662357624,0.11739953531277075,0.22393588703089273,0.22156714090534155,-0.12809956069895834,0.17965643322626698,0.7505908771981321,1.0,0.23862292018155307,0.001758994509360966,0.06251348497762028,0.5039859000443024,0.3567558828321705,0.0060556997072791965,0.008844629877609346,-0.028205999071213936,-0.0674825592482125,0.04549954786977874,0.41124872759508596,0.23760832980497015,-0.003822956344073125,0.26571418269802616,-0.22335887690703796,-0.14855181914876459,0.6993096092380734,-0.22324605225800526,0.3932016672492059,0.29027368275296317,0.5417417066770418,0.6039611116104854,0.32327746781508565,0.19494318134408992,-0.023219156569212553,0.2983051588886274,-0.19113805416241653,0.2715008681873786,-0.1547989450786492,0.030054884473838937,0.28376465967445264,0.5175891330474609,-0.04916896660624949,0.4669875270652039,0.25716752611366517,0.24241517706472182,0.22988327619024032,0.1169200416793497,0.4185791110393806,0.014851732871908134,-0.04458628886027362,0.2957338933774065,0.008282349496187742,0.3312081591888179,0.5012075487747514,0.3821893750538457,-0.023979923016694594,0.05824667164317581,0.26777522838691964,0.4998858826915723,0.2874676211185855,0.18570489637490203,-0.08349173678924016,0.2062626793743557,0.1606903794637701,0.4183056149210178,0.19603614373939016,0.5258705246842299,0.23952427131620024,0.2618121146072241,0.4391556722300353,0.2452443838749238,-0.06315726428744216,0.05533957800461154,0.4229318718560602,0.284935156271864,0.03162108851471986,-0.028111612157367596,0.34048591317627097,0.1155605429374828,0.3839655756516278,0.2071527816692597,0.6050344974800654,0.25400001942361977
Paracentral_Lobule_L,-0.10827864164708031,0.5290438837825795,0.39201103367821993,0.2911785383107551,0.14735154339744067,0.334445369640473,0.2717280537989801,-0.07200625206146476,0.16113064918575132,0.024805683031016493,0.23862292018155307,1.0,0.12462903536684478,-0.024758603549886314,0.487794259072692,0.21057729905166864,0.3088657349965844,0.19518228513082697,-0.007292646382134387,-0.3154299895799181,0.3969560605834271,0.18439605655157415,-0.11078805666817333,0.20047485383139133,0.30749259927368205,-0.22506144334201278,-0.05045617935738676,0.2727461798504431,-0.0025994840867935645,-0.12825653692011008,0.15040415964498588,0.37183135199637785,0.46068757147476225,0.20169390355524572,0.037837276963042225,-0.19209988430000954,0.029881678210330095,-0.09298538928214369,0.38324292450197694,-0.1676513737929786,0.3013171466959036,0.07932527847773338,0.19239779327534146,-0.02909535372323798,0.4947235420317206,-0.25992462925262966,0.12984974835564597,0.12753736732117676,-0.27316574945178973,0.6037628054335268,0.0853379800334811,-0.06749032358033477,0.23234268421451745,-0.04589514168239948,0.1944183851238484,-0.0941267053063978,0.009430937466414418,0.3496366687380464,0.22289944355706282,0.18767695700245712,0.14110173983518248,0.14840586691364965,-0.11121685685340682,-0.02703825742720915,0.3769445872039731,0.07676180753566816,0.03130834812473376,0.1394133425312934,0.1722179153232047,0.23277531099906404,0.15152015890623072,-0.13998063041610181,0.08570086821791262,-0.028184312997182732,0.03190814788745399,0.6405889027494562,0.08616697095944172,0.03727778364139084,0.09291079410462824,0.11861784155054388,0.01855952821561491,-0.036702251011046204,0.0085984075474694,-0.06402549094543263,-0.3743114364874475
Olfactory_L,-0.3312760735952701,-0.35903912020685586,0.693894146004825,0.14865888180013764,0.47190778264786043,0.01783896867833784,-0.5842171425700345,-0.20083827105177798,-0.701773786510311,0.1428012024697697,0.001758994509360966,0.12462903536684478,1.0,-0.10865106152140618,0.11725224262046192,0.7420316885911624,0.10279770731930638,0.8215402583421199,0.7160861109522958,-0.04897380940028106,0.6503682322724151,0.1918204942827508,0.5465770646600114,-0.3817977631913457,0.1407534049781017,0.41286808473425957,-0.18188217664446663,0.4435321069098907,0.5736814541842664,0.3517010833794909,0.7024283084565297,0.3779553031813842,0.4108098888423125,-0.6055626303619527,0.7739446788251779,-0.5230607984251494,0.22429338977951385,-0.2982346534641333,0.20726511319292773,-0.6312700988242683,0.5857275104447633,0.5423020623647188,0.4499891787686456,-0.06168569367605967,-0.2656632755752943,0.3573824326021757,-0.46106173599448724,0.7902760287997406,0.3354920912193112,0.18631686642007095,-0.6226906337870406,-0.1735172872137876,0.6294547646482161,-0.6161635050240653,0.6806005936249998,0.30318416732917175,-0.4123440643646703,0.6665136580975236,0.7890100692699883,0.563178747206596,0.36587216340754375,0.00484718907520032,0.22169673948719484,0.5623587851120605,-0.5654947398203132,0.3989296469422911,0.3645821921793485,-0.5647514051316442,0.2267779715187944,0.707955680331056,-0.6347731590214926,-0.19755143181688328,0.6552286791694844,-0.03481268816317486,-0.5284897547063944,0.22386982672001907,-0.6004085022018557,-0.45866134484688004,0.2760628235105744,0.683375543074092,0.7019490762312232,0.0029666849206363873,0.32702174724209687,0.030314366317333034,-0.10448083723185016
Thal_MGN_R,0.21491674561201865,0.3554649098246654,0.08136705212281672,-0.0898552978766237,-0.014908341546814124,0.17396668100200718,0.3668255494374974,0.030060271251246766,0.2696539878833224,0.13414936565889848,0.06251348497762028,-0.024758603549886314,-0.10865106152140618,1.0,-0.21939760908343203,0.13770078713555434,0.18306703029069465,-0.21753222810698994,-0.40758453201676326,-0.3170036163892216,0.14296165647073383,0.06077489963328078,-0.12510804487953994,0.49659432040131934,0.23998773173512916,-0.00907545334097856,0.16731517467029788,-0.05274719327607378,-0.39525319136862314,0.4460061633284977,-0.23121904511071,0.012128553969253027,-0.013690405488961449,0.32583381316972637,-0.21381473005805818,0.061074498571642204,0.18072810330110214,0.1740701363208235,0.42940634296027314,-0.20798702128781008,0.1755839691651605,-0.15281227670677933,-0.009652975774058067,0.013680850190701404,0.37292070777046626,-0.01988565814142656,0.37239562492625455,-0.21362401418391588,0.02032704229061584,-0.022900038503197422,0.4095835337930184,0.1546509762978784,-0.15864008887505093,0.1029165295345606,0.04973132187141118,-0.1263775906022129,0.08543605402632652,0.13373383480233175,-0.01904081994819629,-0.21834515513679265,-0.07996691810447724,-0.01181455353413944,0.35676485124026924,0.1483607783114184,0.2419791570933483,-0.3915565797045988,-0.042269910321857104,0.2758417533642212,-0.2024745361670051,-0.1086580725672273,0.3074786629751073,0.1008269728377418,-0.12474479229972506,-0.16252760141984307,-0.003826239580473436,-0.07292563370747296,0.33270422506380243,0.23364862780089476,-0.037980087328140275,0.09783581146133094,0.08426513940038095,0.28874752827437755,0.29778058972562454,0.21766214117931,0.2838453143519339
Precentral_R,0.09056476236500852,0.2112072604645079,0.04568309353908435,0.5652564883748797,0.40622639811314865,0.0690631401926732,-0.056509781567531364,0.15822149965962898,-0.06269267401051003,0.30284120422385086,0.5039859000443024,0.487794259072692,0.11725224262046192,-0.21939760908343203,1.0,0.07786618690087514,0.07735309543911728,0.06699564897958048,0.25310505584034815,0.06911659839780179,0.18384237768273853,0.2684132599544529,0.17420536021000466,-0.030029453850348345,0.34012257605597995,0.1156228986341883,0.23723200283956097,0.2872061297780121,0.09432433694049328,0.16883577366299465,0.3130009031598697,0.10150026046674318,0.407209403300849,0.11053344863737252,0.2718516004556715,0.15270168103819318,-0.08687306611608762,0.19116199452944554,-0.11066235908612213,0.030910953839614036,-0.02644989582216113,0.13647358709473337,0.17906408275708327,0.4095444868467307,0.4015590861548168,0.3286202568253766,0.16138354153985912,0.1753807006807566,0.2655908325493602,0.739180254138961,0.05469589859427843,0.28781641322273127,0.11095836716813909,-0.10202962463715834,0.18170342543013265,0.4508927348831029,-0.09194421650951239,0.008897734953219438,-0.0646531351982918,0.281715026868846,0.26248891652047696,0.25851299718913245,-0.03704646677929462,0.15101534041989698,-0.029627484442477085,0.3456831279153937,0.26088591900969105,-0.08391497259691323,0.5900192910561685,0.001398592329910547,0.184857587149618,0.3658216570137816,0.08268872834516473,0.22092058394078531,-0.023029270238400696,0.5211956941530974,-0.08368574760378357,0.15393004762720053,0.1792489861419918,0.03344910581130476,0.0009698489502806984,0.13851557859286204,-0.0276823434468318,0.3041635525944302,0.09688743288057657
Rolandic_Oper_L,-0.17624951662586372,-0.03865461706368394,0.7407715839507453,0.3322092566697627,0.4143884133025443,0.2529217811723756,-0.34686124364062926,-0.32940327806220454,-0.5176326203635394,0.4619101767304149,0.3567558828321705,0.21057729905166864,0.7420316885911624,0.13770078713555434,0.07786618690087514,1.0,0.19073259562720557,0.6968957282827765,0.42658811172172323,-0.18409560348787324,0.6475511910563312,0.3956399017761961,0.4472601705543483,-0.13495324565810343,0.35423381228509954,0.14668645969531985,-0.2997911038645915,0.7271561296273347,0.3165233119341397,0.5459222063878177,0.6727278312180502,0.7107348672818402,0.6830733140208796,-0.4133746159996997,0.704509578702801,-0.5837672187229846,0.44653980510252184,-0.39656281576406305,0.5016257526942947,-0.7634900737676297,0.533382533028294,0.5175922311790949,0.6517705637707918,-0.22380267672795745,0.004461791171180164,0.24407558930687456,-0.1347574684342348,0.8114877318713397,0.1634711921255043,0.2587730340459447,-0.47635609040348936,-0.25349767606918355,0.7230739967940439,-0.5219500527376564,0.8622446489513919,0.31168429254829666,-0.09059800978426599,0.6015994138854379,0.8140277602452046,0.6080601752524918,0.5011852748793278,0.2520818620264248,0.43003959380375184,0.45250337516106703,-0.37105677511347535,0.31935092777897045,0.5441592179288819,-0.36858405542754125,0.37399459857203476,0.8622352458656551,-0.47348723777543134,-0.14752924032762132,0.6588960863793866,-0.07227572729755875,-0.30964366376818736,0.43709696322113034,-0.35076212990154254,-0.2682854711216091,0.2262112992651002,0.822385110426185,0.6862178415402278,0.3186122209312821,0.43682165483255275,0.2814889576770794,0.05361384910301111
N_Acc_L,0.32974060423075896,0.26123081382433244,0.20568240534834056,0.11170195089841599,0.16573771801896428,0.3875792114429053,0.11355197541441824,0.12327143644269208,0.018252224028565387,0.13143734894184755,0.0060556997072791965,0.3088657349965844,0.10279770731930638,0.18306703029069465,0.07735309543911728,0.19073259562720557,1.0,0.18060802756130098,-0.19289373975091378,-0.024644206749015164,0.4004556421894134,-0.12196957473853866,-0.5050573619139431,0.2628843331041875,0.3760510480883953,0.24239156850731236,0.01676588672454655,0.13751697427799114,0.14442793916850905,-0.1476262119900889,-0.1331950227063033,0.22844162650769737,0.3301661140393305,0.041230139639240306,0.10530889887765552,-0.29554597907820485,-0.3942591351163779,0.1748603738794993,0.3918158213260572,-0.21958654181196632,0.4300862612500534,-0.29649169339777565,0.02272922386953364,0.018503954876228104,0.2530431806182837,-0.21707400065416768,-0.06270745059636365,0.09799044024626405,-0.2752169244981427,0.2945977176075878,0.05738711101501161,0.08566246181079692,0.28177337976773265,0.05236247118176366,0.38255939759481794,-0.22113245525717684,-0.07579785226132678,0.5136513911837134,0.2514399481090818,-0.09664547145194465,-0.14356772557708714,0.10593383830585773,0.14992566081911937,0.41552197831395354,0.07189602367804239,-0.20160859294245195,0.002569092551236741,0.12090967459339055,-0.0447231386122834,0.25709975922103795,0.1373244494062463,-0.27957722022358805,-0.24525641736680082,0.37441810931755426,-0.11461388004817967,0.38831885155832185,0.1140390852481435,-0.027955836199039963,-0.02530729997016355,-0.18289604480221958,-0.054690716579757326,0.09653777907034332,0.02172987301683852,-0.07159421150426001,-0.25317605909989255
OFCant_L,-0.38710468419466815,-0.3955847383249255,0.6453078619051452,0.12670369059061112,0.278901975449705,-0.16600128562229713,-0.637551985198362,-0.5209844161147885,-0.7568040608577833,0.06985400505316884,0.008844629877609346,0.19518228513082697,0.8215402583421199,-0.21753222810698994,0.06699564897958048,0.6968957282827765,0.18060802756130098,1.0,0.6760104611300267,-0.13896400169804524,0.4645241779234003,0.09322617362105888,0.39264740944043547,-0.5545701431458765,0.09951842365982673,0.2165453500334167,-0.4824291391379394,0.514139407859194,0.6850012563537422,0.1333162271208508,0.5992302915038726,0.36156921323269164,0.5562226235368113,-0.7027987413974732,0.8108103355291669,-0.7256677866959841,0.10806118570493708,-0.5120811144628737,0.11205650259637914,-0.6523559204135402,0.57371359516345,0.562207307754251,0.4640463245636664,-0.2824831437856684,-0.380483546526909,0.15864676181717755,-0.44489560215264623,0.861006243850143,0.14826780856791832,0.24490261061402704,-0.7739541089359273,-0.3913359442296806,0.5489698765209234,-0.782553106916461,0.7316924247564875,0.15990850236149365,-0.47107822157015683,0.6965834424401771,0.8776027290044351,0.6634658993603846,0.4092742083289472,0.14770374869578418,0.2513496138429986,0.5349402699155091,-0.5914899030013928,0.44068396863610937,0.26699648082654387,-0.6910936570118922,0.2307838527226219,0.6796816631418039,-0.7564960134615027,-0.4362608316198777,0.6420448275441933,-0.039006865249980816,-0.4957513744182758,0.28909599891081583,-0.6754875975621354,-0.4853494304967643,0.38317276848845366,0.592243311121084,0.6784781064128683,-0.16346279382911724,0.2568464627603124,-0.21210398537370345,-0.3524463074278412
ACC_sub_R,-0.3173201730960109,-0.6402569470140244,0.3356295676459343,0.03799667295052071,0.3732969090858399,-0.3563999382015405,-0.7970497026790302,-0.2552204823000618,-0.7977942251321786,0.07338098887999776,-0.028205999071213936,-0.007292646382134387,0.7160861109522958,-0.40758453201676326,0.25310505584034815,0.42658811172172323,-0.19289373975091378,0.6760104611300267,1.0,0.10054110275503858,0.2704492704772575,0.23501605293718417,0.6451808104136396,-0.5688947308078869,0.06980805776108151,0.3206622828626303,-0.101162197625647,0.19103873332707835,0.4995825373232009,0.19001868319919277,0.6781604930341727,0.0691277355108259,0.16623290739563926,-0.7650291104976706,0.6772628306350506,-0.27326191831020347,0.13448362173651318,-0.2806085464079049,-0.33113013658817675,-0.4209406061906374,0.24697086647001032,0.6327813898263868,0.4022779423212285,0.12873111759703748,-0.4503411625096033,0.4320957243658069,-0.3934784394052913,0.6448118532588689,0.5103392130644658,0.05574733299268434,-0.6383725822722285,-0.11535436467597517,0.3189501169472471,-0.6725601946351077,0.4451180290547353,0.45715221467871625,-0.35727843606681964,0.35544805923254397,0.45264778411315426,0.6637927507995064,0.45070577026904984,0.2651821947418664,0.09239465401989382,0.47095435346652864,-0.721119330170097,0.6329467385640347,0.4153251406164432,-0.7774025238098036,0.3772763262042669,0.3762541275434046,-0.6595419962665848,-0.06917390263929536,0.6896478044505512,0.06056332370318407,-0.46034017133858834,-0.01111187292641054,-0.7816517896310994,-0.19786493373801223,0.5320152769142347,0.4703670484490195,0.6691035512663696,-0.07077511174223577,0.11857706717497667,-0.0030519371213763745,-0.04934151469508703
Red_N_R,0.5587017006915631,-0.19735421060408523,-0.17838026248850838,0.023185146573844982,0.41992157959062215,0.15377930123751155,-0.18554630264614894,0.5372800413922827,-0.03233723213740183,0.1760302922207392,-0.0674825592482125,-0.3154299895799181,-0.04897380940028106,-0.3170036163892216,0.06911659839780179,-0.18409560348787324,-0.024644206749015164,-0.13896400169804524,0.10054110275503858,1.0,0.08432612629911816,0.18016068156573192,0.1533368386128059,-0.09733546715008548,0.0032353253492682934,0.507062221221356,0.3489157441447533,-0.23605053601934076,0.24147215190314064,-0.030814784877036684,0.17271621882392735,-0.05192647887395745,-0.2716220578974725,-0.10256918524632579,0.038102309113067,0.3035204074884252,-0.10762509337841879,0.43134201526402133,-0.21537825932498558,0.3350538362072799,-0.2802652532609799,-0.07523219089948285,0.017149403950050133,0.5090432523359896,-0.10006008658877942,0.34525114404221374,-0.07584734827752505,-0.03640076211481973,0.31437197524531185,-0.24320170075051623,-0.02899025944905574,0.5151273770368858,0.19996425218748057,0.2869610355870744,-0.07193632297027738,0.3532574609246438,0.3250481055416127,-0.23215433816418177,-0.26142942591955787,0.05926012359554681,0.1528372777424175,0.1255308445622103,0.2128198679939027,0.2284548299117022,-0.20097537052973571,0.17769552751806517,0.33177138628403735,0.014680560978393618,0.2758572891601054,0.016100833896446922,0.10323750236280176,0.3369117548573454,-0.01596891832092549,0.7437821442640534,0.16867097872348016,-0.29282194852149673,-0.0010592194901323754,0.1097570955216204,-0.0936214299696555,-0.08321719741307182,-0.2683774753133875,0.311183390987526,-0.21282018659806867,0.2623491477016185,0.3037485508513278
Fusiform_L,0.1246197545061171,0.15546145470755834,0.7848931823801588,0.16610922191672844,0.7424729019305035,0.6186421859223726,-0.13428771595703742,0.27567017527072607,-0.2818759440685614,0.2567601996012951,0.04549954786977874,0.3969560605834271,0.6503682322724151,0.14296165647073383,0.18384237768273853,0.6475511910563312,0.4004556421894134,0.4645241779234003,0.2704492704772575,0.08432612629911816,1.0,0.3106644609834631,0.21475045046816973,0.21555788667382325,0.46287300159112527,0.44068622387236617,0.19269072661921474,0.2622070859740807,0.3541637492557538,0.3603399934242466,0.5545246511926902,0.49704389760809764,0.3351039734811396,-0.2386948866874708,0.41016219116080854,-0.30584288452385855,0.10833018283986733,0.1662368376726988,0.5113736464034464,-0.46629685718203434,0.5527505805970109,0.2219928761477811,0.4224854284706456,0.23406940464664397,0.3242564220880617,0.1475901575412906,-0.13077654820113696,0.44465400907876307,0.07619449026868827,0.1910667828336946,-0.09683395016062085,0.27925994593952824,0.6685423699733379,-0.1258301426837521,0.6175753908837757,0.16740714652771432,-0.04481159933544691,0.6598639179945397,0.5325993445671308,0.3416347621650523,0.3051526245942108,0.1160506257920126,0.3434125905698647,0.5127978306215821,-0.17567806196136274,0.20242478393365984,0.409879843486952,-0.08851717865326557,0.18251644862695637,0.697099072185059,-0.1050217149079648,-0.0926085980814498,0.3762222385850109,0.2809427977165429,-0.19712470834884874,0.37602579302957845,-0.1567287307305249,-0.1774232666240616,0.14474800127962514,0.5250485284250542,0.30958663429431765,0.35684133824626985,0.20961926496373043,0.21202002176170734,-0.044102048176074306
Thal_PuA_R,0.12108227871229878,0.15909555065151054,0.24811212778084224,0.3525832745342303,0.5617262613811852,0.2720342806927939,-0.0478769733828067,0.09483600773552879,-0.03836674468037811,0.6436076204087244,0.41124872759508596,0.18439605655157415,0.1918204942827508,0.06077489963328078,0.2684132599544529,0.3956399017761961,-0.12196957473853866,0.09322617362105888,0.23501605293718417,0.18016068156573192,0.3106644609834631,1.0,0.5707833239194211,0.051136433096449004,0.5052741127900471,0.06444425363831259,0.12435985360226083,0.29567700777484135,0.04114208168365892,0.43763360355865877,0.5664861495885469,0.5300136125175959,0.2421324983365177,-0.03589828449030371,0.19410752439731105,0.10436601040898037,0.2838490625130546,0.039428480880861524,0.24090648449142274,-0.14656130683386073,-0.003747046222170468,0.44455067059931175,0.5931885364504583,0.25005348676831685,0.26710932359959627,0.3903175625001244,0.1807215322635842,0.2628483159399181,0.2928204450570786,0.15364829228436758,0.005449656855310072,0.2699379268255865,0.44798741166473527,-0.011208497513678485,0.3141290667792981,0.6600101757234976,0.44632744567309374,0.031388729269559136,0.07500709869442365,0.4856766403759267,0.7169978630359507,0.33576407630249544,0.397601901542699,0.0208744238983864,-0.028460307523675548,0.373709890872554,0.7614899015909061,-0.003499044550007132,0.4931372640621515,0.3262350881626089,0.05017706434776436,0.4606618704173415,0.5305432988386226,0.09920967570758647,0.18505441248911772,0.1293798367094692,-0.017602783883557675,0.0697497864564337,0.08651628762741788,0.5196595819231618,0.1671255530477318,0.6861960510509595,0.0693923631796723,0.6264111369779459,0.28786843522395034
Pallidum_R,-0.28187989914298506,-0.34124887886465033,0.41358017395338176,0.19596323993139317,0.4277114658256193,-0.14595667756389888,-0.47748144245513563,-0.19769421825739014,-0.4649387102856493,0.3359203441378993,0.23760832980497015,-0.11078805666817333,0.5465770646600114,-0.12510804487953994,0.17420536021000466,0.4472601705543483,-0.5050573619139431,0.39264740944043547,0.6451808104136396,0.1533368386128059,0.21475045046816973,0.5707833239194211,1.0,-0.4016363273332644,0.1440406582711508,0.10309782103988714,-0.1419856434553836,0.31477320302170064,0.32481560375801516,0.5298440487395571,0.7878981360770669,0.2861759542470667,0.171953480886719,-0.3868116465786798,0.5185044220716839,-0.07482117673370235,0.5450709405180663,-0.2837391043206167,-0.07256458635167876,-0.2573672719636076,-0.057342345903419384,0.7247922215249847,0.616884558437302,0.0810959707669897,-0.19726666947794289,0.5551833899005135,-0.1427909892037037,0.5136579473251224,0.5364657847408241,-0.021662293581008924,-0.41777116262718234,-0.03403651795079624,0.3856597271067252,-0.43218590406330587,0.34797501442435397,0.6865728559343968,0.05081040871677612,-0.017578339390581777,0.349797552851351,0.7350322997637163,0.7077002850572428,0.33596967865255317,0.3575157780218755,0.18754497287968278,-0.40236287092533424,0.5619246846997387,0.613341169744018,-0.46709395602664605,0.41561942357741016,0.38330209051199754,-0.42728460121050366,0.28154028471186343,0.834005655287759,-0.1035077758042234,-0.13905321450405314,-0.1421647862679668,-0.47127500068870487,-0.15985081354243658,0.3005209558799571,0.7596057267406193,0.553216513286579,0.26858361748429144,0.31938666954014633,0.34939345225504737,0.2338351337744581
