,Cerebellum_6_L,Olfactory_R,Vermis_9,OFCmed_R,Vermis_10,Rolandic_Oper_R,Cerebellum_4_5_L,Cerebellum_10_R,SupraMarginal_L,ACC_sup_R,Cerebellum_8_R,Hippocampus_R,Vermis_1_2,Thal_Re_R,OFCant_L,Cuneus_L,Lingual_R,ACC_sub_L,Supp_Motor_Area_L,N_Acc_R,OFCpost_R,Frontal_Med_Orb_R,Rectus_L,Temporal_Mid_R,Occipital_Sup_L,Raphe_D,Cerebellum_Crus1_R,Thal_PuA_L,Caudate_L,ParaHippocampal_R,Cerebellum_3_R,Thal_LGN_R,Cerebellum_Crus1_L,Thal_PuL_L,Rolandic_Oper_L,OFCmed_L,Frontal_Inf_Tri_L,Cerebellum_7b_L,Fusiform_R,Postcentral_R,Cerebellum_9_R,Heschl_L,Cingulate_Post_R,Cerebellum_10_L,Thal_PuM_R,Thal_MDm_L,Thal_PuA_R,Temporal_Inf_L,Temporal_Pole_Mid_L,Insula_L,Occipital_Sup_R,Occipital_Inf_L,Frontal_Inf_Oper_R,Thal_LGN_L,Vermis_8,Red_N_R,ParaHippocampal_L,SN_pr_L,Thal_MDm_R,Amygdala_R,ACC_pre_R,Cingulate_Mid_R,Thal_PuL_R,Temporal_Pole_Sup_R,Frontal_Sup_2_L,Frontal_Inf_Orb_2_R,Red_N_L,Temporal_Mid_L,Temporal_Sup_L,Cerebellum_6_R,Putamen_R,N_Acc_L,VTA_R,Fusiform_L,Temporal_Pole_Mid_R,Thal_VL_R,Occipital_Mid_R,Parietal_Inf_R,Thal_PuM_L,LC_L,Occipital_Inf_R,Cingulate_Mid_L,SupraMarginal_R,Calcarine_R,Precuneus_L,Frontal_Sup_2_R,Frontal_Sup_Medial_L,Temporal_Sup_R,Frontal_Inf_Oper_L,Thal_IL_L,Thal_AV_R,Cerebellum_9_L,Thal_MDl_R,Thal_PuI_R,Vermis_7,Cerebellum_Crus2_L,Lingual_L,Olfactory_L,Frontal_Med_Orb_L,Frontal_Sup_Medial_R,Caudate_R,Precuneus_R,Supp_Motor_Area_R,Angular_L,Vermis_6,Cuneus_R,SN_pc_L,Thal_VA_L,Precentral_L,OFClat_R,Occipital_Mid_L,Precentral_R,Cerebellum_8_L,Thal_LP_R,Parietal_Sup_L,Thal_VL_L,Calcarine_L,Frontal_Mid_2_L,Postcentral_L,Thal_VPL_L,OFCant_R,Vermis_3,ACC_sub_R,OFClat_L,Hippocampus_L,Amygdala_L,Vermis_4_5,Thal_MGN_R,Paracentral_Lobule_R,Thal_AV_L,Cerebellum_7b_R,Pallidum_L,Thal_PuI_L,Thal_LP_L,ACC_sup_L,Angular_R,Thal_VPL_R,Frontal_Inf_Orb_2_L,Thal_IL_R,ACC_pre_L
Cerebellum_6_L,1.0,-0.12185478029120685,0.5317728835503971,-0.2801642195354613,0.8645869615419058,0.20603394098704353,0.5095168706889541,-0.16355140632808662,0.35714321796703746,0.03296094554361695,0.4401544242408046,-0.21440719275500073,0.49897215996281974,-0.31765267807766295,-0.5209844161147885,0.4085530763260197,0.8173786702821113,-0.3251991722952543,-0.11506268499349505,-0.2698227474980988,-0.044377837498226436,-0.16050187436158675,-0.1555017760985901,0.6907558421907357,0.35513371084481077,-0.4184696201834741,0.29973121173099876,-0.10786690667506771,-0.30956725571435717,-0.3646730100119879,-0.1870782637647531,0.50641054319173,0.2665344892766945,0.4000482198010214,-0.32940327806220454,-0.1560709091882797,-0.1278326729959715,0.5423510038093363,0.7300932638693046,0.014858833175666634,0.8384321404256811,-0.2765520193376096,0.3795466262538955,0.5653600954000721,0.270387303129433,-0.2225372395983394,0.09483600773552879,-0.2326688766451979,0.41757430113989674,0.03792327011927541,0.37490060906237826,0.6936353995113113,0.496994193801112,0.2228988123886809,-0.2929974611496159,0.5372800413922827,-0.22785141750956805,-0.09495569899621596,-0.31112359523711847,-0.5032760198594681,-0.38138828117745754,-0.12809956069895834,0.04934046272235377,0.6853633926540589,-0.49162703746687303,0.1593173049929976,0.5430140051876073,0.5140871451388984,-0.1986541656562096,0.5393828541622221,-0.10227717184618314,0.12327143644269208,0.44751799277891746,0.27567017527072607,0.45889424345776036,0.10112994447954941,0.5217485825527528,0.3051726491301734,0.09942904456075292,-0.19511428985018495,0.579807200169169,-0.02066723666830373,0.5932179124595597,0.7389059455411009,0.21285709776681,-0.2840296292642434,-0.4543968163623206,0.5069449367135936,-0.11609057028871399,0.3042371820901092,0.23944348710495977,0.8805636939786783,0.2073353494974922,0.13454810342630816,-0.46340412856897395,-0.3315284720396668,0.7947957403552697,-0.20083827105177798,-0.1965656282641562,-0.4480867568026574,-0.3122384816328368,0.3798612486583216,-0.13962815044896898,0.49169023667603934,0.787641853100242,0.5814668719602124,0.4051483583876399,-0.13396381362935078,-0.11057149542119042,-0.15546063701736829,0.3738141612781687,0.15822149965962898,0.5270231484106107,0.12302654828588863,0.265037552596108,-0.12756373574340388,0.45908572705439443,-0.4475451581452191,0.009499540243195607,-0.09415638316702613,-0.39282661274423514,0.5940316762682449,-0.2552204823000618,-0.5601042033226609,-0.21065618750989482,-0.48448990780347684,0.4524152564045607,0.030060271251246766,0.2163771172929853,0.5512051843889437,0.29877230118209547,-0.39748835557654566,0.1872664230922685,-0.19988083656182123,-0.16590030480162288,0.5149533316179572,0.38371436406405335,0.096720976029164,-0.17643029680362834,-0.45840637278579116
Olfactory_R,-0.12185478029120685,1.0,-0.6175000622790187,0.4361436214055142,-0.43010631830408197,0.48743129333193064,0.3742517452929282,0.6301652973253828,-0.29736039118851965,0.3671029582529431,-0.2186764158298576,0.8585557412792265,0.5725083523344221,0.2106197889888469,0.7886329031163596,-0.7044048037601399,-0.33646414179024525,0.8588608879482018,0.1368041427909237,0.08830589910666206,0.7421336611469594,0.29515905445893237,0.47457107890209815,-0.37057010078579605,-0.7272881685969511,0.8216795114383503,-0.45975266169171985,0.40378943038392573,0.6139686389597696,0.7769358511526296,0.8260090370230924,-0.02462536899208115,-0.5236432515712277,-0.01845876675376127,0.6098653547005092,0.5146944234894738,0.2232299674326444,-0.4455883434242132,0.1667607138171903,-0.4614562484311395,-0.005248695009879429,0.46834892094633956,0.024321719836376463,0.2991091522856392,0.06264891540411023,0.35870747035130435,0.16994502097489658,0.5009880339701585,-0.5751933496217699,0.5056666974978985,-0.7877176149970829,-0.6705716444113105,-0.14384404555885252,0.11639644260375334,0.38878680758528694,0.12086535797898583,0.8083340034972022,0.5626338139111737,0.38115908755491684,0.5213100691891583,0.8036304932812741,-0.035836151673267334,0.2891075821050816,-0.47114519986108905,0.4038532148897005,0.5080911366009907,0.18678460764860047,-0.13507664957640106,0.557756814623197,-0.24821224737164707,0.707101805004889,0.12752554774200275,0.17241878130244231,0.5666481527258042,-0.5868087409800639,0.04789982164666047,-0.7438967446550614,-0.7121482207113327,0.3984304667710413,0.5054862713355603,-0.4183975170631906,0.1275801852223484,-0.39564858464383335,-0.4625260072269524,-0.4909365166299938,0.6486230628592554,0.334421592795961,0.26965512435264705,0.41361801316156216,-0.459294551003135,0.1476131732379845,-0.14628106994591214,-0.18178867957516648,0.1123152900376193,0.3774150590894438,-0.05653211174257361,-0.2806318043623729,0.891681833790166,0.1624137196783338,0.340457376417823,0.7044576871668451,-0.3491121067333259,0.20200248908661073,-0.6797626265951784,-0.02155165849653619,-0.6414332194261542,-0.7301959901398081,0.6766355082844673,0.36733319610699694,0.7704771699394314,-0.6829814308086259,0.2374842826767612,0.24180040840877848,0.28197704456466416,-0.7256162498150222,0.3966571826303976,-0.698350855733167,0.686656233325525,-0.2509394015750016,0.42964052694368415,0.7670660142018141,-0.42545395915956946,0.7813400013319699,0.6442837625659483,0.7164534162762994,0.7596968835752218,0.534858780942134,-0.22321496375856772,-0.4294233066564701,-0.28214351512208613,-0.2857588931933431,0.5731865028681535,-0.32093019497811254,0.4396746292592899,0.31254599672979705,-0.6948872451836314,-0.01372009767222603,-0.013447411261628002,0.08292224609934788,0.7728130906821635
Vermis_9,0.5317728835503971,-0.6175000622790187,1.0,-0.56000455498256,0.7585623485050468,-0.20864421408329187,0.1252529775402988,-0.70964395718712,0.4331542149144146,-0.19626309684518795,0.5836859171634009,-0.644822182968454,-0.21143174634024667,-0.23107874196584458,-0.7739541089359273,0.6832751066458628,0.6955004030851399,-0.6538790538736872,-0.08231969661153302,-0.13988420852227249,-0.667549284591861,-0.24180573420754317,-0.42497748228161725,0.6851244979358961,0.6299835812100093,-0.7608565348434067,0.5579122470606243,-0.09476942356936609,-0.5032135050636898,-0.638323966741719,-0.6974155822834973,0.15224915148751256,0.4443919866765677,0.2910263874165508,-0.47635609040348936,-0.31046596096333245,-0.23414205753044334,0.7813807871262481,0.3720407017045447,0.43865747300610797,0.580379969854647,-0.5770615394720954,0.21400287604378787,-0.1785351563509901,0.27128424976896287,-0.3362653677540787,0.005449656855310072,-0.3140145188398176,0.7722774998709014,-0.4011617881222222,0.7324378439074795,0.7013069760971589,0.3639953580221057,0.10441861461842257,-0.15804435925070764,-0.02899025944905574,-0.5768742774304335,-0.2798058710807933,-0.36182790773570295,-0.5417677361379252,-0.689507860412932,0.014851732871908134,0.03158412983767777,0.6699056153296402,-0.4950874579692111,-0.1285333254924402,0.08061292380590308,0.4039906104728722,-0.5305543659282516,0.5606506863114319,-0.5279521691630182,0.05738711101501161,0.024858197460613015,-0.09683395016062085,0.4171974217509374,0.16572583398501606,0.7497155114691126,0.7054095459701665,-0.20821764411365573,-0.40499486925558975,0.637874930463255,-0.13253053802813752,0.5603510163680385,0.7091436059186532,0.6019421508050363,-0.5097956780471405,-0.43511085360106744,0.06639853914089054,-0.30107264691468194,0.366585171558133,0.2680406002250636,0.6304434311223327,0.2663777255717595,0.23026823472905614,-0.2535996568723332,0.08201192819449908,0.595906771362406,-0.6226906337870406,-0.25852972126039653,-0.34744302317567183,-0.5740967630217577,0.6951441691378989,-0.06080320167318987,0.6940549640796203,0.5840643423544405,0.8451394991054354,0.6702494799254232,-0.491292099291349,-0.13783369273022603,-0.5686492292748903,0.6291601477207879,0.05469589859427843,0.09942856273772113,-0.05288778910181676,0.7162117630386732,-0.22728160141200796,0.7644656419009559,-0.6380896448911506,0.27230553630790394,-0.33940191588902285,-0.7210541720062326,0.7794193630747999,-0.6383725822722285,-0.6628250972641103,-0.4699359471629024,-0.7465461770917291,-0.009832611582531446,0.4095835337930184,0.6048422518621223,0.5340133758343851,0.5298784153974935,-0.543918587619112,0.4194411211202725,-0.4293266945273717,-0.24152110044287908,0.7881462199499414,0.3027736930954975,0.17270762719071334,-0.030400634940964438,-0.726920135360133
OFCmed_R,-0.2801642195354613,0.4361436214055142,-0.56000455498256,1.0,-0.5857878101700175,-0.17084334920555488,0.05058321238068837,0.45667952171499326,0.14760457819201767,-0.04210686119834242,-0.6443449929591649,0.3371129655566202,0.015227519621742763,0.17188223463883479,0.6609378059664799,-0.21471225776949954,-0.5361885710507218,0.5052880665064189,0.4035268093773791,0.1302353647267197,0.6260774417443586,0.5654510290240273,0.7326672557138743,-0.7120042048376704,-0.23143644589006704,0.5573111486016398,-0.5759506790130285,0.3188599759548546,0.5875897103931683,0.5286839756013603,0.48727211551657146,-0.34221018477141774,-0.2807730820765581,-0.49230746909223994,0.5801043258437291,0.5990255625532656,0.5587083123641979,-0.24021895458125547,-0.40405956111195074,-0.12484278236555318,-0.4657161958572377,0.5857357703607979,-0.21838187525655978,0.11579366147312008,-0.17192124576033138,0.29445852526317,0.06026372809461565,0.650016376386995,-0.6203763285650086,0.6520042752159284,-0.34778494413533056,-0.2684396107044998,-0.43348364287357144,0.1705858760342773,0.07394078954411014,-0.14765846294132617,0.6610219099173729,0.3900712616061813,0.4471859015693741,0.5082505404358412,0.42323899242218566,-0.0060753220486200205,-0.06150149959021444,-0.7288155899572881,0.5843584573694071,-0.24710384287293558,-0.1162820269939125,0.23163661413048822,0.7113785140490108,-0.5489688585776287,0.3320589783285013,0.24456429022111148,-0.15678017570824151,0.493577927005112,-0.4663912882975487,-0.0750121195485383,-0.3963715885363339,-0.34916975150506385,0.14686637779280398,0.6556829722594767,-0.5412787037136041,0.12114816385935903,-0.5652250025780867,-0.45493991475570045,-0.04576242921286149,0.1812925972351427,0.46037063799832023,-0.3911097902837598,0.6199694475167481,-0.10715394658265767,-0.08588265396104944,-0.44593524974401283,-0.1906696959272711,0.03238581156421091,0.41813817711888057,0.18857608778920232,-0.3861361087976489,0.6262899444087003,0.6621817894824389,0.38779932315883403,0.35552950099727465,-0.14229644501429758,0.06887524178814192,-0.19099531927384436,-0.5026864607836454,-0.4374818056805402,-0.3220137918996843,0.4092860856198526,0.4562711083810512,0.11001989099985547,-0.0374279902478784,-0.12958915568748272,-0.11691396569912874,0.04596507498267346,-0.17724485435840595,0.32318151112673027,-0.4276627811518856,0.6008947602428896,0.22807921908326095,0.12160298104044799,0.7538951396610222,-0.36384530998976905,0.35038003534778256,0.686617941704344,0.5930079834544749,0.7250789147236514,0.11475282368704189,-0.1784951664275358,0.04400844035269603,-0.41961226846628347,-0.5847068818024139,0.4966551659681247,-0.043907193362528574,0.22110263713730313,0.13096740207710017,-0.5033060104532526,-0.10275782189128378,0.3675509156382285,0.015005473700880595,0.5782978140679408
Vermis_10,0.8645869615419058,-0.43010631830408197,0.7585623485050468,-0.5857878101700175,1.0,0.11887047615901537,0.3177459252362365,-0.45941894687332335,0.34129314939452393,-0.07202758949576331,0.5920340598283518,-0.45850195710634845,0.25589610953308356,-0.3797010831404907,-0.7607292332920992,0.5770261552232506,0.9046721740825729,-0.5896643794842192,-0.21759967923113815,-0.3290652983731532,-0.4185540150237256,-0.2758002387464452,-0.3838459977042536,0.8669658213329826,0.5460802864577173,-0.699768907929382,0.5124625150100472,-0.22740201087695966,-0.5779001453975696,-0.6097023557262478,-0.5024661282879468,0.48970065440963545,0.42499382411573094,0.42653794665289063,-0.5695980072934645,-0.3303853515937782,-0.3032474925044544,0.640610240869565,0.6674120761428379,0.16760485310859605,0.826824030356333,-0.4998232848013465,0.3573681032822306,0.28830983356574685,0.2678776659155655,-0.3390245575058358,0.04579391140030004,-0.5307349051461105,0.6823508109235116,-0.29943499238559806,0.6146060098117889,0.7669986830048563,0.5795157876773558,0.10837407199456349,-0.3702335476610411,0.37626477356917115,-0.5531233586611672,-0.3082948863288455,-0.4692928879164256,-0.6475716982488059,-0.6387758581520165,-0.11281369146457546,-0.025411337732555574,0.8747381241691811,-0.6408338302996944,0.10659130821055064,0.3984785948440357,0.3354006463735714,-0.5391234783551866,0.6250975441735739,-0.3291999932522491,0.03198644683388685,0.324781530885257,-0.06748356019459771,0.6030097095340909,0.07217845068697237,0.7131362804914819,0.5259628729709173,-0.06646438644147366,-0.41893996307924125,0.7170532772631147,-0.1092789111924442,0.7357825527281202,0.8549511452090813,0.3378727826384765,-0.45974329516467255,-0.5856553461056079,0.4789629863826637,-0.3888578896831031,0.3658429638059338,0.20243712513787468,0.8642544320166194,0.2866701694210611,0.10625520874614476,-0.5659810586083622,-0.29362478644870915,0.8032577986172995,-0.5468563977282054,-0.3263965745908025,-0.5497699413797605,-0.5274711083797474,0.4475877546458546,-0.1373983046336312,0.6237280155673192,0.8003559328872559,0.7577797142174743,0.6190891977732454,-0.4163028239105091,-0.2761696260225949,-0.32052570391180313,0.4971954822565607,0.10547258965982316,0.3835630453224102,0.011701426352253557,0.47487677500539127,-0.3186321048377887,0.6729257360998288,-0.6773914106189955,0.06455988183139603,-0.22776567800789474,-0.7039291845133424,0.7371259137420175,-0.49484200678935963,-0.8041628744284239,-0.5164977598881386,-0.7777974490641243,0.19729102821739922,0.17135125958426306,0.30115503835210894,0.6304613796509568,0.4754548468589512,-0.6100519307232727,0.31148200229018874,-0.38008906875525555,-0.2965527236655183,0.7398075961318191,0.3457732577608587,0.023296674827686582,-0.19300844183918525,-0.7110437097357232
Rolandic_Oper_R,0.20603394098704353,0.48743129333193064,-0.20864421408329187,-0.17084334920555488,0.11887047615901537,1.0,0.3988385134890593,0.19192069793418187,-0.14559878573094123,0.48592930648573257,0.24716952891594274,0.6581759273621512,0.5723807623046359,0.07918842802762492,0.15864676181717755,-0.3080712652476591,0.2973946356451359,0.4412550171889177,-0.20017891439471228,0.08547130655398318,0.2916190236084801,-0.23634309579725438,-0.1357214354204335,0.38754805872360326,-0.36208532028942697,0.2872231172244937,0.021751992861307516,0.27235100770568194,0.1602801679361355,0.30497188054068414,0.366506673967963,0.42682287111906986,-0.2334172043759301,0.5598490280512854,0.24407558930687456,0.04706597156742385,0.034815408121482795,-0.23065904035799448,0.5654643544161995,-0.3116231774512524,0.3619295229469069,0.12554840689906224,0.6484327110951367,0.19174262924703706,0.43951691075442145,0.40289507523711526,0.3903175625001244,-0.0663804314445086,-0.07358749567395416,0.15805289597105046,-0.35387802634317084,-0.2661945820924943,0.623785950127817,0.1930703512411483,0.13439832173117874,0.34525114404221374,0.24342566306723054,0.12175621798945058,0.19692907453428504,-0.006654069254256191,0.40595872804250266,0.25716752611366517,0.49973204351064615,0.20773320551792765,-0.10364317405272239,0.8460070011988656,0.26320771724925973,-0.21972022541505087,0.05093781132839734,0.1058917710764131,0.6940811891772728,-0.21707400065416768,0.2756967095899778,0.1475901575412906,-0.12527097493231024,0.37125932476353884,-0.2416460318972827,-0.2793727456890239,0.55230697589072,0.10936979365116585,0.194031198070884,0.31468760722360184,0.3191479582846412,0.07905866510762326,-0.32121732294127203,0.454495332875046,0.11417062872854923,0.8636966729902128,0.0443607537187836,-0.09994480751202833,0.4965105580281696,0.19274352189254837,-0.12979982807117585,0.16120312260806288,-0.0010919892597070293,-0.25347757801435944,0.3185158230345567,0.3573824326021757,-0.3810262609760728,0.03401017561501047,0.5408970190832986,-0.15166058400627822,0.10101396791947737,-0.315023994382057,0.4410685396609795,-0.179358673905161,-0.36794329131308057,0.46612763306772736,-0.04824960889552392,0.6705783379844447,-0.4601391541377118,0.3286202568253766,0.32404658054271196,0.2067953329631858,-0.4357703369321047,0.2177499802297453,-0.07856101410134349,0.2294843133043813,-0.36901929521329524,0.5527444870611726,0.12655216427910623,-0.0010662033326413742,0.4320957243658069,-0.03496868229930717,0.22798746013437426,0.08642678557733947,0.5315533690462945,-0.01988565814142656,-0.4433021350648262,0.048259256382176985,0.11915461699372151,0.32874183171471494,0.05784856504779731,0.29277883067442656,0.2690956065325875,-0.10066724920587629,0.35714211154962844,-0.1781615876687194,0.12385761044069132,0.2802626581694801
Cerebellum_4_5_L,0.5095168706889541,0.3742517452929282,0.1252529775402988,0.05058321238068837,0.3177459252362365,0.3988385134890593,1.0,0.28772233295137994,0.2482477625944995,0.2090794758542727,0.21731012158592625,0.3536526318431851,0.6233734052589659,0.048547796050645416,0.15581352703433407,-0.059396506858718036,0.4303844497154898,0.28469531660155883,0.06519778133604037,-0.17338754040961918,0.3486498786401329,0.1702129975623756,0.22751311496725343,0.20984351183667085,-0.16136810990682235,0.21250412504375063,-0.022876366814630435,0.36363951388452304,0.334368343215284,0.3808352085307574,0.4799052334827786,0.30003492596479,-0.013170118490522046,0.19799024219893016,0.2730339832636118,0.23291473082925288,0.18392633990738189,0.22749779621098978,0.5840853787036092,-0.1114214284024387,0.4720767139844512,0.14712147091886343,0.39035624195134,0.4651074622254105,0.5590340646392652,0.3721002636558426,0.43719014692887903,0.34474044146681954,0.002078777745267715,0.3981194407281539,-0.14387854936834818,0.04119822925013783,0.2497672102723422,0.5859489026885345,0.06510099174272077,0.4359379383216645,0.43304912604494256,0.5142895968455973,0.2963660227949283,0.13438304756543096,0.22535580849075967,0.008278969257774441,0.35632323859685305,0.09082912168320953,0.02687077054884862,0.33273510988976723,0.5626351036115473,0.4294320123090725,0.28295824705558836,0.19653795555619816,0.3998970657980794,0.29842495839026084,0.5486153580791928,0.7142425769845979,-0.13518925318183111,0.2902705866505363,-0.10502878769360982,-0.12683933645166784,0.4966260341849631,0.2047729060107589,0.07538910747733386,0.12456707436803488,0.13937817871195995,0.310509529913236,0.07517414306396411,0.19781218424558708,-0.04740307725331422,0.4151503330828887,0.29444695223524003,0.09076787445699408,0.39006304810379144,0.512101539956703,0.1619842816650519,0.5535194078220129,0.04147281394873851,-0.13051515909987332,0.5303035438933127,0.31129433990593375,0.09885643396317308,0.026628765537728815,0.3384541832647258,0.331477543242376,0.07037626295819115,-0.030944288725214875,0.4838607906555824,0.12087352469250581,0.057949448387483456,0.4011102473247178,0.33450462240596857,0.2776560980426977,-0.07980523744851815,0.24543699921903261,0.5876280150310691,0.2807245911379973,-0.12338808449581273,0.32679895049427277,0.06895150689041317,0.232422896993614,0.04973147176983655,0.31200977547558967,0.22309043073842014,0.49197366174141133,0.16979319893872374,0.09914872995947377,0.5304881864739424,0.13278129510334058,0.8992481125002402,0.20537279932250907,0.09068491496769332,0.24269372194777858,0.0025558330616305192,0.20451641151299244,0.32347772275467074,0.2626053100349625,0.1538314579867824,-0.016193587797956918,0.5627069353387905,0.2146128051671656,0.16158351052816786,0.1663389935144268
Cerebellum_10_R,-0.16355140632808662,0.6301652973253828,-0.70964395718712,0.45667952171499326,-0.45941894687332335,0.19192069793418187,0.28772233295137994,1.0,-0.32867470351312816,0.17622106077689467,-0.31138309058893854,0.5616057468406144,0.42773668382011026,0.13810780285740276,0.6850012563537422,-0.6362755655882312,-0.4579582702761638,0.5598564430897417,0.10936874664803861,-0.15443312918468904,0.7504087309951555,0.2188847593846919,0.45720853626250846,-0.5347072459692476,-0.5523474299820403,0.654334150610579,-0.5429923653750037,0.003781730654294486,0.46103213997925535,0.5955022958844142,0.7962258850944071,-0.0105609669355177,-0.3088175817938081,-0.34801469392494555,0.3165233119341397,0.24517130434223564,0.11633583030650335,-0.5732854950670224,-0.03171234844850087,-0.40760270812782345,-0.2782146108206744,0.4673240129107444,-0.26629185650925874,0.6281979228864815,-0.15322315984869575,0.3076486002138661,0.04114208168365892,0.4312452816862276,-0.6719483731571654,0.41909680274451067,-0.6503188108051527,-0.5234026454250998,-0.3543642526037656,0.13129531485754403,0.17302288024713286,0.24147215190314064,0.5527177400435903,0.4252958297594885,0.27876115388450806,0.5651282895880186,0.6435657571398729,-0.22324605225800526,-0.07861287255552277,-0.44471214840705037,0.40490038629828984,0.07768461260624634,0.1925232267615532,-0.12930312269651514,0.47286306221196567,-0.27949671390713104,0.442746910478241,0.14442793916850905,0.38881253156211915,0.3541637492557538,-0.17854951882565803,-0.18060805491456952,-0.6099886537244177,-0.6310329979901308,0.18907999158308483,0.32995333239765734,-0.45616566586518154,0.0375642738108425,-0.4603757007141344,-0.4659365489817782,-0.4822651762803854,0.5327123410224905,0.23737742240520435,0.025530326884028565,0.25666130708039026,-0.4274566079782807,-0.2384285187565343,-0.17520826416214208,-0.13567899465709374,-0.02547211692494915,0.21803242997182243,-0.14735777190429553,-0.3929707785528884,0.5736814541842664,0.2352464258804506,0.2568132639932019,0.4854631698690481,-0.4496007739075257,0.11975852009349534,-0.5840610315628489,-0.36511507946542004,-0.6422636783745304,-0.5008393297780424,0.4942223513456341,0.25679681592706577,0.6254606753773271,-0.5565132242203785,0.09432433694049328,0.4444409304578242,0.09892326274785476,-0.6238907338707135,0.23588979781149538,-0.6852098850453453,0.5215531125717742,-0.22272779123393527,0.140476696001644,0.718686708391803,-0.5401889583660049,0.4995825373232009,0.5589646523893838,0.5234875056534184,0.6022001131112061,0.3735961992925999,-0.39525319136862314,-0.41491961657884946,-0.21990505869117385,-0.4781791691143357,0.3781074546941545,-0.41593564660934085,0.4970916029721569,0.1732260127638497,-0.644583299259376,-0.20321164396886005,-0.208964067317174,0.06430644619593424,0.6094000447953798
SupraMarginal_L,0.35714321796703746,-0.29736039118851965,0.4331542149144146,0.14760457819201767,0.34129314939452393,-0.14559878573094123,0.2482477625944995,-0.32867470351312816,1.0,-0.04232291190061416,-0.03446613747277513,-0.3842504559894225,-0.13843595479353427,-0.006311750412363931,-0.2695606173475148,0.6953648196473867,0.3414264493201926,-0.29719884413838876,0.4463632999564673,0.008232069116323484,-0.1618811612414084,0.3203838555352289,0.2266638463330464,0.1655618146279569,0.6163471003927933,-0.38164841417799356,0.09030455994783786,0.24255658548930503,0.05331332876731994,-0.2137910576062051,-0.29595234348131366,-0.07377565491906918,0.29671582330041785,-0.05099449430560749,0.15321114447656037,0.19316632817390061,0.6127622468459718,0.6021387384078006,0.0206480328681815,0.522766934945331,0.1615623862066113,0.19014937931480697,0.44954290030591576,-0.07350026004152323,0.3176956479113725,0.14281563805023814,0.2857520460121121,0.18946715339165188,0.2688405129613107,0.330719117556964,0.6073079898066466,0.582615661776292,0.29817414931802366,0.4546949696044197,-0.3764780570734506,-0.020401299031348904,-0.0466824637759106,-0.008019753573550338,0.2520986415589247,-0.23786313101836487,-0.3453058531710373,0.4505223584083841,0.06160424879000508,0.07426848039590592,0.18442225760163197,-0.30460336703218543,0.053264419452674606,0.8011169859245522,0.25199110941200425,-0.08902814160250817,-0.16468036205847406,0.32145193152226564,-0.07401752876106225,0.3635866708536445,0.08971192616132953,0.2992683970138178,0.5014472506473796,0.5547943082437179,0.16351197431009762,0.026981239637764654,0.1514886406693925,0.4751988721927597,0.37773589558929793,0.4421035575513322,0.7894334488752671,-0.23801023917248026,0.28461949224154925,-0.0803687688454976,0.4303304571437801,0.5740500383546869,0.37716831185108374,0.20143490995663732,0.17468649196311495,0.28126856420037727,0.024277760638924596,0.2785529863528103,0.4744714522944517,-0.16683074314388513,0.45318757385430586,0.19703920428177632,-0.23900073264911745,0.7332009162629975,0.08537899732034575,0.7699114707834631,0.15571277444849432,0.5871744170603147,0.46958271932200585,-0.012014592947460982,0.4182296421697859,-0.5433551385283802,0.7823562681068019,0.09053881967746319,-0.10350499386257364,0.044262455009593964,0.7029123927240054,0.13209156100702443,0.5954048927390633,0.0601391984384319,0.773488490110805,-0.04541703970674167,-0.11861576891538272,0.5736622278162573,-0.47898609884876575,-0.14438027511043558,0.06023114153271071,-0.1179432161592311,0.1850307676660486,0.23311119077260178,0.7081404898200073,0.2359059206530066,-0.01991692989450863,-0.11909034066215582,0.6564593991305254,-0.22741078282345117,0.046549907742897814,0.5439583017731087,0.4240403642362006,0.6157626269927728,-0.06254551011558829,-0.19883688878592992
ACC_sup_R,0.03296094554361695,0.3671029582529431,-0.19626309684518795,-0.04210686119834242,-0.07202758949576331,0.48592930648573257,0.2090794758542727,0.17622106077689467,-0.04232291190061416,1.0,0.19009056683710404,0.4628866174375304,0.20530326821876946,-0.070150622781814,0.2307838527226219,-0.22016395820393447,0.06017041744112215,0.22490826700052688,0.2181372959066151,0.220224241070647,0.14109806022663987,-0.1799210654233385,-0.1163245168782484,0.11477053169418343,-0.31613789183305957,0.2901241097511272,0.24660755161695747,0.35880553179234226,0.49789394764501366,0.3371290084192486,0.27884062748047583,0.20873737902301984,0.0809356869560127,0.41965084128966534,0.37399459857203476,-0.09605056283461054,0.28328901961116265,-0.17770848120448499,0.3543805478340164,0.007825055652037918,0.1270337965480886,0.29244521729002726,0.444792877743177,0.06560798077719508,0.5279569682053902,0.4687916972247464,0.4931372640621515,0.13266385574281403,-0.1630279460827807,0.35564531923316356,-0.30746584838088825,-0.22852240512616173,0.35792777015821475,0.2996620991772483,0.2925185628388306,0.2758572891601054,0.2431068245880164,0.04754783648632075,0.35564213329333466,0.049433578203153056,0.555698308818426,0.5258705246842299,0.37537113426069896,-0.025865776067768433,0.3433242195179194,0.4397090914566725,0.3329356367401127,0.04780599973821101,0.25859205857079576,0.25162418413387116,0.5990805812994197,-0.0447231386122834,0.01049596824127899,0.18251644862695637,-0.20008022383186366,0.5428113376721779,-0.23310555481364367,-0.2180602138401089,0.6182495467974783,0.07288875144175067,0.027271440618697983,0.45314629054201133,0.16499950692602383,-0.08227383969838224,-0.06817577834091436,0.6924740134870281,0.4111101266403765,0.42442817373210495,0.3621636060069309,0.1311072594886204,0.33616129685087925,0.04932990705355228,0.1802756639167407,0.34232846787380816,0.2012012029870189,0.09819224443017026,0.06942577547211222,0.2267779715187944,-0.15250312916828762,0.49785457306697095,0.6427118955733591,0.07502909700895466,0.40361659848457065,-0.3047135582433402,0.14496511938307224,-0.055114261236314424,-0.4167472892037206,0.5163308203935486,0.31687392384129187,0.4145642920711445,-0.2971420343812501,0.5900192910561685,0.1213721722770391,0.6008246913971461,-0.34527506241285044,0.6468983703637745,-0.2002433431211154,0.46418282961554697,-0.0027889746174614865,0.6025939998337853,0.1940252786653176,-0.1468103140007251,0.3772763262042669,0.1445962370265235,0.3202914815099339,0.128175894079605,0.431067888232252,-0.2024745361670051,-0.17215794177054006,0.4073430177119239,0.25039126822258473,0.3399848003484907,0.07137121934482021,0.4484604495637892,0.8016949834036772,-0.1901983725047169,0.40456881089246194,-0.02790991605917203,0.5117689571711062,0.5020260018722713
Cerebellum_8_R,0.4401544242408046,-0.2186764158298576,0.5836859171634009,-0.6443449929591649,0.5920340598283518,0.24716952891594274,0.21731012158592625,-0.31138309058893854,-0.03446613747277513,0.19009056683710404,1.0,-0.09724176968412555,0.07550221450489243,-0.22097725954864883,-0.4998889037309782,0.0873852280001763,0.5987734476344816,-0.2859605487161186,-0.28775284464786005,-0.019941477231836893,-0.4387756916712602,-0.49801070511438306,-0.6219855861794441,0.7228626954458744,0.18407235049984833,-0.3708266404371967,0.7155476738216783,-0.033407516421747066,-0.3788471682754399,-0.23859248826163168,-0.2936020893562996,0.3040495694454011,0.4089356952269069,0.4776464366572776,-0.38881873618129414,-0.5004158827232331,-0.375863320176343,0.42700378346260226,0.7199581913081818,0.017581745143519796,0.6879976347860994,-0.4266302477209213,0.2762024233917384,0.004787301348035534,0.40592168753168734,-0.09165945988656174,0.1470895239476436,-0.3655378743656464,0.48504661806301136,-0.4400116535707257,0.19448283892856347,0.28417522681823104,0.5057133606992236,0.03739100884737826,0.19074849490296544,0.2349753808007047,-0.3630573945970412,-0.21767974761573772,-0.27547080573749616,-0.34078087172351545,-0.32810272473583374,-0.06365359883219837,0.2031790575252997,0.6830834921931092,-0.5650486218254428,0.4357341644830035,0.33191780577421315,-0.025723745947185843,-0.5452103010174382,0.7682071659620908,-0.02690734885881444,-0.17961325889298488,0.1878703384013967,-0.14277685632702428,0.3608252106341564,0.2886973747061535,0.3962965500228682,0.15146561156247215,0.05814364987620704,-0.28565795523133214,0.6976390764551381,-0.20554556518658731,0.4626303660154435,0.4055126115146484,0.03928304630402115,-0.14294184790157688,-0.4556345426434587,0.47758292467703345,-0.38701484246407736,0.1538676468336544,0.28043997630367046,0.6326191840565607,0.28888818651852743,0.22091287665006798,-0.1774554589501321,0.027940391253344778,0.45975134838734744,-0.41305154885701645,-0.5597363819938783,-0.3726664431699617,-0.10787991423636907,0.2795052068836094,-0.08709433282159251,0.12154558804433659,0.6403575545070302,0.406502096583278,0.15275531321598168,-0.13602521200869708,-0.25717764982598124,0.09670579930546377,0.009500831543448987,0.23577925115969706,0.41653673750913306,0.13040090395263543,0.11164823678065584,-0.056070218346978416,0.3327680156859178,-0.45523419483066574,-0.11503564802585914,0.004748515390115057,-0.5201451964959012,0.4135989820233493,-0.1127878476340986,-0.602197670980195,-0.3333586990490063,-0.6388530643990037,0.20619266887746282,0.1276760110028782,0.02023757411774943,0.585008962441695,0.804645604886032,-0.18579240227937513,0.20853401200750232,-0.05497524672109807,-0.058186861318880505,0.3589056475424034,0.28678297738190545,-0.2968587084550467,0.3108564006056756,-0.42533933850188294
Hippocampus_R,-0.21440719275500073,0.8585557412792265,-0.644822182968454,0.3371129655566202,-0.45850195710634845,0.6581759273621512,0.3536526318431851,0.5616057468406144,-0.3842504559894225,0.4628866174375304,-0.09724176968412555,1.0,0.5215569879403928,0.23419843406629443,0.7110864780193119,-0.7343802116088262,-0.25746617560324153,0.8473326969218429,0.010305473074013643,0.22453175540320888,0.6359299748007374,0.1377261890303159,0.2926907317215956,-0.2538281997352641,-0.7642034808895992,0.8323750472375051,-0.32848004381182366,0.4626655479883075,0.6120134089385303,0.8427198528696778,0.8078152721382122,0.11829492112440827,-0.49250298705615503,0.16308571556173643,0.6140934313321387,0.39592881159662496,0.19333356025543813,-0.4849822600285351,0.2242071915687934,-0.5138631769167888,-0.04314422541717198,0.44121269166977445,0.20799815488221493,0.13903028503282974,0.25164225084793884,0.5041915902676889,0.3253667578345201,0.403828528889256,-0.5671062336272374,0.4108279038288514,-0.8150222127951449,-0.7234862692885137,0.020611757532729962,0.17482332723586433,0.4675187730531245,0.146815122404457,0.7640468809392345,0.4856493441192225,0.4503074523219422,0.5203939909534419,0.774732172246715,0.05087359362651374,0.4215529653415413,-0.4333195605802215,0.3053504332653557,0.6613167807707583,0.16533935863239935,-0.2941858470574827,0.4583564449154033,-0.19830101920031332,0.849332697703148,-0.011812366659908995,0.15230902816372996,0.41398747336305214,-0.5757253189784598,0.23313370876034079,-0.7362763381265736,-0.7415385542823196,0.5627092350992177,0.5391799357482473,-0.3260228757000602,0.11598873860210865,-0.3232749750701113,-0.4526850648080727,-0.571391672870941,0.634438304343211,0.3186123566517957,0.4082351809993397,0.323783084775868,-0.360195744890647,0.24847682879748204,-0.20701156179230967,-0.1717012313939906,0.19049005044928555,0.374239745602813,-0.025356331425945806,-0.21126006308061143,0.7799087200433865,-0.0018910481812127432,0.3062733293381106,0.8283175168042684,-0.41400801375061297,0.15062046155461667,-0.7517226730081795,0.003584439597573539,-0.6688433869053924,-0.7516725103683134,0.6902630616194516,0.22012328159162106,0.8374863413205968,-0.7654350302618528,0.18693347185916445,0.18401119976108385,0.3117815900262378,-0.7768340072881577,0.47697235252940656,-0.6375027922718934,0.6480728135823934,-0.3649546444921905,0.6256625028078155,0.6465340995274731,-0.3770921688523606,0.8178364884127831,0.5509902605599039,0.6880843414432866,0.6669457664067006,0.5025119516605404,-0.10977624958184005,-0.5566169403874094,-0.2664314067073079,-0.12352771664995717,0.6823582252250885,-0.17425311644722227,0.4893159903203853,0.3702378190891978,-0.7004601264389289,0.14284514690197983,-0.12607929617602626,0.2985384020575975,0.732004684667652
Vermis_1_2,0.49897215996281974,0.5725083523344221,-0.21143174634024667,0.015227519621742763,0.25589610953308356,0.5723807623046359,0.6233734052589659,0.42773668382011026,-0.13843595479353427,0.20530326821876946,0.07550221450489243,0.5215569879403928,1.0,-0.05983247047903325,0.2165453500334167,-0.3006304791346333,0.3232900045543589,0.3562758891591241,-0.1319285124386537,-0.26532149009901446,0.4912100581036272,0.16480219322533973,0.2766238952737207,0.18339365638847216,-0.3968662805588013,0.3628775771197144,-0.2546151750634247,0.04723335725246125,0.21234315126739048,0.29365304960625144,0.5781144086464811,0.3920539471735079,-0.3584602889064585,0.2822200062510276,0.14668645969531985,0.2963642892413951,-0.09045021014122658,-0.08006786440116256,0.5687283247821167,-0.5179179126556921,0.5021965976460223,0.11826582136516797,0.2257836233497651,0.6559295665772764,0.15099051709467445,0.03215157529432551,0.06444425363831259,0.01169456693969492,-0.15242633793459173,0.27282618100102446,-0.396509096652301,-0.12188687680838832,0.15266495638264993,0.13106171510630105,0.03133988522575426,0.507062221221356,0.37464862647588804,0.4582196707196523,-0.05763704609194117,0.10152566079361511,0.34729011163976414,-0.22335887690703796,0.19563206097479063,0.13312706167549357,-0.07717272837569086,0.5100028648729189,0.5662828817472814,0.04005796751671119,0.16933973620146406,0.09125039464956256,0.3899635800602808,0.24239156850731236,0.6447672020654178,0.44068622387236617,-0.11856082078834768,-0.0699299883868908,-0.2858237268990868,-0.4008107099568759,0.32718121404966344,0.20576451580239757,0.01166108803876798,0.007655352517881656,0.07011551950351357,0.2169560207449596,-0.38873331512080783,0.2577980475054801,-0.14854331929215553,0.5913459803631671,0.014340406001765471,-0.24595934153621163,0.11441752274886634,0.4688770629628923,-0.010712793227649575,0.044403577431049376,-0.17141939027332165,-0.3707946570632838,0.305424028207765,0.41286808473425957,-0.040090559288994465,-0.13574910816651264,0.29431599317577517,-0.22721561817020675,-0.04070027841788016,-0.2601992951913543,0.503744883733316,-0.1765158691554833,-0.21686614628837983,0.2287278895738633,0.030981703856963642,0.5289515743226002,-0.3504012165469961,0.1156228986341883,0.5155894677319977,0.22469164476809225,-0.46487614298180935,0.11174350836400836,-0.24655480562227813,0.13110378835846506,-0.357297818583404,0.2517953665937643,0.25077986315910233,0.09828146822926195,0.3206622828626303,0.05906275549420992,0.3303310565805011,0.17688711852691974,0.5873932611492372,-0.00907545334097856,-0.3759021072855305,0.05606388873251148,-0.023585799536571295,0.010591088610460275,-0.18113186865889944,0.13681404839179645,0.05193871383659631,-0.22717482577718465,0.16277745747650774,-0.08211530770318343,-0.13088587361066814,0.21439870417991785
