,Thal_Re_R,Paracentral_Lobule_L,Thal_LGN_L,Thal_MDl_R,Cerebellum_9_R,Temporal_Pole_Mid_L,Thal_Re_L,Cerebellum_7b_L,Vermis_9,Insula_L,Raphe_D,Precentral_L,Thal_AV_L,Frontal_Inf_Tri_L,Thal_IL_R,Insula_R,OFCpost_R,Temporal_Mid_L,Frontal_Inf_Orb_2_L,OFCant_L,Temporal_Pole_Sup_R,Cerebellum_6_L,Thal_PuL_L,N_Acc_L,Thal_LGN_R,ParaHippocampal_R,Supp_Motor_Area_L,Rectus_R,Thal_VPL_R,Thal_PuA_L,Thal_PuI_L,Temporal_Pole_Mid_R,OFClat_R,Occipital_Mid_R,Caudate_R,Amygdala_R,SupraMarginal_L,Occipital_Sup_L,Thal_MGN_L,LC_L,Occipital_Sup_R,Thal_AV_R,Thal_PuM_L,Cerebellum_10_R,LC_R
Thal_Re_R,1.0,0.0085984075474694,0.05134083234683881,-0.37070137499922984,-0.26227130634384993,-0.14088087079306447,0.5147942985169845,-0.11436957599760542,-0.23107874196584458,0.14487972761232212,0.3203046480005793,0.23567687775307736,-0.4130676710783016,0.28649151660400224,-0.002384818037726736,-0.159000732541823,0.13599042515459298,-0.009919184602142772,0.20154398178580862,0.2568464627603124,-0.3907761295381463,-0.31765267807766295,0.02171986530430599,0.02172987301683852,-0.17395038600649973,0.33174869974648646,0.0942553852326806,0.17551794796215325,-0.01874713024597189,0.3150210741082209,0.017903845943947432,-0.34618314396545186,0.05050327670251965,-0.3550436174965485,0.22498605761933607,0.2351798549646939,-0.006311750412363931,-0.29450483501322716,0.20167495557248266,0.1686779681576943,-0.20217388997403934,0.34167497880316094,0.12948600953360567,0.13810780285740276,0.3384821007819978
Paracentral_Lobule_L,0.0085984075474694,1.0,0.24145967033657675,0.12625106662614938,-0.05045617935738676,-0.05064619902596437,0.01855952821561491,0.20047485383139133,0.0853379800334811,0.23234268421451745,0.019177734609888624,0.6214598889896193,0.19059685228772322,0.37183135199637785,0.14840586691364965,-0.32895693493674444,0.031461085575369245,0.334445369640473,0.38324292450197694,0.19518228513082697,-0.2920721981746378,-0.07200625206146476,-0.3743114364874475,0.3088657349965844,-0.3909902615928707,0.1409957516562112,0.6405889027494562,0.3496366687380464,-0.036702251011046204,0.29625478104338915,0.130987904393873,-0.1676513737929786,-0.1715229500947539,0.01471917973207765,-0.01409081556632021,0.15973018813744289,0.3709149241125744,0.1539684864741506,-0.11121685685340682,0.09415987843935594,0.16113064918575132,0.13449111076105918,0.03130834812473376,-0.0025994840867935645,0.05537631850773267
Thal_LGN_L,0.05134083234683881,0.24145967033657675,1.0,0.21364597491884482,0.0785276451562733,-0.06003194151494485,0.036515233322540516,0.21577789935203143,0.10441861461842257,0.5148208603332486,0.11562984115974308,0.4210143354665765,0.26387840442318006,0.5255904254470198,0.3205886536430395,0.1511527798853377,0.17759212969196284,0.5414081438567352,0.46136478897095157,0.141867682545908,-0.08097318953792984,0.2228988123886809,0.1089413730131548,0.34482013011287393,0.305745321389413,0.2656154958124898,0.25240292652562274,0.18867746698566706,0.6442098835865872,0.4849740278697144,0.5226296987644693,-0.1424381849594973,-0.02137267154154237,-0.018397152041121866,0.30797244686467945,0.07301839734334307,0.4546949696044197,0.015413026940658723,0.5160873478709808,0.14918034673404773,0.041405974346541786,0.3998723654678286,0.5154345268123866,0.13129531485754403,0.0722763266441669
Thal_MDl_R,-0.37070137499922984,0.12625106662614938,0.21364597491884482,1.0,0.1743708542519031,0.11275207981645177,-0.2766391478638354,0.21876854366894646,0.2663777255717595,-0.005188130088450605,-0.2117029355947129,-0.016136373103390913,0.528647699447803,0.012715560103098059,0.4158215048476079,0.07438806219524852,-0.1863433391623762,0.17033275690148572,-0.09003226709732952,-0.23563155215955536,0.22827630733209867,0.2073353494974922,-0.024401086598513755,0.39412189785159213,0.1826218740992531,-0.11553512884558341,0.05794788740849553,-0.16418481309875177,0.27603430909614496,-0.19053412486759677,0.19502611246038998,0.15808892391897084,-0.12924668873742434,0.2840928027306968,-0.048640487327599825,-0.030456209138484208,0.17468649196311495,0.26045321079740014,0.0506092624338555,-0.14387642551296503,0.19622573154096346,-0.19139749872419712,0.18874895560497962,-0.13567899465709374,-0.09740975539997045
Cerebellum_9_R,-0.26227130634384993,-0.05045617935738676,0.0785276451562733,0.1743708542519031,1.0,0.5093268349182452,-0.33080121532840756,0.5304641059114588,0.580379969854647,-0.21278490779924664,-0.3378202040672647,-0.13335709069665475,0.5424937812067233,-0.29283866107111595,-0.0731157847544133,0.6740500275587925,-0.23478143845293978,0.2317306002691738,-0.07587533945229781,-0.4824291391379394,0.7083221259750209,0.8384321404256811,0.5298637147490515,0.01676588672454655,0.4272206560611722,-0.25930872243574254,-0.1877008139051979,-0.1347477833045028,0.33632324477084985,0.015837553128983994,0.17440236708957194,0.26945776830384427,0.06374536662311336,0.3905846154247549,-0.191912232228801,-0.438000824532,0.1615623862066113,0.1629696112899701,-0.08602593440230268,-0.1784362369715619,0.20622280290738418,0.37060329885594745,0.10632639506894255,-0.2782146108206744,-0.49747282846959817
Temporal_Pole_Mid_L,-0.14088087079306447,-0.05064619902596437,-0.06003194151494485,0.11275207981645177,0.5093268349182452,1.0,-0.5229791927829753,0.588029289805269,0.7722774998709014,-0.49726792706885925,-0.7006263419121689,-0.2275618751878651,0.4318447475777947,-0.2965940223094742,-0.15078638911149467,0.20967929604877272,-0.709151722156307,0.16139623535257855,0.04648976184722459,-0.7282232138680728,0.66038291960442,0.41757430113989674,0.31877404372036067,-0.08635709995478474,0.17778698678111424,-0.6046453987646667,-0.17760394740297009,-0.4336327033629922,0.20644711813381025,-0.1377661526890101,0.34095872944482475,0.40858092203955354,-0.4607453818222718,0.6211546211601386,-0.5340349431686935,-0.5687091131104283,0.2688405129613107,0.5039495224049236,-0.14162611775830908,-0.4281456038527444,0.6235059669856797,0.23202798546583087,-0.2727801589657246,-0.6719483731571654,-0.5588188617017065
Thal_Re_L,0.5147942985169845,0.01855952821561491,0.036515233322540516,-0.2766391478638354,-0.33080121532840756,-0.5229791927829753,1.0,-0.38799719498690616,-0.5670956587085924,0.3017804442091232,0.7409052788248347,0.26662390342881764,-0.5486305718559926,0.2665719771492731,0.1882176467333399,-0.07946664502083754,0.45947694153023744,-0.27056667676999646,0.0890757964406576,0.6784781064128683,-0.6461647195294852,-0.5237405622933923,-0.03885676268117436,-0.054690716579757326,-0.20151010982397893,0.7305921096771234,0.11496622471390844,0.4915999315984441,-0.01266922362587943,0.5000856201940748,-0.1315219331660151,-0.7211509920164975,0.4809257453125091,-0.7094792279782154,0.6742442791367124,0.5118155806283585,-0.30696845210779694,-0.6648425843936503,0.3041007834603953,0.48015580430661325,-0.6756831996160083,0.22435053172069197,0.31830990844230234,0.2834780940502318,0.7467810003196196
Cerebellum_7b_L,-0.11436957599760542,0.20047485383139133,0.21577789935203143,0.21876854366894646,0.5304641059114588,0.588029289805269,-0.38799719498690616,1.0,0.7813807871262481,-0.11184190595131303,-0.5066667734800585,0.12266153675176408,0.4240751671953258,0.0644098732962899,-0.0035088285538586446,0.046517562006870884,-0.4552716937694394,0.6165915869447122,0.44634769924124834,-0.5545701431458765,0.4130543131941704,0.5423510038093363,0.21867936677471939,0.2628843331041875,0.0849821324778018,-0.39453863549023455,0.14109351309011386,-0.08278439127687927,0.4304965375372156,0.14654866800352262,0.5058590756076266,0.2070412028918714,-0.591840731497212,0.5655296045581785,-0.4470078886637761,-0.44468994964218367,0.6021387384078006,0.49439253986021386,0.013831700097938347,-0.13710470967968402,0.5893180636222385,0.391733078633586,-0.07985554094364856,-0.5732854950670224,-0.545933601153774
Vermis_9,-0.23107874196584458,0.0853379800334811,0.10441861461842257,0.2663777255717595,0.580379969854647,0.7722774998709014,-0.5670956587085924,0.7813807871262481,1.0,-0.4011617881222222,-0.7608565348434067,-0.13783369273022603,0.5340133758343851,-0.23414205753044334,-0.030400634940964438,0.11481303279909479,-0.667549284591861,0.4039906104728722,0.17270762719071334,-0.7739541089359273,0.6699056153296402,0.5317728835503971,0.2910263874165508,0.05738711101501161,0.15224915148751256,-0.638323966741719,-0.08231969661153302,-0.362159808880907,0.3027736930954975,-0.09476942356936609,0.4194411211202725,0.4171974217509374,-0.5686492292748903,0.7497155114691126,-0.5740967630217577,-0.5417677361379252,0.4331542149144146,0.6299835812100093,-0.10698278889819257,-0.40499486925558975,0.7324378439074795,0.2680406002250636,-0.20821764411365573,-0.70964395718712,-0.657163234321638
Insula_L,0.14487972761232212,0.23234268421451745,0.5148208603332486,-0.005188130088450605,-0.21278490779924664,-0.49726792706885925,0.3017804442091232,-0.11184190595131303,-0.4011617881222222,1.0,0.4984158415515085,0.5237596239634864,-0.15924329663975248,0.7900790762733996,0.186319069229267,0.012182957026990685,0.6753387976357951,0.535075176687552,0.5359212268533187,0.5489698765209234,-0.5224491251077784,0.03792327011927541,-0.052850482855219594,0.28177337976773265,-0.009101471835333223,0.5115633298673455,0.3937747571206505,0.49360675311824653,0.3699059455969741,0.481817088489002,0.16556150343444467,-0.3613221993881847,0.13795364780717131,-0.30261037874526026,0.5029353975213046,0.26791691824480013,0.330719117556964,-0.18803682706339844,0.32929223028892524,0.4225409045021518,-0.26227782604560607,0.24922998575889252,0.6136785646494485,0.41909680274451067,0.27582650096886796
Raphe_D,0.3203046480005793,0.019177734609888624,0.11562984115974308,-0.2117029355947129,-0.3378202040672647,-0.7006263419121689,0.7409052788248347,-0.5066667734800585,-0.7608565348434067,0.4984158415515085,1.0,0.34817228423007157,-0.4378933040336057,0.27146471648718573,0.26259948518803,-0.043752622651541756,0.6870360212155078,-0.1946046734076985,-0.0055552626185856975,0.8620182737249795,-0.719837158518942,-0.4184696201834741,-0.11806174421647803,0.12998123334073847,-0.17205670441262164,0.8781188587645973,0.14006399929813404,0.5973660895943109,-0.042089763166393804,0.42281014488230045,-0.29356697489246536,-0.7169382040533065,0.6291787652616806,-0.8826197751351975,0.7528095310831463,0.6487194776798132,-0.38164841417799356,-0.8221972832385932,0.3101018476653543,0.584396005176682,-0.8583858411565025,0.028192310361079952,0.36573889996668846,0.654334150610579,0.7535677738390195
Precentral_L,0.23567687775307736,0.6214598889896193,0.4210143354665765,-0.016136373103390913,-0.13335709069665475,-0.2275618751878651,0.26662390342881764,0.12266153675176408,-0.13783369273022603,0.5237596239634864,0.34817228423007157,1.0,0.04854072298010773,0.6039038945044543,0.10600369427488485,-0.22361845972005862,0.24961520420400446,0.44101843804237056,0.49744782007242544,0.4812199025625643,-0.48747435099764846,-0.11057149542119042,-0.22765237417056008,0.4536589390087174,-0.3712933115962515,0.42812728340141076,0.8743263296488138,0.5560660916305588,0.21247586117966316,0.5389347621212027,0.21443948354461695,-0.44099663401753453,0.03147320172826957,-0.3410129956824361,0.3839609701169333,0.3980735410060512,0.4182296421697859,-0.23739454635585747,0.2137212758024472,0.2854743873708064,-0.17920087612412736,0.31254760932877235,0.24338611546492456,0.25679681592706577,0.2137684601274526
Thal_AV_L,-0.4130676710783016,0.19059685228772322,0.26387840442318006,0.528647699447803,0.5424937812067233,0.4318447475777947,-0.5486305718559926,0.4240751671953258,0.5340133758343851,-0.15924329663975248,-0.4378933040336057,0.04854072298010773,1.0,-0.13826626853742308,0.21283079175119124,0.3574151714861905,-0.378970640737616,0.26282461086702363,0.011305377643990045,-0.46249441255627577,0.6218006847354745,0.5512051843889437,0.30225386674407323,0.10101353909990206,0.3423819011460057,-0.31652865361859134,0.06348682425306824,-0.3795781729698885,0.36878959585405174,-0.04000261519257996,0.27517561423685155,0.3787623260431003,-0.1377193470752574,0.49975577750199157,-0.1543707774474214,-0.3304183991414077,0.2359059206530066,0.35881739584874567,0.06928687672695745,-0.32939523335104703,0.4146671529004369,0.18239637417273555,0.05814947163317348,-0.21990505869117385,-0.38902215285942726
Frontal_Inf_Tri_L,0.28649151660400224,0.37183135199637785,0.5255904254470198,0.012715560103098059,-0.29283866107111595,-0.2965940223094742,0.2665719771492731,0.0644098732962899,-0.23414205753044334,0.7900790762733996,0.27146471648718573,0.6039038945044543,-0.13826626853742308,1.0,0.19453059767595757,-0.11013601979593723,0.29421599314596414,0.5617927023556188,0.6393887646975495,0.36156921323269164,-0.5161326917239303,-0.1278326729959715,-0.08502358088608944,0.22844162650769737,-0.1385237919333843,0.3697087348464536,0.530714722952862,0.3715021014228484,0.428401927181779,0.5960158620484296,0.4864822921992206,-0.3640989678540827,-0.12200519376569259,-0.11157462976894653,0.35402258746468956,0.16042881185319102,0.6127622468459718,0.05409436262053553,0.3190999848594933,0.3523488444146027,0.005445303231883096,0.4134176092721544,0.5521755479398849,0.11633583030650335,0.22057777804290926
Thal_IL_R,-0.002384818037726736,0.14840586691364965,0.3205886536430395,0.4158215048476079,-0.0731157847544133,-0.15078638911149467,0.1882176467333399,-0.0035088285538586446,-0.030400634940964438,0.186319069229267,0.26259948518803,0.10600369427488485,0.21283079175119124,0.19453059767595757,1.0,0.02402476874017399,0.028477140648369283,0.04841293239883382,-0.08412345289441253,0.14770374869578418,-0.15368176700916872,-0.17643029680362834,0.1360577304972428,0.10593383830585773,-0.019361115525499732,0.36050530044879975,-0.0022207195472556266,-0.054444569273881784,0.35596594461860454,0.2739494507852055,0.15747329794846426,-0.1894864243288767,0.17706566544002983,-0.1548865787589208,0.4908917535263404,0.2136363365820518,-0.06254551011558829,-0.18386461527753709,0.3693603929522023,0.14516354557106168,-0.22468251270216558,0.1799600333327323,0.4595860788052969,0.06430644619593424,0.44333729504572617
Insula_R,-0.159000732541823,-0.32895693493674444,0.1511527798853377,0.07438806219524852,0.6740500275587925,0.20967929604877272,-0.07946664502083754,0.046517562006870884,0.11481303279909479,0.012182957026990685,-0.043752622651541756,-0.22361845972005862,0.3574151714861905,-0.11013601979593723,0.02402476874017399,1.0,0.050763055362715304,-0.05558892485268738,-0.1538961153872408,-0.19401187375309756,0.5750118334480037,0.5679430555937199,0.6950658477508936,-0.14454161767987925,0.611346469103708,-0.001646747620591691,-0.3256187950066965,-0.12897326662507394,0.4521045219299686,0.09891970128198965,0.1738638530108864,0.14567585526149748,0.43908175412306993,0.1254814490276481,0.23896255648120698,-0.25278919759858237,-0.022766145922515385,-0.06025548834396569,0.19563007451264305,-0.08349340438436238,-0.04256817061041159,0.4216094999665839,0.42922580931254317,-0.0338624003218334,-0.16095461579758502
OFCpost_R,0.13599042515459298,0.031461085575369245,0.17759212969196284,-0.1863433391623762,-0.23478143845293978,-0.709151722156307,0.45947694153023744,-0.4552716937694394,-0.667549284591861,0.6753387976357951,0.6870360212155078,0.24961520420400446,-0.378970640737616,0.29421599314596414,0.028477140648369283,0.050763055362715304,1.0,0.07113813909297374,0.09941456425269674,0.7159811410855574,-0.506550554736787,-0.044377837498226436,-0.2431608960019891,0.15098934484539467,0.011270304097529599,0.6257778793339384,0.1194725337492756,0.5414764802509275,-0.06372287960996253,0.17677180251270655,-0.35183820498188495,-0.3138900938312505,0.542137383544081,-0.5706105040440856,0.5400905161876004,0.4388665365532239,-0.1618811612414084,-0.4795984552520162,0.16577983776025748,0.4727173314965591,-0.5963718007776695,-0.04823636495035322,0.3597328097878123,0.7504087309951555,0.41380366258002876
Temporal_Mid_L,-0.009919184602142772,0.334445369640473,0.5414081438567352,0.17033275690148572,0.2317306002691738,0.16139623535257855,-0.27056667676999646,0.6165915869447122,0.4039906104728722,0.535075176687552,-0.1946046734076985,0.44101843804237056,0.26282461086702363,0.5617927023556188,0.04841293239883382,-0.05558892485268738,0.07113813909297374,1.0,0.6619340140749337,-0.16600128562229713,0.01058911685477893,0.5140871451388984,0.028098414714492054,0.3875792114429053,0.043469375875344905,-0.08173166635257052,0.37557858865757765,0.16755120489092076,0.5021622032744846,0.28451104929011717,0.4483754202560778,0.05086861445500471,-0.5051168677176694,0.3494805115902369,-0.13784721764621982,-0.23705487491673494,0.8011169859245522,0.3968496352031255,0.1889816921407644,0.07450853990255143,0.4080775213009341,0.3316649724335748,0.25705199406049734,-0.12930312269651514,-0.3412738841726273
Frontal_Inf_Orb_2_L,0.20154398178580862,0.38324292450197694,0.46136478897095157,-0.09003226709732952,-0.07587533945229781,0.04648976184722459,0.0890757964406576,0.44634769924124834,0.17270762719071334,0.5359212268533187,-0.0055552626185856975,0.49744782007242544,0.011305377643990045,0.6393887646975495,-0.08412345289441253,-0.1538961153872408,0.09941456425269674,0.6619340140749337,1.0,0.11205650259637914,-0.26190673735173053,0.096720976029164,0.02703502826652418,0.3918158213260572,-0.14601728643894038,0.059821599135301974,0.4150097183761057,0.38778727218941494,0.3769722998603164,0.5633782245137441,0.48331158338141417,-0.31333107005414035,-0.46017633345728737,0.08611625944829146,-0.008363252652544957,-0.07216971505867002,0.6157626269927728,0.18751214467065414,0.27913871715865696,0.13554946226240852,0.321351271194826,0.4407120623858052,0.16530319522449657,-0.208964067317174,-0.12237428845900555
OFCant_L,0.2568464627603124,0.19518228513082697,0.141867682545908,-0.23563155215955536,-0.4824291391379394,-0.7282232138680728,0.6784781064128683,-0.5545701431458765,-0.7739541089359273,0.5489698765209234,0.8620182737249795,0.4812199025625643,-0.46249441255627577,0.36156921323269164,0.14770374869578418,-0.19401187375309756,0.7159811410855574,-0.16600128562229713,0.11205650259637914,1.0,-0.7873333558776555,-0.5209844161147885,-0.3524463074278412,0.18060802756130098,-0.3209627948958863,0.7966419724785466,0.28909599891081583,0.6965834424401771,-0.16346279382911724,0.4182993622751346,-0.26060297205853056,-0.6523559204135402,0.5900950835552727,-0.8342673362966871,0.6972925132244542,0.7630367880542304,-0.2695606173475148,-0.688981612217981,0.2513496138429986,0.5435360544013168,-0.7568040608577833,-0.0591577905475186,0.26699648082654387,0.6850012563537422,0.6827326416093047
Temporal_Pole_Sup_R,-0.3907761295381463,-0.2920721981746378,-0.08097318953792984,0.22827630733209867,0.7083221259750209,0.66038291960442,-0.6461647195294852,0.4130543131941704,0.6699056153296402,-0.5224491251077784,-0.719837158518942,-0.48747435099764846,0.6218006847354745,-0.5161326917239303,-0.15368176700916872,0.5750118334480037,-0.506550554736787,0.01058911685477893,-0.26190673735173053,-0.7873333558776555,1.0,0.6853633926540589,0.471570477590621,-0.2167518171448086,0.5131027420168172,-0.6802182241784279,-0.39805430433126765,-0.6291710259231005,0.1857860010606666,-0.40398485309332033,0.14909851073001018,0.707939176377443,-0.15613081127188785,0.7043915213365002,-0.48932295618770283,-0.6216403720762225,0.07426848039590592,0.5098825011520265,-0.16632479264972452,-0.5289366404629386,0.5458942391086398,0.10666122141695693,-0.1819319147406111,-0.44471214840705037,-0.6594496119689918
Cerebellum_6_L,-0.31765267807766295,-0.07200625206146476,0.2228988123886809,0.2073353494974922,0.8384321404256811,0.41757430113989674,-0.5237405622933923,0.5423510038093363,0.5317728835503971,0.03792327011927541,-0.4184696201834741,-0.11057149542119042,0.5512051843889437,-0.1278326729959715,-0.17643029680362834,0.5679430555937199,-0.044377837498226436,0.5140871451388984,0.096720976029164,-0.5209844161147885,0.6853633926540589,1.0,0.4000482198010214,0.12327143644269208,0.50641054319173,-0.3646730100119879,-0.11506268499349505,-0.15747484321809416,0.38371436406405335,-0.10786690667506771,0.1872664230922685,0.45889424345776036,-0.15546063701736829,0.5217485825527528,-0.3122384816328368,-0.5032760198594681,0.35714321796703746,0.35513371084481077,-0.04745833822081332,-0.19511428985018495,0.37490060906237826,0.23944348710495977,0.09942904456075292,-0.16355140632808662,-0.6486288053803647
Thal_PuL_L,0.02171986530430599,-0.3743114364874475,0.1089413730131548,-0.024401086598513755,0.5298637147490515,0.31877404372036067,-0.03885676268117436,0.21867936677471939,0.2910263874165508,-0.052850482855219594,-0.11806174421647803,-0.22765237417056008,0.30225386674407323,-0.08502358088608944,0.1360577304972428,0.6950658477508936,-0.2431608960019891,0.028098414714492054,0.02703502826652418,-0.3524463074278412,0.471570477590621,0.4000482198010214,1.0,-0.25317605909989255,0.4617772861375363,-0.09666344604646787,-0.3131094245684928,-0.3351774537873524,0.564006710685775,0.24856053838235193,0.24341186380120874,0.02442797880647682,0.07830823323666955,0.142288484067222,0.18075433943494262,-0.4382195874878188,-0.05099449430560749,-0.09484206154928114,0.197895508180661,-0.2136049418578318,0.05867507190414642,0.5302836783943817,0.36560333938677786,-0.34801469392494555,-0.08968099228738138
N_Acc_L,0.02172987301683852,0.3088657349965844,0.34482013011287393,0.39412189785159213,0.01676588672454655,-0.08635709995478474,-0.054690716579757326,0.2628843331041875,0.05738711101501161,0.28177337976773265,0.12998123334073847,0.4536589390087174,0.10101353909990206,0.22844162650769737,0.10593383830585773,-0.14454161767987925,0.15098934484539467,0.3875792114429053,0.3918158213260572,0.18060802756130098,-0.2167518171448086,0.12327143644269208,-0.25317605909989255,1.0,-0.1586043438595322,0.09685938466128652,0.38831885155832185,0.5136513911837134,0.09653777907034332,0.09015077730273457,0.060278601165342914,-0.21958654181196632,-0.15719842868557668,-0.11849002520971673,-0.009331756198650027,0.35140506931863674,0.32145193152226564,-0.05644431121787224,0.14992566081911937,0.1366090817255509,0.018252224028565387,-0.13215558673539998,0.002569092551236741,0.14442793916850905,-0.0845825290257117
Thal_LGN_R,-0.17395038600649973,-0.3909902615928707,0.305745321389413,0.1826218740992531,0.4272206560611722,0.17778698678111424,-0.20151010982397893,0.0849821324778018,0.15224915148751256,-0.009101471835333223,-0.17205670441262164,-0.3712933115962515,0.3423819011460057,-0.1385237919333843,-0.019361115525499732,0.611346469103708,0.011270304097529599,0.043469375875344905,-0.14601728643894038,-0.3209627948958863,0.5131027420168172,0.50641054319173,0.4617772861375363,-0.1586043438595322,1.0,-0.12957473899028865,-0.388762994337355,-0.36449714790082555,0.425737205868416,-0.09409214055632656,0.11807350030989444,0.3664776635264696,0.15516225094640004,0.21243805213909217,-0.019027005513971153,-0.39125972715054746,-0.07377565491906918,0.06025823768735661,0.12516047976992106,-0.16458051596011317,0.04335637647001618,0.14565097081118636,0.34410418849812324,-0.0105609669355177,-0.26456461171521745
ParaHippocampal_R,0.33174869974648646,0.1409957516562112,0.2656154958124898,-0.11553512884558341,-0.25930872243574254,-0.6046453987646667,0.7305921096771234,-0.39453863549023455,-0.638323966741719,0.5115633298673455,0.8781188587645973,0.42812728340141076,-0.31652865361859134,0.3697087348464536,0.36050530044879975,-0.001646747620591691,0.6257778793339384,-0.08173166635257052,0.059821599135301974,0.7966419724785466,-0.6802182241784279,-0.3646730100119879,-0.09666344604646787,0.09685938466128652,-0.12957473899028865,1.0,0.18752283402914116,0.5657670389269429,0.13800112200632683,0.5561910829838173,-0.07030908012435799,-0.6905898490407786,0.6077464431309917,-0.765302633591105,0.7807101361507254,0.6150969855949842,-0.2137910576062051,-0.6972513058052033,0.39860282051093304,0.6191509758274254,-0.7488846265101984,0.17271456035349642,0.48209340052559335,0.5955022958844142,0.7637172072918524
Supp_Motor_Area_L,0.0942553852326806,0.6405889027494562,0.25240292652562274,0.05794788740849553,-0.1877008139051979,-0.17760394740297009,0.11496622471390844,0.14109351309011386,-0.08231969661153302,0.3937747571206505,0.14006399929813404,0.8743263296488138,0.06348682425306824,0.530714722952862,-0.0022207195472556266,-0.3256187950066965,0.1194725337492756,0.37557858865757765,0.4150097183761057,0.28909599891081583,-0.39805430433126765,-0.11506268499349505,-0.3131094245684928,0.38831885155832185,-0.388762994337355,0.18752283402914116,1.0,0.39230283561251195,0.05691586746504759,0.31546806930206744,0.16988669938906983,-0.23831950610313182,-0.12803379557887282,-0.13731764346980926,0.1583608536435429,0.247562640891821,0.4463632999564673,-0.02818877158065337,-0.017096427766795232,0.1719438640226564,-0.003708227822343643,0.144096160574233,0.09599435907698084,0.10936874664803861,0.07074681529036095
Rectus_R,0.17551794796215325,0.3496366687380464,0.18867746698566706,-0.16418481309875177,-0.1347477833045028,-0.4336327033629922,0.4915999315984441,-0.08278439127687927,-0.362159808880907,0.49360675311824653,0.5973660895943109,0.5560660916305588,-0.3795781729698885,0.3715021014228484,-0.054444569273881784,-0.12897326662507394,0.5414764802509275,0.16755120489092076,0.38778727218941494,0.6965834424401771,-0.6291710259231005,-0.15747484321809416,-0.3351774537873524,0.5136513911837134,-0.36449714790082555,0.5657670389269429,0.39230283561251195,1.0,-0.05340741880327936,0.4320823564601724,-0.03199063792323165,-0.6472969802621646,0.25884665358750203,-0.5211854754165156,0.3740546633527707,0.635369354224894,0.1457351794055433,-0.3932681274894618,0.15566291328634155,0.5855219853286459,-0.41003050410593345,0.058209281787504584,0.15828408157150264,0.34644383303161985,0.2823445866162465
Thal_VPL_R,-0.01874713024597189,-0.036702251011046204,0.6442098835865872,0.27603430909614496,0.33632324477084985,0.20644711813381025,-0.01266922362587943,0.4304965375372156,0.3027736930954975,0.3699059455969741,-0.042089763166393804,0.21247586117966316,0.36878959585405174,0.428401927181779,0.35596594461860454,0.4521045219299686,-0.06372287960996253,0.5021622032744846,0.3769722998603164,-0.16346279382911724,0.1857860010606666,0.38371436406405335,0.564006710685775,0.09653777907034332,0.425737205868416,0.13800112200632683,0.05691586746504759,-0.05340741880327936,1.0,0.5483428165472418,0.691534739752853,-0.08859907081615319,-0.08233485168831538,0.16443923066800967,0.3134024394853145,-0.20655351827142232,0.4240403642362006,0.08154010887730813,0.5411176870644648,0.061354922579420115,0.13790725625289127,0.5969050575440112,0.6719039712344518,-0.20321164396886005,-0.04005014908588373
Thal_PuA_L,0.3150210741082209,0.29625478104338915,0.4849740278697144,-0.19053412486759677,0.015837553128983994,-0.1377661526890101,0.5000856201940748,0.14654866800352262,-0.09476942356936609,0.481817088489002,0.42281014488230045,0.5389347621212027,-0.04000261519257996,0.5960158620484296,0.2739494507852055,0.09891970128198965,0.17677180251270655,0.28451104929011717,0.5633782245137441,0.4182993622751346,-0.40398485309332033,-0.10786690667506771,0.24856053838235193,0.09015077730273457,-0.09409214055632656,0.5561910829838173,0.31546806930206744,0.4320823564601724,0.5483428165472418,1.0,0.44188724402286983,-0.6052381670627991,0.1358901190678047,-0.3537616840737132,0.5407507180885203,0.20010828761917676,0.24255658548930503,-0.33524858914762085,0.4402025832178426,0.3954880792659186,-0.25506521341725563,0.6472919569813386,0.5703991757764227,0.003781730654294486,0.3632902449260914
Thal_PuI_L,0.017903845943947432,0.130987904393873,0.5226296987644693,0.19502611246038998,0.17440236708957194,0.34095872944482475,-0.1315219331660151,0.5058590756076266,0.4194411211202725,0.16556150343444467,-0.29356697489246536,0.21443948354461695,0.27517561423685155,0.4864822921992206,0.15747329794846426,0.1738638530108864,-0.35183820498188495,0.4483754202560778,0.48331158338141417,-0.26060297205853056,0.14909851073001018,0.1872664230922685,0.24341186380120874,0.060278601165342914,0.11807350030989444,-0.07030908012435799,0.16988669938906983,-0.03199063792323165,0.691534739752853,0.44188724402286983,1.0,-0.026224911352808588,-0.35327933151539453,0.4056049951195823,-0.021806824423259496,-0.1874350975368055,0.6564593991305254,0.4384055680876105,0.4116172017448407,0.018855400645459697,0.4713780778361566,0.49899304022217117,0.3553471253223251,-0.41593564660934085,-0.17733285949114827
Temporal_Pole_Mid_R,-0.34618314396545186,-0.1676513737929786,-0.1424381849594973,0.15808892391897084,0.26945776830384427,0.40858092203955354,-0.7211509920164975,0.2070412028918714,0.4171974217509374,-0.3613221993881847,-0.7169382040533065,-0.44099663401753453,0.3787623260431003,-0.3640989678540827,-0.1894864243288767,0.14567585526149748,-0.3138900938312505,0.05086861445500471,-0.31333107005414035,-0.6523559204135402,0.707939176377443,0.45889424345776036,0.02442797880647682,-0.21958654181196632,0.3664776635264696,-0.6905898490407786,-0.23831950610313182,-0.6472969802621646,-0.08859907081615319,-0.6052381670627991,-0.026224911352808588,1.0,-0.28718863571188574,0.6707706090484747,-0.6099378636926367,-0.5067778007593161,0.08971192616132953,0.6083782939623469,-0.34009100391876435,-0.5319071925668709,0.5584753551463495,-0.23016747083138647,-0.2885432444020446,-0.17854951882565803,-0.5978801628446327
OFClat_R,0.05050327670251965,-0.1715229500947539,-0.02137267154154237,-0.12924668873742434,0.06374536662311336,-0.4607453818222718,0.4809257453125091,-0.591840731497212,-0.5686492292748903,0.13795364780717131,0.6291787652616806,0.03147320172826957,-0.1377193470752574,-0.12200519376569259,0.17706566544002983,0.43908175412306993,0.542137383544081,-0.5051168677176694,-0.46017633345728737,0.5900950835552727,-0.15613081127188785,-0.15546063701736829,0.07830823323666955,-0.15719842868557668,0.15516225094640004,0.6077464431309917,-0.12803379557887282,0.25884665358750203,-0.08233485168831538,0.1358901190678047,-0.35327933151539453,-0.28718863571188574,1.0,-0.5912375952781358,0.6715644393929341,0.48127140846013067,-0.5433551385283802,-0.6583791728947082,0.15633079830526114,0.31970204272853303,-0.7694558137845129,0.039836656682063945,0.3555637638381143,0.6254606753773271,0.5031282244196548
Occipital_Mid_R,-0.3550436174965485,0.01471917973207765,-0.018397152041121866,0.2840928027306968,0.3905846154247549,0.6211546211601386,-0.7094792279782154,0.5655296045581785,0.7497155114691126,-0.30261037874526026,-0.8826197751351975,-0.3410129956824361,0.49975577750199157,-0.11157462976894653,-0.1548865787589208,0.1254814490276481,-0.5706105040440856,0.3494805115902369,0.08611625944829146,-0.8342673362966871,0.7043915213365002,0.5217485825527528,0.142288484067222,-0.11849002520971673,0.21243805213909217,-0.765302633591105,-0.13731764346980926,-0.5211854754165156,0.16443923066800967,-0.3537616840737132,0.4056049951195823,0.6707706090484747,-0.5912375952781358,1.0,-0.7051970659959692,-0.6204616787928717,0.5014472506473796,0.9270132085969262,-0.20859639726012036,-0.3974602172882731,0.8980291243150977,0.06676425073121488,-0.21703412580564913,-0.6099886537244177,-0.7261629813562527
Caudate_R,0.22498605761933607,-0.01409081556632021,0.30797244686467945,-0.048640487327599825,-0.191912232228801,-0.5340349431686935,0.6742442791367124,-0.4470078886637761,-0.5740967630217577,0.5029353975213046,0.7528095310831463,0.3839609701169333,-0.1543707774474214,0.35402258746468956,0.4908917535263404,0.23896255648120698,0.5400905161876004,-0.13784721764621982,-0.008363252652544957,0.6972925132244542,-0.48932295618770283,-0.3122384816328368,0.18075433943494262,-0.009331756198650027,-0.019027005513971153,0.7807101361507254,0.1583608536435429,0.3740546633527707,0.3134024394853145,0.5407507180885203,-0.021806824423259496,-0.6099378636926367,0.6715644393929341,-0.7051970659959692,1.0,0.5190743622820093,-0.23900073264911745,-0.7038728576092336,0.5010990255167147,0.45127879825289413,-0.7351857277961463,0.29141791517908205,0.6378147153729782,0.4854631698690481,0.7337483147578492
Amygdala_R,0.2351798549646939,0.15973018813744289,0.07301839734334307,-0.030456209138484208,-0.438000824532,-0.5687091131104283,0.5118155806283585,-0.44468994964218367,-0.5417677361379252,0.26791691824480013,0.6487194776798132,0.3980735410060512,-0.3304183991414077,0.16042881185319102,0.2136363365820518,-0.25278919759858237,0.4388665365532239,-0.23705487491673494,-0.07216971505867002,0.7630367880542304,-0.6216403720762225,-0.5032760198594681,-0.4382195874878188,0.35140506931863674,-0.39125972715054746,0.6150969855949842,0.247562640891821,0.635369354224894,-0.20655351827142232,0.20010828761917676,-0.1874350975368055,-0.5067778007593161,0.48127140846013067,-0.6204616787928717,0.5190743622820093,1.0,-0.23786313101836487,-0.4868477020618066,0.27888340768735487,0.46606113632399165,-0.5659854686034888,-0.2408673552960855,0.07149293401779216,0.5651282895880186,0.5550479809429969
SupraMarginal_L,-0.006311750412363931,0.3709149241125744,0.4546949696044197,0.17468649196311495,0.1615623862066113,0.2688405129613107,-0.30696845210779694,0.6021387384078006,0.4331542149144146,0.330719117556964,-0.38164841417799356,0.4182296421697859,0.2359059206530066,0.6127622468459718,-0.06254551011558829,-0.022766145922515385,-0.1618811612414084,0.8011169859245522,0.6157626269927728,-0.2695606173475148,0.07426848039590592,0.35714321796703746,-0.05099449430560749,0.32145193152226564,-0.07377565491906918,-0.2137910576062051,0.4463632999564673,0.1457351794055433,0.4240403642362006,0.24255658548930503,0.6564593991305254,0.08971192616132953,-0.5433551385283802,0.5014472506473796,-0.23900073264911745,-0.23786313101836487,1.0,0.6163471003927933,0.09332791409580977,0.026981239637764654,0.6073079898066466,0.37716831185108374,0.16351197431009762,-0.32867470351312816,-0.41053111444055423
Occipital_Sup_L,-0.29450483501322716,0.1539684864741506,0.015413026940658723,0.26045321079740014,0.1629696112899701,0.5039495224049236,-0.6648425843936503,0.49439253986021386,0.6299835812100093,-0.18803682706339844,-0.8221972832385932,-0.23739454635585747,0.35881739584874567,0.05409436262053553,-0.18386461527753709,-0.06025548834396569,-0.4795984552520162,0.3968496352031255,0.18751214467065414,-0.688981612217981,0.5098825011520265,0.35513371084481077,-0.09484206154928114,-0.05644431121787224,0.06025823768735661,-0.6972513058052033,-0.02818877158065337,-0.3932681274894618,0.08154010887730813,-0.33524858914762085,0.4384055680876105,0.6083782939623469,-0.6583791728947082,0.9270132085969262,-0.7038728576092336,-0.4868477020618066,0.6163471003927933,1.0,-0.21991040893720212,-0.33565743190275465,0.9217663953194715,-0.008894446625845756,-0.2420676651902418,-0.5523474299820403,-0.6539970988887572
Thal_MGN_L,0.20167495557248266,-0.11121685685340682,0.5160873478709808,0.0506092624338555,-0.08602593440230268,-0.14162611775830908,0.3041007834603953,0.013831700097938347,-0.10698278889819257,0.32929223028892524,0.3101018476653543,0.2137212758024472,0.06928687672695745,0.3190999848594933,0.3693603929522023,0.19563007451264305,0.16577983776025748,0.1889816921407644,0.27913871715865696,0.2513496138429986,-0.16632479264972452,-0.04745833822081332,0.197895508180661,0.14992566081911937,0.12516047976992106,0.39860282051093304,-0.017096427766795232,0.15566291328634155,0.5411176870644648,0.4402025832178426,0.4116172017448407,-0.34009100391876435,0.15633079830526114,-0.20859639726012036,0.5010990255167147,0.27888340768735487,0.09332791409580977,-0.21991040893720212,1.0,0.2130970004944416,-0.16896355326331003,0.309572885938101,0.4062048050456585,0.19724145433622714,0.35623902501178717
LC_L,0.1686779681576943,0.09415987843935594,0.14918034673404773,-0.14387642551296503,-0.1784362369715619,-0.4281456038527444,0.48015580430661325,-0.13710470967968402,-0.40499486925558975,0.4225409045021518,0.584396005176682,0.2854743873708064,-0.32939523335104703,0.3523488444146027,0.14516354557106168,-0.08349340438436238,0.4727173314965591,0.07450853990255143,0.13554946226240852,0.5435360544013168,-0.5289366404629386,-0.19511428985018495,-0.2136049418578318,0.1366090817255509,-0.16458051596011317,0.6191509758274254,0.1719438640226564,0.5855219853286459,0.061354922579420115,0.3954880792659186,0.018855400645459697,-0.5319071925668709,0.31970204272853303,-0.3974602172882731,0.45127879825289413,0.46606113632399165,0.026981239637764654,-0.33565743190275465,0.2130970004944416,1.0,-0.455549342012059,0.10895304783679582,0.2861800532285168,0.32995333239765734,0.42792902601823524
Occipital_Sup_R,-0.20217388997403934,0.16113064918575132,0.041405974346541786,0.19622573154096346,0.20622280290738418,0.6235059669856797,-0.6756831996160083,0.5893180636222385,0.7324378439074795,-0.26227782604560607,-0.8583858411565025,-0.17920087612412736,0.4146671529004369,0.005445303231883096,-0.22468251270216558,-0.04256817061041159,-0.5963718007776695,0.4080775213009341,0.321351271194826,-0.7568040608577833,0.5458942391086398,0.37490060906237826,0.05867507190414642,0.018252224028565387,0.04335637647001618,-0.7488846265101984,-0.003708227822343643,-0.41003050410593345,0.13790725625289127,-0.25506521341725563,0.4713780778361566,0.5584753551463495,-0.7694558137845129,0.8980291243150977,-0.7351857277961463,-0.5659854686034888,0.6073079898066466,0.9217663953194715,-0.16896355326331003,-0.455549342012059,1.0,0.09888245946982309,-0.31092655107987716,-0.6503188108051527,-0.6967604360564041
Thal_AV_R,0.34167497880316094,0.13449111076105918,0.3998723654678286,-0.19139749872419712,0.37060329885594745,0.23202798546583087,0.22435053172069197,0.391733078633586,0.2680406002250636,0.24922998575889252,0.028192310361079952,0.31254760932877235,0.18239637417273555,0.4134176092721544,0.1799600333327323,0.4216094999665839,-0.04823636495035322,0.3316649724335748,0.4407120623858052,-0.0591577905475186,0.10666122141695693,0.23944348710495977,0.5302836783943817,-0.13215558673539998,0.14565097081118636,0.17271456035349642,0.144096160574233,0.058209281787504584,0.5969050575440112,0.6472919569813386,0.49899304022217117,-0.23016747083138647,0.039836656682063945,0.06676425073121488,0.29141791517908205,-0.2408673552960855,0.37716831185108374,-0.008894446625845756,0.309572885938101,0.10895304783679582,0.09888245946982309,1.0,0.47603339479197665,-0.2384285187565343,0.017411585025415323
Thal_PuM_L,0.12948600953360567,0.03130834812473376,0.5154345268123866,0.18874895560497962,0.10632639506894255,-0.2727801589657246,0.31830990844230234,-0.07985554094364856,-0.20821764411365573,0.6136785646494485,0.36573889996668846,0.24338611546492456,0.05814947163317348,0.5521755479398849,0.4595860788052969,0.42922580931254317,0.3597328097878123,0.25705199406049734,0.16530319522449657,0.26699648082654387,-0.1819319147406111,0.09942904456075292,0.36560333938677786,0.002569092551236741,0.34410418849812324,0.48209340052559335,0.09599435907698084,0.15828408157150264,0.6719039712344518,0.5703991757764227,0.3553471253223251,-0.2885432444020446,0.3555637638381143,-0.21703412580564913,0.6378147153729782,0.07149293401779216,0.16351197431009762,-0.2420676651902418,0.4062048050456585,0.2861800532285168,-0.31092655107987716,0.47603339479197665,1.0,0.18907999158308483,0.31753582881792486
Cerebellum_10_R,0.13810780285740276,-0.0025994840867935645,0.13129531485754403,-0.13567899465709374,-0.2782146108206744,-0.6719483731571654,0.2834780940502318,-0.5732854950670224,-0.70964395718712,0.41909680274451067,0.654334150610579,0.25679681592706577,-0.21990505869117385,0.11633583030650335,0.06430644619593424,-0.0338624003218334,0.7504087309951555,-0.12930312269651514,-0.208964067317174,0.6850012563537422,-0.44471214840705037,-0.16355140632808662,-0.34801469392494555,0.14442793916850905,-0.0105609669355177,0.5955022958844142,0.10936874664803861,0.34644383303161985,-0.20321164396886005,0.003781730654294486,-0.41593564660934085,-0.17854951882565803,0.6254606753773271,-0.6099886537244177,0.4854631698690481,0.5651282895880186,-0.32867470351312816,-0.5523474299820403,0.19724145433622714,0.32995333239765734,-0.6503188108051527,-0.2384285187565343,0.18907999158308483,1.0,0.43420698069561164
