,Insula_L,Thal_AV_L,Thal_PuL_R,Temporal_Pole_Sup_R,SN_pc_R,Cerebellum_Crus2_R,Vermis_1_2,Thal_MGN_L,Supp_Motor_Area_R,Occipital_Mid_L,Supp_Motor_Area_L,Caudate_L,Cuneus_R,Thal_VPL_L,ACC_sub_L,Thal_VA_L,Vermis_4_5,Parietal_Sup_L,Lingual_L,Vermis_3,OFCpost_R,Paracentral_Lobule_R,Precuneus_L,Cerebellum_3_L,Hippocampus_L,SupraMarginal_L,Thal_Re_L,ParaHippocampal_R,Frontal_Inf_Tri_L,VTA_L,Occipital_Mid_R,Thal_MDl_R,Thal_LP_L,Frontal_Inf_Oper_L,OFCant_L,Olfactory_R,Thal_LP_R,Amygdala_L,Frontal_Inf_Orb_2_L,SupraMarginal_R,Thal_MDl_L,OFCmed_R,Frontal_Mid_2_L,Cerebellum_Crus1_R,Heschl_L,Fusiform_R,OFCpost_L,Angular_R,Caudate_R,Pallidum_L,Vermis_6,SN_pr_R,N_Acc_R,Postcentral_L,Temporal_Sup_R,Thal_MDm_L,OFCmed_L,Heschl_R,Thal_PuA_R,LC_R,Cerebellum_7b_L,Insula_R,Precentral_R,Precentral_L,Cerebellum_6_R,Thal_AV_R,Thal_PuL_L,Thal_MDm_R,Cerebellum_8_R,Angular_L,Cerebellum_9_L,Occipital_Sup_L,Frontal_Med_Orb_R,Precuneus_R,Fusiform_L,Pallidum_R,Thal_PuA_L,Parietal_Inf_R,SN_pr_L,OFCant_R,Vermis_9,Frontal_Sup_Medial_R,Occipital_Inf_L,Thal_PuM_L,ParaHippocampal_L,Rectus_L,Frontal_Inf_Orb_2_R,Thal_IL_L,Temporal_Inf_L,Thal_IL_R
Insula_L,1.0,-0.15924329663975248,0.2538005517081846,-0.5224491251077784,0.32964777072478646,-0.3215475973441167,0.27282618100102446,0.32929223028892524,0.14524182455119491,-0.012649675719851214,0.3937747571206505,0.697131345551708,-0.22811967470288877,0.4977190630457463,0.46506817177344745,0.617545525035826,0.5424233046397835,-0.19434578432955044,0.051174980451836244,-0.09361314000284504,0.6753387976357951,0.036455436070728396,0.08217722873004675,0.44957957268943805,0.7247688856287218,0.330719117556964,0.3017804442091232,0.5115633298673455,0.7900790762733996,-0.3737817756833177,-0.30261037874526026,-0.005188130088450605,0.3191769518952055,0.8642044534431621,0.5489698765209234,0.5056666974978985,0.26899529098609304,0.6150622722210083,0.5359212268533187,-0.19612653312187006,0.4023836921521486,0.6520042752159284,0.7307590973688549,-0.3629378318793111,0.734439020496686,-0.11034046189231997,0.5271322047641384,-0.29246391630013174,0.5029353975213046,0.5365003483355858,-0.2151783912758849,-0.06993165289641769,0.21305527527521853,0.21556147852477964,-0.04025259656744376,0.5623139607709443,0.4359263557355175,0.19498758693711576,0.44798741166473527,0.27582650096886796,-0.11184190595131303,0.012182957026990685,0.11095836716813909,0.5237596239634864,-0.41021571709950505,0.24922998575889252,-0.052850482855219594,0.6421004781035181,-0.4400116535707257,-0.07866435456274824,-0.17594117352956068,-0.18803682706339844,0.3825609780131784,0.07319358841221224,0.6685423699733379,0.3856597271067252,0.481817088489002,-0.23108498469095684,0.37727705095343916,0.6634254124954798,-0.4011617881222222,0.5099549346353974,-0.1317249547138612,0.6136785646494485,0.65208549824522,0.5697210850976965,-0.01461118321610877,0.20010997366991864,0.6513296639230071,0.186319069229267
Thal_AV_L,-0.15924329663975248,1.0,-0.023307308253517917,0.6218006847354745,-0.1219562580821306,0.5256358723324894,0.05606388873251148,0.06928687672695745,0.20601073689320848,0.32942981749453787,0.06348682425306824,-0.19707458510862347,0.6174203700905961,-0.10436519100547341,-0.51364912860682,-0.11939250670502347,0.23429503781470468,0.3316945766060511,0.4781877677550773,0.40981051580237127,-0.378970640737616,0.30877631719212206,0.3473037512512311,-0.28244664888183685,-0.2750853697483518,0.2359059206530066,-0.5486305718559926,-0.31652865361859134,-0.13826626853742308,0.4712611204822798,0.49975577750199157,0.528647699447803,-0.06643035429132481,-0.16244798639167962,-0.46249441255627577,-0.28214351512208613,0.32452686495493377,-0.5945322889908944,0.011305377643990045,0.5543600080003908,-0.4590618152526901,-0.41961226846628347,-0.3111455634007249,0.651795060511267,-0.29897642611349173,0.5960951945335843,-0.304236824728088,0.4816776747955571,-0.1543707774474214,-0.3802691030831752,0.504871909795053,0.5597899948095618,-0.2087206859248928,0.22037038885226484,0.33306648922265114,-0.06382455071670957,-0.43981333917535675,0.03108154910697305,0.1640256028147607,-0.38902215285942726,0.4240751671953258,0.3574151714861905,0.3961159222562521,0.04854072298010773,0.7747904204735943,0.18239637417273555,0.30225386674407323,-0.23185784290982975,0.585008962441695,0.36713460598588893,0.6200088022221023,0.35881739584874567,-0.2763816345925001,0.4623350613017074,-0.03810599753748692,-0.21905328358728335,-0.04000261519257996,0.37359545873577754,-0.21958918259705765,-0.4423351129857739,0.5340133758343851,-0.10482536458873375,0.4819898329960659,0.05814947163317348,-0.3645165699705857,-0.3705851267759041,0.09879737226166585,0.28992357698105775,-0.286479421802732,0.21283079175119124
Thal_PuL_R,0.2538005517081846,-0.023307308253517917,1.0,-0.051500221558851714,0.27264390337956035,0.2912930102275034,0.19563206097479063,0.45318542470645146,0.11835509650759106,-0.18989302076588815,0.05158133553277931,0.4284825320802907,-0.039855316348432944,0.6254931211115998,0.3257491122754217,0.4565978149120224,0.4391481936473537,-0.15278588573113272,0.3153272273695565,0.23810425256218126,0.05997312713013718,0.056668564712035595,0.02688849576002679,0.3761990407389118,0.47146336282000934,0.06160424879000508,0.41437005574325997,0.35666879140397206,0.30162276597464455,-0.11851391959493103,-0.2609080938355039,-0.20717593968619608,0.09777270486304675,0.38831373695519444,0.1333162271208508,0.2891075821050816,0.360251206064721,0.12592350468679664,0.27607058818331,-0.026614966694494608,0.32028903641900375,-0.06150149959021444,0.3298110199914847,0.15259410616324764,0.09901906487267402,0.22065576530294026,0.286263607002905,-0.08325456930843378,0.5306654175627686,0.4405312309688656,0.3029339099800107,0.16136504050438769,0.5343055320421551,-0.1792945763544264,0.2878001613585422,0.3733862174760241,0.08186614093708446,0.4215007670239941,0.43763360355865877,0.28910066437010495,0.1707773052560885,0.37428184136623044,0.16883577366299465,0.2766374174167069,0.08157145926130954,0.7408875004189444,0.6237664141419682,0.4207591704175833,0.2031790575252997,-0.15455550965823747,0.09306851671970977,-0.3618807365727313,-0.1050004486684976,0.23026943732119973,0.3603399934242466,0.5298440487395571,0.6426515763338323,-0.10186473851108725,0.2532604636745921,0.16571623107269742,0.03158412983767777,0.271838750018372,-0.18931694149100803,0.4941786584571136,0.3813438258420726,-0.1654224024912307,0.5000392793233538,0.09006257198651557,0.3165593380211476,0.23708137482880584
Temporal_Pole_Sup_R,-0.5224491251077784,0.6218006847354745,-0.051500221558851714,1.0,-0.2986477658350749,0.42536933626536066,0.13312706167549357,-0.16632479264972452,-0.1886630329405536,0.32619340476766706,-0.39805430433126765,-0.707918692876327,0.6639783842950672,-0.26643796347259535,-0.6087522692119758,-0.44553012061122843,-0.0007751636742471023,0.37316608793028727,0.6685204871696668,0.520065568695371,-0.506550554736787,0.08763736151211525,0.15690508765745356,-0.4818102190801692,-0.6961105127504289,0.07426848039590592,-0.6461647195294852,-0.6802182241784279,-0.5161326917239303,0.6519316870888588,0.7043915213365002,0.22827630733209867,-0.3002831107671879,-0.6168155055596423,-0.7873333558776555,-0.47114519986108905,-0.08766310997078092,-0.8765373977409064,-0.26190673735173053,0.7322023337163491,-0.5165280749146243,-0.7288155899572881,-0.7743647248986948,0.5864457795535227,-0.6355212953674202,0.6303396101593438,-0.24340969990655376,0.688967574034295,-0.48932295618770283,-0.5839922548807724,0.6718016642396928,0.5380795078992776,-0.26717766023985784,-0.12600990780444862,0.536137311137161,-0.3365979958650184,-0.5664702021831646,0.18986975590968436,-0.0669654823560767,-0.6594496119689918,0.4130543131941704,0.5750118334480037,0.11577297563325202,-0.48747435099764846,0.690954022891277,0.10666122141695693,0.471570477590621,-0.5427994478441296,0.6830834921931092,0.4753191613639156,0.7435999507140252,0.5098825011520265,-0.5497555315125849,0.26249262547290875,-0.3890425082440766,-0.2534609862956403,-0.40398485309332033,0.47725055794068855,-0.49075668165370373,-0.7660667128016312,0.6699056153296402,-0.5989839711920997,0.6625702294209849,-0.1819319147406111,-0.7253232188006224,-0.6384134103730997,0.2659903651281858,0.26633259986615077,-0.7045069369806959,-0.15368176700916872
SN_pc_R,0.32964777072478646,-0.1219562580821306,0.27264390337956035,-0.2986477658350749,1.0,-0.18515222649506197,0.6649034171323761,0.4289672883839373,0.16561804989096773,-0.5526719583396373,0.01142905025719219,0.5659876603518829,-0.38531306852297975,0.33578348400389313,0.5620453889061965,0.3249095147718052,0.5107601616036793,-0.5890528403197145,-0.0929280098196238,-0.09337973713056902,0.489844359328951,-0.34805615753390395,-0.37971843399795424,0.8396650935614584,0.6657151145622643,-0.29049508725149703,0.45812322288448803,0.5887563437749329,0.007172553508352225,-0.30126861937733257,-0.6187486533446421,0.0296685127208937,0.22862174316595843,0.2228432890830154,0.5349402699155091,0.6613650334266865,0.2819039250779795,0.47913137025001334,0.01907583416960614,-0.27583862646987345,0.1344629883603982,0.18350198213108243,0.4369825377927168,-0.30751684239235627,0.1954513242739655,0.29821511348164675,0.15438382584795238,-0.5104941235282328,0.5662093854073312,0.25926793734002507,0.19375934146589413,0.2573412694070634,-0.061311778719178874,-0.3143393212701806,0.23844398619912438,0.156378129029674,0.38966019184548034,0.3210752912969716,0.0208744238983864,0.3993153730983995,-0.19751304204235814,0.29668717494169616,0.15101534041989698,0.24498885707676737,-0.020863164029169712,0.07453356622124334,0.13721416840243464,0.16404983265047257,-0.06744500529159204,-0.5446927677574013,0.09014401855393601,-0.6805415068713168,0.3248674497918696,-0.22015321569807084,0.5127978306215821,0.18754497287968278,0.2875709687849184,-0.5310084704707214,0.7758056375234217,0.4753892431919537,-0.35401556876282136,0.2559848069846871,-0.5121704815483689,0.33236021697407236,0.6519305765142772,0.3675705600422682,0.4116113918888014,-0.38664093252695175,0.33278421438494266,0.2659914394915803
Cerebellum_Crus2_R,-0.3215475973441167,0.5256358723324894,0.2912930102275034,0.42536933626536066,-0.18515222649506197,1.0,-0.2271891346978293,0.09343985069780697,0.09622327444540243,0.3152665671649113,0.0012072196691441514,-0.20913512537718823,0.4707411408276702,0.042501094472885255,-0.4027849091973602,-0.21357885224688192,-0.035813268034595225,0.3973635823907293,0.33618098768891513,0.44756142853661657,-0.6221854704536124,0.3394108484869578,0.3833193704812148,-0.3127079380588612,-0.23414819041174983,0.2590620638301781,-0.30501556840445626,-0.24474041282458647,-0.0313588080421326,0.4304106546164211,0.40593193195188054,0.1787282328327419,-0.2790572563533482,-0.12179589229694078,-0.44489560215264623,-0.3843056115209905,0.19116483678951482,-0.5213279102157458,0.10912296923402706,0.40520039075507924,-0.23684772185324945,-0.4893076785910896,-0.2548292730741239,0.6465929797022721,-0.25698113415918594,0.3519208924902964,-0.22062084029008092,0.45901142987345533,-0.1621746898265895,-0.20096192835022103,0.4079533406492934,0.37747606824059915,0.2164472616010206,0.19690522281543124,0.1810258172622856,-0.04680119807969581,-0.34244940939754315,-0.00824392628267826,0.1807215322635842,-0.1949524069966906,0.5204244997861248,0.21055428296304707,0.16138354153985912,0.01857115641129011,0.5190129836614884,0.40703224769951146,0.43433596979915595,-0.13526707652611525,0.6748925724683168,0.33968572855522366,0.3575148467206043,0.28715746252058705,-0.19803254717607938,0.4388023997499826,-0.13077654820113696,-0.1427909892037037,0.19200342510594204,0.38295926117825063,-0.16617826007894157,-0.4497640465215366,0.5872376735554081,0.011120561623046556,0.27806669467820566,0.013004431690472162,-0.3237993987342536,-0.45389337977908956,0.16283577855173054,0.2889386047041169,-0.22319142144884346,0.27726440550700265
Vermis_1_2,0.27282618100102446,0.05606388873251148,0.19563206097479063,0.13312706167549357,0.6649034171323761,-0.2271891346978293,1.0,0.1620381838080729,-0.04070027841788016,-0.3504012165469961,-0.1319285124386537,0.21234315126739048,-0.1765158691554833,0.2517953665937643,0.3562758891591241,0.2287278895738633,0.5873932611492372,-0.46487614298180935,0.305424028207765,0.09828146822926195,0.4912100581036272,-0.3759021072855305,-0.38873331512080783,0.637773614034502,0.3303310565805011,-0.13843595479353427,0.1051862562564878,0.29365304960625144,-0.09045021014122658,-0.16045350434118918,-0.2858237268990868,-0.010712793227649575,0.13681404839179645,0.014340406001765471,0.2165453500334167,0.5725083523344221,0.22469164476809225,0.17688711852691974,-0.08211530770318343,0.07011551950351357,-0.008900500579498719,0.015227519621742763,0.13110378835846506,-0.2546151750634247,0.11826582136516797,0.5687283247821167,0.21759358094240383,-0.22717482577718465,0.29431599317577517,0.010591088610460275,0.503744883733316,0.41062490368285537,-0.26532149009901446,-0.357297818583404,0.5913459803631671,0.03215157529432551,0.2963642892413951,0.5468403385229971,0.06444425363831259,-0.012285055335776155,-0.08006786440116256,0.6396210167353614,0.1156228986341883,0.030981703856963642,0.09125039464956256,0.11441752274886634,0.2822200062510276,-0.05763704609194117,0.07550221450489243,-0.2601992951913543,0.4688770629628923,-0.3968662805588013,0.16480219322533973,-0.22721561817020675,0.44068622387236617,0.10309782103988714,0.04723335725246125,-0.4008107099568759,0.4582196707196523,0.25077986315910233,-0.21143174634024667,-0.13574910816651264,-0.12188687680838832,0.32718121404966344,0.37464862647588804,0.2766238952737207,0.5100028648729189,-0.24595934153621163,0.01169456693969492,-0.13088587361066814
Thal_MGN_L,0.32929223028892524,0.06928687672695745,0.45318542470645146,-0.16632479264972452,0.4289672883839373,0.09343985069780697,0.1620381838080729,1.0,-0.01455899311442664,-0.08776981733863094,-0.017096427766795232,0.48948393150970315,-0.07138038879199393,0.44293751339329385,0.20063075180443232,0.3488068020675977,0.4366318900838846,-0.11357734482742853,0.2355624691661702,0.19274639847739758,0.16577983776025748,-0.002686150239933137,0.02803311959905436,0.48152917497634085,0.5569507175347099,0.09332791409580977,0.3041007834603953,0.39860282051093304,0.3190999848594933,-0.02514706667950855,-0.20859639726012036,0.0506092624338555,0.19633015226571543,0.35513712164434835,0.2513496138429986,0.15285346186682894,0.1856737599461514,0.16081914423081337,0.27913871715865696,-0.14627233682506405,0.19278942483253036,0.14809637621974217,0.35575494077750397,0.05626276297886103,0.2383371811816362,0.09618723003509896,0.1941225802396924,-0.17150511222246093,0.5010990255167147,0.41327071125413317,-0.011308352826569132,0.24136475092779852,0.20510983275419972,-0.0161179660159489,0.08635220644009216,0.4636611766837428,-0.009202329802913403,0.1474822233520543,0.397601901542699,0.35623902501178717,0.013831700097938347,0.19563007451264305,-0.03704646677929462,0.2137212758024472,0.0706636804246453,0.309572885938101,0.197895508180661,0.41213251607561496,0.027003370864669807,-0.13527140495182932,-0.0023382412693573563,-0.21991040893720212,0.06619854749722112,0.13062088722079754,0.3434125905698647,0.3575157780218755,0.4402025832178426,-0.1513583717031159,0.4575771969547509,0.3069614185153516,-0.10698278889819257,0.21913276502730517,-0.14671106475553108,0.4062048050456585,0.39206636648115406,0.04922884034401907,0.2430887538832325,0.17099440637385283,0.37235003786648246,0.3693603929522023
Supp_Motor_Area_R,0.14524182455119491,0.20601073689320848,0.11835509650759106,-0.1886630329405536,0.16561804989096773,0.09622327444540243,-0.04070027841788016,-0.01455899311442664,1.0,-0.09776466955827624,0.7575088806984133,0.3119411621988993,0.03606340535192762,-0.04425517428158371,0.10770099010809048,0.1722306383369089,0.17736575237449126,0.028211528001369963,-0.22800150277593897,-0.09658611650790225,0.059209203231025916,0.3348233265433502,0.2915343085932717,0.06413942545886372,0.244461145688234,0.08537899732034575,0.12521524958666438,0.137494400351397,0.20454537589772948,-0.18258751586464328,-0.2123793770033493,0.04400897685071946,0.15058057696396027,0.27471813535985384,0.24490261061402704,0.20200248908661073,0.2812098130635521,0.18943841605565628,0.2023823345834919,0.051656546799359514,0.03962734464609414,0.06887524178814192,0.4356011394828637,-0.07673204343878122,0.05628524932386856,0.024132520125953773,0.06660763184636605,-0.008457939781369508,0.2428692046591207,0.019287085600248135,-0.000926785935371533,-0.029416387915228385,-0.08067905145738662,0.3684133225812324,-0.010425194897580247,0.0891304715168578,0.22411841642018235,-0.011971130445713008,0.15364829228436758,0.12213599375302575,-0.04096892601308359,-0.07151800325653074,0.739180254138961,0.6988875353187325,-0.03507073105603483,0.18577825396402978,-0.09794560840498538,0.12214675277700733,-0.08709433282159251,-0.09819005942665053,-0.08706847129187274,-0.20676768591342606,0.199892669222552,0.3183195857378474,0.1910667828336946,-0.021662293581008924,0.25603014445856753,0.1464958190438518,0.21162236047972907,0.16129626713634868,-0.06080320167318987,0.6560738218652413,-0.24680502676584554,0.09223871417883249,0.21353975649968188,0.20646757518658582,0.0024427409714918515,-0.2624901388752213,0.17637164957193469,0.07013492401225908
Occipital_Mid_L,-0.012649675719851214,0.32942981749453787,-0.18989302076588815,0.32619340476766706,-0.5526719583396373,0.3152665671649113,-0.3504012165469961,-0.08776981733863094,-0.09776466955827624,1.0,0.19415312695613995,-0.3303978970914876,0.7714612503193563,-0.35782568965061734,-0.6895185740966326,-0.4570542928521237,-0.2136520698768053,0.9147581008386151,0.46590800013202727,0.6007382680693077,-0.4539175169081028,0.7535275944681593,0.8119983615175651,-0.6669634110698176,-0.3711491924303946,0.7823562681068019,-0.6067477845137743,-0.610497342985838,0.2560030361162691,0.6837337741432491,0.7891255568371854,0.17155037467509718,-0.5197755262951179,0.05961862636523592,-0.5862002529502419,-0.6829814308086259,-0.14644428929470238,-0.4894655634643212,0.5136799241511045,0.42508083623302323,-0.451154392299719,-0.0374279902478784,-0.38837631527409233,0.24561468924588706,-0.17025580182739883,-0.09341580943697812,0.04915403127417182,0.7596300323713135,-0.6409699598050247,-0.4632247879506611,0.12885743742135883,0.21505833767607757,-0.06232165125559687,0.6384719586568975,-0.25407737025384086,-0.20399173464107553,-0.09174544718969582,-0.47333407136492195,-0.012084287908996091,-0.6751078072876463,0.6626320344981934,-0.1576748017899496,-0.14962155377253752,0.055904448484887,0.09049779167450593,0.10455300075829055,-0.046908635222596785,-0.14524701947760624,0.009500831543448987,0.9473515584016509,0.2674195049013852,0.8547446027569089,0.13712695490168605,0.6390753151414609,-0.04591605387627531,-0.5180305247849356,-0.08432361217263191,0.7903173142859793,-0.30543596998354117,-0.4422387691580471,0.6291601477207879,-0.12557897403963827,0.835620611836522,-0.22094889920400057,-0.45819119691558513,-0.01572450579705284,-0.5250717790669327,0.6032450696137011,-0.15422452821869415,-0.22131439748863596
Supp_Motor_Area_L,0.3937747571206505,0.06348682425306824,0.05158133553277931,-0.39805430433126765,0.01142905025719219,0.0012072196691441514,-0.1319285124386537,-0.017096427766795232,0.7575088806984133,0.19415312695613995,1.0,0.4507910197919978,0.035311699337659055,-0.04534604260338863,0.11811026067373748,0.20029026132609487,0.1408208992937089,0.1953466270012993,-0.2098134575506142,-0.05492787635025498,0.1194725337492756,0.5216521145716173,0.43611528335347965,0.0074421947651398404,0.3481536871439554,0.4463632999564673,0.11496622471390844,0.18752283402914116,0.530714722952862,-0.17407139559584223,-0.13731764346980926,0.05794788740849553,0.10632694343388875,0.5293424514983905,0.28909599891081583,0.1368041427909237,0.23699808899204408,0.34276441472454205,0.4150097183761057,-0.15918846325222732,0.09519692615886202,0.4035268093773791,0.5364498232860656,-0.1873392415411533,0.33277163963999695,-0.2017954875052249,0.19275318297109836,-0.07409150681428181,0.1583608536435429,0.09165545831621637,-0.17257148658254282,-0.14097305888627465,0.0017883339005773146,0.6645456859899523,-0.31330634849010325,0.1311687043300472,0.4163599840544964,-0.22101461159634572,0.1293798367094692,0.07074681529036095,0.14109351309011386,-0.3256187950066965,0.5211956941530974,0.8743263296488138,-0.23812389644614335,0.144096160574233,-0.3131094245684928,0.2964304361144299,-0.28775284464786005,0.11382690327694939,-0.16040574368860094,-0.02818877158065337,0.4940522362943895,0.4184659907531191,0.37602579302957845,-0.1421647862679668,0.31546806930206744,0.12654219271274408,0.24656419723109596,0.31413021681801123,-0.08231969661153302,0.6894099131342937,-0.06873070350003883,0.09599435907698084,0.3254658238754673,0.4814329342692222,-0.2892458294280494,-0.06118202663147596,0.36689105699914687,-0.0022207195472556266
Caudate_L,0.697131345551708,-0.19707458510862347,0.4284825320802907,-0.707918692876327,0.5659876603518829,-0.20913512537718823,0.21234315126739048,0.48948393150970315,0.3119411621988993,-0.3303978970914876,0.4507910197919978,1.0,-0.427047499033628,0.5621421777627502,0.5921377763769696,0.6128225817564859,0.44291413743348873,-0.4269669298124619,-0.2805332462267454,-0.2292653883339112,0.5385818686907003,-0.026374876360224783,-0.09783638548855568,0.6904947333040703,0.8864933853142796,0.05331332876731994,0.5710452363833277,0.7422149886502802,0.5872814230887736,-0.5105107070174297,-0.689786640286178,-0.006132594821810728,0.3805990780446316,0.7588285097490639,0.7316924247564875,0.6139686389597696,0.4632499599837459,0.7356912647113898,0.36216900995349055,-0.5363747051122133,0.37445676063966465,0.5875897103931683,0.8416291224058925,-0.3418318496911869,0.5646182410040287,-0.1645787596623265,0.25884264541529944,-0.6222533687636912,0.8097887266478809,0.5745704006496463,-0.26426066250272434,-0.07689287421320953,0.24779329626878743,0.07177619374637768,-0.1592929881276295,0.5021432254951812,0.4995105413548161,0.11994416430258524,0.3141290667792981,0.5988043805501428,-0.20649268751927466,-0.08536279609930865,0.18170342543013265,0.6733882418308329,-0.30326838531919825,0.22273887206854429,-0.0449347525811599,0.6361880217310949,-0.3788471682754399,-0.4550363069573531,-0.3086782275080833,-0.6133808293264121,0.46959882195925673,-0.007668503494115506,0.6175753908837757,0.34797501442435397,0.6104220608500229,-0.4761434015698139,0.6734372131876548,0.7622929018106553,-0.5032135050636898,0.7264435464285656,-0.5324264763682628,0.5322553954950959,0.8117119969155829,0.5298385667516244,0.09958944042902644,-0.13189451990790066,0.7065424061775436,0.4057829984479942
Cuneus_R,-0.22811967470288877,0.6174203700905961,-0.039855316348432944,0.6639783842950672,-0.38531306852297975,0.4707411408276702,-0.1765158691554833,-0.07138038879199393,0.03606340535192762,0.7714612503193563,0.035311699337659055,-0.427047499033628,1.0,-0.31858879460436695,-0.7047407664735643,-0.4704867014959809,-0.0082534981424187,0.8185937228433654,0.6526697702426472,0.7619033382539091,-0.5534988990117963,0.6490047337686751,0.7533012406712817,-0.6297853054094337,-0.4721025772098386,0.5871744170603147,-0.6364614136556513,-0.6739264382234976,-0.07317557004619435,0.7786264697607107,0.840778003930154,0.38361057540156174,-0.3916440133862796,-0.1918788755783834,-0.7564960134615027,-0.6414332194261542,-0.03240616774973491,-0.7250328180690505,0.2697322870727089,0.7197626057714059,-0.524024478925556,-0.4374818056805402,-0.5596345471825255,0.4771277575934907,-0.4652090643131761,0.33951129055241014,-0.11101896581968881,0.8904816511722904,-0.5239909593163887,-0.5593507064630457,0.5089664947482491,0.45590684261734926,-0.20038349308050765,0.44671661691267595,0.10271819596472755,-0.2061633645129885,-0.2797069422368149,-0.222020737058817,0.05017706434776436,-0.6802112871404646,0.6897300639946243,0.18252536911299383,0.184857587149618,-0.06087669112054298,0.47715658433085273,0.21596357776063774,0.262388088739705,-0.24653035553137315,0.406502096583278,0.8408728705934304,0.5768524790551481,0.7737748096488817,-0.2057327283584729,0.7837358108989846,-0.1050217149079648,-0.42728460121050366,-0.1867018568189001,0.845052550106137,-0.3302621756112374,-0.6901814249115584,0.8451394991054354,-0.24993013399155142,0.8056019127389045,-0.1300952818607156,-0.5761077227705677,-0.3418868724339797,-0.176617967530213,0.5313318947099464,-0.34719782359853557,-0.05237879462441932
Thal_VPL_L,0.4977190630457463,-0.10436519100547341,0.6254931211115998,-0.26643796347259535,0.33578348400389313,0.042501094472885255,0.2517953665937643,0.44293751339329385,-0.04425517428158371,-0.35782568965061734,-0.04534604260338863,0.5621421777627502,-0.31858879460436695,1.0,0.45224724858948046,0.6179598784023935,0.4839063778780581,-0.46206056715134247,0.19047133464320318,-0.05398800715761806,0.27966163476759026,-0.3395797093245527,-0.2398977387827955,0.5082137311833731,0.5127402128129329,-0.04541703970674167,0.43329496483491053,0.5593521932874074,0.45168060296226,-0.3522510191934932,-0.39943461396488494,-0.028604154818412112,0.3523471142804872,0.46415631693233744,0.338015900902885,0.42964052694368415,0.46870883677469305,0.34995613057148994,0.10913219013572846,-0.07170753651192607,0.4939023383808314,0.12160298104044799,0.5245688245637785,0.059828521375260596,0.5063826228504638,0.14337800226103983,0.22332285559076734,-0.36840992605751843,0.7168521180768286,0.6288095338455469,0.0715483427679541,0.1625153609178213,0.44597990395033704,-0.21334922027696787,0.37700849643905837,0.6341861154173519,0.08950144628524845,0.6267940061937798,0.6024401706013958,0.4874973955316824,-0.21611258712732603,0.39878305275062403,0.0684895105780015,0.14143368601740414,-0.07847044858826739,0.43958477571843224,0.5505998426801862,0.5966991460966318,0.004748515390115057,-0.37671476411787425,-0.14951375797867128,-0.4436212399108232,-0.013853093630543755,-0.1310967569412807,0.285136423558803,0.6196449087472755,0.5775382817411308,-0.4145955224507689,0.19952371265020843,0.3560856853679852,-0.33940191588902285,0.30494783661518277,-0.32919426995895307,0.7856967771930555,0.44338128573656527,0.021526168255990217,0.5019644872206349,0.2672142914994881,0.2520156703678673,0.4435683738493383
ACC_sub_L,0.46506817177344745,-0.51364912860682,0.3257491122754217,-0.6087522692119758,0.5620453889061965,-0.4027849091973602,0.3562758891591241,0.20063075180443232,0.10770099010809048,-0.6895185740966326,0.11811026067373748,0.5921377763769696,-0.7047407664735643,0.45224724858948046,1.0,0.6961405454668631,0.43893314170167075,-0.6969943343248443,-0.3610426644976319,-0.4704803902047726,0.6915716769358651,-0.44224078524502775,-0.49582862882053735,0.7516868632164388,0.7111545130531333,-0.29719884413838876,0.7843021365691026,0.8040173879037229,0.25773992028226034,-0.7826629976240643,-0.745565849630972,-0.32016385977444567,0.5104999200586995,0.41694194490948555,0.8184764351115956,0.8588608879482018,0.1302861397878381,0.8093081119708435,-0.054736800991146785,-0.4659781443032978,0.7123186462406645,0.5052880665064189,0.7089934960855052,-0.5083597241571993,0.5103772195161501,-0.008046717019303186,0.40966167498670414,-0.7248559266450348,0.7468616178341241,0.7432736898033049,-0.17224813439673275,-0.378809877002856,0.1802144797087529,-0.22994712582769294,0.15913312904074856,0.4933527697231747,0.5212380488453714,0.4654346476898628,0.23189085000590665,0.6391008836563351,-0.49854628094680453,0.08703043681564568,0.1534532232062019,0.31445725216196463,-0.4146980021569872,0.17366446193061072,-0.10473878135013642,0.5033513131165332,-0.2859605487161186,-0.6945003054528378,-0.33698926088507386,-0.6860780939098838,0.25346449247638403,-0.35748840845040014,0.4774734187489892,0.6207108897848786,0.43859546891821094,-0.7129250644404297,0.497192760706975,0.7361369865778596,-0.6538790538736872,0.3229033618656223,-0.7418721748237235,0.40311768489131516,0.8150371782783091,0.44986938108445607,0.44666443047490656,-0.441003224727203,0.5393218187302802,0.14077148116982405
Thal_VA_L,0.617545525035826,-0.11939250670502347,0.4565978149120224,-0.44553012061122843,0.3249095147718052,-0.21357885224688192,0.2287278895738633,0.3488068020675977,0.1722306383369089,-0.4570542928521237,0.20029026132609487,0.6128225817564859,-0.4704867014959809,0.6179598784023935,0.6961405454668631,1.0,0.6194807845355587,-0.5047458554475404,-0.040942516288948155,-0.29233995281031605,0.5840032890681889,-0.24791924912641222,-0.23182060872174157,0.5772030201863726,0.6928609966534556,-0.012014592947460982,0.5625019820653463,0.7168537910789118,0.5366638301840372,-0.6248035342807189,-0.5149957179971844,-0.12003950354324375,0.6297988439760577,0.6269807783039623,0.5992302915038726,0.6766355082844673,0.318250012166816,0.6031037836697836,0.08573918631468856,-0.20980793634196254,0.7256908770859039,0.4092860856198526,0.7542255091125621,-0.1496391384195693,0.6262424695431333,0.10475872893148813,0.32472265054361843,-0.4959888354948045,0.7505534158874981,0.8150792417323219,-0.15188937675933203,-0.20909488314404376,0.38317229738914776,-0.0381104376766506,0.23128406909014018,0.7451093555733074,0.18598635081346102,0.5238875086916124,0.5664861495885469,0.5819288832594447,-0.3365168428419204,0.1787875162606377,0.3130009031598697,0.4007898231257915,-0.22337276576656195,0.4409193236009194,0.05362546202010904,0.7259827241973374,-0.13602521200869708,-0.4779293179787307,-0.2541804734895929,-0.45737322319677004,0.01770857096820497,-0.07877725976399044,0.5545246511926902,0.7878981360770669,0.5837367047656504,-0.5043717746131219,0.267610750281946,0.6289230560566267,-0.491292099291349,0.4156843380567906,-0.4553096285725525,0.6769885251783037,0.6589618098677782,0.18917731152681513,0.39407073455552405,0.007245639418749783,0.6344422619967967,0.32162834916486954
Vermis_4_5,0.5424233046397835,0.23429503781470468,0.4391481936473537,-0.0007751636742471023,0.5107601616036793,-0.035813268034595225,0.5873932611492372,0.4366318900838846,0.17736575237449126,-0.2136520698768053,0.1408208992937089,0.44291413743348873,-0.0082534981424187,0.4839063778780581,0.43893314170167075,0.6194807845355587,1.0,-0.27487364036392076,0.45208418720343563,0.2783506970020324,0.4663808747045085,-0.006871453027777646,-0.0040911893241340515,0.5696696057028157,0.6004262610680583,0.1850307676660486,0.18194674719106307,0.47966485303168793,0.3073113041639392,-0.2239720351883472,-0.2130321882330645,0.10519047403217592,0.42220090479621825,0.45029146991648444,0.278901975449705,0.534858780942134,0.38557047451156234,0.24640905828700513,0.17763224123285812,0.12029536767945968,0.28671860561539386,0.11475282368704189,0.4094298231499219,-0.0014173385666723102,0.3092576452498967,0.5950138293322672,0.34531524658719037,-0.13256889900065025,0.5150901049681049,0.3916267706420158,0.42669171996366,0.35079479275224323,-0.04573998608525496,0.014840961942474503,0.4951246522417649,0.4990061979752658,0.20081994986917126,0.5238106373915945,0.5617262613811852,0.12419800584256796,0.09954384434840198,0.4926413254795801,0.40622639811314865,0.4071862826346575,0.185067312285314,0.46763486312858554,0.2693857560065958,0.4154340591371653,0.20619266887746282,-0.1636875378953781,0.40412088684163217,-0.27362399990477215,0.07406895751082535,0.2711903226716635,0.7424729019305035,0.4277114658256193,0.4805045755429534,-0.2466869719494078,0.42722219699503006,0.3350165797225415,-0.009832611582531446,0.15706638710100132,-0.07506327627083893,0.6629329173034751,0.5207505006276618,0.19753550496129976,0.4366682493707256,0.07391115950039508,0.43313191027020925,0.24224862184360027
Parietal_Sup_L,-0.19434578432955044,0.3316945766060511,-0.15278588573113272,0.37316608793028727,-0.5890528403197145,0.3973635823907293,-0.46487614298180935,-0.11357734482742853,0.028211528001369963,0.9147581008386151,0.1953466270012993,-0.4269669298124619,0.8185937228433654,-0.46206056715134247,-0.6969943343248443,-0.5047458554475404,-0.27487364036392076,1.0,0.39549284772609633,0.6294443005934176,-0.5571196672583525,0.8206879363990626,0.8869281448532949,-0.718832301243486,-0.4325866090550485,0.7029123927240054,-0.5430792593539419,-0.6277492143951937,0.12267293656980442,0.7039025113661308,0.8078108821559129,0.11710653466532084,-0.5227655325246929,-0.07046415787953575,-0.637551985198362,-0.7256162498150222,-0.2527935789923644,-0.554389434401914,0.4562941398504244,0.4808575202817287,-0.41180590180772425,-0.17724485435840595,-0.4377578145956986,0.26446486301344874,-0.295455623605542,-0.08476586765413263,0.004258807040202854,0.8526900307068852,-0.6610699399798697,-0.485515952309337,0.13910747712122892,0.13776756081407845,-0.04213086149513405,0.6500500005684579,-0.2454748091891252,-0.2325479653470517,-0.12386432849278563,-0.4885099219072382,-0.0478769733828067,-0.6174092447950192,0.6496693950946225,-0.18777962589106442,-0.056509781567531364,0.04036639456336866,0.12652102092911804,0.1657092502735273,-0.05163122152422676,-0.183362163912963,0.11164823678065584,0.9273698505033039,0.22404799251313207,0.8573172075763503,0.0191765802548155,0.7327578954524484,-0.13428771595703742,-0.47748144245513563,-0.11363007418350508,0.914289828392064,-0.33247952323396723,-0.5334303119331962,0.7162117630386732,-0.12304789507571015,0.7309837243339458,-0.3329399056348617,-0.518341072852496,-0.1424258439359622,-0.4587286652506943,0.4894453903903202,-0.18087103837198393,-0.22281933881583624
Lingual_L,0.051174980451836244,0.4781877677550773,0.3153272273695565,0.6685204871696668,-0.0929280098196238,0.33618098768891513,0.305424028207765,0.2355624691661702,-0.22800150277593897,0.46590800013202727,-0.2098134575506142,-0.2805332462267454,0.6526697702426472,0.19047133464320318,-0.3610426644976319,-0.040942516288948155,0.45208418720343563,0.39549284772609633,1.0,0.7859731429353101,-0.22886687435722491,0.2580488624504778,0.35741410377718313,-0.1797131055906355,-0.17777207760045147,0.4744714522944517,-0.40270673137568946,-0.32942724665048806,0.07199639599963796,0.5715710911811929,0.5965108004598257,0.18789492601031402,-0.18236821473763293,-0.03444777706835198,-0.5927621000770348,-0.2806318043623729,0.11162430421980568,-0.5553719332825089,0.2274966508239291,0.6780064336239668,-0.21224725653321347,-0.3861361087976489,-0.37655110273008624,0.42885664899922377,-0.18640930362374228,0.602409274541244,0.15951953635035682,0.6264413288718128,-0.2095892420647256,-0.19034942782949796,0.7177627047026849,0.6285194185291507,0.006389406299011371,0.07605608911283467,0.5397071328960383,0.08560984218721791,-0.24934256979967978,0.3256993428686288,0.3669079935648832,-0.5226767113803285,0.5728329651010416,0.6332065630594055,0.056724917889755824,-0.15694800873812328,0.4250384814756391,0.5062062292404272,0.5962184001878174,-0.022956359593069756,0.45975134838734744,0.5750389123589802,0.692231967523158,0.4630231239358611,-0.2617936683331975,0.4878019047320875,0.1690516164760083,0.020465660847284534,0.08813578663070372,0.4312249278011963,-0.18975467450414096,-0.46638194926255655,0.595906771362406,-0.4055253726228475,0.6940129093670455,0.31975925611204914,-0.28348447685071465,-0.33499220248844025,0.2575633696095056,0.5966505145018631,-0.23477833339619844,-0.057945070612653825
Vermis_3,-0.09361314000284504,0.40981051580237127,0.23810425256218126,0.520065568695371,-0.09337973713056902,0.44756142853661657,0.09828146822926195,0.19274639847739758,-0.09658611650790225,0.6007382680693077,-0.05492787635025498,-0.2292653883339112,0.7619033382539091,-0.05398800715761806,-0.4704803902047726,-0.29233995281031605,0.2783506970020324,0.6294443005934176,0.7859731429353101,1.0,-0.39563408748815576,0.5594540049338,0.5872768558033351,-0.2196480932838028,-0.13656420914929432,0.5736622278162573,-0.36744052457530824,-0.32603709082425747,0.02939506772488843,0.7240089923438351,0.596511018653312,0.2593519131358795,-0.3802584767209461,-0.05440959027345225,-0.6042792066396702,-0.42545395915956946,0.016824174300574965,-0.5257725305445858,0.40735996886945813,0.5233632734470751,-0.3532772178487402,-0.36384530998976905,-0.3998312634050207,0.355894835586091,-0.32262033598389245,0.40431614545934036,0.10658995970639218,0.6869767649122771,-0.35339037281917457,-0.36971631355025075,0.6227336271436443,0.6169705001137855,-0.10119671262803141,0.2829511159011774,0.18021579477920407,-0.09275043812505118,-0.06290967806470271,-0.07264018679355559,0.2086909856331446,-0.5236439919897431,0.7813396301604438,0.30568186508834955,-0.026668919994531595,0.0006981119001451448,0.35635965498217936,0.4397412595467705,0.3623418820732641,-0.08341461802192718,0.4135989820233493,0.6658955035818588,0.6191933884509997,0.5019264471207627,-0.008208859201950821,0.6866265229663852,0.19668137863051774,-0.2798018610873041,0.114977178698997,0.6037967188701334,0.01028466231286154,-0.5059429907828376,0.7794193630747999,-0.26612317143380976,0.6427216034893904,0.1030160360926151,-0.25946979469251163,-0.19498070259640418,0.004742948486072676,0.4933674525033656,-0.13897789960022314,-0.012464783555715921
OFCpost_R,0.6753387976357951,-0.378970640737616,0.05997312713013718,-0.506550554736787,0.489844359328951,-0.6221854704536124,0.4912100581036272,0.16577983776025748,0.059209203231025916,-0.4539175169081028,0.1194725337492756,0.5385818686907003,-0.5534988990117963,0.27966163476759026,0.6915716769358651,0.5840032890681889,0.4663808747045085,-0.5571196672583525,-0.22886687435722491,-0.39563408748815576,1.0,-0.3597661784796263,-0.39931118729796944,0.6656300030961065,0.6417973308915341,-0.1618811612414084,0.45947694153023744,0.6257778793339384,0.29421599314596414,-0.6310620471589152,-0.5706105040440856,-0.1863433391623762,0.4146663212137503,0.4769571620690106,0.7159811410855574,0.7421336611469594,0.062020575020290764,0.7185946739289467,0.09941456425269674,-0.36842744506628977,0.4280472362450209,0.6260774417443586,0.5814226612604063,-0.5894266005870265,0.5434719998947665,-0.03608007001575177,0.4661764314763824,-0.5637211710564105,0.5400905161876004,0.5230076130407153,-0.24957466650281665,-0.2219470657157229,0.004399333088165717,-0.20571501848852375,0.06701962273985278,0.36621816084066255,0.45330140084686554,0.30831496009361686,0.11604483081610985,0.41380366258002876,-0.4552716937694394,0.050763055362715304,0.0836321586274969,0.24961520420400446,-0.43616333758703113,-0.04823636495035322,-0.2431608960019891,0.38903312848864013,-0.4387756916712602,-0.4547690519057519,-0.20998542515040583,-0.4795984552520162,0.22241045907549117,-0.34253867194747883,0.5511898769918988,0.47387936699627653,0.17677180251270655,-0.5345365975446357,0.44908210663171994,0.7754705509121173,-0.667549284591861,0.24559783414544356,-0.43865061836626906,0.3597328097878123,0.7138053647908688,0.55501883767405,0.20205770257036132,-0.28342571106060793,0.5766351022057703,0.028477140648369283
