,Amygdala_R,Angular_L,Precuneus_R,ACC_sub_L,Frontal_Inf_Oper_L,Thal_MDl_L,Cerebellum_7b_R,Thal_LP_R,Thal_Re_R,Cerebellum_10_R,Cuneus_R,N_Acc_L,Cingulate_Post_R,Frontal_Mid_2_R,Calcarine_R,Vermis_8,Cerebellum_4_5_R,Cerebellum_10_L,Thal_IL_R,OFCpost_R,Insula_R,Thal_VPL_R,Frontal_Inf_Tri_L,ACC_sub_R,Thal_IL_L,Temporal_Sup_R,Frontal_Mid_2_L,LC_R,Heschl_L,Thal_VPL_L,Paracentral_Lobule_R,Occipital_Mid_R,Cingulate_Post_L,Occipital_Inf_R,Parietal_Inf_R,Parietal_Sup_L,Cerebellum_6_R,LC_L,Thal_PuM_L,Pallidum_R,Cuneus_L,Cerebellum_7b_L,Thal_LGN_R,Cerebellum_9_L,Thal_PuI_R,OFCmed_L,VTA_L,Vermis_10,Vermis_9,Occipital_Sup_R,ACC_sup_L,Cerebellum_Crus1_L,ParaHippocampal_R,Temporal_Pole_Mid_L,Thal_LGN_L,Cerebellum_9_R,Thal_MGN_L,Supp_Motor_Area_L,OFClat_R,Vermis_7
Amygdala_R,1.0,-0.6014018319553215,0.1396150237278083,0.09904928248571138,0.4614947241186271,0.42065769679376774,-0.269093676200709,-0.09753904828677805,0.08031350680251904,-0.09032579955808309,-0.2793727749463422,-0.05947851272397224,-0.04395902513903715,0.5224314608586305,-0.3529889009321463,-0.5201223045261892,-0.061435934991100664,0.46320846635403273,0.32117145256869345,0.5537981389284742,0.09475682762334267,0.3156541663065687,0.2567480951903594,0.1323969788480662,0.06739526864248753,-0.03383056837539648,0.3670928153566038,-0.35658470255062863,0.4374436472852157,0.3774815241119371,0.3436930493556372,-0.5551699907069009,0.0986741087865597,-0.05496753886066452,-0.11297059442458579,-0.20257194340739607,-0.6498568720148359,-0.1174998007281248,0.2657608668478414,0.15695375697545239,-0.22247589857696998,0.07751593294728436,0.1705088558304957,0.6249918043743233,0.11705637736848593,-0.39940404975408433,-0.07261147461943854,0.39510286353036095,0.4802897984261113,-0.0637941876869434,0.352197699709656,-0.1966495062396614,0.5592174615594282,-0.2293106969092561,-0.0013350925711334096,0.7112732385063283,0.3115610598305021,0.12281091793940832,-0.03783222704328281,-0.46947217482770276
Angular_L,-0.6014018319553215,1.0,0.18526367046138478,-0.003286116182219769,-0.247163623073453,-0.5047381295759196,0.4537230390549224,-0.05958261098063824,-0.23298602967712034,0.04834612028886822,0.6128653663769865,-0.0971638577122032,0.159573198191702,-0.42913365564799605,0.5301470461424449,0.6629546623083565,0.3486893586708853,-0.3306750365926219,-0.23886344376182253,-0.531558044307992,0.028284994933091702,-0.02252443365943907,-0.1567013474156313,-0.17853229455739972,0.012451263824198687,0.09200148522628794,-0.2194745732753459,0.47097424847663927,-0.20863883013129583,-0.06685298277638396,-0.13394137250217492,0.6993099998039101,0.11011837282472421,0.24996996338756802,0.3477132897418954,0.6270169645606571,0.7059470810582297,0.14827812014060848,0.05174181882054603,-0.33658580177278363,0.6039183534128925,0.11681654552847048,-0.08518470473561976,-0.437667414752801,0.20587648113996262,0.054431116347754285,-0.05439155545332214,-0.14125922751064635,-0.5509026689624574,0.44159455452035745,-0.4033827126958744,0.5488070177684387,-0.48566100088198344,0.12282202253542567,0.12492226356666186,-0.5689610332876426,-0.1945067211393156,0.17987504755251826,-0.05840663011285009,0.5498452300992913
Precuneus_R,0.1396150237278083,0.18526367046138478,1.0,-0.15113901721564463,0.3862352786806854,0.17187757360857053,0.10604457524867707,0.0824079259567293,0.23613355087614657,0.24506272351459343,0.5619372218556602,0.1779327798529118,0.6573227350480655,0.4810708882257434,0.4957676293672109,0.09434326099001614,0.6967732794690147,0.1469605880264524,0.3188792766710603,0.0908902561909445,0.32270173811213493,0.5764945909763021,0.38794908762629327,-0.0023511232099603127,0.4321001582069415,0.6325428243530634,0.5532638139147794,-0.05183827626347773,0.37036418310679303,0.5973835509557948,0.7599810495652852,0.1751760287917578,0.7142749872412846,0.054068929544846274,0.5503699333845063,0.7141967280490409,0.23358978093815985,-0.03301210779285532,0.5446101525284138,0.22996984797402245,0.45174522271141215,0.1738814716630338,0.3989912273931208,0.26442662584027643,0.3577082691234321,-0.16248636255512117,0.26675821558871665,0.0063821117161431285,0.001980935794572012,0.7224617352368516,0.24392444990103093,0.04415413292962419,0.4125438109180529,-0.0018495999404638723,0.30392038765408813,0.081533005965577,0.11683992009988002,0.5215427811283756,0.15432357442559952,-0.005421339796264242
ACC_sub_L,0.09904928248571138,-0.003286116182219769,-0.15113901721564463,1.0,-0.030060341014052763,-0.02288000751361769,0.04289263011300658,-0.018565712546281227,-0.17747137098634672,-0.1273389803611193,-0.05879020198274968,-0.03683323767532454,-0.15248753559591433,-0.05759743642489967,-0.11572200534992201,0.08317901893983655,-0.1623800521952333,-0.02280857032207045,-0.15196454047708904,-0.12593118756551555,-0.10129444650145862,-0.10790337319391427,-0.1477656194282275,-0.16292408298900943,-0.13910768197233198,-0.15684678417759357,-0.133041833382001,0.02480575776301704,-0.0862045139368613,-0.10931708323300075,-0.14374526019127534,-0.0051447744849192675,-0.15439387063648893,0.08507108902067861,-0.14792296929106005,-0.1081017755058243,-0.0760729949305401,0.021579518686977186,-0.002375092040339026,-0.15902007817062713,0.0037085222288023825,0.021619065400486498,-0.11748764474915578,0.030498381570101773,-0.08750043449420047,-0.09997058787548815,-0.22072795797714792,0.07757410114470101,-0.03330157718793723,-0.0771641073636966,-0.09341049216391019,0.07709984647791221,-0.12862144816101231,-0.10701633504559914,-0.09090372374393722,-0.022590019860436673,0.07428001832267403,-0.10954815832320396,-0.008109550640858658,-0.05963450204439228
Frontal_Inf_Oper_L,0.4614947241186271,-0.247163623073453,0.3862352786806854,-0.030060341014052763,1.0,0.3542451877076907,-0.19319235164889867,0.13101586217540337,0.141012289862963,0.1578023964286438,-0.13521161560470477,0.20325340661347896,0.3859558494726733,0.8150744785672278,-0.023428645749392525,-0.3524573708066014,0.3666447104513204,0.09166191550693767,0.7555495772849827,0.49841006787353126,0.4196832492722156,0.47061376610145295,0.8406811443318607,0.2182080719272751,0.5602095015988197,0.3847182707440613,0.7517698941192537,-0.09926831800765686,0.3617802054182671,0.5689553382603458,0.6397654847702527,-0.28366227546010503,0.4855122129673728,-0.012326830424205633,0.19707186319406433,0.09264296319758887,-0.14179505402887327,0.256655491430776,0.5573823538507183,0.46956618262981664,-0.12765007174115495,0.05943883291534224,0.5322783982934706,0.4367147857432641,0.29231181367221415,-0.18336558523214777,0.2765891328764762,0.1449830868792922,0.4283706442007863,0.1083186617479225,0.7242756103702549,0.003507220361666168,0.5852761727248694,-0.20108895926873588,0.4875409644802363,0.38572244135622397,0.3903977520006949,0.3372207426221858,0.24010619248302686,-0.0825010335098385
Thal_MDl_L,0.42065769679376774,-0.5047381295759196,0.17187757360857053,-0.02288000751361769,0.3542451877076907,1.0,-0.16986818728720085,0.5982145197221729,0.3281256877734749,0.15050181847692998,-0.1610086900603647,0.1879010263808928,0.16769819873309078,0.6444606186884342,-0.22225716041261714,-0.36204854511251655,0.1343382152497403,0.4451159834043824,0.3941635193637569,0.5263856339329778,0.2475167960034912,0.3726703063574674,0.2730285271001354,0.039332886123085116,0.3969282316349439,0.2247802156991972,0.4792036387997554,-0.6215878787560445,0.453413276351645,0.3704909912519453,0.3429640812293642,-0.2973733420304384,0.1571429305655713,0.07206148568140372,0.1269177739475873,-0.06465949840474634,-0.4192219000021319,-0.2752659310334937,0.25694825786470527,0.3152173522993626,-0.33193004914662166,0.08957511206131478,0.35242728427972675,0.411832792692122,0.12012038055572583,0.2816104043815734,0.4041614288423952,-0.07474051548670495,0.38214727302508095,-0.07985862647158715,0.5767072659261855,-0.3685763421597434,0.5512085431436956,-0.4494737944145964,0.14803963477819726,0.46187079419841276,0.3157600542928295,0.2757732160286907,0.1821423736668538,-0.516096638349876
Cerebellum_7b_R,-0.269093676200709,0.4537230390549224,0.10604457524867707,0.04289263011300658,-0.19319235164889867,-0.16986818728720085,1.0,0.1932774777952077,-0.07911695703760521,0.2789019286045486,0.18162749521896845,-0.08138874239892742,0.03274619974289127,-0.3383202823934756,0.12529395619895178,0.5604685742909798,0.24005099366503627,0.008166870565252556,-0.22738248648518788,-0.39410800520599215,-0.19718550855265116,-0.10529160043905399,-0.07184990457822378,-0.22287035693362744,0.03729798499614369,0.013557010490471581,-0.04774730521300743,0.1842750464911683,0.060098514960354926,0.11786870321261834,-0.0998986431914305,0.3335534433514688,0.12023874929964616,0.02124420788647281,-0.004118968232054887,0.3955410440297382,0.209756812849369,-0.030756107198638992,-0.029158051020368995,-0.12825767367220914,0.14368434787454884,0.0719489068680087,0.059361204322298584,-0.23905608754433905,0.012810356119914622,0.12216177819000308,-0.12627136203748454,-0.09529696853981107,-0.28369200207797024,0.033971639765368655,-0.11148959975165225,0.36623150009138206,-0.2643181469822902,0.15569072718368,0.01391938531690422,-0.3970171937077035,-0.00795708070893198,0.29719442978985194,-0.27287746533746005,0.2190458778702473
Thal_LP_R,-0.09753904828677805,-0.05958261098063824,0.0824079259567293,-0.018565712546281227,0.13101586217540337,0.5982145197221729,0.1932774777952077,1.0,0.2968418131588602,0.5031721181566884,-0.03508146998007609,0.3040460169873179,0.14501623702222066,0.2709267496560858,-0.21357368883128494,-0.0060237496180914835,0.15240473039661176,0.2592284076659813,0.0634013048357108,0.23877189756929004,0.04373396142190808,-0.043847187072920735,0.21874834596088225,-0.1273144587678094,0.34284577662539134,0.396281929083585,0.19120883949258083,-0.4542694531924379,0.2106480909597765,0.07147339135001755,0.1357256784937758,0.19757995000203935,0.06629916870548176,0.31229347778737365,0.23814123086590136,0.2169048032787244,-0.126114002862581,-0.2404685281645411,0.13943387080635689,0.2521450818971948,-0.3063216622767163,-0.15056565026003008,0.3331863094938556,-0.022201035542273276,-0.021690528385742574,0.4049505728598803,0.5617893077813618,-0.3983639998008981,0.0004266970483047964,-0.07936512944669515,0.33910542390127146,-0.12696745630461354,0.13551460797422615,-0.36865101820125973,0.1466930509337393,-0.04637064871509896,0.3249303302054633,0.24027949810688604,0.14462677998955978,-0.2964603434631713
Thal_Re_R,0.08031350680251904,-0.23298602967712034,0.23613355087614657,-0.17747137098634672,0.141012289862963,0.3281256877734749,-0.07911695703760521,0.2968418131588602,1.0,0.0839782634423414,-0.02944381973908913,0.13572744131208617,0.23242111367855042,0.31343619390211375,-0.023943181433315638,-0.18597488818425306,0.08205163651440486,0.15494448722265572,0.20215629915440883,0.21254990521765804,0.005579445610011083,0.1756481829061769,0.20373483718757524,-0.055849645456366906,0.14827215785815848,0.2566258510888412,0.3150346311729327,-0.29260989146345223,0.22866081069658278,0.15564533505926845,0.2892317592626477,-0.14716731065109906,0.17802985294877358,-0.11729204986838333,0.12479736097502983,0.10980232583490025,-0.1593072858688607,-0.26178387595014047,-0.023425949927257706,0.3285982818026151,-0.12900781793393298,0.054641191551482074,0.06754700900681566,0.15033924572560825,0.06942883505213691,0.24202055813355594,0.3394499843159833,0.04872125484071233,0.12868117416895117,0.12204357853790725,0.33041907449970054,-0.3853206638936448,0.25624969555353977,-0.03178509277787457,-0.10465567320662124,0.16371341040004428,-0.05219046470108666,0.18307414168324646,0.0005637913637519296,-0.09199829073069886
Cerebellum_10_R,-0.09032579955808309,0.04834612028886822,0.24506272351459343,-0.1273389803611193,0.1578023964286438,0.15050181847692998,0.2789019286045486,0.5031721181566884,0.0839782634423414,1.0,0.026191333993077215,0.419861716538346,0.29776453031572564,0.10952543369779967,-0.0739052311476597,0.07031335649578975,0.4465439445296135,0.035340475243601475,0.09979025761171727,0.0993311244531438,0.3094951194385628,-0.07338893680568205,0.2952938091600177,-0.12228039099235996,0.3812597170367889,0.5946684500115086,0.19339732866157003,0.1224992583820431,0.08800439254404317,0.254141865879346,0.2733528226782776,0.32506575708028335,0.26454928032170744,0.0624558995140333,0.21683844016805148,0.22234863028944216,0.13380684687808805,0.018508429853093297,0.16400850346173412,0.5130806283619473,-0.146898100168906,-0.18693114411307368,0.5472537020249841,-0.12558922794962105,-0.1074979908669794,-0.08080639131024886,0.2999976855226624,-0.4261834150968394,-0.04100519668161504,-0.02646682311432153,0.2936996376399917,-0.12089324027739067,0.30166160522509655,0.004793102912909289,0.4404391581964411,-0.21751446839537578,0.39750263675784486,0.20066227849827417,0.25143849537761626,-0.07186715059145359
Cuneus_R,-0.2793727749463422,0.6128653663769865,0.5619372218556602,-0.05879020198274968,-0.13521161560470477,-0.1610086900603647,0.18162749521896845,-0.03508146998007609,-0.02944381973908913,0.026191333993077215,1.0,0.05970839966844416,0.37643515699126123,-0.05788162169908464,0.7652754223801228,0.39083107153766544,0.483577003907097,-0.07955790086299543,-0.16334273205423705,-0.3722079233349519,0.22147623276789793,0.2946468717273034,-0.1565112448891734,-0.13442808133043876,0.11518128715610165,0.2380099839935101,0.02439400782559487,0.1483337613682778,-0.005872181631357522,0.08617937962635897,0.14584307178080594,0.3961482721184929,0.3297877527636092,0.16779333767563492,0.4250190594594687,0.6336691631514451,0.5736899944844343,-0.09515532428771739,0.27102603191873237,-0.1888822028220756,0.8732177205361878,0.17018985609501866,-0.020064054158694097,-0.1695238292705162,0.42315371901696563,-0.06205872493846311,0.1906665108185794,-0.06317645284190304,-0.28357495038160263,0.7210199030513498,-0.17427889108189779,0.2838183947614406,-0.14962708810366976,-0.15725608849636608,0.15826267881628076,-0.30702453639960575,-0.14283578922075435,0.23839857608292916,0.13231530577307637,0.3035479254471078
N_Acc_L,-0.05947851272397224,-0.0971638577122032,0.1779327798529118,-0.03683323767532454,0.20325340661347896,0.1879010263808928,-0.08138874239892742,0.3040460169873179,0.13572744131208617,0.419861716538346,0.05970839966844416,1.0,0.22336290764011268,0.2700728544199743,0.06787495571424795,0.04551654679396744,0.29728202508223683,0.14905550708018928,0.10957588325088036,0.19969000278771998,0.3501778094911352,0.0015564948201150174,0.3008754407014679,-0.0001734331416321642,0.3652480667304948,0.4076996061559885,0.23338462009089728,0.03306489222811439,0.026019301461969988,0.08984877711475328,0.13449088969920378,0.22239854046818303,0.2400774132462348,0.019505704978083405,0.1703172418662065,0.06053326956467326,0.08814422430436712,-0.033845607850160365,0.016217019236915958,0.5599758175658985,-0.09123937050338744,0.0034357179921827236,0.4832093727030544,-0.12469960249650239,-0.21557141103101696,-0.029461783359429086,0.3530216290634806,-0.39683057491739426,-0.19279053511825328,-0.09253156299806876,0.351189031346254,-0.30096095123635075,0.31461731192455744,0.02975510677042767,0.33863833063325754,-0.11243435297754767,0.3135063252052832,0.048065280900138244,0.43104925201565625,-0.21565830645070022
Cingulate_Post_R,-0.04395902513903715,0.159573198191702,0.6573227350480655,-0.15248753559591433,0.3859558494726733,0.16769819873309078,0.03274619974289127,0.14501623702222066,0.23242111367855042,0.29776453031572564,0.37643515699126123,0.22336290764011268,1.0,0.44696399863084485,0.5603488850318029,0.09398018058184282,0.6319757064041773,0.018954663608884714,0.479070106779942,0.046846743832213704,0.5973611470481615,0.5192137116956982,0.5478018382550033,-0.06658068246207127,0.6204678091494813,0.49286246718212795,0.5512203479190593,0.07804732808477727,0.3047875293171901,0.4578351056112813,0.5358857619237422,0.07947756242725838,0.8761870626590111,-0.1293425738495594,0.3845518941177781,0.39048677862496123,0.409933232982381,0.0972143103404602,0.5279874998188522,0.36861656511020463,0.3455298989417756,0.12875470072764506,0.4964882439135143,0.2525840778240754,0.4229260006719945,0.016675483016793648,0.43933921568137135,-0.012636888138347329,0.08514801259286231,0.32047207148003815,0.32494793405570066,0.07893531533814593,0.3241979385037683,0.050367631045786954,0.4825852786036542,0.05660072399620453,0.17872560077555746,0.5061543701733766,0.28380120812941295,0.07199987379262043
Frontal_Mid_2_R,0.5224314608586305,-0.42913365564799605,0.4810708882257434,-0.05759743642489967,0.8150744785672278,0.6444606186884342,-0.3383202823934756,0.2709267496560858,0.31343619390211375,0.10952543369779967,-0.05788162169908464,0.2700728544199743,0.44696399863084485,1.0,-0.01625295541876683,-0.39967674655762614,0.3675932625182747,0.37377314863645167,0.6741138796697363,0.6150680420301089,0.48988542157932274,0.5610291815166539,0.6982547012237063,0.16183765976545136,0.5080438955709209,0.4762198616435868,0.8168135117031042,-0.42375247644120284,0.5326598475374468,0.500483430153425,0.7279646512493556,-0.3151134607124807,0.5137807851337043,0.0059480205816277,0.3865450925478964,0.11864504920867139,-0.2326862356541299,-0.07315053322444334,0.48783531627076154,0.509727218760766,-0.09917639421627873,0.20641371491864718,0.5099093361303826,0.5712239237988629,0.2729699524838016,-0.013416839241101984,0.3989851408319357,0.05882518238002307,0.4696862002995075,0.15806851087202536,0.7374721826432639,-0.2291817881856065,0.7527338433469999,-0.2916893133754564,0.33817711152814967,0.5404701927922232,0.34024559230066115,0.45634238157812107,0.35827927771161,-0.3203166364761384
Calcarine_R,-0.3529889009321463,0.5301470461424449,0.4957676293672109,-0.11572200534992201,-0.023428645749392525,-0.22225716041261714,0.12529395619895178,-0.21357368883128494,-0.023943181433315638,-0.0739052311476597,0.7652754223801228,0.06787495571424795,0.5603488850318029,-0.01625295541876683,1.0,0.33594945262899134,0.5203518661967793,-0.11832746565328972,0.09985316937045208,-0.3786954377552311,0.33909974817544225,0.3551498471335074,0.007872250673864456,-0.0952585824163308,0.286635845499034,0.22269927084422286,0.15329215644348765,0.31401477050973226,-0.08079081927330294,0.2104842129155973,0.11932010659988615,0.27828175372254704,0.5078000933581072,-0.04996997302972444,0.25898673892796814,0.42931900417359226,0.7169354526847367,0.20012148464557827,0.23727608346593085,-0.11892265719393717,0.688848772818676,0.16840071445366675,0.14696200163078876,-0.15237826077379238,0.3614784792969421,-0.006212351469001182,0.17076608352542288,-0.09444956337136778,-0.2443514087559099,0.48229578163459025,-0.10931392594911558,0.33457677044053774,-0.1400216944500441,0.09208584405332544,0.27516291038544916,-0.3129229055651917,-0.09623210226661266,0.25030337001443603,0.12801090034502657,0.28753158069476575
Vermis_8,-0.5201223045261892,0.6629546623083565,0.09434326099001614,0.08317901893983655,-0.3524573708066014,-0.36204854511251655,0.5604685742909798,-0.0060237496180914835,-0.18597488818425306,0.07031335649578975,0.39083107153766544,0.04551654679396744,0.09398018058184282,-0.39967674655762614,0.33594945262899134,1.0,0.27444277763862385,-0.14695274410482806,-0.3066186502008429,-0.46221632682851155,0.024547178361524404,-0.01711601394710644,-0.1966725655566899,-0.23868811437595722,0.034971570051469586,-0.005061683078453791,-0.16749765007011067,0.33401744233413144,-0.13169495681565424,-0.05061147546698877,-0.2003522813495411,0.5834020647314239,0.11479637954874694,0.03158710334503013,0.2283868589362739,0.4018417536398533,0.5554579402837541,-0.05311941303685924,-0.08713110378998647,-0.23937602503317526,0.3937714065539453,0.22506341553374898,0.011249979813382029,-0.33519983274043347,0.013836389435552586,0.1927017718090303,-0.0785131633165224,-0.2059104547386741,-0.602660186370921,0.1025590774182943,-0.33395503312349273,0.3845336420795732,-0.36044344317593885,0.21407862298135052,0.07877459098971364,-0.551611799289787,-0.2653699777045023,0.24295607506376327,0.0039761692734953296,0.2884879204466628
Cerebellum_4_5_R,-0.061435934991100664,0.3486893586708853,0.6967732794690147,-0.1623800521952333,0.3666447104513204,0.1343382152497403,0.24005099366503627,0.15240473039661176,0.08205163651440486,0.4465439445296135,0.483577003907097,0.29728202508223683,0.6319757064041773,0.3675932625182747,0.5203518661967793,0.27444277763862385,1.0,0.055514578987493214,0.38459221082294703,-0.02861248867669165,0.6068559235952442,0.5957251041267709,0.45256688164463427,-0.04023748826760935,0.6230591230116881,0.6376831364407753,0.5499195635457531,0.22128886665027078,0.34898876251702554,0.6135703514162388,0.5822751001227159,0.293333183476005,0.650534837342568,-0.0650804121337721,0.47461701474335255,0.5875698562134422,0.5304244182782754,0.09300981151806405,0.533211621257741,0.3054740082988095,0.372405180166254,0.2767122141818856,0.621774323524803,0.08521975332988092,0.3863655049008715,-0.10873155304804656,0.2815967614317605,-0.21861623963971666,-0.04888838711807513,0.4461795757293995,0.2975036219634384,0.17912044637333557,0.40603566519964257,0.09732269132203718,0.6597818782161425,-0.0756349933566894,0.19980298987572248,0.6130628821547833,0.2036977897199067,0.16673298830506772
Cerebellum_10_L,0.46320846635403273,-0.3306750365926219,0.1469605880264524,-0.02280857032207045,0.09166191550693767,0.4451159834043824,0.008166870565252556,0.2592284076659813,0.15494448722265572,0.035340475243601475,-0.07955790086299543,0.14905550708018928,0.018954663608884714,0.37377314863645167,-0.11832746565328972,-0.14695274410482806,0.055514578987493214,1.0,0.002524696518135586,0.3639881807441723,0.05398945061709538,0.1391159297830575,0.07517714394450739,-0.04133630340451634,0.09049047440624113,0.1444823210619559,0.3491672946827964,-0.5800528332640447,0.4974419186809983,0.16103097203327466,0.14942283133185552,-0.11860882873784674,0.17197442112133976,0.11573279818905027,0.1635204483015733,0.11453435613498701,-0.38016552643398277,-0.5002834624438716,-0.061104701763012005,0.13660139995892867,-0.13358966589605786,0.1651307951768199,0.20820046641095002,0.36329987326839513,-0.047280035730805574,-0.018066170033942147,0.09972590267834856,-0.05204599529629537,0.09259351370274335,-0.05985041571692007,0.1468297882729402,-0.1685002536930719,0.3579268256694489,-0.0829141177040901,-0.14683618398537676,0.4196941985423305,0.2519057491258806,0.3507173404728697,0.05333265993661584,-0.5892874251235645
Thal_IL_R,0.32117145256869345,-0.23886344376182253,0.3188792766710603,-0.15196454047708904,0.7555495772849827,0.3941635193637569,-0.22738248648518788,0.0634013048357108,0.20215629915440883,0.09979025761171727,-0.16334273205423705,0.10957588325088036,0.479070106779942,0.6741138796697363,0.09985316937045208,-0.3066186502008429,0.38459221082294703,0.002524696518135586,1.0,0.4221850723848388,0.5183136836806452,0.575985841521324,0.7002588949138167,0.26449349485933027,0.6326167699056658,0.31580693990668607,0.6389083767580787,0.01132309373678793,0.28363252658711263,0.5766333806934182,0.5370326522786467,-0.28414021706470155,0.47023480654872857,-0.16114717934653539,0.1306630288742154,-0.05079956366863118,0.017474174251215797,0.3299219023282433,0.49320329427038245,0.4424860355452945,-0.16991368735532436,0.11295659027798254,0.5628662765007306,0.3959682735126067,0.2606838462371443,0.0033864551765719546,0.333552317024629,0.10383105637904812,0.4478502863438479,-0.020435526629192388,0.6367750258772473,-0.05933167719401117,0.5475223084528166,-0.07734726590687264,0.5964281243553383,0.31944633573540676,0.25414679474985524,0.26686544615509955,0.26711983966491215,-0.02957700594846587
OFCpost_R,0.5537981389284742,-0.531558044307992,0.0908902561909445,-0.12593118756551555,0.49841006787353126,0.5263856339329778,-0.39410800520599215,0.23877189756929004,0.21254990521765804,0.0993311244531438,-0.3722079233349519,0.19969000278771998,0.046846743832213704,0.6150680420301089,-0.3786954377552311,-0.46221632682851155,-0.02861248867669165,0.3639881807441723,0.4221850723848388,1.0,0.1956065912253105,0.21938648298742316,0.42415133852462067,0.19888384559366198,0.23045833593992923,0.20817166336526619,0.4084566545340752,-0.43351124313470735,0.37781883719329196,0.2422365954744024,0.2733206809239054,-0.27128384426801566,0.11781715216902611,0.05392885311665238,0.06697390195055117,-0.1069911164810044,-0.5419004480630247,-0.12801192313548992,0.10038030158874495,0.3799726574804001,-0.4187201747064455,0.07431611635369788,0.3765809055485923,0.44870997006897567,-0.08695610801032669,0.07457693986517619,0.33659009951217284,0.0010185645843523562,0.32492644145750593,-0.18457787978716803,0.45497324875017436,-0.38681311541157326,0.662842239122868,-0.17991631355761145,0.09298829694814192,0.5475268611882065,0.3375689260273298,0.1013844455024545,0.31668354684107564,-0.38435235066226575
Insula_R,0.09475682762334267,0.028284994933091702,0.32270173811213493,-0.10129444650145862,0.4196832492722156,0.2475167960034912,-0.19718550855265116,0.04373396142190808,0.005579445610011083,0.3094951194385628,0.22147623276789793,0.3501778094911352,0.5973611470481615,0.48988542157932274,0.33909974817544225,0.024547178361524404,0.6068559235952442,0.05398945061709538,0.5183136836806452,0.1956065912253105,1.0,0.5421416442644067,0.5415740960300635,0.07056769283865294,0.5173667907578418,0.39068963119943606,0.5493895750370379,0.16279596875234967,0.3829389056159541,0.3449512563712328,0.36852457138415645,0.01637118107045715,0.5556070596950539,-0.2377734753483384,0.32440943614474094,0.07615502074411779,0.3808423052501138,0.047992196242614596,0.4133408657284023,0.5615406792867195,0.24430452705847458,0.21382120304661273,0.5725716779997876,0.31629714720581187,0.29757266176394087,-0.11972462753793973,0.2907546793963254,-0.09406774931545911,0.22505516049608543,0.11584926215292148,0.47635880173575146,-0.032981796841837434,0.5105770916607796,0.022468316766853857,0.6532392030068441,0.18826102574188083,0.21608614473477605,0.39058768503235974,0.5817040163084058,-0.0005176705017304562
Thal_VPL_R,0.3156541663065687,-0.02252443365943907,0.5764945909763021,-0.10790337319391427,0.47061376610145295,0.3726703063574674,-0.10529160043905399,-0.043847187072920735,0.1756481829061769,-0.07338893680568205,0.2946468717273034,0.0015564948201150174,0.5192137116956982,0.5610291815166539,0.3551498471335074,-0.01711601394710644,0.5957251041267709,0.1391159297830575,0.575985841521324,0.21938648298742316,0.5421416442644067,1.0,0.4378330616577016,0.04160652662968167,0.5119064158897147,0.2519610815893827,0.6232431271290233,-0.0720979189196953,0.5402369894602922,0.6526121570337304,0.5664278852586558,-0.19679443121049248,0.557545996468086,-0.20200393525535554,0.30043474773597156,0.270866282294943,0.14970488247452776,-0.030801448141050677,0.6134457431346435,0.13106386747338108,0.3047511126648683,0.38986022287541333,0.3595945698371332,0.5112396708668842,0.5832529466924955,-0.0293442213372299,0.18291304388463558,0.25979786946170585,0.31345538874368356,0.3905709084839625,0.3811990292504808,0.06474523106249068,0.4652500068883036,-0.04857219063233118,0.44675744392837263,0.42474907234986475,-0.04182683196691531,0.5573350977815754,0.17039784965174798,0.05413806984529724
Frontal_Inf_Tri_L,0.2567480951903594,-0.1567013474156313,0.38794908762629327,-0.1477656194282275,0.8406811443318607,0.2730285271001354,-0.07184990457822378,0.21874834596088225,0.20373483718757524,0.2952938091600177,-0.1565112448891734,0.3008754407014679,0.5478018382550033,0.6982547012237063,0.007872250673864456,-0.1966725655566899,0.45256688164463427,0.07517714394450739,0.7002588949138167,0.42415133852462067,0.5415740960300635,0.4378330616577016,1.0,0.18633003203680973,0.5850468894350004,0.40902628462563023,0.7357309482818931,-0.06491677042188529,0.40954227997949355,0.5148874887789137,0.617238324239875,-0.21577258326751653,0.5815246891650976,-0.181956976472912,0.20012864775471031,0.14621465095481806,0.0025628872283128966,0.14313881985924518,0.5312308181546357,0.6300106741397028,-0.10209353415541374,0.05247775178289506,0.5888884258340998,0.43865725789731225,0.3022289822309967,-0.07339884967212314,0.3534110441434355,0.06370302441336949,0.352737193225737,0.08272458612566003,0.6980865232769277,-0.04475617197007628,0.5295335681796044,0.11886574739765311,0.5394707227450399,0.3420340790518731,0.33982536183677636,0.4502241959460414,0.24841123293794634,-0.01921604268429434
ACC_sub_R,0.1323969788480662,-0.17853229455739972,-0.0023511232099603127,-0.16292408298900943,0.2182080719272751,0.039332886123085116,-0.22287035693362744,-0.1273144587678094,-0.055849645456366906,-0.12228039099235996,-0.13442808133043876,-0.0001734331416321642,-0.06658068246207127,0.16183765976545136,-0.0952585824163308,-0.23868811437595722,-0.04023748826760935,-0.04133630340451634,0.26449349485933027,0.19888384559366198,0.07056769283865294,0.04160652662968167,0.18633003203680973,1.0,0.03417282903687121,-0.04501317935583024,0.12016748089597941,0.022625347975475822,0.07984067949090938,0.015125522970873053,0.05939476128824007,-0.20970935868174595,-0.03841181966799506,-0.028131095529755058,-0.07645623510237763,-0.15750100652677443,-0.09266315816749846,0.10487387105749599,0.06913373416018798,0.1544209161470794,-0.0863673146336286,0.01774701862906196,0.051704510182987204,0.09609993344851656,-0.039757998394670306,-0.13002729993442746,0.05768471534977757,0.08583122430036116,0.13739238642723964,-0.04677566121395957,0.16392867578283227,-0.050603836955290714,0.11215979498382064,0.06171101585472264,0.09597419525715828,0.15518015966699686,0.0341292706897301,-0.13714990378680983,0.08973322635221773,-0.02869590483784167
Thal_IL_L,0.06739526864248753,0.012451263824198687,0.4321001582069415,-0.13910768197233198,0.5602095015988197,0.3969282316349439,0.03729798499614369,0.34284577662539134,0.14827215785815848,0.3812597170367889,0.11518128715610165,0.3652480667304948,0.6204678091494813,0.5080438955709209,0.286635845499034,0.034971570051469586,0.6230591230116881,0.09049047440624113,0.6326167699056658,0.23045833593992923,0.5173667907578418,0.5119064158897147,0.5850468894350004,0.03417282903687121,1.0,0.4496626174060138,0.5943884739346035,-0.019437260044117975,0.26063624476027436,0.6695778660734952,0.45938705189030843,-0.006355241408884147,0.5959331951986919,-0.06700715628141557,0.20772036935214752,0.21275134119419978,0.2314693352601912,0.172173507649519,0.5500634341127776,0.3583310267969885,-0.03389659259541432,0.0739201723380848,0.6815783453344013,0.21968108809935796,0.3278667014135268,0.06870324889060399,0.4930850649467374,-0.19923799419461652,0.117456384205307,0.03578296528320106,0.4658982528711855,0.05510420489036431,0.38586908315864876,-0.15061117764857213,0.6582784417275296,0.08506538619954586,0.3530454031016908,0.41605479004604523,0.25296891480025674,-0.16156392847414722
Temporal_Sup_R,-0.03383056837539648,0.09200148522628794,0.6325428243530634,-0.15684678417759357,0.3847182707440613,0.2247802156991972,0.013557010490471581,0.396281929083585,0.2566258510888412,0.5946684500115086,0.2380099839935101,0.4076996061559885,0.49286246718212795,0.4762198616435868,0.22269927084422286,-0.005061683078453791,0.6376831364407753,0.1444823210619559,0.31580693990668607,0.20817166336526619,0.39068963119943606,0.2519610815893827,0.40902628462563023,-0.04501317935583024,0.4496626174060138,1.0,0.4198924841951479,0.048421758061575226,0.24306062738749548,0.30758335774288725,0.5607637808312212,0.47471466786853295,0.4643886574452427,0.24467682458473403,0.6310226266211214,0.5251560445911069,0.27169608592866995,0.09138458088891586,0.27073612509604006,0.47688519833501014,0.013404441431786668,-0.04966941650787898,0.5974129650108909,-0.0277000647714417,-0.07937049956609858,-0.033238162120888266,0.360391509219936,-0.39217001445721106,-0.047126810479879606,0.32097369848651,0.3184774051631856,-0.09945070172832554,0.5473418508291575,-0.06072637023306141,0.39670591056480853,-0.17670789845608917,0.29760799048431924,0.2717580657925913,0.43797600262934216,-0.05032225830363649
Frontal_Mid_2_L,0.3670928153566038,-0.2194745732753459,0.5532638139147794,-0.133041833382001,0.7517698941192537,0.4792036387997554,-0.04774730521300743,0.19120883949258083,0.3150346311729327,0.19339732866157003,0.02439400782559487,0.23338462009089728,0.5512203479190593,0.8168135117031042,0.15329215644348765,-0.16749765007011067,0.5499195635457531,0.3491672946827964,0.6389083767580787,0.4084566545340752,0.5493895750370379,0.6232431271290233,0.7357309482818931,0.12016748089597941,0.5943884739346035,0.4198924841951479,1.0,-0.2523629955502741,0.6028055947615694,0.6491586161658387,0.712820250814732,-0.2535579221094512,0.6597574207370681,-0.20135990474481505,0.3033050008563742,0.25862313030204637,-0.07557252969979696,-0.1068407281085571,0.4878924827005423,0.534971179899752,0.024205986383427917,0.3121961147366911,0.5752187609545413,0.5649969338010796,0.3467645381226687,-0.028081378720936752,0.32039672125658736,0.10447572968160891,0.34372569040058437,0.21392365932151844,0.6650634543670854,-0.11301491907585705,0.626895835667017,-0.03045887237288581,0.3913800312030881,0.4459295511314969,0.30808532134729555,0.6580037865869008,0.23688711360440112,-0.2025932277281314
LC_R,-0.35658470255062863,0.47097424847663927,-0.05183827626347773,0.02480575776301704,-0.09926831800765686,-0.6215878787560445,0.1842750464911683,-0.4542694531924379,-0.29260989146345223,0.1224992583820431,0.1483337613682778,0.03306489222811439,0.07804732808477727,-0.42375247644120284,0.31401477050973226,0.33401744233413144,0.22128886665027078,-0.5800528332640447,0.01132309373678793,-0.43351124313470735,0.16279596875234967,-0.0720979189196953,-0.06491677042188529,0.022625347975475822,-0.019437260044117975,0.048421758061575226,-0.2523629955502741,1.0,-0.35295311727996737,-0.03782495089606434,-0.1960535653985053,0.3844924970480206,0.04172602450325202,-0.09404342263724133,-0.10641108719913552,-0.013828559304775388,0.5598232760619771,0.6261814541865914,-0.0013685763175028851,0.02157251212694672,0.2032796227547231,-0.12495984342829627,0.08910683892499405,-0.44126511672499985,-0.12243291169612343,-0.3480044640899371,-0.3051196636032336,-0.06362708014081749,-0.3180725562844329,-0.050386966642953564,-0.1861262963696901,0.3215446782447904,-0.22825307100195785,0.34885169506882546,0.3070767419665081,-0.5303275236380286,-0.14993528350706392,-0.24429776653427365,0.0851692894016789,0.5934285135021845
Heschl_L,0.4374436472852157,-0.20863883013129583,0.37036418310679303,-0.0862045139368613,0.3617802054182671,0.453413276351645,0.060098514960354926,0.2106480909597765,0.22866081069658278,0.08800439254404317,-0.005872181631357522,0.026019301461969988,0.3047875293171901,0.5326598475374468,-0.08079081927330294,-0.13169495681565424,0.34898876251702554,0.4974419186809983,0.28363252658711263,0.37781883719329196,0.3829389056159541,0.5402369894602922,0.40954227997949355,0.07984067949090938,0.26063624476027436,0.24306062738749548,0.6028055947615694,-0.35295311727996737,1.0,0.41033467876818447,0.43374778054049107,-0.21426594271709196,0.42290054374437597,-0.061132809590855354,0.32068541776000253,0.2797179521575148,-0.2794753436751635,-0.3781282647737252,0.32595202699360115,0.3502653440181468,0.032365347471094964,0.2633624427785495,0.33147956598563183,0.5571710286123236,0.31412383336280303,-0.08311829755314921,0.14044193307146988,0.27649602697030057,0.3073689438602766,0.15720764847756374,0.35391473802098083,-0.11446979008158306,0.5022834957719882,0.03251020022998807,0.16447686605612832,0.5616083616001188,0.16115523282038283,0.6200461740972414,0.03828729760098624,-0.16291097796010584
Thal_VPL_L,0.3774815241119371,-0.06685298277638396,0.5973835509557948,-0.10931708323300075,0.5689553382603458,0.3704909912519453,0.11786870321261834,0.07147339135001755,0.15564533505926845,0.254141865879346,0.08617937962635897,0.08984877711475328,0.4578351056112813,0.500483430153425,0.2104842129155973,-0.05061147546698877,0.6135703514162388,0.16103097203327466,0.5766333806934182,0.2422365954744024,0.3449512563712328,0.6526121570337304,0.5148874887789137,0.015125522970873053,0.6695778660734952,0.30758335774288725,0.6491586161658387,-0.03782495089606434,0.41033467876818447,1.0,0.6501005468565288,-0.1981545853479324,0.5636725275986845,-0.22508643745736528,0.09007870202047989,0.2644518643823036,-0.008741393681187004,0.1205967093621297,0.6109977270743354,0.24317825767492363,0.02259259916209616,0.20308512973197304,0.569680652993384,0.4121291634910797,0.34155418624907713,-0.15639822230994074,0.16170853435874055,0.059150023401460014,0.2542090315529448,0.24082564903177972,0.4409766471550343,0.03817419481529747,0.4827450525258642,0.0025689249914075253,0.5105317089028698,0.30588552230771765,0.28814600050803735,0.5301908283273735,-0.04528939544000414,-0.1727507914900588
Paracentral_Lobule_R,0.3436930493556372,-0.13394137250217492,0.7599810495652852,-0.14374526019127534,0.6397654847702527,0.3429640812293642,-0.0998986431914305,0.1357256784937758,0.2892317592626477,0.2733528226782776,0.14584307178080594,0.13449088969920378,0.5358857619237422,0.7279646512493556,0.11932010659988615,-0.2003522813495411,0.5822751001227159,0.14942283133185552,0.5370326522786467,0.2733206809239054,0.36852457138415645,0.5664278852586558,0.617238324239875,0.05939476128824007,0.45938705189030843,0.5607637808312212,0.712820250814732,-0.1960535653985053,0.43374778054049107,0.6501005468565288,1.0,-0.15495288877365745,0.5991762580255476,-0.09551731645121637,0.5106900328694988,0.3952559561276987,-0.01998189991889467,-0.0243416919839062,0.6332721102319887,0.38099045527578823,0.1416986036772491,0.1210853906150415,0.4294139567269352,0.4616309934660027,0.3996315440756361,-0.16207754340855773,0.23290771774067162,0.11476818611365708,0.34417214472001123,0.49667368849846055,0.5124372379179176,-0.08584335111396173,0.5872463929734443,-0.042085465635082156,0.36069317120363287,0.36252004774280594,0.22891322380267348,0.5857773038653921,0.08337874042154102,-0.11243686350091898
Occipital_Mid_R,-0.5551699907069009,0.6993099998039101,0.1751760287917578,-0.0051447744849192675,-0.28366227546010503,-0.2973733420304384,0.3335534433514688,0.19757995000203935,-0.14716731065109906,0.32506575708028335,0.3961482721184929,0.22239854046818303,0.07947756242725838,-0.3151134607124807,0.27828175372254704,0.5834020647314239,0.293333183476005,-0.11860882873784674,-0.28414021706470155,-0.27128384426801566,0.01637118107045715,-0.19679443121049248,-0.21577258326751653,-0.20970935868174595,-0.006355241408884147,0.47471466786853295,-0.2535579221094512,0.3844924970480206,-0.21426594271709196,-0.1981545853479324,-0.15495288877365745,1.0,0.03264714136758406,0.4689892008099403,0.4563157814648012,0.5446914359515839,0.5334517997380435,0.10500486706090685,-0.15702731806498385,-0.0920721756109307,0.22135860718631853,-0.04168248120591356,0.13521401571519343,-0.5740147787416708,-0.2794232707775875,0.11949336241983102,0.04142629798386877,-0.4926460105162575,-0.6746030208876475,0.18199218083182625,-0.3675253133175724,0.26407518396102664,-0.18489983024053216,0.04367107874095009,0.08625042125482178,-0.7089419057309281,-0.03248804170916594,-0.0015140613338362244,0.22957639943145136,0.26048064592738457
