,Thal_PuI_R,Postcentral_L,Occipital_Sup_L,OFCmed_R,Cerebellum_Crus1_R,Cerebellum_7b_R,OFCant_R,Thal_Re_L,Vermis_4_5,Cerebellum_Crus1_L,Insula_L,Amygdala_L,Precentral_L,Frontal_Inf_Tri_L,Thal_IL_R,Cerebellum_9_L,Heschl_L,Fusiform_R,Thal_MDm_L,Olfactory_R,Vermis_6,Parietal_Sup_R,Supp_Motor_Area_R,Cerebellum_Crus2_R,VTA_L,N_Acc_R,SN_pc_R,Thal_PuL_R,Thal_VA_R,Precentral_R,Temporal_Sup_R,Frontal_Inf_Orb_2_L,Amygdala_R,Paracentral_Lobule_R,Thal_VL_L,VTA_R,Cerebellum_10_R,Rectus_L,ParaHippocampal_L,ACC_pre_R,Thal_MDl_R,Cingulate_Mid_R,Fusiform_L,Thal_VPL_L,Precuneus_L,Thal_PuA_L,SN_pr_L,Rolandic_Oper_R,Putamen_R,Frontal_Sup_Medial_L,Cerebellum_9_R,Rectus_R,Temporal_Pole_Mid_L,OFClat_R,Cerebellum_Crus2_L,Frontal_Mid_2_L,Frontal_Inf_Orb_2_R,Vermis_1_2,OFClat_L,Temporal_Pole_Sup_L,Cerebellum_3_L,Calcarine_R,Cerebellum_7b_L,OFCmed_L,Heschl_R,Thal_PuL_L,Frontal_Sup_2_L,Frontal_Inf_Tri_R,Thal_VPL_R,Thal_VL_R,Thal_AV_L,SN_pr_R,Cerebellum_8_L,Temporal_Mid_L,Occipital_Mid_L,Red_N_L,Frontal_Inf_Oper_L,Vermis_9,Frontal_Sup_2_R,Red_N_R,Temporal_Inf_L,Frontal_Med_Orb_L,Thal_MDm_R,Thal_LP_L,ACC_sup_L,Paracentral_Lobule_L,Pallidum_L,Olfactory_L,Temporal_Pole_Sup_R,Cerebellum_3_R,Cuneus_L,ACC_sup_R,SN_pc_L,Insula_R,Raphe_M,Cuneus_R,Raphe_D,Lingual_L,ACC_sub_R,Cingulate_Post_L,Thal_IL_L,Frontal_Med_Orb_R,Temporal_Inf_R,Rolandic_Oper_L,Parietal_Sup_L,Vermis_3,Cingulate_Mid_L,OFCpost_R,Cerebellum_8_R,Caudate_R,Vermis_8,Thal_AV_R,Thal_PuM_R,LC_R,Angular_R,Thal_PuM_L,Postcentral_R,OFCpost_L,Occipital_Inf_L,LC_L,Caudate_L,Cingulate_Post_R,Supp_Motor_Area_L,Cerebellum_6_R,Angular_L,Vermis_10,Thal_LP_R,Cerebellum_6_L,ACC_sub_L,Frontal_Sup_Medial_R,Precuneus_R,Temporal_Mid_R,Occipital_Sup_R,Vermis_7,ACC_pre_L,Occipital_Inf_R,Hippocampus_R,Thal_LGN_R,Temporal_Pole_Mid_R,Cerebellum_4_5_R
Thal_PuI_R,1.0,0.4882663899393936,0.17251874958381422,-0.20507176924943368,0.2623218324907519,0.012810356119914622,-0.03781584367200305,0.059538935754834044,0.2902491470270519,0.32819061791701865,0.2734382903291438,-0.13426826236302675,0.3550708140517242,0.3022289822309967,0.2606838462371443,0.4054046190164793,0.31412383336280303,0.14702494739102567,0.24116252878790714,-0.15846501867026652,0.08325155849808946,0.3406057466739014,0.5168808329967495,0.49297282080877614,0.21205664360027818,0.021470670044937717,0.2747458287971221,0.22527672558976414,0.06916851670836086,0.5090965161006544,-0.07937049956609858,0.11304044722124273,0.11705637736848593,0.3996315440756361,0.2952690420537796,0.24750389799002892,-0.1074979908669794,-0.08141667416330109,0.247330667981491,-0.13254360533231338,-0.02813160390828841,0.37969625722554434,0.3579507819370595,0.34155418624907713,0.4326441790316298,0.3416882571883335,0.15560751300074707,-0.30370376758300904,-0.09362066173132583,0.17449080814766496,0.34254440188615065,0.09362866308205547,-0.13802890022966152,-0.153543423244912,-0.1839268368026248,0.3467645381226687,-0.2533636344309975,0.16029669298902985,0.23979590152200886,0.07471025766181669,0.05266539087878197,0.3614784792969421,0.25072700349781885,-0.07023409940018913,0.46447885722497073,0.20694144098631778,0.42937605568199505,0.12023544439633854,0.5832529466924955,0.12604194253594808,0.21490460214564808,-0.16694364351798047,0.34059445359436397,0.24189984173562254,0.24658800069537926,0.02777035651711047,0.29231181367221415,0.22734039965800645,0.3652934402690856,0.03345063339656628,0.07341537494221298,-0.00349910437877231,0.1129027999940987,-0.1834038206808824,0.14860264849495902,0.34982898455722794,0.0058413087165273695,-0.08310233144250953,-0.09784808810122327,0.7544044546467141,0.5048954885211671,0.021350888450635114,0.24567493315073743,0.29757266176394087,0.1042532616057916,0.42315371901696563,0.37286611132628034,0.1801550061216881,-0.039757998394670306,0.3491372519522657,0.3278667014135268,-0.219443826563804,-0.11833674162272967,0.16008256768890666,0.2922267041766362,0.2693932635559536,0.33938657996826577,-0.08695610801032669,0.548030194824398,0.1478688551037876,0.013836389435552586,0.14290803675105282,0.39723817989243076,-0.12243291169612343,0.11778546853761357,0.6257331156788434,0.3494541760443892,0.12324434808899193,0.08679489223302966,-0.07131171709946821,0.25522108616306977,0.4229260006719945,0.5394500981005727,0.18285549502473253,0.20587648113996262,0.4055441762259151,-0.021690528385742574,0.2399584047745504,-0.08750043449420047,0.20538761640236897,0.3577082691234321,0.027758829665800636,0.4412890577489814,0.2606137723930355,0.02730366874747009,-0.12178568415234924,0.18690489672548644,0.025027272630923875,0.18199944885992242,0.3863655049008715
Postcentral_L,0.4882663899393936,1.0,-0.0792206691736367,-0.07386616319606347,0.16671614563842682,0.14596905332024077,0.04074916917194706,0.14050580347606037,0.3656365801881872,0.1023798990539174,0.5084896947599377,0.32841283412473476,0.8822443978738328,0.7153369841091942,0.5481340713054743,0.4871941078630929,0.6156934315619308,0.28300154513258435,0.40586955073010256,-0.10144338352128256,0.27146815207904296,0.35594582028825605,0.8095633746285548,0.294379551104927,0.1717979025188925,0.10970076982798938,0.4080634563449367,0.26707730830748694,0.3899488413600019,0.8150436804842207,0.4685870442897681,0.39197937044905934,0.3370930699080158,0.7566293796957769,0.5519814845957707,0.16720814528750041,0.3244342524773192,0.020367001695954016,0.6159236015134495,0.1503627531217092,0.21283788286702415,0.7257549414573448,0.6022659951148925,0.704745469508298,0.6295034276410764,0.19496662315701627,0.45994072627864396,0.16049989031780332,0.5037316305239216,0.5686198079053251,0.3367279304524243,0.09290453918367877,0.0548640414556349,0.07262289406653864,-0.09409756188065885,0.8528237566071843,0.2478409886630056,0.2003325024857671,-0.061606217821234883,-0.17246123624548837,0.3676559215319642,0.22735727694563046,0.23128555051339517,-0.2384483970351239,0.4329876639828048,0.38129596481257144,0.6470300870885487,0.7012985812434225,0.6199874265234069,0.33543940742175865,0.6142408721539756,0.369246360762701,0.11793574328928631,0.38633415197423704,0.061425623122055975,0.18290108240277406,0.7022207759953094,0.28853647098467106,0.5949054857305938,0.1820902111813209,0.33460290523053154,-0.09020592633048942,0.48803563924319837,-0.1890849966537784,0.5612859532999396,0.8325760628003788,0.4461852206893324,-0.04300419241866872,-0.034046292128713754,0.5812061004383939,0.1718750573873966,0.33179545485211437,0.2868308159192579,0.5509267076012387,0.1126608755301252,0.14089674944358138,0.06469251444798586,0.3575237455304388,0.06033634024005294,0.6786935322448704,0.5991496664279764,-0.10118499538461823,-0.006886840298574964,0.5551856500973696,0.41460339984835964,0.7824548389384228,0.6792878864921277,0.19650454929683117,0.30847122910828473,0.5205035271588195,-0.040959380441686746,0.4783454314211307,0.35287889014538526,-0.023760688779707963,0.32432356051508104,0.5911153089345365,0.8423911685235628,0.20768492906663172,0.04312925687266078,0.012467685492425997,0.5158161721979546,0.572480892832969,0.741188240006051,0.08042002786828939,-0.00717585603639472,0.1505460206667172,0.11749170355492168,0.07402481970386281,-0.117149756669802,0.46246702790217536,0.6184205270329447,0.38499985406629245,0.3209323017409769,-0.025641080302620287,0.24907152484623843,-0.19700867455162507,0.6452799727045975,0.5767226537404586,0.04263446496685759,0.7200041985205308
Occipital_Sup_L,0.17251874958381422,-0.0792206691736367,1.0,0.09709545869279136,0.046899758667261184,0.3498655870775073,-0.08802508555303276,-0.12982708353194097,0.4704026090618675,0.3925824913885347,-0.2549215095221943,-0.5249118823860994,-0.06942175772420145,-0.29357412334620786,-0.37928709097919505,-0.33244654428696074,-0.15744374254196486,0.328010133470887,-0.12413289339355085,0.23060989613970131,-0.6658794686289354,0.5229280766446205,0.05447566419000878,0.2757076451885103,0.03459781800089395,-0.15894483554234354,0.05010036935937143,0.2604704854381774,-0.3003157649856775,-0.2774825674924777,0.0634413267346906,-0.21167942282228233,-0.5097468021419671,-0.1672910472200588,-0.1455958006260391,-0.07615903890917172,0.020283411811903115,0.0666546268907741,-0.420234049757881,-0.3216405769967136,-0.32172012277745,0.11267596018714547,0.004433900786409773,-0.12984070013997814,0.2877974050449785,0.3340252083283442,-0.46617766146722034,0.28632100517230835,-0.37040445403248673,-0.30423918644440967,-0.4835886284461681,-0.1891700554023467,0.09392303511047277,0.04820633120756777,0.4969226445613322,-0.2219483070307182,-0.29685659287295907,0.052222912725039886,0.43392816897344694,0.2287789135439112,0.40254080101412737,0.6300373765488935,0.14262834194637922,-0.004113731412617085,-0.2788899591542493,0.24992256562196752,-0.07747401195884701,-0.2558684044280224,-0.01956936929236681,-0.2716648950147971,-0.48382654293807215,-0.31495237977736507,0.4431075998654777,0.37436666364305793,0.7747125317859243,0.14217773055037158,-0.39581731446295837,-0.5773991234639356,-0.14169110885684247,-0.12287971093401678,0.11397884275702162,0.12583831687897884,-0.40232551093889585,0.11007361814279278,-0.4380648476960083,0.06255376219357878,-0.5522743562621762,-0.022599480497925026,0.5319170710669117,-0.029938545772014692,0.7643163888849127,-0.36321223243551765,-0.07755171545459412,0.07757200571003896,0.48291179926209965,0.7882220834727158,0.4062156715216825,0.3137634067521841,-0.18472967424772457,0.1421613150110224,-0.05662280710124828,0.3145105244754662,0.24028771612930458,-0.39744553893533663,0.6140483015205449,-0.23540609741945745,0.1520855837129132,-0.46142913808426533,0.21404422275404641,-0.5212818163080654,0.6437565695013713,-0.49801750798582634,0.16104890941820305,0.30711648709173034,0.4747917774873574,-0.031972092186449315,-0.05078774806757862,-0.3043041180061745,0.5857593608001191,-0.07815538028985651,-0.3536464114142645,0.2013943802627117,0.15781165370772438,0.6293123675226595,0.8407338210891905,-0.17420042867451696,-0.07167904151415518,0.5779466210996989,0.0025381952413760416,-0.27172982502440607,0.27670251622901515,0.23572065838884404,0.498113354501176,0.3323927460903235,-0.4003003906017964,0.21763728217883824,-0.5116130156979434,-0.09747994585319808,0.024019049448047336,0.30754196660482497
OFCmed_R,-0.20507176924943368,-0.07386616319606347,0.09709545869279136,1.0,-0.23944162978792208,0.02402181672146502,0.12652241830506994,0.2913000439043375,-0.19706652995043206,-0.26242103169954456,-0.1261297003378838,0.1415771378640491,0.10388100651517751,-0.01783485198295279,-0.036041208705794005,-0.06123891988462983,0.22617310000723434,0.03930223474796077,0.17204331678670226,0.4193993300437299,-0.032870261157561635,0.26713541705455235,0.09060388138628148,0.013766717528082666,0.16323030482008588,-0.06870854780950379,0.10700253249010949,0.04432228429301593,0.2472999241949785,0.09272321901601142,0.24540635274376263,0.013255932576780954,-0.04945357090963824,-0.0008049300440112485,0.04943658665599444,-0.10813914404312033,-0.013301278258117279,0.31001046380062647,0.11327858317348817,0.07358699082501952,0.09598543467283586,-0.046861277640789255,-0.21949680127878754,-0.13944702562318917,0.1498591070534233,-0.24553705149945526,0.09257049477059746,0.2148850877658249,0.15043891407031837,0.08378952943556683,-0.003825040331702399,-0.06673954810918616,0.09707494208122298,0.22888841722036807,0.2883024790516124,0.043196800806061544,0.35322082136418476,-0.2647325138315743,-0.06350224578176915,-0.11152685953647525,0.17038075597102298,0.03571812734539039,0.1164422525704725,0.28949715041435486,0.07721081415621603,0.13307727208979667,-0.07688955489917149,0.2224770760301765,0.10302194396737652,0.16425880988584152,-0.0817425650287937,0.277760214085636,0.03477450106334523,-0.1039277333900796,-0.1123075225775849,0.10859196067306424,-0.15630400514746431,-0.21915879450107423,0.1670140282339856,0.17136997440132037,-0.06459971657566452,0.032956402858910425,0.2915491529958154,0.20640177752956768,0.025209645913769344,0.041279700416244146,-0.08944311247354456,0.1584697305802762,0.16182361930482034,-0.0495494049605949,-0.013916827076752522,0.026755087761861147,-0.044088038045886936,0.09869179942387098,0.04662058032675482,0.07520167374362334,-0.07433994781980262,-0.08065172652829225,-0.0681151288972893,0.14394766213866397,-0.023100179532481637,0.17872595541598027,0.09938680551852025,-0.2696543585605071,0.23123491729587559,0.030179271318952462,0.03712101286899658,0.20165864902556707,0.06325367265510447,0.179059983575937,0.1344895630913525,0.24584681546920417,0.023356053789671195,-0.182333965501398,0.213912789220776,-0.24418078995055664,0.15351901905477797,-0.11951215582464518,-0.05940816296645645,-0.27986855997743904,-0.0037905836783970652,0.14784876903221592,0.13035587520219383,0.003443299213909934,-0.004255150261005843,-0.16256951936041222,0.20909878737137713,-0.04300539186605203,-0.11498171927438333,0.11905705928152757,0.13064748555845448,0.10652657612344334,0.01714897813432207,-0.13612124922353297,-0.08457818426604527,0.12304335995628861,0.13153382395673616,0.1252549369958819,-0.2824363553530021,0.11061834568789612
Cerebellum_Crus1_R,0.2623218324907519,0.16671614563842682,0.046899758667261184,-0.23944162978792208,1.0,0.04235344611142022,-0.10047499666741025,-0.0514632514740606,0.2026834996321838,0.4952024557825764,-0.09745491120102513,-0.2253598927080051,0.07352502255487803,0.2496168157195709,0.09430434503381997,0.21211839069120797,0.03706648162889154,0.04656544177450742,-0.09975176793757631,-0.38412771805641077,-0.009574997919897976,0.1841706914040656,0.2656252478139542,0.12664624328115606,-0.18092049171075414,-0.09616114748692696,0.13795549412969896,0.1827764338106615,-0.29220743948884137,0.21423313509103115,-0.0386675831078539,-0.184320860636233,0.10722984312183216,0.19617237741719,-0.13656567395938682,0.2944543468730191,-0.1976513475380436,-0.2675420549156856,-0.061546778548242656,-0.31947224767659865,0.03746429423450727,0.24608316068892888,0.2312233019338219,0.06822098081062446,0.1403412196959963,0.23097604971790686,0.15866557314508578,-0.16627674496871234,-0.11976159368886322,0.0001880893372657531,0.11296058848913469,0.08629186596478439,0.16803249810369048,-0.26572424046307785,-0.09155563204488189,0.035497618775775945,-0.15538225386382576,0.08826116468323326,0.03280445192114571,0.24755319252150743,-0.04123699768280003,0.0827888889908626,0.16761002923824178,-0.1744252415472778,0.11423456162526116,0.06298639124075159,0.04941509697593103,0.0898779168243615,0.08290830148956752,-0.2124712215849748,0.18488302274013146,-0.2857770692929942,0.29241947617158,-0.09731087885382557,0.1493830258155742,-0.16271173128108543,0.24494020940960423,0.10764108950199101,0.15159008205286298,-0.053386300252228056,-0.02863677788236489,0.021906429953970224,-0.2853482880565254,-0.14639986275489178,-0.1085135560407353,0.09833534003886844,-0.12783508794695508,-0.13356310396575818,-0.2647453103717201,0.33147686943943,0.2102280487845296,-0.14964142235467875,0.16336577858257448,-0.08928430154658143,0.14666546023137508,0.024781812788379754,0.3533173226038437,0.03593222797764794,0.11040737798659496,0.13350197504415223,-0.110783282314403,0.025542639545914146,-0.22857837807678522,-0.015018978567894482,0.16724424737312982,0.0009333683639237886,0.16831711415606432,-0.026598641528507095,0.4339289984856728,-0.05103531691573937,0.0359051267168174,-0.01588774923169008,0.20822683112634452,-0.0074347638004309815,0.20331776105091057,0.24249361488121254,0.12312653797344557,-0.03778195245931417,-0.034606238886819636,0.18347262419034213,-0.07107627481169924,0.05312242649130084,0.20884655423971007,0.13247621237298046,0.1579873596643937,0.2397628977364813,-0.23683673733480579,0.06653683390350595,0.049510793862200655,0.054236212336752916,0.11689862664508482,0.08422889409819913,0.2269379335940868,0.22840633822088813,-0.23181043820288838,0.07441534271990376,0.048415761262496644,-0.1369499480069658,0.32573748382176443,0.00647847221684667
Cerebellum_7b_R,0.012810356119914622,0.14596905332024077,0.3498655870775073,0.02402181672146502,0.04235344611142022,1.0,0.017742257175015316,-0.15767153984895027,0.30965456565497956,0.36623150009138206,-0.319963608303031,-0.2178972811080862,0.20626235119203026,-0.07184990457822378,-0.22738248648518788,-0.23905608754433905,0.060098514960354926,0.006501312721346845,-0.16393532235193575,0.2003481938266814,-0.3291256256071077,0.24942102004304567,0.19940632139088826,0.08006128497601242,-0.12627136203748454,-0.17676637215486646,-0.10321377612706342,-0.0401656431857458,-0.14031032457821668,-0.039432498427593526,0.013557010490471581,-0.3692064452289406,-0.269093676200709,-0.0998986431914305,0.09752291634338431,-0.21346489723963852,0.2789019286045486,0.23530498619147916,-0.23106092343303472,-0.4070980830297506,-0.3208704299340499,0.12098116487624672,0.065515966374953,0.11786870321261834,0.12302169539217471,0.3315044384814374,-0.2059459427750022,0.1899549843713827,-0.23721115164078518,-0.21660775920186784,-0.3970171937077035,-0.07667582474120017,0.15569072718368,-0.27287746533746005,0.4315513756217377,-0.04774730521300743,-0.3071533280427492,0.22162762279230122,-0.006442104118739733,-0.02189264270049992,0.2969546690024766,0.12529395619895178,0.0719489068680087,0.12216177819000308,-0.3472175527827865,0.20971691250043756,-0.1794606900159283,-0.16439297980522494,-0.10529160043905399,-0.10504672023609862,-0.19467773541276875,-0.12824960953042092,0.20053836222204502,0.23501065504491986,0.27614739628166146,0.29554493139549987,-0.19319235164889867,-0.28369200207797024,-0.19535627224824814,-0.15548652849864786,0.2596526472815112,-0.04433042537595908,-0.13121926006739595,0.011751913778367824,-0.11148959975165225,0.19713910463856096,-0.328791723755934,0.0810912026983003,0.16778886497015522,-0.17654482949687667,0.14368434787454884,-0.15800133109621264,-0.17071124522071138,-0.19718550855265116,0.3053211989038469,0.18162749521896845,0.02569702230254409,0.2006192379642227,-0.22287035693362744,0.12023874929964616,0.03729798499614369,0.3104064689563071,0.320862818040533,-0.1633213742100009,0.3955410440297382,0.0032896066690871768,0.10674618888843342,-0.39410800520599215,0.12875597047615592,-0.29302651835077864,0.5604685742909798,-0.289116750333526,-0.02041351318456921,0.1842750464911683,0.20630388357359897,-0.029158051020368995,0.06237113607198054,-0.5327974620337144,0.22680143463201105,-0.030756107198638992,-0.23790102297170332,0.03274619974289127,0.29719442978985194,0.209756812849369,0.4537230390549224,-0.09529696853981107,0.1932774777952077,0.13346729809064548,0.04289263011300658,-0.36200243424338163,0.10604457524867707,0.02409456328405313,0.033971639765368655,0.2190458778702473,-0.2771064743729015,0.02124420788647281,-0.2648341580947428,0.059361204322298584,0.03380016332885127,0.24005099366503627
OFCant_R,-0.03781584367200305,0.04074916917194706,-0.08802508555303276,0.12652241830506994,-0.10047499666741025,0.017742257175015316,1.0,0.035291096944294637,-0.004827447739650038,-0.12569659088710672,0.04587611522671818,0.12074855984099907,0.036049869262149,0.09651954141311164,0.007680131174488966,0.02292271008721793,0.10684334541816236,-0.07145218404814145,0.16573545391406894,-0.005844539517432535,0.13103761143838985,-0.05491080702936112,0.08863481807460405,-0.11442525860107004,0.003462542336608876,0.048735038540971914,0.02099736122325445,0.08036238766031868,0.08470567837006157,0.010665933812337028,0.012323665794545626,-0.029510472759237405,0.11677513918127197,0.08175323309344613,0.12165187423610412,0.067385599471522,-0.014574037971692433,-0.041281727452491146,0.08569912691003434,0.05088242889183906,0.08625445106444306,0.06468509468986905,-0.06332544094008262,0.12800983821424158,0.014633578037809406,0.06649982879601399,0.08104670211767953,-0.02048892112884944,0.10482466663080674,0.08887313014219403,0.11086368795244225,-0.02636999346834274,0.1391431258458745,0.012936966210128223,-0.08249915986212732,0.022423814625078656,0.05606430104395445,-0.05133090132261296,-0.09387965312317662,-0.13288051713861415,0.07175337765513147,-0.07084732390673035,-0.1909207940423392,-0.1505978113674835,-0.03003983832496238,0.07950442764847324,0.04662644204971058,0.07512797001248729,0.07255988269569703,0.009715081332902291,0.030982924035793533,0.10636982238194242,-0.10123157891424006,0.032788187119162565,-0.14058091271572423,0.004609381074700752,0.02926569213749103,0.00360485115761102,0.06960742152786532,0.04576960000627321,0.06903597666529344,0.021235138004817366,0.14344482717877036,0.16114171740126382,0.1329545727800422,0.10089357793060597,0.049284884997512275,0.01511003029940033,-0.06992015519709062,0.027544031169530116,-0.07569393626017211,0.026816169324389086,0.10483837238637256,-0.009758807893993707,0.10489266705489383,-0.10162729385368584,-0.05806884107110307,-0.02995677444705239,-0.09203619173315297,0.08133251194174733,-0.015376566817746948,0.029817406183484062,0.05572717403990651,-0.0071858894938206675,-0.01470937130815663,0.09040285272664152,0.04845726335174908,0.09652936241833135,-0.00330624548578685,0.11821902585333854,-0.021762214168135865,0.06534370247170732,0.11263475203947967,0.028050194957109937,-0.08948400607495305,0.09548102207894002,0.004199675410601656,0.01949940474762886,0.0356436595789062,-0.03437999242843544,0.019170537105471154,0.044871672659828075,0.06707186244233468,-0.11855435359620446,-0.11394368037489101,0.00770719427515188,-0.022875419954604778,-0.09907624352269213,-0.026484050344389474,0.06761063651981446,0.030572902616979196,-0.015410587787312677,-0.1291878357061613,-0.08886105258041432,0.028375279370316774,-0.17577387841570488,0.11377598068497852,0.13383996006874951,0.10050812090763721,0.055869342786796054
Thal_Re_L,0.059538935754834044,0.14050580347606037,-0.12982708353194097,0.2913000439043375,-0.0514632514740606,-0.15767153984895027,0.035291096944294637,1.0,-0.3053837813700709,-0.28062637786796235,-0.03211766480062984,0.2148126115825476,0.22509037929396827,0.14049067970863777,0.05499970936129594,0.37385873927460106,0.3592697184269744,-0.1808800314142463,0.10058315330762899,-0.0019191009477864428,0.37807153640617425,0.12125133132356401,0.16284040078953574,-0.013434942686739107,0.09366448881285167,0.08140946556735862,0.1576617479162036,-0.0637892645273488,0.21929061965769867,0.2842989596954618,0.08206028313357548,0.07668887295455999,0.29450598333827427,0.15448716019612035,-0.014272857416563119,0.018972197732343838,-0.12225591859119998,-0.15772784497357464,0.2680715743970988,0.11811283709520268,0.19467222511308158,-0.057306987630635374,-0.10013758426213319,0.09154893406919248,0.2159308322895458,-0.27354740203853795,0.3605795290772672,-0.1645654246048402,0.19117978298706273,0.11684219690242455,0.41829657678201754,-0.1556290123600027,0.07113533772250652,0.07455165392090396,-0.15169014206520356,0.26579640650626946,0.2544297875791619,-0.38673833707768596,-0.24839383970744952,-0.08229038855892942,-0.21612796278723703,0.023777151219314858,0.118811676236088,0.04036775801707567,0.21997784554925243,0.12888173526192773,0.09008145270256195,0.2772176900559491,0.23604935803540897,0.0035390956399522907,0.235694832931545,0.24430492852092048,-0.18549791156900985,-0.22439665545087728,-0.15649083813348444,-0.07700831289669705,0.1176773084675172,0.15852457248706167,0.14592407196436308,-0.02946661305520543,-0.3424761779971336,-0.03051068304835299,0.19150847184327116,-0.2019786049066238,0.14120903871057938,0.06958790997752329,0.1340841868425475,0.09646672281236114,-0.1698772328492961,0.20951134321214232,-0.00421961679114279,0.05051110463558823,0.03246565628567329,0.05616537397267978,-0.11359027069192179,-0.012556761525050992,-0.13029797044909314,-0.21751253285252342,0.046413302236992804,0.2411920153842365,0.07825751411888703,-0.0707071215223985,-0.26824396546883056,-0.08509528069468532,0.08433632515225628,0.14372115949062947,-0.039042144604071675,0.34831680659710645,0.09209310623696676,0.2727316161186742,-0.21208322228905152,0.39247517610256083,0.012305499170950638,-0.3738447615848196,0.0053948406967940215,-0.08133119939136259,0.14532286524278326,-0.028205070093957625,-0.21360893701980513,-0.2589642785371008,0.13827485296719627,0.12274931469466187,0.14624361005524553,-0.24745049055339363,-0.28727412441452543,0.136072972603075,0.060187596610140774,-0.3223729536635354,-0.08296304183927554,0.12216594760536237,0.21971470163187204,-0.08087476891770624,0.14284511287090593,-0.3376279991272809,0.059378493059494705,-0.014416870984678958,0.3387295139204734,0.006542602566847796,-0.11747328957141959,-0.011176252264474565
Vermis_4_5,0.2902491470270519,0.3656365801881872,0.4704026090618675,-0.19706652995043206,0.2026834996321838,0.30965456565497956,-0.004827447739650038,-0.3053837813700709,1.0,0.47784349066707776,0.22602958067116843,-0.2812083304182775,0.19419579884674001,0.1769436224314458,0.15484123753109238,-0.2552476072989551,-0.15864896884590896,0.6472971893222196,0.1695975610749371,-0.030759443048229963,-0.5190446655024216,0.2799008646022964,0.22625597579885162,0.28602531583022534,-0.05199457057043694,-0.12519888765205103,0.18887074370397072,0.4750304534565558,-0.19290112625741385,0.05831583990471713,0.3343881403749803,0.05594046677336267,-0.2957548992066889,0.28469244910641966,0.09999501417439922,0.2726197455741634,0.25419030290383016,-0.08850416100501865,-0.0745308145041079,-0.19270632648100333,-0.0520893581257991,0.568263949842117,0.5571514985038145,0.39568953211859553,0.46599149908374193,0.4424377256488431,-0.3364112647069868,0.38587199371151343,-0.03138583968397922,0.003035520718167724,-0.43676562181141065,-0.0286196686787143,0.22864387998144176,-0.031624369418437895,0.27789684276879734,0.100071866453287,-0.2390802899888382,0.5552400422282495,0.4427447314727425,0.18706014011895272,0.6617325794940652,0.6125210623177942,0.09779055625293574,-0.3142306534178425,-0.07119910990555729,0.2399915309680633,0.26926791928218413,0.025687940360204255,0.2733791768818874,-0.17515811387336017,-0.05398194220558482,-0.13821104218797584,0.4383834206722116,0.6395790376478356,0.6232501428431007,0.017640065647015743,0.13070264990021396,-0.27969698050410874,0.1709754991779403,0.1324393812312414,0.5350815253741104,0.05274016109667836,-0.15922127560122812,0.21403608948064393,-0.07975848567212784,0.39702491475705876,-0.10568931192542502,-0.23302918656442406,0.4135674146720027,0.17560600734979,0.49177076863383423,-0.2513755819805223,0.23035767315648448,0.2755431218069575,0.5124491153673093,0.5336636429162457,0.3646696978643953,0.8217037316925045,-0.01970925070092549,0.39335433272770687,0.31692907814246885,0.20728696622939546,0.2565575469451991,0.2132259277128899,0.4449883909930408,0.34989931733498686,0.5519744064800903,-0.4567572563821252,0.04846613640040568,-0.2190693207486884,0.39798288386470126,-0.21768528362262252,0.46160204230054713,0.6363540792282149,0.4264894746194523,0.41291962029783225,0.2877272357991921,0.05645241677202017,0.33601655995328505,0.4565171275729728,-0.11702988370797464,0.39896263482329697,0.21021221784906863,0.7288988191272854,0.5863205656318426,-0.11426606744125911,-0.2660773989511443,0.736508845513253,-0.06965361147606937,-0.0006374895672653602,0.4991247008549878,0.5625295782500956,0.43241897654773126,0.4910235219308778,-0.22114560280174386,-0.06488683035353417,-0.060640008240028145,0.2805614999161996,0.32324298738276597,0.7016578113023918
Cerebellum_Crus1_L,0.32819061791701865,0.1023798990539174,0.3925824913885347,-0.26242103169954456,0.4952024557825764,0.36623150009138206,-0.12569659088710672,-0.28062637786796235,0.47784349066707776,1.0,-0.10519434503703542,-0.44551493951637794,-0.016187596880967804,-0.04475617197007628,-0.05933167719401117,-0.10681275001426446,-0.11446979008158306,0.31755764128153635,-0.21307141795500384,-0.26396204391436434,-0.4406883534748752,0.1781971492601122,0.12437466609137976,0.10576622447006229,-0.16644255704657912,-0.19813742222709302,-0.0929070957578694,0.121509300304349,-0.3954161363976637,-0.031986972983397276,-0.09945070172832554,-0.2804568129171763,-0.1966495062396614,-0.08584335111396173,0.00026388151082833194,0.23869666203799486,-0.12089324027739067,-0.11195343316661671,-0.30835574687443346,-0.391356381836359,-0.1949868539997684,0.23142294869873611,0.2868684822035791,0.03817419481529747,0.0499674866900513,0.4514358375239943,-0.16908161552166912,0.04948499064675397,-0.35201370637360985,-0.16612489291970514,-0.2758934355891528,-0.04294762660531596,-0.025892226855228538,-0.2742213224512537,0.3089901587940416,-0.11301491907585705,-0.42163036701266265,0.29438272323998405,0.3538885619158027,0.28282705742508746,0.3370691779515481,0.33457677044053774,0.11816827014507855,-0.0948444288363961,-0.09949515223426167,0.0934655654643702,-0.055577351237658244,-0.21321091937012962,0.06474523106249068,-0.17188879023312928,-0.16578541956164558,-0.35337259636847856,0.48448050418822625,0.2484745334133192,0.35152320428324363,-0.01887069883980672,0.003507220361666168,-0.22783091108566866,0.029902342279198905,-0.03042487337678434,0.2673079949656316,0.1851681048890027,-0.3700455636308012,-0.07832450182889883,-0.36705073166358104,0.004718083604781669,-0.3503627858141953,-0.2538701958447893,0.12569263921276153,0.09388302569543464,0.3252965603770494,-0.1947461871745333,0.09681190605346524,-0.032981796841837434,0.48283138414211607,0.2838183947614406,0.5291437439989626,0.35244632316190166,-0.050603836955290714,0.11129983936511517,0.05510420489036431,0.13696550375798455,-0.0044824486636391905,-0.0616276296954304,0.21711649435333347,-0.05496220307211469,0.2817995883438846,-0.38681311541157326,0.3745766842863678,-0.2920980092910525,0.3845336420795732,-0.298898722824908,0.173130135623304,0.3215446782447904,0.19728983355887486,0.2715421884117342,0.03411038166513218,-0.23901016476471904,0.23465973668944481,0.42390618176931905,-0.1511273946553654,0.07893531533814593,0.19444608793954363,0.47173674546962163,0.5488070177684387,0.07773748733955595,-0.12696745630461354,0.40892776669729236,0.07709984647791221,-0.11766015106620326,0.04415413292962419,0.06373941626445376,0.12142341926189132,0.3634032735154621,-0.17677596500302492,0.2069120731300429,-0.2744838231179799,-0.05016264178800375,0.2613596614186037,0.17912044637333557
Insula_L,0.2734382903291438,0.5084896947599377,-0.2549215095221943,-0.1261297003378838,-0.09745491120102513,-0.319963608303031,0.04587611522671818,-0.03211766480062984,0.22602958067116843,-0.10519434503703542,1.0,0.4714190995859533,0.3103783828867149,0.6410205809795001,0.721151195429174,0.2831263503301804,0.23883847341252112,0.3696140121444144,0.44717130293163965,-0.08044316831629207,0.2830726344416992,-0.1912792630768994,0.2289315972143273,0.17938665145751387,0.3304054672536784,0.2730541232588278,0.25869238923191307,0.13377646547103067,0.47385954083628407,0.37418980617048836,0.23117759656047446,0.816726959466514,0.27132686426782054,0.37088977134006695,0.4747003682986193,0.3148339248954137,0.24678414568052667,-0.08499425528122591,0.5957352971805826,0.5890826028260354,0.2717807626055449,0.5462610202940826,0.520709076524819,0.42531078597424105,0.14144643753138958,-0.026909822922465226,0.3333688165810208,0.20833100070032415,0.703647568428867,0.6927426209076595,0.2708497431559979,0.18389922474730672,-0.10739818351198009,0.4469263734848569,-0.1614608781078746,0.5156551111068076,0.37729990766908367,0.3704596374808418,0.2305730701760066,-0.006039127614097778,0.33719313865270906,0.08806361454357432,-0.017932724030413016,-0.2496191271843109,0.5158484210754598,-0.05323343826039135,0.7333823394807648,0.5123713139604588,0.45638443650192445,0.5004151298287045,0.5847886168557055,0.3571058331870222,0.04866896508113227,0.4038567223159269,-0.10785633292659254,0.0870260836183646,0.6764127754607663,0.4044334393824717,0.5622276575302961,0.5333900359156148,0.44455057342699816,-0.11124194411623141,0.4984201490064521,0.058699638778759465,0.6370188665801395,0.29880225442784913,0.7539150927224079,-0.08158533121241196,0.0797743339075221,0.34605072439177864,-0.022706942102711705,0.4954305619673567,0.41267633014272087,0.7369188049418528,-0.0174016094083353,-0.035775844485779494,-0.06749589208377078,0.3709860501807142,0.237242034743141,0.3781275138890354,0.5330063778284665,-0.2424210397071103,0.019060377498369894,0.8363405577660763,-0.17360328970055744,0.6647371884473814,0.5584426305605334,0.3381123958031432,0.010788070702778069,0.6425256135366676,-0.28869727268492607,0.4639048086637313,0.2378090675370585,0.23081097669063552,-0.1204696771773782,0.493041815818285,0.4035985833972027,0.7411782157222843,-0.003970587527629854,0.3264945217675313,0.645418921238369,0.40762640812864925,0.12958464712738146,0.0814374934783031,-0.19763351693909553,0.04791902485901106,-0.00662134540923918,0.223361851852121,-0.05690476188377897,0.6143488743779951,0.16602919578274525,0.2200006622167446,-0.05993849311403603,0.08451016382672923,0.4606691308605684,-0.23436831227285207,0.5588934522312009,0.5809173902290912,0.13778752381877507,0.399980636317111
Amygdala_L,-0.13426826236302675,0.32841283412473476,-0.5249118823860994,0.1415771378640491,-0.2253598927080051,-0.2178972811080862,0.12074855984099907,0.2148126115825476,-0.2812083304182775,-0.44551493951637794,0.4714190995859533,1.0,0.3796367428582327,0.46068556070273586,0.4272243704813687,0.3999229682261862,0.37838678137653037,-0.047801042451172185,0.06988980305995379,-0.12090841766579355,0.5984255233947194,-0.17623078761534797,0.22953285711820992,-0.23043042877441147,0.366028470271535,0.2968337527881233,-0.10149759069520727,-0.25845502053291214,0.7167785380189726,0.3594723288068239,0.2747507950226069,0.525530275474616,0.6530431632782447,0.3049976880910476,0.49913740034924187,-0.10560322187962928,0.3492942378867535,-0.034570520494137336,0.7756493693093834,0.5812861916120371,0.17460388028085483,0.16061754826968697,0.28030158951233985,0.40074506601155346,0.06533290959342541,-0.26740785299056075,0.5998774052310862,0.010867914852908056,0.7170913326645466,0.493770727864952,0.4663508074763984,0.062487300161936474,-0.17259250153864208,0.3017422619707802,-0.277737639374165,0.4822548976225362,0.583703755204103,-0.22511412388453209,-0.40582164022026973,-0.21662633161569117,0.017184464471605352,-0.3847520449442833,0.016767102422745903,-0.09096550596211807,0.13062090362947898,0.04609446785107901,0.33679965405574624,0.5917904458407202,0.18262213356235674,0.5395805574161463,0.5377783914031927,0.7157393654255141,-0.4716366301889996,0.0023246514404521037,-0.49305234418657967,0.1876267757356987,0.50418967319478,0.3060856613850781,0.2293709756828988,0.23109759799685226,0.12065931055730968,-0.03766978284361122,0.5729922104693307,-0.22792417546932814,0.5856566189303369,0.3297146877126967,0.7943895627795949,0.004460640784529358,-0.36739060425717757,0.007891798408779075,-0.49634838156213984,0.5665500610668992,0.08387540064149158,0.29390351128826164,-0.3269437853211626,-0.3712936473723182,-0.5554226258251171,-0.08227868068921633,0.1773220283647793,0.1736508778100143,0.3759361036322774,-0.1374725199472122,-0.16354471492719472,0.4266851091249305,-0.19558561573697217,0.5152779955386554,0.13903139425135547,0.7182973338949538,-0.17765645667814267,0.6744427368097309,-0.42189035049080725,0.6023138435093174,-0.23622091356211655,-0.3492154038770398,-0.19900865432158957,0.1924244069851145,0.3079541051772192,0.3826808760086497,-0.22050870848730092,-0.12683031265698325,0.6620521805857826,0.08549225277172831,0.1273454453268485,-0.5398846819808322,-0.6132806870757124,-0.040609357847636855,0.31035762014985235,-0.5389895689399417,-0.036464306800406014,0.3621070853194096,0.11579343762246526,0.11781615025697784,-0.29793400673362985,-0.5187167102742708,0.6103929574751809,-0.07655702170379869,0.768242541852835,0.6021619649030999,-0.2716277438404713,0.11957534034511154
Precentral_L,0.3550708140517242,0.8822443978738328,-0.06942175772420145,0.10388100651517751,0.07352502255487803,0.20626235119203026,0.036049869262149,0.22509037929396827,0.19419579884674001,-0.016187596880967804,0.3103783828867149,0.3796367428582327,1.0,0.7124890203932428,0.4763424778246534,0.45398630952981134,0.6031802639005572,0.22307790620043771,0.29003728341023954,0.13496647637597226,0.24777863777878442,0.42920678326350487,0.8270215723248145,0.2582306110945504,0.31176250106832903,0.05489591755421499,0.2786413896445427,0.24820229941732846,0.5053732539068483,0.8473880636302215,0.5224411153076702,0.2813841112034438,0.23881084617125867,0.7167889206834557,0.5945845831945326,-0.062430850255402834,0.3837815153839037,0.14502830535438377,0.6381896070525526,0.19573651414447346,0.07273862665188983,0.5951110813026007,0.48788516310381524,0.6599672688899213,0.6544507997116029,0.06999382470098921,0.4825584773397108,0.21448861472890962,0.5053491395337993,0.4850417451446867,0.3090100972261437,0.09635533574869462,0.051569576562027555,0.0679199446484009,0.009446285159512577,0.8295419029634648,0.3400296981467553,0.05995972821423008,-0.16020050579370743,-0.11938473244713292,0.34569404952937,0.13538297614606826,0.21796148884054647,0.028870265419260653,0.27709567646210537,0.4866629309999904,0.507022543632555,0.7505480519788026,0.5037908346969934,0.3849431017485376,0.5278921785717544,0.40270533285480536,0.01616768516812978,0.3145703466872589,-0.004879139956583399,0.3601467361266104,0.6194878549202048,0.16530605839124374,0.4984053846771022,0.15182563752439426,0.2933268621237596,-0.08882824269314767,0.4755431341587833,-0.173700658035377,0.542488385887458,0.8619375609951394,0.34955962906668364,0.03263215220242312,-0.024181170742054812,0.4542475281711223,-0.004147425265731219,0.3439822250493295,0.06837511003518577,0.4296391937029252,0.08135477854124319,0.04253479556732619,-0.07712249094038867,0.24013819412222845,-0.03662861072126133,0.6591272355423622,0.6213296826130323,0.06915530192012925,-0.10093851400727549,0.3813088264715056,0.4901563576011911,0.7093298780946182,0.5730194048312008,0.28236338713268344,0.279710705196999,0.502971680185844,0.01914217306178197,0.5065029325465189,0.16611068291428954,-0.23171934417279172,0.3981101213054665,0.46253951334845644,0.8434154534562059,0.075233642280335,0.050217542244419336,-0.15724844869259577,0.45975644753748907,0.5757007630058544,0.7815225961880223,-0.007138815719964671,-0.007583577560141414,0.003026222946272648,0.3629213383465486,-0.07295611268460044,-0.16272061936166224,0.3615721762006723,0.6005728296591344,0.35165228975724355,0.2543324858400111,-0.17833395261092683,0.2069765923601939,-0.10341353672390667,0.6211174113294662,0.5850405457370111,-0.27571114298116284,0.6440988788733558
