,Cerebellum_9_R,OFClat_R,Cerebellum_4_5_L,Occipital_Sup_L,Vermis_4_5,OFCant_R,Occipital_Inf_L,Supp_Motor_Area_R,Frontal_Inf_Orb_2_R,SN_pr_R,Paracentral_Lobule_L,ACC_pre_R,Thal_MGN_L,Lingual_L,Parietal_Sup_R,Putamen_L,Postcentral_L,ACC_pre_L,OFCant_L,Thal_AV_R,Vermis_7,VTA_R,Thal_LP_R,Amygdala_R,OFCpost_R,Temporal_Mid_R,N_Acc_L,Cingulate_Mid_L,Pallidum_L,Cerebellum_8_L,Frontal_Sup_Medial_R,Lingual_R,ACC_sub_L,Frontal_Sup_2_L,Thal_PuM_L,Cerebellum_9_L,Thal_VL_L,Cerebellum_Crus1_L,Parietal_Inf_L,Thal_AV_L,Frontal_Med_Orb_R,Temporal_Pole_Mid_L,Cerebellum_7b_R,Occipital_Sup_R,Thal_MDm_R,Calcarine_R,OFClat_L,Cerebellum_3_R,SN_pc_R,Frontal_Mid_2_R,Fusiform_L,Temporal_Mid_L,Vermis_6,Cerebellum_Crus2_L,Cerebellum_8_R,Occipital_Mid_R,Supp_Motor_Area_L,Temporal_Pole_Mid_R,Precentral_L,Thal_LGN_L,Angular_L,SupraMarginal_R,Temporal_Sup_R,Precuneus_L,Occipital_Mid_L,Vermis_9,Thal_MGN_R,OFCpost_L,Precentral_R,Cerebellum_10_R,ACC_sup_R,Parietal_Inf_R,ACC_sub_R,Thal_MDl_L,Vermis_3,Vermis_8,Thal_MDl_R,Frontal_Mid_2_L,SN_pr_L,Caudate_R
Cerebellum_9_R,1.0,0.008734932863661584,0.11919381487384115,-0.016250466879853383,-0.2035676586779154,0.1812225076830991,-0.12071318245880204,0.11109570808774998,0.1808325607321103,0.2900723065971975,-0.14492711678233308,0.13169261376711114,-0.1735195422231862,-0.33286042316780623,0.04315950768756678,-0.19974370435542046,0.19838991140745346,0.2906039536289123,0.278356567579276,0.01172035244186876,0.4869518704839852,-0.19540225131206973,0.12338342656381587,0.1060034952150072,-0.016310078428363066,0.05305710119527329,0.044093200515931005,0.16203431501180482,-0.2328656221845289,0.28331116377521254,0.20817168271415787,-0.2834532377254702,0.12151051843788134,0.27035216878420354,-0.15161796467741714,0.07353599992226463,-0.07089745016659667,-0.03538368448102226,0.05308097569312704,0.25853117618939403,0.12490493503094616,-0.35348445371967974,-0.27429899175760614,0.1326392771148045,0.11492987574008426,-0.34654512174709284,-0.17638122806022102,-0.12865375678599184,0.16609571857681416,0.2735578727372713,0.0603365653443067,-0.10625322368386922,0.019790401577465505,-0.1359075983723744,-0.13973554093195803,0.18821504113441898,0.06882471270768128,-0.2529420421650058,-0.051676157351085696,0.2221256918445911,-0.25267077111038094,0.07880246697470364,-0.03750937562203715,0.1461753682322424,0.05065140470179685,-0.2861196299290376,-0.12566473084750324,0.12778206277563137,0.11405790961409255,0.1837425172877024,0.23842134695596892,-0.048089627780246676,0.0394621227180247,-0.023930056158782607,-0.29173696864195775,0.47291679424362076,-0.04368894906694977,0.1431811978855662,0.056438180021074945,0.25185901263765414
OFClat_R,0.008734932863661584,1.0,0.2866520081946791,-0.062109042564067476,-0.0870347619628501,0.12259179881911052,-0.10609309462907658,-0.09331810639479077,0.4538400213801763,0.2969895217590132,0.035154354337243614,0.29505464070511245,0.009480707698823893,-0.20182099120128097,-0.37388649675107655,0.20514193583953472,0.008200870486936426,0.45188912133971965,0.33506640180573954,0.06981915021251166,0.06718691915102039,-0.23492202459753012,0.1760171921703973,-0.05630656767519008,-0.07019282759851647,-0.20587933832321337,0.38114460964327584,0.037069374721845065,0.035952960143760586,0.0061414611762288344,0.36761979275895706,-0.017427383433484316,-0.03889620712451698,0.17215545627559373,-0.07649808263494502,-0.4278279819445786,-0.2280558859301551,-0.08411277355287111,-0.12216620925804657,0.18259201095019784,0.14222646575279413,0.10851970851519804,-0.139470339558136,-0.07979242718050532,0.01573936111936305,-0.11113783737923959,-0.22118998817798863,-0.1498031341816138,0.2815728775974314,0.24997276471460225,0.14844907358384285,0.12107711301907063,6.568050998678293e-05,-0.13966396797565306,-0.2908238118591712,0.15754956713912593,-0.30880084212297504,0.3032379454110456,0.08291928224138194,0.4979895628025451,-0.2454752319879244,-0.25725386134541894,0.14329664791619692,-0.2800701781827265,-0.37746808507217106,0.09264503709959299,-0.3392673003304229,0.2880823816626669,0.02158496179947313,0.5257382409658201,0.3642560819614934,-0.4353721026864112,0.20878911885428206,-0.38039963010947425,-0.20827760541162427,0.06223093739353773,-0.09460432209510805,0.22204630372414993,-0.3137625598707866,0.3798059705059508
Cerebellum_4_5_L,0.11919381487384115,0.2866520081946791,1.0,-0.3289558563754471,0.3378499939220589,-0.29092264880972296,-0.15914016651287516,0.13275313742310865,-0.09129166379415307,0.13585776714564415,0.3684313656639208,-0.17505310091255574,0.21935046035694916,0.36969539774954907,-0.18554038815388219,0.447921836027323,-0.17396261922416464,0.07256643340537652,-0.1008023031085235,-0.10818379423612368,-0.06944160374578634,-0.44067864776758914,0.19674100908403314,-0.4770393441369612,-0.41722723363200914,-0.2353877938944072,0.06338472936382639,0.39174293026844753,0.2815234114374941,0.19862624218105235,0.19379691181733458,0.4147625430250252,-0.28916582475169333,0.029655273736540286,0.1145853348796497,-0.16912797412391356,0.27383519732734657,0.435219644251875,-0.09445459680350717,0.35670856983331084,-0.260233459644532,0.024925168845455037,0.14191351916649045,-0.164332826011249,0.322570414865156,0.3355347597657051,0.04811807168326158,0.2935265591872887,0.13651463144161707,0.2175116531336855,0.7232071514879304,0.2565999052843342,0.031835904528779234,0.3919411313858628,0.013443319542339858,-0.3473438913576643,-0.09901478803163606,-0.0035203194470702147,0.14135817067666687,0.5703831183281545,0.31725024330719964,0.16892624280606114,-0.023175666076553494,-0.07888469732427786,-0.19917689377915215,0.24208163103928382,-0.2477082999364487,0.024633047259054207,0.11096177727786875,0.3100818628013758,0.19701790552388287,-0.04788692194984545,-0.08047451024899177,-0.0325170159458479,0.3433351045287215,0.06935809767956144,-0.1388957474128881,0.1782336493809741,-0.27610339797675343,0.16899050402581176
Occipital_Sup_L,-0.016250466879853383,-0.062109042564067476,-0.3289558563754471,1.0,0.03387002187062941,0.0711981835366542,0.08969599397686112,-0.21757606413744557,0.0666091470788134,-0.2691104379539158,-0.6113761391646614,-0.12645289771825274,-0.30652594236185854,-0.19526986024189685,0.3261633082827536,-0.2913788529925123,0.4514184001889355,-0.09849252626321049,0.16367861885511537,-0.16502463191688377,0.151643375599326,0.08116582443853014,-0.1960675102395556,0.04267635537504425,0.0618030696602832,0.29751238344726616,-0.34200346271008086,-0.12313187531212763,-0.3088071528554657,0.10914366120870471,-0.3314046939981684,-0.14734149846130407,0.22283854732752909,-0.19631331141930922,-0.1282238806279246,0.2511235283786749,-0.11302026965579844,0.032395307039475775,0.6498779690856864,0.07242702190118433,0.33586436568578415,-0.01705796282685133,0.15035096828821964,0.4818997899978524,-0.15919699461221848,0.007299645819991537,-0.20197748813041203,-0.20609899756995567,-0.294409556151625,-0.20808808573977322,-0.10471026462507675,-0.08588507734675382,0.07956789946382195,-0.33450415960518853,-0.014639910219665939,0.3395952747868914,0.17551773033424145,0.08291121584999975,-0.23085577039981017,-0.2483918617429858,0.061644733394687685,0.04648187228401685,-0.03199785215163708,0.38923575965334717,0.4413368985966737,-0.006034185050111887,-0.087033457581411,-0.13090457679196107,-0.13395557466489866,-0.24851527844985222,-0.3172154053569317,0.23362047088253185,0.049268687834673884,0.3575722091668659,-0.24133129677096657,0.19075596344567206,-0.03426546930334551,-0.24779648246530672,0.4132305275816824,-0.3073600284126955
Vermis_4_5,-0.2035676586779154,-0.0870347619628501,0.3378499939220589,0.03387002187062941,1.0,-0.144605282554954,-0.27560795340717575,-0.09120272401275975,-0.08682868518616593,0.04270961015651061,0.09104235431637676,-0.27192714992439965,0.3655517297837987,0.6539906071822704,0.1370438894936444,0.04398778630768375,-0.07954113072436622,-0.22838788735716262,-0.13934072557576593,-0.1223266695472076,-0.1184531418905755,0.04810736813264201,0.020783233572480044,-0.010259050523788182,-0.08923403968092274,0.5371818633030143,-0.0913086932453897,-0.021195163245957046,0.09509117721120584,0.13283475721980065,-0.22758068899934442,0.7791048859432711,-0.21413946855364796,-0.3899762492404508,0.3180366460822742,0.021060852250790147,0.21965225990201453,0.10674891619812367,0.07932425246887399,0.08030206090866931,0.16580774801522222,0.12026834189453763,0.6090381773443472,0.24478508139439004,0.21375127988354414,0.6577407065823019,-0.1441773321510254,0.188896514744347,0.01205707427157936,-0.05371573346740986,0.01025443985107516,0.01426274251711713,0.6137073986610377,0.02241470749326381,-0.09285950846475839,0.08669320408858534,0.0005645256408290019,0.21267356487086958,-0.05683035681105871,-0.25594785326283215,0.3006783564425667,0.38736217769269154,0.46437457621270367,0.19968650787014597,0.2784801141849244,0.5430936258532114,0.17326810969742787,-0.18600646739475962,0.055699915314407725,-0.11525834139320687,-0.2535702415453939,0.23611762851280937,-0.08854823179857031,0.20933444383335573,0.26010823639031755,-0.20306097850532945,0.019362706235118102,-0.21983487993090203,0.13290200826701487,-0.08721715439534973
OFCant_R,0.1812225076830991,0.12259179881911052,-0.29092264880972296,0.0711981835366542,-0.144605282554954,1.0,-0.04807631446743325,0.05332860401390015,0.7642255442724492,0.4003681009902781,-0.2303531129083783,0.6287331730495463,-0.13815872381720112,-0.4999026064234438,-0.11769525795059718,-0.18829217118271033,0.1687970429056084,0.5500006244075492,0.44378818481543497,0.2129193998816572,0.5788198067602792,0.14210553363981593,-0.1427935808028982,0.5178770448002481,0.6195243375702958,0.31596546533928,0.40766534071874405,-0.03415812759921173,-0.24722017094368287,0.08935439188839374,0.3434326167956324,-0.3525431301954618,0.27662182072410485,0.3401977361438016,-0.18100972837077453,-0.30263442348551217,-0.28141211094839125,-0.4292112367933578,-0.04667405216021637,-0.13351702886801797,0.5146272737688188,-0.05397148665165247,-0.24268206110213078,0.17242850669696536,-0.048367784575076664,-0.6014790877287232,-0.027346829941128577,-0.3309634472180373,0.3706117325276045,0.39814860694971743,-0.2678265556720919,-0.4464671792708554,0.2081092784418136,-0.4764628127370344,-0.4968355449863007,0.5018113741426217,-0.12455440349390709,0.033535240334646166,-0.17164809162538675,-0.119008996560237,-0.5923033508172606,-0.05918597295513802,0.4459088645337413,0.0670723134746817,0.1603484285568925,-0.16877949613338014,0.039553580712280434,0.2329907483563445,0.0977655806432707,0.24337799194657528,0.41282619879557586,-0.2771066081056803,0.1150263221397144,-0.30248141835077086,-0.4845501507018639,0.3435476699754857,0.1185199217654232,0.20016340524887674,0.06684236520479535,0.4874496272866586
Occipital_Inf_L,-0.12071318245880204,-0.10609309462907658,-0.15914016651287516,0.08969599397686112,-0.27560795340717575,-0.04807631446743325,1.0,-0.010323889158414142,-0.19154675871337776,-0.18225873125094708,0.00810080408155491,-0.11494979775320177,-0.07245143620025553,-0.11695058579730824,-0.011829290832702372,0.10887463221120243,0.005429019399415546,-0.10147722910212027,-0.15552796128471544,-0.1356697109363668,-0.18433283130324557,0.0365637221682901,0.05361254777991271,-0.17890016495832642,-0.16661446656802878,-0.07401839273835892,-0.21576082093982224,0.08685320028322442,0.12204106277425386,-0.010999923054192375,-0.02907909752291081,-0.10371281044001479,0.031115354607939974,0.03075140696396046,-0.053147319239799984,0.11021469971096742,0.16220793885622922,0.09685755327427623,0.08937500921391611,0.025316909514301704,-0.13933052018341974,0.13613751605883234,0.0888480704985504,0.04312482912293764,-0.11810572540700395,-0.040193399960149284,0.07373810904725128,0.15578846410251135,-0.2126961781608236,-0.15215603563433058,-0.08192830857746182,0.17555730516702717,-0.09158948981853691,0.19884807394087137,0.3441264204027246,-0.09204095688580076,0.061012473356613674,-0.029370118818328395,0.04366680531428004,-0.11837898949901514,0.08151201925832088,-0.03192336086968336,-0.20531604344592594,-0.0009979941753461435,0.008530707232868029,-0.09255710034984214,-0.01527081330864087,-0.16597407312945275,-0.12937525327734525,-0.11340079320257741,-0.05840693012745029,0.03381917046872145,-0.11697297092736958,0.10180923567567332,0.11819684848231365,0.03976179025322242,-0.042355943719768314,0.017784237323159043,0.13393954369338443,-0.11891876898377013
Supp_Motor_Area_R,0.11109570808774998,-0.09331810639479077,0.13275313742310865,-0.21757606413744557,-0.09120272401275975,0.05332860401390015,-0.010323889158414142,1.0,-0.0845024114591475,0.02628749340898718,0.5513482311048051,-0.001908750257114501,-0.07388250388390973,-0.08699366213505624,0.35251503416752156,0.02972845017628431,0.23440639692184412,0.007769119370659626,-0.10925712260204484,-0.03945343750650832,0.06940842096055803,0.162944551354258,-0.10121144080113668,-0.0728326027126236,-0.010774867242850199,-0.062082806024239656,-0.06291894418141633,0.6804004411877739,-0.010270279782340613,0.07033333165466622,0.5661885930169701,-0.10964104398830612,-0.12300367682186102,0.5479048990390002,0.06904570677684986,0.17263997666827888,0.32276090338197033,0.10225032830027654,0.1154917493805316,0.2626722788988142,-0.15110533615013183,-0.24321115910074032,-0.24686425799739342,-0.1831319265079358,-0.06867619507405737,-0.05349029493516814,0.15674566264135908,0.17780495073597458,0.21746876849131871,0.5659171552777664,0.21033778054112096,0.011922635617411975,-0.29837753528746475,0.13536956546416232,0.1673514000977627,-0.2736645408665539,0.7195757257196818,-0.304017922604446,0.3096137444153377,0.0966446337979419,0.07051342757900605,0.45356847361262326,-0.027310687849123483,0.36542739066474195,-0.019546223560147912,-0.21639064256381044,0.28519305129040873,-0.04899291303242095,0.7625859576007528,-0.11458380828682245,0.35740914476193286,0.45979485046079205,-0.07555218842974093,0.0429088448646666,0.08825326749807055,0.03857620204162583,-0.04465994373311342,0.5291172483464773,0.16975649021486292,0.0630865472925396
Frontal_Inf_Orb_2_R,0.1808325607321103,0.4538400213801763,-0.09129166379415307,0.0666091470788134,-0.08682868518616593,0.7642255442724492,-0.19154675871337776,-0.0845024114591475,1.0,0.6768943596414464,-0.2651578853244435,0.7336588018582719,-0.11017423722664225,-0.5042719070563001,-0.23605678329391705,-0.23341328703532527,0.15929583293144056,0.8030008614180046,0.7590311299900534,0.27868760401010273,0.6547289136064233,-0.027059865918292896,-0.009313149476772776,0.6074863240023934,0.5137300656769039,0.32045229322565116,0.693242934055151,-0.12331810566117485,-0.35167543095698617,0.07682904275687263,0.4475024299991556,-0.2184240273821521,0.23339376261786068,0.4593412040230561,-0.0942839689344517,-0.5248138647482292,-0.4272887251171112,-0.5712537717615922,-0.1490290427019179,-0.08583945406802988,0.6740568134515854,-0.21737772094731314,-0.26246748182310675,0.2788980789308071,0.042034967262136604,-0.5554628437573562,-0.3638793953765616,-0.4235515030488332,0.5543946050601587,0.4403885118223905,-0.2737437358379886,-0.5597228132662226,0.20211527603407636,-0.7054226598712834,-0.7457809556247953,0.7068166521228341,-0.31971077303236023,0.17292901134406363,-0.12346982508125127,0.26432936576661836,-0.7791299940131641,-0.10042026216502431,0.6377678432318865,-0.0659422969899107,-0.032848493752048284,-0.13780913622103827,-0.1845362038815495,0.46967109393786505,0.11350551000687774,0.5322763148156427,0.5924160742454961,-0.4377079262709588,0.16640162242872564,-0.5265926668088372,-0.6016836151787058,0.38549936626067893,0.08186839727743556,0.27933075715881917,-0.16555270983785672,0.6795426596069842
SN_pr_R,0.2900723065971975,0.2969895217590132,0.13585776714564415,-0.2691104379539158,0.04270961015651061,0.4003681009902781,-0.18225873125094708,0.02628749340898718,0.6768943596414464,1.0,-0.017358802590993126,0.44062421939349145,0.005436156123578593,-0.2400983941963508,-0.08224754602762406,-0.24511006542058264,0.1340386697074468,0.577349213225304,0.5372383901839728,0.19159729135185344,0.5631598910143265,-0.13839604012480453,0.1491107049975026,0.5067992823968286,0.17050204047209078,0.2540658949557092,0.6210093301211809,0.04367392706082898,-0.330070293997011,0.13925953110583353,0.4369867380397047,0.019315695858658475,-0.04263457585082399,0.4640696973821924,0.009152236156879238,-0.5166987869754051,-0.21625978525242237,-0.5628534464084098,-0.18848474526552503,0.039515103653611834,0.5069677285797931,-0.40556249504770114,-0.1546087491459916,0.1714227999096674,0.20312429917305894,-0.34521047115513986,-0.4765842701255907,-0.30917374486332383,0.7229640397080982,0.49018281942910624,-0.24148131999602065,-0.446615086014303,0.2358105038695742,-0.5593543012659077,-0.6455337653015072,0.5246930941603632,-0.1448101265367003,0.009613223066183823,0.013099040427286887,0.40025189758101926,-0.6078968216010896,0.09267582971732512,0.5927772129142931,0.015175363041451683,-0.08716176874972015,-0.17705372317278817,-0.21770800163309686,0.3308541293405012,0.2071702403494524,0.6583680392327691,0.5547677241028508,-0.2518301033628121,-0.05910321568841946,-0.6012128360913834,-0.4664750686776302,0.35660765659502874,0.029685952288825052,0.32955050303530575,-0.2851218137771025,0.6629932625285012
Paracentral_Lobule_L,-0.14492711678233308,0.035154354337243614,0.3684313656639208,-0.6113761391646614,0.09104235431637676,-0.2303531129083783,0.00810080408155491,0.5513482311048051,-0.2651578853244435,-0.017358802590993126,1.0,-0.055157255994151125,0.4524516071258429,0.45688066630135943,-0.13308684732815368,0.5059596026267422,-0.15569335744094626,-0.09467398136432331,-0.23138956105925504,-0.02023846451199128,-0.45907104851464126,0.01717726960490895,0.1890473340587576,-0.3335274147211052,-0.25567968923800083,-0.20728734002900168,0.10630013325295475,0.4058214203319583,0.5556950297071572,-0.14581594670774398,0.3106500519186181,0.35507649663433083,-0.23238046581937916,0.25977319470352195,0.46710863634901423,0.07599929120581422,0.4233055090445191,0.17300751888716437,-0.28705234876892405,0.05937395601025521,-0.48554005342531814,0.29444700127439366,0.10256548193831436,-0.42162771238218866,0.20355992108500787,0.36339512147247743,0.34194104938779274,0.530911786493563,0.013930773806255396,0.18430646962265113,0.18527324283373053,0.3225175107243386,-0.13771769334128786,0.48845559301647645,0.38054735259122546,-0.464564988882686,0.15200593933318488,0.1055322214764443,0.6639346773462605,0.16013367263218672,0.34182427123978626,0.10182441324040097,-0.04360624266612921,-0.09610919251900843,-0.30208731575888026,0.27655447666833105,0.21595802829881908,0.09525414913991181,0.5560930548607438,0.017000709531107987,0.17316933982541483,0.028165371955941702,-0.036347311545009336,-0.01040499776391205,0.5643960492717213,-0.354684198457537,0.017943376884378016,0.4198039682747437,-0.15097533482216716,0.04520366097660179
ACC_pre_R,0.13169261376711114,0.29505464070511245,-0.17505310091255574,-0.12645289771825274,-0.27192714992439965,0.6287331730495463,-0.11494979775320177,-0.001908750257114501,0.7336588018582719,0.44062421939349145,-0.055157255994151125,1.0,-0.011752417350782083,-0.4986616536172097,-0.49336221940794667,0.11218628920197896,-0.13901233872710028,0.5601766067231791,0.5022603922276974,0.5858938940389216,0.33882411897903053,0.24713317237905885,-0.07199484261036129,0.4922248697959764,0.5876963478357105,0.022108120238413975,0.6776082440911527,-0.09534589948004996,0.04774477192870829,-0.003881969675120731,0.4804938151524463,-0.38063804522604877,0.21962074726278308,0.549215701583481,0.001737502233206923,-0.4500137439616276,-0.19116851826711642,-0.34503231066948903,-0.4349671448738712,-0.25439704092131293,0.20818196030806563,-0.018687436263323875,-0.4234504795172841,-0.22104310526479118,0.2589577896143283,-0.6006252242096405,0.14705546897468944,-0.08407360006638741,0.397496806138294,0.3177616062626608,-0.10623854877740417,-0.37847440569680185,-0.10236770205748115,-0.30341644825231723,-0.42141303422796556,0.2689340301202661,-0.4018373495683874,-0.021088444883479513,0.002009542837827697,0.1380003386909279,-0.6786300865992483,-0.3319684762027319,0.2633969760309359,-0.41774532500219047,-0.30532277106683897,-0.06279603526098801,0.166114438218863,0.5024474877224009,0.0583906928012526,0.33398950747899286,0.5734314422207251,-0.5632267241794451,0.021546079538990622,-0.31154910131487334,-0.2435553688830264,0.1581625192881728,0.29767181168291373,0.38377580269130007,-0.2437799055061496,0.72793382782136
Thal_MGN_L,-0.1735195422231862,0.009480707698823893,0.21935046035694916,-0.30652594236185854,0.3655517297837987,-0.13815872381720112,-0.07245143620025553,-0.07388250388390973,-0.11017423722664225,0.005436156123578593,0.4524516071258429,-0.011752417350782083,1.0,0.5440890326869616,-0.33332755544408293,0.4082452300237055,-0.35684810704141895,-0.11439619221576094,-0.09418354436170082,0.007151439650702738,-0.38133866036040165,-0.006116082447450777,0.13654137402182026,-0.20016889535428023,-0.1594552676233851,0.17502602033551434,0.05879210222821422,0.04450770696834735,0.5461202099835564,-0.02035385084033862,-0.14994892612359295,0.5320673119923308,-0.12198733725953552,-0.12448007989749738,0.5421908548516868,-0.10409768556333186,0.3809512952934836,0.0027777441452661177,-0.3558951857442962,-0.018800208972708378,-0.24117786230741883,0.4670461837999918,0.3355150195035402,-0.11839920140404768,0.2890182329984319,0.45056954903804836,0.22017337615614915,0.5301600813322667,-0.05587671118111786,-0.14523357493330424,-0.09716111469533818,0.1937350979859642,0.29736666764377795,0.261890020512678,0.1333212289262668,-0.18521724654090713,-0.24791018470986664,0.4508182956536848,0.3649270808861568,-0.09398816780604204,0.21772421367121486,0.04600718671330748,0.20655009107467645,-0.24640828886215432,-0.18931225958641862,0.45838041257247225,0.27416599035538086,0.191178178874399,0.1346638224955915,0.07660557397274649,-0.04015781174874041,-0.13532287613653834,-0.07571055866513451,0.13709975641663452,0.5182955448398033,-0.334433726153327,0.09688853766188431,0.06972177133988311,0.08963638016671271,0.002260974468767134
Lingual_L,-0.33286042316780623,-0.20182099120128097,0.36969539774954907,-0.19526986024189685,0.6539906071822704,-0.4999026064234438,-0.11695058579730824,-0.08699366213505624,-0.5042719070563001,-0.2400983941963508,0.45688066630135943,-0.4986616536172097,0.5440890326869616,1.0,0.0015253571981316898,0.39759004146968857,-0.09338645015545934,-0.4600297607541024,-0.4025600681792082,-0.16825153181148392,-0.6135769714191444,0.01748481491747217,0.07603592432438518,-0.3553596577811085,-0.34976432296860843,0.06912248862137874,-0.13622707344048599,0.038180359510085186,0.5193470346331676,-0.11380209253953492,-0.43485024271180617,0.8368230013386155,-0.31682674171301317,-0.4212898938014588,0.5890296852840193,0.2430687098242055,0.3980968494137465,0.22661591777645113,0.08279892997067109,0.03992942749112287,-0.312642011244111,0.4432736289534261,0.6023399703895003,-0.07060234645818544,0.2598961010266407,0.8702723107352962,0.18038091853670044,0.5443931672197376,-0.18564613016784584,-0.24881044195324367,0.092764718625772,0.3955668960327701,0.2524018049770678,0.41313862722284067,0.3641096992079773,-0.3418261201546185,0.005190113303309834,0.2836663942098314,0.40015668590363274,-0.11956752980762375,0.7189401444466599,0.07110543360813824,0.035044552639315815,0.020915236231848346,0.09878684634615935,0.5800269564435019,0.17518867309597408,-0.12609280019166577,0.08692277137575095,-0.12339674724592352,-0.4178878800250021,0.14458289206134914,-0.054342645096463804,0.29368023951625405,0.7133361924736759,-0.5387794223671085,0.08787288143307967,-0.12066064055871147,-0.08121452148906297,-0.29969180028141956
Parietal_Sup_R,0.04315950768756678,-0.37388649675107655,-0.18554038815388219,0.3261633082827536,0.1370438894936444,-0.11769525795059718,-0.011829290832702372,0.35251503416752156,-0.23605678329391705,-0.08224754602762406,-0.13308684732815368,-0.49336221940794667,-0.33332755544408293,0.0015253571981316898,1.0,-0.5663989075522539,0.519872687625682,-0.30503156086764405,-0.10176810058658693,-0.29467765699409426,0.2489544796076056,0.1245105046363136,-0.20133156394844406,0.13513711864446473,-0.03534902442741872,0.3222536260248724,-0.44831773042174405,0.16666592573089947,-0.5110466007295935,0.018221943745956374,-0.11192660948384246,-0.018905220000948617,-0.02404317762799303,0.04733425564760347,-0.05618820949374847,0.37570413343983916,0.08255741072941596,-0.04565852648563617,0.6120236668845924,0.06789306236131706,0.23438571791078797,-0.4362677749817859,0.16524514367532686,0.3776177911101751,-0.32149253413299644,0.047708348959033316,-0.27092856935632736,-0.3063640840006674,-0.031199398490478092,0.09653207785742499,-0.15737469298121984,-0.084868951943012,0.021446987008551476,-0.2871366955751812,-0.018448252729250127,0.12112475198359596,0.7461642836869036,-0.18692419909066116,-0.0879450554369396,-0.185211037051013,0.21120505776822734,0.6087902865262266,0.05962841037264822,0.8972776193660681,0.6106256460108324,-0.35469731954070177,-0.005024895383454589,-0.2684970017597112,0.3026675065778088,-0.30316317578982455,-0.25018279947947264,0.8752435422226599,-0.07692884216679159,0.19410906478396192,-0.2701854974353871,0.1522833077856616,-0.15060185342486293,-0.04384722982581209,0.3471815162465921,-0.3996832016356901
Putamen_L,-0.19974370435542046,0.20514193583953472,0.447921836027323,-0.2913788529925123,0.04398778630768375,-0.18829217118271033,0.10887463221120243,0.02972845017628431,-0.23341328703532527,-0.24511006542058264,0.5059596026267422,0.11218628920197896,0.4082452300237055,0.39759004146968857,-0.5663989075522539,1.0,-0.2724680577277812,-0.05450577630019754,-0.2800383226237592,0.22377636983326596,-0.5647584572088028,-0.03234385620576506,0.000626883247243711,-0.4969755891647726,-0.21231293795111378,-0.4362210402355896,0.16563467127894788,0.29321050840221613,0.8731114472473529,-0.20895561470425114,0.06532896132808771,0.2277922925754149,-0.20853499369895662,-0.0005995554060996917,0.4211412749946041,-0.04739602768802709,0.4565753559661966,0.4143957662808804,-0.20511760727230227,0.029999875191328598,-0.5999465853480074,0.6537198311774127,0.11428528327116103,-0.5037267341993765,0.35038452486055366,0.34401090146057656,0.5988609542755503,0.6348389101347524,-0.16812236943352293,0.015385684473775996,0.4743384855700244,0.5020250620802721,-0.13046684194775857,0.7025216650347376,0.40911627944154993,-0.5747862721893044,-0.27827393883390233,0.19126575816128938,0.49915230142407624,0.20921811059732792,0.46215083395595247,-0.36033772477375553,-0.36629768173551414,-0.45465824916903297,-0.3361140053132579,0.4506767871809405,0.18846670263823673,0.12050278564844023,0.057135679846930236,0.05735814877532298,0.04494542025421143,-0.3721425201805801,-0.05600073751138226,0.1694698922504758,0.6885013772681348,-0.43131946305621954,0.1405409330188104,0.3614119692906859,-0.3068213025978983,0.20344858414692865
Postcentral_L,0.19838991140745346,0.008200870486936426,-0.17396261922416464,0.4514184001889355,-0.07954113072436622,0.1687970429056084,0.005429019399415546,0.23440639692184412,0.15929583293144056,0.1340386697074468,-0.15569335744094626,-0.13901233872710028,-0.35684810704141895,-0.09338645015545934,0.519872687625682,-0.2724680577277812,1.0,0.1617639333726139,0.2573241123243948,-0.14613919644123885,0.32823698653178845,0.003934970884230788,-0.0846382004875236,0.1613144367404103,-0.02770028214629427,0.16078024329826693,-0.01950661125685869,0.20892702033347305,-0.2668575013046919,-0.12009524776846874,0.07708975696849223,-0.1258305015960935,0.04619162639214817,0.2907861371254109,0.10465121040952903,0.243996801053805,-0.10062299685422622,-0.3085506129763265,0.8262087037907222,0.16922719100865521,0.40240583164548993,-0.1521859552801283,0.038774257819703506,0.3472352682301871,-0.15069804556619365,-0.11425762585122683,-0.28026537635749366,-0.27347099640486905,0.1449451396579904,0.34798037865901715,-0.20447365861925088,-0.03502288847637993,0.017219277370508716,-0.4081822597615695,-0.09693375944001457,0.35667551160308203,0.48197430484828263,0.03468249213701879,0.3850284090014298,0.1448890696448309,0.08651346532346979,-0.018136498657953304,-0.0053835681807956545,0.6541734184509658,0.49340094086666975,-0.2318626272328427,-0.17270773546128132,0.031242240354033647,0.38451151949963297,0.1306953300044168,-0.022767253735683984,0.20477979451355094,0.2001726987995503,-0.015212116495436799,-0.3322853068001353,0.2181250755355665,-0.0629888099313138,0.3305909348725777,0.18500840366430038,-0.05173133774617078
ACC_pre_L,0.2906039536289123,0.45188912133971965,0.07256643340537652,-0.09849252626321049,-0.22838788735716262,0.5500006244075492,-0.10147722910212027,0.007769119370659626,0.8030008614180046,0.577349213225304,-0.09467398136432331,0.5601766067231791,-0.11439619221576094,-0.4600297607541024,-0.30503156086764405,-0.05450577630019754,0.1617639333726139,1.0,0.7528897949709232,0.10747063165688542,0.5745065152307507,-0.3084631396527417,0.10618918258080559,0.32119413143112363,0.1535239728070531,0.11712453608661953,0.6403070208110268,0.030977475201372957,-0.17928033586472644,-0.03504055527830517,0.5758456343856054,-0.24206312360504043,0.26529361135354457,0.5087554631792428,-0.10473320092098375,-0.41858531637922497,-0.4149061307009944,-0.4657215477065358,-0.17297077053337587,0.010986176530097985,0.4894587852955818,-0.1508067314163699,-0.2575406305633156,0.27743171309407133,-0.06911889799882347,-0.4839690171880417,-0.39261411560852955,-0.39521020968136483,0.43557165727595415,0.48892318941922536,-0.15866575076335063,-0.3748952725101908,0.16936862892536947,-0.45530672870004957,-0.5783972650655065,0.5686115886184336,-0.348809357887192,0.17744319029167954,0.061531266487030195,0.42771398178702574,-0.6543756704330678,-0.14468666658719817,0.376450564174784,-0.1375123327658506,-0.1312273461094133,-0.12394470831622469,-0.37164613633918275,0.4103505221870052,0.16895899771233258,0.512180032916661,0.5661880326107334,-0.4908387757026413,0.17397297129206177,-0.5785133330019111,-0.5385463358133419,0.39249325417124153,-0.11151098391585218,0.38181692139114276,-0.21875620789396155,0.6392605862607257
OFCant_L,0.278356567579276,0.33506640180573954,-0.1008023031085235,0.16367861885511537,-0.13934072557576593,0.44378818481543497,-0.15552796128471544,-0.10925712260204484,0.7590311299900534,0.5372383901839728,-0.23138956105925504,0.5022603922276974,-0.09418354436170082,-0.4025600681792082,-0.10176810058658693,-0.2800383226237592,0.2573241123243948,0.7528897949709232,1.0,0.088549933430199,0.5625899801512044,-0.2456027245469902,0.04832756534519652,0.40791467529391556,0.16534580046382166,0.334152965766264,0.5280479928637548,-0.17301106432016322,-0.3037854081437548,-0.014906548608633328,0.3560111146041326,-0.16844071405033942,0.3034367895536333,0.4926883982897353,0.0002214521014542864,-0.37078487796080856,-0.4661414494646346,-0.5542529527495763,-0.050816287165742643,-0.06846914468982726,0.5872952156700654,-0.17936124145034613,-0.09906653353798675,0.41420200267373947,-0.06203815210583544,-0.3939631516105407,-0.5007479930047134,-0.38911934271283377,0.33642941445981217,0.23466085853237212,-0.34337822713405314,-0.42488337587881286,0.18897286986816197,-0.638541374085914,-0.5929617413836499,0.7002327498768997,-0.28999700866136574,0.26503920384064755,0.03404019047880602,0.2952761072983967,-0.6339386260954704,-0.09437453299434992,0.4156592712099792,0.004262308445887307,-0.021518816913727742,-0.07367159875813135,-0.33723331657938055,0.5585566634410877,0.09760675485778994,0.44755943630448275,0.40089417306831143,-0.3263486446428519,0.12027496611036198,-0.44455248711758666,-0.5294380282413512,0.41067352595740547,-0.09599772882772666,0.26391400008587934,-0.06489646402804045,0.4530692791489173
Thal_AV_R,0.01172035244186876,0.06981915021251166,-0.10818379423612368,-0.16502463191688377,-0.1223266695472076,0.2129193998816572,-0.1356697109363668,-0.03945343750650832,0.27868760401010273,0.19159729135185344,-0.02023846451199128,0.5858938940389216,0.007151439650702738,-0.16825153181148392,-0.29467765699409426,0.22377636983326596,-0.14613919644123885,0.10747063165688542,0.088549933430199,1.0,0.019487557420604013,0.44095907299221393,-0.24408344536522963,0.4863196973001342,0.5774957362468007,-0.10324987408451533,0.4551713752505881,-0.14154808272754224,0.15270394130773382,-0.075378902704849,0.05197673753700684,-0.20897758996824414,0.09963140427881542,0.2647298334777769,0.2126697081887976,-0.28704343092819984,0.08092413350704995,-0.03463998122052214,-0.3212669149745488,-0.3739195387047886,-0.035077540316211894,-0.11034853136818885,-0.3558448934130319,-0.44364991463791525,0.46256918941925207,-0.2783183671729003,0.24443142073900362,0.21460157973420127,0.3234493447332699,0.1528864690649034,0.04819339550551375,-0.1630895057625053,-0.27475538377242614,-0.10201070310394647,-0.11355279519108452,-0.05636130944966989,-0.16034389270477667,-0.12416720623434437,0.043741341084275305,0.19096852141739645,-0.2916305295446433,-0.33765824474994405,0.040558318918371465,-0.3499919881723768,-0.21788361233609593,-0.10852028891634154,0.34083306437779415,0.3306126866788005,0.0044804942146267086,0.155360267005768,0.20860144548622497,-0.3212647675756647,0.04049970958262319,0.050394270957318674,0.05478836452221812,-0.13351891518350348,0.536437724888576,0.27161591554314074,-0.3456079909980414,0.52507879071912
Vermis_7,0.4869518704839852,0.06718691915102039,-0.06944160374578634,0.151643375599326,-0.1184531418905755,0.5788198067602792,-0.18433283130324557,0.06940842096055803,0.6547289136064233,0.5631598910143265,-0.45907104851464126,0.33882411897903053,-0.38133866036040165,-0.6135769714191444,0.2489544796076056,-0.5647584572088028,0.32823698653178845,0.5745065152307507,0.5625899801512044,0.019487557420604013,1.0,-0.11798055504309315,-0.02134033445945019,0.5207858931112673,0.3532957726229716,0.35038240691407424,0.24400821593217964,-0.0006179942029250254,-0.6645364412037926,0.2639197786730485,0.33620147101858433,-0.41525676763841685,0.23530718137122877,0.3778229734679117,-0.3770936484983793,-0.19251403824652807,-0.3614641848123725,-0.3711014544178047,0.11983017215998826,0.04850433349098891,0.5888884208048614,-0.5829817166912443,-0.293308022000389,0.37971899457210345,-0.12741301566682126,-0.6599295118857632,-0.4428794663905323,-0.6154783655934402,0.4405985502242597,0.4515951877008194,-0.13498625036671424,-0.5836155731723298,0.17247989753486506,-0.6690434510274765,-0.6701106885111672,0.5641748831796399,0.03752062467780152,-0.19800734338350467,-0.35272047436312826,0.1516023131023785,-0.6356139198738936,0.23120560183485556,0.37885036662978444,0.3502545726716671,0.2313926616517905,-0.4828304967301059,-0.2704215750978319,0.15848940218139276,0.08019052802933022,0.2535914710148493,0.4020651065067672,0.014881003154875585,0.050317444870860255,-0.33875187114308497,-0.7786812193941288,0.6513534089454797,-0.09093654443848558,0.12818145918855928,0.09081881732970279,0.3886137538019585
VTA_R,-0.19540225131206973,-0.23492202459753012,-0.44067864776758914,0.08116582443853014,0.04810736813264201,0.14210553363981593,0.0365637221682901,0.162944551354258,-0.027059865918292896,-0.13839604012480453,0.01717726960490895,0.24713317237905885,-0.006116082447450777,0.01748481491747217,0.1245105046363136,-0.03234385620576506,0.003934970884230788,-0.3084631396527417,-0.2456027245469902,0.44095907299221393,-0.11798055504309315,1.0,-0.3291209798080219,0.40495284179436464,0.5305868040179249,0.11917646114955198,0.042927507392607006,-0.11874203142081143,0.029111756123320738,-0.048179433404322215,-0.10321424275261284,-0.0874711878110671,-0.04757310430428317,0.031850163525826314,0.17922780078844192,0.21769640544021454,0.24013289074356337,-0.01966448432113003,-0.006889861413980634,-0.314548340126122,-0.053939962783408416,-0.002987392707092188,-0.13865857689379787,-0.24664022222642845,0.12439304625728323,-0.019223302305246694,0.34719707181769593,0.23772530226156913,0.12005435089626114,0.02728524354406697,-0.16028867104709738,-0.15545683566020965,-0.19311211528060365,-0.08961208938734282,0.1521529972769315,-0.08805672950563152,0.21001830258108045,-0.12734617583999977,-0.015314787148707583,-0.40229071427941426,-0.03939403450833209,-0.00795497220740177,0.06871426692152248,0.03180863361875164,0.08817011874951923,-0.051947283227284605,0.6975235622370508,-0.06803695264035794,0.13052873343701313,-0.35907323118247203,-0.06399522993890905,0.159617393402563,-0.11315890526583243,0.27307175308903187,0.15888296179198733,-0.3744596116475601,0.39029767003757365,0.05366879153480253,0.11608167954953715,0.06075786929152401
Thal_LP_R,0.12338342656381587,0.1760171921703973,0.19674100908403314,-0.1960675102395556,0.020783233572480044,-0.1427935808028982,0.05361254777991271,-0.10121144080113668,-0.009313149476772776,0.1491107049975026,0.1890473340587576,-0.07199484261036129,0.13654137402182026,0.07603592432438518,-0.20133156394844406,0.000626883247243711,-0.0846382004875236,0.10618918258080559,0.04832756534519652,-0.24408344536522963,-0.02134033445945019,-0.3291209798080219,1.0,-0.13480341433446638,-0.34266733341210137,-0.03568885407084666,0.025080167984566297,-0.041215539992090044,0.024608398783988975,0.07508982913400025,0.10431494662368139,0.1522029646622333,-0.20309502579899794,-0.04585067333858904,-0.059898584550438345,0.014501146366129982,0.03766408309581742,0.002179069009971351,-0.16250341718287306,0.44529148543608155,-0.019319996629210984,0.022215841996011648,0.1508596828488802,0.03194438092339936,0.22503348761312644,0.13454165642603996,-0.18166712080737193,-0.02407849004561592,-0.1158485699312779,-0.08143357029857624,0.004148412277058288,0.14092680983315592,0.08160724930883233,0.09091776641623128,0.024367362117332588,0.02262672789667556,-0.25851079054137194,0.13526278882611767,0.06831261316401784,0.17333383615089018,-0.008088482080756984,-0.0448333675009324,0.060132089229811544,-0.14851286150691062,-0.2038436170908949,0.08095780103504571,-0.25491959250373214,0.06793912061857724,-0.03688045047466341,0.19661457184293354,0.17612918701105532,-0.20232826027261608,0.09115225922081999,-0.09647389085070658,-0.01625530442404061,0.07619750846367566,-0.12073075044271141,-0.09365523558248043,-0.14964801229681182,0.054835682910179574
Amygdala_R,0.1060034952150072,-0.05630656767519008,-0.4770393441369612,0.04267635537504425,-0.010259050523788182,0.5178770448002481,-0.17890016495832642,-0.0728326027126236,0.6074863240023934,0.5067992823968286,-0.3335274147211052,0.4922248697959764,-0.20016889535428023,-0.3553596577811085,0.13513711864446473,-0.4969755891647726,0.1613144367404103,0.32119413143112363,0.40791467529391556,0.4863196973001342,0.5207858931112673,0.40495284179436464,-0.13480341433446638,1.0,0.7078103513343441,0.3934782849421327,0.48112077893792704,-0.3447739898074756,-0.47134486694948846,-0.024795714295092846,0.07178932844113899,-0.23955581846959875,0.1885444071529439,0.2853503710929199,0.003516365705108808,-0.1672327695128612,-0.24740040486053302,-0.5850900154323295,-0.10730437597963975,-0.31329949037392385,0.5804442569525078,-0.44727379260165046,-0.2246370419853228,0.1532506087176198,0.0829482085160795,-0.47224167488303054,-0.2916427899549102,-0.3831298846382853,0.47564770896996567,0.22005594558717578,-0.5231308585536314,-0.635301757816398,0.05439218582903564,-0.7612638705287628,-0.5096922011926276,0.5757405584900714,-0.039033605283603855,-0.025641393306599855,-0.2278518839726955,-0.07893379422269488,-0.6645206559760137,-0.00708560577271458,0.532319709617081,0.08110771604138373,0.12786306050786223,-0.39969009865744537,0.18907155171270243,0.24532174250916242,0.07578244666577595,0.10708768570618045,0.31719340265564894,-0.07908399129038679,0.12170262915751867,-0.2511341549454172,-0.5350139220111962,0.11185692850974784,0.3749387536664094,0.0459083322707783,-0.07962740456275001,0.44170161726325935
