,Thal_PuA_L,SN_pr_L,Heschl_L,Caudate_L,Cerebellum_8_L,Calcarine_R,Cingulate_Mid_R,OFClat_R,Thal_VA_L,VTA_L,Frontal_Inf_Orb_2_R,Cerebellum_6_R,Temporal_Pole_Sup_L,ACC_pre_L,Temporal_Pole_Mid_L,Cerebellum_4_5_R,Thal_LP_R,ACC_sup_L,Cerebellum_8_R,Insula_R,Cerebellum_7b_R,Rectus_R,Cerebellum_4_5_L,Raphe_M,Putamen_L,Temporal_Mid_R,ACC_sup_R,Occipital_Sup_R,Parietal_Inf_L,Thal_MGN_L,Thal_LP_L,Cerebellum_Crus2_R,Frontal_Inf_Oper_L,SupraMarginal_R,Cerebellum_10_L,OFCpost_R,Supp_Motor_Area_L,LC_R,Vermis_3,Olfactory_L,Lingual_R,Parietal_Sup_L,Frontal_Mid_2_R,Thal_IL_R,ParaHippocampal_R,Olfactory_R,Temporal_Pole_Sup_R,ACC_pre_R,Thal_PuM_R,Frontal_Inf_Oper_R,Vermis_4_5,SN_pc_R,Thal_VPL_L,Frontal_Med_Orb_L,Frontal_Med_Orb_R,Amygdala_R,Precuneus_L,OFCmed_L,Thal_LGN_L,Thal_PuI_L,SupraMarginal_L,Thal_AV_R,Calcarine_L,Insula_L,Amygdala_L,Thal_PuM_L,Parietal_Sup_R,Temporal_Sup_L,Cerebellum_3_L,Occipital_Mid_L,Frontal_Sup_2_R,Vermis_10,Heschl_R,Rolandic_Oper_R,Raphe_D,Pallidum_R,Thal_VA_R,Occipital_Mid_R,Postcentral_R,Thal_MDm_R,Cerebellum_7b_L,N_Acc_R,Cerebellum_9_L,Cerebellum_3_R,Vermis_1_2
Thal_PuA_L,1.0,0.21483714939490015,0.11393980635339576,-0.050933186451372105,0.028756587421221027,0.4762481578511238,0.19704727073758585,-0.06744237877369047,0.16615128084407751,-0.06902506693648632,-0.11761339054248375,0.3181081649529566,0.3030066939894614,-0.031203214709346196,0.2997029798597614,0.20326094020364419,-0.003623471950912285,-0.07325794906551354,0.07387141070399682,0.0764866181784541,0.41428044638913725,0.23619677404613004,0.2685343132748598,0.006800440653267292,0.2540757342746176,0.34432992809758456,-0.18690006213202695,0.2707586722443338,0.3769847298672871,0.31567958201093943,-0.145615101078421,0.33821681625644856,0.4873231387472083,0.22875147788423825,-0.24924325371351094,-0.3428670133834856,0.13613775812596482,0.31586558459460695,0.2450974294340483,0.22270755172411197,0.48424174810505655,0.12858924130477922,0.08261737429474876,0.4059510120252218,-0.1104393737170671,-0.04357275489589136,0.0009531832447523046,-0.28613477317054953,0.4520068888900592,0.2614590609421208,0.54295813534375,-0.05218790774044798,0.31415852017060314,0.056182950038489575,0.11262813064084523,-0.3114930016891342,0.3200427153825164,-0.1148143243520325,-0.09541595985946917,0.062291994669181526,0.4296518769007471,-0.3270829431770616,0.529653819780298,0.2500158571809872,0.46322079193773213,0.504152842522525,0.1297830311740417,0.3298311980455631,0.047407720726530496,0.34239402670743674,-0.18415562613243466,0.18081974145926547,-0.1355548622155451,-0.03788293296154492,0.13098061116562634,-0.10337394302281329,-0.20662983995103848,0.0265906555586996,0.1554810562815733,0.05269345569062926,-0.006377656826022085,-0.10082333878143536,0.14061305261991858,0.2185046407349023,0.36799967310553705
SN_pr_L,0.21483714939490015,1.0,-0.2739374569455784,-0.33530190657613307,0.1759001581405193,0.08956033167418402,0.06319874940943339,-0.3137625598707866,-0.05944268650603847,-0.20570853710423276,-0.16555270983785672,0.3014637980254156,0.15988085088483175,-0.21875620789396155,-0.0027512368710137015,0.23966359984151536,-0.14964801229681182,-0.3930040396606388,0.24575589515510943,0.028947940013934005,0.21645517572900005,-0.22544425180251754,-0.27610339797675343,0.1220389594516103,-0.3068213025978983,0.42071708624335385,-0.198309962057793,0.3584902141267164,0.32088048903814254,0.08963638016671271,0.2553316701846549,0.3655157590149632,-0.0994387688390872,0.3621396292464627,-0.006341582968998728,-0.0034798170505444645,0.34575072021219105,-0.02774186068667681,0.010025875042707135,-0.19006323144528306,-0.00965378461729944,0.3304815982151388,-0.15444910702214995,0.25801754511199254,-0.17920476592926823,0.015619167842677277,0.34109120026895545,-0.2437799055061496,0.27644444095936926,0.2650961296971131,0.13290200826701487,-0.29243279894687957,0.3990477896914415,0.12596128852759744,0.15101895839751228,-0.07962740456275001,0.408461517073295,-0.11419407965651726,-0.5373986985300117,0.3192641860590216,-0.003946264016875044,-0.3456079909980414,0.2620040467494046,-0.13765713962174184,0.385253144446395,-0.14815113774020416,0.3471815162465921,-0.2274320842516533,0.07925261040732984,0.3668921211028162,0.05627487764721746,0.028014293103291434,0.0026736832619415115,-0.10909331602356238,0.045473376183512666,-0.4452951555737882,-0.26389905562419974,0.13680539657980997,0.1491541838819344,-0.1942837363913161,-0.02302018734695143,-0.4595375991440105,0.3546373365067941,0.07823264957156313,0.15702026552956425
Heschl_L,0.11393980635339576,-0.2739374569455784,1.0,-0.027974155051015154,-0.33141818496269465,0.42489740773472107,0.032205082095545706,-0.10376381612656889,0.39068973391385253,0.22001340260065402,-0.5038983949483482,0.046957996859396195,-0.22079624909102968,-0.4064970441134155,0.4096603908949685,-0.4564878016491248,-0.027063052071745523,0.21438899910692336,0.522685321736376,-0.3731334973031854,0.09212698313888067,-0.11701592187597508,0.1456010684742146,0.5275935594020414,0.6176145791332678,-0.4216477880101921,-0.1948340270555772,-0.5879110858893863,-0.07230626138455742,0.39853248084112713,-0.2568786073647482,-0.19937927419750512,0.6150192909318289,-0.37721771646218966,-0.4046756434104747,-0.19530553903490558,-0.010078249527886654,0.3033466124729718,0.7150144272278524,-0.36484456390327324,0.24517857735670445,-0.46912924217566293,-0.17445291935613857,-0.0211325637484636,-0.19796298162075343,0.3223124763111006,-0.4171047277034734,-0.1140675828162889,0.21426552087268047,-0.1703927845757524,0.0022676943816835903,-0.14274939220163518,0.42816169457707287,-0.5844440416491805,-0.6081525105526623,-0.27815722995493963,-0.29080553806186044,-0.4682227343915805,0.1428723376156333,0.09042172127256841,0.6880740963134899,0.2543852373511403,0.37156718760646973,0.8521786403814086,0.15837467296521085,0.6702328889302152,-0.19301082342583656,0.8457555050112896,0.4562886635561673,-0.23586630938465222,-0.32634939111255945,-0.32787965142195113,-0.11141945509193268,-0.5475154238218337,0.302247696049593,-0.13159761846794218,0.006671058840773332,-0.6033286224258768,-0.05452704391816497,0.3783847695385924,0.2963795688308196,0.02998347487256148,0.22256863773414323,0.627509835612497,0.4291279136420901
Caudate_L,-0.050933186451372105,-0.33530190657613307,-0.027974155051015154,1.0,0.005564097934377794,-0.3688676148061613,0.25689382789125836,0.26724021323966096,0.3015964530632461,0.46459694628978604,0.5973956660724481,-0.16784739638022836,0.021363877065809285,0.5355801572470479,-0.27519761753059807,0.3852478863542364,-0.02124927244382812,0.4835465005481682,-0.4556373566817515,0.6861004195221578,-0.2971637472552257,0.26683947323730656,0.09496778864450403,-0.3009769202351728,0.0721625592399192,0.20628662163565936,0.6044861778876516,0.036990140263783285,-0.25210351055247593,0.07522947891129643,0.1385334636499744,-0.20224754839371198,-0.1639534594675957,0.08843806811309429,0.21075085039430314,0.2742108820854893,-0.0930488821913863,-0.39433349143319246,-0.2318509308303855,0.24102551980324058,-0.10205781566962503,-0.10474168171025887,0.4888677630080162,-0.1271471028311592,0.6389778509380634,-0.2055141524126465,0.24909542048138264,0.5730620553787712,0.28193526392278595,0.29218528007125383,-0.10097600950958918,0.5505577928959017,-0.1250663311810105,0.3131216046879613,0.3245815234699302,0.4910492206823876,-0.07321860237567675,0.47667031424638234,0.431305435801454,0.022183915044411907,-0.4147964414730737,0.48232687708946975,-0.49020954459458793,-0.11858102410027109,-0.3686839994995461,0.28110390685609704,-0.1570363312462086,-0.2887886122871424,0.10977213059804543,-0.1395117678770883,0.37000765623347864,0.37528254502464625,0.44441418881213823,0.5618254081827235,-0.41937089564068075,0.7782040089692736,0.6280217786305708,0.3087494968749132,0.27997806705769757,0.3431340907441961,-0.4184291538890353,0.45871509762485874,-0.448522527487742,-0.05073571140036794,-0.2788812819461738
Cerebellum_8_L,0.028756587421221027,0.1759001581405193,-0.33141818496269465,0.005564097934377794,1.0,-0.03574801195290488,0.22616832963661743,0.0061414611762288344,-0.03636462710709009,0.06250122760915428,0.07682904275687263,0.276899304732538,-0.04269126884035882,-0.03504055527830517,-0.1927289590534507,0.2640129626631364,0.07508982913400025,0.011072352579523687,-0.032158221885725584,0.06775143145289014,-0.04879969440641567,-0.15891129203808083,0.19862624218105235,0.17530159756730718,-0.20895561470425114,0.1731757946046982,0.16189440355160253,0.11408500143023417,0.01595309389405557,-0.02035385084033862,0.3431593027839292,0.05504884136049966,-0.2311340669647585,0.31890704922333074,0.3594670023449611,0.03611074225093516,0.07683045837429532,0.04032776097901978,-0.028860462327319657,0.11193089530294499,0.05013475609353085,0.12342759746402027,0.13500283417778083,0.2798063601822853,0.016793764060886,-0.24738053473265045,0.07065827701316965,-0.003881969675120731,0.18874485483965947,0.15770723058295558,0.13283475721980065,0.09778937972740631,0.1102419130866698,0.16234541454142837,0.05988388606024774,-0.024795714295092846,0.08574616690260022,-0.02210305556245794,-0.12262845151701249,-0.12262862145264755,-0.2899449770102347,-0.075378902704849,-0.0018969111043865292,-0.2554601696109823,-0.031203039973837977,-0.26383337652530614,0.018221943745956374,-0.3220743082260268,0.0915192975607199,0.027080782312124227,0.2042111165648393,0.031657205703997215,0.030903432075961218,0.1930918908060253,-0.0016114055902057291,0.012950019216913756,0.02202661970662716,0.039767205376465456,0.05294022806626359,0.16965035046405427,0.16207707113614836,-0.20532151249127711,0.09458063551682128,0.14534981959555424,0.1792603079094657
Calcarine_R,0.4762481578511238,0.08956033167418402,0.42489740773472107,-0.3688676148061613,-0.03574801195290488,1.0,0.003062630016011849,-0.11113783737923959,0.16750441355599416,-0.193687315186396,-0.5554628437573562,0.6444785047366882,0.26315355132883506,-0.4839690171880417,0.4003961864803747,-0.1572479570856599,0.13454165642603996,-0.35616374453605965,0.43014207559321255,-0.23433845452153776,0.6786794246360554,-0.0037977127393588397,0.3355347597657051,0.3707500971234817,0.34401090146057656,0.11569449320172852,-0.45973454671545483,0.10786027422433404,0.13483800804602608,0.45056954903804836,-0.31435317460447915,0.35570287676529566,0.41867117504870127,0.20169052484523964,-0.34970210927866074,-0.4941936106552314,0.06304402261996775,0.6237046093470143,0.6622284910742701,-0.010181856471323863,0.8330906336582561,-0.1946214179642758,-0.3400015644627235,0.3567588266445651,-0.3085798711449446,0.2080102105283122,-0.21555883853152463,-0.6006252242096405,0.33558787251031585,0.1970823994417173,0.6577407065823019,-0.31331808324648835,0.3729386266909396,-0.18546508780502613,-0.28056379125916453,-0.47224167488303054,0.0444545589809005,-0.4648415993797419,-0.15780547235891532,-0.07804841834047711,0.5623428245012194,-0.2783183671729003,0.7886833950935453,0.4040646309323886,0.384210792367995,0.42222529386786434,0.047708348959033316,0.6431768253227115,0.1496249064539465,0.06305665873787787,-0.5366356352369754,-0.12773449236550166,-0.20286563170094782,-0.26058522296297065,0.32649920695280393,-0.3082794756768138,-0.34988776819665496,-0.2744634249365913,0.04170832258388345,0.18145843854789523,0.3303895628483305,-0.3045508191612819,0.2467156151023517,0.5259602995579672,0.5984164753355524
Cingulate_Mid_R,0.19704727073758585,0.06319874940943339,0.032205082095545706,0.25689382789125836,0.22616832963661743,0.003062630016011849,1.0,0.07676557942944764,0.3483515265049695,0.12577334442848634,0.003578240423907274,-0.11080667321731748,-0.2969109374418134,0.1438105302904638,-0.2351979505032443,0.15502559581732192,0.02177669131793311,0.3621830231440268,0.0800620904056126,-0.050543109253153355,-0.2044389344980573,-0.01844291751493123,0.36653961635632326,0.1652304162722297,0.16587676492980152,-0.09407701438302367,0.4609445427259544,-0.0826999319630302,0.18456104505947107,-0.06960937229534292,0.12415121690421628,-0.280027482549925,0.18403212736687088,0.41239702527188754,0.27593352239902585,-0.12878323805812908,0.5435938067330062,0.02228721231011425,0.10032907144549338,-0.013894788455669722,0.01737998612306462,0.18311758216215862,0.6893231533399042,0.33433336867879443,0.10598473101905224,-0.1306593952984448,-0.2528881265396849,0.039563883581018776,0.40133708654321043,0.4078902219902289,-0.00992858094342809,0.33354852091006937,0.135767473674843,-0.10049094564109817,-0.09416136986520175,-0.13841285806144946,0.2666206577218219,-0.0609899114677869,0.2567846271146606,-0.03840372967170911,0.011275843563945133,-0.027274075422564745,-0.009193238569337375,0.07992488986747436,0.06001663234771452,0.022132552911567765,0.17840272282851027,0.04041791476043175,0.44277208093300174,-0.0045311957787951655,0.6919485312754776,-0.13603762581688056,0.004052428884922069,0.09327651629454665,0.24888922394252658,0.10535161980940629,0.2271911850455028,-0.1911576358192585,0.5779239826782971,0.1149981989514837,0.19526669672082625,-0.04419777406806062,0.028688426271100874,0.2292069820200986,0.15001102837309854
OFClat_R,-0.06744237877369047,-0.3137625598707866,-0.10376381612656889,0.26724021323966096,0.0061414611762288344,-0.11113783737923959,0.07676557942944764,1.0,-0.0824083485488105,-0.060680690532023907,0.4538400213801763,-0.055846495075871756,0.20632935783101902,0.45188912133971965,0.10851970851519804,-0.061566377509086834,0.1760171921703973,0.314067231082196,-0.2908238118591712,0.2574636955678498,-0.139470339558136,0.31319929587221856,0.2866520081946791,-0.1885383879163348,0.20514193583953472,-0.20587933832321337,0.3642560819614934,-0.07979242718050532,-0.12216620925804657,0.009480707698823893,-0.1526349716626962,-0.167605303189646,0.09313508812080583,-0.25725386134541894,0.020268350126169406,-0.07019282759851647,-0.30880084212297504,0.05891669048601637,-0.20827760541162427,0.3390545856303426,-0.017427383433484316,-0.15083759291257856,0.24997276471460225,0.03875173268326165,0.21045054358318563,-0.3049415391740397,0.08695977558765632,0.29505464070511245,-0.07772331471147015,0.1444768856022236,-0.0870347619628501,0.2815728775974314,-0.4232835546089291,0.08242254427439835,0.14222646575279413,-0.05630656767519008,-0.2800701781827265,0.26465328196350163,0.4979895628025451,-0.1519594761155235,-0.14498659392806118,0.06981915021251166,-0.2834141960476851,-0.10469800464059158,-0.017924715026789037,-0.07649808263494502,-0.37388649675107655,-0.04319936888483881,-0.15036564107279826,-0.37746808507217106,0.1188937139915829,0.1010967171139548,-0.04090297593182987,0.39882831541753916,0.03585321184741963,0.36461164080412367,0.20807137131741021,0.15754956713912593,-0.0889807378085349,0.01573936111936305,-0.11104318881879914,0.27115152500740297,-0.4278279819445786,-0.1498031341816138,-0.10606376550873906
Thal_VA_L,0.16615128084407751,-0.05944268650603847,0.39068973391385253,0.3015964530632461,-0.03636462710709009,0.16750441355599416,0.3483515265049695,-0.0824083485488105,1.0,0.37856135106629907,-0.11187402841729623,0.13530728924664273,-0.1776306424865742,-0.2045879704866762,0.11423278785491114,0.023348311993185343,0.07663022440559474,0.2953707424158333,0.30017628301142996,0.025256615971764748,-0.05523592016482809,-0.19497005702968084,0.06999351330687666,0.38891759069984894,0.32809826181321755,-0.023834307384898782,0.2256801597725227,-0.23438274713385038,0.030980675220235808,0.1482331640136337,0.10656467339001469,-0.21071416106940158,0.2571097176823676,0.0735020603300738,-0.21878186868100102,0.06609296359275789,0.1997076290927078,0.02042138249070452,0.39951750654871937,-0.3072336334347763,0.1475173030204037,-0.13799055607761,0.14846959750194128,0.05246789288878348,0.09478209928329547,0.1540015718884469,-0.11209105044285936,0.09061262708660746,0.36748640689833684,0.07348788731587855,0.06316532671467147,0.10539990337739671,0.41807402869105686,-0.255313393033562,-0.18690635875919395,0.035736031306256036,-0.0024554937332480938,-0.1324098062722274,-0.033509194373363686,0.1719712324149769,0.20697404967604657,0.13526470406974772,0.11537211785621412,0.41894841434983005,0.051846683013687916,0.3889422061920219,-0.05071289906023791,0.26651548594207425,0.3850787517830624,-0.05249483051047721,0.1404725766163991,-0.1094122917558464,0.3007386336980785,-0.047723220378232276,0.08094476374347716,0.16952152616423946,0.3023182654620763,-0.2836360168448436,0.2318768303814803,0.3694784394145955,0.14894873813858922,0.1610811917344392,0.1610616899848753,0.4598517937240139,0.17711418547016972
VTA_L,-0.06902506693648632,-0.20570853710423276,0.22001340260065402,0.46459694628978604,0.06250122760915428,-0.193687315186396,0.12577334442848634,-0.060680690532023907,0.37856135106629907,1.0,0.19861278686174352,-0.12353811754630438,-0.08187599884856309,0.03458431734090836,-0.16003375885032076,0.1724650141801303,-0.17864184395871086,0.38342683875815026,-0.10097133213593634,0.3074791194437154,-0.21501014544976932,0.0492070882060563,-0.1578529419255703,0.06765525047983541,0.007898131121236976,0.10585941136681067,0.23391076547084766,-0.16194379663832553,-0.04743990397251078,0.005443602696930921,0.04382045565789654,-0.15771624094153935,-0.04559993935009683,-0.015663643410059817,-0.14189823953107292,0.25509147973112345,0.05922021375246302,-0.3490767629940505,-0.028584568757071546,-0.19705592540576133,-0.08265723514467029,-0.04505458807943542,0.2942669846150854,-0.1933823788347712,0.40909353353392386,0.06401323513566583,-0.08786386467713858,0.3303002200911939,0.1732273146913423,-0.06615864612495388,-0.05831627017021818,0.4200906493829083,0.11520919699575455,0.05558106834376942,0.08350214341304439,0.4491126939494609,-0.027556600366626157,0.2214478333408031,0.04868270675825525,0.16364688938283975,-0.07625741467175022,0.4035963715717354,-0.28228396407008,0.14848626500050183,-0.3305966810621888,0.3475877039650057,0.013478947287478294,-0.023712225230393964,0.13909039797491604,-0.009870147933079576,0.14737515203612817,0.2704317792406976,0.4815682298942684,0.1641089598607943,-0.34252588911091175,0.3991329200846768,0.5675294773883447,0.06803463736575366,0.26304185462790924,0.3208146656133254,-0.2731604788838546,0.47313638667112834,-0.06750469406905442,0.09830313997673841,-0.2280260909746336
Frontal_Inf_Orb_2_R,-0.11761339054248375,-0.16555270983785672,-0.5038983949483482,0.5973956660724481,0.07682904275687263,-0.5554628437573562,0.003578240423907274,0.4538400213801763,-0.11187402841729623,0.19861278686174352,1.0,-0.0594790519204903,0.27526921231058943,0.8030008614180046,-0.21737772094731314,0.5209624545888705,-0.009313149476772776,0.4233828652977693,-0.7457809556247953,0.8008250260326166,-0.26246748182310675,0.421201606429059,-0.09129166379415307,-0.5947826693916038,-0.23341328703532527,0.32045229322565116,0.5924160742454961,0.2788980789308071,-0.1490290427019179,-0.11017423722664225,-0.05902774017059871,-0.03650408341234678,-0.3587268018424295,-0.10042026216502431,0.16242006798634462,0.5137300656769039,-0.31971077303236023,-0.43179193029043117,-0.6016836151787058,0.4833682433561146,-0.2184240273821521,0.09998239726766478,0.4403885118223905,-0.22816077571045326,0.7212075737256788,-0.3189541777260285,0.5958369036768933,0.7336588018582719,-0.12954105488459122,0.16168154038153437,-0.08682868518616593,0.5543946050601587,-0.5749911752607147,0.6002088394653143,0.6740568134515854,0.6074863240023934,-0.0659422969899107,0.7990445897916294,0.26432936576661836,0.009719590301717373,-0.6149050047501952,0.27868760401010273,-0.7008354797211573,-0.46272342734187044,-0.3532902849759493,-0.0942839689344517,-0.23605678329391705,-0.5898732634296789,-0.39716575083830513,-0.032848493752048284,0.4015782133800956,0.6126783756935474,0.4342963365132066,0.8664256593564871,-0.5588753054528606,0.7336839822981863,0.59162041784856,0.7068166521228341,0.1276763863922607,0.042034967262136604,-0.6120367379841738,0.6489901758344756,-0.5248138647482292,-0.4235515030488332,-0.5886626145531303
Cerebellum_6_R,0.3181081649529566,0.3014637980254156,0.046957996859396195,-0.16784739638022836,0.276899304732538,0.6444785047366882,-0.11080667321731748,-0.055846495075871756,0.13530728924664273,-0.12353811754630438,-0.0594790519204903,1.0,0.3746439524216732,-0.23207532337339656,0.4046037400457284,0.2062100482946746,0.020481703267768835,-0.18275584789963514,0.2164218266296635,0.2001561868268417,0.5755986469970865,-0.0919763482107981,0.11537862719086558,0.31155941452173713,0.17977144092955916,0.46338002531204836,-0.20907634683454293,0.23364683883343085,-0.07018861155095439,0.49103673615528415,-0.1416587826822359,0.42297645280731894,0.10756903644671201,0.20619978499667022,-0.19521621028493794,-0.03320867931124716,-0.14616615072271186,0.45672455031673265,0.5185934976043765,0.1181500136486411,0.6876895829065338,-0.2647245832610402,-0.314214941118692,0.16923187180302557,-0.07210952361275286,0.10139657632948125,0.3734766840705779,-0.08799345303439356,0.3022254647487599,0.39448905197755985,0.6098403125593831,-0.24132128147438295,0.26093166683528707,0.062409044438303876,0.005606981253025748,-0.1437933406052161,-0.056251668079914975,-0.18920553039020369,-0.38142540615131554,0.0630899800219965,0.1210160143502407,-0.07316524331946404,0.47771124247348923,0.16827017463641303,0.2766231757494076,0.2762276994700328,-0.16852383752700748,0.18631775033871367,0.03201558126820268,0.0243018664571805,-0.26785276491605864,0.06010282969099129,0.09920030092827775,0.16856470561586714,0.012314611374190298,-0.06815845040777856,-0.09864013735765179,0.050329319240924125,-0.01413083921673463,0.2771941037612515,0.18014709016325273,-0.06322739078993946,0.0767901121600991,0.5351944368677868,0.4551835836382478
Temporal_Pole_Sup_L,0.3030066939894614,0.15988085088483175,-0.22079624909102968,0.021363877065809285,-0.04269126884035882,0.26315355132883506,-0.2969109374418134,0.20632935783101902,-0.1776306424865742,-0.08187599884856309,0.27526921231058943,0.3746439524216732,1.0,0.1595106961380977,0.2893627204186814,0.27840936073129696,0.12840968877173062,-0.25978511919614,-0.28805689129521433,0.4777512786758978,0.5466464590296749,0.4598722861438892,-0.03191254315679645,-0.35399962096232745,-0.14445236702730582,0.4768697628658584,-0.12140168613079728,0.49892415161667797,0.18715776086569855,0.32323464318590456,-0.2254517037401483,0.5815638167058232,0.04530741641492347,0.08553065630396536,-0.20138250124929605,-0.09965267772148037,-0.15016424120794308,0.1125954615635247,-0.15563655663291998,0.4436259941065685,0.41187737011507203,0.16637861687660968,-0.09254092441103613,0.17351577203330842,0.19670694136350253,-0.0857018654324274,0.42978620399377127,-0.13447889719056208,0.10208314386774646,0.19060350901229214,0.3650967557709711,0.02736121300185637,-0.12661662399523269,0.42043762073764107,0.45094276926011323,0.06678685439836114,0.2301722208221019,0.2667978850435913,-0.06895130050790392,-0.13141558713234291,0.0007119415521268909,-0.2633573004828552,0.13162995393004454,-0.20900522615598574,0.02225619544327005,0.16312191512893712,0.08265929498772294,-0.056742449773195223,-0.42338047738773044,0.28665862683326854,-0.35331313911857853,0.47933051593582954,0.06170546308104154,0.3618625473007577,-0.20875756983263036,0.1830067021044059,-0.07519346646118193,0.510858709710292,0.049400524729577885,-0.06991918681174437,-0.3994062576667145,0.09017000468764863,-0.19473440813106743,-0.1608455262875343,-0.08812068387000822
ACC_pre_L,-0.031203214709346196,-0.21875620789396155,-0.4064970441134155,0.5355801572470479,-0.03504055527830517,-0.4839690171880417,0.1438105302904638,0.45188912133971965,-0.2045879704866762,0.03458431734090836,0.8030008614180046,-0.23207532337339656,0.1595106961380977,1.0,-0.1508067314163699,0.33218866146675685,0.10618918258080559,0.4017235298115638,-0.5783972650655065,0.5832080801946699,-0.2575406305633156,0.46068767054680604,0.07256643340537652,-0.551650252865657,-0.05450577630019754,0.11712453608661953,0.5661880326107334,0.27743171309407133,-0.17297077053337587,-0.11439619221576094,-0.12410247294308108,-0.07851889317213655,-0.1513543224968718,-0.14468666658719817,0.27507452411604055,0.1535239728070531,-0.348809357887192,-0.2336513893274861,-0.5385463358133419,0.5756378748207531,-0.24206312360504043,0.038370628380085446,0.48892318941922536,-0.006854607680296416,0.5007798320671915,-0.3127330912470528,0.3801009559556322,0.5601766067231791,-0.07406567819961865,0.21778559176134055,-0.22838788735716262,0.43557165727595415,-0.5888210468558357,0.4169878816246496,0.4894587852955818,0.32119413143112363,-0.1375123327658506,0.57706659452192,0.42771398178702574,-0.1867168218123288,-0.45659950347867134,0.10747063165688542,-0.6155773717661936,-0.3576170458671125,-0.2120670484996569,-0.10473320092098375,-0.30503156086764405,-0.3926152404968945,-0.22772535711152048,-0.1312273461094133,0.4167152075635322,0.4315518050811696,0.04069290310068039,0.6799886429107452,-0.27035429070929345,0.6122269489959988,0.40565946497806427,0.5686115886184336,0.041192972982870835,-0.06911889799882347,-0.4530932698603367,0.46299987064327086,-0.41858531637922497,-0.39521020968136483,-0.4101538318117385
Temporal_Pole_Mid_L,0.2997029798597614,-0.0027512368710137015,0.4096603908949685,-0.27519761753059807,-0.1927289590534507,0.4003961864803747,-0.2351979505032443,0.10851970851519804,0.11423278785491114,-0.16003375885032076,-0.21737772094731314,0.4046037400457284,0.2893627204186814,-0.1508067314163699,1.0,-0.3493286509447254,0.022215841996011648,0.08382766311375384,0.3829058114501104,-0.15343374474609853,0.43263111303386637,-0.10340268040802031,0.024925168845455037,0.4206341094522093,0.6537198311774127,-0.12181787365738081,-0.2872893157847151,-0.17109910926722613,-0.056772232626466246,0.4670461837999918,-0.27728534057806487,0.21568920310230993,0.6823805197543948,-0.39625679175141676,-0.3892413720589561,-0.20706711901594568,-0.34117889237236004,0.6501440589087474,0.5528187112795732,0.029950611685048843,0.30830690180860104,-0.447424409477196,-0.2949573150529452,0.021560885615446616,-0.4250806520824852,0.19850017775513712,0.07392996459697719,-0.018687436263323875,0.09952018733816427,0.05029663740786115,0.12026834189453763,-0.4217673671779556,0.21909046952425962,-0.4769278666502048,-0.37592142387122063,-0.44727379260165046,-0.30638049492739844,-0.4644965430600474,-0.2678441708947817,-0.07334333159663936,0.5522738299807265,-0.11034853136818885,0.4768382589933388,0.6567568939119308,0.4650807199105573,0.32693746059872975,-0.4362677749817859,0.6280210570510085,0.05566687439718224,-0.13215598050298705,-0.32459901881420244,-0.25723101687376754,-0.30737731238537847,-0.28312249386895916,0.36449664267107085,-0.2202584010043184,-0.24137493295122206,-0.26238786635678585,-0.4145052900056363,0.018036984728951343,0.35050925645270603,0.07448221426479278,0.07498332372823119,0.43230324605316356,0.5407629099863669
Cerebellum_4_5_R,0.20326094020364419,0.23966359984151536,-0.4564878016491248,0.3852478863542364,0.2640129626631364,-0.1572479570856599,0.15502559581732192,-0.061566377509086834,0.023348311993185343,0.1724650141801303,0.5209624545888705,0.2062100482946746,0.27840936073129696,0.33218866146675685,-0.3493286509447254,1.0,-0.09928228600229098,0.08436745632506207,-0.47380112818330683,0.5814532345351198,0.17400730738804243,0.25956305117615336,0.1541215234974442,-0.3843624532149793,-0.3347824242991939,0.6524995368285669,0.26488216496791556,0.46825701806472264,0.19890501682481318,-0.0725223190951803,0.12519027099750032,0.41072606271570367,-0.34831392102309827,0.38283275447958853,0.2663596803204405,0.29444890391496426,0.05299803050927424,-0.4091328503968966,-0.3125754616335889,0.30449916000174115,0.1419092882171898,0.42792013043254074,0.3069955369842403,0.14711589291339336,0.5700185716039325,-0.2105970060273958,0.3870528390465268,0.20809951708306273,0.19254241735910638,0.1850059768289654,0.3833552787512785,0.4070293304851071,-0.02874168678358939,0.6293937267926188,0.6191925667418378,0.47248987426277217,0.4322373864260545,0.528829018292498,0.059340114308572216,0.10436441990067732,-0.34053167726100847,0.06602331055585106,-0.14261728426378664,-0.4736832196566571,-0.16737110017022733,0.035547598225209455,0.2705551145029771,-0.48422552751410564,-0.17280845049488305,0.38527032605278777,0.21947135921229513,0.5378539393620492,0.369916482042987,0.5325404291157916,-0.41962232462923055,0.453109669984419,0.3705204586590188,0.549144389871063,0.36232426861982703,0.17992913526851276,-0.44511897945772694,0.17387598950636968,-0.16629265148991562,-0.17824514647442247,-0.25942484734953225
Thal_LP_R,-0.003623471950912285,-0.14964801229681182,-0.027063052071745523,-0.02124927244382812,0.07508982913400025,0.13454165642603996,0.02177669131793311,0.1760171921703973,0.07663022440559474,-0.17864184395871086,-0.009313149476772776,0.020481703267768835,0.12840968877173062,0.10618918258080559,0.022215841996011648,-0.09928228600229098,1.0,0.008554683563357243,0.024367362117332588,-0.06459424574029646,0.1508596828488802,0.190088880563857,0.19674100908403314,-0.04096292845831873,0.000626883247243711,-0.03568885407084666,0.17612918701105532,0.03194438092339936,-0.16250341718287306,0.13654137402182026,-0.16689470621968375,0.11379422656544798,0.05837744016967799,-0.0448333675009324,0.05066321372853492,-0.34266733341210137,-0.25851079054137194,0.30474574434243606,-0.01625530442404061,0.2624741861282181,0.1522029646622333,-0.13811823141937246,-0.08143357029857624,0.23950859150792178,-0.0602005397501781,0.04481398859191015,-0.04702095419004215,-0.07199484261036129,0.05209524545042938,0.020655566538771045,0.020783233572480044,-0.1158485699312779,-0.10170657275472034,0.03466817695921746,-0.019319996629210984,-0.13480341433446638,-0.14851286150691062,-0.042677349234255306,0.17333383615089018,-0.33783005552311773,0.009730127288124711,-0.24408344536522963,-0.0061932543377707155,-0.03140110914752062,0.07426821810952164,-0.059898584550438345,-0.20133156394844406,0.09050753535331048,-0.005947156496753825,-0.2038436170908949,-0.1327561477161106,0.009881083873914108,-0.1832484110202442,0.06951180957853016,0.22244971708652164,0.14457687205182643,-0.13155209747789665,0.02262672789667556,-0.08132526991486816,0.22503348761312644,0.06185227191922044,-0.08823997612213087,0.014501146366129982,-0.02407849004561592,0.052464356428663296
ACC_sup_L,-0.07325794906551354,-0.3930040396606388,0.21438899910692336,0.4835465005481682,0.011072352579523687,-0.35616374453605965,0.3621830231440268,0.314067231082196,0.2953707424158333,0.38342683875815026,0.4233828652977693,-0.18275584789963514,-0.25978511919614,0.4017235298115638,0.08382766311375384,0.08436745632506207,0.008554683563357243,1.0,-0.1779326071941427,0.15436861513473624,-0.3820585787492535,0.06549104776922475,0.1883708529493911,0.13513326552023874,0.4719341690668012,-0.27722651483861066,0.5953655504176142,-0.40670687782600023,-0.22105338853726325,0.057229613295483484,-0.0350187838175443,-0.41453646694448876,0.31533048824965815,-0.40383148989662987,0.11166385058662623,0.25295257986427894,-0.22791192242984987,-0.07200302671845406,0.05530259772699985,0.07790710838562456,-0.22894451239759148,-0.30622464314248954,0.5089918629213803,-0.21663548133942181,0.2838344864788517,-0.02596022249503899,-0.07833499044747776,0.6855850111592802,0.06655847641646293,-0.06189750185236411,-0.2156195250713012,0.40959159904981945,-0.1829301362075298,-0.20445136744952627,-0.0702460026758468,0.16016874624134617,-0.36633976323089357,0.13338821101382015,0.388830837877224,0.04742433613104712,0.006919117086389301,0.499383495317199,-0.3560827857333061,0.3307810322395698,-0.04108605681611343,0.1701367254131198,-0.5014909409233937,0.1436892734463573,0.27498441571720933,-0.24698946697729918,0.49735507327188416,0.015011577769111528,0.22993303286041633,0.21724934363552237,-0.05557609852104074,0.5275602619805398,0.5773470977628606,-0.07277469182064057,-0.008043987135948108,0.3955258523526445,0.049007782290198754,0.5870992738253283,-0.3792307636195246,0.20579708463146953,-0.022948957799590428
Cerebellum_8_R,0.07387141070399682,0.24575589515510943,0.522685321736376,-0.4556373566817515,-0.032158221885725584,0.43014207559321255,0.0800620904056126,-0.2908238118591712,0.30017628301142996,-0.10097133213593634,-0.7457809556247953,0.2164218266296635,-0.28805689129521433,-0.5783972650655065,0.3829058114501104,-0.47380112818330683,0.024367362117332588,-0.1779326071941427,1.0,-0.6230163955051962,0.1449560717441941,-0.43739777218656206,0.013443319542339858,0.7481424054676099,0.40911627944154993,-0.2985635424705522,-0.32719502863257716,-0.3472677248081106,0.10655198720759966,0.1333212289262668,0.19177879690800406,-0.07742974885412297,0.4440698277483404,-0.06698129129230518,-0.1378710823763127,-0.32618053482431425,0.22294529785683664,0.4232657625536568,0.7169435519207791,-0.4953008775430889,0.10531307357167005,-0.22188858178244064,-0.33271905700976107,0.2165329206044994,-0.5715156333298036,0.3130099555400509,-0.30739378038293824,-0.42141303422796556,0.2767340173327989,-0.02966813047608406,-0.09285950846475839,-0.5331621283676677,0.6623905000408951,-0.6575490230597806,-0.6316352076343462,-0.5096922011926276,-0.05510148406363633,-0.7315744600564822,-0.26740819257117704,0.11399717985215028,0.5939426061777676,-0.11355279519108452,0.561215623032013,0.5559952644347893,0.3796225810261691,0.18597088467172204,-0.018448252729250127,0.5440531762453648,0.6174796487140233,-0.11232826995704487,-0.18052005561264292,-0.6131748585710995,-0.27905220798279295,-0.6547939442320286,0.604433194975681,-0.5695414545611502,-0.38127157551045293,-0.6254125978539371,-0.11959815244669747,0.10800718160078551,0.6279472006640581,-0.46195924945441147,0.6037110823006149,0.6327859032645108,0.6390770010655451
Insula_R,0.0764866181784541,0.028947940013934005,-0.3731334973031854,0.6861004195221578,0.06775143145289014,-0.23433845452153776,-0.050543109253153355,0.2574636955678498,0.025256615971764748,0.3074791194437154,0.8008250260326166,0.2001561868268417,0.4777512786758978,0.5832080801946699,-0.15343374474609853,0.5814532345351198,-0.06459424574029646,0.15436861513473624,-0.6230163955051962,1.0,0.024482694494347285,0.4253965411846582,-0.20226703562679568,-0.5302488918984825,-0.2783174471519824,0.6422033996144596,0.40042635343642236,0.49115460220859636,-0.09837192225595108,0.15192169395821273,-0.01642603693724404,0.2372045725267099,-0.36026819001569943,0.16927049629858446,-0.026714609126390648,0.3765232602306837,-0.16889366761519997,-0.3806630793845728,-0.4295844305607973,0.45585366205149774,0.07683218329994322,0.0962526299424788,0.29844805390401546,-0.08265074748717799,0.7253038277148425,-0.22951601583217957,0.6861423529720877,0.5061819623882893,0.1639610453432175,0.396559119803356,0.1711069510487714,0.4603638164322665,-0.2663070956565668,0.7020595483529908,0.7292992877288972,0.6316354393681541,0.09310772111350864,0.7372800977142854,0.03700542047679979,0.08253578206116674,-0.5404666203856964,0.20614517461832751,-0.4453580067546788,-0.39006777343137805,-0.28859320453750364,0.1949981606647323,-0.04541132831757439,-0.5097484026287443,-0.3666112855238834,0.1080878413969061,0.15987098784654014,0.755287944214519,0.519460438761829,0.8146312297349909,-0.675855060914447,0.6823198524580295,0.5128294654660452,0.7697985291901901,0.27957721667064594,0.10111276579454137,-0.7415561960623319,0.4850561355668012,-0.39933179048849915,-0.26512439839131047,-0.44822557363729304
Cerebellum_7b_R,0.41428044638913725,0.21645517572900005,0.09212698313888067,-0.2971637472552257,-0.04879969440641567,0.6786794246360554,-0.2044389344980573,-0.139470339558136,-0.05523592016482809,-0.21501014544976932,-0.26246748182310675,0.5755986469970865,0.5466464590296749,-0.2575406305633156,0.43263111303386637,0.17400730738804243,0.1508596828488802,-0.3820585787492535,0.1449560717441941,0.024482694494347285,1.0,0.1282154596177726,0.14191351916649045,0.08037110820609294,0.11428528327116103,0.34831112980110845,-0.41628341414111847,0.37890929174904653,0.19912714524741634,0.3355150195035402,-0.309399421242737,0.766818709299478,0.2525434654078927,0.16901780970602998,-0.2788219485064917,-0.3490380145406692,-0.08084250541997123,0.46325252872139555,0.3097572854509858,0.22885418587012388,0.6770699340762572,0.04847787500820044,-0.38019971758639554,0.23997517747374536,-0.19694554383043497,0.1904035557011764,0.09666446547451259,-0.4234504795172841,0.11933684928928037,0.15907642394269167,0.6090381773443472,-0.3415082640689414,0.20068571469097793,0.07138575635692275,0.03283215470497548,-0.2246370419853228,0.2147225857295292,-0.1954908308029143,-0.27733381495404713,-0.19011130160293616,0.35599386139503775,-0.3558448934130319,0.617830650790418,0.14611412040883837,0.2796147168390986,0.22212003243395473,0.16524514367532686,0.3380393685326854,-0.14436720500224634,0.26521404011872074,-0.5019146539572689,0.1241632529381429,-0.21921516818987483,-0.10232169898736411,0.15569436541476672,-0.1360365495917426,-0.3143206570581166,0.09546896884234005,-0.056608371106434824,0.037502807981395596,0.05020454174316757,-0.1854299044488324,0.16033536952850755,0.1807771473109017,0.36374868735222404
Rectus_R,0.23619677404613004,-0.22544425180251754,-0.11701592187597508,0.26683947323730656,-0.15891129203808083,-0.0037977127393588397,-0.01844291751493123,0.31319929587221856,-0.19497005702968084,0.0492070882060563,0.421201606429059,-0.0919763482107981,0.4598722861438892,0.46068767054680604,-0.10340268040802031,0.25956305117615336,0.190088880563857,0.06549104776922475,-0.43739777218656206,0.4253965411846582,0.1282154596177726,1.0,0.09691393709073721,-0.5294506831501269,-0.12525016037196113,0.21973614533943087,0.14405918544736213,0.3452607248507672,0.124606004697924,0.021747981026595267,-0.3420572616624955,0.22374663019393248,0.014424547825652783,-0.059881596711983,-0.01601599180866986,-0.17936691956164452,-0.16702769304447337,-0.08408302765356962,-0.3336746153158142,0.5896237442869596,0.17047664182963848,0.16152556545551833,0.20099109547569374,0.17442013253633057,0.3891566948531557,-0.20274735454900644,0.16766237569070785,0.07175119872046809,-0.02501771024404786,0.10595193345658763,0.09325068445088759,0.3101544541717989,-0.3711646071687464,0.48146009447690696,0.47191495651670173,0.1300024096224208,0.10218703818020226,0.45322180571326004,0.38227745523195017,-0.20644436154212265,-0.04993239570606056,-0.12282079817844045,-0.1900204701569167,-0.24647664237952277,-0.1232006697624783,0.22861783754487025,0.011914744377223778,-0.0679713600229064,-0.33759298091051115,0.0691140241576287,-0.1211088862190481,0.5401948879025451,-0.05087646488243667,0.39699523809115667,-0.1935557638488284,0.39353357707855996,0.09933017575552935,0.5317029275726751,0.12899776912454125,0.015992839622566125,-0.49978140136828153,0.28498031340205504,-0.31268438558476813,-0.28083554695084467,-0.31566935569473725
