,Calcarine_L,ACC_sup_R,Frontal_Med_Orb_R,Red_N_R,Thal_PuL_R,Cerebellum_6_L,OFCant_R,Raphe_D,Frontal_Inf_Oper_L,Paracentral_Lobule_R,Thal_PuM_L,Thal_MGN_R,N_Acc_R,Raphe_M,OFCmed_L,Temporal_Inf_L,Red_N_L,Pallidum_R,Cerebellum_9_R,Thal_MDm_L,Temporal_Sup_R,Frontal_Sup_Medial_L,Temporal_Pole_Mid_R,Rectus_R,Vermis_8,Precentral_R,Putamen_R,Occipital_Sup_L,Cuneus_R,Frontal_Mid_2_L,Vermis_7,OFCant_L,Parietal_Inf_L,Thal_MGN_L,Olfactory_R,Angular_R,Thal_VPL_L,Thal_PuA_R,Cerebellum_7b_R,Cingulate_Mid_L,Calcarine_R,Thal_IL_L,Cingulate_Post_L,ACC_sub_L,Thal_LP_R,Thal_AV_L,Cerebellum_4_5_R,Cerebellum_Crus1_R,Hippocampus_L,Precuneus_R,SN_pc_L,Frontal_Inf_Oper_R,Lingual_R,OFClat_R,Frontal_Mid_2_R,Cerebellum_Crus2_L,Fusiform_R,Paracentral_Lobule_L,Heschl_R,Thal_IL_R,Parietal_Sup_R,Thal_LGN_L,Thal_MDl_L,SN_pr_L,ACC_sub_R,ParaHippocampal_L,Frontal_Sup_2_R,Rectus_L,Fusiform_L,Cerebellum_8_L,Frontal_Inf_Orb_2_L,Temporal_Sup_L,Cerebellum_Crus1_L,Cerebellum_3_L,Frontal_Med_Orb_L,Postcentral_R,ACC_sup_L,Temporal_Mid_R,Cuneus_L,Vermis_4_5,Lingual_L,ACC_pre_R,Thal_PuA_L,Angular_L,Frontal_Inf_Tri_L,Occipital_Mid_L,Vermis_3,Cerebellum_4_5_L,SN_pr_R,SN_pc_R,Thal_PuM_R,Putamen_L,OFCmed_R,Parietal_Sup_L,Temporal_Pole_Sup_R,Postcentral_L,Precentral_L,ParaHippocampal_R,Rolandic_Oper_R,Thal_LP_L,VTA_R,LC_L,Occipital_Mid_R,Frontal_Sup_Medial_R,Thal_LGN_R
Calcarine_L,1.0,-0.5900235786776934,-0.4290117403243162,-0.29504347019487204,-0.18422371851884758,0.7070995583433847,-0.535247975776608,0.4820156793427135,0.5593765652692809,0.048220891507868874,0.30536747580823964,0.12766412340847832,-0.5131335497799727,0.4924559862957655,-0.6242618678402587,0.15352202045698413,0.32396363833135816,-0.550160165402329,-0.23555690332775753,0.3356283947952342,-0.3070500914928825,-0.4481321402410526,0.13705073824765993,-0.1900204701569167,-0.329026257910192,-0.0015953935383846772,-0.43702423416323555,0.2266227550591576,0.7513356470726921,-0.21195470680432443,-0.5480050769556496,-0.5104713841614636,0.371296320095807,0.31305861258669393,0.24353433201044927,0.383989287888881,0.6291036441396445,0.6193307484074417,0.617830650790418,0.18033761376479437,0.7886833950935453,0.6526086164303541,0.21531265749033018,-0.24636451653845412,-0.0061932543377707155,0.14814433863496076,-0.14261728426378664,0.10874115326717723,-0.11695057798654404,0.4096374102891146,-0.22502402378466146,0.17243380691576102,0.5461878998702453,-0.2834141960476851,-0.32033077212384453,0.6019166022236447,-0.3402018331037941,0.2145163981049713,-0.3375125530968613,0.35446195587096,0.20772322788637146,-0.3029731378144642,0.6065630236002214,0.2620040467494046,-0.1715268350935711,0.4759263859018654,-0.4379513739652052,-0.5092200787154084,0.31199456595387737,-0.0018969111043865292,-0.033366418058326505,0.5978097528061542,0.5977200029089756,0.24995781642532278,-0.3497117542426947,-0.04826546731858207,-0.3560827857333061,0.054076403143215546,0.9222075914072667,0.5101309270665213,0.7169393763000133,-0.6508765734500409,0.529653819780298,0.8895885727272191,0.30055126649214675,0.29463268310010177,0.66012761719075,0.3048622025670254,-0.5923644432083923,-0.5686420259278047,0.34853861092860405,0.39655113897738664,-0.1537860152058692,0.010637722681436599,-0.21570269901060388,-0.0018767971783257898,0.19758756754202272,-0.6372744993989174,-0.565992865650635,-0.0022063730650758997,-0.04178555534896359,0.2052872534408103,-0.44758264986563323,-0.45589788015967375,-0.2381014778050493
ACC_sup_R,-0.5900235786776934,1.0,0.23466365254418542,0.21744393656135488,0.16103869063554255,-0.30540253472545176,0.41282619879557586,-0.08574134216283948,-0.1728187210816421,0.06531242769337031,-0.08855515183645775,0.0020980996367305394,0.44831833612421224,-0.19410900334089726,0.39269103358216245,-0.0793216485870394,0.000482245724649892,0.5680112753795932,0.23842134695596892,-0.016522390874841773,0.3115738300796954,0.6167638378560564,-0.11876045480458354,0.14405918544736213,0.3221873775400426,0.31506585073441157,0.5989504715096243,-0.3172154053569317,-0.5292870690156416,0.5472310692166698,0.4020651065067672,0.40089417306831143,-0.2939788747941261,-0.04015781174874041,-0.13254823658735093,-0.2767435444812574,-0.28523190441644836,-0.0688697609395571,-0.41628341414111847,0.3677767183156335,-0.45973454671545483,-0.1719841223234064,0.23884648974341113,0.0078112260252989375,0.17612918701105532,0.21449708415407925,0.26488216496791556,-0.15873725562113178,0.2920952236084099,-0.2621820533801567,0.3966986535170098,0.20886252184784396,-0.24735685221178388,0.3642560819614934,0.580621530360141,-0.21473431911870822,0.27367737737160425,0.17316933982541483,0.2967278875403494,-0.008265442927476876,-0.25018279947947264,0.4141009529061655,-0.40351808342209466,-0.198309962057793,0.014356217066006078,-0.1488016968163485,0.6806798444178531,0.4940339818621394,0.06606936847314303,0.16189440355160253,0.30300944825043924,-0.32920746440270177,-0.2966957432497724,0.16851692390596187,0.16608758008069713,0.26564516271424393,0.5953655504176142,-0.07063390750747263,-0.5326463762322218,-0.2535702415453939,-0.4178878800250021,0.5734314422207251,-0.18690006213202695,-0.5293819801752647,0.0848504440902926,-0.24936478210685148,-0.25033249937289964,0.19701790552388287,0.5547677241028508,0.5183195223981201,0.19623050146993393,0.04494542025421143,-0.13626995497787675,-0.09344293409349826,0.1460490493678273,-0.022767253735683984,0.044559581660016105,0.49199292897075464,0.5669335844216359,0.11544630036823615,-0.06399522993890905,-0.08929465816929398,0.16846412089150564,0.6929009665735234,0.39310610146599234
Frontal_Med_Orb_R,-0.4290117403243162,0.23466365254418542,1.0,-0.0424807844476057,0.42736431109434425,-0.7424064973242236,0.5146272737688188,-0.6001568741218875,-0.4965836965657499,0.0909851899356021,-0.09745291560648658,-0.16256995261823132,0.2797759485660385,-0.6985855977911861,0.7829543970369542,0.11003304125484188,-0.5497399495127373,0.45042228318734406,0.12490493503094616,-0.5041566898971717,0.6679917395043584,0.15075424219135058,0.1531482496364966,0.47191495651670173,0.4395102527222229,0.04208745381332888,0.3411148891758701,0.33586436568578415,-0.02486605348859565,0.0035778855313625514,0.5888884208048614,0.5872952156700654,0.22900415564377208,-0.24117786230741883,-0.221863805518673,0.21282911919585595,-0.3638505773234826,-0.4736040891045446,0.03283215470497548,-0.17509361068247506,-0.28056379125916453,-0.359558965604995,-0.02481444017730123,0.2068050255434162,-0.019319996629210984,0.008441088447431976,0.6191925667418378,0.5198006272924671,-0.3647615327855475,0.27551613963862287,-0.07582675184247732,0.12476876737521747,-0.040504117939327525,0.14222646575279413,0.22108518434046803,-0.7983412820279021,0.7642534712216129,-0.48554005342531814,0.3953758520830122,-0.024900849213156013,0.23438571791078797,0.019982655535472876,-0.3415136293467103,0.15101895839751228,0.19574045375159868,-0.6961920979810245,0.08119104479289933,0.5213544730162212,-0.5189323705247129,0.05988388606024774,-0.4857365574783521,-0.6325494445307301,-0.6422341802773426,-0.5268392276345321,0.8674250259178731,0.2404359697584584,-0.0702460026758468,0.6063770422139878,-0.3656887991778997,0.16580774801522222,-0.312642011244111,0.20818196030806563,0.11262813064084523,-0.5531134250434037,-0.5731255609932342,0.4143815504504771,-0.6669971165335181,-0.260233459644532,0.5069677285797931,0.3732080266266586,-0.11186074283800346,-0.5999465853480074,0.18556481672414316,0.48442655571812454,0.543602607354631,0.40240583164548993,-0.24285413682492296,0.6290358209591165,0.6691601263078598,0.0023921968515967936,-0.053939962783408416,-0.31957801096065996,0.8630514445315464,0.13078925223956278,-0.022045864086886698
Red_N_R,-0.29504347019487204,0.21744393656135488,-0.0424807844476057,1.0,-0.03941406045825042,-0.14137654538694305,0.14514975864509738,-0.22428099127188833,0.04499039846477492,0.1701966118932075,0.27606023206811225,0.20740595571364023,0.42303619608381265,0.045080446736834714,0.19659335864746877,-0.20577530693049081,0.14423249587068412,0.30915803361837246,0.018718467903593786,0.20840285530572938,0.10324369920069741,0.3297858791697735,-0.17405667975207295,0.0264346841545723,-0.1416539672690041,0.3079004023388535,0.35432255981963895,-0.25122338959645923,-0.35777954539214685,0.38470169050454855,-0.01637997062998247,-0.003366732216336301,-0.09026105614269342,0.027927972649988433,-0.08516723398570802,-0.3884159234819207,-0.07486572679356374,-0.03945713039012504,-0.2872950387804065,0.1601218455125339,-0.1444606715092359,-0.17195896164877644,0.08157845455378451,-0.1678083534683363,-0.15851763736299368,-0.13940160434978655,0.02732145912377104,-0.3480770805965964,0.47982599048378954,-0.11761361387578417,0.4344101908281425,-0.11487053607451239,-0.030598995713210866,0.10661965648266536,0.32262476637259535,-0.10243526919532318,-0.018245300206362045,0.2134268557009789,0.35306802893958944,-0.16096204530190025,-0.10004968134550771,0.22390396089302128,-0.21478733813633,-0.3141013481610994,-0.12197540916441962,0.15087833810054183,0.23399363465755768,0.11027173764206633,0.017271051997128438,-0.05391918689607602,0.22341787229058246,0.0829801002690574,-0.19668137476493708,0.12946764401281294,-0.0676058012465012,0.26541610555335904,0.40777678469920575,-0.11138333168979345,-0.31194807131004976,-0.09910878574992715,-0.01725651739592892,0.3445206668299775,-0.17947191130668538,-0.13722858933912674,0.22413989071320534,-0.17895997053085225,0.0671571042389103,-0.019596728281228815,0.3976545681467192,0.5419040914276241,0.023973253302043855,0.10773660871981361,0.2799882627091193,-0.13507023642744184,-0.15101055388036452,0.0802085238695287,0.2618721710258492,0.40228220139483384,0.14786260443685903,-0.02931261208323865,0.2511923270335218,0.10867370456455701,-0.03507068836545346,0.19079895801755317,0.417644733382514
Thal_PuL_R,-0.18422371851884758,0.16103869063554255,0.42736431109434425,-0.03941406045825042,1.0,-0.4382839946393358,0.33677549678642255,-0.34239059004202016,-0.36925766667819865,0.2983314358712421,-0.03769339795556546,0.017082976349358004,-0.21617239716770992,-0.2903158701909367,0.31370556125280635,0.14467862479525367,-0.17643378712744212,0.13472874417039285,0.3244734881511117,-0.2332536036746716,0.3598609366210001,-0.012350251076519905,-0.11259181169986826,0.02997219587720265,0.5345956900203475,0.1823713100810651,0.14468266467904292,0.30859407209506456,0.21117175532769866,0.0909333649165369,0.5136198799796764,0.2911346383121219,0.16157600021624052,-0.0661113496253006,-0.3188499756146593,0.43299574761989573,0.17936941822949393,-0.28036919954544864,-0.15262921034610832,0.20861301213769146,-0.29810366570329344,0.1752374689226,0.34683264079505516,0.2616249454146457,-0.1687418604739825,0.09370694884182833,0.5710085752107537,0.3951764493074148,-0.39527793148033935,0.4002863020523147,0.0315740438806869,0.2773328662747476,-0.20360126115897947,-0.117694345713184,0.17155411721629216,-0.4256633143070425,0.4952306383678345,-0.2967681646073542,0.27353905775001786,0.2990951054232875,0.312044787204318,-0.06324840276585696,0.14506332444603623,0.4079717440032364,-0.0033451786564939433,-0.45565467424713335,0.23512131535753233,0.23347794113728235,-0.20496739805264705,0.32261531735477345,-0.37248707547686594,-0.592723276466838,-0.2085100547793891,0.028354279404689327,0.4077891194907249,0.33725338996104476,-0.1042726739135703,0.5527008654627613,-0.06792874579304403,-0.002555063101722953,-0.34934764889195286,0.1060306408257037,0.14795783176543664,-0.3456771297084532,-0.44323817129228493,0.28241568539639883,-0.36017871116696265,-0.11585639044420237,0.22983365899659286,0.1964632541032518,0.361227249554184,-0.39580493333390776,0.09917443542974796,0.36181473570371225,0.4103731473948802,0.17000976737001103,-0.22392732904790907,0.32164255614566745,0.34333090810147865,0.5283409855461714,-0.07115506783520477,-0.316931469596479,0.3808427724303227,-0.01928393346539012,-0.27363318403286885
Cerebellum_6_L,0.7070995583433847,-0.30540253472545176,-0.7424064973242236,-0.14137654538694305,-0.4382839946393358,1.0,-0.46640311848037513,0.6824111141056194,0.6291495362813554,-0.22552417430631838,0.1003944939611036,0.039867350897718444,-0.3127235922196285,0.6673866412366104,-0.7739442908214387,0.12191040785962046,0.4085701915977507,-0.43398728549773313,-0.1808131151017689,0.4623719264646415,-0.4942188449714695,-0.20867851851342967,0.007523656247099218,-0.3188770016667622,-0.32935809926853554,-0.13821545083648695,-0.25165929242364193,-0.11783325309760777,0.24891874962326196,-0.09711946674999135,-0.6023317073218823,-0.5201227137894138,-0.07686062699332456,0.3201696598387216,0.15295044985841977,-0.09760138315002598,0.3384645955752201,0.6074499339620051,0.27423128903777677,0.22252169380804432,0.5392960464704166,0.5180816459981815,0.1409574627053417,-0.2518535973798327,0.0732224902012174,0.14072382591379126,-0.4106929251711312,-0.22978199254967216,0.18778566355302062,-0.1498599766614872,-0.11041427765913939,0.071938845069597,0.3464122388975617,0.02944455297953801,-0.22243232184555436,0.8506064331874639,-0.6059090098739405,0.38065695813313655,-0.46983684708712636,0.1930318892974172,-0.33108512398381473,-0.014885723788913886,0.4056072440749721,-0.07942800755360423,-0.17051894786705268,0.6302772415944848,-0.1664291110351796,-0.4435535117247703,0.6926000820762905,0.08916597584803328,0.41781335842133593,0.6573710703962204,0.798601983950125,0.40498252960960296,-0.6795108547809579,-0.34143599525984103,0.04136839810556916,-0.41856547522772086,0.5747452785152188,0.21937100159227488,0.500838082257308,-0.28207831832356994,0.22589322315692692,0.6930622840589304,0.5741466867459316,-0.23918282004190472,0.7448354527230763,0.5571680487555833,-0.512217293222478,-0.46804604048901444,0.18420726638636192,0.7159913128435889,-0.23657262156428094,-0.44157614064131245,-0.3818708075004536,-0.3808719494821367,0.15150443504694985,-0.7047115816692707,-0.5129555871123984,-0.059279532902069554,-0.14100679333799856,0.337416583011276,-0.7282591910348463,-0.1510598840833541,0.022431672891891626
OFCant_R,-0.535247975776608,0.41282619879557586,0.5146272737688188,0.14514975864509738,0.33677549678642255,-0.46640311848037513,1.0,-0.44999316534274786,-0.21641003643815662,0.11007698653322129,-0.18100972837077453,0.039553580712280434,0.514091371896534,-0.3406558881396109,0.5656490952025801,-0.19675795159129567,-0.37367577599372614,0.46522449547403044,0.1812225076830991,-0.3155533318776665,0.4459088645337413,0.47041400547699347,0.033535240334646166,0.13640831676202328,0.3435476699754857,0.0977655806432707,0.5545774830450433,0.0711981835366542,-0.36412626147330085,0.20016340524887674,0.5788198067602792,0.44378818481543497,-0.04667405216021637,-0.13815872381720112,-0.14604914034956853,-0.13513136973629117,-0.3373235230246228,-0.48943918520726876,-0.24268206110213078,-0.03415812759921173,-0.6014790877287232,-0.3547067260996181,0.05763934779346005,0.27662182072410485,-0.1427935808028982,-0.13351702886801797,0.4327647495082503,0.29595615204840964,-0.22767346049398435,-0.11504862760559842,-0.0023818564701345002,0.02698384937561678,-0.3525431301954618,0.12259179881911052,0.39814860694971743,-0.4764628127370344,0.5066380587244188,-0.2303531129083783,0.4383656036083003,-0.308070754087385,-0.11769525795059718,-0.119008996560237,-0.30248141835077086,0.06684236520479535,0.1150263221397144,-0.4573315454348239,0.4944853707387776,0.38097894424312423,-0.2678265556720919,0.08935439188839374,0.0808735969324376,-0.5330781148031207,-0.4292112367933578,-0.2911035402114324,0.33405821050007645,0.10054379444456531,0.3782431694266251,0.31596546533928,-0.5516268646827217,-0.144605282554954,-0.4999026064234438,0.6287331730495463,-0.06988864395880548,-0.5923033508172606,-0.15363165350564742,0.1603484285568925,-0.4845501507018639,-0.29092264880972296,0.4003681009902781,0.3706117325276045,-0.12559969941549734,-0.18829217118271033,0.22916226733112488,0.17855249382844995,0.5274998562451566,0.1687970429056084,-0.17164809162538675,0.47093703178565727,0.6057969314383812,0.0726241560549808,0.14210553363981593,-0.23028916288991144,0.5018113741426217,0.3434326167956324,0.0710513485214717
Raphe_D,0.4820156793427135,-0.08574134216283948,-0.6001568741218875,-0.22428099127188833,-0.34239059004202016,0.6824111141056194,-0.44999316534274786,1.0,0.494503796289094,-0.09364154000711136,-0.05927942059362503,-0.1304396529099737,-0.44244304124484174,0.49184553798619596,-0.6831715778657578,0.23681350345635035,0.4707854070207593,-0.5322743877372584,-0.06425924898220892,0.2710517199531863,-0.5970883940733878,-0.07478270189961855,0.019825590102039756,-0.1935557638488284,-0.12490018174166959,-0.016431424850304684,-0.42983196039814886,-0.1157583056512345,0.2620953793608058,0.02893698058755943,-0.46490973978491335,-0.4019004852120992,0.08174701668062957,0.07068841111268753,0.00816778381743475,0.109852553149823,0.31354604524750884,0.5652770471610792,0.15569436541476672,0.380980106156211,0.32649920695280393,0.36848536113951147,0.19301790287836518,-0.1798369115931704,0.22244971708652164,0.3499774826551819,-0.41962232462923055,-0.31310629427501696,0.23090151081843016,-0.027491820115589,0.0033064901942359702,0.09644577359738915,0.06682330499540355,0.03585321184741963,-0.15008580152325549,0.7360488261147723,-0.6015070837057749,0.40344596284169654,-0.6088338211842187,0.4232253247213193,-0.11303358400280841,0.16964876576254773,0.2078349909914695,0.045473376183512666,-0.06759861364530467,0.5038206660838976,-0.012314567173344516,-0.3951416091236519,0.5720760148509123,-0.0016114055902057291,0.3568812933309711,0.4925924823744836,0.5793115569358626,0.5127681196143214,-0.5995332677326887,-0.18199196093835157,-0.05557609852104074,-0.5255248290195005,0.510267216245492,-0.16835537180070764,0.2173263869118386,-0.42327433857546604,0.13098061116562634,0.5865761113908479,0.47392560049501115,-0.18747525873944756,0.5037755872336521,0.46533863086067456,-0.467898284303576,-0.4100568435178508,0.2663530987644557,0.5013248242363515,-0.4413861374673896,-0.18166202111208418,-0.3871949533216877,-0.11534593425249953,0.2394234077463736,-0.6609635688575592,-0.5155828067735055,0.03882361853539871,-0.3457577313336786,0.30521136223698314,-0.6047485481072477,0.055847771618807156,-0.03771377386061382
Frontal_Inf_Oper_L,0.5593765652692809,-0.1728187210816421,-0.4965836965657499,0.04499039846477492,-0.36925766667819865,0.6291495362813554,-0.21641003643815662,0.494503796289094,1.0,-0.0926394714004624,0.46714677746872724,0.10041765044519875,-0.007501199540762252,0.47316342286491947,-0.5006629080719848,-0.069164156431035,0.3012910123143378,-0.1702460756567116,-0.13045860977172904,0.49192087321344713,-0.41346802321814996,0.1734141434248252,0.2169564721032324,0.014424547825652783,-0.3830557595686354,0.1834324776473862,-0.0007776238190891191,-0.12491922031033087,0.149744176723178,0.35996497738746036,-0.5257316955102307,-0.3034535027203284,0.19268618346136832,0.4146319799376221,0.19811343983618174,-0.2142675436048447,0.3257822862231142,0.603366838754642,0.2525434654078927,0.36789968576083243,0.41867117504870127,0.47660269512846065,0.3192094705493648,-0.1847382384787968,0.05837744016967799,0.13956252337725084,-0.34831392102309827,-0.3644211423601633,0.30334487144312294,-0.0030000460222741328,0.10270844597665126,0.0034837431493245,0.2852523594075528,0.09313508812080583,0.07008612382069553,0.6229033387924346,-0.4615285417097554,0.476506669412843,-0.31594114622298625,0.1691783028942377,-0.28376086594435806,0.06955954120899198,0.2356727231967211,-0.0994387688390872,-0.010809787045449508,0.5728161249002397,-0.1382806579044037,-0.34217080840599756,0.26463293227167745,-0.2311340669647585,0.6365676208672165,0.8180565720644825,0.27638753561829577,0.3543198708048555,-0.5953882119800794,-0.13721059612417588,0.31533048824965815,-0.31790734481299804,0.481677218913291,0.09153192908977746,0.5173243385363013,-0.14608057292827412,0.4873231387472083,0.6605183999178541,0.8699102045467962,-0.021227320330954667,0.5891086500611223,0.29797672777324613,-0.2887589392093844,-0.2136891070558961,0.29139537211880445,0.7861734170531101,-0.1036735157633401,-0.2798518082906968,-0.32249979484968266,0.13338859659115507,0.6912514351912085,-0.4159970620905691,-0.4218667190217222,-0.22555431407003854,-0.08773177111173555,0.3827501548975163,-0.48647222103474264,-0.024653692019257493,0.2620748563857245
Paracentral_Lobule_R,0.048220891507868874,0.06531242769337031,0.0909851899356021,0.1701966118932075,0.2983314358712421,-0.22552417430631838,0.11007698653322129,-0.09364154000711136,-0.0926394714004624,1.0,0.17567590733083713,0.19327851463324203,-0.05748725978915653,-0.0992668668565842,0.13033304301011367,0.04199672163048517,0.1638016088266724,0.0079481256439022,0.08967856839819173,-0.10756270079500004,0.2084728029203682,0.17628254354921602,-0.19981727917467057,0.04722947106189389,0.07131977172269433,0.6868096886893863,-0.031100642319591438,-0.0008059394305500138,0.18753781060528224,0.3433473485047483,0.24265961334203315,-0.04117346873930133,0.3379169123434128,-0.11596435231670175,-0.007359482404358267,0.35714697409738055,0.20277249835103764,0.02489569180052085,-0.007047121766051772,0.3877044256191718,-0.016262879785535186,0.09951696946034425,0.39071823048777066,-0.05537190722247924,-0.17840340959312218,0.04936672021943856,0.2796454701923424,0.10977304077822178,0.05943810189315403,0.6246858361994873,0.157996509696336,0.235355767184548,0.02038047536255377,-0.24511272427795724,0.40680972657237907,-0.19238249624962006,0.1143107512266498,0.35272058236819387,0.2291621356760696,0.09592699625079378,0.702913022008949,0.003570535651105858,0.0983862017866326,0.22969947286432,-0.048251041859871356,-0.06100149363913936,0.37047507183583056,0.04861990982855012,-0.009652320400322203,-0.011593797366820986,-0.2125689974669538,-0.14335523852304932,-0.022232262084326052,0.18153638478443385,0.10933246739144649,0.8300601926398123,-0.10005554820550135,0.27244623153307024,0.14424544366652098,0.12780397812803382,0.007399037107437284,-0.14696414326994436,0.18866639690393475,0.08921097391834851,-0.04424430479544984,0.3345121673032812,-0.09551051923102688,-0.004820297068393877,0.10605240494351342,0.17513398326579496,0.21897516462379474,-0.25243925918467175,-0.08894982158936861,0.488966937102429,-0.024826166705950312,0.441915686089601,0.24712430675152405,0.14252560493356176,0.06968706038512851,0.08568635491445646,0.20527239064423605,-0.03585082667027585,-0.008795979316796482,0.23993476010094966,-0.07059872612379169
Thal_PuM_L,0.30536747580823964,-0.08855515183645775,-0.09745291560648658,0.27606023206811225,-0.03769339795556546,0.1003944939611036,-0.18100972837077453,-0.05927942059362503,0.46714677746872724,0.17567590733083713,1.0,0.3937340501088562,0.23595928402025335,0.14364253590876966,-0.06257474937983248,-0.1672317986834043,0.18890098825663343,0.17752606580093838,-0.15161796467741714,0.4744943638535099,0.12116160732536714,-0.002688803996319313,0.3109262761593088,0.22861783754487025,-0.3628671227267235,0.40971335080488097,0.24740733419350905,-0.1282238806279246,0.09395458287027023,0.4025332684552569,-0.3770936484983793,0.0002214521014542864,-0.0006272964215600901,0.5421908548516868,0.14827490671826277,-0.2055448689934646,0.3981616321850514,0.4701305448550661,0.22212003243395473,0.08490841466805826,0.42222529386786434,0.4368760714031721,0.3354434487690733,-0.293372317098753,-0.059898584550438345,-0.09010501952368662,0.035547598225209455,-0.15395417137642564,0.397680690808377,0.13708854456118774,0.39974042939456944,0.14415107135368826,0.44998900885466336,-0.07649808263494502,0.022132116124231934,0.07435287524741904,0.037350364993580215,0.46710863634901423,0.18136306397940505,0.09491284910930868,-0.05618820949374847,0.1088789458715171,0.16345568735457977,-0.14815113774020416,-0.10616554362362603,0.4245154249040739,-0.28315486521975664,-0.1488120216882182,-0.14205740029675343,-0.26383337652530614,0.2860953405566081,0.545503436730059,-0.17145030770273195,0.25633695727088235,-0.0976903494964916,0.2533445164599062,0.1701367254131198,0.2052867435159413,0.2219583723104869,0.3180366460822742,0.5890296852840193,0.001737502233206923,0.504152842522525,0.32100961918945353,0.4480064360561482,0.016290493297476623,0.495361801655582,0.1145853348796497,0.009152236156879238,0.0825774390802788,0.4882144027584564,0.4211412749946041,0.10457241859795278,-0.2938321767922596,-0.01726772626789816,0.10465121040952903,0.7064967788202298,0.15838724229910706,-0.05906368920567899,-0.23313142246251076,0.17922780078844192,0.23652655704169565,-0.10406879770688024,-0.17775127155529927,0.46983369418834786
Thal_MGN_R,0.12766412340847832,0.0020980996367305394,-0.16256995261823132,0.20740595571364023,0.017082976349358004,0.039867350897718444,0.039553580712280434,-0.1304396529099737,0.10041765044519875,0.19327851463324203,0.3937340501088562,1.0,0.14646807640775122,0.4480296368533939,-0.1437375628324667,-0.34543069729127124,0.4422843609252446,-0.04859712689443875,-0.12566473084750324,0.3960941594268428,0.01564966761018055,0.04866399526589962,-0.09694144779660947,-0.3808079625921729,-0.39943278994735926,0.2475960081578891,0.10794049102314265,-0.087033457581411,-0.0012602263721276856,0.13548588962228317,-0.2704215750978319,-0.33723331657938055,-0.16154299390934235,0.27416599035538086,0.3407991989919768,-0.23707604698528967,0.46986061040729993,0.14500175733593954,-0.06955295482816265,0.10295599019166579,0.13608722056549274,0.21946184388149068,-0.007213061959135915,-0.16647492813909706,-0.25491959250373214,-0.14266533706974022,-0.04269278621278044,-0.14943351300393945,0.19836435227854624,-0.13974120413095067,0.33316767313385254,0.07252249422651497,0.02542857382567457,-0.3392673003304229,0.01256574701845137,0.17297574922132483,-0.10992226917194595,0.21595802829881908,0.5287115053724732,-0.26618557467648063,-0.005024895383454589,-0.40853621451527083,0.40480884017120616,0.26180282824502676,-0.15877676246709246,0.5165115747069408,0.14681894571017204,-0.2987237720085628,-0.08300062836189985,-0.05943351595599393,0.0854255217133832,0.17134414650010715,0.06346994446219115,0.4268219017413249,-0.23485866584075257,0.23868471549149406,0.1442415696954792,0.1395664273965122,0.01883328938978024,0.17326810969742787,0.17518867309597408,0.166114438218863,0.06399267450980482,0.0997566605663355,0.19421179035991679,0.022814846520426334,0.4256090807907578,-0.2477082999364487,-0.21770800163309686,0.01875295303845114,0.29806857971226836,0.18846670263823673,0.16168462292435057,-0.25752002767488075,0.030480518216884325,-0.17270773546128132,0.11701184175640833,0.04559667988130981,-0.11349922710989897,0.11172588641903573,0.6975235622370508,0.056846562946892026,-0.28236169090188074,-0.06902817312658412,0.07858012391686671
N_Acc_R,-0.5131335497799727,0.44831833612421224,0.2797759485660385,0.42303619608381265,-0.21617239716770992,-0.3127235922196285,0.514091371896534,-0.44244304124484174,-0.007501199540762252,-0.05748725978915653,0.23595928402025335,0.14646807640775122,1.0,-0.2516225798769911,0.5125195252905789,-0.37546600787213086,-0.24769041795597468,0.6678744659826977,-0.1133192332371154,0.007803835453198114,0.37475792951833764,0.4832647766786646,0.09952438057678249,0.28498031340205504,-0.13113840327099857,0.1445447551533726,0.7301924797498126,-0.22745062711785383,-0.6551656809366447,0.3772589830163955,0.20520868471613207,0.3558739537753136,-0.26307909142439484,0.017535565211293642,0.08035471252036193,-0.6022581187678184,-0.4593208528087011,-0.24855369529814822,-0.1854299044488324,-0.19517759514808275,-0.3045508191612819,-0.4348045927589738,-0.06654166322968079,-0.12656001343193743,-0.08823997612213087,-0.2379503437820901,0.17387598950636968,-0.11466836275457398,0.33573108497305665,-0.3747943510869642,0.2606575655439995,-0.1190873282552107,-0.06113667162822057,0.27115152500740297,0.38256431867259694,-0.36221733664352984,0.3179421828926682,0.04655114452695372,0.4615150772273377,-0.4884712711684499,-0.3807512906622546,0.16919716306539376,-0.5304312553632683,-0.4595375991440105,0.002685037393045647,-0.10541014841653752,0.23612600005120288,0.3552640268551386,-0.2004451326234389,-0.20532151249127711,0.36685690109024455,-0.06608615238660374,-0.4854006737162691,-0.2457169888494837,0.16040685637163274,0.05214656260429946,0.5870992738253283,0.022804659644097704,-0.6231952833407861,-0.01415893273142106,-0.1373390898889174,0.6822210459236142,-0.10082333878143536,-0.46028165255658243,0.18047973170681691,-0.22075522516952645,-0.19922593356585622,-0.11537072752089637,0.5253279761868948,0.5032819420646852,-0.21561761355031897,0.14955901933540217,0.21308029345781584,-0.213694261789092,0.1266274410218986,0.053870501007570404,0.18561773204822501,0.5487716210123783,0.5239575962576946,-0.31539611795476896,0.2700178804772888,-0.0027186933727933677,0.2768797089448343,0.3610456447043572,0.5502247847655227
Raphe_M,0.4924559862957655,-0.19410900334089726,-0.6985855977911861,0.045080446736834714,-0.2903158701909367,0.6673866412366104,-0.3406558881396109,0.49184553798619596,0.47316342286491947,-0.0992668668565842,0.14364253590876966,0.4480296368533939,-0.2516225798769911,1.0,-0.7100098531852772,-0.06141085334420154,0.6479914430226408,-0.3727156686317888,-0.13467887830565484,0.5786268824440868,-0.4673936820685594,-0.11045467815951958,-0.15323679889456604,-0.5294506831501269,-0.33251847169515514,-0.03199658066186809,-0.20349127651427243,-0.12767624520321144,0.15869257058001707,-0.04612976010619345,-0.5918705849401432,-0.5833543124483437,-0.050855686310688215,0.2764087157796623,0.2936561785969725,-0.1612370006334735,0.5449997282349973,0.49700963474578097,0.08037110820609294,0.23791688864929764,0.3707500971234817,0.5155169077644605,0.08691431880557689,-0.12164440225183339,-0.04096292845831873,0.010382648609870256,-0.3843624532149793,-0.3204979470102541,0.20264978294496702,-0.16100967743226263,0.15519432232918126,-0.039010933004165416,0.1674831108813594,-0.1885383879163348,-0.21834196427851502,0.7206902233327253,-0.5511632283150639,0.3831611252933664,-0.15324108671285677,0.039793403616370036,-0.20021314622288544,-0.23977262682758368,0.49738907122991977,0.1220389594516103,-0.1612628542042788,0.7027356997470791,-0.02770307122112918,-0.5482094910388167,0.40731826083698397,0.17530159756730718,0.2985053809443242,0.5551146203843199,0.5855374961642068,0.5996130829239362,-0.7081670085403973,-0.15638710778736675,0.13513326552023874,-0.3385866554261578,0.40282252090429965,0.013542940807022097,0.36823684245132055,-0.16736957256888957,0.006800440653267292,0.5330791761390998,0.46747330637295387,-0.22139595707456508,0.7843602909518947,0.1534713914965765,-0.46169965166792754,-0.3275475068699824,0.27495854216478943,0.5410404041786525,-0.024115028958780756,-0.3682365940513703,-0.331000419540254,-0.26167756351046256,0.17269733953533373,-0.5029289818761811,-0.5256551561874458,0.12459679657309441,0.27994112209082345,0.2763978164701575,-0.7011238633379847,-0.20361673108409017,-0.018025516110763258
OFCmed_L,-0.6242618678402587,0.39269103358216245,0.7829543970369542,0.19659335864746877,0.31370556125280635,-0.7739442908214387,0.5656490952025801,-0.6831715778657578,-0.5006629080719848,0.13033304301011367,-0.06257474937983248,-0.1437375628324667,0.5125195252905789,-0.7100098531852772,1.0,-0.03602635962902953,-0.4871411092047275,0.6227837514965476,0.16188490897250635,-0.4333964647636614,0.5951772227203985,0.30133238765164905,0.09102123455233808,0.45322180571326004,0.32799485922549587,0.12765501426318807,0.4934338384695129,0.18247413736802878,-0.31251397182266255,0.1486958337387187,0.670205820697208,0.6723479716024713,0.08831581843593342,-0.27342500113078994,-0.20824798551148158,-0.06355479770014325,-0.4954437750885337,-0.5448159870267738,-0.1954908308029143,-0.22271532010297745,-0.4648415993797419,-0.5420395748322095,-0.05372468912647084,0.12944886817495116,-0.042677349234255306,-0.03537132304684724,0.528829018292498,0.2809951700452216,-0.09030230565393309,0.11878524867915041,0.09324555514142324,0.02103500665854824,-0.21325778527785166,0.26465328196350163,0.3582802186736133,-0.8591290068575639,0.6733683688423661,-0.40558418789091705,0.4739358717142157,-0.21931332455903058,0.14861035543076795,0.18165104346870917,-0.46969420891079444,-0.11419407965651726,0.15732314804819228,-0.6423179690310258,0.20725974819688708,0.5994268352083396,-0.4281817292779002,-0.02210305556245794,-0.2787497041309421,-0.6191350829408278,-0.6628016522512394,-0.5286799376897418,0.7825005278813518,0.28979174789815126,0.13338821101382015,0.4006127277274101,-0.5993842699008181,0.009385474077814737,-0.4110004031632342,0.45349867485972156,-0.1148143243520325,-0.6625142177583753,-0.4542178381911211,0.18857586700148216,-0.7110680768549518,-0.24566889688066545,0.6188255592872673,0.5637319547929355,-0.2494613029151357,-0.5337239167009601,0.2199894453482379,0.3901362588578936,0.46079539277764564,0.35652284807353335,-0.1802761613178657,0.7478665347500697,0.6895247840283321,-0.014263007108441523,0.04974557061976279,-0.36130256941335026,0.7439638885688409,0.2520132947963733,0.14978882044061176
Temporal_Inf_L,0.15352202045698413,-0.0793216485870394,0.11003304125484188,-0.20577530693049081,0.14467862479525367,0.12191040785962046,-0.19675795159129567,0.23681350345635035,-0.069164156431035,0.04199672163048517,-0.1672317986834043,-0.34543069729127124,-0.37546600787213086,-0.06141085334420154,-0.03602635962902953,1.0,-0.04251936385524773,-0.022492176020869892,0.24705405039268402,-0.060711408780213146,0.02036546216264704,-0.16414558421439232,0.07692893589619816,0.21249953239251781,0.18873276664681807,-0.05404055149344631,-0.12582002446511795,0.24137538257856717,0.23893110680551535,-0.14867019118301236,0.08689870313470775,0.11540874511967826,0.2270828547978066,-0.20532336514580696,-0.14411175904326523,0.19853803287619434,-0.004236260917266394,0.07478303247338675,0.16598091630769463,0.02708442966254487,0.1798992736056887,0.1408621890873409,0.037017984915501276,0.1650712948480216,0.15006436947211582,0.15366877261530124,0.1808471100740253,0.14839002393094977,-0.060981941830223804,0.26137186528766454,-0.0871823505702694,0.06298523376483754,0.12887643642504418,0.10005569082606323,-0.11367599851651675,-0.021761997477834374,0.09280760852862438,-0.06503452107527267,-0.19425046302250448,0.30084095648122067,0.09872982882450657,0.310838636445742,0.15693397647570465,0.05507462460158491,0.24857368425439746,-0.09972774410295239,-0.09782068755689684,0.14170637903930694,0.22590318135251658,0.14992860784142162,-0.20579466839558164,-0.07108851568253244,0.3084875377946053,0.1119197958889871,0.17259354788016218,0.0170195102897294,-0.1877899130187565,-0.008566456131837109,0.16208912429874178,0.07189115444430494,0.0029611952776798533,-0.24591849861962903,-0.009308643256856966,0.07924705780542583,-0.13491083349503144,0.1027138926849424,-0.03318220133641779,0.3451068242939178,0.018332747813187444,-0.1696495658901801,0.02307840346640603,-0.045267427534552755,-0.10153668663745173,0.21050628444347352,0.033406189498960494,0.16729239097411652,-0.08554818283012186,-0.052810528766931125,0.03724071227983127,0.0813827779681708,-0.3765201379509431,0.02719908495371742,0.12525232932187827,-0.050570714401100635,-0.030721737902597062
Red_N_L,0.32396363833135816,0.000482245724649892,-0.5497399495127373,0.14423249587068412,-0.17643378712744212,0.4085701915977507,-0.37367577599372614,0.4707854070207593,0.3012910123143378,0.1638016088266724,0.18890098825663343,0.4422843609252446,-0.24769041795597468,0.6479914430226408,-0.4871411092047275,-0.04251936385524773,1.0,-0.2810437022365167,-0.03140129573548185,0.39512336673304943,-0.3670351999535281,-0.03529758907082978,-0.10741591421902257,-0.4006723321208276,-0.31242083784325303,0.24370693317806297,-0.19382286051700054,-0.2604867228720181,0.0770114294964463,0.1489967128547885,-0.4092288913116994,-0.5464787488363076,-0.01144161996435996,0.16469286443060352,0.2586867314169422,-0.08795769187350064,0.5558495906029741,0.5026853166676708,-0.0840298002460304,0.40002403289972777,0.28340059208589874,0.4362291909222953,0.14310790760386516,-0.25959006665972045,-0.03362024776002318,0.07380149213094701,-0.2890453688324934,-0.4587614762104776,0.4433495949753619,-0.013073838242177125,0.3556537607078077,0.022217627792991485,0.06794806335365222,-0.12144929225511833,0.05364759635826171,0.5171935903100316,-0.5153771415048443,0.48985504302892185,-0.035356638363155224,0.1962227306266537,0.06291587342906406,-0.007841732284147224,0.34069799915608046,0.10289408447317415,-0.06828931358239347,0.678083652485938,0.09899573991183276,-0.35551080884511665,0.4061613045055959,0.11168333274029363,0.1886752436651794,0.4004694504259939,0.48021000350719173,0.6612096483958284,-0.5122646875772539,0.19728896772393192,0.0014120208235520089,-0.3646626331963539,0.3504836440570766,-0.020983553084421604,0.2897931803552987,-0.2748123108399036,-0.011384949683380961,0.47749424439754223,0.4030598171289951,-0.1951692057696656,0.5606864069303525,0.2794359056478414,-0.31300096652554377,-0.06636797609975982,0.40301319411990044,0.34729197053458405,-0.09011612412681837,-0.16266772682790245,-0.4400244093569035,-0.11769598596391072,0.22577391666409558,-0.25528983174493936,-0.38663731000722956,0.152931909845131,0.2525521252959861,0.1558640256277891,-0.6542546805402881,-0.028097544472930003,0.08626480834496862
Pallidum_R,-0.550160165402329,0.5680112753795932,0.45042228318734406,0.30915803361837246,0.13472874417039285,-0.43398728549773313,0.46522449547403044,-0.5322743877372584,-0.1702460756567116,0.0079481256439022,0.17752606580093838,-0.04859712689443875,0.6678744659826977,-0.3727156686317888,0.6227837514965476,-0.022492176020869892,-0.2810437022365167,1.0,0.17536800605447916,0.1060825931081874,0.5852431230840843,0.3910194548309389,0.1326392104613535,0.39353357707855996,0.1411896253560913,0.18403124132663878,0.8797474639612884,-0.2477286953546011,-0.5721879623953126,0.36619667721696875,0.430950874509425,0.5174569591747048,-0.258868101102333,0.07367628295530543,-0.03910774560750239,-0.3837353326462995,-0.416012803299502,-0.18276505453617875,-0.1360365495917426,-0.0757748052058082,-0.3082794756768138,-0.21793889104536984,0.07713039707463883,0.007364704989209879,0.14457687205182643,-0.06181591238713691,0.453109669984419,0.061981717659593295,0.2530028942570182,-0.17356900356341526,0.3759073204733238,0.03306123647089296,0.03965474365901231,0.36461164080412367,0.4603401085108675,-0.5070582141987986,0.5523033039014029,-0.019727254219125082,0.4896872709129739,-0.2445691691264502,-0.24826015316721284,0.38996668986655414,-0.40489296344768566,-0.4452951555737882,0.043922701201734235,-0.3180336461915766,0.23955931170534817,0.6464607262229103,-0.18516125559364724,0.012950019216913756,0.12291312379094817,-0.2502472154669002,-0.4499663639865774,-0.17175700961688364,0.42508174421502243,0.19469837980305876,0.5275602619805398,0.21404589879555616,-0.5929867297390388,0.0672052223229167,-0.1607365003657049,0.6047891421653845,-0.10337394302281329,-0.5609908857515435,-0.019414225117910675,-0.15015019206778651,-0.31812091382619595,0.09108181071981118,0.769378785206994,0.5941911550129004,-0.01675039363760601,-0.0006827451520053261,0.3259426665447979,-0.06972966982898827,0.22554944908927163,0.06429935336235675,0.05224036865000655,0.7728668017313876,0.7078405630697157,-0.18228125143932594,0.04702328198003134,-0.15544472624613756,0.4394401888592419,0.33611119586989563,0.5554119296139322
