,Putamen_R,Insula_L,OFClat_L,Parietal_Inf_L,Postcentral_R,LC_R,Cerebellum_Crus1_R,Cerebellum_10_L,Temporal_Pole_Sup_R,ACC_sub_L,Precuneus_L,LC_L,Raphe_M,Frontal_Inf_Orb_2_R,SupraMarginal_R,Thal_PuI_L,Temporal_Mid_L,Fusiform_R,Cerebellum_6_R,Thal_VPL_R,OFCant_L,SN_pc_R,Frontal_Sup_Medial_L,Rectus_R,Thal_LP_R,OFCant_R,Precentral_L,Vermis_1_2,Postcentral_L,Cerebellum_8_L,Occipital_Sup_L,Thal_MDl_R,ACC_pre_R,Temporal_Inf_L,Frontal_Mid_2_R,Lingual_R,Temporal_Sup_L,Supp_Motor_Area_L,Thal_PuM_L,Temporal_Mid_R,OFCmed_L,Thal_LGN_R,Insula_R,Frontal_Sup_2_L,Vermis_9,Calcarine_R,Calcarine_L,Thal_AV_L,ParaHippocampal_R,Hippocampus_R,Cerebellum_8_R,Cingulate_Mid_R,Thal_MDl_L,Frontal_Inf_Orb_2_L,Paracentral_Lobule_R
Putamen_R,1.0,-0.02393616455248204,-0.07264874758465699,-0.25628029361331867,0.1597125840196931,-0.22386396599371697,0.027207991259356325,0.09060202456088479,0.2286787331340037,-0.06813721213244552,-0.18881418903195446,-0.11129550374060532,-0.20349127651427243,0.7215059435797002,-0.07904392088409505,-0.05036154683024554,-0.34100542337305684,0.47191938957135854,0.04488297402229854,-0.1377073880850398,0.4251557313133376,0.5776637059413423,0.4837021739101566,0.2738836939938583,-0.0034504027904607363,0.5545774830450433,0.07951367551708223,-0.23780390134641052,-0.006913635420758088,0.06715189716357897,-0.2215611545673304,0.28695885740247656,0.6761088209673091,-0.12582002446511795,0.5396107834225987,0.06489965321184989,-0.18099430038653624,-0.28809589658844226,0.24740733419350905,0.21105375799368412,0.4934338384695129,0.5567026350833654,0.6709798702645666,0.40931816936011056,-0.0038273621933551786,-0.2620933239337165,-0.43702423416323555,-0.07453261765228464,0.668233239301016,0.7402204810640796,-0.4757047743147159,0.22392513323573282,-0.35000377722690407,0.29002270964949434,-0.031100642319591438
Insula_L,-0.02393616455248204,1.0,0.7491388299944292,-0.17361611565470983,-0.17188467622560022,0.49810484923990117,-0.4492146262894744,-0.4073041016806272,-0.3344980144750115,-0.1966554591542914,-0.3633199496613501,0.4371367361362076,0.6384208619539619,-0.46272342734187044,-0.3565187318710305,0.08162074128519084,0.5259892730906911,-0.5393782833022147,0.16827017463641303,0.08319602251169227,-0.42064664016464026,-0.24100349875114938,0.08368908138938724,-0.24647664237952277,-0.03140110914752062,-0.31108132393473764,0.6077315146425637,0.5871288964199152,-0.22274999600158985,-0.2554601696109823,-0.3199354036674835,0.20252180418818364,0.010599380392638389,-0.29135500688466665,-0.11888299044341044,0.2454426809628916,0.8652446834243881,-0.1042018549829569,0.5694777909102594,-0.3656820166972603,-0.5981286551549123,0.3201634838388641,-0.39006777343137805,0.0007389925411124474,0.4158161115234556,0.4040646309323886,0.44795540563153186,-0.09688058387178108,-0.34095416520676136,-0.3829860979993012,0.5559952644347893,0.07992488986747436,0.3353511350787695,0.6898397833056796,-0.13437333971524515
OFClat_L,-0.07264874758465699,0.7491388299944292,1.0,-0.154423531589881,-0.193432704098506,0.2552587544164187,-0.4036037199332741,-0.22312416176837302,-0.2572192066687522,-0.13717138335364654,-0.264007432529903,0.2694795842573103,0.6463946115761596,-0.3638793953765616,-0.2817118346004503,0.2782968549781253,0.31170110387994615,-0.5227392849930788,0.018935903712895417,0.09205956912129981,-0.5007479930047134,-0.2578545074024735,0.09751836314485376,-0.540478948350232,-0.18166712080737193,-0.027346829941128577,0.23388801624264127,0.44544449085036586,-0.28026537635749366,-0.07129748591789253,-0.20197748813041203,0.23526246293545558,0.14705546897468944,-0.3504546605514686,-0.04496994901160085,-0.14822250226809267,0.48524567270080216,-0.010314441047454544,0.2363242615146505,-0.419166230099579,-0.5312174269351783,0.04014419702123639,-0.4720357709703917,0.01842680326268405,0.12583848772353906,0.019510316549565202,0.2948423086215838,-0.12202046980624524,-0.40860756676695725,-0.4486767929944912,0.5048237001943736,0.07968700809357314,0.4101152663209915,0.6320657731381162,-0.06404974375999067
Parietal_Inf_L,-0.25628029361331867,-0.17361611565470983,-0.154423531589881,1.0,0.27153736084133684,-0.13384587889183805,0.13967373792306687,-0.08267601286170666,-0.005914431695782731,0.004691633330242459,0.7246367032589804,-0.0629006240619762,-0.050855686310688215,-0.1490290427019179,0.13614857417611606,0.16491215432586276,0.1377716013353761,0.07111355328066847,-0.07018861155095439,0.17411474811515187,-0.050816287165742643,-0.12886474629320963,-0.01606172742942665,0.124606004697924,-0.16250341718287306,-0.04667405216021637,0.1408076027870564,-0.02020326772652295,0.8262087037907222,0.01595309389405557,0.6498779690856864,-0.09918451666330108,-0.4349671448738712,0.2270828547978066,0.12147882599701953,0.0058175358871717445,0.007770469347048459,0.5450849588581839,-0.0006272964215600901,0.11714206753371581,0.08831581843593342,-0.3641967512701879,-0.09837192225595108,-0.05072078818951648,-0.09521048506843204,0.13483800804602608,0.371296320095807,0.24369029094152614,-0.13312407237080004,-0.1264992652847527,0.10655198720759966,0.18456104505947107,0.2918302777512938,-0.2881196649038094,0.3379169123434128
Postcentral_R,0.1597125840196931,-0.17188467622560022,-0.193432704098506,0.27153736084133684,1.0,-0.2895925476402948,0.015324705153338718,0.030519850772987786,0.039072327103685314,-0.15670915401822127,0.6322957958320625,-0.11422166259063384,-0.15638710778736675,0.1276763863922607,0.6282135416915745,0.19932027037215508,-0.23290639553753512,0.2513439149458231,-0.01413083921673463,0.3151481654106193,0.07966293575175946,0.38958770611065485,0.28785045175687657,0.12899776912454125,-0.08132526991486816,0.10054379444456531,0.2691512430791136,-0.17706560330910595,0.44429902780632813,0.05294022806626359,-0.018888231965999886,0.06523093535720463,-0.054442752293710185,0.0170195102897294,0.5760113594308528,0.11978692677829214,-0.17390708772627436,0.6985937429856995,0.2533445164599062,0.34547199563545883,0.28979174789815126,0.10865026121926376,0.27957721667064594,0.45283123640828377,-0.25267092876988795,0.04170832258388345,-0.04826546731858207,0.1831755184122341,0.36705245800927466,0.43442515914400004,-0.11959815244669747,0.5779239826782971,-0.00884599722965383,-0.23709730983499105,0.8300601926398123
LC_R,-0.22386396599371697,0.49810484923990117,0.2552587544164187,-0.13384587889183805,-0.2895925476402948,1.0,-0.0513230873710961,-0.07480033175410228,-0.16928646081430337,-0.20942326572559986,-0.25506131784910274,0.3096656577244552,0.4584645864246038,-0.43179193029043117,-0.042237340827826125,-0.3439412568576962,0.5334211390098217,-0.35809724160224626,0.45672455031673265,0.141984380141099,-0.2736848870694307,-0.46906544178325343,-0.15404104370130095,-0.08408302765356962,0.30474574434243606,-0.42428326589716214,0.26200663088003623,0.6936370215187366,-0.3136172747156672,0.04032776097901978,-0.15391311679561154,-0.36099345282668405,-0.29048821631605776,0.0862654251003359,-0.26558854596004133,0.5096817510278152,0.6088189165527198,-0.23220611365284702,0.15126949608141504,-0.184067970383063,-0.6325683999766728,0.07449900411727371,-0.3806630793845728,-0.3364276801555899,0.6744365202501501,0.6237046093470143,0.6107063463930174,0.16441103658527648,-0.611852696101039,-0.5268153897575041,0.4232657625536568,0.02228721231011425,0.14057147939834572,0.29518513574323746,-0.2429702069662612
Cerebellum_Crus1_R,0.027207991259356325,-0.4492146262894744,-0.4036037199332741,0.13967373792306687,0.015324705153338718,-0.0513230873710961,1.0,0.06082671094841654,0.6182983017552779,0.3178405577015969,0.3574967223887507,-0.1895197925866516,-0.3204979470102541,0.2716878008144549,0.3943354923224659,-0.0849149432421016,-0.29681010067592545,0.6027833935206137,0.4427025712935541,0.29344313858377546,0.3202566521051171,-0.15166668364108016,-0.21910341461191488,0.13433708031586392,-0.040981252662089844,0.29595615204840964,-0.3666027852628742,-0.0902517475546483,0.05080244365483232,0.22984194653574097,0.4099123807454786,-0.09131092934282874,-0.012316678099903486,0.14839002393094977,-0.1975986439955467,0.2201492607261326,-0.43566344929793555,-0.10929185579011642,-0.15395417137642564,0.7372552651955379,0.2809951700452216,-0.3857501711184594,0.4495016885050383,-0.19168185509398475,0.20819962076769405,0.042259761536153406,0.10874115326717723,-0.14796419520975576,0.11138413469178776,0.05346651734342912,-0.3066894378502341,-0.25745696942721,0.06890470022350564,-0.5054909572651992,0.10977304077822178
Cerebellum_10_L,0.09060202456088479,-0.4073041016806272,-0.22312416176837302,-0.08267601286170666,0.030519850772987786,-0.07480033175410228,0.06082671094841654,1.0,-0.002133450016207273,0.21378570308968767,0.09371157038885364,-0.15390760459581013,-0.06523140032328559,0.16242006798634462,0.24301894775682348,-0.2582554006198001,-0.12292213415075605,0.12126977056060592,-0.19521621028493794,0.05331637656400101,0.19893998182531222,0.15234984467012846,0.1292101769035026,-0.01601599180866986,0.05066321372853492,0.08723483564313925,-0.27054722321513974,0.029026034627361544,-0.04462997141670337,0.3594670023449611,-0.08787807395606519,-0.17887422847674728,0.11087770407505415,0.3449539144010099,0.229541741165914,-0.22232567667682981,-0.3912739709771607,0.028575047624525684,-0.40943401536508967,-0.02646611422742285,0.027374335554885287,-0.15379746441543987,-0.026714609126390648,0.22196529991295041,-0.2615463872978602,-0.34970210927866074,-0.22041112823012046,0.14050953846386244,0.024487831848099564,0.20100472979636488,-0.1378710823763127,0.27593352239902585,-0.0833124771502877,-0.07097289401849416,0.09163063296029472
Temporal_Pole_Sup_R,0.2286787331340037,-0.3344980144750115,-0.2572192066687522,-0.005914431695782731,0.039072327103685314,-0.16928646081430337,0.6182983017552779,-0.002133450016207273,1.0,0.37514962542494523,0.09748775542632633,-0.15145676291994306,-0.331000419540254,0.5958369036768933,0.07135187376334645,0.18078681434395863,-0.409713635200186,0.5888443026165181,0.3734766840705779,0.18869961792018408,0.6131403064209919,-0.03790382964802871,0.0689011771133982,0.16766237569070785,-0.04702095419004215,0.5274998562451566,-0.152924248188811,-0.2242439003214236,0.07954306023657746,0.07065827701316965,0.44557772283724884,0.03583733107098517,0.4126027190122238,0.033406189498960494,-0.06470012209798659,-0.07078763594894591,-0.48907769182157373,-0.19979950682363154,-0.01726772626789816,0.5857612360124536,0.46079539277764564,-0.13318077019515476,0.6861423529720877,0.1460713671170463,0.08219202795991407,-0.21555883853152463,-0.21570269901060388,-0.17697307448632152,0.2946354663509848,0.22062245010054973,-0.30739378038293824,-0.2528881265396849,-0.00889195005421075,-0.21002795655286632,-0.024826166705950312
ACC_sub_L,-0.06813721213244552,-0.1966554591542914,-0.13717138335364654,0.004691633330242459,-0.15670915401822127,-0.20942326572559986,0.3178405577015969,0.21378570308968767,0.37514962542494523,1.0,-0.01953810954287602,-0.031200757656463716,-0.12164440225183339,0.23339376261786068,-0.10446447096387808,0.1031913581586991,-0.124279365010617,0.2285573313733015,0.007299274130934355,-0.11675947624763314,0.3034367895536333,-0.04954493690831229,0.08325952598930263,-0.017313158435805262,-0.20309502579899794,0.27662182072410485,-0.16330750712476735,-0.11728673656137677,0.04619162639214817,0.08501119394585936,0.22283854732752909,0.05929290253682626,0.21962074726278308,0.1650712948480216,-0.159749300345997,-0.22553643923151834,-0.2704938715273424,-0.14417456797841252,-0.293372317098753,0.1241869928590098,0.12944886817495116,-0.2178722704043327,0.11691766945543972,0.11281567102932874,-0.09507879791192385,-0.3068470371216312,-0.24636451653845412,-0.2913097600182454,0.10103361883025005,-0.0010787137612165106,-0.13812763551438953,-0.16016008319263736,0.04972351400054026,-0.046555204640346154,-0.05537190722247924
Precuneus_L,-0.18881418903195446,-0.3633199496613501,-0.264007432529903,0.7246367032589804,0.6322957958320625,-0.25506131784910274,0.3574967223887507,0.09371157038885364,0.09748775542632633,-0.01953810954287602,1.0,-0.23111019858840126,-0.2079617419690712,-0.0659422969899107,0.6249102372949457,0.10793865066669031,-0.06629860469145102,0.2695185333475186,-0.056251668079914975,0.41356062533931015,0.004262308445887307,0.008196612682979748,-0.04738346868502032,0.10218703818020226,-0.14851286150691062,0.0670723134746817,0.02621992211445163,-0.09999663825465747,0.6541734184509658,0.08574616690260022,0.38923575965334717,-0.17786667445281754,-0.41774532500219047,0.15267866023755564,0.252292227151987,0.054946407385482975,-0.2727817062384813,0.7087731249246064,0.01315232512790806,0.4511624736748479,0.19764939136381487,-0.4153157724603623,0.09310772111350864,0.08509526771437416,-0.2657464848262651,0.0444545589809005,0.26975327236145863,0.17219077348144282,0.030678574441927297,0.07163266913383894,-0.05510148406363633,0.2666206577218219,0.17783599674284828,-0.5012061579790869,0.7191353888686084
LC_L,-0.11129550374060532,0.4371367361362076,0.2694795842573103,-0.0629006240619762,-0.11422166259063384,0.3096656577244552,-0.1895197925866516,-0.15390760459581013,-0.15145676291994306,-0.031200757656463716,-0.23111019858840126,1.0,0.2763978164701575,-0.2388978382530911,-0.24876177872203706,-0.05023091721254158,0.26028901418314326,-0.30656667474258975,0.1385240038149206,-0.08689385451981338,-0.13448031803277255,-0.11908638427918827,0.018800899445423326,0.01981074889430641,-0.10594996065360855,-0.23028916288991144,0.39711409027873157,0.3044307384083475,-0.03658653174359623,-0.16872731183961914,-0.12912220664628243,0.07613049638066238,-0.04412801474970586,0.02719908495371742,-0.12842174377882717,0.15238452613465267,0.4802549961366074,-0.05238534464063136,0.23652655704169565,-0.25147387573377655,-0.36130256941335026,0.21649286896580763,-0.2364444109041255,-0.007752943227201184,0.28452052626475505,0.2316650141184428,0.2052872534408103,-0.16566876051565638,-0.20982942110060065,-0.24316793233892484,0.36305302054790656,0.03492118711211608,0.07294410784808435,0.3535880456464501,-0.03585082667027585
Raphe_M,-0.20349127651427243,0.6384208619539619,0.6463946115761596,-0.050855686310688215,-0.15638710778736675,0.4584645864246038,-0.3204979470102541,-0.06523140032328559,-0.331000419540254,-0.12164440225183339,-0.2079617419690712,0.2763978164701575,1.0,-0.5947826693916038,-0.08585769228634547,0.08292944255146051,0.5017623818776037,-0.5511632283150639,0.31155941452173713,0.28185570337119886,-0.5833543124483437,-0.3275475068699824,-0.11045467815951958,-0.5294506831501269,-0.04096292845831873,-0.3406558881396109,0.17269733953533373,0.7124847399684133,-0.26167756351046256,0.17530159756730718,-0.12767624520321144,0.19193992684204064,-0.16736957256888957,-0.06141085334420154,-0.21834196427851502,0.1674831108813594,0.5551146203843199,0.09390032593431677,0.14364253590876966,-0.3385866554261578,-0.7100098531852772,-0.018025516110763258,-0.5302488918984825,-0.17857741878366795,0.2482413616664071,0.3707500971234817,0.4924559862957655,0.010382648609870256,-0.5029289818761811,-0.4869324840594262,0.7481424054676099,0.1652304162722297,0.49738907122991977,0.2985053809443242,-0.0992668668565842
Frontal_Inf_Orb_2_R,0.7215059435797002,-0.46272342734187044,-0.3638793953765616,-0.1490290427019179,0.1276763863922607,-0.43179193029043117,0.2716878008144549,0.16242006798634462,0.5958369036768933,0.23339376261786068,-0.0659422969899107,-0.2388978382530911,-0.5947826693916038,1.0,-0.10042026216502431,0.009719590301717373,-0.5597228132662226,0.6849175909468818,-0.0594790519204903,-0.30408823158417814,0.7590311299900534,0.5543946050601587,0.47841085718173987,0.421201606429059,-0.009313149476772776,0.7642255442724492,-0.12346982508125127,-0.5886626145531303,0.15929583293144056,0.07682904275687263,0.0666091470788134,0.08186839727743556,0.7336588018582719,-0.02222984463697981,0.4403885118223905,-0.2184240273821521,-0.5898732634296789,-0.31971077303236023,-0.0942839689344517,0.32045229322565116,0.7990445897916294,0.331126278703012,0.8008250260326166,0.4593412040230561,-0.13780913622103827,-0.5554628437573562,-0.7008354797211573,-0.08583945406802988,0.7212075737256788,0.7368663568240112,-0.7457809556247953,0.003578240423907274,-0.5265926668088372,0.06605247016378606,-0.021277836447603376
SupraMarginal_R,-0.07904392088409505,-0.3565187318710305,-0.2817118346004503,0.13614857417611606,0.6282135416915745,-0.042237340827826125,0.3943354923224659,0.24301894775682348,0.07135187376334645,-0.10446447096387808,0.6249102372949457,-0.24876177872203706,-0.08585769228634547,-0.10042026216502431,1.0,-0.04905675066922042,-0.21217558646520082,0.23572675785038422,0.20619978499667022,0.653223528544252,-0.09437453299434992,0.08947009579764124,-0.14363047561546877,-0.059881596711983,-0.0448333675009324,-0.05918597295513802,-0.2569572883160665,0.06369486830856644,-0.018136498657953304,0.31890704922333074,0.04648187228401685,-0.16085422247559367,-0.3319684762027319,0.07251887014701004,0.22968441322212477,0.28810785601583594,-0.34815632391346923,0.5455765632966795,-0.06732112024755976,0.5213169931653021,0.011993089659749202,-0.2828300890582894,0.16927049629858446,0.025692296948100372,-0.10799354215144816,0.20169052484523964,0.2137230848017088,0.2293573546750495,0.035274150786366,0.13092993416607213,-0.06698129129230518,0.41239702527188754,0.12790353547426767,-0.5463413022028621,0.592292653167797
Thal_PuI_L,-0.05036154683024554,0.08162074128519084,0.2782968549781253,0.16491215432586276,0.19932027037215508,-0.3439412568576962,-0.0849149432421016,-0.2582554006198001,0.18078681434395863,0.1031913581586991,0.10793865066669031,-0.05023091721254158,0.08292944255146051,0.009719590301717373,-0.04905675066922042,1.0,-0.11248214068584257,0.00872423757540512,0.0630899800219965,0.16640432747235323,-0.07236266977200426,-0.014647259310828427,-0.029973893870102516,-0.20644436154212265,-0.33783005552311773,0.13195771726171007,0.02604452141084408,-0.06425000115250519,0.15164870610568362,-0.12262862145264755,0.37742831440055014,0.33161896904623717,0.1386691156565386,-0.10985614261433607,-0.07130492334090305,-0.2893586746648936,-0.11070510986254059,0.27660558763972426,0.21888941706815843,0.07783331505932144,0.11058447201280307,-0.11661551273765924,0.08253578206116674,0.08722827271277969,-0.1659911558982076,-0.07804841834047711,0.020009328639617414,-0.043576815978838446,0.006901558172431383,-0.05144044510549543,0.11399717985215028,-0.03840372967170911,0.38023629295743494,-0.01082413296132426,0.19546055402832013
Temporal_Mid_L,-0.34100542337305684,0.5259892730906911,0.31170110387994615,0.1377716013353761,-0.23290639553753512,0.5334211390098217,-0.29681010067592545,-0.12292213415075605,-0.409713635200186,-0.124279365010617,-0.06629860469145102,0.26028901418314326,0.5017623818776037,-0.5597228132662226,-0.21217558646520082,-0.11248214068584257,1.0,-0.5960804421918781,0.0925136187079093,0.0006041853169336196,-0.42488337587881286,-0.4311946653119952,-0.1462371634145045,-0.11106568382391424,0.14092680983315592,-0.4464671792708554,0.30951452468637397,0.5713702515205541,-0.03502288847637993,-0.139037314822643,-0.08588507734675382,-0.13237882752370975,-0.37847440569680185,0.21376943493924735,-0.23621053477996162,0.21717922589021005,0.6433734279566573,0.0092518492202655,0.09298433106980043,-0.4281995605830598,-0.590480501746507,0.023510617016937983,-0.5786381229991457,-0.2633838617841569,0.26702009205614763,0.4575927296961861,0.555910479824719,0.16638177771959548,-0.5602519874631212,-0.5526070286121367,0.5514899061597248,0.04458248765467416,0.3070404923721777,0.2863385153383848,-0.11904643179076356
Fusiform_R,0.47191938957135854,-0.5393782833022147,-0.5227392849930788,0.07111355328066847,0.2513439149458231,-0.35809724160224626,0.6027833935206137,0.12126977056060592,0.5888443026165181,0.2285573313733015,0.2695185333475186,-0.30656667474258975,-0.5511632283150639,0.6849175909468818,0.23572675785038422,0.00872423757540512,-0.5960804421918781,1.0,0.21952932181732318,0.09991531204884167,0.6442826603711298,0.3550414736837981,0.14557541592101572,0.3886544419573888,0.03922876731939771,0.5066380587244188,-0.18697800456283226,-0.45985911700150894,0.27190917330432673,0.1855800518466077,0.23891205331259105,0.09833366763597709,0.3190544353541008,0.09280760852862438,0.20605548857280068,0.12733574038383624,-0.5571767186707116,-0.1346827534337043,0.037350364993580215,0.7268493612300924,0.6733683688423661,0.01684543025429535,0.7809364444709185,0.21054949388263078,-0.12611565846855433,-0.21066909263430694,-0.3402018331037941,-0.020707765134192747,0.6362379034637411,0.6532898090174655,-0.5930080892406181,-0.06360364648210874,-0.2281700007789646,-0.36706775225321125,0.1143107512266498
Cerebellum_6_R,0.04488297402229854,0.16827017463641303,0.018935903712895417,-0.07018861155095439,-0.01413083921673463,0.45672455031673265,0.4427025712935541,-0.19521621028493794,0.3734766840705779,0.007299274130934355,-0.056251668079914975,0.1385240038149206,0.31155941452173713,-0.0594790519204903,0.20619978499667022,0.0630899800219965,0.0925136187079093,0.21952932181732318,1.0,0.39715276545258615,-0.06392060129179164,-0.24132128147438295,-0.297295602379863,-0.0919763482107981,0.020481703267768835,-0.0986292141306977,-0.006185258233752651,0.4551835836382478,-0.22662788422760957,0.276899304732538,0.20627686670789414,0.1397579982363334,-0.08799345303439356,0.12981243384476646,-0.314214941118692,0.6876895829065338,0.18631775033871367,-0.14616615072271186,0.2762276994700328,0.46338002531204836,-0.18920553039020369,0.10251476013846246,0.2001561868268417,-0.35755050249424086,0.5992589739419667,0.6444785047366882,0.47771124247348923,-0.00022698168074982854,-0.07210952361275286,-0.12357709285942947,0.2164218266296635,-0.11080667321731748,0.3590313268119136,-0.1773095198696575,-0.07648422872229532
Thal_VPL_R,-0.1377073880850398,0.08319602251169227,0.09205956912129981,0.17411474811515187,0.3151481654106193,0.141984380141099,0.29344313858377546,0.05331637656400101,0.18869961792018408,-0.11675947624763314,0.41356062533931015,-0.08689385451981338,0.28185570337119886,-0.30408823158417814,0.653223528544252,0.16640432747235323,0.0006041853169336196,0.09991531204884167,0.39715276545258615,1.0,-0.184574316230646,-0.18678324240816277,-0.26615283137064477,-0.18163563355512918,-0.01253553981605385,-0.1733761119473093,-0.0006488063569859605,0.43673634285953417,-0.0488870184773878,0.3025587793609692,0.22194081173211924,0.060789684497687894,-0.31328241732392964,0.0385657316821803,-0.06664724339626528,0.29239792478486915,-0.01373893412086698,0.35272327957495675,0.278543040516287,0.4795607364587262,-0.2870210105715167,-0.30406804528758896,0.10197279936933697,-0.08797953910440962,0.037195425251052384,0.3350315354885083,0.4884540830907739,0.22621650476188565,-0.18253649957375784,-0.07932706727243022,0.3115590178898496,0.2255675986936855,0.5541542869625997,-0.2899274031283747,0.2860022281999113
OFCant_L,0.4251557313133376,-0.42064664016464026,-0.5007479930047134,-0.050816287165742643,0.07966293575175946,-0.2736848870694307,0.3202566521051171,0.19893998182531222,0.6131403064209919,0.3034367895536333,0.004262308445887307,-0.13448031803277255,-0.5833543124483437,0.7590311299900534,-0.09437453299434992,-0.07236266977200426,-0.42488337587881286,0.6442826603711298,-0.06392060129179164,-0.184574316230646,1.0,0.33642941445981217,0.37515935716679283,0.5430672489463013,0.04832756534519652,0.44378818481543497,0.03404019047880602,-0.45792713503445626,0.2573241123243948,-0.014906548608633328,0.16367861885511537,-0.09599772882772666,0.5022603922276974,0.11540874511967826,0.23466085853237212,-0.16844071405033942,-0.4403764592369203,-0.28999700866136574,0.0002214521014542864,0.334152965766264,0.6723479716024713,0.11786528226711392,0.6836810924331217,0.4926883982897353,-0.07367159875813135,-0.3939631516105407,-0.5104713841614636,-0.06846914468982726,0.5124068635949969,0.5589300437072036,-0.5929617413836499,-0.029030415284356324,-0.44455248711758666,0.010497324740303723,-0.04117346873930133
SN_pc_R,0.5776637059413423,-0.24100349875114938,-0.2578545074024735,-0.12886474629320963,0.38958770611065485,-0.46906544178325343,-0.15166668364108016,0.15234984467012846,-0.03790382964802871,-0.04954493690831229,0.008196612682979748,-0.11908638427918827,-0.3275475068699824,0.5543946050601587,0.08947009579764124,-0.014647259310828427,-0.4311946653119952,0.3550414736837981,-0.24132128147438295,-0.18678324240816277,0.33642941445981217,1.0,0.4292229982680772,0.3101544541717989,-0.1158485699312779,0.3706117325276045,0.045205918366693604,-0.44909943642186856,0.1449451396579904,0.09778937972740631,-0.294409556151625,0.20572939313680172,0.397496806138294,-0.1696495658901801,0.5646925071527953,-0.028299243593919714,-0.2813865562336733,0.05467233120484669,0.0825774390802788,0.12079703449369054,0.5637319547929355,0.4901407012825323,0.4603638164322665,0.46868033382802626,-0.24661640766226864,-0.31331808324648835,-0.5686420259278047,0.031203000202797374,0.7402838899364445,0.7773105357856601,-0.5331621283676677,0.33354852091006937,-0.5034471563861649,0.027941852559492608,0.17513398326579496
Frontal_Sup_Medial_L,0.4837021739101566,0.08368908138938724,0.09751836314485376,-0.01606172742942665,0.28785045175687657,-0.15404104370130095,-0.21910341461191488,0.1292101769035026,0.0689011771133982,0.08325952598930263,-0.04738346868502032,0.018800899445423326,-0.11045467815951958,0.47841085718173987,-0.14363047561546877,-0.029973893870102516,-0.1462371634145045,0.14557541592101572,-0.297295602379863,-0.26615283137064477,0.37515935716679283,0.4292229982680772,1.0,0.17565317289773846,-0.026216390498559766,0.47041400547699347,0.36364481663269826,-0.20216734263607156,0.3048881805544825,-0.02694697511352591,-0.22182908664992496,-0.03152350246510109,0.5863713623593186,-0.16414558421439232,0.7620498436084084,-0.31191822060239005,-0.07598266737190865,0.11218355702916112,-0.002688803996319313,-0.11872754690043469,0.30133238765164905,0.27188439744525866,0.24505955024841267,0.795431692927447,-0.11855634846169019,-0.451397483325449,-0.4481321402410526,0.09863068671816633,0.3222097017903414,0.4185239037621983,-0.244045322818752,0.6112489298684687,-0.32850212746960594,0.48556595327419133,0.17628254354921602
Rectus_R,0.2738836939938583,-0.24647664237952277,-0.540478948350232,0.124606004697924,0.12899776912454125,-0.08408302765356962,0.13433708031586392,-0.01601599180866986,0.16766237569070785,-0.017313158435805262,0.10218703818020226,0.01981074889430641,-0.5294506831501269,0.421201606429059,-0.059881596711983,-0.20644436154212265,-0.11106568382391424,0.3886544419573888,-0.0919763482107981,-0.18163563355512918,0.5430672489463013,0.3101544541717989,0.17565317289773846,1.0,0.190088880563857,0.13640831676202328,0.2533953744242979,-0.31566935569473725,0.33643125251541994,-0.15891129203808083,0.014073227121067407,-0.15836115384179664,0.07175119872046809,0.21249953239251781,0.20099109547569374,0.17047664182963848,-0.0679713600229064,-0.16702769304447337,0.22861783754487025,0.21973614533943087,0.45322180571326004,0.3400600444156286,0.4253965411846582,0.21784363874558485,0.0621533516566268,-0.0037977127393588397,-0.1900204701569167,0.044514021538928375,0.3891566948531557,0.4512246407102793,-0.43739777218656206,-0.01844291751493123,-0.4428965010159964,-0.05461659184227801,0.04722947106189389
Thal_LP_R,-0.0034504027904607363,-0.03140110914752062,-0.18166712080737193,-0.16250341718287306,-0.08132526991486816,0.30474574434243606,-0.040981252662089844,0.05066321372853492,-0.04702095419004215,-0.20309502579899794,-0.14851286150691062,-0.10594996065360855,-0.04096292845831873,-0.009313149476772776,-0.0448333675009324,-0.33783005552311773,0.14092680983315592,0.03922876731939771,0.020481703267768835,-0.01253553981605385,0.04832756534519652,-0.1158485699312779,-0.026216390498559766,0.190088880563857,1.0,-0.1427935808028982,0.06831261316401784,0.052464356428663296,-0.0846382004875236,0.07508982913400025,-0.1960675102395556,-0.12073075044271141,-0.07199484261036129,0.15006436947211582,-0.08143357029857624,0.1522029646622333,0.09050753535331048,-0.25851079054137194,-0.059898584550438345,-0.03568885407084666,-0.042677349234255306,0.11807565946817566,-0.06459424574029646,-0.04585067333858904,0.08095780103504571,0.13454165642603996,-0.0061932543377707155,0.44529148543608155,-0.0602005397501781,0.018136473322911826,0.024367362117332588,0.02177669131793311,-0.09647389085070658,0.005842125630924353,-0.17840340959312218
OFCant_R,0.5545774830450433,-0.31108132393473764,-0.027346829941128577,-0.04667405216021637,0.10054379444456531,-0.42428326589716214,0.29595615204840964,0.08723483564313925,0.5274998562451566,0.27662182072410485,0.0670723134746817,-0.23028916288991144,-0.3406558881396109,0.7642255442724492,-0.05918597295513802,0.13195771726171007,-0.4464671792708554,0.5066380587244188,-0.0986292141306977,-0.1733761119473093,0.44378818481543497,0.3706117325276045,0.47041400547699347,0.13640831676202328,-0.1427935808028982,1.0,-0.17164809162538675,-0.44481210594445264,0.1687970429056084,0.08935439188839374,0.0711981835366542,0.1185199217654232,0.6287331730495463,-0.19675795159129567,0.39814860694971743,-0.3525431301954618,-0.5330781148031207,-0.12455440349390709,-0.18100972837077453,0.31596546533928,0.5656490952025801,0.0710513485214717,0.5581738315198532,0.3401977361438016,-0.16877949613338014,-0.6014790877287232,-0.535247975776608,-0.13351702886801797,0.47093703178565727,0.43740520191961685,-0.4968355449863007,0.019755745524401215,-0.30248141835077086,0.0808735969324376,0.11007698653322129
Precentral_L,0.07951367551708223,0.6077315146425637,0.23388801624264127,0.1408076027870564,0.2691512430791136,0.26200663088003623,-0.3666027852628742,-0.27054722321513974,-0.152924248188811,-0.16330750712476735,0.02621992211445163,0.39711409027873157,0.17269733953533373,-0.12346982508125127,-0.2569572883160665,0.02604452141084408,0.30951452468637397,-0.18697800456283226,-0.006185258233752651,-0.0006488063569859605,0.03404019047880602,0.045205918366693604,0.36364481663269826,0.2533953744242979,0.06831261316401784,-0.17164809162538675,1.0,0.27235230911103364,0.3850284090014298,-0.39107499137467544,-0.23085577039981017,0.06820709138052969,0.002009542837827697,-0.08554818283012186,0.2058871005223359,0.22227035883860893,0.6553586092356974,0.13107668495730995,0.7064967788202298,-0.15036198038128284,-0.1802761613178657,0.4518630301527682,-0.05772260359998522,0.3655874354221386,0.24862663597432116,0.2586030255847138,0.19758756754202272,0.0340873399338459,-0.012871629653764424,0.039564361155561924,0.26913392342691533,0.2535815499982143,-0.013646751603883654,0.5433002230040362,0.24712430675152405
Vermis_1_2,-0.23780390134641052,0.5871288964199152,0.44544449085036586,-0.02020326772652295,-0.17706560330910595,0.6936370215187366,-0.0902517475546483,0.029026034627361544,-0.2242439003214236,-0.11728673656137677,-0.09999663825465747,0.3044307384083475,0.7124847399684133,-0.5886626145531303,0.06369486830856644,-0.06425000115250519,0.5713702515205541,-0.45985911700150894,0.4551835836382478,0.43673634285953417,-0.45792713503445626,-0.44909943642186856,-0.20216734263607156,-0.31566935569473725,0.052464356428663296,-0.44481210594445264,0.27235230911103364,1.0,-0.2797394764897511,0.1792603079094657,-0.08416831333284444,-0.03232080390889593,-0.34821867482746777,0.1583017159845916,-0.227561090109574,0.41245180748769994,0.6120760078107275,0.012036041328107663,0.2515480933313862,-0.15764099799139833,-0.7467313431680686,-0.024980900942127356,-0.44822557363729304,-0.2768405691034489,0.477805472159349,0.5984164753355524,0.7414576922286334,0.17345778743502496,-0.5891575875509686,-0.5053248426619071,0.6390770010655451,0.15001102837309854,0.498085349863227,0.27767426713424664,-0.09482012146406976
Postcentral_L,-0.006913635420758088,-0.22274999600158985,-0.28026537635749366,0.8262087037907222,0.44429902780632813,-0.3136172747156672,0.05080244365483232,-0.04462997141670337,0.07954306023657746,0.04619162639214817,0.6541734184509658,-0.03658653174359623,-0.26167756351046256,0.15929583293144056,-0.018136498657953304,0.15164870610568362,-0.03502288847637993,0.27190917330432673,-0.22662788422760957,-0.0488870184773878,0.2573241123243948,0.1449451396579904,0.3048881805544825,0.33643125251541994,-0.0846382004875236,0.1687970429056084,0.3850284090014298,-0.2797394764897511,1.0,-0.12009524776846874,0.4514184001889355,-0.0629888099313138,-0.13901233872710028,0.16729239097411652,0.34798037865901715,-0.1258305015960935,-0.07056005399711257,0.48197430484828263,0.10465121040952903,0.16078024329826693,0.35652284807353335,-0.13095496745115387,0.14120844551960163,0.2907861371254109,-0.2318626272328427,-0.11425762585122683,-0.0018767971783257898,0.16922719100865521,0.18553589223305997,0.21882792431201994,-0.09693375944001457,0.2389942657631712,-0.015212116495436799,-0.14726329076224676,0.441915686089601
Cerebellum_8_L,0.06715189716357897,-0.2554601696109823,-0.07129748591789253,0.01595309389405557,0.05294022806626359,0.04032776097901978,0.22984194653574097,0.3594670023449611,0.07065827701316965,0.08501119394585936,0.08574616690260022,-0.16872731183961914,0.17530159756730718,0.07682904275687263,0.31890704922333074,-0.12262862145264755,-0.139037314822643,0.1855800518466077,0.276899304732538,0.3025587793609692,-0.014906548608633328,0.09778937972740631,-0.02694697511352591,-0.15891129203808083,0.07508982913400025,0.08935439188839374,-0.39107499137467544,0.1792603079094657,-0.12009524776846874,1.0,0.10914366120870471,0.0012109984316815096,-0.003881969675120731,0.14992860784142162,0.13500283417778083,0.05013475609353085,-0.3220743082260268,0.07683045837429532,-0.26383337652530614,0.1731757946046982,-0.02210305556245794,-0.19867794914594689,0.06775143145289014,-0.020455603903443365,-0.08061654333041389,-0.03574801195290488,-0.0018969111043865292,0.24126639775811104,0.016793764060886,0.11814411464183594,-0.032158221885725584,0.22616832963661743,0.13751352436453113,-0.2455622901583667,-0.011593797366820986
Occipital_Sup_L,-0.2215611545673304,-0.3199354036674835,-0.20197748813041203,0.6498779690856864,-0.018888231965999886,-0.15391311679561154,0.4099123807454786,-0.08787807395606519,0.44557772283724884,0.22283854732752909,0.38923575965334717,-0.12912220664628243,-0.12767624520321144,0.0666091470788134,0.04648187228401685,0.37742831440055014,-0.08588507734675382,0.23891205331259105,0.20627686670789414,0.22194081173211924,0.16367861885511537,-0.294409556151625,-0.22182908664992496,0.014073227121067407,-0.1960675102395556,0.0711981835366542,-0.23085577039981017,-0.08416831333284444,0.4514184001889355,0.10914366120870471,1.0,-0.03426546930334551,-0.12645289771825274,0.24137538257856717,-0.20808808573977322,-0.14734149846130407,-0.30150657148515847,0.17551773033424145,-0.1282238806279246,0.29751238344726616,0.18247413736802878,-0.521744513181076,0.16095208794799387,-0.19631331141930922,-0.006034185050111887,0.007299645819991537,0.2266227550591576,0.07242702190118433,-0.1648453037522742,-0.18038362860397136,-0.014639910219665939,-0.19719011564267935,0.3575722091668659,-0.39524713180782595,-0.0008059394305500138
Thal_MDl_R,0.28695885740247656,0.20252180418818364,0.23526246293545558,-0.09918451666330108,0.06523093535720463,-0.36099345282668405,-0.09131092934282874,-0.17887422847674728,0.03583733107098517,0.05929290253682626,-0.17786667445281754,0.07613049638066238,0.19193992684204064,0.08186839727743556,-0.16085422247559367,0.33161896904623717,-0.13237882752370975,0.09833366763597709,0.1397579982363334,0.060789684497687894,-0.09599772882772666,0.20572939313680172,-0.03152350246510109,-0.15836115384179664,-0.12073075044271141,0.1185199217654232,0.06820709138052969,-0.03232080390889593,-0.0629888099313138,0.0012109984316815096,-0.03426546930334551,1.0,0.29767181168291373,-0.04072778200150745,-0.08100758934000706,-0.018291389409833773,0.06701647795298306,-0.03405778558476902,0.2849429945922059,0.03707152672031767,0.07693468789315669,0.27237626839083556,0.15993929020650266,0.05350498624482656,-0.0814025903378807,0.0026700215259699922,-0.1197002700016934,-0.18837703509549777,0.3720676124160481,0.20458059913568383,0.11950003482886322,-0.00885314333212529,0.27775245957069117,0.08119421609457272,-0.01099129150102601
ACC_pre_R,0.6761088209673091,0.010599380392638389,0.14705546897468944,-0.4349671448738712,-0.054442752293710185,-0.29048821631605776,-0.012316678099903486,0.11087770407505415,0.4126027190122238,0.21962074726278308,-0.41774532500219047,-0.04412801474970586,-0.16736957256888957,0.7336588018582719,-0.3319684762027319,0.1386691156565386,-0.37847440569680185,0.3190544353541008,-0.08799345303439356,-0.31328241732392964,0.5022603922276974,0.397496806138294,0.5863713623593186,0.07175119872046809,-0.07199484261036129,0.6287331730495463,0.002009542837827697,-0.34821867482746777,-0.13901233872710028,-0.003881969675120731,-0.12645289771825274,0.29767181168291373,1.0,-0.24591849861962903,0.3177616062626608,-0.38063804522604877,-0.30081287416934416,-0.4018373495683874,0.001737502233206923,0.022108120238413975,0.45349867485972156,0.32301474991375617,0.5061819623882893,0.549215701583481,-0.06279603526098801,-0.6006252242096405,-0.6508765734500409,-0.25439704092131293,0.46672991235818345,0.46907362015992105,-0.42141303422796556,0.039563883581018776,-0.31154910131487334,0.43552997543211913,-0.14696414326994436
Temporal_Inf_L,-0.12582002446511795,-0.29135500688466665,-0.3504546605514686,0.2270828547978066,0.0170195102897294,0.0862654251003359,0.14839002393094977,0.3449539144010099,0.033406189498960494,0.1650712948480216,0.15267866023755564,0.02719908495371742,-0.06141085334420154,-0.02222984463697981,0.07251887014701004,-0.10985614261433607,0.21376943493924735,0.09280760852862438,0.12981243384476646,0.0385657316821803,0.11540874511967826,-0.1696495658901801,-0.16414558421439232,0.21249953239251781,0.15006436947211582,-0.19675795159129567,-0.08554818283012186,0.1583017159845916,0.16729239097411652,0.14992860784142162,0.24137538257856717,-0.04072778200150745,-0.24591849861962903,1.0,-0.11367599851651675,0.12887643642504418,-0.07108851568253244,0.005759497465236204,-0.1672317986834043,-0.008566456131837109,-0.03602635962902953,-0.030721737902597062,-0.08244822151172349,-0.08611378850826011,-0.04525352989788964,0.1798992736056887,0.15352202045698413,0.15366877261530124,-0.052810528766931125,0.019134754848163498,0.08696452061169346,0.08422808187778182,0.15693397647570465,-0.20579466839558164,0.04199672163048517
Frontal_Mid_2_R,0.5396107834225987,-0.11888299044341044,-0.04496994901160085,0.12147882599701953,0.5760113594308528,-0.26558854596004133,-0.1975986439955467,0.229541741165914,-0.06470012209798659,-0.159749300345997,0.252292227151987,-0.12842174377882717,-0.21834196427851502,0.4403885118223905,0.22968441322212477,-0.07130492334090305,-0.23621053477996162,0.20605548857280068,-0.314214941118692,-0.06664724339626528,0.23466085853237212,0.5646925071527953,0.7620498436084084,0.20099109547569374,-0.08143357029857624,0.39814860694971743,0.2058871005223359,-0.227561090109574,0.34798037865901715,0.13500283417778083,-0.20808808573977322,-0.08100758934000706,0.3177616062626608,-0.11367599851651675,1.0,-0.15846819092775666,-0.20421934032362088,0.3580541365118011,0.022132116124231934,0.028460271901511656,0.3582802186736133,0.25639076626695734,0.29844805390401546,0.6373523918439821,-0.257155600618906,-0.3400015644627235,-0.32033077212384453,0.20743335107793784,0.4059893332250467,0.5691895031813624,-0.33271905700976107,0.6893231533399042,-0.285649313515393,0.22884864757052834,0.40680972657237907
