,Supp_Motor_Area_L,Pallidum_R,VTA_R,Frontal_Sup_Medial_R,Temporal_Sup_L,Thal_VA_R,Postcentral_L,N_Acc_L,Precuneus_R,Calcarine_R,Caudate_R,Thal_MDl_L,Cerebellum_Crus2_R,Occipital_Mid_L,Thal_PuI_R,Cingulate_Mid_L,Thal_LGN_L,Vermis_8,Caudate_L,ACC_sup_R,SN_pc_L,Cuneus_R,ACC_sub_R,Thal_IL_R,Cuneus_L,LC_L,Cerebellum_4_5_L,Temporal_Pole_Mid_L,Red_N_L,Lingual_R,ACC_sub_L,Cingulate_Post_R,Thal_PuA_R,Insula_L,Cerebellum_6_L,SN_pr_R,Red_N_R,Precentral_L,Thal_PuI_L,Frontal_Mid_2_R,Temporal_Inf_R,Vermis_6,Vermis_7,Thal_VPL_R,SN_pc_R,Parietal_Inf_L,Thal_MGN_R,Angular_R,Thal_VPL_L,OFCmed_R,SupraMarginal_R,ACC_pre_R,Cerebellum_7b_R,Frontal_Inf_Tri_L,Vermis_10,OFCant_R,Frontal_Sup_Medial_L,Putamen_L,Pallidum_L,Thal_PuM_L,Vermis_1_2,Thal_LGN_R,Paracentral_Lobule_L,OFCpost_R,Cingulate_Post_L,Temporal_Sup_R,ParaHippocampal_R,Cerebellum_9_L,Cerebellum_3_L,Frontal_Inf_Oper_L,Angular_L,Precuneus_L,Frontal_Inf_Tri_R,Thal_PuM_R,Cerebellum_7b_L,LC_R,Thal_MGN_L,Rolandic_Oper_L,Parietal_Sup_R,Hippocampus_L,VTA_L,Cerebellum_8_L,SupraMarginal_L,Temporal_Mid_L,OFClat_R,Fusiform_R,Temporal_Pole_Sup_L,Heschl_R,Frontal_Sup_2_L,Olfactory_L,Cerebellum_Crus2_L,Rectus_L,Temporal_Inf_L,Cerebellum_10_R,ACC_pre_L,Calcarine_L,Olfactory_R,Thal_AV_R,N_Acc_R,Cingulate_Mid_R,SN_pr_L,Raphe_D,Paracentral_Lobule_R,Occipital_Inf_L,Fusiform_L
Supp_Motor_Area_L,1.0,-0.2992015142565556,0.21001830258108045,0.1146268294393449,-0.0933808814752065,-0.0721647219287761,0.48197430484828263,-0.4386925766202736,0.6398035912987224,0.06304402261996775,-0.28625940429245694,0.2683165046003291,-0.058748060352107855,0.3952423674582265,0.23952333161645073,0.5674098421080863,-0.10659141927310682,0.06937510756852242,-0.0930488821913863,-0.05313239638931973,0.0565275768300959,0.38028551977927794,-0.1067669573938489,0.19375155923579035,0.35324032405324246,-0.05238534464063136,-0.09901478803163606,-0.34117889237236004,0.3535138621800258,-0.05932226561721352,-0.14417456797841252,0.2560238360187336,0.06510199498802621,-0.1042018549829569,-0.13058067402289691,-0.1448101265367003,0.13079264228913115,0.13107668495730995,0.27660558763972426,0.3580541365118011,0.05364313038768998,-0.21161713469395568,0.03752062467780152,0.35272327957495675,0.05467233120484669,0.5450849588581839,0.22978161518802062,0.4635352703057895,0.4035642024187528,-0.11870929945858566,0.5455765632966795,-0.4018373495683874,-0.08084250541997123,-0.04313560480537757,-0.09567854255398796,-0.12455440349390709,0.11218355702916112,-0.27827393883390233,-0.2944449517934683,0.015792124554087066,0.012036041328107663,-0.29984775802767594,0.15200593933318488,-0.048181571869646174,0.3400388682112838,-0.08784492451261539,-0.07033892222680718,0.349106797864988,0.2536672317506458,-0.041289566233087924,0.2960667227064018,0.7087731249246064,0.13744696565366332,0.2328218580535937,0.018474721803696886,-0.23220611365284702,-0.24791018470986664,-0.0888785737467949,0.7461642836869036,0.043696206128782625,0.05922021375246302,0.07683045837429532,0.1248019148388202,0.0092518492202655,-0.30880084212297504,-0.1346827534337043,-0.15016424120794308,0.10595793981470922,0.20822692574005414,-0.28666498230900145,-0.01565716067912897,-0.1519666370895684,0.005759497465236204,-0.2694440282265723,-0.348809357887192,0.18660256328714042,0.01101841427368305,-0.16034389270477667,-0.32228164391786934,0.5435938067330062,0.34575072021219105,0.06955457776256664,0.7343899125818225,0.061012473356613674,0.052885012055233584
Pallidum_R,-0.2992015142565556,1.0,0.04702328198003134,0.33611119586989563,-0.2502472154669002,0.7125617505714053,0.06429935336235675,0.7596961865978907,-0.17356900356341526,-0.3082794756768138,0.843047423003361,-0.40489296344768566,-0.07486043818396164,-0.15015019206778651,-0.05170939809895108,-0.0757748052058082,0.38996668986655414,0.1411896253560913,0.7782040089692736,0.5680112753795932,0.3759073204733238,-0.5721879623953126,0.043922701201734235,-0.2445691691264502,-0.5929867297390388,-0.15544472624613756,0.09108181071981118,-0.2202584010043184,-0.2810437022365167,0.03965474365901231,0.007364704989209879,0.08713791530244006,-0.18276505453617875,-0.18974191158124726,-0.43398728549773313,0.769378785206994,0.30915803361837246,0.05224036865000655,-0.13681716204962371,0.4603401085108675,0.5425732184462349,0.14368619910449945,0.430950874509425,-0.2577934737987847,0.5941911550129004,-0.258868101102333,-0.04859712689443875,-0.3837353326462995,-0.416012803299502,0.3259426665447979,-0.0928427374298829,0.6047891421653845,-0.1360365495917426,-0.019414225117910675,0.555966253788339,0.46522449547403044,0.3910194548309389,-0.0006827451520053261,-0.13530890150143166,0.17752606580093838,-0.4055645089349674,0.5554119296139322,-0.019727254219125082,0.3838067219225042,0.07713039707463883,0.5852431230840843,0.7728668017313876,-0.45049759036342923,-0.17175700961688364,-0.1702460756567116,-0.5609908857515435,-0.13615772847538557,0.6449062031430323,-0.01675039363760601,-0.5035540531693918,-0.3318813523238091,0.07367628295530543,0.05129515836616555,-0.24826015316721284,0.2530028942570182,0.3991329200846768,0.012950019216913756,-0.4306948991056257,-0.3689552273886486,0.36461164080412367,0.5523033039014029,0.1830067021044059,0.4896872709129739,0.411619810570162,0.34705846011335756,-0.5070582141987986,0.6464607262229103,-0.022492176020869892,0.5652798550687573,0.6122269489959988,-0.550160165402329,-0.03910774560750239,0.4953366789064479,0.6678744659826977,0.10535161980940629,-0.4452951555737882,-0.5322743877372584,0.0079481256439022,-0.20393794654450884,-0.18516125559364724
VTA_R,0.21001830258108045,0.04702328198003134,1.0,-0.10321424275261284,-0.006170720702849352,0.34240390052672737,0.003934970884230788,0.042927507392607006,-0.05399949502097985,-0.019223302305246694,0.06075786929152401,0.27307175308903187,-0.10602072342952866,0.08817011874951923,0.17966127502808452,-0.11874203142081143,-0.40229071427941426,-0.3744596116475601,0.01770258574873969,-0.06399522993890905,0.18775361968391957,-0.07519373960839433,-0.11315890526583243,-0.5349493512588043,-0.13286235164008162,0.04821976389660716,-0.44067864776758914,-0.002987392707092188,0.2525521252959861,-0.0874711878110671,-0.04757310430428317,-0.3304640263221715,-0.10596736627216376,0.22138056867080816,-0.14100679333799856,-0.13839604012480453,0.2511923270335218,-0.015314787148707583,0.45615699024267076,0.02728524354406697,0.06547459549958694,-0.19311211528060365,-0.11798055504309315,0.06974163078505671,0.12005435089626114,-0.006889861413980634,0.6975235622370508,-0.24061427141220126,0.26313948175216845,0.36585486004765183,-0.00795497220740177,0.24713317237905885,-0.13865857689379787,0.04053953649995424,0.00421215668433345,0.14210553363981593,0.051352772882732364,-0.03234385620576506,0.029111756123320738,0.17922780078844192,-0.09362223855378868,-0.0016621734771204712,0.01717726960490895,0.5305868040179249,-0.14006101500015197,0.06871426692152248,0.1388384898959251,0.21769640544021454,0.10507027371719654,-0.08773177111173555,-0.03939403450833209,0.03180863361875164,0.0800490985617651,-0.06022160817713787,-0.042541860910521236,-0.2556214359119484,-0.006116082447450777,0.21346259712023202,0.1245105046363136,0.14563197166070244,0.4811077170037994,-0.048179433404322215,-0.012547090841834222,-0.15545683566020965,-0.23492202459753012,-0.02555000138991917,-0.16542867365906416,0.5933990869609949,0.031850163525826314,-0.5548266684230138,-0.08961208938734282,-0.27109389904598596,-0.3765201379509431,-0.35907323118247203,-0.3084631396527417,-0.04178555534896359,0.2874691171167744,0.44095907299221393,0.2700178804772888,-0.01861259969131118,0.11608167954953715,-0.3457577313336786,0.20527239064423605,0.0365637221682901,-0.16028867104709738
Frontal_Sup_Medial_R,0.1146268294393449,0.33611119586989563,-0.10321424275261284,1.0,-0.21920699777431918,0.38116641469081963,0.07708975696849223,0.4124080720343438,-0.1623976623584372,-0.3904579907558854,0.5657185122974547,-0.4450633217629039,-0.2984724108983172,-0.19486764665580297,-0.09063966078694004,0.4964841875113717,0.329655302414454,0.2484286806593927,0.3822687962000875,0.6929009665735234,0.2765637355691062,-0.4316007231346997,-0.08268553027383432,-0.03427057414680827,-0.3668032240301219,-0.02987859823512988,0.19379691181733458,-0.21987572122789384,-0.028097544472930003,-0.245957184872909,-0.02585188989090342,0.31419642825916394,-0.08018030853706166,-0.10207498962508968,-0.1510598840833541,0.4369867380397047,0.19079895801755317,0.15440863430809015,-0.14097114764417135,0.7294407334212382,0.09269697766472028,-0.11965980939221725,0.33620147101858433,-0.21824926120508897,0.41923035755047516,-0.19047160395000834,-0.06902817312658412,-0.11790604072573493,-0.39767575372835245,-0.2301328585810772,0.12330082261809712,0.4804938151524463,-0.33556473381460195,0.21549473540650468,0.03441489307820885,0.3434326167956324,0.8486216600005833,0.06532896132808771,-0.05790603154506014,-0.17775127155529927,-0.19939256081763887,0.252206991235722,0.3106500519186181,0.06918461449862855,0.24783007023190207,0.1390693250411008,0.24069796845785427,-0.29404324983759433,0.14008565534493633,-0.024653692019257493,-0.3987162786737347,-0.043024479124881235,0.5653893467129587,0.03437064764193127,-0.04661976134352417,-0.036766984907122664,-0.14994892612359295,-0.15487279142903812,-0.11192660948384246,0.25882247654265744,0.06522458384943197,0.030462092295802184,-0.34960361476020185,-0.16375107299190939,0.36761979275895706,0.09827337947704869,-0.1905948691705984,0.04819835971293699,0.7307578451903788,0.2392463301164794,-0.05605541296860569,0.3814784422031302,-0.050570714401100635,0.31788384289260485,0.5758456343856054,-0.45589788015967375,-0.1971745667760917,0.05197673753700684,0.3610456447043572,0.6655608637787308,-0.13892784806246664,0.055847771618807156,0.23993476010094966,-0.02907909752291081,0.13633143008731718
Temporal_Sup_L,-0.0933808814752065,-0.2502472154669002,-0.006170720702849352,-0.21920699777431918,1.0,-0.22840879999312005,-0.07056005399711257,-0.05721707743181162,-0.1064672339869493,0.6431768253227115,-0.2133254483130935,0.2691952806214257,-0.03873922329310287,-0.13818230173388552,0.29286596637232337,0.13191481402763483,0.05992165297537522,-0.6286735332966695,-0.2887886122871424,-0.32920746440270177,0.18977330567926964,0.13773356340715584,-0.013301115503069519,0.12484879334028105,0.48173830221855934,0.4802549961366074,0.31196267389388127,0.6280210570510085,0.4004694504259939,0.467298625802401,-0.2704938715273424,0.10815011151178243,0.6861684882631862,0.8652446834243881,0.6573710703962204,-0.3753759973748932,0.0829801002690574,0.6553586092356974,-0.11070510986254059,-0.20421934032362088,-0.5916214918484443,-0.0921818963610252,-0.7668843956753505,-0.01373893412086698,-0.2813865562336733,0.007770469347048459,0.17134414650010715,-0.3034007276335881,0.3129656574427716,-0.11696483914434942,-0.34815632391346923,-0.30081287416934416,0.3380393685326854,0.7535156277418456,-0.36461652152332036,-0.5330781148031207,-0.07598266737190865,0.7236618175101727,0.8369204938643734,0.545503436730059,0.6120760078107275,0.3525085905034263,0.5759104229870935,-0.42570015303380365,0.010056696390972304,-0.4491404457467082,-0.390411937875972,0.1994949833188797,0.36225832327530244,0.8180565720644825,0.7366865891750336,-0.2727817062384813,-0.6295774081189185,0.18413612364626064,0.457966114741487,0.6088189165527198,0.462767568359174,0.8220834416869861,-0.25252069428394447,0.46937741045404413,-0.023712225230393964,-0.3220743082260268,0.833943652277547,0.6433734279566573,-0.04319936888483881,-0.5571767186707116,-0.056742449773195223,-0.34183368588743507,-0.18929110106253896,-0.18546273355241003,0.6829135910056128,-0.4177071077966435,-0.07108851568253244,-0.039145225010609054,-0.3926152404968945,0.5978097528061542,0.32184574785299835,-0.007344508988859845,-0.06608615238660374,0.04041791476043175,-0.2274320842516533,0.4925924823744836,-0.14335523852304932,0.0438981075385696,0.23923253673668193
Thal_VA_R,-0.0721647219287761,0.7125617505714053,0.34240390052672737,0.38116641469081963,-0.22840879999312005,1.0,0.059592770637015506,0.6671190187565852,-0.22531715547132763,-0.34988776819665496,0.6998067256080003,-0.30778236358012623,-0.30111769160723323,-0.19815473366204225,0.16466281888305803,0.06371973599406928,0.2439567921249828,-0.006841303751424834,0.6280217786305708,0.6186461525949257,0.4728534291225838,-0.587550563585956,0.02909820156536353,-0.34356460953718587,-0.5968131021639896,-0.17856908000033153,0.012837464747175734,-0.24137493295122206,0.03633501496614086,-0.12085414392083221,-0.07246857301682019,-0.023950936609134128,-0.20276262647331633,-0.02534467473906672,-0.3904615162546173,0.5610194453689029,0.4182335802978038,0.08119715651848022,0.19644345853455433,0.5218835146680336,0.409187247113885,-0.11981801564987309,0.3575931791799129,-0.23265587596443765,0.6218996256690399,-0.22458042435602457,0.29871574152181224,-0.46738748614907694,-0.19583669594206862,0.2587231355336432,-0.09457926053638986,0.6221888422265357,-0.3143206570581166,0.07236221449659191,0.3542746149434803,0.4592838990180094,0.4918196113837813,0.060581226271965084,-0.04310392711334602,0.1807032135110024,-0.39946474870505844,0.49596645490016034,0.05648701301281649,0.5623060887525672,0.014778139859293962,0.39416978814160364,0.6999441804500087,-0.26475034933649344,0.018640559403101466,-0.17745018757278647,-0.48587688369604326,-0.14090120465989073,0.5587578954437361,0.04178390035192275,-0.3361293703400019,-0.4511187611726645,-0.009815927537367253,0.13975963946444464,-0.18852624821987968,0.42595309268576653,0.5675294773883447,0.02202661970662716,-0.3848119044821034,-0.4229466113296101,0.20807137131741021,0.36246849747053306,-0.07519346646118193,0.6264831848359897,0.5079199313371542,-0.010721658114137512,-0.38691128241331046,0.4369393391417846,-0.24975664859560073,0.27940548410315286,0.40565946497806427,-0.5400705438631084,0.07544482011384857,0.562313777424441,0.7483469105702084,0.2271911850455028,-0.26389905562419974,-0.46303379892315044,0.13074367184075955,-0.2175723340378226,-0.06845603324521989
Postcentral_L,0.48197430484828263,0.06429935336235675,0.003934970884230788,0.07708975696849223,-0.07056005399711257,0.059592770637015506,1.0,-0.01950661125685869,0.6786965045032137,-0.11425762585122683,-0.05173133774617078,-0.015212116495436799,0.22265257817232942,0.49340094086666975,0.03277762580493319,0.20892702033347305,0.1448890696448309,0.2181250755355665,0.014150402333286724,-0.022767253735683984,0.004347724697213732,0.2802344114768187,0.2001726987995503,0.16923636018541052,0.091437509008684,-0.03658653174359623,-0.17396261922416464,-0.1521859552801283,-0.11769598596391072,-0.1258305015960935,0.04619162639214817,0.28862194731028906,-0.12356149361402605,-0.22274999600158985,-0.3808719494821367,0.1340386697074468,0.0802085238695287,0.3850284090014298,0.15164870610568362,0.34798037865901715,0.34601168219951944,0.017219277370508716,0.32823698653178845,-0.0488870184773878,0.1449451396579904,0.8262087037907222,-0.17270773546128132,0.2564477754793609,0.05664063712352159,0.04098270748477942,-0.018136498657953304,-0.13901233872710028,0.038774257819703506,0.02098430036627457,0.3243949720281701,0.1687970429056084,0.3048881805544825,-0.2724680577277812,-0.2668575013046919,0.10465121040952903,-0.2797394764897511,-0.13095496745115387,-0.15569335744094626,-0.02770028214629427,0.29583907277476995,-0.0053835681807956545,0.18553589223305997,0.243996801053805,-0.12893529746369287,0.13338859659115507,0.08651346532346979,0.6541734184509658,0.15172656922869074,-0.02758752979739208,-0.40609322881848314,-0.3136172747156672,-0.35684810704141895,0.02185471408996997,0.519872687625682,-0.049858390941200835,0.1046017671191659,-0.12009524776846874,0.3004126667309914,-0.03502288847637993,0.008200870486936426,0.27190917330432673,0.22835551532996803,0.014060954524637799,0.2907861371254109,0.1530635154113311,-0.4081822597615695,0.08390406687334176,0.16729239097411652,0.1306953300044168,0.1617639333726139,-0.0018767971783257898,-0.1068574854927579,-0.14613919644123885,0.053870501007570404,0.2389942657631712,0.18500840366430038,-0.11534593425249953,0.441915686089601,0.005429019399415546,-0.20447365861925088
N_Acc_L,-0.4386925766202736,0.7596961865978907,0.042927507392607006,0.4124080720343438,-0.05721707743181162,0.6671190187565852,-0.01950661125685869,1.0,-0.40222377311192775,-0.30864244925185363,0.7691185354296545,-0.6272352130424482,-0.23206488934744168,-0.3506501951539078,-0.12412511527183082,-0.2000350578106297,0.4459335489164184,-0.06807817041348274,0.5915289529583245,0.5229642106462715,0.3554470258031125,-0.7086358907322766,0.09069827965159401,-0.3660254916175233,-0.6797141842226252,0.03388166042937638,0.06338472936382639,-0.013986347672115809,-0.31329148886941105,-0.038005052005093104,-0.04093790127171424,-0.0011699297167040814,-0.2064694747584798,0.013297972532594685,-0.3080673164866425,0.6210093301211809,0.37883697080842504,0.22580551091171747,-0.10551874758589178,0.35766178418069605,0.3044471546454902,-0.053710465320838986,0.24400821593217964,-0.5574275838808854,0.5407091224513715,-0.3954701936101374,-0.06705710254033515,-0.6086714102685734,-0.5968105117621626,0.15500882336625307,-0.37081970090077804,0.6776082440911527,-0.21990926222462,0.1617295244088361,0.3976659029820909,0.40766534071874405,0.46314819063220125,0.16563467127894788,0.04482862399869053,0.23928242356508253,-0.4167062114922867,0.6471738973791957,0.10630013325295475,0.34042085033626995,-0.033815327621506526,0.38372925932880747,0.6097243929792332,-0.5073611534960383,-0.21348080945796508,-0.05105991798028526,-0.5332164022147745,-0.3887001555928246,0.44662355872689785,-0.19654661008223892,-0.402552511734973,-0.18915668709203998,0.05879210222821422,0.22193192909948284,-0.44831773042174405,0.41992061829608207,0.3488293925022775,-0.2202049037856435,-0.3076389020212851,-0.3013569791723221,0.38114460964327584,0.32544940922765137,0.04979760390344885,0.29610114170688384,0.43991313076895233,0.4053511029974822,-0.3725668911487416,0.5090957603001395,-0.1716145597492492,0.5997299090337735,0.6403070208110268,-0.5902042516395053,-0.06960863214435158,0.4551713752505881,0.8779249726242924,-0.0077721091575804644,-0.6062799618887624,-0.3898135248228483,-0.11402282163149187,-0.21576082093982224,-0.14140993010575706
Precuneus_R,0.6398035912987224,-0.17356900356341526,-0.05399949502097985,-0.1623976623584372,-0.1064672339869493,-0.22531715547132763,0.6786965045032137,-0.40222377311192775,1.0,0.2535143353663263,-0.31603015966718406,0.2694771215362236,0.4169431206578251,0.6161312952637598,0.11036472906813292,0.28482400649146816,-0.05995940593306023,0.2002642173001398,-0.10518889406973865,-0.2621820533801567,-0.10684224725182105,0.7095803004045266,-0.03060296726364016,0.43135988822394195,0.5383566590938282,-0.1301217645120687,0.043260216323182374,-0.22065030810208694,-0.013073838242177125,0.22825038763480757,-0.02543784749955041,0.46073287763673026,0.08856693520864006,-0.2888777319855942,-0.1498599766614872,-0.0474896209503755,-0.11761361387578417,0.11908421416867507,0.10154405961529493,0.15884778049050352,0.2810361106974602,0.18813827467419655,0.21236548271421962,0.45412426971914327,-0.047999247138153366,0.7873185324407529,-0.13974120413095067,0.7281000407371258,0.336218077126524,-0.023475390301221078,0.5752686381472957,-0.5172959178471886,0.3155321939985296,-0.22339516357927416,0.1815411156043334,-0.11504862760559842,-0.13970878276045434,-0.3550002640778888,-0.330305582285561,0.13708854456118774,0.01307845132256767,-0.35751995565945344,-0.09819931700834894,-0.21063996764881585,0.4441361214238856,0.13143005695965496,-0.011860409669282812,0.35647041119092,-0.0669077645845311,-0.0030000460222741328,0.33265299687758665,0.9130456833435129,0.13110485910593464,0.25310022985379405,-0.20765201590639928,-0.13461356366649696,-0.15328558091313138,-0.16628717950755273,0.8161247965117575,-0.27267287996656064,-0.024235363867310716,0.09422193720989827,0.2491383594692091,0.02206269845671772,-0.24543342588942935,0.2575838418923886,0.28815755828561546,-0.06218697302168534,0.013686483647287069,0.09708879337862242,-0.24226917435565265,-0.03239102606534438,0.26137186528766454,-0.16169268197512363,-0.16070025930833481,0.4096374102891146,-0.11024793169856613,-0.3573901132723585,-0.3747943510869642,0.25685154879189503,0.3800706730087884,-0.027491820115589,0.6246858361994873,0.010493575731204392,-0.05424768908439446
Calcarine_R,0.06304402261996775,-0.3082794756768138,-0.019223302305246694,-0.3904579907558854,0.6431768253227115,-0.34988776819665496,-0.11425762585122683,-0.30864244925185363,0.2535143353663263,1.0,-0.413188226919413,0.3646264234034969,0.35570287676529566,0.06305665873787787,0.1338284209954645,0.061902694744223954,-0.15780547235891532,-0.5148384309770712,-0.3688676148061613,-0.45973454671545483,-0.07440676211436738,0.5139528408473568,-0.08455449394086362,0.3567588266445651,0.6812070602384565,0.2316650141184428,0.3355347597657051,0.4003961864803747,0.28340059208589874,0.8330906336582561,-0.3068470371216312,0.24592259963077057,0.7135780624264604,0.4040646309323886,0.5392960464704166,-0.34521047115513986,-0.1444606715092359,0.2586030255847138,-0.07804841834047711,-0.3400015644627235,-0.3328488379858194,0.27946225048109485,-0.6599295118857632,0.3350315354885083,-0.31331808324648835,0.13483800804602608,0.13608722056549274,0.18618210509804367,0.3729386266909396,-0.18794914330255083,0.20169052484523964,-0.6006252242096405,0.6786794246360554,0.17790072919977187,-0.12773449236550166,-0.6014790877287232,-0.451397483325449,0.34401090146057656,0.4415554297783861,0.42222529386786434,0.5984164753355524,0.15490584343601368,0.36339512147247743,-0.4941936106552314,0.03669456809748725,0.030381805080519415,-0.3085798711449446,0.2467156151023517,0.1496249064539465,0.41867117504870127,0.6892125922278197,0.0444545589809005,-0.4398532889751455,0.33558787251031585,0.3303895628483305,0.6237046093470143,0.45056954903804836,0.3400885893003728,0.047708348959033316,0.06535016665017006,-0.193687315186396,-0.03574801195290488,0.5623428245012194,0.4575927296961861,-0.11113783737923959,-0.21066909263430694,0.26315355132883506,-0.20286563170094782,-0.5029097556947097,-0.010181856471323863,0.43793999797551214,-0.27305901262453675,0.1798992736056887,-0.20858778861106286,-0.4839690171880417,0.7886833950935453,0.2080102105283122,-0.2783183671729003,-0.3045508191612819,0.003062630016011849,0.08956033167418402,0.32649920695280393,-0.016262879785535186,-0.040193399960149284,0.10581624263688122
Caudate_R,-0.28625940429245694,0.843047423003361,0.06075786929152401,0.5657185122974547,-0.2133254483130935,0.6998067256080003,-0.05173133774617078,0.7691185354296545,-0.31603015966718406,-0.413188226919413,1.0,-0.40791073864027333,-0.2902947247784003,-0.275196660091845,-0.022208471040850792,0.13035286880573863,0.39613825515596096,0.16466090675400194,0.8098088061642472,0.6443753047384703,0.42657114000000057,-0.6333819514778661,-0.1262850105250947,-0.29686598753438864,-0.5786255991387173,-0.08655778214267952,0.16899050402581176,-0.14390919005664923,-0.20208990935442595,-0.10204984511618961,-0.0516061492647431,0.22459514001514633,-0.1720235942627828,-0.05764152672635887,-0.21372003534675077,0.6629932625285012,0.3514429440915673,0.06108078417940863,-0.16689004082884457,0.5997772310848315,0.2954430770938545,-0.015522099243724455,0.3886137538019585,-0.2335392282791885,0.5709171179291926,-0.3458328714552103,-0.012169659736031806,-0.43069573923521814,-0.3907629178991186,0.24130071993012053,-0.10738301929321496,0.72793382782136,-0.33600791809139136,0.19674590752884405,0.2790221457409018,0.4874496272866586,0.5858862552556449,0.20344858414692865,0.005963051126470002,0.09286154177067446,-0.26357660705107255,0.4804543712033792,0.04520366097660179,0.341241570355714,0.23135490434109776,0.37622410328933226,0.5604569761006059,-0.49136560093134785,0.013143845076590261,-0.049595638383642296,-0.5494602927938103,-0.2601940307627901,0.6234835985333919,0.021018731131512834,-0.22692541623688844,-0.21672261600270964,0.002260974468767134,0.04129465606472486,-0.3996832016356901,0.32771966114206413,0.39286888751386656,0.06060957453444447,-0.4101270039205256,-0.33537024086598993,0.3798059705059508,0.35836163934557674,-0.0732241911464356,0.37867856579825077,0.532469648563948,0.28100276767729,-0.262537186234898,0.543688983837762,-0.12363271250104448,0.5186239916205814,0.6392605862607257,-0.5461759208973482,-0.14122707546095642,0.52507879071912,0.6885062530302614,0.3038708989709173,-0.49184694656650896,-0.34968853890583596,-0.03837333056676916,-0.11891876898377013,0.06602416350614561
Thal_MDl_L,0.2683165046003291,-0.40489296344768566,0.27307175308903187,-0.4450633217629039,0.2691952806214257,-0.30778236358012623,-0.015212116495436799,-0.6272352130424482,0.2694771215362236,0.3646264234034969,-0.40791073864027333,1.0,0.11594259795243238,0.2896397158561721,0.3422549437566263,0.15330523332597573,-0.37031823331766994,-0.20984594566206913,-0.2903742220397297,-0.40351808342209466,-0.052902082783743996,0.5718330092448717,-0.0017366196993800903,0.11843962549070249,0.5277209453036368,0.07294410784808435,-0.0325170159458479,0.12780152165328287,0.34069799915608046,0.12021627005626677,0.04972351400054026,-0.05109946447521818,0.3097876035142421,0.3353511350787695,0.4056072440749721,-0.6012128360913834,-0.21478733813633,-0.013646751603883654,0.38023629295743494,-0.285649313515393,-0.3167627899577785,-0.08030182045918105,-0.33875187114308497,0.5541542869625997,-0.5034471563861649,0.2918302777512938,0.40480884017120616,0.18339069045331222,0.7095718662540994,-0.029383989420161592,0.12790353547426767,-0.31154910131487334,0.1803153647211264,0.13748546330258546,-0.3795101811919797,-0.30248141835077086,-0.32850212746960594,0.1694698922504758,0.27380718466155357,0.16345568735457977,0.498085349863227,-0.3431635263374406,-0.01040499776391205,-0.02296772493448069,0.05554330617103334,-0.33155341336658445,-0.4162695130958291,0.49528421374624754,0.39134152552755347,0.2356727231967211,0.530858783596498,0.17783599674284828,-0.3479378210299408,0.24633088486311724,0.41554325746469495,0.14057147939834572,0.13709975641663452,0.1511743873394904,0.19410906478396192,-0.11140133583190273,-0.08378516796815191,0.13751352436453113,0.4529195159762039,0.3070404923721777,-0.38039963010947425,-0.2281700007789646,-0.1582213055927582,0.009268434236099406,-0.28432262323892504,-0.5552880289825423,0.3695764335313149,-0.4969969972786435,0.15693397647570465,-0.5953272134802637,-0.5785133330019111,0.6065630236002214,0.3302840305842902,0.050394270957318674,-0.5304312553632683,0.04198406456624189,0.42943079960940445,0.2078349909914695,0.0983862017866326,0.10180923567567332,0.2225390877128249
Cerebellum_Crus2_R,-0.058748060352107855,-0.07486043818396164,-0.10602072342952866,-0.2984724108983172,-0.03873922329310287,-0.30111769160723323,0.22265257817232942,-0.23206488934744168,0.4169431206578251,0.35570287676529566,-0.2902947247784003,0.11594259795243238,1.0,0.45392692753635866,-0.21858933387718213,-0.2599234773660862,-0.3460120677860011,0.14404457800103507,-0.20224754839371198,-0.3397523990254347,-0.2475704248847744,0.5236803281162651,0.06940925780526348,0.20413283823862988,0.3389030963894332,-0.001011824337418762,-0.10670285652707531,0.21568920310230993,-0.2598703362498824,0.40164753598262726,0.11209137455238175,0.03992342941413558,0.007956506638722214,-0.18270117683748852,-0.08478980490071983,-0.0257865520476219,-0.3615115312144429,-0.040987854533994096,-0.12087455143378524,-0.31670778344327805,0.3016876123913427,0.6468803439540853,0.030508562778994826,0.2380276585855318,-0.26899557877139535,0.3082074538542156,-0.17023851557867015,0.47973847402954833,0.1471915314655478,0.06717395405088539,0.20780747747532863,-0.28367276694780685,0.766818709299478,-0.3298592940184422,0.3777220133813975,-0.048583314750200474,-0.28571697550789277,-0.23966044992126817,-0.10984087293282914,0.05869104681164797,0.0873386117974662,-0.31336764312551574,-0.2015104694222689,-0.19122114799858164,-0.027284316422277063,0.27607477383082696,-0.05360403611941339,0.13051182971277703,-0.3295229896116569,-0.0628301408899578,0.12959048662628322,0.3502735928332253,-0.08392677746687711,0.00913828142402727,-0.25695240354383303,0.18859441502026164,0.07514223074816186,-0.144112283777335,0.30922808127648,-0.5377309257941216,-0.15771624094153935,0.05504884136049966,0.11401339094069693,-0.03405953698686415,-0.167605303189646,0.4384294216227379,0.5815638167058232,-0.11397036996694707,-0.3000258516724698,0.30665658951846997,-0.20933066915885287,-0.006273536770191458,0.17163826502803364,-0.14779898399014774,-0.07851889317213655,0.35389885364378826,0.08323487767816368,-0.35442959466190777,-0.17694813136680723,-0.280027482549925,0.3655157590149632,-0.08977106649207392,0.035929568215982484,0.06279681435708252,-0.3737014958012533
Occipital_Mid_L,0.3952423674582265,-0.15015019206778651,0.08817011874951923,-0.19486764665580297,-0.13818230173388552,-0.19815473366204225,0.49340094086666975,-0.3506501951539078,0.6161312952637598,0.06305665873787787,-0.275196660091845,0.2896397158561721,0.45392692753635866,1.0,-0.004658316251872018,0.09802925986883677,-0.3308440666101137,0.18385045201688263,-0.1395117678770883,-0.24936478210685148,-0.16775293089924836,0.5370231210958735,0.07479977181744399,0.048371328709380323,0.3568557279382704,-0.11040460736046016,-0.19917689377915215,-0.13215598050298705,-0.1951692057696656,0.057173299887384274,0.09096247163695831,0.009541131743708868,-0.11539770614343715,-0.21160086500698294,-0.23918282004190472,-0.08716176874972015,-0.17895997053085225,-0.06303888369146475,0.16035179621453052,0.08995480311317222,0.335136069016302,0.33097702047925964,0.2313926616517905,0.29529347904839115,-0.10503135564408148,0.6268427582343016,0.022814846520426334,0.5129609321710978,0.2675109738056716,0.13462242152673626,0.28040709196378993,-0.30532277106683897,0.26521404011872074,-0.182809410705574,0.3011829830392071,0.1603484285568925,-0.06694344905573904,-0.3361140053132579,-0.27786489947887033,0.016290493297476623,-0.11050509784859436,-0.39280914873913986,-0.30208731575888026,0.1422870359124308,0.049662990170020384,0.11324489707785067,0.027270415106665363,0.2635051840813854,-0.1723197611465475,-0.021227320330954667,0.23554414167556348,0.6748421471337457,0.04951798257232079,0.05527955722407233,-0.27333978714631707,-0.21082819440560105,-0.18931225958641862,-0.18639619592486942,0.6106256460108324,-0.36420706593032054,-0.009870147933079576,0.027080782312124227,0.1741128003599875,-0.12556144780314402,-0.37746808507217106,0.28101240359931245,0.28665862683326854,0.19802203308231228,-0.08645721251597802,-0.03931782423314521,-0.2185885144192267,-0.00038400043527099065,0.1027138926849424,-0.24841801239544498,-0.1312273461094133,0.29463268310010177,0.07415413537847267,-0.21788361233609593,-0.22075522516952645,-0.0045311957787951655,0.3668921211028162,-0.18747525873944756,0.3345121673032812,0.008530707232868029,-0.2264729623571579
Thal_PuI_R,0.23952333161645073,-0.05170939809895108,0.17966127502808452,-0.09063966078694004,0.29286596637232337,0.16466281888305803,0.03277762580493319,-0.12412511527183082,0.11036472906813292,0.1338284209954645,-0.022208471040850792,0.3422549437566263,-0.21858933387718213,-0.004658316251872018,1.0,0.33948332508220863,0.17780151743942962,-0.04400827588491306,0.21545953391034536,0.08847503526161324,0.4297772740159828,0.1303351743739414,-0.11986853284091091,0.21796987413624844,0.22782014637873865,0.1686777615304574,0.2241821353350732,0.036728683117441575,0.5010423983049398,0.052489826630203365,-0.25814663600055715,0.2875768086614817,0.4048091191481446,0.41470433515593597,0.17688251356133955,-0.09146560060397027,0.21148028813305997,0.45912608796528787,0.32339579574602656,0.10352286459008465,-0.1509756711869756,-0.2748009091213139,-0.207361241718784,0.4545339239809953,0.014972813460589134,-0.004003874033412748,0.46477981964469534,-0.1120784768191274,0.6394553860231849,0.06984596192641693,0.05585124283306998,-0.05090137516953556,-0.11361070192342279,0.4097426674997357,-0.2076710046936636,-0.1881638398761864,0.02888860543870745,0.3440080454967914,0.3375668138302857,0.566930779037589,0.36682388387788434,0.23107013786440167,0.3866252234055756,-0.02674838990825143,0.4335072997751278,-0.1624485361090798,0.01994353810160336,0.16891906574980217,0.6560084040416461,0.27572312491163375,0.30324194791118425,0.06866478782482179,-0.025487784782712863,0.6643735383806759,0.20134498991139496,-0.011242617453810977,0.2796999186391966,0.4575625301507075,0.01170801732592307,0.3749665750635818,0.3058879631956824,-0.00241784035312808,0.327175423424361,0.033380900158836505,-0.19792519004695203,-0.1333359707436742,-0.19811582543730477,0.18937796305161889,0.24394943462586377,-0.2951530439424594,0.2690072016640771,-0.2500735132811784,-0.0060983014885101616,-0.11440009343598752,-0.26076975425136106,0.24126395576442153,0.08053188865704448,0.23514476792091216,-0.11383393468005273,0.22136492118539575,0.07668027838823407,0.2081515480099368,0.24030763545115522,0.09181281356490147,0.21426846429510105
Cingulate_Mid_L,0.5674098421080863,-0.0757748052058082,-0.11874203142081143,0.4964841875113717,0.13191481402763483,0.06371973599406928,0.20892702033347305,-0.2000350578106297,0.28482400649146816,0.061902694744223954,0.13035286880573863,0.15330523332597573,-0.2599234773660862,0.09802925986883677,0.33948332508220863,1.0,0.20647280138539126,0.14036441233274102,0.19556814374270998,0.3677767183156335,0.2741331413064613,0.13063807908523384,-0.1742500746511627,0.41751300947902287,0.32136065391261864,0.07614432670783516,0.39174293026844753,-0.06427087617483133,0.40002403289972777,0.0303471330022894,-0.18392109838154747,0.6197772370832588,0.41843698987502237,0.19770321332999768,0.22252169380804432,0.04367392706082898,0.1601218455125339,0.31532538906568297,-0.002918991031175604,0.6034131638863844,-0.15438719380804627,-0.1125796607362494,-0.0006179942029250254,0.38267614379718873,0.20161664084264658,0.2723313008224104,0.10295599019166579,0.22892421379696834,0.3408271448207496,-0.2783033377540047,0.4104670346094412,-0.09534589948004996,-0.14936213032777237,0.4334586817361583,-0.228904419003173,-0.03415812759921173,0.47158283386978833,0.29321050840221613,0.16673622002281696,0.08490841466805826,0.3163769043737437,0.07561726499020925,0.4058214203319583,-0.21797340134333168,0.6182238327034013,-0.11622946030754072,-0.06541857967888236,0.05666930337114278,0.5023608509547596,0.36789968576083243,0.29027692065719013,0.31238079355305937,0.1742250558811334,0.5858285442331546,0.2912773783255822,0.10692889116500007,0.04450770696834735,0.06796484411083885,0.16666592573089947,0.27195378511553353,0.05390678888906678,0.18443259739547355,0.1809908356711221,0.14352927199461685,0.037069374721845065,-0.2062778413848542,-0.22029768273204656,-0.06006661586445928,0.4345607981846808,-0.06806568171531899,0.3213559624956532,0.01370894503481826,0.02708442966254487,0.0382947324098221,0.030977475201372957,0.18033761376479437,-0.1363822583536606,-0.14154808272754224,-0.19517759514808275,0.880729493514468,0.14157539767751637,0.380980106156211,0.3877044256191718,0.08685320028322442,0.3830309425950682
Thal_LGN_L,-0.10659141927310682,0.38996668986655414,-0.40229071427941426,0.329655302414454,0.05992165297537522,0.2439567921249828,0.1448890696448309,0.4459335489164184,-0.05995940593306023,-0.15780547235891532,0.39613825515596096,-0.37031823331766994,-0.3460120677860011,-0.3308440666101137,0.17780151743942962,0.20647280138539126,1.0,0.1852057199034508,0.431305435801454,0.4141009529061655,0.31382269900030896,-0.35092042322234634,0.12169907322308483,0.1921133483520992,-0.27957492379611387,0.08993723352677926,0.5703831183281545,-0.2678441708947817,-0.007841732284147224,-0.08192551145067072,-0.12099633463137086,0.36700771629114004,0.10465344481127016,-0.10314008357040076,-0.014885723788913886,0.40025189758101926,0.22390396089302128,0.3035208227854735,-0.11787536541844063,0.3137501382350659,-0.024067840750592637,-0.34587797433232353,0.1516023131023785,-0.3276206724534025,0.4247652519482534,-0.06301556992046467,-0.40853621451527083,-0.2794481586428664,-0.3292536863667343,-0.17906539778773573,-0.19303041103474863,0.1380003386909279,-0.27733381495404713,0.26774788800043636,-0.008890431318569156,-0.119008996560237,0.2372551019712137,0.20921811059732792,-0.01665854138423798,0.1088789458715171,-0.103245828069485,0.5263613004479474,0.16013367263218672,-0.21729727556754277,0.22596588697354955,-0.04647271625563857,0.28498504877150554,-0.433930105304988,0.19216166825896613,0.06955954120899198,-0.13247575180791638,-0.15642194314838193,0.20839616764989832,0.07601548600101789,-0.04776901845235282,-0.12855376095477436,-0.09398816780604204,0.1463134356479332,-0.185211037051013,0.6105733124373421,0.04868270675825525,-0.12262845151701249,0.0012870263671649331,0.029627770421665093,0.4979895628025451,-0.040420384002787524,-0.06895130050790392,-0.1514787996668559,0.4194256093447814,0.3559816435089771,-0.08960633208248019,0.4284695526176096,0.310838636445742,0.6818623909874932,0.42771398178702574,-0.3029731378144642,-0.3062846844375873,0.19096852141739645,0.16919716306539376,0.2567846271146606,-0.5373986985300117,0.16964876576254773,0.003570535651105858,-0.11837898949901514,0.3981370202959482
Vermis_8,0.06937510756852242,0.1411896253560913,-0.3744596116475601,0.2484286806593927,-0.6286735332966695,-0.006841303751424834,0.2181250755355665,-0.06807817041348274,0.2002642173001398,-0.5148384309770712,0.16466090675400194,-0.20984594566206913,0.14404457800103507,0.18385045201688263,-0.04400827588491306,0.14036441233274102,0.1852057199034508,1.0,0.22532721119331067,0.3221873775400426,-0.1078116081421132,0.019298207019594626,-0.01837587149417554,0.2681148281060599,-0.18468115437454913,-0.2962552560747254,0.06935809767956144,-0.41557852216167995,-0.31242083784325303,-0.34138764304705976,0.24614613156760323,0.2381637564614514,-0.37706588146743725,-0.6010709784232523,-0.32935809926853554,0.35660765659502874,-0.1416539672690041,-0.2750599386251014,-0.12331168106466515,0.25273585604183235,0.3948587096301992,0.1916736143018803,0.6513534089454797,0.11520560752191482,0.18621368635770272,0.13592675341257146,-0.39943278994735926,0.326836710237249,-0.1377806309438895,-0.041740093813739707,0.22485743514458897,0.1581625192881728,-0.20138389973479123,-0.35743479074922796,0.23655474842813204,0.3435476699754857,0.18621011539118468,-0.43131946305621954,-0.5357132426390996,-0.3628671227267235,-0.21871340286966065,-0.30260527499821144,-0.354684198457537,-0.022346083097241988,0.26856732724124277,0.15922216615791016,0.1495457632091657,-0.19574737543320195,-0.08932423029000826,-0.3830557595686354,-0.40826029240888906,0.27639386317156234,0.4056038357567839,0.06871446480214566,-0.21082188480711572,-0.272180485805288,-0.334433726153327,-0.5604593976009864,0.1522833077856616,-0.4170893529561205,-0.04281119149437365,0.4925653054198221,-0.4191563986841718,-0.36815179746804116,0.06223093739353773,0.42102087389847026,0.033031021510218396,-0.06345943323411293,0.29518412567924673,0.4010238588141362,-0.3300254239154904,0.3644124695461276,0.18873276664681807,0.21364882276590433,0.39249325417124153,-0.329026257910192,-0.4127383275027617,-0.13351891518350348,-0.13113840327099857,0.12265183200294152,0.14989833461398994,-0.12490018174166959,0.07131977172269433,0.03976179025322242,-0.010988065208370432
