,Frontal_Sup_2_R,ParaHippocampal_R,Olfactory_R,Parietal_Inf_R,ACC_sup_R,Pallidum_R,Temporal_Mid_L,Thal_VA_R,Frontal_Mid_2_L,OFCant_R,Red_N_R,Vermis_10,Vermis_1_2,Thal_MGN_L,Cuneus_R,Cerebellum_6_L,Thal_MDm_R,ACC_pre_L,Rolandic_Oper_L,VTA_R,Insula_R,Cuneus_L,Frontal_Med_Orb_R,Vermis_7,Temporal_Sup_L,OFCmed_R,Frontal_Inf_Tri_R,Red_N_L,Cerebellum_8_L,Rectus_L,Paracentral_Lobule_L,SupraMarginal_L,Rolandic_Oper_R,Temporal_Pole_Sup_R,Thal_IL_L,Thal_VL_L,Temporal_Pole_Mid_L,Cerebellum_7b_R,Frontal_Inf_Orb_2_R,Thal_PuL_R,Thal_MDl_R,Vermis_4_5,Parietal_Sup_L,Cerebellum_3_L,Thal_VA_L,Cerebellum_Crus1_R,Thal_VL_R,Frontal_Med_Orb_L,Thal_AV_L,VTA_L,SN_pr_R,Thal_AV_R,Temporal_Inf_L,Thal_LP_L,Postcentral_R,Lingual_R,Precentral_L,Thal_PuM_R,Thal_PuA_L,Cerebellum_6_R,ACC_sub_R,Heschl_L,Frontal_Sup_Medial_L,OFCant_L,Angular_L,Cerebellum_9_R,Cerebellum_Crus2_L,Calcarine_R,SupraMarginal_R,Cerebellum_10_L,SN_pc_L,Thal_PuM_L,Cerebellum_10_R,Heschl_R,OFCmed_L
Frontal_Sup_2_R,1.0,0.4098712360386501,0.5418817921056561,0.4465029791253704,0.7647797469624331,0.2701051877460399,0.3107778229707006,0.08012823926653789,0.731961236632605,0.20754748839993734,0.3652568741111664,-0.22855340233560967,0.2383397957624203,0.048721201030496986,-0.03786006016712147,-0.06676163888144818,0.31839131141278215,0.737120307375411,0.4769573477440192,-0.01047308057668441,0.3775285339241597,0.037707800465253814,0.32939376573784607,-0.2066430350857846,0.4477766214200117,0.5706777654580852,0.5065240971651515,0.3045605200138413,0.3915788708343975,0.33937201890986,0.6220257497794828,0.4086340213733513,0.4213071182613756,0.22018714881154505,0.34663164001068986,0.30091821318627504,-0.1716808451784802,0.1861842634531798,0.5283910199305285,0.43895067810952193,0.10820838628091889,0.052436308765309886,0.36791285425194115,0.4372448308176453,-0.2470916467184782,0.35842506189605977,0.3660373191700819,-0.17072687972507297,-0.07947765081339832,0.20287483103574844,-0.045231476589756923,0.21672789325694042,0.3291093338477029,0.40922465097631916,0.5323444969612906,-0.10334243522371248,0.5449092454968423,0.32510703084722997,0.4645982795866373,-0.2668155501564511,0.12191829426221429,0.4459814946144596,0.8613518446605541,0.4381159523667948,0.26126952080333915,0.20429140961843012,0.010619005247242201,-0.19160616391899482,0.3230238441886798,-0.2469886189072026,0.3020610193605824,0.17324295285401053,0.0056208970438465615,0.12983858933319115,0.06025304956533362
ParaHippocampal_R,0.4098712360386501,1.0,0.5088618251798355,-0.018879103801150657,0.22127948500121006,-0.32104078298957534,-0.1996268875754139,0.3843155547778865,0.4962582492047183,0.18736278326555186,0.4874094393300015,-0.5637278363176765,0.16883434417706883,-0.48797613187025807,-0.6936346014151766,-0.6213574511348584,0.46871538008979163,0.3357276232900032,-0.07233999883208049,0.23094366583944023,0.08789732450048074,-0.6021851017362071,0.12098923633826641,-0.34081091311303385,0.1945955318133818,0.44390434960427877,0.5118440199786369,0.7248473125173255,0.5629806690514046,0.17998108993149875,0.36628486350932343,-0.19241402601407065,0.5066874107410555,-0.027624446396157253,0.24562763942876972,0.7994136637566676,0.006562537988253312,0.09075180359785523,0.6198022083142488,0.28009769238061627,0.4599936547389354,-0.26140284183475365,-0.1649457840550659,0.4218697633439352,0.2880737991007242,0.38565232045159104,0.7754335414549416,0.015427007513423492,0.30402570254320255,0.4222636980167015,0.6123011714504658,0.4193401707320016,0.15045230878278493,0.601682519722909,0.2947921350500976,-0.3303563782457543,0.4966109582581201,0.3989444155972658,0.6099578870796611,-0.5462717386399486,0.5713300543955696,0.011543401174665333,0.37329902111116636,0.4315895930292699,-0.4041796021956391,0.5661748395577987,-0.40619379749847956,-0.38877232331395634,-0.07347190054182084,-0.2772169334127191,0.627232114600516,-0.1643460173233496,-0.11093007072463379,-0.14699421372097568,0.21733570986716197
Olfactory_R,0.5418817921056561,0.5088618251798355,1.0,0.03871506972715532,0.3488154137590559,-0.11386782552247629,0.13309922005362887,0.17219495215187933,0.6005627738467944,0.18590991533460421,0.3530119583911901,-0.5369885135742851,0.030031759080154107,-0.061407619873473554,-0.42216139286115945,-0.3917590766552024,0.20330828835749312,0.564478956247269,0.31427476934613924,0.007487486370968844,-0.018784912086944817,-0.3335745655021356,0.2998023691737463,-0.27023553747956963,0.4033009760709796,0.645566604260631,0.18971866575187155,0.5110355861920927,0.4969465244355028,0.20136619462912791,0.3291410377894453,0.04503430543582958,0.16659843199431007,-0.03662754711228542,0.10532540287504569,0.3615105443482681,-0.11177758674474099,0.06309671282562233,0.599862553582568,0.21364769190708166,0.2299319147027483,-0.3400146629968341,-0.07735919862905377,0.31374614519492433,-0.2017991576893265,0.4520344721916111,0.4868439830620061,-0.02150939981418225,0.14221739653890383,0.2532621628093627,0.19013309032527786,0.42671325322857134,0.3555912567235017,0.4399944333519427,0.3395994819535804,-0.44524818179200554,0.36790244718334325,0.12642559086319774,0.35457604984060004,-0.5849887765891035,0.32266962555762047,0.29579864352766866,0.5626587256294484,0.3617115881497229,-0.14771506302084042,0.421653274542184,-0.28033634626825643,-0.4479423825842943,-0.1333470512823741,-0.3333655011242427,0.5296478241916173,-0.05965023429120467,-0.07129013484362413,-0.21332542095840035,0.10857513824777236
Parietal_Inf_R,0.4465029791253704,-0.018879103801150657,0.03871506972715532,1.0,0.5435433372942994,0.5034293174220187,0.46956960824491856,-0.0046428733714989285,0.3402773691612192,-0.012577369945284243,0.05124617024475351,0.14823593879164204,0.31289415181518176,0.2690240715300439,0.4368546641139008,0.3812549991075849,0.07247970807999292,0.20910069475538126,0.3627614996162082,-0.13583202422485616,0.18636278163337297,0.48092504095810074,0.0773866866779274,-0.06409536385230227,0.34311243414083203,0.04074713299969126,0.16825553292349424,-0.07487628532929767,0.07426114532727862,0.07975382439972235,0.565803349830355,0.4743462635484363,0.11193151841248418,-0.05278315755638439,0.2145695921180674,-0.07901248473883891,-0.0946982467073585,-0.08815162942647874,-0.033644864219060364,0.2526147907065683,-0.0008047449788895008,0.4142548643142915,0.7176360520309134,0.33710042007382224,-0.14354869080512248,0.054418084651085614,-0.006191629205801851,-0.014840530268754698,-0.06840449603142845,0.04422640877579573,-0.2741461860674481,-0.09404790448173858,0.37349303372911513,-0.03884474952414342,0.6473681689094889,0.2317998687003428,0.3661046028403209,0.23388350188417678,0.19026775792761694,0.09403451206863844,-0.08035142638467965,0.47391234164701695,0.43248797830919844,0.059894285264411096,0.5824394612691738,0.026970102702784344,0.32411323970573536,0.20957786625886385,0.5948466475759836,0.010354882431612566,-0.008535085808762534,0.44487916762850194,0.15407808956828487,0.29703594740715583,-0.0943347733720373
ACC_sup_R,0.7647797469624331,0.22127948500121006,0.3488154137590559,0.5435433372942994,1.0,0.6545350221829216,0.22666501941320685,-0.21800706187883775,0.541509434218886,0.07550067868666935,0.272793199032489,0.10246460814803461,0.420711527560167,0.30213167554052833,0.19995255709632387,0.18023925567111557,0.17410618653057308,0.6451087987850942,0.43201250665786267,0.03075406418772951,0.633778709113353,0.24143991327476186,0.39150496412926644,-0.05173875820801853,0.23679563926702676,0.3918999811839856,0.5063236444867893,0.09540875589679142,0.17186585575200333,0.34327131932954175,0.631480868830148,0.36592915932979725,0.4816925028125442,0.4222557395167975,0.37807969575725237,0.08941789099885515,-0.1454948676011328,0.2033223566987949,0.24837667061774746,0.4933075990438616,-0.04460627509410716,0.4041184781040191,0.36913437706235624,0.3847851198396317,-0.28242194720685465,0.10229973035663105,0.10448160167123012,-0.07255794375971485,-0.2764602843227955,-0.007820762646684033,-0.13371782697892018,-0.0884648414438737,0.15177067999345176,0.30017207808593166,0.48635036870855514,0.12290230788055795,0.5669199736513955,0.40236713763180093,0.3555677216802374,0.09311577052302042,0.018834350452051164,0.3800335097201571,0.7464807298537284,0.30708471193860126,0.3019185591275875,0.004148702721900361,0.007272189194844981,0.03668855503217247,0.5555703680280937,-0.029460216246897333,0.132957984137422,0.4928536083589508,0.035102251518903504,0.34183898561014653,-0.10788427429470794
Pallidum_R,0.2701051877460399,-0.32104078298957534,-0.11386782552247629,0.5034293174220187,0.6545350221829216,1.0,0.36259579581974005,-0.3819967515395838,0.10405578583890776,-0.05065061911666011,-0.04276672623154424,0.5803237908670364,0.4478950856624961,0.6422938099760268,0.6200814194780083,0.6866186510789208,-0.07139458298455108,0.1544603802613669,0.3702190810101676,0.033923928815041846,0.5883203020342423,0.6283673044845799,0.10528606649953993,0.25794228747410297,0.1055762016262526,-0.1605006558923086,0.10026805615844193,-0.39201597125392235,-0.21637654422643618,0.1730347524408775,0.42286873394573793,0.4277543408493334,0.23998135761148168,0.3033778216315097,0.3257315184170359,-0.28828976504647874,-0.001882968064871157,0.16361918118320112,-0.3148479485497257,0.34238397422794997,-0.2938545822882796,0.7663689464974758,0.3454227238662469,0.21745182456856002,-0.20797615856573026,-0.2359968714538951,-0.24170297731824622,-0.05445514963157923,-0.3809986432157928,-0.3068223433497559,-0.44419803608146863,-0.39930855024989775,0.03736826136735768,-0.06941715161874462,0.22611330778876912,0.5504643699124194,0.3742448000701568,0.24167876058511867,0.021069182346368374,0.5710957875163354,-0.3330326626940502,0.327385263989029,0.2822892943403998,-0.14938493749888598,0.48599303378084285,-0.3452963924293676,0.09295272751336886,0.512978612862698,0.6005015675793803,0.18738375917362368,-0.2002610201483344,0.6091322749825281,0.0026569930943748325,0.5357658707322375,-0.267893747447003
Temporal_Mid_L,0.3107778229707006,-0.1996268875754139,0.13309922005362887,0.46956960824491856,0.22666501941320685,0.36259579581974005,1.0,0.24542832498606626,0.4962003944509884,0.009389372701411533,0.10399566359398253,-0.01603365643500848,0.26961332760200657,0.3594587769755651,0.4360000218782137,0.5386603918014444,0.11178257262624408,0.23482047549283927,0.7740872911683452,-0.17954832683073849,-0.18591982199953128,0.5237902447917117,-0.09911294670080226,0.018975206720756116,0.8405740145521854,-0.01720909100076037,-0.22732090966676993,-0.0952594514649004,0.16151268825854187,-0.03224751354198367,0.5797343918906636,0.8187804144981152,-0.13601179100827915,-0.4087189528586223,0.20422639584907903,-0.1808840397475408,-0.09837492821085081,0.06230185061051378,-0.08825392786563814,0.3090235681328153,-0.08266005378142885,0.295233945145701,0.46774128103319157,0.4590686087916897,-0.27957116191587733,0.16370190118730701,0.08540350836837673,-0.2809509868575353,0.028909525338133044,0.03304359628956725,-0.5445856535858767,0.2714060484461839,0.6708775650629715,0.12776769562004017,0.598349339284302,0.21503833860567645,0.48101611383957704,0.1955020177512029,0.15100164546443323,-0.11553662291425398,-0.2761058861613921,0.8010425390565175,0.46000093314026436,-0.15754436111825315,0.737916153830784,0.013342477281342944,0.11164766783237777,0.2744497576776404,0.2142883151407467,-0.24092555857928385,0.054978838429297926,0.39712099000889534,-0.02859595922721138,-0.031242457087877616,-0.046238530809458306
Thal_VA_R,0.08012823926653789,0.3843155547778865,0.17219495215187933,-0.0046428733714989285,-0.21800706187883775,-0.3819967515395838,0.24542832498606626,1.0,0.38168861954450267,0.16780222096806624,0.36462051235883786,-0.5087323595222666,0.1249212184945875,-0.3792517534808758,-0.4381411360096927,-0.3823527258255241,0.38854788686083247,0.09980518486476504,0.20696991223306974,-0.13853451518889026,-0.4827735032150365,-0.38772497388172794,-0.27986444295231755,-0.2790937368053482,0.5247549610505223,0.01455354195117581,-0.0993475530760673,0.6225667606882755,0.5047598746890305,-0.11149143011665395,0.3172488706047553,0.1399787149772247,-0.005632364026799208,-0.5767763390228674,-0.19230132294510213,0.5141370404991843,-0.07987138021548627,-0.21351262854029968,0.3467778395155875,0.17716130838702449,0.6284143971613141,-0.39453645912364516,-0.05444275726350337,0.49165718773929235,0.3911635836659766,0.2567246085600674,0.5727248614601791,-0.24862961329816535,0.5622356292837495,0.29322550032660616,0.33743829719700824,0.6320893064012303,0.5715555990102511,0.517141655485795,0.4202409416133745,-0.37682495069460575,0.3801353749615642,0.22096807749920458,0.4212100427220061,-0.6326871626970761,0.36128385042240907,0.40540292116927323,0.18612346194179927,-0.09871428516049925,-0.06286846131531669,0.518668255135119,-0.20479961683228753,-0.28998000195834533,-0.24933329677866378,-0.31620956729616667,0.3301499892409744,-0.08144722257765018,-0.06334322479769318,-0.29075877396236227,0.2328666455488985
Frontal_Mid_2_L,0.731961236632605,0.4962582492047183,0.6005627738467944,0.3402773691612192,0.541509434218886,0.10405578583890776,0.4962003944509884,0.38168861954450267,1.0,0.26429035965700476,0.520490208619771,-0.4371407810327723,0.33282001059743244,-0.01379185698059005,-0.23875309779909074,-0.17234979208665954,0.45527714352390675,0.7708363346716939,0.693122404393978,0.02179683245678472,0.03133805807711977,-0.13316492860266738,0.2358552296506909,-0.19482711413843976,0.7800859772149159,0.4726360287343146,0.31719317887029463,0.5320036862273061,0.6159075104394041,0.24532903918470916,0.6929447683164652,0.4594414424435575,0.23880784975850777,-0.12399453260479465,0.1937179206048477,0.4190385453195182,-0.27351214350709896,0.16805007180147982,0.6395391734086935,0.469347503150953,0.3336022871378601,-0.14968265119929783,0.17979701017467914,0.6694452309727688,-0.20229327348678122,0.4214393976916097,0.5326096818683931,-0.3176058693298423,0.15953648739886572,0.33975111602626207,0.049666025819954725,0.5362454515878129,0.5991121540798906,0.6116841568403916,0.6818590376790509,-0.33199577733621166,0.7340938632535056,0.4341220265366271,0.6056152510525771,-0.5682137995614318,0.23290601040735334,0.6480844607026423,0.8419336190482284,0.29090876787210523,0.2291135023807546,0.35560279533827505,-0.20563398416777964,-0.35302307209986894,0.06184939347354568,-0.3092469816586318,0.4172603388714117,0.20937723083287174,-0.06564624570940282,-0.13334326535544794,0.010582375466358674
OFCant_R,0.20754748839993734,0.18736278326555186,0.18590991533460421,-0.012577369945284243,0.07550067868666935,-0.05065061911666011,0.009389372701411533,0.16780222096806624,0.26429035965700476,1.0,0.0906753162467208,-0.20893573604033813,0.06215156599633699,-0.183562643821318,-0.2421776015653354,-0.19312520882625847,0.13616587151397908,0.3066926580693078,0.16271252886433585,0.098426655211846,-0.032261811154013234,-0.2076314059881472,0.0527679243040715,-0.18609064634632672,0.1573361643435785,0.10158401701213553,0.13472966375891623,0.18839069947732234,0.29550190211222005,0.2267493651126308,0.11090162465530284,-0.016555423187734376,0.13957533243513892,-0.0065481916582253025,-0.029568341678476693,0.18072414679114532,-0.10635553094501576,0.09769468341866464,0.2713421927368001,-0.04440903436491482,0.10602007672997367,-0.23111539629008643,-0.07500511184067113,0.2444146236887552,-0.01998421612380965,0.13641501828395663,0.2033510502701803,-0.38529732196512406,0.09755942517412615,0.14001752788084823,0.22320277768506572,0.12309720743980868,0.12159199917226593,0.19314425071332725,0.15281806670552867,-0.28274037125541707,0.1652127150548569,0.13129863826747754,0.16720405903486552,-0.24894565378010347,0.17023362840580264,0.12160842423833887,0.22056154622250615,-0.010520102368667414,-0.04421486017066715,0.13819015329086082,-0.12235337600769987,-0.3152175271031118,0.07700184109068882,-0.20465924706794264,0.1929684131290326,-0.10496590365505123,0.05591747556525389,0.06656263974869396,0.02801821825904464
Red_N_R,0.3652568741111664,0.4874094393300015,0.3530119583911901,0.05124617024475351,0.272793199032489,-0.04276672623154424,0.10399566359398253,0.36462051235883786,0.520490208619771,0.0906753162467208,1.0,-0.38655277974213575,0.4813708198157866,0.05151214911508849,-0.3250621143429525,-0.2841982032937806,0.3246742342721442,0.4283741689806432,0.3059181072642178,0.18636390377986334,0.10515518620200463,-0.28310352856275584,0.22048165409420195,-0.26286040726679405,0.36337520442805654,0.32469544577559445,0.31749586655779916,0.5670330560002856,0.4880774322568717,0.2553555257669465,0.38607722951382617,0.08674771516523236,0.41422395506454346,0.03126540732929008,0.04953759377417972,0.47648208621558996,-0.12839748875229565,0.14364105182243625,0.49121935348782875,0.4498913503345564,0.3404238754716068,-0.10444372767025531,-0.14519449253893846,0.5774053266463537,0.09186025508756154,0.3939212549599962,0.5723918503799834,-0.12069434247090428,0.02799534875042311,-0.016343547924703508,0.32072292199347724,0.3498411403488735,0.265088176893711,0.5754718490862729,0.3102815945750903,-0.1716062596316055,0.46838631912162837,0.220224487162699,0.3376916121807807,-0.36535331909156976,0.130782741439591,0.28690364816622654,0.4225681947942499,0.22818677261565848,-0.14263415794111425,0.4621014927162992,-0.3122086499812056,-0.12460821170643978,0.0858533584535874,-0.28429931237322514,0.31376982618535676,0.04761432719783889,-0.11115778846580675,-0.1576741645738903,0.0965819244363348
Vermis_10,-0.22855340233560967,-0.5637278363176765,-0.5369885135742851,0.14823593879164204,0.10246460814803461,0.5803237908670364,-0.01603365643500848,-0.5087323595222666,-0.4371407810327723,-0.20893573604033813,-0.38655277974213575,1.0,0.10426555288274059,0.3708446932898986,0.6043748476769919,0.6922325110023735,-0.2954810208231519,-0.3806116488565451,-0.12111496180877798,-0.015995176799565358,0.4150196892547828,0.5386560434619998,-0.030155794506112808,0.39797368106514747,-0.3537613558651031,-0.44831320720207635,-0.08299522776455841,-0.6063969964359809,-0.5671183309116002,-0.015401585296441714,-0.18006940885896025,0.12454643833150586,0.014835948483287781,0.33903476287018924,0.012239378338946526,-0.4574711516433335,0.12125857261399609,-0.16604761545069444,-0.5889019336886855,-0.09989877545711592,-0.393607538434783,0.6891651465783026,0.15043478786846048,-0.30763804281230733,-0.05644047503334097,-0.5578155786511527,-0.6040892493214851,0.14910944269980123,-0.33818976315973936,-0.19962919812515353,-0.3923918284374199,-0.5956646871521052,-0.34980541173252233,-0.4288175347200759,-0.3412031298437702,0.652258180484644,-0.16704689052142224,-0.10618745948347248,-0.21507034383273074,0.8388799700941112,-0.342489327998679,-0.17148717185263976,-0.29624826792112213,-0.394799567126207,0.2675978953016673,-0.41324246667381087,0.26288890665760756,0.606876603375555,0.3301962605828441,0.42583667389868,-0.44505716214137847,0.3192069405572565,-0.0672959323270082,0.5046710325718459,-0.25763285295126315
Vermis_1_2,0.2383397957624203,0.16883434417706883,0.030031759080154107,0.31289415181518176,0.420711527560167,0.4478950856624961,0.26961332760200657,0.1249212184945875,0.33282001059743244,0.06215156599633699,0.4813708198157866,0.10426555288274059,1.0,0.41571981026482346,0.1969907290064883,0.2560482486360516,0.22982336089664177,0.18331398561375933,0.33645420314614416,0.25903947219654555,0.3950356095214378,0.18194557905180678,0.12526158115112737,-0.00019557008273435973,0.2566870126434623,-0.03126438638095414,0.2655209395630415,0.15812751580918324,0.15451685817602312,0.2069876490874137,0.5305931081057657,0.28755863500913975,0.4963781599289037,0.15349487952321508,0.19713024812111593,0.29829754764987076,-0.10815353325883946,0.13077556865663081,0.09645214804053096,0.48498877948498065,0.16611484059236872,0.49541897835082843,0.1004702613129904,0.6422206999958769,0.16853693525984834,-0.007715007700309475,0.3329355968070018,-0.04449507388653441,-0.07902556767793568,-0.22396956159350517,0.037811540941985314,-0.004562570339886514,0.1513138954673871,0.37812460501633094,0.30457813823547875,0.41083476641992517,0.5596877682301666,0.3999613555775964,0.29013139400298465,0.1912545203543461,-0.13644320405172228,0.344070555757873,0.3283384001764871,-0.044181384134948376,0.22430063736823078,0.11433837100866105,-0.17115799581649024,0.4089157884273276,0.4799297291638395,0.01725892917161877,0.027912619941743547,0.5015570759188028,-0.01366546990854678,0.2620296090423794,-0.041529526761613984
Thal_MGN_L,0.048721201030496986,-0.48797613187025807,-0.061407619873473554,0.2690240715300439,0.30213167554052833,0.6422938099760268,0.3594587769755651,-0.3792517534808758,-0.01379185698059005,-0.183562643821318,0.05151214911508849,0.3708446932898986,0.41571981026482346,1.0,0.6088189366658258,0.6403446289200405,-0.2574408874105566,0.06708352965349584,0.39178419616585286,0.023187994940957406,0.34582109698660296,0.5885421512005985,0.1344625006568695,0.21267165294931709,0.06377737030717072,-0.13260944054534518,-0.16651698164664788,-0.4762676197917625,-0.2936971584492163,0.1710329642156887,0.11536658211711923,0.3083134195685948,0.017059444618018497,0.262234230328493,0.12227220714683304,-0.44254877161353795,-0.12532513112773205,0.22355845531903076,-0.32879067000355533,0.17620666770172438,-0.36365618543502154,0.5445960388282534,0.180910682058094,0.0880820951708094,-0.2954512965832974,-0.16463545545815653,-0.24814693562176166,-0.02437500759327424,-0.44576919055262737,-0.5888428575290124,-0.5204591788909765,-0.39063162459961137,-0.012209875939798017,-0.1820090360305821,-0.003626757470778507,0.49696099210863504,0.04586582499063787,-0.059198350700678276,-0.3339281665166392,0.4884331679655247,-0.5274957628086739,0.2224107553585754,0.09716696656961991,-0.1019032141914362,0.4094762552289562,-0.38728167624621895,0.10653370983800445,0.5269169206820494,0.3449120950655697,0.17515647329549833,-0.3131757815672017,0.3961715130113601,0.055885430565079997,0.24838787763911344,-0.2065124245108759
Cuneus_R,-0.03786006016712147,-0.6936346014151766,-0.42216139286115945,0.4368546641139008,0.19995255709632387,0.6200814194780083,0.4360000218782137,-0.4381411360096927,-0.23875309779909074,-0.2421776015653354,-0.3250621143429525,0.6043748476769919,0.1969907290064883,0.6088189366658258,1.0,0.8215354733259663,-0.37625606683874235,-0.20081628511903507,0.20515401095001276,-0.14712325414983674,0.22169664848827378,0.9408818593953203,-0.056407167731201135,0.23692264298396318,-0.029414544356610214,-0.3561251884883781,-0.13936888713574985,-0.7455389014762497,-0.5531073113804069,-0.06261902963453403,0.1124766357708034,0.537092417103923,-0.13134357324764956,0.15869744548705073,0.07506284495088944,-0.6539029408755556,0.1066568614640821,0.03692836408456855,-0.5785754033809365,0.00042594175449036514,-0.5341045497194281,0.6607727080111183,0.6358300577096817,-0.1892947493975591,-0.26574377062574456,-0.2316161700900692,-0.6023503798256001,0.01201530377993683,-0.42625447606591166,-0.3775583937093158,-0.6651708271704856,-0.48441892867487146,-0.15226943008312316,-0.5376928068330428,0.08220531779161516,0.6780342335806286,-0.1312675668352184,-0.1163872334480264,-0.39547722444292815,0.6771996711680993,-0.5852849181827547,0.1731201908244336,-0.00883843630384012,-0.24878564994105587,0.7615270628721661,-0.6052037745489682,0.577334636218327,0.6665724655532431,0.5146441493209923,0.20216386989584187,-0.5222458302295708,0.47482930065710505,0.12810779559323915,0.30936220649322715,-0.23638646835207536
Cerebellum_6_L,-0.06676163888144818,-0.6213574511348584,-0.3917590766552024,0.3812549991075849,0.18023925567111557,0.6866186510789208,0.5386603918014444,-0.3823527258255241,-0.17234979208665954,-0.19312520882625847,-0.2841982032937806,0.6922325110023735,0.2560482486360516,0.6403446289200405,0.8215354733259663,1.0,-0.2902327523289138,-0.23969046979829298,0.2861488178370229,-0.049810224020212915,0.2417335289810346,0.8338980489723433,-0.13676279220450066,0.20754093113803512,0.10479525541088115,-0.39900573588521904,-0.2176075395416794,-0.689907886604147,-0.48503263036502664,0.005091296312587695,0.13838931243256775,0.5364319527196657,-0.06496511539121146,0.05050171238088348,0.16206631309779926,-0.5974260322924145,0.1185754934730176,0.017534401857406276,-0.6127340742881985,0.08506707458139656,-0.49194792932749437,0.808589237640955,0.43937919520510677,-0.07787671228619221,-0.2123085836152933,-0.33101451047568003,-0.4626446268946962,-0.06417266345549398,-0.3633872021304351,-0.39684097481179603,-0.6717777685034355,-0.42344582893532084,0.01606068986393197,-0.3642972789862205,0.03963480235553699,0.7367459027556573,0.04925159577180718,-0.06563191410242047,-0.2996080064755559,0.7205297880846572,-0.599364826060627,0.27924008980719245,-0.03490376608503819,-0.36813278995217674,0.6442546676083032,-0.4779664949819887,0.42617411929399124,0.7051998129981154,0.4264235166091993,0.15889871019780305,-0.4009926039878879,0.42450840123853445,0.08494145584190378,0.3589969511855544,-0.18714082882425545
Thal_MDm_R,0.31839131141278215,0.46871538008979163,0.20330828835749312,0.07247970807999292,0.17410618653057308,-0.07139458298455108,0.11178257262624408,0.38854788686083247,0.45527714352390675,0.13616587151397908,0.3246742342721442,-0.2954810208231519,0.22982336089664177,-0.2574408874105566,-0.37625606683874235,-0.2902327523289138,1.0,0.3758806530197752,0.2155530994083134,0.07893459861690076,0.11416058567611735,-0.35315135077782084,0.08745495043605396,-0.11436401733284282,0.3581157614481105,0.11123501476086957,0.28413396357984405,0.5386825560485583,0.4187703710712655,-0.030949169748541092,0.37783720609728505,0.06866931851339671,0.28620972869427025,-0.14232231897492884,0.5630466444600006,0.6784112168418772,-0.23207219943356588,0.20944478519495774,0.39692959318170706,0.37084476709756176,0.7271290842349741,-0.10998435196889231,-0.0793412480332903,0.5139086086090684,0.3731049718480047,0.10579887975879143,0.5102633297840838,-0.064559050588795,0.39473349718936973,0.3396315661249675,0.2090694622987127,0.40510842590148594,0.41682850719568315,0.6305931066619739,0.3164176214048271,-0.17894400678138547,0.5161845370354533,0.7596768907059296,0.7410287349654343,-0.3943516619402611,0.27055281465704895,0.28515958685672005,0.33391337172504276,0.13292566111274892,-0.09687346646282856,0.3813547212008141,-0.26991300155408643,-0.19267193850471193,0.02943350632161411,0.0012341820412544331,0.14752946959287486,0.10978010882037037,-0.10676392495600118,0.23998059499536356,-0.04548839371750176
ACC_pre_L,0.737120307375411,0.3357276232900032,0.564478956247269,0.20910069475538126,0.6451087987850942,0.1544603802613669,0.23482047549283927,0.09980518486476504,0.7708363346716939,0.3066926580693078,0.4283741689806432,-0.3806116488565451,0.18331398561375933,0.06708352965349584,-0.20081628511903507,-0.23969046979829298,0.3758806530197752,1.0,0.6160152764240134,-0.013219267339403365,0.23078115182682984,-0.15798481968099454,0.45988515457079077,-0.18131417915846748,0.4675396116445117,0.5378099047528548,0.32321649304470945,0.3642649159923505,0.4617842122824809,0.31518872890367916,0.45024384132318856,0.24376898087602403,0.2530910446703046,0.18075087067701595,0.254413381258265,0.2544576164635313,-0.3518114007999591,0.31553793739696956,0.6133912195927792,0.397264409802768,0.19452114280144456,-0.23238520593249945,0.09653379950000748,0.42384092573504506,-0.3315982126896017,0.38044666890674655,0.3228189739397926,-0.26967273618649357,-0.032358650556490065,0.22203778704084323,-0.019780031793711125,0.33331115085258334,0.35929536598872946,0.4508219871713377,0.4472758019200758,-0.41105853277734883,0.45899276843229503,0.3237628769033029,0.4331718954181314,-0.44166805864538766,0.14359570484940354,0.4040429366540956,0.836378290748631,0.46930483813628043,0.08864233102981077,0.1497292044416505,-0.14955227340027905,-0.4616388761785812,0.07167452369798993,-0.2108811167870017,0.241329418385184,0.11101644048174085,0.021388029084560903,-0.017619156401155953,-0.08697830413076864
Rolandic_Oper_L,0.4769573477440192,-0.07233999883208049,0.31427476934613924,0.3627614996162082,0.43201250665786267,0.3702190810101676,0.7740872911683452,0.20696991223306974,0.693122404393978,0.16271252886433585,0.3059181072642178,-0.12111496180877798,0.33645420314614416,0.39178419616585286,0.20515401095001276,0.2861488178370229,0.2155530994083134,0.6160152764240134,1.0,-0.06737892899043647,-0.013414351056078059,0.2840300858611964,0.1444337121299087,0.0267164550797565,0.8095222821845797,0.205925662050926,-0.14843919340529646,0.055722106995665856,0.3105387330704993,0.16395922215175895,0.5275941565395611,0.6762112866548324,-0.035202443958847515,-0.1622948664908476,0.1671585776549533,-0.08173111980598993,-0.3109101013317958,0.18971379433980787,0.13976448300897737,0.3529285553430194,0.035572516677189754,0.10905375471386268,0.2169199334761794,0.5679482819250755,-0.3806174585383374,0.23603847349798535,0.14324661991303592,-0.33187473497013764,0.048476964730235717,0.07656044434189084,-0.4086674053563609,0.31853598046224824,0.6378564998237469,0.27165267970609697,0.5149903652949217,-0.060336555727469196,0.539150122581237,0.24221533282677865,0.27100782194159606,-0.2497278746824295,-0.08667871157832807,0.7853417278191536,0.6597553266564814,0.08682693692476737,0.4858814920809699,0.025708568730218557,-0.13339275654433455,-0.0359394833701078,0.11892242782647658,-0.16754099403030717,0.08228138034852922,0.355501570270252,-0.0032969193558021748,0.020292568700642492,-0.14021379090357414
VTA_R,-0.01047308057668441,0.23094366583944023,0.007487486370968844,-0.13583202422485616,0.03075406418772951,0.033923928815041846,-0.17954832683073849,-0.13853451518889026,0.02179683245678472,0.098426655211846,0.18636390377986334,-0.015995176799565358,0.25903947219654555,0.023187994940957406,-0.14712325414983674,-0.049810224020212915,0.07893459861690076,-0.013219267339403365,-0.06737892899043647,1.0,0.30269645214497354,-0.15964701821182287,-0.0871633883493467,0.12548095938167053,-0.08184535343891342,-0.061147113706825414,0.2826806768163193,0.027780998698161186,0.07505851673952392,0.2184135143816771,0.020188501748490087,-0.13992947853954754,0.3847477393452701,0.22950260129576544,0.19928791742023297,0.250122745102616,0.04950077938714319,0.2243589425150869,0.1257680261570777,0.15097910358906205,-0.08622674267697301,0.13817346155017837,-0.32607008698751705,0.2032087825804585,0.12267498848089074,-0.07427111222535945,0.25098236976888183,0.1754289735860707,-0.13828243044700575,-0.07717691206062952,0.1838337866323879,-0.1226912358244095,-0.18184645517161838,0.14983454073266106,-0.20904514521672654,0.1582752991651192,0.16847563716132696,0.06249615165943348,0.028692602133815668,0.10737056608429567,0.0009129776723087477,-0.16779764160803834,-0.053310073924705485,0.1492917489036824,-0.2760614413979259,0.019450131621387205,-0.28033738464435093,0.15216596064316845,0.10785392418013681,0.032857043208139876,0.14218689401988088,-0.1028759829269956,-0.06389159740345073,0.19671165101274699,-0.05573174633857413
Insula_R,0.3775285339241597,0.08789732450048074,-0.018784912086944817,0.18636278163337297,0.633778709113353,0.5883203020342423,-0.18591982199953128,-0.4827735032150365,0.03133805807711977,-0.032261811154013234,0.10515518620200463,0.4150196892547828,0.3950356095214378,0.34582109698660296,0.22169664848827378,0.2417335289810346,0.11416058567611735,0.23078115182682984,-0.013414351056078059,0.30269645214497354,1.0,0.21476860829639705,0.3423941098225243,0.1424969898273766,-0.2820043298662854,0.15874354991377806,0.5845379743868548,-0.19394135116326888,-0.1439645371243331,0.41120710411812506,0.17144973202489044,0.012655636231658204,0.6685921115446913,0.7586836228671417,0.44551876020083936,0.10376413715271357,-0.03133613166422914,0.35797421695684206,0.009865045264067637,0.31073092313356465,-0.17398416040097356,0.5754418465470494,0.05398233772491287,0.11383176841844701,0.041216415220766224,-0.2149868155725342,0.03239883783090521,0.1622561489620519,-0.40335336352139595,-0.2529022561748073,-0.08000915885196824,-0.45883690612237454,-0.3566070605500987,0.09804164273323601,-0.17395675896960378,0.5174702191260574,0.19885789817782384,0.2925621007102423,0.14202849070426932,0.5421701056692396,-0.18748190961956693,-0.10237445459886271,0.23301385281235198,0.24502877185308322,-0.013891939728962037,-0.2025763903001607,-0.07737970839438278,0.3741838096420791,0.5691066142854245,0.17429973820949357,-0.10631229726188818,0.2823407733039392,-0.01706009238241401,0.6339264462200171,-0.08117519350796097
Cuneus_L,0.037707800465253814,-0.6021851017362071,-0.3335745655021356,0.48092504095810074,0.24143991327476186,0.6283673044845799,0.5237902447917117,-0.38772497388172794,-0.13316492860266738,-0.2076314059881472,-0.28310352856275584,0.5386560434619998,0.18194557905180678,0.5885421512005985,0.9408818593953203,0.8338980489723433,-0.35315135077782084,-0.15798481968099454,0.2840300858611964,-0.15964701821182287,0.21476860829639705,1.0,-0.08486132461937504,0.18600618504357785,0.08590920538666827,-0.3015169409718107,-0.11777570016702292,-0.7126756345096457,-0.48621889270861324,-0.011551365907387076,0.2213914207607154,0.6119204172403535,-0.09686180799967727,0.09388653825979018,0.14533652550132295,-0.6286593371873554,0.17028765647243163,0.04521553173801371,-0.5420989001493757,0.11690308289559953,-0.5455427774221745,0.6814170817283494,0.6828210331449199,-0.13934145691511182,-0.28816801445715245,-0.17567135783351112,-0.496385234343221,-0.028404483287681363,-0.4185194241558782,-0.32944682924806445,-0.6824342884765286,-0.4140072590831628,-0.07357403079675078,-0.5075226594096445,0.17747355838140805,0.6568561473214841,-0.02774063266553424,-0.09932413748573717,-0.3194409378756013,0.614250126358206,-0.580568181376337,0.2646786309399566,0.0867733566132506,-0.25187642550410533,0.7949758382303093,-0.5607839296575416,0.5439052212379514,0.6053973560911741,0.515380003345654,0.09266749322281016,-0.42258683913572553,0.4875411086732222,0.09792874984018171,0.2636961809445726,-0.17935614678345874
Frontal_Med_Orb_R,0.32939376573784607,0.12098923633826641,0.2998023691737463,0.0773866866779274,0.39150496412926644,0.10528606649953993,-0.09911294670080226,-0.27986444295231755,0.2358552296506909,0.0527679243040715,0.22048165409420195,-0.030155794506112808,0.12526158115112737,0.1344625006568695,-0.056407167731201135,-0.13676279220450066,0.08745495043605396,0.45988515457079077,0.1444337121299087,-0.0871633883493467,0.3423941098225243,-0.08486132461937504,1.0,0.027040722054720332,-0.05506175719727848,0.4988709679126287,0.2684876788582767,0.07918646484527209,0.1940188983419801,0.2997787434552143,-0.01657555860449927,-0.1409111955718092,0.18611736252997504,0.4248347601327582,0.10638446900136495,0.08356234511496598,-0.3158440718548952,0.17134436460204414,0.23498130697064468,0.017342253484255454,0.04533286961420637,-0.04623387826754013,-0.043829786112503696,0.08295710319683573,-0.2550764219818117,0.19580947889860822,0.04696300738723709,0.12255834905987305,-0.1601661458849422,0.043267345113517215,-0.04618138065095096,-0.08270875998229957,-0.019039151762395165,0.1178254824765238,-0.006498162105083018,-0.11326657150965508,0.00023005927806940343,0.06315573131153907,0.1292788615136873,-0.0664855946476675,0.05986486709865562,-0.029744486930429755,0.3031936200751769,0.3866923658144991,-0.08732682338982843,0.10196268472981028,-0.1382098017976973,-0.11824042583127109,0.09767657498138183,0.03584014071861515,-0.011808354915048986,0.05395349369551341,-0.01886199432233088,0.1247693983766716,-0.021375923010315018
Vermis_7,-0.2066430350857846,-0.34081091311303385,-0.27023553747956963,-0.06409536385230227,-0.05173875820801853,0.25794228747410297,0.018975206720756116,-0.2790937368053482,-0.19482711413843976,-0.18609064634632672,-0.26286040726679405,0.39797368106514747,-0.00019557008273435973,0.21267165294931709,0.23692264298396318,0.20754093113803512,-0.11436401733284282,-0.18131417915846748,0.0267164550797565,0.12548095938167053,0.1424969898273766,0.18600618504357785,0.027040722054720332,1.0,-0.09810030211030481,-0.29516850799413624,-0.19068207175448113,-0.3474356207099683,-0.2629053393361122,-0.14517438908342928,-0.07285028850643259,0.05042405734705302,-0.12898955636052697,0.09228602919589338,0.07504379372568665,-0.19304056767180544,-0.2363295180206106,0.10603620233009012,-0.28604835578229737,-0.007886263623269102,-0.24587017547078294,0.19597709353601792,-0.16975591005022336,-0.04023223525801877,-0.19328841581863762,-0.27254782764506286,-0.35158970726171745,0.07452352221635844,-0.06819344590217087,0.05418506923656541,-0.357596900604032,-0.1907725514072562,-0.14122054426448108,-0.2575385717587089,-0.21837319064388777,0.1965515499570043,-0.008157131993472315,0.037420936115271836,-0.024766375422451158,0.2658372619235855,-0.13244814364248397,-0.058479561084862984,-0.27406593753367353,-0.1445020418269738,0.1181357286895412,-0.3320913415876104,-0.2394837526453016,0.27163626099170984,-0.013500990164454853,0.3430623116868598,-0.1554259545255992,0.3040213298614356,-0.22426863345632922,0.24944693961371378,-0.2657666358635888
Temporal_Sup_L,0.4477766214200117,0.1945955318133818,0.4033009760709796,0.34311243414083203,0.23679563926702676,0.1055762016262526,0.8405740145521854,0.5247549610505223,0.7800859772149159,0.1573361643435785,0.36337520442805654,-0.3537613558651031,0.2566870126434623,0.06377737030717072,-0.029414544356610214,0.10479525541088115,0.3581157614481105,0.4675396116445117,0.8095222821845797,-0.08184535343891342,-0.2820043298662854,0.08590920538666827,-0.05506175719727848,-0.09810030211030481,1.0,0.1903067973492063,-0.07962535782536571,0.3348126175818154,0.524209256411243,0.040311140692375756,0.665823209713432,0.6803475649460545,-0.00934046930458385,-0.4944974857460157,0.16281188765270416,0.1971699039840138,-0.2009876080781807,0.049141076704572136,0.290041055921961,0.39557385833426156,0.24397746569571313,-0.04015804084270575,0.2271016419852794,0.6549953687994594,-0.18437930487811416,0.36254615049482175,0.41082911770826774,-0.31497363516857185,0.24968980503790128,0.2852903977636647,-0.20119289812095353,0.5729960351411965,0.8177577595979019,0.4516890330186244,0.6958325897730627,-0.16352498045738867,0.6831773783409988,0.3242130967592566,0.44502510064758205,-0.5133156415763104,0.06942701004481219,0.8274608059700572,0.6160056651695757,0.03375952335659967,0.42369176389018365,0.31200117648750386,-0.15359170579644504,-0.1051164019596227,0.00779678077435249,-0.3404847348914652,0.3333034153672458,0.2436524922594374,-0.07961054112781372,-0.16092383299515256,0.025352900502421033
OFCmed_R,0.5706777654580852,0.44390434960427877,0.645566604260631,0.04074713299969126,0.3918999811839856,-0.1605006558923086,-0.01720909100076037,0.01455354195117581,0.4726360287343146,0.10158401701213553,0.32469544577559445,-0.44831320720207635,-0.03126438638095414,-0.13260944054534518,-0.3561251884883781,-0.39900573588521904,0.11123501476086957,0.5378099047528548,0.205925662050926,-0.061147113706825414,0.15874354991377806,-0.3015169409718107,0.4988709679126287,-0.29516850799413624,0.1903067973492063,1.0,0.31753833251036756,0.40026953923755754,0.49952071128602377,0.370498315327847,0.16944450818010978,-0.039224734244116016,0.22111718858450044,0.2298532330652198,0.0865902744588653,0.27932347843208005,-0.18513931468854378,0.17621334908140704,0.48730809398365427,0.12603120423913028,0.09734309890223737,-0.2925924736803428,-0.03619999357956009,0.19879587543312865,-0.20915743402569378,0.4305059912336163,0.3820936730648977,0.01142029379857434,0.005322482875254813,0.14438766097655864,0.1440305615437373,0.2668263070734443,0.1723361767850804,0.30595282209701535,0.17769707033835044,-0.3312670107365166,0.1639744647856018,0.0006178450460720319,0.21464749690491672,-0.4329465105604217,0.29432726701415046,0.10727863339635808,0.4857806456300877,0.5418903681166632,-0.18475821021565278,0.3844266114365507,-0.257018213143815,-0.357613263618829,-0.051313966217126965,-0.2608485579298059,0.41034427241357874,-0.13332749127698482,0.05974947472687942,-0.18614667232052146,0.3121639831087733
