,Cerebellum_6_L,Thal_LP_R,Vermis_3,Thal_PuL_L,Cerebellum_10_R,Frontal_Inf_Oper_L,Postcentral_L,Cerebellum_9_L,Thal_VL_R,Cerebellum_7b_L,Amygdala_R,OFCant_R,Precentral_L,N_Acc_L,Amygdala_L,Thal_MDm_L,Temporal_Mid_R,Insula_R,Supp_Motor_Area_L,Thal_LP_L,Thal_LGN_L,N_Acc_R,Angular_R,Red_N_R,Cerebellum_Crus2_R,Temporal_Inf_L,ACC_sup_R,Olfactory_L,Cerebellum_3_R,Vermis_10,Thal_LGN_R,Thal_MDm_R,Thal_PuA_R,Cerebellum_4_5_L,OFCpost_L,Thal_PuM_R,ACC_sub_R,Temporal_Pole_Sup_L,Thal_IL_L,SN_pc_R,Cerebellum_Crus2_L,Calcarine_R,Putamen_L,Cingulate_Mid_L,Frontal_Sup_2_R,Thal_PuI_L,Parietal_Sup_R,Frontal_Sup_Medial_L,Vermis_4_5,LC_L,OFCmed_R,Temporal_Pole_Sup_R,Thal_VPL_L,Frontal_Med_Orb_R,Frontal_Mid_2_R,Caudate_L,Rectus_L,Thal_AV_L,Supp_Motor_Area_R,Cerebellum_10_L,Cerebellum_Crus1_L,Olfactory_R,Cingulate_Post_L,Thal_MDl_R,Cerebellum_8_L,ParaHippocampal_R,Frontal_Inf_Tri_L,Angular_L,Lingual_R,Cuneus_R,Thal_VA_R,Cerebellum_6_R,Cerebellum_8_R,Paracentral_Lobule_L,SN_pr_R,Hippocampus_R,ACC_pre_L,Thal_MGN_L,Heschl_L,Insula_L,OFCpost_R,Parietal_Inf_R,Frontal_Mid_2_L,Cerebellum_Crus1_R,Occipital_Mid_L,ACC_sup_L,VTA_L,Thal_PuA_L,OFClat_L,Caudate_R,Cerebellum_9_R,ParaHippocampal_L,Temporal_Sup_L,Thal_VPL_R,Red_N_L,Occipital_Sup_L,Precuneus_R,SupraMarginal_L,Frontal_Inf_Orb_2_R,Thal_PuM_L,Thal_IL_R,Calcarine_L,Temporal_Mid_L,Fusiform_R,Occipital_Inf_R,Precuneus_L,Thal_PuI_R,Thal_MGN_R,Thal_VA_L,Cingulate_Post_R,Lingual_L,Raphe_D,Parietal_Inf_L,Vermis_9,Rolandic_Oper_R,Frontal_Inf_Orb_2_L,Thal_VL_L,Occipital_Inf_L,Thal_MDl_L,OFCant_L,Frontal_Inf_Tri_R,Cingulate_Mid_R,Thal_AV_R,Cerebellum_7b_R,Vermis_8
Cerebellum_6_L,1.0,-0.1563543728133498,0.495436666607206,0.02157859470237505,0.08494145584190378,-0.046239122430949166,0.2785023569304473,-0.005851722826901762,-0.4626446268946962,0.47408263900531644,0.6915128459912705,-0.19312520882625847,0.04925159577180718,-0.5963723037558646,-0.5488139527523174,-0.6822587589854101,0.46566599451445007,0.2417335289810346,0.05933049514228945,-0.3642972789862205,-0.07580957485664003,-0.5170035320832542,0.6560974278297826,-0.2841982032937806,0.6016134789399399,0.01606068986393197,0.18023925567111557,-0.5622674250814054,-0.2576784980760738,0.6922325110023735,0.07124837619004167,-0.2902327523289138,-0.24220665674210937,0.35628308870446496,-0.3801035503187207,-0.06563191410242047,-0.599364826060627,-0.28309444214148966,0.16206631309779926,-0.29118420463186123,0.42617411929399124,0.7051998129981154,0.323560905442923,0.14481884863992633,-0.06676163888144818,0.2231548089182312,0.1615328434991743,-0.03490376608503819,0.808589237640955,-0.01799419193793761,-0.39900573588521904,0.05050171238088348,0.4064952029071702,-0.13676279220450066,-0.10391261290432734,-0.2666874641490455,0.005091296312587695,-0.3633872021304351,0.015539690992759298,0.15889871019780305,0.3787972823078682,-0.3917590766552024,0.1484231811036618,-0.49194792932749437,-0.48503263036502664,-0.6213574511348584,-0.3301639320794252,0.6442546676083032,0.7367459027556573,0.8215354733259663,-0.3823527258255241,0.7205297880846572,-0.21132474715439564,0.13838931243256775,-0.6717777685034355,-0.46679234614955806,-0.23969046979829298,0.6403446289200405,0.27924008980719245,0.20208632937946722,-0.523062944313257,0.3812549991075849,-0.17234979208665954,-0.33101451047568003,0.8637454221125379,0.11122063754293636,-0.39684097481179603,-0.2996080064755559,0.11828698024916695,-0.2338756265376937,-0.4779664949819887,-0.2974353533445742,0.10479525541088115,-0.07223295386178585,-0.689907886604147,0.746236058567719,0.2479523680614022,0.5364319527196657,-0.6127340742881985,0.42450840123853445,0.2447144261919797,0.697109509964499,0.5386603918014444,0.5404189469800705,0.45595187424849976,0.24160459540720808,0.020213034485201876,-0.28665175400379483,-0.2123085836152933,0.32050398785934103,0.6821492352934907,0.16287443659406883,0.4817576927800215,0.793001464074474,-0.06496511539121146,-0.38855576488878907,-0.5974260322924145,0.23185770959978247,-0.11136290121908997,-0.36813278995217674,-0.2176075395416794,0.10399942400857377,-0.42344582893532084,0.017534401857406276,0.5357211947370782
Thal_LP_R,-0.1563543728133498,1.0,0.21728838125103783,0.34083577212269517,-0.20871637169478738,0.6199541921709177,0.4080953157777494,-0.12146251675792402,0.6599849282295086,-0.22702613115561235,-0.18408543127361304,0.0739038449164346,0.5956038627407627,0.40194255398393586,0.1503930272625594,0.4392704481141177,-0.14852704358038646,0.3129390616173136,0.566418066265051,0.6256006331183249,0.4444673486928247,0.4299064035623716,-0.04751001909157741,0.6068262195577306,-0.4035082908376997,0.1926221059207272,0.3708707271007924,0.4619956961841886,0.5382728135526194,-0.210282631427889,0.049830900445173965,0.3126925623097729,0.34254516618264197,0.4918219960757549,0.2174664003957617,0.34839573013092384,0.00013490597551991064,0.25772318736231903,0.12855110186917118,0.243639233002434,-0.40239943372822684,0.07180888204086758,0.4543717413444711,0.3481751266463954,0.4239757932221619,0.4200583821911258,0.0007201930631897485,0.459961312838999,0.09496910856331049,0.14276549125683344,0.29812602874047694,0.07571261364947314,0.1872604097866498,0.19196702230457557,0.5969528687827943,0.4224423615694604,0.33201441587315905,0.015367135719931852,0.6313426070973558,-0.20913651780702852,-0.221155546762129,0.3813530329894998,0.33404631971453097,0.3049304158941572,0.3567187708600485,0.5116621869690245,0.5321509240113173,-0.07467204583670005,0.08872923457589965,-0.24069671060398384,0.25443096044514635,-0.19813686755010643,0.12421427127663799,0.5411190617516736,0.33654246393798726,0.6523889038385052,0.35588863827755585,0.08373954277338867,0.29819870409421606,0.3035784469501332,0.41123828518516903,0.11700583128412055,0.5581085248240182,0.1952935359517658,-0.2953999511689123,0.39080591592669034,0.035577664298318275,0.5135878694511312,-0.014137910568247565,0.6497662484646132,0.39670022605187194,0.4300975232995872,0.3381049704231506,0.7109593857938566,0.5045217713375818,-0.17819901195585403,0.28311834159834487,0.16506127437543527,0.4700406485895076,0.23365170515612885,0.12927242912022172,0.1998164730461983,0.14256808340891297,-0.0331726488981046,-0.18522713089283255,0.2797506301206531,0.47060310628712526,-0.04216820677167786,0.1101043999259923,0.43962499292389406,0.23053810007794034,0.02134874598773073,0.1556458214393472,-0.25647423806712294,0.6086960929386614,0.4297678332167847,0.6165341278473487,-0.3253301728081316,0.22681811280371275,0.1735509247621216,0.4884620866402311,0.33857075793178476,0.2889976247485913,0.16562326471423625,-0.17482409207513486
Vermis_3,0.495436666607206,0.21728838125103783,1.0,0.2567789380064646,0.009512606955665845,0.07671756198695384,0.17704972807034658,0.16240246230341307,-0.07005881558654786,0.03837502039389401,0.555353747139357,-0.11382478319524103,0.17142583423132177,-0.2572872163123157,-0.3613886868852115,-0.3916482654885267,0.6248744220710128,0.5997088087349859,0.18512129585351306,-0.10482727575379262,0.14612307319070375,-0.1765977690859366,0.4710518542154023,0.11107028771958037,0.2222591819923518,-0.2645593850449648,0.2792523045784846,-0.2813582452716293,-0.06040929037730583,0.4705942210489732,0.17345774138101133,-0.0246447479354593,0.020316388957914284,0.3093251322074555,-0.20830994929743665,0.17492081910968257,-0.3127370326657558,-0.2949474400148601,0.3262416535987452,0.1739721609581982,-0.05974275512909854,0.6456437206639445,0.38483823922223115,0.20637188739767223,0.0218625497919232,0.2546425057423995,-0.20871358349871266,-0.006616029531440708,0.7131089898894295,0.14448537725352034,-0.22251749949075156,0.45762789894085065,0.529550155237298,0.06948044092231453,0.1778486957256992,-0.1940609369300246,0.14913952327443253,-0.32869054433326594,0.2062449100488828,0.2656511266331605,0.3024770546030282,-0.30921957044461584,0.08509138805935745,-0.3140236018979712,-0.20885808360163305,-0.13473566280543411,-0.23850374953462986,0.2309167758373271,0.7064975668411139,0.47776606808490457,-0.3679499572698972,0.6241543393492203,0.24347289652264587,0.1394452569064635,-0.25772405264570275,-0.011884034749210277,-0.0781570058165483,0.5057943980277876,-0.042775432772988876,0.04089543333350278,-0.027542901003280836,0.18998269569091952,-0.10706637242881059,-0.20459891336208466,0.3462508978239853,0.12572150013320482,-0.2473675811730463,-0.05763918719389619,0.38262162689526763,0.01966832664075179,-0.3231453086272802,-0.26866845456102173,-0.11550990770172859,0.19684338088460243,-0.4038948737990924,0.31401386500288136,0.16526965636928292,0.1674518419246431,-0.27939740643443384,0.38096011624894155,0.2727489772413737,0.5226052542761426,0.09201088012662675,0.7479420706615372,0.4843808656928901,0.09955176650114582,0.14659516600791966,-0.027756896861479464,0.045402522972236695,0.45040402767097915,0.6137600179569381,0.38714886166379353,0.3295958988735641,0.3474682212292753,0.399682856708115,-0.3410510305827221,-0.08352608216017746,0.11405472192847071,-0.04302004514349885,-0.042033652314704344,0.2175312271830443,0.11767711321504835,-0.3812901470082496,0.35790762129668785,0.3652200381699122
Thal_PuL_L,0.02157859470237505,0.34083577212269517,0.2567789380064646,1.0,-0.2348939397243346,0.37071957593533106,0.3526347479164639,-0.1887030066710832,0.1394174103490571,-0.005798183267855626,0.12101788924420988,0.03090246504503789,0.4495508440225568,0.1154564953500456,-0.016860976966364846,0.20196222595462404,-0.02146249628208266,0.29298587398945886,0.48256407667904366,0.22879701052708495,0.36463739222092595,0.1666546249159363,0.2452179627613438,0.2262141322935979,-0.18330738188317383,0.13263624450160075,0.4049214182182561,0.043787183404124366,0.24583477716533042,0.006794450561060279,0.32244508434850383,0.3432593526009433,0.2802381430994192,0.40138170809394397,0.17022190697339581,0.5303139434998357,0.09044257401795518,0.12677681917571632,0.3230955819611429,0.09170400753064908,-0.1559039032717917,0.11350225845001859,0.3577548944712235,0.3726992272769443,0.3412036181892392,0.38625610625302154,0.10587646104907152,0.35846346771267806,0.17438901972298473,-0.0039113699184606275,0.028804635338611894,0.10886685159006339,0.529491321545258,0.08248317785294328,0.41738144784720743,0.16136910361393383,-0.012274571390406202,-0.02194313127634632,0.5042253231143768,0.11617083063812036,-0.06595299545748749,0.12553144641272726,0.33945419284413914,0.06838831051853123,0.0769810839131146,0.18242437225930544,0.28185680551543113,0.317488053526019,0.07024301486938196,0.07763099763003779,0.04150405562959078,-0.07215259392027258,0.017422297350126032,0.4850790290892448,-0.13076056585551143,0.22849815201895907,0.31252839216691564,0.13763262413417904,0.2341937127828726,0.27726579390053413,0.20594805300647426,0.13736826306635033,0.32069659362548747,-0.060566394953576644,0.06130302341269713,0.3810250813060849,0.09389609445758929,0.40439437179653215,-0.11318900938914614,0.1854809534209303,0.053390837735805205,0.15834856350203277,0.2040375447177814,0.3874764696235328,0.12034428680580052,0.15813136938073097,0.3752646037621289,0.2397080346809448,0.21827722971172708,0.543231462523786,0.07581876127845609,0.21999940194712483,0.19743966624855083,0.042975456014065695,-0.08746978167255691,0.3670357394310205,0.25542512595696965,0.06303828549829803,-0.09512878176719658,0.582231752143676,0.12671349976092425,0.11802901382450993,0.2497819710943003,-0.08196324880522218,0.23712374233125913,0.20022431020250533,0.21381206290261587,-0.14289074764035564,0.09254953824013128,0.08077968453626012,0.23740101724476606,0.3251271368022576,0.1424127320491082,0.18463174785508554,-0.10075742174251849
Cerebellum_10_R,0.08494145584190378,-0.20871637169478738,0.009512606955665845,-0.2348939397243346,1.0,-0.19834813388369524,-0.1113449867386298,0.05079502393915928,-0.08964527530001304,0.18217235996934303,0.05905044532198269,0.05591747556525389,-0.18317528589983326,0.015365814300802796,-0.046791197712414356,-0.19908699595285687,0.03743410720923992,-0.01706009238241401,-0.10129909803836362,-0.10024801907601985,-0.22681895920061887,-0.0567500514246951,0.16991258435847767,-0.11115778846580675,0.2765749236702747,-0.04554334151916002,0.035102251518903504,0.0175997823940195,-0.24602222607397545,-0.0672959323270082,-0.021607857513430733,-0.10676392495600118,-0.15450761559799975,-0.19040873166310635,0.06409361181062267,-0.12024015184979253,-0.02171953256645545,0.03756197890892951,-0.07724147083067881,0.0427859114566018,0.26387711580413586,-0.05061110517342073,-0.01972154140589543,-0.05233270986097625,0.0056208970438465615,-0.2193544138281807,0.1355323749321994,0.011463195737525238,0.0044336998265673624,0.10530773255300238,0.05974947472687942,0.020205420953577708,0.0008196856647096572,-0.01886199432233088,-0.08732511127038303,-0.18000911516504567,0.09732795548017291,-0.008778489485901408,-0.1656557535675624,0.10263348149552312,0.20948118382223765,-0.07129013484362413,-0.08554378624379391,-0.053510662892375445,-0.05228532221870601,-0.11093007072463379,-0.10626582717694454,0.012882918088075217,0.011604755953355778,0.12810779559323915,-0.06334322479769318,0.10060390495721842,0.1708562661066737,-0.08438831270892533,0.012398676018764414,-0.17575661724574776,0.021388029084560903,0.055885430565079997,-0.05133013589478895,-0.02637814123976573,-0.02946159976689268,0.15407808956828487,-0.06564624570940282,0.060026761330463405,0.07372772475379276,0.01657093418662198,-0.19959902420105838,-0.21104050829399942,-0.0019388222941012889,-0.11507483452637507,-0.21210923235570195,-0.228384934262562,-0.07961054112781372,-0.1456023992686717,-0.1494380662868028,0.07614873788682319,0.052079761827583435,-0.056518266128436974,-0.07322077103225023,-0.1334379659548987,0.023716311828271927,-0.031117807872924053,-0.02859595922721138,0.1066498536624124,0.08568314892566624,0.06261919127919137,-0.0866597007687509,-0.08184548215237887,0.011363079831775902,-0.08684484781885723,-0.13972597921132507,0.04872224810882816,0.05267779619783925,0.17301320998624373,-0.009747041581200025,0.009506799795864367,-0.1965815627584568,0.21348516755949326,-0.10946288159037212,0.08211578971802103,-0.009863105808664032,-0.06334071024838502,-0.19288816464181716,0.0540996131872175,-0.05644544757441566
Frontal_Inf_Oper_L,-0.046239122430949166,0.6199541921709177,0.07671756198695384,0.37071957593533106,-0.19834813388369524,1.0,0.7592003676683128,-0.3251987013651253,0.6197561992294872,-0.08040848832304318,-0.3188312950410047,0.18019166672045817,0.9294770294515201,0.3711367889637721,0.3525690727714412,0.6089853936796514,-0.4834115730985992,0.10999783301500551,0.8764721867323833,0.6675763470909997,0.6163376010652508,0.34071984313418624,-0.02895829458931068,0.5216012251902961,-0.39687622386113186,0.5565948622606667,0.46024765886971825,0.3656840133925127,0.6333340925618499,-0.28261662079428757,0.0739219654799553,0.5676265460772697,0.32226660421633563,0.7328419733715705,0.3460937815524072,0.5928380111125463,0.15909196806786205,0.5005388616011355,0.3849465952553794,0.30807281299184214,-0.2599623074355407,-0.062209933978584674,0.5617412216117398,0.6383424880728202,0.5720160645483019,0.6696574760484347,0.3210929861896331,0.6779750524061068,0.1249726532012337,0.09624886391210627,0.22003183342567487,-0.25514449002982575,0.2713224486032552,-0.02559365676413886,0.6303105957711487,0.703571737413077,0.19547422451460522,0.20605463832847393,0.8646057085084914,-0.29147756835227073,-0.21486491417540735,0.3990310459869705,0.5464403946519362,0.3884377787099244,0.5145051550964241,0.5291187035015497,0.8178720221368156,0.19223236813781555,-0.07937772006650931,-0.213743603628358,0.48181931685394314,-0.3949451501945341,-0.07265852257878778,0.8237389190003638,0.11670164806551678,0.4429422106685941,0.5028159640197444,-0.04590871978534091,0.6713617347726408,0.6165198106964079,0.17051575225848986,0.27833777019548306,0.7770905989956493,0.31333907116543297,-0.11487362160827,0.6086695577528556,0.26485451284060924,0.7104592117918233,-0.23600139008526116,0.7278135504086632,0.3984351755276288,0.6036906357401765,0.7408127785570134,0.6741459404157827,0.5253649920163226,-0.0539265301282521,0.5984602136962931,0.5286502941798548,0.41282499809143125,0.32960394353886663,-0.004436239782730586,0.25564595210081,0.47692258059503834,-0.28589509571333177,-0.48323932980494927,0.5373227245620615,0.3888027896826115,-0.07651938106187262,0.03514596059127616,0.5986890623838028,0.13206376317479318,0.0825114411314977,0.43603370747587905,-0.32932426314413304,0.43866059293881204,0.6040338952858838,0.5586285541001123,-0.5446788052608589,0.3424339377407458,0.0952126329393317,0.29281069638789897,0.7200880827247332,0.5004776304704941,0.12847763882875526,-0.23446567871465201
Postcentral_L,0.2785023569304473,0.4080953157777494,0.17704972807034658,0.3526347479164639,-0.1113449867386298,0.7592003676683128,1.0,-0.2754690815726515,0.2514406119950913,0.23361651925904922,-0.06025146960760368,-0.01687738575808997,0.7628827515811998,0.050744760041068177,0.10657069459460043,0.19504400377270092,-0.26547734328721706,0.09449128218770231,0.7573416863050072,0.2725699198684553,0.48461093153869705,0.08166506565454655,0.37206847234952534,0.2517434543588704,-0.018961031061309953,0.4310124859642892,0.46325242016436535,0.07559304312777719,0.37276841435301167,-0.030958614163630133,0.18100340570326323,0.293187162907565,0.13291463416838697,0.7432722570225364,0.08407395388380054,0.4562448956475539,-0.017312247946432095,0.24126953115305702,0.2965820853228845,0.09783337122378172,0.1815453475471164,0.1895833465863732,0.5145940767177872,0.6654169384509359,0.4905737479766601,0.6509678569741284,0.6048613094157717,0.5755395094499657,0.3868023076674491,-0.06500678884583905,0.014638618627865396,-0.2418080949908301,0.35185932849573487,-0.1673080253500194,0.555403817057842,0.5144817694970053,0.041598719778683756,0.04967382534201001,0.7450248586649246,-0.13680718198444977,0.012968043859970453,0.16423527944704844,0.6153282650737094,0.1574090484137802,0.21489787222843645,0.23739053216157427,0.48900564905246063,0.6005704439100611,0.22210555807144255,0.2696595266225563,0.3053237994901695,-0.08029075249587743,-0.11243285250697682,0.8656532207724523,-0.11514109607227258,0.2490091243410279,0.23944793160370403,0.09836545783218063,0.6470766955330581,0.5170845308328387,-0.06024228552639348,0.5625274797636094,0.5826419038701521,0.174871459844841,0.3490953258244908,0.5453881516087772,0.12779049143193844,0.4504235133647025,-0.18549261758287888,0.440332254554905,0.11418141007497334,0.44044235299944184,0.6366418224093858,0.4097793549347406,0.17307487924627324,0.41202297241572977,0.7763812168590155,0.7409379779476565,0.10688876053725033,0.5339429738816638,0.056410425487668434,0.5143843615658393,0.6030111421813582,-0.06602268488326665,-0.30216685413429833,0.7391707776887066,0.2876167288985157,-0.07769691525902317,-0.006806588953868967,0.652440204971334,0.3660017109684668,0.10416709421411653,0.7426367797105285,0.04443836949601234,0.2672080185866198,0.3188440054003957,0.22124208615973529,-0.2324812567163428,0.23766985637059387,-0.08547157299408842,0.2605283128338304,0.709245889229971,0.25817154800503656,0.0004989942498765756,-0.10388880606973042
Cerebellum_9_L,-0.005851722826901762,-0.12146251675792402,0.16240246230341307,-0.1887030066710832,0.05079502393915928,-0.3251987013651253,-0.2754690815726515,1.0,-0.06630920883483628,-0.01585016352388123,-0.048172285859488025,-0.17703788455072797,-0.31751296500768766,-0.11236915369449645,-0.017033677798821947,-0.21057355397694802,0.5420471490978426,0.2802180795954094,-0.34682949271928504,-0.21705883142453633,-0.21852709770793882,-0.12901496138233284,-0.12136893937475594,-0.11506073934527064,0.3830742136590025,-0.485235058840356,-0.105876256567477,0.0002086335537087952,-0.28791087709787644,0.2283830708762718,0.09726220924215088,-0.21043419268131067,-0.12198707745067183,-0.08738565219165466,-0.4499418195606321,-0.2051432356541805,0.011450523482934726,-0.4869561310909194,-0.030862678720162722,0.12294890970735131,0.15767296136897227,0.29680684099317983,-0.39940898613416737,-0.0573989782054284,-0.25635340945089874,-0.1866507650091882,-0.4472544622964017,-0.41674141814626,0.271050852671893,0.1102869482585295,-0.0272155975365223,0.32274321491309765,-0.09346908598857243,-0.03916242206389636,-0.18361157795112576,-0.2633734191217384,0.07942209768664327,-0.1343321384102981,-0.29592157686745285,0.1277664863463944,0.2350757393312374,-0.2233694419392046,-0.15056964147302507,-0.12479881342582799,-0.2193864002690839,0.10778189831320745,-0.51842310347453,-0.3750190976559108,0.3292287555362792,-0.042599504771699215,-0.3002437911338713,0.4282786586037266,0.21229023038745037,-0.3499109952373391,0.2935886008095441,0.19811159424113337,-0.46374659967298104,-0.12246085754360828,-0.5162213805741915,-0.7063363498673135,0.05586401763727976,-0.13421935492766993,-0.5534915956780041,-0.14536532424139123,-0.12740281244069646,-0.29452080519162865,-0.214710445969822,-0.217003225240968,0.5328818235039252,-0.21489515465594886,0.0869024058624379,-0.3399005368852791,-0.6185621543506282,-0.1546263602799395,-0.1053225262345935,-0.1862712527915257,-0.33065432971869424,-0.4030508055956855,-0.25271299455671664,-0.14085555688531684,0.18421688153837523,-0.16664822237490387,-0.5393143908295591,0.4683895521716333,0.48812454733652066,-0.3869329149253909,-0.012837581042255521,0.3262291693669422,0.3127368219992028,-0.10017570666265428,0.25832048532149343,0.12393003695539677,-0.2046364925638892,0.08284624638049157,0.26871644870833516,-0.5184579964259737,0.04138419777585841,0.35490392122641545,-0.1716967491753492,0.08590781061732883,0.21878489333129786,-0.13686917337554777,-0.3878590069448444,-0.18690628028183198,0.5444748669181867
Thal_VL_R,-0.4626446268946962,0.6599849282295086,-0.07005881558654786,0.1394174103490571,-0.08964527530001304,0.6197561992294872,0.2514406119950913,-0.06630920883483628,1.0,-0.31441239828238726,-0.6048866372477004,0.2033510502701803,0.5342536418415683,0.562426271957328,0.565690361855139,0.7074813577148406,-0.4283235732934989,0.03239883783090521,0.4714101166105839,0.7236802504786496,0.39782963283166883,0.48065912741395744,-0.30761019773005704,0.5723918503799834,-0.5218482971825343,0.3884408390648134,0.10448160167123012,0.6570856805417628,0.7333654110094403,-0.6040892493214851,-0.04891861966408214,0.5102633297840838,0.380007819715879,0.4039212995131472,0.3597947955729805,0.3914652963119948,0.31124149567312687,0.4842696843495502,0.22492720707733627,0.36482766865389127,-0.457358795736181,-0.20844091286571104,0.2608462788102401,0.22588567450654182,0.3660373191700819,0.27913966316659167,0.030221633683651092,0.3645121815869698,-0.2158113708220458,0.18643748794320786,0.3820936730648977,-0.14808450221663755,0.030292635661068917,0.04696300738723709,0.491674130960881,0.5721292458371499,0.293950496999104,0.303891618234014,0.5549569744994727,-0.3873880204887924,-0.3119128197257769,0.4868439830620061,0.24637841177130662,0.5240622337819469,0.6511366960053713,0.7754335414549416,0.6316443942479282,-0.30801046773407614,-0.19509240066632416,-0.6023503798256001,0.5727248614601791,-0.5411673597289834,0.15495387318261294,0.413037548597282,0.4849265454173846,0.7490617183611643,0.3228189739397926,-0.24814693562176166,0.25326401008641436,0.23782054686211634,0.38226309155054417,-0.006191629205801851,0.5326096818683931,0.40701465283554145,-0.6020744433154476,0.2298327767701781,0.2256096537614585,0.5543108352763709,-0.008418516699573617,0.7318372549058438,0.6119417696491626,0.5724496495006784,0.41082911770826774,0.671008539829886,0.7074499365055074,-0.4987383876067143,0.24445673007961446,-0.05666802562748128,0.5709066548084683,-0.12647870980629156,0.005097353823544027,-0.07259149027217818,0.08540350836837673,-0.33962800982821095,-0.41480860819661547,0.21685210075330077,0.43706199652586186,-0.0015815143030085501,0.36356553204001446,0.20659278149880198,-0.025116021545691047,-0.04766463297969463,-0.04056225605499872,-0.6533754329747373,0.5231457991973485,0.5400858347963654,0.8154511830702603,-0.4429748063768108,0.3006277076772145,0.324615875450335,0.38755541693316775,0.29814331066822475,0.4879268086469797,0.19489212298976438,-0.26236024627617305
Cerebellum_7b_L,0.47408263900531644,-0.22702613115561235,0.03837502039389401,-0.005798183267855626,0.18217235996934303,-0.08040848832304318,0.23361651925904922,-0.01585016352388123,-0.31441239828238726,1.0,0.34890013674962256,-0.09136479081351732,-0.12224968736143241,-0.29574840086344817,-0.25728143116954705,-0.403324601961732,0.12183324122223893,0.0448357939368583,-0.034293960770023196,-0.2945463759788976,-0.18983492901303936,-0.2658475180462069,0.4657809600311682,-0.17307348545795506,0.619426491241998,0.04455040998980156,0.13978954336419064,-0.2210083384417472,-0.22254475767920595,0.21080198183742554,0.05124126116664084,-0.11982617674661594,-0.328414154543826,0.030909181640054774,-0.1235830542393687,-0.05760773443925022,-0.44930427279899754,-0.03971766825121681,0.03797217122511298,-0.1551043914511257,0.8394866658630086,0.2019110287660818,0.11059742085351207,-0.04634666886825366,0.16922156302506733,-0.06962053629270895,0.4132378888330335,0.13843901681114992,0.24506172454285882,0.052567303390629976,-0.16529091486475989,0.03968048940538151,0.16042067066595977,-0.029418378602208577,0.0278546742741968,-0.11345637230246707,-0.015192889270765036,-0.3261784618546256,-0.056875855802034796,-0.006292010124931547,0.3978011201228336,-0.1590385621283107,-0.13643704862714193,-0.20002010300724937,-0.25747469258969086,-0.4032269389568546,-0.12535150435870387,0.517876905010114,0.21552316574229036,0.5361512525203493,-0.22765262064579866,0.2864420047725353,0.05455253121991581,0.10304336667140712,-0.3462139022160524,-0.3096228437340489,0.07016437617402735,0.28150875083078625,0.15809733002093201,0.1130734147261212,-0.1501228138806675,0.35879240692584613,-0.0035337635472679667,-0.0472262752776255,0.4985714230892843,0.0800196668875565,-0.27524511710600263,-0.2590947952263155,-0.18168011147836222,-0.2013205228854183,-0.29767745122673717,-0.2284238744465254,0.024230462224456236,-0.15579155387554328,-0.35411386854677546,0.5717384576235437,0.269758870334555,0.30080172850535913,-0.03723615044811235,0.10625956931547456,0.14469189320489217,0.32761867206748224,0.25832065143824784,0.11641288222817567,0.02780592501994743,0.35284390632121515,-0.060290135252105845,-0.20459030057199293,-0.17693378449135347,0.09698997526362715,0.08636779141332948,-0.041772172029693626,0.44315586895113834,0.5133130359553315,-0.09999827003684476,-0.09726218714637709,-0.38581831409986284,0.3681296124505319,-0.05995532766954097,-0.06458356383307631,0.07840949225436723,-0.0343650373088492,-0.2511730690889305,-0.033575745167257205,0.07391926310772881
Amygdala_R,0.6915128459912705,-0.18408543127361304,0.555353747139357,0.12101788924420988,0.05905044532198269,-0.3188312950410047,-0.06025146960760368,-0.048172285859488025,-0.6048866372477004,0.34890013674962256,1.0,-0.1414993432707804,-0.215266889704508,-0.4643605650516807,-0.6776122796831472,-0.7395112623863832,0.6602135432738819,0.5386282230350703,-0.08842490641049541,-0.44234623506587756,-0.13937195370057717,-0.28942260007364795,0.6056453146064112,-0.2963954354626976,0.4479937028438596,-0.27634233975628575,0.3445980559908226,-0.5588425176495673,-0.4537259166700235,0.6680722756511241,0.05302440429527587,-0.34816178503142864,-0.18518364250350733,-0.058608941175965636,-0.145665997456613,-0.11796951483838078,-0.5425362369071377,-0.3132798060246762,0.11859091016015645,-0.29369621811040125,0.24781188416784125,0.49402254421770564,0.3481770176439557,-0.03664889312362401,0.04026288407315488,0.0016256115933265312,-0.05141915228748869,-0.003923693085306818,0.5766121596845158,0.03138055385102497,-0.15601334287912974,0.5550069556414122,0.4277274268697237,0.23030881118142166,-0.02733759126103311,-0.4976501714409139,0.0804256175116285,-0.5139904554217822,-0.1483264932775946,0.3140995892705612,0.44338339732801957,-0.3212277997264133,-0.15224170010480534,-0.5768467794449962,-0.4903858332645089,-0.6796200613874301,-0.4235181850949232,0.4404411046547411,0.5651123425820529,0.7532529845258084,-0.6816914319165868,0.7329513275267902,0.1203104856852599,-0.10863064991354092,-0.6984211630386035,-0.5684069344070369,0.01936863860177562,0.6667875664528671,-0.012926929242801928,0.12579140146366236,-0.06356351793119366,0.22256174108170063,-0.21712579356777348,-0.35576988795671577,0.669079631576706,0.17624537298075688,-0.3823516557490944,-0.3971744995905015,0.1031251944111382,-0.32171886737119076,-0.6394677250920289,-0.5216191488592196,-0.21995166255333265,-0.1777483385693327,-0.7441573895580026,0.6009913037927668,-0.049687521107224554,0.24515074748651342,-0.42452453271801605,0.39631301558465554,0.22730049255083662,0.45151798542789406,0.16810147020508734,0.6388144669898151,0.5843124042361425,0.03365544286497587,-0.09673464537939136,-0.22431731462675447,-0.371609751338746,0.15505516244784245,0.3492774915216897,0.2771708852965628,0.32519473448174807,0.6915348153868989,-0.04900675750952346,-0.3916879541456064,-0.6272392898752609,0.3772158899964886,-0.20795274080866932,-0.09219338889522542,-0.028344908894895614,-0.1746734487639121,-0.5807100048362145,0.24601046895763734,0.3065067216428792
OFCant_R,-0.19312520882625847,0.0739038449164346,-0.11382478319524103,0.03090246504503789,0.05591747556525389,0.18019166672045817,-0.01687738575808997,-0.17703788455072797,0.2033510502701803,-0.09136479081351732,-0.1414993432707804,1.0,0.1652127150548569,0.2740656631756261,0.18338115976576255,0.21016491283163014,-0.2210698443216798,-0.032261811154013234,0.1922896840824851,0.19314425071332725,0.11859070202501937,0.17799476182638682,0.021934178528157586,0.0906753162467208,-0.16479706713782574,0.12159199917226593,0.07550067868666935,0.3103962818734735,0.12353026291379542,-0.20893573604033813,0.1765678514925639,0.13616587151397908,0.19254207143985297,0.013524187063463278,0.36435532203562965,0.13129863826747754,0.17023362840580264,0.35915215192427674,-0.029568341678476693,0.27243263230703024,-0.12235337600769987,-0.3152175271031118,0.14225133300482584,0.02093774581393338,0.20754748839993734,0.00875260587706452,0.09450434322552978,0.22056154622250615,-0.23111539629008643,0.1328294448258171,0.10158401701213553,-0.0065481916582253025,0.06345251799504478,0.0527679243040715,0.19859699274849882,0.08922768967634447,0.2267493651126308,0.09755942517412615,0.16574769663748182,-0.20465924706794264,-0.01836969445876286,0.18590991533460421,0.021584256014818982,0.10602007672997367,0.29550190211222005,0.18736278326555186,0.32189708982683246,-0.04421486017066715,-0.28274037125541707,-0.2421776015653354,0.16780222096806624,-0.24894565378010347,0.17383164927660683,0.11090162465530284,0.22320277768506572,0.039407777843135004,0.3066926580693078,-0.183562643821318,0.12160842423833887,0.1911555638603227,0.17675553648798303,-0.012577369945284243,0.26429035965700476,0.13641501828395663,-0.2381117495527739,0.1698636361124559,0.14001752788084823,0.16720405903486552,-0.07715904039382557,0.20473697472133906,0.13819015329086082,0.1040245981002998,0.1573361643435785,0.2945835408485735,0.18839069947732234,-0.20272501967560924,0.16917189968520283,-0.016555423187734376,0.2713421927368001,-0.10496590365505123,0.03308740317268819,-0.18955450974627816,0.009389372701411533,-0.15413920378937904,-0.18347967578851065,0.11965003097615409,0.19187670044769156,0.10498710636761573,-0.01998421612380965,0.07393156181407105,-0.2790339763094481,0.06547051592675139,-0.05145499069383254,-0.1988109912458218,0.13957533243513892,0.3133206922344674,0.18072414679114532,-0.22136511237031722,0.145250753388915,-0.010520102368667414,0.13472966375891623,0.051028354086865436,0.12309720743980868,0.09769468341866464,-0.23776672469637572
Precentral_L,0.04925159577180718,0.5956038627407627,0.17142583423132177,0.4495508440225568,-0.18317528589983326,0.9294770294515201,0.7628827515811998,-0.31751296500768766,0.5342536418415683,-0.12224968736143241,-0.215266889704508,0.1652127150548569,1.0,0.3149194155666805,0.3068935738985822,0.5229210504056767,-0.37221487231420847,0.19885789817782384,0.9203524857469101,0.6334664803462232,0.6287532657545709,0.25786122819723317,0.10624820858172992,0.46838631912162837,-0.3758404252849189,0.5355611696568715,0.5669199736513955,0.2856946152627977,0.6065116027436304,-0.16704689052142224,0.15846722377536712,0.5161845370354533,0.28470871352472205,0.814472351283626,0.3290312619048047,0.6444824494191576,0.1849525549812947,0.4208886334812342,0.41232006864497145,0.2637664945319664,-0.3066048807630334,0.021905175705731323,0.6136602704080503,0.773530625031735,0.5449092454968423,0.72205525101522,0.32072054001705724,0.630103883726965,0.2719487454097107,0.08954301142024448,0.1639744647856018,-0.21393067346527248,0.3580631312652295,0.00023005927806940343,0.6467695633369156,0.6358500155916937,0.1932753438130654,0.13444595021429095,0.9367992625359729,-0.194131163001824,-0.1915923717005174,0.36790244718334325,0.7052089410633978,0.3231833306830833,0.47482643637105365,0.4966109582581201,0.726942183088622,0.24252448989978945,0.0005054149671979492,-0.1312675668352184,0.3801353749615642,-0.28836471378269307,-0.09322830882896566,0.8812438332092243,0.06678923640083889,0.4060297298324905,0.45899276843229503,0.04586582499063787,0.656382269222948,0.6102684419319068,0.12221105020748131,0.3661046028403209,0.7340938632535056,0.23065557025978084,-0.03212428064658695,0.6832703478391741,0.2295164749376185,0.6929620711207635,-0.17617745797971607,0.6723736311399305,0.32325163794512746,0.5732293940532498,0.6831773783409988,0.6648593972872939,0.4491524643607212,0.006305490181319971,0.6045726303249639,0.4884800274734882,0.2954649347509358,0.44904157125483735,0.041008450819754794,0.2926332027227837,0.48101611383957704,-0.17297892129320755,-0.37556505404177987,0.5741898987906443,0.4090801191049686,-0.028090206792625885,0.010177577390601033,0.7396898287459477,0.21991635969142356,0.19709801813834021,0.4287706282361063,-0.2516514510882303,0.44610910327711095,0.517090776630266,0.48828120893750293,-0.5566280480433866,0.2851310784336714,0.05447886370404918,0.28450726102763174,0.8229689532151067,0.3843357556948277,0.13408999532427388,-0.16132509408022422
N_Acc_L,-0.5963723037558646,0.40194255398393586,-0.2572872163123157,0.1154564953500456,0.015365814300802796,0.3711367889637721,0.050744760041068177,-0.11236915369449645,0.562426271957328,-0.29574840086344817,-0.4643605650516807,0.2740656631756261,0.3149194155666805,1.0,0.31702783323025885,0.7280718472727055,-0.492225439340636,-0.03367338524242435,0.33116677494321173,0.613157788997387,0.38413479792272615,0.8010654891382776,-0.36172173024280085,0.5311021978079358,-0.4250747626811642,0.3707172314930735,0.25253836346936215,0.7666572949348164,0.4303226029005634,-0.4862179824431901,0.07222791038279444,0.4210512310075979,0.5064155687014489,0.07513600069990724,0.581741995453358,0.25779308037875864,0.5284832146518746,0.5969748692219702,-0.11752602450867207,0.2581397611019882,-0.33577568124135604,-0.47178886264882675,0.26934905454863106,0.14028605940715522,0.4020816050429092,0.044436578303855924,0.09235244642351044,0.414572006908111,-0.4349899011608563,0.30151858072034615,0.4765448603807164,0.06594827975114408,-0.008167069065624696,0.3144235008715154,0.34728513932431365,0.4185639987571593,0.19241821412928634,0.3446669625487318,0.31250493275454694,-0.14679720661816523,-0.16669539549716006,0.6033800343739748,0.21625536697852185,0.6457709958170184,0.6556089326914197,0.5668203174201555,0.6193047072104105,-0.3428971072463506,-0.5131744786966591,-0.5862250171091901,0.4742892190180817,-0.5903874017369644,0.3013820116811708,0.1856045792508411,0.4975976516593304,0.41155722947050427,0.5183315612550599,-0.2425670613441801,0.15986196676103642,0.26622495729343015,0.6084325012654981,-0.011099782331877656,0.548671408488418,0.3162675384795069,-0.5693906273087367,0.3528793739276893,0.3223749012648156,0.5050778011169685,-0.10673830481585259,0.44587172085895865,0.6048001393579332,0.4871424550509469,0.29113909345217803,0.30523949369798253,0.7605451390395084,-0.4613380200555591,0.10745184622624056,-0.18013694437392794,0.6431459185608407,-0.0373658667732961,-0.35391296658992677,-0.34512448422227354,-0.1002733169740979,-0.43841645798168116,-0.48288129784368006,0.12308048320584222,0.08474532809095779,0.18800336246407276,0.17924606928873865,0.008334038923736532,-0.44906911692267104,-0.006585174936742396,-0.10454105099049349,-0.5638367416033356,0.24319201884982772,0.7346271826561861,0.6055027282322086,-0.4359793094880976,0.11382192871568779,0.33029120679148893,0.30465648100634934,0.16629574291981314,0.3945387149995211,-0.07182832220340281,-0.4978380399405093
Amygdala_L,-0.5488139527523174,0.1503930272625594,-0.3613886868852115,-0.016860976966364846,-0.046791197712414356,0.3525690727714412,0.10657069459460043,-0.017033677798821947,0.565690361855139,-0.25728143116954705,-0.6776122796831472,0.18338115976576255,0.3068935738985822,0.31702783323025885,1.0,0.6051751444003927,-0.5242990131352026,-0.2589678877127143,0.29003017363426736,0.37806078066260357,0.3533940654718056,0.3645081305760948,-0.37679024947316053,0.21237790639799645,-0.4867418248215351,0.25886754560362574,0.0024562266959435607,0.5314039645640468,0.5094046981956778,-0.6366513042354454,0.05227020379255781,0.3340190861098755,0.09441136613691163,0.2069041069234936,0.413012746383355,0.20816640183374144,0.5077037213808845,0.465394429739074,0.24833192627588607,0.2559316819610975,-0.26982434046220977,-0.4530509947029597,-0.13007966900103043,0.18522596768101912,0.2730095944204385,0.21679276057010483,0.13693654306321068,0.25280023277861746,-0.4002812780077309,-0.12017029250202135,0.3735582732292345,-0.336305340969314,-0.23856868010869786,-0.03347646522601905,0.2244375687058866,0.44586749490859445,-0.05783282079683927,0.32821786016390575,0.31075549747605646,-0.44433064449175885,-0.3335688326791175,0.49910689919513607,0.20281141275405912,0.24000580089219947,0.538421641418831,0.6829925019714032,0.4718605346156286,-0.27449871260959036,-0.4687269648057979,-0.6008918569805607,0.34263101398438806,-0.6546830371025083,-0.12385194234149216,0.24257849943736326,0.40692824901535013,0.4928476141089501,0.20149674980268514,-0.5488206100223623,0.056343420450288104,0.0675589681916917,0.24240232767908135,-0.03030489895103577,0.3390134051845364,0.4256336912889945,-0.5097315138457564,0.14004765890433224,0.5017177808177055,0.3947167258093964,-0.13337843002542804,0.4412229893916219,0.5044679695257469,0.5842590448119628,0.27586922049151924,0.3105432180456305,0.544256817350616,-0.47103707746121504,0.13419872604517347,-0.10052776054880898,0.4689890868538891,-0.2822028867024732,0.02493553132240747,-0.3592216534967199,-0.016483738543358505,-0.5559400300146691,-0.4812769364674324,0.1372835844508521,0.09350826006306176,0.2134575297581064,0.047389963416644476,-0.02033609681564578,-0.21062286976646152,-0.26062276290366,-0.13251852201215475,-0.6924450381712686,0.15526820652281084,0.4094243400845996,0.5242502685570476,-0.2362557910738509,0.3057745324209426,0.2811318167872166,0.1764588339703936,0.2463121665738579,0.4997249046853418,0.023567391248370005,-0.22455548554812924
