,Olfactory_R,OFCant_L,Occipital_Sup_L,ACC_sub_R,Cingulate_Post_R,N_Acc_R,Vermis_8,Thal_PuA_L,Frontal_Sup_2_R,Cerebellum_3_R,Frontal_Med_Orb_R,Raphe_D,VTA_L,Thal_MGN_L,Frontal_Sup_Medial_R,Cerebellum_6_R,Precentral_R,SupraMarginal_R,Hippocampus_L,Frontal_Inf_Oper_L,Occipital_Inf_L,Cerebellum_Crus1_R,OFClat_L,Amygdala_L,Postcentral_R,Pallidum_R,Frontal_Sup_Medial_L,OFCpost_L,Frontal_Inf_Tri_L,Vermis_10,Supp_Motor_Area_R,Temporal_Pole_Sup_L,ACC_sup_R,Vermis_6,ACC_sub_L,OFCpost_R,Thal_VL_R,SN_pr_L,Thal_VA_R,Caudate_L,Cerebellum_6_L,SN_pc_R,Precentral_L,OFCmed_L,Fusiform_L,Temporal_Inf_L,Parietal_Inf_R,OFCant_R,Paracentral_Lobule_L,Cerebellum_8_R,Temporal_Pole_Mid_R,Rectus_R,Frontal_Inf_Orb_2_L,Thal_VPL_L,Paracentral_Lobule_R,Temporal_Mid_R,Lingual_R,Occipital_Sup_R,Cingulate_Mid_R,ACC_pre_R,Red_N_R,Thal_IL_R,Vermis_1_2,Thal_PuM_L,Thal_PuA_R,Frontal_Inf_Oper_R,Thal_MDl_L,Thal_LGN_L,Cerebellum_Crus2_R,Temporal_Mid_L,Frontal_Inf_Orb_2_R,Calcarine_L,Frontal_Inf_Tri_R,Precuneus_R,Cerebellum_Crus1_L,Hippocampus_R,Vermis_9,Cerebellum_4_5_R,Parietal_Sup_L,Thal_VA_L,Frontal_Mid_2_L,Cerebellum_8_L,Cerebellum_9_R,Thal_IL_L,Thal_LP_L,Cerebellum_10_R,Thal_LP_R,Insula_L,Temporal_Pole_Sup_R,Supp_Motor_Area_L,Cerebellum_3_L,VTA_R,Cerebellum_7b_R,Raphe_M,Thal_LGN_R,Vermis_7,Thal_AV_L,Cerebellum_10_L,Calcarine_R,Cerebellum_4_5_L,Rolandic_Oper_R,SN_pc_L,Rectus_L,Thal_PuI_R,Cuneus_L,Thal_PuL_R,OFClat_R,Precuneus_L,Rolandic_Oper_L,Parietal_Sup_R,Occipital_Mid_R,Cerebellum_7b_L,Lingual_L,Pallidum_L,Temporal_Sup_L,Caudate_R,Frontal_Med_Orb_L,Temporal_Sup_R,Thal_MDm_L,ParaHippocampal_R
Olfactory_R,1.0,0.3617115881497229,-0.27039026731910326,0.32266962555762047,0.06160476449688415,0.734495100380484,-0.3910696807401577,0.35457604984060004,0.5418817921056561,0.5046966551445718,0.2998023691737463,-0.18904143566738874,0.2532621628093627,-0.061407619873473554,0.4216338650672577,-0.5849887765891035,0.3049977376820835,-0.1333470512823741,0.602078369774064,0.3990310459869705,-0.29771696029318223,0.4520344721916111,-0.27070135273014884,0.49910689919513607,0.3395994819535804,-0.11386782552247629,0.5626587256294484,0.6230756988576154,0.639831107177731,-0.5369885135742851,0.3768867334967309,0.5977284734027014,0.3488154137590559,-0.5692833981873227,0.20974735602371147,0.5490315301426542,0.4868439830620061,0.4053927307755374,0.17219495215187933,0.3331563007557747,-0.3917590766552024,-0.0027709491220534403,0.36790244718334325,0.10857513824777236,0.032546475683986095,0.3555912567235017,0.03871506972715532,0.18590991533460421,0.3291410377894453,0.038904348485769076,0.09314661020031156,0.42773855710480285,0.6799789806437299,-0.10217040220519852,0.2116821532702839,-0.5047419823616435,-0.44524818179200554,-0.374469083474845,0.19915956350503,0.6184241872772253,0.3530119583911901,-0.04706534768863225,0.030031759080154107,-0.05965023429120467,0.13873243765145424,0.2642338582714699,0.2588219681475062,0.4719362325655085,-0.49077932460602464,0.13309922005362887,0.599862553582568,-0.2828873773898767,0.18971866575187155,0.09231126135330449,-0.2666232844345972,0.3802432792747195,-0.4756019307655946,0.33435138856596897,-0.07735919862905377,-0.2017991576893265,0.6005627738467944,0.4969465244355028,0.421653274542184,0.10532540287504569,0.4399944333519427,-0.07129013484362413,0.3813530329894998,0.40533361364557147,-0.03662754711228542,0.4156285459922962,0.31374614519492433,0.007487486370968844,0.06309671282562233,-0.397150252192225,-0.10850659238250478,-0.27023553747956963,0.14221739653890383,-0.3333655011242427,-0.4479423825842943,0.1934807659071646,0.16659843199431007,0.5296478241916173,0.20136619462912791,0.19055053617571296,-0.3335745655021356,0.21364769190708166,-0.20107704927822231,0.2153665456248946,0.31427476934613924,0.21666717954236697,-0.5229037897600405,-0.1590385621283107,-0.2444903391211851,0.3308736470025613,0.4033009760709796,0.45348287513329955,-0.02150939981418225,-0.376716768081667,0.5048389370093751,0.5088618251798355
OFCant_L,0.3617115881497229,1.0,-0.27949800818609294,0.23108976907788323,-0.030885284152675625,0.37865390027055906,-0.31278246555161743,0.16023175594760727,0.4381159523667948,0.15994060454016087,0.3866923658144991,0.08949495118784967,0.10811510210783594,-0.1019032141914362,0.43402592206692175,-0.24899585154273163,0.044600961541985784,0.005262792411443623,0.2617654774393874,0.0952126329393317,0.030199132695116888,0.3324370756365459,-0.0029754236250746345,0.2811318167872166,0.034771926726136534,-0.14938493749888598,0.31577933301091826,0.5485764869486385,0.27553317976323866,-0.394799567126207,0.15441518743645985,0.32851881725760407,0.30708471193860126,-0.27948527439960563,0.228665973043165,0.5493835016466737,0.324615875450335,0.25704637280707743,-0.09871428516049925,0.03639141158932472,-0.36813278995217674,0.12278255044611147,0.05447886370404918,0.04319308538129589,-0.2155901101771489,0.010893282288953475,0.059894285264411096,-0.010520102368667414,0.0530886566297926,0.356865342070242,-0.026101342954847437,0.3688225234822431,0.29355764997449985,-0.06782041611216409,0.017192733645395177,-0.09681101511128054,-0.21182272119679113,-0.2189668381122425,0.008234141047737623,0.4477102169846405,0.22818677261565848,-0.012762552964253202,-0.044181384134948376,-0.14241629348739665,0.02245130618965306,0.39032545151006665,0.1687585108046532,0.20654620779743613,-0.22069233023388216,-0.15754436111825315,0.39209995602775705,-0.2188900902965133,0.4271837425952374,0.0202180818001581,0.03197033523205147,0.222101907757647,-0.3949650857723067,0.24633072293823843,-0.06048285199930434,-0.14611934783793792,0.29090876787210523,0.2989450092087347,0.11176096322601833,0.19046048184724226,0.18189212135221014,0.08211578971802103,0.1735509247621216,0.11818866033033253,0.3326097794195537,0.17640916601826817,0.09033438103835206,0.1492917489036824,0.34540102743821416,-0.1256672106798938,-0.14603918800061938,-0.1445020418269738,-0.039566732752543,-0.07442781226677266,-0.28610423751818925,-0.036840037723447,0.29851461673159885,0.1824216236856316,0.28039359320611906,0.007986836522577518,-0.25187642550410533,0.1002456199620163,0.02748165079476618,0.05190402090022984,0.08682693692476737,0.023140829579811947,-0.2581159702940368,-0.06458356383307631,-0.24573489422760667,0.11246844334582239,0.03375952335659967,0.26937987219652476,0.157077034182293,0.0018995093173951837,0.24139066528955888,0.4315895930292699
Occipital_Sup_L,-0.27039026731910326,-0.27949800818609294,1.0,-0.48937464111557843,0.37246953931007426,-0.3336997236572844,0.13519223535058758,-0.2816637275602739,0.08151176348219004,-0.209655084393523,-0.05240210936764606,-0.016946607929124755,-0.28261809582494485,0.554970307804648,0.24596428656331878,0.44210380647148917,0.04682916066900425,0.46250100363129665,-0.30033587087379093,-0.0539265301282521,0.27122709987590965,-0.11325278734349913,-0.12184558727053892,-0.47103707746121504,0.33120635680843385,0.547045686578534,0.16796459418104986,-0.18671927973059052,-0.22932001705428107,0.4435925230188486,0.04917575575299361,-0.10978157522848364,0.2530960117772863,0.5640542260379896,-0.6037697392546462,-0.3686590590375861,-0.4987383876067143,-0.1967604713740416,-0.24385641072007483,-0.2736425730801737,0.746236058567719,-0.3163347576747838,0.006305490181319971,-0.2381792851716887,0.5960626545558857,0.08271973421853515,0.5302583620845468,-0.20272501967560924,0.2787734851573598,-0.1743365735205953,0.20207304764351963,-0.39721333652655655,-0.1680561357806152,0.41214143796474156,0.39777215357221424,0.2228992931511704,0.5052896930756094,0.8905381784662249,0.10466666425789978,-0.07138112995933578,-0.20851564138390216,0.18216727394735935,0.21205596489444048,0.528269247630969,-0.2042532040140769,-0.4332177504427365,-0.032622722290156815,0.01162694484666061,0.5550102003580458,0.5902897373018026,-0.43433907456379395,0.7331023575700122,-0.1906566882313784,0.5068450019297513,0.38188003980286817,-0.45062692199068544,0.700407964856282,-0.3499201327906618,0.7474559316516558,-0.2900848433710041,-0.04139466704346039,-0.4094357344203759,-0.43185084595073,0.04747681502382556,-0.4277576694806909,0.07614873788682319,-0.17819901195585403,0.3447047333879085,-0.03273155308627461,0.09140145423121104,-0.07276015930690297,-0.2838478776839454,-0.07556391080451615,0.43986157243693275,0.13381806127009893,0.11993021751881568,-0.3218589163336302,0.11140261932193529,0.5236410927083313,0.3009767014447232,-0.2169711229845099,-0.39351094115499735,-0.15681254205107953,0.005430544434382034,0.9131181827157244,0.08614722584358483,-0.06310421366238454,0.5498207276892543,0.35841056343887895,0.5369042114619125,0.7384179070534371,0.5717384576235437,0.4537678613701966,0.4293408317842874,0.18249043197609202,-0.2974347098207591,-0.08108448859753123,0.11644660547592728,-0.5977149193693236,-0.5994681104481536
ACC_sub_R,0.32266962555762047,0.23108976907788323,-0.48937464111557843,1.0,-0.046541065947666604,0.38317256715107934,-0.3253223066209096,0.37338769105768793,0.12191829426221429,0.20789564533927926,0.05986486709865562,0.004312765897637951,0.517676197236671,-0.5274957628086739,-0.0018747636570460322,-0.5139213647386321,0.20551404430747625,-0.28135629720741273,0.40838177130755693,0.15909196806786205,-0.35838307592861884,0.15397110328372232,0.033882008844478596,0.5077037213808845,0.13889212053127867,-0.3330326626940502,0.06353539190672049,0.3736111383604722,0.3244080106995552,-0.342489327998679,0.1563655822536374,0.3070072684095535,0.018834350452051164,-0.50530098138584,0.5967507992386352,0.2759577774623679,0.31124149567312687,0.2933730217398765,0.36128385042240907,0.23397581242447144,-0.599364826060627,0.2452191297590119,0.1849525549812947,-0.03232896654161832,-0.3021955402729283,0.21038573152748238,-0.08035142638467965,0.17023362840580264,0.03645732974250715,0.14065203660399225,-0.10562851407693799,0.19119270826880405,0.34461390563218003,-0.08769407871414801,0.03379132576062597,-0.3894709955374144,-0.4757511713516515,-0.5057852475739192,0.18496800209410938,0.20172703408822357,0.130782741439591,-0.3193665241649522,-0.13644320405172228,-0.09796856837790673,0.41682988016790135,0.2525129397310097,0.10330235571983311,0.20583256071617212,-0.43011395782899714,-0.2761058861613921,0.32493646357604405,-0.46647481628111903,0.10284818785210958,0.01963628594384309,-0.2021900034519903,0.31642343053311056,-0.6199026164496185,0.1168657502093795,-0.2159132274605066,0.19268918282885583,0.23290601040735334,0.48795069286778675,0.4933218987790931,-0.08633532672675968,0.2518319743777491,-0.02171953256645545,0.00013490597551991064,-0.04858749912014892,-0.0910475660414731,0.13832939542679565,0.16076370719185062,0.0009129776723087477,-0.15144121738578212,-0.39882339043800663,0.20345585198090368,-0.13244814364248397,0.4416463811775309,0.03309464195663751,-0.4711784331455463,0.00641260595673608,-0.005439445924066499,0.3847892951048354,-0.09994025760458608,-0.1100418261581544,-0.580568181376337,-0.2047735639920019,-0.10949274145341743,-0.014534054673682694,-0.08667871157832807,0.013645695850800487,-0.5674842280961039,-0.44930427279899754,-0.3890349795209819,-0.31731119262684404,0.06942701004481219,0.17078359808974775,0.06163137422449648,-0.34710975826626883,0.5934121701014536,0.5713300543955696
Cingulate_Post_R,0.06160476449688415,-0.030885284152675625,0.37246953931007426,-0.046541065947666604,1.0,-0.011966667011449772,0.03113273205744457,0.38797306500131207,0.4059453287550987,0.2998822861963613,0.05074897464374112,0.3220275119353108,-0.11629436122529022,0.3355544710055905,0.4698509030283494,0.13014300554970187,0.7765548111562369,0.5426694986241967,0.3869219702965557,0.5986890623838028,-0.2089797175377055,0.03316581052255392,0.018445608846158566,-0.02033609681564578,0.58576787504699,0.6108477572474824,0.47351611718961256,0.08483303476073341,0.3147704959532605,0.11690549303873769,0.7600554868077573,0.09079314790072161,0.6536760653541307,0.17071460457085874,-0.04807643077073261,0.022745000034664193,0.20659278149880198,0.28095067042770644,0.014310043836824786,0.19159742615340514,0.32050398785934103,0.19683296428278982,0.7396898287459477,-0.14696651788206327,0.4307232148677987,0.2167824736245384,0.4418851717583944,0.07393156181407105,0.7731671873783795,0.06219104433398783,0.23553442127272847,-0.00503318185650308,0.1673565864648701,0.6108420276075678,0.7150683239587609,0.06037368824665439,0.34050688005268337,0.4447870267373557,0.7364344697104581,0.32689024281017276,0.2879909135139274,0.2527327590434783,0.6723980958728047,0.6704029964454296,0.06522903023230353,0.37140557333732294,0.1404385648783001,0.44596989317096414,0.019252345416256682,0.38296059905251517,0.0033086281228439877,0.5194119157088765,0.3298122580540373,0.6733795221213664,0.10047283666657822,0.2519107498829163,0.14813415603065225,0.3658615061189356,0.3320130845855603,-0.05907711745132169,0.39447363463149193,0.12389383790867835,0.03521801758800791,0.40669391129941324,0.29434896567291824,-0.08684484781885723,0.43962499292389406,0.42476049483567496,0.05485556759288718,0.7177509779096013,0.5311395320360048,0.12252317773327012,0.19073297361116956,0.1470448002346168,0.28281238014476345,0.0555884703645246,-0.1693523586708812,0.03352609875212512,0.3489838427581952,0.7630907761331169,0.4241499669500851,0.2130578910663882,0.14678247397838864,0.4968851307751233,0.34531033320668747,0.5697525573286398,-0.13960497294837254,0.6267801807108386,0.37727980924745985,0.2843428980410074,0.2605506257000685,0.09698997526362715,0.42886607018938666,0.4714304939810938,0.325484188455731,0.31371587825137415,-0.10866667806549467,0.1117901698015248,0.07636685108788632,0.19986968964445273
N_Acc_R,0.734495100380484,0.37865390027055906,-0.3336997236572844,0.38317256715107934,-0.011966667011449772,1.0,-0.42157191268326355,0.39412800108351204,0.5107287013363647,0.45456211490961373,0.38145904089851274,-0.15107549655686342,0.29440343526448876,-0.15753220370904047,0.4146122341908072,-0.5461336238669057,0.19089347157233164,-0.16666535431710575,0.5705165968734053,0.34071984313418624,-0.3149443022224506,0.39716475190104317,-0.1903649769035475,0.3645081305760948,0.1981985616470444,-0.19347827198313264,0.5061314315580602,0.622283895254363,0.5822807271432315,-0.4577997470613861,0.26757812516163704,0.5972703402643963,0.3247339858150469,-0.6126748670417541,0.4149317084380281,0.7139018655067909,0.48065912741395744,0.3866009014639378,0.2737664132458511,0.2827118230646471,-0.5170035320832542,0.15610084964149676,0.25786122819723317,0.14414707457362264,-0.0517439983708208,0.3115347763203282,0.009873261062953742,0.17799476182638682,0.18036961503678475,0.19484416384767891,0.2004478575043678,0.2992732808795769,0.7120756849734096,-0.07726222197911257,0.11627995110543923,-0.40970992701877945,-0.43956024006318456,-0.4144617881727553,0.07814643368768237,0.6201638665968696,0.5095498331092909,-0.10942248398745741,0.11476162316071424,-0.016348005035126643,0.3913581035572556,0.2968683931275312,0.19495110573172864,0.4356803206794218,-0.4630531921434751,-0.009388647679245788,0.6650213865021306,-0.2693936991395552,0.2854786004975495,0.06988019926725116,-0.1650838111813162,0.4201361025174449,-0.5154510425184244,0.339435147239566,-0.12825868185759995,-0.10170449921452195,0.5540385286624622,0.6118000506207142,0.5593145348927556,-0.08919444982591836,0.4488669496912566,-0.0567500514246951,0.4299064035623716,0.3000488248034273,0.1605592666530596,0.32840825438784543,0.3779386017595608,0.0018720471420883035,-0.002715028925275107,-0.4747033515551601,0.058135881058485085,-0.20094291417102603,0.22083915499980988,-0.2018252837124817,-0.3787475959965464,0.08250406638980687,0.21817973032977975,0.494270129361,0.18429551410120465,0.15421928592495804,-0.4290696783788233,0.1684820184779821,-0.10922737684430946,0.12574429767795953,0.2519639711086563,0.10327964356915759,-0.5349465816303709,-0.2658475180462069,-0.2934947858602105,0.16843929309712344,0.29745765669980434,0.41244360968542354,0.015585421916060471,-0.2609475869412909,0.5680208336298732,0.5022884677732871
Vermis_8,-0.3910696807401577,-0.31278246555161743,0.13519223535058758,-0.3253223066209096,0.03113273205744457,-0.42157191268326355,1.0,-0.21487702683918233,-0.2975329141635589,-0.25649190050967013,-0.20507381445928563,0.1714080059689504,-0.2753566720800123,0.20258737814050803,-0.3361365048828946,0.6641217213964221,-0.10117928155457803,0.2575830381514336,-0.35791210168618587,-0.23446567871465201,0.19317610480702627,-0.41639342411247043,0.388927817485626,-0.22455548554812924,-0.4176219665350555,0.3085145681418488,-0.4434999274135771,-0.6474417301665735,-0.5830917873575096,0.6316197696826373,-0.1514322491456571,-0.5696188302848656,-0.09864577798496335,0.689930831994331,-0.15500705795956887,-0.30716784020642535,-0.26236024627617305,-0.22006502990934618,-0.3936851580668755,-0.23709286126945622,0.5357211947370782,-0.06567605607318051,-0.16132509408022422,0.012091021514218942,0.1321229456536944,-0.32905299273713773,-0.005020137080887992,-0.23776672469637572,-0.22056977475929831,-0.2139650080512315,-0.2666635815840377,-0.015752461840071934,-0.6774652046172766,0.14176600385396712,-0.23304325869383935,0.6864307008134642,0.656605877503249,0.25400289983933455,-0.0751242930135065,-0.5698934054747585,-0.3204633128693884,0.2593404509823227,-0.007674030886763341,0.022413298373350286,-0.13891284609430332,0.06309108934683913,-0.15760074376141847,-0.2286890681301275,0.4216103216108087,-0.07087991672973694,-0.5115808337500226,0.24526866575870382,-0.013257113999344424,-0.22763029190187567,0.20228491376586083,-0.10985578380121466,0.35857047971624906,0.16146899253816663,-0.02483977819024222,0.16622246157262097,-0.5393818355346787,-0.4596594398346056,-0.1565797587850943,0.18485890790679302,-0.2869730394935117,-0.05644544757441566,-0.17482409207513486,-0.42595868255261166,0.17688587754940988,-0.21206997181408266,-0.2295655759925399,0.2559542735215717,-0.12631875797356634,0.36788818914843685,0.1606202589246538,0.1400140473472252,-0.2291908751600921,0.14195380167436358,0.6518870683262755,0.1514555904538029,0.1587408645841727,-0.10944283689857114,0.011477115078585154,-0.06825656641923569,0.3174998058862858,-0.06697877002266046,0.30632261211519257,-0.2736894347090729,-0.3466222032909424,-0.4136721691360831,0.5065664250830507,0.07391926310772881,0.644850708303594,-0.19270542677105576,-0.35340465937286997,-0.20726888703316707,0.2999933285504571,0.627156057614659,-0.4553413898294752,-0.2591120899840004
Thal_PuA_L,0.35457604984060004,0.16023175594760727,-0.2816637275602739,0.37338769105768793,0.38797306500131207,0.39412800108351204,-0.21487702683918233,1.0,0.4645982795866373,0.4782083091369942,0.1292788615136873,0.16550530113529693,0.5491456279318744,-0.3339281665166392,0.37625638444070403,-0.43644399147475577,0.6488627839836367,0.012919840525781406,0.699226233678642,0.7104592117918233,-0.5146652946425012,0.14316910766082674,-0.19712312435369778,0.3947167258093964,0.4373413409076147,0.021069182346368374,0.4908455464583817,0.3432612550913827,0.6609714467079791,-0.21507034383273074,0.6844489498721625,0.4032334196947289,0.3555677216802374,-0.4542817988526824,0.4966942795563769,0.34604824118801014,0.5543108352763709,0.5901334580170806,0.4212100427220061,0.7347143283743083,-0.2996080064755559,0.2612649704711623,0.6929620711207635,0.1267796865263868,0.07736163145778231,0.41937373651382626,0.19026775792761694,0.16720405903486552,0.5802244728519067,0.0742078647889512,0.10237314346846638,0.1262760453885397,0.508077395191079,0.2932612537538324,0.5057762356545403,-0.42646192130931004,-0.19140088347610526,-0.2808312197384023,0.5432446543905397,0.5195547073500815,0.3376916121807807,-0.20806167647003693,0.29013139400298465,0.25272701323554686,0.48239368677268835,0.4586250914110335,0.30309304096511774,0.5162219594452946,-0.4602153642345858,0.15100164546443323,0.5087497169867584,-0.0013332565243124892,0.3441302521149804,0.3841410784452208,-0.28474155040993826,0.42374026788410374,-0.5130432900556112,0.45688593223731777,-0.022114174027100152,0.2068079537140075,0.6056152510525771,0.5111183001328067,0.5098853991234693,0.3664749441962014,0.6394671499149415,-0.21104050829399942,0.5135878694511312,0.3599522518941054,-0.1772093019024912,0.6567087623954748,0.6025974602861771,0.028692602133815668,-0.0068009019059679585,-0.37592706220641964,0.2131972568147606,-0.024766375422451158,0.4114128119984344,-0.1111365330813825,-0.21087203323548737,0.5033254841155073,0.3721795784674784,0.4415531892929563,0.17341377999762084,0.17858738467602528,-0.3194409378756013,0.48871077649436245,-0.24064853788166626,0.3548975812822001,0.27100782194159606,0.17514615989926122,-0.4715181742351617,-0.2590947952263155,-0.05099675500840213,0.19318505617424286,0.44502510064758205,0.6616658036896849,-0.006595226097034636,-0.2861997243415635,0.7700931975142986,0.6099578870796611
Frontal_Sup_2_R,0.5418817921056561,0.4381159523667948,0.08151176348219004,0.12191829426221429,0.4059453287550987,0.5107287013363647,-0.2975329141635589,0.4645982795866373,1.0,0.3557683834751417,0.32939376573784607,0.06765254718521822,0.20287483103574844,0.048721201030496986,0.8391763368132577,-0.2668155501564511,0.5172412163873908,0.3230238441886798,0.5550939995487042,0.5720160645483019,-0.15729651809216322,0.35842506189605977,-0.2075880735794669,0.2730095944204385,0.5323444969612906,0.2701051877460399,0.8613518446605541,0.5948754158239623,0.6153632088643264,-0.22855340233560967,0.6369648710134841,0.5664297757157124,0.7647797469624331,-0.26503689080664583,0.15225068988481205,0.6086392774525703,0.3660373191700819,0.4640292972010528,0.08012823926653789,0.3668349084231599,-0.06676163888144818,0.1441510044018642,0.5449092454968423,0.06025304956533362,0.23310277661009612,0.3291093338477029,0.4465029791253704,0.20754748839993734,0.6220257497794828,0.2082799112623093,0.25339715229775533,0.15011982769839452,0.6029227439958028,0.25988782594395865,0.5473458180928299,-0.2613639971610831,-0.10334243522371248,0.03771501775837774,0.45522630341450127,0.8449605791219414,0.3652568741111664,0.07411146016345233,0.2383397957624203,0.17324295285401053,0.2230943696668365,0.3906073399738252,0.32110628180285417,0.4465809358584352,-0.17362031147369572,0.3107778229707006,0.5283910199305285,0.13718834887061485,0.5065240971651515,0.47363151703110246,0.039922081813090565,0.2460036796007369,-0.2406693200719855,0.32834338844344757,0.36791285425194115,-0.2470916467184782,0.731961236632605,0.3915788708343975,0.20429140961843012,0.34663164001068986,0.40922465097631916,0.0056208970438465615,0.4239757932221619,0.5701275423424192,0.22018714881154505,0.6980224474672913,0.4372448308176453,-0.01047308057668441,0.1861842634531798,-0.16198712226579604,0.07272244287434734,-0.2066430350857846,-0.07947765081339832,-0.2469886189072026,-0.19160616391899482,0.42973929538343375,0.4213071182613756,0.3020610193605824,0.33937201890986,0.24204200287863736,0.037707800465253814,0.43895067810952193,-0.24503939183851117,0.5968198812080002,0.4769573477440192,0.44164059811415085,-0.15653454758233257,0.16922156302506733,-0.0536010133638307,0.560286402239308,0.4477766214200117,0.6063678781364296,-0.17072687972507297,-0.10459056839228435,0.3266154130612131,0.4098712360386501
Cerebellum_3_R,0.5046966551445718,0.15994060454016087,-0.209655084393523,0.20789564533927926,0.2998822861963613,0.45456211490961373,-0.25649190050967013,0.4782083091369942,0.3557683834751417,1.0,0.07268130834537834,-0.16078698922564522,0.19178899905722027,-0.09411388360118943,0.23280256613751632,-0.6214090090158728,0.5069642844900394,-0.08115347911132832,0.7855220013792088,0.6333340925618499,-0.5460437831075221,0.40844964074195605,-0.19398779118587867,0.5094046981956778,0.47684685030184953,-0.12712183646517847,0.3701375384639526,0.4036783672369204,0.6699441058739448,-0.5876091256938961,0.5844526245663731,0.5847321180408456,0.12289442790709763,-0.5105518667769126,0.19053695297952888,0.19905774525156364,0.7333654110094403,0.48257959052002775,0.5431218333541346,0.44902097915002337,-0.2576784980760738,0.1105664334439084,0.6065116027436304,0.21442886108550896,0.3138762322805328,0.6275027041635111,0.1255553626227482,0.12353026291379542,0.5199926227373274,-0.15771602760866693,0.12169695060041404,0.1466975704170804,0.6244453317523299,0.02397902352700199,0.4614616038672272,-0.5522947924901015,-0.21712139907383193,-0.28659546666803515,0.31949874357579106,0.43145482692873416,0.5480336982069067,-0.030503766518358295,0.3343799143371074,0.0590750128845677,0.350457577434703,0.26027464569489833,0.27412581245341816,0.5137996826853987,-0.603189225238344,0.4353804418600465,0.46414936705487886,0.08072539389949068,0.12828269223375985,0.4048470555370712,-0.3316754147119363,0.5363523697213786,-0.5142431695255316,0.6633892844331692,-0.0856039894032783,0.07196894180991543,0.5993284737908984,0.6177245346927289,0.6201194485319883,0.1866581706061391,0.604552780731525,-0.24602222607397545,0.5382728135526194,0.5067050118592852,-0.3450241951501664,0.5139768116100127,0.7322026173343085,0.09291884789869859,0.14066493638324742,-0.5025927128007053,-0.10658234490380718,-0.19587406186707057,0.2824520788167177,-0.4184062452485717,-0.10392540506179665,0.5657201597304253,0.19235009512840645,0.5986830637469924,0.07598232081697738,0.37437546852330444,-0.29042921061071225,0.3305159028580909,-0.43971103873900075,0.41839655610179155,0.4107541665745791,0.25183207150230313,-0.5146470686159261,-0.22254475767920595,0.06916987540007184,0.2997765943709436,0.6580515464425607,0.5655955126038348,-0.10195184196176406,-0.4600638396737761,0.5987451987753969,0.5271708790384894
Frontal_Med_Orb_R,0.2998023691737463,0.3866923658144991,-0.05240210936764606,0.05986486709865562,0.05074897464374112,0.38145904089851274,-0.20507381445928563,0.1292788615136873,0.32939376573784607,0.07268130834537834,1.0,0.08729889219836333,0.043267345113517215,0.1344625006568695,0.4440305806457331,-0.0664855946476675,-0.005193706688639494,0.09767657498138183,0.10834876577715934,-0.02559365676413886,0.025945420277826897,0.19580947889860822,0.010640831692722032,-0.03347646522601905,-0.006498162105083018,0.10528606649953993,0.3031936200751769,0.4533463606016714,0.15826511546641223,-0.030155794506112808,0.06846990383672891,0.23704060558087683,0.39150496412926644,-0.15449654310558128,0.07107826438160551,0.5515111951343846,0.04696300738723709,0.05605609019380109,-0.27986444295231755,-0.07494344698186532,-0.13676279220450066,-0.05852864514791219,0.00023005927806940343,-0.021375923010315018,-0.04230591065600088,-0.019039151762395165,0.0773866866779274,0.0527679243040715,-0.01657555860449927,0.3291453723018647,0.1850123238756903,0.17061702436448276,0.23627493152876167,0.1286834896831992,-0.09281460710666839,0.06088749290935093,-0.11326657150965508,-0.04971563393307637,-0.136800649912153,0.4007324701822321,0.22048165409420195,0.040013871929735136,0.12526158115112737,0.05395349369551341,0.10273855017990778,0.19250499365305437,0.06327322875466665,0.21458433245181893,-0.07362760492712399,-0.09911294670080226,0.23498130697064468,-0.0511311968652366,0.2684876788582767,-0.05252880887573199,0.11447884006357059,0.0025880156327160626,-0.14262625353354635,0.14270341964484579,-0.043829786112503696,-0.2550764219818117,0.2358552296506909,0.1940188983419801,0.10196268472981028,0.10638446900136495,0.1178254824765238,-0.01886199432233088,0.19196702230457557,0.1998916980742436,0.4248347601327582,0.09953337970619815,0.08295710319683573,-0.0871633883493467,0.17134436460204414,0.015008218108204817,0.09692169242243727,0.027040722054720332,-0.1601661458849422,0.03584014071861515,-0.11824042583127109,-0.022109623116621735,0.18611736252997504,-0.011808354915048986,0.2997787434552143,0.02292872113512663,-0.08486132461937504,0.017342253484255454,0.10244974667494498,0.06233184823531101,0.1444337121299087,0.01646813335877762,-0.031181769277637807,-0.029418378602208577,-0.18019539194342324,0.23511602267039378,-0.05506175719727848,0.18074922034974417,0.12255834905987305,0.1530451150470509,0.08394552841561873,0.12098923633826641
Raphe_D,-0.18904143566738874,0.08949495118784967,-0.016946607929124755,0.004312765897637951,0.3220275119353108,-0.15107549655686342,0.1714080059689504,0.16550530113529693,0.06765254718521822,-0.16078698922564522,0.08729889219836333,1.0,-0.13706075215707983,0.136492971617093,0.19441253621803387,0.35099220381756496,0.2417532181189684,0.37568461811456855,-0.05824659316231841,0.0825114411314977,-0.02868218944774738,-0.25564096888321003,0.31140481726629393,-0.26062276290366,0.0234680268186702,0.45653080446007605,0.04889175945759067,-0.018317051184967213,-0.0785715506280229,0.2646104207265538,0.23185718492208715,-0.14286090486081127,0.3740715341746393,0.22133370087844662,0.08283467764341704,0.059622500615564254,-0.04766463297969463,-0.04387169467559984,-0.2269787440448544,0.009210359019445398,0.16287443659406883,0.11036284739383988,0.19709801813834021,-0.24971170018173808,0.014251536842539757,-0.0876783661997974,0.2036422460901455,0.06547051592675139,0.10845900165244861,0.3072309271288085,0.2705808056224355,-0.07647904021169352,-0.19866100079026885,0.4149642686080528,0.08687245024969548,0.3586579541759114,0.2556276387850557,0.14124080377080214,0.31082379314441516,0.051232352471529415,-0.06570726569289534,-0.116158367635107,0.20707331938354773,0.31044489373745804,0.010905995985426355,0.29162710246416207,-0.20484387875597088,0.01430983742426341,0.1475581482854642,-0.14769761856593835,-0.16745839470404134,0.07863511386085249,0.2890625397642011,0.02268070891841594,0.24111411677206648,-0.07902422823347757,0.13707524560604625,0.1821884503697414,0.034145867371868296,0.18993777695936276,-0.03974822831510831,-0.046116098819258045,-0.15364612677586237,0.32645141912982545,0.14596625394680768,0.04872224810882816,0.02134874598773073,-0.008323741068243103,0.3662022757927083,0.17881662750545455,0.12844407059621554,0.10143429241496774,0.32841385783019167,0.3230962433147044,0.13134548083492661,0.07131310351373256,-0.10630568475096318,0.37098608937392624,0.1868466388090404,0.11627226746095161,0.2913215248876181,-0.23484412242587197,0.1443507054677552,-0.055225787554791975,0.07148706430986515,0.1602241457352896,0.24583474927159088,0.02385554605991919,-0.005475518239681242,-0.10698952971677873,0.24159980217145985,-0.041772172029693626,0.12361587381492856,0.11670929136575316,-0.17432131247156094,0.08253809027908358,-0.04173727227166166,0.3702502201980694,-0.05461047334231878,0.048369677307710586
VTA_L,0.2532621628093627,0.10811510210783594,-0.28261809582494485,0.517676197236671,-0.11629436122529022,0.29440343526448876,-0.2753566720800123,0.5491456279318744,0.20287483103574844,0.19178899905722027,0.043267345113517215,-0.13706075215707983,1.0,-0.5888428575290124,0.12578391185418894,-0.4859387056049375,0.20213310449354172,-0.23080627571386175,0.38059019527991533,0.26485451284060924,-0.25706991121835476,0.22411731803155838,-0.17978467722750624,0.5017177808177055,0.20082435351420647,-0.3068223433497559,0.217836339104026,0.38627311416174664,0.3918788492503843,-0.19962919812515353,0.20402906973135937,0.39455034589814564,-0.007820762646684033,-0.44966787230341165,0.36491406949230987,0.19143899661250036,0.2256096537614585,0.5687198984016782,0.29322550032660616,0.44766465027337393,-0.39684097481179603,0.1304554709454424,0.2295164749376185,-0.009622477043841823,-0.16677829587116133,0.24916948888536997,0.04422640877579573,0.14001752788084823,0.1560147998034322,-0.01730850003378244,-0.041535575165221446,0.12083432202172621,0.3596371816256883,-0.0898174988416617,0.17843428656576396,-0.44916093656796974,-0.39294912579027935,-0.3116579576409335,0.14177122179949608,0.2874439368993162,-0.016343547924703508,-0.3399711715717457,-0.22396956159350517,-0.09618822448169738,0.3710872054863501,0.11341121285584276,0.38985589255454545,0.3666570527645452,-0.3898787362587033,0.03304359628956725,0.3412180030679211,-0.23461289066334143,0.08642430949244445,0.14180272502283806,-0.2577471936663938,0.11694729083495642,-0.5576607264294494,0.06869096049524849,-0.004732720417086707,-0.00898311506329602,0.33975111602626207,0.38289840467107883,0.3256130079230477,0.081162169898884,0.19013469261740423,-0.19959902420105838,0.035577664298318275,0.1730631801288318,-0.1844582609965356,0.25124446579381327,0.13683563220447592,-0.07717691206062952,-0.16313618958557188,-0.2811422790887886,0.16290643292221063,0.05418506923656541,0.4428246170040719,-0.09415509763836716,-0.4068299673099056,0.08414295287813298,-0.06098317465603996,0.2945782533144383,-0.1846007338081446,-0.2309096930692721,-0.32944682924806445,-0.06569078748550622,-0.20132474382458018,0.1194864105374397,0.07656044434189084,0.21350776861093754,-0.44552958485926714,-0.27524511710600263,-0.24346726484127715,-0.04067679958644875,0.2852903977636647,0.3008566144601013,0.005061909078852035,-0.40521410013169334,0.5405012688893414,0.4222636980167015
Thal_MGN_L,-0.061407619873473554,-0.1019032141914362,0.554970307804648,-0.5274957628086739,0.3355544710055905,-0.15753220370904047,0.20258737814050803,-0.3339281665166392,0.048721201030496986,-0.09411388360118943,0.1344625006568695,0.136492971617093,-0.5888428575290124,1.0,0.17275898914954743,0.4884331679655247,-0.019233608776145446,0.3449120950655697,-0.26290860186524084,-0.04590871978534091,0.07700386195672008,-0.16463545545815653,-0.009038668054045181,-0.5488206100223623,-0.003626757470778507,0.6422938099760268,0.09716696656961991,-0.12035185997157598,-0.16658508669878713,0.3708446932898986,0.04470515249405351,-0.15058965327052973,0.30213167554052833,0.44356274452191957,-0.46821705340690384,-0.15752665431081128,-0.24814693562176166,-0.33144220148742637,-0.3792517534808758,-0.3500795990897899,0.6403446289200405,-0.25001231342546754,0.04586582499063787,-0.2065124245108759,0.5379693109016456,-0.012209875939798017,0.2690240715300439,-0.183562643821318,0.11536658211711923,-0.0010918856144209628,0.3101417616175838,-0.1903978121920484,-0.14652195033854193,0.39650300884881423,0.11461201018652767,0.3866224885173076,0.49696099210863504,0.5635364400314327,0.007829861134032081,-0.02862915443750563,0.05151214911508849,0.23536763042917752,0.41571981026482346,0.3961715130113601,-0.21697709926699948,-0.25064526923822333,-0.14752091927445382,0.05882592620417823,0.2915942143173211,0.3594587769755651,-0.32879067000355533,0.5144890878841746,-0.16651698164664788,0.13998021303399164,0.2371151568269798,-0.269423235188957,0.6000907465962778,0.010467550557443188,0.180910682058094,-0.2954512965832974,-0.01379185698059005,-0.2936971584492163,-0.38728167624621895,0.12227220714683304,-0.1820090360305821,0.055885430565079997,0.08373954277338867,0.29272789117487097,0.262234230328493,0.06630671105579385,0.0880820951708094,0.023187994940957406,0.22355845531903076,0.4210017836158767,-0.07846662682287615,0.21267165294931709,-0.44576919055262737,0.17515647329549833,0.5269169206820494,0.18792578592121462,0.017059444618018497,-0.3131757815672017,0.1710329642156887,0.18721929267615614,0.5885421512005985,0.17620666770172438,0.033820234999583636,0.1880355488136688,0.39178419616585286,0.039691770362947666,0.5952722578550099,0.28150875083078625,0.4401144725097607,0.5245587864849984,0.06377737030717072,-0.1637960421763931,-0.02437500759327424,0.34554046825612833,-0.5245123977569863,-0.48797613187025807
Frontal_Sup_Medial_R,0.4216338650672577,0.43402592206692175,0.24596428656331878,-0.0018747636570460322,0.4698509030283494,0.4146122341908072,-0.3361365048828946,0.37625638444070403,0.8391763368132577,0.23280256613751632,0.4440305806457331,0.19441253621803387,0.12578391185418894,0.17275898914954743,1.0,-0.1529185436260291,0.47012923619134883,0.4986772260405496,0.4274093822317016,0.43958726780365476,-0.08363308729023176,0.3070725373128796,-0.22118928513717115,0.10711566521796786,0.5691420547187938,0.41138390801016533,0.8482283877442,0.6398673403874561,0.49089397950630453,-0.12999102042790275,0.6107892801332373,0.5448801829644992,0.8199257762571688,-0.15380965850603204,0.03366305603498092,0.5460296639924822,0.23622482037049639,0.38759771821719596,-0.04738509836056119,0.23636983303456424,0.020175971384028085,0.1129276863105948,0.46151687021122356,-0.062069956875945326,0.25392783285433,0.25951751868316425,0.5632511150255691,0.19925867038539394,0.6061789211352319,0.270001352746944,0.3407229881834601,0.058031589401348276,0.5255799078262527,0.3739876212211213,0.5573561405032053,-0.14796331625813966,-0.04639655113426268,0.2407828428064659,0.3975329500306113,0.8151843060576314,0.29204346856040336,0.09087749380723592,0.30478064602518534,0.2930586740687261,0.12800536703417292,0.36537325271532445,0.31959527677717203,0.44565537741832073,-0.021233755421531903,0.3341538919542088,0.42855221822931566,0.2166713670828013,0.5531254484890333,0.5445461993620999,0.15563644526865106,0.08880410163140996,-0.07599701877360411,0.16768862033463333,0.4511325937933417,-0.2812545051207897,0.6747137728857229,0.3077622968163563,0.07909573248805606,0.31836742509421656,0.3187434743473244,0.06393802003718795,0.38466656530328464,0.6105395638929754,0.29051764370509225,0.6425054067378166,0.39344120097497715,-0.030983504188984424,0.24027906946103603,0.01437654740266748,0.20263140813005845,-0.19107126674000668,-0.21937530687647144,-0.1789051994736289,-0.13738125480274874,0.37384739148913915,0.4155759000659424,0.1265320317108625,0.33871559716247795,0.1795381060062279,0.1940938739169365,0.43553215797323624,-0.15520604377803768,0.6545720382389524,0.4949912450214649,0.5235606204728217,0.029478628311015033,0.2702984613216865,-0.056318305764884787,0.6420548226915415,0.38607838472265743,0.48308726533341706,-0.08110487991173178,-0.02250275792190477,0.18707528060649328,0.24565134010348091
Cerebellum_6_R,-0.5849887765891035,-0.24899585154273163,0.44210380647148917,-0.5139213647386321,0.13014300554970187,-0.5461336238669057,0.6641217213964221,-0.43644399147475577,-0.2668155501564511,-0.6214090090158728,-0.0664855946476675,0.35099220381756496,-0.4859387056049375,0.4884331679655247,-0.1529185436260291,1.0,-0.21907539080312358,0.4413758396318853,-0.669695065697686,-0.3949451501945341,0.47061983073209623,-0.49314716915002865,0.47582211474139596,-0.6546830371025083,-0.4313321352258557,0.5710957875163354,-0.3446040072403133,-0.6036491579754373,-0.7111951953185257,0.8388799700941112,-0.24650275043196385,-0.6897214485496788,0.09311577052302042,0.8845941104988442,-0.3292442985419197,-0.29185679343295023,-0.5411673597289834,-0.4310808142507238,-0.6326871626970761,-0.44758553582490374,0.7205297880846572,-0.09618292988551928,-0.28836471378269307,-0.17708452490461124,0.19014365658368704,-0.5462392619973684,0.09403451206863844,-0.24894565378010347,-0.23397834216678062,0.13137753246524053,0.06904839622753013,-0.1976876824418754,-0.7669843040675239,0.34344959800742914,-0.1880657119969388,0.9050017438059976,0.8243357289281903,0.6064065804899952,-0.10659563034910326,-0.4938272742174178,-0.36535331909156976,0.30532838384701216,0.1912545203543461,0.2550190032177839,-0.279889000593833,-0.07064494017830417,-0.30921181973087947,-0.33064425358341054,0.704195600229335,-0.11553662291425398,-0.655647388755729,0.411984377690118,0.03420147346537966,-0.17526573116176342,0.4893921297405692,-0.34842501576952956,0.7607565705387906,-0.11139151395196176,0.18525925757297085,0.026970109753489784,-0.5682137995614318,-0.6495841494466975,-0.5808960480614301,0.08882600539059134,-0.4813424177884744,0.10060390495721842,-0.19813686755010643,-0.3624642254864558,0.49060315013380457,-0.25424106829277626,-0.3821348371758587,0.10737056608429567,0.08217486723436727,0.6734836162884048,0.12701163493778775,0.2658372619235855,-0.4660547851420712,0.3870257888231477,0.7087988022964433,-0.028984958573569638,0.15483513325366133,-0.556368317270481,0.07626667140442146,-0.05922581718959136,0.614250126358206,-0.08419648112822434,0.47093970283839315,-0.20510068864823439,-0.2497278746824295,-0.32979639938956795,0.8586488758921245,0.2864420047725353,0.5949312145542244,-0.025686905141265776,-0.5133156415763104,-0.38324167147923105,0.17438449338394157,0.8172736195723038,-0.7745391487017532,-0.5462717386399486
