,Temporal_Pole_Sup_R,SN_pr_L,Cerebellum_10_R,OFCmed_L,Supp_Motor_Area_L,SupraMarginal_L,Frontal_Mid_2_L,Occipital_Sup_L,Frontal_Inf_Oper_L,Thal_MGN_R,Frontal_Inf_Orb_2_R,ParaHippocampal_L,Vermis_10,Temporal_Mid_L,Calcarine_R,Thal_Re_L,Thal_PuA_R,Cerebellum_Crus2_L,Parietal_Sup_R,Thal_VA_R,Cerebellum_8_R,Supp_Motor_Area_R,SN_pc_L,Thal_LGN_L,Cuneus_R,Thal_AV_L,ACC_pre_R,Thal_PuA_L,Red_N_R,Angular_L,SN_pc_R,Temporal_Pole_Sup_L,Rectus_L,Vermis_3,Cerebellum_4_5_R,Parietal_Inf_L,N_Acc_R,Temporal_Pole_Mid_L,Cerebellum_7b_R,Olfactory_L,Thal_MDm_R,Thal_PuM_R,Thal_MDl_L,Frontal_Sup_2_R,Frontal_Sup_Medial_L,Fusiform_L,Cerebellum_10_L,Cingulate_Mid_L,Putamen_L,ACC_sub_L,Cerebellum_9_R,Temporal_Sup_R,Thal_LP_R,Cerebellum_Crus1_R,Precuneus_L,OFClat_R,SN_pr_R,Thal_MDl_R,Insula_L,OFCpost_L,Thal_PuI_R,OFCpost_R,Precentral_R,Parietal_Sup_L,OFCmed_R,Cerebellum_8_L,Cerebellum_3_R,Thal_VPL_L,Thal_VA_L,ParaHippocampal_R,Paracentral_Lobule_R,Frontal_Inf_Oper_R,Hippocampus_L,Rectus_R,Frontal_Med_Orb_L,Rolandic_Oper_R,Cingulate_Post_R,Frontal_Inf_Orb_2_L,OFCant_L,ACC_sup_R,Thal_VL_L,Rolandic_Oper_L,OFCant_R,Occipital_Inf_R,ACC_pre_L,Parietal_Inf_R,Cerebellum_6_R,Thal_MDm_L,Frontal_Sup_Medial_R,Thal_IL_L,Cingulate_Mid_R,Angular_R,Amygdala_L,ACC_sup_L,Temporal_Sup_L,Thal_PuI_L,Thal_IL_R,Vermis_7,Cerebellum_Crus2_R,Insula_R,Thal_AV_R,Thal_PuM_L,Occipital_Mid_R,Vermis_6,Vermis_1_2
Temporal_Pole_Sup_R,1.0,-0.3455968023120199,0.18693358937296112,-0.19927825838206042,-0.4506941522211814,0.045993656869867866,-0.09089913677667019,-0.09090427672916825,-0.14308751049964716,-0.13141243152411627,-0.2550635533568711,-0.3664142102547363,-0.18653380176007997,0.5289637035695479,0.3090018048947916,0.03818117351186923,-0.33612240620873507,0.7705074787106532,-0.5430967637368027,-0.10586439298242004,0.6713964234134268,-0.4504312367758918,0.38766900608562965,0.09061432101950359,-0.03632526428207365,0.295215246569417,-0.07812345679277055,0.28314645102693237,-0.332611477446573,0.13406085074935425,-0.008711451736692771,0.4749777085068188,-0.3314365734518099,-0.34187186359876875,-0.21435650756980298,-0.2615914866057437,-0.3513874334941054,0.6580788298924058,0.6089517637279499,0.044115457771771525,0.3418385888308274,-0.34933774091099107,0.4829241482023897,-0.4667285377434508,0.05171671038635372,0.10951806644227996,-0.06113092400343484,-0.2736843817610235,-0.18679676435402526,-0.2779509806705363,0.8069782742744397,0.05329799040965904,-0.23959177018637234,0.8089457552895556,-0.5159018641709618,-0.02319603291305112,-0.4969785699392435,0.5538959362522285,0.20165369979722134,-0.09060274205797285,-0.19852322712269477,-0.08729796631219569,-0.5874175445271752,-0.4545760385885112,-0.2924370886643033,0.7028507794080674,0.23723304826652192,0.3592507808638049,-0.15022885570207203,0.05787429551798963,-0.34944019462462667,-0.5376762337527918,-0.05417444831491084,-0.3355502561455204,-0.14443317360079264,-0.19683165017029328,-0.08321246121139939,-0.27005492848092283,-0.07885205243392963,0.04371964915366123,0.18197058501457963,-0.397641870002094,-0.5332331736068253,0.7283272207786576,-0.2375572531488615,-0.5284713014847532,0.7477916275361838,0.2980119275713088,-0.13734325818774543,0.4359816284473894,-0.35576470550798267,-0.3851017619466297,-0.1354307812800038,-0.009066368828596344,-0.0016154853925176452,0.35016212006051534,-0.05312138174885068,0.6752133953165504,0.6403347342172553,-0.06283569163887634,0.3262248421519154,-0.06530981294156145,0.003755033187683623,0.05821628375351102,0.5525927157418287
SN_pr_L,-0.3455968023120199,1.0,0.3115281784171757,0.4004249426545187,0.5941194221478633,0.22548085715926702,0.5665762048054314,0.33191744205418394,0.3401419304825373,0.4271262470372434,0.399208955570791,0.6951295646084086,0.3023758003565459,-0.05279367060777764,0.14158499446621867,0.25559115820094286,0.21121117778566129,-0.5539684294268119,0.44603670999979916,0.5584903788121179,-0.34966900955546,0.5238516358876735,0.08392062070671545,0.4224688398825075,0.3207579114216891,0.15025314267151044,0.5526692937032389,-0.05924338052613449,0.64834597417452,0.2500673272919072,0.3080633462398872,-0.40893426598533056,0.6384718333616997,0.5511071561261638,0.5153676714043407,0.5218911046317078,0.5300837375099673,-0.5531310703067465,-0.28002101811071434,0.3527069941541262,0.02126470670273507,0.6667313887001324,-0.22535740502638474,0.6480877368446452,0.5176243528296142,0.3599043964005973,0.31510463205564404,0.5644072165071066,0.4894838064082935,0.5892760631488249,-0.2992783600805456,0.3728464129256126,0.26463569654829516,-0.6125529567728532,0.6031832611714946,0.5397499386216082,0.5652758370591113,-0.2400620235463262,0.22380737153696392,0.401967612050135,0.4938653200093627,0.5919996188516117,0.5562991310902065,0.5526269744946374,0.5450542985985891,-0.4187619641598552,0.21217061745207041,0.28509064248644234,0.37707085559782316,0.5454343325214703,0.47863825519425346,0.47619377136088464,0.5964088340692127,0.5863492908542671,0.2909513084291337,0.3285730738664152,0.6035929106798049,0.34868684466220634,0.4382374998093715,0.4010340900536725,0.26407599240683954,0.6479638576704471,0.5899016274941626,-0.6198643867578942,0.585048488482013,0.4867116187953337,-0.3177357687305443,-0.08503049082620374,0.6613083483593836,-0.21376319144619096,0.613178030713312,0.43670789350626643,0.669725260270678,0.4327390836652298,0.27773611178850954,-0.30339469856707807,0.5365383047621216,-0.4455644174612704,-0.24792920899206392,0.4891231624902545,-0.025206139931387466,0.11963851365867238,0.13491115043882268,0.2935830906263912,-0.26083909464414046
Cerebellum_10_R,0.18693358937296112,0.3115281784171757,1.0,0.26529975013458595,0.194781733391906,0.30137826936946266,0.6073983128531285,0.0006159878095029699,0.40640575291184206,0.33623076681750425,0.20583545110819537,0.4590781115940182,0.3369952661959381,0.17943282224989981,0.0653384712391803,-0.0761607661293897,0.17243438845542333,-0.17249021182485486,-0.17777922521876366,0.2461253918557633,-0.05255994075278452,0.1670461825147341,0.30612281331623653,0.24031623741284963,0.06170441234040983,0.4165035938332572,0.5382354523408912,0.2693401011993812,0.29338927292251044,0.2129406862124825,0.1656039260304144,-0.2336486785091475,0.33019059325673883,0.5167161952437644,0.4364676314020152,0.22759901562584528,0.17109863735127115,-0.23284260161299697,-0.22226362804088637,0.3819269282626089,-0.0037696652419298665,0.4535765690546492,0.0028781167160859557,0.3145718231858314,0.5203774890501262,0.24937089076107455,0.6254980919864152,0.3429039143934989,0.5054016905060946,0.423793539188796,0.05825649651157967,0.29571956194362703,0.08211534285918178,-0.048264164837481235,0.09093620130530561,0.35009691256388015,0.2936841416110957,-0.01526679441640888,0.4028717626344873,0.25227730879787097,0.5139388864377649,0.2850573507422316,0.1040227008290034,0.09311694363205121,0.12333735058835557,-0.002727697424464879,0.5065946863094583,0.5621870195217535,0.37119848112539117,0.6197523932066897,0.0783183972416095,0.15932293275111378,0.5292775603806684,0.3306141910100661,0.23076595142797787,0.4158565723850982,0.3704336642091556,0.19511637385349043,0.3857786947904167,0.5436400971202271,0.5554963789377682,0.2177883084072382,0.15002081910893503,-0.21670018671119504,0.46137568043447064,-0.1249604232922685,0.15117900974880435,-0.12620138429127764,0.4939121856071919,-0.025050037727103826,0.18276270963470667,-0.07385946268394084,0.534340265679838,0.5470478856884456,0.26109814383843727,-0.13017064365651634,0.19317006888575086,-0.03566766292015652,-0.08744546782130262,0.34319338535721955,0.11690939602575727,-0.23190644252098963,-0.1443264955916311,0.4033061681891592,0.004648976562229719
OFCmed_L,-0.19927825838206042,0.4004249426545187,0.26529975013458595,1.0,0.036498230636242364,-0.22268768807987552,0.1210039468543617,-0.2341404398716485,-0.10077604928915732,0.28745143001959755,0.5178451522567201,0.6071671426553459,-0.0022031470222263366,-0.20194162545996266,-0.23766955866151207,-0.11258020338449815,0.43871270528350864,-0.47841267620883027,0.0015655303855653952,0.46292320789075975,-0.2615497157459567,-0.027905370141148505,0.0659696036860567,0.018744418857135778,-0.22260219071053403,0.4179718469873379,0.42840787610230346,-0.0392090723295023,0.03897324305696765,-0.33107117596484353,-0.12482026738744421,0.038261932189178643,0.6351939503220917,0.4145068358054565,0.22120806160638445,-0.07879569112410745,0.4544335748350865,-0.4410457828579823,-0.381396929751212,-0.1467729372555076,-0.364718505728966,0.5372263611633655,-0.13091740732987894,0.15760440111893573,0.09674783516762135,0.26429245922303707,0.46227565442426,0.2800234655296869,0.4556727766152125,0.6023935160973921,-0.30754573782049055,-0.05815796884110414,0.4198105991632091,-0.34419386082429626,0.06920151662800866,0.27858795891579524,0.42875621423547067,-0.4434140102449395,0.12154165321649905,0.6220173829582211,0.3643554672002458,0.6334370245618253,0.08643532480418635,-0.02414347480694312,0.7308640413556216,-0.19367414535288807,-0.07522268043314022,-0.04213262412370979,0.6953290049581405,0.5315561188742244,-0.11884201648588401,0.20506691380921777,0.484666798590079,0.6705613110359193,0.6942670699411684,0.058982429308874054,0.13123938202632054,0.4337884519542421,0.837697503454425,-0.09364706862186314,0.4815931118242072,0.21155055996937797,0.5756684984410335,-0.36788263490960116,0.6357017713923921,-0.016028748138745726,-0.36751653739962975,-0.4292077669237181,0.35802387337490144,-0.21017355189016854,0.3002528400266913,-0.08414738430946837,0.3916366383826678,-0.11322197039523921,0.032127822150829176,-0.024946699989637732,-0.04210476591162541,-0.34977289219674595,-0.41510924908304603,0.13159650001064316,0.15289896563192942,-0.2810316728773804,-0.3387196811715891,0.044950577263259,-0.35128699796431023
Supp_Motor_Area_L,-0.4506941522211814,0.5941194221478633,0.194781733391906,0.036498230636242364,1.0,0.5440958103665228,0.7780176375285088,0.620321220277187,0.5882924334231471,0.44503839450040034,0.4458692866092854,0.6411664059551283,0.5215656405522328,0.02694894320225857,0.47963332208100096,0.2237934214074858,0.09871791955243645,-0.5497565364411764,0.6511318567045837,0.3502295890948707,-0.2645693948580053,0.9680074760655071,0.06905097866986476,0.3506484527282542,0.7361033461699905,-0.16246409487788896,0.485473830183905,0.01940825244954929,0.8026576109944652,0.5485810650895668,0.30573480405491166,-0.634103217950944,0.38466683882681074,0.49648558864919407,0.7139871999060737,0.8257205035022702,0.5557366199452669,-0.6951196987302438,-0.2633428635424436,0.41973661555945124,0.22445219764908358,0.5608923603866071,-0.13510550989695833,0.9109071977595176,0.6625570443035209,0.4381020392849601,0.3249032077816089,0.827343155556329,0.6224505999551817,0.4107844944371304,-0.31741785458808297,0.643070552367967,0.27761888195657614,-0.5979462721711839,0.869163286439666,0.5372087956891728,0.6234918309820675,-0.04726453660347634,0.4251945445982092,0.37019417840889496,0.3295156470099785,0.3624354318071404,0.8702416658213787,0.806054247193541,0.17890200269185644,-0.42890420528075085,0.46585218126001887,0.25662928888641273,0.04737172432809123,0.3889911569562596,0.854946602280523,0.6790070372222546,0.5226857573067748,0.4408490585198339,-0.07999816836171643,0.606334242367861,0.6321460293193526,0.39666639124551717,0.18529486884764576,0.5654443751370436,0.10671959041450403,0.8511678762990452,0.4576789656650201,-0.619595058827392,0.35871516904766476,0.7783209079886177,-0.1901794448431507,0.18786000850681459,0.7208434975420417,-0.11009584651637816,0.8632646081082201,0.6849545695033431,0.6617503118471447,0.5057539962196547,0.5710802208674869,-0.3779873118924416,0.6838376813169021,-0.3799168383973343,-0.2523175700741289,0.5599482376984877,-0.004280111183394976,0.3647393078244973,0.47244186287591544,0.5288640061969566,-0.18612542486276146
SupraMarginal_L,0.045993656869867866,0.22548085715926702,0.30137826936946266,-0.22268768807987552,0.5440958103665228,1.0,0.5908252800760238,0.5685538992688365,0.7100841795035594,0.21473655908622494,-0.061068867167393646,0.31108761559959336,0.1869007000692102,0.47671050323965086,0.4665904546280851,0.0708271837699202,-0.4448918877285681,-0.03510001766134565,0.21016717855175654,-0.08156201017180678,-0.018513694424947283,0.5505654037235289,0.32121195204510966,0.20571035545779015,0.6313037130871073,0.08714744392478772,0.3712844289283471,0.05769380897713845,0.37600717546902934,0.8130377875161697,0.1624180938060402,-0.4086948700907674,0.01793802001563941,0.0035951645143685535,0.34606180262173625,0.7433004728550763,-0.06151468971532059,-0.30405127727855397,-0.04497564906556715,0.586793343567146,0.44165029505034653,0.07891312315195433,-0.009124035622376975,0.5395670283417785,0.6334303988249536,0.4400297303008774,0.18095198752763164,0.5577798159877556,0.242074478074364,0.044171465108269484,0.1226926671195921,0.24378724384465592,-0.04061103232740671,-0.12703019206010846,0.4102065890143796,0.16561353010026994,0.27284380084816867,0.4532904195175435,0.27232206688191013,0.1550618845672724,0.1281775833222733,0.170919017391334,0.28666174963387675,0.5743474136979185,-0.08027186660461627,0.00817994281053885,0.4620691287625659,0.5587632225216642,-0.10197817059931823,0.1889422599417896,0.6242651839920329,0.08980245377107174,0.2900990975056522,0.10131505891958377,-0.2884076677345846,0.31482745708375176,0.2913335804927674,0.13046218385854205,-0.09025385124436622,0.5669637454189749,0.2460794181060037,0.42309906834926836,0.03678012478867451,-0.18963970552530512,-0.05965153222886259,0.319562040730318,0.16981351021111635,0.2493094683131496,0.46876165152095145,-0.01069170397699669,0.39489509530510575,0.30311925904523684,0.5074757829048466,0.44875670528021366,0.611879112969422,-0.30103288879649914,0.4552857802446416,-0.07049081366796402,-0.009262593199921105,0.34509999143477765,0.26844921272745464,0.145989342873646,0.34067491330663535,0.4444400157223104,0.061505155972800374
Frontal_Mid_2_L,-0.09089913677667019,0.5665762048054314,0.6073983128531285,0.1210039468543617,0.7780176375285088,0.5908252800760238,1.0,0.49042955534402016,0.6967738034529154,0.5088943847780533,0.4305598040690454,0.6592865405842149,0.551569330709262,0.2505379086704454,0.48650590568299534,0.09565121579560819,0.07307480217433805,-0.36145221156954305,0.29894611742363164,0.3121198996649136,-0.0998714195681404,0.7419135299759477,0.2793531185482799,0.4181856968482097,0.5891300433881683,0.1495098546734398,0.6028282664087495,0.12322021168059921,0.7203570286372092,0.5741405343414643,0.2523943905481547,-0.4788213570187225,0.4024343811710131,0.6201462317356711,0.7368875391785419,0.7138751763675388,0.47320280139184556,-0.5077331773903029,-0.19927452030085369,0.5446267753992963,0.21916959958866297,0.6290792393888933,-0.06858626339785465,0.7865768890186301,0.7657780273425926,0.49871952128958963,0.5045472448806138,0.7610362357433839,0.6639612204062926,0.43806635060573,-0.05431268331657859,0.6177463286273329,0.22687835646117077,-0.3388308414783945,0.6250858721031015,0.49147569094562543,0.5025058080925071,0.038059149953908154,0.5451626525465249,0.37558779294719724,0.5101377541826994,0.3763577686221563,0.6035472534029791,0.5514478456920744,0.17377692959787436,-0.17603302668303628,0.6580281296104132,0.5170883561659175,0.225436906299276,0.5944419968921012,0.6288131085900751,0.4861226785630208,0.6461003852269354,0.4480776163493212,0.025721041281440916,0.617981185817447,0.6917006243941999,0.40847002342528826,0.322778416458618,0.692104807378742,0.38156908350411894,0.7373237047463652,0.3620728853192244,-0.42745546732495304,0.44724013708059884,0.42092336870789704,0.07130465960664763,0.08639448916748656,0.7712075686640864,-0.09506040436687987,0.6899851786113184,0.4085403420309874,0.7232580792730129,0.6447830086245105,0.5864193103827302,-0.2692671991866807,0.6291479949188825,-0.15933900443421345,-0.12882334630932318,0.6255150933423699,0.1157906560339614,0.13836627469503912,0.2801207814252119,0.6398013304839325,0.006222976272990642
Occipital_Sup_L,-0.09090427672916825,0.33191744205418394,0.0006159878095029699,-0.2341404398716485,0.620321220277187,0.5685538992688365,0.49042955534402016,1.0,0.2984123688448288,0.2748408497941075,0.009759247882841876,0.22530942067404705,0.338510749441054,0.23139237190665926,0.6786866533090402,0.2932079931524798,-0.36630910320614923,-0.08425403205207639,0.6990068570488116,0.0843343303296551,0.00904935168853712,0.5709875103281785,0.05072045010215949,0.3692034915983986,0.8013272461981916,-0.39314031546380135,0.25493735958989605,0.2433058507761945,0.5165212702156046,0.8291714362683601,0.3957993882528109,-0.19009977452744506,0.021765179419738274,0.11548588622905077,0.2503781643266578,0.741585108111621,0.1516869046469712,-0.20648886899381505,0.1623284965771573,0.5215384069833412,0.5625317826810434,0.13368993839936694,0.26529879427649694,0.6050403606455051,0.5721149278311263,0.29378375977515303,-0.07968110268299224,0.4578319535945465,0.10249985042680769,0.06648337550530516,0.05839229702854605,0.6186226541569031,-0.049531475411510574,-0.25599770469184674,0.777416213345429,0.29289570551383637,0.23929232397378222,0.4494384901410654,0.24426153557053457,0.1465352511350232,-0.020221853157586043,0.2703233048799527,0.5741268224386877,0.7915900981110342,-0.019475416814645746,-0.21542628218519524,0.3095635626927527,0.23497423231091424,-0.470587554369217,0.07206574746640028,0.7015763320508998,0.24609911778605068,0.2337735457057264,0.07749042496540809,-0.1460053461776839,0.1791921718455773,0.6135352065299959,0.060920982190847996,-0.12871285875915228,0.31758606589601457,-0.16648553849502493,0.4306421223055412,0.020562943569322062,-0.15083705017797266,-0.19764097730025215,0.7812523370828169,0.06816990618969854,0.6893292507167611,0.5333409265398678,0.23865146086678984,0.5109347409869096,0.8411138060244314,0.42205029813524375,0.17636384094980273,0.21351283639779747,-0.26309941415726334,0.6424287212041255,-0.11729200073313191,0.1617602986833372,0.30123213826688205,0.036568644066218466,0.7531101311451044,0.8827428448762866,0.19620056897578095,0.2560257865831309
Frontal_Inf_Oper_L,-0.14308751049964716,0.3401419304825373,0.40640575291184206,-0.10077604928915732,0.5882924334231471,0.7100841795035594,0.6967738034529154,0.2984123688448288,1.0,0.4151896645367055,0.21951751003174716,0.4926014587412314,0.37302544764024786,0.38575313025526153,0.36254066411938896,-0.01638272447990118,0.040022980501472745,-0.11930451463048887,0.1222517636662459,0.05302781812638467,-0.06556676622691338,0.6343737920036108,0.3443514252393376,0.2953562964020833,0.4480560723325087,0.2742867379342679,0.4477841369054228,0.19036866966793872,0.4356523631925663,0.44021272834939634,0.17793766735715325,-0.3196370632014205,0.16376903714300373,0.3143658588835706,0.6405342309236888,0.5240823508481464,0.15809426303258267,-0.3144215744203867,-0.2100000051174417,0.6123528547463405,0.2447285973250433,0.2917237129364944,-0.07679340178699207,0.645223044140874,0.6064562630596124,0.5291133928655849,0.3334981670446194,0.6782417069121967,0.4930970980409333,0.24704243182856586,-0.0006057090005828944,0.32104528830496587,0.0034115453683058626,-0.18023035990029643,0.3475514446188742,0.2190412821584838,0.37777205069566816,0.17918721152786354,0.48117867292298494,0.25409679712045147,0.31976848323785523,0.1900014873320861,0.4471495697241592,0.389406794663779,-0.0024369708350911,0.05157170011738476,0.5561876749247627,0.618199952781316,0.16210958950720286,0.39273770557892757,0.5025684373144755,0.4791974746320403,0.48815273388853586,0.2537067976308738,-0.21928111796396446,0.6433033876428398,0.28327047902219016,0.3276445057298684,-0.0028412187356927888,0.7000674291339689,0.41923574085692455,0.6114728628945727,0.2956004689236489,-0.28267938908251206,0.21315987245985957,0.24212632184022317,0.19180919354296064,0.027961324121711133,0.4524076182822889,-0.09621636670362917,0.5018900961047972,0.19152352855037885,0.4235793599316828,0.6437151794990295,0.7462694657851158,-0.16445996919591854,0.3573912214344151,0.022795000618064346,-0.10851801534736503,0.6498012483892331,0.23149740502840477,0.04818233398171297,0.11252183892321581,0.651409324327799,0.06767983750052589
Thal_MGN_R,-0.13141243152411627,0.4271262470372434,0.33623076681750425,0.28745143001959755,0.44503839450040034,0.21473655908622494,0.5088943847780533,0.2748408497941075,0.4151896645367055,1.0,0.4833941450681935,0.5060426622491668,0.17728463410347212,0.13093706166433738,0.23243131347618112,-0.011996916353859728,0.2295700870419075,-0.26291908957112137,0.2964290658230819,0.32446455253574014,-0.16511715100326146,0.41441266076145794,0.241514995126763,0.38924583580353894,0.3210993251433799,0.1501250931283621,0.5330123915552327,0.2686378575142049,0.3960530444232161,0.1784735516884439,0.1289564220094215,-0.1910448939565936,0.4226906915400535,0.45777684522800705,0.4322481877748635,0.33429987554952956,0.4001787437430917,-0.336117881068033,-0.23206894108604742,0.3935911791099236,0.09196018272420849,0.4229239298804981,0.06253470139970126,0.5494008045109641,0.5749352641428057,0.42943581307725104,0.24734131247505237,0.5731265385274322,0.45818112910621267,0.49763329740855694,-0.1915144977128967,0.49532584690745146,0.20625120828634821,-0.30277804603050607,0.41987176032731205,0.48370293675110826,0.41875298277456474,-0.04395016376571668,0.4191059523181313,0.5180053392446886,0.3882093039810864,0.42453486152235714,0.43304755008564644,0.35728029082083346,0.32493921013847654,-0.15320907243258813,0.37025898398414847,0.4396991081478275,0.20986666171342733,0.42068172118000585,0.24683888985568875,0.5726340108437649,0.5098029610426603,0.5332251121039412,0.3135294797283635,0.4258511854963034,0.5239923376811776,0.3969524694969408,0.3437421254050813,0.45029276496365545,0.30354379040040197,0.5184154081249103,0.3860769562587906,-0.3809852707527949,0.374047768265871,0.3293433121356614,-0.08269904784645218,0.07026097797734017,0.552153772917215,-0.11354839629281523,0.5410072963870469,0.3399658797955188,0.40226629467618946,0.3255490140412452,0.35507014290575717,-0.07499088389723682,0.3272471132366666,-0.19214824710047737,-0.2192681147375495,0.6420629560900282,0.21964592509379158,0.16525998995446228,0.15868846402076212,0.2893751187746543,-0.013959569981137843
Frontal_Inf_Orb_2_R,-0.2550635533568711,0.399208955570791,0.20583545110819537,0.5178451522567201,0.4458692866092854,-0.061068867167393646,0.4305598040690454,0.009759247882841876,0.21951751003174716,0.4833941450681935,1.0,0.5364927716100992,0.24805148763237242,-0.11204347187225264,0.14223191526357612,-0.3259554307190164,0.3816773839550305,-0.43162554719545354,0.24065546878596267,0.26941177733764904,-0.11014741600125681,0.42668591564393477,0.1609693981250344,0.11629775453068683,0.17040018693994818,0.058625747164577975,0.39090864427947697,-0.017082044832363058,0.37097125562595595,-0.10060282272599615,0.015500960799519646,-0.25994601543933,0.6000859860229824,0.5935015898955887,0.48917856582945907,0.22288592801479162,0.651853845494625,-0.43762094170099874,-0.3413012651851517,0.20046780224194918,-0.28866383935459944,0.5703715128927362,-0.17345879524816674,0.4669871142937879,0.28911894775725105,0.2860798956461039,0.43990360843380316,0.5435584983812425,0.6168950408878111,0.4998091079843263,-0.2878373408445658,0.39034098225783365,0.45036212252087604,-0.33688915417133014,0.360053934997593,0.44421858243015555,0.42383932279553044,-0.35928760154941863,0.6170936095378344,0.7257015134926674,0.3786081457547569,0.43548456687029735,0.43899785529173524,0.2260366393227429,0.43564524971879787,-0.23108111432134068,0.38496583253028877,0.027024609391439657,0.4145954195827111,0.4673523057356869,0.2264129261447528,0.5528064210990726,0.5030056735829376,0.702464798101174,0.3550108064296501,0.44757008777844043,0.3545344510897888,0.8782193736379518,0.5199783827151401,0.2258223413463722,0.25205751530646214,0.595977044423521,0.594097223428339,-0.3761294653401996,0.5991596588419154,0.28154238999691306,-0.21123442238924134,-0.1889485950043618,0.4443875999875503,-0.3367877168636781,0.5795058388666912,0.17008273851862662,0.3853503769195676,0.15831946298173843,0.3629143335693256,-0.022134395006848977,0.2097940124016595,-0.23011470031790793,-0.3558242028413793,0.6196682977019101,0.06146163950860537,0.015575067500574752,-0.032574242044412685,0.28143061435594524,-0.020387927156327715
ParaHippocampal_L,-0.3664142102547363,0.6951295646084086,0.4590781115940182,0.6071671426553459,0.6411664059551283,0.31108761559959336,0.6592865405842149,0.22530942067404705,0.4926014587412314,0.5060426622491668,0.5364927716100992,1.0,0.44284657544311007,0.09152496190804904,0.18925633550842086,0.19666583646078534,0.37057895347004755,-0.61106440603803,0.31590353663695436,0.6536146466802873,-0.24763340642624324,0.5873678899752124,0.17113690893374583,0.3861487958075994,0.3106832256548567,0.3967311773460058,0.7428588775596369,0.0696604772694869,0.5795397339622731,0.15555248580691358,0.1191308630605593,-0.2934677638522784,0.7257008805281207,0.6501038058477584,0.711937513822776,0.4374816783612464,0.6622331318603398,-0.7050125108896429,-0.34530969097175884,0.29516020980238666,0.05481190279973113,0.7439506754120563,-0.054378414268055515,0.7407267402284637,0.6331139002334306,0.6637280710015365,0.6823896688494261,0.777161914694701,0.8088913090315838,0.7550724052094206,-0.3176110526087417,0.4088048982774188,0.4737889417130583,-0.5254982356757044,0.5619607169454123,0.5570069022191505,0.621200305629177,-0.2123001332193028,0.3952880690500684,0.6115536346397517,0.5066571713361259,0.7174929753536948,0.5815455353106316,0.45738017303227285,0.6582781163404219,-0.26245620293113203,0.27793983195647504,0.3680180295669279,0.588639516640894,0.8012118928526353,0.4296873885453685,0.6145060151927986,0.8418218502030739,0.7133486827991399,0.38631180194289816,0.5681587527682223,0.5565930797570124,0.49327045077709025,0.6158871056780548,0.45338947988184974,0.6329191301797018,0.7377069957105306,0.7866077598579467,-0.6121344257139036,0.6791830037600118,0.4194093592372888,-0.2280354726317852,-0.12231683059667929,0.7624210491246602,-0.02288678155113388,0.789756636406987,0.3227672284961239,0.7126882254048988,0.4145703332193634,0.551262259650998,-0.07914540145306669,0.5145880431767782,-0.3617074482449243,-0.34783222126982494,0.5512806493075957,0.27347784206231107,0.02086974056087704,0.022754217010616293,0.5263402992815313,-0.3875059406000864
Vermis_10,-0.18653380176007997,0.3023758003565459,0.3369952661959381,-0.0022031470222263366,0.5215656405522328,0.1869007000692102,0.551569330709262,0.338510749441054,0.37302544764024786,0.17728463410347212,0.24805148763237242,0.44284657544311007,1.0,-0.03991735686389107,0.4601026286432927,0.22528844877491425,0.20964008722167568,-0.2556406759902131,0.282973182215545,0.29560974046628224,0.08028577916985981,0.5234014724696736,-0.020614970660840868,0.26857548078827126,0.4257993404186633,-0.029285507878998945,0.18819231976300788,0.17229774139220022,0.7095653306291471,0.22584210271293184,0.16443875597105984,-0.1353251664918657,0.23925111493342002,0.6384791315725536,0.671230053332453,0.4065933631016492,0.3424610842583084,-0.19927893954522122,0.01594797082167609,0.12480959482196623,0.1913895937632647,0.4366587268264956,0.08686124542512963,0.5173758363982494,0.3328887421084105,0.19550657571396796,0.36853297755066045,0.4269298119694686,0.4616852715210059,0.15613132967136098,-0.01819421215340721,0.5115237981747832,0.11339949116724139,-0.18437684295573997,0.5359845817635212,0.17455410625201537,0.28668967899522146,-0.06945350380713661,0.2955194439535113,0.11410051763005354,0.28905053417699567,0.18472043432733154,0.5082663537789299,0.3686445219168722,0.12451354311805896,-0.15819234860964343,0.4057490663132688,0.08261518011993965,0.06384760379911092,0.4356282497522787,0.5228377147512449,0.34936617172621326,0.3306327309927205,0.174994906064476,-0.03884670961756685,0.516921504844973,0.44348401925043623,0.12503461507134347,0.12814691655674526,0.20766135562656848,0.06352643078958398,0.4024994899973934,0.36424910490202766,-0.162102324796946,0.18699578386854668,0.3932599174454637,0.17427317859181235,0.1826920727698714,0.40767480648801885,0.1320676473625263,0.47163804105114593,0.3773051058474513,0.4015659124464476,0.28231191211613166,0.2867760976395407,-0.1133133460185117,0.5069537562917299,0.13513216730742728,0.16162134768382025,0.25684501181873215,-0.05629077871237642,0.2809113015038364,0.30144606082714165,0.5681769378792153,0.10914365868716262
Temporal_Mid_L,0.5289637035695479,-0.05279367060777764,0.17943282224989981,-0.20194162545996266,0.02694894320225857,0.47671050323965086,0.2505379086704454,0.23139237190665926,0.38575313025526153,0.13093706166433738,-0.11204347187225264,0.09152496190804904,-0.03991735686389107,1.0,0.5406203041654256,0.07534801951808444,-0.3306136379291203,0.5665335837413923,-0.2373629346421755,-0.06866692735330732,0.6035330875346225,0.06734917563014552,0.5379531254714468,0.14101292648097688,0.3715193320123286,0.3638573080003217,0.1612666342852253,0.1827833188550303,-0.028473743649762795,0.37508860755644285,-0.11168305915577338,0.30610288887937137,-0.16793311379368156,-0.1664879576422558,0.10644988167853249,0.005777695918636646,-0.13916372029998034,0.21186218129366935,0.46013536079500744,0.38546464713217465,0.6362302174040209,-0.17022740558268384,0.40323837022813686,0.026248504805305738,0.4474535340143254,0.6486639215851715,0.16384254206554336,0.2193240211392028,0.12795651939164376,-0.09867849950320194,0.6882092286867078,0.19234693960148033,-0.07769836484256072,0.5214809012341627,-0.15714646518947628,-0.018340896674738632,-0.18756026961183073,0.6513606591723571,0.312528015544134,0.12378180149897859,-0.205653893722436,0.09435043172573755,-0.14741266146767262,-0.09249866043488925,-0.16154120359499027,0.7531592864814447,0.3867525714887244,0.5397625280839099,-0.018019615015939645,0.16004757086182797,0.0769255861793586,-0.09980142547037979,0.2508513667959711,-0.08797726207511793,-0.28052325971764064,0.19829833745294584,0.12449629839397797,0.051441130509939745,-0.1013957768591266,0.3194706097311978,0.398970908273494,0.08886609621360257,-0.1417300378908242,0.3505349751928266,-0.20189656538298462,-0.13828819620755234,0.6354010408788041,0.32746190711766177,0.15310191477535537,0.38080946124995835,0.10855409737416759,-0.11120687618647171,0.11383001869690687,0.16442617372639176,0.6057762194167018,0.36653101534915344,0.2851694676234355,0.5358186630226582,0.4395898046198348,0.2783645461174853,0.5561469410977523,-0.014748161820273387,0.17797598667880873,0.38152114584757324,0.33451231569169004
Calcarine_R,0.3090018048947916,0.14158499446621867,0.0653384712391803,-0.23766955866151207,0.47963332208100096,0.4665904546280851,0.48650590568299534,0.6786866533090402,0.36254066411938896,0.23243131347618112,0.14223191526357612,0.18925633550842086,0.4601026286432927,0.5406203041654256,1.0,0.24541926511629844,-0.25702433715758455,0.28796356274444285,0.31967994452118015,0.1141916571794816,0.4429986482608739,0.4946319874161805,0.35061036820845115,0.449237417531165,0.7889980356707041,-0.03112955824943906,0.19403409883200115,0.4016453526189711,0.420743336735163,0.6154744431242228,0.2431549459816021,0.10520803213335304,-0.04512615721609721,0.12233100149036272,0.4822831452042981,0.47381935584447854,0.15540003693758,0.10157235158493964,0.3790239433335186,0.3972592356567123,0.6536909112961934,0.06255454010064758,0.4693409330869054,0.43636856476526936,0.5537891084563352,0.5085224752634805,0.09084602264956465,0.4878063417779041,0.24972029322605316,-0.0671859220610739,0.472637138142787,0.6806066772852404,-0.03871950056734951,0.1998551265898919,0.4410378922147193,0.27950096867904367,0.09329990857995363,0.5647807029023199,0.5478670734154841,0.254370392734017,-0.12577023969865667,0.22922246124853418,0.4004732404453535,0.3988687268283013,-0.14851897837070863,0.2678568958368389,0.5808643205343429,0.39316869911163427,-0.3177719570281995,0.23709002839078694,0.5534544993646989,0.1362859306158831,0.3185616475146266,0.004062282141428076,-0.34944377124819664,0.36472742430267374,0.5159572338389019,0.1325002473714515,-0.03911617198667918,0.4093454809686988,0.06782100091212155,0.38995395677163064,-0.03544420744702201,0.21736726254048308,-0.1465443352980545,0.45727776096446904,0.580252458168163,0.6848914241179196,0.4145658651958555,0.3967298051815351,0.49171488057423474,0.49965064276242016,0.3311869772545797,0.26427487587139875,0.49961481812188446,0.04598569321756102,0.5941023828548457,0.4329308270160655,0.4591763975143533,0.4030973891713708,0.30078666534842996,0.5833188213354854,0.6857116687860434,0.5928690517520415,0.5361836331276797
Thal_Re_L,0.03818117351186923,0.25559115820094286,-0.0761607661293897,-0.11258020338449815,0.2237934214074858,0.0708271837699202,0.09565121579560819,0.2932079931524798,-0.01638272447990118,-0.011996916353859728,-0.3259554307190164,0.19666583646078534,0.22528844877491425,0.07534801951808444,0.24541926511629844,1.0,-0.043953188301599846,-0.050515247231212694,0.19848643346906805,0.5042250929438641,0.053534929812769236,0.15803809806802815,-0.15605040686928182,0.4030474940002079,0.22031849073479476,0.08361295006141896,0.1395599458629376,0.17613816909364946,0.27709156200388024,0.1738574731709156,0.3331727093819914,0.06289276293726272,0.06372203506462329,-0.033230824079638975,0.14384359669539057,0.1579051310469434,0.14807922878236962,-0.004949163230647618,0.30301515001258295,-0.12427211991570533,0.4275173345821709,0.07997271060864405,0.31278634870430166,0.146692716680508,0.20911761666195186,0.19863416658884026,0.025030691024440027,0.11293674486025054,0.09347638180210116,0.07865678187246486,0.08157827255371707,0.2796921127305684,0.0404251012897459,-0.04867633394922023,0.25500042196329925,0.21748132315219826,-0.035383984100356265,0.17708499345484147,-0.08238850538802159,-0.15342785359733344,-0.08301329929225783,0.23283932733698326,0.2273828928883429,0.20971514471726826,0.13725777353018173,-0.031199072721931127,-0.18878586604667727,0.14046067927501188,-0.1278383780990366,0.1909687771919425,0.20121949625377897,0.09892244503397507,0.2220759874974435,-0.07797885013456012,-0.14244619218872046,0.05116585775545445,0.23346502061145782,-0.39647461660633565,-0.02833399328406835,0.10849608278186451,0.026537337306657357,0.15033441955629123,0.10590108308930057,-0.02440743998875524,-0.013548415221789931,0.2789209270942605,0.10918287372876785,0.35953394531086375,0.17794802812161675,0.5884961773049227,0.24183831306725478,0.3314090317550245,0.17397478462192673,0.21099631800386018,0.024973497972131765,0.09682099177989643,0.3997279619692449,0.017124407065375147,0.2704207668210034,-0.05226979349968129,0.04848827734332466,0.3369502263450994,0.303653173394422,0.11904625702545384,-0.15002907708541088
Thal_PuA_R,-0.33612240620873507,0.21121117778566129,0.17243438845542333,0.43871270528350864,0.09871791955243645,-0.4448918877285681,0.07307480217433805,-0.36630910320614923,0.040022980501472745,0.2295700870419075,0.3816773839550305,0.37057895347004755,0.20964008722167568,-0.3306136379291203,-0.25702433715758455,-0.043953188301599846,1.0,-0.3770022979127392,-0.018627807788750506,0.4853154136274263,-0.17809113330987494,0.11604286666349278,-0.009783155705135453,0.08378264994286481,-0.25301327635244897,0.30855053043043845,0.17710936681342312,0.09236372832772752,0.13635937531347064,-0.5526938205019173,-0.06268009757913795,0.005414656369794509,0.3569834460584288,0.4432738388008288,0.3593952620483607,-0.22455482556271483,0.4686471353351222,-0.24537689031263465,-0.3326074766527431,-0.22288651027727743,-0.24548606881604862,0.47468972369280815,-0.008783439000333565,0.1371055900021331,-0.06501584644004697,0.10049775552466263,0.4190683289935828,0.17118508891300263,0.40528915544845384,0.4551230246952247,-0.3430300526974037,0.08553542192936817,0.26019055697284266,-0.2355552341048304,0.02850131055126324,0.19075961528621635,0.32474536119197184,-0.45602925335481453,0.08808126850721756,0.23184161593898647,0.34954915199046,0.1789017395892276,0.2225253063895353,-0.1559973630757086,0.2581820704182337,-0.1584226124773484,0.011752735687694405,-0.06210854731907852,0.5592152778195624,0.36656269224350546,-0.14682566873480798,0.4541757580067245,0.3371439283418302,0.3328602403671166,0.3647483631942954,0.304515684396998,0.045990319507750246,0.1287011581039453,0.3828170762917297,0.009163574521938283,0.25929845127246554,0.22797284013429772,0.44252887219042086,-0.29800391724483555,0.5419404677414553,-0.03114448140084275,-0.1889383054118159,-0.3635174697763488,0.09975441386499515,-0.06787899580620298,0.23393634431669383,-0.10275581961990388,0.0383207209033882,0.08321508243438444,0.04724330990425126,0.12169642774077753,-0.06350913143988404,-0.10797280430686572,-0.3197964408716413,0.13742415284055737,0.04418801398329312,-0.20162634595234774,-0.3309598033282289,0.14449087718616652,-0.33456551748572244
Cerebellum_Crus2_L,0.7705074787106532,-0.5539684294268119,-0.17249021182485486,-0.47841267620883027,-0.5497565364411764,-0.03510001766134565,-0.36145221156954305,-0.08425403205207639,-0.11930451463048887,-0.26291908957112137,-0.43162554719545354,-0.61106440603803,-0.2556406759902131,0.5665335837413923,0.28796356274444285,-0.050515247231212694,-0.3770022979127392,1.0,-0.49440237454032043,-0.3835782124546441,0.7423803009445638,-0.4838550392139208,0.297723978602703,-0.0829499954071289,-0.07349563836929338,0.08896568002443582,-0.39458745931091505,0.27876764889561273,-0.5016899219099941,0.02232596081446678,-0.097960144082113,0.6501250770404706,-0.6243969729475191,-0.5461194739299448,-0.36552057960319123,-0.44175260065710037,-0.541557303084029,0.8353534895551872,0.6864884507447787,0.013603390190373939,0.3896220558440411,-0.6334288181524699,0.48494206851269867,-0.5871729476058128,-0.2043211952467471,0.022302041323520216,-0.3434303681423282,-0.419206093338844,-0.45869988299438275,-0.5675384812791986,0.8539724183831741,-0.11976504082217788,-0.3990143358149242,0.8985192086692282,-0.5975851139534359,-0.3379307720123443,-0.5928709538834759,0.6069776155401749,0.01225565578785234,-0.24426754508157125,-0.47760748008723186,-0.3384742165098025,-0.5774459785395496,-0.5402683091403664,-0.5422603673606445,0.8206133125358916,0.08708194446255334,0.15510233758280878,-0.3749590234096628,-0.31733775629755145,-0.38038142001656544,-0.5312435108126302,-0.3392391497764864,-0.5968029763935259,-0.4307236843717864,-0.2814753853126249,-0.31993921486539717,-0.340952893702434,-0.4555040435110473,-0.10592458687881481,-0.06320015210374669,-0.5127388127365576,-0.6571895932916654,0.8623461877282944,-0.5640240446500573,-0.4882883798889657,0.796924519689772,0.3701920301804165,-0.4686159657737821,0.4170327534307815,-0.5112829339254055,-0.3731989534507046,-0.4641076769992251,-0.17668426267166434,-0.048516252944986085,0.4393356455227625,-0.22229811468150704,0.8400255620620986,0.7177933528755751,-0.16818051361800376,0.2477556555852289,0.035437458263615065,0.06250624810905167,-0.031562909535729475,0.6663754709753039
