,ParaHippocampal_L,Precentral_L,ACC_sub_R,Thal_AV_R,Occipital_Inf_R,Cerebellum_3_R,Cerebellum_Crus2_R,Red_N_L,Fusiform_L,Parietal_Inf_R,Hippocampus_R,Thal_PuM_L,Thal_Re_L,Vermis_6,Frontal_Med_Orb_L,Thal_MDl_R,Pallidum_R,Cingulate_Post_L,Vermis_8,Thal_PuL_R,Rolandic_Oper_L,Frontal_Sup_2_L,Thal_MDm_L,Heschl_R,Cingulate_Mid_R,OFClat_R,Rolandic_Oper_R,Cuneus_R,Rectus_L,SN_pc_R,Vermis_1_2,Calcarine_R,Frontal_Inf_Oper_L,Cerebellum_9_L,Cerebellum_6_R,Caudate_R,Thal_LGN_L,Fusiform_R,Vermis_4_5,Cuneus_L,Thal_PuM_R,Insula_L,Thal_LGN_R,Thal_VL_R,Temporal_Pole_Mid_L,SN_pc_L,ParaHippocampal_R,Temporal_Pole_Mid_R,Hippocampus_L,Thal_VL_L,Frontal_Inf_Orb_2_R,Thal_PuA_L,Thal_PuL_L,Thal_LP_L,Cingulate_Post_R,OFCant_R,Frontal_Inf_Tri_R,OFCmed_L,Thal_MGN_R,Lingual_L,Cerebellum_4_5_L,Vermis_3,Temporal_Pole_Sup_L,N_Acc_R,Temporal_Mid_R,Paracentral_Lobule_R,ACC_sub_L,OFCant_L,Occipital_Sup_L,Lingual_R,Precuneus_R,Thal_PuI_R,Temporal_Sup_R,Raphe_M,SN_pr_R,VTA_R,Cerebellum_10_R,Pallidum_L,Frontal_Sup_Medial_R,Thal_PuI_L,Occipital_Mid_L,Vermis_7,OFCmed_R,Temporal_Pole_Sup_R,Precentral_R,Angular_L,Thal_MDl_L,Occipital_Mid_R,Temporal_Inf_R,Thal_VPL_R,Occipital_Inf_L,Thal_IL_R,Frontal_Inf_Tri_L,Parietal_Inf_L,OFClat_L,Cerebellum_4_5_R,SN_pr_L,Frontal_Mid_2_L,ACC_pre_L,Precuneus_L,Thal_AV_L,Frontal_Med_Orb_R,Caudate_L,Angular_R,Amygdala_R,Frontal_Inf_Orb_2_L,Vermis_9,ACC_sup_L,Thal_MGN_L,Thal_LP_R,Thal_VPL_L,Amygdala_L,Supp_Motor_Area_R,Heschl_L,Frontal_Inf_Oper_R,Temporal_Inf_L,N_Acc_L,Raphe_D,Cerebellum_Crus2_L,Cerebellum_7b_L,Cerebellum_8_R,Cingulate_Mid_L,ACC_pre_R,OFCpost_L,Vermis_10,VTA_L,Rectus_R,Thal_MDm_R,Olfactory_R,Red_N_R,Cerebellum_7b_R,Thal_IL_L,Putamen_L,Frontal_Mid_2_R,Parietal_Sup_L,OFCpost_R,Temporal_Sup_L,Frontal_Sup_Medial_L,Paracentral_Lobule_L,Olfactory_L
ParaHippocampal_L,1.0,0.36260599432839846,0.4391195407544907,0.27347784206231107,-0.6121344257139036,0.27793983195647504,-0.34783222126982494,0.534599153454428,0.6637280710015365,0.4194093592372888,0.8184545429052953,0.02086974056087704,0.19666583646078534,0.5263402992815313,0.38631180194289816,-0.2123001332193028,0.7871888002897616,0.4290390001575497,-0.01877397704877475,0.42566452542671296,0.7377069957105306,0.6544636478662952,-0.12231683059667929,0.28319868121396763,0.789756636406987,0.5570069022191505,0.5681587527682223,0.3106832256548567,0.7257008805281207,0.1191308630605593,-0.3875059406000864,0.18925633550842086,0.4926014587412314,-0.23884921928785263,-0.2280354726317852,0.8378434260286574,0.3861487958075994,0.7119800943524478,0.6829025102889048,0.4010441415933589,0.7439506754120563,0.3952880690500684,0.5884355797592506,0.14812717250777446,-0.7050125108896429,0.17113690893374583,0.8012118928526353,-0.603201683703456,0.8418218502030739,0.6329191301797018,0.5364927716100992,0.0696604772694869,0.2321737560876762,0.0811111382661371,0.5565930797570124,0.7866077598579467,0.543520719157868,0.6071671426553459,0.5060426622491668,0.0736539299303589,0.8825317532432586,0.6501038058477584,-0.2934677638522784,0.6622331318603398,0.12777232629626267,0.4296873885453685,0.7550724052094206,0.6158871056780548,0.22530942067404705,0.22963580731793168,0.5601880899858185,0.5066571713361259,0.4088048982774188,0.7366040547865745,0.621200305629177,0.3062416064900843,0.4590781115940182,0.767386104879827,0.7624210491246602,-0.07914540145306669,0.061612466444480686,-0.3617074482449243,0.6582781163404219,-0.3664142102547363,0.5815455353106316,0.15555248580691358,-0.054378414268055515,0.022754217010616293,-0.023937662380327473,-0.22343914700202622,-0.5403505258569534,0.5145880431767782,0.6646700692270983,0.4374816783612464,0.7472092834652344,0.711937513822776,0.6951295646084086,0.6592865405842149,0.6791830037600118,0.5619607169454123,0.3967311773460058,0.5287252635682599,0.5882039996100847,0.3227672284961239,0.4716563624785839,0.49327045077709025,0.3233197229658923,0.4145703332193634,0.06099065010866656,0.4737889417130583,0.3680180295669279,0.7126882254048988,0.5873678899752124,0.48977104787730474,0.6145060151927986,0.23519009454400513,0.5283262940738234,0.19724991165191738,-0.61106440603803,-0.32098716247929127,-0.24763340642624324,0.777161914694701,0.7428588775596369,0.6115536346397517,0.44284657544311007,-0.0841052037223904,0.7133486827991399,0.05481190279973113,-0.08069082661925481,0.5795397339622731,-0.34530969097175884,-0.02288678155113388,0.8088913090315838,0.7389203778272952,0.45738017303227285,0.7174929753536948,0.551262259650998,0.6331139002334306,0.5613605922247101,0.29516020980238666
Precentral_L,0.36260599432839846,1.0,0.12096828291907352,0.017277320875711866,-0.3998376918001356,0.5804107328220247,-0.23943161376064798,0.5962700100717965,0.2620128629720267,0.233190875471865,0.3401770705307555,-0.0900114863595818,-0.06578050197860781,0.5611432567105588,-0.23659670263095428,0.02133759773548014,0.24641562780108198,0.6276015477528976,-0.14313603550018178,0.06511449459997716,0.5730246184942607,0.7846838041944115,-0.14718922868982703,0.11766559396573825,0.4300917515263055,0.367836928193906,0.47341974306704965,0.4783473700338193,0.21650534138668068,0.17877643077034602,-0.043266891802679036,0.2860125601918505,0.7077504032427575,-0.24306116185951515,-0.02686424730994798,0.25282893975099985,0.1450622244642656,0.26071176578075345,0.6886651358950445,0.17297430005427322,0.3896753920736098,0.3703305056497118,0.16934391867682472,0.13276519133958706,-0.43834181205937084,0.1477463692393782,0.28110232576933675,-0.16941837947396973,0.3335409872990801,0.18176552465495158,0.2553866922312537,-0.1307252452598016,0.607066396215313,0.14090665745527053,0.33803533155810744,0.1924390756086714,0.40670203441912955,-0.09213632755808482,0.28083982572067034,0.1837564220945848,0.5331657935539548,0.3017035219404417,-0.6922866951773679,0.14555810938965033,-0.09237799864462337,0.6141293297076134,0.18241831707481715,0.14564625378125676,0.2588250233113563,0.29386086711385573,0.5970583719553274,0.45332389679296814,0.2713987792525372,0.2963722155541841,0.4238744272163,0.2929798769266433,0.4241428161941431,0.5517906797058453,0.46098094562745745,-0.49314484859231517,0.2300843373356836,-0.22103278962210696,-0.053390571636368865,-0.10197864881243546,0.43640582894165686,0.5401899981550807,-0.38183288398841336,0.0702913808751743,-0.26111001824919433,0.09444418461095955,0.035676638987098566,0.3916865007086606,0.6095025894288001,0.7428419303665049,0.45212129545362395,0.5913046045952384,0.3912878416767488,0.7361818226286441,0.3381296108864645,0.39732284169587045,0.11063348817040268,-0.09720129735578482,0.11716058166348939,0.1703531750577677,0.14664062600616976,0.32051766070304283,0.04487231646434195,0.6773991856540826,-0.4678942833416724,0.09803627971875715,0.47151597471371054,0.5416042070234023,0.6899477454286712,0.6418372539862784,0.26078775818047284,-0.061543418051740656,0.16282928735467467,0.06152574819375363,-0.2850306066550092,-0.26071192467445137,-0.24923621772272223,0.6108187022099321,0.34459793318667636,0.22216604506378676,0.30015476740311786,0.08869114326786576,0.2256425786807985,0.007295618352107144,0.19130952430090295,0.531058452161085,-0.3199878105853358,-0.37689522089455424,0.3920843047919596,0.5853839952631854,0.46567860292195473,0.10661645170310745,0.5578883083744215,0.4979594727827389,0.5129725140694521,0.38821239626358545
ACC_sub_R,0.4391195407544907,0.12096828291907352,1.0,0.16309419619869245,-0.2322538812428635,0.2740313849946316,-0.04129942613685485,0.3243581151256902,0.3198602607406985,0.22632857383127275,0.5236706473254502,0.12896529229388376,0.20063772547149036,0.18429433460995423,0.5038600376317903,-0.03874251441591555,0.3564028742831785,0.35151564824151205,-0.07028280033879221,0.19392079120226416,0.35587555450218195,0.4573404421869397,0.13551283654201504,0.5011243788556246,0.44873037111823916,0.7207757209953277,0.310443889622189,0.20364644579594662,0.4426454147389082,0.21292858764127306,-0.10727049587179659,0.19208640389174828,-0.04769178751602063,-0.02869889641524635,-0.03444808188325809,0.6443322430266698,0.36908654771566385,0.4220368468836986,0.41755140844467104,0.2512629006230881,0.49660585060813645,0.4541163495436859,0.36630498509094617,0.2040789652563356,-0.2862155024442451,0.12124460984520198,0.5574964670528382,-0.02201673254635073,0.5666876048609654,0.346508318680166,0.41885751939626054,0.18257759528227924,0.0899936195204217,0.157967873539106,0.5321709044994555,0.28004439785420693,0.5261280126556993,0.3991870458228949,0.4174480990442925,0.12523894503957628,0.4671443413274637,0.38885972302928923,-0.12906516368751075,0.44387739851530766,0.419796318431784,0.1283357864159078,0.6333963392109385,0.5903072654024035,0.20186968094767824,0.14033939234871493,0.2995085172687287,0.3696257672314438,0.5222990085682812,0.4098663182406652,0.22818462328008413,0.18599220946148864,0.409866471694106,0.3367647299131941,0.5865420878731185,0.05974091266298579,0.10140895937446222,-0.20539603147134064,0.3493112851780465,0.19630644073769302,0.2642765307811953,0.1524750293590817,0.23156997874691326,0.20606455381889896,0.189132403109601,-0.06236165896290673,-0.0936124798876009,0.38178778632647187,0.29647516563467946,0.25562685545061115,0.357517739830396,0.30326125699468703,0.4102399238889773,0.39701257352489405,0.539232008769188,0.3228711905149037,0.18130312288227834,0.3899198240364391,0.3412748754875297,0.2697298689447181,0.3678031760466643,0.1891738371121572,0.023677911989772454,0.2351400484064664,0.1251293428008226,0.2624628829408961,0.3010325410434496,0.4316568328534234,0.228419493328888,0.25887087365746864,0.32163635620728365,-0.02756376706813088,0.09746131002294373,0.12144526778414577,-0.2649955824762742,-0.18039231177033804,0.01443176056572408,0.360002781860944,0.6055130184587645,0.3758429087968967,0.15374239087951128,0.04862180876628114,0.44711552166742347,0.08695253649892937,0.3814514483603767,0.3597274799748474,0.06365605027437012,0.21610224883250723,0.5164872401374172,0.457826305605263,0.2432373210307019,0.47764989311204126,0.13670411693121054,0.4901080053305648,0.3060059754655378,0.129443867335105
Thal_AV_R,0.27347784206231107,0.017277320875711866,0.16309419619869245,1.0,0.1736838386483205,0.15910511242851266,0.08003061700093993,-0.057561838485395915,0.616512841820042,-0.10132351715266158,0.13767499167072167,-0.03919954475324383,0.04848827734332466,0.2993697468273604,0.13760080422835855,0.41326149733604495,-0.004264290652162202,0.20249206620827087,0.3969315494643918,0.08826215713195833,0.14631975327337002,0.17223561318477412,0.1844533323298167,0.43604635174143025,0.24199508400915148,0.2449228437616481,0.17448617860542573,0.17004370456488405,0.0939488761671458,-0.18076995920211814,0.028983045601825158,0.30078666534842996,0.23149740502840477,0.3916605896610938,0.32337770736148785,0.24447709234319528,0.1224414487515475,0.28286684712069177,0.1500725960370728,0.13006275619363258,-0.005842132259004582,0.29700168986738956,0.531422828709305,0.5690810200782578,0.04841253051339287,0.42337488822705305,0.35731714383376284,0.18872988316425263,0.40279345190738475,0.5250332703978197,0.06146163950860537,0.26107658902159037,0.062476413248162756,-0.13162737200576016,0.06513391700152121,0.1669781822489935,0.0829517221390677,0.15289896563192942,0.21964592509379158,0.24718500155948897,0.15649184858311793,-0.1738283536413195,0.3016752113310948,0.100354837921162,0.2494750410363813,-0.050079391037023746,0.20811368578077838,0.21869457416326768,0.036568644066218466,0.14170471675591073,-0.07073751157830144,-0.03803003753215116,0.1338399359797144,0.13959815522354477,0.06821345488907077,0.3802310016816191,0.11690939602575727,0.2078473003282459,0.17499846313095993,0.3661298909071346,0.2106989105003797,0.2796652130875281,0.11507134180651722,0.3262248421519154,-0.08990526682677094,0.06791832023632201,0.5132408560997325,-0.003538883700395782,0.4050305770915587,0.3815180921955866,0.14309897011628434,0.11374904284173781,0.2061102576490706,-0.05055317215390584,0.25575416837825915,0.173594523086041,-0.025206139931387466,0.1157906560339614,0.07236135113919855,-0.1107006219967577,0.5798646997285068,0.1665072599781735,0.6183918384608547,-0.1174867902637113,0.21517469250126164,0.07068392668119156,0.18889733078220816,0.004989193547232747,-0.08567336354428956,0.14207806886428007,0.4728617963100659,0.15335009140624947,0.04488618733337882,-0.040481667755363215,0.021405180589583364,0.599845776380456,0.4073817474965948,0.336393196385991,0.2477556555852289,0.35002156765037784,0.36664253655527745,0.32841466182929213,0.32556468422254886,0.362501417892616,-0.05629077871237642,0.001239502141784889,0.09658667938233666,0.4430626797977398,-0.0674727288697772,-0.10002159421792156,0.15758627150323556,0.3772383062359229,0.30353015935628774,0.10987180700607121,-0.09975683943255895,0.3356495944748406,0.5207354860593207,0.32511780730408474,-0.15761225049745745,0.16583229711328912
Occipital_Inf_R,-0.6121344257139036,-0.3998376918001356,-0.2322538812428635,0.1736838386483205,1.0,-0.011667878603516334,0.7169464755468128,-0.6323485490626202,-0.08579522642232137,-0.49973094908769927,-0.45454478381640656,0.08116547470943253,-0.02440743998875524,-0.08399210083286976,-0.34592487981176423,0.48578641856293925,-0.727983505698395,-0.16618824007727143,0.5359778842198517,-0.24090371414833903,-0.5509008931050935,-0.45465587545552855,0.33382209074130337,0.010876538511945907,-0.5387554836035311,-0.3814261820457873,-0.3127435940455296,-0.21947781669819016,-0.5985350324571651,-0.04267095680837542,0.6257486095312146,0.21736726254048308,-0.28267938908251206,0.7745225576230949,0.759868753693404,-0.45649837776842594,-0.07657221412827513,-0.23101887844372204,-0.426010141624291,-0.23127628714636161,-0.5702335527334728,0.017354758474472785,-0.20828042489958223,0.3265334749709224,0.8749790035803503,0.216161632763118,-0.2731036277145314,0.8227549040826359,-0.3308888748922844,-0.06867557827120974,-0.3761294653401996,0.30682435615921,-0.21065476151534104,-0.1603607156797476,-0.35438057226315084,-0.609704712435612,-0.4334120571025897,-0.36788263490960116,-0.3809852707527949,0.3242992321184262,-0.6574930311924855,-0.46699105773414645,0.7195017087186565,-0.4711235054045182,0.3195158310241802,-0.45987483824970427,-0.5637913116189228,-0.3787275111035451,-0.15083705017797266,0.16545041047057008,-0.5582113069249878,-0.4519441596909996,-0.15810314357656005,-0.5413272034756856,-0.6006773214552372,-0.16934006082903177,-0.21670018671119504,-0.5599939801885061,-0.5283248640400758,0.511214589449026,0.1453485994692562,0.8367969293836929,-0.4792306404214485,0.7283272207786576,-0.6010130124329146,-0.09734854975627193,0.5307765593734299,0.041269043883642074,0.5072858581572111,0.4983665009491475,0.7217406923392914,-0.28035572769604206,-0.46904359701802006,-0.5009257741614769,-0.5338648253768747,-0.3759501775744331,-0.6198643867578942,-0.42745546732495304,-0.4845408315114233,-0.6077538617617098,0.06577552355139316,-0.42401299198754183,0.058174642447358975,-0.3923544446233552,-0.17080473119042666,-0.35036322276389187,0.06435999035904895,-0.25924423212179015,0.21974748888395812,-0.3479978447628744,-0.0005115819691101038,-0.5042805713696998,-0.5664266860235405,-0.49190374909784995,-0.5919355852362462,0.2625132594331908,-0.1723597019840672,-0.04801241420980342,0.8623461877282944,0.7117868315425592,0.7419188196328584,-0.5018116479250422,-0.4039435726820026,-0.2767243091212257,-0.162102324796946,0.04807498541423378,-0.6004585783579496,0.23617204501183525,0.19625280304179984,-0.5309934177727011,0.7094535417843971,0.49314102001779464,-0.448092428769924,-0.5765441561072647,-0.5981752989547253,-0.3364997519431275,-0.18022174824787762,-0.3519931733123534,-0.6199688367029543,-0.11614673151893509
Cerebellum_3_R,0.27793983195647504,0.5804107328220247,0.2740313849946316,0.15910511242851266,-0.011667878603516334,1.0,0.17563215011160987,0.41341300075965143,0.43561468847421647,0.15233936273019683,0.3182292919174272,0.08048858754440513,-0.18878586604667727,0.6539637051965077,-0.11744376000246239,0.2512630458742023,0.13916288069526836,0.6073721505192446,0.30322673082522683,0.008470637575601419,0.455902801957856,0.6558178453235721,0.1479779552155506,0.37257732709011304,0.39381071130398226,0.30597010820122084,0.5023016737414704,0.5212183695807124,0.006084039446869719,0.27119900256900986,0.4144726846131065,0.5808643205343429,0.5561876749247627,0.2907570426025864,0.440939776997868,0.3574523378971185,0.24745718859043997,0.47055301218262974,0.6911277981018474,0.3324061506049133,0.27997419552793856,0.633832062214047,0.23161759170579102,0.3075636340613456,-0.10751441496361816,0.4448979835417216,0.3823022634104976,0.13614644841409113,0.42639244243091673,0.25801501238891095,0.38496583253028877,0.2329103690080437,0.40786361923424036,0.14432822200726156,0.4214664037427778,-0.03716944948175237,0.458685520841823,-0.07522268043314022,0.37025898398414847,0.4849255070298039,0.46134436886456637,0.4418575143646405,-0.19573498655407207,0.2252497277548751,0.38589688678351725,0.4558310884890004,0.19933604959847853,0.10826562640734527,0.3095635626927527,0.4888746765413585,0.5079380356506485,0.308476090461688,0.5003022723390926,0.2776147145846825,0.3298082432653992,0.10890544780460289,0.5065946863094583,0.4288194817466124,0.4593126075116621,-0.12515677546505422,0.31995903429869244,0.2583883558244926,-0.17475475006569235,0.23723304826652192,0.2870649291657878,0.423455254868759,0.0653265524322791,0.24086286557643669,0.22385972026022427,0.2868591028164575,0.15231833920501775,0.4144590367247036,0.5518012464278369,0.44279181704616755,0.32490723295968343,0.6649380303924297,0.21217061745207041,0.6580281296104132,0.24318603891605695,0.28045407198312494,0.08456365817465576,-0.0536429110010038,0.3576146459389584,0.14064249356539674,0.3064613617256941,0.3481168802242869,0.37546207999285963,0.41697959611069546,-0.003456206862995947,-0.021747428997113485,0.4995951255511919,0.48245109860640006,0.5000724345144095,0.3995704307775649,0.24223458396457112,0.1981712664106332,0.2568842069044205,0.3539591185826042,0.08708194446255334,0.13617316188751225,0.27696314478738865,0.539472270437635,0.32480621022205036,0.2924745978845754,0.4057490663132688,0.2677594466242522,0.13459768699961747,0.26007180607990527,0.4984312337365487,0.43514403767653076,0.0835312898300731,-0.029323076439817176,0.4297530573624958,0.49933817050439383,0.2530074202079217,0.12539403359702578,0.5638110790643807,0.53912961604808,0.3468396939861102,0.5644786688082762
Cerebellum_Crus2_R,-0.34783222126982494,-0.23943161376064798,-0.04129942613685485,0.08003061700093993,0.7169464755468128,0.17563215011160987,1.0,-0.33882534558487887,0.0947483386046831,-0.20450623043706337,-0.1145611573674627,0.2789786599912013,0.2704207668210034,0.10389303113901084,-0.42276571707515903,0.5089519200125455,-0.5112758962097539,0.0912924348563792,0.44747897997934155,-0.2829395589158807,-0.27339263326428775,-0.17730553188236173,0.47078814731671487,0.1392122164748131,-0.2354171078704981,-0.17945545221148038,-0.15947392475971434,0.11625117024528188,-0.44522217921540796,0.1433896115056749,0.5991093628246142,0.4591763975143533,-0.10851801534736503,0.7234319172113601,0.7792972945305565,-0.21350172122175035,0.22970318691048253,-0.006931291131977486,-0.13085420603514433,0.12738819403027685,-0.3711108796447812,0.03684009680827669,-0.11460870132517666,0.40434541689902675,0.6671365602261449,0.14914014415347418,-0.08235565550460883,0.6416778068788156,-0.11951783284188282,-0.054289405305106224,-0.3558242028413793,0.26195018389110053,0.007334533927567618,0.07334599435308371,-0.01752044104607862,-0.4334107459426476,-0.2662156325668424,-0.41510924908304603,-0.2192681147375495,0.5390139600264688,-0.38151433616968516,-0.2167336142746915,0.5288910773515338,-0.27456755926136917,0.5506378532374115,-0.09157484459779311,-0.3752359601440401,-0.37157190609261204,0.1617602986833372,0.4530394713653211,-0.16499427427071073,-0.3275287502661472,0.1327779904823565,-0.31217368092705616,-0.5046808059658782,-0.050659290007991804,-0.08744546782130262,-0.3514521374995518,-0.2298124670703914,0.35620611202340224,0.3389110621474222,0.7535914823096647,-0.33130322172589927,0.6403347342172553,-0.32584936994128866,0.1650370957463701,0.4903804210753772,0.268710160250115,0.5382037178050421,0.5120525981850672,0.6156475500400321,0.15279772415610574,-0.2691197547546504,-0.20258574852551617,-0.35420654922077016,-0.1164618330858176,-0.24792920899206392,-0.12882334630932318,-0.38920399721682847,-0.23856210107824577,-0.00786827347673786,-0.48256878579572,0.15979447553230897,-0.09308871500328272,-0.21874012244280197,-0.35280762359012063,0.23006809092778546,-0.027612044617315715,0.1911216380864473,-0.30574639144146554,0.1299215639047446,-0.2112622056171268,-0.26339975100284924,-0.22444626966991504,-0.37555348738109096,0.24712088248112957,-0.048235218473851794,-0.11520572507635933,0.7177933528755751,0.5784231893927388,0.7824579352836084,-0.2799712486742207,-0.2357061528327533,-0.2902546657727499,0.16162134768382025,0.1507057883508815,-0.4835178539424287,0.45105129391836424,0.3542371483177215,-0.11816997911598176,0.8561112346419022,0.5586791295269385,-0.259086807254942,-0.2918538932333955,-0.2622370790020317,-0.13554534177976763,-0.05248328247158555,-0.08266019007825731,-0.2291866584621281,0.03470052409868154
Red_N_L,0.534599153454428,0.5962700100717965,0.3243581151256902,-0.057561838485395915,-0.6323485490626202,0.41341300075965143,-0.33882534558487887,1.0,0.27641318231276024,0.7716974224748243,0.5639897894813571,0.3467222581413865,0.14478543922247916,0.3769441047210552,0.08318193316111253,-0.12154639479396638,0.5714743161959399,0.5039938921331516,-0.44311060228708793,-0.0177985766054484,0.7064384891083504,0.7097877724034954,0.15781774456912306,0.3710334170364959,0.7503407780687908,0.5269212736980501,0.41140466073987175,0.6778880268601822,0.40847911352514377,0.24109650335176613,-0.12622352779228124,0.3908825735643211,0.416580012270867,-0.4978454808973999,-0.304168588168431,0.5548327542145218,0.30227763916379885,0.32709144160172976,0.6892493730483116,0.630022330284273,0.5853426883641675,0.2868198525950037,0.11538072259220648,0.06272898609383488,-0.6386574726989293,0.05479046843112219,0.2823683622541611,-0.5011484796830766,0.42681817518371873,-0.04567315103677645,0.4204896129358903,0.018293534853627204,0.5361195770903926,0.5567108108505765,0.6629711429396339,0.37606748616369107,0.5999006425846439,0.10546549362750307,0.47760393435025383,0.2909382878568726,0.6921163308249003,0.5189808038735704,-0.6250624339607412,0.5093643335899425,0.2063032709976988,0.7888455732973709,0.34493972786476396,0.2582610318162482,0.6106259792630849,0.3961095221729197,0.8621203162200058,0.3994641654355453,0.5915192300206414,0.5753273326391309,0.7205898245793665,0.3644704320737849,0.19678779203096433,0.569889130606974,0.6969972047791441,-0.47250709612484393,0.2508501951439365,-0.4463355801524903,0.20516620119932621,-0.4295117382684547,0.8012074200166226,0.5122125195645116,-0.2012342391107289,0.46284782937852237,-0.3370203703637405,-0.1722826927002145,-0.3847831910230459,0.6487587996866827,0.5577459624441473,0.8231863112612324,0.474589690759897,0.6074865367110903,0.6505015597916864,0.6882715467059279,0.36780982846149896,0.8723042715140001,-0.22710796865806487,0.22255453817808113,0.014153530231070487,0.706128557414933,0.384957617312436,0.33268808030117086,-0.014958013713340303,0.3670507952275459,-0.24708070934967513,0.24081856871352772,0.1794541722286772,0.6978754865751531,0.8444687093161313,0.818933047884607,0.5631898254325947,-0.28680626315610336,0.1541027423546406,0.21855687457989714,-0.5546519102579159,-0.6524043350877653,-0.38223335562435873,0.7306486943107022,0.39492937466090056,0.39642805312807344,0.46894662342481785,0.3639348226312753,0.45779109914768323,0.20131188337065625,0.21638043838672696,0.8367099498347511,-0.36705439389133715,-0.24640348097144696,0.4544845110135281,0.7812173498576263,0.804109603004311,0.34501050059833344,0.3572810321473916,0.5817025908530575,0.8695472891152007,0.3854182122571276
Fusiform_L,0.6637280710015365,0.2620128629720267,0.3198602607406985,0.616512841820042,-0.08579522642232137,0.43561468847421647,0.0947483386046831,0.27641318231276024,1.0,0.24418797057043312,0.5612778076468264,0.09305869906591409,0.19863416658884026,0.6495760481912258,0.08845832198443151,0.32725513688738395,0.33133653146063813,0.5387483977065334,0.2879541105902649,0.13548488540718454,0.5971882602272391,0.5356463431868429,0.17472400898806495,0.5269827715055885,0.6546249542207849,0.42227067011030933,0.5200607123609522,0.45915675626782754,0.24994244144534372,0.07838447286238158,-0.02628831425405652,0.5085224752634805,0.5291133928655849,0.3064036313351004,0.31360692467059764,0.6072509174374914,0.3380716307426142,0.5700537263065995,0.5330737813849848,0.450484257901236,0.33486648578307693,0.4913042093218171,0.6670352332677966,0.5707658872565402,-0.2719610664324515,0.4853744818887279,0.5991890274975553,-0.0573650847541818,0.7519076017695865,0.6618440416029314,0.2860798956461039,0.22127641270740464,0.33160843431910797,0.04901815675683886,0.4195074423594646,0.3549980044461312,0.4112212030410882,0.26429245922303707,0.42943581307725104,0.5190588038562427,0.5579905391784803,0.21222670120926498,0.10919355642277649,0.3823475743267971,0.3901147303741772,0.33277501326312114,0.47160932949607487,0.3406909717400701,0.29378375977515303,0.44868596981402054,0.3720809834474349,0.16619171775162264,0.40937226318801667,0.508828329140053,0.35152499917403635,0.42584603338274135,0.24937089076107455,0.5505002722298968,0.5373325649304674,0.25160388856866805,0.36341057047953756,0.17249331323477254,0.27481972590793907,0.10951806644227996,0.32155494463675394,0.27682481564529465,0.3593982500955152,0.19243196858668377,0.25400720460611376,0.32542254903916507,0.0036695472317927864,0.5147651554120223,0.6134939239001689,0.260663222864905,0.49133946981654697,0.5702007493462756,0.3599043964005973,0.49871952128958963,0.34553388239290445,0.26233798914686385,0.4858550647280521,0.21117860505627997,0.7361471580307191,0.17365927233242795,0.3080655338402735,0.2993703105776834,0.2767443594861977,0.2989879892891879,-0.06187214624312274,0.23815408910318595,0.5784138286299438,0.47337475311026966,0.4480263886986548,0.2955179772821223,0.3867353811228113,0.7020600681011447,0.6214453175082949,0.34396339076464105,0.022302041323520216,0.20228145519038104,0.2822726565586725,0.6851161820968404,0.5881374440331356,0.47785729156882245,0.19550657571396796,0.09312567358372219,0.31240950171047027,0.46486357256883154,0.12258689948438557,0.2950700582433486,0.15877955561571339,0.3185198017494088,0.6217162599810933,0.5262895407270526,0.22175970873535292,0.5245558334995446,0.7779456451776641,0.6264916371613345,0.2541574602662219,0.4065726073986002
Parietal_Inf_R,0.4194093592372888,0.233190875471865,0.22632857383127275,-0.10132351715266158,-0.49973094908769927,0.15233936273019683,-0.20450623043706337,0.7716974224748243,0.24418797057043312,1.0,0.47627675463231683,0.7155781129531189,0.2789209270942605,0.20931490310974343,0.023976070344694855,0.016571199420182793,0.4636240223841205,0.2836617630872572,-0.5424300861085017,-0.26969555415295454,0.615220136810419,0.4606488337187798,0.4721926341047291,0.39544883307228307,0.7122898434017793,0.42580807364191836,0.3749914480441215,0.7080349519315808,0.2631798529335746,0.3856161921634775,-0.078564065719117,0.45727776096446904,0.24212632184022317,-0.5015072801700033,-0.3125285334606766,0.4909915284444183,0.3752857865165341,0.24434348099072964,0.4215432385461058,0.8039360842127272,0.3632411977235137,0.2661174379110726,-0.08841122457891656,0.1464269312468994,-0.485396805548176,-0.10906246844724385,0.1195829286676036,-0.5156180550124524,0.3144775541215805,-0.1811471945817974,0.28154238999691306,0.14740864420330757,0.5767988410616863,0.8317939300586924,0.6037565178996617,0.32055787264294705,0.5031055732667201,-0.016028748138745726,0.3293433121356614,0.4158922028558721,0.5062341616455873,0.2733337427149252,-0.35904863995419933,0.4354001041321002,0.35406546341863865,0.7935407340921391,0.2698063275390448,0.056781480803628825,0.7812523370828169,0.4918406451570079,0.7942133710903626,0.07285860152012424,0.6385098253554958,0.5566254653700463,0.5061588676940789,0.3581514109506203,-0.1249604232922685,0.3242140107799196,0.5546803853552413,-0.30270164904956776,0.38989482857499425,-0.43185188001169283,0.17650155593683672,-0.5284713014847532,0.8740721996939589,0.5224580009295017,0.0561846864136951,0.749755334866931,-0.3483413371381922,-0.07194760389903992,-0.4080787656388428,0.588068120219708,0.402316489770211,0.7248423695737684,0.3191397541255541,0.40868876702035717,0.4867116187953337,0.42092336870789704,0.06457860749500681,0.9274448197311554,-0.43145031499728964,0.1153761400493974,-0.03088807865757056,0.9524837871776876,0.13304295199527713,0.2267618708506433,-0.13527499231572535,0.17137747763742092,-0.14318967776957364,0.17397568546892342,0.042614976914351774,0.42031745601178455,0.7430932257681018,0.7541621866550502,0.5942707106295287,-0.3182363992455412,0.1014545152235926,0.07874303684382926,-0.4882883798889657,-0.696266573206738,-0.34439929217245396,0.5719285422143684,0.3116800118466388,0.2588243732851157,0.3932599174454637,0.39417817646389325,0.2937702306969168,0.27449241088436543,0.259266039427875,0.635293608735135,-0.195873194490207,0.025504698028564466,0.30418193989362596,0.6954815835991005,0.8908564744852654,0.3224530793096634,0.23511087045576862,0.4659986307424975,0.892127587416387,0.34983376728942805
Hippocampus_R,0.8184545429052953,0.3401770705307555,0.5236706473254502,0.13767499167072167,-0.45454478381640656,0.3182292919174272,-0.1145611573674627,0.5639897894813571,0.5612778076468264,0.47627675463231683,1.0,0.2627909080567327,0.2828155203273991,0.5387884325083838,0.3178221687403835,-0.1777254744969287,0.6877695817806604,0.5586587472002322,-0.041987054964584436,0.2852646469802668,0.7355319763751278,0.6649516399865851,0.08362656804376194,0.3798174013352835,0.7794937438597361,0.5891261457658872,0.5140982469169865,0.3272544176589364,0.6394860459994063,0.26802530942323805,-0.19035255958642194,0.3201481298068538,0.4027403526333516,-0.1643331214215543,-0.09571006662919299,0.8143230634637191,0.6295896508677289,0.6626821303004413,0.7242572215810275,0.4903947281551256,0.7829048617457427,0.4514117157195651,0.4396227870017255,0.24854715338115077,-0.48857960603098016,0.2453283743789382,0.7702799476954322,-0.44147161198793744,0.7816873462988952,0.5073867594831198,0.4706044924582432,0.16363884320914487,0.3256605346667168,0.259964778479074,0.7569805924140075,0.6386979252012377,0.5270452082870004,0.4234646994468523,0.4612269531133493,0.31506214315672976,0.8312602740457067,0.6750982475481772,-0.22012059411905627,0.6619384638411534,0.35271494938027126,0.42912869846586055,0.6702261831634247,0.44045229091805244,0.35518648541734676,0.4133645727632812,0.5776567562205601,0.5318456370037088,0.5792239246634555,0.6479889454699207,0.49104488593447176,0.1983008971620541,0.4087826879760654,0.647151632987768,0.7931097964427024,-0.029648654680299844,0.12651982568041314,-0.25618761645182836,0.5975773044377266,-0.20606125453080762,0.5819971371758506,0.27989528702585575,0.017792397395138076,0.18624840514998267,-0.04501110197438038,-0.1577290534658258,-0.38150609905304195,0.5820483839706952,0.5806404528249847,0.49268053882159424,0.5440756576459029,0.6744203079907745,0.7399377545745024,0.6762752560020728,0.63132124458531,0.6235763154869844,0.27341497646177476,0.4124587783318421,0.5401608771773451,0.4502372846957406,0.45762818803213046,0.3581177538829311,0.22470028317923119,0.47802292059533,0.15612871190812072,0.3629919962772424,0.3982970362043404,0.6844336037964259,0.5239923101778334,0.57136257976545,0.5578872764757263,0.08265325875753646,0.48662065511044655,0.04579102355355082,-0.49869648830863533,-0.3352588121149062,-0.1466069932439699,0.691258655880938,0.7399002185435225,0.42420843471779635,0.4860390303984971,0.005976011217269714,0.6269141968071532,0.11808605235837634,0.18560352423148493,0.6445764470189375,-0.13152508520663647,0.02409384106424756,0.6853125582157893,0.7293943509831252,0.512214102377428,0.6751746347973494,0.4267533253115987,0.6526995547322687,0.5954267668553855,0.3989121391314641
Thal_PuM_L,0.02086974056087704,-0.0900114863595818,0.12896529229388376,-0.03919954475324383,0.08116547470943253,0.08048858754440513,0.2789786599912013,0.3467222581413865,0.09305869906591409,0.7155781129531189,0.2627909080567327,1.0,0.3369502263450994,0.07158745836258745,-0.1708070431165211,0.32637026605039543,0.008121390957062796,0.15202532701803895,-0.2746442291961758,-0.45843264087889396,0.277859142021814,0.15212407816973675,0.8169025177126366,0.46693465458757005,0.3660850298211708,0.2622315828831713,0.12053393849402258,0.5095389251609567,-0.06672894316948903,0.48606793148159244,0.36382849257305633,0.5833188213354854,0.04818233398171297,-0.06147875831869617,0.1322492043927226,0.24247866118999326,0.5057022619012507,0.1488539689824344,0.15913200637118888,0.7272850161516845,0.012049879021045241,0.2819685491858223,-0.2819961198028002,0.40412716387000264,0.13352493474588933,-0.03895867913120748,0.0015949810249050202,-0.01680600235588404,0.11473225118460341,-0.25071032153183737,0.015575067500574752,0.4882113176084903,0.5137212481353978,0.9053192044570573,0.48997861178184454,-0.034218361335438506,0.19820276502043363,-0.2810316728773804,0.16525998995446228,0.6659822566892528,0.10541654376121362,-0.020799546762545307,0.12782002580706991,0.18845127301686426,0.6545308375000057,0.4194176844372488,-0.015731294366201555,-0.2763032133167986,0.7531101311451044,0.6270737594563962,0.38986596876297336,-0.19194259694013308,0.6517581088137995,0.20020061713793375,0.045984653256889156,0.18465951825758478,-0.23190644252098963,-0.0792363692810243,0.27514962307985513,-0.01163270407709668,0.49531431922597674,0.03445595005753641,-0.05051415072137277,-0.06530981294156145,0.5139994391880289,0.4801742859922179,0.46367829513482833,0.8349734704509971,0.013367389822056264,0.24808820684988397,0.021654948220879478,0.3509636388893754,0.039660690248353926,0.4098720354687869,-0.08415729681696392,0.1359616334958157,0.11963851365867238,0.13836627469503912,-0.26593712599415914,0.6002892642546064,-0.44929465248549794,-0.14439485474359853,-0.00041866803607727064,0.8109327741178168,-0.045838545769872646,-0.04068822502756841,-0.18869581163338683,0.06700319930327388,0.06572188792906315,-0.058793874538542845,0.07584107827407753,0.06829702900590191,0.3081734935903842,0.5149018304625048,0.2887130207165777,-0.3357722975595978,-0.02601618629461241,-0.07399533818554264,0.035437458263615065,-0.34584928563493744,0.06941135628128713,0.2012383864765434,0.11711286743899854,0.048351225626737694,0.2809113015038364,0.45338435391797516,-0.06287412752827094,0.38991727847516205,0.419918305352324,0.2332208276243212,0.23503516665581234,0.38687458682723047,-0.005029107952034018,0.3129631391212622,0.5755294515436454,0.2155010962684318,-0.02956811570982833,0.2722335698771177,0.5365506186508046,0.34323324453528
Thal_Re_L,0.19666583646078534,-0.06578050197860781,0.20063772547149036,0.04848827734332466,-0.02440743998875524,-0.18878586604667727,0.2704207668210034,0.14478543922247916,0.19863416658884026,0.2789209270942605,0.2828155203273991,0.3369502263450994,1.0,0.11904625702545384,-0.14244619218872046,0.17708499345484147,0.1059837980751623,0.10362351362030284,-0.05314010957776593,-0.15510325179333606,0.15033441955629123,0.07742463710113683,0.35953394531086375,0.20185287685782424,0.24183831306725478,0.21748132315219826,0.05116585775545445,0.22031849073479476,0.06372203506462329,0.3331727093819914,-0.15002907708541088,0.24541926511629844,-0.01638272447990118,0.020653179575160913,0.10918287372876785,0.2307663168638118,0.4030474940002079,0.18283971362187662,0.11492205816360983,0.3171089488389726,0.07997271060864405,-0.08238850538802159,0.07415609057795822,0.28583023547563163,-0.004949163230647618,-0.15605040686928182,0.1909687771919425,-0.028635702871781143,0.2220759874974435,0.026537337306657357,-0.3259554307190164,0.17613816909364946,0.10932770721926102,0.29992463906948685,0.23346502061145782,0.10590108308930057,0.1076533660781259,-0.11258020338449815,-0.011996916353859728,0.23793080853960105,0.11801242185805472,-0.033230824079638975,0.06289276293726272,0.14807922878236962,0.344909787763142,0.20121949625377897,0.07865678187246486,-0.02833399328406835,0.2932079931524798,0.34606499168739413,0.17887139822822076,-0.08301329929225783,0.2796921127305684,0.11206618284846581,-0.035383984100356265,0.26448747177353477,-0.0761607661293897,0.12061249779682919,0.17794802812161675,0.09682099177989643,0.18598614740817285,0.017124407065375147,0.13725777353018173,0.03818117351186923,0.2273828928883429,0.1738574731709156,0.31278634870430166,0.303653173394422,0.1225327569160572,0.11157983973250023,-0.03946399623143275,0.3997279619692449,0.023158357808816307,0.1579051310469434,-0.05694382129183059,0.14384359669539057,0.25559115820094286,0.09565121579560819,-0.013548415221789931,0.25500042196329925,0.08361295006141896,-0.16650375840542997,0.14789660818463432,0.3314090317550245,-0.08385898056775644,-0.39647461660633565,0.055465475760013684,0.21099631800386018,0.04256299811619914,0.0404251012897459,0.14046067927501188,0.17397478462192673,0.15803809806802815,0.12543037891670814,0.09892244503397507,0.016266574840498704,-0.019429434871391146,-0.18555541568698306,-0.050515247231212694,-0.12771295190879306,0.053534929812769236,0.11293674486025054,0.1395599458629376,-0.15342785359733344,0.22528844877491425,0.17917247790441815,-0.07797885013456012,0.4275173345821709,0.08100334653754444,0.27709156200388024,0.30301515001258295,0.5884961773049227,0.09347638180210116,0.14849241830678203,0.20971514471726826,0.23283932733698326,0.024973497972131765,0.20911761666195186,0.23928911816199272,-0.12427211991570533
