,Cerebellum_6_L,Cuneus_L,Red_N_L,Postcentral_R,Thal_PuA_R,N_Acc_L,Rectus_R,Frontal_Sup_Medial_R,Temporal_Sup_L,Precentral_R,OFCant_L,Parietal_Inf_L,Olfactory_L,Thal_MDl_L,Thal_LP_R,ACC_sup_L,Putamen_L,Temporal_Inf_L,Frontal_Med_Orb_R,SN_pr_L,Thal_Re_L,Paracentral_Lobule_L,N_Acc_R,Rolandic_Oper_L,Hippocampus_R,VTA_R,Thal_PuM_R,Caudate_R,ACC_sub_R,Frontal_Inf_Tri_L,Cingulate_Post_L,ParaHippocampal_L,Thal_AV_R,Vermis_3,Vermis_9,Cuneus_R,Thal_VPL_L,Putamen_R,Vermis_1_2,Thal_IL_L,Cingulate_Post_R,Cerebellum_9_R,Calcarine_R,Vermis_8,Thal_VL_R,Occipital_Inf_R,Thal_PuI_L,Pallidum_R,Frontal_Mid_2_R,Cerebellum_7b_L,OFCpost_L,Calcarine_L,Cerebellum_Crus2_L,Fusiform_R,Amygdala_L,SupraMarginal_L,Amygdala_R,Cerebellum_6_R,Cerebellum_4_5_R,Temporal_Pole_Mid_R,Insula_R,ACC_pre_R,Cerebellum_10_L,OFCpost_R,Cerebellum_3_L,Parietal_Inf_R,Thal_AV_L,Thal_MDm_R,Vermis_7,Thal_MDm_L,Vermis_4_5,Olfactory_R,Parietal_Sup_L,Thal_LGN_L,Occipital_Sup_L,Pallidum_L,Cerebellum_8_R,Cerebellum_Crus2_R,SN_pc_L,Frontal_Sup_Medial_L,OFClat_R,Thal_PuM_L,Hippocampus_L,Temporal_Inf_R,Insula_L,Paracentral_Lobule_R,ACC_pre_L,Thal_MGN_R,Thal_IL_R,Cerebellum_Crus1_R,Thal_PuA_L,OFCant_R,Cerebellum_8_L,Lingual_R,Occipital_Mid_L,ACC_sup_R,Occipital_Inf_L,Occipital_Sup_R,Raphe_M,Temporal_Mid_R
Cerebellum_6_L,1.0,0.1255964672898717,-0.2533653601251746,-0.18986953677846338,-0.14812905894104236,0.2734780413214484,-0.27578485856464047,-0.012234929678257055,0.4650603033141426,-0.19053122937712882,-0.13344584478627444,-0.15038059308222615,0.29264389146152975,0.6092646924465593,-0.18532371456332142,0.20492522779649897,0.09455276383881286,0.6666160115677318,-0.3121436570600342,-0.19657419497572193,0.09514215988502948,-0.28199854196077395,-0.1267792071526682,0.03640963726151107,0.03015929535627279,0.13454198458211525,-0.2162417137738324,0.040042931014594184,0.015514242603602152,0.14002173532653606,0.3075897494567456,-0.045318456840046775,0.5298228887155435,-0.21734537155672728,0.26020814842849527,0.2086198619481743,0.5600801153726787,-0.25705421978621285,0.5544150935324954,0.5195639034923154,0.03630295236565133,0.8118938473681956,0.5853273317853179,0.669524005853982,0.7100354850505189,0.6432740450405852,0.48899896888986283,-0.367075641606053,-0.020842545513856538,0.7297304569171185,0.09159005336078817,0.5154795321733667,0.7375269533767584,0.27571136377603855,-0.05537238918275826,0.23955410756678397,0.048047516388402184,0.8881083971170968,0.19508359761154312,0.6341758778634244,0.26873238171912794,0.1102940059123648,0.12139272627215382,0.058334122662319146,0.2870108119497313,-0.23495789425377528,0.4332054830031224,0.5139407268047058,0.8019356592622812,0.3982065387590385,0.15393364687275987,0.30941055371770143,-0.28710001812305663,0.2789478193512692,0.07887060716497346,-0.018795692064306348,0.7378056266970655,0.6276457726405699,0.5792978988470461,0.24313243343245128,0.03672542570808453,0.12293573654600856,0.2752860926025032,0.5548921322949937,0.4429196037865404,-0.0735542533255835,-0.13826115381737608,0.0685657746595232,0.110769196204746,0.7180703382480217,0.4726051019116362,-0.2702964593925281,0.8197100333050951,0.50470721181753,0.3119324485179665,0.3291776623455027,0.5937799898054514,0.05900818952563956,-0.12689072321844774,0.5081810594329909
Cuneus_L,0.1255964672898717,1.0,0.630022330284273,0.7245545038179617,-0.15826400178394595,0.3068579723745664,0.24274280745324342,0.6228930311378849,0.36736771926505657,0.6629802386883421,-0.06106137141750161,0.6403954053659855,0.529807530812079,0.3202110370351207,0.08470552135648159,0.18146337691397427,0.3349079736503368,-0.0009595989944308166,0.035024051811386625,0.3756177759911805,0.3171089488389726,0.7511865575889896,0.3487420457503458,0.5639089840881423,0.4903947281551256,0.4127042813462878,0.2539059508684584,0.46325074409899086,0.2512629006230881,0.3699405577144262,0.4520985256026943,0.4010441415933589,0.13006275619363258,0.26932913944585263,0.09313378723399554,0.7930200322183123,0.21856396442923848,0.36116444120722985,0.14624262254781092,0.30471668760030257,0.6478013590946705,0.03390756404897102,0.6715314533708479,-0.20094009342529565,0.4217891639065121,-0.23127628714636161,-0.10143902678446358,0.2807522082146469,0.591459108326691,-0.3037671725329476,0.25184553049851915,0.8014062567159236,-0.15558367891830507,0.32895135882682486,0.47942515153711884,0.4924422136758698,0.17675406658340104,0.10079050983450101,0.39581321815062764,-0.2540372513840752,0.4282992177743649,0.3680237139339877,0.09348460966170302,0.36098857516513316,0.37966255617684214,0.8039360842127272,-0.30651476729971644,0.5972288817268322,-0.06405967610226435,0.6530331706056477,0.4463309041513405,0.42498420761068834,0.7522810186670852,0.43108409410090187,0.8959081038536318,0.31230848270171163,0.08103954150065532,0.12738819403027685,0.1742241758678722,0.6458433000774426,0.35446920349465033,0.7272850161516845,0.37830256672557455,0.013857288131595459,0.3258476063005935,0.692813483298252,-0.059592449437420265,0.38398899979794987,0.683885355295689,-0.2614861391403127,0.3133672080296445,0.1914025532874752,-0.16003862182553916,0.5967376625581895,0.651889645531834,0.3394368519801781,-0.1273023688692229,0.9146270280652546,0.4032518271009547,0.6404234505756462
Red_N_L,-0.2533653601251746,0.630022330284273,1.0,0.7844194087354935,0.09437454737083809,0.1541027423546406,0.45779109914768323,0.6969972047791441,0.3572810321473916,0.8012074200166226,0.2582610318162482,0.8231863112612324,0.3854182122571276,-0.2012342391107289,0.24081856871352772,0.3670507952275459,0.4544845110135281,-0.28680626315610336,0.22255453817808113,0.6505015597916864,0.14478543922247916,0.8695472891152007,0.5093643335899425,0.7064384891083504,0.5639897894813571,0.3644704320737849,0.5853426883641675,0.5548327542145218,0.3243581151256902,0.5577459624441473,0.5039938921331516,0.534599153454428,-0.057561838485395915,0.5189808038735704,-0.014958013713340303,0.6778880268601822,0.1794541722286772,0.6166553598731841,-0.12622352779228124,-0.24640348097144696,0.6629711429396339,-0.38235049325904874,0.3908825735643211,-0.44311060228708793,0.06272898609383488,-0.6323485490626202,-0.47250709612484393,0.5714743161959399,0.7812173498576263,-0.6524043350877653,0.39642805312807344,0.4708438363072694,-0.5546519102579159,0.32709144160172976,0.6978754865751531,0.42356580930171406,0.384957617312436,-0.304168588168431,0.6074865367110903,-0.5011484796830766,0.4787080748269283,0.39492937466090056,0.16431345254771415,0.34501050059833344,0.35625509360584035,0.7716974224748243,-0.22710796865806487,0.20131188337065625,-0.4463355801524903,0.15781774456912306,0.6892493730483116,0.21638043838672696,0.804109603004311,0.30227763916379885,0.6106259792630849,0.569889130606974,-0.38223335562435873,-0.33882534558487887,0.05479046843112219,0.5817025908530575,0.5269212736980501,0.3467222581413865,0.42681817518371873,-0.3370203703637405,0.2868198525950037,0.7888455732973709,0.36780982846149896,0.47760393435025383,0.6487587996866827,-0.6810826940123585,0.018293534853627204,0.37606748616369107,-0.5616104017773346,0.3961095221729197,0.2508501951439365,0.44193095387543757,-0.3847831910230459,0.6408876607787246,0.5753273326391309,0.2063032709976988
Postcentral_R,-0.18986953677846338,0.7245545038179617,0.7844194087354935,1.0,0.1755812100143267,0.11102055017109234,0.40268217735253903,0.5925531533814601,0.3670211662648099,0.9527298655500728,0.18165016952892515,0.667801282134174,0.30961138818896783,0.032403520718391,0.26937602171042485,0.2885227667528872,0.5027787949027771,-0.24843358413486694,0.1703033543127956,0.5412889244715657,0.27490092016359935,0.8795534269345259,0.5541972168322427,0.7380453263888606,0.5640228921311934,0.3794506018974662,0.48987239339995353,0.6278617371831615,0.27551509940671115,0.5753269497154777,0.28397027115755846,0.5576466630908323,-0.042091098932603675,0.37511406584132045,-0.011294605169062577,0.6362888409708175,0.09019560472230753,0.6891322189050824,-0.16310027561035187,-0.0010439591222725936,0.6035942924827111,-0.45471832892735725,0.4202213855285677,-0.4279454364735508,0.10323451295517555,-0.5633796937200994,-0.2520289212864979,0.6116407119442657,0.8064878311836545,-0.6762531464911782,0.3709731647639467,0.48030928968930514,-0.5565435560011328,0.4202085129072086,0.45625459315320493,0.26104141579008056,0.1857080361825143,-0.3092499766029103,0.5676714312810422,-0.610738909386935,0.48027093630668793,0.412254660828546,0.17970606063068142,0.38220444166661055,0.476452988372703,0.9397576751756815,-0.2847034038437223,0.1758417846144828,-0.4170352107415817,0.33903596761027016,0.529013968291334,0.16927012799176663,0.8123163409484292,0.40341948089494367,0.6201453856416792,0.45350393623388324,-0.36244856619485766,-0.29415196642036784,-0.04636822178299501,0.4938061747747022,0.5360141247962403,0.6137031330097775,0.4521748126342134,-0.27629442331821563,0.38119790184465313,0.7564748155948684,0.26106802271581875,0.41285883962820646,0.5520190929409287,-0.6685462415020409,0.16799860117318063,0.4659542429009803,-0.5456067548662259,0.4766736977523249,0.23860366715363768,0.39370494142000845,-0.5150864259943607,0.7430133718888748,0.6891847479466511,0.31790831845002465
Thal_PuA_R,-0.14812905894104236,-0.15826400178394595,0.09437454737083809,0.1755812100143267,1.0,-0.060155821827717705,0.3328602403671166,0.09975441386499515,0.04724330990425126,0.2225253063895353,0.3828170762917297,-0.22455482556271483,-0.22288651027727743,-0.008783439000333565,0.26019055697284266,0.08321508243438444,0.40528915544845384,-0.02912785658211122,0.3477553013128187,0.21121117778566129,-0.043953188301599846,0.02120878363978628,0.4686471353351222,0.22797284013429772,0.243477860103364,-0.043373843090752005,0.47468972369280815,0.45613738628621253,0.22214937058266715,0.3301288186411783,-0.23208521163510995,0.37057895347004755,0.04418801398329312,0.4432738388008288,0.38164241652919445,-0.25301327635244897,-0.06210854731907852,0.5417321488379753,-0.33456551748572244,-0.06787899580620298,0.045990319507750246,-0.3430300526974037,-0.25702433715758455,0.2169376328823543,-0.31263601714416817,-0.29800391724483555,0.12169642774077753,0.5344348988012987,0.2698084984006429,-0.16841333048405352,0.23184161593898647,-0.2847508181347609,-0.3770022979127392,0.5200301492057853,0.0383207209033882,-0.4448918877285681,0.2268499972860208,-0.1889383054118159,0.3593952620483607,-0.444963856911822,0.13742415284055737,0.17710936681342312,0.4190683289935828,0.1789017395892276,0.10399315296746964,-0.03114448140084275,0.30855053043043845,-0.24548606881604862,-0.10797280430686572,-0.3635174697763488,0.1992249531042108,-0.3165975416543954,-0.1559973630757086,0.08378264994286481,-0.36630910320614923,0.2959657770463709,-0.17809113330987494,-0.3197964408716413,-0.009783155705135453,-0.06501584644004697,0.19075961528621635,-0.20162634595234774,0.3371439283418302,0.21525822548591803,0.08808126850721756,-0.14682566873480798,0.5419404677414553,0.2295700870419075,-0.06350913143988404,-0.2355552341048304,0.09236372832772752,0.44252887219042086,-0.1584226124773484,-0.20206905695126856,-0.5892721079440567,0.009163574521938283,-0.5622647722974595,-0.2823103162419944,0.3867530867491981,-0.07225868242402325
N_Acc_L,0.2734780413214484,0.3068579723745664,0.1541027423546406,0.11102055017109234,-0.060155821827717705,1.0,0.38588818101138733,0.4918418287864402,0.5120879929642185,0.09491927972814647,0.2112019030420206,0.22325794002758387,0.4916361325722973,0.08331718705355434,0.20797642670081523,0.14771222940580914,0.39653819911248617,0.5121395733941281,0.4079950399969644,0.34303742133611703,-0.019429434871391146,0.15028344798082824,0.2968814264471086,0.41364201325201133,0.48662065511044655,0.17866552701063765,0.3225930483362006,0.3887865754804533,0.09746131002294373,0.3409925842713183,0.3888103228610895,0.5283262940738234,0.4073817474965948,0.22796332103890132,0.10833283808478075,0.1967793471395385,0.3962123770285191,0.31617223542878187,-0.10848809335581544,0.03415000698551264,0.31344950160347357,0.13587136521133844,0.21001102121307896,0.11510253943809486,0.382971249412764,-0.1723597019840672,0.11112367386033728,0.27597829947876773,0.2872722176641117,0.12042416336464125,0.3143122930818358,0.2954477462891992,-0.08253115650380144,0.29853311009193684,0.4644115039562465,0.4519450593395838,0.3043497395073439,0.09760412992664491,0.31130706952860204,-0.14737578883414046,0.36913554173446883,0.5435525487419205,0.37639683433035886,0.44633009289168557,-0.017768498650679636,0.1014545152235926,0.4103476554823173,0.24974020061290275,-0.015202532922157407,0.018242418604391516,0.3344209519265597,-0.010730454883050015,0.22116399808975748,0.2624343925261585,0.206136215483349,0.4177006473001148,0.10163767976248879,-0.048235218473851794,0.44939905856093537,0.5127938693610187,0.10335567713157358,-0.02601618629461241,0.4956227068303068,0.0010917063596073806,0.20299424407393968,0.161249424098717,0.26581958794047034,0.294363636062152,0.254416296550089,-0.07361648034573832,0.05877230002557454,0.34563313543977037,0.1752765257051041,0.1632697752218453,0.2940426594540096,0.3016868959449311,-0.021986788344809882,0.23052000161000866,0.2999532764420782,0.11679667033536051
Rectus_R,-0.27578485856464047,0.24274280745324342,0.45779109914768323,0.40268217735253903,0.3328602403671166,0.38588818101138733,1.0,0.6041052926099528,0.2925163951720429,0.41029014185826335,0.6320032761735149,0.2973729757645787,0.17000622259247306,-0.25704872542308826,0.45828923384892906,0.25053151210154667,0.6028681502681844,0.048899205773053664,0.5526874924681843,0.5863492908542671,-0.07797885013456012,0.42073648229035354,0.5632360389184089,0.5292432219132054,0.6269141968071532,0.062322532071355394,0.6686407375877415,0.6126250324494081,0.44711552166742347,0.44858075109508927,0.2609599108086629,0.7133486827991399,0.09658667938233666,0.5974452212326928,0.12080331821748051,0.14688111702075746,0.13672008709610292,0.6457600983135179,-0.3140947020390774,-0.29510026160708114,0.43918604605001815,-0.40367348950674026,0.004062282141428076,-0.1301776758607105,-0.06865175060627098,-0.6004585783579496,-0.10650560301202948,0.6888405822017238,0.5278759498553114,-0.3091870658593285,0.6955312603915771,-0.00015057627390132355,-0.5968029763935259,0.43647713640885083,0.5881204923808703,0.10131505891958377,0.5026053125606498,-0.39355207896758215,0.3948038995962579,-0.557141037416758,0.4883780187386821,0.5364722593991397,0.43223404075125316,0.6112446778925407,0.018112171576403283,0.2937702306969168,0.19663568756419214,-0.15455412638094868,-0.450157786630461,-0.22231615859677625,0.45368618423082246,-0.0944307939300015,0.3620711980556383,0.24039921710390436,0.07749042496540809,0.5245424474679059,-0.30383959006930034,-0.4835178539424287,0.11890602530747188,0.4631743708150284,0.45859706505543757,-0.06287412752827094,0.5612676938160185,-0.12014356198934603,0.34270269193898284,0.19437573638753286,0.6403761663911312,0.5332251121039412,0.289947016582562,-0.5070903210341672,-0.041092906787247155,0.7675648536381839,-0.3456409619192507,-0.019607988115060156,-0.13408934408118242,0.2708031197865901,-0.48921647600229873,0.19544000182738766,0.5385904981086511,-0.005172393383799593
Frontal_Sup_Medial_R,-0.012234929678257055,0.6228930311378849,0.6969972047791441,0.5925531533814601,0.09975441386499515,0.4918418287864402,0.6041052926099528,1.0,0.4908757750198289,0.6076700816515204,0.45925359610592115,0.6725708684216821,0.5450373826649892,0.011927720917506518,0.3575810240672451,0.4151650754764384,0.7128141345239406,0.02717943578719889,0.48710084610820054,0.6613083483593836,0.17794802812161675,0.6919196670053028,0.6049626938622031,0.7279987075614464,0.7931097964427024,0.29195908706385765,0.7201154287809496,0.7841895282524173,0.5865420878731185,0.6016391902183809,0.6602462623206208,0.7624210491246602,0.17499846313095993,0.5863554607540141,0.09947058943166671,0.5194965974631919,0.4496225694995745,0.6799425997902677,-0.18066526178199194,0.001447364408838178,0.7826700159034676,-0.18337086910270567,0.4145658651958555,-0.16401312021909065,0.29360340670206464,-0.5283248640400758,-0.20416147977833535,0.5981565575866636,0.803235429070601,-0.3856223531506897,0.47457700463559666,0.5140652769176998,-0.4686159657737821,0.5500413103223274,0.7789399428646162,0.46876165152095145,0.47681434138524553,-0.11443117994259011,0.6079767070142719,-0.3730470696016478,0.5598912602410118,0.8136491636240314,0.4727000888211229,0.6032570650576272,0.2279326225627797,0.5546803853552413,0.12955095158158123,0.2389274996857789,-0.3391934922018926,0.16213221326404617,0.7361081948674149,0.2919895211265025,0.6641702567650418,0.5165025123538953,0.5333409265398678,0.6748272123572211,-0.1791927405653139,-0.2298124670703914,0.3200623164855902,0.8762185432707105,0.6366962333929959,0.27514962307985513,0.7066203626471069,-0.06805375083832117,0.4589054693263286,0.5363674473268703,0.5389881900514092,0.552153772917215,0.5964000125003823,-0.46401492467407907,0.18971346132738887,0.4684565455826906,-0.3208583250027842,0.33554555992307583,0.35097103122057083,0.5662805153942495,-0.2782655789057173,0.5840012332076111,0.5934923825830728,0.39289486346236624
Temporal_Sup_L,0.4650603033141426,0.36736771926505657,0.3572810321473916,0.3670211662648099,0.04724330990425126,0.5120879929642185,0.2925163951720429,0.4908757750198289,1.0,0.40293171721983884,0.19544246646823416,0.40192981146337375,0.44828658341851024,0.09864304571826434,0.2225819997969445,0.4221248440624841,0.6458330357615085,0.5658098889273004,0.04071009269766475,0.27773611178850954,0.024973497972131765,0.32502346083180605,0.3023363966136789,0.6599425858271821,0.4267533253115987,0.45228090679860183,0.30585825942466244,0.4499226893492664,0.13670411693121054,0.7686199567938076,0.542688174945677,0.551262259650998,0.5207354860593207,0.23564689561683042,0.367461343116017,0.5172943656929613,0.5604258962705791,0.34193833718103117,-0.03999504008888929,0.07264326423355491,0.28088430300839795,0.12318953091370662,0.49961481812188446,0.2994254999151305,0.4113319546485765,-0.18022174824787762,0.12169568919391227,0.32437082492301694,0.611751095901376,0.1327272535212226,0.4031577840753426,0.45980397479882484,-0.048516252944986085,0.514986102527071,0.4287597950479487,0.611879112969422,0.21729085872970388,0.2652243238258787,0.6522785803665064,-0.1513471303788078,0.6086660378229023,0.4903244682823688,0.45551033465927515,0.26117529105092957,0.18152992670705567,0.23511087045576862,0.3846326171746836,0.3677454335547959,0.12564925098478863,0.06164942233952791,0.6165176114786669,0.15260005788135766,0.2818713034546148,0.23275396753168534,0.21351283639779747,0.573546697827348,0.17159943664384658,-0.05248328247158555,0.4842158533321891,0.6396370477506768,0.3402278049472407,-0.02956811570982833,0.5801404493187807,0.10827091286172343,0.5798809839815978,0.4869010476822149,0.29175098893975804,0.35507014290575717,0.44426389632095337,-0.043415746319236635,0.10970372377985127,0.34688448224240404,0.24517391538962652,0.39524041988884334,0.28441411383749987,0.5749430487702386,-0.03828842708490744,0.2933753294224542,0.4564961124878141,0.20222271389889923
Precentral_R,-0.19053122937712882,0.6629802386883421,0.8012074200166226,0.9527298655500728,0.2225253063895353,0.09491927972814647,0.41029014185826335,0.6076700816515204,0.40293171721983884,1.0,0.21567746647227015,0.678091034231217,0.3254029161301126,-0.04325613430291493,0.24714555960714216,0.4241249634349727,0.5350031374986034,-0.242509296056612,0.11899496239262877,0.5562991310902065,0.2273828928883429,0.870366295182986,0.5448275921544039,0.7533414885693839,0.5819971371758506,0.3924213197063707,0.5576668327149622,0.6126475798566277,0.2642765307811953,0.640358295191191,0.34761239932586147,0.5815455353106316,-0.08990526682677094,0.4812466204832688,0.05186951272177432,0.6158722569828631,0.16105961919892992,0.7121358020403865,-0.1504719170270963,-0.07412804633271966,0.6105657338635638,-0.4644577952764681,0.4004732404453535,-0.3605910519173284,0.08121370877798574,-0.6010130124329146,-0.2912100987833224,0.6188088445611692,0.8387356605799061,-0.6560473639828585,0.37221107131871145,0.4634246863421416,-0.5774459785395496,0.46600763428282566,0.4845358347818442,0.28666174963387675,0.2062838764413523,-0.2927370064543897,0.6483084885177924,-0.615482292355588,0.5170001734841548,0.4345121701741179,0.24310158237092136,0.3211989807864212,0.47296969267925154,0.8740721996939589,-0.22466374766812935,0.1340290573697041,-0.4147848309174828,0.2575505986161061,0.6385467198447408,0.19056216189568265,0.772879431811423,0.40291172714057966,0.5741268224386877,0.49335081120743585,-0.40187233607472034,-0.32584936994128866,-0.03329631159556928,0.5351529491346937,0.5228326215822539,0.5139994391880289,0.48029438869209046,-0.3154557581022646,0.42892071534274884,0.754430086067101,0.32061988756751714,0.43304755008564644,0.5351517298703492,-0.675974746211754,0.1856117905387456,0.4617313790773492,-0.5404366448020439,0.4565423284480973,0.19186600809690538,0.5007568284802851,-0.5077853743042704,0.6785802339988715,0.6737368559270966,0.2499449518800865
OFCant_L,-0.13344584478627444,-0.06106137141750161,0.2582610318162482,0.18165016952892515,0.3828170762917297,0.2112019030420206,0.6320032761735149,0.45925359610592115,0.19544246646823416,0.21567746647227015,1.0,0.10927533802686142,-0.1343465085983935,-0.09226478407162908,0.41275663845454114,0.0597315304983182,0.5472223236095183,0.13087857503620814,0.6399817438205411,0.4382374998093715,-0.02833399328406835,0.1626163389772128,0.4436023863242131,0.3030104824492013,0.44045229091805244,0.014315117003861507,0.6056255250899326,0.558052963814855,0.5903072654024035,0.27572416481851014,0.19759650803916903,0.6158871056780548,0.21869457416326768,0.44876464174448844,0.08818410342594689,0.009646604666899686,0.12409006227146528,0.4978480106690651,-0.2937969081786076,-0.15385344040161025,0.27263048019060154,-0.2643552641438027,-0.03911617198667918,-0.024966551928791936,-0.07477537081777746,-0.3787275111035451,-0.0774903195317766,0.5055433455208466,0.41533735016708245,-0.18143218560883287,0.6084025217943568,-0.133819305784489,-0.4555040435110473,0.39749870045756325,0.4618687323542241,-0.09025385124436622,0.5404856112636731,-0.27642613381262476,0.3682965646233588,-0.2464751082420118,0.19773082818734833,0.4828445767310271,0.4970755200902765,0.5383134394566644,0.003574390079563767,0.056781480803628825,0.4261078943168891,-0.22489230044708472,-0.3151669724172136,-0.35153048763748623,0.3613363800458931,-0.2299075218287232,0.07046865839385742,0.1084774691408654,-0.12871285875915228,0.4380687757870418,-0.25025695573164963,-0.37157190609261204,0.06282335083858934,0.2690451564181522,0.4643683322063754,-0.2763032133167986,0.5501654712550271,-0.04916242240672265,0.2822249032209909,0.05390431882311906,0.657363954129932,0.3437421254050813,0.17421460504538272,-0.35386695748963665,-0.05090444721903626,0.5460801362309575,-0.18474886571340265,-0.02973986430550978,-0.2139828514991845,0.07588303742554924,-0.3198072861459595,-0.101299341608164,0.445082701001554,-0.04180037176237485
Parietal_Inf_L,-0.15038059308222615,0.6403954053659855,0.8231863112612324,0.667801282134174,-0.22455482556271483,0.22325794002758387,0.2973729757645787,0.6725708684216821,0.40192981146337375,0.678091034231217,0.10927533802686142,1.0,0.4867739280802921,-0.17314733051290832,0.14007261285475373,0.4557946847865526,0.33936822096959113,-0.269396888184784,0.045066752124712596,0.5218911046317078,0.1579051310469434,0.864580741951338,0.25929684294653244,0.6486265216991897,0.49268053882159424,0.39061640155003724,0.40958653898639474,0.40790142120609674,0.25562685545061115,0.4740739014760244,0.6073381846460684,0.4374816783612464,-0.05055317215390584,0.2930372754482345,-0.13327079748218584,0.7545517164411473,0.32420054490902767,0.417445232104398,-0.040508401523933715,-0.17870495150099505,0.5973428896373457,-0.25487977642363796,0.47381935584447854,-0.4830720836139747,0.23581696947816247,-0.5009257741614769,-0.5481180144753298,0.33595494794399117,0.7119237344295377,-0.583492927431123,0.2410452104753912,0.576987065651781,-0.44175260065710037,0.2082381900793775,0.6393840944314261,0.7433004728550763,0.16952902613163084,-0.18415605103013558,0.5089023915775659,-0.3131590641854862,0.41661805616353215,0.4130913792870355,0.14266895162752533,0.2889564662086471,0.31552557732882713,0.7248423695737684,-0.2246626563775464,0.24541396325823917,-0.41666371112217626,0.26286902713932325,0.6268535094864156,0.3239554171280603,0.8913194115629917,0.32044488052194575,0.741585108111621,0.5074970887722572,-0.33082552929018144,-0.20258574852551617,0.03477856887806193,0.6244440262504749,0.4332215697008494,0.4098720354687869,0.3421773004978313,-0.36444444656140734,0.3024203182228554,0.8702946583029401,0.17645039519158626,0.33429987554952956,0.6493137858931932,-0.5676492873342247,-0.022707449050161067,0.23914429910676402,-0.4986410600094212,0.475349258135355,0.5298884371609682,0.5235713679878248,-0.10897091108137136,0.7016644198623019,0.42549748092057077,0.20851866118950044
Olfactory_L,0.29264389146152975,0.529807530812079,0.3854182122571276,0.30961138818896783,-0.22288651027727743,0.4916361325722973,0.17000622259247306,0.5450373826649892,0.44828658341851024,0.3254029161301126,-0.1343465085983935,0.4867739280802921,1.0,0.11984759291467056,-0.03705355958818104,0.4175499819735559,0.29279794892775896,0.1373217179364245,0.10116679428872767,0.3527069941541262,-0.12427211991570533,0.3822203484640537,0.16309784410285302,0.4588857315543369,0.3989121391314641,0.2457974165693813,0.2225722539212953,0.3213360107817615,0.129443867335105,0.4330460291899417,0.5518667149512338,0.29516020980238666,0.16583229711328912,0.230117417821514,-0.0588996615838862,0.41406023876728426,0.5785599674775436,0.23713790348103564,0.2827442907010431,0.034784185696282145,0.48994022609690463,0.1344012993348234,0.3972592356567123,-0.005666503524930291,0.501931709748482,-0.11614673151893509,-0.12211276796740977,0.09682490788637621,0.38668691390580223,-0.03920304310871179,0.219408370555175,0.6080961389669526,0.013603390190373939,0.27014100421059173,0.47230699215752114,0.586793343567146,0.24290580343344723,0.20633153917080382,0.3392432852300388,-0.016238227285702733,0.5827827305659505,0.5308691044280307,0.17627882418354476,0.2281895064684785,0.29647437841341057,0.34983376728942805,-0.027449336398960168,0.289338857266676,0.00019231856602854519,0.3187883959776405,0.47246373725551855,0.5878022839028587,0.479115474832192,0.41005574235094516,0.5215384069833412,0.3446024736837311,0.03899710901600603,0.03470052409868154,0.5127022451490565,0.6783248583986318,0.3016335340840121,0.34323324453528,0.4274524834513905,-0.07457856257131208,0.4834733576902564,0.37544087436808277,0.10285792662746494,0.3935911791099236,0.32805047735986775,-0.08388517005087276,0.3557949506288823,0.003239268800782908,-0.005139024866874483,0.33722194321059495,0.4603483951042849,0.6203387736335233,0.08424198017086072,0.4907309786406605,0.2185095685461725,0.2855351877258591
Thal_MDl_L,0.6092646924465593,0.3202110370351207,-0.2012342391107289,0.032403520718391,-0.008783439000333565,0.08331718705355434,-0.25704872542308826,0.011927720917506518,0.09864304571826434,-0.04325613430291493,-0.09226478407162908,-0.17314733051290832,0.11984759291467056,1.0,-0.11883752747874457,-0.0741775843440408,0.052571352485097075,0.30147407735878157,-0.10441184767740729,-0.22535740502638474,0.31278634870430166,-0.13976605688322308,0.007458911003984178,-0.0848034311918616,0.017792397395138076,0.25041640710248575,-0.18407797947894639,0.16698406617243872,0.23156997874691326,-0.0941390189241702,0.05677167077141609,-0.054378414268055515,0.5132408560997325,-0.2484734120618642,0.16026989410564876,0.16903890729930068,0.30135102006418407,-0.14206234552499997,0.37614059104513997,0.8039080298567238,0.15216389309188927,0.5128826104057627,0.4693409330869054,0.42051824116726105,0.6649284542475915,0.5307765593734299,0.51285316389247,-0.2598716444821712,-0.03958446416478173,0.33753684583964777,0.06964793533319384,0.44794142986686863,0.48494206851269867,0.26460282210315444,-0.10363074469103553,-0.009124035622376975,0.07165856555942124,0.5922042301385831,0.00166573680021995,0.4397523912578309,0.05007276823886949,0.1276754901474177,0.09974178826935905,0.15733459867685468,0.33282348245749205,0.0561846864136951,0.2044065650524658,0.5731053908430395,0.53377677053424,0.6826230691550381,-0.03522774689948937,0.2968542051186844,-0.09512121769260566,0.31969692423342905,0.26529879427649694,-0.1545133872489366,0.5422223888036919,0.4903804210753772,0.27421436773478625,0.1742128409968249,0.1671187116811041,0.46367829513482833,0.23045027618088576,0.583402684590506,0.3034480116073998,-0.12054568825852713,-0.25229292124101327,0.06253470139970126,0.10949251489327272,0.5145853377037718,0.6899711132530782,-0.2166546101495733,0.4477099333844461,0.3746921909703171,0.33975462830527414,0.07213806239195317,0.3074467282566345,0.25110150085152916,-0.03375041985629272,0.6911855010280111
Thal_LP_R,-0.18532371456332142,0.08470552135648159,0.24081856871352772,0.26937602171042485,0.26019055697284266,0.20797642670081523,0.45828923384892906,0.3575810240672451,0.2225819997969445,0.24714555960714216,0.41275663845454114,0.14007261285475373,-0.03705355958818104,-0.11883752747874457,1.0,0.06727617740477582,0.41899416955524904,0.054960478096354966,0.419899879840644,0.26463569654829516,0.0404251012897459,0.2653641946857859,0.5301898079223849,0.3793228390641956,0.3629919962772424,0.01093595589950685,0.44654064832313844,0.45680804887480536,0.2624628829408961,0.32646051845196544,0.09500051499933074,0.4737889417130583,0.14207806886428007,0.29311492072462425,0.09634104429693675,0.05184819731859227,-0.08452157042549065,0.4493761715145396,-0.39771343857206515,-0.09824612757176147,0.2276781494694582,-0.27539527915555284,-0.03871950056734951,-0.06426371256077909,-0.09622308637262307,-0.3479978447628744,0.07421974881642324,0.5281965768304393,0.35494213062971697,-0.22902155857945936,0.3930395473395682,-0.10740528025752656,-0.3990143358149242,0.2566799503920849,0.30406458850205453,-0.04061103232740671,0.2875051177715506,-0.2733351578097428,0.23202751968109817,-0.35590380987216597,0.20502000923029265,0.3433089804259109,0.37220667338463387,0.41338759452680673,-0.049814944885642934,0.17397568546892342,0.13514989538500574,-0.14234320234588715,-0.2906797142510304,-0.17578842853309234,0.2125311197184551,-0.202143151186505,0.14541736130433666,0.059110751999770283,-0.049531475411510574,0.2927269940648366,-0.09245057627281267,-0.30574639144146554,0.02283414898700983,0.13727688225830373,0.2844738669363336,-0.058793874538542845,0.34536076192688947,-0.028467752731918768,0.10268275384996686,0.1161519746009097,0.4917405322847446,0.20625120828634821,0.18953153267009998,-0.3000786904703287,-0.1891332214398632,0.49298471462065907,-0.22286745060289534,-0.04271272398412693,-0.1252126855921865,0.08127887692782933,-0.3684340583378155,0.03164338239366999,0.5154585423455599,0.013340819801891517
ACC_sup_L,0.20492522779649897,0.18146337691397427,0.3670507952275459,0.2885227667528872,0.08321508243438444,0.14771222940580914,0.25053151210154667,0.4151650754764384,0.4221248440624841,0.4241249634349727,0.0597315304983182,0.4557946847865526,0.4175499819735559,-0.0741775843440408,0.06727617740477582,1.0,0.4467588236983145,0.030359710185590888,-0.22353891307414336,0.4327390836652298,0.21099631800386018,0.3646284665413953,0.1895632963368464,0.5181582240013423,0.47802292059533,0.3480884703201438,0.4009385007069411,0.3683291989223661,0.2351400484064664,0.5380875790319216,0.5238166666746185,0.4145703332193634,0.004989193547232747,0.33052883675085537,0.12543861461957467,0.2726099617545158,0.6516501766579295,0.3971835447708507,-0.03055127424775359,-0.008004581557284332,0.41585296312770126,-0.01109874998536905,0.26427487587139875,0.09413660352051954,0.3620360025573257,-0.25924423212179015,-0.1005129587627217,0.23070872089344538,0.4834476193698788,-0.1031885204329271,0.1581623167018466,0.3297661678536552,-0.17668426267166434,0.44689132057114517,0.4246504165384947,0.44875670528021366,0.0942680462475251,0.15230097131581172,0.5353290284481629,-0.12316631481630148,0.5166431974765454,0.4897944921663374,0.37062411454207483,0.1814667019583129,0.2864403829498749,0.17137747763742092,0.25040837878277217,0.09073897713464087,-0.07293256076251539,0.0521818241799337,0.6484463851154099,0.3609684729223366,0.3013566523921007,0.4790571155712203,0.17636384094980273,0.4407209561175837,-0.09635943146872249,-0.027612044617315715,0.18631570074105186,0.5334654943547206,0.4936973259637204,0.06700319930327388,0.5330529297302746,-0.0517210206817592,0.4707406921806173,0.33623915707672286,0.44034305060531453,0.3255490140412452,0.3523540771811788,-0.15610543344440467,0.24143685928746167,0.24946686464124695,-0.08437452862939622,0.29369372630055784,0.11417754379190383,0.8813842564659934,0.02774086651626558,0.20016269039687606,0.30507430719086004,0.07768646674079857
Putamen_L,0.09455276383881286,0.3349079736503368,0.4544845110135281,0.5027787949027771,0.40528915544845384,0.39653819911248617,0.6028681502681844,0.7128141345239406,0.6458330357615085,0.5350031374986034,0.5472223236095183,0.33936822096959113,0.29279794892775896,0.052571352485097075,0.41899416955524904,0.4467588236983145,1.0,0.2526516978818458,0.4185627930772978,0.4894838064082935,0.09347638180210116,0.47240035109536394,0.6698697588924759,0.7423276198477777,0.6853125582157893,0.27324765672895407,0.6715984934235791,0.830078292422558,0.5164872401374172,0.7632563515419779,0.4305552335183416,0.8088913090315838,0.30353015935628774,0.5941304427128598,0.4431710365964067,0.27883367666882525,0.37287289708473076,0.7392422893369079,-0.29594815933040924,0.06639591082218993,0.4841000779547159,-0.1707128061443986,0.24972029322605316,0.1948520627617616,0.1667771430830985,-0.448092428769924,0.07909744613822316,0.7082033477222023,0.7705245537005444,-0.16561539283974813,0.5236900971191086,0.24674950069380058,-0.45869988299438275,0.7588287819502785,0.6241409382596671,0.242074478074364,0.4194603517766093,-0.03585887486175104,0.73423445132301,-0.4338311115378248,0.554616947480845,0.7206995865168114,0.706367207895958,0.5153812600276886,0.20332676372922354,0.30418193989362596,0.3566448007456145,0.050095891812966156,-0.18155628953498032,-0.06769278075096159,0.6840961207119884,0.10111370031620803,0.3094599296164908,0.34270955348921817,0.10249985042680769,0.7423284246603089,-0.04774633760037099,-0.259086807254942,0.3171890382228641,0.6253164350389129,0.5673627199252996,-0.005029107952034018,0.7924836009929271,0.17008000418431668,0.6196629409814748,0.34469169835342783,0.6943333194702431,0.45818112910621267,0.4166291017738997,-0.30909112355335483,0.15994123438506702,0.6114766468347896,-0.10247539441325705,0.21358112581488947,0.03180702422500666,0.5244859103831483,-0.4309734124870684,0.21656509026026122,0.7378806923518235,0.24862365579749915
Temporal_Inf_L,0.6666160115677318,-0.0009595989944308166,-0.28680626315610336,-0.24843358413486694,-0.02912785658211122,0.5121395733941281,0.048899205773053664,0.02717943578719889,0.5658098889273004,-0.242509296056612,0.13087857503620814,-0.269396888184784,0.1373217179364245,0.30147407735878157,0.054960478096354966,0.030359710185590888,0.2526516978818458,1.0,-0.01912841120590509,-0.041588963538034734,0.016266574840498704,-0.3349413343047547,-0.015561977306277274,0.06910540548101811,0.08265325875753646,0.14281919761712578,-0.07554534389875556,0.07565731333360518,-0.02756376706813088,0.2358186690072699,0.24138187857148183,0.23519009454400513,0.599845776380456,-0.10441266087126569,0.3250207789529724,0.061703501566365226,0.36630867349029783,-0.1259388181729085,0.044322612737059446,0.3149222554033126,-0.10175297373469495,0.5431113417020569,0.22201004364402097,0.5980208702166596,0.4661336666350066,0.2625132594331908,0.5030351513503816,-0.07659072585108989,-0.02792339309828619,0.7196700225032591,0.21388660320597755,0.13256682778538348,0.3930160656064638,0.18603653605610676,0.08413504899353187,0.23326939135437402,0.16104852411539897,0.4736652529267399,0.10479215281796972,0.2658240934274329,0.1562598860625836,0.18752239058117276,0.3553647439510481,0.16621648012266127,-0.17001508672768129,-0.3182363992455412,0.5945272896281353,0.4090875020975193,0.44960845690824913,-0.017707010711462454,0.04821600124423351,-0.03209904582278851,-0.34352161524496094,-0.0074592201201057,-0.1364361730897131,0.18054005188385355,0.5278161998848196,0.24712088248112957,0.5308759468606549,0.2236442461993489,-0.0906465958014588,-0.3357722975595978,0.3466986343812307,0.3418327693980223,0.21400180911621192,-0.13382534802946786,0.049264306168818224,0.058149551430120516,0.10518401682219915,0.45806855760593634,0.05106175328652213,0.033851066649356755,0.7710942884923251,0.0884522296718611,0.15130302724287203,0.1414690459540785,0.24695797714196546,-0.11227191457154477,0.028979812991499022,0.11893357974469908
Frontal_Med_Orb_R,-0.3121436570600342,0.035024051811386625,0.22255453817808113,0.1703033543127956,0.3477553013128187,0.4079950399969644,0.5526874924681843,0.48710084610820054,0.04071009269766475,0.11899496239262877,0.6399817438205411,0.045066752124712596,0.10116679428872767,-0.10441184767740729,0.419899879840644,-0.22353891307414336,0.4185627930772978,-0.01912841120590509,1.0,0.4047340502781931,-0.16650375840542997,0.14143913209428877,0.48101480954149306,0.27742637370410045,0.4124587783318421,-0.06207813262764223,0.5301814200247639,0.5537916770761563,0.3899198240364391,0.1539320255015195,0.004171678329129065,0.5287252635682599,0.1665072599781735,0.41664290278302735,-0.04335869093374368,-0.19334660505856693,-0.053854035877176666,0.5595182106712997,-0.4041161019069376,-0.20702437212166444,0.23858377991689714,-0.39189643043244715,-0.2623185918354598,-0.18008836303556064,-0.18639460163991153,-0.42401299198754183,-0.041815266157542386,0.565475328544708,0.2573278400849258,-0.3177998274058976,0.4298722838106384,-0.18518005800975157,-0.5032823602792138,0.2701357085235975,0.37724590531675833,-0.14181273598837282,0.49958182273583995,-0.4382350895624063,0.16518733590494827,-0.4305158751043275,0.13371544746441666,0.5247216188539517,0.31949643005701706,0.4985324212635929,-0.11056669560394106,0.1153761400493974,0.25748650244183574,-0.2826344114732794,-0.43915089831634796,-0.33193414447966735,0.13884404408511186,-0.3109868364033516,0.1420395791441375,0.0740210280034631,-0.07582029423321675,0.38100689530619275,-0.30959975365787556,-0.48256878579572,0.11350402935897362,0.21928991863815653,0.250253530466443,-0.14439485474359853,0.3989122025528474,-0.09042385976712151,0.002179604653847393,-0.09209755381614522,0.5628288922471595,0.3416771370340084,-0.028682735945784035,-0.4266868142134185,-0.01110794340554682,0.4935447631565714,-0.3380760007651653,-0.2626231095939137,-0.18455865571215355,-0.09641046016995398,-0.4787347360723061,-0.03876672566903904,0.41986516674701235,-0.09742814814422507
