,Thal_VA_L,Thal_LGN_L,Cerebellum_3_L,Thal_PuA_L,N_Acc_L,Parietal_Inf_L,Cerebellum_7b_L,Occipital_Inf_L,OFClat_R,Thal_PuI_R,SN_pc_L,Thal_MDl_R,Precuneus_L,Frontal_Inf_Tri_R,Thal_MGN_L,ACC_sub_R,Temporal_Inf_R,Thal_MDl_L,Frontal_Sup_2_L,Thal_VL_L,Paracentral_Lobule_R,Parietal_Inf_R,Lingual_R,Putamen_L,Thal_LP_L,Occipital_Mid_R,Thal_IL_R,Raphe_D,Red_N_R,Cuneus_L,Thal_VPL_L,Occipital_Sup_L,Calcarine_L,Occipital_Inf_R,Frontal_Mid_2_R,Thal_LP_R,Cerebellum_3_R,Supp_Motor_Area_R,Frontal_Inf_Oper_R,Cerebellum_6_R,Cingulate_Mid_R,Calcarine_R,Vermis_3,Heschl_R,Thal_PuI_L,ACC_pre_L,ParaHippocampal_L,Frontal_Inf_Orb_2_R,Cerebellum_Crus2_L,Cerebellum_Crus2_R,Insula_L,Thal_PuM_L,Hippocampus_L,Hippocampus_R,Cerebellum_Crus1_L,SN_pr_R,Thal_PuL_R,Temporal_Pole_Mid_R,Angular_L,Frontal_Inf_Oper_L,Temporal_Pole_Sup_R,Cerebellum_4_5_L,Frontal_Sup_2_R,Temporal_Mid_R,ACC_sup_R
Thal_VA_L,1.0,0.6883469334826233,-0.26612183677128703,0.3218020471302709,0.6823537178870087,0.6070167983852227,-0.5979509826976407,-0.6585391438248385,-0.47248826576088204,0.6173472467831389,0.38772280311231966,0.6932306535249265,0.6748366500286306,-0.2188847301819961,-0.15044944339879987,0.6332013544762788,-0.11533204096269482,0.6079777643923385,-0.5307751765678063,0.8096364750216005,0.5901015897245825,0.27489709199734746,-0.4355239313404781,0.6604070043689804,-0.24010211742234613,0.2508439908800052,0.5181010497508947,0.0446575750947485,0.5575109436304271,0.43552008670948544,0.7829676573747721,0.5259106931279175,-0.14209564929073762,-0.4814126046005111,-0.6192365166854545,-0.12592508292018706,0.5834116139886771,-0.1201225087549958,-0.4046188906875228,-0.5829708843538992,0.5702677475610403,-0.2420238108254282,0.20742446605616952,0.25845929453299954,0.7632707039803983,0.6858359308710007,0.7767578765091008,0.5674676943338706,-0.6509918047475336,-0.6513606135466029,0.5717933658256666,0.10130166644649591,0.5596737568140746,0.7719015481524142,-0.633530664243254,0.6598754544277667,-0.05266845671007016,0.5014872572251552,0.6087374341030466,0.753846490431269,0.5319477695520171,0.6247675731938176,-0.5783484833385191,0.09071631369399603,0.5977095721900382
Thal_LGN_L,0.6883469334826233,1.0,-0.17745827665941283,0.19754220772798164,0.4777693436524881,0.6162487894940774,-0.5375000968105494,-0.5720856912054072,-0.4628128797791221,0.5048198724207216,0.7004817206167022,0.4484716939296149,0.6511019708692428,-0.06807836638901148,-0.08277449291655724,0.47145192597733904,-0.11922220794841909,0.3008701589945349,-0.27675457553185984,0.6586263752432439,0.6485450028725414,0.18164533116597875,-0.45301733498232793,0.5261775576564086,-0.033831806447639695,0.15895811121066392,0.41332059895339324,0.49922341386621216,0.438773130683859,0.25994416931353065,0.6939649546474959,0.40229985880731606,-0.206251811132531,-0.4671063632638629,-0.4121321932950758,-0.02713163382245505,0.49358852253502516,0.11948070681007396,-0.2660581085132335,-0.5232773247051845,0.4045681134289237,-0.29998841737274784,0.4097739509481454,0.22092138745393144,0.6916483135984264,0.4697426744940812,0.42276979652813707,0.49068357336858626,-0.6121103982517657,-0.5459448962665089,0.5745191917337451,0.16362063071936583,0.5854435389044729,0.6680673405584897,-0.5774988388016639,0.6054456893864838,0.17562497305862168,0.34943111057109016,0.5967219522149517,0.6085884679745861,0.42976808455534665,0.41748607871490134,-0.3781823701579801,0.026449976381162244,0.49750230277811786
Cerebellum_3_L,-0.26612183677128703,-0.17745827665941283,1.0,0.06350367998042783,0.006942154851758205,-0.5327812765431321,0.7297095638327135,0.7617546486620089,0.7559917314062848,-0.13663474870550263,-0.09655800342108652,-0.4191258871920595,-0.33740427323676425,0.24670245278200684,0.4241495026210396,-0.7697740284660077,-0.3438435062770239,-0.21602928826911905,0.6382522395582989,0.1363922458345906,-0.13982229151914116,-0.00828683705248884,0.7220346147518492,-0.6145863705659659,0.24972265801666818,-0.16967132072494842,-0.31612844330164847,0.1995126667143124,-0.06833250558700332,0.06284802378602854,0.054185430238302724,-0.2840035160000627,0.6880814435990432,0.24750049233172636,0.7214351142405975,0.5482358814991652,-0.0024992043979961444,0.7996068511089347,0.6018334754932434,0.6365192923470577,-0.2703951574920183,0.6735399276260667,0.477719912948881,0.42889186157776304,-0.024774487635471423,-0.7300981843888628,-0.47849398839516766,-0.7519452445210304,0.6966935716914163,0.6066335453416015,-0.38988716626922876,0.19527476352077996,-0.1751011384987514,-0.45448683645337506,0.7424562048321539,-0.381926506451391,0.26656034345211904,-0.7419986849493246,-0.5230329079653039,-0.2997073711851517,-0.7312520740442267,0.11423398803211204,0.7445716201111194,-0.467417862081696,-0.5181124942022678
Thal_PuA_L,0.3218020471302709,0.19754220772798164,0.06350367998042783,1.0,0.47384615192912916,0.4593347761468863,-0.35471631666157555,-0.33400492462690856,-0.1669530937809944,0.59667844834252,0.20871326859952474,0.3023511144988379,0.4716880997228141,-0.18837940925551735,0.19234866407502718,0.2252321679432275,-0.13522610832411308,0.5742017287882791,-0.3531652182374606,0.4075084166267605,0.3567312712372643,0.44766430882641306,-0.21932004988465414,0.39702056580693906,0.004192284399060679,0.40958733678224707,0.5764036957743542,0.12434582179039569,0.1859281192444543,0.5001763679823217,0.5072973726980337,0.6005540934691652,0.1254921564680531,-0.24189369974634067,-0.3581575298860003,0.08977779805547378,0.1987936766062585,0.016964482974877373,-0.29100321100422455,-0.33472474851135176,0.33752319381692536,-0.026608453047021467,0.44947973447170175,0.3195526861198645,0.49725271552352035,0.3301574696094409,0.46484523262460714,0.2896232268474346,-0.4001384138526991,-0.42746876889444824,0.628407391352874,0.3917104257835817,0.7747495792052024,0.5979763550720024,-0.3739198112041988,0.2317188678784654,0.3365442984812882,0.10026937722473257,0.45612380206280284,0.46226495615239793,0.20797375627508383,0.29272252858511516,-0.3747813251539666,0.09422026116048576,0.33806567177686925
N_Acc_L,0.6823537178870087,0.4777693436524881,0.006942154851758205,0.47384615192912916,1.0,0.47303663546746244,-0.49311486652173914,-0.44188809463493584,-0.1520387841426192,0.34179397857634053,0.2766174755188176,0.3662977894406555,0.5367815993539474,-0.509435756224126,-0.10376429818263827,0.1947502403056636,-0.58360527025378,0.3902217673357189,-0.5137029367245122,0.7736131701542975,0.6801521947040259,0.6432724202569989,-0.3811704499283796,0.34286418818672354,0.18574602266165563,0.4782386824783045,0.259206986118154,0.13271198338083415,0.25307019366378963,0.4774128592737541,0.7824093501448545,0.5718375207747903,-0.05089818684156937,-0.4749306155481111,-0.4689666158392966,0.4037922228168326,0.3371327967460235,0.12436682645622087,-0.5271490223720436,-0.5727002749444028,0.2147855947224425,-0.1690399025927884,0.356891044088677,0.5503000606746907,0.5226262383013458,0.33815505825171194,0.5231984190194163,0.13673251498950242,-0.49042984972987563,-0.6352702385925973,0.4360303409691533,0.41384959574823654,0.5293583467546503,0.5866204709189164,-0.46123395730683137,0.2077709768920916,0.31245507306836245,0.031190966634160468,0.49432486692930744,0.4498106712154409,0.06499184004101136,0.3661765449211094,-0.44898125996151195,-0.29838291591966926,0.13867403851384716
Parietal_Inf_L,0.6070167983852227,0.6162487894940774,-0.5327812765431321,0.4593347761468863,0.47303663546746244,1.0,-0.855635543207779,-0.8039202187442666,-0.7976282355333306,0.45170717555991524,0.6097106312808902,0.6514286599087525,0.8945178437275284,-0.47983694967582013,-0.1610913186398851,0.7479584262294942,0.13448611570976568,0.46460850251376806,-0.7007635192416727,0.48123228571931964,0.7461674966917599,0.4227113273023293,-0.6139322508978533,0.8182150292279721,0.03254607140500724,0.6164641075171485,0.5623407511626622,0.29915532848013626,0.27696488174612893,0.6169845816599328,0.5318195248498043,0.8691749172242903,-0.20244546929482943,-0.2773257880633299,-0.8641312626679079,-0.14699349125214567,0.4328883668876867,-0.3313703673512569,-0.7265737361259528,-0.6789845640506589,0.5073416004029772,-0.28691364334610875,0.3169299201437664,-0.09397178920568454,0.44802170599337177,0.8421857027007585,0.6353098738557891,0.7630201135635275,-0.8844275373510937,-0.7266586448725142,0.8758492072647318,0.3449838471851636,0.7060314768053008,0.7978485472212725,-0.8855682793707162,0.5365209574801394,0.08028207296715192,0.7064570533927801,0.9844230338847975,0.7109719491242044,0.7598578035647581,0.2759022029371279,-0.850231844484449,0.43207425136672706,0.6329066692327315
Cerebellum_7b_L,-0.5979509826976407,-0.5375000968105494,0.7297095638327135,-0.35471631666157555,-0.49311486652173914,-0.855635543207779,1.0,0.9450265848899179,0.7815402829834626,-0.44078422193760525,-0.433323597817991,-0.6422750764564774,-0.7486425803806319,0.48822972699938977,0.36833783179697055,-0.8326290419554395,0.014156285062198523,-0.4655811186556272,0.8615425522204002,-0.38382166960227315,-0.6557723319757605,-0.4827377474177696,0.8638962929197243,-0.8197123964726596,0.04891398920356154,-0.5612682294435438,-0.4870352664562224,-0.1078660085939556,-0.21018837643800736,-0.3556411235613392,-0.4133252155635647,-0.6984012728388042,0.5613699873107534,0.40796566637059417,0.9218732757121596,0.21951981569852333,-0.33555762483318324,0.5576335795533817,0.8006358581966501,0.8989738080295289,-0.4701372618538586,0.6141884612205837,-0.07000507877700521,0.069340747823768,-0.41603662722612694,-0.8754389361610391,-0.7534100522495748,-0.8146374009954073,0.9786896622661142,0.9249775975319545,-0.7251363620682929,-0.22633395500772366,-0.5891555770755499,-0.8011180574129291,0.9790145281908077,-0.5207520096103188,-0.07151869154334344,-0.727994975584792,-0.8670893867360103,-0.5848105482901166,-0.7618054700738331,-0.19403748135797916,0.9195940635470206,-0.33187741160999024,-0.6377940933317178
Occipital_Inf_L,-0.6585391438248385,-0.5720856912054072,0.7617546486620089,-0.33400492462690856,-0.44188809463493584,-0.8039202187442666,0.9450265848899179,1.0,0.8189008548484117,-0.5102877449566179,-0.43303765793046,-0.7104773785189744,-0.7547535273099653,0.3529457930623839,0.3330344986925341,-0.902802038623203,-0.04646314949532925,-0.5759707663588396,0.8312492367321662,-0.38045470366740386,-0.5833939258643392,-0.3928284388393091,0.8463447259452032,-0.8621899553233314,0.19908344690499122,-0.41254061254858226,-0.625907381792333,-0.04271404132146677,-0.3709993366525816,-0.2993230272808282,-0.4444279890560064,-0.6198565968511248,0.581246951920877,0.4622462795637292,0.8936806838832205,0.3555942643704052,-0.38955097275753153,0.5593803923432084,0.7196269083368441,0.8969107068782757,-0.5745433707859073,0.6454384282827155,-0.021759701927111685,0.07182038274617428,-0.4702844535052777,-0.8979187682787025,-0.7882822593687985,-0.893205290318869,0.9714100476673303,0.9143282073486794,-0.710203239006673,-0.034147047069850237,-0.6028454581840723,-0.8545902602716751,0.9751755181541342,-0.6202268224381158,0.03580873333823592,-0.7702733216274269,-0.800858523414957,-0.6523541991493595,-0.8151550389051284,-0.32657912769714376,0.8955961932097285,-0.35954994785999356,-0.7332520536568501
OFClat_R,-0.47248826576088204,-0.4628128797791221,0.7559917314062848,-0.1669530937809944,-0.1520387841426192,-0.7976282355333306,0.7815402829834626,0.8189008548484117,1.0,-0.3727900076395393,-0.4216694469039245,-0.5740894188205721,-0.6899283831179375,0.3180316989203895,0.2782881683928768,-0.839229850595576,-0.3563062628604726,-0.3553827424344866,0.6355486861274352,-0.17041563281579147,-0.4456924421889558,-0.10443412071175454,0.6399141036966525,-0.789785624484893,0.12559886098577344,-0.3169508147412219,-0.5033459014211247,-0.08619138131983399,-0.2861360689062529,-0.2906523431939065,-0.2404940089078373,-0.5704675201949568,0.4272194040745782,0.2877747719288954,0.7934989864635169,0.44261537986924626,-0.30745472640530275,0.5476062316430035,0.6103649105153738,0.6598448708176611,-0.5128978431950965,0.45939308961056385,0.016309363815466722,0.36703259882423495,-0.27912848796458845,-0.837837816123655,-0.5855326688107266,-0.854062691993617,0.8144015751537999,0.6567385483650544,-0.6853406780716451,-0.030447007759166617,-0.4605224566779939,-0.6590687026605708,0.8415047112138707,-0.5756862184800362,0.15808043085492213,-0.8105924003977053,-0.7835440171870688,-0.5747431256353133,-0.8540910445229523,-0.1800858315730261,0.7917771369113001,-0.5444961218660119,-0.6945539569270495
Thal_PuI_R,0.6173472467831389,0.5048198724207216,-0.13663474870550263,0.59667844834252,0.34179397857634053,0.45170717555991524,-0.44078422193760525,-0.5102877449566179,-0.3727900076395393,1.0,0.42860609214558787,0.5380920512518342,0.4987997925196922,0.12831594683783462,-0.04411569113837381,0.49813490768838864,0.20943819260963006,0.5759195632916626,-0.2409407360651591,0.586478295910448,0.3417680142509358,0.10848518046048296,-0.2871090002124764,0.6318178212268271,-0.19548745001498793,0.1308036836341536,0.6401398302695928,0.19726748332588792,0.457026041958986,0.26573373852487675,0.4982077661754488,0.36735465609661555,-0.07626478327392043,-0.26985439532535377,-0.34817330799290747,-0.23584270047738404,0.5372244873369352,0.006934737735104201,-0.012436881401348398,-0.3691664414541282,0.7080971971533173,-0.1751089747808801,0.35853778264142433,0.21734944317973964,0.8465140349560997,0.5346904710476141,0.6818474219060285,0.5734434710455918,-0.5051606738653464,-0.44724862574210394,0.7060880514762181,0.2690346731229834,0.7022920991528346,0.7743048617582641,-0.5009209640861929,0.6868980203862877,0.17633261674786865,0.4001825537598859,0.4427746545445114,0.6836054984424002,0.5252679861448888,0.6403377940307364,-0.32841682314904147,0.3809658166554813,0.7338710103040774
SN_pc_L,0.38772280311231966,0.7004817206167022,-0.09655800342108652,0.20871326859952474,0.2766174755188176,0.6097106312808902,-0.433323597817991,-0.43303765793046,-0.4216694469039245,0.42860609214558787,1.0,0.4544178888410915,0.6338887473941287,-0.07031208390242165,0.04543228761440271,0.35091966232848726,0.09122716553215897,0.27814860645733064,-0.15632304906710498,0.4790921238983329,0.6208822062015065,0.22888278051899463,-0.2794568768916923,0.48266964679439933,0.07671261184501829,0.30518803687062274,0.48583899507546296,0.5552630693346029,0.4309487151783205,0.38469248654068344,0.4679121516253035,0.4655988235792645,0.0109407821790536,-0.08190282111762226,-0.31430805750504326,-0.04210064249563401,0.47787383247103493,0.18813708635576282,-0.14936746391542893,-0.31563649327155413,0.444786412309932,-0.04865980639660576,0.5588390212123177,0.1349841358971877,0.4748281841119933,0.4022144098685043,0.28153829316709195,0.44027203474549786,-0.5065715555571162,-0.34627295073466763,0.6080912205314396,0.23835330429602455,0.5662091518075135,0.5708662682935568,-0.47530802653517573,0.46824145874390916,0.17234551772564277,0.3367108354065559,0.582995407299928,0.5435886216297608,0.4273833393376809,0.4104976924112233,-0.2826955761164917,0.2561276398842389,0.4523399739896289
Thal_MDl_R,0.6932306535249265,0.4484716939296149,-0.4191258871920595,0.3023511144988379,0.3662977894406555,0.6514286599087525,-0.6422750764564774,-0.7104773785189744,-0.5740894188205721,0.5380920512518342,0.4544178888410915,1.0,0.6462738553340844,-0.10632432987366243,-0.05968053082854023,0.7699440926495693,0.1816305520444669,0.8348755511362421,-0.5692557527200142,0.5681143406741045,0.5117919755248254,0.2814865682364851,-0.4295866808683248,0.7722976381437788,-0.29657790352010654,0.3114285605114518,0.6975836117314336,-0.015193087631988246,0.5372292722444653,0.44352789816749544,0.49160924045102367,0.5608769213081014,-0.19310531427220298,-0.24871614502564635,-0.6735481868897873,-0.36888135274511813,0.5242986027859168,-0.3529102294157016,-0.3945985024841313,-0.5101501585683544,0.7276047237496064,-0.23772818685096542,0.11784590290038781,-0.03550309504384243,0.5072661256001679,0.8043473404868091,0.7364297911350872,0.7474125943518677,-0.6806221286962197,-0.5674268046804677,0.6678607239056024,0.014310948109323337,0.48247837094262686,0.7281907651000172,-0.6875548834963966,0.5085967450275777,-0.24501437530736803,0.7162132438191019,0.6558958857640885,0.7893149658684786,0.7366458275705815,0.5004486630405768,-0.6494369461546478,0.4588770841228703,0.7709803982398055
Precuneus_L,0.6748366500286306,0.6511019708692428,-0.33740427323676425,0.4716880997228141,0.5367815993539474,0.8945178437275284,-0.7486425803806319,-0.7547535273099653,-0.6899283831179375,0.4987997925196922,0.6338887473941287,0.6462738553340844,1.0,-0.41000957635170576,-0.006477943196561825,0.6789704940037764,0.013920902612462389,0.4914117385483837,-0.6878455774061089,0.5594360016931277,0.8216178684619746,0.5700896549949931,-0.4754820298518754,0.8160285674586458,0.042612112904403206,0.6482742732313448,0.6357887815645806,0.33433369636012394,0.4121187292368223,0.7689085486533725,0.5882948548099335,0.8896455180678817,0.009157626002447548,-0.25783684716270805,-0.7769554648693013,-0.06010667703947543,0.5921625570717314,-0.1411514616607873,-0.6109425726164671,-0.6241304892827538,0.6409343639106678,-0.090276023008385,0.48861216757523973,0.09777843358698318,0.4798704353636921,0.7599816293064932,0.6545038496662474,0.7009427382672444,-0.8216378444660191,-0.6946978673760115,0.8044096417051839,0.33509080760648247,0.7425635863400847,0.8120429494660231,-0.8035105483703268,0.5767114924253416,0.17624698604963568,0.6196697049205945,0.9004052967492495,0.6771890562800779,0.6725771511459124,0.5175363299835055,-0.7539818926001364,0.37367250270749913,0.6296531874087661
Frontal_Inf_Tri_R,-0.2188847301819961,-0.06807836638901148,0.24670245278200684,-0.18837940925551735,-0.509435756224126,-0.47983694967582013,0.48822972699938977,0.3529457930623839,0.3180316989203895,0.12831594683783462,-0.07031208390242165,-0.10632432987366243,-0.41000957635170576,1.0,0.24181309889820513,-0.1903650664627744,0.2611774775214154,-0.003493915844554871,0.5469091081479223,-0.19826648841349132,-0.4310441286257133,-0.5304913801276123,0.3851911151338328,-0.23288485185178476,-0.31664812643179324,-0.6147159324656893,0.014211458722529024,-0.04715157053207341,0.13768949468803102,-0.4234293535399133,-0.21792964907641144,-0.5557831156766153,0.12270564407409042,0.03893500798922597,0.5450549974094816,-0.3228208756564684,-0.003554002875515828,0.2547191047379528,0.7473488537115527,0.46766099660245575,0.1075605760974669,0.17343002604576577,-0.08224373936436638,0.03559249530437088,0.03138050898980341,-0.32061401473501944,-0.2581539812016552,-0.09064878425721151,0.4329187269862691,0.4554274909991654,-0.2498457361068792,-0.37397935744377775,-0.19457672152390776,-0.214584223530709,0.43528473857327005,0.009337617070380885,-0.19136501850129703,-0.18680779625526506,-0.4834471221039238,-0.08773822630502708,-0.13331314841077344,0.07463605263422392,0.5328065245476632,0.044292588828274956,0.11405798387664912
Thal_MGN_L,-0.15044944339879987,-0.08277449291655724,0.4241495026210396,0.19234866407502718,-0.10376429818263827,-0.1610913186398851,0.36833783179697055,0.3330344986925341,0.2782881683928768,-0.04411569113837381,0.04543228761440271,-0.05968053082854023,-0.006477943196561825,0.24181309889820513,1.0,-0.28598700730718124,0.008419921116210956,0.058047340196290244,0.286610410330851,-0.05055634371058041,-0.049851553263509256,0.026521031919895285,0.4348268424742224,-0.20075720909170297,-0.0631145047573564,-0.07447321353001891,0.18479380333637413,0.06271255424571076,0.1441101292144374,0.24746151748029466,0.024338209709040822,0.020599486157077105,0.52282848092156,0.15250984286625124,0.29607229336887037,0.07149237891401586,0.05887198907922479,0.3736191429535954,0.31051925408994363,0.38408702850373694,0.010048900785177742,0.49146752005578964,0.27716638779662034,0.19159688869747007,-0.06286916986995864,-0.2700738693299274,-0.24841081053198713,-0.2183656195076654,0.2993284242292849,0.312762178455023,-0.06591116252082997,-0.05490519470893265,0.0934371119154803,-0.12104144815918502,0.3331583439980699,-0.12240376709240454,0.013897102381487184,-0.24636850451534856,-0.17014670764005524,-0.05439127755919707,-0.24082136947942656,0.06528981299014057,0.29058558245741034,-0.04073917594922756,-0.13338772889416542
ACC_sub_R,0.6332013544762788,0.47145192597733904,-0.7697740284660077,0.2252321679432275,0.1947502403056636,0.7479584262294942,-0.8326290419554395,-0.902802038623203,-0.839229850595576,0.49813490768838864,0.35091966232848726,0.7699440926495693,0.6789704940037764,-0.1903650664627744,-0.28598700730718124,1.0,0.32184888160075076,0.6150896726786587,-0.7371944573509773,0.26277472719419215,0.4085160212762139,0.1455022719183696,-0.6929382767091037,0.8649620823039526,-0.40137397889233806,0.27257421249366837,0.6354005341381799,-0.09196470608813591,0.414310534024274,0.2682306379210277,0.31173349289694957,0.5359807870973918,-0.5009834602796457,-0.33080706686976197,-0.8593065147619939,-0.5877534574758442,0.4351696764320314,-0.6743556400432902,-0.5772099689488671,-0.7042145807036504,0.6432273048114143,-0.5275586164802656,-0.08333773110967453,-0.2935007671337846,0.4345847075105609,0.9512834400773282,0.7983179529238503,0.9604402260981041,-0.8692846742101311,-0.7411830208613308,0.6501078062973615,-0.13462649190632336,0.46268703305056635,0.7498421746046546,-0.8801307332764359,0.6838570244104722,-0.29258439118841983,0.926378164702039,0.7421334086493795,0.6904934410831567,0.9396056393387091,0.32882847574942514,-0.8512110283127691,0.5375288927178647,0.8301885408623463
Temporal_Inf_R,-0.11533204096269482,-0.11922220794841909,-0.3438435062770239,-0.13522610832411308,-0.58360527025378,0.13448611570976568,0.014156285062198523,-0.04646314949532925,-0.3563062628604726,0.20943819260963006,0.09122716553215897,0.1816305520444669,0.013920902612462389,0.2611774775214154,0.008419921116210956,0.32184888160075076,1.0,0.00787630438678986,0.14597816240097494,-0.3456993473837901,-0.3209123567662078,-0.548864193344339,0.19578048349117014,0.313966816180682,-0.30159093925134184,-0.15000547871529804,0.220003096460601,-0.0913094462105238,0.14266832960499368,-0.009297336564804403,-0.4270312452137291,-0.020467692176880905,0.0940841537225258,0.4176307553224287,-0.09328425994924236,-0.6653054063187719,0.14458078361157928,-0.323920553210628,0.19569565020122087,0.27127168517639577,0.358615712001915,0.15780531582407326,-0.26446729384588197,-0.6967890274531086,-0.035340656374756335,0.30864516307416384,0.09324630103229632,0.39109165775226545,-0.016564621372171247,0.2650080691786653,0.26871307782760645,-0.1381221962988452,-0.016607427765463905,0.035181560572930155,-0.07288039956159642,0.3318949607909943,-0.42393396828567104,0.526916700869043,0.10042309963740097,0.19255802241901107,0.5483378984866892,0.11167496406689835,-0.08417213186958322,0.8435318256891049,0.42950902635664945
Thal_MDl_L,0.6079777643923385,0.3008701589945349,-0.21602928826911905,0.5742017287882791,0.3902217673357189,0.46460850251376806,-0.4655811186556272,-0.5759707663588396,-0.3553827424344866,0.5759195632916626,0.27814860645733064,0.8348755511362421,0.4914117385483837,-0.003493915844554871,0.058047340196290244,0.6150896726786587,0.00787630438678986,1.0,-0.46401065117328694,0.548082011901085,0.295993934260032,0.29036039487105686,-0.34706253607642057,0.5743263256425182,-0.34450493176362407,0.15678267044912428,0.7390695243433518,-0.144848135164679,0.5258318939096106,0.3650900927659552,0.5804299034079464,0.4504264654796729,-0.12631176770385588,-0.3263368982972152,-0.5066818528002114,-0.25633728127414573,0.4104336096541919,-0.27389261740078913,-0.2733029240419965,-0.42582651553102546,0.6061753535340941,-0.22742477633926336,0.14328965076014002,0.1316991027252887,0.5622094613590444,0.6102581637555596,0.7042232281637401,0.5938189783330768,-0.5296670549311003,-0.5156551491954161,0.5573364890641006,-0.10059011922350704,0.5354326782236253,0.6853075545413357,-0.5155876150684161,0.43610411445082714,-0.20007467662405876,0.4734776031700344,0.44660412228158886,0.7356453953725987,0.5174135039536398,0.4990473380108953,-0.502650536812144,0.21048551929054102,0.6412256818951709
Frontal_Sup_2_L,-0.5307751765678063,-0.27675457553185984,0.6382522395582989,-0.3531652182374606,-0.5137029367245122,-0.7007635192416727,0.8615425522204002,0.8312492367321662,0.6355486861274352,-0.2409407360651591,-0.15632304906710498,-0.5692557527200142,-0.6878455774061089,0.5469091081479223,0.286610410330851,-0.7371944573509773,0.14597816240097494,-0.46401065117328694,1.0,-0.2658677246053303,-0.5848020944488802,-0.6211928113978099,0.7363544067110955,-0.7341572947984697,0.042254005948216135,-0.6593721225458897,-0.39678107478745905,0.11228939204693555,-0.15240338199662012,-0.44004380287638445,-0.3111766006244812,-0.7224058689884986,0.43056849638624134,0.360365449219653,0.9303026586557761,0.1401544711185742,-0.2867556187079924,0.6221758537438685,0.8806903161066816,0.8215957092697393,-0.42601039288146725,0.4578886114409969,0.0031026238746887443,0.042998269912774736,-0.1952946178975678,-0.7860013338408949,-0.738705402332701,-0.6854464584519352,0.8464355031651755,0.8569993582659879,-0.5254445375046843,-0.17406066412830126,-0.4549641572879285,-0.6513969106398337,0.8503544127755517,-0.35132762662304834,-0.036061492889303444,-0.6479074961096197,-0.7482647954999353,-0.37758095254242946,-0.634763497230142,-0.16870906587527895,0.9390193478952655,-0.24258869994321067,-0.48984082995883194
Thal_VL_L,0.8096364750216005,0.6586263752432439,0.1363922458345906,0.4075084166267605,0.7736131701542975,0.48123228571931964,-0.38382166960227315,-0.38045470366740386,-0.17041563281579147,0.586478295910448,0.4790921238983329,0.5681143406741045,0.5594360016931277,-0.19826648841349132,-0.05055634371058041,0.26277472719419215,-0.3456993473837901,0.548082011901085,-0.2658677246053303,1.0,0.6571937194544198,0.4013003069387648,-0.22222434742033653,0.40988336331615993,0.13912690282064072,0.3044791231360974,0.3565890459954259,0.327278169352723,0.39261584907155667,0.46958532938364683,0.8674644673107531,0.47900522520225836,0.08290914346558488,-0.3732776543006527,-0.32601395640033987,0.32511960869208195,0.506443726832793,0.27068804272944846,-0.21089788077056448,-0.3752507351078801,0.42444811854737785,-0.028007840164620584,0.5090133996450342,0.5181854507074134,0.7568074067505727,0.3680256102331581,0.5220799512742994,0.23199619083261525,-0.41749917996066216,-0.4460992998386465,0.5381621112336905,0.41939137937152327,0.541152478097191,0.631224071852137,-0.3941479657958196,0.36996449786153784,0.26195257748491774,0.13455201883959017,0.4870804311571609,0.6592061185909599,0.18868667115958548,0.56930933568057,-0.2763597858295455,-0.11159052389783741,0.3905362836746286
Paracentral_Lobule_R,0.5901015897245825,0.6485450028725414,-0.13982229151914116,0.3567312712372643,0.6801521947040259,0.7461674966917599,-0.6557723319757605,-0.5833939258643392,-0.4456924421889558,0.3417680142509358,0.6208822062015065,0.5117919755248254,0.8216178684619746,-0.4310441286257133,-0.049851553263509256,0.4085160212762139,-0.3209123567662078,0.295993934260032,-0.5848020944488802,0.6571937194544198,1.0,0.6573331173136642,-0.4473661862948455,0.593888977943491,0.21617391762632854,0.6800222510201359,0.34954192360174013,0.4677718948148673,0.24767698481094805,0.6369845902579344,0.6091957955411117,0.7618329327151662,-0.046934129421857186,-0.30145872112388566,-0.6056988981537276,0.2098588911507163,0.4736275816940726,0.12428808694632344,-0.5552251620821451,-0.5856032147135262,0.43159849974985476,-0.10595798139817277,0.5786193266598249,0.3907842003430097,0.41375163147417227,0.5279689313027135,0.4357482522746064,0.42121829740086325,-0.6767876658132223,-0.620513847872231,0.6322175807130419,0.5089263571656145,0.5832901777937199,0.6401419518302321,-0.6503402308412789,0.2727638447323434,0.3646574263913583,0.325908148179987,0.7870811480577806,0.504960610868704,0.37974303094052914,0.3305714870843667,-0.573524252364443,0.07656555803408335,0.3766024312150666
Parietal_Inf_R,0.27489709199734746,0.18164533116597875,-0.00828683705248884,0.44766430882641306,0.6432724202569989,0.4227113273023293,-0.4827377474177696,-0.3928284388393091,-0.10443412071175454,0.10848518046048296,0.22888278051899463,0.2814865682364851,0.5700896549949931,-0.5304913801276123,0.026521031919895285,0.1455022719183696,-0.548864193344339,0.29036039487105686,-0.6211928113978099,0.4013003069387648,0.6573331173136642,1.0,-0.37711865351358664,0.3281139895614527,0.4158142621086134,0.8056467226899604,0.21149484351711884,0.22490005133751384,-0.03216646954970023,0.5998002940646422,0.37544916341990037,0.674586762871097,0.03312023317503594,-0.17828501758953816,-0.45860680984372154,0.4686267248252472,0.1978424994818096,-0.017258960341432688,-0.5629741176148906,-0.5024157533791481,0.19470315983073824,-0.04569354269290678,0.4445224489205403,0.4073832412654738,0.08668910717997251,0.2646209770535018,0.3674953782868964,0.12440612187958719,-0.46963269895405824,-0.5566666695418727,0.34408725690986586,0.49565677319859774,0.4608730152840705,0.4181022770741898,-0.4398637196430079,-0.03272757274908863,0.490447912302322,0.050492480814331935,0.4808098572083112,0.15153776229207233,0.05520147308611204,0.18799014042311926,-0.45602267682050646,-0.08967538221874263,0.06787279029565435
Lingual_R,-0.4355239313404781,-0.45301733498232793,0.7220346147518492,-0.21932004988465414,-0.3811704499283796,-0.6139322508978533,0.8638962929197243,0.8463447259452032,0.6399141036966525,-0.2871090002124764,-0.2794568768916923,-0.4295866808683248,-0.4754820298518754,0.3851911151338328,0.4348268424742224,-0.6929382767091037,0.19578048349117014,-0.34706253607642057,0.7363544067110955,-0.22222434742033653,-0.4473661862948455,-0.37711865351358664,1.0,-0.5620943062117016,0.06346320815643615,-0.3233281905543183,-0.333429820998064,-0.07444824608236765,-0.05142806932518592,0.021311907462871198,-0.31736323316474896,-0.4006382883474013,0.7998169102266248,0.4839780824806447,0.737691150262462,0.18194802415712752,-0.004832002484434449,0.5748533629143175,0.71256063609704,0.9244195700057799,-0.18881019801415233,0.8641772013792646,0.039747124077992524,0.04891167139210585,-0.2888646993390786,-0.6637498671297871,-0.562147651660312,-0.6640448250246691,0.843380450858458,0.8752724439959167,-0.444324270011194,-0.021637343020809767,-0.4149831239204978,-0.6272615826300411,0.8403603914596098,-0.38449888028503415,-0.07958163757800969,-0.528434266600546,-0.6204125607764593,-0.35568003051229535,-0.5479192601069648,0.06343709822759581,0.7525386156652267,-0.06588762263596447,-0.4329256457861849
Putamen_L,0.6604070043689804,0.5261775576564086,-0.6145863705659659,0.39702056580693906,0.34286418818672354,0.8182150292279721,-0.8197123964726596,-0.8621899553233314,-0.789785624484893,0.6318178212268271,0.48266964679439933,0.7722976381437788,0.8160285674586458,-0.23288485185178476,-0.20075720909170297,0.8649620823039526,0.313966816180682,0.5743263256425182,-0.7341572947984697,0.40988336331615993,0.593888977943491,0.3281139895614527,-0.5620943062117016,1.0,-0.17494724536361286,0.5022556265233344,0.6763264520854175,0.11001226484859095,0.4052416454673948,0.4996703180619629,0.3632196503287246,0.7146457027222359,-0.25428621531339934,-0.24812231644090776,-0.8383364714805809,-0.41075971522455207,0.5594822941211856,-0.4445923809516586,-0.5505672212349724,-0.6589654636399899,0.7920077303356783,-0.28894277812385766,0.15607372125606045,-0.13565225575536394,0.49291658352689505,0.9259797797190777,0.802543381347996,0.898816199875201,-0.8636067277627193,-0.7047652812684505,0.8528151926963788,0.2164583476489235,0.6563259863125915,0.8368476360492085,-0.8801860942449693,0.6547938880075966,-0.03290954567985783,0.8270856163435001,0.8339474999083725,0.7262433007760999,0.892292478720947,0.4927117970983845,-0.8258277853017804,0.6518795479693317,0.8726085707954996
Thal_LP_L,-0.24010211742234613,-0.033831806447639695,0.24972265801666818,0.004192284399060679,0.18574602266165563,0.03254607140500724,0.04891398920356154,0.19908344690499122,0.12559886098577344,-0.19548745001498793,0.07671261184501829,-0.29657790352010654,0.042612112904403206,-0.31664812643179324,-0.0631145047573564,-0.40137397889233806,-0.30159093925134184,-0.34450493176362407,0.042254005948216135,0.13912690282064072,0.21617391762632854,0.4158142621086134,0.06346320815643615,-0.17494724536361286,1.0,0.4441436311479397,-0.39754080566844857,0.5055477477317275,-0.5053471527822229,0.19085703525800782,-0.021399903803558693,0.20321012631696134,0.240279004102181,0.21699255488528255,0.11179251684465348,0.8077201141059788,-0.1926709359468597,0.2582663942752475,-0.10015386794813154,0.07801144750647551,-0.24314726651667382,0.22151350569801015,0.33714668696605626,0.14075412379538768,-0.2559130724911379,-0.2751835596732118,-0.2757865699536214,-0.35830638857030395,0.1016201125563388,0.09073266716453797,0.04142654260821313,0.711858166156833,0.004159226423057809,-0.15112801082014188,0.0808349755253258,-0.42607649772856704,0.6853247794602059,-0.3276385974501811,0.0839810978789874,-0.2894842321891596,-0.33941055581915724,-0.20964994037536888,0.12454661609480773,-0.10755198585321622,-0.28075975831352995
Occipital_Mid_R,0.2508439908800052,0.15895811121066392,-0.16967132072494842,0.40958733678224707,0.4782386824783045,0.6164641075171485,-0.5612682294435438,-0.41254061254858226,-0.3169508147412219,0.1308036836341536,0.30518803687062274,0.3114285605114518,0.6482742732313448,-0.6147159324656893,-0.07447321353001891,0.27257421249366837,-0.15000547871529804,0.15678267044912428,-0.6593721225458897,0.3044791231360974,0.6800222510201359,0.8056467226899604,-0.3233281905543183,0.5022556265233344,0.4441436311479397,1.0,0.15806019555789175,0.2883423869074691,-0.1251887570415441,0.7038871181530167,0.20168827833771358,0.8338195883681947,0.10878409024117267,0.07479998325558848,-0.6189594573913496,0.31304616395442353,0.23342437614307449,-0.1823080799975013,-0.6471406850379482,-0.42053982722512884,0.26039410264818474,0.08361466123728736,0.41576736664567154,0.06603187053670032,0.041008832241228685,0.4581838029191357,0.3930885708022802,0.26178183914832337,-0.5312896941135938,-0.46697733343723347,0.5283121383286201,0.6836271357157926,0.452966798514757,0.4040742180334677,-0.5356211959938442,0.02735590107922243,0.4215245182259629,0.3200117001676682,0.688394692266105,0.2128890116405112,0.30980379854038315,0.12254931014002372,-0.6003044456848596,0.29574459569250455,0.20185946421283815
Thal_IL_R,0.5181010497508947,0.41332059895339324,-0.31612844330164847,0.5764036957743542,0.259206986118154,0.5623407511626622,-0.4870352664562224,-0.625907381792333,-0.5033459014211247,0.6401398302695928,0.48583899507546296,0.6975836117314336,0.6357887815645806,0.014211458722529024,0.18479380333637413,0.6354005341381799,0.220003096460601,0.7390695243433518,-0.39678107478745905,0.3565890459954259,0.34954192360174013,0.21149484351711884,-0.333429820998064,0.6763264520854175,-0.39754080566844857,0.15806019555789175,1.0,0.007187940469561213,0.6363181788681356,0.4156218051018985,0.4712516498248344,0.5001220847237343,-0.0715449692185609,-0.2772687754346807,-0.49028610881937107,-0.4488027533903024,0.46306034133204527,-0.17581221491501303,-0.22867751158252478,-0.434458173754267,0.6885953352702594,-0.18336341662767883,0.23670065280320013,0.1098762438721822,0.4996897777173087,0.6271326815946895,0.591689577630971,0.7037428412442881,-0.5874655642794625,-0.4991224916570293,0.6775013500471541,-0.13178194664285278,0.7055649027963954,0.760251106683443,-0.5711324160224854,0.5973402652076232,-0.1046967385861143,0.5111509607468405,0.5171852148229562,0.6978432245668186,0.6129537049225865,0.5536770562241558,-0.49995586238936907,0.4072316633003713,0.6992322609385222
Raphe_D,0.0446575750947485,0.49922341386621216,0.1995126667143124,0.12434582179039569,0.13271198338083415,0.29915532848013626,-0.1078660085939556,-0.04271404132146677,-0.08619138131983399,0.19726748332588792,0.5552630693346029,-0.015193087631988246,0.33433369636012394,-0.04715157053207341,0.06271255424571076,-0.09196470608813591,-0.0913094462105238,-0.144848135164679,0.11228939204693555,0.327278169352723,0.4677718948148673,0.22490005133751384,-0.07444824608236765,0.11001226484859095,0.5055477477317275,0.2883423869074691,0.007187940469561213,1.0,-0.07045952166797138,0.20337514615232247,0.22366020106600723,0.2651246201159008,0.14825563901081676,0.16091331590220315,0.031372969919408425,0.373497271646213,0.12115710667469184,0.39885618387601,0.01136243463021893,-0.05264023428763076,0.01778542567489464,0.08399911647984147,0.6506939858238745,0.18392350723537007,0.17508613900997516,-0.03738450159308269,-0.16493776660684714,-0.009874254776389903,-0.1408852543013879,-0.010309247176202872,0.3178025321738925,0.556957183648193,0.31012335997961077,0.18012591695250277,-0.14076207061655574,-0.011221080643297117,0.5780280811989172,-0.08330544874084732,0.305137428601886,0.08696572646829186,-0.010758467205617931,0.04164697950087499,0.06120124029898364,0.06452281432469419,0.06815832583429107
Red_N_R,0.5575109436304271,0.438773130683859,-0.06833250558700332,0.1859281192444543,0.25307019366378963,0.27696488174612893,-0.21018837643800736,-0.3709993366525816,-0.2861360689062529,0.457026041958986,0.4309487151783205,0.5372292722444653,0.4121187292368223,0.13768949468803102,0.1441101292144374,0.414310534024274,0.14266832960499368,0.5258318939096106,-0.15240338199662012,0.39261584907155667,0.24767698481094805,-0.03216646954970023,-0.05142806932518592,0.4052416454673948,-0.5053471527822229,-0.1251887570415441,0.6363181788681356,-0.07045952166797138,1.0,0.28104245862913774,0.47152730993528613,0.18751616577301947,0.023880517156230387,-0.33176836199308457,-0.2412046779452319,-0.41407287919900615,0.5508751576932357,0.07056186256631446,-0.011545374087514623,-0.2038319246296366,0.5479322813776671,-0.026447033194624346,0.08480922440172632,0.13019985498463008,0.53411703506789,0.3900378773872109,0.4530794581947068,0.4212827806854186,-0.30686114378718826,-0.2601229316405638,0.3316419520414664,-0.3151133966317974,0.39798617863865887,0.5131883295585583,-0.2783448958079148,0.5849642303309442,-0.3253851969868184,0.3085406677140529,0.22931696629577084,0.5604867074980807,0.3967656962585873,0.6257226857096084,-0.23059215043381548,0.12741780365394242,0.45335306763750444
Cuneus_L,0.43552008670948544,0.25994416931353065,0.06284802378602854,0.5001763679823217,0.4774128592737541,0.6169845816599328,-0.3556411235613392,-0.2993230272808282,-0.2906523431939065,0.26573373852487675,0.38469248654068344,0.44352789816749544,0.7689085486533725,-0.4234293535399133,0.24746151748029466,0.2682306379210277,-0.009297336564804403,0.3650900927659552,-0.44004380287638445,0.46958532938364683,0.6369845902579344,0.5998002940646422,0.021311907462871198,0.4996703180619629,0.19085703525800782,0.7038871181530167,0.4156218051018985,0.20337514615232247,0.28104245862913774,1.0,0.4287043573390621,0.8541113801731612,0.5044702432007255,0.05322306399742103,-0.48500682258862066,0.1829719720994863,0.4958659764528349,0.08655167726077387,-0.40965371386181204,-0.17932474212640986,0.4612594209538225,0.419276656626865,0.4997902479043234,0.1627551641752038,0.23126706167085648,0.4307193536270985,0.40513560382027486,0.2697906088052856,-0.40097793976707924,-0.3024817620230365,0.5866974244272949,0.4679466115618978,0.5483859206254196,0.4699025108370221,-0.3821930473045132,0.20668547480339725,0.19590833111119424,0.29767122888202874,0.6403806755577665,0.45499720785556874,0.31268722222857914,0.4674588778463832,-0.4610543822076657,0.2931720862483384,0.29543697102224353
