,Thal_VPL_R,Thal_IL_L,Vermis_7,Pallidum_R,Postcentral_L,Pallidum_L,Thal_LP_L,Precentral_L,SN_pc_R,Cuneus_R,VTA_R,Thal_VL_L,Cingulate_Mid_R,Occipital_Inf_L,SN_pr_R,Thal_LGN_R,Red_N_L,Cerebellum_9_R,Amygdala_L,Cerebellum_Crus1_L,Rolandic_Oper_L,Cerebellum_Crus2_L,ParaHippocampal_R,Frontal_Sup_2_L,Parietal_Inf_R,Thal_PuM_L,Thal_AV_R,Cingulate_Mid_L,SupraMarginal_R,Hippocampus_L,Thal_PuA_R,Temporal_Pole_Sup_R,Vermis_3,Precuneus_R,Caudate_L,Cerebellum_3_R,Thal_VA_L,Occipital_Inf_R,Lingual_R,Cerebellum_Crus2_R,Angular_R,Frontal_Med_Orb_L,Vermis_4_5,Temporal_Mid_R,SN_pc_L,Parietal_Sup_R,Rolandic_Oper_R,Olfactory_R,Cerebellum_7b_R,Thal_LGN_L,Cerebellum_8_R,LC_L,Postcentral_R,Vermis_1_2,Parietal_Inf_L,OFCant_R,Vermis_10,Thal_PuL_L,Thal_PuI_R,Temporal_Pole_Sup_L,Cerebellum_4_5_L,ACC_sup_L,Frontal_Inf_Orb_2_R,Thal_PuL_R,N_Acc_L,Temporal_Sup_R,ACC_pre_R,Red_N_R,Cerebellum_4_5_R,OFClat_L,Cerebellum_10_L,Temporal_Pole_Mid_R,Thal_VPL_L,Thal_MDm_L,Paracentral_Lobule_R,Thal_VL_R,Precentral_R,LC_R,ACC_sub_L,Cingulate_Post_R,Frontal_Inf_Tri_R,Thal_MDl_R,Thal_MDl_L,Occipital_Sup_L,Thal_PuM_R,Hippocampus_R,Frontal_Sup_2_R,Parietal_Sup_L,Frontal_Sup_Medial_R,Vermis_9,Cerebellum_6_L,Fusiform_R,Cerebellum_10_R,Putamen_L,VTA_L,Amygdala_R,Supp_Motor_Area_L,Raphe_D,Paracentral_Lobule_L,Temporal_Inf_R,Thal_MDm_R,Occipital_Mid_L,Frontal_Inf_Oper_L,Occipital_Sup_R,Thal_MGN_R,Heschl_R,ParaHippocampal_L,Vermis_8,Rectus_L,Heschl_L,Vermis_6,Frontal_Mid_2_R,Thal_MGN_L,OFCant_L,OFCmed_L,Cerebellum_9_L,Thal_LP_R,Frontal_Sup_Medial_L,OFCmed_R,OFClat_R
Thal_VPL_R,1.0,0.6064891182311513,-0.6001670300290028,0.6553829919264631,0.5378015529973396,0.5190916048128136,-0.16200604862543977,0.39908400545061196,0.34671446874738643,0.40523948857670095,0.3439374468564595,0.43397953118655036,0.753390582088393,-0.6916272600334029,0.5717421271746901,0.8170856944180777,0.8115605110102065,0.33162836925785066,0.7862601006545691,-0.6704086913260557,0.6423965364884747,-0.661024898561147,0.6599370967862491,-0.4006790108945652,0.23311757557185545,0.17513112476051979,0.6937539243356113,0.6289265066859504,-0.07695840374945909,0.6798908241929041,0.7182434463130878,0.682544394462179,0.3091318882937171,0.6167198017390049,0.5102081256245029,0.4697711404135585,0.522186157861942,-0.1758994932140187,-0.4691685698227637,-0.5306954341091881,0.33399220051249234,0.5616696260973962,0.4424958242069182,0.5638811945442451,0.5623768650612706,0.29467666797801745,0.6414389894195617,0.7057591501454461,-0.3657744971912245,0.5325160347210731,-0.5648950261508727,-0.5152474048358431,-0.17097302392873795,0.5476039560661716,0.5619984455786492,0.3250523818310878,-0.4213489331503926,0.4866782139135715,0.7800478216339765,0.4947763102773632,0.5130724305486477,0.6815316656049271,0.7641395871519382,0.17719514160323416,0.2109391059716601,0.7249704197772292,0.684591569681956,0.411490320148777,0.20507083814704216,-0.25696189007498066,0.5690303116774229,0.5851288704465039,0.3494475726045359,0.8313564950460866,0.4706066177185386,0.7508166529590655,-0.4298760150734287,-0.025926851977105432,0.6434664219201738,0.6851046710136615,0.11438132902286327,0.7038177636490012,0.5946681058007113,0.4467814503785565,0.029793884700549927,0.811371006227987,-0.48026463299666367,0.5822126143876091,-0.42954402791274293,-0.543687776127757,-0.5797400922846581,0.28083368275314713,0.43958253035167033,0.7785776979220033,-0.547563042424529,0.6904142672304538,-0.2276101088988784,0.2909107000195532,0.5512615970695546,0.2630888249963496,0.4764344036785826,0.2350479513641264,0.631450677945334,0.4405144297562715,0.36078778930954875,0.12037084255791665,0.6236832446756674,-0.529052023980368,0.6622567220369115,0.618981465922421,-0.2011729130210352,-0.49250185969690197,-0.029086026302338894,0.5825633553828338,0.6849797138266792,0.45537491791883283,-0.3636107833994739,-0.3160162645500535,0.6394311824304446,-0.5538229925771893
Thal_IL_L,0.6064891182311513,1.0,-0.7052290917747007,0.6694727220442036,0.5668418041517164,0.8148059494701707,-0.3859502951486941,0.4453987575548944,0.290643345185616,0.38644918110025983,0.5319568528645476,0.5639110740199855,0.5877890784086999,-0.6938491268659216,0.7738586736940455,0.7135263507086785,0.6523294411267736,0.3980169496295788,0.6215165361209487,-0.6353398675271933,0.7677132829432286,-0.6750362110551462,0.5791862855060086,-0.4433689574632118,0.19401497085052655,-0.11852184607792601,0.440634577634578,0.7027368635552748,-0.15619622626236054,0.6370970927743211,0.5405126769890274,0.5566267925796603,0.25283265623508455,0.6624567889164255,0.6867332143638633,0.616844061090872,0.7796059510389821,-0.5092749952595294,-0.4712268382309603,-0.6641256356406294,0.2802959236166719,0.5249687809685827,0.654378280715891,0.10696284444937743,0.5366228447162851,0.20967411750834156,0.35275301966488254,0.7019934189220352,-0.6415842942440166,0.7073351629548001,-0.6347358443185068,-0.3358111332413933,-0.14440489705648876,0.5230801579337029,0.5780121761772726,0.4287491335876123,-0.5303339829075834,0.24072034779412843,0.6351080152953892,0.6430726631226641,0.6076839202266671,0.6945875466921648,0.6600507165765739,-0.06030660238321379,0.46463144244797033,0.4320339389362776,0.5869586140654555,0.6592462147294538,0.4609964291158091,-0.04843904943207227,0.746109182905625,0.48548139608738483,0.6663727546143889,0.38536619285195256,0.49600719500415136,0.520940864285547,-0.4211974202555053,-0.1795761700324025,0.6377107170096938,0.5017097606606034,-0.07900268712617012,0.583566359947844,0.5454581339904292,0.41559035199518024,0.027925611919721,0.7813164293262704,-0.5135205373647519,0.5391141405755919,-0.4939436747043403,-0.5640659002047949,-0.5957576289894605,0.030071950286923436,0.5463779123386063,0.6296005995889533,-0.45671726327063583,0.42114618391432407,-0.1990459495871001,0.0862031629514592,0.5096017113341389,-0.038030050953269987,0.629977208507301,0.19365454735783602,0.6972858629894929,0.37146707947907787,0.348447311394009,0.24907927576323496,0.6774625019398339,-0.4778198712419393,0.6377649273372759,0.550202491890474,-0.28757637167307054,-0.5248499533167292,-0.05337147564336374,0.45692866131245274,0.5287148212736542,0.5416264171177986,-0.30723280721425117,-0.37068424012174106,0.7150422972733933,-0.5084446981918542
Vermis_7,-0.6001670300290028,-0.7052290917747007,1.0,-0.7140270864475254,-0.7430938549167705,-0.7177754010301428,0.12014853159076534,-0.5645720660237981,0.038271718437381655,-0.571935884280964,-0.6945864905647843,-0.4599399190105498,-0.483722802008333,0.9570853863590683,-0.5802724906912365,-0.7270253975597583,-0.7621704063020187,-0.06170474058702368,-0.6762267515284771,0.9471097960316556,-0.8025041013042852,0.9665295354580729,-0.6950139186011056,0.833447067775172,-0.4966826423953437,-0.08186175755264823,-0.5030651942625232,-0.7614042537450406,0.09407304425029618,-0.6225364738625798,-0.36902947478401843,-0.6933059768869412,-0.12362874808823299,-0.8418696191799903,-0.7504748307966673,-0.3710890990870114,-0.6819082374011819,0.5419809588261674,0.8665325469219172,0.9594121530600827,-0.545443421214124,-0.5948378587528247,-0.32229565152212253,-0.167259350764848,-0.4598305715085587,-0.41824282187326256,-0.15309476884312215,-0.8938695175118907,0.8241618817992433,-0.6309809552945937,0.9709319831943813,0.7038830399459461,0.30796246885095785,-0.3867551674640382,-0.8053128608712719,-0.43364335234874424,0.8610999220428928,-0.3147002938889804,-0.4532196945828862,-0.7837529174191418,-0.2936905220929317,-0.8441509042012296,-0.7982033153406898,-0.04272436663437336,-0.5668428034828595,-0.3725919167963922,-0.7453675376037172,-0.34448018069294833,-0.07960492767441323,0.4061612269120091,-0.8365701183362989,-0.6521181764601871,-0.5555703811914339,-0.3862263512572342,-0.6704242558665776,-0.3177299613235084,0.5894445833605488,0.47644096178905154,-0.8255523969409432,-0.35417713498657954,0.4261093199514639,-0.6460307809002925,-0.5413658437620577,-0.6491435374090159,-0.09325905370889655,-0.835709385597979,0.8665864243787893,-0.860773798482817,0.8694030804621266,0.9448425908744398,0.9635978550988846,0.2548346422096099,-0.43467342562521083,-0.7770850163573285,0.6441318441813655,-0.4436010353454089,0.5548437915799751,-0.09586858245990533,-0.5320606266178921,0.1557667852456633,-0.5797653649454535,-0.4781639783420771,-0.6139897951346267,-0.6879716668714456,-0.32301411691859094,-0.05833600107519726,-0.7422807458585533,0.8846489437609419,-0.809590557081094,-0.5888445561913374,0.6861007230818069,0.8642550322274315,0.28475170795662536,-0.5259130947584737,-0.6597489123398842,-0.43030788243492313,0.19553445996754912,0.782600795849889,-0.8846989334348463,0.7476657917088513
Pallidum_R,0.6553829919264631,0.6694727220442036,-0.7140270864475254,1.0,0.6363275936486023,0.7784177184506837,-0.4650163141537678,0.35915595739599576,0.3476509716999598,0.3855225278781944,0.6920968963336349,0.25020297910628475,0.703365178567807,-0.8209976547460331,0.7886688375732911,0.7078564597210749,0.8580610291029264,0.19031734210902174,0.7208025695994288,-0.8020015480334715,0.7377760215853506,-0.7882196370868992,0.9595102899615096,-0.6112520504228321,-0.023535891913190242,-0.14257778773720256,0.8448566202540627,0.6563407532683888,-0.5910445832575093,0.4503135884978264,0.5619583965457194,0.9512233001350797,-0.12831853571579024,0.6081016841341732,0.5591250093940521,0.49732147291870044,0.6539611178906143,-0.28978192247002466,-0.5602814305851687,-0.6335029584483163,0.0778740173016427,0.863073890544289,0.4774082845228583,0.6214250700294526,0.37513568411616205,0.1112038929720567,0.6099881629969884,0.8636212566316285,-0.49363335344191106,0.4837626521560229,-0.6407257571679363,-0.6071026550708031,-0.6740057292102807,0.2949420814498036,0.6983893948260059,0.31379678218256507,-0.6634909385708236,0.282397303076976,0.5675418250591034,0.7683408877959073,0.4159265567129762,0.8672464369899027,0.9348570205358021,-0.36377719042383666,0.1415727483033321,0.35980787340820636,0.9333799668510496,0.4952488243771568,0.2551819113671347,-0.3174749911518416,0.7472406537745542,0.9244610975027339,0.26869394113678724,0.4722486280424772,0.3298477150172303,0.5929352138531515,-0.8923387016795304,0.13061980513392174,0.9189816820816403,0.466055529244022,-0.10337083541153225,0.7210807759248581,0.5311693454938835,0.46389226800046535,-0.3059591880131498,0.7280138689505418,-0.7689227491567919,0.6778031548959234,-0.6085468839400323,-0.7150747914073099,-0.7333328844396609,0.33426644372193576,0.6899123082613493,0.8583624273984393,-0.8662848903162196,0.7314708622354824,-0.6331143552177898,-0.12725047141803714,0.28042478111955826,0.48632717406189374,0.49455251428140656,0.28050062249582913,0.7019479180750847,0.3801050983916654,-0.0481207140538023,-0.3407199030578424,0.7837982731601334,-0.5974123626776272,0.8434317285887397,0.6349100414565961,-0.3603813658432537,-0.7832124618568617,-0.25331860579787574,0.8103568568461579,0.8278417776798398,0.3951150028358478,-0.6702896373209013,-0.5142706007732312,0.8256724082455779,-0.8177418122159615
Postcentral_L,0.5378015529973396,0.5668418041517164,-0.7430938549167705,0.6363275936486023,1.0,0.44175033508040984,0.08083479184174296,0.9256317684499531,0.10752434420301103,0.7520515932214635,0.48260931438281185,0.5455474016123254,0.48223144600633056,-0.730248940089362,0.5346785864893072,0.5892577048519602,0.6637898763782442,0.12218330358232526,0.7714692863507254,-0.8202508636109834,0.835456610502198,-0.8212364140955809,0.6648004678609406,-0.5817128782673601,0.36960251278991296,0.40338543343152555,0.4420612672914457,0.8055543568362709,-0.1880463134684387,0.728734609198614,0.3636933085665962,0.6931100711829894,0.37227576000161194,0.8712528060921516,0.6817180241328822,0.4413777316366861,0.6076993892618716,-0.262747602944781,-0.537946896043643,-0.6603205694599451,0.492682014305492,0.5102895615365767,0.23035356483187205,0.3921370046115194,0.6538902657885826,0.25080799383047775,0.31673898138497414,0.8122381777247272,-0.41042499712242636,0.6690402156343256,-0.7380538296747864,-0.6834492838476948,-0.3416684388752815,0.4049099598144258,0.9782245353532721,0.10431444024058167,-0.687215218800831,0.34380474513658243,0.4827180866334393,0.49596323639095885,0.2976565699294285,0.7808288001849168,0.6849998133097663,0.11785311609092124,0.5066585422769695,0.4102044697333996,0.746304570451725,0.2840728482640443,0.11061202810515061,-0.42522258178567157,0.6426877279012899,0.6225281072166172,0.5844551980426426,0.4877095391686011,0.746251850341425,0.27235993508324513,-0.5772745806171692,-0.3526789662694262,0.6496375622912764,0.34065691440932727,-0.4527093165192736,0.600323184392491,0.42224489909257995,0.8342440341544716,0.3318194294759358,0.7841546419701185,-0.7576265803429924,0.9151084110300964,-0.7166803692941269,-0.755409867736685,-0.7259679830120171,0.14064437252791087,0.41138203811201096,0.7605748207655625,-0.5614226679466501,0.6380478366935979,-0.25973266762442065,0.3754574130074143,0.6999584798076233,0.13339348851904612,0.5269125746240452,0.7878685438384672,0.7295075011782846,0.7439463233924372,0.3652704920647402,-0.04580411545210402,0.5710172237645215,-0.7566078728477872,0.7675947448068593,0.8657794563867441,-0.34211652983666696,-0.778379316746,-0.12860748487929322,0.6825714385210757,0.743509979559035,0.3797638291591129,-0.07880845201343674,-0.5433278057225734,0.7261021920597672,-0.7435186389654281
Pallidum_L,0.5190916048128136,0.8148059494701707,-0.7177754010301428,0.7784177184506837,0.44175033508040984,1.0,-0.4910478154014433,0.256825524187772,0.20439810356330393,0.21104014852698735,0.7646635796580208,0.5199828610696389,0.5571614313315025,-0.730295136190456,0.7694514443560244,0.7269582187137853,0.6718170531910925,0.29800128601483955,0.4910655074459696,-0.6514631605086916,0.7185983368115175,-0.6789623646686527,0.6800631906442566,-0.5172275776895446,0.08459690194152482,-0.2294735419655391,0.6055194937525278,0.6395529091903996,-0.30873765039963097,0.3707244910696561,0.4619882643060183,0.6285644477449073,-0.012114907848695919,0.556504453154192,0.71193071910873,0.5515290803190448,0.837830287258526,-0.5472169813473418,-0.5668413806028791,-0.6856507157567444,0.12432645681954571,0.628745360407733,0.6204944602764427,0.10618488462860359,0.3527344107562376,0.20223114362927447,0.3413740442796899,0.736223975627232,-0.7200768763264652,0.6445118508749562,-0.6380792318557541,-0.34865270398011144,-0.3254079706255166,0.4927541019944994,0.4807235951337756,0.4756216465481524,-0.5545180470245609,0.20369642203961533,0.5624281225037189,0.7884931646013809,0.5300183106758914,0.7304506447617158,0.6811732886930147,-0.25536596185758487,0.42882399924532777,0.3152661797098831,0.6299921474233707,0.6020644963460984,0.39937017050564616,-0.001930093351954243,0.8291417202497647,0.5951563459216725,0.5488895731768346,0.2127238262626209,0.4023169012747146,0.5763415379146181,-0.5601223419996391,-0.09455486773085581,0.7227947046500056,0.4774732620704443,-0.07560635128658601,0.6232337296768636,0.5258464998392887,0.262703705934783,-0.13987860636783145,0.6897003109309171,-0.560008930939152,0.491373566506685,-0.5146401112244762,-0.6091747305373365,-0.6460559479664084,-0.0070210456780952476,0.6726802280129145,0.6333286901238452,-0.6265512828227008,0.33194485607488816,-0.39747904067488093,-0.11130130200771396,0.28351194126929846,-0.006728294826187227,0.5447992930051229,0.044340543836542526,0.6570202385762828,0.2887735894702857,0.14709734224864981,0.10331443803864784,0.765173478716713,-0.4688117030296072,0.6820500332413161,0.4027829470558986,-0.4014995645811099,-0.5832272711262172,-0.29115581699783755,0.48256394713795986,0.5388192165934712,0.484026481799878,-0.41449691870854677,-0.4080335879074151,0.7235064762362653,-0.5257197135478112
Thal_LP_L,-0.16200604862543977,-0.3859502951486941,0.12014853159076534,-0.4650163141537678,0.08083479184174296,-0.4910478154014433,1.0,0.25645332166057233,-0.269425319019272,0.22200877035831273,-0.29881739021498493,0.13912690282064072,-0.24314726651667382,0.19908344690499122,-0.42607649772856704,-0.15798180512003726,-0.3146314293966309,-0.14904658827094316,-0.19263713853331488,0.0808349755253258,-0.1536856046710488,0.1016201125563388,-0.3721930610343859,0.042254005948216135,0.4158142621086134,0.711858166156833,-0.368866409928872,-0.08539132995540374,0.5337113365145545,0.004159226423057809,-0.42909759117523233,-0.33941055581915724,0.33714668696605626,0.07344694342580828,-0.08098709877489069,-0.1926709359468597,-0.24010211742234613,0.21699255488528255,0.06346320815643615,0.09073266716453797,0.39823412882628706,-0.3482892820594653,-0.3667373681928785,-0.10755198585321622,0.07671261184501829,0.15054024070836916,-0.28570839740201653,-0.21396486108972154,0.18428614267431517,-0.033831806447639695,0.037494442422044014,-0.08650196870842936,0.38296576921125736,-0.0096799630778258,0.03254607140500724,-0.23192563206978717,0.08323594763330472,0.20372612441027102,-0.19548745001498793,-0.36854233141847703,-0.20964994037536888,-0.2282232292460174,-0.35830638857030395,0.6853247794602059,0.18574602266165563,0.11076641048418445,-0.3093319955152814,-0.5053471527822229,-0.2813081279871048,-0.1524985361056783,-0.2341134182338804,-0.3276385974501811,-0.021399903803558693,-0.01918172113865485,0.21617391762632854,-0.19822675033667167,0.4205530699247892,-0.4434574091733774,-0.37646296318681244,-0.02741798141995707,-0.31664812643179324,-0.29657790352010654,-0.34450493176362407,0.20321012631696134,0.5648996300643111,-0.15112801082014188,0.12454661609480773,0.09544283258797795,-0.026106236036181604,0.06164391762028348,0.09738976405731717,-0.20225736304275632,-0.372855071637983,-0.17494724536361286,0.3004123379912354,-0.1909695321641458,0.2964462355894043,0.5055477477317275,0.2696860924340241,-0.30159093925134184,-0.2754390200042762,0.35525686451247146,-0.2894842321891596,0.30769111052047055,0.3060597558445938,0.14075412379538768,-0.2757865699536214,-0.059493649357446415,-0.2039388188908085,0.030495215268316535,0.07242854829326636,0.11179251684465348,-0.0631145047573564,-0.25784139418225244,-0.17218700745331808,-0.15443492696682634,0.8077201141059788,-0.02192256469756699,-0.23485819943815137,0.12559886098577344
Precentral_L,0.39908400545061196,0.4453987575548944,-0.5645720660237981,0.35915595739599576,0.9256317684499531,0.256825524187772,0.25645332166057233,1.0,0.029725816745459283,0.7081161591078035,0.3085070899318423,0.6405861096667873,0.30500388110111754,-0.5048852328659327,0.36484671651524236,0.4446682857231731,0.43329616385858877,0.1607926725000195,0.6338589439370634,-0.6094630003159462,0.6999156542596207,-0.6155772216982732,0.3971031810658708,-0.36293938992285185,0.38550506509452676,0.5184028730682402,0.18958296583159898,0.7199767222198519,-0.026506634049524715,0.6952259484845493,0.2653894264214814,0.41008772889698974,0.5104443211302823,0.7722446002714334,0.6342004583478732,0.36088048780172177,0.5337414242378918,-0.20072443898204834,-0.3617055438824825,-0.49149726850709186,0.4836182505684228,0.2395348347579284,0.17785652167950042,0.1881571988815209,0.6586919817419249,0.2610563313555097,0.14198291427445967,0.6027527150912722,-0.28497203910228813,0.648910007292665,-0.5697596336267078,-0.5077604029060747,-0.14012277627361477,0.4292849768566988,0.855066331127523,0.015831317428259876,-0.48873721548515986,0.27908349307429303,0.40963849072855346,0.2613963846963817,0.27193694952792785,0.5685365598994357,0.4099203882065401,0.26590780924401036,0.5872351439253372,0.34442218203701114,0.48071494718603336,0.20270332628331506,0.0992502856026594,-0.2861211714362877,0.46830994465404946,0.3321268280374232,0.666359164898888,0.38706373741239314,0.7374157016837134,0.14922603669578435,-0.3097671031180403,-0.411929806169134,0.3628164087095432,0.2779768212186364,-0.433990425305206,0.4444889475492217,0.3247360136876277,0.7723772627176224,0.5160477823350185,0.6647611691454287,-0.5312240871523588,0.7683476276962101,-0.5448608810318732,-0.5529155473925489,-0.5196107721322187,0.09778629802916966,0.27365523430620703,0.53153686784937,-0.2969995191181773,0.45690536878416954,0.033959512389047576,0.4995362392130749,0.7266940409924482,-0.028272756001852733,0.47715064123741735,0.777392500529886,0.6516174693306643,0.6698233512354969,0.4533788592369398,0.14019685399005974,0.37062819832006205,-0.5818069843488881,0.5540056729293541,0.7664236703854702,-0.21804561742970693,-0.5562487236954947,-0.023814843334412885,0.4718869779707596,0.5314053639425821,0.3381503821857257,0.18841918252125742,-0.3408007437061877,0.5259338454093752,-0.5109152572077981
SN_pc_R,0.34671446874738643,0.290643345185616,0.038271718437381655,0.3476509716999598,0.10752434420301103,0.20439810356330393,-0.269425319019272,0.029725816745459283,1.0,0.03707430031410371,0.017152449849396144,0.001756487506947283,0.5017986567039548,-0.05003496615180065,0.4555651653884861,0.27246747656406406,0.3394047233350455,0.19809198457445298,0.2261989123021143,-0.02497024912228814,0.1728119725493976,-0.03518763662602131,0.25857235709361104,0.15927738586628282,-0.24800007169726018,-0.19573741393069904,0.382633558210558,0.13548092524800343,-0.2454333163834083,0.07447505474117357,0.24100160784289304,0.3553967110871906,0.17302899034773178,0.0910208345139092,-0.07026111576082096,0.46137066983289715,0.1014426274504159,0.3011848575682377,0.22042214908863586,0.17396917197199382,-0.14717112091578113,0.3858420219532303,0.45679811343621396,0.5003621948732382,0.4324286900916895,-0.28263468609318265,0.6392712124915072,0.10544419482396285,0.12317525862158854,0.1802718624638364,0.09971031125393336,-0.13302397486313788,-0.0777688932623161,0.12371118934759508,0.11013282430365472,-0.007601018394114992,0.0343867532620948,0.0095837028412393,0.20481143038289684,0.07443014968102928,0.47456090788003624,0.15189962312437316,0.28836092579661016,-0.2659846361592056,-0.2867136212555286,0.3519270724080389,0.26684867030888154,0.3961286298540154,0.502197970656343,0.029550210405221548,0.06638829828611845,0.3520772790793608,-0.0705490268733443,0.2741775068633339,0.04710743652301833,0.4524258024784044,-0.21101187300283447,0.3206469711644555,0.20275465400040582,0.3887916431808341,0.2517379000861307,0.29221305324526253,0.10778630349752641,0.018832939776440166,-0.31214107648364997,0.12001875563621187,0.04553800822403735,-0.005705575728791181,0.15196258581732427,0.08849179789959172,0.08620177664201907,0.6054392750065481,0.15115677401607158,0.2737036070782258,-0.2484762678158641,0.38508593021252385,0.1587723472448568,0.054151838905422016,0.25511571042090125,0.5339723403595551,-0.0478033330776608,-0.09381634959600633,0.2627173534438848,-0.08461749284088049,0.035658176473176526,-0.16897439222845764,0.09878014058820096,0.11970834763779312,0.05662775192671725,0.35298938586616546,0.3656112031943355,0.019059434292399462,0.2056908848237707,0.32778418642103074,0.37154907476391824,-0.010929692933325,-0.39972038731001885,0.22282432581332462,0.1682524605284047,-0.17361289439167482
Cuneus_R,0.40523948857670095,0.38644918110025983,-0.571935884280964,0.3855225278781944,0.7520515932214635,0.21104014852698735,0.22200877035831273,0.7081161591078035,0.03707430031410371,1.0,0.25282494638151953,0.47061596422643653,0.4825098731428796,-0.5321696982242845,0.28365355621125277,0.28101776638954795,0.44140311230270246,0.16033926396010442,0.6906004128264627,-0.6286984050238354,0.6783785380144085,-0.6414918289818216,0.4708720456071721,-0.6750238385745081,0.6966601775963079,0.5427550950598583,0.2508238423837086,0.7803174492407566,0.250414744203502,0.6873394780719863,0.29589796799030704,0.470578766035959,0.46684317474248177,0.866841817038593,0.6545575952543883,0.4372368021965742,0.4914667925144962,-0.0835149786381133,-0.2838691126695007,-0.5518945628500731,0.8032771489315612,0.3449248481525948,0.19012537887728137,0.34066783980020676,0.43377290322117096,0.41841148800479244,0.19441446393897743,0.6436582380303338,-0.2688462903419456,0.3451427289250162,-0.644773837680685,-0.45063545233416097,0.02854072603962463,0.3750972162017165,0.7812526119015681,0.11862501123868796,-0.4148524525245915,0.40687206650064756,0.35107092812183294,0.5010156350501258,0.3671090762297707,0.6872866982996182,0.4591602434821547,0.27977952030789666,0.5728749776979987,0.5425842795536491,0.5478302469672388,0.19104690962430487,0.1960177121630857,-0.39275032587059305,0.5316152364623297,0.44569036563005976,0.475430707529398,0.5408107360856779,0.7382839420493217,-0.008245998705127594,-0.24276650642217545,-0.36657763500808666,0.4891914207748919,0.41336586581217966,-0.5143017589890468,0.5086042920784494,0.4227350862275236,0.9741216129997511,0.5416098770514229,0.6363160819381144,-0.6935179281981247,0.8084785340577544,-0.7489482944139453,-0.5888745994187617,-0.5357462969657343,0.1176299770269794,0.20480064967335543,0.6667779577254169,-0.255824629701532,0.5417257915738324,-0.20353303772924192,0.22761949836582399,0.7222216884999272,-0.04947330322075931,0.5184551043731046,0.8880020842052437,0.5136203663907621,0.9147456928387369,0.27937579805456353,0.13109115405979196,0.5591723332486644,-0.6374816167246041,0.5447077710064748,0.6230663528280298,-0.13840274702562366,-0.7066470350644267,0.0967240714170573,0.32677115958316144,0.43276512270358597,0.398269313504112,0.14733736665138428,-0.6719901458948131,0.5942777425203923,-0.4669382816655543
VTA_R,0.3439374468564595,0.5319568528645476,-0.6945864905647843,0.6920968963336349,0.48260931438281185,0.7646635796580208,-0.29881739021498493,0.3085070899318423,0.017152449849396144,0.25282494638151953,1.0,0.43927618100350313,0.4312102400652921,-0.7172084849078392,0.5207821486815265,0.5216341800370012,0.6028235018490763,0.06923767012985126,0.4165564172117503,-0.6753411734842195,0.6252565003261192,-0.6754566897249195,0.6789828456311893,-0.6147540775214656,0.14370165813683888,-0.10683513819673723,0.6238088294180207,0.5875460660132689,-0.347884590950318,0.21833545047257003,0.2843946774611455,0.60221370960283,-0.23360309076096705,0.5098427326576449,0.6460031358917946,0.356909293260046,0.6847824928676641,-0.4782753583938418,-0.6070020712758534,-0.6889173053719616,0.13054132763390092,0.5414605276966312,0.3855884793707343,0.1306666079546609,0.28943141549529355,0.3014324190754227,0.18076283900560233,0.736752356708081,-0.6841515684245316,0.46806140612148567,-0.660457385359364,-0.4023332406863355,-0.4721449178969887,0.3159193830362124,0.5232862278151098,0.2939697393623439,-0.601931956262861,0.17681029816968685,0.30509424599681356,0.7229250810368123,0.28798213737721456,0.6939156059316456,0.6002771873276737,-0.32080471757813267,0.47286434239376374,0.10394592606392064,0.632919657996016,0.4005014890863647,0.17610148757808258,-0.22440955488229575,0.7935459815280818,0.6096678886758257,0.4147018741675769,0.13666224974529528,0.41319089096304834,0.35843560924107937,-0.6104362623757403,-0.13379788047035826,0.6894437115672752,0.33007840810386085,-0.26469690060185497,0.6474660261725245,0.4514347578330656,0.32112656231538517,-0.12025387560201783,0.5651686621903286,-0.6585893207741269,0.5692875247547269,-0.6119879937097711,-0.7165598692287156,-0.6843959918981875,-0.07993287136221991,0.6416249498412708,0.5775009410437403,-0.6482175710008002,0.2626591198155784,-0.5294993885087207,-0.2191665830817171,0.13786416981020358,-0.020444406651053862,0.47454688169735715,0.22015294086471204,0.5572484363807053,0.36205077535198954,-0.011861568141550635,-0.063692082668876,0.6781023868289684,-0.5174215425775665,0.6727944399617556,0.35977786533406203,-0.5137048775415239,-0.6802232178467218,-0.4227725561065457,0.5051051511488336,0.5042965083171121,0.3851983013292346,-0.31775763203611784,-0.5272799327968605,0.6527978622920361,-0.5458232106188969
Thal_VL_L,0.43397953118655036,0.5639110740199855,-0.4599399190105498,0.25020297910628475,0.5455474016123254,0.5199828610696389,0.13912690282064072,0.6405861096667873,0.001756487506947283,0.47061596422643653,0.43927618100350313,1.0,0.42444811854737785,-0.38045470366740386,0.36996449786153784,0.43836869835655623,0.3119682304065341,0.44283000191866884,0.48634648504887534,-0.3941479657958196,0.6688787111871434,-0.41749917996066216,0.2719996637404025,-0.2658677246053303,0.4013003069387648,0.41939137937152327,0.26815399980724414,0.7477463070836357,0.19747505291605746,0.541152478097191,0.42620234624670145,0.18868667115958548,0.5090133996450342,0.6362924673308042,0.8306721815393187,0.506443726832793,0.8096364750216005,-0.3732776543006527,-0.22222434742033653,-0.4460992998386465,0.40858804080350714,0.1304921045177962,0.5011574805016321,-0.11159052389783741,0.4790921238983329,0.4006071835714963,0.15160129530468455,0.5014139430369101,-0.3924342127544132,0.6586263752432439,-0.4546484508234438,-0.07881248291300831,0.14728350944731677,0.7716289616721994,0.48123228571931964,0.208078829020755,-0.13592562536632066,0.32825658626143517,0.586478295910448,0.4093896786274532,0.56930933568057,0.5149586764266525,0.23199619083261525,0.26195257748491774,0.7736131701542975,0.4357604098466197,0.26388005399171005,0.39261584907155667,0.37945586502788564,0.02787171770588817,0.5834594679451812,0.13455201883959017,0.8674644673107531,0.36775127948801384,0.6571937194544198,0.4167988893119147,-0.023837668144612686,-0.317204417827324,0.25770593235083716,0.5631486345324503,-0.19826648841349132,0.5681143406741045,0.548082011901085,0.47900522520225836,0.5778362495300994,0.631224071852137,-0.2763597858295455,0.4786593479844004,-0.3713894951528306,-0.33346158678272003,-0.33569555086529484,-0.049651551923703546,0.44495498909945713,0.40988336331615993,-0.13059412930595038,0.18089366018691527,0.1692095840729435,0.327278169352723,0.5994830507859411,-0.3456993473837901,0.6455831928470385,0.41380702470181724,0.6592061185909599,0.4928844173855019,0.42023367792943045,0.5181854507074134,0.5220799512742994,-0.30906862339034147,0.40836507102307584,0.4095114870357317,-0.11079616599730727,-0.32601395640033987,-0.05055634371058041,0.1666912839829388,0.2674108408951653,0.5843274475741024,0.32511960869208195,-0.17570586345512773,0.3967094794785036,-0.17041563281579147
Cingulate_Mid_R,0.753390582088393,0.5877890784086999,-0.483722802008333,0.703365178567807,0.48223144600633056,0.5571614313315025,-0.24314726651667382,0.30500388110111754,0.5017986567039548,0.4825098731428796,0.4312102400652921,0.42444811854737785,1.0,-0.5745433707859073,0.6685728645419892,0.5887161077549458,0.7176919884946589,0.4330676900608619,0.7380879901458286,-0.5493723548080233,0.7130200729267174,-0.5505295668530411,0.7144545487929065,-0.42601039288146725,0.19470315983073824,0.1077442140891636,0.7582250391741607,0.7466775406771718,-0.0964107842808472,0.5327041603109184,0.7005656306415259,0.7163715637799237,0.20495141675428444,0.6118116037096393,0.5378295775392903,0.6932420809022195,0.5702677475610403,-0.16633824477992787,-0.18881019801415233,-0.42260824915939155,0.2751857872036729,0.592002182078253,0.6796526373392351,0.6228496090661075,0.444786412309932,0.2988999385716479,0.8080768635073112,0.6762549004515619,-0.2903649826379451,0.4045681134289237,-0.4450437806954555,-0.2903280707053669,-0.10990529312638583,0.5667350200308802,0.5073416004029772,0.3757873386458123,-0.24859217622483912,0.3690122845066727,0.7080971971533173,0.5921973139988372,0.7297076264990197,0.7322769003585321,0.7177387054485377,-0.0960223682105201,0.2147855947224425,0.7809536059990452,0.6665757083623304,0.5479322813776671,0.5577247136376602,-0.1554107662901251,0.6125087836075971,0.6402289819371837,0.29929323909518685,0.7407827524120274,0.43159849974985476,0.6666294903218482,-0.39904005806637943,0.16922437196148105,0.6389190705947638,0.8504271315458339,0.1075605760974669,0.7276047237496064,0.6061753535340941,0.4651409288709439,0.004638184959364932,0.696308268684367,-0.47354538928149725,0.5048708823564001,-0.44271768826884256,-0.41578328817255156,-0.4247654112597567,0.44021633695007995,0.5966156118100069,0.7920077303356783,-0.5002937642552509,0.6775243655530262,-0.17135002414175474,0.01778542567489464,0.5418706630775145,0.358615712001915,0.4717929340242136,0.2644396723370022,0.6771896595034843,0.4211735585719523,0.10893163166001793,0.03271435023869323,0.6978458406900537,-0.3258155579012414,0.6022189144868705,0.6351577293024097,-0.013608616662290601,-0.4986794421216089,0.010048900785177742,0.5474911621147533,0.5941545760484093,0.520961213901182,-0.3977515511163946,-0.34983107814035247,0.590829858181875,-0.5128978431950965
Occipital_Inf_L,-0.6916272600334029,-0.6938491268659216,0.9570853863590683,-0.8209976547460331,-0.730248940089362,-0.730295136190456,0.19908344690499122,-0.5048852328659327,-0.05003496615180065,-0.5321696982242845,-0.7172084849078392,-0.38045470366740386,-0.5745433707859073,1.0,-0.6202268224381158,-0.7653176360774004,-0.8612306393483946,-0.0904572698610931,-0.735562119624672,0.9751755181541342,-0.8093763403895042,0.9714100476673303,-0.8137788756268902,0.8312492367321662,-0.3928284388393091,-0.034147047069850237,-0.6587164837049897,-0.7502214980677454,0.2224840901261326,-0.6028454581840723,-0.4611657882634402,-0.8151550389051284,-0.021759701927111685,-0.8018224152515824,-0.702244479835743,-0.38955097275753153,-0.6585391438248385,0.4622462795637292,0.8463447259452032,0.9143282073486794,-0.45533561706476494,-0.6941638157800835,-0.3650521913989291,-0.35954994785999356,-0.43303765793046,-0.3422604160536053,-0.30449118244069523,-0.9392290191251161,0.7479747360304263,-0.5720856912054072,0.9315999437373738,0.7445045547586486,0.43816337631963603,-0.34998708945138696,-0.8039202187442666,-0.4266172681207164,0.8540408690096213,-0.37753480422522834,-0.5102877449566179,-0.8209649565650846,-0.32657912769714376,-0.891906285480458,-0.893205290318869,0.03580873333823592,-0.44188809463493584,-0.40899737767091654,-0.8533916604293411,-0.3709993366525816,-0.07526831597996177,0.4563034493589785,-0.8515743835548264,-0.7702733216274269,-0.4444279890560064,-0.48596552883940985,-0.5833939258643392,-0.42745554459966534,0.7137067331178604,0.3155988110069066,-0.905899179660001,-0.41209498404638717,0.3529457930623839,-0.7104773785189744,-0.5759707663588396,-0.6198565968511248,0.039490810868920576,-0.8545902602716751,0.8955961932097285,-0.8557990099416253,0.8460849741713043,0.9468203692776781,0.9626504159763156,0.0975143070931909,-0.5087965177327248,-0.8621899553233314,0.7654061720085135,-0.5611195267799916,0.6538539829878224,-0.04271404132146677,-0.45050616800644977,-0.04646314949532925,-0.5760185723651449,-0.4306545353394817,-0.6523541991493595,-0.6381939468582294,-0.21320176978760488,0.07182038274617428,-0.7882822593687985,0.8545907287120453,-0.8766574558403368,-0.6090102180619933,0.6371061934228148,0.8936806838832205,0.3330344986925341,-0.6450736565075179,-0.758118818983174,-0.45632627715947977,0.3555942643704052,0.7603880044196109,-0.9035399158501549,0.8189008548484117
SN_pr_R,0.5717421271746901,0.7738586736940455,-0.5802724906912365,0.7886688375732911,0.5346785864893072,0.7694514443560244,-0.42607649772856704,0.36484671651524236,0.4555651653884861,0.28365355621125277,0.5207821486815265,0.36996449786153784,0.6685728645419892,-0.6202268224381158,1.0,0.729127408452181,0.667364067228922,0.43244480368026733,0.6384776596222611,-0.5910289380257092,0.6771951125316117,-0.6128756875490414,0.7119138783674206,-0.35132762662304834,-0.03272757274908863,-0.12358465525604999,0.5587305762048264,0.6133765308802107,-0.38674434390571594,0.548368726802117,0.5362569147074053,0.6916294723081674,0.09075005026888804,0.5274612473966543,0.5226288488735887,0.6242072067191828,0.6598754544277667,-0.3555931770164655,-0.38449888028503415,-0.5196706368696032,0.07692843082714096,0.6151429721396346,0.6635098632423,0.3703484660294295,0.46824145874390916,0.050465931200436735,0.5549433056022574,0.677922603411019,-0.5070899432258562,0.6054456893864838,-0.47215856109811133,-0.3571195104593721,-0.3199494333998792,0.43712430630613897,0.5365209574801394,0.4211916065173431,-0.49282910969142646,0.197335507243488,0.6868980203862877,0.5609606231282374,0.6210216725147043,0.6792270886545644,0.7043898906150279,-0.21444603459730865,0.2077709768920916,0.43654427774788046,0.6473631366119559,0.5849642303309442,0.4743418630851688,0.10798463955394086,0.7089746351931917,0.6167842177221527,0.42294171179617573,0.39640771692771254,0.2727638447323434,0.601069073195762,-0.5632384514319415,0.0897791086920462,0.6428562190313358,0.5664145775350202,0.009337617070380885,0.5085967450275777,0.43610411445082714,0.32052836960535463,-0.1501502048523466,0.6983402595114457,-0.48106836911703804,0.4668802772602512,-0.39952373745698405,-0.46789937141129323,-0.5117551750165052,0.2829120337237502,0.7056604347884965,0.6547938880075966,-0.5407960199375588,0.6012115630960686,-0.2597657940287814,-0.011221080643297117,0.3856122169795451,0.3318949607909943,0.43756961751445783,0.09880678375378925,0.630759673191412,0.23959120089067812,0.15075866539587515,-0.08950181348688858,0.69679516125966,-0.35947016976110463,0.6920710001201604,0.6520956236873745,-0.23643312368092348,-0.5026839752445154,-0.12240376709240454,0.6683434086786517,0.6273769553209527,0.49169551280470786,-0.47550277630746973,-0.2896967250829225,0.6918583795929703,-0.5756862184800362
Thal_LGN_R,0.8170856944180777,0.7135263507086785,-0.7270253975597583,0.7078564597210749,0.5892577048519602,0.7269582187137853,-0.15798180512003726,0.4446682857231731,0.27246747656406406,0.28101776638954795,0.5216341800370012,0.43836869835655623,0.5887161077549458,-0.7653176360774004,0.729127408452181,1.0,0.7843723328641956,0.1872637426630692,0.6346565563230621,-0.7518226819392151,0.6609980610983732,-0.7571696911454567,0.6438378249622564,-0.4350211915803225,0.16470701491049833,0.11547127953774985,0.5817093998176243,0.5854953864837192,-0.17218451334825305,0.581416898358369,0.47342392601595173,0.665258930242722,0.2436328408315894,0.621489786078931,0.5477165607979035,0.5124748714507265,0.5980966845983391,-0.3298895796481399,-0.6592856327196922,-0.6671894442835103,0.2701033204403448,0.6074040326957859,0.4146290724287383,0.35575971875339474,0.6176327874047991,0.26929956721346776,0.45415362631330336,0.736222861288519,-0.5877741194563597,0.729937304429137,-0.6679449148687603,-0.631322136035984,-0.23987427992895252,0.5083995441651464,0.604278464258575,0.37053166800456905,-0.6660663413157687,0.38114180781917273,0.7143280999252916,0.5251148016059892,0.4552917905317268,0.6804212686763631,0.7491108634821249,0.1565602933829632,0.27862393978069677,0.5697778612160869,0.6609256280878062,0.37596956609863436,0.2058430696445607,-0.15398835106634656,0.678078360241399,0.5686519656434883,0.3833114499060525,0.5166436837085099,0.4984785970485281,0.7306131027063733,-0.5044010197820238,-0.2087125611634187,0.6482098177794389,0.5422924486320319,-0.005461732036100385,0.5478351758211245,0.3926323431035208,0.35208550538237343,-0.0016012294411360953,0.7879620652365328,-0.5226993895267673,0.6165887553047229,-0.49090043175559595,-0.6583368371281492,-0.7004234742335437,0.12133357700009405,0.4782731538849785,0.7148050356855319,-0.6543701215899286,0.5696245559619942,-0.2718318285836193,0.32508475233985623,0.5140110677633847,0.14105512120817734,0.3405979039551366,0.1388592979944299,0.5872347613980632,0.411796343198831,0.47558518606942857,0.08218895782055671,0.6382093327916721,-0.6128173086047276,0.7230463262749988,0.6499090771397863,-0.3771289359054202,-0.5394036212196719,-0.23448466148459185,0.6351455815946452,0.7042271706646762,0.31256834834183933,-0.3191436231217374,-0.3597954736371866,0.7218343893899951,-0.6128765741449043
