,Frontal_Sup_Medial_L,Hippocampus_L,ACC_pre_L,Thal_MDm_R,Cerebellum_Crus1_L,OFCmed_L,ACC_sub_R,Temporal_Sup_R,N_Acc_R,Fusiform_L,SupraMarginal_R,Thal_PuL_L,Cerebellum_4_5_L,Temporal_Sup_L,OFCpost_R,Cerebellum_3_R,VTA_L,Cerebellum_7b_L,Thal_MDl_L,Amygdala_L,Rolandic_Oper_L,OFCant_R,Raphe_M,Frontal_Sup_2_R,Angular_L,ACC_sup_R,Thal_MDm_L,Cerebellum_8_L,Frontal_Inf_Orb_2_R,Thal_Re_R,Thal_PuI_L,Cerebellum_6_L,Hippocampus_R,Cingulate_Post_R,Precuneus_L,LC_R,Frontal_Mid_2_R,Thal_Re_L,Vermis_9,Thal_LGN_L,LC_L,Supp_Motor_Area_L,Paracentral_Lobule_R,Supp_Motor_Area_R,Temporal_Pole_Mid_R,SN_pr_L,Red_N_R,Thal_PuA_R,Temporal_Mid_R,ParaHippocampal_R,Cingulate_Post_L,Calcarine_R,Heschl_L,Vermis_10,Thal_IL_L,Frontal_Inf_Oper_R,Caudate_L,Thal_PuL_R,OFCmed_R,Frontal_Med_Orb_L,OFClat_R,Temporal_Mid_L,OFClat_L,Cerebellum_9_R,Precentral_L,Occipital_Mid_L,Rolandic_Oper_R,SN_pr_R,Caudate_R,Vermis_7,Thal_VA_R,Frontal_Med_Orb_R,Insula_R,Thal_VA_L,Thal_PuA_L,Temporal_Pole_Mid_L,Raphe_D,Cuneus_L,SupraMarginal_L,Thal_VPL_R,ACC_pre_R,Putamen_R,Thal_MGN_R,Pallidum_R,Occipital_Inf_L,Occipital_Sup_L,Paracentral_Lobule_L,Vermis_8,ACC_sup_L,Frontal_Mid_2_L,Cerebellum_10_R,Calcarine_L,Lingual_R,Frontal_Inf_Orb_2_L,Rectus_L,Occipital_Sup_R,Putamen_L,Insula_L,Thal_IL_R,Cerebellum_Crus2_R
Frontal_Sup_Medial_L,1.0,0.720566508013176,0.6162943624851265,0.3957381730983665,0.4809938077075592,0.2527464013644731,0.4548458292482798,0.7094180367298768,0.1380882844983788,0.5420410700106543,0.5888075957720325,0.717557387782882,0.7011291668625423,0.7847110252729622,0.48012236734991265,0.6180561282599119,-0.01904235597249575,0.530529310915237,0.4237945906658298,0.463111276045523,0.75211978208556,0.4443230497615332,0.16711008066612443,0.8072150795826807,0.6829323438277901,0.8384127846303797,0.5823249378983139,0.414821778836155,0.5501231564700018,0.09083361156565294,0.5410962246659838,0.6438249830971249,0.739914616203261,0.6922202771179793,0.7295445435118105,0.35040212578615726,0.7755219729197731,0.07723552088009382,0.5613989658489721,0.5998110349808566,0.19168212087881192,0.776654563193032,0.5669204740767059,0.7800331910479898,0.4048930741264098,0.09948873207191664,0.6035867823310204,0.4290281476919981,0.5076057947163112,0.7031984520773101,0.632019507226213,0.5504625782124917,0.5632037246280572,0.5711160106461011,0.4406992817081883,0.7218125633406077,0.7626410317829492,0.5407874527644279,0.36690859521924246,0.3851636767569744,0.3406952408754255,0.6868717493535276,0.35196827327530555,0.6923162617481627,0.7837699104513614,0.49667092505111604,0.7607099490106396,0.24296786546669885,0.7677033699371704,0.12241019983659428,0.2816932836157863,0.3787835470742475,0.675180698806345,0.44787158679925626,0.7184283771967,0.5428859093323082,0.464105695678026,0.5372140462353177,0.814811577306197,0.7516788989023698,0.8360035660373583,0.5013594224479222,0.3342646403826658,0.4383281992824353,0.17863743828814962,0.5333420633223043,0.6660815219078573,0.4302503531912692,0.8184790632085611,0.850276909960249,0.6305159025956841,0.5085426756150289,0.6358416180507294,0.6381626163897036,0.27951247993098094,0.4683100757121167,0.3710430757930348,0.6750401226930831,0.32181264680853455,0.45324957722315445
Hippocampus_L,0.720566508013176,1.0,0.7385621429350356,0.4318078688596818,0.3605384096631478,0.44367285112050087,0.5674891502700543,0.636941715918433,-0.028807014881379045,0.8001891559129994,0.49088723220593045,0.7993868079817386,0.730562989603557,0.8160463101453852,0.6262533518156883,0.7423656240696719,0.1020648298321977,0.47226840367909545,0.5975347502052154,0.7244484929821973,0.7252012511981246,0.5458801851541807,0.2662391474722586,0.7248153832326475,0.3940849766635605,0.7760395329963755,0.6564430648952295,0.7280170316007897,0.5727271587793855,0.2511714518635289,0.7097627494671906,0.6995698521860889,0.9046330437351047,0.5592996374096285,0.4405481040416543,-0.02572282420173679,0.7176833906774893,-0.012559380204369128,0.71768937482868,0.38249871579758166,-0.1370823098825668,0.6771989166344481,0.3708640013739655,0.6319034205968925,0.48617061758530306,0.2620486412037432,0.5997614165189329,0.2039506287080676,0.47880680279318205,0.871284591720804,0.36160684932047704,0.31791770110810125,0.6256833754796483,0.5510283308580325,0.6354088182847925,0.6326989071707415,0.8587031398023826,0.6934641461047086,0.4584453917402793,0.30538734244545396,0.4336940389849287,0.6723101369415617,0.49986508626662224,0.7553579816200446,0.5916807236155366,0.2141202260166334,0.6201069849384808,0.5374845518527589,0.8024757186915069,0.17685515751823264,0.39721080242067464,0.36256016066490737,0.6204273192908912,0.5013837665941647,0.7117891648230236,0.6631195003247612,0.375786661484912,0.34022956313814384,0.6914019988058628,0.7453117791570646,0.7961866254725359,0.6714201960291876,0.2501038752870175,0.5261476250596981,0.06444497083828737,0.22721596221755977,0.4550219602623839,0.29908125504194566,0.74863660071733,0.7698383413721931,0.5060899158590605,0.2838571539775446,0.5151887467704257,0.6904552887089725,0.45360170683648543,0.3139932307297584,0.49812757109561046,0.5806508744756453,0.1467899893138554,0.3204388530946627
ACC_pre_L,0.6162943624851265,0.7385621429350356,1.0,0.2705117322063016,0.10497869991873111,0.438254300131618,0.8592485237753834,0.4779449087543281,-0.15339230842814922,0.518412082072508,0.30770847862672,0.6387669770259177,0.5917965465887427,0.6153514309652006,0.5888851656281774,0.5458897210250839,0.2848654076991594,0.4702991765322652,0.7058543400811575,0.5534375299420111,0.5304167390386957,0.799178759358766,0.26445239395021597,0.7056861567365267,0.11089707694426672,0.7536012587334716,0.7377713261267816,0.4292906093421926,0.6102766221651962,0.28944503922910514,0.5595329030874978,0.48953319062976014,0.6597884321090446,0.42267260870992557,0.27798376963555066,-0.13123207428377281,0.6365980049420692,-0.04826990125153279,0.6116016411011502,0.07597991729673452,-0.2520202417476053,0.5500479313916332,0.3188557789008736,0.4511515002289137,0.3771093398213777,0.2919524345442839,0.5815327061097211,-0.09193359614980957,0.15283290635711816,0.6691568215685942,0.2526868328729058,0.07843747785693463,0.6359013086076207,0.5943979570188425,0.7078552952557483,0.5020261614148619,0.8322175804765404,0.5835201318474463,0.5174907116738195,0.39532734739628367,0.616612998326261,0.3608238501748953,0.7317696564753299,0.5444224761957824,0.4304464197483294,-0.11243931358503838,0.4356951240567272,0.5153877931027557,0.8326527380658997,-0.06440773099911078,0.5553318734423802,0.4776597331199791,0.5903185307236049,0.5546173894347858,0.4876113582375736,0.7874393941356874,0.11338849087116783,0.012141640911490245,0.45325867479147836,0.5106518833821397,0.8357008974504446,0.796230724335521,0.3804864634424822,0.6523138360471866,-0.3265950849746279,-0.08020454641195868,0.3139924220956966,0.0665010263616568,0.6570344338564654,0.7448117644846743,0.37942239783409115,0.02313699670704209,0.29377482347108963,0.7461178570885822,0.6842636648125707,-0.024315673563822485,0.5399120627151506,0.4518090001965287,-0.017952186845126936,0.2166410048947695
Thal_MDm_R,0.3957381730983665,0.4318078688596818,0.2705117322063016,1.0,0.259851990770295,-0.19688947777219806,0.26453867822899024,0.2903669993595445,-0.16329394007611442,0.3596534096895281,0.29755474484827665,0.40186256101320544,0.2978406431286525,0.46779737061940635,0.1597841192142814,0.304693747818883,0.2352940330268231,0.19136523954150092,0.5619008622389482,0.26096696273148595,0.3120105390340113,0.23773672852501992,0.23658440102556066,0.43079512370478446,0.25385811081173154,0.39357841132566174,0.4026971813627925,0.47265785259632126,-0.012561621984467771,-0.1795773483489189,0.28688354463793764,0.42696662314611267,0.2899390346825445,0.4198732264343283,0.18599974883000134,0.0076760705279539454,0.35117059181100957,0.03230562605088973,0.4442896248397178,0.13549990544976775,0.015106893352713596,0.4653515012654435,0.21380568371003558,0.4439943919523327,0.3975670942435304,-0.2767361344825627,0.2681445162721303,0.18962896281498628,0.18366315544604161,0.34040444959452926,0.24667657626449255,0.09247851321449738,0.16624346827559267,0.3724389067645921,0.1423966463661984,0.2693676457239075,0.40884989644405717,0.4207055932919974,0.38192023143238324,0.27541407520347605,0.16994142190058764,0.4463868785075108,0.37941743913561327,0.44010386372932503,0.33579895015074507,0.051743494111615704,0.2136480665625191,0.05642591826151543,0.4317044050847998,0.12096140987205012,0.4916198115472252,0.28821103719788793,0.07171452625384092,0.3865189118878272,0.34183889752605634,0.4487904085186521,0.0027263362820077737,0.14460571913530038,0.40721225592101595,0.5457877384787118,0.46683578442476376,0.33901958917767416,0.2762335594053343,0.21271289127166582,0.050522371921597684,0.0933143564799066,0.3461570797600048,0.158509496995746,0.3293103317573089,0.4259601201240745,0.3170990211793926,0.041874309871035506,0.1356072502321759,-0.05077028726699957,0.08336102566653444,0.0636550042216929,-0.08274924201485416,0.11643665328198094,0.14012143316920042,0.13616214219281333
Cerebellum_Crus1_L,0.4809938077075592,0.3605384096631478,0.10497869991873111,0.259851990770295,1.0,0.031222980307678273,0.004769009135884102,0.39404960302702463,0.18021465487268185,0.5413872749533887,0.3107459145949408,0.36195132819690595,0.5156492706456811,0.497431235774566,0.289094022484758,0.3142940408474138,-0.20019360465565816,0.4352032202252125,0.07564051445802705,0.3226881561335046,0.4361303964790313,-0.04466269610212927,0.22949242605927805,0.38151566951381116,0.48169365623792776,0.25987065723449254,0.26899043071686035,0.5821549354017627,0.12430174466079978,-0.06723082647466519,0.31778471907475925,0.7402273374396995,0.3588557271678037,0.29160771762226173,0.5283134690057809,0.32704590008333173,0.4693814208088268,-0.02257953486533516,0.3677014776481946,0.4309479277801094,0.21214394323476818,0.5096620923171578,0.5362894413513017,0.5018277433857005,0.2824864940024109,-0.07469597734609826,0.09675821970564606,0.34527947868713793,0.6714724277082926,0.4081206242931764,0.3574379824367534,0.7172591819353253,0.2594227562678343,0.1546857533656571,0.07700181567038844,0.4207705579871698,0.4172898865434685,0.17377876571526463,-0.02804510572427407,0.0012799708274618678,-0.04743882246385971,0.5183649191855646,-0.03024867981522203,0.5850056506218221,0.45703082389921823,0.6184197489365937,0.385348806562839,-0.06401457399536065,0.3454261560880526,0.5158124022667815,-0.06056275608517588,0.09976383958123805,0.34102725302067366,0.24638387799841957,0.32216975012727156,0.14600913133343627,0.23969178607507818,0.65768682693547,0.46991049128666174,0.4037743166315033,0.24362963086766035,0.0777349734094455,0.30419399665952007,0.19576487041871046,0.6284588731720656,0.5994189229939382,0.3672189988588697,0.8200977438515529,0.31754791562087203,0.43235683819114445,0.45814677453874675,0.6840854462126983,0.7439648300179047,0.1810572517492561,0.05032868501310647,0.5956581558524948,0.06358690889375292,0.3735227910257741,0.33092606421574594,0.38693069397502233
OFCmed_L,0.2527464013644731,0.44367285112050087,0.438254300131618,-0.19688947777219806,0.031222980307678273,1.0,0.4098725846258608,0.29381860051490516,-0.2654070330990096,0.14259956047834127,0.11876567264424409,0.2448610727537839,0.23321511063433178,0.2637153326404409,0.25441964977950765,0.326650820115877,0.12282917326014083,0.03197825425277823,0.3085583194735002,0.27919470615956654,0.30902951329172346,0.3802304463723424,-0.09865868778041607,0.25980463391408926,0.06564050177566523,0.3382857650689588,0.17570471019872433,0.1907890931525514,0.32475511220173364,0.42737164294285124,0.15569717019725535,0.20921618465189126,0.4341232935187594,0.18549784225772714,0.11889422164882141,-0.14401923495035632,0.2782156803969561,0.020245658569897677,0.2645370082781203,-0.012348226966155703,-0.09973376254434524,0.13760025480177296,0.19261692777369885,0.17423823351645842,-0.049662396966969204,0.41060717947444886,0.4999658374262582,0.00361755183673707,0.14262826995939296,0.36486430446491513,0.048364852762099085,0.08271057056901442,0.20598022459532017,0.13234406321767966,0.42929415666313253,0.24817010383824528,0.3659913662476006,0.22348098444111889,0.4910380897625898,-0.005400020423798302,0.40033558627710997,0.18465172798301246,0.4038476349127135,0.19192032969671435,0.18756991117198396,-0.013022441979743251,0.2948140163494084,0.41893771586914624,0.3348754489649198,-0.02036132406300673,0.1976861237329186,0.04748904619219674,0.24449395666298673,0.23273763987005433,0.09939605911295042,0.43482568596792354,0.17721121928995495,0.08668876337570962,0.24674589343020184,0.0691337486337898,0.38683501804000503,0.41134003404142866,-0.11534960591374926,0.33816934656060477,-0.1137861008005862,-0.030627280735667835,0.10795232770882543,0.11528713344542074,0.3145605022363796,0.31311342068182646,0.05480312943805771,0.10188285177430588,0.18903221371588644,0.6120340762330676,0.3775734314303761,0.0891750439941612,0.4885247492352904,0.28123766288505053,-0.20415421824021357,0.2272689671894967
ACC_sub_R,0.4548458292482798,0.5674891502700543,0.8592485237753834,0.26453867822899024,0.004769009135884102,0.4098725846258608,1.0,0.3221309498934081,-0.1651247575781609,0.38240178555432025,0.12840495196384524,0.4525186098754861,0.4369826096442051,0.4548677128313911,0.5724657209292798,0.40871724198407583,0.17644541263744767,0.2958321886602086,0.7071891926787711,0.447310725988314,0.45426825142226207,0.8277595859505258,0.2340330461656335,0.4887971313465085,-0.026342481795325418,0.5446054611241267,0.7172857276892051,0.3012717598478979,0.5068388738022329,0.03652187367791803,0.29554786370335506,0.30239522950804837,0.4940798537944765,0.36818070357574956,0.14579613219940732,-0.1616117046748873,0.4087104293620194,-0.10803241109591709,0.44713521858034705,-0.030417197903790744,-0.19739642481446967,0.37765634414396504,0.2724386996840474,0.26869555529468614,0.2501212785177096,0.4826136209381616,0.5352695009328376,-0.11488138009322083,0.029856538499000745,0.49879199028159227,0.23774747162956403,-0.08827089916260239,0.42388665742803494,0.4976241105574361,0.6364518152072821,0.36811344178699906,0.6763799074328368,0.4726644905156068,0.5898568831872232,0.39949063593254774,0.6970164213711074,0.3199902090507882,0.7830352033926633,0.38372658794295295,0.25959189109328223,-0.23332475529576618,0.30430548296123366,0.333192618934442,0.6708806264036019,-0.0015828235181268818,0.6347753031913559,0.4673681841233067,0.4935648296446233,0.49169265901654646,0.22934606427497825,0.7027795084773806,-0.11064949056582178,-0.08325989457623362,0.32498738387313264,0.36186216086807144,0.6715816049608605,0.6719107834094403,0.3109135519112726,0.5437985404835323,-0.37782135584569787,-0.205067273506457,0.1792909625691993,-0.04845409613855665,0.4400590415056373,0.5854356085247362,0.21086359948361225,-0.1089833240630625,0.08282849492856324,0.6072973601386112,0.7699447031841583,-0.16654093454311392,0.47792086898801145,0.379889021185511,0.0002645295765498239,0.18896091219228772
Temporal_Sup_R,0.7094180367298768,0.636941715918433,0.4779449087543281,0.2903669993595445,0.39404960302702463,0.29381860051490516,0.3221309498934081,1.0,0.2082839933723897,0.5202292515574463,0.8034844224891721,0.7764366533571007,0.7388440368746142,0.7124086958073705,0.48837456080156116,0.7717161517407733,-0.07254268195703095,0.3893691863575401,0.29664842810767106,0.31843371863614406,0.7590386173506497,0.4058831579148882,0.28594238402205446,0.7512864606891518,0.5997071293705819,0.7525749141852905,0.4846139685702315,0.5485783576439567,0.5741981446647674,-0.02382474765282619,0.3279744913122571,0.7144480384741215,0.7523178166571773,0.623319890180813,0.5865573430888329,0.28106857380863975,0.7523366669065782,0.05037203368649419,0.6711066854196348,0.5791503190596043,0.21869520251411215,0.7569189338412936,0.5492556309814696,0.8093062353366938,0.3296726080051882,0.1646025860488488,0.5541788969246202,0.5071023702361875,0.7167302133478934,0.729335646455373,0.33413022475439846,0.40631086929650895,0.42369994594498034,0.6381251965731926,0.3313541986741186,0.8065956133129308,0.5870940502602815,0.7349783951280134,0.3427302895015757,0.18650316826917063,0.435545752046342,0.6170725766180424,0.34530995396712105,0.74030903243226,0.7651072785324169,0.35716762388668505,0.8105971053885307,0.15089431217643487,0.7052971440475644,0.3043134756214559,0.4293903526478195,0.20557552704457238,0.7189948075937129,0.441894328427889,0.6857674888704164,0.39183972379220067,0.37586641240543756,0.5879553922185625,0.7624230251186149,0.7863874660537808,0.6812003017391542,0.5172152073036189,0.0938758053273217,0.41726020444297607,0.10821216142048262,0.42354279946048573,0.6684354603937375,0.3674307940135463,0.7811261300718313,0.6729179970226131,0.5342416422074804,0.4214331410423253,0.5401003891925396,0.5196396415933968,0.29208286413813855,0.47763208572745475,0.5387009705471144,0.7646056178142088,0.4449711026382163,0.5213806300117396
N_Acc_R,0.1380882844983788,-0.028807014881379045,-0.15339230842814922,-0.16329394007611442,0.18021465487268185,-0.2654070330990096,-0.1651247575781609,0.2082839933723897,1.0,0.1722752589485409,0.2641456239897343,0.12141564668604128,0.1768980520318056,0.13307424845785046,0.3772005535785403,0.10007318653040018,-0.6102104071449593,0.18072092324406477,-0.427236090662505,-0.15391396979075503,0.2509784950375756,-0.11590112012075297,0.1303747187059814,0.06232504495942456,0.35476914197235926,0.08697055092205716,0.01757910362656666,-0.03061611809194573,0.43204211764591344,-0.4222928812076247,-0.041555501263542856,0.10704186612366481,0.11415936812647391,0.0909414989371881,0.362579366566423,0.35724638930606106,0.18088525883669007,-0.18227953731972033,0.07673560665876368,0.5135534387636913,0.46245394756734787,0.1415910695938367,0.18694117033204458,0.21338581266721443,-0.06364144138333139,0.08308370775235528,-0.16683592991163826,0.34884778186325854,0.280031415266012,0.008210253432824718,0.08586412830292085,0.2958882536794514,0.06822393367018104,0.1259267073218271,-0.07444507188279363,0.33323422966637867,-0.08003455857720858,0.01701602749595986,-0.22987722293574706,-0.26051535230024053,0.04173892214420873,0.14947971554974473,-0.3025333450577838,0.2307404021368456,0.24604117790355778,0.40612127029190115,0.1877056108071796,-0.3716579810972788,-0.00890037211379124,0.2440239314749853,-0.2288511372427054,-0.2581076383449365,0.468970297954572,-0.23481130507076453,0.21146975687957376,-0.3528762271617333,0.11063533103971426,0.35591150774737257,0.14193388613492805,0.23209724544365273,-0.031376028819938284,-0.2358737370606568,0.2117012226303745,-0.0869894231130721,0.33316522543786137,0.42727052282455497,0.2847265305761897,0.21647751369450233,0.21361171886098476,0.10656865591340273,0.39439914413772814,0.33923438453591515,0.26728598914327945,0.08995141279368184,0.010969696987924382,0.4196327855269345,0.18998321747235383,0.4361126319264386,0.6338248547868777,0.07474750447397262
Fusiform_L,0.5420410700106543,0.8001891559129994,0.518412082072508,0.3596534096895281,0.5413872749533887,0.14259956047834127,0.38240178555432025,0.5202292515574463,0.1722752589485409,1.0,0.3958094077099396,0.6927840849268911,0.7686957275988857,0.7576646682993231,0.5768361863397632,0.7106174813478522,-0.13544136646109659,0.4776722917862278,0.3673933532822391,0.6547401064592417,0.6546672225611186,0.3463649079472168,0.38236556460325744,0.565365535466207,0.30416353044478933,0.5533957285443126,0.6427868063255827,0.7675771398213311,0.3994871562070424,-0.0014979825183386725,0.5583925249129893,0.7643023266542167,0.7481602329914256,0.40152995795170476,0.4005743896378126,0.006271607135797962,0.6181152111202146,-0.20691985844616065,0.693460070755588,0.4727476640791374,-0.015297588114464892,0.6067533601241824,0.3331818285170653,0.5373691616914722,0.412867327346973,0.18038152864897208,0.314047510641349,0.2579099867071325,0.5501589784832915,0.760825785982766,0.28103947143647573,0.4240285604064262,0.5660440108342667,0.5119785768167019,0.3702531786000963,0.6090735549329469,0.7159319480226591,0.5643816980880578,0.1508792740101315,0.19687796549375508,0.29568512693606813,0.6692468537220448,0.30001948908987097,0.746696636210263,0.49223118922698816,0.27669627695064836,0.47666638063486927,0.21497764074235792,0.647501715848057,0.43074573273189737,0.25736227935350237,0.33549870361173945,0.6102844356168025,0.37439643331851813,0.5895462069857768,0.4089880809869822,0.20247862885294846,0.43097356892890537,0.5133913109361272,0.7100988590250177,0.5535249456905076,0.43604801290072304,0.3604441034705851,0.41152854809762557,0.311592189438576,0.283377949721462,0.3478489282524065,0.39354074089371927,0.5813421580400624,0.6108700547606442,0.5123094392898918,0.4031154632449491,0.608351705287507,0.3978942820923238,0.40418135983979164,0.38397620550852546,0.31950828145900895,0.46975006400407693,0.36171270320365717,0.2553106505020217
SupraMarginal_R,0.5888075957720325,0.49088723220593045,0.30770847862672,0.29755474484827665,0.3107459145949408,0.11876567264424409,0.12840495196384524,0.8034844224891721,0.2641456239897343,0.3958094077099396,1.0,0.6903426989311617,0.5930158615153649,0.5298166408629134,0.3837014288108661,0.612061292555052,-0.06392308884233612,0.37722954703944556,0.13266124169985977,0.1281121580503269,0.6404336464685039,0.27724933155216824,0.21075329668818815,0.7177215587853074,0.6749225175705192,0.687630773690393,0.37581249564262026,0.44319784142047364,0.4718775515838483,-0.04675792021853629,0.3001955388639852,0.5703390493344596,0.5939176641822635,0.4546138566177685,0.6191833192343728,0.2934406426245529,0.7011085254159537,0.10193950345444648,0.5701312292491386,0.5609263262519668,0.2519174235906274,0.689997121918508,0.5919004922862295,0.7890064383142344,0.20048742125643604,0.10167534615923639,0.40053380355208046,0.49455093995599575,0.5755418053235797,0.5528960216005595,0.1338141876712409,0.3696516071294064,0.3955789807457902,0.5789040324317622,0.2664469979083016,0.7324308849566112,0.4313818417767468,0.643270202895438,0.2599676386465434,0.09054185956322101,0.2934089073087941,0.4376121746641049,0.18142023314792755,0.5864512578906176,0.7590198796452868,0.3655599181806819,0.681849057358868,0.1400400464590255,0.5616082885149761,0.1377136498382472,0.2831480980400936,0.11635041888041535,0.5876383265242618,0.2751790223597538,0.672835557645878,0.24310796482981434,0.45656026683577344,0.5338608898768794,0.7460131729446424,0.6975026079843429,0.5582112418909136,0.38164871367126885,0.12673128886558524,0.25906403925965826,0.09732578442286867,0.5013999115823334,0.7333742100463281,0.23722727389192597,0.7426050873144896,0.5324196335436641,0.5281232971836167,0.3936868063575316,0.4482078272488515,0.353505582068187,0.15843531409322667,0.5648914103537452,0.41159209809864755,0.6342951870462912,0.4958234005445427,0.2647391019344651
Thal_PuL_L,0.717557387782882,0.7993868079817386,0.6387669770259177,0.40186256101320544,0.36195132819690595,0.2448610727537839,0.4525186098754861,0.7764366533571007,0.12141564668604128,0.6927840849268911,0.6903426989311617,1.0,0.8180680904156468,0.8127618211560347,0.6154526412215668,0.771345441082157,0.005626029777139971,0.6212903189241537,0.4298292757257774,0.4406484622387789,0.7803460197405429,0.4825976858667468,0.39743802955655944,0.7773906570464416,0.5525756315701368,0.831307620407497,0.7255121457403937,0.6421327162362003,0.5772991364498417,0.02923091014712587,0.6047212176345411,0.7282981573485853,0.8062074619233199,0.5987738551464801,0.5363276592705247,0.1516741527907503,0.7641718134902906,0.03477492998985177,0.7682047720112429,0.5505571612696213,-0.010797337151380303,0.7808590753544479,0.4607841466781345,0.7379216877355176,0.39344071697368876,0.18355317093763387,0.47539582960951127,0.3426774806639886,0.5246672632428379,0.77397740879256,0.3454763684068069,0.3514425148631514,0.6901463178499357,0.6837628354894546,0.5158148570817108,0.789149153031864,0.7667286406688872,0.8309828853048393,0.2692011735132876,0.1273968765464583,0.45093686713492315,0.6400249843698651,0.40118833908690493,0.8225393365011668,0.7453622216540576,0.2608160344383122,0.7098926325624727,0.34996827169842193,0.7936570947788464,0.17525906111218703,0.3799693464786841,0.210956341436291,0.7456904398072256,0.5239277841953891,0.8573171295661797,0.5221202388540488,0.34056390187037544,0.43150821367745285,0.7524489864051743,0.860538602995488,0.7516317569698342,0.6092711885645287,0.31931392839634903,0.44136549035720724,0.02948987348767236,0.357834305689787,0.6200778982819081,0.2587414227337642,0.8528135742856962,0.749194793322116,0.6454410889743694,0.3341916348073025,0.5436130917340197,0.5478043462823909,0.4314726312539133,0.41265033579897753,0.5809043036689866,0.6823102108216985,0.3886145809737953,0.3433232033342608
Cerebellum_4_5_L,0.7011291668625423,0.730562989603557,0.5917965465887427,0.2978406431286525,0.5156492706456811,0.23321511063433178,0.4369826096442051,0.7388440368746142,0.1768980520318056,0.7686957275988857,0.5930158615153649,0.8180680904156468,1.0,0.8135062435303678,0.5711156369060962,0.776374542469755,-0.10774660613253227,0.6142918951186023,0.4064402642662155,0.40493099737494653,0.7242135924927201,0.4880888284941925,0.40013805126677987,0.7614197110744038,0.47929484107948883,0.7298316835857825,0.6850200052984307,0.6410872932481119,0.5270925309832694,0.03916251121763029,0.4632336764898862,0.8351940458417012,0.7761132205999599,0.6137110574454266,0.6020852233687985,0.1352783618788605,0.7773305740258754,-0.07770567943128076,0.8223879252589676,0.5705996438446392,0.12347082285989636,0.7742256971873703,0.6002199657194245,0.7375464429002452,0.2653263095250207,0.27567544000763594,0.5103180474310992,0.40151577823379925,0.5683268776876604,0.8083957272542582,0.40026609151082493,0.4950251976811891,0.5927362561238371,0.7437716445429708,0.3750607537999165,0.8240310224208225,0.7423981306261623,0.7193561200350512,0.2856233240800967,0.11861062188268948,0.48591941173952224,0.6711717623467958,0.461040219512302,0.8222730290968289,0.7015672415277552,0.29568071955043823,0.6450413621988328,0.20349091833318117,0.7636711056427392,0.28230907943230255,0.39976508183001236,0.22305854950884396,0.7848842013054781,0.5165840260746326,0.6921989530191468,0.5113003132551192,0.20041429800908023,0.5534083263922942,0.7063661582480684,0.7718103921505711,0.705003430762812,0.6352243288287944,0.41725605759525275,0.575053597704238,0.13245410886982814,0.3403576547196882,0.5738571273657174,0.3615557014297787,0.7483042458212885,0.7802857801680383,0.6613032234224303,0.48295074162959795,0.6796360920240018,0.5195214697908535,0.45048605231042915,0.4462544354354083,0.5841281043981797,0.6190832518190663,0.47038678288289903,0.30137658675728757
Temporal_Sup_L,0.7847110252729622,0.8160463101453852,0.6153514309652006,0.46779737061940635,0.497431235774566,0.2637153326404409,0.4548677128313911,0.7124086958073705,0.13307424845785046,0.7576646682993231,0.5298166408629134,0.8127618211560347,0.8135062435303678,1.0,0.5372389170569932,0.7348317723462003,-0.0834801498089481,0.47168330566417255,0.5095952636980479,0.5036166493635157,0.7798249345913358,0.43392886043899126,0.26579911280760865,0.746026758166738,0.5376053950180013,0.7954149302236635,0.6306992101831295,0.6431735296127298,0.4981023763081599,0.03032846960451523,0.5360916719110819,0.7673240526697338,0.7753552227951686,0.6643597513334298,0.5759399337469748,0.18080155520009591,0.7746284675794969,0.05788179320663416,0.7690635253800113,0.6226809027668767,0.20589686306256258,0.7529290748832719,0.48104089880633405,0.7520645789212654,0.30914986850862614,0.1202181226762327,0.5674634520281073,0.45152760908974876,0.503086535742392,0.7160532583317282,0.44659095910924135,0.5017756271158581,0.6144437296901476,0.5914982743748552,0.37096066517496196,0.7812750263776561,0.8095613149742359,0.6866748978760508,0.3512187480077431,0.2026121990014982,0.39335607688744306,0.8451304656453421,0.4766118473689289,0.813482075247495,0.6713391075730429,0.38585556848089375,0.6449569014629866,0.21203585244676307,0.7366269611606763,0.32883393851624343,0.4024581060109685,0.2512637411558096,0.7301349231796218,0.5009081060628247,0.693287901467796,0.5770765946434132,0.25911127273899354,0.5040076586806919,0.7604025511910417,0.8299435094032518,0.8064446421703866,0.5702835765473906,0.33855340258250405,0.4805934838675988,0.29562883859463807,0.39176545651964517,0.5774710077148194,0.46551109986630823,0.776832089233997,0.8245408786006584,0.7504160790827239,0.4701006474277233,0.6402633918277298,0.5443503273251443,0.3773666899698789,0.42185020835426656,0.4858396973312944,0.6065825932713461,0.3504557818591526,0.3503864975142443
OFCpost_R,0.48012236734991265,0.6262533518156883,0.5888851656281774,0.1597841192142814,0.289094022484758,0.25441964977950765,0.5724657209292798,0.48837456080156116,0.3772005535785403,0.5768361863397632,0.3837014288108661,0.6154526412215668,0.5711156369060962,0.5372389170569932,1.0,0.4868918302823892,-0.29520562438544723,0.5509941315396528,0.2977171751922419,0.46984896088556827,0.517520820148935,0.6581263599465325,0.43570396453916965,0.5285772206031445,0.33304273524472444,0.5477574848340835,0.6156880030765897,0.456713704544238,0.7482137458886283,-0.09838419268231295,0.3573588475024776,0.5080309800071918,0.6731794709741967,0.3729045296602659,0.39053070261770734,0.07067137424368737,0.5481349655268327,-0.17220665280719802,0.4952451375974038,0.3658385251685405,-0.002165372135260047,0.5153915384600983,0.40761411747586074,0.41902954162871364,0.2889183748239789,0.3358623149360502,0.22504257260561156,0.22264569647089522,0.3990085915555094,0.5913217234121163,0.26151478679741214,0.2594272229760341,0.44823460317317115,0.46483051578243856,0.4892607940497942,0.4897598027468916,0.5779776826095828,0.5612219338418639,0.36825488540335,0.0970511658723006,0.6583382464994286,0.41927255031799726,0.4155021902295762,0.6414861991273496,0.4587335565925046,0.17212093147736318,0.40227412320619166,0.15483041127873137,0.5928248329452189,0.19766959505349138,0.3338353070207135,0.2161220199578997,0.6972811213816466,0.32371136617621954,0.5021209379627702,0.4505373593270381,0.04036407342001479,0.2876601394799044,0.4717577061150624,0.563492632021704,0.5439206554970047,0.41431552008969863,0.4025607816781073,0.32985425465316215,0.06054995874511587,0.21450176664693427,0.39984797710487,0.27780039015577057,0.5603672637040873,0.6046241353160793,0.48009440218764954,0.29327716155664074,0.4018937834991491,0.6476145882512586,0.7544769408481242,0.2707405952851335,0.6041561634973694,0.6133892861993803,0.4045910118794332,0.3282943787936788
Cerebellum_3_R,0.6180561282599119,0.7423656240696719,0.5458897210250839,0.304693747818883,0.3142940408474138,0.326650820115877,0.40871724198407583,0.7717161517407733,0.10007318653040018,0.7106174813478522,0.612061292555052,0.771345441082157,0.776374542469755,0.7348317723462003,0.4868918302823892,1.0,-0.10223475728522068,0.3806165820292997,0.39536985589142387,0.4385863755487996,0.7722901974693569,0.4050286259372974,0.330227172371476,0.6195420623414261,0.37303165898542595,0.6610688206231313,0.5648940822456209,0.5990704670080278,0.5265295462452815,0.015472991337005894,0.4148587587348197,0.6837094288329073,0.7982761007649263,0.6259705149186183,0.4096733079191858,0.12660945146124208,0.6042054201681583,-0.023255991212783492,0.7115384860692116,0.535556790836375,0.12092289471666905,0.6294450723350308,0.43152630016634574,0.6521427373528462,0.3207361525969538,0.25649078994681546,0.5233314972190607,0.38523614517613625,0.5078734946416819,0.7551517179032251,0.37630468439318,0.22180728134018785,0.5904679258898665,0.6910802408860467,0.3942573145241451,0.7355993171769193,0.6676125736120334,0.6770215912359855,0.3089818328089767,0.2675207456338237,0.44095387183987805,0.6634817651702826,0.39519065858699404,0.7176231707305174,0.6263405595803383,0.142978693295633,0.7050341308844892,0.24174105251216202,0.6454914756843888,0.29233638805907136,0.3834665528938693,0.2576646042382699,0.6644060494119359,0.4380890662827975,0.6089037383398135,0.3747929014992936,0.3115916617963672,0.375053388326914,0.634728379560253,0.747925486581556,0.6476644911019294,0.5362796519556063,0.10154321209743766,0.3466380775004106,0.07013410463279046,0.2087561976236356,0.5020495719944466,0.19875039592467608,0.6996660465329437,0.6031930534820613,0.539054356137341,0.21087064916233314,0.44594282427596216,0.48591758268080626,0.3227780839483973,0.28277151656699295,0.5014301562242369,0.6640510934713021,0.34010851904084466,0.3154504166437403
VTA_L,-0.01904235597249575,0.1020648298321977,0.2848654076991594,0.2352940330268231,-0.20019360465565816,0.12282917326014083,0.17644541263744767,-0.07254268195703095,-0.6102104071449593,-0.13544136646109659,-0.06392308884233612,0.005626029777139971,-0.10774660613253227,-0.0834801498089481,-0.29520562438544723,-0.10223475728522068,1.0,-0.019436038452829273,0.434230887751201,0.019445848901750332,-0.17051191423580667,0.11160006164768543,-0.16683527928926853,0.17667563659137797,-0.2728527250100718,0.11000619633858486,0.07791503246152418,0.08854276207232147,-0.16578753263485763,0.44404769680397466,0.2980007981276038,0.017337699094567338,-0.08847168503968307,-0.07024567080021771,-0.2019650833479698,-0.37475070141685957,0.03708765698724071,0.09188077942521887,0.13122642497634812,-0.5456837026638912,-0.5383510836592751,0.05037923095958746,-0.11864345771375812,-0.003625912970962372,0.2530253167966457,-0.23141475821132387,0.17478028174177362,-0.5190060369634926,-0.15589930940856606,0.11138111109652203,-0.15951339664842906,-0.21101039170174227,0.08598853029536144,0.029773821103596294,0.33059639653584927,-0.12850571205325845,0.1446922076785557,0.07708492414654505,0.19436934037548328,0.11217584691005314,-0.0316196618452479,-0.27972728617987314,0.30745621501578496,-0.07111555881600455,-0.03011358741007198,-0.370347643061889,-0.08438303199837614,0.5351323852603416,0.19215377818391782,-0.33711397873630616,0.24028432311339815,0.1364997739565578,-0.30075264986163514,0.3417575208765589,0.03990648381334728,0.39282660256645896,0.1004035900107263,-0.2902184069644655,-0.035288779808387204,-0.14068461539353178,0.1532055856695578,0.44677206243531065,0.08809150132765556,0.34696787243787935,-0.49308000843961,-0.3589206859416535,-0.06087396355887364,-0.2230643966000721,0.03342078963205108,0.06040443777952704,-0.20940256588053022,-0.2880587921907339,-0.1699129484414217,0.05156187903595343,-0.06707720836099046,-0.2934108607431747,-0.09348099958837713,-0.2486274533212168,-0.5310740814635798,-0.054462592471591006
Cerebellum_7b_L,0.530529310915237,0.47226840367909545,0.4702991765322652,0.19136523954150092,0.4352032202252125,0.03197825425277823,0.2958321886602086,0.3893691863575401,0.18072092324406477,0.4776722917862278,0.37722954703944556,0.6212903189241537,0.6142918951186023,0.47168330566417255,0.5509941315396528,0.3806165820292997,-0.019436038452829273,1.0,0.21893537365821547,0.26202234779022043,0.4303356720984884,0.39947410595052985,0.3326493082541166,0.5473458181837568,0.38941712854899097,0.4974321716013885,0.6161525129665275,0.45195158776920413,0.4383870338162098,0.11148623254058652,0.5455029897747915,0.537183135646692,0.49647978484849903,0.3840468744449009,0.47032743226936174,0.13978626823278278,0.5441170873670645,-0.1434511172080235,0.4142394094050178,0.3195371326232139,-0.1551347713286174,0.5883890628992278,0.458313157394707,0.4258878472428518,0.3167872725001889,0.07085575298506966,0.09700214862884529,0.10273293704280193,0.3497687682585612,0.5327619845511348,0.38764699639897476,0.35924313258788165,0.6142112549054417,0.485496914003888,0.4180693441523157,0.4599213509140981,0.5733771892162389,0.4201653436519697,-0.009527573988355544,0.08874396647017943,0.32961995741550204,0.3312690206523943,0.2460603060033223,0.564340764536359,0.4982596779221733,0.2675189426580249,0.4482583799385881,0.25742939225887357,0.5794069017335288,-0.06377663623556805,0.10144113497306922,0.2020816622551004,0.5478151775137413,0.47988552831777104,0.6283660352349494,0.413979753308806,0.16490491419240808,0.30024234256852783,0.49400979332647227,0.48716093269791116,0.43859372272103786,0.42431817150574896,0.5632206349706469,0.4167808734712942,-0.021507437935418403,0.2997589047787879,0.39601971902171734,0.22978732892930842,0.5211598575964873,0.5747888644388454,0.44419749416569765,0.3390589083152799,0.4757904882464547,0.44476386554627373,0.4557444078078029,0.30077484126680143,0.3728338293978909,0.3975003763546094,0.316671079119343,0.1538174766930239
Thal_MDl_L,0.4237945906658298,0.5975347502052154,0.7058543400811575,0.5619008622389482,0.07564051445802705,0.3085583194735002,0.7071891926787711,0.29664842810767106,-0.427236090662505,0.3673933532822391,0.13266124169985977,0.4298292757257774,0.4064402642662155,0.5095952636980479,0.2977171751922419,0.39536985589142387,0.434230887751201,0.21893537365821547,1.0,0.3389447507383569,0.30872374144895176,0.673510731605221,0.2119749589443484,0.5073713668425417,-0.036987236833738724,0.5094076078438292,0.6002231773937035,0.42825620319400465,0.2479656932949012,0.20613781480921636,0.4043714985283739,0.40566008562765166,0.45228318521597666,0.4824080673278516,0.11841755474188506,-0.25171779730977345,0.401554349886874,-0.0374650647177902,0.5503213176034467,-0.1244170613229613,-0.20692577095426237,0.4419258367692289,0.2779482211780871,0.38615362049417606,0.18853669755035496,0.07433394818256828,0.6121076544770595,-0.13653368977528235,-0.020738436083836527,0.5172422252982735,0.30202194221363166,-0.12513765750700964,0.399227849236565,0.5125183412715918,0.5050625277861212,0.2825013243794556,0.6742453298641047,0.4348511028778166,0.671735998483682,0.36820741892820563,0.5102957400800894,0.3807880769435341,0.819787744714339,0.41021499447613885,0.3233423378182123,-0.28189401008274595,0.2388598223690109,0.3437177766369273,0.5948211518683909,-0.049656172985476005,0.7015422727201367,0.40865851526679736,0.23710362070329793,0.6229122578794063,0.1989033431678909,0.7765274345506938,-0.12813732859430582,-0.10808417310559129,0.3776625412972711,0.40822620853120434,0.6347565131638986,0.7553178739687021,0.33597931299300265,0.5498234656134973,-0.35088687103142707,-0.23777907739257056,0.22042164211595464,0.008926629100456473,0.4081003059270989,0.5643972837957104,0.24162995240922613,-0.17783079316045203,0.05697746615703463,0.42315742091235653,0.4719240654624316,-0.20410356869547733,0.3688821422846929,0.13358549124284458,-0.2247812455216804,0.14859684966834538
