,Cerebellum_4_5_L,Occipital_Mid_R,Thal_VL_L,Frontal_Inf_Tri_R,Frontal_Sup_2_R,Thal_LGN_R,Lingual_L,Cerebellum_6_L,Cerebellum_9_L,Vermis_7,Cerebellum_4_5_R,Temporal_Mid_R,OFCmed_R,Parietal_Inf_L,Occipital_Inf_R,Thal_MDl_L,OFCmed_L,Cerebellum_6_R,SN_pc_R,Frontal_Sup_Medial_R,Thal_PuL_L,Thal_PuA_R,Thal_Re_R,Caudate_L,Temporal_Pole_Sup_L,Vermis_6,Pallidum_L,Cingulate_Post_R,Angular_R,Cingulate_Mid_R,Thal_VA_R,Precuneus_R,Temporal_Inf_L,ACC_sup_R,Thal_PuL_R,Frontal_Med_Orb_R,SupraMarginal_L,Thal_PuA_L,Vermis_9,Caudate_R,N_Acc_R,ParaHippocampal_R,SN_pc_L,Fusiform_R,Frontal_Med_Orb_L,Rolandic_Oper_R,N_Acc_L,LC_R,ACC_sup_L,Supp_Motor_Area_R,ACC_pre_R,Rectus_L,SupraMarginal_R,Parietal_Sup_L,Red_N_R,Vermis_1_2,Temporal_Inf_R,Vermis_4_5,LC_L,Thal_VPL_R,Thal_LP_L,Cerebellum_Crus1_R,Thal_PuM_R,Thal_VL_R,Cerebellum_Crus1_L,Frontal_Inf_Orb_2_L,Thal_PuI_L,Thal_IL_R,Cerebellum_3_R,Red_N_L,Rolandic_Oper_L,ACC_sub_L,Cerebellum_8_R,Vermis_3,Temporal_Mid_L
Cerebellum_4_5_L,1.0,0.22965927514382925,0.652215135975477,0.768537091859372,0.7614197110744038,0.44001392409668316,0.7195287246622801,0.8351940458417012,0.8535120347332834,0.28230907943230255,0.8754522037362228,0.5683268776876604,0.2856233240800967,0.6243100283905323,0.10588120299777497,0.4064402642662155,0.23321511063433178,0.5692463995621949,0.42274373007888594,0.7586323521568371,0.8180680904156468,0.40151577823379925,0.03916251121763029,0.7423981306261623,0.5987822615461394,0.5763146858309924,0.40059183373014007,0.6137110574454266,0.37858172168201776,0.7310573187802418,0.39976508183001236,0.6897440145036405,0.6063832682207304,0.7298316835857825,0.7193561200350512,0.22305854950884396,0.7063661582480684,0.6921989530191468,0.8223879252589676,0.7636711056427392,0.1768980520318056,0.8083957272542582,0.3617001702575697,0.6744651804278339,0.11861062188268948,0.6450413621988328,0.22572548482968482,0.1352783618788605,0.7483042458212885,0.7375464429002452,0.705003430762812,0.45048605231042915,0.5930158615153649,0.43671447438664196,0.5103180474310992,0.5406413175434962,0.35027994791229816,0.8795879692773313,0.12347082285989636,0.7718103921505711,0.7774973807783359,0.38882837097001327,0.45038156486771747,0.7018739448592174,0.5156492706456811,0.5195214697908535,0.4632336764898862,0.47038678288289903,0.776374542469755,0.18480505076967882,0.7242135924927201,0.4014006169551512,0.26886143258515677,0.7465854929736322,0.6711717623467958
Occipital_Mid_R,0.22965927514382925,1.0,-0.19887395789980486,0.2382624948595255,0.2160659158181151,0.217054814723226,0.6397369670007884,0.3934183246721942,0.10529248750522457,0.3326681784135484,0.43396077114114706,0.6880381096951709,-0.30893090816997015,0.5557565486818654,0.49382029792772214,-0.4169567101250159,-0.028585564738885395,0.5755397369452397,-0.30387660433475056,0.21269728138337338,0.24044845294935574,0.5009639625037958,-0.10816701810267389,0.01161283902568433,0.14904754700205117,0.5197892503033869,-0.2238407749720799,0.11350096493558604,0.8189031079695187,0.3578665898296097,-0.39558075661588404,0.6125733165660469,-0.07679089761475483,0.17899214687229206,0.07451499611100215,-0.2786156236171348,0.3697340477112561,0.41035606879145936,0.10147639023493184,0.08948163418968952,0.44524339097921606,0.17925747531030894,0.1019773403094496,0.5062194677456573,-0.27884561447746575,0.33231267090884076,0.30710455537506137,0.43629795503431784,0.29374272366311843,0.3952474502608435,0.016217249279025642,-0.20888146560496268,0.45295520015710544,0.7333841172862884,-0.030709587677569716,0.12321551590962682,0.3501188483705437,0.4294672276095001,0.32548264269583027,0.30018459914621415,0.20805537579402678,0.5217090528307524,0.7111384052739316,-0.13982024576655033,0.5635183657798254,0.032720199693379054,0.19641589333973183,0.4427034727957555,0.11188096701199263,0.06704524776052848,0.3040125224497957,-0.40367586608647416,0.4350140826835697,-0.10683526974677077,0.26481835548362576
Thal_VL_L,0.652215135975477,-0.19887395789980486,1.0,0.5947527095913911,0.7066688504316764,0.3002588038686011,0.3211373865398103,0.6072818928293698,0.7005763640574619,-0.02596020674676376,0.5632462172006331,0.18117319792138067,0.5084866950039172,0.40221298214336804,-0.14860999488073257,0.8371572710919659,0.36885895150981735,0.35997793988695825,0.4686545768652708,0.6314501515882576,0.6828795480299926,-0.03956797337564834,0.2543678711581554,0.8731873661811228,0.7169529264910187,0.3023403055776013,0.7084437449337081,0.5247272847027354,0.0317785457360537,0.5187273077536185,0.5576272136521017,0.3848198228421946,0.5187213199970688,0.7060070815310964,0.5496557346596898,0.3849219907623069,0.5278599411351292,0.5022291167846485,0.7006749916027477,0.8091531332773684,-0.23001445999744402,0.6976017926090777,0.20423221102392905,0.44980381939172115,0.2919596934289659,0.4346834578868043,-0.05281141406549137,-0.10130293035872096,0.6430568517937575,0.5331141288499851,0.7743525328760721,0.6018360031819615,0.2924943132180252,0.16177656181589825,0.5805654672298599,0.3584870505302721,0.21242510886050636,0.5956276550270493,-0.16046225909191983,0.5849386186451752,0.6889015959837168,0.1470161065375115,0.06861800501524568,0.8447107658819394,0.24897364635234193,0.6206029483834481,0.6081474156724493,-0.03367057257122581,0.5468931699252666,0.33489493408488086,0.5075820580614538,0.7688776960007417,0.13450025091917814,0.7331089952081213,0.4606200520265643
Frontal_Inf_Tri_R,0.768537091859372,0.2382624948595255,0.5947527095913911,1.0,0.8583741919601279,0.37140755152085886,0.5742603521438371,0.6850262587151777,0.7562597214963656,0.17972046217539941,0.7485536703308716,0.5282975921447574,0.3530624965832014,0.6234532258707154,0.017324727067997772,0.37705219790750083,0.35733619744568784,0.4229454930974678,0.3709129030576836,0.8377753892851307,0.7518210962442291,0.3850384677866704,0.1055873754669476,0.7019888842658611,0.506744205631609,0.398490461373386,0.4127201263162684,0.4449456670458795,0.47047812105315073,0.7185586819451291,0.4344258695296874,0.6196883236661398,0.4401362472798355,0.8026597500528381,0.7057219573826508,0.21751822370241203,0.7020870523957082,0.6843656125289298,0.7131900125768322,0.7826986861059823,0.14910531808796165,0.7010573284131096,0.4465882199772828,0.5098025483111894,0.15406698423582738,0.7137253663083508,0.2221509164124379,0.11500558820523267,0.7652531532019186,0.7829751240040099,0.7697987006218282,0.4012459856269109,0.7442492215251671,0.4383365604957463,0.5659583053504254,0.4408645513678937,0.30736235295311637,0.7282813348614892,0.1440322161248334,0.7092135646639293,0.7532763213491721,0.26012469468457133,0.37367210229763953,0.7049011426593381,0.3517860192638813,0.5819235788259367,0.44457115065580793,0.36626513782652803,0.6927405620620006,0.33038819915049733,0.7400102140968344,0.4318184722474309,0.09755659535584334,0.6838107749665847,0.49481888409500974
Frontal_Sup_2_R,0.7614197110744038,0.2160659158181151,0.7066688504316764,0.8583741919601279,1.0,0.38707489105398485,0.5324279871296803,0.7071346490227448,0.7796556103770103,0.040910274646720056,0.7133235593719445,0.4882111946502102,0.45789206218167056,0.7196778820696498,-0.03483777476512979,0.5073713668425417,0.25980463391408926,0.484803225723446,0.31090637919131764,0.9050420944399548,0.7773906570464416,0.27915282184158013,0.18048885616468496,0.785364334878146,0.5960112886523202,0.36766092733401606,0.5747013510354623,0.5217954642406839,0.48796917106052007,0.7929574214138092,0.48459815192994327,0.680191779248152,0.5031966150811827,0.8657088249955566,0.7193626224572465,0.4012690119040089,0.747558863169022,0.7443341471392864,0.7401223433235091,0.8814051539804234,0.06232504495942456,0.7398905707585632,0.33249298249428955,0.5003504270056651,0.2905957087377194,0.6454519097574181,0.07428484335627986,0.10419471156219892,0.8061114221175129,0.8525694602567417,0.8503613555980202,0.4048309048426873,0.7177215587853074,0.53094338547126,0.5585134860201043,0.33767467436333504,0.25325781082840926,0.7453803647851203,0.0613433658896394,0.7441309119946343,0.7778772224180832,0.22557368221687268,0.3723085033277964,0.7731584903765178,0.38151566951381116,0.606610436466694,0.5421766507014545,0.2862983636704792,0.6195420623414261,0.38694423699715397,0.6616636715781216,0.5242916706880774,0.1382223637100118,0.690570628668224,0.5188904847767736
Thal_LGN_R,0.44001392409668316,0.217054814723226,0.3002588038686011,0.37140755152085886,0.38707489105398485,1.0,0.31906625099502794,0.43272465316160624,0.4266663273605375,0.2147272050910561,0.4308263367453262,0.40923686997505665,-0.13050568726957384,0.2207557877745656,0.2764499109699673,0.14151775081021956,-0.05665436253072973,0.4604327122167248,-0.04095733257876582,0.3510842295188529,0.4945334756367702,0.06435374369334465,0.02804858838093074,0.40681553079461097,0.213652861670801,0.46583147682825926,0.10531242696053042,0.2772303186667911,0.1756532100662194,0.3556821866361264,-0.008266690647132254,0.33341607571152854,0.4323759177120928,0.317090662827662,0.40502750901751966,0.2313858642025682,0.29415621744327336,0.49762059560235183,0.3875937772063061,0.4106762056629594,0.1300315599805884,0.48501494948454127,0.06077278480599955,0.4787335233973723,0.10185553885209105,0.33646776133087425,-0.011795208392093873,-0.0500573571559869,0.3177485531682932,0.3679946596721412,0.26998005607137826,0.09778660435716083,0.30445030873875556,0.1440378195161028,0.0656159514385145,0.15986248967028013,0.381474898469519,0.4080879776451814,-0.15496092394966435,0.5089806024875302,0.4081056108492077,0.269146768995553,0.46959629539804987,0.27892588477367913,0.3442968146291154,0.13213360443698438,0.5046687722950203,0.2238264951366441,0.396535980535572,-0.12624496488459758,0.4580888934186377,0.20396968499396004,0.30226266668164026,0.3763046394111071,0.3390344600620968
Lingual_L,0.7195287246622801,0.6397369670007884,0.3211373865398103,0.5742603521438371,0.5324279871296803,0.31906625099502794,1.0,0.8249440954543292,0.49118156980648686,0.5202885970342159,0.8473918779153179,0.7839224214536991,0.08967855469983715,0.6387876411193752,0.5212398070667517,0.08794861468010821,0.18507274698473275,0.7866309683706398,0.09139375302877646,0.5795461032028507,0.5845477674080211,0.6146061745899084,-0.062328049046916995,0.4994887941728867,0.6518126368742507,0.7626172813339421,0.13068673642004866,0.44919834682340065,0.5594315393869405,0.612316886835931,0.09387985340276264,0.6929484667434133,0.35159494322767293,0.5474999828216202,0.45303293219970636,-0.02111618451247214,0.6584831437674871,0.5625574491356615,0.5660463972077767,0.508212955842428,0.2961186087656593,0.5936056328364335,0.23587753317887342,0.7732410136249073,-0.05636343177503997,0.5778734422708549,0.29186867190753457,0.44664091456417604,0.600197894745065,0.6579455786949963,0.49715499540023517,0.17422983244426501,0.5029500354286323,0.6036656985718813,0.3285539505365109,0.41953610896614874,0.5167835230646615,0.8156387449641609,0.35047563322669695,0.6445018836413194,0.5745206542406224,0.7077770039845525,0.6529171624762383,0.35766636263666407,0.7392326555729256,0.34711111526513794,0.31402323472054167,0.5035391411888919,0.5360903252805289,0.17367382873326587,0.6125660321127269,0.0475992569739821,0.6282012868780464,0.3629453310165832,0.6900653168361084
Cerebellum_6_L,0.8351940458417012,0.3934183246721942,0.6072818928293698,0.6850262587151777,0.7071346490227448,0.43272465316160624,0.8249440954543292,1.0,0.7412680248626002,0.42644293767061303,0.8855900089401859,0.7345379013804907,0.244542510038536,0.5943341104617423,0.3846781663290843,0.40566008562765166,0.20921618465189126,0.8280607769066125,0.21318917647843852,0.6964134405340728,0.7282981573485853,0.3619462008062018,0.053714224567086175,0.7028317403442577,0.6938578530745098,0.7906215902627542,0.4571597798228861,0.5108674671481314,0.4286136832606302,0.6802890437809388,0.3371511745573119,0.6935624124830173,0.5220900493212286,0.6371576751156576,0.6183048157781811,0.15797438964000865,0.6859731418084128,0.6203218458036944,0.7843949280796262,0.7033848639720057,0.10704186612366481,0.7586873410335316,0.21970958592919962,0.79470835040377,0.0582935886722208,0.5870113895066729,0.08817261236437474,0.18485553929382456,0.6680768927031949,0.7448322461224794,0.6174626729219846,0.33024616775427446,0.5703390493344596,0.4490545992193414,0.41936406564259154,0.5529202050413327,0.6096540971416168,0.8954641836302917,0.08928683317482229,0.7043542625056608,0.6644836573521471,0.6716395729536516,0.4958229100792919,0.6127483287675257,0.7402273374396995,0.4425765449079051,0.5091434414129725,0.3601235853074283,0.6837094288329073,0.1677253819757823,0.6470997220590026,0.3386716980313337,0.5596710876723929,0.6343630248154479,0.6608721417668326
Cerebellum_9_L,0.8535120347332834,0.10529248750522457,0.7005763640574619,0.7562597214963656,0.7796556103770103,0.4266663273605375,0.49118156980648686,0.7412680248626002,1.0,0.11147993727903409,0.7525462467638836,0.42325082313311657,0.3193846908350452,0.6086032206067286,-0.04150614358062803,0.49341574274767697,0.14993111908073836,0.4333582419420116,0.3793501798600093,0.7355726580009112,0.8231022065228807,0.2522813797741484,0.019885115946441323,0.7043225058100441,0.4849596481290608,0.39586126271341926,0.4917290184362573,0.5859938295292366,0.3282379482913918,0.721587893287427,0.508741068758208,0.5960394282486432,0.5389770681372059,0.7335792601443689,0.7445373740574585,0.16629319077331586,0.6836103547513899,0.673153538712742,0.8697482721985249,0.7481865400042326,0.1653879071256127,0.6943982916092492,0.3109047057113528,0.5015752116625354,0.07334993637801711,0.5846760560379805,0.15256629503137772,0.04416661523842957,0.7501792307558677,0.7547799661810715,0.6966329938374772,0.4486224185859764,0.6370283297665219,0.36634421466781797,0.4667455579941701,0.5386818704451836,0.26859554450941425,0.766841374143378,0.0394037684300038,0.7377858822785359,0.7550485767395211,0.21628569551117433,0.33168637969871384,0.7365405464312639,0.3485574367921489,0.4803566703607629,0.4673030839973137,0.3677613817245797,0.7025767791390851,0.18186577649962427,0.6493838119375616,0.47335173284968307,0.11794258034336916,0.7716777482683577,0.5258738370821211
Vermis_7,0.28230907943230255,0.3326681784135484,-0.02596020674676376,0.17972046217539941,0.040910274646720056,0.2147272050910561,0.5202885970342159,0.42644293767061303,0.11147993727903409,1.0,0.3855305555950749,0.5095663217419861,-0.029815557637958966,0.11157011466989084,0.561759343824895,-0.049656172985476005,-0.02036132406300673,0.44146278812433526,0.05586314357598909,0.1364056702464198,0.17525906111218703,0.40402720763934646,-0.3687854097354687,0.13521150533518156,0.32186252444425095,0.5074202768504071,-0.20118195408755324,0.10339971912655162,0.11737607745106704,0.12885193590253227,0.09515179316065052,0.17788596602267798,0.23777523089170752,0.056633747264016286,0.1936996112434451,-0.10978439586786677,0.2014192931287469,0.03214683792375454,0.2458278178295265,0.07834582044698167,0.2440239314749853,0.18071711095081117,0.019600476435308174,0.388337964114744,-0.16900540277234552,0.18609563730803055,0.1509036331888194,0.21240811441815727,0.127187961727185,0.23399183267420634,0.0726001438770389,0.08211934343941817,0.1377136498382472,0.08816578163463115,0.0678824042070123,0.22178528176252907,0.5768500952179609,0.26895281889952527,0.3305233620462885,0.36186881334301224,0.13208859608333012,0.6215297881081799,0.36021701067408457,0.07842423834382943,0.5158124022667815,-0.14595001475344976,-0.026528076564899302,0.4420599746510054,0.29233638805907136,-0.1963343301840754,0.3220517425343728,-0.05101087677724208,0.6668353705082645,0.17837573839040521,0.42751682991717954
Cerebellum_4_5_R,0.8754522037362228,0.43396077114114706,0.5632462172006331,0.7485536703308716,0.7133235593719445,0.4308263367453262,0.8473918779153179,0.8855900089401859,0.7525462467638836,0.3855305555950749,1.0,0.6763605892791332,0.20278467602284783,0.6607812004645319,0.3638224705121657,0.3019327652590065,0.18736149658534157,0.7423813383251623,0.21008189543546338,0.7441988663962911,0.7918937366606494,0.4758374639819078,-0.006527619245389846,0.7001826259692313,0.6201948061650768,0.696348671789852,0.30712584949002075,0.5850465852173917,0.4970024054316034,0.740825666469118,0.25694885708531834,0.6790910832700856,0.5028895479197268,0.7132271196635595,0.6165715860386177,0.12585363476676098,0.7076060639089723,0.7155957846478157,0.7797334370251452,0.7012847915732807,0.2538398126263427,0.7882922927039969,0.2924021262908501,0.8076016688601068,0.08906359990327178,0.681763801832134,0.27362418762868734,0.30425259944675115,0.7675373146518235,0.7719326242164778,0.6753506018514053,0.27497255586898633,0.6458962717132368,0.5388521446218396,0.47339913971952774,0.6212486778891486,0.4954732064294043,0.9076897475052811,0.21661382284878117,0.7941017797858159,0.7252070658916246,0.5442438306081332,0.5787849365510894,0.5984038412105687,0.6057737844026769,0.4616630861105784,0.49895703715778783,0.4710227539935475,0.7794333806612834,0.24103538412849304,0.7582317271381154,0.25758437736646733,0.4464744550360718,0.649350526374271,0.6528203938674447
Temporal_Mid_R,0.5683268776876604,0.6880381096951709,0.18117319792138067,0.5282975921447574,0.4882111946502102,0.40923686997505665,0.7839224214536991,0.7345379013804907,0.42325082313311657,0.5095663217419861,0.6763605892791332,1.0,0.012481288311582845,0.5870351413962902,0.47366942546079016,-0.020738436083836527,0.14262826995939296,0.7710618138023916,0.05026352474394869,0.5195920401282763,0.5246672632428379,0.49917365328114827,-0.06602946857202062,0.34927400368518996,0.44396982300791976,0.7265412160685492,0.1019769896049535,0.36152161050401,0.5917313954281455,0.5876004570988503,0.08578484659099428,0.7173903764185267,0.2528988240838667,0.4337864401163629,0.49050831511836035,0.025040292685731595,0.6111402152628397,0.5347620630456106,0.4589060356740563,0.4806742855618512,0.280031415266012,0.6073744397655386,0.3034488497352709,0.748282658673167,-0.016209612947636474,0.5880317330512951,0.2211273886350187,0.2811889354226808,0.5120099704986367,0.6035817416488388,0.3363140765487581,0.1034640167500903,0.5755418053235797,0.5409238109686771,0.2073992319202532,0.2825687923564441,0.7468477625532458,0.6894796069189016,0.16590903542863114,0.583281694054415,0.4495116872307459,0.7599298771967841,0.5715346659123528,0.2987956745268655,0.6714724277082926,0.28631325534653107,0.2835953223624625,0.46517413546634806,0.5078734946416819,0.12879436961361135,0.5377817483822825,0.004681626360153856,0.6588931925520036,0.3684005039087385,0.5588662002844608
OFCmed_R,0.2856233240800967,-0.30893090816997015,0.5084866950039172,0.3530624965832014,0.45789206218167056,-0.13050568726957384,0.08967855469983715,0.244542510038536,0.3193846908350452,-0.029815557637958966,0.20278467602284783,0.012481288311582845,1.0,0.3184144761165991,-0.28355407884961753,0.671735998483682,0.4910380897625898,-0.04494841912086645,0.5046792129372221,0.4831479444362946,0.2692011735132876,0.1139467350481383,0.10309853475280802,0.42367855701847557,0.5127310097868651,-0.06834529819162022,0.5401180115537865,0.37567034621684137,-0.025225250625924595,0.35737182804210177,0.7638919358616136,0.17663887904337586,0.3123517607050328,0.4561670835644759,0.40764747989530836,0.3020102351554071,0.3930314121726601,0.09277677657153577,0.4394257094391297,0.4735946440275987,-0.22987722293574706,0.3862526340707585,0.46257718098353523,-0.0545801859880803,0.2663846598445226,0.1992516327498228,0.0328470299986466,-0.20802414720185697,0.3755706622021455,0.3548853025872188,0.5983229483465874,0.46860219067233544,0.2599676386465434,0.09767985863547689,0.5666934303615951,0.18089229514989863,0.1048683357194148,0.20082683118910988,0.08108185257076968,0.3005904238923217,0.2721703847191736,-0.04964857914102326,-0.26224194117663796,0.6177073286369874,-0.02804510572427407,0.4653748304119821,0.02108177454797524,-0.022593640544547232,0.3089818328089767,0.5686660735405497,0.2474697213259899,0.5062643715137091,0.005530309229925722,0.5093910672910145,0.28971947529449465
Parietal_Inf_L,0.6243100283905323,0.5557565486818654,0.40221298214336804,0.6234532258707154,0.7196778820696498,0.2207557877745656,0.6387876411193752,0.5943341104617423,0.6086032206067286,0.11157011466989084,0.6607812004645319,0.5870351413962902,0.3184144761165991,1.0,0.03502341056984919,0.2080113700221888,0.17165585272082345,0.46160718351750724,0.21489431201762282,0.7546253709358508,0.6658488750079687,0.5790276230520607,-0.05610295155551421,0.485098654499615,0.49117553174206086,0.37032663407864397,0.25672794404252613,0.6200744611210378,0.7843147191420702,0.8193636256587513,0.24214478509277823,0.8135673649057343,0.3083950508737728,0.7581749751114423,0.557930985526716,0.03490958355915407,0.8710758395132483,0.6924348123275157,0.5447481500336341,0.5969169385935064,0.2912538203277139,0.5584637995296855,0.39978272691883654,0.45950298098151326,0.04180280506050145,0.6391502064710048,0.3860992282501777,0.3388606775228186,0.7960120809778509,0.8244548139724993,0.6498332962834652,0.21330805582595883,0.7492380392317745,0.9076968719572702,0.48638267931904916,0.3031559766530945,0.2202675768365292,0.6953850027871935,0.3502859846973597,0.7000850283759062,0.6381790943126037,0.3322595188338153,0.5702668302695748,0.5252472952440408,0.45899320061808313,0.4759617804393862,0.3553099437842153,0.4808850998388332,0.4775116172302059,0.5240478435604395,0.5974013844645993,0.1728934829185922,0.2611892149501698,0.4548315073763835,0.6120189923496651
Occipital_Inf_R,0.10588120299777497,0.49382029792772214,-0.14860999488073257,0.017324727067997772,-0.03483777476512979,0.2764499109699673,0.5212398070667517,0.3846781663290843,-0.04150614358062803,0.561759343824895,0.3638224705121657,0.47366942546079016,-0.28355407884961753,0.03502341056984919,1.0,-0.1946495917785236,-0.09722485131580734,0.6277863763692271,-0.4161334224136619,0.039136239919482604,0.10022041664097749,0.22069874707433645,-0.12259151206157404,0.08180582274649395,0.21644241532432063,0.623272004202785,-0.22842619417016005,0.03626325232597409,0.1282414962750245,0.06775654018801752,-0.3265660545285182,0.1539037087204317,0.12590440185314383,-0.04132475246070861,-0.013610414485233792,-0.05158819324415185,0.11272947750935408,0.11986377274859668,0.05353308548038705,-0.06979550403982406,0.15463266623118657,0.11236902064393836,-0.09436288039569053,0.5487401622237079,-0.04674601270708217,0.16731597391514377,0.04101015126639703,0.3160110387765975,0.03392793810860718,0.12890708868533374,-0.04184112323347128,-0.25427904442187693,0.051252819050355176,0.11627906444584811,-0.09077948084902662,0.2029536897412232,0.5663839599977725,0.2836555350992692,0.07154343593688205,0.19664352252634515,0.002122847825783267,0.6577561810201892,0.4926266320259442,-0.1606989633389327,0.5654983926681239,-0.11322233596224765,0.18684503068624714,0.15769754635801608,0.1363616467410031,-0.13189230104653396,0.2557022423185812,-0.24980051570440348,0.7023779617040788,-0.062155766515531195,0.3019276454178334
Thal_MDl_L,0.4064402642662155,-0.4169567101250159,0.8371572710919659,0.37705219790750083,0.5073713668425417,0.14151775081021956,0.08794861468010821,0.40566008562765166,0.49341574274767697,-0.049656172985476005,0.3019327652590065,-0.020738436083836527,0.671735998483682,0.2080113700221888,-0.1946495917785236,1.0,0.3085583194735002,0.14539266117489072,0.42287641818565136,0.45960515523470225,0.4298292757257774,-0.13653368977528235,0.20613781480921636,0.6742453298641047,0.5761913849278724,0.15189217473164784,0.703454930233289,0.4824080673278516,-0.19272127129120808,0.36064485361418136,0.7015422727201367,0.17606532169551806,0.5122955193104157,0.5094076078438292,0.4348511028778166,0.40865851526679736,0.3776625412972711,0.1989033431678909,0.5503213176034467,0.5948211518683909,-0.427236090662505,0.5172422252982735,0.17875870315904785,0.14209043562848647,0.36820741892820563,0.2388598223690109,-0.2296774150287347,-0.25171779730977345,0.4081003059270989,0.38615362049417606,0.6347565131638986,0.4719240654624316,0.13266124169985977,-0.040654062554132404,0.6121076544770595,0.30772061853502686,0.1954962623804543,0.34734398452070514,-0.20692577095426237,0.40822620853120434,0.37974043311477684,0.030552169169961584,-0.16257801670363517,0.7804799060528202,0.07564051445802705,0.42315742091235653,0.4043714985283739,-0.2247812455216804,0.39536985589142387,0.3965804077662112,0.30872374144895176,0.7405030129266494,0.09311491112951353,0.6734471006759641,0.3807880769435341
OFCmed_L,0.23321511063433178,-0.028585564738885395,0.36885895150981735,0.35733619744568784,0.25980463391408926,-0.05665436253072973,0.18507274698473275,0.20921618465189126,0.14993111908073836,-0.02036132406300673,0.18736149658534157,0.14262826995939296,0.4910380897625898,0.17165585272082345,-0.09722485131580734,0.3085583194735002,1.0,0.047928764497931875,0.34401419713785614,0.25320825675447434,0.2448610727537839,0.00361755183673707,0.42737164294285124,0.3659913662476006,0.4351560543647143,0.09602326741839462,0.35979630205119284,0.18549784225772714,0.07411415622739924,0.1472722637351477,0.1976861237329186,0.20991050979615591,0.10248844170078077,0.3382857650689588,0.22348098444111889,0.04748904619219674,0.24674589343020184,0.09939605911295042,0.2645370082781203,0.3348754489649198,-0.2654070330990096,0.36486430446491513,0.5300869272291427,0.17163914675213543,-0.005400020423798302,0.2948140163494084,0.14969362855615712,-0.14401923495035632,0.3145605022363796,0.17423823351645842,0.38683501804000503,0.3775734314303761,0.11876567264424409,0.08907224426520598,0.4999658374262582,0.12294176150099265,0.15426293694289234,0.1879609416197357,-0.09973376254434524,0.0691337486337898,0.26318465918571693,0.02336797307230653,-0.176931047773032,0.3036615879246949,0.031222980307678273,0.6120340762330676,0.15569717019725535,-0.20415421824021357,0.326650820115877,0.4834052055420324,0.30902951329172346,0.2944946690573738,0.06468464009352529,0.3243412252244089,0.18465172798301246
Cerebellum_6_R,0.5692463995621949,0.5755397369452397,0.35997793988695825,0.4229454930974678,0.484803225723446,0.4604327122167248,0.7866309683706398,0.8280607769066125,0.4333582419420116,0.44146278812433526,0.7423813383251623,0.7710618138023916,-0.04494841912086645,0.46160718351750724,0.6277863763692271,0.14539266117489072,0.047928764497931875,1.0,-0.18226821087881687,0.4745312880629123,0.5008886159778593,0.24250308598249148,0.07558119248193186,0.5203914920815698,0.5577313664532493,0.8927172677242224,0.2707793944981754,0.3097174205270472,0.4245125140916783,0.5002805879431892,-0.02852039012817699,0.587629775263222,0.25223522331814874,0.40033214522751515,0.3309245990058373,0.08419803841625577,0.4956908058991597,0.5320977838493591,0.49303892130712856,0.5038413528575765,0.1424662478244157,0.6086885279280131,0.06914888243095506,0.870109762526429,0.023729686662395773,0.45768566494750423,0.0068384888100749865,0.26303147833150586,0.4494085230982767,0.554976527308911,0.3615001579804622,0.05690647514931768,0.3633761865618433,0.4448497395239282,0.1794984055912197,0.3892599094821872,0.6961118768373366,0.78079628228193,-0.031242850628887847,0.5038991367505614,0.420852488142203,0.8161457401244867,0.5612963363217204,0.296357147196785,0.8328632168807873,0.2811577069370382,0.5356275660810367,0.25401095783455546,0.41567603946931697,0.04462487192559632,0.4905102746209318,0.12870282078891088,0.7255257705744468,0.29861181855571284,0.47651227238498617
SN_pc_R,0.42274373007888594,-0.30387660433475056,0.4686545768652708,0.3709129030576836,0.31090637919131764,-0.04095733257876582,0.09139375302877646,0.21318917647843852,0.3793501798600093,0.05586314357598909,0.21008189543546338,0.05026352474394869,0.5046792129372221,0.21489431201762282,-0.4161334224136619,0.42287641818565136,0.34401419713785614,-0.18226821087881687,1.0,0.3352524904544707,0.3496481460525509,0.2037524189498938,-0.02970965116911674,0.3855460016665797,0.3971320146501751,-0.12114583837159171,0.2581002816822153,0.30023510006105864,-0.031529171499759784,0.2322661630455826,0.6290627243579054,0.19764004686875783,0.36529751387289405,0.4246269428284502,0.4674239334366617,0.15161642977519155,0.2642199693626935,0.10307745306672614,0.38168756496223905,0.3989953739765133,0.027058681072411144,0.31416143738458613,0.35634558268433913,0.037959203774545515,0.055744795261177114,0.16781359054907835,0.2991979659009392,-0.21527788773765547,0.39442314648534765,0.23056472291040217,0.4359842223991942,0.7971678654895793,0.21738085308692198,0.02683724788355614,0.32374281830763485,0.09433516878048974,0.029033395577459258,0.16368624215806832,0.12603211435531447,0.35971347551198196,0.40882057148970524,-0.04002105759833763,-0.1742081810383665,0.5887537419745543,-0.12385168602993257,0.4010658781252156,-0.041554290617068834,0.29927757180671505,0.39492494906763836,0.2807914659869842,0.23466728747754614,0.5097558623465552,-0.10062684559823601,0.559448339133012,0.29948841317723446
Frontal_Sup_Medial_R,0.7586323521568371,0.21269728138337338,0.6314501515882576,0.8377753892851307,0.9050420944399548,0.3510842295188529,0.5795461032028507,0.6964134405340728,0.7355726580009112,0.1364056702464198,0.7441988663962911,0.5195920401282763,0.4831479444362946,0.7546253709358508,0.039136239919482604,0.45960515523470225,0.25320825675447434,0.4745312880629123,0.3352524904544707,1.0,0.7594207515435026,0.42308580244032234,0.062205233732932665,0.721871835097427,0.6072192999515866,0.3825231514860027,0.48683808366767645,0.6562397458023259,0.4844680463442368,0.8038394795689086,0.5036455837379581,0.628055323302671,0.5181573841368292,0.8853561535477312,0.725841592583828,0.34806109812009633,0.7937996562149142,0.7137325991678748,0.7173370501354568,0.8339245080012289,0.11331914698735251,0.7305259235589078,0.40743687453413135,0.4955691234784456,0.2991714383042922,0.7031973987674753,0.16441244108495914,0.1790059852922333,0.8476340377179853,0.8460823375346282,0.8875211697881287,0.3633343449006039,0.7321666298212075,0.53994458512919,0.6403472996830697,0.3920490519745425,0.3283010848891009,0.7441492734676475,0.17986247651789547,0.7867718955094093,0.7545237960055022,0.281633121860378,0.40473746387186765,0.771742549850102,0.3779284959047482,0.5849615476460185,0.4372697669113344,0.35476269550548734,0.6887203486903573,0.45930030969026153,0.7078156034257013,0.4947747731626406,0.22074329978405402,0.7150122334452229,0.6229162863334731
Thal_PuL_L,0.8180680904156468,0.24044845294935574,0.6828795480299926,0.7518210962442291,0.7773906570464416,0.4945334756367702,0.5845477674080211,0.7282981573485853,0.8231022065228807,0.17525906111218703,0.7918937366606494,0.5246672632428379,0.2692011735132876,0.6658488750079687,0.10022041664097749,0.4298292757257774,0.2448610727537839,0.5008886159778593,0.3496481460525509,0.7594207515435026,1.0,0.3426774806639886,0.02923091014712587,0.7667286406688872,0.5792842015510729,0.4354061027904892,0.40183834396884827,0.5987738551464801,0.4184322451150187,0.7143081585356045,0.3799693464786841,0.5759234219651846,0.5926497477868345,0.831307620407497,0.8309828853048393,0.210956341436291,0.7524489864051743,0.8573171295661797,0.7682047720112429,0.7936570947788464,0.12141564668604128,0.77397740879256,0.38000001313291076,0.6310903309083625,0.1273968765464583,0.7098926325624727,0.22511198481418065,0.1516741527907503,0.8528135742856962,0.7379216877355176,0.7516317569698342,0.4314726312539133,0.6903426989311617,0.45697408700632725,0.47539582960951127,0.4797444233744269,0.37123956415544074,0.7464322112194035,-0.010797337151380303,0.860538602995488,0.8630490036423045,0.26433614299646835,0.49853126071233983,0.7505169576379981,0.36195132819690595,0.5478043462823909,0.6047212176345411,0.3886145809737953,0.771345441082157,0.265573647461389,0.7803460197405429,0.4368495202057721,0.2785069226713262,0.8065130412993105,0.6400249843698651
Thal_PuA_R,0.40151577823379925,0.5009639625037958,-0.03956797337564834,0.3850384677866704,0.27915282184158013,0.06435374369334465,0.6146061745899084,0.3619462008062018,0.2522813797741484,0.40402720763934646,0.4758374639819078,0.49917365328114827,0.1139467350481383,0.5790276230520607,0.22069874707433645,-0.13653368977528235,0.00361755183673707,0.24250308598249148,0.2037524189498938,0.42308580244032234,0.3426774806639886,1.0,-0.2644379913055133,0.1271415761590565,0.2813300806290499,0.2964116045586629,-0.27003607809242175,0.39409583890082256,0.5321723779082592,0.44083211918736875,0.14622698075452936,0.45993026311819674,0.2800954391846783,0.36972692841781657,0.3591482856029738,-0.1191207993729179,0.5525303336506745,0.36028688653892693,0.2516158978869036,0.15332866797993247,0.34884778186325854,0.1857191724590297,0.19398282684409007,0.261728333836784,-0.03655785766688843,0.3990381111521706,0.38215170889256095,0.3742266270464672,0.39714623507624774,0.4595055268705635,0.2948955181964425,0.031949038512044114,0.49455093995599575,0.5732499125072825,0.1502553229181319,0.24821810514889084,0.21057608539393893,0.39444798849671536,0.6242363002424499,0.566198534724718,0.3624498279449545,0.3807811781017628,0.6553247510806121,0.18469327764700058,0.34527947868713793,0.042170704702421444,-0.10172061493308313,0.6786840388440926,0.38523614517613625,0.18638598904765932,0.3748442540530904,-0.20894023916562715,0.2949966420267431,0.22050650766778332,0.6135259242971507
Thal_Re_R,0.03916251121763029,-0.10816701810267389,0.2543678711581554,0.1055873754669476,0.18048885616468496,0.02804858838093074,-0.062328049046916995,0.053714224567086175,0.019885115946441323,-0.3687854097354687,-0.006527619245389846,-0.06602946857202062,0.10309853475280802,-0.05610295155551421,-0.12259151206157404,0.20613781480921636,0.42737164294285124,0.07558119248193186,-0.02970965116911674,0.062205233732932665,0.02923091014712587,-0.2644379913055133,1.0,0.24534908046768622,0.12096659487625114,0.013433469436159156,0.3661645609141126,-0.019056259550109957,-0.057133653240706656,0.013857895609992229,-0.05371530000725127,0.03540492227197325,-0.06828598607320856,0.1618428862152721,0.008209923144308266,0.07341951902654639,0.005278198898879192,0.12181531643807512,0.06260616801367669,0.1602468843310569,-0.4222928812076247,0.20749826441688624,0.040040269847530285,0.06390477514552592,0.07815371561991707,-0.005092319641363189,-0.32415720960162686,-0.25280780651841556,0.0784891592285571,-0.006219176702999767,0.1621028872252446,0.008324499588965329,-0.04675792021853629,-0.07862799391781336,0.19467207648177656,-0.07207043577505591,-0.08986362591262724,0.08474781312663764,-0.4558699546323228,-0.1124411468260752,0.0924081337571235,-0.14005030991759201,-0.12527821484339846,0.11273362426365449,-0.06723082647466519,0.3558554285400603,0.39665710681050914,-0.4139418431925036,0.015472991337005894,0.2698335990427649,-0.09198379739810325,0.12238387337845943,-0.17079550676898378,0.09209746441755737,-0.14339371129891068
Caudate_L,0.7423981306261623,0.01161283902568433,0.8731873661811228,0.7019888842658611,0.785364334878146,0.40681553079461097,0.4994887941728867,0.7028317403442577,0.7043225058100441,0.13521150533518156,0.7001826259692313,0.34927400368518996,0.42367855701847557,0.485098654499615,0.08180582274649395,0.6742453298641047,0.3659913662476006,0.5203914920815698,0.3855460016665797,0.721871835097427,0.7667286406688872,0.1271415761590565,0.24534908046768622,1.0,0.739457128002592,0.48469979654173156,0.5680817421861227,0.525667212021198,0.1836479014727096,0.6051148411123157,0.4320054809456086,0.4988960952451341,0.6305150410271407,0.776896450664937,0.5959018636282011,0.4532466984139416,0.6394763963453567,0.6267660725236853,0.6842654114062682,0.8560107964065513,-0.08003455857720858,0.7542558334200186,0.323846919003425,0.6060989042483443,0.37032118344783865,0.5967950066833413,0.0666807931150328,0.040401000330980694,0.7147496776373307,0.634037581356271,0.822218915572426,0.5480740574930428,0.4313818417767468,0.2931508754872262,0.5654391891413738,0.42514617188143183,0.31003718955248166,0.7115395450362406,-0.1034188500389937,0.6936052119061366,0.7582290490193285,0.3066614018047993,0.31208212367010874,0.7998988176102112,0.4172898865434685,0.676739148623209,0.6923201097929266,0.14681990392533872,0.6676125736120334,0.35051493739496786,0.7184841858025159,0.658039028702614,0.2770917956769638,0.733517323526538,0.6039331261307952
Temporal_Pole_Sup_L,0.5987822615461394,0.14904754700205117,0.7169529264910187,0.506744205631609,0.5960112886523202,0.213652861670801,0.6518126368742507,0.6938578530745098,0.4849596481290608,0.32186252444425095,0.6201948061650768,0.44396982300791976,0.5127310097868651,0.49117553174206086,0.21644241532432063,0.5761913849278724,0.4351560543647143,0.5577313664532493,0.3971320146501751,0.6072192999515866,0.5792842015510729,0.2813300806290499,0.12096659487625114,0.739457128002592,1.0,0.473171165614132,0.5285628851374571,0.4746606879655502,0.19052038663976348,0.45221488549933153,0.4552220805217558,0.4126276227316008,0.40702315398029004,0.6480327777933735,0.5244193113735035,0.1786542996215322,0.5775302066962382,0.42136188627832455,0.6087639258200953,0.674338243464399,-0.08318991221960892,0.6117295185929245,0.2639592083085926,0.5431556248289782,0.07691787306388076,0.3850736234025804,0.0647854609137067,0.08615446527912453,0.5958055147231779,0.5067384750316618,0.7237460857081668,0.5916155863602327,0.26641691544530327,0.31038796469871316,0.5002490238359998,0.2952564834520359,0.41442498763026087,0.6089748417013143,0.06532727731301356,0.568610770290543,0.6142934935997083,0.4761733478781092,0.23738842087955336,0.6660583644611181,0.49076070852401626,0.5574422425437934,0.40434217138666717,0.1757608525055506,0.44791464202224307,0.32314543857731093,0.50515407048871,0.5687858360198164,0.5444875115088108,0.5244966465526728,0.6408577404763982
Vermis_6,0.5763146858309924,0.5197892503033869,0.3023403055776013,0.398490461373386,0.36766092733401606,0.46583147682825926,0.7626172813339421,0.7906215902627542,0.39586126271341926,0.5074202768504071,0.696348671789852,0.7265412160685492,-0.06834529819162022,0.37032663407864397,0.623272004202785,0.15189217473164784,0.09602326741839462,0.8927172677242224,-0.12114583837159171,0.3825231514860027,0.4354061027904892,0.2964116045586629,0.013433469436159156,0.48469979654173156,0.473171165614132,1.0,0.15081640645738134,0.29915299568478554,0.36246949414033375,0.41600123670278094,-0.03448388081568052,0.5972145708436177,0.4014884152172173,0.29778132589588385,0.26740752792590733,0.07722429191051702,0.44330812727683655,0.3989466950811031,0.4551392060387535,0.4183354429856357,0.1343840638218342,0.5614106013856078,0.11926880435235179,0.8063645468115138,0.03970200298533562,0.4323339720538247,0.05566140749682893,0.20220120924563015,0.34219106694487694,0.487131622387981,0.2783158615989618,0.04333874001110951,0.2937101992640983,0.3711354379945194,0.1845723158001645,0.4274529421318083,0.6892733822234869,0.7474405418245951,0.02102520691172264,0.4632419153891528,0.3278261912797422,0.811550446633287,0.5748321892299054,0.2469654920769374,0.8341248913145848,0.22002376515434996,0.4664827660075588,0.2328505735316337,0.4682208369402401,0.03391306388014957,0.4897363477079825,0.0775235614283598,0.6836077285870424,0.3184223137331776,0.5379236338593466
