,Amygdala_R,N_Acc_R,Frontal_Sup_Medial_R,LC_L,Insula_L,OFCmed_L,SN_pr_L,OFCmed_R,Cerebellum_6_L,Paracentral_Lobule_L,Frontal_Inf_Orb_2_R,Cingulate_Post_L,OFClat_R,Thal_AV_R,Olfactory_L,Frontal_Inf_Tri_L,ParaHippocampal_L,Thal_AV_L,Rectus_R,Cerebellum_8_R,Frontal_Mid_2_R,ACC_sup_L,Vermis_7,OFClat_L,Thal_PuA_R,Putamen_R,Cuneus_R,Temporal_Sup_R,Precentral_R,Temporal_Sup_L,Insula_R,Rolandic_Oper_L,Temporal_Pole_Sup_L,Thal_MDm_R,Frontal_Mid_2_L,Parietal_Inf_L,Cerebellum_Crus2_L,Occipital_Mid_L,VTA_R,Pallidum_L,Occipital_Mid_R,Calcarine_L,Cerebellum_4_5_R,Cerebellum_9_L,ACC_pre_R,Thal_PuM_R,Fusiform_R,Thal_LP_R,Frontal_Inf_Oper_L,Raphe_D,Cingulate_Mid_R,Vermis_1_2,Vermis_10,Thal_LP_L,Calcarine_R,Thal_LGN_R,Cerebellum_4_5_L,Vermis_9,Red_N_R,Thal_MDl_R,SN_pr_R,OFCant_L,Cerebellum_9_R,ACC_sub_R,Raphe_M,Thal_VA_R,Hippocampus_R,Thal_PuM_L,Parietal_Inf_R,Thal_Re_R,Cerebellum_6_R,Temporal_Inf_L,Temporal_Pole_Sup_R,Thal_VL_L,Cerebellum_Crus1_R,Temporal_Inf_R,SN_pc_L,Precuneus_L,Cerebellum_3_R,Thal_PuI_R,SN_pc_R,Thal_MDl_L,Thal_IL_L,Frontal_Inf_Orb_2_L,Thal_PuI_L,Frontal_Med_Orb_R,Postcentral_L,Frontal_Sup_Medial_L,Supp_Motor_Area_L,ParaHippocampal_R,Pallidum_R,Vermis_3,Fusiform_L,Precentral_L,Thal_VA_L,Thal_MGN_L,Cerebellum_7b_L,Thal_LGN_L,Vermis_8,VTA_L,Rolandic_Oper_R,Thal_PuA_L,Occipital_Inf_R,Cuneus_L,Vermis_6,Heschl_L,SupraMarginal_L,ACC_sub_L,Supp_Motor_Area_R,Cerebellum_Crus2_R,Frontal_Sup_2_R,Hippocampus_L,OFCpost_L,Occipital_Sup_L,Temporal_Mid_R,LC_R,Red_N_L,Frontal_Med_Orb_L,Cerebellum_10_R,Olfactory_R,Cingulate_Mid_L,ACC_pre_L,Cerebellum_10_L,Cerebellum_3_L,Parietal_Sup_L,Precuneus_R,Paracentral_Lobule_R,Occipital_Inf_L,Cingulate_Post_R,Frontal_Inf_Tri_R,Thal_VL_R,Thal_PuL_L,Lingual_L,SupraMarginal_R,OFCant_R,Caudate_L,Parietal_Sup_R,Angular_R,Cerebellum_8_L,Temporal_Pole_Mid_L
Amygdala_R,1.0,-0.11544025833541384,0.445578191790202,-0.1378721824467715,0.39623867809619584,0.5496498952735285,0.49339858426513156,0.5393578877900799,0.37110176225529257,0.24598789610008456,0.4466098060355306,0.2409934953691616,0.5306842280323143,0.25503691762654807,0.41610917750256954,0.481387648424573,0.694064384688719,0.4956998607623038,0.51798386248109,0.22381866321085803,0.4146478049195006,0.448891583086585,0.1528020421561704,0.4870401215157855,0.08070590029531656,0.5361956675669708,0.05839699823764841,0.42970990693914957,0.28296178075836564,0.427231351739685,0.39352612975485185,0.4334009830759782,0.4940999063489147,0.08727101259752605,0.5204439209456195,0.3080399545083823,0.08130621707542963,0.01973126879443369,0.26035461013572037,0.3827803774029554,-0.05927237988626115,0.05588765782757538,0.32938842577597854,0.3359593642779079,0.5267840952384854,0.005763201885846177,0.3346954639731322,0.3953849890185784,0.40383061370810736,0.13994480976525317,0.30777693733033934,0.09854977536837295,0.3634000513817983,0.4248416196837272,0.02490934005910041,0.24192148414112147,0.4517282094306472,0.4159843924625187,0.4893681434389451,0.1930363326790086,0.4043133174067348,0.3010125225486111,0.42838220859539183,0.5858703881363827,0.22979609872121073,0.4386367914572458,0.7369317753398525,0.47007626967702804,0.16376941565671282,0.26336708915825674,0.20179749111017434,0.4659203498041329,0.2961877768837295,0.48658828540970195,0.16971485616055798,0.3784287023926868,0.5197198414820922,0.25818203126313305,0.4936548927054604,0.2869271166135318,0.5152452136805032,0.4558518636079919,0.48173568454817156,0.6062323786456274,0.3782041850089962,0.37293590241351693,0.3033016209653299,0.43355459155107934,0.38929613360748516,0.6564333120752637,0.4035561633472715,0.6214551029187921,0.5266857636797704,0.3289210977891825,0.3222748977460893,0.47045332312650023,0.22873038456904363,0.1113796931803753,0.11934961027296827,0.03079620082378188,0.33802509646095835,0.33479975749247853,-0.043065720376958126,0.15324883948748166,0.24783222972293933,0.29685516476027046,0.40233594678494916,0.4858480388727848,0.3425723053150538,0.2536501153108149,0.45673130242758836,0.7249609441205357,0.6228161653900214,0.016319952617382266,0.33551336223511674,-0.2658192754945114,0.4433437403208561,0.29560594599808154,0.12796734602505067,0.5825941819081933,0.2084472046078972,0.6064131650878614,0.319908029344586,0.5970817483888956,0.14327180825202043,0.3530696458491033,0.3148824263966614,-0.1142458552761731,0.3552435601521841,0.42093489938055584,0.5690192659748874,0.4479679199098868,0.22497824774815825,0.2584447983976049,0.6119122210092797,0.5789527278674851,0.0897591731155104,0.06872929945369252,0.46916170524449796,0.49732164692367403
N_Acc_R,-0.11544025833541384,1.0,0.11331914698735251,0.46245394756734787,0.4361126319264386,-0.2654070330990096,0.08308370775235528,-0.22987722293574706,0.10704186612366481,0.2847265305761897,0.43204211764591344,0.08586412830292085,0.04173892214420873,-0.1758693463028873,0.13947035654322393,0.17107337387187102,0.09574658686293633,-0.43988832929147254,-0.05240267446126177,0.11294152331936962,0.18088525883669007,0.21361171886098476,0.2440239314749853,-0.3025333450577838,0.34884778186325854,-0.2358737370606568,0.32097086305634087,0.2082839933723897,0.2982926610193729,0.13307424845785046,0.468970297954572,0.2509784950375756,-0.08318991221960892,-0.16329394007611442,0.10656865591340273,0.2912538203277139,0.19350256395507417,0.40612127029190115,0.1477011479413726,-0.40006970192721125,0.44524339097921606,0.33923438453591515,0.2538398126263427,0.1653879071256127,-0.031376028819938284,0.4012340160430485,0.23117146099203895,0.06368082957932963,0.20788531929740003,0.11063533103971426,0.22251567897127392,0.09487472474375826,0.1259267073218271,0.14957508878524015,0.2958882536794514,0.1300315599805884,0.1768980520318056,0.07673560665876368,-0.16683592991163826,0.0527702882724995,-0.3716579810972788,-0.2607017319361927,0.2307404021368456,-0.1651247575781609,0.1303747187059814,-0.2288511372427054,0.11415936812647391,0.1634803871207996,0.3743679759459244,-0.4222928812076247,0.1424662478244157,0.027516132811343134,0.04725433892484303,-0.23001445999744402,0.1819774819638737,0.001639095411243936,0.189787935789335,0.362579366566423,0.10007318653040018,0.38715668051416774,0.027058681072411144,-0.427236090662505,-0.07444507188279363,0.08995141279368184,-0.041555501263542856,-0.2581076383449365,0.3095292530339259,0.1380882844983788,0.1415910695938367,0.008210253432824718,-0.0869894231130721,-0.07157441886564135,0.1722752589485409,0.24604117790355778,-0.23481130507076453,-0.14510102745342734,0.18072092324406477,0.5135534387636913,0.21647751369450233,-0.6102104071449593,0.1877056108071796,0.21146975687957376,0.15463266623118657,0.35591150774737257,0.1343840638218342,0.06822393367018104,0.14193388613492805,-0.2760442370523185,0.21338581266721443,0.07474750447397262,0.06232504495942456,-0.028807014881379045,0.01874753978960569,0.42727052282455497,0.280031415266012,0.35724638930606106,-0.07320978476511776,-0.26051535230024053,0.39439914413772814,0.14317268661337534,0.34397134664143275,-0.15339230842814922,0.09213170856147254,-0.0775079232692114,0.3841352628332515,0.29325823946165247,0.18694117033204458,0.33316522543786137,0.0909414989371881,0.14910531808796165,-0.1596164684573235,0.12141564668604128,0.2961186087656593,0.2641456239897343,-0.11590112012075297,-0.08003455857720858,0.35780216023247474,0.4027214764554528,-0.03061611809194573,-0.3528762271617333
Frontal_Sup_Medial_R,0.445578191790202,0.11331914698735251,1.0,0.17986247651789547,0.6563462106706812,0.25320825675447434,0.10596851987923991,0.4831479444362946,0.6964134405340728,0.7352234733780804,0.5644969010694292,0.4087790541308973,0.4660384600605025,0.15725509843358243,0.38412453876751523,0.8695453142477733,0.633133817193648,0.3431474123545151,0.42028875863259857,0.22074329978405402,0.8284297905145754,0.8476340377179853,0.1364056702464198,0.5190255976209665,0.42308580244032234,0.6470257863328205,0.25340407741534904,0.8067237457131818,0.7951541551903389,0.7721883959629362,0.6942184759122155,0.7078156034257013,0.6072192999515866,0.4651894312359545,0.8594879676150984,0.7546253709358508,0.11395370266789141,0.3336631069722502,0.25455918665698585,0.48683808366767645,0.21269728138337338,0.4161827418154791,0.7441988663962911,0.7355726580009112,0.8875211697881287,0.40473746387186765,0.4955691234784456,0.6652662599561974,0.7533115143930482,0.3229324962149618,0.8038394795689086,0.3920490519745425,0.7010897301450091,0.7545237960055022,0.43671833930192694,0.3510842295188529,0.7586323521568371,0.7173370501354568,0.6403472996830697,0.3554879721057384,0.24168493304682193,0.1954166174060089,0.7182131197261825,0.48643691242661863,0.2776624512091093,0.5036455837379581,0.7268022674566537,0.8162969329668873,0.6083509190096302,0.062205233732932665,0.4745312880629123,0.5181573841368292,0.39765086447012427,0.6314501515882576,0.281633121860378,0.3283010848891009,0.40743687453413135,0.6399780267419459,0.6887203486903573,0.4031101784155918,0.3352524904544707,0.45960515523470225,0.391391630683819,0.5849615476460185,0.4372697669113344,0.34806109812009633,0.7663101531614901,0.879495415754862,0.831531039526881,0.7305259235589078,0.564235470504489,0.7150122334452229,0.5525295995096208,0.778582064362887,0.4899916706901275,0.33064597372248583,0.47416447382408367,0.525068462898244,0.31532144033428855,0.07093422990920134,0.7031973987674753,0.7137325991678748,0.039136239919482604,0.5018645631145031,0.3825231514860027,0.49652241015605886,0.7937996562149142,0.4947747731626406,0.8460823375346282,0.3832877841896182,0.9050420944399548,0.716657803755604,0.5489630361114181,0.3832296924491286,0.5195920401282763,0.1790059852922333,0.45930030969026153,0.2991714383042922,0.6153604069309242,0.5086134960071543,0.6502336817540423,0.6721056628296829,0.6621435756701406,0.660978223534531,0.53994458512919,0.628055323302671,0.6002027090549127,0.036367324117404565,0.6562397458023259,0.8377753892851307,0.771742549850102,0.7594207515435026,0.5795461032028507,0.7321666298212075,0.5467962402126381,0.721871835097427,0.5067585244324728,0.4844680463442368,0.49823982636949193,0.6144799322051298
LC_L,-0.1378721824467715,0.46245394756734787,0.17986247651789547,1.0,0.20511554302775642,-0.09973376254434524,0.005089087715715102,0.08108185257076968,0.08928683317482229,0.31491369547674836,0.0010450888171792123,0.14887388218762432,0.07289450448137516,-0.6321554250693759,-0.09499089835870275,0.11530770555393369,-0.06533486404611086,-0.3775362002165663,-0.04347983511154096,0.13232658508282855,0.15514502397404256,0.16570665727114917,0.3305233620462885,-0.088330700741704,0.6242363002424499,-0.22523844455004655,0.28569197388689205,0.21869520251411215,0.3909504613022947,0.20589686306256258,0.27543065874948597,0.18901453071100127,0.06532727731301356,0.015106893352713596,0.1382484937809359,0.3502859846973597,0.06114271746376906,0.4129157956353895,-0.18026069180740126,-0.3856763218255787,0.32548264269583027,0.35712712519931783,0.21661382284878117,0.0394037684300038,0.0733699939755706,0.3244997011554186,-0.032926071182137674,-0.09310416452887917,0.23196957848673905,-0.09429829238634893,0.28879146138227785,0.10492666513441001,0.15373447963690945,0.08950224788814459,0.2702893997674367,-0.15496092394966435,0.12347082285989636,0.08618940093399219,0.09235280506647485,-0.04595571009663501,-0.6702942253352739,-0.6502344431146355,0.13950080644344762,-0.19739642481446967,0.026045716269545608,0.05597365376279176,0.050550932241508556,0.17702615421754034,0.34373884351827017,-0.4558699546323228,-0.031242850628887847,0.08196331281864597,-0.0018189714711994824,-0.16046225909191983,0.18223990387111128,-0.07347968458387863,-0.006042956618222585,0.3857916687432203,0.12092289471666905,0.27152082068834604,0.12603211435531447,-0.20692577095426237,-0.4761645896878695,-0.14106632860578813,-0.36945063932365585,-0.18320309217003605,0.31499513218041,0.19168212087881192,0.14576584640187984,-0.14023939499427432,-0.10307320918841203,-0.0680649425509575,-0.015297588114464892,0.28949020112501567,-0.14977027089121814,-0.47782425589246247,-0.1551347713286174,0.5815094180045577,0.34288246868893935,-0.5383510836592751,0.14300702506938887,-0.05317195455843612,0.07154343593688205,0.39064032922709224,0.02102520691172264,-0.16923667800175043,0.23221730070482813,-0.32988119867418975,0.3092123819310176,0.1847807325695698,0.0613433658896394,-0.1370823098825668,0.013985362145476682,0.41929513332288837,0.16590903542863114,0.42703349252760825,0.07155102926498387,-0.12039418585218599,0.4324665149627256,-0.26973386587287906,0.36583290376043875,-0.2520202417476053,-0.08146995053463099,-0.002720647434595556,0.4131316286452077,0.24993361422377375,0.23436134558378724,0.4683725974717041,0.19115301376329608,0.1440322161248334,-0.042525282514411254,-0.010797337151380303,0.35047563322669695,0.2519174235906274,-0.1366246967106475,-0.1034188500389937,0.4012799154896945,0.3663177567780849,-0.19234471645847845,-0.24382831386341886
Insula_L,0.39623867809619584,0.4361126319264386,0.6563462106706812,0.20511554302775642,1.0,0.28123766288505053,0.368396180428749,0.24241363547624128,0.5815547663462064,0.618686863570355,0.7305388125876764,0.4320981899718643,0.399155932032936,0.10672291987483018,0.5263799618915094,0.660635376886869,0.542714026854139,0.05310337156676618,0.3981082826903195,0.3520021357217388,0.5595597502148368,0.7256659377512991,0.2630472090363866,0.21307590427531506,0.44789818618769334,0.35121480494872015,0.3509203000408549,0.7646056178142088,0.6241765730479268,0.6065825932713461,0.7702335778905754,0.7939507852589666,0.42230981280844104,0.11643665328198094,0.5833991128849646,0.6588715405781486,0.23682336086042663,0.42329444223031104,0.2590757246364292,0.1896111814283163,0.40814286332595107,0.4291406494162658,0.6872449888196099,0.5934797554166905,0.5753951960460469,0.4206531731599335,0.6013964037663397,0.4460092204873034,0.8081268138142289,0.4334203127903987,0.6234308374619064,0.5130262110695945,0.5476279731068164,0.5886188096181788,0.4383903291846957,0.24038618175121598,0.6190832518190663,0.4915053839014956,0.4754528703460377,0.04838596703968004,0.14704457207726826,0.053757345622212405,0.6713791733737596,0.379889021185511,0.1453675490304096,0.20054047620588022,0.6890891675843958,0.6377601763018321,0.544013518089091,-0.13427405610414886,0.45374993688691445,0.3629102248436467,0.4662545781063725,0.3348302492693806,0.38379756204953736,0.4036759778485213,0.6320425385160736,0.6121880190460044,0.6640510934713021,0.4257352026844133,0.25486278288578007,0.13358549124284458,0.4490166049990137,0.6436199428627656,0.34481024934211146,0.09549431084205322,0.6986481055435552,0.6750401226930831,0.5914689428548418,0.6025834054989812,0.22776920591298086,0.5368333308351086,0.46975006400407693,0.6950473647281282,0.2847885696525242,0.18014261531944267,0.3975003763546094,0.5832104599843146,0.336676706112913,-0.2486274533212168,0.8005096902416408,0.6175835715453161,0.23126463846013415,0.5434883970599951,0.40913475718880793,0.49608385614326633,0.709882669467643,0.2011602335280291,0.6431825476075709,0.4660300561370705,0.5501310716565173,0.5806508744756453,0.46687110034905666,0.5122296780587386,0.6055820752203148,0.40801991460233117,0.43418984141640343,0.14171010826794272,0.5198148229418245,0.6077719652018153,0.6216892776912273,0.4518090001965287,0.6263810694684637,0.5234840913596711,0.5494265343493989,0.5964206312247236,0.5587700105573963,0.19307678330261502,0.5596175519847226,0.65000563622173,0.45834904123905684,0.6823102108216985,0.5973415062472358,0.6342951870462912,0.3616570697346694,0.5123591650759779,0.4202427528873116,0.4985657781962248,0.4104748814417559,0.2541286852959453
OFCmed_L,0.5496498952735285,-0.2654070330990096,0.25320825675447434,-0.09973376254434524,0.28123766288505053,1.0,0.41060717947444886,0.4910380897625898,0.20921618465189126,0.10795232770882543,0.32475511220173364,0.048364852762099085,0.40033558627710997,0.2041454684494822,0.5352844352868398,0.37026720045980643,0.2629681627518471,0.29560696561350613,0.5629468862882718,0.06468464009352529,0.2782156803969561,0.3145605022363796,-0.02036132406300673,0.4038476349127135,0.00361755183673707,0.41134003404142866,0.07446694611958304,0.29381860051490516,0.13069590643900267,0.2637153326404409,0.24449395666298673,0.30902951329172346,0.4351560543647143,-0.19688947777219806,0.31311342068182646,0.17165585272082345,-0.08792544079074581,-0.013022441979743251,0.10390239738594446,0.35979630205119284,-0.028585564738885395,0.10188285177430588,0.18736149658534157,0.14993111908073836,0.38683501804000503,-0.176931047773032,0.17163914675213543,0.1924576318365591,0.4019779819316629,0.17721121928995495,0.1472722637351477,0.12294176150099265,0.13234406321767966,0.26318465918571693,0.08271057056901442,-0.05665436253072973,0.23321511063433178,0.2645370082781203,0.4999658374262582,-0.18253585401097866,0.41893771586914624,0.0974674768563817,0.19192032969671435,0.4098725846258608,-0.09865868778041607,0.1976861237329186,0.4341232935187594,0.16196512880200672,0.10562853774089029,0.42737164294285124,0.047928764497931875,0.10248844170078077,0.10551488623286637,0.36885895150981735,0.02336797307230653,0.15426293694289234,0.5300869272291427,0.11889422164882141,0.326650820115877,-0.08174236482570453,0.34401419713785614,0.3085583194735002,0.42929415666313253,0.6120340762330676,0.15569717019725535,0.04748904619219674,0.21234412825385643,0.2527464013644731,0.13760025480177296,0.36486430446491513,0.33816934656060477,0.3243412252244089,0.14259956047834127,0.18756991117198396,0.23273763987005433,0.10934274630095364,0.03197825425277823,-0.012348226966155703,0.11528713344542074,0.12282917326014083,0.2948140163494084,0.09939605911295042,-0.09722485131580734,0.08668876337570962,0.09602326741839462,0.20598022459532017,0.24674589343020184,0.2944946690573738,0.17423823351645842,0.2272689671894967,0.25980463391408926,0.44367285112050087,0.4820291281287196,-0.030627280735667835,0.14262826995939296,-0.14401923495035632,0.4834052055420324,-0.005400020423798302,0.05480312943805771,0.46733542891567026,0.059842055319123996,0.438254300131618,0.08404709097019816,0.5054548595514331,0.08907224426520598,0.20991050979615591,0.19261692777369885,-0.1137861008005862,0.18549784225772714,0.35733619744568784,0.3036615879246949,0.2448610727537839,0.18507274698473275,0.11876567264424409,0.3802304463723424,0.3659913662476006,0.09820535658888285,0.07411415622739924,0.1907890931525514,0.43482568596792354
SN_pr_L,0.49339858426513156,0.08308370775235528,0.10596851987923991,0.005089087715715102,0.368396180428749,0.41060717947444886,1.0,0.1924095941516225,0.032918934581190475,0.06385103639660916,0.35397077989573583,0.05085963537276087,0.42586062093977384,0.04435613318155442,0.46779407829550823,0.17136206518633293,0.2728894910594841,0.09240862557847015,0.5813816073716968,-0.10635128857965132,0.06714941784760728,0.19713680668235287,0.06505152532236003,0.2582204850982882,0.09097686415381745,0.23807979968245452,-0.0733386682181051,0.1646025860488488,0.07063269284256425,0.1202181226762327,0.38998953002531084,0.33382096401620476,0.11939116106595582,-0.2767361344825627,0.13712222078692393,0.10779739161893839,-0.10416638563223968,-0.07857865237283852,0.2566359897361646,0.06422502716969897,-0.0608372449146224,-0.013988193015439633,0.08335027464387099,0.1457903430014325,0.17816100113102123,-0.1145136737680571,0.027678499389145756,0.22908618732244299,0.4049681810755744,0.03850045218254036,0.037092951178313266,0.09941654243446232,0.19339826087473913,0.19996028319199122,-0.08114100955637092,-0.00904656254635995,0.27567544000763594,0.10541541188651272,0.3491676007088776,-0.13269428929458818,0.19611460218308333,-0.04849959631044014,0.1151690808047317,0.4826136209381616,-0.016852342522910728,0.16929420461551373,0.32101842977038025,0.11694800316003408,0.10192043872163473,0.018504899392348024,-0.15034178404806228,0.1559393083347573,-0.11484383050388505,0.11694298312623443,-0.07866837115600234,-0.007256889706901403,0.6832469059489337,0.08548726460329369,0.25649078994681546,0.09456477931340053,0.5025223417866735,0.07433394818256828,0.2952570506205415,0.39354166619276265,0.01726976199950461,-0.02655044129175481,0.09991095252942789,0.09948873207191664,0.037007354553155465,0.21286015116135795,0.17372560986621963,0.28156239927353394,0.18038152864897208,0.07586441430102195,0.05690563949678191,0.08260861236591328,0.07085575298506966,0.10288214049166947,-0.1026051803542034,-0.23141475821132387,0.21376837918388297,0.08248317612596788,-0.20573696579336143,0.02177689975178908,-0.02412476866584519,0.14709108397732854,0.14972501358881143,0.19789337691616685,0.04942225509054987,-0.002911029447154547,0.06545609576142426,0.2620486412037432,0.37758926973644474,-0.04670297508823618,0.03901284127824921,-0.07740883356715775,0.2589450421253434,-0.027796259796503426,0.037582684831601335,0.5522734765602332,0.0034385510077823795,0.2919524345442839,0.0657445546308975,0.35943157821401456,0.04872798089863132,0.13473556999686012,0.19272871649614315,-0.11584319553368734,0.11874289776454712,0.27558845170940227,0.22786304745104025,0.18355317093763387,0.06731593443998515,0.10167534615923639,0.3594986385556576,0.21359658350702734,0.1052685957788108,0.04991709393269479,0.07119916300276165,0.09392046348978138
OFCmed_R,0.5393578877900799,-0.22987722293574706,0.4831479444362946,0.08108185257076968,0.24241363547624128,0.4910380897625898,0.1924095941516225,1.0,0.244542510038536,0.28198265199108585,0.3409806458692933,0.16865294602946723,0.6666002175984249,-0.044582773975401835,0.4002376953581363,0.39786842408389533,0.39639882790896536,0.5204710673963874,0.45384119484613206,0.005530309229925722,0.32874443231673,0.3755706622021455,-0.029815557637958966,0.7634736193904945,0.1139467350481383,0.6399907755891119,-0.2559542988136964,0.3427302895015757,0.31622523049152323,0.3512187480077431,0.22748932188948665,0.2474697213259899,0.5127310097868651,0.38192023143238324,0.4897670024901566,0.3184144761165991,-0.2798933164529527,-0.16624738671151482,0.09151986344841806,0.5401180115537865,-0.30893090816997015,-0.04806998192117533,0.20278467602284783,0.3193846908350452,0.5983229483465874,-0.26224194117663796,-0.0545801859880803,0.29198717292062326,0.37098166845725067,-0.17019637687451353,0.35737182804210177,0.18089229514989863,0.4899448803518431,0.2721703847191736,-0.0955815887933223,-0.13050568726957384,0.2856233240800967,0.4394257094391297,0.5666934303615951,0.07924653332199535,0.16866423430891975,-0.01611266172897004,0.28457065457715963,0.5898568831872232,0.18959008959326135,0.7638919358616136,0.4255227298930018,0.37661816389928704,0.12261776676565429,0.10309853475280802,-0.04494841912086645,0.3123517607050328,0.001251364046711261,0.5084866950039172,-0.04964857914102326,0.1048683357194148,0.46257718098353523,0.18433561095907736,0.3089818328089767,-0.007530039649163578,0.5046792129372221,0.671735998483682,0.28411750499020016,0.4653748304119821,0.02108177454797524,0.3020102351554071,0.28888134507039703,0.36690859521924246,0.3305758393867027,0.3862526340707585,0.4411491820889518,0.5093910672910145,0.1508792740101315,0.30998479609064367,0.4158552378929161,0.2159439378635092,-0.009527573988355544,-0.01788489904927933,-0.015363652765017435,0.19436934037548328,0.1992516327498228,0.09277677657153577,-0.28355407884961753,0.01646617518640573,-0.06834529819162022,0.0885795128641398,0.3930314121726601,0.5062643715137091,0.3548853025872188,0.25060763649345724,0.45789206218167056,0.4584453917402793,0.7146652400879915,-0.1451437949773071,0.012481288311582845,-0.20802414720185697,0.5686660735405497,0.2663846598445226,0.1992880458829984,0.3875237713311023,0.1495838011020291,0.5174907116738195,0.2332204385787586,0.4753582994943719,0.09767985863547689,0.17663887904337586,0.3248719718506236,-0.2903106031954696,0.37567034621684137,0.3530624965832014,0.6177073286369874,0.2692011735132876,0.08967855469983715,0.2599676386465434,0.717215372254786,0.42367855701847557,0.11725928281576292,-0.025225250625924595,0.186501497149094,0.6680594884590704
Cerebellum_6_L,0.37110176225529257,0.10704186612366481,0.6964134405340728,0.08928683317482229,0.5815547663462064,0.20921618465189126,0.032918934581190475,0.244542510038536,1.0,0.5731674235362554,0.4014145408707836,0.3275340388732578,0.3079502013043567,0.27033199824679593,0.23488028248471204,0.7787765098332491,0.5996480436041487,0.38142218081763946,0.3812457942702741,0.5596710876723929,0.7500332224659426,0.6680768927031949,0.42644293767061303,0.3690801978762611,0.3619462008062018,0.5319482436724499,0.545161223080711,0.7144480384741215,0.6859088089811641,0.7673240526697338,0.6020281368115022,0.6470997220590026,0.6938578530745098,0.42696662314611267,0.72425316228581,0.5943341104617423,0.4884077338711969,0.41429740070393656,0.28217337197897574,0.4571597798228861,0.3934183246721942,0.6037210985066471,0.8855900089401859,0.7412680248626002,0.6174626729219846,0.4958229100792919,0.79470835040377,0.5345989414184074,0.6419575668367177,0.25539440222628124,0.6802890437809388,0.5529202050413327,0.5646750058023399,0.6644836573521471,0.6313055920907207,0.43272465316160624,0.8351940458417012,0.7843949280796262,0.41936406564259154,0.5087923286859936,0.16280908885184311,0.20078040272361353,0.8653291088351194,0.30239522950804837,0.37865969438214003,0.3371511745573119,0.6925265020480816,0.7235794083998172,0.4581565695811694,0.053714224567086175,0.8280607769066125,0.5220900493212286,0.6216439468313177,0.6072818928293698,0.6716395729536516,0.6096540971416168,0.21970958592919962,0.5728467421410837,0.6837094288329073,0.4813016627956736,0.21318917647843852,0.40566008562765166,0.32155194462234354,0.4425765449079051,0.5091434414129725,0.15797438964000865,0.6449572411783301,0.6438249830971249,0.7737586703727253,0.7586873410335316,0.5269865569898478,0.6343630248154479,0.7643023266542167,0.6953810514349559,0.5098459670567249,0.3873739436461389,0.537183135646692,0.47421411742525105,0.6585155350730244,0.017337699094567338,0.5870113895066729,0.6203218458036944,0.3846781663290843,0.6488167896781961,0.7906215902627542,0.4862350269229696,0.6859731418084128,0.3386716980313337,0.7448322461224794,0.4583647835922631,0.7071346490227448,0.6995698521860889,0.49885577428548483,0.4397359017266238,0.7345379013804907,0.18485553929382456,0.1677253819757823,0.0582935886722208,0.5932836869796787,0.3653309328860773,0.5684280380178057,0.48953319062976014,0.702170607328471,0.5868696219093628,0.4490545992193414,0.6935624124830173,0.5805824642441582,0.34438544461572695,0.5108674671481314,0.6850262587151777,0.6127483287675257,0.7282981573485853,0.8249440954543292,0.5703390493344596,0.3157278627506946,0.7028317403442577,0.32131004325983986,0.4286136832606302,0.7735519765153012,0.5030190044633133
Paracentral_Lobule_L,0.24598789610008456,0.2847265305761897,0.7352234733780804,0.31491369547674836,0.618686863570355,0.10795232770882543,0.06385103639660916,0.28198265199108585,0.5731674235362554,1.0,0.4567875494771075,0.3313176568485875,0.3151128135846094,0.0817497441904814,0.3218514846921699,0.6705249464583256,0.42782940875123127,0.06352031368603878,0.1681291459478896,0.2058864790172066,0.6543425398467672,0.7584286912639153,0.07900637254881598,0.256125010361275,0.46599384914942826,0.37122643704583047,0.3722840165177822,0.6684354603937375,0.8250149328292258,0.5774710077148194,0.5442244054546251,0.5602959124221275,0.3658250573639832,0.3461570797600048,0.6671601913916563,0.8721025659810541,0.14342115465163097,0.48742345975006796,0.08658911851913073,0.2830906544894429,0.45652043694653877,0.481544266707641,0.6287051559711443,0.622234359437625,0.5944540666402482,0.4665475164704462,0.38340181074610863,0.5136825111778353,0.6473666085296056,0.38883608997838714,0.7614261902075233,0.345661696559466,0.5347818980688436,0.5306925639760939,0.4784736930773897,0.23056939819457167,0.5738571273657174,0.5686681424000554,0.4482220877497624,0.17268354605957129,0.06583856585611718,0.01647454082588928,0.6157440487070437,0.1792909625691993,0.16405474326935127,0.2930472610187696,0.5364986400388588,0.6430206671229381,0.7994227080221871,-0.038802371235545786,0.4181764060834697,0.3285776675997633,0.2893255792437898,0.3473521227611912,0.2420010231040674,0.24807396876635304,0.37050436781770346,0.8029404892277151,0.5020495719944466,0.3907657499080323,0.18743129074443468,0.22042164211595464,0.2597834457668828,0.3773939410282296,0.28774331988957336,-0.009131429560357908,0.8966245433519408,0.6660815219078573,0.7424915846635144,0.5182180341618846,0.3375459856231388,0.48449940414158826,0.3478489282524065,0.8765468135683809,0.3172148532553298,0.08025064218012033,0.39601971902171734,0.48778084301601093,0.3125832407068767,-0.06087396355887364,0.5702594875124929,0.6177931658947267,0.017981637209080328,0.6136934646905765,0.3248638875886452,0.35868148402763583,0.750638363628655,0.14867098544376928,0.8582438931871585,0.2389181880537687,0.7003396461460312,0.4550219602623839,0.3848495664508988,0.574258274422544,0.5109074475096892,0.2693835006011551,0.47261844482447557,-0.014850065252669523,0.6160916096050955,0.3582171945579346,0.7432187797721483,0.3139924220956966,0.5043886548599913,0.40180127772099167,0.7924120331312302,0.7325271262391927,0.7615542384796997,0.1548069604315522,0.5502161598504736,0.6058436692963839,0.4977549667905444,0.6200778982819081,0.5337836320330503,0.7333742100463281,0.2777165660888033,0.3966977662620525,0.79360476233558,0.7029623227358611,0.33639986046211245,0.2654798707118858
Frontal_Inf_Orb_2_R,0.4466098060355306,0.43204211764591344,0.5644969010694292,0.0010450888171792123,0.7305388125876764,0.32475511220173364,0.35397077989573583,0.3409806458692933,0.4014145408707836,0.4567875494771075,1.0,0.26989044557040726,0.472225016289116,0.3133171256579286,0.7465235867494697,0.6350553133239054,0.5751044265494424,0.20149529388730084,0.3855651618686084,-0.03495098045944809,0.5920814355562587,0.597825395166213,-0.09636706383189643,0.3460956689943193,0.1467011079507412,0.484056521903632,0.08338386364875662,0.5741981446647674,0.47346999700332476,0.4981023763081599,0.7502879661038248,0.5765425032701126,0.33131622906972813,-0.012561621984467771,0.5964182427056461,0.48046009806631773,-0.0004983291089423405,0.1209656022103122,0.36200958633033975,0.28634733136937746,0.08286108563212041,0.18451687848687937,0.4975299524688988,0.5706259424675162,0.560945209923713,0.1355587283053693,0.4279949621705403,0.5008620810717611,0.5788617177722593,0.29777134605612227,0.48611536301598385,0.3336350408415821,0.5083647770642746,0.5801597622741783,0.192459663020541,0.25120928971723056,0.5270925309832694,0.4618098247157386,0.39609882206392627,0.11779977774924513,0.357091648518326,0.2928004842900649,0.49605234182409197,0.5068388738022329,0.19796218505244226,0.2197257946384481,0.6314333795105443,0.5071000385320992,0.44115032872947657,0.05799564459532849,0.20948023537368443,0.3274276861194761,0.17077495748783814,0.46379284743644805,0.06484780742750304,0.12390897234907691,0.5966162384503138,0.4515072491440391,0.5265295462452815,0.24436666138622917,0.4028987561332607,0.2479656932949012,0.5873086952598627,0.8407502002712657,0.39617384352071194,0.22815234683283864,0.5447256530771823,0.5501231564700018,0.47875943873094523,0.5828265485981287,0.3927406474880084,0.5058633326457033,0.3994871562070424,0.49973894357440646,0.2183866269588212,0.35257177408347046,0.4383870338162098,0.3083212427204655,0.07671956554145165,-0.16578753263485763,0.5561660025671913,0.5430066862551117,-0.10420131995604455,0.21287902919743085,0.16523529578455726,0.5595474349780055,0.47836642398529666,0.3907464405228966,0.47857838129759955,0.15597797983217473,0.5869910462344208,0.5727271587793855,0.5342898294440652,0.18205825638212966,0.29356068410863406,0.10261786641518808,0.4479732700107569,0.21139910991017719,0.45017059365626977,0.8243593292335798,0.44539702923979774,0.6102766221651962,0.4871523271134708,0.47459378170534644,0.3600509166864014,0.46959893560772853,0.43618625755395934,-0.13660053405595093,0.4203787402111838,0.6209351479863066,0.4353345370841804,0.5772991364498417,0.3048447419009624,0.4718775515838483,0.5916191686512046,0.5327871470070334,0.33876348513448223,0.30432691329034545,0.25439180107218434,0.3631549367750796
Cingulate_Post_L,0.2409934953691616,0.08586412830292085,0.4087790541308973,0.14887388218762432,0.4320981899718643,0.048364852762099085,0.05085963537276087,0.16865294602946723,0.3275340388732578,0.3313176568485875,0.26989044557040726,1.0,0.2040237349055022,0.07946676449888883,0.10854251413512322,0.3126530507796067,0.37648676892300664,0.12510899095553976,0.20963878692826285,0.2954558621824674,0.23042066612582707,0.35828215512329686,0.04006812222880898,0.20467701142938374,0.2839387625730318,0.15024373417783884,0.23619204830286497,0.33413022475439846,0.3096230645732321,0.44659095910924135,0.31503661784151826,0.3627326187370432,0.35722563869530993,0.24667657626449255,0.4979378640746534,0.46117834498149485,0.19049176054964007,0.4025731967245396,0.14954643521015992,0.1345743729992192,0.126380925874517,0.26444515494174403,0.37659314058714155,0.2695855466738762,0.3528797136204834,0.2887174841416078,0.3711685488093665,0.08267845834551761,0.3240231674135996,0.13483847707177093,0.410619830138554,0.2719944298064024,0.3535259243783997,0.2941656974403952,0.31241395051187404,0.15765026939218205,0.40026609151082493,0.1751967873845383,0.36216602542432064,0.11179638858480055,-0.0006299595299055208,0.10637039850264214,0.35944068944768015,0.23774747162956403,0.0864987307452029,0.08987397107927647,0.42826210071985465,0.4256732456622043,0.19250299798796416,-0.04469885930906599,0.31363210294603683,0.32045803283553803,0.29610652568248497,0.35485824240031677,0.2924028922979137,0.1027211841614909,0.13281394430397464,0.5195203724644766,0.37630468439318,0.221550740831678,0.11623482833269413,0.30202194221363166,0.1753125511137626,0.3444784271867988,0.2486423951348033,0.32135429779725744,0.3810446570057374,0.632019507226213,0.33560413361231056,0.3686552606246834,0.042602224004741236,0.2635062487320957,0.28103947143647573,0.3941432129344854,0.28179777466050093,0.0530620733408086,0.38764699639897476,0.3752996332964641,0.2594118339051054,-0.15951339664842906,0.44236166511625635,0.30406140717039404,0.08519467675390373,0.3742237166575836,0.28617785116828964,0.31002828200346766,0.4516359819760014,0.19012501670450135,0.32396745613713335,0.2876075736374046,0.2668470780999814,0.36160684932047704,0.22790711585326762,0.3653610639736671,0.26296432305236117,0.31347404370775184,0.29636400146268216,0.3824410005968507,0.34206701536158013,0.11971977207176067,0.46672191804906943,0.2526868328729058,0.3857198891279007,0.13115669137689956,0.3898892769828327,0.4253506077142855,0.4382776514018284,0.1365483746355837,0.7964543876218834,0.11068548765279086,0.3158489657792036,0.3454763684068069,0.35656857410044607,0.1338141876712409,0.21540707239093324,0.37398571248889834,0.17681868931467667,0.1994789653645621,0.18786422738225741,0.27002100841029403
OFClat_R,0.5306842280323143,0.04173892214420873,0.4660384600605025,0.07289450448137516,0.399155932032936,0.40033558627710997,0.42586062093977384,0.6666002175984249,0.3079502013043567,0.3151128135846094,0.472225016289116,0.2040237349055022,1.0,0.007238177434999286,0.4189826874364943,0.4434180110759807,0.4121933947359142,0.5464656735429488,0.7046982844658248,-0.018067095516207856,0.35338373437397747,0.5050266106635878,0.06410673174530553,0.7701985887428294,0.19048801957387124,0.6285339065815467,-0.28038306777552047,0.435545752046342,0.3718206907593394,0.39335607688744306,0.5119285353752622,0.32284738574928357,0.5263696085251877,0.16994142190058764,0.5213237710611471,0.34406301536997375,-0.20383839381726035,-0.18255897335052104,0.42545460280713,0.4239385426690526,-0.2439477246657271,8.652579572987159e-05,0.34049780818856484,0.5225879172728112,0.578858557859515,-0.16343645656548977,0.14454362165240642,0.48393968999061243,0.38411741537206756,-0.31954944817296527,0.32195816542014927,0.213771037419703,0.6360979049658524,0.4778490920026824,-0.0817170809259263,-0.015882724653465217,0.48591941173952224,0.5080279795806454,0.39038679943026394,0.20690106108546139,0.00919842964241354,-0.05512356756006101,0.47369937130377443,0.6970164213711074,0.4064663064733821,0.7143866132405612,0.5184194787937924,0.5317995012472445,0.170544060065636,-0.044146715164553624,-0.03532518652913905,0.2975005298583711,-0.009194852291797586,0.567643482151072,0.03238180843929666,0.1122745478706219,0.41955134363211705,0.22795393453043866,0.44095387183987805,0.20403865623984835,0.8334396445043913,0.5102957400800894,0.2915861657555786,0.46668747951756345,0.010049624065822837,0.15766064620937192,0.32517902813597777,0.3406952408754255,0.37385880189943,0.4219822180651474,0.41690604657092395,0.6000606313201501,0.29568512693606813,0.3467671620592605,0.44682211877863715,0.3203910928706319,0.32961995741550204,0.1591461346661321,-0.016305062064843476,-0.0316196618452479,0.22092374214857988,0.22135252920928478,-0.3303941752873391,0.07619128550050061,-0.06448409710528859,0.20984179591105112,0.3594218526018374,0.6117118874823648,0.3259614571231856,0.32830380024651046,0.43582699158378707,0.4336940389849287,0.8980242218687918,-0.13449339277496977,0.1134241950780874,-0.1481852350280224,0.31032348002666693,0.05041597467448176,0.3536209685950394,0.4832235628937938,0.15072273237661832,0.616612998326261,0.41081545144279147,0.4746143089956171,0.11047568579518924,0.2623717501868801,0.39247647445854167,-0.3311720383299492,0.4256403617046941,0.4389097058791235,0.6891412159067188,0.45093686713492315,0.16605794180466105,0.2934089073087941,0.8145390762882766,0.46819928004081157,0.15842333349927953,0.02840799694729156,0.22244930411834876,0.5795718190356288
