,SN_pc_L,Thal_MDm_R,OFCpost_R,Temporal_Sup_R,OFClat_L,Heschl_R,Cuneus_L,Occipital_Inf_R,Temporal_Inf_R,Red_N_R,Vermis_8,Thal_AV_L,Thal_LGN_L,Paracentral_Lobule_R,Vermis_9,Amygdala_R,Temporal_Sup_L,N_Acc_L,Thal_Re_L,Precentral_L,Raphe_D,Frontal_Inf_Orb_2_R,Insula_L,Postcentral_L,Vermis_7,Hippocampus_R,Cerebellum_10_R,Parietal_Sup_L,Precuneus_L,SupraMarginal_R,Vermis_6,ACC_sub_L,Occipital_Sup_R,ParaHippocampal_L,Supp_Motor_Area_L,SN_pr_L,Temporal_Mid_R,Frontal_Inf_Orb_2_L,Frontal_Mid_2_R,Frontal_Sup_2_L,Temporal_Inf_L,Vermis_1_2,Thal_VL_L,Thal_LP_R,Rolandic_Oper_R,Occipital_Sup_L,Thal_VPL_R,Caudate_L,Parietal_Inf_R,Cerebellum_Crus1_R,Thal_VA_L,Frontal_Sup_Medial_L,SN_pc_R,Frontal_Med_Orb_R,Pallidum_L,Rectus_L,Cerebellum_6_R,Thal_MDm_L,Postcentral_R,Thal_PuI_R,Lingual_L,Red_N_L,Thal_VA_R,LC_R,Rectus_R,Frontal_Inf_Oper_R,Fusiform_L,Thal_AV_R,Olfactory_L,Thal_PuI_L,Frontal_Sup_Medial_R,OFCmed_L,Thal_PuM_L,Temporal_Mid_L,Thal_IL_L,Cingulate_Post_L,Temporal_Pole_Sup_R,Paracentral_Lobule_L,Cerebellum_Crus2_R,Thal_MGN_L,Hippocampus_L,Thal_MDl_L,Vermis_4_5,Cuneus_R,Thal_PuL_R,OFCmed_R,Thal_LP_L,VTA_R,Thal_MGN_R,Calcarine_L,Occipital_Mid_L,Cerebellum_8_L,ParaHippocampal_R,Thal_PuL_L,Supp_Motor_Area_R,Parietal_Sup_R,OFCant_R,Cerebellum_4_5_R,Thal_Re_R,Cerebellum_Crus1_L,Olfactory_R,Cerebellum_7b_L,Thal_VL_R,Cerebellum_Crus2_L,SN_pr_R,ACC_sup_L,Thal_IL_R,Thal_PuA_L,Cerebellum_3_R,Raphe_M,Cerebellum_10_L,ACC_pre_R,Cerebellum_4_5_L,VTA_L,Thal_LGN_R
SN_pc_L,1.0,-0.035155411076064444,0.4606430626586817,0.4659164274459228,0.29820903466776044,0.33694443885599556,0.21751735965212157,-0.09436288039569053,0.23281579066340558,0.48283440119292,0.0007835155324843631,0.0938564774290216,0.21375773479812696,0.3417846905150683,0.3089125083669344,0.5197198414820922,0.3079385191766939,0.4754655621085948,0.0980525394710786,0.3862806229157136,0.3741900132332258,0.5966162384503138,0.6320425385160736,0.41705891947337126,0.019600476435308174,0.5285761189084242,0.1794639980167196,0.29080223191641424,0.3058225567384062,0.4242092047390745,0.11926880435235179,0.1987044440673556,0.21778862883391648,0.4434301369712402,0.24827433043645145,0.6832469059489337,0.3034488497352709,0.6359319609173232,0.31172445001395277,0.30638120586851203,0.25146019667052477,0.24808280241780858,0.20423221102392905,0.3814819684012489,0.4807259363287423,0.1540922617620207,0.2521110948151961,0.323846919003425,0.35042873290195586,0.04862017087606518,0.13471818948422304,0.3711281434471858,0.35634558268433913,0.040101291777417294,0.2364873692395759,0.3618577605340487,0.06914888243095506,0.24372761739645518,0.3760316543600807,0.2155353965009335,0.23587753317887342,0.589301277889962,0.2635490955189045,0.03954749485515006,0.4297653298785599,0.43880630772256607,0.2416222166845042,0.10652950465206798,0.6330501028915139,0.11423737286791887,0.40743687453413135,0.5300869272291427,0.2833401375918766,0.3000057404176494,0.5464424646609799,0.13281394430397464,0.1269232026114802,0.37050436781770346,0.23552389064853643,0.1473990872932651,0.4869908112053459,0.17875870315904785,0.2740827213707956,0.07457395677972738,0.40853517204989176,0.46257718098353523,0.3046594392783666,0.15784608851051454,-0.09174119016711367,0.12460309006773847,0.09933604290102549,0.24664114895979153,0.44947343644224413,0.38000001313291076,0.3466175981837673,0.2988355749756351,0.40568444165116485,0.2924021262908501,0.040040269847530285,0.022634537047910012,0.7249618273607974,0.0665532095285972,0.3424586323426317,-0.08909975593126548,0.35346890578366225,0.4710023540619182,0.18062931423120562,0.2987652881039556,0.44332716830744745,-0.013978934382671657,0.2532474733554956,0.42371587276027756,0.3617001702575697,-0.11135684928197469,0.06077278480599955
Thal_MDm_R,-0.035155411076064444,1.0,0.1597841192142814,0.2903669993595445,0.37941743913561327,0.31673838547169564,0.14460571913530038,0.19014420011601907,0.3343451131956784,0.2681445162721303,0.158509496995746,0.4251715785219765,0.13549990544976775,0.21380568371003558,0.4442896248397178,0.08727101259752605,0.46779737061940635,-0.28116154296816004,0.03230562605088973,0.33579895015074507,0.0027263362820077737,-0.012561621984467771,0.11643665328198094,0.28785286721041325,0.12096140987205012,0.2899390346825445,0.3170990211793926,0.1468785668723233,0.18599974883000134,0.29755474484827665,0.3003299419087858,0.3597908973096478,0.0636550042216929,0.46443370647575183,0.4653515012654435,-0.2767361344825627,0.18366315544604161,-0.05077028726699957,0.35117059181100957,0.4528122741882694,0.4983224073818785,0.2996777897716075,0.44658288787178924,0.26555063682403585,0.2136480665625191,0.0933143564799066,0.5457877384787118,0.40884989644405717,0.11954765326363308,0.21987307375604268,0.3865189118878272,0.3957381730983665,-0.038908229873267926,0.28821103719788793,0.3620618739363033,0.08336102566653444,0.3562821197134765,0.4026971813627925,0.3048306292956845,0.2385237612113637,0.2395138605302157,0.1478965124322371,0.4916198115472252,0.0076760705279539454,0.09328220914867219,0.2693676457239075,0.3596534096895281,0.0962270140095856,-0.07443178073896929,0.28688354463793764,0.4651894312359545,-0.19688947777219806,0.5239015160732076,0.4463868785075108,0.1423966463661984,0.24667657626449255,0.3737350576206175,0.3461570797600048,0.13616214219281333,0.4008220676756344,0.4318078688596818,0.5619008622389482,0.3473165358614213,0.005450111443004295,0.4207055932919974,0.38192023143238324,0.2807762136061232,0.0511113260812809,0.2762335594053343,0.041874309871035506,0.051743494111615704,0.47265785259632126,0.34040444959452926,0.40186256101320544,0.4439943919523327,0.05574536589881161,0.23773672852501992,0.3555455283759361,-0.1795773483489189,0.259851990770295,0.01711467436299174,0.19136523954150092,0.551952626502212,0.19927429710641378,0.05642591826151543,0.3293103317573089,0.14012143316920042,0.34183889752605634,0.304693747818883,0.23658440102556066,0.3822162291734278,0.46683578442476376,0.2978406431286525,0.2352940330268231,0.3383173661407816
OFCpost_R,0.4606430626586817,0.1597841192142814,1.0,0.48837456080156116,0.4155021902295762,0.36927103676907214,0.2876601394799044,0.03676161182005091,0.3100114837181164,0.22504257260561156,0.27780039015577057,0.385446726617578,0.3658385251685405,0.40761411747586074,0.4952451375974038,0.574023428523926,0.5372389170569932,0.5123046945000441,-0.17220665280719802,0.4587335565925046,0.04036407342001479,0.7482137458886283,0.6133892861993803,0.4735845225688961,0.19766959505349138,0.6731794709741967,0.48009440218764954,0.3191033231445722,0.39053070261770734,0.3837014288108661,0.29175415203359256,0.49514983177360644,0.2707405952851335,0.675017427566187,0.5153915384600983,0.3358623149360502,0.3990085915555094,0.6476145882512586,0.5481349655268327,0.5674681767570896,0.4072345635700778,0.2346648398125288,0.5195402530815368,0.5286344908567806,0.40227412320619166,0.21450176664693427,0.563492632021704,0.5779776826095828,0.332556687816954,0.2785104378239069,0.32371136617621954,0.48012236734991265,0.5566630925026207,0.2161220199578997,0.27393413013334983,0.7544769408481242,0.3416795222224992,0.6156880030765897,0.4684910016932128,0.46459016948054394,0.43109208523345094,0.2364674314872344,0.3338353070207135,0.07067137424368737,0.5513587559931906,0.4897598027468916,0.5768361863397632,0.2680252737439415,0.5967961065719579,0.3573588475024776,0.4929348582347767,0.25441964977950765,0.5929836191118325,0.41927255031799726,0.4892607940497942,0.26151478679741214,0.3860426272481828,0.39984797710487,0.3282943787936788,0.4874475927621055,0.6262533518156883,0.2977171751922419,0.47361774981870836,0.1174769070265787,0.5612219338418639,0.36825488540335,0.611511377457028,0.5369799634435157,0.4025607816781073,0.29327716155664074,0.17212093147736318,0.456713704544238,0.5913217234121163,0.6154526412215668,0.41902954162871364,0.25472723515522433,0.6581263599465325,0.5240454457290065,-0.09838419268231295,0.289094022484758,0.6994485076215431,0.5509941315396528,0.5029029987401226,0.27274814876349524,0.15483041127873137,0.5603672637040873,0.4045910118794332,0.5021209379627702,0.4868918302823892,0.43570396453916965,0.5475263980766796,0.5439206554970047,0.5711156369060962,-0.29520562438544723,0.34324513338480633
Temporal_Sup_R,0.4659164274459228,0.2903669993595445,0.48837456080156116,1.0,0.34530995396712105,0.8642491167137117,0.5879553922185625,0.12869625067397583,0.48304651206560884,0.5541788969246202,0.3674307940135463,0.21067941790005673,0.5791503190596043,0.5492556309814696,0.6711066854196348,0.42970990693914957,0.7124086958073705,0.2997798067555322,0.05037203368649419,0.7651072785324169,0.37586641240543756,0.5741981446647674,0.7646056178142088,0.7156500063683895,0.3043134756214559,0.7523178166571773,0.5342416422074804,0.4959740333933175,0.5865573430888329,0.8034844224891721,0.4290431112373229,0.27236841504143217,0.47763208572745475,0.5316694046060259,0.7569189338412936,0.1646025860488488,0.7167302133478934,0.5196396415933968,0.7523366669065782,0.6971573237649716,0.44133580351638324,0.464571441731004,0.4728928745956194,0.6576432917619848,0.8105971053885307,0.42354279946048573,0.7863874660537808,0.5870940502602815,0.5920946793486273,0.41800513856826993,0.441894328427889,0.7094180367298768,0.3424709086504333,0.20557552704457238,0.31973714199571135,0.29208286413813855,0.49177076907847056,0.4846139685702315,0.7509261823702765,0.5057993888381016,0.651006152057645,0.3645295518658259,0.4293903526478195,0.28106857380863975,0.32445702018657135,0.8065956133129308,0.5202292515574463,0.051991657162953835,0.3258285355469251,0.3279744913122571,0.8067237457131818,0.29381860051490516,0.7833129943952346,0.6170725766180424,0.3313541986741186,0.33413022475439846,0.46047375413974984,0.6684354603937375,0.5213806300117396,0.2497925498202377,0.636941715918433,0.29664842810767106,0.7362008125249321,0.3277265597590569,0.7349783951280134,0.3427302895015757,0.7006076823359094,0.18890194805586696,0.0938758053273217,0.4214331410423253,0.35716762388668505,0.5485783576439567,0.729335646455373,0.7764366533571007,0.8093062353366938,0.42099836886417213,0.4058831579148882,0.7732184642599504,-0.02382474765282619,0.39404960302702463,0.4633180192611502,0.3893691863575401,0.6526184053432988,0.15410293525989038,0.15089431217643487,0.7811261300718313,0.4449711026382163,0.6857674888704164,0.7717161517407733,0.28594238402205446,0.658768210519109,0.6812003017391542,0.7388440368746142,-0.07254268195703095,0.31311218831519333
OFClat_L,0.29820903466776044,0.37941743913561327,0.4155021902295762,0.34530995396712105,1.0,0.3479828603667278,-0.046085734891045844,-0.3769814803846417,0.08857721303572282,0.5617294693791902,-0.08154606445415741,0.761824049178711,-0.08103338535551476,0.37128002070218363,0.5699937354510317,0.4870401215157855,0.4766118473689289,-0.09146394549759453,-0.016415785536223682,0.2725642569659969,-0.34393392444553667,0.3460956689943193,0.21307590427531506,0.24018662675221458,-0.06703857514393265,0.4223218220369537,0.23347307539054873,-0.029520904429606386,0.13487403855203578,0.18142023314792755,0.0007688845276337155,0.8024134387409874,-0.18080790882654083,0.4477257936337364,0.42766428730019723,0.2582204850982882,-0.020458340830675194,0.47681811373229244,0.3867270776207981,0.43079671188744584,0.44745926941113207,0.27593273246874717,0.7354994638354667,0.4460473220381915,0.17828941443188162,-0.2897506408577665,0.35768682998413676,0.5699945258263366,0.022149111227202405,-0.045260643503959634,0.6009246548943851,0.35196827327530555,0.6865034114793589,0.3441577760871847,0.6899616644378795,0.68457810612531,-0.013283136976291316,0.581655367907048,0.30427923633160286,-0.013607941380602786,0.08384961024051182,0.3645382719689658,0.8594773898359783,-0.31343924709350945,0.6335572172547488,0.3333014782039087,0.30001948908987097,0.10134201739283458,0.3463870133065184,0.1319383112646704,0.5190255976209665,0.4038476349127135,0.46570831495278325,0.3670842585671691,0.3853836555412318,0.20467701142938374,-0.049667991155509225,0.256125010361275,0.12569717159665864,0.43752781475588415,0.49986508626662224,0.819787744714339,0.32529094023688765,-0.3632564101533502,0.5444195381132597,0.7634736193904945,0.41634997418366926,0.20601487426090864,0.32014535127912325,-0.11951202441747348,-0.310506325027807,0.32451695392651947,0.4525915194159782,0.40118833908690493,0.34883810417574623,0.03736133795476228,0.8391850897803514,0.2690448032934988,0.1188888764669655,-0.03024867981522203,0.46497291173678923,0.2460603060033223,0.7946204113383816,-0.2742920817908438,0.2090819013394665,0.41112769005167665,-0.036979861244012584,0.13859320776471995,0.39519065858699404,0.2709942285519375,0.3576311418608623,0.6549081920563903,0.461040219512302,0.30745621501578496,0.0011533283419190882
Heschl_R,0.33694443885599556,0.31673838547169564,0.36927103676907214,0.8642491167137117,0.3479828603667278,1.0,0.5259023950896516,-0.028205470308953127,0.25540129958912766,0.5627456384603796,0.2568065125936402,0.1599326595918815,0.5400363972149871,0.4512601911774797,0.612771505815617,0.27524927459811294,0.6499652766703446,0.20904595204511212,0.03564173496327538,0.7444893357672342,0.3236998162198069,0.49609584570356824,0.624095890419037,0.7057167398040581,0.1612391543294531,0.6164724224891974,0.5180244135339721,0.4957770639107426,0.5695603265797585,0.7289961154004311,0.25589117388549854,0.27899954695645623,0.44241148925351403,0.4532235072835776,0.7424960604609528,0.043310246933012615,0.5358735352725313,0.4519485456736563,0.7156288680910959,0.6974694029521344,0.3397891880418128,0.41158850419980986,0.4448331191615127,0.6544284261282125,0.7433731860175831,0.3988720910042755,0.7123956881603835,0.4909435056735397,0.5880995220744779,0.206642400286593,0.43484153674703113,0.7097212207767163,0.25450619261955854,0.1893913560703792,0.35512188914039716,0.1878780771877774,0.37145142214112636,0.39094637877140986,0.7405762302100404,0.40434110435140513,0.5603805335854797,0.33675837132454073,0.42107438227664995,0.3145004364246312,0.2377820931352866,0.7556841412880497,0.38415804889290917,0.00152189394942778,0.2596623214153848,0.31018923871364384,0.8222194974668894,0.18865865320864464,0.7494455943124098,0.5254582719501284,0.24249911229409327,0.30708817448434866,0.30590914200310626,0.685928661095148,0.44685341099338666,0.16252497225056356,0.5485271196808318,0.27663422175698926,0.6400052646573817,0.22069132139941508,0.6825458711997425,0.3495331763033256,0.6973724541454478,0.10494978056267039,0.08846371754680533,0.418420645595023,0.35295646615203113,0.3701438123351597,0.6556480600716771,0.7031399704721045,0.7703640720242529,0.4848509607607575,0.38822448985787905,0.6869001261411395,-0.006299041333049621,0.25677674720599686,0.36985659185258307,0.39208440672670186,0.6124100848196553,0.02160729001249232,0.122362545968745,0.7560366893736419,0.36415766430677854,0.6903133373462912,0.6398635158406732,0.20361330487189558,0.6071390799057221,0.6952494606440881,0.6567195481637977,0.02225760566872969,0.2227634312835466
Cuneus_L,0.21751735965212157,0.14460571913530038,0.2876601394799044,0.5879553922185625,-0.046085734891045844,0.5259023950896516,1.0,0.4159946160272576,0.48799764145596064,0.24407590040362795,0.6751504282718674,-0.2075702049180599,0.6702939081780548,0.5793719723348519,0.37394165168900284,0.15324883948748166,0.5040076586806919,0.3249570547216381,0.08456737852524725,0.5989355785396612,0.356489339575409,0.21287902919743085,0.5434883970599951,0.6413809941051448,0.42311538227646733,0.47073515486264106,0.43434963419058414,0.7674115717717465,0.7929904880093147,0.5338608898768794,0.6341854541849505,-0.10339812054235116,0.8794134521297059,0.2864610936210807,0.529070163108356,0.02177689975178908,0.812378993174684,0.20079473336762227,0.5445210934415111,0.5280991441946619,0.17982740851329265,0.2617164377261937,0.07384005749508442,0.32151487563394227,0.5005236055296705,0.8221053791457648,0.531534058962438,0.2407732310632012,0.6432177437524712,0.6601780008791924,0.15905111193723015,0.5372140462353177,0.011287705847197106,-0.07075831167535508,-0.0077025734320269185,-0.005921693693026687,0.6688811997737659,0.16854175097158688,0.6001143532453851,0.5183067820544093,0.8390753651453525,0.21721218389113642,0.006285630961128601,0.3767870614841729,0.07939341474044968,0.5739757891783617,0.43097356892890537,-0.08507522726531518,0.110253061303293,0.1577324737936033,0.5018645631145031,0.08668876337570962,0.4680729120810226,0.5810422641589345,-0.0364436565435,0.3742237166575836,0.5132175283090171,0.6136934646905765,0.4400777969563531,-0.12254121478587801,0.34022956313814384,-0.10808417310559129,0.6954489150550688,0.7968826459370363,0.35316285602284525,0.01646617518640573,0.3977910423191153,0.02120851779126908,0.15035424198301647,0.8638093761105258,0.829094612326699,0.3624749113533636,0.4775670726682433,0.43150821367745285,0.6056564217607228,0.6401726002737392,-0.05398145289544798,0.6638065119474601,-0.13197158148973182,0.65768682693547,0.0665873088069285,0.30024234256852783,0.20380999276568645,0.4533278375803291,-0.1461393638904699,0.4862289763090786,0.5308313183665544,0.4907620022234202,0.375053388326914,0.11605540283916815,0.3723116412965805,0.31122203211759,0.5534083263922942,-0.2902184069644655,0.25888178908848203
Occipital_Inf_R,-0.09436288039569053,0.19014420011601907,0.03676161182005091,0.12869625067397583,-0.3769814803846417,-0.028205470308953127,0.4159946160272576,1.0,0.5663839599977725,-0.09077948084902662,0.6491403551156045,-0.20180066068324493,0.2961610338885118,0.028740865074520106,0.05353308548038705,-0.043065720376958126,0.23708334993535268,0.04101015126639703,0.10907367824517948,0.07602105059256764,0.27577656696315217,-0.10420131995604455,0.23126463846013415,0.05708539495186561,0.561759343824895,0.11079089298337855,0.16739880795291864,0.11627906444584811,0.08296564595391422,0.051252819050355176,0.623272004202785,-0.24980051570440348,0.33891617053758694,0.12232076692388874,0.07530452716367148,-0.20573696579336143,0.47366942546079016,-0.11322233596224765,0.08191832428572207,0.07519431687501385,0.12590440185314383,0.2029536897412232,-0.14860999488073257,-0.1825132929863545,0.16731597391514377,0.4099692007318536,0.19664352252634515,0.08180582274649395,-0.012207202744834913,0.6577561810201892,-0.11238626177463064,0.130912910070242,-0.4161334224136619,-0.05158819324415185,-0.22842619417016005,-0.25427904442187693,0.6277863763692271,-0.08446269157787657,-0.029949235016415204,0.22699876338081518,0.5212398070667517,-0.13189230104653396,-0.3265660545285182,0.3160110387765975,-0.16499842918787241,0.08054469783960863,0.33195011797938734,0.01633545299064552,-0.13637590069420116,0.18684503068624714,0.039136239919482604,-0.09722485131580734,0.08827604383655688,0.3019276454178334,-0.09154124056067996,0.08519467675390373,0.688734103336272,0.017981637209080328,0.3336553619346778,0.006056446803581524,0.16596004553276061,-0.1946495917785236,0.2836555350992692,0.5617567588775542,-0.013610414485233792,-0.28355407884961753,0.002122847825783267,-0.02674997682276604,-0.055601973864950915,0.4503704579108205,0.4210622199887164,0.3779117464238944,0.11236902064393836,0.10022041664097749,0.12890708868533374,-0.09506961077010999,-0.3971534779767779,0.3638224705121657,-0.12259151206157404,0.5654983926681239,-0.15497929633241597,-0.07712306685076752,-0.1606989633389327,0.7257846128724867,-0.06406113058025144,0.03392793810860718,0.15769754635801608,0.11986377274859668,0.1363616467410031,-0.007231246133836267,0.14359809181901115,-0.04184112323347128,0.10588120299777497,-0.18475174878700104,0.2764499109699673
Temporal_Inf_R,0.23281579066340558,0.3343451131956784,0.3100114837181164,0.48304651206560884,0.08857721303572282,0.25540129958912766,0.48799764145596064,0.5663839599977725,1.0,0.1995910880056958,0.5329242765826249,0.1786268407574757,0.20051424171237792,0.21876302723148197,0.4124300702270621,0.3784287023926868,0.35506671961214764,-0.0008205924019423583,-0.06587025398736764,0.34624767479859386,0.20184013116463062,0.12390897234907691,0.4036759778485213,0.24964018120016804,0.5768500952179609,0.4555985741152423,0.10153088118678019,0.1581443269678028,0.19716094063195555,0.27498140442003655,0.6892733822234869,0.17913433181828597,0.3808508405301961,0.38391057721980343,0.3615026342614864,-0.007256889706901403,0.7468477625532458,0.1545992957305916,0.3046253726937572,0.2632258555721731,0.2695523329517194,0.27981318544438744,0.21242510886050636,0.20489598033384226,0.31406267014936845,0.2694741919107711,0.4153596526542714,0.31003718955248166,0.08012196110844773,0.752630423862776,0.23120117869419055,0.2838755560473418,0.029033395577459258,0.07338839420235474,0.15795351346362674,0.14523179750735457,0.6961118768373366,0.23028238885896124,0.15298467416902828,0.4626558451075124,0.5167835230646615,0.07757885514703927,0.20400338021648184,-0.00018576680457877437,0.14534635015367375,0.3056609681118965,0.5293775628808798,0.08157611634718216,0.05557976555038121,0.23724957770351238,0.3283010848891009,0.15426293694289234,0.3662971926655955,0.37222726635950465,0.19916773446555253,0.1027211841614909,0.7580238052738683,0.24807396876635304,0.5849372197949396,0.34518671769497233,0.44659784386250956,0.1954962623804543,0.4517546468037417,0.45633226270754945,0.3742375631905462,0.1048683357194148,0.22712581441923413,0.08523264772109881,-0.04484141985697216,0.33489284083276105,0.253670367322352,0.6559606119392823,0.5408725495812218,0.37123956415544074,0.37340819227175465,-0.025586872708573644,0.0682530070613346,0.4954732064294043,-0.08986362591262724,0.5439987204830217,0.20395153180081607,0.0882481039380081,0.2935080409903135,0.5050702477662048,0.04845053162008223,0.30307546814078445,0.1677471755427959,0.256005928755944,0.42588061759648693,0.23401073385449844,0.2741454709530307,0.22845555606820384,0.35027994791229816,0.035923578175457674,0.381474898469519
Red_N_R,0.48283440119292,0.2681445162721303,0.22504257260561156,0.5541788969246202,0.5617294693791902,0.5627456384603796,0.24407590040362795,-0.09077948084902662,0.1995910880056958,1.0,0.12989087167122598,0.3889024932727313,0.1978537568105623,0.3710046570970017,0.5276322947695322,0.4893681434389451,0.5674634520281073,0.12378974865084082,0.11873035068996582,0.5302546626385629,0.2683494091757721,0.39609882206392627,0.4754528703460377,0.5194300364786569,0.0678824042070123,0.5632610559246688,0.3411657272033495,0.2961265248804936,0.4022623636399408,0.40053380355208046,0.1845723158001645,0.4343423584299475,0.151047119181348,0.4868045511614528,0.4694358928510016,0.3491676007088776,0.2073992319202532,0.5627403597084086,0.50778000788697,0.5676711436679914,0.36530897042849414,0.32058923691098,0.5805654672298599,0.32493549716055176,0.527640289146856,0.13605806822334796,0.482323209438739,0.5654391891413738,0.29293645985353595,0.05976399449670631,0.371933825758787,0.6035867823310204,0.32374281830763485,0.21541596210892228,0.5044104200015537,0.2715474951299345,0.1794984055912197,0.4087321672624214,0.4723495896037284,0.01847102368939819,0.3285539505365109,0.6646950064468877,0.4689082255544035,-0.021025369947449128,0.4865461317627609,0.5133223410464465,0.314047510641349,0.05447181594817624,0.4089377620566222,0.3547891593304014,0.6403472996830697,0.4999658374262582,0.5515164204736435,0.4559663756510499,0.4244020135625341,0.36216602542432064,0.1621816041709815,0.4482220877497624,0.2843632586552962,0.17503546036843612,0.5997614165189329,0.6121076544770595,0.4382601728886149,0.07281645514954209,0.44024229403415044,0.5666934303615951,0.4593416516937771,0.04553381699285381,0.04174586451178287,0.13359967818155408,0.09280177259322844,0.3139859944792998,0.58628877267996,0.47539582960951127,0.5638374371942514,0.2267143829977606,0.47318114961579666,0.47339913971952774,0.19467207648177656,0.09675821970564606,0.4498960313338143,0.09700214862884529,0.6544092691007639,-0.11230529292127617,0.31387599932718824,0.5947958957644768,-0.058274445138254256,0.3501980642871837,0.5233314972190607,-0.004326339388936297,0.3260661521578954,0.6946357267113233,0.5103180474310992,0.17478028174177362,0.0656159514385145
Vermis_8,0.0007835155324843631,0.158509496995746,0.27780039015577057,0.3674307940135463,-0.08154606445415741,0.2568065125936402,0.6751504282718674,0.6491403551156045,0.5329242765826249,0.12989087167122598,1.0,-0.07788399485720565,0.4865876389169025,0.34812011384684455,0.273929773733589,0.11934961027296827,0.46551109986630823,0.14814307942877003,0.08596845740580429,0.40622714599896054,0.23619002236940848,0.07671956554145165,0.336676706112913,0.4057659519194459,0.5843966110430358,0.3331228823288885,0.46414332596271995,0.450013035512852,0.459311064053176,0.23722727389192597,0.7154185845077898,-0.061127336088588814,0.6138117879098282,0.19570088494875787,0.40219230848774506,-0.1026051803542034,0.6692665092237483,0.17676278264402387,0.42262981487241297,0.42717985060489977,0.10867181529441686,0.16371472930926972,0.17509495688027746,0.06642181938430687,0.3086673414098376,0.610180910865298,0.36477118914098744,0.33675348371735353,0.3014385356642295,0.8485948054015607,0.14244150257801277,0.4302503531912692,-0.06470702870013326,-0.06472507647138086,0.013696718059133304,0.07495292859043082,0.7688239623509827,0.15076332354420333,0.35276995303539743,0.3824407359187812,0.7881539881770622,0.04301953463775972,-0.08346678343331951,0.3621002130933237,0.09973606074727097,0.33517141339654316,0.39354074089371927,0.005315301677650316,0.09403769609688119,0.22197767210416897,0.31532144033428855,0.11528713344542074,0.31503705083904354,0.49573673164119064,-0.0640142202180116,0.2594118339051054,0.7246866269117033,0.3125832407068767,0.5925105182964264,-0.07937087859388017,0.29908125504194566,0.008926629100456473,0.5521341074244444,0.7237804015547243,0.12145159440849293,-0.015363652765017435,0.28316318800557483,0.07974720347758622,0.13449426127711106,0.7535836859177134,0.6778208824632204,0.42654151794784617,0.2813377701802896,0.2587414227337642,0.43199320011798364,0.27168585848750154,-0.12096984524828917,0.5590633239742084,-0.03034971094677492,0.8200977438515529,-0.015698765071205715,0.22978732892930842,0.11327029710212326,0.7436403775513261,-0.16923828554544817,0.3154006081124329,0.3369772828472772,0.24295867414610015,0.19875039592467608,0.1741881734535194,0.2734338138204503,0.25430188466832404,0.3615557014297787,-0.2230643966000721,0.20274811454784192
Thal_AV_L,0.0938564774290216,0.4251715785219765,0.385446726617578,0.21067941790005673,0.761824049178711,0.1599326595918815,-0.2075702049180599,-0.20180066068324493,0.1786268407574757,0.3889024932727313,-0.07788399485720565,1.0,-0.20912679256336045,0.1850940118869794,0.5339226158501089,0.4956998607623038,0.4127701220576505,-0.3145395959581548,-0.15815888177583748,0.18065308213121983,-0.22631824679336288,0.20149529388730084,0.05310337156676618,0.1144272897511559,-0.038395095884822344,0.4100018113934888,0.16716128823036794,-0.20116381713378545,-0.04166026266474768,0.05319104414048228,0.1336462393473917,0.7735194802825262,-0.30263233447694937,0.5369158388991415,0.3732777826330163,0.09240862557847015,-0.018407972931011842,0.3614900824756921,0.3627792793199449,0.3597869982296014,0.46458518535441484,0.2284744681422903,0.7985082561914546,0.3741483062704538,0.13435047444197673,-0.35900955949745783,0.34073600483652594,0.6515806635252783,-0.15527979409185375,-0.007391513900673655,0.6369130537894784,0.27052960817570076,0.4572397886085019,0.4398654581801371,0.6941908422603429,0.5987353022501252,0.14391440271621864,0.6758060331495838,0.13246317245753758,0.07266417259796804,0.014392406380518166,0.11301875311938889,0.6387961511711547,-0.36984099442251944,0.554314624573729,0.22179008417523202,0.43009529390507056,0.40885817543063163,0.18428382894470638,0.40157705600634813,0.3431474123545151,0.29560696561350613,0.4240743225118093,0.25302032827184223,0.5240475587263039,0.12510899095553976,0.13521513388320666,0.06352031368603878,0.09179688893262082,0.7031064741287127,0.5519332972091571,0.8214656050438632,0.2873191031569891,-0.3002504224573736,0.47787123062959896,0.5204710673963874,0.3797896764605718,0.29020338301245896,0.3975752327807801,-0.21350932721214005,-0.3820262346753034,0.4796513740097524,0.5164620852610834,0.4223331581775776,0.22026026630552242,-0.23418709452683606,0.696672946271104,0.2680437787494726,0.2033428767766453,0.04793186947989259,0.3935101976612496,0.3489325195179638,0.7174045884474907,-0.040722624335090274,0.38099140892247757,0.2955945727784265,-0.18411291989499587,0.1983353123764931,0.36862004001077947,0.25924500715657506,0.4216428871017174,0.532377311201818,0.4210028184145553,0.42601931039445057,0.2375400413989572
Thal_LGN_L,0.21375773479812696,0.13549990544976775,0.3658385251685405,0.5791503190596043,-0.08103338535551476,0.5400363972149871,0.6702939081780548,0.2961610338885118,0.20051424171237792,0.1978537568105623,0.4865876389169025,-0.20912679256336045,1.0,0.3650933608379696,0.3797303779554554,0.1113796931803753,0.6226809027668767,0.5274915998550913,0.10669261178852212,0.5612679087414901,0.29631294678641784,0.3083212427204655,0.5832104599843146,0.613543848139337,0.4174428333610857,0.5354766644569714,0.6464956111916247,0.6084946129565604,0.612527964277189,0.5609263262519668,0.38523017246998514,-0.14375331768841765,0.6201246552389497,0.35655656499774463,0.4997775845176754,0.10288214049166947,0.5495518830930163,0.19629271543976456,0.5128248271296986,0.5302746855185368,0.38599605131535086,0.30394749923229064,0.1312943558396176,0.3511170805647371,0.5887463991418597,0.6731461207303465,0.696284969905329,0.34589012807558145,0.5694895384244699,0.3927835525279653,0.09078721114420828,0.5998110349808566,0.17686834083291517,-0.01530573428945719,-0.23520221084161763,0.08256535829952524,0.38876398871058443,0.2920927964269509,0.624893590884582,0.6031957343915239,0.7173624164165838,0.12943149301910353,-0.007630153570476515,0.495112351954179,0.1654851680533833,0.6593384549854233,0.4727476640791374,-0.21267685598746028,0.1045062433119855,0.154157633150761,0.525068462898244,-0.012348226966155703,0.6182950252128925,0.673665376704851,-0.08006745414072323,0.3752996332964641,0.367993173870922,0.48778084301601093,0.3707681970180434,-0.08433709772729622,0.38249871579758166,-0.1244170613229613,0.5623804011390271,0.53390063490883,0.3844756148745379,-0.01788489904927933,0.5869248915647827,0.17924481327490632,0.12106059625127306,0.6162406348027266,0.6476047224684817,0.26345251652054535,0.36008016477996746,0.5505571612696213,0.5602431302414831,0.4944735869871444,0.01858574413358581,0.6597802470258811,-0.2545852898279109,0.4309479277801094,0.06630314261956376,0.3195371326232139,0.251404617195572,0.3716022936612432,-0.24589043769449645,0.5773475946739705,0.7273146382341538,0.56179133332483,0.535556790836375,0.23939838260491747,0.42028985359200277,0.412952256390444,0.5705996438446392,-0.5456837026638912,0.3196734952231703
Paracentral_Lobule_R,0.3417846905150683,0.21380568371003558,0.40761411747586074,0.5492556309814696,0.37128002070218363,0.4512601911774797,0.5793719723348519,0.028740865074520106,0.21876302723148197,0.3710046570970017,0.34812011384684455,0.1850940118869794,0.3650933608379696,1.0,0.46107101794205313,0.3148824263966614,0.48104089880633405,0.26846548974107,0.09406783007485166,0.6620596531287075,0.1528806999677915,0.43618625755395934,0.5587700105573963,0.6913801197920778,0.09082473812292532,0.4630827090165798,0.4785120160143344,0.6623472263514038,0.7537593978650294,0.5919004922862295,0.42149990982694824,0.1797233889806822,0.5293103881904564,0.347177484818715,0.6305087487110715,0.19272871649614315,0.4846034315708029,0.39278604214707774,0.5505439014045327,0.6375800024263399,0.32128917545417474,0.3776276160582493,0.3491447207585906,0.3399177310019015,0.500221553350584,0.4555717352663433,0.4613777531931681,0.40974977034874155,0.6798762038632149,0.38978047763297646,0.36392909984215505,0.5669204740767059,0.2872289983555674,0.14454627993547725,0.28706836008420417,0.2787719429464793,0.4106799093307202,0.4012455250080146,0.7114310650076937,0.30128450347119584,0.4888968335451797,0.3657301898814159,0.3056093492879297,0.16255301814622083,0.27204540056404297,0.5971369658553357,0.3331818285170653,0.14067800266034872,0.2760414719504842,0.16640636431253839,0.6002027090549127,0.19261692777369885,0.4566522468162698,0.49534545249463074,0.2504831987097578,0.4382776514018284,0.2317488842786788,0.7615542384796997,0.14671580906902335,0.09437787279112893,0.3708640013739655,0.2779482211780871,0.6692798635555923,0.35942304952910004,0.43287486735936287,0.3248719718506236,0.38210817427953764,0.18469103734156314,0.37128041537174034,0.45597291735642165,0.3934270078354359,0.3772393414909342,0.4577150829841229,0.4607841466781345,0.7050515997046528,0.6476547967534095,0.3758975146971118,0.5466346139160494,-0.01213873888901469,0.5362894413513017,0.3343089371783266,0.458313157394707,0.4427229050985442,0.16186139640839237,0.0481028551004599,0.5268043924070456,0.3902350268024567,0.36637315015129324,0.43152630016634574,0.16373840704951198,0.495343508717648,0.44968145778160756,0.6002199657194245,-0.11864345771375812,0.1829682747890897
Vermis_9,0.3089125083669344,0.4442896248397178,0.4952451375974038,0.6711066854196348,0.5699937354510317,0.612771505815617,0.37394165168900284,0.05353308548038705,0.4124300702270621,0.5276322947695322,0.273929773733589,0.5339226158501089,0.3797303779554554,0.46107101794205313,1.0,0.4159843924625187,0.7690635253800113,0.07154716187414109,-0.10557860260565238,0.6620734014969817,0.113486764600969,0.4618098247157386,0.4915053839014956,0.6398795179042276,0.2458278178295265,0.6987151230848868,0.6546142160726404,0.31246003583303317,0.45343062607819806,0.5701312292491386,0.4551392060387535,0.4810238285323628,0.32945068504707714,0.6281940982208034,0.7197336130451354,0.10541541188651272,0.4589060356740563,0.4458140124771861,0.7341398709035506,0.6350321113078892,0.5721587502676665,0.5220530956205743,0.7006749916027477,0.6506358698827435,0.4621832592106783,0.15156282931286202,0.7325203363111165,0.6842654114062682,0.4003875096493645,0.2723677824727468,0.5493245899112111,0.5613989658489721,0.38168756496223905,0.12842174911033338,0.4943039697141012,0.42287725162375855,0.49303892130712856,0.6113861260983974,0.6544286127722243,0.40151439908582687,0.5660463972077767,0.22269445447960845,0.5715318347783669,-0.05925375611199874,0.468306219530415,0.7518370884468034,0.693460070755588,0.1742699451534452,0.28350429167097196,0.4270751186234299,0.7173370501354568,0.2645370082781203,0.7902670840631759,0.5487992624018297,0.3840199198455227,0.1751967873845383,0.3025622438830808,0.5686681424000554,0.29050353354465996,0.48208343961689676,0.71768937482868,0.5503213176034467,0.7370201315924674,0.1871829152140063,0.7408885048869972,0.4394257094391297,0.7030659257180754,0.25240454114193367,0.4097945986107601,0.29102127759181545,0.09802274309983393,0.6506129993658125,0.7405172793654571,0.7682047720112429,0.7242330161049574,0.2840130417798112,0.49721083438639835,0.7797334370251452,0.06260616801367669,0.3677014776481946,0.4601099423149937,0.4142394094050178,0.7498636500290842,0.13087854139632124,0.21205188235011313,0.7363597334778182,0.2961106755941615,0.607547908487769,0.7115384860692116,0.3622496112714174,0.6404463692743281,0.7193712597611033,0.8223879252589676,0.13122642497634812,0.3875937772063061
Amygdala_R,0.5197198414820922,0.08727101259752605,0.574023428523926,0.42970990693914957,0.4870401215157855,0.27524927459811294,0.15324883948748166,-0.043065720376958126,0.3784287023926868,0.4893681434389451,0.11934961027296827,0.4956998607623038,0.1113796931803753,0.3148824263966614,0.4159843924625187,1.0,0.427231351739685,0.16422140633529023,-0.02553336928735123,0.3289210977891825,0.13994480976525317,0.4466098060355306,0.39623867809619584,0.3033016209653299,0.1528020421561704,0.7369317753398525,0.12796734602505067,0.14327180825202043,0.25818203126313305,0.2584447983976049,0.24783222972293933,0.4858480388727848,0.12964586188716204,0.694064384688719,0.38929613360748516,0.49339858426513156,0.33551336223511674,0.6062323786456274,0.4146478049195006,0.4390364992247101,0.4659203498041329,0.09854977536837295,0.48658828540970195,0.3953849890185784,0.33802509646095835,0.016319952617382266,0.4340112271844085,0.5789527278674851,0.16376941565671282,0.16971485616055798,0.3222748977460893,0.43355459155107934,0.5152452136805032,0.37293590241351693,0.3827803774029554,0.5257536264243087,0.20179749111017434,0.49844072981851223,0.3102644322054743,0.2869271166135318,0.22497824774815825,0.4433437403208561,0.4386367914572458,-0.2658192754945114,0.51798386248109,0.3387574118952544,0.5266857636797704,0.25503691762654807,0.41610917750256954,0.3782041850089962,0.445578191790202,0.5496498952735285,0.47007626967702804,0.3887499939094011,0.48173568454817156,0.2409934953691616,0.2961877768837295,0.24598789610008456,0.2536501153108149,0.47045332312650023,0.7249609441205357,0.4558518636079919,0.3129035534400689,0.05839699823764841,0.49874163759595586,0.5393578877900799,0.4248416196837272,0.26035461013572037,0.021442086776375952,0.05588765782757538,0.01973126879443369,0.46916170524449796,0.6564333120752637,0.4479679199098868,0.3425723053150538,0.0897591731155104,0.6119122210092797,0.32938842577597854,0.26336708915825674,0.15220295451220345,0.5825941819081933,0.22873038456904363,0.5690192659748874,0.08130621707542963,0.4043133174067348,0.448891583086585,0.09075896423935172,0.33479975749247853,0.4936548927054604,0.22979609872121073,0.319908029344586,0.5267840952384854,0.4517282094306472,0.03079620082378188,0.24192148414112147
Temporal_Sup_L,0.3079385191766939,0.46779737061940635,0.5372389170569932,0.7124086958073705,0.4766118473689289,0.6499652766703446,0.5040076586806919,0.23708334993535268,0.35506671961214764,0.5674634520281073,0.46551109986630823,0.4127701220576505,0.6226809027668767,0.48104089880633405,0.7690635253800113,0.427231351739685,1.0,0.22178780766689324,0.05788179320663416,0.6713391075730429,0.25911127273899354,0.4981023763081599,0.6065825932713461,0.6923586099397505,0.32883393851624343,0.7753552227951686,0.7504160790827239,0.45311472430540456,0.5759399337469748,0.5298166408629134,0.5373025089866511,0.4395933122491654,0.42185020835426656,0.7424174400130017,0.7529290748832719,0.1202181226762327,0.503086535742392,0.5443503273251443,0.7746284675794969,0.7834347395006557,0.7123139648813607,0.4895634795076209,0.6930380514606048,0.5965240764179485,0.6449569014629866,0.39176545651964517,0.8299435094032518,0.8095613149742359,0.4256278506396441,0.39122500470229954,0.5009081060628247,0.7847110252729622,0.3174404479637796,0.2512637411558096,0.3390382764386427,0.3773666899698789,0.5584456612433134,0.6306992101831295,0.6736116064948438,0.4406134578385582,0.7162820154707055,0.3257456532066821,0.4024581060109685,0.18080155520009591,0.4615671936812445,0.7812750263776561,0.7576646682993231,0.16197808605776604,0.3271056057063314,0.5360916719110819,0.7721883959629362,0.2637153326404409,0.8450130725524333,0.8451304656453421,0.37096066517496196,0.44659095910924135,0.4912743345930032,0.5774710077148194,0.3503864975142443,0.3973011926645019,0.8160463101453852,0.5095952636980479,0.7815366475423041,0.3443972608236386,0.6866748978760508,0.3512187480077431,0.7817193937496363,0.23109195911302283,0.33855340258250405,0.4701006474277233,0.38585556848089375,0.6431735296127298,0.7160532583317282,0.8127618211560347,0.7520645789212654,0.3353533035672643,0.43392886043899126,0.8102343880573004,0.03032846960451523,0.497431235774566,0.4216953237022207,0.47168330566417255,0.7218195031091437,0.37445020238310606,0.21203585244676307,0.776832089233997,0.3504557818591526,0.693287901467796,0.7348317723462003,0.26579911280760865,0.6385008704619177,0.8064446421703866,0.8135062435303678,-0.0834801498089481,0.43256192269884514
