,Vermis_4_5,Cuneus_R,Temporal_Pole_Mid_R,Vermis_8,Rectus_L,SN_pr_L,Cingulate_Post_L,Frontal_Inf_Oper_L,Postcentral_R,OFCpost_R,Vermis_3,Raphe_M,Amygdala_R,ACC_sup_R,VTA_L,Frontal_Inf_Orb_2_L,OFCmed_L,Thal_PuA_R,Thal_MDl_L,Temporal_Pole_Mid_L,Red_N_L,Thal_VPL_R,Thal_PuI_R,Cerebellum_8_R,Thal_PuM_R,Vermis_7,SN_pc_R,Thal_LP_R,Lingual_L,Cerebellum_6_L,Parietal_Inf_L,Precuneus_R,Frontal_Inf_Orb_2_R,Occipital_Mid_L,Thal_IL_R,OFClat_R,Frontal_Inf_Tri_L,Temporal_Sup_R,Olfactory_L,Cingulate_Post_R,Occipital_Sup_R,Postcentral_L,ParaHippocampal_R,Cerebellum_Crus2_R,Parietal_Inf_R,Thal_LP_L,Cerebellum_7b_L,OFCpost_L,Cerebellum_Crus1_L,SupraMarginal_L
Vermis_4_5,1.0,-0.5413410886005228,0.23619569831966214,0.3979530105133993,-0.015702166105424322,0.5349054429214185,0.596720612688538,0.6277941114081561,-0.34718191834189327,-0.30321472163971,0.5760220170009184,-0.2606490800207131,-0.4437873093475765,0.6168032407603423,0.605517638579854,0.08623564391913391,-0.18845861732109304,-0.07543174877642857,-0.1502045742416311,0.41772674028449047,0.17279960100373776,-0.1430476724901841,0.09390315444356029,-0.11032242987464057,0.1131768969983532,0.3101581011274362,0.7045593323671292,-0.12209629571256966,0.6217385455692181,0.45149622646379833,-0.20194705112820624,0.3896467649733357,0.3122774493304455,-0.570479023785953,0.690119500249871,0.6466986369166583,0.39264945266389156,0.026809393181696277,-0.017524307235918996,0.9128066279317516,-0.5365109488593504,0.31655297553687095,0.08286331259866762,0.3517838755881985,-0.08129170808600455,0.005841612728080496,-0.26658960839632245,0.33995737857898223,0.37160494281969636,-0.15018198606936525
Cuneus_R,-0.5413410886005228,1.0,-0.03132260152530311,0.0945160776815379,-0.012778490436910464,-0.028047352706594045,-0.16274863014906304,-0.7000068154196196,0.5723207755710258,0.47299949915785505,-0.24433468037138947,0.04163914154875589,0.11012497233907151,-0.4541866018075412,-0.24617660754249207,0.06796749941327382,0.14867344595213453,-0.1799878768682852,0.25824337812179193,-0.6009591491629666,-0.3755891744312883,-0.1703803805540282,-0.2370057546161665,0.08302402313352088,-0.4444373706267804,0.0698552116438285,-0.18283696258886184,-0.30104534147830975,-0.046988328290730755,0.13089227340074042,0.30373727491323876,0.28793372463102,-0.24705964808382394,0.983345382515262,-0.16534105455456874,-0.7918393596187148,-0.6121481092928802,0.541753104637417,0.02930153873121547,-0.4844674034323105,0.9878530117109662,-0.3993637789700425,0.03432867953240612,-0.030159545179781137,0.10428398253946898,0.349574058749654,0.5948663315998091,-0.42795971009456,0.24728837749404298,0.16180370715997824
Temporal_Pole_Mid_R,0.23619569831966214,-0.03132260152530311,1.0,0.24686308289305728,0.5075266230467783,0.21097312592807452,0.12800232797616898,0.10529780434392758,0.3173403228640517,0.5286872441395468,0.29281576377269153,0.2353411493142885,0.3002433220814215,0.5076710562165322,0.22444634051528384,0.3498915497658015,0.30110094425405715,0.28422545252469894,0.2123109506515341,0.3445581055274435,0.058410972208581616,0.27851637104706056,0.2621008242547293,0.3084964246557533,0.30166135279991985,-0.1397700954663457,0.2992921452893047,0.1428903739827081,0.20234455683514355,0.4868451328908726,0.14844423132278556,0.1155068062145254,0.49786250061601783,-0.05892450126471994,0.35547743186652686,0.2521196999302465,0.23162227334153304,0.14433749616929142,0.6458549123448627,0.10503118270747569,-0.014342707498620716,0.18957876116094455,0.3785474630001775,0.23104089284200263,-0.06819198502065676,0.32548842800015965,0.19979708612631605,0.2724434011719235,0.3062257638762202,0.09282630174434613
Vermis_8,0.3979530105133993,0.0945160776815379,0.24686308289305728,1.0,-0.04885171292247222,0.2698912618043851,-0.03700365981083991,0.12079363926071578,0.033167376388870455,0.19195204381665565,0.19817367873151337,-0.01579212865700475,-0.3204529302177425,0.1141026814823573,0.3528275912251979,0.04953628138814479,-0.23987151286002165,-0.0009827289206312323,0.17438502911732418,-0.016034847267862643,-0.12646747939563202,-0.010761939949339305,0.2959909014956988,0.48583816884059833,0.13020275823151567,0.40284739127782276,0.31269208783487634,0.04171159172692622,0.10453176684946712,0.3628331816932024,0.37128363881618237,0.07854577306833362,0.1943106437110298,0.04298190044411016,0.3770948024237458,-0.01814184574452548,0.1205146920248594,0.10898193656250181,0.036578747578235885,0.23590789152469632,0.08186849557117401,-0.08589868432634487,-0.15417102110576913,0.6002553397980167,-0.05519152567980112,0.29418380456980503,0.48209911165638974,0.06342260497581614,0.4729663940357156,0.2252179093230319
Rectus_L,-0.015702166105424322,-0.012778490436910464,0.5075266230467783,-0.04885171292247222,1.0,0.1612945043878291,0.11417749124456551,-0.06987741384494807,0.16491411605808068,0.5315349539952311,0.4121778638319297,0.18867273928078968,0.6309237309409712,0.30087157422549227,0.09313646573257509,0.7939161131860866,0.8110974799035985,0.10769158819778611,0.0012418316625539732,0.4663817224750974,0.5779799934062635,0.4537550187205088,0.06813158994693176,-0.11470323611856903,0.2458900475461619,-0.22445664752076924,0.12217350758318192,0.18404072176368722,0.12222990977520519,0.035294998734738625,-0.12793987053881772,0.1310069888547817,0.5907315199954991,-0.0035999791461400654,-0.12321401303593962,0.3108307947955407,-0.023080713938934194,0.112222708262018,0.8616674902068507,-0.0522676549577547,0.0047788896016622145,-0.12523862559728802,0.6553345111951082,-0.17504459015495571,-0.04134337683320158,-0.1672925581273613,-0.18389037474214093,0.5889089577601531,0.1194108878040893,-0.07759706606406694
SN_pr_L,0.5349054429214185,-0.028047352706594045,0.21097312592807452,0.2698912618043851,0.1612945043878291,1.0,0.5725967455265941,0.2712178765052474,-0.014826148456861784,-0.02226474601363681,0.5953107872330432,-0.42430154537626125,-0.16647970330609016,0.40952362127709646,0.7626529079705001,0.3021057162164256,0.1352136762580283,-0.12964131026742526,-0.0659672356007996,0.11648897607882225,0.17412061264263748,-0.05352211923678357,-0.2244556030793827,-0.31328144889097986,-0.18447295623214685,0.4303982916245798,0.7064796301814926,-0.3958886138627801,0.6506886070083325,0.5257292773508113,-0.15518772596414007,0.638662202721405,0.17127195373662632,-0.06707111102496592,0.5872753725539054,0.24678765419509047,0.0780824648608134,0.4624180220871455,0.23746116744171744,0.616081876603008,-0.02027072796570639,0.05686463919836126,0.40588005686802364,0.21030106331468856,-0.18588556893652455,0.08145652380477685,-0.07334430781689634,0.2767921363017119,0.574871004969536,-0.0802448586147392
Cingulate_Post_L,0.596720612688538,-0.16274863014906304,0.12800232797616898,-0.03700365981083991,0.11417749124456551,0.5725967455265941,1.0,0.2534922791305663,0.02004589669059153,-0.1444366207295446,0.694201739658955,-0.14641297726249192,-0.0677037924073536,0.4680288117282935,0.41971679018732816,0.24255768463575522,0.09759462120484685,-0.25803042561549067,-0.3581264343647386,0.22056368241331642,0.2598690252264031,-0.1758594895331165,-0.4362115925142921,-0.5674981999057881,-0.39289137500452703,0.1760338619683516,0.6420320209475533,-0.5638616830374018,0.8992282296573968,0.5563001652709704,-0.35987354199565696,0.8139415905867929,0.07454410189947822,-0.1607984162567755,0.48627203583530365,0.4441853672900928,-0.04880285497814087,0.5279137604697195,-0.004296607089141733,0.7125598215430129,-0.11979745840662695,0.1816730527357782,0.5304888656634713,0.06565100290774661,-0.0029238088352208868,-0.11653180323848021,-0.33057967685781336,0.30640281433387956,0.5663925744726992,-0.16034883272390324
Frontal_Inf_Oper_L,0.6277941114081561,-0.7000068154196196,0.10529780434392758,0.12079363926071578,-0.06987741384494807,0.2712178765052474,0.2534922791305663,1.0,-0.5524446697908565,-0.48013222393395544,0.33353569752001716,-0.005791437503605739,-0.324234010495378,0.6086025891123149,0.4221377776503168,-0.26776065194204884,-0.3621940396706338,-0.002796704092019358,-0.11988896472506713,0.5637152227254237,0.1304610600919065,-0.018356649377889393,0.2865022954550073,0.12785134164926934,0.230907998275274,0.15725028662892845,0.40695802712740764,0.030574993187329345,0.23162530533043255,0.1645750981456735,-0.14969918612555932,-0.12817504501934543,0.267879205011222,-0.679010286098223,0.4000787812706806,0.6555615058552215,0.907931616669595,-0.5026842841388948,-0.0038846809350385923,0.6140005870599501,-0.7437728674179859,0.48712899248693337,-0.08081630678022611,0.36414070062533077,-0.05100313801110557,-0.0927392842435952,-0.3040186973763136,0.32112721273156297,0.10238418825789505,0.070143566290352
Postcentral_R,-0.34718191834189327,0.5723207755710258,0.3173403228640517,0.033167376388870455,0.16491411605808068,-0.014826148456861784,0.02004589669059153,-0.5524446697908565,1.0,0.5577671202836343,0.033679509986362585,0.18524253087859321,0.33651840837859054,-0.1488118960391491,-0.17318523877738293,0.18747474031357467,0.2599677265754694,0.06581419131797478,0.19970304777694065,-0.3060306039119937,-0.08783247224868243,0.13390490031876015,-0.14211047171945487,0.04301071586518904,-0.1307469030502948,-0.05226428615261446,-0.0960721837397323,-0.126268064115166,0.11670974041018967,0.2890060813385518,0.2992569998265167,0.2785361589110176,-0.02165011229495639,0.551728413392658,-0.00870140242905037,-0.3554349433956004,-0.46904968347544157,0.5107751168013626,0.15228798224554496,-0.335855656453634,0.5987377926414943,-0.1746845480385785,0.30144203426261,-0.05577786785253642,0.07557505823017081,0.2529364255202329,0.3503486314815506,-0.16833854533779874,0.27173768054098196,0.02588878584084499
OFCpost_R,-0.30321472163971,0.47299949915785505,0.5286872441395468,0.19195204381665565,0.5315349539952311,-0.02226474601363681,-0.1444366207295446,-0.48013222393395544,0.5577671202836343,1.0,0.04005288375440012,0.22623721981432462,0.45798467637353785,-0.0045931150926361766,-0.10809089228723383,0.5260343110638293,0.5192568089297165,0.20808953150089204,0.3795676064895634,-0.16356264713795526,0.0044750380097621865,0.3105808436712656,0.12663468021659732,0.2047905498194619,0.14099639362680907,-0.12081743327638633,-0.060187382963562214,0.16679110847047493,-0.10741582197143856,0.22162517590193687,0.36316979886631534,0.07135855635177678,0.4298726232518981,0.4546192072859826,-0.06465712809405727,-0.2383354276426344,-0.28919386859125945,0.2996666729899458,0.5933141770455461,-0.40050415989657484,0.49393421796481746,-0.16248358441527394,0.3072678106985074,-0.009669264199049737,0.010347876985660311,0.29116954594983874,0.39774923920782135,0.07231036968444661,0.17767731786154006,0.10326534556886444
Vermis_3,0.5760220170009184,-0.24433468037138947,0.29281576377269153,0.19817367873151337,0.4121778638319297,0.5953107872330432,0.694201739658955,0.33353569752001716,0.033679509986362585,0.04005288375440012,1.0,-0.058188922259905886,0.11688177861102686,0.6042759652092302,0.5021020185831694,0.4744061148144202,0.2735180239246848,-0.04848844732963026,-0.11508061069257293,0.3652744791955437,0.49107174377304375,0.2636674502562877,-0.07181336249729457,-0.23379935040349512,0.07849625404171774,0.1412049742367734,0.5824440251114803,-0.2234868965800412,0.7520003281086506,0.6103845643164365,-0.18005633448056452,0.5642844033920741,0.3871454913687763,-0.2433540805772875,0.4500604341468998,0.5589880883047572,0.17087697169205282,0.3084794054407892,0.27208678857301916,0.5719882662918839,-0.22127729218875955,0.14677971194990494,0.697100259207635,0.1840913898941922,-0.06760874679649326,-0.20040646325718403,-0.22843027744078861,0.5480094824173243,0.5458026037837244,-0.12404177874389809
Raphe_M,-0.2606490800207131,0.04163914154875589,0.2353411493142885,-0.01579212865700475,0.18867273928078968,-0.42430154537626125,-0.14641297726249192,-0.005791437503605739,0.18524253087859321,0.22623721981432462,-0.058188922259905886,1.0,0.3028677421904255,0.0034841662192896376,-0.3654703996693075,-0.005333597172460801,0.09243856522749061,0.0867564394926292,0.002592253563263173,0.191832370776769,0.004089724841681327,0.215162565827077,0.25338658016302024,0.28259273519442124,0.1603578420387118,-0.46960279577208397,-0.2394984903002968,0.13316838359361735,-0.20481399172676443,0.03161249156536212,0.10866804217366083,-0.2804463400446283,0.09904580013759305,0.07920711938559262,-0.20231078852514636,0.07400286470373284,0.13792146633409458,-0.237537267799601,0.21878613501733213,-0.31775738278057575,0.02355260751821997,0.11948067477050538,0.06297887336785307,0.04349603361491682,0.1697037125147961,0.13667485563860196,0.09188882997640092,0.11899123821796902,-0.007085569427048597,0.1641455151114296
Amygdala_R,-0.4437873093475765,0.11012497233907151,0.3002433220814215,-0.3204529302177425,0.6309237309409712,-0.16647970330609016,-0.0677037924073536,-0.324234010495378,0.33651840837859054,0.45798467637353785,0.11688177861102686,0.3028677421904255,1.0,-0.03410688002980064,-0.3096889668600606,0.5138328667798415,0.5533318185781027,0.24151383740729482,0.045605077343367016,0.29332712468145794,0.38638366464565777,0.531401184568213,0.011993151898601957,0.005189910903309461,0.1564608910647023,-0.3635685774266818,-0.3451712948902856,0.30628367177893795,-0.10419836120195389,-0.09260776111002107,0.050439256219885695,-0.09093172851511955,0.17895272543727,0.13995741547013268,-0.3448564389644282,-0.015067631457666405,-0.19822576028488972,0.11131150478918572,0.4890040040909234,-0.48645953073779546,0.14563895511331396,-0.17703127528448792,0.62852996203077,-0.2617297090278084,0.06456196711648816,-0.10395578538481827,-0.08896174444680972,0.30563869135668864,-0.020611480671945005,0.16476673146149295
ACC_sup_R,0.6168032407603423,-0.4541866018075412,0.5076710562165322,0.1141026814823573,0.30087157422549227,0.40952362127709646,0.4680288117282935,0.6086025891123149,-0.1488118960391491,-0.0045931150926361766,0.6042759652092302,0.0034841662192896376,-0.03410688002980064,1.0,0.4890706608946008,0.24930740109834315,0.03261302052404249,0.14369256673148467,0.09267372088784677,0.3833082039206121,0.10783568187883204,0.1322171688115825,0.28581198963993537,0.015694351115591396,0.2876622252173908,0.08833915448588295,0.4738939576792859,-0.06406151481584887,0.5010020488169398,0.5826701745263624,-0.10931825430081384,0.22799215992826727,0.5885732621276497,-0.46067228196654936,0.6411112478794383,0.6958571787553526,0.5692897853620933,-0.06521444459203796,0.38474092637054663,0.6394083967478885,-0.4594970567501351,0.39821366303720634,0.29962108019730893,0.26992338343728844,-0.14317161206127377,0.07307008656898138,-0.18726583937679844,0.4873297412025089,0.24383466108341695,-0.08748797440068934
VTA_L,0.605517638579854,-0.24617660754249207,0.22444634051528384,0.3528275912251979,0.09313646573257509,0.7626529079705001,0.41971679018732816,0.4221377776503168,-0.17318523877738293,-0.10809089228723383,0.5021020185831694,-0.3654703996693075,-0.3096889668600606,0.4890706608946008,1.0,0.1651475328784882,0.07286917036272726,-0.12478760328019385,-0.09963910842491218,0.1393214712164532,0.0931922971644395,-0.10942253373452535,0.05650090935315477,-0.12868469482916525,-0.009594928084621661,0.36456530914519564,0.7022291076879711,-0.23395193201312106,0.46540656320913193,0.4308114534200527,-0.1078490606387935,0.3527599616218867,0.32378493134068737,-0.2833085632403956,0.6350661619458162,0.4101563293949062,0.2741434665467986,0.17554136468493847,0.22339679248502936,0.6928268024981175,-0.2530060271461169,0.14929496353202548,0.14556039293318976,0.24393328803316328,-0.2482076484407527,0.19575736431298482,-0.09875175077968555,0.2279390149003137,0.396248789340462,-0.06425847309314411
Frontal_Inf_Orb_2_L,0.08623564391913391,0.06796749941327382,0.3498915497658015,0.04953628138814479,0.7939161131860866,0.3021057162164256,0.24255768463575522,-0.26776065194204884,0.18747474031357467,0.5260343110638293,0.4744061148144202,-0.005333597172460801,0.5138328667798415,0.24930740109834315,0.1651475328784882,1.0,0.7247270064302224,0.07964110670860491,0.014641905465413415,0.25282113221283053,0.4955986723994613,0.3391107042614477,-0.09441557082931755,-0.2579683478527769,0.09179172164693367,-0.009634444469229288,0.19783218117144,0.06568599555403763,0.24824615717408172,0.1649564354420812,-0.12873826496581614,0.3448642459625565,0.47337523256880343,0.05364726774701892,0.022331179340845195,0.22000221354007174,-0.28508363506136897,0.39001100742367445,0.6865516985494915,0.06295668329194078,0.10530842342881483,-0.22398082173869122,0.6365338999954155,-0.1407497014304725,-0.03841232395804419,-0.15153325535056075,-0.11402010133596414,0.586867208387054,0.22684141304579328,-0.17597142450776515
OFCmed_L,-0.18845861732109304,0.14867344595213453,0.30110094425405715,-0.23987151286002165,0.8110974799035985,0.1352136762580283,0.09759462120484685,-0.3621940396706338,0.2599677265754694,0.5192568089297165,0.2735180239246848,0.09243856522749061,0.5533318185781027,0.03261302052404249,0.07286917036272726,0.7247270064302224,1.0,0.08700466675642285,0.039148033778367,0.11340158851834925,0.523015669892154,0.38903104111418196,-0.07662435355530506,-0.33658067887413606,0.1473027059008637,-0.22088805150270524,0.05966624395566707,0.1298498762585221,0.07491442894196777,-0.0456295532273408,-0.15505186041367477,0.18815483650062223,0.39865087857200915,0.15880539099964444,-0.2219545463472254,0.125376556333872,-0.3407552025494746,0.20195743135046168,0.6883928755707865,-0.17518885248009414,0.1783930194588766,-0.13050737721204267,0.5449457652476235,-0.4665327046752154,0.017611765691374917,-0.12739549093342165,-0.22392118436310107,0.32656958294484606,0.0374407311497377,-0.2353506849022265
Thal_PuA_R,-0.07543174877642857,-0.1799878768682852,0.28422545252469894,-0.0009827289206312323,0.10769158819778611,-0.12964131026742526,-0.25803042561549067,-0.002796704092019358,0.06581419131797478,0.20808953150089204,-0.04848844732963026,0.0867564394926292,0.24151383740729482,0.14369256673148467,-0.12478760328019385,0.07964110670860491,0.08700466675642285,1.0,0.3477779664753822,0.11473809116095976,0.032129167136045154,0.498679858359449,0.37578489063510045,0.28283265993485746,0.6506041497095612,-0.01670177861700529,-0.2632943236418705,0.5243118389789497,-0.2522919580792828,-0.029077335623053216,0.20941200359331333,-0.3324325666619582,0.23362134949710578,-0.19823876342718913,0.034476115641778264,0.09070821758190899,0.18328273673915374,-0.22387665088854583,0.1937851637271408,-0.1888513036006836,-0.1679411109470523,0.11451206474557171,-0.05687703398824929,-0.037068154132770925,-0.0769105234444642,0.09957034546930771,0.01882877388200567,0.16142819042012002,-0.21648988566155675,-0.0373906843961529
Thal_MDl_L,-0.1502045742416311,0.25824337812179193,0.2123109506515341,0.17438502911732418,0.0012418316625539732,-0.0659672356007996,-0.3581264343647386,-0.11988896472506713,0.19970304777694065,0.3795676064895634,-0.11508061069257293,0.002592253563263173,0.045605077343367016,0.09267372088784677,-0.09963910842491218,0.014641905465413415,0.039148033778367,0.3477779664753822,1.0,-0.3451912819937038,-0.23804586882627785,0.25922228875208975,0.4424041880202155,0.3730300110827484,0.38693784745013965,0.18315153104344523,-0.24756566695102766,0.2834280033166109,-0.2006745023069555,0.14348302371578414,0.47326217453176256,-0.17589378644689657,0.23730718301204518,0.25230066522776196,0.18221541759945803,-0.2690605618102617,0.06645509153346556,-0.12470476434981743,0.18955250919972716,-0.23842453871568453,0.23082791751004275,0.09793176178280497,-0.14633707148252892,0.06383073517704045,-0.04791596279503912,0.39566248827682116,0.35174845856080117,-0.187997468293505,-0.07776903013649387,0.06788986923455204
Temporal_Pole_Mid_L,0.41772674028449047,-0.6009591491629666,0.3445581055274435,-0.016034847267862643,0.4663817224750974,0.11648897607882225,0.22056368241331642,0.5637152227254237,-0.3060306039119937,-0.16356264713795526,0.3652744791955437,0.191832370776769,0.29332712468145794,0.3833082039206121,0.1393214712164532,0.25282113221283053,0.11340158851834925,0.11473809116095976,-0.3451912819937038,1.0,0.5619629485479971,0.24882720119617474,0.09784263128834647,0.03685430935930765,0.28172628207447553,-0.16228226960505582,0.2487088240776514,0.27971063435659416,0.13101194543920291,-0.0735191127709032,-0.2792143806373453,-0.09813693545489842,0.33024036687869784,-0.5960230677843219,0.013680937112428569,0.6233078278471649,0.5146304332697741,-0.25632446763573424,0.3359183137551318,0.29435660062990343,-0.6031649817079727,0.12265222801968927,0.36328167178273557,0.1463721676234182,-0.04447316431414375,-0.3308818638550608,-0.3880746380879981,0.6431914186993676,0.04552859536480639,0.027604306089611678
Red_N_L,0.17279960100373776,-0.3755891744312883,0.058410972208581616,-0.12646747939563202,0.5779799934062635,0.17412061264263748,0.2598690252264031,0.1304610600919065,-0.08783247224868243,0.0044750380097621865,0.49107174377304375,0.004089724841681327,0.38638366464565777,0.10783568187883204,0.0931922971644395,0.4955986723994613,0.523015669892154,0.032129167136045154,-0.23804586882627785,0.5619629485479971,1.0,0.43389919355306594,-0.18563840728382267,-0.4121181660028404,0.20350718268678927,-0.14317475340090646,0.14788488888167572,0.168286631983601,0.15924708664879725,-0.19667984398829091,-0.35347135132361396,0.1274576947629766,0.206994297538698,-0.3536718295362365,-0.24294693171780998,0.46612255046606593,0.004817878684773855,-0.024018878045503587,0.31118114874867403,0.1255547365247035,-0.3548036876402135,-0.007847928309850748,0.5893145880257216,-0.3126419704343002,0.035721070364674534,-0.6111529769436783,-0.575775818393471,0.5289042435395314,0.062459717071139016,-0.2730671946874163
Thal_VPL_R,-0.1430476724901841,-0.1703803805540282,0.27851637104706056,-0.010761939949339305,0.4537550187205088,-0.05352211923678357,-0.1758594895331165,-0.018356649377889393,0.13390490031876015,0.3105808436712656,0.2636674502562877,0.215162565827077,0.531401184568213,0.1322171688115825,-0.10942253373452535,0.3391107042614477,0.38903104111418196,0.498679858359449,0.25922228875208975,0.24882720119617474,0.43389919355306594,1.0,0.3307955747576798,0.14248049898111106,0.6380673262479282,-0.2170088188953884,-0.24359545603390528,0.5276103690533306,-0.09508336366144579,-0.007747918963807646,0.04257508082486722,-0.21219852733376057,0.33483793125969163,-0.13929520755624564,-0.17465988812728467,0.20562278777373577,0.13433967616350914,-0.16477766354191845,0.36484436376622403,-0.2702434990585378,-0.1581003526706033,-0.01374812030885124,0.40734503400258865,-0.08375040343046622,-0.1339860996416941,-0.2083414358759145,-0.06694764089773159,0.4416966718003687,-0.05317872672064698,0.07190745555926158
Thal_PuI_R,0.09390315444356029,-0.2370057546161665,0.2621008242547293,0.2959909014956988,0.06813158994693176,-0.2244556030793827,-0.4362115925142921,0.2865022954550073,-0.14211047171945487,0.12663468021659732,-0.07181336249729457,0.25338658016302024,0.011993151898601957,0.28581198963993537,0.05650090935315477,-0.09441557082931755,-0.07662435355530506,0.37578489063510045,0.4424041880202155,0.09784263128834647,-0.18563840728382267,0.3307955747576798,1.0,0.6294342724631683,0.7166218643223418,-0.1744892858526277,-0.19392785647161223,0.6153803284729786,-0.3704034891876792,0.012457287652923617,0.31765564194508816,-0.566491234822383,0.3966262237665421,-0.23906331441818918,0.21007996816652313,0.1835476549690674,0.48595350552797895,-0.6181746494143555,0.23656723878076774,-0.06789173734560398,-0.27807314550920537,0.23861350601583112,-0.3131660951776995,0.13041776178022116,-0.0438592131739298,0.37662733169129775,0.12354222282283508,0.054712068905663505,-0.28135554145053765,0.20648685021379848
Cerebellum_8_R,-0.11032242987464057,0.08302402313352088,0.3084964246557533,0.48583816884059833,-0.11470323611856903,-0.31328144889097986,-0.5674981999057881,0.12785134164926934,0.04301071586518904,0.2047905498194619,-0.23379935040349512,0.28259273519442124,0.005189910903309461,0.015694351115591396,-0.12868469482916525,-0.2579683478527769,-0.33658067887413606,0.28283265993485746,0.3730300110827484,0.03685430935930765,-0.4121181660028404,0.14248049898111106,0.6294342724631683,1.0,0.40097054595634557,0.027479739721950353,-0.2611144958196088,0.4877530908935775,-0.4496658831925269,0.11533766582228033,0.5149176728352054,-0.5815134403960373,0.18466638976955094,0.07403981569525404,0.051329280627444115,-0.21001401815616894,0.414258756675123,-0.38944366041178285,0.053445120223462705,-0.3373439495274338,0.04872643622201612,0.03401235023277397,-0.36722768246993653,0.566176491413087,-0.0448217283956125,0.41444436586124506,0.6915631818079231,-0.13152178237732207,0.0027270777230862793,0.48131224823743235
Thal_PuM_R,0.1131768969983532,-0.4444373706267804,0.30166135279991985,0.13020275823151567,0.2458900475461619,-0.18447295623214685,-0.39289137500452703,0.230907998275274,-0.1307469030502948,0.14099639362680907,0.07849625404171774,0.1603578420387118,0.1564608910647023,0.2876622252173908,-0.009594928084621661,0.09179172164693367,0.1473027059008637,0.6506041497095612,0.38693784745013965,0.28172628207447553,0.20350718268678927,0.6380673262479282,0.7166218643223418,0.40097054595634557,1.0,-0.17682415185163552,-0.2308692325780474,0.7486763511934591,-0.3283971254868654,-0.09885513420810138,0.14533197343615534,-0.5376791387957157,0.501713112196679,-0.44316243491796503,0.041602828247023,0.3644055593028401,0.42267646875825826,-0.5825150471154386,0.28244955904466285,-0.0887760859940869,-0.46090038554803503,0.2093344234128847,-0.09473065204670095,-0.017357589557453448,-0.06795561645143873,-0.008912712826117893,-0.10499886107597184,0.29650944101137816,-0.3654317046841298,-0.06235832787129244
Vermis_7,0.3101581011274362,0.0698552116438285,-0.1397700954663457,0.40284739127782276,-0.22445664752076924,0.4303982916245798,0.1760338619683516,0.15725028662892845,-0.05226428615261446,-0.12081743327638633,0.1412049742367734,-0.46960279577208397,-0.3635685774266818,0.08833915448588295,0.36456530914519564,-0.009634444469229288,-0.22088805150270524,-0.01670177861700529,0.18315153104344523,-0.16228226960505582,-0.14317475340090646,-0.2170088188953884,-0.1744892858526277,0.027479739721950353,-0.17682415185163552,1.0,0.31699668659466074,-0.21698788721633974,0.3212062203395312,0.24847232697794935,0.18756372199757343,0.2975854818261808,0.06498835852086862,0.05648500785103127,0.3865905538832333,-0.051175882245982234,0.05070458166727221,0.26713483336408356,-0.15764924160056273,0.34711546440472096,0.05872728724439674,-0.049736532477371934,-0.17564416611823405,0.4414107867550038,-0.0863427586921981,0.14710196943272658,0.2844138938524879,0.0005518918853767663,0.4209829004159577,0.028609786218104442
SN_pc_R,0.7045593323671292,-0.18283696258886184,0.2992921452893047,0.31269208783487634,0.12217350758318192,0.7064796301814926,0.6420320209475533,0.40695802712740764,-0.0960721837397323,-0.060187382963562214,0.5824440251114803,-0.2394984903002968,-0.3451712948902856,0.4738939576792859,0.7022291076879711,0.19783218117144,0.05966624395566707,-0.2632943236418705,-0.24756566695102766,0.2487088240776514,0.14788488888167572,-0.24359545603390528,-0.19392785647161223,-0.2611144958196088,-0.2308692325780474,0.31699668659466074,1.0,-0.40186762630055456,0.64299694873143,0.47251712227467896,-0.15230396697243576,0.6015600192783653,0.19431167476763614,-0.21823279097628231,0.5700445267450274,0.3945435577241409,0.17755318752856575,0.3414763476755621,0.1966569582662392,0.7553722443797225,-0.17274763791507136,0.1558753278384164,0.28191046232342376,0.29055681057561084,-0.08695613452345503,0.022578013977994072,-0.11549438195196167,0.27227703538996456,0.5394659599758325,-0.18800968328123865
Thal_LP_R,-0.12209629571256966,-0.30104534147830975,0.1428903739827081,0.04171159172692622,0.18404072176368722,-0.3958886138627801,-0.5638616830374018,0.030574993187329345,-0.126268064115166,0.16679110847047493,-0.2234868965800412,0.13316838359361735,0.30628367177893795,-0.06406151481584887,-0.23395193201312106,0.06568599555403763,0.1298498762585221,0.5243118389789497,0.2834280033166109,0.27971063435659416,0.168286631983601,0.5276103690533306,0.6153803284729786,0.4877530908935775,0.7486763511934591,-0.21698788721633974,-0.40186762630055456,1.0,-0.5865982652596449,-0.36292554904364754,0.1754639525433325,-0.6857912125785909,0.28638986722544324,-0.3102447398019276,-0.22462869888135648,0.09477714652465821,0.25454458342565445,-0.5628347881873617,0.19015113797464264,-0.3672710492581134,-0.31501012108612464,-0.0013083312755100098,-0.1672193963103919,-0.037988008010825004,-0.04151481556564372,-0.006630507348580001,0.03406931874142439,0.15449477521026259,-0.44514298420459175,0.1134166358640961
Lingual_L,0.6217385455692181,-0.046988328290730755,0.20234455683514355,0.10453176684946712,0.12222990977520519,0.6506886070083325,0.8992282296573968,0.23162530533043255,0.11670974041018967,-0.10741582197143856,0.7520003281086506,-0.20481399172676443,-0.10419836120195389,0.5010020488169398,0.46540656320913193,0.24824615717408172,0.07491442894196777,-0.2522919580792828,-0.2006745023069555,0.13101194543920291,0.15924708664879725,-0.09508336366144579,-0.3704034891876792,-0.4496658831925269,-0.3283971254868654,0.3212062203395312,0.64299694873143,-0.5865982652596449,1.0,0.7139534417571874,-0.22224221657670398,0.8661936521192082,0.13020904452165488,-0.041335309707053264,0.5834689213386416,0.3806113154553756,-0.04529096138144991,0.5830002481308895,0.006090503221525074,0.7194028011279328,-0.019017805614956876,0.14819614125133776,0.5365470416847357,0.21533337662826188,-0.007098561813717157,-0.024546976934396232,-0.1672326344564944,0.28611668374431715,0.69198152192291,-0.1341114423359062
Cerebellum_6_L,0.45149622646379833,0.13089227340074042,0.4868451328908726,0.3628331816932024,0.035294998734738625,0.5257292773508113,0.5563001652709704,0.1645750981456735,0.2890060813385518,0.22162517590193687,0.6103845643164365,0.03161249156536212,-0.09260776111002107,0.5826701745263624,0.4308114534200527,0.1649564354420812,-0.0456295532273408,-0.029077335623053216,0.14348302371578414,-0.0735191127709032,-0.19667984398829091,-0.007747918963807646,0.012457287652923617,0.11533766582228033,-0.09885513420810138,0.24847232697794935,0.47251712227467896,-0.36292554904364754,0.7139534417571874,1.0,0.15492290240059908,0.5685613775972466,0.2756187700302861,0.12326113852565927,0.6846724266693675,0.19294669272616433,0.11346659666047595,0.44542376857159566,0.12528239126974036,0.4424629675335641,0.1399537460981279,0.23357081566701596,0.35790188647178156,0.5118641419444927,-0.01873311420420432,0.3557250749843981,0.3419996459437034,0.13791500574644922,0.7312473429781262,0.1257863167800985
Parietal_Inf_L,-0.20194705112820624,0.30373727491323876,0.14844423132278556,0.37128363881618237,-0.12793987053881772,-0.15518772596414007,-0.35987354199565696,-0.14969918612555932,0.2992569998265167,0.36316979886631534,-0.18005633448056452,0.10866804217366083,0.050439256219885695,-0.10931825430081384,-0.1078490606387935,-0.12873826496581614,-0.15505186041367477,0.20941200359331333,0.47326217453176256,-0.2792143806373453,-0.35347135132361396,0.04257508082486722,0.31765564194508816,0.5149176728352054,0.14533197343615534,0.18756372199757343,-0.15230396697243576,0.1754639525433325,-0.22224221657670398,0.15492290240059908,1.0,-0.17394564788146755,0.017345486803238906,0.2816048432269664,0.07630241606711952,-0.4262419438905844,0.003984698743000379,-2.1286921628042362e-05,0.011619283110636161,-0.3013300133620705,0.2905962306888244,-0.0020571874098805325,-0.17977838114496505,0.2927136978876296,0.046283472202716724,0.4919555896183636,0.4976568763131755,-0.22619618785388582,0.08948263912165415,0.30684621888610814
Precuneus_R,0.3896467649733357,0.28793372463102,0.1155068062145254,0.07854577306833362,0.1310069888547817,0.638662202721405,0.8139415905867929,-0.12817504501934543,0.2785361589110176,0.07135855635177678,0.5642844033920741,-0.2804463400446283,-0.09093172851511955,0.22799215992826727,0.3527599616218867,0.3448642459625565,0.18815483650062223,-0.3324325666619582,-0.17589378644689657,-0.09813693545489842,0.1274576947629766,-0.21219852733376057,-0.566491234822383,-0.5815134403960373,-0.5376791387957157,0.2975854818261808,0.6015600192783653,-0.6857912125785909,0.8661936521192082,0.5685613775972466,-0.17394564788146755,1.0,-0.055885721424351345,0.2684783693948187,0.4098882729610938,0.049835642000926494,-0.4058528119781637,0.8233503132807252,0.03715641447324604,0.5201617520937056,0.32700855668192425,-0.0649274518771193,0.5378541218152788,0.033671661185118794,-0.003972529987643964,0.0028180471922603805,-0.0766156598429721,0.11697374572092442,0.6538732778559355,-0.1907407638636071
Frontal_Inf_Orb_2_R,0.3122774493304455,-0.24705964808382394,0.49786250061601783,0.1943106437110298,0.5907315199954991,0.17127195373662632,0.07454410189947822,0.267879205011222,-0.02165011229495639,0.4298726232518981,0.3871454913687763,0.09904580013759305,0.17895272543727,0.5885732621276497,0.32378493134068737,0.47337523256880343,0.39865087857200915,0.23362134949710578,0.23730718301204518,0.33024036687869784,0.206994297538698,0.33483793125969163,0.3966262237665421,0.18466638976955094,0.501713112196679,0.06498835852086862,0.19431167476763614,0.28638986722544324,0.13020904452165488,0.2756187700302861,0.017345486803238906,-0.055885721424351345,1.0,-0.23906689479633106,0.3164529384405662,0.5161313504073933,0.37015112224677005,-0.1776685667591965,0.6020876428193406,0.2189433234212899,-0.2569807417164082,0.1964542837852034,0.19363509779259988,0.09949186632340143,-0.10895064196338014,0.12501821714877748,-0.048213116748883414,0.42636211520426287,0.06735893653109593,-0.07389693795438394
Occipital_Mid_L,-0.570479023785953,0.983345382515262,-0.05892450126471994,0.04298190044411016,-0.0035999791461400654,-0.06707111102496592,-0.1607984162567755,-0.679010286098223,0.551728413392658,0.4546192072859826,-0.2433540805772875,0.07920711938559262,0.13995741547013268,-0.46067228196654936,-0.2833085632403956,0.05364726774701892,0.15880539099964444,-0.19823876342718913,0.25230066522776196,-0.5960230677843219,-0.3536718295362365,-0.13929520755624564,-0.23906331441818918,0.07403981569525404,-0.44316243491796503,0.05648500785103127,-0.21823279097628231,-0.3102447398019276,-0.041335309707053264,0.12326113852565927,0.2816048432269664,0.2684783693948187,-0.23906689479633106,1.0,-0.1984616248930221,-0.7700420326469164,-0.5921129771512901,0.5007619289386136,0.019508181380923455,-0.5020668503757825,0.9729816816089055,-0.35983157122067755,0.03980883994407137,-0.05220079633668451,0.12748750721455274,0.3219319854864346,0.5736149692352586,-0.4263083575506526,0.25242245757558707,0.17873628090632893
Thal_IL_R,0.690119500249871,-0.16534105455456874,0.35547743186652686,0.3770948024237458,-0.12321401303593962,0.5872753725539054,0.48627203583530365,0.4000787812706806,-0.00870140242905037,-0.06465712809405727,0.4500604341468998,-0.20231078852514636,-0.3448564389644282,0.6411112478794383,0.6350661619458162,0.022331179340845195,-0.2219545463472254,0.034476115641778264,0.18221541759945803,0.013680937112428569,-0.24294693171780998,-0.17465988812728467,0.21007996816652313,0.051329280627444115,0.041602828247023,0.3865905538832333,0.5700445267450274,-0.22462869888135648,0.5834689213386416,0.6846724266693675,0.07630241606711952,0.4098882729610938,0.3164529384405662,-0.1984616248930221,1.0,0.3192722819719612,0.2872133952660984,0.22941734817941775,0.06664525229380687,0.7156415141815871,-0.16541947514832941,0.3288727343100657,0.04068244516067342,0.3804336587786556,-0.11904070553505518,0.4949145632012726,0.06834005261297592,0.11366957634957285,0.41176238621873323,-0.010459166863964274
OFClat_R,0.6466986369166583,-0.7918393596187148,0.2521196999302465,-0.01814184574452548,0.3108307947955407,0.24678765419509047,0.4441853672900928,0.6555615058552215,-0.3554349433956004,-0.2383354276426344,0.5589880883047572,0.07400286470373284,-0.015067631457666405,0.6958571787553526,0.4101563293949062,0.22000221354007174,0.125376556333872,0.09070821758190899,-0.2690605618102617,0.6233078278471649,0.46612255046606593,0.20562278777373577,0.1835476549690674,-0.21001401815616894,0.3644055593028401,-0.051175882245982234,0.3945435577241409,0.09477714652465821,0.3806113154553756,0.19294669272616433,-0.4262419438905844,0.049835642000926494,0.5161313504073933,-0.7700420326469164,0.3192722819719612,1.0,0.5246266413087092,-0.3089820207257486,0.22315528676092533,0.6327900584120534,-0.7930376113850237,0.3905352334239464,0.25000467318227565,0.021977059700126873,-0.0972872431219264,-0.2905297423366885,-0.5890542982368656,0.576297483405657,0.03568989280227519,-0.2548851404181468
Frontal_Inf_Tri_L,0.39264945266389156,-0.6121481092928802,0.23162227334153304,0.1205146920248594,-0.023080713938934194,0.0780824648608134,-0.04880285497814087,0.907931616669595,-0.46904968347544157,-0.28919386859125945,0.17087697169205282,0.13792146633409458,-0.19822576028488972,0.5692897853620933,0.2741434665467986,-0.28508363506136897,-0.3407552025494746,0.18328273673915374,0.06645509153346556,0.5146304332697741,0.004817878684773855,0.13433967616350914,0.48595350552797895,0.414258756675123,0.42267646875825826,0.05070458166727221,0.17755318752856575,0.25454458342565445,-0.04529096138144991,0.11346659666047595,0.003984698743000379,-0.4058528119781637,0.37015112224677005,-0.5921129771512901,0.2872133952660984,0.5246266413087092,1.0,-0.6331892430248995,0.12295802967009925,0.3280732829206999,-0.6654102962624745,0.46588516225678517,-0.17487281226661097,0.38994822001048673,-0.09174486353304924,0.02856871037718318,-0.09251733221845093,0.276093210744236,-0.040191310186871866,0.18555566437182489
Temporal_Sup_R,0.026809393181696277,0.541753104637417,0.14433749616929142,0.10898193656250181,0.112222708262018,0.4624180220871455,0.5279137604697195,-0.5026842841388948,0.5107751168013626,0.2996666729899458,0.3084794054407892,-0.237537267799601,0.11131150478918572,-0.06521444459203796,0.17554136468493847,0.39001100742367445,0.20195743135046168,-0.22387665088854583,-0.12470476434981743,-0.25632446763573424,-0.024018878045503587,-0.16477766354191845,-0.6181746494143555,-0.38944366041178285,-0.5825150471154386,0.26713483336408356,0.3414763476755621,-0.5628347881873617,0.5830002481308895,0.44542376857159566,-2.1286921628042362e-05,0.8233503132807252,-0.1776685667591965,0.5007619289386136,0.22941734817941775,-0.3089820207257486,-0.6331892430248995,1.0,0.06338388509877112,0.13772770605595552,0.5974614979534033,-0.34880091197743435,0.49959524554629453,0.06397239255216766,-0.038484709373762256,0.11138987392506915,0.23889069165253765,0.013115779916551955,0.5771325390198478,-0.04179545006334708
Olfactory_L,-0.017524307235918996,0.02930153873121547,0.6458549123448627,0.036578747578235885,0.8616674902068507,0.23746116744171744,-0.004296607089141733,-0.0038846809350385923,0.15228798224554496,0.5933141770455461,0.27208678857301916,0.21878613501733213,0.4890040040909234,0.38474092637054663,0.22339679248502936,0.6865516985494915,0.6883928755707865,0.1937851637271408,0.18955250919972716,0.3359183137551318,0.31118114874867403,0.36484436376622403,0.23656723878076774,0.053445120223462705,0.28244955904466285,-0.15764924160056273,0.1966569582662392,0.19015113797464264,0.006090503221525074,0.12528239126974036,0.011619283110636161,0.03715641447324604,0.6020876428193406,0.019508181380923455,0.06664525229380687,0.22315528676092533,0.12295802967009925,0.06338388509877112,1.0,-0.03554057218986705,0.03944454665805226,-0.018844979558901877,0.4677905126247044,-0.07617322070269286,-0.11834337524810556,0.1554040427116609,-0.017839096103456284,0.477935211795437,0.09605827296069988,-0.02991981284132266
