,Thal_VL_L,Hippocampus_L,Paracentral_Lobule_L,Vermis_1_2,Vermis_3,Precentral_R,Amygdala_L,Thal_VPL_L,ACC_sup_L,ACC_sup_R,Frontal_Inf_Tri_L,Amygdala_R,Thal_VL_R,Lingual_R,Red_N_R,Thal_VPL_R,Cerebellum_3_L,ParaHippocampal_L,Cuneus_R,SN_pc_L,OFCpost_L,Frontal_Sup_Medial_L,Rectus_L,Temporal_Inf_R,Frontal_Inf_Oper_L,Occipital_Inf_R,Cerebellum_6_R,VTA_L,SupraMarginal_L,Thal_IL_R,Cerebellum_7b_L,Supp_Motor_Area_L,Heschl_R,Cerebellum_Crus1_R,Temporal_Pole_Mid_R,Angular_L,Raphe_D,Cuneus_L,Frontal_Mid_2_L,Temporal_Pole_Sup_L,Vermis_9,Cerebellum_6_L,Precuneus_L,Thal_LP_R,Occipital_Mid_L,Thal_PuA_L,Olfactory_R,Lingual_L,Thal_AV_L,Cerebellum_8_R,Parietal_Inf_R,Thal_PuL_L,Heschl_L,OFClat_R,Temporal_Mid_L,Thal_MDm_L,Cerebellum_4_5_R,Frontal_Sup_2_R,LC_R,Parietal_Sup_L,Frontal_Inf_Orb_2_R,Cingulate_Mid_L,ACC_sub_R,Thal_MDl_R,Cerebellum_8_L,Thal_MGN_L,Thal_PuL_R,Thal_PuI_L,Cingulate_Post_R,Vermis_6,SN_pr_L,OFCpost_R,Thal_VA_R,Cerebellum_7b_R,Thal_MDm_R,Thal_IL_L,Calcarine_R,Thal_VA_L,Cerebellum_Crus2_R,Frontal_Med_Orb_L,SupraMarginal_R,Occipital_Mid_R,Raphe_M,ACC_pre_R,Pallidum_L,Pallidum_R,Precentral_L,ACC_pre_L,Parietal_Inf_L,Frontal_Inf_Orb_2_L,Frontal_Inf_Tri_R,Thal_PuA_R,Rolandic_Oper_R,Cerebellum_Crus2_L,Cerebellum_3_R,Rectus_R,LC_L,Calcarine_L,Vermis_8,VTA_R,Hippocampus_R,Thal_PuI_R,Frontal_Inf_Oper_R,Frontal_Mid_2_R,Fusiform_L,Frontal_Sup_Medial_R,Occipital_Inf_L,ACC_sub_L,Caudate_L,Cingulate_Post_L
Thal_VL_L,1.0,0.4732933969181885,0.46701834988666674,0.44709329996945696,0.5797611589153258,0.4957271539388778,-0.17731490772843503,0.8799660945942117,0.48309366876795473,0.5142196245642351,0.6056846235703133,-0.2399554639106971,0.35593121218019025,0.5712459429747174,0.38779149452088485,0.745739774699499,0.5241538356508851,0.6070737341713981,0.09971369345830072,0.4771895599323858,0.2566634105321701,0.5172854093078564,0.2016354306296481,0.46221066854016835,0.558224336014907,0.25566501899233474,0.4466516978246607,0.4366715201557463,0.4743842201666175,0.611870530589321,0.44411638113195534,0.47877783723732,0.31572778088012227,0.30245142584948004,-0.002864096876679384,0.2936082525241254,0.4638641304324631,0.13469353384376057,0.5607317974187551,0.3013126475269705,0.14691819570547016,0.510802458838015,0.39623537005420756,0.5141551701511443,0.2955660351147796,0.5190547683932362,-0.008961259472152405,0.44880360544850006,0.5152772363431976,0.295378015098856,0.36123514282282126,0.1168135289783309,0.39484184191078475,-0.19133419320997588,0.2951309731357304,0.2871142588723152,0.5989831946887926,0.44214289134398393,0.06966919827907754,0.21169192781718896,0.1993593461459217,0.42070026388356585,-0.11475886730449407,0.5787829803413199,0.2291770701671689,-0.21598034969238417,0.13828120672310443,0.5632163465727831,0.4865682582429268,0.5736465187189903,0.5082654412805722,0.3898199510339275,0.5415222675172712,-0.34384309744692365,0.7960037500802151,0.08598105054661288,0.19724900314254648,0.5688985934495799,-0.12660761342893584,-0.21891092222235883,0.4500383949972707,0.20235586821786067,0.42243328242828765,0.30231215711613935,0.643603205061235,0.5676595507005088,0.4626545313778364,0.3112902017100245,0.33584064737811126,0.3446468969061638,0.5424864643683982,0.13656759763668747,0.517520378856552,0.11521609983539448,0.2956788141786337,0.29971480835652775,0.004482843664391483,0.33064960634738155,0.13955703224194801,0.42449467938569085,0.37278476020530005,0.628669561475071,0.6030154490154805,0.5539806022961105,0.4680933019496179,0.46763118518667707,0.009928523070343892,0.448190724802591,0.6400731255805362,0.5382776133348547
Hippocampus_L,0.4732933969181885,1.0,0.38211313696365673,0.6568925014577577,0.758545078460526,0.38718579653992685,-0.5298371479002508,0.6029872178980418,0.5767487406814289,0.5242113484502273,0.5498645388831832,0.2752420656681856,0.3919783119555518,0.5348419424626164,0.42633578186367277,0.3747392100936543,0.7440581830286132,0.72953021754088,0.17922957277974205,0.8037247281685336,0.4625064521139489,0.6796219207630911,0.1215631005583076,0.6588650932996211,0.44526647829569316,0.15260675445769528,0.7108675860625666,0.7446273519739317,0.4088491418294344,0.6904319968324734,0.3619645142421538,0.4376751153673614,0.3235173026396579,0.3169589349564839,0.10827780112613897,0.2974457517228126,0.07121764933354306,-0.020935749139612048,0.7759005229682804,0.33453527769991614,0.47528414213750764,0.7938368523752156,0.3351629376631872,0.24313529518553922,0.28177136024536564,0.07120623052779598,-0.12446617241396261,0.36970639679422185,0.8249680288267339,0.4300445529838311,0.5245468034804573,-0.1909502086367376,0.3682075132012371,-0.25638515181333704,0.255232513865055,0.494713065603699,0.7604883899721931,0.7186486497151721,0.3298674052785777,0.285424122759545,0.2933039340469704,0.45375811653989934,0.0010038791059825618,0.5780187406780801,0.2865140958028472,0.2354406955000925,-0.19465462735176914,0.313984727747306,0.4316567497077407,0.41606516498904716,0.8115483822815879,0.5006384068328078,0.7692255789273701,-0.17858259243387334,0.638897616150354,0.19978103964159005,0.13682173275062626,0.6697712876532179,0.004941056021795457,-0.28763111585821355,0.4960496565241646,0.08183526829057948,0.39705921612785766,0.17611920022172536,0.5344887820560557,0.585868150390115,0.32499995207202165,0.20262866172709465,0.430614786107913,0.6077912035601309,0.5751077011520153,0.09204733554628927,0.3536091646576401,0.09654582911600804,0.5640843024278993,0.40114631742381135,-0.4312328255713986,0.18340539752043378,0.174191234093235,0.8560180549958811,0.8047582770728045,0.3201313639870682,0.5128932862751236,0.6457797974564397,0.8330942188559285,0.6854516920449821,-0.1542106431767382,0.08954499947380533,0.6167925668271804,0.4121462185363811
Paracentral_Lobule_L,0.46701834988666674,0.38211313696365673,1.0,0.5371966222816593,0.5926332256164949,0.8940469146830711,-0.0056069451969436674,0.5363437060546219,0.46752758033766956,0.5323153487067158,0.6301354365975791,-0.08920081613481755,0.33709900327233455,0.7357969468904229,0.2614800784566987,0.5485312750966648,0.4245618103164744,0.38162048718991887,0.45733621001373703,0.36053686242149896,0.22965758102126219,0.6470542979565986,0.18444839015795075,0.5161852805353818,0.7510011388170688,0.2042241148788706,0.5730614870565616,0.32447502933240085,0.6799872512335468,0.20289828554498018,0.06723823748161736,0.8466557153527433,0.24313123885487806,0.1894733097381109,-0.08129670019793947,0.4743524091857171,0.27245507775345224,0.47435699537878284,0.6227716340556637,0.27503205682364956,0.4807200179580707,0.48509186919622765,0.859339855988137,0.3868641837668501,0.5407444047387042,0.44892104938083754,-0.14840796996559816,0.6121133642052753,0.4672457923745111,0.4279886424735421,0.7044074415703082,0.01926520278356922,0.3235976246154424,-0.1276772020808422,0.29833073066340077,0.41186255643692327,0.6555972607273188,0.5500153711383771,-0.007078852784190645,0.6885139515129092,0.21622194888512294,0.6205687242876885,-0.005332037423326418,0.4500512319789755,0.40924521381097945,0.24145857207482127,0.42392696202518504,0.2592891154715081,0.7569832722016725,0.5891593798044586,0.44710525654090166,0.28607531203816555,0.3890054367464204,-0.04890476557860797,0.3396075670159637,0.1701113744705287,0.5449713800705089,0.393516264265736,-0.003854986378048482,-0.12026530126016192,0.7072830335581681,0.4784853028361607,0.4137011550470212,0.37857890675108125,0.17526518008930697,0.4138601881220132,0.8947583644468958,0.27210112979841583,0.6764060395792897,0.2899322379014332,0.7131160719339729,0.46098834459894433,0.6823467001365002,0.10396609041563033,0.47826788026148953,0.25254524887460006,0.019917969955668732,0.5929364311049733,0.2290971687361486,0.3049090013632672,0.4283538153135326,0.4566065365969978,0.7787883919797876,0.7218787204834771,0.4449908408939293,0.6086258037668193,0.11743181364568499,0.11205685016246078,0.3431613055713946,0.6404357695412839
Vermis_1_2,0.44709329996945696,0.6568925014577577,0.5371966222816593,1.0,0.7484720688080432,0.4521112903830226,-0.3512020507346589,0.5455450337606043,0.5044608956495373,0.4806609627462197,0.4877586909189558,0.14753458658528557,0.48409879338217315,0.5798767977020379,0.5059787046322947,0.46213087578822276,0.5316417889280691,0.6688225630537163,0.3376918081574049,0.6049550475896603,0.20735022845803075,0.6081988726470413,0.06763935012203594,0.5425476200913311,0.4931023681777806,0.08788415039462506,0.6373311884707427,0.5835701322283227,0.47721848218147256,0.39700352392488125,0.08938898905127615,0.47137027115180824,0.192772890145548,0.11258830685039986,-0.07504142316685013,0.484498102842753,0.2383962706442433,0.10985125867167692,0.6277741169876111,0.13957136252851077,0.5738660591471403,0.6572548389386483,0.42864008907469975,0.36858881042438574,0.4715766011631276,0.3191488823428876,-0.20766131987442255,0.4212756646305761,0.6733227593876903,0.32256383690881835,0.5233717862112086,0.011624862731114979,0.18589000417864657,-0.41348646061418665,0.2727875144998478,0.5703252514444171,0.7400573747521259,0.6013758595686879,0.15098493000802557,0.4419859866523168,0.020839927331855943,0.45003160243235196,-0.030953413297887578,0.5148636409616952,0.33421675221812464,0.25854832139320644,0.046290629082685816,0.25973247387248016,0.5855717466635026,0.3906930886467816,0.6792613091568422,0.2809362660390815,0.6245855548023616,-0.1114322362968768,0.5099400152426887,0.4216318257535301,0.2498440813316442,0.584811989795526,-0.1422004065973623,-0.19005631628999417,0.5338630824256637,0.1997036693347286,0.45113992492445565,0.13280481053772897,0.27066134119270124,0.5760065965582482,0.4440237207621609,0.18882525287032056,0.524244037302828,0.36528608026390996,0.46835521591396473,0.387643906677692,0.37245664242396054,0.14799304451110531,0.6585026406601306,0.14021523400419517,-0.31316374239078215,0.2682541469419003,-0.00023845688129764338,0.6157040317799498,0.6333352423754249,0.40027227972096524,0.5073925612887508,0.5539869346428778,0.7181050101745374,0.5862191446266222,-0.14681273478577753,0.04894794446355736,0.5316524190298909,0.5107542817964738
Vermis_3,0.5797611589153258,0.758545078460526,0.5926332256164949,0.7484720688080432,1.0,0.5978788324862384,-0.2950470570713645,0.7105485310336702,0.6747113102011335,0.6378401203052827,0.6778945419767052,0.04220485879384488,0.5694372504411387,0.6665090043680847,0.5423102642675933,0.5918136176628546,0.8014717797199309,0.7108621213712781,0.33096208327681037,0.7319664517859251,0.3216095242662284,0.7205380320183513,0.01690938448118507,0.6384936867988965,0.6186152840613984,0.21845494602623075,0.7180856691177522,0.6916125254026229,0.6282672671755657,0.6329883258226378,0.25622037618261284,0.6282869232642566,0.36275162041027925,0.3744608526577577,-0.08868616492243703,0.46838857064372286,0.307376958688214,0.2051640627411811,0.8029878119575157,0.38509101571971527,0.46076856411628364,0.6818917253652935,0.5904114789963083,0.42119795808439264,0.46607661616187324,0.4578466971388227,-0.1597352309836868,0.5014572992781,0.7128774737457435,0.4522970531441443,0.6814293548650352,0.08204593532556019,0.4422232066450768,-0.27896197334433487,0.4043743074143995,0.6621222702333776,0.84032504982238,0.7328440198032681,0.09456402663517396,0.487522313457884,0.2183549551483073,0.5937161109703656,-0.0525191071592377,0.6675547401851196,0.28257586388731026,0.18429777517629026,0.16263837732021774,0.3118848990475731,0.6277153492893716,0.5369918973237388,0.7470073983612462,0.41809000085080283,0.6645978886050811,-0.2329341323524433,0.7024914640678522,0.33239003195186867,0.34529179987764097,0.689125024582338,-0.11997884286505833,-0.15946057384264514,0.7192080982714939,0.3310611420693026,0.6021960423686906,0.3030348620961961,0.5328557963447269,0.6514324223365371,0.5407749414755105,0.32789683229718386,0.6090785958576544,0.517289571328797,0.6672302325473519,0.3496719436902195,0.6077913480756958,0.003990240808179255,0.6547349270424074,0.34439869660224487,-0.11190087751548408,0.4155893640844714,0.0006290184602153333,0.6603408572073592,0.7285219397410388,0.5118170048512152,0.6928489997142159,0.7313468367770062,0.7273122710374272,0.6615950412722784,-0.1524936336006048,0.15734146843223282,0.7033691106418449,0.6676430524247369
Precentral_R,0.4957271539388778,0.38718579653992685,0.8940469146830711,0.4521112903830226,0.5978788324862384,1.0,0.1492053946240158,0.5589673987794186,0.6159235849182617,0.6836107582740379,0.7838524905317303,-0.1360280714901628,0.3121034087948963,0.6893298639965381,0.19715542821755414,0.554090877777093,0.5713959966430668,0.30852514022549743,0.4253485103753509,0.3714334967575521,0.4075111634407178,0.7460961763996548,0.1762119248369157,0.4305114340543144,0.8275869953265006,0.20246431192110464,0.4533172841872112,0.31931727443490643,0.6761805651339472,0.28723463155813517,0.08691958275583973,0.9490911713625166,0.4143420589527567,0.3807113351151485,0.04448909780658021,0.26940750053988727,0.2503568446491622,0.4202788340693161,0.7175616527150475,0.516835433351531,0.29237722954725026,0.3869862962037173,0.8214006113321468,0.3590496834911868,0.3885468927148158,0.4809319920484021,-0.0013912117842906947,0.6382978753776015,0.4419070848188191,0.3445779204880865,0.6295818539414764,-0.042085923810035154,0.5311980083426769,-0.012393754794526911,0.3459029728525365,0.42311348897655227,0.5981700386113962,0.6006285641385436,-0.01737406396090547,0.46295149219892057,0.35071096004352964,0.623051210055422,-0.02338101992817861,0.5591130846996838,0.2601593427779836,0.24321699804528377,0.4100894503662273,0.31486236021666764,0.7442844221706381,0.6467226753015568,0.4043287024527374,0.4608113638097181,0.37148247268912665,-0.14122929818188315,0.38310505876609213,0.08368042588497811,0.6347583406579096,0.40749005531965726,0.0031354626760871284,-0.08808297522428925,0.6790217653168252,0.38669280762890473,0.5063395630939623,0.6314631872122629,0.24462673082125908,0.3988281537111581,0.9541868410468705,0.47357763395609204,0.5358395160701159,0.40775416187680985,0.8199816253817541,0.41047400653894456,0.7825718545372983,0.009881516471203498,0.4432828584576837,0.3570713747409603,0.1443471940008279,0.6465624154277879,0.16867437869171015,0.24356567976372717,0.39519868887511217,0.38955472495595134,0.8771061385902117,0.8155319469622646,0.309908403393893,0.683809138270707,0.11189755286130026,0.09055017746366688,0.3591753796140981,0.7054938859505702
Amygdala_L,-0.17731490772843503,-0.5298371479002508,-0.0056069451969436674,-0.3512020507346589,-0.2950470570713645,0.1492053946240158,1.0,-0.2892545671917474,-0.04214807795860653,-0.0001285376794989306,0.07914371762669344,-0.030085739791868373,-0.27088428965704103,-0.15446155047120072,-0.4316750783051447,-0.02490497307817856,-0.18439403954785177,-0.525013854568246,0.014131321212252062,-0.42715533257696847,-0.08308011683995122,-0.17981682439731686,-0.07787707393309894,-0.3177591873524835,0.05882135241054528,-0.0009200282593108128,-0.365779813509875,-0.403186497507959,0.0875272252594834,-0.4336640772950181,-0.13091914615617173,0.12439843140859101,0.03126322053565575,0.050814280457907646,0.04884975666464536,-0.08510228706932606,0.0660308646574565,0.2050554692869774,-0.24001077138901974,0.28453461287156473,-0.15838540583201008,-0.4303984665978311,0.07201192305017182,-0.056862529644491386,-0.11385116418262833,0.1199905304793115,0.3056192273355268,0.03565018256472487,-0.5554022294976502,-0.06581955304191844,-0.1063634674015981,0.2948891723108611,0.2078307860648527,0.25389618761638916,0.2936741942182194,-0.1481868255616834,-0.2668887821267871,-0.2971738715618413,0.08958720644370685,-0.16398166680803472,-0.12499584583678607,-0.016018042930987318,0.12064443321057934,-0.1100898751806009,-0.011558899967596433,0.23432736308497973,0.26600847412520223,-0.14375944500789706,-0.023100839819346557,0.020430197753863847,-0.5571918094707741,-0.16586806792465728,-0.5417334047590153,0.21391517463172371,-0.36273416683050924,-0.10846667221275968,0.22001910204510297,-0.4667959417173436,0.11651307592789766,0.18841780532287736,-0.07544528187407286,-0.006304609496935384,-0.09053079471271548,0.3658996110602943,-0.3730703979370566,-0.36356399619843865,0.15192473907341936,0.17959925806010266,-0.17517700661466382,-0.10843498115757699,-0.10498263274405542,0.09580549034803758,0.15212052016967775,-0.10106104210325734,-0.19624370182362136,-0.19508125793312803,0.5861516758179344,0.14917602909944008,0.1177000886862442,-0.6527536755036742,-0.6088949434316339,-0.07646156251352287,-0.01062344871689186,-0.1442922241017012,-0.5090315732942444,-0.2416096864874254,0.08867788275181307,-0.2802507468043329,-0.3864937926516029,-0.020946640303072583
Thal_VPL_L,0.8799660945942117,0.6029872178980418,0.5363437060546219,0.5455450337606043,0.7105485310336702,0.5589673987794186,-0.2892545671917474,1.0,0.598501959157492,0.6117218161461772,0.6403613203371709,-0.2560285423866888,0.3484155331649355,0.6973691611031292,0.4067777760477764,0.7651935975159033,0.6574887809878005,0.6480048260169593,0.18320009255974784,0.6225606794963346,0.2956827537355543,0.6206788985480638,0.24473963620508649,0.526983549915453,0.6144724361789515,0.21183520200444325,0.5365763817376374,0.5558295600773039,0.4997595215068138,0.6612888916520797,0.4623009649752905,0.5392990660172554,0.34231896535339457,0.27923743817742175,-0.016246809918965724,0.2789760770097716,0.4035471045137841,0.234345402854538,0.6825968791299367,0.3409319281191478,0.2542685396410217,0.5836857701912003,0.5398497950325383,0.45118236657493016,0.3641944845756558,0.4867334043271798,0.04401409302088726,0.5704867910656678,0.6273256516244029,0.32315074595655185,0.4675336406450728,0.01559814702261521,0.453544449108839,-0.13852694551642614,0.28071058272156885,0.3232744888519811,0.6834038970627873,0.5527040769170546,0.049592103861594385,0.26844112518296437,0.28669137901898367,0.4687429305594921,-0.046561480316001505,0.6678128334101836,0.2336678929544234,-0.17835422195228706,0.16787555317898845,0.727510220203353,0.5650623920817035,0.6298465401647705,0.6621614173142506,0.4078860208317274,0.6470730658854066,-0.3451245513967448,0.8183115548105091,0.2426787852655945,0.35710889108932453,0.6373289052673872,-0.030789573617558404,-0.19273725688006402,0.5677745690469964,0.32643070300603877,0.5140525266637034,0.31566582245714725,0.61172388896762,0.5668863882684783,0.5007593956410492,0.3465455566310764,0.38797249267676176,0.42687091286326717,0.638450581298176,0.1421585443161779,0.5529161129825877,0.06669367308428174,0.4454301057183963,0.4566391552252786,-0.08557740432086762,0.46849169745104047,0.16353807126413208,0.5558737559218424,0.5793578594198234,0.5328038706639525,0.6850330819364229,0.6623327166944658,0.5552819098559078,0.5758904551088048,0.01226134307743417,0.3999245699091251,0.6193583394744104,0.6615683449983192
ACC_sup_L,0.48309366876795473,0.5767487406814289,0.46752758033766956,0.5044608956495373,0.6747113102011335,0.6159235849182617,-0.04214807795860653,0.598501959157492,1.0,0.9463953206473188,0.6881333922632015,-0.009509677325057284,0.4779005502375548,0.4999198355457738,0.45189902008075683,0.4794544726847304,0.6876647825818151,0.5094378141172511,0.28068871344687624,0.5949518788146321,0.426894612954873,0.8069901540242692,0.0074874016787604,0.39325984299827627,0.5620047446684018,0.1950110970308215,0.4431640865276243,0.5286504741002912,0.4943720191612166,0.5896064245970418,0.20387540160331055,0.6319992607156094,0.5533238495289636,0.3233249747670823,0.01909892644429133,0.19724381638194294,0.2537501962922824,0.16172228073140696,0.8316053591268745,0.4636371618678801,0.23029585170306122,0.48443218650855197,0.4744663683120309,0.5136464860017967,0.22766210632620051,0.417638972244372,0.024723880484018693,0.45195802206803815,0.5964348268676406,0.28979767980326,0.5001334929182623,0.03645476305511479,0.5331452795563232,-0.11238259896606165,0.2613311429823725,0.6345560501768133,0.6622895468078303,0.777376144561639,0.0376895895724384,0.18222667601903147,0.3838417181481974,0.5089204343650221,-0.14792391339541866,0.7447307857437938,0.19772938911206497,0.1271905589217682,0.16447217305525996,0.28068931710674466,0.52991156577215,0.4622573418522482,0.5784701342623781,0.5649939883570164,0.5194135780504271,-0.20241937177505884,0.6391851671256049,0.1961692723352736,0.45296081452836573,0.5888962984642874,-0.09897260365974514,-0.18385374079717626,0.5619388289024432,0.1241112745909353,0.495281475646194,0.6269189791222516,0.46177663162318633,0.5630918331905389,0.559924432622543,0.5770910832831523,0.3731257457805442,0.640430216904282,0.6735382665395679,0.378122945493338,0.6294116407867335,0.024518787892060093,0.5196217369449284,0.2940902742004061,-0.061781318869823604,0.39852479504665766,0.028985810675475215,0.5211096391713057,0.5796407591131311,0.34803061188953144,0.6879427208100154,0.7919277538345304,0.4483299866386141,0.7947010777060276,-0.12830873945364116,0.09459999421514405,0.5563943756652984,0.5587183240156571
ACC_sup_R,0.5142196245642351,0.5242113484502273,0.5323153487067158,0.4806609627462197,0.6378401203052827,0.6836107582740379,-0.0001285376794989306,0.6117218161461772,0.9463953206473188,1.0,0.7180044263674764,-0.06598479844168909,0.4489873157810141,0.5859819291912112,0.382846544825469,0.4942930983910642,0.651191247256029,0.47416030813677323,0.3512410869768151,0.5531402473513931,0.5053667257721954,0.8136145114711532,0.06551857905256465,0.386053850218459,0.6014956183695076,0.19789856790269145,0.43932646679737564,0.46090847973703364,0.5022467534362134,0.5200439334436467,0.14346693504740723,0.7141184373310253,0.5368300054161903,0.35688755315751497,0.03593429551465033,0.16229171958036076,0.21745938922612304,0.16357519119794936,0.8341547734533099,0.5278506428495859,0.24290655957442264,0.48826427153160734,0.5459362180287329,0.5238002765608188,0.22755580586553148,0.4454013453024091,0.047379477504747865,0.5110031725756646,0.5826649876758697,0.23214513039151025,0.5009803485588064,-0.0716360671670259,0.585080616113815,-0.08136064246731527,0.2365351163660237,0.5361629252968904,0.6651221561002881,0.7296724246228798,-0.0006128427793597157,0.18905694199416992,0.4110927594458379,0.45797245148217436,-0.17612529186355916,0.6904128518108822,0.1660095729258178,0.1362663694577676,0.19209915338456693,0.28803937006794694,0.6299128990184499,0.5708732889254182,0.564748560202901,0.6226042102154675,0.5038682589560847,-0.24541264667470375,0.5641291575389058,0.10470368428707677,0.5196871600573406,0.5404907042828277,-0.11844947783720164,-0.21873865315382718,0.5821496672547588,0.15827229218812872,0.552011025627411,0.7219601918808877,0.4574917943834263,0.5985436062222034,0.6264531045761175,0.6234662091208424,0.3628416575749067,0.5895053756139566,0.7176538223257336,0.3777644346230958,0.6930129558306468,-0.011209985512360724,0.47596700772298056,0.32487029397050016,-0.03684603405897383,0.45260572314818426,0.06574884833231222,0.4491145115883209,0.5526734465070477,0.35447742236273844,0.7215220449343609,0.8310149975004604,0.42498530136815044,0.8114585522576334,-0.06445804564473134,0.12433208036238162,0.5441860967162749,0.5949290113707433
Frontal_Inf_Tri_L,0.6056846235703133,0.5498645388831832,0.6301354365975791,0.4877586909189558,0.6778945419767052,0.7838524905317303,0.07914371762669344,0.6403613203371709,0.6881333922632015,0.7180044263674764,1.0,-0.13411083180021582,0.47997625930103943,0.6547173876515737,0.30253653451486795,0.5496393643590959,0.7397738353656412,0.46054786554548527,0.26147039600767813,0.5494273264636015,0.5275596308623203,0.748212576813498,0.22711576470507355,0.49122369186218556,0.8359697079391852,0.2836841183101174,0.5031271579582537,0.4271240477488223,0.7173850281717044,0.5343757583276995,0.2522941283584475,0.7980373836583504,0.4749734363272644,0.42893627455522154,0.23432928687187138,0.24445575533201755,0.3133951184785249,0.2496941386393732,0.7879611502627331,0.7059378015427307,0.22683904592648144,0.5342678181231852,0.6032927236173156,0.3809702747072693,0.34357665471442844,0.5220273541775329,-0.07904396720424472,0.6401496585166002,0.5239581392858931,0.476144632184917,0.48243005013404916,-0.07189332876910066,0.702328983431651,-0.04087994829862073,0.5436397186670976,0.5269565545182613,0.6693768823489732,0.5865166260647268,-0.02892685644469687,0.20401711290113267,0.40289893935467885,0.49431592001232566,-0.11648261831626373,0.6284174678163489,0.26457965953656465,0.16104809868416475,0.3566209719155365,0.3219312361910289,0.6743617421235207,0.6953592619846589,0.5176261651846417,0.56654456662894,0.46841233826630063,-0.21210370930067676,0.5332562254046366,0.1255860963142713,0.48478759244064795,0.4993652131991362,-0.1688389744439682,-0.12354699315942759,0.5569613452443448,0.21889260391358434,0.6455954335200798,0.6220245764654785,0.5032863153177806,0.5788944606995142,0.7282923703838644,0.6007837771217451,0.3994692527969932,0.6291185235470518,0.8403855232788225,0.348515181445381,0.7749305522356253,0.07245698981040088,0.39971014632222607,0.35538043239129385,0.149763573915648,0.5505273667965298,0.14453291384710462,0.36846409540818426,0.4088696864279616,0.39352994345111636,0.8271266860490364,0.8202435488990882,0.4544637021543733,0.6340510233930265,-0.07469414689356964,0.08108848316374102,0.6077950978285527,0.7032597698718569
Amygdala_R,-0.2399554639106971,0.2752420656681856,-0.08920081613481755,0.14753458658528557,0.04220485879384488,-0.1360280714901628,-0.030085739791868373,-0.2560285423866888,-0.009509677325057284,-0.06598479844168909,-0.13411083180021582,1.0,-0.0649094860612423,-0.04585254023801133,-0.11967896731103997,-0.19283691201000583,-0.03760422174609558,-0.06891815278243313,-0.010628711277234075,0.07841416914834944,0.1364814179533555,-0.022264819914360696,-0.14660552195580637,0.1623790386169842,-0.12924673565507597,0.03092062403342668,0.1956171651467426,0.16443333257544118,-0.002391411059722771,0.027015446183097137,-0.00934949293184569,-0.07553747569824833,-0.0006524416706007756,0.190110250568134,-0.041399633898012496,0.14091833491670352,-0.20460546434639973,-0.27763596939780805,0.026103023686250337,-0.09673046868269544,0.3422137735352844,0.2140636345409132,-0.1746200071421069,-0.04284457859863877,-0.03291494278579051,-0.3881634228758867,-0.026329032242557848,-0.251189236929067,0.1964522482815102,0.054979999949776245,0.016532564330535935,-0.04074865785008826,-0.15690206566848897,-0.14641644089895978,-0.0702998465002571,0.17606675448448442,0.10628507592506804,0.033500622063153,0.4689447128222983,0.02804003023060788,-0.10895340259102312,0.067360420114201,0.217683210446589,-0.010462167023947302,0.015392091219617703,0.4854708555747614,-0.4292239387764132,-0.32079254271529933,0.03962110244268483,-0.12289813104805251,0.07392573864711315,0.010414968757113683,0.18508739240056832,0.06214835308262968,-0.06786569849276564,0.013079883108697907,-0.195505634599508,0.015156097488477831,0.10897556193090749,-0.06684672074748814,0.0560782448411087,-0.21106975794889196,-0.17527134901319177,-0.18638219659331715,-0.24937267489045217,0.006343549463081457,-0.16030614232950188,-0.21515007647387607,0.06262545362797095,-0.03389161709250044,-0.031149435088948917,-0.017431343157489433,-0.09185316418972676,-0.034413976398794316,0.20021056611494367,-0.209276484097297,-0.2515918787538328,-0.32359119461345315,0.14185431480766905,0.19968923030740243,0.11524672870122916,-0.13829403816612904,-0.10354498773008455,-0.050920841414475275,0.23650513861261838,0.06288833248622586,-0.11408425903546883,-0.3607002824319944,-0.15616480125929302,-0.09656092789201083
Thal_VL_R,0.35593121218019025,0.3919783119555518,0.33709900327233455,0.48409879338217315,0.5694372504411387,0.3121034087948963,-0.27088428965704103,0.3484155331649355,0.4779005502375548,0.4489873157810141,0.47997625930103943,-0.0649094860612423,1.0,0.3761601390650567,0.7294267302943462,0.2892931706200052,0.4511896361089445,0.684678140391855,0.18248431569675078,0.5625989080270395,0.30587902000482864,0.47245072034240587,0.010722401031299574,0.43607096535281725,0.34510761746860624,0.1808941196351268,0.549492082381963,0.3691000062212337,0.36587718611185577,0.3849294323697166,-0.11471772281116403,0.32367843306396055,0.19495952493378418,0.17747353108350375,0.005420423202122951,0.1760146271069121,0.09027252566006862,-0.06752495919210612,0.5417559633037008,0.21736545320040504,0.2633387389515499,0.5255534267686315,0.2404835708204907,0.5943065744861288,0.20323274028271088,0.5186405681503106,-0.5915466608388654,0.26002097808639163,0.5244572013978507,0.40620913239203116,0.3385399678249859,0.04035282721330364,0.2926945816449827,-0.3206927723686304,0.16222249957478072,0.7840704484324571,0.5923257147103352,0.451502470817843,-0.1311557170474183,0.17127532618545496,0.16766730656988751,0.22712647163856076,-0.3434927310110007,0.4620420620401006,0.17224096461606606,0.06829386156648218,0.3376623434997211,-0.1748895650972407,0.36884259776993583,0.3962704221665408,0.5736473129110219,0.30782092233321867,0.37288980173089353,-0.09509264213218249,0.40180897754520595,0.3497905267090208,-0.005367117006045964,0.5771824402209089,-0.4687119148014153,-0.18217946400255527,0.3481846530316295,0.11198071633064716,0.43171926623442197,0.17238295678076582,0.48927450652906906,0.8297084553005334,0.28846501807422364,0.48958235377301834,0.2674254178004844,0.41613715373543014,0.4405863411449895,0.7163847942598298,0.3233542098177207,-0.08163181593125024,0.4487484658950458,-0.09327553228018089,-0.18098561562228332,0.11534203794201629,-0.17361047319235598,0.4635777576166586,0.5438215166468742,0.4687953183820554,0.39592968862088623,0.457586798137791,0.48741940714845444,0.4201822713420865,-0.21329745725348367,0.036082960867446195,0.744421168683349,0.3472483599301632
Lingual_R,0.5712459429747174,0.5348419424626164,0.7357969468904229,0.5798767977020379,0.6665090043680847,0.6893298639965381,-0.15446155047120072,0.6973691611031292,0.4999198355457738,0.5859819291912112,0.6547173876515737,-0.04585254023801133,0.3761601390650567,1.0,0.22032031353096926,0.5959643244181575,0.5145612531088395,0.4918417841942612,0.4899884596931453,0.5360131731256635,0.285402248571985,0.5669643521799511,0.3208385119793464,0.68664090459906,0.6821685609352821,0.26888048784156826,0.7510254069355575,0.4206987178567911,0.6267723109844952,0.3866185567237315,0.17498081748235203,0.7139630678186306,0.21940970690354128,0.2663053962759757,-0.05783183229699703,0.4076384040421659,0.21953833043648951,0.41862972271745696,0.6612891377821033,0.3471900295708362,0.6056322422429775,0.7570851990817181,0.7865387949008311,0.45078799264898417,0.5232321853768638,0.41805260260942295,-0.14466160193898575,0.8118197566790873,0.5835901880828098,0.45459443687859485,0.6024020959216778,-0.14109972829549028,0.4955620703734755,-0.16239007988908627,0.4109656537304728,0.35544276410175546,0.7679036437663924,0.4955274066857218,0.04307998007971977,0.48453530954954027,0.2073798615446875,0.4307997475294989,-0.019283730345833278,0.4969786003040521,0.3846254899693567,0.12752816629179897,0.34416997553175155,0.40742242965447606,0.8405593828114531,0.8722421122622376,0.6298908554688859,0.2735416390301137,0.4872710179087263,-0.1162603484981514,0.4550189595251679,0.18034527042361567,0.6197183372323306,0.4372327817326564,-0.026115628563483893,-0.1389482321328434,0.6406737823357902,0.5788734559742459,0.5360231777444299,0.31778346661279677,0.3260851852042896,0.5904658900279665,0.6889272040321698,0.3223099698670708,0.5297497390464587,0.3407894226459319,0.6428544723232082,0.34104319866281435,0.6211217179107741,0.04727293939905851,0.4645437010404264,0.31243175240798754,-0.06021705277100968,0.6655092360724608,0.33481320775055645,0.4405616584831015,0.5211651581229095,0.3956740184014889,0.6808482705169774,0.6863116750532875,0.6746193339995213,0.5544858835510931,-0.037110846428902534,0.11938530359580662,0.4329897560313738,0.6698248573588248
Red_N_R,0.38779149452088485,0.42633578186367277,0.2614800784566987,0.5059787046322947,0.5423102642675933,0.19715542821755414,-0.4316750783051447,0.4067777760477764,0.45189902008075683,0.382846544825469,0.30253653451486795,-0.11967896731103997,0.7294267302943462,0.22032031353096926,1.0,0.2573411294832585,0.4308514314960288,0.738209203128432,0.13791320994233272,0.5517230018503838,0.18960463317089613,0.500980629874471,-0.14620869125608799,0.3334416683601061,0.21320034211832858,0.08465028438040856,0.4484765114833365,0.3927465425568683,0.21045027548706327,0.357070962995805,0.017140998749696715,0.16238039264039175,0.24432179487639774,0.07406817066632071,0.01273125099954624,0.2315258970379667,0.2553497957325696,-0.030898593301898866,0.4816734319601544,0.02650899709797871,0.14104120404568468,0.4492254866040522,0.1487158152562231,0.515918121088947,0.19207708053083256,0.439142139896509,-0.38855746045883294,0.1505502590188572,0.5520892833254946,0.31747070088910007,0.2939054395012103,0.13016398688439015,0.03792077558505054,-0.28539605277333835,0.016551511895259163,0.6716933271716066,0.503966798530362,0.5771466155510456,-0.1010571921308687,0.20536696843784524,0.19779729229966989,0.26895789504964984,-0.32171169995899107,0.4276408797780997,0.13334826935126978,-0.0029166956384099048,0.13808703039904163,0.027153428040478277,0.1777599960137242,0.12792564868995027,0.5242366790604989,0.31458288142397367,0.4892579276519374,-0.023652552784161115,0.47919435706393215,0.43955591805941835,-0.028561176308633054,0.6058004061823676,-0.34116063814427794,-0.22665053394292584,0.28160020802692054,0.05153545005821906,0.26822528478924323,0.04884245095079406,0.45906280499150864,0.6122799802555777,0.18553808539653685,0.3028102164764285,0.2731716841369269,0.4392263877541132,0.35601301592616724,0.5809604554656106,0.2008288640900733,0.06004429838056206,0.38095249354360167,0.0017359406447711061,-0.36162236225849925,0.08598094177658319,-0.2745111264356988,0.5553142563253939,0.6192023654897084,0.5398794713948125,0.3136521056480767,0.41272819705602815,0.4736004310625483,0.4843392730387582,-0.1279832698090177,0.24064705871088538,0.6394959652925093,0.26119610802866927
Thal_VPL_R,0.745739774699499,0.3747392100936543,0.5485312750966648,0.46213087578822276,0.5918136176628546,0.554090877777093,-0.02490497307817856,0.7651935975159033,0.4794544726847304,0.4942930983910642,0.5496393643590959,-0.19283691201000583,0.2892931706200052,0.5959643244181575,0.2573411294832585,1.0,0.448170296334112,0.45719111450516975,0.27948364556748073,0.47765140976162973,0.025124009527830823,0.4562532581459757,0.22718837710830886,0.3764846224475834,0.6177238507377218,0.2929731607128507,0.3921357489053736,0.42678211126747295,0.5104249397371631,0.42628463171808517,0.38287127908416924,0.4976516177205944,0.3818403217962434,0.21144943311757475,-0.08205643270230702,0.4100532509218008,0.545380132400737,0.4158146387560983,0.5188091014715036,0.2012545326101029,0.27319200094481005,0.4199512359966238,0.5412343697249486,0.4411389034900487,0.45064846701430067,0.44848079728506385,0.00752001689169171,0.5449765646315976,0.34200034281158354,0.30625130268788836,0.5295174244824621,0.3434334548299291,0.41907893615892894,-0.08496334719417943,0.3193180553527029,0.3389991465262548,0.6372956514608108,0.4764351928156733,0.16965984819310395,0.38063452542701615,0.18168158387709404,0.6004632101328341,-0.17698595822731866,0.5492607161642485,0.36920170032005317,-0.027838768803939165,0.2704686538478401,0.6489211996817649,0.49177577799860056,0.5062603717908509,0.4032247470614588,0.1349607343449692,0.29512223414841515,-0.10858503811745158,0.6058787660253978,0.22439615629057505,0.3805343946329036,0.36214876764264897,0.005597116718083187,-0.07408741909970327,0.5923370918337122,0.4532723120671355,0.34171930022120944,0.1908631537208334,0.5245529082938951,0.42293145616356026,0.507708508512349,0.15378994864136797,0.5095408069406863,0.3772242153292718,0.4809093961708753,0.21061154485831102,0.5782194702585307,0.1333758353282009,0.48848358999835834,0.28399572663021183,0.08615844026325134,0.45845591189223317,0.14409821535710376,0.32140836917535315,0.35840989302282955,0.608383582528596,0.6041160696994065,0.5645277139215599,0.40871924952409255,0.4340151147278346,-0.04484754352697194,0.34728022677837783,0.5341211607842512,0.6234061583390957
Cerebellum_3_L,0.5241538356508851,0.7440581830286132,0.4245618103164744,0.5316417889280691,0.8014717797199309,0.5713959966430668,-0.18439403954785177,0.6574887809878005,0.6876647825818151,0.651191247256029,0.7397738353656412,-0.03760422174609558,0.4511896361089445,0.5145612531088395,0.4308514314960288,0.448170296334112,1.0,0.6002324271025024,0.11185609223094538,0.7391103657658945,0.5269284691954793,0.7646460471260456,0.16020141925791703,0.5851257376499438,0.5870351241569003,0.24565102191116556,0.5522555226820686,0.6624008344307398,0.5491399316383586,0.6932775242566618,0.345157758529433,0.5989568460704102,0.431765014676564,0.4474592695175386,0.1101072121576547,0.19432559668556326,0.25382604424464694,0.055522361131551914,0.78905083386672,0.6049150760963856,0.23858059156012057,0.5998592706455016,0.4327120065118567,0.23550372551359772,0.20898440497987986,0.24972823625652402,-0.05631048221052246,0.4222850952477506,0.6815601495417054,0.43709224208383884,0.48829173731304343,-0.12558900185668062,0.6625653717849467,-0.11678835575954137,0.4231400188541731,0.513417726360528,0.6987602441053459,0.6608494493527154,0.06882591029194365,0.1562580429081668,0.3653343581032066,0.45366930304995134,-0.09234109672062685,0.6937171137084609,0.2016019123781734,0.08600814404640258,0.046354925420977675,0.39475106919159003,0.49805745039877486,0.5607407662030505,0.7280221058940092,0.5549337220015577,0.6379254929613759,-0.24902043454684403,0.6250669940481801,0.1984759220403875,0.2631261751467202,0.6005926834999338,-0.0911916009585211,-0.18017248853301948,0.531904078792148,0.12073037898957717,0.6500751743668989,0.4592984576212611,0.601175012955005,0.5496909161604353,0.4934959761498439,0.4796929325843466,0.35787517161107324,0.6276132455135174,0.6754573570846,0.1482280887429586,0.5452566282637321,-0.07678818050431023,0.5295931412735932,0.5261754553916693,-0.04499580009965778,0.29909550061973594,0.08478627245510595,0.6599932606793493,0.641486901895059,0.2998372362509423,0.6872181702005475,0.7189420384094867,0.5580319662242116,0.6806807816220836,-0.14339008663153624,0.12616238821135342,0.6549203742347424,0.6357663226486738
