,Cerebellum_Crus2_L,Cerebellum_10_L,Frontal_Inf_Orb_2_R,ACC_sub_R,Vermis_7,Vermis_3,OFCpost_L,Olfactory_L,Thal_PuL_R,Occipital_Inf_L,Temporal_Pole_Mid_L,Insula_R,Cerebellum_Crus2_R,Putamen_L,Cerebellum_3_R,VTA_L,VTA_R,ParaHippocampal_L,Frontal_Mid_2_L,Frontal_Inf_Tri_L,Thal_MDm_L,Thal_VPL_R,Thal_IL_R,Frontal_Inf_Tri_R,Frontal_Sup_2_R,Parietal_Inf_L,Rectus_L,OFClat_R,Insula_L,SN_pc_L,Cingulate_Post_L,Cerebellum_6_R,Hippocampus_L,Temporal_Pole_Sup_L,ParaHippocampal_R,Pallidum_L,Red_N_L,Frontal_Mid_2_R,Cingulate_Mid_L,Parietal_Inf_R,Angular_R,OFCmed_R,OFCmed_L,Vermis_10,Lingual_R,Thal_LGN_R,Occipital_Inf_R,Fusiform_R,Pallidum_R,Supp_Motor_Area_L,Raphe_D,Thal_VL_R,Temporal_Mid_R,ACC_pre_R,Thal_VA_L
Cerebellum_Crus2_L,1.0,-0.4549764819859623,-0.18103270792874726,0.02250329645850758,0.16913595448296062,0.003990240808179255,-0.12361716197052108,0.031671260641392196,0.07341849757178928,-0.11779233462519856,0.17924037360275558,0.012485840906657665,0.01825664755242801,0.01645354257291385,0.020110240401239952,-0.036292790225670335,0.007801041821745196,0.046128357811490925,0.06983822976405041,0.07245698981040088,0.018020630788132815,0.1333758353282009,0.04766107637558861,-0.03679258874531708,0.1193971353486467,0.16587967765383993,-0.009167503256212841,-0.19178308208444309,-0.08790964808514685,-0.04464605769776472,0.035220660586115005,0.04825610499810609,0.09654582911600804,-0.08667996022909719,-0.0541995863667582,0.05217384762325362,-0.06057050314030538,0.02661883360171957,0.24347924519439848,0.16537662756708724,0.11781040885811474,-0.012638075814126508,-0.12709426578562968,0.2609144621043199,0.04727293939905851,0.006468168218957046,-0.10624774604148857,-0.024107541028636163,-0.09152406464824996,-0.048452952185977304,0.3219518750482405,-0.08163181593125024,-0.19345906779623093,-0.09824888418159708,0.014912794954066912
Cerebellum_10_L,-0.4549764819859623,1.0,0.420597743712094,-0.03740210063201759,-0.18111104513628504,0.5172073184684047,0.4741752840729459,0.47517958422608736,-0.1520538215246167,-0.01646956033936359,0.16311418912906042,0.418529237831828,-0.013550054102972527,0.5415319250029761,0.20849669111886457,0.4727463496361989,0.49753254891321586,0.44504792926608,0.5317641732924667,0.3998494376794215,0.3152608804141295,0.1159839522676085,0.5469878908374503,0.45686738033133434,0.49427994365621075,0.0789241225919281,-0.021715719178239584,0.08627868699407241,0.46670429736209157,0.5213444054289686,0.3151398313773462,0.3522205584823214,0.5569261333629568,0.5255723798461714,0.5404993912953892,0.4649068939056334,0.5560860221647012,0.4858646310690904,0.17108441299886043,0.19811393386617215,0.11428353687237701,0.20472959198291177,0.23892760407275238,0.010223308983082987,0.26503689638450434,0.24498182065536114,0.08492926222655119,0.39475311625733706,0.43817173588470104,0.3475387077934036,-0.16015762522142735,0.33625198617467833,0.25458670520972565,0.4048043387282962,0.41242786323142866
Frontal_Inf_Orb_2_R,-0.18103270792874726,0.420597743712094,1.0,-0.13453050548640377,-0.1048263875734079,0.2183549551483073,0.41756776820731056,0.25677747211494745,0.09976162037779622,0.1620343595573191,0.23237015395639976,0.43546305073966335,0.20810706107788693,0.41796259894990007,0.14606397276219255,0.26497976654255007,0.2471979133175284,0.2293425116274268,0.44624841021941514,0.40289893935467885,0.2282494954640283,0.18168158387709404,0.3299964060703412,0.6395029517591158,0.3551894809756114,0.027685476578282398,0.10990361841323651,0.6897101928031649,0.3940758474359901,0.31755673734380674,0.18795515393872733,0.15421264011822497,0.2933039340469704,0.40587073363422094,0.2839998508249287,0.36323127754321616,0.32214418307037423,0.5630657011274524,0.12266360160469052,0.1255190011073276,0.0927943800567173,0.20800620875107675,0.19667698222963478,0.01738153804202239,0.2073798615446875,0.03487715849304507,0.13382151718518526,0.18065552848269137,0.28162747659736753,0.32037185486443676,-0.08050103709639542,0.16766730656988751,0.29205078402619467,0.3798144363028334,0.26801785389500604
ACC_sub_R,0.02250329645850758,-0.03740210063201759,-0.13453050548640377,1.0,0.298313657048127,-0.0525191071592377,-0.1163018327744297,0.09329175147117892,-0.13091347376748078,0.2337489336771795,-0.050631051733862155,-0.13638375031013553,0.2947820790406503,-0.18425735533459092,-0.12797309748210917,0.024842741380432732,-0.08362863584144717,-0.2660833415339141,-0.10201014181688353,-0.11648261831626373,-0.18640888300406955,-0.17698595822731866,-0.01615517931724633,-0.03897229284168928,-0.178229038123916,-0.06396451435196873,-0.1136527328068259,0.1457315712855749,-0.2812818238074269,-0.16890566509074548,-0.041361445867684456,0.005208896397409793,0.0010038791059825618,-0.004065669670780942,-0.0539941808178203,-0.38057008888818145,0.014382114052908502,-0.16140271946838988,0.009254636737801126,-0.02971066257366821,0.01866165345505442,-0.051477355303994894,-0.11021566427198586,-0.018342265026421983,-0.019283730345833278,-0.12056106425577838,-0.15965056141381107,-0.0275409919984742,-0.31450901386754465,-0.018903247349202186,-0.07323322530717236,-0.3434927310110007,-0.0182858674854601,-0.06599616176301414,-0.10559449663751569
Vermis_7,0.16913595448296062,-0.18111104513628504,-0.1048263875734079,0.298313657048127,1.0,-0.10614171440905619,-0.04543209825306997,0.0652848009016659,-0.0038964876129501105,0.13015975073315936,-0.09915493738164438,-0.1075880183159328,0.11261378244343274,-0.21255404835293046,-0.06405762203589337,-0.045265129988424975,-0.17491283071668862,-0.2888451354127148,-0.12007479496346232,-0.047087042683969814,-0.09520888702553086,-0.07997602325143949,-0.009116422485518517,-0.029972973357201716,-0.1412204925512078,-0.019687388627703452,0.007634955551831962,0.023422574658918224,-0.21393277134352204,-0.2037808060920107,0.05462601528800664,-0.16542748099667118,-0.07869170125390841,-0.04881983691277013,-0.14968910932487972,-0.23026763817153337,-0.09172701727893491,-0.10153637131629777,0.07798654394129215,-0.03195983289214509,-0.07579987706069008,-0.07637537101740076,0.027282782091002215,-0.11049062722984923,-0.11463710261096127,-0.057326567787295196,-0.11562392500719204,-0.13049345839833093,-0.3004758949057539,0.007492055173902174,0.13533188831787532,-0.29845356596271677,-0.14051756350704045,-0.03445372491231194,-0.044228838863273646
Vermis_3,0.003990240808179255,0.5172073184684047,0.2183549551483073,-0.0525191071592377,-0.10614171440905619,1.0,0.3216095242662284,0.44801350907869103,0.16263837732021774,-0.1524936336006048,0.2959860614758598,0.6947751133376343,-0.11997884286505833,0.76469789740265,0.6547349270424074,0.6916125254026229,0.6603408572073592,0.7108621213712781,0.8029878119575157,0.6778945419767052,0.6621222702333776,0.5918136176628546,0.6329883258226378,0.6672302325473519,0.7328440198032681,0.6090785958576544,0.01690938448118507,-0.27896197334433487,0.6179051596882917,0.7319664517859251,0.6676430524247369,0.7180856691177522,0.758545078460526,0.38509101571971527,0.665857702098311,0.5328557963447269,0.7007339894546611,0.7313468367770062,0.5937161109703656,0.6814293548650352,0.6186474606476038,0.20920052910623704,0.2261965705466448,0.5309920831891851,0.6665090043680847,0.7103712986223449,0.21845494602623075,0.7591187297797176,0.6514324223365371,0.6282869232642566,0.307376958688214,0.5694372504411387,0.48150323071464596,0.3030348620961961,0.689125024582338
OFCpost_L,-0.12361716197052108,0.4741752840729459,0.41756776820731056,-0.1163018327744297,-0.04543209825306997,0.3216095242662284,1.0,0.5739485274104525,-0.08194238858406244,0.048630232172162016,0.2974756724968921,0.5691707456190929,-0.15864151479883906,0.5643755332949424,0.11377925222333855,0.22255101073763364,0.30970712889992097,0.3530273891537507,0.5485921576777109,0.5275596308623203,0.2686279214029993,0.025124009527830823,0.36900246026381517,0.5601967576271318,0.34061475991841417,-0.06831612380276006,0.10687513927591752,-0.058116375247881956,0.5558935112809368,0.3491814998078909,0.2476647831638416,0.2952680316564642,0.4625064521139489,0.6887870809868233,0.35343059966858514,0.3001128288257873,0.39486622267259985,0.5582052459703792,-0.06455012206545127,0.12012762212727228,-0.09667925646084989,0.18662294381882236,0.2934051176457768,0.18927906142544332,0.285402248571985,0.09310459883114722,0.06300501738288551,0.32742227866445384,0.48478229228821335,0.4639246076803157,-0.21998095420601302,0.30587902000482864,0.1690812899013247,0.6217323440281849,0.4006887387915839
Olfactory_L,0.031671260641392196,0.47517958422608736,0.25677747211494745,0.09329175147117892,0.0652848009016659,0.44801350907869103,0.5739485274104525,1.0,-0.33171749856672195,0.031971843900929484,0.502560799398647,0.36102592108996456,-0.0175948808616338,0.5474021090378384,0.1471688034048057,0.49745133639174555,0.59477164532288,0.5135408344475104,0.4695266208229542,0.2494621284619337,0.242450429290906,0.053905562312627435,0.6091564602960473,0.38680961317517804,0.37590412026971504,0.05354906346662458,-0.06387296985095564,-0.1648160413371489,0.2956463910542739,0.4736007954134482,0.1634577844441266,0.4037180931309309,0.6921678465574042,0.23608100928259504,0.6447110006197443,0.41303493375402284,0.5966297987470233,0.34421381584241806,0.10380053978728078,0.15109246293568318,0.0688913554801073,0.34114177716571675,0.0679703648302355,0.04179090330687749,0.2031879962543314,0.17379490739563197,0.05327012651558582,0.48540579234149145,0.40867115641726015,0.15599115608190636,-0.0643947082832386,0.18991748779700643,0.053605547724427285,0.12460762825465423,0.580722446459279
Thal_PuL_R,0.07341849757178928,-0.1520538215246167,0.09976162037779622,-0.13091347376748078,-0.0038964876129501105,0.16263837732021774,-0.08194238858406244,-0.33171749856672195,1.0,-0.011609425345073638,-0.25175226589976146,0.25713128921315753,-0.13949179742797252,0.00021574453650576494,0.055844620662091005,-0.17425817072264813,-0.1899380469250684,0.018740643617373806,0.1517276032010323,0.3566209719155365,0.24853551824679937,0.2704686538478401,-0.12419934253629994,0.26569029153834245,0.06215013353374679,0.1924711932746379,0.07111004523836817,0.07944159154792015,0.31293170400832515,-0.03155584396176354,0.4367823593553913,0.0694030929009194,-0.19465462735176914,0.18529341609387157,-0.2526826467814581,0.06011449220838015,-0.13728680085636538,0.23773089980072323,0.23106207278203889,0.2346929793363963,0.3668587665608225,-0.10154088636730514,0.133055703700275,0.2097853598890826,0.34416997553175155,0.17319883006277317,0.02223920285479941,-0.05972190084926387,0.1541550983095991,0.3532184498566342,0.22249165368686083,0.3376623434997211,0.38153411014678634,0.22325368377266547,0.025333827385073657
Occipital_Inf_L,-0.11779233462519856,-0.01646956033936359,0.1620343595573191,0.2337489336771795,0.13015975073315936,-0.1524936336006048,0.048630232172162016,0.031971843900929484,-0.011609425345073638,1.0,-0.05946590878092495,-0.020320950850875482,0.3222894800052228,-0.14890129988694756,-0.1834511716159943,-0.09589033738784354,-0.16693653201472952,-0.1685627250209531,-0.0475565228114514,-0.07469414689356964,-0.28106487445083317,-0.04484754352697194,-0.1253071591805978,0.14376304403452686,-0.13340068533764768,-0.047072889620524895,-0.004570706318348585,0.268897672230517,-0.054989940229113944,-0.22809259513545457,-0.07655144546815344,-0.07974956544671684,-0.1542106431767382,0.04909273020374789,-0.16025219655174686,-0.15072488298106235,-0.1537557700903778,0.018993094031575543,-0.057958021606046635,0.05229590202711193,0.04619427239171712,-0.15216389355718446,-0.06168448693791146,-0.23426623458493812,-0.037110846428902534,-0.17712825844092794,-0.19590948590110416,-0.05041656962549262,-0.16906383903046462,0.10364755040805555,-0.09335693842099162,-0.21329745725348367,0.06630948127457761,0.05443479119548558,-0.0757925402856161
Temporal_Pole_Mid_L,0.17924037360275558,0.16311418912906042,0.23237015395639976,-0.050631051733862155,-0.09915493738164438,0.2959860614758598,0.2974756724968921,0.502560799398647,-0.25175226589976146,-0.05946590878092495,1.0,0.0721679324714683,-0.062338593319414264,0.5495874521264548,0.2508572520206717,0.44987361910978746,0.6624476137251946,0.5248283036826088,0.33509431904165876,0.12923877730395752,0.223652602167603,0.04704103244366413,0.3674683092339797,0.20347185513803262,0.40148890442320795,0.19582297493822667,0.21659961796863456,-0.16554278646985,0.06499508761883395,0.47221695010800996,0.05412367502120273,0.4570725407397044,0.5996764225164245,-0.03060690343287184,0.6305974341526425,0.3137587701658321,0.5019909272666877,0.24977697504052943,0.03988577356619466,0.14299399619082576,0.09305105569469554,0.13491184165174075,-0.11928401199185164,0.15428931707846974,0.20687903138756253,0.21328222417825451,0.1483951202728915,0.4527971197343444,0.40348814016898515,-0.0165885818785342,0.035702825033542177,0.2575387554403406,-0.18991508208383673,-0.21307768696311868,0.34781475735484496
Insula_R,0.012485840906657665,0.418529237831828,0.43546305073966335,-0.13638375031013553,-0.1075880183159328,0.6947751133376343,0.5691707456190929,0.36102592108996456,0.25713128921315753,-0.020320950850875482,0.0721679324714683,1.0,-0.12818083000399427,0.6622918987210208,0.4118785818474045,0.43895362353119993,0.3834731179151029,0.5163222649520272,0.8148944181042111,0.8399610352206124,0.5603491656083018,0.5748327525808761,0.5589035786065435,0.8184836064864549,0.6804778324679441,0.375218999103275,0.05421761690871202,-0.08730914711777246,0.8230932889423418,0.517626539389509,0.5918194618802056,0.5042543611517332,0.5318081731995151,0.577447905433481,0.3909172722976279,0.5252974470066829,0.47704749576313177,0.842840370786335,0.503285286445037,0.48415588997991776,0.33977859879057276,0.2702241690878304,0.29957262467832946,0.4692335668282046,0.5835767222548652,0.44513491728760624,0.2993922051540923,0.577730195654574,0.62398706161195,0.7524472953489117,0.1989993487969564,0.5228654548330958,0.6110001793710104,0.7012081102062693,0.6186112448795675
Cerebellum_Crus2_R,0.01825664755242801,-0.013550054102972527,0.20810706107788693,0.2947820790406503,0.11261378244343274,-0.11997884286505833,-0.15864151479883906,-0.0175948808616338,-0.13949179742797252,0.3222894800052228,-0.062338593319414264,-0.12818083000399427,1.0,-0.1594091354766678,0.04906826604907503,0.0837552472082531,-0.07900826298874777,-0.24722414275452326,-0.05990563202798937,-0.1688389744439682,-0.2994177222518962,0.005597116718083187,-0.07974853425963856,0.011259379310949327,-0.053865693924933074,-0.04820293511501892,-0.01604744762517559,0.3681214121727563,-0.1959142912787045,-0.1195612585608444,-0.11703518105122598,-0.06659440437231352,0.004941056021795457,-0.04323605600231528,-0.008317474698632067,-0.23320592677678392,0.006030421891059208,-0.057661936447863736,0.11257453269681555,0.03153698560808417,0.07281981973886643,-0.12432899731545217,0.04900236307023401,-0.026960714523505305,-0.026115628563483893,-0.13558926801653573,-0.08918126132720837,-0.04684668759794399,-0.3845227351751863,-0.05956885848894605,-0.16682448377424053,-0.4687119148014153,0.03302942771985848,-0.029590786720984592,-0.13484742617288054
Putamen_L,0.01645354257291385,0.5415319250029761,0.41796259894990007,-0.18425735533459092,-0.21255404835293046,0.76469789740265,0.5643755332949424,0.5474021090378384,0.00021574453650576494,-0.14890129988694756,0.5495874521264548,0.6622918987210208,-0.1594091354766678,1.0,0.6346734805003262,0.7036174938289023,0.823089043909575,0.750475575265126,0.8595690279505707,0.6608922466050728,0.6189553042429599,0.4459365494997486,0.6788701816873532,0.689724631098563,0.7200714420516585,0.3939245085391119,0.2548597619979724,-0.21335038813058657,0.6645767166228084,0.85487671496105,0.5286768710829601,0.7134155158201249,0.8513526745091446,0.4265677116746347,0.7801847578181028,0.6198749778874494,0.811868574105891,0.772209981522621,0.35985959716043997,0.5428118775592399,0.4433264768818861,0.22175421765152908,0.24663084674571428,0.5203406876906348,0.6258984721375382,0.5471300321169286,0.21376544708046463,0.7216780383692409,0.7765504018453566,0.5096711719905245,0.12967940914388149,0.6303465510151842,0.29472689344802394,0.28044757691810007,0.6897864438004788
Cerebellum_3_R,0.020110240401239952,0.20849669111886457,0.14606397276219255,-0.12797309748210917,-0.06405762203589337,0.6547349270424074,0.11377925222333855,0.1471688034048057,0.055844620662091005,-0.1834511716159943,0.2508572520206717,0.4118785818474045,0.04906826604907503,0.6346734805003262,1.0,0.5972355501186501,0.6004248263103189,0.47770439509249385,0.6123910419506725,0.39971014632222607,0.5631411954888441,0.48848358999835834,0.3000367000700696,0.4539100856731039,0.5650402055086949,0.5566192595900782,0.19396622753588091,-0.2718892092987608,0.38688751943667254,0.6382224534651326,0.5530943857041788,0.5182897853083488,0.5640843024278993,0.036958769682707185,0.6118226326640445,0.23379364162563318,0.6128034259025535,0.5296667936821633,0.5643661701910299,0.6044673501672702,0.5479959722649652,-0.057862101352420585,0.15914146566287235,0.5248397361372155,0.4645437010404264,0.6488764245096964,0.16425744478799206,0.5666878211861268,0.4634553888180079,0.430732222934754,0.2308574526733243,0.4487484658950458,0.2762171347472276,0.06046845059033996,0.4900984970555139
VTA_L,-0.036292790225670335,0.4727463496361989,0.26497976654255007,0.024842741380432732,-0.045265129988424975,0.6916125254026229,0.22255101073763364,0.49745133639174555,-0.17425817072264813,-0.09589033738784354,0.44987361910978746,0.43895362353119993,0.0837552472082531,0.7036174938289023,0.5972355501186501,1.0,0.8070736735438234,0.6188533515407744,0.6387324061104961,0.4271240477488223,0.4563041783231886,0.42678211126747295,0.6560063402417179,0.49216297308318663,0.608460471610089,0.3831604513452996,0.115348708483002,-0.15335626220836862,0.4433696567257899,0.8100017644660427,0.4317744475634509,0.5987893207202533,0.7446273519739317,0.19230745941768182,0.7261448838799414,0.48141444109421366,0.7858320708935923,0.5020193957109761,0.4415828705484242,0.466415966259787,0.4244113863330353,0.1890036757093918,0.07628810829535014,0.33560671153566574,0.4206987178567911,0.5430078431910011,0.1698606306655501,0.6359895734747745,0.5193836915684518,0.3347581082994047,0.21760833996763035,0.3691000062212337,0.21266885205179098,0.10600070700350024,0.597004541114937
VTA_R,0.007801041821745196,0.49753254891321586,0.2471979133175284,-0.08362863584144717,-0.17491283071668862,0.6603408572073592,0.30970712889992097,0.59477164532288,-0.1899380469250684,-0.16693653201472952,0.6624476137251946,0.3834731179151029,-0.07900826298874777,0.823089043909575,0.6004248263103189,0.8070736735438234,1.0,0.7364899973332809,0.6683741579285081,0.36846409540818426,0.4904167527759397,0.32140836917535315,0.6590156053312313,0.43953001136918185,0.6608505315909121,0.3961631971033586,0.1749246826899289,-0.30421086923378665,0.39344255050572624,0.8411459061860986,0.3887178361109532,0.6606485386470945,0.8560180549958811,0.08960018044673668,0.868253731028875,0.5507359526547528,0.8368765485217505,0.5263796018604462,0.36288502894708075,0.4334053297953127,0.40040118958453563,0.27678013397246903,0.07674515281445934,0.3320373712950696,0.4405616584831015,0.5133487281065571,0.16967779907981853,0.6845784144631176,0.621271166628762,0.25906484984087147,0.1586410048329172,0.4635777576166586,0.10186829946314936,-0.0022920319192768204,0.6394534428201099
ParaHippocampal_L,0.046128357811490925,0.44504792926608,0.2293425116274268,-0.2660833415339141,-0.2888451354127148,0.7108621213712781,0.3530273891537507,0.5135408344475104,0.018740643617373806,-0.1685627250209531,0.5248283036826088,0.5163222649520272,-0.24722414275452326,0.750475575265126,0.47770439509249385,0.6188533515407744,0.7364899973332809,1.0,0.6648956622564762,0.46054786554548527,0.5860364053242283,0.45719111450516975,0.5026887776416972,0.44399575884879494,0.6853284308451272,0.4102309755731229,-0.0004380600226265211,-0.339308508112679,0.5598760587991688,0.7479109264575513,0.34575632261880784,0.6949129265259133,0.72953021754088,0.22433943817011123,0.7038633927297575,0.6030347954690236,0.6108674630793897,0.5618156183307127,0.3547488331116396,0.45985365488961666,0.4203901153176234,0.21887245569257768,-0.05405218256795633,0.3398301606570308,0.4918417841942612,0.5286155386838797,0.19015440399273523,0.6603710133485459,0.7752920933493791,0.33163975105141646,0.09829653996208866,0.684678140391855,0.24692848860375735,0.12711324424860443,0.6961988539594532
Frontal_Mid_2_L,0.06983822976405041,0.5317641732924667,0.44624841021941514,-0.10201014181688353,-0.12007479496346232,0.8029878119575157,0.5485921576777109,0.4695266208229542,0.1517276032010323,-0.0475565228114514,0.33509431904165876,0.8148944181042111,-0.05990563202798937,0.8595690279505707,0.6123910419506725,0.6387324061104961,0.6683741579285081,0.6648956622564762,1.0,0.7879611502627331,0.6223898997118843,0.5188091014715036,0.6151123364910529,0.8216482428111954,0.8214863358446693,0.5175738882503059,0.132661804244065,-0.15565038854114793,0.7452549333148344,0.7194615395944465,0.6572829642830618,0.6525008694052775,0.7759005229682804,0.542115328861933,0.6543097736088352,0.5415856389020611,0.6818574461479552,0.8972735526464981,0.6175054746934182,0.686195949773747,0.53736418509929,0.23721177526013953,0.3022351790932016,0.5484455054435785,0.6612891377821033,0.5538500563478896,0.19165617168794055,0.688584089579898,0.65848842486054,0.7336862296301708,0.21303807469128896,0.5417559633037008,0.4331139703701168,0.5297278779237137,0.6920745075878837
Frontal_Inf_Tri_L,0.07245698981040088,0.3998494376794215,0.40289893935467885,-0.11648261831626373,-0.047087042683969814,0.6778945419767052,0.5275596308623203,0.2494621284619337,0.3566209719155365,-0.07469414689356964,0.12923877730395752,0.8399610352206124,-0.1688389744439682,0.6608922466050728,0.39971014632222607,0.4271240477488223,0.36846409540818426,0.46054786554548527,0.7879611502627331,1.0,0.5269565545182613,0.5496393643590959,0.5343757583276995,0.8403855232788225,0.5865166260647268,0.3994692527969932,0.22711576470507355,-0.04087994829862073,0.8152552186407013,0.5494273264636015,0.7032597698718569,0.5031271579582537,0.5498645388831832,0.7059378015427307,0.3013679234130344,0.5032863153177806,0.46116745075052257,0.8202435488990882,0.49431592001232566,0.48243005013404916,0.3540590539000803,0.14978467068114537,0.33736094921094445,0.5759595308801412,0.6547173876515737,0.4610709416026555,0.2836841183101174,0.5232845567250739,0.5788944606995142,0.7980373836583504,0.3133951184785249,0.47997625930103943,0.4705613924915518,0.6220245764654785,0.4993652131991362
Thal_MDm_L,0.018020630788132815,0.3152608804141295,0.2282494954640283,-0.18640888300406955,-0.09520888702553086,0.6621222702333776,0.2686279214029993,0.242450429290906,0.24853551824679937,-0.28106487445083317,0.223652602167603,0.5603491656083018,-0.2994177222518962,0.6189553042429599,0.5631411954888441,0.4563041783231886,0.4904167527759397,0.5860364053242283,0.6223898997118843,0.5269565545182613,1.0,0.3389991465262548,0.4437203072324808,0.5080889598763729,0.6130669262017396,0.38679583153017716,-0.14929208893906745,-0.24741638949170322,0.4839414243867376,0.5669950772278189,0.46926343624345157,0.5116720091763352,0.494713065603699,0.21138943753580772,0.5854182718565124,0.290940897630797,0.5649401419365782,0.5430068967391861,0.4712241470039438,0.4344229312491061,0.29090029127105,0.0928791006874349,0.03785401487422993,0.32240023325454314,0.35544276410175546,0.7005267915381055,0.17465655624260576,0.44886786211276525,0.6244224545489531,0.41302070455563455,0.17116965317801627,0.7840704484324571,0.2603525710557861,0.24848531163223905,0.6350925029776335
Thal_VPL_R,0.1333758353282009,0.1159839522676085,0.18168158387709404,-0.17698595822731866,-0.07997602325143949,0.5918136176628546,0.025124009527830823,0.053905562312627435,0.2704686538478401,-0.04484754352697194,0.04704103244366413,0.5748327525808761,0.005597116718083187,0.4459365494997486,0.48848358999835834,0.42678211126747295,0.32140836917535315,0.45719111450516975,0.5188091014715036,0.5496393643590959,0.3389991465262548,1.0,0.42628463171808517,0.4809093961708753,0.4764351928156733,0.5095408069406863,0.22718837710830886,-0.08496334719417943,0.5347094333806789,0.47765140976162973,0.6234061583390957,0.3921357489053736,0.3747392100936543,0.2012545326101029,0.2252850831507263,0.5245529082938951,0.3760994496023595,0.5645277139215599,0.6004632101328341,0.5295174244824621,0.5580293430784934,0.10781769033644122,0.08373721648075608,0.5034742498298727,0.5959643244181575,0.4418290776936958,0.2929731607128507,0.4580583308063526,0.42293145616356026,0.4976516177205944,0.545380132400737,0.2892931706200052,0.43406784710244456,0.1908631537208334,0.36214876764264897
Thal_IL_R,0.04766107637558861,0.5469878908374503,0.3299964060703412,-0.01615517931724633,-0.009116422485518517,0.6329883258226378,0.36900246026381517,0.6091564602960473,-0.12419934253629994,-0.1253071591805978,0.3674683092339797,0.5589035786065435,-0.07974853425963856,0.6788701816873532,0.3000367000700696,0.6560063402417179,0.6590156053312313,0.5026887776416972,0.6151123364910529,0.5343757583276995,0.4437203072324808,0.42628463171808517,1.0,0.5404587303714079,0.4981358588671998,0.1922141704688497,0.11273946789014308,-0.11797347900772685,0.5178242543284366,0.6141630628732193,0.42382437529500994,0.45428296291019854,0.6904319968324734,0.3238988194610353,0.5848857528796172,0.6844562808894402,0.6849321868832284,0.5172578576596173,0.29883183316110495,0.25841032747280773,0.18231741120578493,0.35813115515970384,0.16380437067444342,0.20229858848094806,0.3866185567237315,0.31973117865413053,0.21597526951442828,0.5662114394180193,0.5203707814341767,0.3065664746634108,0.3089966267924082,0.3849294323697166,0.20238079132035136,0.25781005215646485,0.6300146785655637
Frontal_Inf_Tri_R,-0.03679258874531708,0.45686738033133434,0.6395029517591158,-0.03897229284168928,-0.029972973357201716,0.6672302325473519,0.5601967576271318,0.38680961317517804,0.26569029153834245,0.14376304403452686,0.20347185513803262,0.8184836064864549,0.011259379310949327,0.689724631098563,0.4539100856731039,0.49216297308318663,0.43953001136918185,0.44399575884879494,0.8216482428111954,0.8403855232788225,0.5080889598763729,0.4809093961708753,0.5404587303714079,1.0,0.61124557925401,0.42976341188714895,0.18230632755876905,0.13212175714863578,0.7021353879651115,0.5312278404993152,0.6504434106667455,0.5463830237500215,0.5751077011520153,0.5544923408281723,0.43211208470939677,0.42476131171022374,0.5593894536756392,0.8754445533351549,0.5076548342572444,0.535624228261485,0.46216840408280074,0.13846374517259127,0.3098826802412013,0.3988471239613996,0.6428544723232082,0.466677309300847,0.226852112339748,0.611127279915269,0.5529033819122904,0.8008277216994709,0.19887721475951134,0.4405863411449895,0.5610635077835858,0.5560974801936582,0.5906217231457612
Frontal_Sup_2_R,0.1193971353486467,0.49427994365621075,0.3551894809756114,-0.178229038123916,-0.1412204925512078,0.7328440198032681,0.34061475991841417,0.37590412026971504,0.06215013353374679,-0.13340068533764768,0.40148890442320795,0.6804778324679441,-0.053865693924933074,0.7200714420516585,0.5650402055086949,0.608460471610089,0.6608505315909121,0.6853284308451272,0.8214863358446693,0.5865166260647268,0.6130669262017396,0.4764351928156733,0.4981358588671998,0.61124557925401,1.0,0.5873754820655889,0.002557183775034684,-0.1887391667872672,0.5275644282083536,0.6552843643191384,0.5167276027036003,0.5508543259454076,0.7186486497151721,0.318815681489154,0.6541227718593804,0.46993799353591836,0.5914966440936001,0.807351683271656,0.6612737501756971,0.6616755321911074,0.4965653848552498,0.23206230597542746,0.16921250280117453,0.44790802594074686,0.4955274066857218,0.5513858488324107,0.1787639094576909,0.5688138195249091,0.542359737577802,0.6063286144503812,0.1892190309797307,0.451502470817843,0.3043391386927271,0.402264962085653,0.5783028792122403
Parietal_Inf_L,0.16587967765383993,0.0789241225919281,0.027685476578282398,-0.06396451435196873,-0.019687388627703452,0.6090785958576544,-0.06831612380276006,0.05354906346662458,0.1924711932746379,-0.047072889620524895,0.19582297493822667,0.375218999103275,-0.04820293511501892,0.3939245085391119,0.5566192595900782,0.3831604513452996,0.3961631971033586,0.4102309755731229,0.5175738882503059,0.3994692527969932,0.38679583153017716,0.5095408069406863,0.1922141704688497,0.42976341188714895,0.5873754820655889,1.0,0.13770558553991777,-0.2784527790102745,0.19931730932391745,0.36196177361465726,0.47186523648177786,0.5622760085407331,0.430614786107913,-0.010428594007484072,0.3771576567953977,0.18245186280318068,0.32589027549792154,0.5729407722037504,0.7253639097924148,0.7655028226486301,0.7348554116610165,0.03418770889521067,0.05974148376882552,0.4790286169418935,0.5297497390464587,0.5552601393735267,0.2674461107230754,0.5867241291565558,0.30219693036155487,0.5643426572799546,0.3514232094720875,0.2674254178004844,0.3785850492140044,-0.011787628518604785,0.31237189383299246
Rectus_L,-0.009167503256212841,-0.021715719178239584,0.10990361841323651,-0.1136527328068259,0.007634955551831962,0.01690938448118507,0.10687513927591752,-0.06387296985095564,0.07111004523836817,-0.004570706318348585,0.21659961796863456,0.05421761690871202,-0.01604744762517559,0.2548597619979724,0.19396622753588091,0.115348708483002,0.1749246826899289,-0.0004380600226265211,0.132661804244065,0.22711576470507355,-0.14929208893906745,0.22718837710830886,0.11273946789014308,0.18230632755876905,0.002557183775034684,0.13770558553991777,1.0,0.004272716938344244,0.19309067970758198,0.19171314455776234,0.19503160378993947,0.15025542749264395,0.1215631005583076,0.14284169886908638,-0.020690171255047116,0.16598092374014153,0.08237756879744806,0.16606025146727182,-0.01977263597806317,0.16032368027050856,0.17575047951483183,-0.06906458275359298,0.16935080546248205,0.2855398571560115,0.3208385119793464,-0.0736036894162656,0.24111471667847068,0.20535517284675014,0.10810007724649788,0.20135122570525704,0.17956044181172354,0.010722401031299574,0.03011995012194541,-0.08407397697455625,-0.015447463847054145
OFClat_R,-0.19178308208444309,0.08627868699407241,0.6897101928031649,0.1457315712855749,0.023422574658918224,-0.27896197334433487,-0.058116375247881956,-0.1648160413371489,0.07944159154792015,0.268897672230517,-0.16554278646985,-0.08730914711777246,0.3681214121727563,-0.21335038813058657,-0.2718892092987608,-0.15335626220836862,-0.30421086923378665,-0.339308508112679,-0.15565038854114793,-0.04087994829862073,-0.24741638949170322,-0.08496334719417943,-0.11797347900772685,0.13212175714863578,-0.1887391667872672,-0.2784527790102745,0.004272716938344244,1.0,-0.07686662136088883,-0.1903373845179327,-0.12841027976849537,-0.28256672208657824,-0.25638515181333704,0.21194425069358197,-0.2555834619513258,-0.08087342507498169,-0.18400414162595585,-0.00848842366773079,-0.1417850821438715,-0.1916983434809428,-0.11565619781314036,-0.03291577301227379,0.050956043689329295,-0.18934275885507199,-0.16239007988908627,-0.31708524693478485,-0.0726871412857488,-0.3284348823467631,-0.2714425650189994,-0.03951587877323168,-0.12371231004914124,-0.3206927723686304,0.1011728833397585,0.10913650953516361,-0.28725729639342557
Insula_L,-0.08790964808514685,0.46670429736209157,0.3940758474359901,-0.2812818238074269,-0.21393277134352204,0.6179051596882917,0.5558935112809368,0.2956463910542739,0.31293170400832515,-0.054989940229113944,0.06499508761883395,0.8230932889423418,-0.1959142912787045,0.6645767166228084,0.38688751943667254,0.4433696567257899,0.39344255050572624,0.5598760587991688,0.7452549333148344,0.8152552186407013,0.4839414243867376,0.5347094333806789,0.5178242543284366,0.7021353879651115,0.5275644282083536,0.19931730932391745,0.19309067970758198,-0.07686662136088883,1.0,0.6111391740177203,0.5669917771645947,0.42140415360354366,0.5030393352087512,0.6772575091258556,0.3203603997902205,0.6821754753035049,0.45331017303512805,0.6946727028487805,0.34674509303465334,0.4233645169700421,0.29198333109006724,0.16746589239169102,0.32793852735041357,0.4764075607396668,0.5152272091480979,0.39575574828241145,0.20927656265102626,0.45631469895877863,0.6533871458496835,0.6283387576405557,0.2223018908882745,0.5933801885322946,0.46762160697509936,0.6006305338366095,0.5028244745374509
SN_pc_L,-0.04464605769776472,0.5213444054289686,0.31755673734380674,-0.16890566509074548,-0.2037808060920107,0.7319664517859251,0.3491814998078909,0.4736007954134482,-0.03155584396176354,-0.22809259513545457,0.47221695010800996,0.517626539389509,-0.1195612585608444,0.85487671496105,0.6382224534651326,0.8100017644660427,0.8411459061860986,0.7479109264575513,0.7194615395944465,0.5494273264636015,0.5669950772278189,0.47765140976162973,0.6141630628732193,0.5312278404993152,0.6552843643191384,0.36196177361465726,0.19171314455776234,-0.1903373845179327,0.6111391740177203,1.0,0.4837081950644028,0.6590605139285594,0.8037247281685336,0.3167744987365113,0.74991104962247,0.6352967205782922,0.8353097777174943,0.6003390673530575,0.35704036852378707,0.48471679315881705,0.45697922532272783,0.19773681205257473,0.16826808395035245,0.5036800545479144,0.5360131731256635,0.6035651021468397,0.20428358138001507,0.6547459255963625,0.6975835957564473,0.37654248407120233,0.22561381195238459,0.5625989080270395,0.24226752531276666,0.13088728644739253,0.5840285832828904
Cingulate_Post_L,0.035220660586115005,0.3151398313773462,0.18795515393872733,-0.041361445867684456,0.05462601528800664,0.6676430524247369,0.2476647831638416,0.1634577844441266,0.4367823593553913,-0.07655144546815344,0.05412367502120273,0.5918194618802056,-0.11703518105122598,0.5286768710829601,0.5530943857041788,0.4317744475634509,0.3887178361109532,0.34575632261880784,0.6572829642830618,0.7032597698718569,0.46926343624345157,0.6234061583390957,0.42382437529500994,0.6504434106667455,0.5167276027036003,0.47186523648177786,0.19503160378993947,-0.12841027976849537,0.5669917771645947,0.4837081950644028,1.0,0.40916650055182874,0.4121462185363811,0.38388955391457896,0.28103915043912725,0.32368190348090103,0.48054804330589673,0.6486691842077813,0.6145207527265872,0.5356844532065185,0.5759993987015624,0.0760653398604023,0.3258418245027472,0.4611731540750232,0.6698248573588248,0.4874743127731791,0.2084293166400113,0.42948014654308,0.4256112362113713,0.6915885057568485,0.45103236811118613,0.3472483599301632,0.43746949844006777,0.3799569521513756,0.44646778744979776
Cerebellum_6_R,0.04825610499810609,0.3522205584823214,0.15421264011822497,0.005208896397409793,-0.16542748099667118,0.7180856691177522,0.2952680316564642,0.4037180931309309,0.0694030929009194,-0.07974956544671684,0.4570725407397044,0.5042543611517332,-0.06659440437231352,0.7134155158201249,0.5182897853083488,0.5987893207202533,0.6606485386470945,0.6949129265259133,0.6525008694052775,0.5031271579582537,0.5116720091763352,0.3921357489053736,0.45428296291019854,0.5463830237500215,0.5508543259454076,0.5622760085407331,0.15025542749264395,-0.28256672208657824,0.42140415360354366,0.6590605139285594,0.40916650055182874,1.0,0.7108675860625666,0.21632659548122915,0.6874703382042706,0.376966009293446,0.641700185422829,0.5635510829577401,0.4052996674222881,0.6158948157323942,0.6262082968612985,0.040358478569501484,0.11557437132797072,0.5848471823506043,0.7510254069355575,0.6127174080350339,0.2791086387680921,0.9131092746803252,0.6955465335713583,0.4890395110070713,0.08669019933865445,0.549492082381963,0.5458961897577792,0.07684990959607148,0.5790966718570253
Hippocampus_L,0.09654582911600804,0.5569261333629568,0.2933039340469704,0.0010038791059825618,-0.07869170125390841,0.758545078460526,0.4625064521139489,0.6921678465574042,-0.19465462735176914,-0.1542106431767382,0.5996764225164245,0.5318081731995151,0.004941056021795457,0.8513526745091446,0.5640843024278993,0.7446273519739317,0.8560180549958811,0.72953021754088,0.7759005229682804,0.5498645388831832,0.494713065603699,0.3747392100936543,0.6904319968324734,0.5751077011520153,0.7186486497151721,0.430614786107913,0.1215631005583076,-0.25638515181333704,0.5030393352087512,0.8037247281685336,0.4121462185363811,0.7108675860625666,1.0,0.33453527769991614,0.8580309279463757,0.5344887820560557,0.8096267965043055,0.6457797974564397,0.45375811653989934,0.5245468034804573,0.4145347350808039,0.24640371861796706,0.17501029671647486,0.5082989584816106,0.5348419424626164,0.5473890291506317,0.15260675445769528,0.7512777693362229,0.585868150390115,0.4376751153673614,0.07121764933354306,0.3919783119555518,0.18169505626641416,0.17611920022172536,0.6697712876532179
Temporal_Pole_Sup_L,-0.08667996022909719,0.5255723798461714,0.40587073363422094,-0.004065669670780942,-0.04881983691277013,0.38509101571971527,0.6887870809868233,0.23608100928259504,0.18529341609387157,0.04909273020374789,-0.03060690343287184,0.577447905433481,-0.04323605600231528,0.4265677116746347,0.036958769682707185,0.19230745941768182,0.08960018044673668,0.22433943817011123,0.542115328861933,0.7059378015427307,0.21138943753580772,0.2012545326101029,0.3238988194610353,0.5544923408281723,0.318815681489154,-0.010428594007484072,0.14284169886908638,0.21194425069358197,0.6772575091258556,0.3167744987365113,0.38388955391457896,0.21632659548122915,0.33453527769991614,1.0,0.07745056904228147,0.3552546753385946,0.20864308078758947,0.5605594995752685,0.10780364414526987,0.2629692478469849,0.07201425286508278,0.09689476863494911,0.3742247437973339,0.38529330197989403,0.3471900295708362,0.10561918101758598,0.02233809330216219,0.17046027670259592,0.33437692641929423,0.5827008473553639,0.013305913494346039,0.21736545320040504,0.2805263850048034,0.7147634327091136,0.180375666814443
ParaHippocampal_R,-0.0541995863667582,0.5404993912953892,0.2839998508249287,-0.0539941808178203,-0.14968910932487972,0.665857702098311,0.35343059966858514,0.6447110006197443,-0.2526826467814581,-0.16025219655174686,0.6305974341526425,0.3909172722976279,-0.008317474698632067,0.7801847578181028,0.6118226326640445,0.7261448838799414,0.868253731028875,0.7038633927297575,0.6543097736088352,0.3013679234130344,0.5854182718565124,0.2252850831507263,0.5848857528796172,0.43211208470939677,0.6541227718593804,0.3771576567953977,-0.020690171255047116,-0.2555834619513258,0.3203603997902205,0.74991104962247,0.28103915043912725,0.6874703382042706,0.8580309279463757,0.07745056904228147,1.0,0.4121525094159432,0.8343395332344021,0.4946497605516747,0.34020792520125803,0.42140712065945873,0.3432859360275125,0.19126203044159493,0.034360561369638366,0.30296817235674006,0.39004356553925507,0.5661225036269226,0.14738390586730388,0.7000424409951953,0.6004094024160014,0.23007205723738633,-0.036593347186332434,0.48750693138952333,0.1511301051415011,0.023929159887935512,0.6682897824224672
Pallidum_L,0.05217384762325362,0.4649068939056334,0.36323127754321616,-0.38057008888818145,-0.23026763817153337,0.5328557963447269,0.3001128288257873,0.41303493375402284,0.06011449220838015,-0.15072488298106235,0.3137587701658321,0.5252974470066829,-0.23320592677678392,0.6198749778874494,0.23379364162563318,0.48141444109421366,0.5507359526547528,0.6030347954690236,0.5415856389020611,0.5032863153177806,0.290940897630797,0.5245529082938951,0.6844562808894402,0.42476131171022374,0.46993799353591836,0.18245186280318068,0.16598092374014153,-0.08087342507498169,0.6821754753035049,0.6352967205782922,0.32368190348090103,0.376966009293446,0.5344887820560557,0.3552546753385946,0.4121525094159432,1.0,0.4798401889550747,0.5003694357325753,0.24479883569814967,0.2778177750786765,0.23155871808608436,0.34240274418678424,0.20166059312756038,0.26227110543562177,0.3260851852042896,0.3128334562422584,0.22247162536737333,0.44407516216086806,0.6478290848057742,0.2275861908099847,0.3840067795687877,0.48927450652906906,0.2382653080949768,0.19631638633260656,0.40886198818492453
