,Frontal_Inf_Orb_2_R,Precentral_R,OFCant_R,ACC_sup_R,ParaHippocampal_R,Rectus_R,Occipital_Sup_L,Thal_MDl_L,Temporal_Pole_Mid_R,Cingulate_Post_L,OFCmed_L,Thal_LP_L,Putamen_R,Frontal_Med_Orb_L,Cerebellum_8_L,Vermis_8,Cerebellum_9_L,Precuneus_L,VTA_R,Thal_MGN_L,Occipital_Mid_L,Precuneus_R,Temporal_Mid_L,ACC_sup_L,Thal_MDm_L,Rolandic_Oper_L,Frontal_Inf_Oper_L,Thal_PuA_R,Vermis_4_5,ACC_sub_L,Thal_LGN_R,Temporal_Pole_Sup_R,Cerebellum_Crus2_R,Cerebellum_6_R,Occipital_Inf_R,Temporal_Mid_R,Cerebellum_6_L,OFClat_L,Caudate_R,Heschl_R,Frontal_Sup_Medial_L,Temporal_Inf_L,Fusiform_R,Red_N_L,Frontal_Inf_Tri_R,SN_pc_L,Frontal_Inf_Tri_L,Postcentral_R,Thal_PuL_L,Cerebellum_Crus1_R,Putamen_L,Calcarine_R,Thal_PuM_R,Hippocampus_L,Pallidum_L,Vermis_7,Thal_MGN_R,Raphe_M,ACC_sub_R,Red_N_R,Parietal_Inf_R,Lingual_R,Fusiform_L,Cuneus_L,Thal_PuL_R,Postcentral_L,Frontal_Sup_Medial_R,Thal_VA_L,Cerebellum_7b_L,Vermis_10,Supp_Motor_Area_L,OFCant_L,Parietal_Sup_L,ACC_pre_L,Cerebellum_4_5_R,Thal_VPL_L,N_Acc_L,Thal_PuI_R,Olfactory_R,Heschl_L,Cerebellum_10_L,Angular_L,Cerebellum_Crus1_L,OFCpost_L,Thal_LP_R,Cingulate_Mid_R,Olfactory_L,Angular_R,Temporal_Sup_R,ACC_pre_R,Paracentral_Lobule_L,Frontal_Sup_2_R,SN_pc_R,Frontal_Mid_2_L,N_Acc_R,SN_pr_L,LC_R,Temporal_Pole_Sup_L,Cerebellum_7b_R,Cingulate_Mid_L,Amygdala_L,Thal_LGN_L,Frontal_Sup_2_L,Paracentral_Lobule_R,Thal_PuI_L,Caudate_L,Frontal_Inf_Orb_2_L,Rectus_L,Cerebellum_Crus2_L,Insula_L,Thal_IL_R,Frontal_Mid_2_R,OFClat_R,Thal_MDl_R,Frontal_Inf_Oper_R,Frontal_Med_Orb_R,Vermis_9,Cerebellum_10_R,Cerebellum_8_R,SupraMarginal_R,Amygdala_R,Thal_AV_R,Thal_AV_L,Thal_VL_L,Thal_PuM_L,OFCmed_R,Precentral_L,Insula_R,Cuneus_R,Cerebellum_4_5_L,Raphe_D,SN_pr_R,Cerebellum_3_R,LC_L,Pallidum_R,Lingual_L,Rolandic_Oper_R,Occipital_Mid_R,Hippocampus_R,Vermis_6
Frontal_Inf_Orb_2_R,1.0,0.35071096004352964,0.3739980553778967,0.4110927594458379,0.2839998508249287,0.24141421809405947,0.0550474651205978,0.2069070574434138,0.3768636103129776,0.18795515393872733,0.19667698222963478,0.2740764964671021,0.4513534778500358,-0.15901520759320917,0.00033259526634858954,-0.030392548863437768,0.08377110433614358,0.22605428544255127,0.2471979133175284,-0.09092859347621006,0.01763931808003551,0.19586115011198557,-0.09410769771058804,0.3838417181481974,0.2282494954640283,0.30406112265925567,0.30548593878532576,0.12607732190652673,0.1131582982727637,0.030772531642493682,0.03487715849304507,0.38191113754668166,0.20810706107788693,0.15421264011822497,0.13382151718518526,0.29205078402619467,0.11809799931099414,0.24030715125824287,0.3787316117018602,0.3044789650369157,0.3212976995696821,0.4158754902854578,0.18065552848269137,0.32214418307037423,0.6395029517591158,0.31755673734380674,0.40289893935467885,0.2614049124505513,-0.22150354187673985,0.2777376186083047,0.41796259894990007,0.23528736833954053,0.05893197401889333,0.2933039340469704,0.36323127754321616,-0.1048263875734079,0.08799073454854425,0.16690026481316347,-0.13453050548640377,0.19779729229966989,0.1255190011073276,0.2073798615446875,0.06495423842951098,0.03577471011567882,0.09976162037779622,0.15625312930576077,0.3393214492902978,0.26801785389500604,0.15000263188559063,0.01738153804202239,0.32037185486443676,0.20651872958171497,0.03439865401948135,0.39495482697067386,0.17632728463340236,0.28669137901898367,0.3018973656396359,0.07340543669792209,0.03371672352848103,0.3552993820466414,0.420597743712094,-0.22894309157456968,0.05172821460070056,0.41756776820731056,0.21109968614623034,0.1332649137500858,0.25677747211494745,0.0927943800567173,0.43058322834799095,0.3798144363028334,0.21622194888512294,0.3551894809756114,0.24360929353925545,0.44624841021941514,0.3567816870564883,0.27506762489122644,-0.03276946043104811,0.40587073363422094,-0.04335084300885666,0.12266360160469052,-0.12499584583678607,0.10753758081247489,0.378826585610594,0.15943419787770724,0.18267546620851224,0.23295275060478332,0.5391043264618106,0.10990361841323651,-0.18103270792874726,0.3940758474359901,0.3299964060703412,0.5630657011274524,0.6897101928031649,0.3737103746549536,0.3802032201076064,-0.17330386554094546,-0.16423431425620255,0.49476077741061264,0.32970549195627796,0.10785945711053846,-0.10895340259102312,0.2777399118662837,0.2285340455824175,0.1993593461459217,0.21951074240182042,0.20800620875107675,0.31560163495310756,0.43546305073966335,0.07700181169827476,0.0904797329506841,-0.08050103709639542,0.27356135675973253,0.14606397276219255,-0.0798739270710545,0.28162747659736753,0.27883212241144023,0.3965804442311722,0.05495946466837717,0.41553205389194564,0.22667593849627662
Precentral_R,0.35071096004352964,1.0,0.09763129241811282,0.6836107582740379,0.17766424501711678,0.3570713747409603,0.6126862748891629,0.504733478381782,0.04448909780658021,0.7054938859505702,0.37018369008049345,0.43199676784223434,0.48965815907220767,-0.08808297522428925,0.2601593427779836,0.16867437869171015,0.5389041179140691,0.8214006113321468,0.24356567976372717,0.24321699804528377,0.3885468927148158,0.8366522793134178,0.3459029728525365,0.6159235849182617,0.42311348897655227,0.7224474277905153,0.8275869953265006,0.41047400653894456,0.6716877298939556,0.09055017746366688,0.4367558623783522,0.25182485759860007,0.0031354626760871284,0.4533172841872112,0.20246431192110464,0.6186541028258844,0.3869862962037173,-0.38442366185749044,0.5916945462166702,0.4143420589527567,0.7460961763996548,0.21406894062094917,0.496107362943896,0.32576062331873795,0.8199816253817541,0.3714334967575521,0.7838524905317303,0.8860299373898113,-0.042085923810035154,0.3807113351151485,0.474101298809331,0.6347583406579096,0.45801369792855484,0.38718579653992685,0.24462673082125908,0.004282140446031074,0.39302238618578594,0.5063395630939623,-0.02338101992817861,0.19715542821755414,0.6295818539414764,0.6893298639965381,0.309908403393893,0.4202788340693161,0.4100894503662273,0.7898438804019549,0.683809138270707,0.40749005531965726,0.08691958275583973,0.5262703545212072,0.9490911713625166,0.33796000305476503,0.46295149219892057,0.47357763395609204,0.5981700386113962,0.5589673987794186,0.11548958961407838,0.38955472495595134,-0.0013912117842906947,0.5311980083426769,0.2708783803819358,0.26940750053988727,0.19189610367179613,0.4075111634407178,0.3590496834911868,0.7891458245244213,0.0984538585401519,0.5393613568264204,0.7492219971641233,0.6314631872122629,0.8940469146830711,0.6006285641385436,0.4299950993067281,0.7175616527150475,0.2946612938425906,0.4043287024527374,-0.01737406396090547,0.516835433351531,-0.14122929818188315,0.623051210055422,0.1492053946240158,0.26365671703901866,0.6349445239303577,0.8317615425215874,0.31486236021666764,0.3591753796140981,0.40775416187680985,0.1762119248369157,0.009881516471203498,0.6418664454427223,0.28723463155813517,0.8155319469622646,-0.012393754794526911,0.5591130846996838,0.8771061385902117,0.012135365773453984,0.29237722954725026,0.4640979307916221,0.3445779204880865,0.6790217653168252,-0.1360280714901628,0.37613790843916134,0.4419070848188191,0.4957271539388778,0.7017535979669298,0.03436056497251219,0.9541868410468705,0.769334152188352,0.4253485103753509,0.456609621691198,0.2503568446491622,0.4593225809122051,0.4432828584576837,0.1443471940008279,0.3988281537111581,0.6382978753776015,0.7825718545372983,0.38669280762890473,0.39519868887511217,0.6467226753015568
OFCant_R,0.3739980553778967,0.09763129241811282,1.0,0.4501885663386368,0.7295441746234794,0.321421474591642,-0.00852390461523276,0.4661142285016595,0.05554926761455706,0.10020946309441778,0.04503666100084426,0.29036143874894443,0.6868057669071542,-0.32985022225775906,0.2209049272375971,0.06760046253826746,0.2945052278706472,0.07395120829698591,0.7378717176030529,0.019307107251036067,-0.03062792315559702,0.0842244882832478,0.011000833221919816,0.507487281282258,0.38009602829031464,0.04905853631965535,0.09672499977612606,0.1124747265186288,0.2308418368888507,0.12651172868674831,0.2367780926333938,-0.1940889866574456,-0.03216694950977652,0.4623930519993388,0.16773603380991825,0.037744641163254086,0.5918295771470894,0.06446561156699207,0.574109450459921,0.315871860319406,0.5231361783282792,-0.1221756569247537,0.44261865303307724,0.6138135348899647,0.2947845079338522,0.651712653097137,0.2840654710372075,0.13031444729883768,-0.25852155266481675,0.15633738400496877,0.6907534507745227,0.04018012135403792,0.10086492514694542,0.6961088945476652,0.514874358104869,-0.24135821399387483,0.34268566257135585,0.17020168130108923,-0.20351661066989862,0.5267980057292573,0.1891014300284614,0.2561748327810539,0.5981927308952947,-0.08665391496108453,-0.23406689767636693,-0.01559864675413846,0.5761142192773118,0.5033214957601333,0.2510903490850125,0.23205969389447811,0.10201489636439531,-0.11594883751353594,0.05975859687802641,0.29998799018676464,0.47044095787767026,0.36709119474595175,0.6953061639910193,0.1856359783016924,-0.07696688692838198,0.19377278136921752,0.4366089152462919,-0.03073588403222732,0.2989557114878091,0.4382795764851806,0.21725736594773332,0.11587592994895292,0.5632147329667464,0.09698082982181216,0.256407382085488,0.1905876491911725,0.0940357289464741,0.6305311732960948,0.6090077180680573,0.5504830463930769,0.6997671367479052,0.6514895496000789,0.12779197795657807,0.18262706454381605,-0.07373921170210862,0.10261119628332312,-0.502872116465681,0.23348001082407868,0.634862461477825,0.08669216305002625,0.1995831581409462,0.47746954747438325,0.60772506289564,-0.03071639881747428,0.05842158001560195,0.34650087744641683,0.5192017233476726,0.4647347066858,-0.15023734006465814,0.4322864946450911,0.20324028734038138,-0.05657607669155423,0.22142294790742073,0.5080700975265889,0.30885170235519277,0.07769415685381935,0.11683149144771347,0.5967583198356575,0.645434396430592,0.2564878920359174,0.08338567475840859,0.34634025320349004,0.05576832162979598,0.39108040377220465,0.08611951368458208,0.4697317241282429,-0.05325394139488263,0.5872199586935624,0.3107732456124914,-0.512793944180732,0.5119740157893458,0.23014929653104196,0.14819555435582563,-0.09135247689888383,0.7027124519591926,0.16201134822897154
ACC_sup_R,0.4110927594458379,0.6836107582740379,0.4501885663386368,1.0,0.45251534733812915,0.32487029397050016,0.3241220694364331,0.5675751043347601,0.03593429551465033,0.5949290113707433,0.28351498824617477,0.5380808389886159,0.7056080977719902,-0.21873865315382718,0.1660095729258178,0.06574884833231222,0.4702540227140252,0.5459362180287329,0.4491145115883209,0.1362663694577676,0.22755580586553148,0.5739383552156073,0.2365351163660237,0.9463953206473188,0.5361629252968904,0.5998255331841189,0.6014956183695076,0.3777644346230958,0.5598791533165124,0.12433208036238162,0.4292862509895428,0.23416963807191546,-0.11844947783720164,0.43932646679737564,0.19789856790269145,0.46021838200489884,0.48826427153160734,-0.24379322664577419,0.7514517028637231,0.5368300054161903,0.8136145114711532,0.17137468459671917,0.48369084766791337,0.5438895596465795,0.7176538223257336,0.5531402473513931,0.7180044263674764,0.5969669083128657,-0.0716360671670259,0.35688755315751497,0.692344967925337,0.5196871600573406,0.4327112339903636,0.5242113484502273,0.4574917943834263,-0.181954537762989,0.4837849995150761,0.552011025627411,-0.17612529186355916,0.382846544825469,0.5009803485588064,0.5859819291912112,0.42498530136815044,0.16357519119794936,0.19209915338456693,0.39248119211394333,0.8114585522576334,0.5404907042828277,0.14346693504740723,0.46228124701673984,0.7141184373310253,0.30778372034166357,0.18905694199416992,0.6234662091208424,0.6651221561002881,0.6117218161461772,0.3739202029468367,0.35447742236273844,0.047379477504747865,0.585080616113815,0.4725437263631702,0.16229171958036076,0.3354082958287114,0.5053667257721954,0.5238002765608188,0.632377238973797,0.2757637306054206,0.38557372889076563,0.7220786540845969,0.7219601918808877,0.5323153487067158,0.7296724246228798,0.5479313239207778,0.8341547734533099,0.4633398533316859,0.564748560202901,-0.0006128427793597157,0.5278506428495859,-0.24541264667470375,0.45797245148217436,-0.0001285376794989306,0.19756147430458018,0.7484282997137043,0.5237311955393702,0.28803937006794694,0.5441860967162749,0.5895053756139566,0.06551857905256465,-0.011209985512360724,0.6960559971033125,0.5200439334436467,0.8310149975004604,-0.08136064246731527,0.6904128518108822,0.7215220449343609,-0.03175123882050799,0.24290655957442264,0.6320119710764461,0.23214513039151025,0.5821496672547588,-0.06598479844168909,0.5873588074184287,0.5826649876758697,0.5142196245642351,0.5433643015000571,0.23706198204756782,0.6264531045761175,0.8180891756047195,0.3512410869768151,0.5308871326863462,0.21745938922612304,0.5601623207118481,0.47596700772298056,-0.03684603405897383,0.5985436062222034,0.5110031725756646,0.6930129558306468,0.15827229218812872,0.5526734465070477,0.5708732889254182
ParaHippocampal_R,0.2839998508249287,0.17766424501711678,0.7295441746234794,0.45251534733812915,1.0,0.16467856642748457,0.09223023527298382,0.6531635289889273,-0.009004406848667547,0.28103915043912725,0.034360561369638366,0.30615797641242265,0.7722529850414811,-0.2519263847119773,0.17496375659634356,0.028667637812221237,0.4432895232183681,0.17168936471991253,0.868253731028875,0.23134085816872374,0.16725870624182698,0.21560840662650008,-0.02695110340103711,0.5328968010063604,0.5854182718565124,0.04017061360908796,0.23445697657976677,0.21918333779145058,0.44775302875825246,-0.01645834105038485,0.5661225036269226,-0.3666556328370304,-0.008317474698632067,0.6874703382042706,0.14738390586730388,0.1511301051415011,0.7060210125251635,-0.08826677986490947,0.6765744426114819,0.2545098896808891,0.562458056391195,-0.2056281116492122,0.7000424409951953,0.8343395332344021,0.43211208470939677,0.74991104962247,0.3013679234130344,0.2849679123049775,-0.1240518421784169,0.26936586886842084,0.7801847578181028,-0.02367677194588155,0.2667907331517841,0.8580309279463757,0.4121525094159432,-0.14968910932487972,0.645601593637148,0.2677133060958224,-0.0539941808178203,0.5499979751845421,0.42140712065945873,0.39004356553925507,0.746841537155468,-0.16811351095762794,-0.2526826467814581,0.13684041407524028,0.5962546335776764,0.6682897824224672,0.17016716778784283,0.30296817235674006,0.23007205723738633,-0.2868768629027049,0.28804543642762104,0.14702164896699843,0.6792755119316481,0.4288671484311713,0.731097836401832,0.2781695677917991,-0.2156752340754882,0.15075366266657123,0.5404993912953892,0.2643015116555402,0.2510925916434619,0.35343059966858514,0.32744165047099066,0.3851352117716524,0.6447110006197443,0.3432859360275125,0.4232579415569131,0.023929159887935512,0.22636803394401994,0.6541227718593804,0.7908956954221928,0.6543097736088352,0.6519118337470179,0.7701263606869775,0.3491675246206585,0.07745056904228147,-0.1279510140686647,0.34020792520125803,-0.5814944426582893,0.13302106022529236,0.663687910014115,0.2528209181954721,0.10425905061729249,0.5386824508107549,0.4795454365271294,-0.020690171255047116,-0.0541995863667582,0.3203603997902205,0.5848857528796172,0.4946497605516747,-0.2555834619513258,0.5209249588274099,0.35296727137857986,-0.008793908189336586,0.45997484643414727,0.5046280631107078,0.3526547926694018,0.4027347796316399,0.4116897832984358,0.733063359798348,0.7780766764866885,0.30839994185214414,0.16057001263705498,0.19126203044159493,0.14957428345021712,0.3909172722976279,0.11036473114683942,0.7190658215337995,-0.036593347186332434,0.8107681398819844,0.6118226326640445,-0.5747648138770324,0.6004094024160014,0.15089489826963692,0.2075458519322627,0.003703538419628793,0.8521541266689627,0.25257607171759733
Rectus_R,0.24141421809405947,0.3570713747409603,0.321421474591642,0.32487029397050016,0.16467856642748457,1.0,0.22102814105623583,0.3892875992633508,0.07760973652503893,0.36959752703033355,0.3000153446911145,0.08092555924439553,0.3469612463885548,-0.012279021067742648,0.10479882611642985,0.29600231853866216,0.19116801835473193,0.30055593966781136,0.3209809102092658,-0.1389753791281057,0.11801476705068135,0.3097767590833912,0.17363478587652686,0.2940902742004061,-0.07928475755426624,0.3201066913024408,0.34195373053800127,-0.29760247178933114,0.25958958075404454,0.2855173192983603,0.021035400345563983,0.026376625174710146,0.12232817662822264,0.20747111599701362,0.19552829967353533,0.24360443973262239,0.28418489071421055,-0.19896007593845666,0.313808547661968,0.21358437098676647,0.44118486546005803,-0.08561932394723347,0.3211165402814874,0.25676732506502215,0.36136058091251205,0.3280017032548029,0.35538043239129385,0.33974950099034734,-0.24589480355868684,0.1832377181411374,0.36516242907863716,0.26549824113084464,-0.05571129205537198,0.40114631742381135,0.37702606776354725,0.04561613699348297,0.17409706843574804,0.3351188369938896,-0.0012897897454928742,0.0017359406447711061,0.2801336610379966,0.31243175240798754,0.23420273968697017,0.15177896054671666,-0.09501335430244721,0.16691721154301553,0.3978467119654747,0.23916423232375383,0.39588134651660783,0.3248406208357757,0.3407992621090287,0.0769858979842602,0.09414354040304104,0.09912789551110669,0.30135602058307326,0.4566391552252786,0.30961666668170024,0.003146660858965517,0.23944561731314953,0.3543697137536473,0.26709129763365136,0.012308301064340428,0.1507145489509142,0.2947740773890941,-0.12489346356787015,0.33688746942622516,0.382931417111729,0.27940371535515157,0.37663988195196296,0.231074991729462,0.25254524887460006,0.34369624564003615,0.3888047083041344,0.43347537232679295,0.3200405505518853,0.3296200683257426,-0.07389039939397957,0.29087311823306516,-0.18360555078103385,0.23692848601349062,-0.19508125793312803,0.555716628801356,0.39394118720482624,0.23606539545077584,0.5282297302403511,0.24384259949699133,0.26239975958293377,0.2591348183206266,0.07572436282285937,0.35754401647682754,0.3966532252791133,0.380760873049082,0.03019726483672363,0.25311946909815064,0.4127480009107094,-0.17039588362289673,0.12034173169430983,0.27915913477591203,0.07092957409659241,0.30097523512523444,-0.209276484097297,0.2221637670208386,0.37252427223265994,0.29971480835652775,0.15152613095739123,0.3056249566983332,0.2721348869792548,0.3773150215329311,0.07125623888874347,0.2625078481419938,0.22017923492810326,0.3748739672168409,0.17899956179119086,-0.014945090984515654,0.10972128552905631,0.28566223518265754,0.32554340303372375,0.17750512750304534,0.34406821744797444,0.3224184781418362
Occipital_Sup_L,0.0550474651205978,0.6126862748891629,-0.00852390461523276,0.3241220694364331,0.09223023527298382,0.22102814105623583,1.0,0.3263969265290906,-0.20117440436885867,0.5019963742010823,0.23623316711079292,0.19108821986982127,0.21492469009584594,0.03634446635401988,0.43381353750242674,0.284957856800539,0.482916970876347,0.8324529997715506,0.12753634008209583,0.10256892885629564,0.6938286639795166,0.7645144693624933,0.5496352255022091,0.2881986176343654,0.19569199920567001,0.5206242087836624,0.5258693075692173,0.2775785643241279,0.6694002648549714,-0.01428471513162505,0.32847533598283546,0.014256157904724318,0.1335403358174184,0.5055810431442779,0.13913174820554028,0.6189967294680218,0.4098161932434872,-0.2589922044694787,0.216296962332972,0.0056043037820342305,0.34263584270737546,0.061576981768352086,0.41259048686835803,0.1951755953176721,0.41183075505310723,0.2323518111771035,0.4282394664546191,0.7425906257685231,0.17699509545572178,0.1459848148976541,0.22198692686621074,0.5997338591875299,0.45260769843016785,0.2532148432187946,0.0668327323574263,0.0038256934458866434,0.29144788665295307,0.314181436619364,0.09251515398817758,0.030288915189116264,0.5997720592271325,0.6670546988504674,0.41629908298797336,0.791183386894232,0.47986605157352763,0.690034648130357,0.294969273339951,0.14148532894125793,0.17702672255939425,0.5886771597844322,0.5873469495284497,0.01677104992469587,0.6463662537116538,0.0647493842463269,0.5076677691913166,0.389398899387225,-0.08107903066097859,0.29015284099917654,0.017693387671946996,0.27433293690678684,0.017659918289563818,0.557748037644968,0.2179734282752896,-0.022980568477022623,0.2671556382778196,0.5061701640667835,-0.01461509582873745,0.757689208978628,0.43252032843490995,0.16277597237722752,0.6687035875554439,0.34503654028046027,0.27876779512380256,0.379730668386728,0.07241562095670304,0.3170239429297484,-0.012287019667827883,0.25449808275097857,0.08861605102805548,0.49262972500297714,0.10374251058161724,0.2650867204238338,0.378705032178728,0.6797658948760952,0.3022847288194605,0.1169805193177653,0.1888481411115941,0.14409568276657797,0.20497021547930985,0.28442190482591007,0.07621826884086064,0.4193743281227518,-0.022741785309859566,0.2383065611213061,0.5357273727440809,-0.04220351258993719,0.4932334078517144,0.17976084274497028,0.3902228591320056,0.567220155600251,-0.09089340157417287,0.15904543330259546,0.20861034413010615,0.28028291738262623,0.6020740732843837,-0.12251722086272263,0.6325531246602519,0.3160320939188977,0.5206674900054311,0.5052085087182431,0.28879279718295736,0.29384586624233766,0.2870882644300726,0.07263783441858815,0.1811120225253981,0.6635071301669854,0.48860828033747855,0.8078195751760671,0.24711277450575736,0.5122117696839893
Thal_MDl_L,0.2069070574434138,0.504733478381782,0.4661142285016595,0.5675751043347601,0.6531635289889273,0.3892875992633508,0.3263969265290906,1.0,-0.06512192960164032,0.5834826260911613,0.07581795169623044,0.4876526539299661,0.7450669996923891,-0.23526896140324277,0.2882395704446895,0.16879991240342648,0.5144138178911722,0.43123245582097575,0.7366258947281124,-0.0614305935118928,0.3794023125453518,0.5240632166819355,0.1656941835666711,0.5864002811970345,0.49999551572139295,0.32907251927335407,0.5643439746327051,0.17025233320560365,0.6828981815209205,0.30933761028103873,0.49133308417308785,-0.29276993919504307,-0.11009553493678174,0.6709813124491717,0.25737558170733416,0.3059199814143141,0.7087589522969443,-0.38247152357734143,0.8064640252516747,0.26378887338441553,0.6826800260884917,-0.083358599566614,0.7612093757871619,0.7093187253297644,0.6349115879544506,0.6599320945937989,0.5476335292381397,0.5057364146848454,-0.07903009258132758,0.22636930841665978,0.742549016825497,0.19084791833980982,0.4960932763410066,0.7444890986490383,0.4881836343054524,-0.03964465613957552,0.6791473161836308,0.4794682164935761,-0.041830517416466456,0.5056741463855482,0.4985916337398195,0.6443841482581546,0.7056504225333834,0.06034721183914509,-0.02377417051576014,0.4067830195934484,0.6649099426690134,0.7620896729187415,0.3600918125764354,0.3882066715097723,0.5000124457950011,-0.17759163247133558,0.37986159923624746,0.17959324692437414,0.7605845478249299,0.8139219644957925,0.5010086037686102,0.4361234078976687,-0.12852102946605298,0.2365290940451404,0.32320995125825946,0.4223561053933134,0.16589237143001329,0.31326162883262226,0.40640103443912357,0.6174224871346682,0.5732998327372619,0.5124129416738392,0.5642542969712918,0.1439696200713027,0.5615932110294718,0.6081822576968069,0.742622991280537,0.7194198703235555,0.6550134647817825,0.7738346115604127,0.08516973702432253,0.13399129086112557,-0.27888258654607045,0.4903857563445454,-0.5156923519060916,0.43989797890000853,0.6120093029334988,0.5624377111701652,0.48504444747652087,0.6180371969642532,0.3512706006148671,0.20038011486799645,0.15956992069662165,0.4674406670833526,0.714747470697115,0.6347148964014808,-0.3294325436136174,0.6542196696735004,0.6481905603650143,-0.12335524108373748,0.4308294892852975,0.3541966658361059,0.3503840706478879,0.5906045461355449,0.047556548887772755,0.7767010404162131,0.8274503140095286,0.7526328233075797,0.4067579134025326,0.2398038500637544,0.4683090251637783,0.5803912937272175,0.1818055400226677,0.7179247129188013,0.37204552094010973,0.7763814383326244,0.5490333886863864,-0.3313876342478546,0.6108591479560853,0.3953225262889572,0.4633291926560897,0.19615231602295574,0.6886481507265421,0.5086063691337558
Temporal_Pole_Mid_R,0.3768636103129776,0.04448909780658021,0.05554926761455706,0.03593429551465033,-0.009004406848667547,0.07760973652503893,-0.20117440436885867,-0.06512192960164032,1.0,-0.050446670987927655,-0.012525341971677198,-0.06567241394444179,0.07907360738242608,-0.08812007129802578,0.016659020700571733,0.05130009300124945,-0.08008002652133096,-0.12560746934660094,0.008151924710745594,0.04298840651037881,-0.1396475846069531,-0.07253843908542025,0.018844595727245672,0.01909892644429133,-0.03342682896998555,0.12059059718548847,0.08878489488411935,-0.04590354683554696,-0.08470578275676056,-0.09761081019537944,-0.13819818644104784,0.22626584785378012,0.002094362729352495,-0.0213394966819041,0.012865433283397426,-0.17726751344358443,0.027000641330092327,0.11464516454810442,0.13052828777815062,0.0200414836367909,0.11838210790262507,0.5382671386777432,-0.035859471284997085,-0.03366773212038237,0.19969340578172462,0.08596714932884632,0.23432928687187138,-0.06770383399945912,-0.23239060090456967,0.20043982046433126,0.15340070377339945,-0.03206378869375413,-0.1578047566546211,0.10827780112613897,0.063803575230015,0.02299401478469356,-0.13119812869781988,0.0896330590140145,0.06353690820428652,0.01273125099954624,-0.06765667601945641,-0.05783183229699703,0.009492541726051126,-0.1856570424129907,0.004216091888071887,-0.17785534197899067,0.09188865838617091,0.02700804217079232,-0.0076681502980521085,0.0952275474285407,0.10165138088127092,0.2878426703519176,-0.29389131908715993,0.18211861842076962,-0.044937563877199826,-0.016246809918965724,0.044769296700822865,-0.15408393955973024,0.022912497445923524,0.1427992766305289,0.02719172583100479,-0.24086112031827897,0.14703307119260434,0.33495788341819355,-0.08157627197783114,-0.03853536425522248,0.14325527238529848,-0.25720524825874735,-0.08889998025833389,0.12586339073095734,-0.08129670019793947,0.00617204204470147,-0.01653211337630508,0.09617343790012182,0.10243373313718042,-0.00602892793184591,-0.04156090608974181,0.37365735107187376,0.21451677486528836,-0.14991884855085671,0.04884975666464536,0.03683246232150398,-0.030093809785551887,-0.05978140104514265,0.048275716734737004,0.09124876320502322,0.2999859246670195,0.2799124385333569,0.03206762228413474,0.19838543178194962,0.03548420553870871,0.08973058572179017,0.3805940977080185,0.0508179955677297,0.02359809890697683,0.10139773908007783,-0.08532107940841263,0.06531590504587807,0.22102824319977704,-0.15673464632703715,-0.041399633898012496,-0.007798697971545308,0.0013057157701762002,-0.002864096876679384,0.013849626338221054,-0.03224216915904066,0.021167014390921057,0.11224132676745205,-0.06387100984523048,-0.12252652508911802,-0.08639372876876722,0.020141103237667515,-0.12518973732788408,-0.10664953898505335,0.04564197409217605,0.006163548503833152,-0.07977808217558148,-0.26717238493488754,-0.01681299666676547,0.06838526401109753
Cingulate_Post_L,0.18795515393872733,0.7054938859505702,0.10020946309441778,0.5949290113707433,0.28103915043912725,0.36959752703033355,0.5019963742010823,0.5834826260911613,-0.050446670987927655,1.0,0.3258418245027472,0.4595133720196248,0.5282818261880055,-0.07004247605454347,0.15255834336921623,0.010881886970859433,0.3932810821623858,0.7187417379281948,0.3887178361109532,0.04155928699531583,0.37977561665943976,0.7027170116973652,0.31162128047046556,0.5587183240156571,0.46926343624345157,0.659033044815656,0.7069448776807111,0.3096192080335527,0.6500356277551462,0.08331772244621087,0.4874743127731791,0.03246162422146376,-0.11703518105122598,0.40916650055182874,0.2084293166400113,0.43746949844006777,0.42365166925845527,-0.39042777844983473,0.5633470664445875,0.31329779374482497,0.6612426729133104,0.07823948712218248,0.42948014654308,0.48054804330589673,0.6504434106667455,0.4837081950644028,0.7032597698718569,0.6551392802121367,0.04302998388997392,0.26119478626564274,0.5286768710829601,0.58258510676198,0.5538260810206985,0.4121462185363811,0.32368190348090103,0.05462601528800664,0.5467034373170957,0.5686982294730758,-0.041361445867684456,0.26119610802866927,0.5356844532065185,0.6698248573588248,0.36065940957391524,0.40469636340103765,0.4367823593553913,0.5260956017315763,0.6178471142314709,0.44646778744979776,0.2797922306638115,0.4611731540750232,0.6915885057568485,0.1261949978544334,0.3218169281920903,0.3177307802338362,0.636956303700523,0.6615683449983192,0.1000483962731591,0.37324741534212824,-0.04534133667705319,0.5140647605990251,0.3151398313773462,0.36473530023161393,0.19151271025246766,0.2476647831638416,0.29642746908672224,0.7732814919684989,0.1634577844441266,0.5759993987015624,0.6026616517721105,0.3799569521513756,0.6404357695412839,0.5167276027036003,0.5574281697641764,0.6572829642830618,0.23176833949858197,0.5289902804218056,-0.028903909955503654,0.38388955391457896,-0.3119048025246899,0.6145207527265872,-0.020946640303072583,0.37033040703791165,0.5495300784517583,0.5817794650712779,0.4400796878975128,0.4694965348108635,0.3438478965676308,0.19503160378993947,0.035220660586115005,0.5669917771645947,0.42382437529500994,0.6486691842077813,-0.12841027976849537,0.5771081474344822,0.7449509681524643,-0.05594378490817298,0.2775166332292083,0.36112984378637814,0.15076928716492097,0.6993376501223059,-0.09656092789201083,0.4408581171582387,0.497283047985485,0.5382776133348547,0.7158869158933923,0.0760653398604023,0.6583448089157327,0.5918194618802056,0.39438049095546085,0.5334069499023159,0.45103236811118613,0.566547020923438,0.5530943857041788,0.10054012374802151,0.4256112362113713,0.5727603190290633,0.6385890934135464,0.3865008822518374,0.46807310566621824,0.575625992732838
OFCmed_L,0.19667698222963478,0.37018369008049345,0.04503666100084426,0.28351498824617477,0.034360561369638366,0.3000153446911145,0.23623316711079292,0.07581795169623044,-0.012525341971677198,0.3258418245027472,1.0,0.2237358125534919,0.2380672669429116,0.03742620054843846,0.05251109448203289,0.037735736052505235,0.20036750839900697,0.3504763377066342,0.07674515281445934,0.020981203382627652,0.018361883035088726,0.3787347767027278,0.17092999471127693,0.23450807048191585,0.03785401487422993,0.41250936618507783,0.29050504363534174,-0.04810252263839167,0.2362521906588984,0.04878096818366972,0.11358799571880233,0.16214465235045414,0.04900236307023401,0.11557437132797072,0.0566583504059043,0.2854456585029534,0.12981429166426514,-0.24630630776682025,0.18381228416294762,0.13797670253392574,0.2380870863013506,-0.0309838572003033,0.14425043726494718,0.19776186095411696,0.3098826802412013,0.16826808395035245,0.33736094921094445,0.352347915776911,-0.19217655023624777,0.18494825864512707,0.24663084674571428,0.4271077199265827,0.07710379451772557,0.17501029671647486,0.20166059312756038,0.027282782091002215,0.04408867870233306,0.2870998522344518,-0.11021566427198586,-0.1988059170376538,0.21086938964164165,0.2835084092441895,0.07283621091933043,0.18514740054113776,0.133055703700275,0.14714118821733657,0.24340680230346565,0.04104232329411182,-0.006736013369979906,0.25861389792943373,0.3527339523372452,0.2626333318688592,0.018330653000403586,0.16048168273662608,0.1857254720257988,0.09532125192947408,0.18677794234058026,-0.10914501883907592,0.00513317480977629,0.44139026299075423,0.23892760407275238,-0.1627013885536327,0.21661325977996196,0.2934051176457768,0.02632073337357571,0.2008085278323383,0.0679703648302355,0.2008508665641006,0.3547009767853813,0.3518312026441801,0.23933766081813512,0.16921250280117453,0.17543475099710237,0.3022351790932016,0.07215872199680742,0.1439725508551361,-0.10778819588851174,0.3742247437973339,-0.16609786084242076,0.062272242252207254,0.03453491608985932,0.14443559539964246,0.21274204096789565,0.2934090886837805,0.0705993860933098,0.10452631193440162,0.22360768455202515,0.16935080546248205,-0.12709426578562968,0.32793852735041357,0.16380437067444342,0.33214482051872657,0.050956043689329295,0.13359526273748282,0.29830669914479113,0.05568096687850088,0.08799440128102225,0.2892112451147691,0.02479622739770413,0.2542004632003529,-0.050261435036889617,0.046100437757950474,0.14401239673578276,-0.012663620203901955,0.27709205106948115,-0.013378382044040713,0.2904131320104918,0.29957262467832946,0.24802743823068651,0.14670360679392466,0.02108499152547282,0.15684963751296804,0.15914146566287235,0.17359748253317167,0.13297375114945284,0.34004021273361584,0.3545586406154872,0.21858165681835703,0.17323781020257523,0.32702106052606195
Thal_LP_L,0.2740764964671021,0.43199676784223434,0.29036143874894443,0.5380808389886159,0.30615797641242265,0.08092555924439553,0.19108821986982127,0.4876526539299661,-0.06567241394444179,0.4595133720196248,0.2237358125534919,1.0,0.6054379072778905,-0.1792365987037671,0.23834484927872052,-0.0444600080350608,0.4029282236127106,0.37467075163441066,0.4098755264306917,-0.15058591530649065,0.3061878768444437,0.4339840359065643,0.20326045576687993,0.5360439205205585,0.5252264472438718,0.5019661976263657,0.49428674401927364,0.4338028064807918,0.48400306874989557,0.30730901118761944,0.410200189007904,-0.01659169260831048,-0.34110030595262464,0.384040398402583,0.21774518267826365,0.27073968027022494,0.442357098858192,-0.17363573618307143,0.6633891848134535,0.3245239038360495,0.4496270173936421,0.1764281969983562,0.372834560721893,0.40941234656336734,0.4641090046835424,0.5269095423526599,0.5380472171786861,0.39941570682793465,0.07960424859773244,0.11603011891665732,0.5856314326946997,0.27620878853115405,0.6633746003152543,0.3425620535628158,0.570546995819802,-0.2817185089988652,0.2949086395032752,0.4245507534005539,-0.3694786461363424,0.48825232911555805,0.39512494506118945,0.48197863682100534,0.4077504566045149,0.11267284696063216,0.28690544122094763,0.3123559650093562,0.46267659922202703,0.4286926040772769,0.1748360478872445,0.26788836302260033,0.45350015992117226,-0.10672792123345878,0.2099285999910622,0.4258754996632591,0.5724506716732254,0.532977861174453,0.3129023663410725,0.4484002714675617,-0.37875161779260486,0.5285717003826622,0.3745040425720547,0.1431343210504301,0.26542088047672563,0.24296133660383623,0.6220734664079532,0.3915832611982799,0.04513161564415823,0.3511177861269945,0.42552187008275855,0.2556706655243913,0.40651578999760324,0.4831667407827512,0.3482826898854471,0.5453644982215095,0.4545612200758673,0.536749730374207,-0.09082612201187096,0.2942602456194918,-0.2549462307796797,0.2641325719328861,-0.2127781746148469,0.18869655728713233,0.4739724385725286,0.3956212015507791,0.1615555678935361,0.6750379707262811,0.501663036293036,0.2090600148619915,-0.0923955475101457,0.5720820465067388,0.41532523338012584,0.5944137112722129,-0.17248652881060766,0.5958515403501548,0.466161061813395,-0.04912615386196824,0.11625150266967818,0.42709233784228734,0.31763483113432744,0.4018697101830728,-0.2478099346167952,0.6078336343144444,0.4467689166768645,0.5606802732533792,0.3625128009336992,0.11259309800690136,0.44131702980918996,0.4849085563595699,0.26480859468193985,0.4763528011725078,0.2919556962449845,0.42522323025465025,0.41990187426858505,0.024634694040398437,0.6934900631495331,0.41152083986700866,0.446526679037825,0.24333578676611742,0.45409062600841005,0.4580116834231513
Putamen_R,0.4513534778500358,0.48965815907220767,0.6868057669071542,0.7056080977719902,0.7722529850414811,0.3469612463885548,0.21492469009584594,0.7450669996923891,0.07907360738242608,0.5282818261880055,0.2380672669429116,0.6054379072778905,1.0,-0.2889487507884265,0.2715067514002244,0.07314501055293433,0.5969605962027953,0.40941292920940026,0.7790790779106821,0.1036075274660471,0.2797739259044364,0.5082244087779217,0.1800833115344453,0.705353296100535,0.6342620555631882,0.45399654242345544,0.5421055593566863,0.37324721608720324,0.6760134564620228,0.18959138249554253,0.5759946089752078,-0.09342618204950108,-0.1768191143118221,0.7423862689834482,0.25047223520783085,0.39463813982390233,0.8002638576271691,-0.2949474412304349,0.8898235727076834,0.40326321933548875,0.7394305970446751,0.026005575756827073,0.7586135218083823,0.7735257949614411,0.7145591873383121,0.8164297771196855,0.6646421404240466,0.515698654517212,-0.16912873301809125,0.3823935801084242,0.9500994275357948,0.23178995533492563,0.49932433267245285,0.8146891218277111,0.668253681817815,-0.2222848892541003,0.646026945179141,0.5502879863364889,-0.2546000563723855,0.5972813033879996,0.5264780510014884,0.6496523581988604,0.7644077302571508,-0.030304055516806472,0.038491713699502696,0.2780775723285215,0.7423972837641127,0.7240767606654742,0.21102846946035667,0.4752805456703864,0.5240480638077194,-0.057485191943723646,0.2566701346769866,0.4612239105980577,0.8291623398439784,0.6911357790561669,0.6865508195822624,0.417641060917913,-0.28165820197490365,0.5004909193909871,0.546685270065875,0.20633684980765324,0.34697337466853545,0.5646581561417188,0.5143059343488583,0.5633534431714328,0.5644615651987255,0.4537024927357674,0.6704079176111467,0.32063567760919326,0.4682755060595904,0.73593116158794,0.7934893606473792,0.8525699922470377,0.7975122782391522,0.8317431936172552,0.08458747310151572,0.40313313633258346,-0.2168147194962542,0.3818855129638679,-0.4648681327630931,0.3318472596579528,0.7470885252488756,0.5010036200897653,0.2758923800921391,0.7664660737770889,0.6699975125391182,0.17362716770045497,-0.03194407622397571,0.6805150040624405,0.6650728865335663,0.7956686026399057,-0.2098311964431683,0.6496235637559129,0.6329831537444555,0.02064069175770806,0.44318907869284435,0.6281832114946008,0.4776727787775219,0.5493152457837613,0.07627161326744453,0.8053493980295477,0.8192670722575484,0.5675291065340315,0.39018307569439553,0.25030485467847086,0.41834862570102405,0.7302928129736157,0.26190187274954535,0.7741684141371113,0.12557300626660836,0.8243647391083029,0.6154341306435361,-0.31715920560098776,0.8588706248483817,0.46860456544389617,0.5360387771078152,0.16468585960587198,0.8384089128530533,0.604229614436636
