,Thal_MDm_L,Occipital_Mid_R,Cerebellum_Crus2_R,Frontal_Mid_2_L,Frontal_Sup_Medial_R,Lingual_R,Cerebellum_Crus1_L,Vermis_1_2,Cerebellum_10_L,Temporal_Pole_Mid_L,ACC_pre_R,SupraMarginal_L,Cerebellum_8_L,Cerebellum_7b_L,Vermis_9,Thal_VL_R,Postcentral_R,Temporal_Pole_Sup_R,Thal_MDl_L,Thal_PuA_L,Cuneus_R,Pallidum_L,VTA_L,Parietal_Sup_R,Temporal_Inf_R,Occipital_Mid_L,Thal_VA_L,Temporal_Pole_Mid_R,Putamen_L,Cerebellum_4_5_L,Frontal_Inf_Tri_R,Supp_Motor_Area_L,Olfactory_L,VTA_R,ACC_pre_L,Thal_VA_R,SN_pc_L,Frontal_Med_Orb_L,Olfactory_R,Thal_VPL_R,Cerebellum_3_L,Angular_L,Precuneus_L,Vermis_8,Temporal_Inf_L,Vermis_4_5,Insula_L,OFCant_R,Thal_PuM_R,OFCmed_L,Thal_MGN_R,Cerebellum_6_R,Thal_MDm_R,Hippocampus_L,Thal_MDl_R,OFCmed_R,SN_pr_L,Thal_PuI_L,Fusiform_L,ACC_sup_R,Calcarine_R,Fusiform_R,Amygdala_L,Putamen_R,Occipital_Inf_L,Temporal_Pole_Sup_L,OFClat_L,Frontal_Inf_Oper_R,SN_pc_R,Parietal_Inf_R,Cerebellum_7b_R,Frontal_Inf_Orb_2_R,N_Acc_R,Precentral_R,Thal_LGN_R,Lingual_L,Frontal_Sup_Medial_L,Heschl_L,Cerebellum_8_R,OFCant_L,OFClat_R,Thal_PuI_R,Temporal_Mid_L,Raphe_M,Cingulate_Post_L,Cerebellum_4_5_R,Red_N_L,Occipital_Sup_L,Cingulate_Mid_R,Thal_LGN_L
Thal_MDm_L,1.0,-0.10573688387871512,0.20494680611660746,0.6245103151320757,0.13147153752926594,0.42895506660584215,0.18303745349829892,0.3376371403262891,0.35989608369057235,0.07135854046833083,0.19215119936501904,0.12556259887203755,0.66866327442621,0.22741897894466107,0.5864359417532659,0.6255921684976302,0.2843699717871812,0.5743099272045847,0.7750320499509937,0.2610625476511882,0.034565321177024745,0.36076214912115556,0.6355218813186426,-0.2720818710419246,0.4593071084248092,-0.07666227554938415,0.6101313759383556,0.4311543590764362,0.6061117446723023,0.652371200121242,0.43546725113122936,0.3296912222454306,0.6195424731697343,0.5868307380143978,0.21472220582054422,0.5423316853852092,0.631529774287797,0.19166319434701365,0.19741514372893143,0.49755219467008543,0.2514172397740728,0.12047778809954866,0.30309816327462524,0.3069592381530167,0.28334694948368283,0.7137834082389065,0.7121175931792848,0.2848843954686871,0.058030065718379424,0.2948863350249546,0.653095051977299,0.5034286161454827,0.9383077498173594,0.7439623814571584,0.8636160702980911,0.18425955510134823,0.3988571963938845,0.557738767808735,0.6619407620795728,0.4432060640254645,0.41629442121722765,0.7051773553014609,0.6288581149562387,0.5437276268781479,-0.041821728889913104,0.3660323938256484,0.2840684695715873,0.23712236757110158,0.5397736733680093,-0.07121781457185233,0.43707916917153744,0.24872118810070143,0.22239791235794137,0.20647693154678795,0.8197217940347366,0.33244582108833337,0.2900750308149436,-0.023572299924949656,0.5469949968370164,0.609313262605027,0.061920995995627226,0.1731384358587342,0.35784555080058855,0.1674686080005711,0.15192519915728736,0.4918464136665393,0.2128878360360532,-0.05971082491395831,0.6998806407079123,0.28015891065094456
Occipital_Mid_R,-0.10573688387871512,1.0,0.040264629403859525,0.05377387644586264,-0.08269519818853635,0.11749792273753995,0.3035385410159304,0.2820807548100024,0.39602724069159684,0.44131057216367225,0.17670332368551261,0.35521120235886844,-0.20757090287235944,0.06643375796629818,-0.39212597806898014,-0.13263768349241928,0.43597169842622163,-0.3546103911796972,-0.3710590947361219,0.23345725002275838,0.6751316965335105,-0.4179618196115264,-0.21320479468055065,0.31367241775201216,0.015503820130813747,0.6390160987722329,-0.4450251386887733,-0.2541343913017942,0.046662654825464174,-0.06254354803902283,0.15319635336941279,0.33263625023547916,-0.37294400136903105,-0.359811372582717,-0.0778919371861078,-0.3339133845134738,-0.18797834255995455,-0.3292208948025481,-0.1166125633053468,0.12230985105506369,-0.3433629565630577,0.5952884085930139,0.5402702230138928,0.06658405605136995,-0.27548617234800615,-0.13105541166395562,0.08633457697928584,-0.28870231009554576,0.6363388579562872,-0.44605580222508734,-0.6061116038918861,0.24252655929079414,-0.14834342754967847,0.059672169338077195,-0.22502827452485274,-0.5162241825859126,-0.3780322098507269,0.27584587908550257,-0.05360568012440986,0.08375016687384639,0.35435580806608497,-0.14831885486570837,-0.09165704051072325,-0.17434226545935927,0.4009890554342028,-0.25869599082260103,-0.34983884507458884,0.28719243099314645,-0.410075117764266,0.38881416830990034,-0.32995490909739084,-0.310473886769917,0.23505192379555565,0.4699223946175886,-0.1648838309036676,0.43677874050511756,0.20183320025068627,0.40869850044638784,0.00987184806850234,-0.12844721645398238,-0.23732996585700383,0.4157226585045911,0.19459832717311196,0.29393432986923346,0.027517650485728434,-0.2522849134008409,0.3185524515478179,0.6793644565277502,0.05668641442794055,-0.027220549482382353
Cerebellum_Crus2_R,0.20494680611660746,0.040264629403859525,1.0,-0.15982157874361608,-0.21685325204141612,0.5220007091126593,0.561047391573958,0.33311597490279105,0.025745233251060852,0.28941431427357617,0.09937774720651064,-0.1402224884834724,0.7074636089198487,0.4949203447326258,0.14795081506436078,0.38780981929578245,0.08527689502571371,0.18103596424124074,0.11351406559023972,0.3655057379427762,0.07751845506448006,-0.33292609643492316,0.03909147340041159,-0.07747080540096545,0.6989409068407015,0.022412342820850386,0.21206900899919442,0.0725680528147436,0.5169119644949655,0.15868819424230152,0.030222977120156574,0.02268060710536023,-0.013403569021925191,-0.06098118077722473,0.03769799303636493,0.4575412383923795,0.10220696847144559,0.15460078974561442,-0.004698391996548696,0.33125506269172816,0.09810767913080284,-0.14559581243332445,0.09110814488906036,0.48976189857622865,0.32470742703633465,0.20474320695918555,0.38189005666525866,-0.2466208864947681,0.20490034336056712,-0.0603526445613304,-0.03173349413582716,0.5967597420593914,0.24836567858530692,0.04055993001273419,0.25729108992774324,-0.22687459475883154,-0.04550420811725587,0.14344938335009635,0.31615052331899707,0.34803833605607826,0.5786597660090786,0.6237104199830987,0.5308226913908473,0.22549690536749425,0.28370110397227416,0.22070300429330955,-0.11978844448799314,0.17237403482564367,0.3114977334104502,-0.15568503987058588,0.6540963636953361,-0.12304258415495808,0.48621181198785174,0.04223755656841084,0.1057707959772977,0.38204897832055484,-0.0031969284810975437,-0.01840996624975714,0.7726557182984582,-0.1437685134467217,-0.052693352108912954,0.582735831160542,0.32119504885224054,0.05834579819499773,0.12890444643753587,0.29632909486113074,0.22863332992034452,0.10401457287576729,0.3562192128115607,-0.109678419938015
Frontal_Mid_2_L,0.6245103151320757,0.05377387644586264,-0.15982157874361608,1.0,0.32870423475780547,0.3311861527197973,0.18720957049028336,0.48093372937093193,0.6496198458906455,0.24170867334459362,0.4114061696063635,0.3452598187174124,0.34929734274124213,0.23604416968346797,0.36778237698689076,0.4272039873678774,0.2839300910129713,0.2515981186266743,0.472482559955064,0.3187658202100764,0.3893022141299846,0.39946130909831323,0.2424520920138081,0.0627247750547971,0.10573641887696043,0.1427276144391886,0.2532229902347259,-0.022744751538544158,0.3387829381467721,0.6096278371238805,0.6727597034501105,0.6366548403185093,0.532166043169149,0.3185996885037298,0.2788399963965695,0.14608082853904614,0.3759529217360983,-0.21575957730918705,0.2757084986393059,0.44268198448816676,0.21021450370621908,0.44949397879032743,0.45559100621583853,0.20799685457771092,0.12068242393407973,0.6380686890372462,0.5279730866431773,0.0036875160296825004,0.2635964394308741,0.061957005716883784,0.34249358194217056,0.39471291642070655,0.4735219838140289,0.7367796658810518,0.4312230629987014,-0.04564172176163573,0.16842721453701862,0.6033274764699361,0.530872926531984,0.510847724451981,0.35710291487433204,0.3230331918057593,0.35355139569034266,0.4358673315105512,0.1671713120258858,0.17690337974010567,0.12993322918443412,0.5822824247082925,0.15771567569079384,-0.04987878862063351,-0.08499311879533092,-0.10831865486661492,0.16184494936212546,0.46146951426654914,0.5177989113180097,0.41992700429961194,0.7454217206498169,0.31216847218320104,0.3541695710245638,0.4796043798755544,-0.194602920984787,0.12138333090182034,0.37568365114346436,0.3851415042471315,0.23456560162148793,0.3333794073987483,0.38790167959811644,-0.008918804006531745,0.6110552529066812,0.5802688233125006
Frontal_Sup_Medial_R,0.13147153752926594,-0.08269519818853635,-0.21685325204141612,0.32870423475780547,1.0,0.12303056070526343,-0.32385722775404946,0.17168371837594515,0.11480069163116988,-0.40599789743719006,-0.2274969812329316,0.34242653940834034,0.08410681141995666,-0.19292964791057998,0.2709311211423563,0.3424236707536301,-0.13348754787424147,0.3844931160842316,0.23400130767022465,0.18524490279989195,-0.24560897261081896,0.31411953437073564,0.08477650735665028,-0.24472026648853015,0.05683294465981844,-0.30999152215277515,0.23055072690513426,0.31605821768462644,-0.025293341355908414,0.2023912448793299,0.025815015640278216,0.0788532850269156,0.30551309697064405,0.15774606505957975,0.058343327281257934,0.24049722643057955,0.11606272909266357,0.30940668423098433,0.30634033411436107,0.26923631002131376,0.5237364711660379,-0.20294980203115134,-0.0722967939495917,0.15031075496611304,0.14574589533731822,0.34036223900960877,-0.060312532521266074,0.4270212332239973,-0.0867722433324465,0.24575357765645006,0.2413780998299686,-0.03424773045723732,0.08615574501556647,0.27236677534242903,0.1778959405053138,0.4153472630897074,0.34838656140908325,0.1995542110479086,0.10131548156766922,-0.0760698926213102,-0.12860464290121504,0.10310994899727675,0.08386147410853804,0.05857361973770004,-0.3180403694031441,0.019965108340172778,0.7337476352066966,-0.17266383584942505,0.18839119947887042,0.08404508393300732,-0.061890443699399014,0.6360822306958469,-0.17349765594688282,-0.03382382353285758,0.19471514331547754,-0.025957082652046506,0.153846516066804,0.08099766811767536,0.054249508001532804,0.21047526893586171,0.563280855964147,-0.026621750499588977,0.14835274644325022,0.08987111259666183,0.4562297531571048,0.20083366385092757,0.030638724050167307,-0.06896225090114542,0.08927006457534202,0.42552845741722295
Lingual_R,0.42895506660584215,0.11749792273753995,0.5220007091126593,0.3311861527197973,0.12303056070526343,1.0,0.2752032057593146,0.691705870321102,0.5027510847233654,0.20156623623926703,0.06525482750382633,0.24124869101717453,0.6313893617741043,0.15750508535670185,0.23991217766526166,0.6464708986272453,0.42000056441910505,0.337575402799013,0.14265197931314483,0.6844365643491559,0.2873876454149646,-0.23564714674251225,-0.0724083424193203,-0.03768363916956386,0.7758788282809608,0.22062310005401223,0.10273891905726686,-0.04053011419594423,0.5034299222520005,0.6132455824044767,0.22126366380950155,0.52225582947157,0.2914212405245869,-0.011653830632407587,-0.06723685590092203,0.3796385503587609,0.2655827811221793,0.05590996586308647,0.40985100774190736,0.6507005412645726,0.30394123387226896,0.15030873421836297,0.5691263325327813,0.679851117243884,0.12358582499851407,0.698425965766746,0.6329001328532988,0.05339732644444711,0.5391501560166866,-0.10484793494918555,0.03194017746900687,0.6197377446240037,0.41883250105232916,0.597482578828161,0.2796492548445681,-0.18312292538118563,-0.05939293966136066,0.5397743292265931,0.4368022759403183,0.4916997844081624,0.6298911323790501,0.7255665675616892,0.6948106699023517,0.28516178624379573,0.29739174263402685,0.02014798177447353,0.1451193381047236,0.3763412336651413,0.3665132664713639,0.07268154220032817,0.27998369506735327,0.006194496779793981,0.6132659599887412,0.4895843602900254,0.4260392252419676,0.7981559300199262,0.19710091377766456,0.417619715740402,0.7445450657348806,0.05981509018419482,0.17197553258294632,0.6300839510071852,0.40079719114384454,0.5160983952682442,0.5463806419425339,0.5908500591672543,0.7062089083775346,0.3551797533278868,0.6839517791760411,0.3255996027691522
Cerebellum_Crus1_L,0.18303745349829892,0.3035385410159304,0.561047391573958,0.18720957049028336,-0.32385722775404946,0.2752032057593146,1.0,0.33384153299829056,0.28904307140691793,0.6116309042501961,0.5955381182967563,0.24268754095175185,0.4346681542951457,0.8691685548864487,0.11019602193471814,0.09716810578004222,-0.07633406276428115,-0.03487463056702383,0.21056421721912463,0.22718553726536111,0.6121252906738638,-8.618789639764206e-06,0.016735691610918903,0.36546674319197814,0.30572329963559053,0.5233529667298282,0.20333775433742782,-0.04037873728809421,0.2775086613333348,0.2852051642227165,0.356219818927194,0.0528690255587155,0.09001594256450264,-0.10628946719637375,0.4582459115460455,0.16269434428182658,0.2737588008974407,-0.20218562972825568,-0.030353444104653515,0.1673910252056776,-0.014120872213431761,0.48752624429379665,0.34520825677162625,0.08664431148168927,0.5205990933372083,0.1389080060866186,0.47601438301704035,-0.5578972428778328,0.42899620397430105,-0.0762309070947627,-0.19621703511240332,0.7139998227971005,0.0967514864471621,0.14423464982867268,0.2669043078684018,-0.29590095436022085,0.024535028515982393,0.3540254409625106,0.6450116567867831,0.4895200914245788,0.6965716051120642,0.3811203279887795,0.15840156871432723,0.5589208052252548,0.7308096846599139,0.39063819240622644,-0.4011108470345388,0.516483579287434,-0.09082242549171253,-0.1629285303394381,0.22364517626881047,-0.517389990480794,0.19948423034702636,0.020702137588890373,-0.06328693217623427,0.4823161688401132,0.38082962498306444,0.28788398218745487,0.48222256752208636,-0.1294901396663781,-0.621764079835192,0.577633495573018,0.6881289866398934,0.020971956192837315,-0.20952104016996995,0.23396606261291408,0.2553076206391105,0.2489801292661084,0.2491510929629312,0.1265057909430787
Vermis_1_2,0.3376371403262891,0.2820807548100024,0.33311597490279105,0.48093372937093193,0.17168371837594515,0.691705870321102,0.33384153299829056,1.0,0.654949338765997,0.38495033773488646,0.31280217824711176,0.41384299788265244,0.3547042660968913,0.3145706528745826,0.13383147550066515,0.6269723357946961,0.3646171794206507,0.24848168068930226,0.09751440444804405,0.7486158314943626,0.5186792549597756,-0.1484298865457865,-0.19023179766660706,0.32167079922301284,0.5258947989660129,0.4070790714410353,0.01988983930660007,-0.17418974393029066,0.3564325477565813,0.4121480418654295,0.4127423024585406,0.6086171118266096,0.22240443274923385,-0.11460131117398424,0.12796548602352537,0.27679527296038897,0.0011386417823757776,-0.22794566298618055,0.3133531596147416,0.7357901204748971,0.2092893679775561,0.4052402018966593,0.6498887378117043,0.47476257278680956,0.12083281583499847,0.5358508165608956,0.5725943818258598,-0.13556547115803091,0.600783243459877,-0.19708697036188946,-0.10731217691870959,0.5945232665681486,0.20660491569355924,0.580094013643122,0.21776515403257862,-0.2810607347028642,-0.1366178952659402,0.6355449300422162,0.4054250754700015,0.590829692660177,0.5857313640611653,0.4698824462074732,0.49252600536132657,0.3355025442844452,0.46123968925079384,0.03136830218220558,0.04435398708497171,0.5873980810423326,0.12231305270371556,0.11184331623186967,-0.09934016340693978,-0.18115145113741665,0.5119250902784366,0.5612921629909965,0.24401805518796787,0.7697310815716971,0.424533494863454,0.5666727773983838,0.5199292830882218,-0.013925184296831952,-0.03244888785816832,0.7325214968838553,0.41868269706874933,0.5749217500381671,0.5479207571226791,0.3308878757082561,0.7044006700668013,0.3903491994495682,0.6025342693839972,0.5084273505884777
Cerebellum_10_L,0.35989608369057235,0.39602724069159684,0.025745233251060852,0.6496198458906455,0.11480069163116988,0.5027510847233654,0.28904307140691793,0.654949338765997,1.0,0.3089067710116878,0.2955613861821576,0.47851236003396785,0.21678647907777382,0.12822336486765853,-0.07793212315878072,0.34379826237392386,0.5696908494229959,-0.00573467938268273,0.021107492551850123,0.5532979414819378,0.6308446377491599,-0.12843960170419794,0.0006106551638611238,0.20541203299408392,0.2765237226160234,0.508519953221891,-0.1429171458584692,-0.30919273477860926,0.37141075402359713,0.515778207507048,0.5606528805007611,0.7759307770534348,0.14962788739933539,0.0059621620912232295,-0.009736012070348419,-0.03468987124035107,0.1889057941936605,-0.3755280723123454,0.1434748003556573,0.5146238931727054,-0.0767280820216776,0.6279413300578972,0.7384380164219218,0.2843710282482774,-0.14081564632683136,0.41354937134181813,0.5068828460320095,-0.16338737096819247,0.6888694001164055,-0.2640391448561953,-0.10893498897560094,0.5077025721563033,0.3011357014980979,0.6662411260347694,0.0856208668426986,-0.46132423140744105,-0.23821591491077154,0.6437181430983236,0.36593456438421235,0.4333918661120154,0.5894658775696736,0.3252656068622058,0.34517190110607604,0.23443005030450323,0.3906651776454539,-0.20121782132344215,-0.17426025367473325,0.658536222571561,-0.05786087360118276,0.1719358857015259,-0.18085133222995975,-0.27441241059188887,0.43338615890231186,0.7232145532657431,0.35981063498113874,0.7214996807310484,0.553066865736285,0.6604959579037619,0.3923149168258178,0.21902874895997532,-0.18511471806767776,0.4697905800436122,0.2841263149424104,0.742797452590618,0.3914928799030647,0.1642106193634635,0.616777842471755,0.4876812949396508,0.5872503071344085,0.46576354353548394
Temporal_Pole_Mid_L,0.07135854046833083,0.44131057216367225,0.28941431427357617,0.24170867334459362,-0.40599789743719006,0.20156623623926703,0.6116309042501961,0.38495033773488646,0.3089067710116878,1.0,0.6810283613740058,-0.0227938533474081,0.14657324488976786,0.4945027971048938,-0.0001813942145874415,0.036179146057542265,0.14968759755678507,-0.12273348625655633,-0.08736335449175928,0.23351000646140413,0.652452222210734,-0.21409306437263154,-0.2493015202383075,0.6120318930413869,0.21658547833416877,0.5181021632382776,-0.15084624542802635,-0.23996910703202634,0.2124281168048781,0.14457542882140295,0.3941636840773727,0.3580724239981833,0.005810713310964665,-0.28305434075706976,0.372984175699278,-0.07559226766933234,-0.07763055455094922,-0.4053656027759469,0.054601135686628145,0.1229893068800966,-0.08958587194986527,0.47721098105593285,0.4437316370567495,0.3175365445039904,0.08173109206788294,0.1297651949856635,0.39868978034497365,-0.45587906533760586,0.37426010845946556,-0.20690321294750438,-0.3416135631181784,0.42093074274827846,-0.056897155920864195,0.023985108235302515,-0.003951784604920798,-0.4096413254838307,-0.2864165504268969,0.19200866884528295,0.21932560896637027,0.5403786667507681,0.3110635205203292,0.06650401454621666,0.1373326977727443,0.11318298604549325,0.5733321918408846,0.2774673292661462,-0.5018556588471631,0.6304035474706242,-0.2304743895661713,-0.018055849845013575,-0.14492195151151951,-0.6914656594510048,0.30383508929671654,0.351801231120803,-0.13351753228992702,0.4578937942994312,0.5028026187101308,0.3030198188809759,0.2792938281120622,-0.17560849820768806,-0.6685139987918922,0.35153581763749986,0.39037359564300433,0.18030393335748554,-0.09852479781894845,0.1534249947308878,0.3695402419424153,0.2601266058264449,0.16282640520731154,-0.009709936535380576
ACC_pre_R,0.19215119936501904,0.17670332368551261,0.09937774720651064,0.4114061696063635,-0.2274969812329316,0.06525482750382633,0.5955381182967563,0.31280217824711176,0.2955613861821576,0.6810283613740058,1.0,-0.08183389039620663,0.13966092137991443,0.6515556921766502,0.18246670197712805,0.19517505384165462,-0.24000216646110753,0.15308533595825566,0.35016852935676124,0.20218647669009066,0.5148626091597776,0.30511235846365187,-0.034509352836821786,0.5954363930823648,0.14274579277099478,0.3115157430362109,0.27716358828023324,-0.00899696713513988,0.27576551992292886,0.26534810176870766,0.6621616534891812,0.145396989765098,0.343656160874867,0.0040797456476296895,0.8096267226326517,0.26036517468036086,0.14823231209797258,-0.33070485258605453,0.12897094556015515,0.22440323569044007,0.09619349061347217,0.3414000536681653,0.19942877953915714,-0.015699828721607353,0.42355949852196983,0.2773571949898601,0.5077687833326318,-0.5728047571540708,0.1265537992704013,0.11393403055995097,0.03548297867537008,0.3458925256937052,0.04626202764721676,0.143076268742388,0.22406493640404074,-0.09754753151297821,0.11289850482776011,0.3146637797223734,0.48054365377303765,0.7956659244024024,0.20127469579897292,0.11243773400160849,0.035060853993803674,0.46476507679909673,0.5029374865473316,0.6077138726089557,-0.2943361494463471,0.7231939859024872,-0.0288153436178589,-0.28469350527949394,-0.10167964183675976,-0.6167442292184512,0.15325007387351836,0.05287551855270062,0.0018604295048844002,0.2224479872520467,0.7003034892950679,0.26575244296132444,0.167488387786868,-0.058521868575079176,-0.780011207335391,0.2296092348154852,0.5053420857311743,0.018835746687945187,-0.1691743141897252,0.2514702742503841,0.16006129553443302,-0.12977863465098383,0.15422075233055627,0.3550702362176516
SupraMarginal_L,0.12556259887203755,0.35521120235886844,-0.1402224884834724,0.3452598187174124,0.34242653940834034,0.24124869101717453,0.24268754095175185,0.41384299788265244,0.47851236003396785,-0.0227938533474081,-0.08183389039620663,1.0,0.037635356793990396,0.12073233606071275,0.00037541727101475346,0.15391562152594537,0.21862194479805386,0.024801175320889237,0.00502747372290769,0.3882143161213906,0.43397016847128805,0.0016339062403887459,-0.04870725877622887,0.09069889669778804,0.005060894371564006,0.5401484881484058,-0.07773656129250373,-0.02946474784476315,-0.15061263081799445,0.2966309836582866,-0.008475208977870671,0.30788586217018843,0.05027082021321021,-0.09436352161795535,-0.01134397418517923,-0.12851050920587503,0.12976985490282722,-0.05574740346473149,0.12007814721161879,0.3290195996527931,0.10957171049843588,0.5861532035104081,0.6168334226097025,0.04370085118918824,0.12926171623764357,0.16267286710173795,0.10779186247093812,0.11082008223076503,0.5582450159096786,-0.17909134564050488,-0.26031745711770266,0.36607477752236306,0.016329375938506453,0.38627080067955394,0.15106116051941126,-0.03937048676149388,0.02040310807648832,0.530378734370185,0.35733749676132015,-0.04868221833787276,0.47925725175721223,0.14521273628099887,-0.041809946253137505,0.35669574699074597,0.36829299745771865,-0.19400675288227046,0.17329902335364972,0.11607760160906391,-0.2007300978896831,0.3507466576884015,-0.24868113220899066,0.14439414630856318,-0.10847858598444335,0.24645596400610773,0.05146271582703949,0.5153806068779275,-0.0061662410505753905,0.5745797763740885,0.04861544888706765,-0.05197763928255983,0.1950865937441779,0.46127086324132893,0.4005855562475304,0.28576083801143276,0.3729378408624464,0.09396608286819087,0.33045971576380306,0.6148080927087622,0.30030826483690526,0.37781623140075765
Cerebellum_8_L,0.66866327442621,-0.20757090287235944,0.7074636089198487,0.34929734274124213,0.08410681141995666,0.6313893617741043,0.4346681542951457,0.3547042660968913,0.21678647907777382,0.14657324488976786,0.13966092137991443,0.037635356793990396,1.0,0.44343755859617984,0.6095232630158629,0.6603185857019951,0.09175347726157818,0.5726738456954139,0.5830844293802876,0.38987917546178696,-0.04631494947472684,0.1320597457757876,0.40812985523834144,-0.26273632551553033,0.7100637656489401,-0.14111745342103346,0.5700320483344204,0.3559771867727456,0.6270867631830973,0.5835611224096061,0.2201645696848228,0.19680488791278922,0.5004928172725686,0.3362953254672773,0.20092920749442816,0.6493981964439571,0.46849691274490457,0.2968496844353748,0.2550302308091321,0.4989643880864919,0.4241344250284698,-0.13885483794979617,0.18345561300285548,0.5537581237129159,0.5094863543046918,0.6624965100940463,0.6199081815820061,0.113530783120847,0.05897534759876963,0.2227264714533599,0.46968440158703745,0.651346057338,0.6622595398699059,0.4886892204067483,0.6812471427089636,0.12817275920954685,0.3394497936911656,0.39341965540588375,0.6709220298052755,0.4798643506804803,0.5511259202852469,0.8623550547092426,0.7638667988945254,0.5483782778097777,0.07085105030484598,0.4149021355968512,0.2415375353062639,0.20597072627966556,0.5291622190616561,-0.1907764305102473,0.7540525293474849,0.1590536831347585,0.32294125147785924,0.0672780914345691,0.577510614247725,0.4078818348962497,0.18008460195299367,-0.03162518738471218,0.8936569486125828,0.26020980396215637,0.088434355042256,0.37306968511749666,0.4785713718287999,0.09299542809234508,0.25763550638765725,0.6335508630359976,0.25944284453195476,-0.07490659833569395,0.6444851427852311,0.1932086180845465
Cerebellum_7b_L,0.22741897894466107,0.06643375796629818,0.4949203447326258,0.23604416968346797,-0.19292964791057998,0.15750508535670185,0.8691685548864487,0.3145706528745826,0.12822336486765853,0.4945027971048938,0.6515556921766502,0.12073233606071275,0.44343755859617984,1.0,0.30002602792030947,0.1712653008069918,-0.35651221103240144,0.13503416377069075,0.4253192769233597,0.09954473776600019,0.423551941287669,0.2790911028369203,0.10366270875787513,0.3660461771896266,0.22344985608111034,0.2867851061674387,0.45092146651496073,0.16319157954325073,0.23328583661498692,0.22214817168586384,0.3716780995390481,-0.11996165640165544,0.23063808721470705,0.08644863028772586,0.6212719058231215,0.35963153827634886,0.26067508464030137,-0.10427299094403411,-0.09202464850944206,0.14873250501288232,0.11834657405707733,0.31448924725840904,0.09765562217746677,-0.04666624735166629,0.7179244784401887,0.2001178087508943,0.4166226594447348,-0.49730192109026816,0.14686755071949334,0.15761532261055516,0.06221523067256706,0.5428345257987441,0.11051296959762352,0.12064333141852629,0.3990962978988922,-0.03582298137769651,0.19290825386098712,0.2507399197275968,0.6769140341983905,0.5565466358580288,0.48471533125761196,0.31540313853272417,0.15979835836732711,0.6428384436168716,0.5850464423289272,0.6174665981968593,-0.19277561809952934,0.41220488618231327,0.06247757806385755,-0.29105031689914374,0.229381856383723,-0.3976826928378816,0.031456426916540346,-0.21594432114570722,-0.09501614483065882,0.2811295310763229,0.4114075242348716,0.04451020417909581,0.4333041412327932,-0.03739058464707012,-0.5987484355475396,0.4702137052623352,0.7083813862455519,-0.14745060578076263,-0.3090264292007081,0.22652824840113944,0.11536948571674126,-0.03561713111451786,0.1439074098394026,0.1996168300053136
Vermis_9,0.5864359417532659,-0.39212597806898014,0.14795081506436078,0.36778237698689076,0.2709311211423563,0.23991217766526166,0.11019602193471814,0.13383147550066515,-0.07793212315878072,-0.0001813942145874415,0.18246670197712805,0.00037541727101475346,0.6095232630158629,0.30002602792030947,1.0,0.5518270307900544,-0.24573205518239674,0.7624724252896055,0.731318987489074,0.13921375597150693,-0.2629077598599543,0.5673976752056327,0.34280974737043896,-0.1626122761330005,0.4009285907070341,-0.3800425039843119,0.6504520096160533,0.5880078784540642,0.3157359418060072,0.49991801521082513,0.25540095435832016,-0.10233689960230323,0.6630428667260032,0.4542997699101599,0.3891436504790373,0.6244513871304491,0.4247588056082627,0.32331696520068426,0.44294126131401734,0.332390587518745,0.7080604992542214,-0.2536109567275183,-0.06960108095450537,0.30331730079999775,0.5954901423464278,0.6450937485952343,0.464859374564076,0.3387849778442022,-0.3211666968665169,0.625539595950274,0.6321701682414714,0.350164714526922,0.5003046889633375,0.4133874458507069,0.7004524992365264,0.6063421837759202,0.6113514746816314,0.25033476283830974,0.6179767492506272,0.3906022782611931,0.0476111149049818,0.5817825518631543,0.4310045521515238,0.49638853184441833,-0.2147802017713671,0.6520331252729228,0.6000834641902096,0.06218877925374866,0.5155710831511443,-0.23307407882664927,0.3832498860831259,0.3594385588656962,-0.048744599313559324,-0.22003685396827266,0.44205087239145896,0.016279386143148843,0.17478687178702948,-0.17622587232795006,0.40921077714336135,0.3405379398518576,0.15318362113629777,-0.013522509974398928,0.34159810743311075,-0.1908180447122325,0.12360959045112736,0.6993894267258756,0.022729624950817755,-0.3773805305417217,0.3289585223962378,0.3558803227375337
Thal_VL_R,0.6255921684976302,-0.13263768349241928,0.38780981929578245,0.4272039873678774,0.3424236707536301,0.6464708986272453,0.09716810578004222,0.6269723357946961,0.34379826237392386,0.036179146057542265,0.19517505384165462,0.15391562152594537,0.6603185857019951,0.1712653008069918,0.5518270307900544,1.0,0.1428268157057657,0.7614427645887394,0.5630521539405597,0.7633414403256744,-0.035690637827487964,0.1701421034165638,0.15970215964841483,-0.07793290077612221,0.7192152322237152,-0.15310137222302744,0.4877066890091661,0.3212999483886676,0.5761189123570638,0.5006281897327137,0.37895260070083636,0.3456784620371133,0.5659508360921801,0.22837848444038295,0.24766012521812492,0.787215466232671,0.2062716531834346,0.20123241738294503,0.48880825614889195,0.899311061615062,0.5626903146141756,-0.16997751648316542,0.2873241823499771,0.5355676532145836,0.370959527812577,0.7049006883286228,0.6365333068288167,0.17447085687825165,0.12740990454729598,0.26540964907265907,0.4335864422690872,0.5103249649452778,0.5490088638915297,0.6318236926579995,0.6214486015710472,0.24042366412630314,0.31682664151977047,0.5923313391862033,0.5424926007894582,0.5899564194143061,0.3669873676663955,0.7507791315540455,0.6350245588662787,0.46079886181767243,-0.006767361903404433,0.3629451560642184,0.5118077817843065,0.36386818427057277,0.5178402343542274,-0.025475366014068853,0.35195913949703705,0.25890844939821545,0.39624879793640205,0.25951136209143244,0.6063614900098911,0.4294462841756979,0.2396365737202038,0.2667646276549381,0.6384220847482511,0.1378576344052857,0.2899227857555226,0.48947415306984193,0.2924901736839613,0.2388270135455931,0.6544456969713704,0.6312255927198273,0.39968774186340517,-0.05678179308725623,0.636762637965167,0.5740907872695035
Postcentral_R,0.2843699717871812,0.43597169842622163,0.08527689502571371,0.2839300910129713,-0.13348754787424147,0.42000056441910505,-0.07633406276428115,0.3646171794206507,0.5696908494229959,0.14968759755678507,-0.24000216646110753,0.21862194479805386,0.09175347726157818,-0.35651221103240144,-0.24573205518239674,0.1428268157057657,1.0,-0.2037061199560881,-0.32017870156820283,0.38310948319967664,0.3975131185392202,-0.5695641748494552,-0.025069418762242047,-0.13082707641152863,0.23229804093307957,0.3475598322078399,-0.5057889850579902,-0.4111643002233524,0.3149774798480268,0.24166152326803234,0.21648673561014037,0.7451412655714685,-0.2044029461090845,-0.0965290898492875,-0.5951342013591671,-0.30833929152018796,-0.04652755017910146,-0.3023012985143425,0.03515439344750155,0.3248410733005518,-0.31855804769923096,0.4276223006168804,0.6791797492310709,0.39144534178621077,-0.6636415198419086,0.16534146761467813,0.27135100625159975,0.07927129588413319,0.6112980388081588,-0.5091214886434487,-0.25390027681050176,0.31739172942580407,0.3248783406383905,0.45071493429389936,-0.08874729423360704,-0.624972061729459,-0.4640833410582619,0.37655039341748253,-0.13114889599415167,0.02849242617705456,0.4724434571818025,0.2121201524912755,0.36846914595432423,-0.27895686901888,0.10038985787032555,-0.5959782486485828,-0.25864901696414394,0.31057410217880527,-0.06499955128587584,0.4574579757575568,-0.07256785588685898,-0.11228698738663477,0.5824070835391434,0.877938467768715,0.37646302486068417,0.5577347971170183,0.12217816770280805,0.36853016483707257,0.26081222431890533,0.25739591200294676,0.14788219092063837,0.26222381745058254,-0.22244481735154767,0.6475746472790053,0.3889890812491436,-0.038829479297172044,0.49720661593646726,0.5646111370697855,0.5897470799903269,-0.016419769949532526
Temporal_Pole_Sup_R,0.5743099272045847,-0.3546103911796972,0.18103596424124074,0.2515981186266743,0.3844931160842316,0.337575402799013,-0.03487463056702383,0.24848168068930226,-0.00573467938268273,-0.12273348625655633,0.15308533595825566,0.024801175320889237,0.5726738456954139,0.13503416377069075,0.7624724252896055,0.7614427645887394,-0.2037061199560881,1.0,0.7267328418786676,0.39659075142292405,-0.34891044404224664,0.47416317733813773,0.34126426092519135,-0.17195852144544835,0.5840024741680439,-0.3776129757486404,0.678303256519764,0.7332971522272531,0.4137123279765226,0.49765268001266116,0.20190621014070237,-0.03932371636606045,0.7104352220164699,0.46610392093607717,0.4341693506251354,0.8248747948365952,0.38055482667313084,0.4759932870707736,0.48980838514349656,0.5802470203636191,0.7272348188253451,-0.38875133225165165,0.0035260784600011576,0.3697962470093346,0.5710417685423071,0.6953514062784086,0.486439737550472,0.4052516407219727,-0.30694749600698906,0.6094299399210537,0.6578001221083909,0.3080623015901381,0.5245726293925678,0.4381388650363855,0.6781612238954682,0.666003475252107,0.6329623365104384,0.3725597364065135,0.562015214368827,0.4124425401366444,0.01684503939090222,0.6680701747195602,0.476323529582128,0.4895464643562698,-0.26022234052765064,0.6439113147107293,0.727554911238143,0.028577534286022933,0.6358017284821802,-0.05080174829386384,0.43510150831847993,0.5342541163057081,0.03266187263373171,-0.1713508554063071,0.5667425628376068,0.04259418321582605,0.021307892271132844,-0.026759871457231684,0.38893959150043067,0.2346834190658883,0.3650395076094067,0.08028825024572162,0.3091318856683889,-0.11165026104471078,0.4121927604667973,0.7186096981669982,0.026272940887628028,-0.29198486151976966,0.4184459540089044,0.44783577309812106
Thal_MDl_L,0.7750320499509937,-0.3710590947361219,0.11351406559023972,0.472482559955064,0.23400130767022465,0.14265197931314483,0.21056421721912463,0.09751440444804405,0.021107492551850123,-0.08736335449175928,0.35016852935676124,0.00502747372290769,0.5830844293802876,0.4253192769233597,0.731318987489074,0.5630521539405597,-0.32017870156820283,0.7267328418786676,1.0,0.07151980148016528,-0.2149922222861531,0.7529279324680128,0.6551961360293955,-0.21025503736823692,0.2932163143737315,-0.325877804472586,0.9200871362610424,0.6885184037708105,0.4211266913535014,0.5064165924658403,0.3626107944695945,-0.13216117800253424,0.7322318114309325,0.6493170614065144,0.5969647080405358,0.751505484420103,0.634240358946149,0.34383766236222557,0.2136599545711607,0.3588300227746862,0.45649272970046806,-0.16056008099610916,-0.12233321864952464,0.033924237127124855,0.6955723177133986,0.6019264470684293,0.531146442168795,0.20673432068478317,-0.3320650926182612,0.6224101045104977,0.8215517551010116,0.31842008559021157,0.6978010821684721,0.48881068159532565,0.8911680274975111,0.5830050619530317,0.7289788995025274,0.38375494685630024,0.7458201328058894,0.43016546408738787,0.12644220393229313,0.5809803422080216,0.3623913902690774,0.7327228901577869,-0.13809943341357,0.7380638104059054,0.47744947688580175,0.08825553087592533,0.566118149967127,-0.30003232332155494,0.474188632573628,0.33168362566285514,-0.13341783813498806,-0.3218669146068549,0.6087563124759483,-0.05501795738055092,0.23779078660843372,-0.2272152077872018,0.3595559320938986,0.46923737526408626,-0.01170254273650537,-0.010444210458564003,0.452828068734908,-0.2634573252766658,-0.04521375316993572,0.5095457608087269,-0.13623573786564366,-0.441384601868208,0.35695515539261297,0.399239142210322
Thal_PuA_L,0.2610625476511882,0.23345725002275838,0.3655057379427762,0.3187658202100764,0.18524490279989195,0.6844365643491559,0.22718553726536111,0.7486158314943626,0.5532979414819378,0.23351000646140413,0.20218647669009066,0.3882143161213906,0.38987917546178696,0.09954473776600019,0.13921375597150693,0.7633414403256744,0.38310948319967664,0.39659075142292405,0.07151980148016528,1.0,0.3208509925818707,-0.27219521809408714,-0.25336391058508345,0.1891372997920129,0.6780864903857701,0.27665679243152036,-0.0408220383403087,-0.1060326252507202,0.41826616939120265,0.4168099707259823,0.3375354162991245,0.5901929692067733,0.2332138617181229,-0.1421696105470061,0.05810355879220583,0.38146950165841775,0.00756641991864431,-0.09468937554034008,0.4784671084895849,0.9132516981384995,0.2782427859834129,0.16419329496901783,0.58261168753494,0.5412865700467574,0.091914767552306,0.4775771942795553,0.5423890847398956,-0.09794953329272638,0.57268995078602,-0.10649469472284873,-0.14005926252390086,0.5789765497003206,0.18694700759238989,0.5255201482146626,0.18718819880524676,-0.18853950453186483,-0.11955352328768468,0.7444556742216029,0.3540853067995372,0.4838070059259847,0.5624366220594388,0.5671772491042923,0.42647063541566754,0.2584510230964824,0.33897862339256646,0.019224258107974363,0.17516890834128626,0.5530549105689764,0.22261914547896886,0.16622379221056657,0.06700522731644692,-0.07235827296091578,0.5594038537338888,0.5672757771646635,0.34212951170476424,0.6677673327878958,0.24941900296027494,0.6879333978521608,0.5048600682196807,-0.21518111720557617,0.17381532800076857,0.7190119892847222,0.2847668941421928,0.5077110403673857,0.7632449385123513,0.4631799270906004,0.6155589698283809,0.36140312684427867,0.613516983143554,0.6326395680402879
Cuneus_R,0.034565321177024745,0.6751316965335105,0.07751845506448006,0.3893022141299846,-0.24560897261081896,0.2873876454149646,0.6121252906738638,0.5186792549597756,0.6308446377491599,0.652452222210734,0.5148626091597776,0.43397016847128805,-0.04631494947472684,0.423551941287669,-0.2629077598599543,-0.035690637827487964,0.3975131185392202,-0.34891044404224664,-0.2149922222861531,0.3208509925818707,1.0,-0.2643019231432139,-0.24488051650143758,0.5507137753988909,0.045583611436775126,0.8308582811095659,-0.3201975570384484,-0.4459225257597376,0.10436230583693146,0.19639301017519378,0.4742528963545992,0.5010216449095788,-0.15036483575059809,-0.36241675203131385,0.16224326587012158,-0.3014797115498466,-0.0598924171089309,-0.5175046148208096,-0.018843037754785838,0.21095385446778098,-0.27404325479533903,0.8827563648361005,0.7526185773250628,0.05490656507700834,-0.07453164304260014,0.0799429215914977,0.3556017672173937,-0.5476362332530121,0.7778137302851605,-0.43704859281040465,-0.5116698729780452,0.4900650626860841,-0.07823085136259908,0.28897837647830316,-0.10049470575268747,-0.6325301265613241,-0.37821073042571735,0.43095428356398907,0.26971345323731,0.43300380019241064,0.6086941586610798,0.004359104738042262,0.051958941642488786,0.16245644780465548,0.7701439962329987,-0.08258253758800879,-0.5470610219015963,0.6875376556221812,-0.4377516575534174,0.20737847716919217,-0.38417594444047215,-0.6602717840662307,0.34450178967306455,0.5612071836200065,-0.11098308423937027,0.7018812087079668,0.5339588971425584,0.585019005075747,0.17657779025570422,-0.07894226309577718,-0.6022613506601786,0.5604598802681278,0.42646508381587117,0.42243305643847023,0.005350200939926789,-0.05986365784399091,0.5362512207566471,0.6075329520964502,0.2758384897097416,0.1756560722331124
