,Thal_VL_R,Cerebellum_7b_R,Cerebellum_Crus2_L,Thal_MGN_R,Thal_PuL_R,Hippocampus_R,Frontal_Mid_2_L,Insula_L,Parietal_Inf_L,Paracentral_Lobule_L,Precentral_R,Cuneus_R,OFClat_L,Thal_MDm_R,Precentral_L,Occipital_Inf_L,Red_N_R,Precuneus_R,Thal_VL_L,Fusiform_R,Lingual_L,ACC_sup_R,Fusiform_L,Angular_L,Cerebellum_Crus2_R,Supp_Motor_Area_R,Frontal_Sup_Medial_R,Parietal_Inf_R,Occipital_Sup_L,Raphe_D,Pallidum_L,Thal_PuA_R,Occipital_Inf_R,ACC_pre_L,Insula_R,Olfactory_L,Cerebellum_6_L,Thal_IL_R,Frontal_Sup_2_L,Frontal_Inf_Tri_R,Cerebellum_9_R,Temporal_Inf_L,Thal_AV_L,Calcarine_R,Cingulate_Post_R,Precuneus_L,Frontal_Inf_Tri_L,Thal_LP_R,Cerebellum_Crus1_R,SupraMarginal_L,Cerebellum_10_L,OFCmed_L,Temporal_Mid_R,Frontal_Inf_Orb_2_R,ACC_pre_R,Cerebellum_4_5_R,Thal_MGN_L,Temporal_Inf_R,VTA_R,Temporal_Pole_Mid_L
Thal_VL_R,1.0,0.35195913949703705,0.15425040681191385,0.4335864422690872,0.03811877690239156,0.6017444603166083,0.4272039873678774,0.6365333068288167,-0.2066487945971952,0.243272534385817,0.25951136209143244,-0.035690637827487964,0.5118077817843065,0.5490088638915297,0.23494747311456204,-0.006767361903404433,0.5835345237449555,0.30458578764123945,0.7753352316875325,0.7507791315540455,0.4294462841756979,0.5899564194143061,0.5424926007894582,-0.16997751648316542,0.38780981929578245,0.2093998455104558,0.3424236707536301,-0.025475366014068853,-0.05678179308725623,0.3243250112058855,0.1701421034165638,0.46317869492640223,0.08015198732881267,0.24766012521812492,0.6117261163780698,0.5659508360921801,0.5805235287657133,0.5860954410669543,0.1438122532016992,0.37895260070083636,0.7581910023259045,0.370959527812577,0.7087102815221351,0.3669873676663955,0.7334116639456694,0.2873241823499771,0.4076001112576152,-0.17050908724032615,0.40419166768419906,0.15391562152594537,0.34379826237392386,0.26540964907265907,0.5405182024444607,0.25890844939821545,0.19517505384165462,0.6312255927198273,0.5769263018387155,0.7192152322237152,0.22837848444038295,0.036179146057542265
Cerebellum_7b_R,0.35195913949703705,1.0,0.3093226184363012,0.4915431905582951,-0.3275537561236508,0.1444524753520824,-0.08499311879533092,0.2719788474422901,-0.5515998122548205,-0.17160886517021154,-0.2333798854747458,-0.38417594444047215,0.1953052913492122,0.5312559555931419,-0.24076648621389352,-0.20045865286387504,-0.10982219101696174,0.007809812188673336,0.3191106957000145,0.6578382342604598,-0.03996268988756217,0.12671054732260953,0.36748143092404434,-0.4594331047655197,0.6540963636953361,-0.029370093105560796,-0.061890443699399014,-0.2358869718568447,-0.24840501751832736,0.4259319052037319,0.10664915114999086,-0.17083980828071943,0.026419287269005495,0.05606175213108812,0.18243900859922446,0.2909352104300111,0.43385381406673407,0.4625774295081861,-0.18745849358365896,-0.05889984792906682,0.3917836787885802,0.4077471970615339,0.5812428967878169,0.26235566082338696,0.07390023970016481,-0.2037206429861436,-0.026886344083314615,-0.1806591036247793,0.2453594807979961,-0.24868113220899066,-0.18085133222995975,0.2984122946988344,0.1555572806179352,0.29630267590028775,-0.10167964183675976,0.3878641000457228,0.34426640860726465,0.5182553007657899,0.3992008778919186,-0.14492195151151951
Cerebellum_Crus2_L,0.15425040681191385,0.3093226184363012,1.0,-0.18341034222284286,0.0894475395382152,-0.13261782142517695,-0.053459877583654676,0.3520645092223398,-0.1564794905456367,-0.2759313574596983,-0.11875806930882127,0.36522249469768703,-0.3353026736040845,-0.009653355126450266,-0.15317547571926324,0.6383131602812905,0.3209533332028926,0.19022686009059733,0.2760838790987924,0.34831045392656473,0.3753627318664764,0.4700727660796387,0.45058638721764604,0.16675830193814992,0.7495220981553046,-0.22591856948218172,-0.3843433102079004,-0.32628969141540337,0.09902250311081964,0.29340540749193744,-0.1387130799354673,0.3155510783212577,0.27319153699497306,0.38547472504257335,0.21466867227330477,0.03254885711714184,0.5862998716950174,-0.19958817397306344,0.28431779049241807,0.1343746430046245,0.44595897013589153,0.536881934859995,0.2559563918667054,0.5262274792919097,0.28398714923998536,0.10506674428860191,0.38649838511077533,-0.2156996134886635,0.5834419853895702,-0.04153599002632696,0.03145454980096749,-0.051817095675729716,0.06564130423866099,-0.5047557752146804,0.48987222260648533,0.22031345636017813,-0.0015034290580009848,0.4212527666036929,-0.18032598555448168,0.5741201314871146
Thal_MGN_R,0.4335864422690872,0.4915431905582951,-0.18341034222284286,1.0,-0.667064159794593,0.3440243506218253,0.34249358194217056,0.2897383583007263,-0.48051867545137533,-0.33366864245936523,-0.3282299856719731,-0.5116698729780452,0.5044834325569139,0.6659361275365258,-0.14078227371418015,-0.4856597907439892,-0.2300508818559522,0.005023197898245637,0.5217267211809175,0.42719646854202215,-0.27218964374332877,0.18440441355508763,0.41282050623544125,-0.4190911722954559,-0.03173349413582716,0.03747772069002253,0.2413780998299686,-0.28309996937108994,-0.5925995163868143,0.2697215176841116,0.6958437887100176,-0.4662296709179036,-0.5514012022646411,0.30049555954924567,0.196164698682153,0.6422656909758552,0.045936193157845806,0.8728894211654966,0.04664870207804245,0.16660805741170398,0.1662654307005562,0.4005308642194285,0.7123340209005922,-0.18129109022825124,0.13437597067952292,-0.3074017624344216,0.283166420811961,-0.23532691317970159,-0.37056872406905517,-0.26031745711770266,-0.10893498897560094,0.5974654126988753,-0.09848191172236305,0.4838592133684218,0.03548297867537008,0.3687535797867758,0.6800546313404603,0.15574693094734463,0.7556774564103292,-0.3416135631181784
Thal_PuL_R,0.03811877690239156,-0.3275537561236508,0.0894475395382152,-0.667064159794593,1.0,0.3247931354134004,0.14396890784077948,0.1630300294106012,0.6632427625749212,0.7064747038115402,0.7952577440026171,0.684790036688421,-0.4196800528069687,-0.08242253245146909,0.6616102598222329,0.5475098310410902,0.5402809058015304,0.5064970866395511,-0.24644625521192753,0.034426883493059154,0.7129635217366291,0.06103435876080712,-0.08973258618343259,0.6333113087515636,0.1323607550611373,0.5790559004481042,-0.13931359485753975,0.3935184128439305,0.7700773683256801,-0.4760118307640343,-0.7003283364954567,0.8063196230615614,0.7135752048558862,-0.4397828033152755,0.33851944708333903,-0.3704146957984849,0.23441932766823165,-0.4376815618206072,0.1965976261656787,0.13114972632587996,0.25863743319226046,-0.4875122184838182,-0.34213633636201846,0.5720345895337535,0.21402147947841219,0.7280580355060589,-0.17637085597391172,0.6864396309209541,0.5327469693631095,0.4232151785373297,0.6017653836106351,-0.6762887934939963,0.5908679043690773,-0.3874423236186356,-0.05522543565260058,-0.13063949130075675,-0.6299095110690465,0.17756822034671946,-0.5003713882061509,0.32286650131136313
Hippocampus_R,0.6017444603166083,0.1444524753520824,-0.13261782142517695,0.3440243506218253,0.3247931354134004,1.0,0.6555396134569453,0.663567554608657,0.2050922994781328,0.41676693710764595,0.6151550258741398,0.1784803790672741,0.12476387815852351,0.648870996607265,0.65744313661151,0.056471916414629064,0.429168491017188,0.6602152204007832,0.3991152527388315,0.6120194581843815,0.5333862354604257,0.38695782053448996,0.39879119226917226,0.23421147303796414,0.055424480766073,0.7037844054964978,0.13075749868552114,0.06745818371424663,0.13131819989280452,-0.29937486627214843,0.01672141725919564,0.44247309763056597,0.16153391618383683,-0.08172756219447812,0.7936901693487745,0.48197533954806887,0.44965214407075876,0.5321161121188548,0.39444528883274205,0.47748230241241113,0.5036016655240059,-0.11317970950915099,0.3586096902704977,0.4259526335203743,0.5017035660263901,0.5468673619760253,0.2571459481486075,0.4996391582608109,0.21047084705234137,0.2040796974763356,0.6777734985179771,0.04540371587456427,0.6467984301978372,0.028536252369692608,0.10530468410338871,0.4950802206902299,0.16733788275204184,0.4879893234622441,0.3602002364711714,0.07366783039202893
Frontal_Mid_2_L,0.4272039873678774,-0.08499311879533092,-0.053459877583654676,0.34249358194217056,0.14396890784077948,0.6555396134569453,1.0,0.5279730866431773,0.3232739327053625,0.2293255740645058,0.46146951426654914,0.3893022141299846,0.12993322918443412,0.4735219838140289,0.6942807200053002,0.1671713120258858,0.24523963030732798,0.688131919621637,0.5011880410699968,0.3230331918057593,0.41992700429961194,0.510847724451981,0.530872926531984,0.44949397879032743,-0.15982157874361608,0.6152805123930717,0.32870423475780547,-0.04987878862063351,-0.008918804006531745,-0.36014863195513036,0.39946130909831323,0.3447068582672481,-0.08718686153034773,0.2788399963965695,0.6102254476732004,0.532166043169149,0.2979362742523752,0.3902422766234484,0.7094616832445547,0.6727597034501105,0.3223931934578189,0.12068242393407973,0.34129984922561246,0.35710291487433204,0.5766328134813898,0.45559100621583853,0.5989606748911805,0.34663189157357077,-0.01376327353763831,0.3452598187174124,0.6496198458906455,0.061957005716883784,0.253503980121405,-0.10831865486661492,0.4114061696063635,0.3333794073987483,0.24243510263675216,0.10573641887696043,0.3185996885037298,0.24170867334459362
Insula_L,0.6365333068288167,0.2719788474422901,0.3520645092223398,0.2897383583007263,0.1630300294106012,0.663567554608657,0.5279730866431773,1.0,0.0672148502303689,0.08325389682863146,0.3468619274027273,0.3556017672173937,0.05296860087448324,0.6440541068100399,0.32442647101931155,0.30290947417467734,0.48206854689208234,0.6439863529518527,0.5936353316579979,0.7205783387579333,0.5741361895034283,0.7431574331738455,0.6952165562703382,0.25364570116699153,0.38189005666525866,0.38576626542514725,-0.060312532521266074,-0.06346246121650131,0.07503202437938945,0.007501383336609158,0.14929716619341868,0.4475407293150555,0.24214723582280542,0.34996448624002235,0.9054920801731755,0.5835101337765047,0.6984206621463291,0.43489848079436383,0.5314071046583,0.6336670052459196,0.6138301420177021,0.3111358585537535,0.6020518713770354,0.5996195316918024,0.5750626565320301,0.48028010970514684,0.5281809261702315,0.23116814938056343,0.4419083095392435,0.10779186247093812,0.5068828460320095,0.17276522225937255,0.5387879437589588,-0.1267091326440251,0.5077687833326318,0.6239176706107463,0.254072498924954,0.6541973331494059,0.2966975539754829,0.39868978034497365
Parietal_Inf_L,-0.2066487945971952,-0.5515998122548205,-0.1564794905456367,-0.48051867545137533,0.6632427625749212,0.2050922994781328,0.3232739327053625,0.0672148502303689,1.0,0.5784916621020987,0.5266123145565484,0.7186106462325371,-0.3131100941114824,-0.08275661826358353,0.7056219743349963,0.5002332634922244,0.08051570022806963,0.5488453695738964,-0.18309016199203101,-0.19433944612242016,0.49230296281285046,-0.04649355186098819,0.05613236359202712,0.8655186234298325,-0.37166584562269944,0.4587268313138205,-0.07780107081419374,0.47027536872379117,0.7083654569859138,-0.6446829119919883,-0.23697535642049936,0.5133155024938465,0.31168285377810523,-0.12296330023549282,0.18454724080204296,-0.18188051400609362,0.017338580045443856,-0.39755066720343873,0.2764519335013008,0.15133226746039236,-0.19980312494249947,-0.31173795989534697,-0.31927701595375735,0.3359180759713045,0.15999704971809062,0.7576081155787078,0.05451004195563393,0.6503548912391413,0.06014206004852895,0.6918689484428877,0.5363047287759384,-0.43974115153741195,0.16555449055769972,-0.2695666532998917,0.08716887606458282,-0.18134275351497062,-0.5130915964421628,-0.22373019701094815,-0.241426754484057,0.27451752007583197
Paracentral_Lobule_L,0.243272534385817,-0.17160886517021154,-0.2759313574596983,-0.33366864245936523,0.7064747038115402,0.41676693710764595,0.2293255740645058,0.08325389682863146,0.5784916621020987,1.0,0.7346556256725405,0.3357718060883341,0.1038303152232561,0.09477743569512781,0.7413885840176642,0.12444643965716473,0.31719019749682925,0.44619256294841325,-0.10180954684027708,0.16266037011501874,0.5870531189025047,-0.08725347219859081,-0.079515680397882,0.3770514732065022,-0.004329210667883269,0.6115177420227546,0.2728103136377404,0.6202606684384392,0.6851416696459874,-0.38379468152154783,-0.48464498560934005,0.6091733654592119,0.5337061756155259,-0.496900995355215,0.27597663847742,-0.15285942043091974,0.21238965459057466,-0.10773348465062839,-0.09581941017349123,-0.018408829199585718,0.25345716410914826,-0.43959858099852595,-0.1322944806268486,0.39209946337205115,0.29969018041925377,0.7118821010252312,-0.270776497153546,0.5310879496798592,0.4055394214083767,0.600822975196974,0.5345175060212057,-0.40582863740666797,0.6100487592688741,0.1693120696391492,-0.3573189744506669,0.03074085417225527,-0.36147247423408824,0.19985804096372636,-0.2153602810111517,0.008719625462507057
Precentral_R,0.25951136209143244,-0.2333798854747458,-0.11875806930882127,-0.3282299856719731,0.7952577440026171,0.6151550258741398,0.46146951426654914,0.3468619274027273,0.5266123145565484,0.7346556256725405,1.0,0.5612071836200065,-0.27463805501326016,0.1593606307074479,0.8044375575091323,0.2615669373675944,0.4935938432706954,0.6546941182777127,-0.11083166240041946,0.1599814258605774,0.6526821862591841,0.28293621849417766,-0.060539581460134134,0.5070076333394078,0.04223755656841084,0.8163297836963798,-0.03382382353285758,0.3967671983561547,0.4964235929956473,-0.5408950595931886,-0.5017609444802733,0.70820315319763,0.5255363059080456,-0.39012778232593726,0.5282924702203673,-0.12142317225589146,0.25629124299451783,-0.06955209545648477,0.43670192816911335,0.44386421390187053,0.3376078642568229,-0.5699820379412637,-0.15086519276763863,0.45837456445028246,0.3310110287706907,0.7358324837340375,-0.027750725121161036,0.689826859643866,0.4184571480667945,0.24645596400610773,0.7232145532657431,-0.49583800687728175,0.7237428947303947,-0.32242831650258524,0.05287551855270062,0.04092135632056216,-0.40201012186868945,0.24091356042748946,-0.20805966423218547,0.351801231120803
Cuneus_R,-0.035690637827487964,-0.38417594444047215,0.36522249469768703,-0.5116698729780452,0.684790036688421,0.1784803790672741,0.3893022141299846,0.3556017672173937,0.7186106462325371,0.3357718060883341,0.5612071836200065,1.0,-0.5470610219015963,-0.07823085136259908,0.5445431035056383,0.7701439962329987,0.35919772496168256,0.692697884075008,0.013356399979372597,0.004359104738042262,0.7018812087079668,0.43300380019241064,0.26971345323731,0.8827563648361005,0.07751845506448006,0.3713831644378616,-0.24560897261081896,0.20737847716919217,0.6075329520964502,-0.4310863575448085,-0.2643019231432139,0.6733637197628667,0.4394453703333422,0.16224326587012158,0.37320549195832936,-0.15036483575059809,0.32994349345764346,-0.4608690611597513,0.629349751045766,0.4742528963545992,0.17014412500071474,-0.07453164304260014,-0.15784397315765064,0.6086941586610798,0.3504727107654251,0.7526185773250628,0.3500837673559332,0.4862098935000608,0.4178924942934424,0.43397016847128805,0.6308446377491599,-0.43704859281040465,0.27433698248580696,-0.6602717840662307,0.5148626091597776,-0.05986365784399091,-0.4738673815741427,0.045583611436775126,-0.36241675203131385,0.652452222210734
OFClat_L,0.5118077817843065,0.1953052913492122,-0.3353026736040845,0.5044834325569139,-0.4196800528069687,0.12476387815852351,0.12993322918443412,0.05296860087448324,-0.3131100941114824,0.1038303152232561,-0.27463805501326016,-0.5470610219015963,1.0,0.2612089690849598,-0.11138425958509447,-0.5188816638464084,0.008974953537428554,-0.22071473492670715,0.49256317447249853,0.3265415733543721,-0.17784857083363567,-0.04832012896941855,0.24070366845597338,-0.4981312832600282,-0.11978844448799314,-0.13498802000189802,0.7337476352066966,0.06065140620993137,-0.26423485409918973,0.3832225254709263,0.45389435667246664,-0.1525187639503738,-0.2727031592656154,0.1008675599340315,0.0492217228773354,0.4954059691899696,0.05969001192600534,0.5365221150780424,-0.40810925212615506,-0.09290626658824493,0.20006770163111423,0.3555075984323268,0.4086826521816093,-0.22524444394179624,0.2628634538637716,-0.21870346352765332,0.04086965149734529,-0.4174574982428327,-0.1524915741325312,0.17329902335364972,-0.17426025367473325,0.5613495590672681,0.04178084837139806,0.8263814938093194,-0.2943361494463471,0.46784737399006143,0.6854325748064519,0.23306300412491435,0.3471335654844055,-0.5018556588471631
Thal_MDm_R,0.5490088638915297,0.5312559555931419,-0.009653355126450266,0.6659361275365258,-0.08242253245146909,0.648870996607265,0.4735219838140289,0.6440541068100399,-0.08275661826358353,0.09477743569512781,0.1593606307074479,-0.07823085136259908,0.2612089690849598,1.0,0.27690093678516975,-0.13749563992808303,0.07351481176850184,0.47443130478610157,0.4174711944564672,0.7198268983874521,0.2714839256379501,0.3165295780775494,0.5572386974377128,0.01162594880569088,0.24836567858530692,0.5042899043647117,0.08615574501556647,-0.04836717702213831,-0.04440116863550601,-0.05058157184028227,0.2522695524386012,0.05316359282249424,0.09092450929023158,0.08094767818736552,0.5980962136763847,0.5740146853572531,0.42572776885763103,0.7874520633919673,0.1898083849930529,0.3111296289347639,0.4553970375314535,0.19643000231907726,0.7919467584883221,0.38723631636860417,0.29742675870786617,0.23697680037971736,0.14864372971981804,0.28135789657231924,0.11402696798961665,0.016329375938506453,0.3011357014980979,0.30188362765365273,0.4215290785353215,0.3117160264446629,0.04626202764721676,0.45685899608917946,0.2680693402514027,0.5072060069606421,0.6318291668595106,-0.056897155920864195
Precentral_L,0.23494747311456204,-0.24076648621389352,-0.15317547571926324,-0.14078227371418015,0.6616102598222329,0.65744313661151,0.6942807200053002,0.32442647101931155,0.7056219743349963,0.7413885840176642,0.8044375575091323,0.5445431035056383,-0.11138425958509447,0.27690093678516975,1.0,0.3194905399243247,0.31450068288538535,0.7425729834943475,0.07501991083253035,0.18214511935453806,0.6591832554695949,0.18505656677084883,0.19760912574483977,0.663478881384354,-0.14718297846359513,0.8251580887467107,0.13070242345820263,0.32021655243930436,0.5399453673836389,-0.6325345742509461,-0.181630854706369,0.6372372571251765,0.3351687799510515,-0.215113586184378,0.5247766091318534,0.09064671762454456,0.257539386629822,0.03126842962552207,0.43274947828645927,0.3072314421315339,0.2389878191177366,-0.31721157625796653,-0.008368614898875514,0.4741013547726915,0.4288173329531042,0.7909428672641945,0.1593088699540692,0.7194565960017986,0.19445510054229334,0.5852502647219617,0.7532967134936042,-0.3767481377994488,0.5185780968104454,-0.16105450344307393,0.04209287001182973,0.1003570094838662,-0.2896961981192678,0.0951754968752812,-0.009254605556126116,0.25913118271897045
Occipital_Inf_L,-0.006767361903404433,-0.20045865286387504,0.6383131602812905,-0.4856597907439892,0.5475098310410902,0.056471916414629064,0.1671713120258858,0.30290947417467734,0.5002332634922244,0.12444643965716473,0.2615669373675944,0.7701439962329987,-0.5188816638464084,-0.13749563992808303,0.3194905399243247,1.0,0.39027825611738565,0.46609644956609697,0.11849642554230252,0.09047487415165506,0.6054607215458194,0.3695445900278016,0.3763724793765603,0.6951834714998061,0.28370110397227416,0.09018169742325978,-0.3180403694031441,-0.02098141625318127,0.47350207874110484,-0.1563239351965948,-0.2586786364752604,0.6229851198377807,0.3521076334253417,0.25606957033528266,0.2924054032031696,-0.10115660846401851,0.3841212542625331,-0.46137484721044764,0.45250879358377816,0.2297014158544251,0.21098711906858536,0.21083370503540494,-0.08001424796367766,0.6015870511752013,0.3730179480828246,0.5295519599279142,0.39442554821901143,0.2600661012530585,0.44930839909994824,0.36829299745771865,0.3906651776454539,-0.37444987700714943,0.15402635756918395,-0.6411502359501077,0.5029374865473316,0.01749043857374244,-0.3306092876087738,0.15993825196449277,-0.4149636440102631,0.5733321918408846
Red_N_R,0.5835345237449555,-0.10982219101696174,0.3209533332028926,-0.2300508818559522,0.5402809058015304,0.429168491017188,0.24523963030732798,0.48206854689208234,0.08051570022806963,0.31719019749682925,0.4935938432706954,0.35919772496168256,0.008974953537428554,0.07351481176850184,0.31450068288538535,0.39027825611738565,1.0,0.37005158190592563,0.2911336510815757,0.3813878411579176,0.6656275135226183,0.489025415276748,0.1883033780082334,0.1508008986900424,0.35378351108604456,0.28051895817899947,0.055755225828022593,-0.009716859120700127,0.26968112642488823,0.07576985608631082,-0.33116032160343334,0.7244483183867438,0.4104830196312647,-0.015510008004855996,0.5466026235771324,0.21041429434187797,0.455621139461245,0.025037812056433437,0.2398639645590465,0.26756107541639856,0.7060196017257474,0.0036194530972816566,0.08929113987478457,0.43986752230401527,0.5296072230997898,0.46099414180295945,0.20290855808782648,0.1169094909967303,0.5885457707292381,0.14627942713297798,0.4394871824357403,-0.2110697473921337,0.6320632328272051,-0.24460823640223478,0.2003475411610177,0.37731981843767404,0.0015623512676407906,0.5661018638025629,-0.33153160170903373,0.29395627600259766
Precuneus_R,0.30458578764123945,0.007809812188673336,0.19022686009059733,0.005023197898245637,0.5064970866395511,0.6602152204007832,0.688131919621637,0.6439863529518527,0.5488453695738964,0.44619256294841325,0.6546941182777127,0.692697884075008,-0.22071473492670715,0.47443130478610157,0.7425729834943475,0.46609644956609697,0.37005158190592563,1.0,0.22038336480089263,0.47681582575748765,0.7722372577331301,0.5007325060321557,0.5085375539694793,0.6829605695537739,0.16058238107689746,0.7401322063069415,-0.108064757178124,0.1705708180059547,0.4250797580861429,-0.44170636110585537,-0.07710930648055485,0.5662938672045649,0.3383973245693932,0.056894998268288866,0.7058504592657,0.2550756165152479,0.5633468472150285,0.16842910025521052,0.6035933710361924,0.5195568221378143,0.4474263939433287,-0.02170976460348846,0.23109144928998845,0.6896356479851584,0.49447507937572177,0.8234775879085665,0.3570247248379565,0.6386798781052929,0.38447305642688523,0.3942429343064618,0.6884759252973355,-0.2143565996078702,0.5593422242670235,-0.301826494635461,0.3255914132123254,0.3597950001238561,-0.19804799269562626,0.3426406778099831,0.0658486305564577,0.46222507150667713
Thal_VL_L,0.7753352316875325,0.3191106957000145,0.2760838790987924,0.5217267211809175,-0.24644625521192753,0.3991152527388315,0.5011880410699968,0.5936353316579979,-0.18309016199203101,-0.10180954684027708,-0.11083166240041946,0.013356399979372597,0.49256317447249853,0.4174711944564672,0.07501991083253035,0.11849642554230252,0.2911336510815757,0.22038336480089263,1.0,0.631280458947589,0.23179741314109922,0.6011324299648225,0.7854885223589347,-0.05787882754034188,0.22408746895696222,-0.09257284812089199,0.36543333316809984,-0.20121763394303496,-0.220116714581764,0.3815336365130935,0.574449680825614,0.24297390618963824,-0.22401082050544835,0.6357478206025785,0.48695335956253244,0.6753956882150053,0.5239281123149527,0.465096550771006,0.2754478352267074,0.43741480404684824,0.4968433667440835,0.7338666901315912,0.6971247360216001,0.3187572624007281,0.7488208684513648,0.10463490586538812,0.7206628539740106,-0.34786727742745116,0.15404223601897832,0.2621562405549242,0.26438511064066994,0.4457818902462402,0.08960784572196667,0.19053693589995893,0.4576100505584445,0.5857928970491967,0.7664512240929123,0.46067174115276693,0.36042791596078405,0.019230845146113163
Fusiform_R,0.7507791315540455,0.6578382342604598,0.34831045392656473,0.42719646854202215,0.034426883493059154,0.6120194581843815,0.3230331918057593,0.7205783387579333,-0.19433944612242016,0.16266037011501874,0.1599814258605774,0.004359104738042262,0.3265415733543721,0.7198268983874521,0.18214511935453806,0.09047487415165506,0.3813878411579176,0.47681582575748765,0.631280458947589,1.0,0.4996123150701708,0.47162373356669735,0.716793498858695,-0.06828349038681514,0.6237104199830987,0.26795509603188444,0.10310994899727675,-0.07936184305759289,0.05144612407284546,0.2486130752990389,0.09533758529397497,0.3279355453940984,0.2509303386025964,0.16064548062758077,0.6912828804639028,0.5315106584605711,0.8280882612968473,0.563792013910658,0.08972259919254928,0.2946316452984262,0.7555543135697957,0.4406488268257109,0.7221915467509581,0.624906913552326,0.560511732796841,0.3296166735997724,0.2598386623725716,0.04539346432002542,0.5535302181479037,0.14521273628099887,0.3252656068622058,0.256753511596487,0.5663565223259345,0.23367181850385293,0.11243773400160849,0.7326635794857864,0.3882616896480828,0.8382983392040342,0.3706350167983529,0.06650401454621666
Lingual_L,0.4294462841756979,-0.03996268988756217,0.3753627318664764,-0.27218964374332877,0.7129635217366291,0.5333862354604257,0.41992700429961194,0.5741361895034283,0.49230296281285046,0.5870531189025047,0.6526821862591841,0.7018812087079668,-0.17784857083363567,0.2714839256379501,0.6591832554695949,0.6054607215458194,0.6656275135226183,0.7722372577331301,0.23179741314109922,0.4996123150701708,1.0,0.4723942356614144,0.42856216592429075,0.61719821595867,0.38204897832055484,0.5283373012331738,-0.025957082652046506,0.19186304878913596,0.6710048389326483,-0.25075468337906265,-0.3583041534558849,0.8083503595590075,0.6254989847788106,-0.020922961859030018,0.6452332444329997,0.0934113071065542,0.6676374664476561,-0.04599300376465669,0.35645197947100593,0.3078838214181264,0.6438099398733643,0.005764650814338525,0.18751642887799078,0.7875504453948166,0.5897208483022612,0.8604993337546288,0.21575294382686236,0.4852128592475257,0.6952971912420237,0.5153806068779275,0.7214996807310484,-0.3492972610144464,0.7111365417232435,-0.28625322373263706,0.2224479872520467,0.3513247867405004,-0.2699214854135642,0.5495539948880245,-0.20940768876829427,0.4578937942994312
ACC_sup_R,0.5899564194143061,0.12671054732260953,0.4700727660796387,0.18440441355508763,0.06103435876080712,0.38695782053448996,0.510847724451981,0.7431574331738455,-0.04649355186098819,-0.08725347219859081,0.28293621849417766,0.43300380019241064,-0.04832012896941855,0.3165295780775494,0.18505656677084883,0.3695445900278016,0.489025415276748,0.5007325060321557,0.6011324299648225,0.47162373356669735,0.4723942356614144,1.0,0.5649438638846669,0.19562841966131342,0.34803833605607826,0.17592961239948143,-0.0760698926213102,-0.19900641768627694,-0.08362720116568825,0.13805428103873227,0.2169154612865164,0.4187285196224738,0.06528287772931163,0.5983603489011937,0.621390926377056,0.4524367827406068,0.538679784685461,0.2501706772010177,0.6982172772518564,0.7123827778137193,0.552522187729706,0.39213336097635915,0.4918083792399772,0.40649172770494896,0.6592264852340971,0.3533364404739877,0.7311253595618676,-0.07779752731633884,0.3553841995752034,-0.04868221833787276,0.4333918661120154,0.10059825062173385,0.37785625429525715,-0.38780829075412576,0.7956659244024024,0.4927521191883781,0.3097574531442274,0.4999330451394188,0.05715081616720196,0.5403786667507681
Fusiform_L,0.5424926007894582,0.36748143092404434,0.45058638721764604,0.41282050623544125,-0.08973258618343259,0.39879119226917226,0.530872926531984,0.6952165562703382,0.05613236359202712,-0.079515680397882,-0.060539581460134134,0.26971345323731,0.24070366845597338,0.5572386974377128,0.19760912574483977,0.3763724793765603,0.1883033780082334,0.5085375539694793,0.7854885223589347,0.716793498858695,0.42856216592429075,0.5649438638846669,1.0,0.2665462941410148,0.31615052331899707,0.0943468816477147,0.10131548156766922,-0.16781979760472188,0.01476010751498346,0.15435452894259036,0.48528948936593697,0.27882557011433295,-0.042380458734690804,0.5632691767220598,0.631416180780724,0.6323062538480466,0.7001049543490497,0.375390804537707,0.39019219537685357,0.4511799998190978,0.4949325053081225,0.7478533178212923,0.6739158386851082,0.5740461662567723,0.603772220099687,0.308406282459457,0.6629195830317592,-0.020934136792784233,0.24879053642070628,0.35733749676132015,0.36593456438421235,0.3493348160348549,0.11868807418089511,0.02967680533247361,0.48054365377303765,0.6280272762890172,0.4405804430148567,0.4658812877887946,0.35090920527168357,0.21932560896637027
Angular_L,-0.16997751648316542,-0.4594331047655197,0.16675830193814992,-0.4190911722954559,0.6333113087515636,0.23421147303796414,0.44949397879032743,0.25364570116699153,0.8655186234298325,0.3770514732065022,0.5070076333394078,0.8827563648361005,-0.4981312832600282,0.01162594880569088,0.663478881384354,0.6951834714998061,0.1508008986900424,0.6829605695537739,-0.05787882754034188,-0.06828349038681514,0.61719821595867,0.19562841966131342,0.2665462941410148,1.0,-0.14559581243332445,0.45526643537791356,-0.20294980203115134,0.24516830608994833,0.6351126435154598,-0.618224806314778,-0.1567887444095955,0.5520078677618271,0.33638615132003713,0.05314391665219068,0.3170791973561747,-0.1359750840582586,0.19666242804476755,-0.3754439760282075,0.5350576459974316,0.347020435970269,-0.03526874550395828,-0.14367057080313714,-0.1680104527710508,0.5392627948991044,0.25837378290863156,0.7398256977414268,0.25850022704860226,0.6303079905137804,0.19561305965479653,0.5861532035104081,0.6279413300578972,-0.44484398821646426,0.1525778935966567,-0.512382994321613,0.3414000536681653,-0.14604241346192068,-0.5080296602337632,-0.13815866289085313,-0.19203599634921245,0.47721098105593285
Cerebellum_Crus2_R,0.38780981929578245,0.6540963636953361,0.7495220981553046,-0.03173349413582716,0.1323607550611373,0.055424480766073,-0.15982157874361608,0.38189005666525866,-0.37166584562269944,-0.004329210667883269,0.04223755656841084,0.07751845506448006,-0.11978844448799314,0.24836567858530692,-0.14718297846359513,0.28370110397227416,0.35378351108604456,0.16058238107689746,0.22408746895696222,0.6237104199830987,0.38204897832055484,0.34803833605607826,0.31615052331899707,-0.14559581243332445,1.0,-0.032058933241781086,-0.21685325204141612,-0.15568503987058588,0.10401457287576729,0.40286044491322553,-0.33292609643492316,0.2947918311466056,0.454626620030245,0.03769799303636493,0.26912883199329646,-0.013403569021925191,0.6670764511884287,0.062156466687326974,-0.024119972656245412,0.030222977120156574,0.6669000261592573,0.32470742703633465,0.41287385190163395,0.5786597660090786,0.27140478790120576,0.09110814488906036,0.017450633243356144,-0.13634232840745314,0.7946850011787882,-0.1402224884834724,0.025745233251060852,-0.0603526445613304,0.3990181853060023,-0.12304258415495808,0.09937774720651064,0.29632909486113074,0.02278532420202609,0.6989409068407015,-0.06098118077722473,0.28941431427357617
Supp_Motor_Area_R,0.2093998455104558,-0.029370093105560796,-0.22591856948218172,0.03747772069002253,0.5790559004481042,0.7037844054964978,0.6152805123930717,0.38576626542514725,0.4587268313138205,0.6115177420227546,0.8163297836963798,0.3713831644378616,-0.13498802000189802,0.5042899043647117,0.8251580887467107,0.09018169742325978,0.28051895817899947,0.7401322063069415,-0.09257284812089199,0.26795509603188444,0.5283373012331738,0.17592961239948143,0.0943468816477147,0.45526643537791356,-0.032058933241781086,1.0,0.007992245048008556,0.2972521542785675,0.36168008701593213,-0.5708116692435828,-0.23743522646012596,0.43067755234602445,0.37558233267321545,-0.39549734886332194,0.5576565693601533,0.0914987852444958,0.19061875773118872,0.27420402869132154,0.41115618815180766,0.3523221539857771,0.2963254382764187,-0.4702891087321867,0.07099902873893209,0.4075478998349736,0.20136284209839792,0.6214378148706815,-0.05784045732966166,0.8158133224723648,0.16897749816537372,0.19241841449000982,0.6315500933281196,-0.34494793452384415,0.6411180023427808,-0.08152949882671072,-0.07455409149609539,0.10716725255112218,-0.3324345833961747,0.18545079509714837,0.1153164250785031,0.1847796808836521
Frontal_Sup_Medial_R,0.3424236707536301,-0.061890443699399014,-0.3843433102079004,0.2413780998299686,-0.13931359485753975,0.13075749868552114,0.32870423475780547,-0.060312532521266074,-0.07780107081419374,0.2728103136377404,-0.03382382353285758,-0.24560897261081896,0.7337476352066966,0.08615574501556647,0.13070242345820263,-0.3180403694031441,0.055755225828022593,-0.108064757178124,0.36543333316809984,0.10310994899727675,-0.025957082652046506,-0.0760698926213102,0.10131548156766922,-0.20294980203115134,-0.21685325204141612,0.007992245048008556,1.0,0.08404508393300732,-0.06896225090114542,0.1455240215208545,0.31411953437073564,0.026919291598531223,-0.13602009875342258,0.058343327281257934,0.008689936083047703,0.30551309697064405,-0.043914751012231606,0.22653725051363374,-0.20266569037769397,0.025815015640278216,0.15755768577929885,0.14574589533731822,0.15557832931574325,-0.12860464290121504,0.35771499790382416,-0.0722967939495917,0.05530169802979353,-0.21587544273851966,-0.06365848798455,0.34242653940834034,0.11480069163116988,0.24575357765645006,0.06198379161398334,0.6360822306958469,-0.2274969812329316,0.20083366385092757,0.4181528198537118,0.05683294465981844,0.15774606505957975,-0.40599789743719006
Parietal_Inf_R,-0.025475366014068853,-0.2358869718568447,-0.32628969141540337,-0.28309996937108994,0.3935184128439305,0.06745818371424663,-0.04987878862063351,-0.06346246121650131,0.47027536872379117,0.6202606684384392,0.3967671983561547,0.20737847716919217,0.06065140620993137,-0.04836717702213831,0.32021655243930436,-0.02098141625318127,-0.009716859120700127,0.1705708180059547,-0.20121763394303496,-0.07936184305759289,0.19186304878913596,-0.19900641768627694,-0.16781979760472188,0.24516830608994833,-0.15568503987058588,0.2972521542785675,0.08404508393300732,1.0,0.4562233170829517,-0.1828808700675215,-0.3258081368556411,0.25117735327331236,0.2850646673224544,-0.35672164058166583,-0.02334198537338568,-0.2503898819665429,-0.07524951853480052,-0.188685924946476,-0.16992383041728173,-0.017658730304255237,-0.07275231180822854,-0.3401169411036131,-0.20907283347071365,0.060965075294321505,0.02069358351474287,0.4099080867230712,-0.3208908305035122,0.30800687765077556,0.13049397626253179,0.3507466576884015,0.1719358857015259,-0.23309395117321355,0.24616835499914014,0.19449064795168217,-0.28469350527949394,-0.11424916059029858,-0.30201831555835057,-0.033495820607215676,-0.18013302977826554,-0.018055849845013575
Occipital_Sup_L,-0.05678179308725623,-0.24840501751832736,0.09902250311081964,-0.5925995163868143,0.7700773683256801,0.13131819989280452,-0.008918804006531745,0.07503202437938945,0.7083654569859138,0.6851416696459874,0.4964235929956473,0.6075329520964502,-0.26423485409918973,-0.04440116863550601,0.5399453673836389,0.47350207874110484,0.26968112642488823,0.4250797580861429,-0.220116714581764,0.05144612407284546,0.6710048389326483,-0.08362720116568825,0.01476010751498346,0.6351126435154598,0.10401457287576729,0.36168008701593213,-0.06896225090114542,0.4562233170829517,1.0,-0.4316594348851723,-0.5572977428918342,0.6158252016321907,0.7045715434068315,-0.28249659531260995,0.1778831852510397,-0.313142160414725,0.2772714854089165,-0.4149399439482208,-0.04964088694073038,-0.12590589965920637,0.1384509210172538,-0.2927100089533554,-0.20977349598799633,0.5199409606534795,0.133766584530801,0.7527571604835763,-0.23068896545572398,0.5486371742657054,0.4869551958531916,0.6148080927087622,0.4876812949396508,-0.5200478401087019,0.4499426886599816,-0.1409133274644355,-0.12977863465098383,-0.09025074845747279,-0.6183221150132429,0.16792049821398142,-0.353929906151163,0.2601266058264449
Raphe_D,0.3243250112058855,0.4259319052037319,0.29340540749193744,0.2697215176841116,-0.4760118307640343,-0.29937486627214843,-0.36014863195513036,0.007501383336609158,-0.6446829119919883,-0.38379468152154783,-0.5408950595931886,-0.4310863575448085,0.3832225254709263,-0.05058157184028227,-0.6325345742509461,-0.1563239351965948,0.07576985608631082,-0.44170636110585537,0.3815336365130935,0.2486130752990389,-0.25075468337906265,0.13805428103873227,0.15435452894259036,-0.618224806314778,0.40286044491322553,-0.5708116692435828,0.1455240215208545,-0.1828808700675215,-0.4316594348851723,1.0,0.21471719394881364,-0.2190582449447756,-0.1714365012055449,0.31994699503860763,-0.1790245972651048,0.13940781878441488,0.10620375523177213,0.16127842898587064,-0.3512873041232258,-0.18792941065365673,0.22731308794545294,0.5523198649837091,0.3377225281211592,-0.1522784317793485,0.11100880261818352,-0.46063882346318563,0.09611288950116686,-0.7095218761507067,0.13833936233808344,-0.2804134690390733,-0.45612425377624705,0.33617423806578256,-0.12910459778815214,0.32786136631388024,0.018552830003010976,0.2372470584311273,0.5089090168935344,0.3152907403183619,0.014966916955057896,-0.1708088692164386
Pallidum_L,0.1701421034165638,0.10664915114999086,-0.1387130799354673,0.6958437887100176,-0.7003283364954567,0.01672141725919564,0.39946130909831323,0.14929716619341868,-0.23697535642049936,-0.48464498560934005,-0.5017609444802733,-0.2643019231432139,0.45389435667246664,0.2522695524386012,-0.181630854706369,-0.2586786364752604,-0.33116032160343334,-0.07710930648055485,0.574449680825614,0.09533758529397497,-0.3583041534558849,0.2169154612865164,0.48528948936593697,-0.1567887444095955,-0.33292609643492316,-0.23743522646012596,0.31411953437073564,-0.3258081368556411,-0.5572977428918342,0.21471719394881364,1.0,-0.43244417646514105,-0.699381009889762,0.5994819273294218,0.05040331077503975,0.5922816754459801,-0.06093779834205425,0.47363288950877863,0.19485227979372707,0.2588890146637323,-0.14780737582452294,0.5798137128150324,0.4373202021202938,-0.2592926226338243,0.16644277642409655,-0.33499514689855314,0.5498178304317126,-0.37795638421011096,-0.5537875768105567,0.0016339062403887459,-0.12843960170419794,0.5748637232537869,-0.4965380070206686,0.29585746709432387,0.30511235846365187,0.24653360672602487,0.6630215235753107,-0.2166011533863091,0.5408070684263139,-0.21409306437263154
Thal_PuA_R,0.46317869492640223,-0.17083980828071943,0.3155510783212577,-0.4662296709179036,0.8063196230615614,0.44247309763056597,0.3447068582672481,0.4475407293150555,0.5133155024938465,0.6091733654592119,0.70820315319763,0.6733637197628667,-0.1525187639503738,0.05316359282249424,0.6372372571251765,0.6229851198377807,0.7244483183867438,0.5662938672045649,0.24297390618963824,0.3279355453940984,0.8083503595590075,0.4187285196224738,0.27882557011433295,0.5520078677618271,0.2947918311466056,0.43067755234602445,0.026919291598531223,0.25117735327331236,0.6158252016321907,-0.2190582449447756,-0.43244417646514105,1.0,0.5741415768158562,-0.05096236603324374,0.555024086683296,-0.010161548092233075,0.5202393993235542,-0.2425382984758039,0.32951427612281053,0.34184814370183736,0.5208679623156154,-0.06692525506259106,0.02139959175607597,0.6787213848649645,0.6256254441628275,0.7504020242476815,0.23380080273467907,0.35746683195038287,0.6442959973683487,0.5235195489090615,0.6411802736127813,-0.4130209962400084,0.6150588351281053,-0.3478577775062079,0.24102493018993287,0.21421424110339887,-0.21279912961965555,0.43172507436415664,-0.39101558801024877,0.4414651228918269
Occipital_Inf_R,0.08015198732881267,0.026419287269005495,0.27319153699497306,-0.5514012022646411,0.7135752048558862,0.16153391618383683,-0.08718686153034773,0.24214723582280542,0.31168285377810523,0.5337061756155259,0.5255363059080456,0.4394453703333422,-0.2727031592656154,0.09092450929023158,0.3351687799510515,0.3521076334253417,0.4104830196312647,0.3383973245693932,-0.22401082050544835,0.2509303386025964,0.6254989847788106,0.06528287772931163,-0.042380458734690804,0.33638615132003713,0.454626620030245,0.37558233267321545,-0.13602009875342258,0.2850646673224544,0.7045715434068315,-0.1714365012055449,-0.699381009889762,0.5741415768158562,1.0,-0.34912017157011616,0.29118969693695795,-0.29128680900355064,0.39599107896162883,-0.27614912158289495,-0.006278575099796728,-0.041022725997824576,0.3714275498871873,-0.3078404103256465,-0.08039321536545133,0.564019582432639,0.09128856735759029,0.5475903474061786,-0.32561205475861676,0.4503281092859546,0.713748399641491,0.23052139089162185,0.3573736734545387,-0.44339112556252275,0.6600330764410419,-0.17868711627452855,-0.09435195138082708,0.016535645079761824,-0.5322995236893728,0.48628509099435635,-0.295463477889362,0.36671818168783277
