,OFCpost_L,Vermis_1_2,Cingulate_Mid_L,ParaHippocampal_L,Rolandic_Oper_R,Caudate_L,SN_pr_R,Cerebellum_Crus1_R,Parietal_Sup_R,OFCant_L,Putamen_L,Thal_MDl_L,Cingulate_Post_L,Cerebellum_Crus2_L,Supp_Motor_Area_R,Temporal_Inf_L,Frontal_Inf_Orb_2_L,Olfactory_R,ACC_pre_R,Calcarine_L,Heschl_L,SN_pc_L,Cingulate_Mid_R,VTA_R,Thal_VL_L,N_Acc_R,Temporal_Mid_R,Cuneus_R,Parietal_Sup_L,Frontal_Inf_Orb_2_R,Temporal_Pole_Sup_R,Temporal_Pole_Sup_L,Thal_VL_R,Cerebellum_9_L,Thal_LP_L,Temporal_Pole_Mid_R,Precentral_L,SN_pc_R,Calcarine_R,Insula_L,ACC_pre_L,Pallidum_L,Fusiform_L,Thal_LP_R,Vermis_4_5,Occipital_Mid_L,Frontal_Inf_Oper_L,Thal_PuI_L,Olfactory_L,N_Acc_L,Vermis_10,Raphe_M,Cerebellum_4_5_L,VTA_L,Frontal_Sup_Medial_R,Rolandic_Oper_L,Cerebellum_6_L,Thal_PuL_R,Vermis_8,ParaHippocampal_R,Postcentral_R,Angular_R,ACC_sub_R,Raphe_D,Cerebellum_8_L
OFCpost_L,1.0,-0.10303138754404646,-0.13439541547164008,0.669194578824052,0.24581573798708561,0.5243861646442132,0.16948892100181295,-0.1452662333609209,0.0005659462294878001,0.32811184338309307,0.31725658491490477,0.6655442711176826,-0.20496209251553663,0.16246705347034732,-0.26899399541302516,0.5871583435031184,0.3922033082940597,0.17796834890088703,0.40248789138927743,-0.08432083538919076,-0.18213024924653873,0.5417900915858959,0.04407111982732629,0.5552681199121696,0.482934644410608,-0.16211960764399566,-0.15962549709623064,-0.20162194836821623,0.10443369295101064,0.15391999942621304,0.5568821510477028,0.7621957990741194,0.23659539126584092,0.16711403605705671,-0.20781008110271518,0.6275539056020882,-0.30980351405411766,0.4724362740906701,-0.08511916130590137,0.41518411274539435,0.5777798489235981,0.5899261578950912,0.5051679265686309,-0.40093579640707755,0.3328601143140755,-0.3116525443954177,0.2417770468138186,0.08342300105370483,0.6682832226085392,0.20055194102787893,0.1321284532541297,-0.17377864268539314,0.39012117833668136,0.2872599083895503,0.08127055424654742,0.2913437693694896,0.2344938909357993,-0.6082675396986142,-0.03330162303467986,0.7117582816817677,-0.46312912719978155,-0.388673280725194,0.6961005379148557,0.25922353609675075,0.31473593733937405
Vermis_1_2,-0.10303138754404646,1.0,0.6006470575496897,0.1907952726549313,0.4469994306370863,0.36238431456773723,-0.03726310009448645,0.5906428541732373,0.32167079922301284,-0.013925184296831952,0.3564325477565813,0.09751440444804405,0.5479207571226791,0.3302893645226718,0.3822631881900018,0.12083281583499847,0.18416394315502516,0.3133531596147416,0.31280217824711176,0.6634472825681846,0.5666727773983838,0.0011386417823757776,0.6025342693839972,-0.11460131117398424,0.4606060542390127,0.5119250902784366,0.6050486115343479,0.5186792549597756,0.031541948693066355,-0.18115145113741665,0.24848168068930226,0.03136830218220558,0.6269723357946961,0.613664896571317,0.47092047686597116,-0.17418974393029066,0.5571006209977403,0.12231305270371556,0.5857313640611653,0.5725943818258598,0.12796548602352537,-0.1484298865457865,0.4054250754700015,0.1823044903715837,0.5358508165608956,0.4070790714410353,0.439700242957913,0.6355449300422162,0.22240443274923385,0.0713901662170814,0.5459130773775244,0.5749217500381671,0.4121480418654295,-0.19023179766660706,0.17168371837594515,0.5537923291830926,0.5619384389765312,0.5210366018226041,0.47476257278680956,0.1018799151503436,0.3646171794206507,0.3066007659090812,-0.1951287137442883,-0.05454543943618133,0.3547042660968913
Cingulate_Mid_L,-0.13439541547164008,0.6006470575496897,1.0,0.18898774461210469,0.5925237251421931,0.3930002013241032,0.33533583069270523,0.457716075801721,0.056213842584046096,0.11778853468428337,0.42895670166816946,0.11258345658138559,0.6992051678995541,0.034851415299397864,0.6100448286151434,-0.05811656312915743,0.1353731899415945,0.2837048093087134,0.1195058502864164,0.711814164575998,0.6230506324128569,0.22485303266502468,0.8469312493164735,0.038115222842056734,0.35535772252729236,0.3967831803116854,0.6482759499923009,0.37814465661253405,0.008923876188060904,-0.03019721499806666,0.2679574426759179,-0.10458999625342548,0.5180722766083343,0.5147892306829404,0.6958141869817416,-0.12815137729894038,0.7835415443990505,0.1804655343410277,0.6067476125289804,0.4723338336695707,-0.02184021421600737,-0.16762870030514418,0.35997880275476146,0.41997411951056457,0.5737862118845702,0.3325606498710872,0.4221447619928901,0.7042671048910819,0.2394070333522731,0.091137937970835,0.5758505215102669,0.5702429357894102,0.649566411022907,0.024778150494322648,0.20503992269323712,0.5307117905666295,0.5758686466026823,0.5003718898129839,0.5670231090146325,0.12423718960407637,0.5689846808926659,0.5380539726978177,-0.37999213177463737,-0.27885426282553755,0.42048181428906856
ParaHippocampal_L,0.669194578824052,0.1907952726549313,0.18898774461210469,1.0,0.31302294239566625,0.7500815491818517,0.4366188171364026,0.11722668720903219,-0.27002969638209195,0.3529649749542433,0.579398230049682,0.8214823813580259,0.13651467430432537,0.2110475658824965,0.03269925862956066,0.5941484919067577,0.49974487292366226,0.26901652367775303,0.17437495114472548,0.3410623644321137,-0.16722529342547582,0.6095768117237222,0.4550879232117945,0.661852709228245,0.6806447460588777,0.08619089088833407,0.2203502170844362,-0.26689781448347044,-0.07401412370954143,0.37073875508686877,0.7906623916382374,0.6438988648971854,0.6688878752425779,0.6275298173589159,0.20632793932696825,0.6829751458513142,-0.06903377325737749,0.7477036575560702,0.22447772322374418,0.5891074768143213,0.3722152944306068,0.41764944706451224,0.6763386500408053,-0.233789182941929,0.6385872678731359,-0.32342750965428435,0.1931292230935942,0.40568539798929926,0.7340341563976305,0.3477398464772087,0.11784667684092359,-0.0497588968169148,0.5765166134117491,0.5027611352221143,0.17314915947646836,0.34343106825591185,0.49940038616354243,-0.39408297819559207,0.265678235930611,0.9242988710113272,-0.14419797820714855,-0.10137473581897537,0.36881665558960497,0.31112519791179705,0.7349249823580992
Rolandic_Oper_R,0.24581573798708561,0.4469994306370863,0.5925237251421931,0.31302294239566625,1.0,0.5505052527628769,0.24985609647350415,0.25322976132820857,0.18642552369909623,0.25341501118664533,0.4795981485928407,0.42767867599018006,0.30368303661098867,0.15882949212547673,0.33384391145764014,0.18979907728858703,0.22415332621805611,0.3130938877602185,0.557017148611053,0.38688116937192685,0.3831186303027798,0.24137332578493534,0.6699413969294014,0.22108735387535575,0.514024583547662,0.28990958191758304,0.29152543561303307,0.34834951674924824,0.047602276163162864,-0.22393834423033254,0.40139446937565176,0.3569718614605455,0.4795529416770354,0.4221312287292442,0.4321910921706817,0.02775786777414172,0.41346408628127,0.21862680820022662,0.41720200286913317,0.6698184965342323,0.4018568716469909,0.24539247840093895,0.49437912405987167,0.12007277170680083,0.506465312355088,0.12625716938981585,0.7344340824569427,0.5757726786712178,0.4113017937141848,0.20346115963972702,0.5383438359208879,0.2740504286183004,0.5225694720624697,0.17487645341387967,-0.02690538590086262,0.7301229857194782,0.5313996916813625,0.07083516701801314,0.3278233188463297,0.31673953145812367,0.24471242672135465,0.2518817658519162,0.06501380794043046,-0.09740675194409827,0.38597426723366757
Caudate_L,0.5243861646442132,0.36238431456773723,0.3930002013241032,0.7500815491818517,0.5505052527628769,1.0,0.37622740200452415,0.05734426711885969,-0.03309108963698016,0.37046387915008516,0.4490485671578995,0.8590610549933856,0.07210925552723027,0.24748333620667964,0.19321906170595213,0.6208172558360548,0.4871648591632092,0.2419152136536487,0.44910064905512204,0.4455956690362016,0.08218275987860443,0.6763428956708101,0.5542370999736613,0.5229163402652881,0.7723277145782953,-0.005591955461263922,0.14153272799292071,0.10948531297195231,0.20288883142291275,0.15488367164832498,0.6419592824582194,0.6371801502836513,0.5763005557607093,0.5702762578408597,0.329361235772747,0.5200652107041391,0.2717420645290756,0.46609585852732016,0.3831302678160193,0.6996259090509392,0.6036231231314666,0.5719608384514492,0.8413394384294498,0.0016852363190951573,0.6966872422891598,0.04997109733394197,0.5973641083442013,0.5946789780517525,0.7350215562786029,0.5721786133533653,0.38550242952982494,0.011532225027943512,0.6451253445770933,0.5457783599400013,0.16190062395964175,0.5858944437276531,0.5180296297703558,-0.2247552019002006,0.18999497580804148,0.7921291526531714,-0.0937492846168903,0.06349788311228396,0.3665980785193005,0.07603018121595315,0.6241613221986743
SN_pr_R,0.16948892100181295,-0.03726310009448645,0.33533583069270523,0.4366188171364026,0.24985609647350415,0.37622740200452415,1.0,-0.08645287938248276,-0.5311790781930251,0.6533791775416866,0.43091463829456567,0.4215854391609688,0.1812667924628849,-0.38946265310503697,0.4799000035575394,-0.11117515640254778,0.3093641395541374,-0.04520955030070223,-0.22854581626989218,0.3051315892329713,-0.13481989934953623,0.5075100515177923,0.4878730480151946,0.5418682557639344,0.16154750972156662,0.07683332071968059,0.2674242021612745,-0.24319786231408003,-0.10624183390578933,0.445330649569933,0.3494787099946608,-0.032563225020719136,0.2630132193126464,0.30060366172209757,0.5485714981818944,0.37614744565111596,0.2789084431302051,0.41198437057374127,0.13196251609504617,0.2741778065922909,-0.17692979901544884,0.1892031967510692,0.20025865333748322,0.33143764298616446,0.4053165685269464,-0.2712770946382315,-0.07240356322130397,0.28924579655288457,0.2636785016009921,0.16597032749658353,0.016363903120339397,0.09479466120179343,0.47304474935735275,0.6942454804823238,0.165040728732891,-0.025370358009935565,0.11975973997627506,-0.09386984060600106,0.1757469712788056,0.43141181003131585,0.37683251179562305,0.3759537373975863,-0.2123466074131921,-0.12123431308081789,0.35721367079259464
Cerebellum_Crus1_R,-0.1452662333609209,0.5906428541732373,0.457716075801721,0.11722668720903219,0.25322976132820857,0.05734426711885969,-0.08645287938248276,1.0,0.12373445529227874,-0.2245651270818033,0.4459329524850086,-0.15470702781097131,0.4244113044089482,0.5834419853895702,0.16897749816537372,0.06005423127101066,-0.04858570618181854,0.1689030709322578,0.09989717033078613,0.6508997040208984,0.42310957805632027,-0.026798666916931464,0.4618374350287368,-0.29244450726446986,0.15404223601897832,0.6384897286120124,0.6449615270207458,0.4178924942934424,-0.1939525938383433,-0.18854667049889592,0.06840505135987854,-0.04131419694238385,0.40419166768419906,0.5918836643833715,0.3785299446602866,-0.16861435943112188,0.19445510054229334,0.09516683741480263,0.7285094171423184,0.4419083095392435,-0.07433386899793111,-0.5537875768105567,0.24879053642070628,0.126570783805274,0.20977265195120476,0.35487529576085075,0.04159330663147039,0.3751506267433043,-0.10426009163968127,-0.2698159842787255,0.46636352788901264,0.4295047667984254,0.2215288807702773,-0.24894956003680418,-0.06365848798455,0.1699631045695955,0.7355334141207523,0.5327469693631095,0.6077212128147854,-0.08657244133490315,0.3886941583053876,0.3688361421358103,-0.23143827065720274,0.13833936233808344,0.49226233141401343
Parietal_Sup_R,0.0005659462294878001,0.32167079922301284,0.056213842584046096,-0.27002969638209195,0.18642552369909623,-0.03309108963698016,-0.5311790781930251,0.12373445529227874,1.0,-0.35864241522082957,-0.11998228117635167,-0.21025503736823692,-0.058814373193065275,0.3549065208028813,-0.14713131295606924,0.08443642107407462,-0.2697458396824794,0.061911049686716624,0.5954363930823648,-0.04529417111841127,0.3910300330953276,-0.27369062218802737,-0.11477998656004981,-0.3859176210138996,0.044280838758266126,0.06105798040725695,-0.06863573773273825,0.5507137753988909,0.2528050887548131,-0.5912077228294631,-0.17195852144544835,0.17411202792248973,-0.07793290077612221,-0.17140877203060298,-0.15755865797205612,-0.27130875400742044,0.10149679269636858,-0.392886387367662,0.03931898699502435,0.09334158931012818,0.4027238476873704,-0.09364256079545098,0.07733987440847108,-0.07727772899421143,-0.0761500820750153,0.4908631273844257,0.4273251881337861,0.09967227589678974,-0.07167660703815351,-0.1309302433591142,0.36242728301945587,0.11610615669449954,-0.0571101828327886,-0.46653348174248765,-0.24472026648853015,0.2975260516164085,0.08890813556079849,0.2210727900061789,-0.06584003928238275,-0.25121360390340586,-0.13082707641152863,-0.10370004307662085,0.1589255283688687,-0.09593248466618863,-0.26273632551553033
OFCant_L,0.32811184338309307,-0.013925184296831952,0.11778853468428337,0.3529649749542433,0.25341501118664533,0.37046387915008516,0.6533791775416866,-0.2245651270818033,-0.35864241522082957,1.0,0.35420653747112746,0.46923737526408626,-0.08042355830271665,-0.32563530873679547,0.47263840444950184,-0.03934870621448967,0.46519830357598135,-0.06072197553854787,-0.058521868575079176,0.1926645584183526,-0.269843895268621,0.43953155078849276,0.34737155158347566,0.5453256553105459,0.14972746189484143,0.01244704027332596,0.08221574939376446,-0.07894226309577718,0.012918803137337965,0.3326733833738679,0.2346834190658883,0.11473296275668492,0.1378576344052857,0.2981572936126217,0.3473137037603263,0.33865774162654894,0.220224329514736,0.26036606874882173,0.0563687658716018,0.30540243784697296,-0.059208339335638904,0.42509111241006775,0.26539633518383854,0.28405189087018146,0.40346743997010065,-0.2972027692212675,0.045847736462856004,0.1361775564031639,0.3224673820244218,0.23699718106129558,-0.06189430933370263,0.1067892772753784,0.4167248673929026,0.6434462208956128,0.21047526893586171,0.03217842358740061,0.0380839803637358,-0.20871728345680904,0.0337124942475503,0.43177523302157345,0.25739591200294676,0.2658763077041311,-0.0397233141967095,-0.19294873353136313,0.26020980396215637
Putamen_L,0.31725658491490477,0.3564325477565813,0.42895670166816946,0.579398230049682,0.4795981485928407,0.4490485671578995,0.43091463829456567,0.4459329524850086,-0.11998228117635167,0.35420653747112746,1.0,0.4211266913535014,0.2427518304449481,0.24817545295339058,0.3142992004909301,0.14214749594632647,0.18609088597660053,0.16877942330300752,0.27576551992292886,0.5542621555801788,0.08018470162701509,0.3458016014575009,0.638887811382244,0.31853204950584746,0.405771020791132,0.5266173480235479,0.5471489155895919,0.10436230583693146,-0.20742778657963104,-0.013494332698857005,0.4137123279765226,0.30795695904869347,0.5761189123570638,0.6281711346377751,0.45711493936249326,0.21575324987597844,0.13537296221832448,0.5054647279797808,0.4853937505508334,0.6608579940704998,0.1729296895242609,0.02024119791364287,0.3961597030111476,0.09770253019091438,0.5051978538541246,-0.09019012390299222,0.19025627632476919,0.43896481765668327,0.3740552538055782,-0.06069009192465885,0.2970948977463649,0.30296064123500843,0.5281606103967261,0.29659904327693226,-0.025293341355908414,0.23151152224923507,0.5898349272291913,0.053935957490015084,0.500997932551262,0.42704186591938303,0.3149774798480268,0.24262534586392545,0.01083099757872686,0.11327354120582905,0.6270867631830973
Thal_MDl_L,0.6655442711176826,0.09751440444804405,0.11258345658138559,0.8214823813580259,0.42767867599018006,0.8590610549933856,0.4215854391609688,-0.15470702781097131,-0.21025503736823692,0.46923737526408626,0.4211266913535014,1.0,-0.04521375316993572,0.12203193134101681,-0.025088602233303288,0.6955723177133986,0.5757670146653814,0.2136599545711607,0.35016852935676124,0.14639677117314862,-0.2272152077872018,0.634240358946149,0.35695515539261297,0.6493170614065144,0.7860152408295775,-0.13341783813498806,-0.08220900598649121,-0.2149922222861531,0.08964778152578527,0.33168362566285514,0.7267328418786676,0.7380638104059054,0.5630521539405597,0.44905350779294206,0.0952056935809469,0.6885184037708105,-0.07349782422278946,0.566118149967127,0.12644220393229313,0.531146442168795,0.5969647080405358,0.7529279324680128,0.7458201328058894,-0.28673476890387434,0.6019264470684293,-0.325877804472586,0.43868900543985834,0.38375494685630024,0.7322318114309325,0.5334709694937482,0.14138523319354143,-0.2634573252766658,0.5064165924658403,0.6551961360293955,0.23400130767022465,0.451983835786836,0.3357382254588871,-0.549086463167341,0.033924237127124855,0.8774701455142714,-0.32017870156820283,-0.20742323711350963,0.5390638285210129,0.30092310789021437,0.5830844293802876
Cingulate_Post_L,-0.20496209251553663,0.5479207571226791,0.6992051678995541,0.13651467430432537,0.30368303661098867,0.07210925552723027,0.1812667924628849,0.4244113044089482,-0.058814373193065275,-0.08042355830271665,0.2427518304449481,-0.04521375316993572,1.0,-0.19645387952225765,0.3004462277049719,-0.12492812242233824,0.2640370422781675,0.4557800223425376,-0.1691743141897252,0.4206889026416433,0.5465009038705139,-0.10417981603144996,0.5328184019658838,-0.11944577024494607,0.30694463038404557,0.3420736534726966,0.6307921980349859,0.005350200939926789,-0.22620506694804945,0.2756704823579692,0.4121927604667973,-0.19642900241786357,0.6544456969713704,0.4189488863661926,0.3980671337336768,-0.05711625643038788,0.4502082863018271,0.1854210383076963,0.23248229065517195,0.2296903199831444,-0.16781025941788233,-0.24767457168720608,0.04980525577524805,0.03880909954167222,0.43168351221717494,-0.006145981967755433,0.05785543741264384,0.42117177615015106,0.17401244591999737,0.00886209954758595,0.3135369784791168,0.49127247210502695,0.33566380245996197,-0.19780343355997312,0.4562297531571048,0.4442602121688318,0.3425040399447102,0.36114680409896266,0.576998838398936,0.05351604189816744,0.3889890812491436,0.197370099797825,-0.3037286239703578,0.03827326149872557,0.25763550638765725
Cerebellum_Crus2_L,0.16246705347034732,0.3302893645226718,0.034851415299397864,0.2110475658824965,0.15882949212547673,0.24748333620667964,-0.38946265310503697,0.5834419853895702,0.3549065208028813,-0.32563530873679547,0.24817545295339058,0.12203193134101681,-0.19645387952225765,1.0,-0.22591856948218172,0.536881934859995,-0.2227093035699348,-0.03737286817916381,0.48987222260648533,0.2782019818297072,0.09009967659818845,0.08707337202855009,0.12152168523895097,-0.18032598555448168,0.2760838790987924,0.2581669733411512,0.06564130423866099,0.36522249469768703,-0.019753699629451057,-0.5047557752146804,-0.003032385589393933,0.4327308481657111,0.15425040681191385,0.37760671626538567,-0.1046259958371082,-0.05893598632300589,-0.15317547571926324,0.06653662909302867,0.5262274792919097,0.3520645092223398,0.38547472504257335,-0.1387130799354673,0.45058638721764604,-0.2156996134886635,0.07748819031209792,0.32126717719895953,0.35252925444082484,0.13611723242780757,0.03254885711714184,-0.13591638372165876,0.29074637811635323,-0.0667787948160643,0.08016068023859302,-0.16417010632725945,-0.3843433102079004,0.18069152501909394,0.5862998716950174,0.0894475395382152,0.18883145477889143,0.08002647705622142,-0.2196915698399671,-0.10284040835856409,0.2600323537232858,0.29340540749193744,0.4704491694709936
Supp_Motor_Area_R,-0.26899399541302516,0.3822631881900018,0.6100448286151434,0.03269925862956066,0.33384391145764014,0.19321906170595213,0.4799000035575394,0.16897749816537372,-0.14713131295606924,0.47263840444950184,0.3142992004909301,-0.025088602233303288,0.3004462277049719,-0.22591856948218172,1.0,-0.4702891087321867,0.0994011407981832,0.10719990778472273,-0.07455409149609539,0.6327350377139522,0.2810808498844553,0.20961677522272834,0.6709807436829862,0.1153164250785031,-0.09257284812089199,0.4580082938408838,0.6411180023427808,0.3713831644378616,-0.05297956617078788,-0.08152949882671072,-0.06626528479657658,-0.38027495899886077,0.2093998455104558,0.4210585671623899,0.8138817066670901,-0.2745725038832593,0.8251580887467107,0.049183541347831775,0.4075478998349736,0.38576626542514725,-0.39549734886332194,-0.23743522646012596,0.0943468816477147,0.8158133224723648,0.4401540792474779,0.2530810645205819,0.14957006024163447,0.43236293301035705,0.0914987852444958,0.09493728333551205,0.23538778069569374,0.5842070844967564,0.4491738451984571,0.16624515129746692,0.007992245048008556,0.1041846713927867,0.19061875773118872,0.5790559004481042,0.3583760478873604,0.012118115017715753,0.8577755303399707,0.7829725472483371,-0.649957186641135,-0.5708116692435828,0.23515563284956165
Temporal_Inf_L,0.5871583435031184,0.12083281583499847,-0.05811656312915743,0.5941484919067577,0.18979907728858703,0.6208172558360548,-0.11117515640254778,0.06005423127101066,0.08443642107407462,-0.03934870621448967,0.14214749594632647,0.6955723177133986,-0.12492812242233824,0.536881934859995,-0.4702891087321867,1.0,0.3566296805239351,0.20130482860112717,0.42355949852196983,0.023632499849176706,-0.10570173039147057,0.41894489082342273,0.046273168145972425,0.24717820358237047,0.7338666901315912,-0.24262627986524724,-0.2611874601613204,-0.07453164304260014,0.18441123576578863,0.13138614116664896,0.5710417685423071,0.8090746251300501,0.370959527812577,0.32034327684446806,-0.29120841826576543,0.5859367815118494,-0.31721157625796653,0.302116426771037,0.1748767306477392,0.3111358585537535,0.7248190472610387,0.5798137128150324,0.7478533178212923,-0.5721633936622428,0.35324860988251783,-0.08566982913492592,0.42013005378266893,0.20684239876009874,0.519849562561242,0.36909502886125356,0.2006416543137515,-0.42712017816143594,0.27723608005821915,0.2538081011180384,0.14574589533731822,0.43379760126880784,0.422549202888498,-0.4875122184838182,-0.016307067690270318,0.6330065295128596,-0.6636415198419086,-0.459359542544261,0.7290727856883646,0.5523198649837091,0.5094863543046918
Frontal_Inf_Orb_2_L,0.3922033082940597,0.18416394315502516,0.1353731899415945,0.49974487292366226,0.22415332621805611,0.4871648591632092,0.3093641395541374,-0.04858570618181854,-0.2697458396824794,0.46519830357598135,0.18609088597660053,0.5757670146653814,0.2640370422781675,-0.2227093035699348,0.0994011407981832,0.3566296805239351,1.0,0.5684582538127209,-0.0866658187227554,0.1621653093944943,-0.06554561961452766,0.43953532335867457,0.2800658428158842,0.362212185770898,0.5314717427867759,0.00021111443071103169,0.16975777967192934,-0.25905283104542426,0.016863190714353427,0.6474549802106184,0.6752878897676348,0.3611309226830477,0.5146317791092611,0.40815531746872385,0.14327665046741414,0.5748873245833471,0.023932691279808998,0.4226028284963048,0.015368317070588304,0.44836538768233436,0.16663142409122053,0.5047982730347635,0.47262163489928355,-0.11198565084155672,0.5676055832000847,-0.3342093055787472,0.07447353448811139,0.3180515782382178,0.6014677970710294,0.5897503531711149,0.17059847777155693,-0.0692272685688459,0.4292929246533977,0.33347012935637493,0.538663983613384,0.37423498935870153,0.23903844938459612,-0.2771018302911135,0.260297719005151,0.6207041103207468,-0.08423611739621675,-0.06467016412905387,0.31350360682077005,0.29084750687307476,0.3635119912226679
Olfactory_R,0.17796834890088703,0.3133531596147416,0.2837048093087134,0.26901652367775303,0.3130938877602185,0.2419152136536487,-0.04520955030070223,0.1689030709322578,0.061911049686716624,-0.06072197553854787,0.16877942330300752,0.2136599545711607,0.4557800223425376,-0.03737286817916381,0.10719990778472273,0.20130482860112717,0.5684582538127209,1.0,0.12897094556015515,0.16401161153302415,0.3534439066809634,0.17119923795852432,0.26421645249600917,-0.08405894957108463,0.38824739315774737,0.30110303278548867,0.3584666260969714,-0.018843037754785838,-0.09248562809966525,0.15232385150990524,0.48980838514349656,0.22837195746119837,0.48880825614889195,0.2950322919462692,0.14732293628344387,0.09448142935620454,0.1155574974917292,0.18769918142369435,0.09659010615845041,0.4226182749752318,0.1732845201040364,0.09967950526130888,0.3137691564788846,-0.04584869092758202,0.45642252527090915,-0.046480892459080235,0.2670367553845582,0.37854933572999333,0.5553462158406165,0.3916097734139277,0.39442623111082736,0.11850989955505781,0.37220458966373876,-0.25717473444382133,0.30634033411436107,0.5183066548180643,0.35154142420393275,0.08021941230877702,0.3798552382768797,0.3202421185691596,0.03515439344750155,-0.0461879994838566,0.204186734075514,0.14112413752544686,0.2550302308091321
ACC_pre_R,0.40248789138927743,0.31280217824711176,0.1195058502864164,0.17437495114472548,0.557017148611053,0.44910064905512204,-0.22854581626989218,0.09989717033078613,0.5954363930823648,-0.058521868575079176,0.27576551992292886,0.35016852935676124,-0.1691743141897252,0.48987222260648533,-0.07455409149609539,0.42355949852196983,-0.0866658187227554,0.12897094556015515,1.0,0.06855823352123844,0.26575244296132444,0.14823231209797258,0.15422075233055627,0.0040797456476296895,0.4576100505584445,0.15325007387351836,-0.027613076068219302,0.5148626091597776,0.19141790099765113,-0.6167442292184512,0.15308533595825566,0.6077138726089557,0.19517505384165462,0.12861190246841123,-0.04314578795899314,-0.00899696713513988,0.04209287001182973,-0.0288153436178589,0.20127469579897292,0.5077687833326318,0.8096267226326517,0.30511235846365187,0.48054365377303765,-0.14484544983671915,0.2773571949898601,0.3115157430362109,0.7424288634126112,0.3146637797223734,0.343656160874867,0.09487400515241118,0.4561504581875276,0.018835746687945187,0.26534810176870766,-0.034509352836821786,-0.2274969812329316,0.49633060362032394,0.30264672270629855,-0.05522543565260058,-0.015699828721607353,0.18245367945089194,-0.24000216646110753,-0.16036211177672885,0.46421274724618533,0.018552830003010976,0.13966092137991443
Calcarine_L,-0.08432083538919076,0.6634472825681846,0.711814164575998,0.3410623644321137,0.38688116937192685,0.4455956690362016,0.3051315892329713,0.6508997040208984,-0.04529417111841127,0.1926645584183526,0.5542621555801788,0.14639677117314862,0.4206889026416433,0.2782019818297072,0.6327350377139522,0.023632499849176706,0.1621653093944943,0.16401161153302415,0.06855823352123844,1.0,0.42129548496702274,0.3086139207748386,0.7905681245051401,0.06666666062350055,0.28322059417561546,0.5402337548751098,0.7531875943064772,0.48665176465763327,-0.00706407173549184,-0.05492489519389232,0.19799546142426322,-0.06976721975678431,0.510481780063312,0.7526876635692304,0.7561911997301715,-0.04344409741563071,0.6496294352044756,0.2284589228761242,0.8173173336195442,0.6226345681487253,-0.10826909380453725,-0.25397036523445615,0.5006218421685992,0.5209632890912171,0.6018430194241021,0.43275451112013985,0.24514570187041973,0.6535729773902746,0.19273587036170167,0.11327048311643076,0.4796581229760258,0.5939999215394298,0.6350514321617852,0.1146618098440073,0.031174147272967717,0.31148795769649235,0.7090736760844448,0.5615973773370952,0.5970158312897137,0.22232925928755393,0.6237623133601243,0.6621671452632695,-0.390564570738293,-0.21156528302333769,0.5998336060872631
Heschl_L,-0.18213024924653873,0.5666727773983838,0.6230506324128569,-0.16722529342547582,0.3831186303027798,0.08218275987860443,-0.13481989934953623,0.42310957805632027,0.3910300330953276,-0.269843895268621,0.08018470162701509,-0.2272152077872018,0.5465009038705139,0.09009967659818845,0.2810808498844553,-0.10570173039147057,-0.06554561961452766,0.3534439066809634,0.26575244296132444,0.42129548496702274,1.0,-0.025335866036982783,0.37241979689664906,-0.342460792226635,0.21159784334936765,0.366495320633755,0.4291685512250464,0.585019005075747,0.23174184046382737,-0.32429096293292764,-0.026759871457231684,-0.23158275580238866,0.2667646276549381,0.14984555668451602,0.4326768254400859,-0.4145702944923292,0.5912219036276936,-0.23028359924920103,0.4606545940369302,0.3443965408414454,0.022654952222555428,-0.2851515290615493,0.20862285988713525,0.3454268096479184,0.20750337659865642,0.6007479776079299,0.4107174957501619,0.568482657722602,0.07676055365983724,-0.03464522746285173,0.7314477663850282,0.5912770469301737,0.3366283109982448,-0.4213704738609995,0.08099766811767536,0.5687223179280253,0.379835023729049,0.66053070562091,0.20012909305415683,-0.18574435799373012,0.36853016483707257,0.33269039532353195,-0.2707424532082174,-0.317692141836217,-0.03162518738471218
SN_pc_L,0.5417900915858959,0.0011386417823757776,0.22485303266502468,0.6095768117237222,0.24137332578493534,0.6763428956708101,0.5075100515177923,-0.026798666916931464,-0.27369062218802737,0.43953155078849276,0.3458016014575009,0.634240358946149,-0.10417981603144996,0.08707337202855009,0.20961677522272834,0.41894489082342273,0.43953532335867457,0.17119923795852432,0.14823231209797258,0.3086139207748386,-0.025335866036982783,1.0,0.4039073773133936,0.5586594677597778,0.41430578150461894,-0.014462928974337052,0.10083673555036533,-0.0598924171089309,0.14344198153629173,0.2440045378189448,0.38055482667313084,0.382129890318514,0.2062716531834346,0.35407496317229226,0.30539655867983906,0.46393825310830694,0.1344423669832381,0.5638914172381172,0.306085607602951,0.5020464394764985,0.2680158189460839,0.4088871483182933,0.6456740455735458,0.18932579222796053,0.5258822486193844,-0.053509182112623024,0.22824046286476043,0.4236986484931072,0.5832707251261385,0.3513654347050561,0.3191420956535548,-0.010581408599370868,0.6622567474017625,0.5354892753185776,0.11606272909266357,0.19831396327712927,0.3846084097364988,-0.21869513584136013,0.06011506695974912,0.651353598511999,-0.04652755017910146,0.12428480534916446,0.23373165300123122,0.0028528211783643144,0.46849691274490457
Cingulate_Mid_R,0.04407111982732629,0.6025342693839972,0.8469312493164735,0.4550879232117945,0.6699413969294014,0.5542370999736613,0.4878730480151946,0.4618374350287368,-0.11477998656004981,0.34737155158347566,0.638887811382244,0.35695515539261297,0.5328184019658838,0.12152168523895097,0.6709807436829862,0.046273168145972425,0.2800658428158842,0.26421645249600917,0.15422075233055627,0.7905681245051401,0.37241979689664906,0.4039073773133936,1.0,0.2870234636808891,0.4349534646554814,0.5148621042597622,0.697595653115538,0.2758384897097416,-0.1379792675563876,0.029049390993228938,0.4184459540089044,0.05462085880265459,0.636762637965167,0.7150113005304011,0.7432689018780148,0.049835409633092846,0.6384113122184268,0.43121552528900287,0.6792363730706094,0.6904632371569882,0.0075292880793011475,-0.04929471511637888,0.5020057021891383,0.4116991266578666,0.7200314090185034,0.15584988169320185,0.40600604655906053,0.7019602353486646,0.3838697454965565,0.18066561977878323,0.44624775048389953,0.522384403173887,0.7289763580799594,0.2578888006573644,0.08927006457534202,0.5054868160063655,0.6607950020197866,0.34062829888524254,0.5652165121331968,0.3682453046145105,0.5897470799903269,0.5687619996093268,-0.2924640573158129,-0.15651890853320027,0.6444851427852311
VTA_R,0.5552681199121696,-0.11460131117398424,0.038115222842056734,0.661852709228245,0.22108735387535575,0.5229163402652881,0.5418682557639344,-0.29244450726446986,-0.3859176210138996,0.5453256553105459,0.31853204950584746,0.6493170614065144,-0.11944577024494607,-0.18032598555448168,0.1153164250785031,0.24717820358237047,0.362212185770898,-0.08405894957108463,0.0040797456476296895,0.06666666062350055,-0.342460792226635,0.5586594677597778,0.2870234636808891,1.0,0.36042791596078405,-0.17594992232803264,-0.06619231819486843,-0.36241675203131385,0.0007706343205222924,0.3926383419280048,0.46610392093607717,0.35583038204576695,0.22837848444038295,0.25129330531082505,0.1587156289864898,0.5372835114047478,-0.009254605556126116,0.675392959790199,-0.04706077095376087,0.2966975539754829,0.15996427061191013,0.5408070684263139,0.35090920527168357,-0.04769045813591195,0.3829273583851951,-0.41162177808627315,0.07987596586043483,0.19229294747223183,0.5444748772506698,0.2348913860152172,-0.10558998981128369,0.004019328557249973,0.4258330141226932,0.628208942574223,0.15774606505957975,0.11296038369257341,0.09117297489322175,-0.5003713882061509,-0.07725387266202731,0.7000822112710121,-0.0965290898492875,-0.05791943872914252,0.21418133401513728,0.014966916955057896,0.3362953254672773
Thal_VL_L,0.482934644410608,0.4606060542390127,0.35535772252729236,0.6806447460588777,0.514024583547662,0.7723277145782953,0.16154750972156662,0.15404223601897832,0.044280838758266126,0.14972746189484143,0.405771020791132,0.7860152408295775,0.30694463038404557,0.2760838790987924,-0.09257284812089199,0.7338666901315912,0.5314717427867759,0.38824739315774737,0.4576100505584445,0.28322059417561546,0.21159784334936765,0.41430578150461894,0.4349534646554814,0.36042791596078405,1.0,0.05390491009941927,0.08960784572196667,0.013356399979372597,0.09111110726853798,0.19053693589995893,0.7403414569916725,0.6515086120005912,0.7753352316875325,0.5604706754287542,0.13603068349227584,0.4764383408930653,0.07501991083253035,0.4479673180186932,0.3187572624007281,0.5936353316579979,0.6357478206025785,0.574449680825614,0.7854885223589347,-0.34786727742745116,0.6337570459514502,-0.11376747922326999,0.5860118621223854,0.6184090480025511,0.6753956882150053,0.45453684775142755,0.4231996262213768,-0.025960104593570454,0.5177009378086417,0.3043581913614582,0.36543333316809984,0.7268582585681612,0.5239281123149527,-0.24644625521192753,0.17874062020011303,0.6985717909183699,-0.28844717467582226,-0.2539368529197817,0.47319531007257226,0.3815336365130935,0.5782932332032008
N_Acc_R,-0.16211960764399566,0.5119250902784366,0.3967831803116854,0.08619089088833407,0.28990958191758304,-0.005591955461263922,0.07683332071968059,0.6384897286120124,0.06105798040725695,0.01244704027332596,0.5266173480235479,-0.13341783813498806,0.3420736534726966,0.2581669733411512,0.4580082938408838,-0.24262627986524724,0.00021111443071103169,0.30110303278548867,0.15325007387351836,0.5402337548751098,0.366495320633755,-0.014462928974337052,0.5148621042597622,-0.17594992232803264,0.05390491009941927,1.0,0.7267052429677178,0.34450178967306455,-0.326601841181993,-0.30416479788343687,0.03266187263373171,-0.1580120016401903,0.39624879793640205,0.49647245020917063,0.5028286619699697,-0.34469409235629966,0.2767525349456717,0.17854364798038155,0.5328629164838549,0.518438405290183,-0.21180325145867504,-0.4742047934808902,0.09077813017465906,0.3544044284149973,0.29876785776740566,0.18763007822706493,0.04573923650884961,0.3750396501145537,-0.005621006244476365,-0.18222738056177903,0.3365242508122409,0.5342882604821212,0.2672648602203613,-0.22317903913636086,-0.17349765594688282,0.13089301882243806,0.47173647832057636,0.5606172144812758,0.4593491554292007,-0.07987581969977742,0.5824070835391434,0.43310733974622545,-0.3480441350589379,-0.09099927643372173,0.32294125147785924
Temporal_Mid_R,-0.15962549709623064,0.6050486115343479,0.6482759499923009,0.2203502170844362,0.29152543561303307,0.14153272799292071,0.2674242021612745,0.6449615270207458,-0.06863573773273825,0.08221574939376446,0.5471489155895919,-0.08220900598649121,0.6307921980349859,0.06564130423866099,0.6411180023427808,-0.2611874601613204,0.16975777967192934,0.3584666260969714,-0.027613076068219302,0.7531875943064772,0.4291685512250464,0.10083673555036533,0.697595653115538,-0.06619231819486843,0.08960784572196667,0.7267052429677178,1.0,0.27433698248580696,-0.2921257095900444,0.00016844272337849424,0.25322800774492105,-0.1803498000463384,0.5405182024444607,0.6170626169068322,0.6793155855867311,-0.1323616289033245,0.5185780968104454,0.3114749945982288,0.4982842879283917,0.5387879437589588,-0.2642653259213711,-0.4965380070206686,0.11868807418089511,0.45205855553925905,0.5506547207844986,0.2262480028727154,-0.04081980467110847,0.4853591210628069,0.12176219289515137,-0.07096267204270416,0.3611810133403147,0.6466515839151985,0.46853936114250144,-0.1414663226340945,0.06198379161398334,0.18488151133076944,0.5035401867897197,0.5908679043690773,0.7321300665919986,0.06990018631463747,0.7070166638162215,0.5875312798116954,-0.43156120102481443,-0.12910459778815214,0.4213059480483329
Cuneus_R,-0.20162194836821623,0.5186792549597756,0.37814465661253405,-0.26689781448347044,0.34834951674924824,0.10948531297195231,-0.24319786231408003,0.4178924942934424,0.5507137753988909,-0.07894226309577718,0.10436230583693146,-0.2149922222861531,0.005350200939926789,0.36522249469768703,0.3713831644378616,-0.07453164304260014,-0.25905283104542426,-0.018843037754785838,0.5148626091597776,0.48665176465763327,0.585019005075747,-0.0598924171089309,0.2758384897097416,-0.36241675203131385,0.013356399979372597,0.34450178967306455,0.27433698248580696,1.0,0.3822338746607955,-0.6602717840662307,-0.34891044404224664,-0.08258253758800879,-0.035690637827487964,0.1397782222338139,0.4049085520536313,-0.4459225257597376,0.5445431035056383,-0.4377516575534174,0.6086941586610798,0.3556017672173937,0.16224326587012158,-0.2643019231432139,0.26971345323731,0.4862098935000608,0.0799429215914977,0.8308582811095659,0.48580167853051354,0.43095428356398907,-0.15036483575059809,-0.1287547305429622,0.5869154942935499,0.42243305643847023,0.19639301017519378,-0.24488051650143758,-0.24560897261081896,0.27411310191307076,0.32994349345764346,0.684790036688421,0.05490656507700834,-0.29215466532908707,0.3975131185392202,0.5346877038258159,-0.2465068777319715,-0.4310863575448085,-0.04631494947472684
Parietal_Sup_L,0.10443369295101064,0.031541948693066355,0.008923876188060904,-0.07401412370954143,0.047602276163162864,0.20288883142291275,-0.10624183390578933,-0.1939525938383433,0.2528050887548131,0.012918803137337965,-0.20742778657963104,0.08964778152578527,-0.22620506694804945,-0.019753699629451057,-0.05297956617078788,0.18441123576578863,0.016863190714353427,-0.09248562809966525,0.19141790099765113,-0.00706407173549184,0.23174184046382737,0.14344198153629173,-0.1379792675563876,0.0007706343205222924,0.09111110726853798,-0.326601841181993,-0.2921257095900444,0.3822338746607955,1.0,-0.06044116920256041,-0.12580587339951377,0.07341813390135542,-0.19642077690220924,-0.20528850873042637,0.04949317172198274,0.0788791965789314,0.18410467528918767,-0.2937891322046215,0.07378603605084444,0.013143278756935986,0.24728823442274878,0.233457719509376,0.2587965604495536,0.13435584167182163,-0.11141643926135548,0.4924553482022577,0.26031287999137803,0.19912272752086782,0.054710456274245256,0.18823740897677016,0.2793995396842518,-0.0730522842155427,0.03048464804543433,0.08766231839877463,0.04448471022070346,0.177768789094927,-0.09386643465450768,0.09160231836728419,-0.37879677424069796,0.04900435246928754,-0.11938159055461059,0.12989998151905285,0.10588300327154923,-0.2150272523751073,-0.24452314019516316
Frontal_Inf_Orb_2_R,0.15391999942621304,-0.18115145113741665,-0.03019721499806666,0.37073875508686877,-0.22393834423033254,0.15488367164832498,0.445330649569933,-0.18854667049889592,-0.5912077228294631,0.3326733833738679,-0.013494332698857005,0.33168362566285514,0.2756704823579692,-0.5047557752146804,-0.08152949882671072,0.13138614116664896,0.6474549802106184,0.15232385150990524,-0.6167442292184512,-0.05492489519389232,-0.32429096293292764,0.2440045378189448,0.029049390993228938,0.3926383419280048,0.19053693589995893,-0.30416479788343687,0.00016844272337849424,-0.6602717840662307,-0.06044116920256041,1.0,0.5342541163057081,0.04020023365660599,0.25890844939821545,0.10750810271350518,0.005353883005611606,0.6840232985421113,-0.16105450344307393,0.4016656745965861,-0.2675886175779885,-0.1267091326440251,-0.1735988536394288,0.29585746709432387,0.02967680533247361,-0.2225030828999935,0.21531325821825845,-0.5382156180040032,-0.46932898767316805,-0.027894657692994394,0.25601089849387143,0.34440166212644985,-0.2945099496090669,-0.20876571266613866,0.0911685363753221,0.4115549441782928,0.6360822306958469,-0.10384865166481445,-0.10932264156049494,-0.3874423236186356,0.10184451346111172,0.444671225431606,-0.11228698738663477,-0.11029037786974671,0.12143296573615303,0.32786136631388024,0.1590536831347585
