,Vermis_6,Raphe_M,Frontal_Med_Orb_L,Frontal_Inf_Orb_2_R,Thal_VL_R,Insula_R,Thal_AV_R,Cuneus_L,OFCmed_L,Heschl_L,Heschl_R,Cerebellum_6_L,Cerebellum_9_R,Parietal_Inf_R,SupraMarginal_R,Supp_Motor_Area_L,Cerebellum_3_R,SN_pc_R,Occipital_Inf_L,ACC_sub_R,Parietal_Sup_R,Fusiform_R,Thal_MDl_R,Frontal_Sup_Medial_R,Thal_PuI_R,Cerebellum_10_L,ACC_sup_R,Thal_LP_R,Putamen_R,Insula_L,Calcarine_R,Paracentral_Lobule_R,Thal_VPL_R,Lingual_R,Cerebellum_Crus1_L,Thal_VL_L,SupraMarginal_L,Cingulate_Mid_R,Temporal_Inf_R,Thal_LGN_R,Temporal_Pole_Sup_L,Pallidum_R,Hippocampus_R,Temporal_Pole_Sup_R,SN_pr_L,Thal_PuL_R,Vermis_4_5,Thal_AV_L,Cerebellum_Crus1_R,Cerebellum_4_5_R,Thal_PuA_L,OFCpost_R,Frontal_Med_Orb_R,VTA_R,OFClat_R,Thal_PuI_L,Precuneus_R,Vermis_7,Cerebellum_10_R,Angular_L,OFClat_L,Frontal_Inf_Oper_L,Rectus_L,Cerebellum_Crus2_L,SN_pc_L,Occipital_Sup_L,Thal_IL_L,Cerebellum_6_R,ACC_sub_L,Temporal_Pole_Mid_L,Olfactory_L,Cingulate_Post_R,Supp_Motor_Area_R,Pallidum_L,Thal_MDm_L,Vermis_8,Amygdala_R,ACC_pre_R,Putamen_L,Occipital_Mid_L,Cuneus_R,Temporal_Sup_L,Vermis_1_2,Temporal_Mid_L,Frontal_Mid_2_R,Cerebellum_4_5_L,Temporal_Pole_Mid_R,N_Acc_R,Frontal_Inf_Orb_2_L,Thal_PuL_L,Frontal_Sup_2_L,OFCant_L,SN_pr_R,Thal_LP_L,VTA_L,Cerebellum_Crus2_R,Raphe_D,Precuneus_L,Olfactory_R,ACC_sup_L
Vermis_6,1.0,0.3280372446780321,0.10021282141979855,-0.04318872964794105,0.40978006596018135,0.5145836597806673,0.24812705966192436,0.4599919397251801,-0.008880007825000676,0.24145352100512066,0.045145332691528664,0.736276526245147,0.6847976493984615,0.04945254210424809,0.39286956311461974,0.3400897704880752,0.40789328758753474,0.17666956578269236,0.22064747720910324,-0.15945569940116036,0.03329927610695043,0.6190669543365035,0.21929916278856026,-0.025454824738429135,0.454377404230838,0.294916940860845,0.3113169242862967,0.20337475720871628,0.12470636006767832,0.45841986686544434,0.5216018041671101,0.35989383359234345,0.3799033250734765,0.7030743064434775,0.34731080137152875,0.1297218046332964,0.1837413967605925,0.5050169713264437,0.6772402103363769,0.25189047618657917,0.08570871172629002,-0.2229613277677074,0.38402464216082377,0.2540917337459983,-0.1329998861826152,0.3563487243998993,0.47214156601824897,0.21534514249620357,0.6537766244115999,0.6320400131339967,0.47987624526002354,-0.02401880808311312,-0.21670169173937295,-0.12052778526930685,0.09822960341827423,0.3376788196600268,0.5336762916897975,0.5878912507632807,0.5337682323989197,0.130229347795363,0.07450245750689173,0.10422452116368353,-0.16782715383131094,0.3654942656704858,0.11541643262021799,0.3771322457595043,-0.1293235070189754,0.6471438097900516,-0.18612788098913008,0.40553004411979976,0.1612300445540763,0.259129823478601,0.3290355604279168,-0.32596100986179954,0.29013719614132744,0.7596494065081375,0.5901981761173558,0.00991532203619371,0.3951128944358663,0.19753264278294036,0.2762081697203622,0.22866249424537927,0.46114612977443914,0.31292627733102746,0.206835013145984,0.4920978562540044,-0.013479473249010747,0.47564134700718796,0.22309202937485553,0.296599794147197,0.0705440831049898,-0.02047105756193719,-0.01177439471965812,0.3745630277347285,-0.16761736308490716,0.5289340673752821,0.007361485873256206,0.5051996076859756,0.43251638512855006,0.26914874578413417
Raphe_M,0.3280372446780321,1.0,-0.29407766608857444,-0.20876571266613866,0.2388270135455931,0.5312014279380107,0.08306297409275903,0.45556244458787865,-0.3122735020857034,0.5912770469301737,0.33682773386305603,0.2944102434318368,0.40231776621253534,0.21150929016176911,0.6481119899072636,0.7317698296400177,0.35742732190867077,0.07561407534358552,0.19298838850236633,-0.5309019223289378,0.11610615669449954,0.21424785096614876,-0.1903388940149151,0.08987111259666183,0.35572879590427325,0.742797452590618,0.2452443844726369,0.5424664353075329,-0.12077228198463352,0.3833075330022541,0.43865796543067176,0.5573441834466177,0.3757885011568966,0.5160983952682442,0.020971956192837315,-0.025960104593570454,0.28576083801143276,0.522384403173887,0.31734053958376557,0.23195878603466435,-0.4143053817003949,-0.46631119254507153,0.6263909870217431,-0.11165026104471078,-0.542914708146774,0.6103848657574819,0.28776128078063107,-0.08836513179845434,0.4295047667984254,0.1161778873067692,0.5077110403673857,-0.3796606776654742,-0.47042793697212304,0.004019328557249973,0.037961036123383966,0.42034526400997296,0.5211278868301018,0.36469749526505857,0.43341199762259336,0.4124074673779741,-0.18117487463671553,0.13283277530713072,-0.38779494542580395,-0.0667787948160643,-0.010581408599370868,0.4511953888549442,-0.39022665825949465,0.3441782491745489,-0.5751451726748231,0.18030393335748554,0.05540861864539521,0.3504528844152312,0.5842070844967564,-0.4125858451955063,0.1674686080005711,0.3660811241704534,0.611275144674325,0.018835746687945187,0.30296064123500843,0.33867617934296795,0.42243305643847023,0.20003189165900198,0.5749217500381671,-0.054608173204943024,0.602639460648294,0.35828608117948135,-0.4515725857395506,0.5342882604821212,-0.0692272685688459,0.4567069292029154,0.30316142024399517,0.1067892772753784,0.09479466120179343,0.5570305420878953,-0.26305508671390376,0.05834579819499773,-0.4725989215832047,0.6405443488717929,0.11850989955505781,0.10153112296932733
Frontal_Med_Orb_L,0.10021282141979855,-0.29407766608857444,1.0,0.6368233273884063,0.20123241738294503,-0.17382065923862772,0.059767339252627116,-0.316711295173629,0.36560476179005513,-0.39897835160832534,-0.22709405834826013,0.06847334832077041,0.15806090291900524,-0.15304299932690327,-0.30961254053092874,-0.3940573754669789,0.19353385817419635,0.4017432447970114,-0.41775897187149885,0.3575737825454029,-0.40145704045574027,0.2861644962113722,0.3466864873070408,0.30940668423098433,-0.16753224970640865,-0.3755280723123454,-0.16997933059062728,-0.3532027966789722,0.18869990458478011,-0.0644868649586388,-0.14933207567820486,-0.18719235817048796,-0.025336772853034695,0.05590996586308647,-0.20218562972825568,0.19514771399894745,-0.05574740346473149,-0.0029876766730050066,0.24819698148188069,0.23159917538037292,0.32482492696732335,0.5644533359475692,-0.136994262390103,0.4759932870707736,0.44784363360273943,-0.4686006823459695,0.19093651647665888,0.4228266707589979,-0.047728968500232304,0.2605620469807465,-0.09468937554034008,0.6198728055009215,0.6112466070379127,0.26351021020362086,0.45787050866330764,-0.1497444543923952,-0.2553850902169154,-0.015765674685347453,0.2060886710981322,-0.5053105723886419,0.5275252852993525,-0.335045891010648,0.4327196645331434,-0.08195377305163148,0.23942510501266787,-0.11935736456709906,0.4368362385595855,-0.0645289893973065,0.27443739320783667,-0.4053656027759469,0.2616649853154571,-0.03579343231228955,-0.2829428735583186,0.24019987227372078,0.19166319434701365,0.2052581851749545,-0.2051128273559879,-0.33070485258605453,0.14794555452190541,-0.41273606916336636,-0.5175046148208096,-0.1486321895454703,-0.22794566298618055,0.14347717132164223,-0.5482115508044983,0.07508541702895759,0.6404050171332004,-0.2905736517938589,0.34497278958034666,-0.2287573063804313,-0.5500890418841681,0.1050214031658845,0.234016323827613,-0.192396599692568,0.34642941359213303,0.15460078974561442,0.4096388103689688,-0.26024527853799995,0.06705718790145165,0.06185531475264483
Frontal_Inf_Orb_2_R,-0.04318872964794105,-0.20876571266613866,0.6368233273884063,1.0,0.25890844939821545,-0.13861654213098823,0.0973207451322024,-0.4932397177962042,0.3902906100481897,-0.32429096293292764,-0.1398023614481703,-0.10932264156049494,0.017032618983327388,0.19449064795168217,-0.13513507546126788,-0.27264383934958564,0.2210123031823907,0.4016656745965861,-0.6411502359501077,0.12143296573615303,-0.5912077228294631,0.23367181850385293,0.33705227786195396,0.6360822306958469,-0.2447075112214531,-0.27441241059188887,-0.38780829075412576,-0.2225030828999935,0.005405732403486466,-0.1267091326440251,-0.2675886175779885,0.02685546035862555,0.09739460839790645,0.006194496779793981,-0.517389990480794,0.19053693589995893,0.14439414630856318,0.029049390993228938,0.10472015648255253,0.3682581050166555,0.04020023365660599,0.5904452385253741,0.028536252369692608,0.5342541163057081,0.525189032879392,-0.3874423236186356,0.21531325821825845,0.3310473591224833,-0.18854667049889592,0.18724044221197972,-0.07235827296091578,0.7852283043802694,0.6253816681610187,0.3926383419280048,0.852503455628528,-0.027894657692994394,-0.301826494635461,-0.25924367711080104,0.21603780235042397,-0.512382994321613,0.8263814938093194,-0.46932898767316805,0.5292182555892473,-0.5047557752146804,0.2440045378189448,-0.1409133274644355,0.3927998338553219,-0.16134477485905205,0.012484548685500828,-0.6914656594510048,0.25601089849387143,-0.02330691699362199,-0.08152949882671072,0.29585746709432387,0.24872118810070143,0.10184451346111172,-0.07805310175131275,-0.6167442292184512,-0.013494332698857005,-0.5382156180040032,-0.6602717840662307,-0.13194893217615344,-0.18115145113741665,-0.09737724399674602,-0.40276407653448887,0.0911685363753221,0.6840232985421113,-0.30416479788343687,0.6474549802106184,-0.09882234620936711,-0.673763381458277,0.3326733833738679,0.445330649569933,0.005353883005611606,0.4115549441782928,-0.12304258415495808,0.32786136631388024,-0.26323959626639226,0.15232385150990524,-0.24181152442675322
Thal_VL_R,0.40978006596018135,0.2388270135455931,0.20123241738294503,0.25890844939821545,1.0,0.6117261163780698,0.6812717068862411,0.05159455689201741,0.26540964907265907,0.2667646276549381,0.18889253739920595,0.5805235287657133,0.7581910023259045,-0.025475366014068853,0.11726951906998273,0.3456784620371133,0.5529301538888283,0.5178402343542274,-0.006767361903404433,0.1000186821510891,-0.07793290077612221,0.7507791315540455,0.6214486015710472,0.3424236707536301,0.48947415306984193,0.34379826237392386,0.5899564194143061,-0.17050908724032615,0.46079886181767243,0.6365333068288167,0.3669873676663955,0.14835090674211923,0.899311061615062,0.6464708986272453,0.09716810578004222,0.7753352316875325,0.15391562152594537,0.636762637965167,0.7192152322237152,0.6063614900098911,0.3629451560642184,0.34853415543369787,0.6017444603166083,0.7614427645887394,0.31682664151977047,0.03811877690239156,0.7049006883286228,0.7087102815221351,0.40419166768419906,0.6312255927198273,0.7633414403256744,0.34702395566685557,0.13292116759462977,0.22837848444038295,0.2899227857555226,0.5923313391862033,0.30458578764123945,0.1515083970853135,0.7095521480800552,-0.16997751648316542,0.5118077817843065,0.3245888704990662,0.16311549717042534,0.15425040681191385,0.2062716531834346,-0.05678179308725623,0.4773621389010895,0.5103249649452778,0.05347817726560891,0.036179146057542265,0.5659508360921801,0.7334116639456694,0.2093998455104558,0.1701421034165638,0.6255921684976302,0.5355676532145836,0.5367585112239943,0.19517505384165462,0.5761189123570638,-0.15310137222302744,-0.035690637827487964,0.4182997943795548,0.6269723357946961,0.2924901736839613,0.25120743568542847,0.5006281897327137,0.3212999483886676,0.39624879793640205,0.5146317791092611,0.6526686386300801,0.1438122532016992,0.1378576344052857,0.2630132193126464,0.3848862783023704,0.15970215964841483,0.38780981929578245,0.3243250112058855,0.2873241823499771,0.48880825614889195,0.5332811693263616
Insula_R,0.5145836597806673,0.5312014279380107,-0.17382065923862772,-0.13861654213098823,0.6117261163780698,1.0,0.5337593348974863,0.45660861992825597,0.058869081450208534,0.4912973816244966,0.5603316200938785,0.6780674450959331,0.6180079277046557,-0.02334198537338568,0.38806938413586495,0.5752820826832847,0.5127026162788999,0.32476050873702106,0.2924054032031696,-0.09789077651630272,0.053190847932335215,0.6912828804639028,0.4335712302634445,0.008689936083047703,0.4354084787207756,0.6319904573094044,0.621390926377056,0.41637133308894375,0.4332028674655653,0.9054920801731755,0.6261717389270636,0.45847364308400224,0.6297815902888985,0.696651955420737,0.37123853739130946,0.48695335956253244,0.2095928611597787,0.7393579491400268,0.6058989331567797,0.6202569287622051,0.17659339322080972,-0.08614364846559425,0.7936901693487745,0.38454965120773404,0.059884879934112956,0.33851944708333903,0.6743605345444619,0.4317895868921135,0.4257475367089626,0.6246949383589013,0.6027966149543915,0.04643103798131081,-0.3059189697635864,0.22576519866943345,-0.1126274041838914,0.7054183200119802,0.7058504592657,0.2181897544304337,0.43608473912079193,0.3170791973561747,0.0492217228773354,0.5116094030638854,0.048409885941999214,0.21466867227330477,0.46487272939931085,0.1778831852510397,0.0865634998216865,0.6847329465022935,-0.08171470888502338,0.33167518024028364,0.5563938353746067,0.5481875468303459,0.5576565693601533,0.05040331077503975,0.6679936612377754,0.47360749087450205,0.695781401564919,0.35358619388059576,0.5639799134196447,0.25021761011125,0.37320549195832936,0.5793310427219915,0.6152933213110281,0.37789537166787246,0.574209493566579,0.7101808865982742,-0.030463091419377912,0.5708395429575825,0.44199292224843195,0.6034723559421634,0.5232144417725589,0.2992936617671581,0.3103428346580138,0.6448642394697558,0.12021353730410372,0.26912883199329646,-0.1790245972651048,0.5726699613954781,0.5162303433944928,0.45030829159367114
Thal_AV_R,0.24812705966192436,0.08306297409275903,0.059767339252627116,0.0973207451322024,0.6812717068862411,0.5337593348974863,1.0,0.21333407300178797,0.16819671782573514,0.2018861879434621,0.30616222676112814,0.5355705482969485,0.4654332412319647,0.11284795165908776,0.07852952228397792,0.24223528556293109,0.2953666198177632,0.2933829120827869,0.1531819175660295,0.1904615202454885,0.05249999568303446,0.6165330428110232,0.676918563134761,0.04999775447156182,0.4229605676154774,0.3243678320355373,0.5805641632403105,-0.040803119590332435,0.5752180548340275,0.6528315301729225,0.4162207177902229,0.18562621054149453,0.6697635044508387,0.411930396372802,0.3614604475441145,0.6735548561004021,0.18197358306444897,0.5464032711524175,0.4733074148826075,0.5252835790667354,0.4389666765588876,0.2713858631397214,0.4399688284445721,0.5525120295587859,0.3973678173311374,0.018294912193109508,0.5360060856726266,0.6807122694006883,0.29120721030270563,0.43396623716230903,0.49557499261681376,0.29930492106284085,0.2068717680793418,0.25653729629397254,-0.023147865839340902,0.5239202122219161,0.4028905791094936,0.08328300033126372,0.2246865161100505,0.07473490739981624,0.19010438975647453,0.4143836974147527,0.1807217097703532,0.24111587124793143,0.3131426068697083,0.023959018569736455,0.32265902598600954,0.5335530056684348,0.2495581574828954,0.20643319901445442,0.45327098292789575,0.5738487010799168,0.2038138662537053,0.2485604293001938,0.6402879968833188,0.2553561489710878,0.3009364127068838,0.3718699273928816,0.5351262027924543,0.04996810523992005,0.16891758759337325,0.5019717763499588,0.448969603219792,0.41213384050188206,0.1915872487301792,0.47273881806212026,0.3784193651058546,0.257278818421113,0.3615369413214982,0.5849137694404994,0.2912404077010461,0.28463242675628553,0.3482984683190903,0.463813859333504,0.38400367914033023,0.3387868281559042,0.22902416187873678,0.3326411362282826,0.21874370908422064,0.6018400360196122
Cuneus_L,0.4599919397251801,0.45556244458787865,-0.316711295173629,-0.4932397177962042,0.05159455689201741,0.45660861992825597,0.21333407300178797,1.0,-0.4637475761219883,0.5544746956320135,0.19741476038644476,0.5115543162980111,0.3154648246946462,0.20735820807402655,0.583946603628962,0.4987063409978731,0.02135835606636067,-0.22599640235610607,0.7184613906645161,-0.4017005074382781,0.27754321764912904,0.2643549024067254,0.006614716239241512,-0.34076520131556587,0.6756035363440394,0.5840655768015233,0.28032011012960373,0.6025802717217198,0.17034290724011927,0.41592426387846904,0.7687995734807466,0.5235936157054514,0.27197094450728493,0.4726778805912674,0.6228857095002045,-0.049737936587150526,0.4158921650979474,0.4109794148494797,0.33713315404789007,0.056614628952954056,-0.18752666984575744,-0.6477395800672067,0.26753678830317834,-0.2795202228959766,-0.39883193834441827,0.767217512203713,0.10655330018969023,-0.013863832022734297,0.6274322373398643,0.0397985817127292,0.41157860914468886,-0.47903643062324425,-0.37020743013708973,-0.2692283820252215,-0.37488920217335847,0.46341575862937556,0.6546889346357903,0.6336156937100595,0.004844191072886813,0.7482141270097783,-0.5232397271864963,0.22588195197404937,-0.5255608906108878,0.4427547643422424,0.08771275979082395,0.7857337921765964,-0.53225827665734,0.5950173397247964,-0.2849866858510821,0.5579653024612171,-0.1759898717107369,0.25351681133903053,0.4495226050740901,-0.48281626221010154,0.1676212446359099,0.2497179623764183,0.4821757592645428,0.2505047762831866,0.2706320996407387,0.8164906267269532,0.8114265289975834,0.4325402689707072,0.4745435202031498,0.41646731514993585,0.3226843974340128,0.2793612343718944,-0.36179897570537883,0.4861398091037743,-0.2764664910116114,0.4655047152448633,0.3657654251944206,-0.11546538049150636,-0.04056754621847382,0.6055928343806212,-0.1344057550237346,0.361554404623987,-0.3954308615607148,0.7881425790099723,-0.05117513981693091,0.26601487928456335
OFCmed_L,-0.008880007825000676,-0.3122735020857034,0.36560476179005513,0.3902906100481897,0.26540964907265907,0.058869081450208534,0.16819671782573514,-0.4637475761219883,1.0,-0.2817515340378011,0.05319578673772709,0.08773249348310276,0.03316095225945555,-0.23309395117321355,-0.5451279181956452,-0.3812413425391919,0.35981863259542174,0.4893746667964977,-0.37444987700714943,0.618676507860321,-0.1588179131343598,0.256753511596487,0.4390878795050686,0.24575357765645006,-0.23644615240569472,-0.2640391448561953,0.10059825062173385,-0.5090145875338261,0.2939136192907453,0.17276522225937255,-0.28223783516763107,-0.38741420993344344,0.04567375537538669,-0.10484793494918555,-0.0762309070947627,0.4457818902462402,-0.17909134564050488,-0.09339456528576916,0.19740214026531597,0.18063292348432108,0.6403376268495037,0.691252807933547,0.04540371587456427,0.6094299399210537,0.4695718586820389,-0.6762887934939963,0.26540029932854065,0.43541940498416754,-0.27390749460201236,0.47465738348249287,-0.10649469472284873,0.6079963933271868,0.4776359621306011,0.5367674383949592,0.1371868885147416,0.00959542930919669,-0.2143565996078702,-0.5077988872674074,0.12484853153897732,-0.44484398821646426,0.5613495590672681,0.05037111299395728,0.8122996847813362,-0.051817095675729716,0.436836628600603,-0.5200478401087019,0.6548293102853449,-0.00019722696614632397,0.5218880583626001,-0.20690321294750438,0.5903773545791161,0.04531793444501129,-0.34494793452384415,0.5748637232537869,0.2948863350249546,-0.06979283107569635,-0.18251399843107868,0.11393403055995097,0.1607501391274573,-0.5120131650430085,-0.43704859281040465,-0.062411457691598775,-0.19708697036188946,0.11534148925708182,-0.20818803240301645,0.2870030584448553,0.6664338881743748,-0.2780240349078113,0.4668976561091828,-0.09746241101721498,-0.07103209344206954,0.25215016755544095,0.1669487704703252,-0.2831876377878471,0.24256530191959505,-0.0603526445613304,0.33617423806578256,-0.3780160703705106,0.2879971711080002,0.15231504495126116
Heschl_L,0.24145352100512066,0.5912770469301737,-0.39897835160832534,-0.32429096293292764,0.2667646276549381,0.4912973816244966,0.2018861879434621,0.5544746956320135,-0.2817515340378011,1.0,0.19911722632590453,0.379835023729049,0.25130050510572577,0.24606859637747866,0.46138131345866895,0.6032698759953246,0.22800161717515804,-0.23028359924920103,0.5192668549038667,-0.2707424532082174,0.3910300330953276,0.1498427428145943,-0.16285911420633684,0.08099766811767536,0.5614161408251829,0.6604959579037619,0.3002169754022195,0.3454268096479184,0.15812082313727063,0.3443965408414454,0.4606545940369302,0.39449892314914736,0.5115504474793073,0.417619715740402,0.28788398218745487,0.21159784334936765,0.5745797763740885,0.37241979689664906,0.24514034088559167,0.028230126587782022,-0.23158275580238866,-0.4896522261237557,0.4103504637063048,-0.026759871457231684,-0.2924722070055101,0.66053070562091,0.20750337659865642,-0.1850270436523479,0.42310957805632027,0.21936157835792774,0.6879333978521608,-0.2868023148494826,-0.27714231865812855,-0.342460792226635,-0.10682652001466625,0.568482657722602,0.43458935441221686,0.3929447984879131,0.13140318543655413,0.5211616448854559,-0.14537273787226174,0.4107174957501619,-0.43613509317747334,0.09009967659818845,-0.025335866036982783,0.5421352235790873,-0.28721515141590415,0.41510205981010717,-0.24985118124510716,0.3030198188809759,0.07676055365983724,0.514877601665593,0.2810808498844553,-0.2851515290615493,-0.023572299924949656,0.20012909305415683,0.521466623599555,0.26575244296132444,0.08018470162701509,0.6007479776079299,0.585019005075747,0.5326655204377176,0.5666727773983838,0.24341405967819338,0.3983918932564678,0.3366283109982448,-0.4145702944923292,0.366495320633755,-0.06554561961452766,0.7390775227531381,0.3204576077626103,-0.269843895268621,-0.13481989934953623,0.4326768254400859,-0.4213704738609995,-0.01840996624975714,-0.317692141836217,0.6972234959141653,0.3534439066809634,0.19309658346786887
Heschl_R,0.045145332691528664,0.33682773386305603,-0.22709405834826013,-0.1398023614481703,0.18889253739920595,0.5603316200938785,0.30616222676112814,0.19741476038644476,0.05319578673772709,0.19911722632590453,1.0,0.22987123024997744,0.059214010831102636,0.02729791622943077,0.31343786377560406,0.48637180532201896,0.3506852827868274,0.21780366701271772,0.03533202255477483,-0.20351498528526246,-0.03563329681921648,0.31535495498107713,0.37136035260648426,-0.17096828706032322,-0.10281904823301422,0.4895212100936337,0.27123030789721886,0.5104383617395188,0.35716148097843203,0.48000615735799873,0.26955420305969746,0.4220029820133542,0.20726418986528322,0.179601608670076,0.11640614385442988,0.20851640886928788,0.11481765782500014,0.5667542005308575,0.035964314779884356,0.579874245089108,0.03207045950617521,0.049170058318983995,0.6845235059227603,0.16343785273572142,0.06581528581409515,0.0560708227436656,0.4488892048245721,0.29466971572622497,-0.14761600267201122,0.22426197987299756,0.08555062488819148,0.059302630154659045,-0.3543953408222268,0.47989922454986456,-0.21458459944368932,0.42386453497231125,0.5979329291926402,-0.26249407585141593,-0.02858576250306922,0.3778704711312773,-0.13489855413589089,0.49298535516820285,0.20617557079821833,-0.13957180366052957,0.4599003906009352,-0.01963601539401271,0.061965443838426004,0.3038203981170892,-0.15022532291157445,0.13419226331139816,0.39174079432054165,0.20648111987651938,0.5961900025499212,0.27231259544199327,0.6169644201556552,0.0439229923567848,0.31210543477891545,0.2225581502680356,0.3257163441861146,0.10218472301910858,0.19760029044217992,0.3647271452138486,0.17558367274476844,0.06108516448622374,0.47910763758168246,0.5687225549653564,-0.022297234587514994,0.1070081687404558,0.11649894110014619,0.20623186471919974,0.5245500084473305,0.5279967261628922,0.5326984279499004,0.5353524226169396,0.42875986986296666,-0.16542750279215412,-0.4726204924660237,0.3857191592485696,-0.0021740582815582706,0.2632785218222501
Cerebellum_6_L,0.736276526245147,0.2944102434318368,0.06847334832077041,-0.10932264156049494,0.5805235287657133,0.6780674450959331,0.5355705482969485,0.5115543162980111,0.08773249348310276,0.379835023729049,0.22987123024997744,1.0,0.7083516219014986,-0.07524951853480052,0.219810637245773,0.2975016187077451,0.47678542808698376,0.3364433254208063,0.3841212542625331,0.05529853446516417,0.08890813556079849,0.8280882612968473,0.44637569230323476,-0.043914751012231606,0.6188109382529303,0.42410866765905275,0.538679784685461,0.07350197297040605,0.5368334724662116,0.6984206621463291,0.7755650833548892,0.1862133547832694,0.5775105408622379,0.6841976587706249,0.6780998141557806,0.5239281123149527,0.2923157511354858,0.6607950020197866,0.7450165556272793,0.3537581664484959,0.33188890648772545,-0.08011212409985831,0.44965214407075876,0.40601900384851886,0.09861336420666603,0.23441932766823165,0.5603316644804799,0.48117967171339515,0.7355334141207523,0.6951760730031702,0.613594558996221,0.015699340426435227,-0.04102746741105694,0.09117297489322175,-0.08831025720573989,0.5902274399243416,0.5633468472150285,0.5018049153029797,0.40342131975303225,0.19666242804476755,0.05969001192600534,0.40759305051550415,-0.04779378815568037,0.5862998716950174,0.3846084097364988,0.2772714854089165,0.15786540940216992,0.9182728571698359,0.055347768334845227,0.3900792216752898,0.3564026748688089,0.5731871903380332,0.19061875773118872,-0.06093779834205425,0.47297322302165573,0.59248586755828,0.5106455351479088,0.30264672270629855,0.5898349272291913,0.23600248547295713,0.32994349345764346,0.4876114193810416,0.5619384389765312,0.5505623385988353,0.22236468612850702,0.664415787810461,0.12317995063145279,0.47173647832057636,0.23903844938459612,0.546359509334473,0.2490908940973834,0.0380839803637358,0.11975973997627506,0.41001546133607764,0.07010301536122782,0.6670764511884287,0.10620375523177213,0.48763750034867315,0.35154142420393275,0.5021462914472365
Cerebellum_9_R,0.6847976493984615,0.40231776621253534,0.15806090291900524,0.017032618983327388,0.7581910023259045,0.6180079277046557,0.4654332412319647,0.3154648246946462,0.03316095225945555,0.25130050510572577,0.059214010831102636,0.7083516219014986,1.0,-0.07275231180822854,0.20141752879295852,0.4021838705041623,0.5006612579700057,0.38297841467422544,0.21098711906858536,-0.035185288108955354,-0.03485731146225357,0.7555543135697957,0.3850942169510267,0.15755768577929885,0.6165740431137071,0.42886054632583653,0.552522187729706,0.029238913487893342,0.3053409442478821,0.6138301420177021,0.5676183697973068,0.25334404424072793,0.6591666505438205,0.7969924328878801,0.34054785458310677,0.4968433667440835,0.08125679834161272,0.5900408340592823,0.8143690765441772,0.43175916118900803,0.2167886900526522,-0.0062876409059207244,0.5036016655240059,0.45168349717163614,0.018952398001649447,0.25863743319226046,0.6056247335400713,0.5062922241197226,0.6863744597681474,0.5819983156504092,0.6692990920361116,0.02135234327390806,-0.13250008995356893,0.010413147732408215,0.11828069668951238,0.4479679763353931,0.4474263939433287,0.48383731417258713,0.795231667163838,-0.03526874550395828,0.20006770163111423,0.20296802202410288,-0.10289998522023423,0.44595897013589153,0.1830453232129483,0.1384509210172538,0.13975580672149684,0.6321539749397471,-0.10609350423294144,0.2525496988720564,0.3904802573800354,0.5618362292153589,0.2963254382764187,-0.14780737582452294,0.4594596209570086,0.6447968055350911,0.6530872626491437,0.1551925458715621,0.5874175149392851,0.03868131284150859,0.17014412500071474,0.28792044287788016,0.6281981640003428,0.4005322150717462,0.31227182991141583,0.4377967836136191,0.07882602182920954,0.5772251839654883,0.30803098963263725,0.5134993022029927,0.19105951329773357,0.04594568118792646,0.06371422116774779,0.3534865057705277,-0.02533455852931874,0.6669000261592573,0.22731308794545294,0.363528227625064,0.42003964859969295,0.4636447575539214
Parietal_Inf_R,0.04945254210424809,0.21150929016176911,-0.15304299932690327,0.19449064795168217,-0.025475366014068853,-0.02334198537338568,0.11284795165908776,0.20735820807402655,-0.23309395117321355,0.24606859637747866,0.02729791622943077,-0.07524951853480052,-0.07275231180822854,1.0,0.49491937480296355,0.2632522305613728,0.01413094472114859,-0.24486397324819995,-0.02098141625318127,-0.3684855559544904,0.05616337925532685,-0.07936184305759289,-0.16965686347490344,0.08404508393300732,0.12254995916878617,0.1719358857015259,-0.19900641768627694,0.30800687765077556,-0.3115193542357137,-0.06346246121650131,0.060965075294321505,0.4960470651844455,0.1429156187326884,0.07268154220032817,-0.1629285303394381,-0.20121763394303496,0.3507466576884015,0.1024823476848793,-0.033495820607215676,0.009231205001787895,-0.3754008923356304,-0.23240093582246218,0.06745818371424663,-0.05080174829386384,-0.1833421877808639,0.3935184128439305,-0.03413650814848584,-0.20907283347071365,0.13049397626253179,-0.11424916059029858,0.16622379221056657,-0.03691258447575169,0.04212744892742044,-0.18013302977826554,0.3134848088455799,0.12501046187636713,0.1705708180059547,0.16319144283563009,-0.07102280745307005,0.24516830608994833,0.06065140620993137,-0.23996195468263043,-0.22316431897663438,-0.32628969141540337,-0.17139910053348606,0.4562233170829517,-0.4156664150675672,0.034721530251958954,-0.3754434024461032,-0.018055849845013575,-0.2503898819665429,0.02069358351474287,0.2972521542785675,-0.3258081368556411,-0.07121781457185233,0.005799280167207747,0.18764497414015666,-0.28469350527949394,-0.11013651802510682,0.2575051575250684,0.20737847716919217,0.020440817408969473,0.11184331623186967,-0.18564232214270243,0.09283680104627083,0.002953862662573059,0.006588288185798812,0.06953309367542716,0.035684937460665,0.2267200956454003,-0.16992383041728173,0.13880354568621867,0.17826265413027262,0.35734843669519745,-0.07213694257520334,-0.15568503987058588,-0.1828808700675215,0.4099080867230712,-0.06408427243766004,-0.26130870680427937
SupraMarginal_R,0.39286956311461974,0.6481119899072636,-0.30961254053092874,-0.13513507546126788,0.11726951906998273,0.38806938413586495,0.07852952228397792,0.583946603628962,-0.5451279181956452,0.46138131345866895,0.31343786377560406,0.219810637245773,0.20141752879295852,0.49491937480296355,1.0,0.7394054102274185,0.11049069757455289,-0.11180238748847768,0.1647702406663985,-0.7941791716707655,-0.037466323981563916,0.1620662819336626,-0.16755051379136923,-0.09387549404714671,0.29852866232863406,0.5526208307874825,0.02509794463223946,0.7622784698204269,-0.3003588218792506,0.22405315992426275,0.4638325655502428,0.7979758278596321,0.3475903227635551,0.4020668194194856,-0.05672993282485853,-0.29510822670177383,0.3041531769355084,0.5754568993496472,0.22746243777261801,0.27311099060517907,-0.5899022249508213,-0.5717744082217403,0.5156633845917828,-0.20248517110029784,-0.49992931839736304,0.7960714580778118,0.13943465047800616,-0.18030486903256113,0.43685841138412135,-0.04036363321305949,0.4448769015845254,-0.3993063510476066,-0.4924474169612543,-0.1821906081476331,0.1506632740376186,0.40443586977385754,0.5963070770032233,0.4733969494086067,0.15459729388026103,0.4758554531424785,-0.2647327038411498,-0.03871365399796991,-0.5547594192130214,-0.21408344724904504,-0.11526156265565038,0.6311091299243681,-0.6129999662286095,0.33205934585297575,-0.7251044701600692,0.1972000424295741,-0.27312416886652646,0.158552289778812,0.7828469469235156,-0.6211210594644704,0.17571372953105763,0.4263764356075392,0.5862813719760561,-0.20872994071501585,0.24402944312927768,0.42040396109834394,0.45615865379516335,0.12217378878547298,0.39477012272863954,-0.18996517359203122,0.5354814122571433,0.22288795225722224,-0.430914985297522,0.5433950951697728,-0.13166941404489205,0.3300400165489171,0.1434312573370596,0.11810543771802559,0.2964074226994363,0.7986887817991554,-0.12917154333442862,0.06225104606313343,-0.5369956779292573,0.7342394493349572,0.05870200034391451,-0.13483781217358592
Supp_Motor_Area_L,0.3400897704880752,0.7317698296400177,-0.3940573754669789,-0.27264383934958564,0.3456784620371133,0.5752820826832847,0.24223528556293109,0.4987063409978731,-0.3812413425391919,0.6032698759953246,0.48637180532201896,0.2975016187077451,0.4021838705041623,0.2632522305613728,0.7394054102274185,1.0,0.36595361013264305,-0.03258346373267131,0.2838122865689415,-0.5974921095602758,0.15841797693125284,0.23799405633096213,0.00034516366688315677,0.0788532850269156,0.34959332480681393,0.7759307770534348,0.3368660914805417,0.6358288792340631,-0.01328407348513284,0.3898277721625977,0.4453783788238719,0.7442686507866547,0.5176535999481782,0.52225582947157,0.0528690255587155,0.07419605202787871,0.30788586217018843,0.6647699071694212,0.26292080620961145,0.368252284626022,-0.33842136769192815,-0.4608836058518792,0.7050251537853871,-0.03932371636606045,-0.3737076630533966,0.6790204532567897,0.4480633582432163,-0.00817462826179949,0.33232619530220586,0.15976820433599834,0.5901929692067733,-0.32646801598511804,-0.5782236176020872,-0.075455844578855,-0.03564078317819691,0.5492671925622243,0.6912930450418432,0.3040588937777491,0.30539152463773883,0.49078462413959606,-0.15990541645910142,0.34715206164638945,-0.4026049571209893,-0.07020966132882453,0.041553054143394205,0.42382875086837724,-0.3439122475523608,0.37112464538777135,-0.5644211113235483,0.3580724239981833,0.0904887631673619,0.45298670713213374,0.8351234135252089,-0.33026457180686475,0.3296912222454306,0.4369831294237563,0.6919052123537317,0.145396989765098,0.28605946100755175,0.3871979331137276,0.5010216449095788,0.36162553526520996,0.6086171118266096,0.10332700140704973,0.745038833825325,0.4553285613910361,-0.4167065839054502,0.5121416269829352,-0.04601363288840384,0.5736838611512468,0.5198489040898147,0.17116196374330364,0.25742379670370114,0.7224301731846109,-0.11529293053986522,0.02268060710536023,-0.5283729285198085,0.7219855702677829,0.1869757820009252,0.2391352443561517
Cerebellum_3_R,0.40789328758753474,0.35742732190867077,0.19353385817419635,0.2210123031823907,0.5529301538888283,0.5127026162788999,0.2953666198177632,0.02135835606636067,0.35981863259542174,0.22800161717515804,0.3506852827868274,0.47678542808698376,0.5006612579700057,0.01413094472114859,0.11049069757455289,0.36595361013264305,1.0,0.6023049529303911,-0.03513518239934568,0.05889393616021598,-0.08657221303304,0.5968302566311595,0.4000882838203459,0.40923097195029584,0.18913275798404208,0.3187056558354647,0.4185138624958096,0.042825691678226516,0.34036615344636756,0.47544863272096927,0.251565065369101,0.2640715831008519,0.46207525375129743,0.6124090940255206,0.04655873284003862,0.46734384621594,0.14806152989506086,0.6050621399969419,0.5484510292671966,0.44533154779832423,0.24507033730628883,0.22934553689049061,0.5899493564365814,0.5730384620063161,0.18010733278130153,-0.03097608522600547,0.8170763078615076,0.44257771307687727,0.19626424678885382,0.720581742359361,0.41366985617018215,0.25726623060350484,0.04153409599410198,0.3841241075533376,0.22974562738546353,0.4569815460581092,0.41764350605420264,0.0016622963368413673,0.4610174939581265,-0.03869145813714877,0.4451346963868329,0.23027597288042664,0.29270562613921164,0.03491924468832638,0.49618259958838745,-0.03466786629736948,0.3917385156699609,0.40330380592121745,-0.06569947438103282,-0.0073738018191649825,0.5995042322649635,0.5491899827291215,0.3193195052768355,0.2008609335544208,0.5019703857354548,0.42163584091200584,0.4676991087751203,0.13082705747797374,0.44845526917939693,-0.13971678389404285,-0.023188882789501188,0.2816662373227285,0.3962432846818078,0.33899699369369357,0.28019395232710137,0.7967031445157945,0.2680442843928064,0.23537805265066816,0.3946308911532204,0.34187159715368215,0.19593392094205148,0.29031224766729585,0.31546215944871087,0.2878133412650976,0.09402579085827167,0.16817363302148827,0.015344400503600596,0.2913778067818367,0.36815827346964286,0.405858928948193
SN_pc_R,0.17666956578269236,0.07561407534358552,0.4017432447970114,0.4016656745965861,0.5178402343542274,0.32476050873702106,0.2933829120827869,-0.22599640235610607,0.4893746667964977,-0.23028359924920103,0.21780366701271772,0.3364433254208063,0.38297841467422544,-0.24486397324819995,-0.11180238748847768,-0.03258346373267131,0.6023049529303911,1.0,-0.3157956401687754,0.2158991494443965,-0.392886387367662,0.6315910185187619,0.5029336224980607,0.18839119947887042,-0.006503181963112258,-0.05786087360118276,0.2220570312331098,-0.18607568541268862,0.28694205146911966,0.42200503343978896,0.09104701552478829,-0.08449334271539913,0.3595942327962302,0.3665132664713639,-0.09082242549171253,0.4479673180186932,-0.2007300978896831,0.43121552528900287,0.5764074127547006,0.5208626286185256,0.405128186519935,0.5095487113670443,0.43528189742033324,0.6358017284821802,0.30336414357345604,-0.36285901708162765,0.5420835194655599,0.6234693325533822,0.09516683741480263,0.49632999339526923,0.22261914547896886,0.4276336260257594,0.26512292418205846,0.675392959790199,0.3431670725400076,0.29498806289056423,0.03570774462968212,-0.11014857614713527,0.4188946498998887,-0.4169549063679253,0.46940181651255913,-0.021803950368758946,0.5010093450376325,0.06653662909302867,0.5638914172381172,-0.31970153502132,0.5878233744863633,0.23981025377805623,0.12421510853701115,-0.2304743895661713,0.5448654609959974,0.2572816615421513,0.049183541347831775,0.24109249120783147,0.5397736733680093,0.3211544951364679,0.136515352629255,-0.0288153436178589,0.5054647279797808,-0.4588689658809075,-0.4377516575534174,0.006770676160175988,0.12231305270371556,0.11278626861811625,-0.049970078207079924,0.44629366603607096,0.48985364333041903,0.17854364798038155,0.4226028284963048,0.0260144037536094,-0.09194677616917211,0.26036606874882173,0.41198437057374127,0.16455805658046938,0.3278488570218257,0.3114977334104502,0.28059575439712253,-0.14076667628240344,0.18769918142369435,0.2879235514892683
Occipital_Inf_L,0.22064747720910324,0.19298838850236633,-0.41775897187149885,-0.6411502359501077,-0.006767361903404433,0.2924054032031696,0.1531819175660295,0.7184613906645161,-0.37444987700714943,0.5192668549038667,0.03533202255477483,0.3841212542625331,0.21098711906858536,-0.02098141625318127,0.1647702406663985,0.2838122865689415,-0.03513518239934568,-0.3157956401687754,1.0,-0.08024532927845335,0.5434116791757986,0.09047487415165506,-0.022280434138417727,-0.3180403694031441,0.6605805017843134,0.3906651776454539,0.3695445900278016,0.2600661012530585,0.341497404246428,0.30290947417467734,0.6015870511752013,0.18748094374612964,0.1932906180102791,0.29739174263402685,0.7308096846599139,0.11849642554230252,0.36829299745771865,0.18048136421588667,0.15993825196449277,-0.18640675852134708,0.03406816169847695,-0.6066259009392734,0.056471916414629064,-0.26022234052765064,-0.24681851969258914,0.5475098310410902,0.0388193048104879,-0.08001424796367766,0.44930839909994824,0.01749043857374244,0.33897862339256646,-0.4551705181801915,-0.28143142421247924,-0.4149636440102631,-0.5570068764160752,0.3884075974388947,0.46609644956609697,0.4364467936937187,-0.11390952974858538,0.6951834714998061,-0.5188816638464084,0.4935071442612187,-0.4843774383404706,0.6383131602812905,0.030480704008656538,0.47350207874110484,-0.2817728511586362,0.451379088970572,0.027162477517763958,0.5733321918408846,-0.10115660846401851,0.3730179480828246,0.09018169742325978,-0.2586786364752604,-0.041821728889913104,-0.013229075466387642,0.29177578747514743,0.5029374865473316,-0.022896925783576567,0.8069931384552917,0.7701439962329987,0.5452434086974536,0.46123968925079384,0.579594020664814,0.1591502306774334,0.1321021903777822,-0.3694284354883273,0.26653689726616625,-0.2976860668509225,0.46232149975516085,0.45250879358377816,-0.3872693840684933,-0.38048000004138405,0.20556236176783418,-0.3147200641624857,0.28370110397227416,-0.1563239351965948,0.5295519599279142,0.007414695518346088,0.37995528514920823
