,Thal_VA_R,Red_N_R,Frontal_Med_Orb_L,Precentral_R,Temporal_Pole_Sup_R,Cerebellum_9_L,N_Acc_L,Thal_VA_L,Parietal_Inf_R,Thal_PuM_R,OFClat_R,Cerebellum_7b_L,Temporal_Pole_Sup_L,OFClat_L,Frontal_Sup_Medial_R,Thal_PuL_L,VTA_L,Supp_Motor_Area_L,Thal_VPL_R,Thal_PuA_L,Frontal_Inf_Orb_2_R,Frontal_Sup_2_L,Vermis_7,Heschl_R,SN_pc_L,Thal_VL_R,Fusiform_R,Vermis_8,OFCpost_L,Occipital_Mid_R,Frontal_Inf_Tri_L,Insula_L,OFCpost_R,Thal_IL_L,Temporal_Sup_L,Cerebellum_10_R,Temporal_Pole_Mid_R,Putamen_R,Paracentral_Lobule_L,Cingulate_Mid_R,ParaHippocampal_R,Caudate_R,Cerebellum_6_R,Frontal_Mid_2_L,Parietal_Sup_R,Parietal_Sup_L,Occipital_Inf_L,Thal_LP_L,Postcentral_R,Occipital_Inf_R,Thal_VL_L,Frontal_Inf_Oper_R,Frontal_Mid_2_R,Thal_PuM_L,Cerebellum_4_5_L,SupraMarginal_L,OFCant_R,Thal_PuL_R,Cuneus_R,Cerebellum_9_R,Temporal_Pole_Mid_L,Thal_IL_R,Cerebellum_Crus1_L,N_Acc_R,Cerebellum_Crus2_R,Vermis_1_2,Thal_VPL_L,Heschl_L,Lingual_R,Frontal_Sup_2_R,ACC_pre_L,Rolandic_Oper_R,Temporal_Mid_L,Precuneus_R,Calcarine_L,Precuneus_L,Cingulate_Mid_L,Thal_MDl_L,Calcarine_R,Frontal_Inf_Tri_R,Vermis_3,Thal_MDm_R,Occipital_Mid_L,Thal_MGN_L,Thal_PuI_R,Olfactory_L,SN_pr_L,Insula_R,Postcentral_L,Cerebellum_Crus1_R,ParaHippocampal_L,Thal_PuA_R,Thal_LGN_L,Rolandic_Oper_L,Thal_AV_R
Thal_VA_R,1.0,-0.6564250122267248,-0.34881965877786797,0.5202001515441972,-0.45707871053517934,-0.6916800615810766,-0.2105554396797241,0.8263264452347779,-0.07479622331742121,0.5580936751821266,0.4775043052660686,-0.5612254509787675,-0.7345346107809695,0.7678551340628115,0.7963160907696097,-0.45394728153032665,-0.6550663297664345,0.49069215932153615,0.5023991815467989,0.28624274339065164,0.6593520129809701,0.7635091952414281,-0.6502803122167083,0.6342885380561073,0.5221280193874868,0.1372072291774275,-0.36822559582380876,0.7608265677999592,0.36751158154305313,-0.7602453195158376,0.6251579952479658,-0.05777053120356177,-0.18934865629020853,0.590473952829435,0.38221753227990535,-0.6380946986329045,-0.577710939181502,0.5521296546934088,0.2569231285939312,0.44460653390064725,0.7972797719741188,0.8270241084057476,-0.7606122099857205,0.8683759349993151,0.23468819961611298,0.0384784109824163,0.682519238120057,0.025770637979967606,0.28729003501151573,-0.12225246355910581,0.45477389250211436,0.5998828836349962,0.8671553490593322,0.37669085133584007,-0.4022552488331368,0.08537228633984216,0.6713986276277965,-0.3290966714397825,-0.6523011050123161,-0.3920921164684305,0.15020915804183568,0.44092162235499066,-0.7727222180149736,0.24562240280402559,-0.5125356982240876,0.5041474156744301,0.4053476669886669,-0.004777418582431943,-0.4115685528606772,0.8408137230418696,0.8468654636696257,0.2995818771784521,-0.1886166015115363,0.016170955977512728,-0.5953115337674125,0.07661824669458321,0.44473729137007056,0.15454726360150822,-0.3852989112181364,0.5737704650908508,0.545476902419884,0.22399733355211096,-0.5245175287177944,0.3673563934455573,0.3792277555983222,0.7776057116848502,0.7672335280099747,-0.39601815937273066,0.4018938092329757,-0.6853528519039662,0.7328253173081986,0.33294553950739264,0.21090895019187667,0.023737111322889123,0.44791334868438404
Red_N_R,-0.6564250122267248,1.0,0.29315663762317395,-0.07902009534744175,0.441763494283713,0.590176194828176,0.3544679323277912,-0.46585257186897744,0.3363072908141755,-0.009067600894219827,-0.3486348400355185,0.4399486903067434,0.722956877902558,-0.573635683801232,-0.43972458403079867,0.4928525144734281,0.5249718421118965,-0.030331649454169496,0.001272546671776824,0.102147292593386,-0.36574391989632943,-0.31856592294113784,0.654742092466064,-0.302040326785598,-0.30516361043811646,0.3300802034343796,0.452046669676677,-0.5398509472756511,-0.22744500518517638,0.7006957622005919,-0.16109196173530468,0.4360596590206076,0.23998305946213797,-0.37878166181564993,-0.09994653503549582,0.5016233415718273,0.5702637920747982,-0.18353351325328718,0.14277307072014483,0.017203439011543403,-0.5387705248892449,-0.4221987440974037,0.7007640759972804,-0.47468286142042837,0.009430033108318666,0.18921059787971192,-0.46186483164682507,0.3453489609871645,0.10786702510960827,0.2411033745661081,0.042293244612665475,-0.19930812876894533,-0.503093254615783,0.06599728184421443,0.5668800276432476,0.20462176028299364,-0.5399494008309094,0.4446653050106235,0.6998865522125891,0.39661566018821465,-0.13203153074998514,-0.1419009480403669,0.7095866642957804,0.14568601174999143,0.4730240884954796,-0.21691594555691576,-0.046167839069861626,0.3731222793389784,0.4641006043868339,-0.4851720845160529,-0.6123548342652261,0.057061619358101744,0.28931449945982785,0.2183292306141594,0.6723995278587604,0.20483211582412852,0.04039895708174268,0.14379570375016643,0.42165058073248185,-0.2251957733360526,-0.15857101482381414,0.08810455248128991,0.631364031683115,-0.17565016652720628,-0.18042735722177813,-0.6707515069243419,-0.414169345666104,0.6158400991016356,-0.02132888412895222,0.6364251037463575,-0.491814421218091,0.015926865614117987,0.037349525989820914,0.2349537968618635,-0.3250092265676606
Frontal_Med_Orb_L,-0.34881965877786797,0.29315663762317395,1.0,0.031142027290073843,0.5645009948384211,0.5700518007861558,0.1223890599797181,-0.24847935206586733,0.26447311753186137,-0.05916136167924477,-0.13348452643068734,0.17988888377270087,0.43851312291248995,-0.4498044317521908,-0.44372220440093774,0.4016661053995911,0.5118045671126606,-0.07273486357719312,0.09866526858455663,-0.04178944432929367,-0.23827518065203235,-0.3816172048922104,0.1503991612748086,-0.5099489393527027,-0.1997480952819558,0.3277843637209083,0.5302515944613329,-0.4022990794910173,-0.30548848114526045,0.5568043474103138,-0.08454140043004807,0.24502061897740346,0.18142166379210886,0.006253100269382229,0.08340480061542418,0.5884876831179304,0.2965180422684749,-0.07438053846890905,0.15437971507323,0.05637623244699808,-0.17596475468695327,-0.32443044106939894,0.5910445787468159,-0.3026728262384389,0.11352888042768111,0.19688695699168932,-0.4386703671813148,0.24466634846250943,0.20884467573673723,0.12105719238371887,0.05183915769703205,-0.0819327126758321,-0.4242873222671692,0.17324506214541724,0.5326136060541343,0.2585092185813492,-0.343440393300471,0.46878410685597943,0.4080018218989033,0.44271302507184684,-0.17837331491983424,0.10616890095817859,0.3585482989796087,-0.09234115537835066,0.29469695029583204,0.06501967924418255,0.12064149814535328,0.1740096566703205,0.616781363353389,-0.4701518710120618,-0.4196334288904517,0.16016079818857737,0.44918674561145566,0.28757878369179307,0.493524783785571,0.1761523986233765,0.003343748606742412,0.2724023404677697,0.49930301978198943,-0.07917154968208134,-0.07894826374219054,0.23777829641674886,0.19078886148364005,0.34068483400452315,0.024467490901044244,-0.3476071747579735,-0.35930174031068224,0.4481004082807398,0.139112811925295,0.38763702961300345,-0.1070893732498818,0.1422747390785081,0.22748571196288786,0.11979608317007125,0.04501438472998583
Precentral_R,0.5202001515441972,-0.07902009534744175,0.031142027290073843,1.0,0.11857632342157674,-0.08517152700216546,0.25483344137324965,0.39126816838313605,0.5028643517269628,0.8065889512879243,0.33266705401827856,-0.1983337826492018,-0.04451087558953249,0.3091848677845671,0.61173367653117,0.19357055147928762,-0.029233040500049264,0.8054711312825293,0.7489148578918646,0.568632558511855,0.6566702332372446,0.6928845368701788,-0.4012947905044284,0.3863278226199872,0.533263140708162,0.6157463423427545,0.27132423739499795,0.2547327825548395,0.2708839717368511,-0.13282628491852913,0.8222772767620556,0.6438268702760335,0.2713714905930734,0.5890101712855614,0.6922271801297378,-0.014372007320822625,-0.12350234464360464,0.7311990378317189,0.7755485290118708,0.831760185403361,0.5836403224444139,0.5709180318826897,-0.10286806746685669,0.7333859090699226,0.4950841385669189,0.4746072930943632,0.33054489857705077,0.6038284687717843,0.8266476822691131,-0.09240878581747457,0.7512872992481753,0.6766548453719958,0.6626562177172872,0.8063692541562247,0.3204706600925454,0.634272316618028,0.3147875769174604,0.29549243062300007,-0.03869831064526306,0.28009449902948347,-0.051257699360874744,0.616353224165568,-0.2884748590744327,0.48391862807161906,-0.13733410315992142,0.6536128307424697,0.7148407518081619,0.5687213214673708,0.25235855072817887,0.5861846430862032,0.3105691852388695,0.8202810103563705,0.35466152493933584,0.49496008988464746,0.1409538824610956,0.5083248629494589,0.8297103695080761,0.6009933556911858,0.26301720722334293,0.7133666171326488,0.7816821429652119,0.7061038606779385,0.014468287461857665,0.5306014579855955,0.46614983248908887,0.3260277401489564,0.5866672817262023,0.37980119910960575,0.8846440383480586,-0.3081631745380023,0.6006859991452589,0.5456342421095305,0.441970933980048,0.546343367544774,0.31972939730825717
Temporal_Pole_Sup_R,-0.45707871053517934,0.441763494283713,0.5645009948384211,0.11857632342157674,1.0,0.7305115602747558,0.29091171385390296,-0.33821379006394847,0.4246437757135885,-0.04012625725863269,0.1358381771296621,0.44198934072710444,0.6739709817337042,-0.4539519031838945,-0.41975072481913694,0.5550663249333104,0.6818903513405178,0.013772252456095656,0.10145213149627097,0.07813112143212823,-0.07103348382380145,-0.3680316718720871,0.20637358458110286,-0.5210597025738469,-0.12898412808586068,0.44753558956796735,0.6498228545953189,-0.42655924041874327,-0.19525159380003226,0.7164035997072441,0.060028750600565034,0.46103056067600734,0.543924295832036,-0.07855009276552768,0.2263083702472712,0.7751048039374668,0.5003740284555728,0.164107915122914,0.3447393756241233,0.1728467810432049,-0.287177730059539,-0.3707327063921251,0.7614102404290142,-0.32989663965770666,0.08062047191125056,0.2677062064170472,-0.5039812918174641,0.4811695590477037,0.41181618406080245,-0.023991063719787202,0.12114886313279788,-0.007329679311029148,-0.41089981992658375,0.2834833039935289,0.6637771053801662,0.45929902427569247,-0.1671053401994567,0.6062068405959575,0.5034238133078451,0.6277032032166356,-0.3801546602938731,0.12016267146699498,0.5656238348793159,0.10018695832956226,0.5807938217195229,0.05669958356707627,0.12793050563271874,0.40939800958291234,0.6720717550121692,-0.4298201544275141,-0.41075609733364166,0.2885728759092827,0.5711738021581623,0.3811170171763971,0.717175450743738,0.29263755306670336,0.1331399359873388,0.40414522619246523,0.6594466683928067,0.10768130645640027,-0.08553815842082102,0.3068526512347992,0.37038443853597075,0.19517019164777663,0.00523612771819438,-0.3838139673402268,-0.41138208177422225,0.8048427787184068,0.26446504406454746,0.5354979200285062,-0.19285321958860735,0.27164499694973143,0.21942582608145836,0.3468122493067872,0.033739746010210056
Cerebellum_9_L,-0.6916800615810766,0.590176194828176,0.5700518007861558,-0.08517152700216546,0.7305115602747558,1.0,0.32581700182910056,-0.5247873720491171,0.38806557288197785,-0.21470415804129697,-0.3412467070161981,0.6107378728736937,0.7366736234779128,-0.7562961440184566,-0.6916866729858376,0.7587857796775968,0.8581604345478274,-0.1650891681673496,-0.04027200753705776,-0.019966744031875084,-0.43506796194316055,-0.632873794266071,0.3965656319795741,-0.7248003075894008,-0.2807021717494335,0.36166857669924607,0.7537734067957615,-0.6512437842739711,-0.38607255699194837,0.7824242428151124,-0.21773199676924573,0.29637205715785697,0.286297974784663,-0.17674500936937107,0.13826235901722447,0.9452743685641043,0.5893541618137742,-0.15372803993364456,0.24640257482981479,-0.0623270996518803,-0.5003635338428802,-0.6015047618816739,0.9550176320509055,-0.6103276784617169,-0.031240970128746146,0.14794674467366137,-0.7525833177266031,0.33698585547476023,0.24141383110376288,-0.1454846495777893,-0.09138834741350069,-0.17149222839559825,-0.676947241178198,0.08630101849910801,0.7566462081300913,0.3416049476880437,-0.5771432374541714,0.6243871297754121,0.6117199581030404,0.7281940503556998,-0.34220187016906567,-0.014088883417961535,0.7651956956506437,0.03058390129002813,0.6618447872220315,-0.04502924324894395,0.03530218039815614,0.3163850032852464,0.8383249690559899,-0.7349913630568602,-0.6879086997316972,0.07138671887884342,0.6222275403245885,0.33843390038062027,0.7776681689933852,0.1766847527361293,-0.11076628595752572,0.3201478146857059,0.7255172380559175,-0.11141113356067417,-0.2659552275859504,0.24572405355322752,0.34461764176635007,0.07264724007482606,-0.15215812416521635,-0.6112613836275346,-0.6090986303074694,0.6913314667088737,0.14339906640564873,0.7865601498117163,-0.39585040082051764,0.14531472220512123,0.15359641227790313,0.20176678023147032,-0.008868521427788163
N_Acc_L,-0.2105554396797241,0.3544679323277912,0.1223890599797181,0.25483344137324965,0.29091171385390296,0.32581700182910056,1.0,-0.07800421388658241,0.4543037872588058,0.25380972563086346,-0.047809351759253965,0.28142372488606754,0.45899289440245455,-0.22698401519277012,-0.1274347554499904,0.2796842729410908,0.3648200652931607,0.1947711781511587,0.24940714979273093,0.16493337757485252,0.02118298313809562,-0.04026662259559686,0.1244676175864761,-0.031566946486166945,0.07618784900732406,0.4353236419941182,0.44926542702378097,-0.2668980891291737,-0.0402903973611271,0.3542574832535066,0.18103879467443915,0.4744049278567832,0.31313115622981663,-0.031152569914219892,0.3175493922062416,0.3268442893845625,0.16349780620815602,0.14234912359592813,0.269487378964448,0.2069393493815598,-0.04473368676633216,0.019581199786187414,0.378795330422964,-0.04258838649334872,0.27140587232890184,0.3749677238240639,-0.33930579294032137,0.37015012818277343,0.36148315736229253,0.037339913633207475,0.4036497982558506,0.03660725345497472,-0.08254407582889398,0.2378710719642232,0.48915697765151134,0.3860153195384917,-0.24937486280515203,0.4091646152805058,0.41387732613660155,0.2982028925619072,-0.16672899820174147,0.2311010764926533,0.3206287227696477,0.5974955597879087,0.26335207071181443,0.17777852421237272,0.21905750894730577,0.43879395554450723,0.4007282491122238,-0.12540338301392356,-0.33655848225719187,0.3377881727279706,0.4218773360830595,0.2719759109313707,0.4337732772139224,0.3245618082732034,0.199918123019352,0.2685683130292892,0.31924657448695637,0.084894863311506,0.22843330192542774,0.3158308161315021,0.3928047038596712,0.09963646291660211,0.24203087185799307,-0.07220194914232181,-0.010854769027385634,0.4620122575036709,0.259710148682163,0.2943813678895357,0.06320123275342973,0.2257439548332339,0.2421309266449113,0.45085570619198045,-0.21190384768025905
Thal_VA_L,0.8263264452347779,-0.46585257186897744,-0.24847935206586733,0.39126816838313605,-0.33821379006394847,-0.5247873720491171,-0.07800421388658241,1.0,-0.08198224339688866,0.5234331506058588,0.4727644846480112,-0.4570678729516349,-0.6769299391240213,0.5615662634283937,0.6592260246078836,-0.34060923513607483,-0.5261539525219904,0.37670751494298543,0.5469329387157666,0.15787293617016707,0.5954362148846358,0.6282798519002688,-0.5055528148152082,0.5506661310476682,0.41428732028085163,0.27898598031604677,-0.30036776928471237,0.7394589504036726,0.2388176430412973,-0.6426630389490339,0.5175153752411114,-0.12289708345594655,-0.21888588766091852,0.5828365862821983,0.26574969560964434,-0.48894772188261704,-0.5057297355264954,0.5670474640378501,0.2001533519245722,0.34214533075444503,0.7060109192238174,0.8113942563369192,-0.6086765521120695,0.7111794849196621,0.10868906819434891,-0.046403335274024314,0.5259738027678315,0.02042019938184635,0.2821305384766585,-0.08400831157149954,0.40728825274480307,0.5027518099663738,0.7138327436060117,0.3349007402116236,-0.3325557056863064,0.03464894476224456,0.5929601023473813,-0.28983096487677595,-0.6111557222244646,-0.3463577329408487,0.1482933750872866,0.47938037833157715,-0.6113456744915103,0.3162613189660599,-0.2612136487121469,0.48304449691749435,0.2812646981340149,0.04672965052123289,-0.3606771163485716,0.6468624385089444,0.7712561716252032,0.1819430586145008,-0.283961054656136,-0.07781714495426122,-0.5347396629083163,-0.028322137460773396,0.35182498230515485,0.2551677009835116,-0.3897062840848928,0.5312369901903748,0.44260569363611085,0.2708738343677415,-0.5108140101360018,0.39219860469819395,0.34318287349484733,0.7324664328493735,0.6514417083523779,-0.2757162529293848,0.338701892071247,-0.45804200606775985,0.6670675744587289,0.3374012579033472,0.217364597922806,-0.012774966632192226,0.48165086443057936
Parietal_Inf_R,-0.07479622331742121,0.3363072908141755,0.26447311753186137,0.5028643517269628,0.4246437757135885,0.38806557288197785,0.4543037872588058,-0.08198224339688866,1.0,0.5585673226551905,-0.09473375418168088,0.14944863940904968,0.39360909914773995,-0.26083848374166424,0.04002239517009277,0.43605481912012783,0.3524036440876397,0.558534947198187,0.541325028923396,0.38616745528435326,0.14322750526865352,0.16677269700223157,0.14074646333039173,0.03988607733204043,0.10817611214322241,0.6490185267618265,0.649707209781199,-0.22836267463382984,-0.17489277275269216,0.5082535229973819,0.3830747133247962,0.5953438031806116,0.18895549291398708,0.2618587029723738,0.5388101210317779,0.3773434116547144,0.24711379615503876,0.3258714775638677,0.626275823474327,0.6725052955449167,0.20534708549610192,0.14385065701850425,0.43766521982995377,0.2119633525745581,0.8006175037172129,0.8745370016138891,-0.2257928262588642,0.7109984792341708,0.7250222367751745,0.13388521084119473,0.5511343812615973,0.3646542269664688,0.06302390285086665,0.52064730356188,0.7682910224467883,0.6979861797961737,-0.21150413816839975,0.7519613303013806,0.6359169456838988,0.40655082231109113,-0.1777848067665834,0.500788444362083,0.2905222155786334,0.43068938673388457,0.16815058923627926,0.514030767064429,0.6851529085658544,0.7546749023765942,0.6771254102663131,0.04738165758478673,-0.25197764982889725,0.5321655845112978,0.6730026605024161,0.7874193686565012,0.6930425543891476,0.8786393658863448,0.6493990257213452,0.4598027506836857,0.696391057560343,0.37138265211178206,0.5005790872883621,0.5038726530305295,0.57966883607171,0.32516362844213714,0.36448952584872674,-0.08465204999058003,0.08685405303971183,0.5677643385712963,0.5643090394111654,0.24793254986407684,0.2577320308006809,0.4528458942886485,0.581210259172361,0.40239676714581624,-0.009460000558006668
Thal_PuM_R,0.5580936751821266,-0.009067600894219827,-0.05916136167924477,0.8065889512879243,-0.04012625725863269,-0.21470415804129697,0.25380972563086346,0.5234331506058588,0.5585673226551905,1.0,0.27554867102592584,-0.30958324354328415,-0.14729440125348187,0.30885407206775783,0.6431556885155723,0.04008296757615687,-0.18409500473114687,0.7955852234527002,0.8706789067844477,0.5934034848716039,0.5771610068564299,0.7292578022197402,-0.2955367555594822,0.5529039134036475,0.4246777248538655,0.6551050312938546,0.17573353134984251,0.3660713229121588,0.19675791265202155,-0.14259081610453067,0.7285708151708926,0.5365100850148182,0.07338702227441721,0.6063788264116123,0.5423652890577163,-0.1872396039428202,-0.1709173134301469,0.6648409917007128,0.658834513584851,0.8324467421541041,0.6312179325205124,0.7003508628740786,-0.19492251814813744,0.7493474163798204,0.6004581799857412,0.5620519747068529,0.3742000072270779,0.5908783458135118,0.7225487726612787,0.151360498098307,0.792757507168171,0.6275225152712668,0.6520107390734288,0.7745015698573163,0.275195850347908,0.489004787829281,0.26907985972113707,0.28571820179083207,0.010197663238045536,0.07278008441776566,0.017173924349026454,0.6873471232906349,-0.28350719333374025,0.5044084386584373,-0.18627924529420573,0.6671970705056683,0.7351973988162642,0.5994372607900637,0.1459922537315911,0.6191683698464785,0.36025699427255825,0.6422573450973198,0.19644588126956428,0.4873134942222341,0.06863198282161462,0.5773245620704145,0.8382023577255916,0.5198561383779741,0.140247974043715,0.6088998637184317,0.7676267702708524,0.6475664637686167,0.12621805240023187,0.44174738457923357,0.5356486020812088,0.3386202592258139,0.6125435461196218,0.2597576268666034,0.7049106492114743,-0.274905923723126,0.6111709913436952,0.5709789933220141,0.49893153449515426,0.364942970716234,0.23034448022858242
OFClat_R,0.4775043052660686,-0.3486348400355185,-0.13348452643068734,0.33266705401827856,0.1358381771296621,-0.3412467070161981,-0.047809351759253965,0.4727644846480112,-0.09473375418168088,0.27554867102592584,1.0,-0.27252968446600245,-0.22838981722401383,0.6980902542691819,0.5155380049148278,-0.28574116549514195,-0.27183738495396875,0.19325225761161222,0.3001208535398868,0.2000866145207397,0.7504459008494109,0.4784162636753412,-0.31558380931631314,0.330737368585415,0.25711738084426194,0.050374580230621725,-0.142917794449866,0.5505640215044784,0.6143670282253803,-0.42485772527314325,0.39231942195731995,0.09244541064679627,0.4113227518383724,0.3760414497603415,0.2799893149365782,-0.30704587931977445,-0.24603331577772924,0.6278539762884026,0.13974446791993064,0.262986622506604,0.4716156595545927,0.4079545437592111,-0.385345454294025,0.4921334734739496,-0.05846671754120076,-0.053408208153788606,0.4137496043867182,0.0170090374513509,0.24716813668487012,-0.07219574190854174,0.1927262900332745,0.2331355769669129,0.5201609756749821,0.20942373216583893,-0.25244316874490563,0.12227771699064878,0.8378095398152144,-0.2143278805073258,-0.43584806523381614,-0.23605866986560248,0.0028462059224987754,0.27985307415510763,-0.4592388055922324,0.24779954755234965,-0.1570836963045954,0.32109169588381165,0.08585017568669177,0.07931326115442122,-0.28703302688549287,0.5450071442908635,0.6188547077599436,0.31780896410627113,-0.1808805987773924,-0.13498536333126734,-0.32331138657765923,-0.08684082130482952,0.3163791940432697,0.21820896751057742,-0.279776743316186,0.411672277477696,0.20853962249078417,0.24336190381328987,-0.31222278711710344,0.28278760230862016,0.15697378417437674,0.4688496679054358,0.33846416117017175,0.09929451326538657,0.26216902216984084,-0.3792237835615785,0.44728933536966775,0.19124448232551308,0.08980256713728474,0.31236387995781245,0.430743640940206
Cerebellum_7b_L,-0.5612254509787675,0.4399486903067434,0.17988888377270087,-0.1983337826492018,0.44198934072710444,0.6107378728736937,0.28142372488606754,-0.4570678729516349,0.14944863940904968,-0.30958324354328415,-0.27252968446600245,1.0,0.5555995497593812,-0.49821542717782236,-0.5132611540902311,0.3685990684446329,0.557144422110771,-0.24631462389528067,-0.20549769314655356,-0.0631002972817503,-0.391581039710861,-0.48357704304832794,0.3936201299352446,-0.4182238214276713,-0.20665142592146057,0.07120153200536068,0.4840026481044413,-0.5268726378870604,-0.1602158035691008,0.5157829412092252,-0.2756926925709289,0.11072082449055105,0.27489328685788283,-0.2495325983798861,-0.02847388273795737,0.5612137029371871,0.5173483832113348,-0.16778400587589884,0.06569567817526588,-0.16093516146775894,-0.47005373397270966,-0.4965980281133763,0.6128551952270841,-0.5362467521058303,-0.16271456785297828,-0.002548317962084743,-0.5755547800099211,0.12933858685723504,0.041675573506131165,-0.11697320742121294,-0.1560648919955135,-0.2615408285445692,-0.5258855915355171,-0.07126949077827038,0.40887036513208413,0.09366201155718186,-0.4067905249682247,0.2830592036425955,0.4060989241045184,0.38367922763194806,0.0527832560352921,-0.12676633313709565,0.6299271348307217,0.0284160969696062,0.6432567715503914,-0.17879504307947092,-0.11827861400725219,0.10011254116891755,0.4281139291248266,-0.5281887303420848,-0.504252321305895,-0.14594139543161735,0.37456568599093226,0.12831413931361718,0.5136256334912815,0.025105599289949928,-0.1978453926175187,0.12153380322475442,0.37958022267937264,-0.17796859562441092,-0.2831219108178132,0.07095769547504165,0.3126901810430704,-0.1551725028845904,-0.28694714311465297,-0.464362997734478,-0.4752089495187731,0.40627732785622395,-0.06479766543860357,0.6643253013360734,-0.3942328867103918,-0.1447393800674502,-0.03772145631027561,0.12292238089807506,-0.10933030589964696
Temporal_Pole_Sup_L,-0.7345346107809695,0.722956877902558,0.43851312291248995,-0.04451087558953249,0.6739709817337042,0.7366736234779128,0.45899289440245455,-0.6769299391240213,0.39360909914773995,-0.14729440125348187,-0.22838981722401383,0.5555995497593812,1.0,-0.5319632057897281,-0.5510288094619028,0.5339843908380777,0.7095199355317444,-0.0742234120201873,-0.13801007976257207,0.038463097345845715,-0.34676053415561026,-0.4664554391860582,0.547468108060957,-0.5042758353897119,-0.22099212815946173,0.25742092701009306,0.6099297560783129,-0.7004185655253913,-0.1439235030356369,0.8081398384489872,-0.12160408382543904,0.574252723914923,0.5243789763646788,-0.44914143047731087,0.11249463819227415,0.7061342984981124,0.5746074298536339,-0.15995117041158372,0.21677628222241543,-0.003798020639065807,-0.5897595111363204,-0.6017159742265861,0.8254042357293293,-0.5411454970020485,0.01719016272866227,0.2541842487225159,-0.6562276330008203,0.4146591161020162,0.13491420080945793,0.037649227343408434,0.058161977083550385,-0.22956190436265322,-0.5915317850870608,0.09653131171671052,0.7154651502398908,0.3617283769554358,-0.4756568081300205,0.5961494089595961,0.7625384971653015,0.6129964151050185,-0.36520540056177336,-0.16763778490567807,0.7575821691764565,0.08232173591538451,0.4817227105078275,-0.1900565805980079,0.002456608033799014,0.3810666716503116,0.6451592903801385,-0.5751012976946255,-0.6935468027761655,0.205518148049585,0.6010778242040099,0.32244872101813904,0.8171713147599424,0.26942688330554293,-0.01646414635717296,0.19350678646968678,0.6150575692355981,-0.2093940608817897,-0.18638219018622315,0.1190212189022909,0.6343974513366768,-0.18546542120555476,-0.1660010493923425,-0.6495310728532561,-0.4951843501382414,0.7062617223026435,0.06141527319952448,0.6065613707906918,-0.49304215792615935,0.05507048742021704,0.009527481622209427,0.4779010496804771,-0.39227096548084084
OFClat_L,0.7678551340628115,-0.573635683801232,-0.4498044317521908,0.3091848677845671,-0.4539519031838945,-0.7562961440184566,-0.22698401519277012,0.5615662634283937,-0.26083848374166424,0.30885407206775783,0.6980902542691819,-0.49821542717782236,-0.5319632057897281,1.0,0.7389065653169448,-0.5858043200119946,-0.6408822372741819,0.26311482054180574,0.21762583321079262,0.24291093147363801,0.6691497143500613,0.6952297070861782,-0.3866409703153635,0.6110877622438304,0.4235807796220857,-0.18855763012071783,-0.5100368602523959,0.7136366165245299,0.6730443720916224,-0.7698857669697804,0.4572964032610905,-0.05203161666018047,0.040860920606627604,0.319934158238068,0.24399969516240577,-0.7635084436420955,-0.4903728090498102,0.43527245479282445,0.033910010751484615,0.21868102892829328,0.5797470520208147,0.581419726870563,-0.7981817199724718,0.7020189669880763,0.012750563185086158,-0.13058898376109654,0.6385029938862957,-0.16931440445554588,0.003495693649792782,-0.056581838314476454,0.23342331737884464,0.31754654536256993,0.748545568639125,0.11380509027105651,-0.5457669354849685,-0.07118954914529806,0.8186968704353403,-0.5070585459841985,-0.5962497085107518,-0.5370960452315734,0.172963347639863,0.13058766165313612,-0.7346734503869875,0.14557945346466297,-0.573481299016789,0.24437377110127584,0.11817289487239699,-0.13979381280400383,-0.6132246118907833,0.8055599940241484,0.8343533416152412,0.20449812333675513,-0.3181252423055568,-0.20352970606755186,-0.6411897251781681,-0.10733799182248469,0.27434595702879777,-0.07979814428796306,-0.5517260941800014,0.32811911081537587,0.3200001204428741,0.00265367754239387,-0.4384742713318306,0.0970818454924054,0.15473409818045614,0.6623937549279485,0.5880331536882363,-0.4209281027522886,0.15803710069601537,-0.7099698920094206,0.51612157843775,0.07624386098104345,-0.027712224075531127,0.20320249644570598,0.25274165292302986
Frontal_Sup_Medial_R,0.7963160907696097,-0.43972458403079867,-0.44372220440093774,0.61173367653117,-0.41975072481913694,-0.6916866729858376,-0.1274347554499904,0.6592260246078836,0.04002239517009277,0.6431556885155723,0.5155380049148278,-0.5132611540902311,-0.5510288094619028,0.7389065653169448,1.0,-0.41177714543648086,-0.5986300378484455,0.6224852583842283,0.48121489710362786,0.38301403867496686,0.8091870869666686,0.9636236689890124,-0.41857058124348706,0.8328684168003812,0.6008347848036373,0.12715378663445356,-0.3492339160727278,0.6699849886795334,0.5168250497879351,-0.6698014713589415,0.6721552431062935,0.18008386008815477,-0.014237935532707852,0.5369194386287693,0.3096812943935226,-0.670903337990991,-0.46949373455531124,0.6511164491874133,0.33313276082599075,0.5832741987658251,0.7362278824838026,0.8516960144623937,-0.719344133731865,0.9078758623112979,0.24743980447806976,0.11473807590912592,0.7449872594049876,0.15186242949647102,0.3776305807888021,0.03008877547050918,0.5079215798209816,0.5511033938594643,0.9384492741144961,0.4406349427793589,-0.3210168768107889,0.13380717963860186,0.7231688492740309,-0.3013283771459658,-0.5174634979443096,-0.3264294167642742,0.2477474918828062,0.41734161435207096,-0.6464292173407616,0.277705777363202,-0.43063911633286295,0.46754562856619747,0.3258027614542181,0.19911546007549624,-0.46578001474497593,0.9377629170156688,0.7987566706654129,0.3640429826787601,-0.3040712710454221,-0.001452336869594563,-0.4857165724263066,0.11298843543251551,0.6284274598508961,0.21827131969902763,-0.39733270865763765,0.59611358347347,0.6283117015102105,0.3338778935500001,-0.2931112963499083,0.16029843465263635,0.43338773446496415,0.6885866210816474,0.8006431092071357,-0.20276914133606672,0.45549783229456065,-0.648676663511186,0.6601125629534743,0.26642736617931084,0.10027343348668799,0.23328212226235726,0.19535462117133792
Thal_PuL_L,-0.45394728153032665,0.4928525144734281,0.4016661053995911,0.19357055147928762,0.5550663249333104,0.7587857796775968,0.2796842729410908,-0.34060923513607483,0.43605481912012783,0.04008296757615687,-0.28574116549514195,0.3685990684446329,0.5339843908380777,-0.5858043200119946,-0.41177714543648086,1.0,0.7279054908370408,0.12439128009378662,0.1358531168533507,0.1194580675015153,-0.22171143532164106,-0.3444174373729919,0.1921922725607241,-0.5465764614770302,-0.08025794019967145,0.48151827940662195,0.5623984846267122,-0.48241803812799744,-0.33151089457676625,0.6062172462115241,0.06447426649746747,0.3903264296582813,0.18000454555099976,-0.05203085769661242,0.27530114784659565,0.7816226632600004,0.4054349537170541,0.05650286972423815,0.4453394185487641,0.1647124733151891,-0.35921149065487884,-0.36897690775025666,0.7373305951316697,-0.31216854630441143,0.043477871964633985,0.18343885522123432,-0.49899845387132213,0.4654030542944169,0.40125914860218165,-0.17736587124937103,0.07396832040010545,0.06324025868303655,-0.3833752796455811,0.3408549615967374,0.6402797332911759,0.48264392827656954,-0.4441913708169459,0.5715508858560063,0.4892116628328488,0.6838810817700798,-0.34586522598969455,0.007569849514393526,0.5099857520696167,0.12557360346823657,0.43392880014436486,0.053227244080172945,0.28339252471213333,0.4280831032589005,0.7089853090569218,-0.4901848531262854,-0.5045517235881979,0.2982487459045432,0.5339846560884396,0.4172982631199405,0.650974955510117,0.24037272017146927,0.12089914760003125,0.44952453865134673,0.703726342821496,0.08721299928287396,-0.01013092169127293,0.4012231777854075,0.26836962788012525,0.1512744571290654,-0.1587033288790002,-0.48927693018273644,-0.36678237729677166,0.636868909615829,0.38173535265514263,0.5148669933431954,-0.2792472765334073,0.17595040547186164,0.09526249332448558,0.2733823697608831,0.12188441833370563
VTA_L,-0.6550663297664345,0.5249718421118965,0.5118045671126606,-0.029233040500049264,0.6818903513405178,0.8581604345478274,0.3648200652931607,-0.5261539525219904,0.3524036440876397,-0.18409500473114687,-0.27183738495396875,0.557144422110771,0.7095199355317444,-0.6408822372741819,-0.5986300378484455,0.7279054908370408,1.0,-0.11415591353898151,-0.027713660859616837,0.029552112925564273,-0.36134322262051416,-0.5469612228510775,0.4135534421704715,-0.6652155757646603,-0.05968229515508913,0.3647823451619234,0.6506016488648028,-0.630397534757659,-0.29706721521083684,0.7480061279283492,-0.15390074604177076,0.3368957050650859,0.3309554518608282,-0.22238556926701267,0.09940734505853273,0.8315914471181952,0.5138437628963473,-0.12060266579408907,0.26926797421818194,-0.008621333189655198,-0.507521751060087,-0.5648343319478228,0.8642389276732617,-0.5286005299165192,-0.03319041897843347,0.14753681999705212,-0.6280931074540589,0.4147799906004307,0.22449748607249684,-0.07216668652061455,-0.08529530054637802,-0.16621927473253487,-0.59005623644818,0.09807903749715978,0.6773137564451214,0.3608492849921797,-0.5131165172460346,0.6215085143893734,0.6100257883724507,0.6624215884625649,-0.3413514960275363,-0.09348485355988223,0.7139496037286653,-0.005863837524154071,0.5511174013647485,-0.08475451789355881,0.06404440986006416,0.2980885740355086,0.7402693952971698,-0.6433212107738171,-0.6414859491809594,0.10606947432694289,0.5631333059014152,0.3590649439827539,0.7382407864854585,0.19599849661565907,-0.055234979589164616,0.22536066739861288,0.7033939488977733,-0.09506539320283243,-0.24247004713771209,0.2290593493555692,0.3835467124348069,0.006744618038572659,-0.18217096013601367,-0.5849375079823083,-0.6268476061836226,0.6433694775976659,0.1531833553949535,0.6921464198279196,-0.41418884022712643,0.13104343927203577,0.06090672489546683,0.2247211562592574,-0.027332302691222006
Supp_Motor_Area_L,0.49069215932153615,-0.030331649454169496,-0.07273486357719312,0.8054711312825293,0.013772252456095656,-0.1650891681673496,0.1947711781511587,0.37670751494298543,0.558534947198187,0.7955852234527002,0.19325225761161222,-0.24631462389528067,-0.0742234120201873,0.26311482054180574,0.6224852583842283,0.12439128009378662,-0.11415591353898151,1.0,0.6843115311167671,0.4951379812329302,0.5806515436423958,0.6817305578951589,-0.23120690321278817,0.49032589112343955,0.5435953145657131,0.5894032020874501,0.07143655489914034,0.2686553700827521,0.1486232629370642,-0.0814401844405973,0.807012364526731,0.529246281558916,0.13538642601756282,0.4837841784997931,0.5471697118483764,-0.14192674375696027,-0.11562740395807096,0.664322853637322,0.8193583925179659,0.8828585984190008,0.4386196272209814,0.6214170926546208,-0.1648176322347434,0.7235682431587268,0.5142942494793178,0.5236891970695953,0.29144677594682067,0.6119362697020099,0.7665162327277513,-0.009436774485862541,0.692179832265737,0.787925645467345,0.676548712876906,0.7647408986133521,0.24645495061293538,0.6994548372223441,0.22749822630937352,0.3222638398413664,0.04487730106982309,0.12624522356525122,-0.11595329528343427,0.5450293664960484,-0.1973181393008743,0.4751506542828532,-0.06030540466976616,0.5616596397089175,0.6875967832913326,0.5579799715950698,0.13057554998419668,0.6062101976429323,0.3089040196032811,0.649462624680543,0.2152652091272232,0.596710777311393,0.16356915487665857,0.5878414235109797,0.8523952540738812,0.5070137969392519,0.31177205526063084,0.771721567852725,0.6858495754383649,0.587291431620595,0.10783939796406845,0.3682410483239125,0.430177189167283,0.2821821999261904,0.6181002452955263,0.23396674273028556,0.7941581345042135,-0.1788718043224232,0.4314666614125216,0.44270856236414147,0.314867760188172,0.4387360833080751,0.14814188910656284
Thal_VPL_R,0.5023991815467989,0.001272546671776824,0.09866526858455663,0.7489148578918646,0.10145213149627097,-0.04027200753705776,0.24940714979273093,0.5469329387157666,0.541325028923396,0.8706789067844477,0.3001208535398868,-0.20549769314655356,-0.13801007976257207,0.21762583321079262,0.48121489710362786,0.1358531168533507,-0.027713660859616837,0.6843115311167671,1.0,0.6102695948121778,0.5136371177495627,0.5790208985629073,-0.297611958076872,0.3516410008112345,0.34310943146029105,0.7644198968586501,0.34483075305538025,0.32221399038755516,0.1509279420926062,-0.09486601555158915,0.6362252935518907,0.4551776006770551,0.08303624146352216,0.7060048817060878,0.5683913722495552,-0.025167086790589523,-0.10396757029787371,0.6678420902926043,0.6588192539278578,0.7806733203392747,0.6462174543925344,0.624517697011723,-0.06453905393173902,0.6417216047686842,0.5602788584372984,0.5032233417707039,0.240322839609432,0.5969493193907104,0.7378083472348022,0.019258775326622412,0.7200287007879017,0.5627196771653284,0.5196313565900961,0.7300518722030546,0.35429879873831815,0.46849494219333476,0.22574487327136694,0.3624793143666451,-0.0005274197539684767,0.10446762075216802,-0.004683225380241638,0.7965026048766592,-0.23951505648991314,0.48284847553484816,-0.05366896865229458,0.7477206629808997,0.7554178310766089,0.5738880813502946,0.29701056885570015,0.4610340022043612,0.3027053648946915,0.5673519803169691,0.2785487307563407,0.5434884010527525,0.12164728389600946,0.5592230317737756,0.7488274131981224,0.5823522494815973,0.2168162802182716,0.6073536346751693,0.7096799253531173,0.6863050156677764,0.02074379541322305,0.6173730051881613,0.5667526808671624,0.35155058751948814,0.4521007441510004,0.3267793078102553,0.7128116490394193,-0.15779830354511903,0.6412726088010454,0.6440184497601654,0.6296032711189344,0.33541950333132603,0.423811035373091
Thal_PuA_L,0.28624274339065164,0.102147292593386,-0.04178944432929367,0.568632558511855,0.07813112143212823,-0.019966744031875084,0.16493337757485252,0.15787293617016707,0.38616745528435326,0.5934034848716039,0.2000866145207397,-0.0631002972817503,0.038463097345845715,0.24291093147363801,0.38301403867496686,0.1194580675015153,0.029552112925564273,0.4951379812329302,0.6102695948121778,1.0,0.32148610127864613,0.4879188414764689,-0.14162859838408337,0.22906642522757736,0.39277736078423614,0.4901394670355611,0.2707137654031993,0.10991897575616016,0.36387095288943,-0.05411394560037986,0.4802613425122621,0.49546757397987196,0.2054850705013627,0.42244055507911077,0.4865372338201259,-0.024420302447591646,0.0464187475721293,0.4053346532261422,0.51147770362655,0.608676462245597,0.40283591267921803,0.35816461118936194,-0.015394709716455224,0.45598976381291,0.41984166373833226,0.3834972860244261,0.20791370108643115,0.5107123441884578,0.49006249048060735,0.07020106775053532,0.5626379076075412,0.31475843356535915,0.3579609262963782,0.557007244249334,0.2835887498005427,0.33477737383506817,0.18703482616850667,0.1904054181223786,0.13303311312819618,0.2001325614976893,-0.012214598164260456,0.4891981672867532,-0.048837804652684,0.25701745538476256,-0.07331035543883944,0.48324303207181024,0.5534812652160487,0.4480669138887205,0.20215201984607528,0.3457771608905565,0.21172647908492817,0.4414518862580045,0.2729217431013515,0.4497893134896393,0.15150262236844214,0.46012368027770234,0.6304487545717916,0.43147172887063323,0.1560086587090984,0.3513021266636864,0.5452713872825914,0.4524591102570067,0.15218676073717788,0.3073697070336356,0.33298174134275776,0.22249427682689366,0.3417147279504657,0.3154512088137886,0.537399600439382,-0.11976190426567236,0.40581580862835326,0.4862119692423647,0.44696013710503385,0.4165629550134912,0.24313426350628967
