,Thal_PuL_L,Raphe_M,ParaHippocampal_L,Cerebellum_4_5_R,Lingual_R,Calcarine_R,Cerebellum_10_R,Thal_VA_L,Parietal_Inf_R,Thal_PuM_L,Occipital_Inf_R,Cerebellum_4_5_L,Cerebellum_6_L,OFCant_R,Thal_Re_L,OFClat_R,Thal_PuI_R,Thal_PuI_L,Precentral_L,Raphe_D,SupraMarginal_L,Supp_Motor_Area_L,Precuneus_L,Precentral_R,Thal_MDl_L,Vermis_10,Thal_AV_L,Vermis_4_5,Cerebellum_Crus1_R,Vermis_3,Frontal_Inf_Oper_L,Calcarine_L,Insula_R,Thal_PuM_R,Thal_AV_R,OFCpost_L,Thal_VPL_R,Vermis_9,Red_N_L,Hippocampus_R
Thal_PuL_L,1.0,-0.18175411208484288,-0.2792472765334073,0.6600347822738387,0.7089853090569218,0.703726342821496,0.7816226632600004,-0.34060923513607483,0.43605481912012783,0.3408549615967374,-0.17736587124937103,0.6402797332911759,0.7351794657041174,-0.4441913708169459,-0.07881076437698811,-0.28574116549514195,-0.1587033288790002,-0.15450424460041207,0.3047432981597178,-0.19144203448126385,0.48264392827656954,0.12439128009378662,0.24037272017146927,0.19357055147928762,0.44952453865134673,0.7614825774350674,-0.3026615787495474,0.7147990292180754,0.5148669933431954,-0.01013092169127293,0.2607607887421058,0.650974955510117,0.636868909615829,0.04008296757615687,0.12188441833370563,-0.33151089457676625,0.1358531168533507,-0.712956088320772,0.07935549000735506,-0.25235133677632593
Raphe_M,-0.18175411208484288,1.0,0.5075026093985849,-0.17949160534518216,-0.13330870810874682,-0.2225276906291257,-0.3680305565633356,0.5293430069712524,0.07763123797739942,0.09134611138251855,-0.05266378374638162,-0.16466584420028485,-0.3023604231164887,0.33009554873219454,-0.1828786318296047,0.3053544714465576,0.23379454077671455,0.3102562897388752,0.25554789779474907,0.25360364707496863,-0.03131669250932605,0.23317131106551595,0.08802945235184344,0.20953764218322163,0.10039845089664771,-0.4003338781322947,0.41234541141921144,-0.26285929593710267,-0.1339461244378634,0.28185247974132166,0.17317675127353183,-0.3096400765539504,-0.21607830233121664,0.3747769629990134,0.44226789604285016,0.20736687847606936,0.4676446320858585,0.32059341895986143,-0.17726180501587485,0.46960209948499615
ParaHippocampal_L,-0.2792472765334073,0.5075026093985849,1.0,-0.13348179287309175,-0.03516872734127599,-0.2042184093581443,-0.35037793789658794,0.6670675744587289,0.2577320308006809,0.4561179864519484,-0.05831079782809468,-0.00030447074709180025,-0.3513093838871632,0.514778278895595,0.06101142816231441,0.44728933536966775,0.5636482345469058,0.6780903047415553,0.47427433498259364,0.6495524140038192,0.17639241720187782,0.4314666614125216,0.30459950183960943,0.6006859991452589,0.37700186400306324,-0.5123277439671606,0.5980349615758214,-0.2640326485699224,-0.5127886762893583,0.7191843578988926,0.4471566873820695,-0.31602718316289097,-0.07526049754932805,0.6111709913436952,0.44581082042326897,0.3442957282548698,0.6412726088010454,0.44850517952908864,-0.29886637653916626,0.8873090204540214
Cerebellum_4_5_R,0.6600347822738387,-0.17949160534518216,-0.13348179287309175,1.0,0.9163772423766985,0.7605720304226052,0.7629161400335919,-0.4418336583190163,0.6927768034375587,0.29093943636722563,0.02762533041916445,0.9541342008500417,0.9255841623227163,-0.5044055523491505,-0.11831104035483081,-0.2996493501651312,0.09906303772769,-0.00859122908996603,0.20489991109685754,-0.33522737768263144,0.514967605783695,0.10921382167627203,0.5525319762665599,0.20406467059466363,0.36947865119285683,0.7956481067880601,-0.5733851432595556,0.962933439914015,0.5956022724478938,0.12076392919521017,0.1825653187703429,0.8709297277721281,0.7298800132026039,0.1443416693965878,-0.08993270217274872,-0.27430104010142786,0.24588088913227157,-0.6455631644655399,0.2538162408588038,-0.030868200188519962
Lingual_R,0.7089853090569218,-0.13330870810874682,-0.03516872734127599,0.9163772423766985,1.0,0.8359574826926656,0.8456816877733389,-0.3606771163485716,0.6771254102663131,0.3586678055433408,-0.07937480575433947,0.9109956766187459,0.9084891212597632,-0.506222611917126,-0.049637970933744426,-0.28703302688549287,0.11005017111614342,0.08739327371263163,0.31142263086258076,-0.1293851509506649,0.5448764889910485,0.13057554998419668,0.5484343787435176,0.25235855072817887,0.4565866276322827,0.8120641221552068,-0.4341384251488634,0.9153363283957282,0.5586908390181531,0.11292156566733078,0.2757404049023115,0.8271482649337495,0.7043999653940136,0.1459922537315911,0.08969771784317804,-0.355017841307725,0.29701056885570015,-0.7249723473818949,0.006740759803729444,-0.007695135342830462
Calcarine_R,0.703726342821496,-0.2225276906291257,-0.2042184093581443,0.7605720304226052,0.8359574826926656,1.0,0.7385977593246486,-0.3897062840848928,0.696391057560343,0.36866879488243937,-0.09270682924001106,0.7772406247765101,0.810581321987498,-0.43410074029731116,0.034649508229359936,-0.279776743316186,0.035773842703108884,0.10659131098898778,0.39324054233245137,-0.12876200837579535,0.6593076853602847,0.31177205526063084,0.6297786503410571,0.26301720722334293,0.3673047023298366,0.7383135665749886,-0.40204549210385276,0.7931763923600508,0.519243418403839,0.09554881398468458,0.3949830043676747,0.8881840666518978,0.653580966970721,0.140247974043715,-0.0070022658268903415,-0.34516772905920823,0.2168162802182716,-0.648104820435626,0.11725419044445445,-0.0857237271969239
Cerebellum_10_R,0.7816226632600004,-0.3680305565633356,-0.35037793789658794,0.7629161400335919,0.8456816877733389,0.7385977593246486,1.0,-0.48894772188261704,0.3773434116547144,0.15235874460626392,-0.15396576953485272,0.7417999234945732,0.881075556720253,-0.5367787054776065,-0.04554405396656434,-0.30704587931977445,-0.12900290563333217,-0.2296002879574296,0.09725879956624935,-0.2204875909465174,0.36033378148931344,-0.14192674375696027,0.18402772142114301,-0.014372007320822625,0.38284636259870264,0.9538892783034552,-0.48525304157333005,0.850343326729053,0.6699344680520797,-0.20287997567678012,0.08145186382295615,0.7597917345509289,0.7092975578973074,-0.1872396039428202,0.015409203905660876,-0.4258056510753919,-0.025167086790589523,-0.9183391736465768,-0.04368607486949563,-0.3843773131749533
Thal_VA_L,-0.34060923513607483,0.5293430069712524,0.6670675744587289,-0.4418336583190163,-0.3606771163485716,-0.3897062840848928,-0.48894772188261704,1.0,-0.08198224339688866,0.3349007402116236,-0.08400831157149954,-0.3325557056863064,-0.5511537994357233,0.5929601023473813,-0.05669180192800107,0.4727644846480112,0.34318287349484733,0.537415060364932,0.4075047027214349,0.5619279069536361,0.03464894476224456,0.37670751494298543,-0.028322137460773396,0.39126816838313605,0.2551677009835116,-0.6000356512027584,0.7749272665840596,-0.5185899381352469,-0.45804200606775985,0.44260569363611085,0.3861588510715286,-0.5347396629083163,-0.2757162529293848,0.5234331506058588,0.48165086443057936,0.2388176430412973,0.5469329387157666,0.5252979945769682,-0.22486423515369983,0.6231801709537105
Parietal_Inf_R,0.43605481912012783,0.07763123797739942,0.2577320308006809,0.6927768034375587,0.6771254102663131,0.696391057560343,0.3773434116547144,-0.08198224339688866,1.0,0.52064730356188,0.13388521084119473,0.7682910224467883,0.5422811219973518,-0.21150413816839975,0.04082410061954733,-0.09473375418168088,0.36448952584872674,0.4478520390035561,0.455612503747292,0.028957045660338913,0.6979861797961737,0.558534947198187,0.8786393658863448,0.5028643517269628,0.4598027506836857,0.3575765899392658,-0.24754594201434652,0.6419855310441062,0.24793254986407684,0.5005790872883621,0.4889238910560586,0.6930425543891476,0.5677643385712963,0.5585673226551905,-0.009460000558006668,-0.17489277275269216,0.541325028923396,-0.28459854513813104,0.22923095198894347,0.4234751879794947
Thal_PuM_L,0.3408549615967374,0.09134611138251855,0.4561179864519484,0.29093943636722563,0.3586678055433408,0.36866879488243937,0.15235874460626392,0.3349007402116236,0.52064730356188,1.0,-0.07784097153483814,0.43843841444308546,0.17236142613581507,0.1493428288811794,0.07011512101971336,0.20942373216583893,0.4379100326281812,0.6147741457067633,0.8032220365838569,0.3942668866118718,0.6415596398638608,0.7647408986133521,0.47825689016113243,0.8063692541562247,0.7391822082249399,0.044096830728333855,0.35167703259563227,0.24736585590890492,-0.058971673801551446,0.6474653634645358,0.7057036689009516,0.2709790131762502,0.49177424677702014,0.7745015698573163,0.25578630523134716,0.10272338946651685,0.7300518722030546,-0.0043624078787186825,0.10451782433615729,0.5930382441808056
Occipital_Inf_R,-0.17736587124937103,-0.05266378374638162,-0.05831079782809468,0.02762533041916445,-0.07937480575433947,-0.09270682924001106,-0.15396576953485272,-0.08400831157149954,0.13388521084119473,-0.07784097153483814,1.0,0.0378795371938295,-0.01727787588609652,-0.087845670237183,-0.06599442815675356,-0.07219574190854174,0.05120662814650426,0.05227157327159273,-0.24691371983374155,-0.22244815444439853,-0.14096885111070473,-0.009436774485862541,0.1978429112997417,-0.09240878581747457,-0.16139287345495754,-0.09124708416938132,-0.2699833979236393,0.04066480491875264,-0.03294469250193285,0.03950527050241524,-0.21889733259139096,0.04769588828354183,-0.01030737876590524,0.151360498098307,-0.2632210886302788,-0.10355248550429308,0.019258775326622412,0.14507230756795414,0.38044651488383896,0.10373932103282507
Cerebellum_4_5_L,0.6402797332911759,-0.16466584420028485,-0.00030447074709180025,0.9541342008500417,0.9109956766187459,0.7772406247765101,0.7417999234945732,-0.3325557056863064,0.7682910224467883,0.43843841444308546,0.0378795371938295,1.0,0.8746054820549853,-0.42499294090940154,-0.08230417367852352,-0.25244316874490563,0.23143028905120464,0.16399259091921534,0.32251026015681394,-0.16924627513974527,0.607897445229517,0.24645495061293538,0.6153840512973124,0.3204706600925454,0.5087076530813998,0.7437075841748889,-0.45912721675712465,0.93167102311495,0.5196241254395013,0.27621262791364287,0.31328702239055106,0.8615260613986607,0.7648200885201628,0.275195850347908,-0.0911221740485707,-0.2717314004347461,0.35429879873831815,-0.6206233072312545,0.21535757064141753,0.11308203875122255
Cerebellum_6_L,0.7351794657041174,-0.3023604231164887,-0.3513093838871632,0.9255841623227163,0.9084891212597632,0.810581321987498,0.881075556720253,-0.5511537994357233,0.5422811219973518,0.17236142613581507,-0.01727787588609652,0.8746054820549853,1.0,-0.6043662129197251,-0.11015979971529963,-0.39757360058193564,-0.07282433551756688,-0.15413293655499027,0.12169918984597335,-0.41295121421126135,0.45044397962385857,-0.028786765088175376,0.4093931061933261,0.025724901053891757,0.286430058651879,0.925052362737827,-0.6256459531968045,0.9496934855833856,0.7096238694846588,-0.1170623217822117,0.10690114482360191,0.872489342025004,0.7009607893529703,-0.06054701083896823,-0.09065602884581898,-0.37917464266944145,0.06285046349028636,-0.7829326794627341,0.20913311403931148,-0.2878356374125013
OFCant_R,-0.4441913708169459,0.33009554873219454,0.514778278895595,-0.5044055523491505,-0.506222611917126,-0.43410074029731116,-0.5367787054776065,0.5929601023473813,-0.21150413816839975,0.1493428288811794,-0.087845670237183,-0.42499294090940154,-0.6043662129197251,1.0,0.05432648197950277,0.8378095398152144,0.22852060917880676,0.2982274702327425,0.25523696069988944,0.4283981090338688,-0.0225538194732793,0.22749822630937352,-0.1282389464007466,0.3147875769174604,0.07873690216178479,-0.6397315545303086,0.7203720132420894,-0.59067070722424,-0.5941275268459973,0.31397096327962803,0.18547411244001863,-0.5230640057701924,-0.19493301654557865,0.26907985972113707,0.3439513022668451,0.5975327656599069,0.22574487327136694,0.5948040671661206,-0.2551822024805018,0.4875158727712108
Thal_Re_L,-0.07881076437698811,-0.1828786318296047,0.06101142816231441,-0.11831104035483081,-0.049637970933744426,0.034649508229359936,-0.04554405396656434,-0.05669180192800107,0.04082410061954733,0.07011512101971336,-0.06599442815675356,-0.08230417367852352,-0.11015979971529963,0.05432648197950277,1.0,-0.0007941631073444458,0.023500152678784594,0.18010948816948136,0.05488026342741044,0.16115689755012283,0.049463268198294136,0.01912249210041738,0.05955168187191954,0.012705277794304855,-0.08353106103150364,-0.09808659605351461,0.12116821658253202,-0.10882209725784864,-0.12178150897450958,-0.029956934017123623,0.032904159071427415,-0.03236536714198512,-0.0847321855024586,-0.019731317207404012,0.005610044688844177,-0.10200343363770979,-0.09173883538591102,0.06439842292331084,-0.10214139927408954,0.04825792784639266
OFClat_R,-0.28574116549514195,0.3053544714465576,0.44728933536966775,-0.2996493501651312,-0.28703302688549287,-0.279776743316186,-0.30704587931977445,0.4727644846480112,-0.09473375418168088,0.20942373216583893,-0.07219574190854174,-0.25244316874490563,-0.39757360058193564,0.8378095398152144,-0.0007941631073444458,1.0,0.15697378417437674,0.2482969387746736,0.24664112906170962,0.3514199378194786,0.12227771699064878,0.19325225761161222,-0.08684082130482952,0.33266705401827856,0.21820896751057742,-0.4195655516386176,0.5823924943692231,-0.36616323282264046,-0.3792237835615785,0.20853962249078417,0.16114230643587835,-0.32331138657765923,0.09929451326538657,0.27554867102592584,0.430743640940206,0.6143670282253803,0.3001208535398868,0.3988679805196187,-0.2160202200665835,0.4096707780784089
Thal_PuI_R,-0.1587033288790002,0.23379454077671455,0.5636482345469058,0.09906303772769,0.11005017111614342,0.035773842703108884,-0.12900290563333217,0.34318287349484733,0.36448952584872674,0.4379100326281812,0.05120662814650426,0.23143028905120464,-0.07282433551756688,0.22852060917880676,0.023500152678784594,0.15697378417437674,1.0,0.6119900816758888,0.377299924824542,0.42414381481556496,0.19864529501913047,0.430177189167283,0.366094049985818,0.46614983248908887,0.2996727314517849,-0.20329939580684914,0.21716915855446844,0.029571509432535528,-0.2529246847970478,0.634718756107946,0.2836887258084151,-0.005643734855647386,0.09564860992357418,0.5356486020812088,-0.03106764473498492,0.10491426810749883,0.5667526808671624,0.2029638768862631,-0.08057345876049395,0.6537942002464034
Thal_PuI_L,-0.15450424460041207,0.3102562897388752,0.6780903047415553,-0.00859122908996603,0.08739327371263163,0.10659131098898778,-0.2296002879574296,0.537415060364932,0.4478520390035561,0.6147741457067633,0.05227157327159273,0.16399259091921534,-0.15413293655499027,0.2982274702327425,0.18010948816948136,0.2482969387746736,0.6119900816758888,1.0,0.5806999103329801,0.5586894043247789,0.40779854349149697,0.6275723397565642,0.5712641207373467,0.6095011332851041,0.3624087219977551,-0.32585775340659195,0.4528054496189777,-0.08021820273899176,-0.33966560200353363,0.7048302399806837,0.600488730813578,-0.023654664060758977,0.03701525096280758,0.6997785151552391,0.19832049692144935,-0.0038047436754943494,0.6650005307929884,0.321352577487168,-0.03597866912319686,0.7778722183537711
Precentral_L,0.3047432981597178,0.25554789779474907,0.47427433498259364,0.20489991109685754,0.31142263086258076,0.39324054233245137,0.09725879956624935,0.4075047027214349,0.455612503747292,0.8032220365838569,-0.24691371983374155,0.32251026015681394,0.12169918984597335,0.25523696069988944,0.05488026342741044,0.24664112906170962,0.377299924824542,0.5806999103329801,1.0,0.4498207763499282,0.7124772812465306,0.8146816824696486,0.4782107057339942,0.8505029371982803,0.6176486884178932,-0.009437843912489677,0.4596650387175851,0.14430993766974615,-0.10511593479025257,0.6157719872856415,0.8745694891464904,0.19974687165807264,0.34826114316151974,0.6899721727455043,0.41553063106882154,0.14924367692527205,0.7283879885406116,0.038928877869113566,-0.029271233165055727,0.5715733355390491
Raphe_D,-0.19144203448126385,0.25360364707496863,0.6495524140038192,-0.33522737768263144,-0.1293851509506649,-0.12876200837579535,-0.2204875909465174,0.5619279069536361,0.028957045660338913,0.3942668866118718,-0.22244815444439853,-0.16924627513974527,-0.41295121421126135,0.4283981090338688,0.16115689755012283,0.3514199378194786,0.42414381481556496,0.5586894043247789,0.4498207763499282,1.0,0.16964604702828176,0.3993974188146225,0.06368556205285704,0.5041989589993845,0.3586875254243479,-0.4118965186946612,0.6667709574828689,-0.38516863513330113,-0.5246709429083412,0.5370617531635754,0.4170838340501086,-0.3625181153886829,-0.14984422984377102,0.4078384438434268,0.29719492376294304,0.192514188559769,0.39347158961700635,0.26782035945753296,-0.47461032328848063,0.5904693023398158
SupraMarginal_L,0.48264392827656954,-0.03131669250932605,0.17639241720187782,0.514967605783695,0.5448764889910485,0.6593076853602847,0.36033378148931344,0.03464894476224456,0.6979861797961737,0.6415596398638608,-0.14096885111070473,0.607897445229517,0.45044397962385857,-0.0225538194732793,0.049463268198294136,0.12227771699064878,0.19864529501913047,0.40779854349149697,0.7124772812465306,0.16964604702828176,1.0,0.6994548372223441,0.5866288705646425,0.634272316618028,0.5784763465664673,0.3249894905817401,0.04624688494866371,0.46968202753832905,0.19551107456077144,0.42430585936550225,0.7637745380223494,0.5585841072426122,0.5821154384541204,0.489004787829281,0.13930582993413643,-0.020678881816606084,0.46849494219333476,-0.23389699989581933,0.14692579656442617,0.2940260759115015
Supp_Motor_Area_L,0.12439128009378662,0.23317131106551595,0.4314666614125216,0.10921382167627203,0.13057554998419668,0.31177205526063084,-0.14192674375696027,0.37670751494298543,0.558534947198187,0.7647408986133521,-0.009436774485862541,0.24645495061293538,-0.028786765088175376,0.22749822630937352,0.01912249210041738,0.19325225761161222,0.430177189167283,0.6275723397565642,0.8146816824696486,0.3993974188146225,0.6994548372223441,1.0,0.5878414235109797,0.8054711312825293,0.5070137969392519,-0.18378209068793674,0.3658427842278828,0.03801663648987535,-0.1788718043224232,0.6858495754383649,0.7765522447579193,0.16356915487665857,0.23396674273028556,0.7955852234527002,0.14814188910656284,0.1486232629370642,0.6843115311167671,0.22451666783289542,0.17119996788982078,0.6279040134887961
Precuneus_L,0.24037272017146927,0.08802945235184344,0.30459950183960943,0.5525319762665599,0.5484343787435176,0.6297786503410571,0.18402772142114301,-0.028322137460773396,0.8786393658863448,0.47825689016113243,0.1978429112997417,0.6153840512973124,0.4093931061933261,-0.1282389464007466,0.05955168187191954,-0.08684082130482952,0.366094049985818,0.5712641207373467,0.4782107057339942,0.06368556205285704,0.5866288705646425,0.5878414235109797,1.0,0.5083248629494589,0.3021823719414171,0.17392402570097076,-0.18989884818297287,0.486576949634457,0.06498431123319943,0.5524885760024111,0.511233157109951,0.6068614259680923,0.36713307012546254,0.5773245620704145,-0.01119763891429378,-0.14160917444059948,0.5592230317737756,-0.06963089009942129,0.2514976080049242,0.512059804405232
Precentral_R,0.19357055147928762,0.20953764218322163,0.6006859991452589,0.20406467059466363,0.25235855072817887,0.26301720722334293,-0.014372007320822625,0.39126816838313605,0.5028643517269628,0.8063692541562247,-0.09240878581747457,0.3204706600925454,0.025724901053891757,0.3147875769174604,0.012705277794304855,0.33266705401827856,0.46614983248908887,0.6095011332851041,0.8505029371982803,0.5041989589993845,0.634272316618028,0.8054711312825293,0.5083248629494589,1.0,0.6009933556911858,-0.1328205986869264,0.4122362981866884,0.10659105431880454,-0.3081631745380023,0.7816821429652119,0.7419415345907143,0.1409538824610956,0.37980119910960575,0.8065889512879243,0.31972939730825717,0.2708839717368511,0.7489148578918646,0.16790833387978119,0.024365282384121337,0.7350530848254774
Thal_MDl_L,0.44952453865134673,0.10039845089664771,0.37700186400306324,0.36947865119285683,0.4565866276322827,0.3673047023298366,0.38284636259870264,0.2551677009835116,0.4598027506836857,0.7391822082249399,-0.16139287345495754,0.5087076530813998,0.286430058651879,0.07873690216178479,-0.08353106103150364,0.21820896751057742,0.2996727314517849,0.3624087219977551,0.6176486884178932,0.3586875254243479,0.5784763465664673,0.5070137969392519,0.3021823719414171,0.6009933556911858,1.0,0.23994598754133314,0.2714923172519055,0.35839224285759635,0.0994641387115636,0.5305912773347454,0.5698637546400392,0.3286045213117558,0.5990186512047694,0.5198561383779741,0.3031590763008268,0.1542493336244159,0.5823522494815973,-0.2819602480103913,-0.06239286132959257,0.4104553014585513
Vermis_10,0.7614825774350674,-0.4003338781322947,-0.5123277439671606,0.7956481067880601,0.8120641221552068,0.7383135665749886,0.9538892783034552,-0.6000356512027584,0.3575765899392658,0.044096830728333855,-0.09124708416938132,0.7437075841748889,0.925052362737827,-0.6397315545303086,-0.09808659605351461,-0.4195655516386176,-0.20329939580684914,-0.32585775340659195,-0.009437843912489677,-0.4118965186946612,0.3249894905817401,-0.18378209068793674,0.17392402570097076,-0.1328205986869264,0.23994598754133314,1.0,-0.6348293305538878,0.8904478524099029,0.7739690178493279,-0.31265875226088125,-0.010902879491980733,0.8040556647199942,0.6776674658118578,-0.26418171618546094,-0.11606348635048143,-0.4685248427908804,-0.11489366218404953,-0.9188293270104125,0.09887850520508128,-0.505044629887263
Thal_AV_L,-0.3026615787495474,0.41234541141921144,0.5980349615758214,-0.5733851432595556,-0.4341384251488634,-0.40204549210385276,-0.48525304157333005,0.7749272665840596,-0.24754594201434652,0.35167703259563227,-0.2699833979236393,-0.45912721675712465,-0.6256459531968045,0.7203720132420894,0.12116821658253202,0.5823924943692231,0.21716915855446844,0.4528054496189777,0.4596650387175851,0.6667709574828689,0.04624688494866371,0.3658427842278828,-0.18989884818297287,0.4122362981866884,0.2714923172519055,-0.6348293305538878,1.0,-0.6421440535414394,-0.5438176920389098,0.3588251753933841,0.37623767396418584,-0.6254288437433216,-0.30730036734975336,0.36721556841281827,0.5743346812554805,0.3857438355029952,0.3621652079148629,0.524367072365549,-0.3921919862023445,0.5122325213931868
Vermis_4_5,0.7147990292180754,-0.26285929593710267,-0.2640326485699224,0.962933439914015,0.9153363283957282,0.7931763923600508,0.850343326729053,-0.5185899381352469,0.6419855310441062,0.24736585590890492,0.04066480491875264,0.93167102311495,0.9496934855833856,-0.59067070722424,-0.10882209725784864,-0.36616323282264046,0.029571509432535528,-0.08021820273899176,0.14430993766974615,-0.38516863513330113,0.46968202753832905,0.03801663648987535,0.486576949634457,0.10659105431880454,0.35839224285759635,0.8904478524099029,-0.6421440535414394,1.0,0.6970023987582669,-0.0013170622651238818,0.13749322996038132,0.9190805861165138,0.7683938455322323,0.04331139803313468,-0.14190937615312604,-0.37048447923707245,0.15739008084698303,-0.7708592141743091,0.24532337859854875,-0.1730186654521262
Cerebellum_Crus1_R,0.5148669933431954,-0.1339461244378634,-0.5127886762893583,0.5956022724478938,0.5586908390181531,0.519243418403839,0.6699344680520797,-0.45804200606775985,0.24793254986407684,-0.058971673801551446,-0.03294469250193285,0.5196241254395013,0.7096238694846588,-0.5941275268459973,-0.12178150897450958,-0.3792237835615785,-0.2529246847970478,-0.33966560200353363,-0.10511593479025257,-0.5246709429083412,0.19551107456077144,-0.1788718043224232,0.06498431123319943,-0.3081631745380023,0.0994641387115636,0.7739690178493279,-0.5438176920389098,0.6970023987582669,1.0,-0.47047225441749074,-0.07646692893679055,0.6410747672412138,0.4819883373265668,-0.274905923723126,-0.09761432107249307,-0.37581279050906796,-0.15779830354511903,-0.7467523288128527,0.211864623019721,-0.5251194845379193
Vermis_3,-0.01013092169127293,0.28185247974132166,0.7191843578988926,0.12076392919521017,0.11292156566733078,0.09554881398468458,-0.20287997567678012,0.44260569363611085,0.5005790872883621,0.6474653634645358,0.03950527050241524,0.27621262791364287,-0.1170623217822117,0.31397096327962803,-0.029956934017123623,0.20853962249078417,0.634718756107946,0.7048302399806837,0.6157719872856415,0.5370617531635754,0.42430585936550225,0.6858495754383649,0.5524885760024111,0.7816821429652119,0.5305912773347454,-0.31265875226088125,0.3588251753933841,-0.0013170622651238818,-0.47047225441749074,1.0,0.5938425304149108,0.020728179972558602,0.13990280429082394,0.7676267702708524,0.11910869059209901,0.22962116292105061,0.7096799253531173,0.32312273281795806,0.07353380120589564,0.8651571157507932
Frontal_Inf_Oper_L,0.2607607887421058,0.17317675127353183,0.4471566873820695,0.1825653187703429,0.2757404049023115,0.3949830043676747,0.08145186382295615,0.3861588510715286,0.4889238910560586,0.7057036689009516,-0.21889733259139096,0.31328702239055106,0.10690114482360191,0.18547411244001863,0.032904159071427415,0.16114230643587835,0.2836887258084151,0.600488730813578,0.8745694891464904,0.4170838340501086,0.7637745380223494,0.7765522447579193,0.511233157109951,0.7419415345907143,0.5698637546400392,-0.010902879491980733,0.37623767396418584,0.13749322996038132,-0.07646692893679055,0.5938425304149108,1.0,0.2222511857287319,0.30201342742662557,0.5978100912467903,0.27036088779910156,0.05951067259289223,0.6007862487260242,0.02282108694875611,0.06355625481166596,0.5090366870006121
Calcarine_L,0.650974955510117,-0.3096400765539504,-0.31602718316289097,0.8709297277721281,0.8271482649337495,0.8881840666518978,0.7597917345509289,-0.5347396629083163,0.6930425543891476,0.2709790131762502,0.04769588828354183,0.8615260613986607,0.872489342025004,-0.5230640057701924,-0.03236536714198512,-0.32331138657765923,-0.005643734855647386,-0.023654664060758977,0.19974687165807264,-0.3625181153886829,0.5585841072426122,0.16356915487665857,0.6068614259680923,0.1409538824610956,0.3286045213117558,0.8040556647199942,-0.6254288437433216,0.9190805861165138,0.6410747672412138,0.020728179972558602,0.2222511857287319,1.0,0.7532156146629893,0.06863198282161462,-0.21284369575186285,-0.3419040982500269,0.12164728389600946,-0.6791904913190118,0.33059106961261286,-0.16181773285586015
Insula_R,0.636868909615829,-0.21607830233121664,-0.07526049754932805,0.7298800132026039,0.7043999653940136,0.653580966970721,0.7092975578973074,-0.2757162529293848,0.5677643385712963,0.49177424677702014,-0.01030737876590524,0.7648200885201628,0.7009607893529703,-0.19493301654557865,-0.0847321855024586,0.09929451326538657,0.09564860992357418,0.03701525096280758,0.34826114316151974,-0.14984422984377102,0.5821154384541204,0.23396674273028556,0.36713307012546254,0.37980119910960575,0.5990186512047694,0.6776674658118578,-0.30730036734975336,0.7683938455322323,0.4819883373265668,0.13990280429082394,0.30201342742662557,0.7532156146629893,1.0,0.2597576268666034,0.032854172036214345,-0.021885975281799714,0.3267793078102553,-0.5835529884365742,0.23286111447150054,0.02367548952284477
Thal_PuM_R,0.04008296757615687,0.3747769629990134,0.6111709913436952,0.1443416693965878,0.1459922537315911,0.140247974043715,-0.1872396039428202,0.5234331506058588,0.5585673226551905,0.7745015698573163,0.151360498098307,0.275195850347908,-0.06054701083896823,0.26907985972113707,-0.019731317207404012,0.27554867102592584,0.5356486020812088,0.6997785151552391,0.6899721727455043,0.4078384438434268,0.489004787829281,0.7955852234527002,0.5773245620704145,0.8065889512879243,0.5198561383779741,-0.26418171618546094,0.36721556841281827,0.04331139803313468,-0.274905923723126,0.7676267702708524,0.5978100912467903,0.06863198282161462,0.2597576268666034,1.0,0.23034448022858242,0.19675791265202155,0.8706789067844477,0.3099523634187272,0.16965265318559017,0.8178051277612348
Thal_AV_R,0.12188441833370563,0.44226789604285016,0.44581082042326897,-0.08993270217274872,0.08969771784317804,-0.0070022658268903415,0.015409203905660876,0.48165086443057936,-0.009460000558006668,0.25578630523134716,-0.2632210886302788,-0.0911221740485707,-0.09065602884581898,0.3439513022668451,0.005610044688844177,0.430743640940206,-0.03106764473498492,0.19832049692144935,0.41553063106882154,0.29719492376294304,0.13930582993413643,0.14814188910656284,-0.01119763891429378,0.31972939730825717,0.3031590763008268,-0.11606348635048143,0.5743346812554805,-0.14190937615312604,-0.09761432107249307,0.11910869059209901,0.27036088779910156,-0.21284369575186285,0.032854172036214345,0.23034448022858242,1.0,0.19439678754493722,0.423811035373091,0.048368175358289064,-0.416213524578371,0.2821523762152122
OFCpost_L,-0.33151089457676625,0.20736687847606936,0.3442957282548698,-0.27430104010142786,-0.355017841307725,-0.34516772905920823,-0.4258056510753919,0.2388176430412973,-0.17489277275269216,0.10272338946651685,-0.10355248550429308,-0.2717314004347461,-0.37917464266944145,0.5975327656599069,-0.10200343363770979,0.6143670282253803,0.10491426810749883,-0.0038047436754943494,0.14924367692527205,0.192514188559769,-0.020678881816606084,0.1486232629370642,-0.14160917444059948,0.2708839717368511,0.1542493336244159,-0.4685248427908804,0.3857438355029952,-0.37048447923707245,-0.37581279050906796,0.22962116292105061,0.05951067259289223,-0.3419040982500269,-0.021885975281799714,0.19675791265202155,0.19439678754493722,1.0,0.1509279420926062,0.45681558933770894,-0.04137915539010775,0.3097807467314417
Thal_VPL_R,0.1358531168533507,0.4676446320858585,0.6412726088010454,0.24588088913227157,0.29701056885570015,0.2168162802182716,-0.025167086790589523,0.5469329387157666,0.541325028923396,0.7300518722030546,0.019258775326622412,0.35429879873831815,0.06285046349028636,0.22574487327136694,-0.09173883538591102,0.3001208535398868,0.5667526808671624,0.6650005307929884,0.7283879885406116,0.39347158961700635,0.46849494219333476,0.6843115311167671,0.5592230317737756,0.7489148578918646,0.5823522494815973,-0.11489366218404953,0.3621652079148629,0.15739008084698303,-0.15779830354511903,0.7096799253531173,0.6007862487260242,0.12164728389600946,0.3267793078102553,0.8706789067844477,0.423811035373091,0.1509279420926062,1.0,0.1527968083758366,0.017588130788707506,0.7720559206037019
Vermis_9,-0.712956088320772,0.32059341895986143,0.44850517952908864,-0.6455631644655399,-0.7249723473818949,-0.648104820435626,-0.9183391736465768,0.5252979945769682,-0.28459854513813104,-0.0043624078787186825,0.14507230756795414,-0.6206233072312545,-0.7829326794627341,0.5948040671661206,0.06439842292331084,0.3988679805196187,0.2029638768862631,0.321352577487168,0.038928877869113566,0.26782035945753296,-0.23389699989581933,0.22451666783289542,-0.06963089009942129,0.16790833387978119,-0.2819602480103913,-0.9188293270104125,0.524367072365549,-0.7708592141743091,-0.7467523288128527,0.32312273281795806,0.02282108694875611,-0.6791904913190118,-0.5835529884365742,0.3099523634187272,0.048368175358289064,0.45681558933770894,0.1527968083758366,1.0,0.07472013053268643,0.5056423883426922
Red_N_L,0.07935549000735506,-0.17726180501587485,-0.29886637653916626,0.2538162408588038,0.006740759803729444,0.11725419044445445,-0.04368607486949563,-0.22486423515369983,0.22923095198894347,0.10451782433615729,0.38044651488383896,0.21535757064141753,0.20913311403931148,-0.2551822024805018,-0.10214139927408954,-0.2160202200665835,-0.08057345876049395,-0.03597866912319686,-0.029271233165055727,-0.47461032328848063,0.14692579656442617,0.17119996788982078,0.2514976080049242,0.024365282384121337,-0.06239286132959257,0.09887850520508128,-0.3921919862023445,0.24532337859854875,0.211864623019721,0.07353380120589564,0.06355625481166596,0.33059106961261286,0.23286111447150054,0.16965265318559017,-0.416213524578371,-0.04137915539010775,0.017588130788707506,0.07472013053268643,1.0,-0.03949319278547535
Hippocampus_R,-0.25235133677632593,0.46960209948499615,0.8873090204540214,-0.030868200188519962,-0.007695135342830462,-0.0857237271969239,-0.3843773131749533,0.6231801709537105,0.4234751879794947,0.5930382441808056,0.10373932103282507,0.11308203875122255,-0.2878356374125013,0.4875158727712108,0.04825792784639266,0.4096707780784089,0.6537942002464034,0.7778722183537711,0.5715733355390491,0.5904693023398158,0.2940260759115015,0.6279040134887961,0.512059804405232,0.7350530848254774,0.4104553014585513,-0.505044629887263,0.5122325213931868,-0.1730186654521262,-0.5251194845379193,0.8651571157507932,0.5090366870006121,-0.16181773285586015,0.02367548952284477,0.8178051277612348,0.2821523762152122,0.3097807467314417,0.7720559206037019,0.5056423883426922,-0.03949319278547535,1.0
