,Raphe_D,ACC_sub_L,Thal_PuI_L,ACC_sup_R,Paracentral_Lobule_L,ParaHippocampal_R,Cuneus_R,Cingulate_Post_L,OFCpost_R,ACC_pre_R,Cerebellum_3_R,Thal_PuA_R,Thal_PuI_R,Frontal_Inf_Tri_R,Thal_VA_L,Thal_MGN_R,Temporal_Sup_L,Calcarine_R,Vermis_9,Vermis_10,Thal_AV_L,Temporal_Sup_R,Temporal_Pole_Mid_L,Rectus_L,Angular_R,Precuneus_L,Frontal_Inf_Orb_2_L,VTA_R,Frontal_Mid_2_R,Parietal_Inf_L,SN_pc_L,Parietal_Sup_R,Fusiform_L,Thal_AV_R,Frontal_Sup_2_R,Thal_LP_R,VTA_L,Rolandic_Oper_L,Cerebellum_Crus2_L,Temporal_Mid_L,Cingulate_Mid_L,Thal_PuL_L,Thal_IL_L,Cerebellum_7b_L,Lingual_L,Temporal_Pole_Mid_R,Cerebellum_6_R,Thal_VL_R,Rolandic_Oper_R,Cerebellum_4_5_L,Vermis_1_2,Cerebellum_8_L,Vermis_7,Postcentral_R,ACC_pre_L,ACC_sup_L,Frontal_Sup_Medial_L,Postcentral_L,Frontal_Sup_2_L,Thal_LP_L,Thal_MDl_R,Red_N_R,Fusiform_R,Red_N_L,Heschl_R,Caudate_L,Thal_LGN_R,OFCmed_L,OFCant_L,OFCpost_L,Frontal_Inf_Oper_R,Thal_LGN_L,Occipital_Sup_R,Frontal_Inf_Oper_L,Putamen_R,Frontal_Inf_Tri_L,Rectus_R,Thal_VPL_L,Supp_Motor_Area_L,Frontal_Sup_Medial_R,Heschl_L,Occipital_Inf_L,Occipital_Mid_R,Pallidum_R,Cerebellum_9_L,Vermis_6,Putamen_L,Cerebellum_10_R,Occipital_Inf_R,Thal_PuA_L,Parietal_Inf_R,SupraMarginal_L,Frontal_Mid_2_L,Amygdala_L,N_Acc_R,Temporal_Pole_Sup_R,Cerebellum_3_L,Temporal_Pole_Sup_L,Thal_Re_L,Cerebellum_6_L,Thal_VA_R,Supp_Motor_Area_R,Thal_PuM_R,Thal_MDl_L,Frontal_Med_Orb_L,Pallidum_L,Vermis_8,Cerebellum_Crus1_R,ACC_sub_R,Paracentral_Lobule_R,OFCmed_R,Angular_L,Thal_MDm_L,SN_pc_R,Caudate_R
Raphe_D,1.0,0.16263067630098776,0.5586894043247789,0.5153547996395039,0.27792108950237293,0.6671917865369574,-0.5142169415151604,0.2242622116967269,-0.02640191659059475,0.6164339863406771,0.5703612311291081,0.340136085075456,0.42414381481556496,0.5063367886016715,0.5619279069536361,0.43674849508658015,0.40228048200792677,-0.12876200837579535,0.26782035945753296,-0.4118965186946612,0.6667709574828689,-0.05772712604643788,-0.01856391387151196,0.49412103807527114,-0.34938662433263884,0.06368556205285704,0.5772818476628263,0.14397226900033724,0.6026813488733028,0.07836620691693422,0.4466053710614883,0.19747806527128356,0.14993525605120028,0.29719492376294304,0.5086114612393152,-0.03670540191218819,-0.3560361713344374,0.10900241220003394,-0.024656871890125966,-0.055671600378670257,0.36438778108891334,-0.19144203448126385,0.5750345335716349,-0.35696263441893256,-0.045428650103185586,-0.4299833939138087,-0.4639023399962983,0.1376749452242237,0.3712872565093129,-0.16924627513974527,0.5107636067365672,-0.5226508979503695,-0.7098916266259885,0.36146791722599986,0.5079081270026324,0.43636246145323565,0.4683219895157285,0.45376249996778456,0.48254740507407745,0.07427438107817833,-0.019431700246880543,-0.6447377352041253,-0.12233895726273795,-0.47461032328848063,0.37337950199865244,0.5134919749471596,0.4573205971728355,-0.1175316725772411,0.451449261857037,0.192514188559769,0.45371038481770354,0.20832406377593246,-0.5647796274383989,0.4170838340501086,0.5061993968735112,0.5036780420177448,0.31506931951818273,0.339742473956308,0.3993974188146225,0.5379267071432344,0.06362452086902397,0.39942335480213476,-0.455184862817432,0.4470777341891304,-0.3511045029259329,-0.02621215446088881,0.5968096116513525,-0.2204875909465174,-0.22244815444439853,0.11416549854897455,0.028957045660338913,0.16964604702828176,0.6225994526402543,0.6677574418662799,0.19406440122420038,-0.17978914788725314,0.5680588804857144,-0.46871251468794634,0.16115689755012283,-0.41295121421126135,0.6250020681306413,0.4910833432358346,0.4078384438434268,0.3586875254243479,-0.08297348767303128,0.47361052532074216,0.45553238479800867,-0.5246709429083412,-0.02923808348848796,0.39073900379709964,0.01693250779698396,-0.3108619580590139,0.256403505069387,0.3415005118174599,0.5930563329972084
ACC_sub_L,0.16263067630098776,1.0,0.26448535764491354,0.4438557445616605,0.2714006011866929,0.3910822118623935,-0.04068408854641849,0.08620658329608155,0.2939412353161764,0.2917972483709501,0.3661565495308335,0.24993450656318028,0.225601700329813,0.25927754164658795,0.2659770695263751,0.09893800560039616,0.39754822650649113,-0.14676103171724966,0.29027925511021163,-0.2643438404849389,0.22243753601011063,0.02908009033603689,0.053208105539653744,0.2374740052730019,-0.08848564645335343,0.18148891625916166,0.38392492162182307,-0.05061635211743312,0.38926529516243596,0.26115543101182387,0.17714923904848487,0.2243905919428237,0.23091757292414533,0.10089958481695843,0.45923906596717207,0.2938521044039481,-0.1650045485636281,0.49787816859089834,0.04278163825985131,0.12463511388834055,0.442795793170076,-0.16747586806555628,0.30586474255947077,-0.060347303203663334,-0.056470864307204834,-0.10353853174515301,-0.16954573352135555,0.20114884351076426,0.4128009704548646,0.07898096375678622,0.3440401465370949,-0.039306775570946785,-0.1476533136399909,0.3438528040704309,0.2816588639578019,0.5203820269601556,0.5395521541692049,0.30639966381028416,0.4908444281368368,0.2760062864848116,-0.0073444754741232516,0.051471664245331734,0.1479996497623655,0.1744699736111647,0.400376193255285,0.3312832517430815,0.3173733764923332,-0.14459592513197875,0.4379406410195389,0.43484737727697054,0.18675273689487767,0.24950050517511088,0.02966248915001752,0.1583949853948397,0.5073566262419734,0.3996920665222841,0.20976415789008637,0.2717896442130367,0.31399778589461275,0.44493929346930977,0.38781453516414016,0.201892375795562,-0.16889416027437806,0.25072954796444746,-0.1958274252045873,0.23939250764504558,0.49358035182976545,-0.21569315579573342,0.08687797905988129,0.35914951787702065,0.22405283905655304,0.1968743320279656,0.4093290911264002,0.2886458569503255,0.4825812836139911,0.05978954019414507,0.3516376273112808,0.08429746894946864,-0.11212603275036492,-0.15795798828758495,0.3045616510416159,0.35660593579958016,0.5078588015298211,0.2678090618729547,-0.15945901180229757,0.29802523698379557,0.265512121938264,-0.2105705533026047,0.6369445034677818,0.29103227846059343,-0.02477278395218102,-0.02289205407242921,0.3932548867598824,0.06654394778818057,0.35871291073544853
Thal_PuI_L,0.5586894043247789,0.26448535764491354,1.0,0.6925702560747944,0.48211132407496504,0.6932926125445725,-0.09497429135827914,0.4517876402193076,-0.10834554365787613,0.5863591098031105,0.5980304443713036,0.5941981457605843,0.6119900816758888,0.6250334318112479,0.537415060364932,0.34515502729717584,0.4789222071276595,0.10659131098898778,0.321352577487168,-0.32585775340659195,0.4528054496189777,0.11052826227050627,-0.04388154153561926,0.4634085848174192,0.008950155219996921,0.5712641207373467,0.5622475121226074,0.21980235534069467,0.6018055515937007,0.4408892676492639,0.34363316034870894,0.6417167759568185,0.39345737299225403,0.19832049692144935,0.5660588368723803,0.06387323557761744,-0.30226766813359646,0.16304422247956327,0.0028316411501159125,0.2043051546606657,0.6605531371946938,-0.15450424460041207,0.543349402949576,-0.3412442201545848,0.138448324546456,-0.23455584886274272,-0.2907228918952684,0.4394640118814557,0.4996133427308038,0.16399259091921534,0.6494661557355431,-0.2612517752688923,-0.4339575526901829,0.5735519232989703,0.4333054819873166,0.6451944534731481,0.6027323191684437,0.5574890243697578,0.5665119373685606,0.46784871487200264,0.08847607371721945,-0.32330717657739344,0.09053268571889383,-0.03597866912319686,0.47184346371709784,0.7159459614604834,0.5600066019869032,-0.22678731394384682,0.3935267391453666,-0.0038047436754943494,0.6636951290706415,0.5902106383219539,-0.08015850671816747,0.600488730813578,0.5482205218114418,0.6610008237186112,0.2813184321421243,0.6923666040711066,0.6275723397565642,0.5226869516655948,0.4018360418081642,0.330373707614245,-0.14092517472205068,0.45516442147942837,-0.2992643859125555,0.3153614252301123,0.6625745422186758,-0.2296002879574296,0.05227157327159273,0.3121739508823513,0.4478520390035561,0.40779854349149697,0.7033271431235752,0.5732517136979547,0.335027971884769,0.007525804985138091,0.5705903067243904,-0.30405695215254286,0.18010948816948136,-0.15413293655499027,0.619799724789831,0.6977411318622825,0.6997785151552391,0.3624087219977551,-0.0076528318111798105,0.5111717465114269,0.40340406394684336,-0.33966560200353363,0.20567627508154004,0.6403757787346774,-0.07261812514024525,0.10756983121412719,0.43955982808266947,0.3119085979861112,0.7055963514874634
ACC_sup_R,0.5153547996395039,0.4438557445616605,0.6925702560747944,1.0,0.42832320170994664,0.7788995280168204,-0.07339860750482627,0.28745491320329614,0.11499362604316674,0.6335006463447614,0.6504651441372865,0.5948447180210242,0.6011567631746996,0.5619172195405641,0.5618821618291165,0.46792965603878717,0.5260558733582614,0.05126878738967722,0.3634671012814339,-0.3302448261427322,0.42539679711297235,0.13078511752732794,0.052580205872122,0.4709717404205691,-0.01717056773445685,0.5042610280215878,0.6047400406174287,0.29560019323706327,0.6299226541951783,0.43344442464958155,0.36165545952328687,0.6564270169212422,0.5059311143702517,0.29235595657157293,0.6098349197559197,0.3436899181121875,-0.2548751826608792,0.3126793180136848,0.0768615942666958,0.20053583749181153,0.7598701314036375,-0.12230519639606621,0.6640999440286159,-0.37890907621970815,0.12513712767894408,-0.3185152788508119,-0.2578701034289139,0.5591664665128544,0.6075859554094567,0.23397497622642557,0.7332234500723412,-0.28202727558594687,-0.3819343974369813,0.5931907740330654,0.43349303728339794,0.9059310840210038,0.7000311190014035,0.5822748942765218,0.6877206323793635,0.4412129096361132,0.05345647349935474,-0.24494799154342717,0.20667922490420793,-0.07332494623534645,0.4769467609532461,0.7474261380063728,0.6710255293444906,-0.05963762501809529,0.5251402385775623,0.27910360224768677,0.5136169274428659,0.5737233623976762,-0.08642208857353532,0.48330113117816254,0.6295499319758638,0.636709173758053,0.32436607485151,0.6510621592084281,0.5982084655037008,0.6177285275941586,0.4842884452512645,0.4384766689993772,-0.2049810513615664,0.45896169720783353,-0.2620839244074722,0.28089599346150573,0.7113671321425826,-0.20896831258960655,0.11080638831638187,0.4911918618663376,0.4647579917169038,0.39974315258025866,0.7620257044854424,0.5164396340228944,0.3885777775603013,-0.00888768710868449,0.6189848443807395,-0.23272825662979604,0.001135592610094324,-0.11478139863014536,0.6186626570474123,0.7079093343424593,0.7965176710372064,0.5048955446011877,0.06547487859039558,0.5496412818203346,0.4198221814331029,-0.4178772865265928,0.29153292194043734,0.6334584816864173,0.0637484953083151,0.033967621100976154,0.5606609841148898,0.2830878611959852,0.6901284485855412
Paracentral_Lobule_L,0.27792108950237293,0.2714006011866929,0.48211132407496504,0.42832320170994664,1.0,0.2659079277213064,0.17116587134842398,0.7285240772132072,0.2780605240956999,0.3146352029456493,0.12982437715669204,0.519602137704442,0.26755493649868184,0.7157452614444765,0.2001533519245722,0.371296713471103,0.6703313230285257,0.5703342539400388,-0.1541101337313061,0.21777943937330513,0.2466008118328133,0.5174158168371582,-0.2522995498674597,-0.00986709406954243,0.32193129677880933,0.5786190509806153,0.3073518572301546,0.42776430248275765,0.3895276988294054,0.7023273152669206,0.46573055841254896,0.36713885901715915,0.5282625927974675,0.2865557979700779,0.2977568965441023,0.3393458362532025,0.26926797421818194,0.5624209608283457,0.02474538425555727,0.5194791962378644,0.7519931928082716,0.4453394185487641,0.4307576930337961,0.06569567817526588,0.5894071739832383,0.1325343898771414,0.2217322223286566,0.6930155296077245,0.6556812628262289,0.5260084908272593,0.5578716769811496,0.2632041403243568,-0.15174436485729623,0.8827196439138357,0.11896783887169744,0.4696502055770951,0.5285472611336227,0.8984694927149005,0.40044303565842065,0.7545307395622147,0.4538508180282143,0.14277307072014483,0.41406026739263563,0.06835903321216806,0.1439535761675647,0.6654756701431294,0.3436206067683353,-0.1552722903619612,0.06774009890039157,0.043903803010534447,0.7063657019082109,0.34906049179208704,0.06394476624487229,0.7883672843787118,0.6642498455115012,0.7175937315811867,-0.08140074711942573,0.7290957804718701,0.8193583925179659,0.33313276082599075,0.6501909416778864,-0.008433713205408467,0.16618314018345784,0.332627029675283,0.24640257482981479,0.1722666444404567,0.5411464312707169,0.2715266550523655,-0.20612790973456283,0.51147770362655,0.626275823474327,0.7938308591722727,0.4658949511637688,0.14764741235590262,0.46244011179493266,0.3447393756241233,0.16360104840906023,0.21677628222241543,0.029829869671977288,0.3378292517692631,0.2569231285939312,0.8291245932235772,0.658834513584851,0.6384580381565197,0.15437971507323,0.2506593191985357,0.0013748415306513186,0.1309880641538345,0.46138135080900894,0.9067167552359844,-0.10975598009287961,0.36500690366260446,0.6305170998756519,0.5800973256452263,0.3427762986778134
ParaHippocampal_R,0.6671917865369574,0.3910822118623935,0.6932926125445725,0.7788995280168204,0.2659079277213064,1.0,-0.44368898910519855,0.190987739604329,-0.13085349892324283,0.7598889405454166,0.8660406939341108,0.4760867553907477,0.5494181260080319,0.528627146781847,0.7060109192238174,0.5384706516938922,0.475979775570436,-0.27775455585068537,0.5429134730573104,-0.6115623860379413,0.6596485795181664,-0.11632918693289791,0.2669024932763358,0.7717418020085237,-0.35101297213668964,0.2912462991137448,0.7113710646383042,0.04189853125702252,0.7668323459739076,0.12541786318915057,0.40379844978307644,0.5114912081391557,0.32272793307173087,0.45512282369042195,0.7413325307644871,-0.023518728318979158,-0.507521751060087,0.12832079348473405,0.09049105159083039,-0.025790829807626283,0.5687021520980491,-0.35921149065487884,0.7702547238926566,-0.47005373397270966,-0.12532942750450954,-0.44433166076820985,-0.5622612559051978,0.24299208613772916,0.3781369110576725,-0.10247264100780318,0.7522289672469405,-0.5162339936323999,-0.5988823459495866,0.44095999611366726,0.6740440382266027,0.6968290983746531,0.6665508522481534,0.4657842113188995,0.7550889596359289,0.16086377464036697,-0.20104025313417181,-0.5387705248892449,0.011406348895395005,-0.29627906160270606,0.599338165087554,0.6224529548003457,0.7418208427822435,-0.08227785351638459,0.6731968612087189,0.34102269072576913,0.47418052403156463,0.5548859786992443,-0.4487204663588431,0.39916343713494856,0.59923635382693,0.5448633263646188,0.6317570401377476,0.5130515151102133,0.4386196272209814,0.7362278824838026,0.23272947637767788,0.5710493292595608,-0.5607367047360392,0.49180517306172006,-0.5003635338428802,0.1884297971307558,0.7680634432173603,-0.460601944722154,-0.0073094238414443645,0.40283591267921803,0.20534708549610192,0.11390261269246219,0.8321463196782242,0.783984397297494,0.30559155733854204,-0.287177730059539,0.8745769974010156,-0.5897595111363204,0.07455296688817428,-0.4445187272216567,0.7972797719741188,0.617959034875026,0.6312179325205124,0.31803547395926635,-0.17596475468695327,0.6784103694830161,0.6249906017277115,-0.5933360208828451,0.16135183414829835,0.4685569426387205,0.054238832581060124,-0.3207564350080499,0.288944162668535,0.15435661732494696,0.8203342024781416
Cuneus_R,-0.5142169415151604,-0.04068408854641849,-0.09497429135827914,-0.07339860750482627,0.17116587134842398,-0.44368898910519855,1.0,0.09553783128038067,0.20555336794824255,-0.556968288044188,-0.5507063545993485,0.09207291204115238,-0.025973710044679674,-0.2093969113250814,-0.6111557222244646,-0.2878536049963863,0.011960460444434136,0.6958788925876509,-0.5052852137280556,0.6682590939517797,-0.7959433416283911,0.5430619503750763,-0.2234324102552201,-0.6708676561869701,0.8929315494757206,0.5704083276063164,-0.5078044550959265,0.33380347204315647,-0.5418526993851315,0.5594348091605038,-0.2568341535115706,0.4150175798782609,0.4630932423525204,-0.4239882169836054,-0.5120354231792827,0.3463606425344944,0.6100257883724507,0.22671615377709034,-0.14733222592400405,0.559929687869742,0.1324249342673245,0.4892116628328488,-0.34545444065985315,0.4060989241045184,0.5774424666195841,0.5342991439805996,0.7322255772633016,0.3395854772696359,0.14341964620111605,0.7435492071083075,-0.07889136230520737,0.5836965157306968,0.6056252069732431,0.14305109242443026,-0.7287426796938596,-0.04323607571719125,-0.2825090583250763,-0.0001540538186112335,-0.3779628731170861,0.4359524464699877,0.4626328967131611,0.6998865522125891,0.6002607887954321,0.5025372314450347,-0.3968099448528082,-0.008243342245539177,-0.1118164448528889,0.06937418431812734,-0.5723927507448652,-0.3371077791396017,-0.1657452882298317,0.2414524124380563,0.9136767125989885,0.022371124565200948,-0.26634794235181003,-0.12639106982367274,-0.5086627287308271,0.20458621091360396,0.04487730106982309,-0.5174634979443096,0.43816040500744075,-0.5527200324714349,0.8517669076118626,-0.26545901237055197,0.6117199581030404,0.22215821925630824,-0.40950868358189607,0.5585001179843369,0.27530574021200094,0.13303311312819618,0.6359169456838988,0.3619335632398306,-0.4284851595476704,-0.6212668636363717,0.08541591036006993,0.5034238133078451,-0.6281758675657438,0.7625384971653015,-0.08132952627443854,0.7651875657416787,-0.6523011050123161,-0.09025624366092369,0.010197663238045536,0.07100514163687044,0.4080018218989033,-0.38250995066340315,-0.6320258635595771,0.5442510982720125,0.19272202708712122,0.12530932950545856,-0.08127962969871584,0.898663848911897,0.29363816463308495,0.05366797649710414,-0.46354908302940906
Cingulate_Post_L,0.2242622116967269,0.08620658329608155,0.4517876402193076,0.28745491320329614,0.7285240772132072,0.190987739604329,0.09553783128038067,1.0,0.22379856664260525,0.30517538763919433,0.1539370953404875,0.3743073276742708,0.25959620990609333,0.5877017498875361,0.18768546001606798,0.20920498768122342,0.42243791553397464,0.4644541411397178,-0.04254671155841803,0.06771794438461891,0.19307531660692023,0.309391222076462,-0.1802716504408384,-0.05940291682480545,0.2560790999811369,0.5800538548182647,0.2636998844509201,0.22869809983110753,0.36719501026809226,0.5261811624358872,0.39456991221457427,0.32839434061351147,0.30666713888486496,0.1752692676341967,0.28988118651865813,0.18561662750805646,0.11476634431897291,0.4017119740134129,-0.005167141058263067,0.286208564203492,0.6063504217485527,0.3001935984513326,0.2387416376176286,-0.01713420423325223,0.3618021304471926,0.06523645359083523,0.07292925313508167,0.5788849271257493,0.4403606992619645,0.29445985238961536,0.3861369815400635,0.11484722650708847,-0.0883352168071401,0.6305531004332992,0.1302075273289251,0.34218393469134767,0.40908617679108505,0.6351049325425895,0.34691247322708707,0.6346173749570297,0.3623928583068013,0.09763493911149997,0.18623257274503585,0.1287874344949068,0.1842265406410888,0.549296203588938,0.22158236411007626,-0.05048600481089008,0.041725292940981,0.05186732265879554,0.5458204827748778,0.1661603349111215,0.08630413345017171,0.6304877033862472,0.5399118135710249,0.5518388572962056,-0.08432959109830354,0.5640534514256018,0.6816024116378382,0.30473209094219883,0.467011989444571,0.06521774589792115,0.09022945635879812,0.28349303751081956,0.054075154325564256,0.12857726066356034,0.4337070705611075,0.10106915027121897,-0.12465822995503054,0.4047677162510976,0.47927600366258494,0.5552816850847019,0.4106924931035114,0.17723012298838267,0.3144701772555996,0.22194870521417942,0.16166322317766704,0.11841776596124952,0.04707545507329782,0.15068814175545558,0.20262039143878532,0.6191984627945312,0.5540251892164275,0.4445733806599527,0.024496158582336242,0.2655654189792116,0.0116200295775368,0.0242767998473088,0.23914764652445938,0.6673050961826169,-0.002959666942417958,0.2783786609567028,0.4662995290426708,0.4018963100300912,0.35224013587739084
OFCpost_R,-0.02640191659059475,0.2939412353161764,-0.10834554365787613,0.11499362604316674,0.2780605240956999,-0.13085349892324283,0.20555336794824255,0.22379856664260525,1.0,-0.036842726040032775,-0.21096613181810886,0.13930189227799625,0.04509979187364419,0.15253246917814317,-0.21888588766091852,0.0654973011439949,0.3052427621443588,0.30551821312154526,-0.2257640700964776,0.2785592276670798,-0.11210314087951541,0.3356872239193155,-0.13376715808590436,-0.325609668432766,0.24452985717209919,0.11352263644932448,0.0008422234762177396,0.25046561986126625,-0.04226027005589282,0.3085770278036835,0.06263024618834884,-0.05063348545960362,0.26147346639548336,-0.019840831235538,-0.039113163923243405,0.2369803601710568,0.3309554518608282,0.5645163761429598,0.019876951959943413,0.28897217720862794,0.22401855244568375,0.18000454555099976,-0.04785443397035996,0.27489328685788283,0.27687111143366877,0.2678020784239391,0.3074149061292579,0.2964048067504383,0.37577136779389564,0.3049973219829363,0.03728300915128526,0.32357441632939177,0.08387175915076309,0.2874365577737272,-0.14529756040902805,0.1305397232138736,0.13771238390553656,0.2562400140812933,0.023190390020912263,0.26096412280159875,0.3607279761419194,0.23998305946213797,0.32505918037262643,0.10944391791675644,-0.139151412886757,0.13001717339390959,0.015049924738898936,0.42012222425966195,0.04294512318718042,0.5287164548338688,-0.005139269249080173,-0.039432864706073684,0.23200118663080097,0.1414734935905874,0.3550010898554562,0.18168969087467232,-0.2493157075623532,0.07577071429045075,0.13538642601756282,-0.014237935532707852,0.3158723842579798,-0.09718605036389154,0.23932362959187486,0.051838769062889235,0.286297974784663,-0.04531736205150526,0.1243049082703147,0.3170645013640634,-0.10594070465504642,0.2054850705013627,0.18895549291398708,0.3646975665902923,-0.025265023829440007,-0.2050281566098691,0.17085617929357802,0.543924295832036,-0.2184511640027045,0.5243789763646788,-0.039450553308617346,0.2855737959936787,-0.18934865629020853,0.11827817264574385,0.07338702227441721,0.39963516592679454,0.18142166379210886,-0.06272713003879259,-0.18099452899670299,0.13196997263084628,0.12444317483377036,0.21211492752828548,0.5334936971066178,0.24812962853933657,0.3394185577066243,0.18989904126067883,-0.18398505694968326
ACC_pre_R,0.6164339863406771,0.2917972483709501,0.5863591098031105,0.6335006463447614,0.3146352029456493,0.7598889405454166,-0.556968288044188,0.30517538763919433,-0.036842726040032775,1.0,0.8283444985673127,0.36977698515216484,0.3983428249321383,0.6933380723916696,0.7617993503900691,0.39527288240217345,0.3418181050655417,-0.3490111761660381,0.5920288290253231,-0.6736021580816971,0.7807325498316899,-0.31235612349448383,0.17730913547317337,0.7319441226875689,-0.5302299557108215,0.07652020312126269,0.8476910088608774,-0.06189749398432125,0.88389440794386,0.09133957450924525,0.6350245666496279,0.20468667187227021,0.034060199718473606,0.32831702959729897,0.8177377912144098,-0.050446487980493206,-0.5420049678643809,0.14394828320538683,0.16855127934118425,-0.2806830956146252,0.5825815376134904,-0.3319958825125987,0.598253184535851,-0.4828352207633524,-0.3148915767461168,-0.44317528292796804,-0.6615592716528172,0.2127668163534529,0.36302383492633017,-0.2867669978880642,0.5421567372602698,-0.4226041988863643,-0.48072221715027713,0.3721049514210349,0.8712675616777232,0.6519740884114693,0.8202933849992844,0.4674310712841401,0.844041992458757,0.1424313343882541,-0.17104827539693587,-0.4961167513733592,-0.31092034511672106,-0.14788507154983713,0.7139663794739805,0.5409406691177402,0.4656197601874672,-0.04181121893503284,0.6870375197447777,0.45514373857559925,0.6200166266446825,0.17720395092760113,-0.5147798025322697,0.5383689321793493,0.6706696579226827,0.7199485414340399,0.5193376465784502,0.37126097459013724,0.5385477092264227,0.8719946709805629,0.1812877432107424,0.6578891927276603,-0.6460585650334771,0.5644919895599625,-0.5855632079742481,0.04264445561836817,0.785008077451518,-0.5537292429614022,-0.08398625642310119,0.3649058081923688,0.0016400250905154899,0.16564547540031643,0.8747790214239649,0.8189713459721337,0.21657445123282104,-0.3144355986192824,0.8266210917948621,-0.6045589413585516,-0.005478825734147407,-0.5683304037661546,0.8291167124685782,0.6575376311202165,0.5893894764703688,0.3332205240789037,-0.32758795644619815,0.7133864535010059,0.6844790022775205,-0.5773915234181687,0.09113123861519452,0.46539888671020974,0.1500656625662976,-0.4484909418125122,0.28699126699642513,0.18442194085162855,0.8558065845659633
Cerebellum_3_R,0.5703612311291081,0.3661565495308335,0.5980304443713036,0.6504651441372865,0.12982437715669204,0.8660406939341108,-0.5507063545993485,0.1539370953404875,-0.21096613181810886,0.8283444985673127,1.0,0.2632139210230433,0.47854857279417695,0.47826300079206385,0.7538982515545142,0.3255270842543275,0.26246862927409004,-0.5033760916185234,0.8031641829419225,-0.8570179997354023,0.700079485704539,-0.482794552006964,0.34447964545701426,0.7998632633016509,-0.5906089516943639,0.12276946308185711,0.835875292587701,-0.1848351367496376,0.8829134356080633,0.016065840282895098,0.4447599503038772,0.3380686489672724,0.00800710704502212,0.2790364646729006,0.8848786937161607,-0.10937459934738293,-0.7348665317153271,0.0542638480432912,0.15718163155322626,-0.34027675683774583,0.49411744547542613,-0.5832117459249939,0.6096524840334154,-0.5865171145201146,-0.4771602975340157,-0.5422972306075133,-0.8208769390471004,0.04295727252364609,0.23948587572928898,-0.39361510099534514,0.5513754118941939,-0.5311184287996705,-0.4784568771362614,0.22390463046792614,0.8040774696508033,0.6553659119254396,0.7537928466584001,0.2892883050084877,0.8627495630612179,-0.01959210796433991,-0.43207387955418813,-0.5518741110067831,-0.3706490751810122,-0.13892919200032688,0.821585228283942,0.5127105877044582,0.538473649176341,-0.09671088840790548,0.7517071155545114,0.4512674462907726,0.4704683811234632,0.2839274418950437,-0.4876704190158568,0.30796836714656056,0.5184989194008162,0.5162234788077991,0.6160358396610514,0.3269744404212014,0.46595141577047305,0.8672877096615143,0.06197805172916264,0.7337714255757007,-0.7512798801062086,0.5048903856191405,-0.7831430548986397,0.19017481862028204,0.7582665594496272,-0.7804841562794524,0.03921131820942721,0.3021344606849521,-0.004180290020314379,-0.020710678941492793,0.8736329650869413,0.8569667144579985,0.23263050416961875,-0.5690722326740759,0.947818641279168,-0.720500726466099,0.029320388790808654,-0.7111023583883351,0.8594226350635829,0.5515295962320398,0.5847119027136337,0.07612219616586172,-0.4393993630332163,0.718372141347585,0.76189253316373,-0.7029137565459168,0.07386628682546852,0.3114619451513418,0.10270182763849445,-0.5016810977671639,0.1174720472220848,-0.050469670952074386,0.8739001160821414
Thal_PuA_R,0.340136085075456,0.24993450656318028,0.5941981457605843,0.5948447180210242,0.519602137704442,0.4760867553907477,0.09207291204115238,0.3743073276742708,0.13930189227799625,0.36977698515216484,0.2632139210230433,1.0,0.462534250769554,0.4699825376809634,0.3374012579033472,0.5235848861845657,0.580406203337038,0.259709561935676,-0.022849142846896993,0.08096379298078638,0.21891009184586316,0.3903744728038635,-0.20984069098916572,0.17492462836650563,0.21862337893356698,0.4815016581775047,0.30591237142639277,0.4062872927390407,0.3016265327196724,0.38539800616430164,0.29325898448481397,0.4658476473052481,0.5778155187612305,0.19544864796755534,0.24897214428935815,0.06070613287466054,0.13104343927203577,0.38855552088996764,-0.02068293679609986,0.43049210329909293,0.577375200507368,0.17595040547186164,0.38098463483680367,-0.1447393800674502,0.4150870352709682,-0.036900213511584144,0.11815308428751976,0.634524192346295,0.5514033047087871,0.4440418326443579,0.5965278242586843,-0.01921725035660701,-0.28553380241500576,0.583638003344117,0.20485647825030415,0.5281562236661153,0.39735610350706924,0.5766970722820491,0.34854247020466045,0.5953329516483238,0.48716505522361625,0.015926865614117987,0.4303686782610184,-0.030275972807665908,0.09560010198108984,0.6072963710958007,0.6011341098948993,-0.12631622703334947,0.19688927269179837,0.056771344973440045,0.44742537151044526,0.5843245003781085,-0.00041243175276604806,0.5101907977189217,0.4792155017598929,0.5224668440905972,0.08326834043654555,0.5712959248729528,0.44270856236414147,0.26642736617931084,0.46583699529140615,0.06489754728683421,0.07584485382860492,0.28593456902216646,0.14531472220512123,0.23998288763959066,0.4837279106660269,0.18100313519091576,-0.08093581718386333,0.4862119692423647,0.4528458942886485,0.43834805472840827,0.41970126723723494,0.21415845725709373,0.34698456863840743,0.27164499694973143,0.28296519133892273,0.05507048742021704,0.018496629593853984,0.2374002847117351,0.33294553950739264,0.5492013739801341,0.5709789933220141,0.5627513425345365,0.1422747390785081,0.3455288779813575,0.16873711871787236,-0.06485481936670719,0.2482668082654725,0.5783293000097148,-0.055977721700455486,0.2229483052196072,0.5790180296842816,0.35752193730720294,0.4413423767343377
Thal_PuI_R,0.42414381481556496,0.225601700329813,0.6119900816758888,0.6011567631746996,0.26755493649868184,0.5494181260080319,-0.025973710044679674,0.25959620990609333,0.04509979187364419,0.3983428249321383,0.47854857279417695,0.462534250769554,1.0,0.36659633565281063,0.34318287349484733,0.36019791719815974,0.27300481490571493,0.035773842703108884,0.2029638768862631,-0.20329939580684914,0.21716915855446844,0.05624427220283919,0.05879809450672167,0.2283760676242098,0.02683168887089116,0.366094049985818,0.3629786448789628,0.08180654372234457,0.4244817763022025,0.2804309226984125,0.23938523043490553,0.4976933174804065,0.3882376945240576,-0.03106764473498492,0.3860227404819373,0.1702139727782944,-0.18217096013601367,0.21996512227616866,0.0010307054336656926,0.09173475769272289,0.4734779016208977,-0.1587033288790002,0.449955177386244,-0.28694714311465297,0.07659628117038325,-0.16528439899694664,-0.15162221201633597,0.4158041898854114,0.2953232513225665,0.23143028905120464,0.5887321919548036,-0.13075668219887096,-0.2175944415285878,0.43513424924894833,0.2585577815775144,0.5780901792987782,0.4491424064776388,0.38285759993711516,0.4800440430044344,0.32082872131496465,0.1058115693548179,-0.18042735722177813,0.1749812195795181,-0.08057345876049395,0.39317924547825533,0.4886294949362907,0.5724061431744089,-0.12775500965680314,0.2381044066927935,0.10491426810749883,0.2801209041462146,0.49376745922822085,-0.027628409818649502,0.2836887258084151,0.3622225281148195,0.380441545804589,0.1218780472766317,0.405224536787449,0.430177189167283,0.43338773446496415,0.3249144812901477,0.25695623330846507,-0.12485322158575386,0.3429297700332485,-0.15215812416521635,0.14633121233860738,0.41537098465842553,-0.12900290563333217,0.05120662814650426,0.33298174134275776,0.36448952584872674,0.19864529501913047,0.49379733096510686,0.3825753640676989,0.2732861945926289,0.00523612771819438,0.38519381798954355,-0.1660010493923425,0.023500152678784594,-0.07282433551756688,0.3792277555983222,0.4312400032845602,0.5356486020812088,0.2996727314517849,0.024467490901044244,0.4651394894782377,0.24446537379429703,-0.2529246847970478,0.11503903171032036,0.403110679110189,-0.04515196793231287,0.07028106349836324,0.38254414203058223,0.18143737199672177,0.5118053264122138
Frontal_Inf_Tri_R,0.5063367886016715,0.25927754164658795,0.6250334318112479,0.5619172195405641,0.7157452614444765,0.528627146781847,-0.2093969113250814,0.5877017498875361,0.15253246917814317,0.6933380723916696,0.47826300079206385,0.4699825376809634,0.36659633565281063,1.0,0.5312369901903748,0.4539597839191777,0.5424256161372383,0.2271167267881388,0.15474436125598848,-0.19577058300055322,0.5745368490509337,0.2266638342819856,-0.13744029349009698,0.36041201876028783,-0.06334281773789438,0.3818841254594726,0.5602490842328132,0.26568371639719335,0.7214193636199898,0.49134686625178037,0.5766184830797091,0.32531226583383926,0.28126690637790264,0.388933342296364,0.5989070343018945,0.12800812726039643,-0.09506539320283243,0.34461599218239747,0.1225207614477216,0.15861342497530256,0.7132209066373838,0.08721299928287396,0.5419824026191113,-0.17796859562441092,0.22382824258691061,-0.17705652999416144,-0.20064909632486533,0.5264860814091277,0.6011688604248037,0.1331435407471237,0.6153976538606212,-0.054434695736838505,-0.33841176827404945,0.7192828695535739,0.4958378011879484,0.5407762283628531,0.6754541284013612,0.7664134077294398,0.5951048283803525,0.5027742486576509,0.27070889549219124,-0.2251957733360526,0.08931112242106977,-0.10081957810781689,0.41611077345729414,0.7371379142773685,0.3798264450689017,-0.10902542842592355,0.3823172036047837,0.21312908137600947,0.8880033705554667,0.3065149225566023,-0.2407845307416667,0.8898553515304818,0.7872160610913057,0.852119412633899,0.23051391207671879,0.5782455831192141,0.771721567852725,0.59611358347347,0.4824653013204699,0.30397785431493723,-0.21372070985485483,0.536209316567612,-0.11141113356067417,0.04132489624584664,0.720747839102854,-0.08668694664645958,-0.28458733732168223,0.3513021266636864,0.37138265211178206,0.6554842602278954,0.7247106047623042,0.5154807238949086,0.45969651886463014,0.10768130645640027,0.5066400840310581,-0.2093940608817897,0.045727727889439546,-0.09367059956557856,0.5737704650908508,0.852706373215287,0.6088998637184317,0.5456048241536646,-0.07917154968208134,0.5357491101031228,0.3893988493644262,-0.1429852105201212,0.3632757573675428,0.7780710752581069,0.01191942336174589,0.00915456013612718,0.45598377110039345,0.5349972194743992,0.6627038853444799
Thal_VA_L,0.5619279069536361,0.2659770695263751,0.537415060364932,0.5618821618291165,0.2001533519245722,0.7060109192238174,-0.6111557222244646,0.18768546001606798,-0.21888588766091852,0.7617993503900691,0.7538982515545142,0.3374012579033472,0.34318287349484733,0.5312369901903748,1.0,0.44425655658275814,0.26574969560964434,-0.3897062840848928,0.5252979945769682,-0.6000356512027584,0.7749272665840596,-0.2549573864206325,0.1482933750872866,0.725401416601079,-0.5437686826536486,-0.028322137460773396,0.6413806064964945,-0.15476155300880212,0.7138327436060117,-0.0501926192687552,0.41428732028085163,0.10868906819434891,-0.0626936942119326,0.48165086443057936,0.6468624385089444,0.05789509836757241,-0.5261539525219904,-0.012774966632192226,0.14101674388307256,-0.283961054656136,0.35182498230515485,-0.34060923513607483,0.5828365862821983,-0.4570678729516349,-0.27909251707700694,-0.5057297355264954,-0.6086765521120695,0.27898598031604677,0.1819430586145008,-0.3325557056863064,0.48304449691749435,-0.441228301529281,-0.5055528148152082,0.2821305384766585,0.7712561716252032,0.5364636792546476,0.5837878517145813,0.338701892071247,0.6282798519002688,0.02042019938184635,-0.17816299411038702,-0.46585257186897744,-0.30036776928471237,-0.22486423515369983,0.5506661310476682,0.4948132317966989,0.45945975365473196,-0.22662393471718442,0.6089528560464083,0.2388176430412973,0.5027518099663738,0.217364597922806,-0.5706570438716153,0.3861588510715286,0.5670474640378501,0.5175153752411114,0.5066200661852128,0.2812646981340149,0.37670751494298543,0.6592260246078836,0.04672965052123289,0.5259738027678315,-0.6426630389490339,0.7049138586037823,-0.5247873720491171,0.014372097314759467,0.648049015834277,-0.48894772188261704,-0.08400831157149954,0.15787293617016707,-0.08198224339688866,0.03464894476224456,0.7111794849196621,0.7719923479895497,0.3162613189660599,-0.33821379006394847,0.7805161556615817,-0.6769299391240213,-0.05669180192800107,-0.5511537994357233,0.8263264452347779,0.5024736203140252,0.5234331506058588,0.2551677009835116,-0.24847935206586733,0.8019949761257383,0.7394589504036726,-0.45804200606775985,0.17720762710652269,0.3108040847652135,-0.061434063413383824,-0.4903773116645766,0.15237057424161007,0.17561214647010565,0.8113942563369192
Thal_MGN_R,0.43674849508658015,0.09893800560039616,0.34515502729717584,0.46792965603878717,0.371296713471103,0.5384706516938922,-0.2878536049963863,0.20920498768122342,0.0654973011439949,0.39527288240217345,0.3255270842543275,0.5235848861845657,0.36019791719815974,0.4539597839191777,0.44425655658275814,1.0,0.45471637039820134,0.09830385005548763,0.028306560048113126,-0.07337440260429913,0.4818173124973771,0.2812729942755559,0.09303596156595366,0.3753972569997278,-0.10427690158732691,0.11845215171127185,0.28535662289882757,0.2570913161337706,0.3458625658192996,0.10045207625697834,0.25213494928279995,0.18100740308251187,0.26175458495029885,0.5864522372412189,0.26071087204104865,0.11953531051203957,0.026643829781496174,0.15127711338489724,0.07406440903973661,0.13825708820281568,0.4081926053038465,0.16166857986957256,0.6695852831657858,-0.16442816422022427,0.24917988995934282,-0.1546699575971844,-0.07447675423254553,0.42519607437687584,0.3440717434653389,0.09154559186968073,0.5184128824070942,-0.19555682703895244,-0.5111872504850905,0.48349628428943664,0.271563642811113,0.35444013464343677,0.2957703969167546,0.5590275088598606,0.3247210940027554,0.2506558811745929,0.19447509089196255,-0.2643189698600872,0.23103594930943505,-0.36759167544042554,0.04755301711340459,0.4107345907972615,0.6450030576637508,-0.07782698423224153,0.2680786139632171,0.1568336949303746,0.33275820916668786,0.41977505011581145,-0.42967266400621845,0.3771736310952763,0.5220865131703091,0.35088008096935136,0.2236970926966972,0.42008376100209005,0.29606713277477303,0.3077449884264225,0.2369883122817434,0.2038952733308746,-0.25026396066780593,0.3422247217402327,0.027725822903123698,-0.02804994411856809,0.434247055671016,0.0867989998269199,-0.22141453585103443,0.39201208168145063,0.13535222980812872,0.2445992335287665,0.42630756526425223,0.2957703985519586,0.28028860476380646,0.09815348981131625,0.43934406497079875,-0.3101559199619281,0.03355219713661141,-0.018243231097832314,0.4083802806203284,0.47952908402479794,0.365950573492543,0.5034495128969864,0.10378945997263687,0.3904587590379685,0.28541492576455985,-0.18722196614301753,0.2113954897729084,0.42914881536869026,-0.03369528358739428,-0.18965535954102364,0.3015213650274034,0.3883174914514832,0.3902401461616894
Temporal_Sup_L,0.40228048200792677,0.39754822650649113,0.4789222071276595,0.5260558733582614,0.6703313230285257,0.475979775570436,0.011960460444434136,0.42243791553397464,0.3052427621443588,0.3418181050655417,0.26246862927409004,0.580406203337038,0.27300481490571493,0.5424256161372383,0.26574969560964434,0.45471637039820134,1.0,0.35504070655159886,0.008069376261036274,0.03890660487968789,0.3352176147359813,0.4583314506941242,-0.1886298337153618,0.17642803882218486,0.20944489244603082,0.471694494098851,0.38446828895138435,0.4779909277030287,0.38062142307490077,0.566850869296454,0.3945485727321568,0.43555057575900324,0.5937641750599599,0.39287083089130487,0.35084366002926387,0.1761791953839326,0.09940734505853273,0.6482634002588417,-0.13597391968783598,0.6354653267694197,0.5995130897652778,0.27530114784659565,0.5017098365910737,-0.02847388273795737,0.5159071211110007,0.012765913760956572,0.07589126016067192,0.5288802398835721,0.7045274564168024,0.4245676079133026,0.5713075716847827,-0.029620923178726707,-0.36032839248149595,0.7198182677439244,0.21121870461017198,0.4834801620222702,0.4414997337712238,0.7945733188254938,0.3863402300342776,0.5269422282404362,0.2900585539954685,-0.09994653503549582,0.4050389252677262,-0.057601105635196985,0.14769978198800388,0.6679531935134748,0.4471364061688015,0.021843882624274346,0.3140507429774143,0.2879572286418072,0.5563542537166533,0.5029654872795647,-0.08780873162134364,0.6068530425172584,0.6478713909699743,0.621388272020778,0.08220595941175285,0.649765174830648,0.5471697118483764,0.3096812943935226,0.5985843519827574,-0.007187267862867459,-0.02263781053217687,0.31455441591841754,0.13826235901722447,0.25555628491068816,0.6645627181703132,0.15497361830512904,-0.2898071265922359,0.4865372338201259,0.5388101210317779,0.672973168891345,0.48696298215378725,0.26826793316862396,0.42874230742397396,0.2263083702472712,0.33534483325952547,0.11249463819227415,0.1043201103400026,0.20956993545627306,0.38221753227990535,0.6629470442001579,0.5423652890577163,0.6016726726710692,0.08340480061542418,0.30605970952664796,0.1728527309310449,-0.10768570888184831,0.39072665070722845,0.6812174714397253,0.12024535073425549,0.2077424362723261,0.5120561086172781,0.3789140496093289,0.37476352012829983
