,Cerebellum_6_R,Olfactory_R,Thal_VPL_L,Thal_VL_L,Thal_VPL_R,Caudate_L,Thal_IL_R,SupraMarginal_R,Cerebellum_7b_L,Cerebellum_Crus2_L,Calcarine_L,Thal_LGN_R,Parietal_Inf_L,Parietal_Sup_R,Postcentral_L,Precentral_R,Frontal_Mid_2_R,Thal_AV_R,Caudate_R,Occipital_Inf_L,ACC_sub_L,Putamen_R,OFClat_R,Frontal_Med_Orb_R,Thal_PuA_R,Rectus_L,ParaHippocampal_R,Cerebellum_9_L,Thal_MGN_L,Cerebellum_7b_R,Thal_PuM_R,ACC_pre_R,Thal_MDm_L,Rolandic_Oper_L,Insula_R,Raphe_D,Fusiform_L,Frontal_Inf_Oper_R,Frontal_Inf_Orb_2_L,Supp_Motor_Area_L,Thal_PuI_R,Cerebellum_10_L,ACC_sup_R,Heschl_R,Olfactory_L,Vermis_6,Frontal_Sup_Medial_R,Cerebellum_4_5_R,SN_pc_R,VTA_L,N_Acc_L,ACC_sub_R,Red_N_L,SN_pc_L,Thal_MGN_R,VTA_R,Cerebellum_3_L,Frontal_Inf_Tri_L,Thal_PuA_L,Thal_PuL_R,OFCmed_L,Temporal_Mid_R,SupraMarginal_L,Thal_VL_R,Occipital_Mid_L
Cerebellum_6_R,1.0,-0.5964020581470294,0.043188739920319526,-0.05893121176789264,-0.06453905393173902,-0.1536120390020849,-0.06705418701184805,0.577704997595172,0.6128551952270841,-0.16967994919121024,0.8543975549080226,-0.14499414295572396,0.33747912143410647,0.035525995677203354,0.08950632670764896,-0.10286806746685669,-0.7242158978222392,-0.13573896210889577,-0.6469490915257774,-0.7408403148293655,-0.16954573352135555,-0.21328198086407477,-0.385345454294025,-0.3787790896133735,0.11815308428751976,-0.7420807381699035,-0.5622612559051978,0.9550176320509055,0.010041792832198594,-0.3796757987441149,-0.19492251814813744,-0.6615592716528172,0.26785042141007553,0.22197813420558754,0.7320651997144566,-0.4639023399962983,0.4176860806740986,-0.24075127401831448,-0.7437191336714043,-0.1648176322347434,-0.15162221201633597,0.8406344709695329,-0.2578701034289139,-0.7109747857209092,-0.6932138961721427,-0.0845895064037722,-0.719344133731865,0.8682619712384414,0.3113846603273323,0.8642389276732617,0.378795330422964,0.191570064911929,0.18397964010383908,-0.34739458091523157,-0.07447675423254553,0.3855157492339758,-0.801809625713577,-0.2498183702274063,-0.015394709716455224,0.6759082386555538,0.1052248074212077,0.8195163052084871,0.336884398425773,0.3726129975033888,0.506511598209337
Olfactory_R,-0.5964020581470294,1.0,0.23922448326553847,0.37075674939938297,0.36803443687645626,0.36596627786060154,0.456410481390268,-0.12590940405478757,-0.3594103788585618,0.060489915308199194,-0.49184752279534233,0.4155947642426265,-0.042016195484778265,0.22971595899228597,0.2274164025722785,0.30523055105986224,0.6715544498985574,0.2994077427182444,0.7116746815892647,0.41306457415902587,0.21872560594427115,0.45274583663721946,0.4585760730145347,0.4180819197988337,0.22437630977273587,0.6912536816467657,0.7560468334878011,-0.5106022325858455,0.28367602324302554,0.04678185642110756,0.3370036145757241,0.7034712052844724,0.06893627236822848,0.06943944029980816,-0.3259970687635015,0.5459140020473706,0.0822568470013557,0.32529860144070727,0.616697618093412,0.2635436409940373,0.4584464735503093,-0.36138429422151364,0.4933500024916269,0.5698795469166559,0.9286982821170305,-0.06031149525194853,0.620576633974664,-0.3844423866737545,0.0765586379121588,-0.5203567477344565,0.048454457568994885,0.03822207207336768,-0.29915888591110446,0.43661134190352824,0.3308279498534851,-0.1545248509481062,0.7191247755096609,0.43694411594653787,0.17800674775450068,-0.295218488327888,-0.08288011992700708,-0.3297481050812309,-0.023973051643673672,0.08259647499892478,-0.3822072120780855
Thal_VPL_L,0.043188739920319526,0.23922448326553847,1.0,0.6972207642864947,0.7554178310766089,0.7494991511669883,0.6410060302411179,0.5727555104119808,-0.11827861400725219,-0.21021889927447718,0.30082662105405955,0.5214735017580742,0.6332139722514313,0.6763572227851337,0.7091154153656298,0.7148407518081619,0.4065685866498699,0.303376338407091,0.43960487988282687,0.13117750805271144,0.2717896442130367,0.5494000958401009,0.08585017568669177,-0.10766191280127038,0.5712959248729528,0.16964986790293485,0.5130515151102133,0.03530218039815614,0.5621502021501061,0.18013343858370726,0.7351973988162642,0.37126097459013724,0.5450281218935243,0.36112526450180377,0.3139492007996919,0.339742473956308,0.657340606633855,0.5981585400542835,0.4097051046200432,0.6875967832913326,0.405224536787449,0.14990141729328418,0.6510621592084281,0.20156279410367817,0.22453819378682122,0.3201667162251351,0.3258027614542181,0.3668346862961304,0.39415499533038456,0.06404440986006416,0.21905750894730577,0.36922150270323306,0.04332640702909554,0.33453424439320717,0.42008376100209005,0.5500776489487955,0.34111440940267335,0.64868738968332,0.5534812652160487,0.514779501382181,-0.13896185160883312,0.40989841714791103,0.6289339832243824,0.6496824098072326,0.19141010816402756
Thal_VL_L,-0.05893121176789264,0.37075674939938297,0.6972207642864947,1.0,0.7200287007879017,0.79885252177692,0.6580302937755828,0.4535823660424273,-0.1560648919955135,-0.0600789584735823,0.20554433002752392,0.548549479487164,0.5709703041994075,0.5706105002478308,0.6863094999989957,0.7512872992481753,0.531303713405058,0.06565939379571431,0.6055462049706823,0.20077884171658328,0.4327039089903307,0.6349995753025484,0.1927262900332745,0.0905597265156398,0.6661179821250884,0.15017066984569855,0.5438261524867918,-0.09138834741350069,0.40980679786187135,0.2961971877885136,0.792757507168171,0.5200905619289404,0.7624284971331697,0.5712356897250054,0.37527660044296623,0.3694865915605485,0.5961546298316545,0.5917536970432083,0.5299895827221643,0.692179832265737,0.5417728162366676,-0.014142702959380629,0.7521710280657311,0.42747051915626916,0.3708036749979328,0.36396383186357667,0.5079215798209816,0.2845964223910001,0.26163607322630805,-0.08529530054637802,0.4036497982558506,0.29563361920826753,0.22304449510876326,0.46114744214514847,0.3580715887153684,0.3329622468388292,0.39486242216267986,0.7587323907799336,0.5626379076075412,0.33296918017159266,-0.07964125561350478,0.2588111687788589,0.5892188267323671,0.7274040380697184,0.2159146515357344
Thal_VPL_R,-0.06453905393173902,0.36803443687645626,0.7554178310766089,0.7200287007879017,1.0,0.7642464258425041,0.7965026048766592,0.4891377909595803,-0.20549769314655356,0.0022833064905749497,0.12164728389600946,0.7387991035309049,0.4714425008177046,0.5602788584372984,0.7128116490394193,0.7489148578918646,0.5196313565900961,0.423811035373091,0.624517697011723,0.240322839609432,0.42764607266331894,0.6678420902926043,0.3001208535398868,-0.0008901963337418829,0.6440184497601654,0.31479095452428557,0.6462174543925344,-0.04027200753705776,0.6173730051881613,0.15553832859097172,0.8706789067844477,0.5078591717586206,0.588397321036115,0.33541950333132603,0.3267793078102553,0.39347158961700635,0.49507455899113595,0.5627196771653284,0.4342533648478047,0.6843115311167671,0.5667526808671624,0.013183550873548713,0.7581562569448604,0.3516410008112345,0.35155058751948814,0.23585339195429741,0.48121489710362786,0.24588088913227157,0.4246607175474604,-0.027713660859616837,0.24940714979273093,0.455599738774573,0.017588130788707506,0.34310943146029105,0.5400438328191896,0.2705794129725896,0.5022685323636129,0.6362252935518907,0.6102695948121778,0.3624793143666451,-0.1322393101304629,0.29661715295612245,0.46849494219333476,0.7644198968586501,0.02074379541322305
Caudate_L,-0.1536120390020849,0.36596627786060154,0.7494991511669883,0.79885252177692,0.7642464258425041,1.0,0.6827628854674747,0.5007054005038689,-0.23628062068445688,-0.030646014354451568,0.12082832793138579,0.5797617830825872,0.5829495926286004,0.6299307170254107,0.7432354012315485,0.7915198502920119,0.6316525114653503,0.3006897206142682,0.6622021889980337,0.2901510362587916,0.3312832517430815,0.6518707590723458,0.20753312340530883,0.033317638314145796,0.6072963710958007,0.2675037603181178,0.6224529548003457,-0.14096590545574053,0.5170262046400587,0.3195376038919074,0.768897198501346,0.5409406691177402,0.557428615135288,0.3875561786917322,0.20727664592967254,0.5134919749471596,0.5442253338199274,0.7346604638869801,0.5436659135554076,0.7662401410096074,0.4886294949362907,-0.04794193254940561,0.7474261380063728,0.37093803007112613,0.4247791973611551,0.351332537503275,0.5054688420605851,0.1734088856354162,0.3585278733856718,-0.10235083814739529,0.28357153533558316,0.2925048058246806,0.01733688551034664,0.48562295475570066,0.4107345907972615,0.44520856486557303,0.5003776176930241,0.7838953213740179,0.5107644999211098,0.3964593295453506,-0.053039878932971705,0.28284439208977724,0.6346345474153253,0.6877170484838212,0.04300001437624455
Thal_IL_R,-0.06705418701184805,0.456410481390268,0.6410060302411179,0.6580302937755828,0.7965026048766592,0.6827628854674747,1.0,0.4616190968343031,-0.12676633313709565,-0.008942321628545663,0.07607629577295152,0.7997863260165281,0.4327413242579354,0.5544716790511393,0.6199635926590074,0.616353224165568,0.45159942286961247,0.3885688187027577,0.5997511702294419,0.17370342245141027,0.3561743150671756,0.6340686854716253,0.27985307415510763,0.12051856752540024,0.649591742086244,0.3500517780399,0.7028141121981467,-0.014088883417961535,0.7183592645348162,0.0033801230941526103,0.6873471232906349,0.4848042557676243,0.6152356678673563,0.29314001199336476,0.3010970090425119,0.5016553905440843,0.4594103868962705,0.47974212024469703,0.3387202874714737,0.5450293664960484,0.5813095136141266,0.07929140156993358,0.7244981456094617,0.3404731621987448,0.413597904286934,0.04403782229522262,0.41734161435207096,0.19241849962518429,0.44355481148250714,-0.09348485355988223,0.2311010764926533,0.27738355324000874,-0.14329820567760512,0.26879898922964135,0.5914217854261308,0.23134883375850193,0.49861034349779965,0.4872893601493245,0.4891981672867532,0.2930232404088445,0.027475620288636,0.2828440665594584,0.39394035270887434,0.5705596440152361,-0.02742888989639408
SupraMarginal_R,0.577704997595172,-0.12590940405478757,0.5727555104119808,0.4535823660424273,0.4891377909595803,0.5007054005038689,0.4616190968343031,1.0,0.2895388914975042,-0.07856038784215658,0.7211051712666914,0.2384567010469237,0.8097571239904932,0.4782642211315309,0.6566321757358732,0.4887891096016846,-0.016178111230391288,0.14531195838064417,0.03816241461338515,-0.3338323999492557,0.14269481742612763,0.43467719610597094,-0.011306188848369808,-0.3432338220044646,0.42824482353091875,-0.3028714644692715,0.04119858061126328,0.5866610796697239,0.38220557077774564,-0.05787808871653723,0.4137790513358352,-0.03198361104948491,0.6267390673726123,0.4493787517695084,0.7244069776789075,0.06135192420654298,0.5670458373197278,0.4751719932166635,-0.14204497487775708,0.5283466397280674,0.20000187235141106,0.5827994474446988,0.3253297948789946,-0.14004879370016357,-0.2050056095104862,0.04726036786939641,-0.07586369821497985,0.6911534780543455,0.6379997309442264,0.5473829017823477,0.4400446451134017,0.4423717224075974,0.08810837332791217,0.14043723622514528,0.2493057064234571,0.49981030375864005,-0.17823444497222202,0.4172490641683917,0.2734842325315555,0.81722758757358,0.001076349777318946,0.7598684185901146,0.838143193554045,0.7159118602163258,0.40947864974589554
Cerebellum_7b_L,0.6128551952270841,-0.3594103788585618,-0.11827861400725219,-0.1560648919955135,-0.20549769314655356,-0.23628062068445688,-0.12676633313709565,0.2895388914975042,1.0,-0.09103445200603268,0.5136256334912815,-0.2126403726245654,0.12437809207917973,-0.16271456785297828,-0.06479766543860357,-0.1983337826492018,-0.5258855915355171,-0.10933030589964696,-0.4965980281133763,-0.5755547800099211,-0.060347303203663334,-0.16778400587589884,-0.27252968446600245,-0.1827673489188679,-0.1447393800674502,-0.4940134055169334,-0.47005373397270966,0.6107378728736937,-0.1551725028845904,-0.40734829040409104,-0.30958324354328415,-0.4828352207633524,0.06712163587655971,0.12292238089807506,0.40627732785622395,-0.35696263441893256,0.16550471917007833,-0.2615408285445692,-0.5973667370222505,-0.24631462389528067,-0.28694714311465297,0.5629139170139094,-0.37890907621970815,-0.4182238214276713,-0.464362997734478,-0.1920868975919809,-0.5132611540902311,0.4762781689566775,0.14348238740502656,0.557144422110771,0.28142372488606754,0.06047788707967185,0.15056111753008733,-0.20665142592146057,-0.16442816422022427,0.0666743007503238,-0.5769934444921608,-0.2756926925709289,-0.0631002972817503,0.2830592036425955,0.21887541477100111,0.4352634446954632,0.09366201155718186,0.07120153200536068,0.3126901810430704
Cerebellum_Crus2_L,-0.16967994919121024,0.060489915308199194,-0.21021889927447718,-0.0600789584735823,0.0022833064905749497,-0.030646014354451568,-0.008942321628545663,-0.07856038784215658,-0.09103445200603268,1.0,-0.15526631053950213,-0.008834427209711447,0.018669762496407925,-0.11865986384365469,0.03846584483321805,0.002766852519639508,0.2142443913109874,0.08621067086800173,0.20670294076134157,0.2477508720426726,0.04278163825985131,0.20786064319084,0.25145866487227436,0.1596450535878075,-0.02068293679609986,0.26603424714856083,0.09049105159083039,-0.17662888946194868,-0.06257210883076526,0.06513930100376929,0.05481190393508513,0.16855127934118425,-0.027822925212484986,-0.052037842216123495,-0.05001598698550577,-0.024656871890125966,-0.26103290408448154,0.09581285470148582,0.08293304585764356,0.09648579042487752,0.0010307054336656926,-0.2556724234670134,0.0768615942666958,0.24639514360013354,0.10009878480503029,-0.06472242048190292,0.25783973483966005,-0.20192077498412317,0.08082989198856712,-0.04488541989647797,-0.13034786128609838,-0.02355410195724372,0.06506972215246128,0.10319112526239689,0.07406440903973661,-0.2901677706254087,0.18159531591927455,0.006573600657070735,-0.014927025905030474,-0.11973991707272173,0.04862378575599651,-0.20036051428568924,-0.04383682386088514,-0.03642104695333015,-0.05335744520853036
Calcarine_L,0.8543975549080226,-0.49184752279534233,0.30082662105405955,0.20554433002752392,0.12164728389600946,0.12082832793138579,0.07607629577295152,0.7211051712666914,0.5136256334912815,-0.15526631053950213,1.0,-0.05129469367165992,0.6309739634864244,0.34876592453266647,0.2792687477869375,0.1409538824610956,-0.47509218703635064,-0.21284369575186285,-0.42209553240993275,-0.6123971470405807,-0.025025825667172104,-0.010794540997815223,-0.32331138657765923,-0.34528938455996805,0.21035796732353848,-0.7020921253161027,-0.39862542337436835,0.7776681689933852,0.04455668244734752,-0.15817959018150154,0.06863198282161462,-0.4879073469404257,0.42108366701995015,0.3677304573153557,0.7532156146629893,-0.3625181153886829,0.5731460465754661,-3.067001430405927e-05,-0.5073110739588871,0.16356915487665857,-0.005643734855647386,0.6699965251342296,-0.04470660296235774,-0.45887815679842286,-0.5715886574423593,0.10673856069630759,-0.4857165724263066,0.8709297277721281,0.3128173081628354,0.7382407864854585,0.4337732772139224,0.2844095805299003,0.33059106961261286,-0.1523935305111494,-0.09900266816821175,0.43171533095474274,-0.6337055021926558,0.015929175258868652,0.15150262236844214,0.7915460878255931,0.07042601630630782,0.8299124333659292,0.5585841072426122,0.5068843885115168,0.6943811713691372
Thal_LGN_R,-0.14499414295572396,0.4155947642426265,0.5214735017580742,0.548549479487164,0.7387991035309049,0.5797617830825872,0.7997863260165281,0.2384567010469237,-0.2126403726245654,-0.008834427209711447,-0.05129469367165992,1.0,0.187987208712474,0.5063552082537837,0.5072336907199398,0.5896135566194765,0.4268896286840679,0.3907892874156308,0.5417892491709555,0.3238212673562691,0.3173733764923332,0.4825227994865704,0.2566962062554543,0.19266433446058162,0.6011341098948993,0.4002548384006703,0.7418208427822435,-0.10165432620469353,0.6009832215702856,0.009433332561450633,0.6153790004071393,0.4656197601874672,0.47499850972156615,0.22269010229559844,0.1753215287714842,0.4573205971728355,0.47371018259002284,0.28909263210359526,0.384770995041922,0.39018324714898955,0.5724061431744089,-0.004308749388632324,0.6710255293444906,0.2809463228365149,0.41179703178114413,0.10166768117194074,0.4365414727512402,0.1362017849408389,0.245852917361939,-0.1462593894387418,0.10564982943071496,0.1921824779565081,-0.1358673192128469,0.21417367546635013,0.6450030576637508,0.15814670538002268,0.5304173462620028,0.3904264412769707,0.5454555845506203,0.11650771110218569,0.02664719592330429,0.1760963420886542,0.17076777399969467,0.45108722829369835,-0.06460078210499973
Parietal_Inf_L,0.33747912143410647,-0.042016195484778265,0.6332139722514313,0.5709703041994075,0.4714425008177046,0.5829495926286004,0.4327413242579354,0.8097571239904932,0.12437809207917973,0.018669762496407925,0.6309739634864244,0.187987208712474,1.0,0.6435711393877037,0.6352227882662361,0.5459379391542741,0.17610797655406987,-0.039040261927419315,0.19658074661573557,-0.171930405886255,0.26115543101182387,0.4364801519188166,0.034963968759166415,-0.24144392180886498,0.38539800616430164,-0.17748889908777354,0.12541786318915057,0.29075926145032654,0.2845429122856453,0.1867286131968169,0.5574575057966169,0.09133957450924525,0.6020235471591552,0.48180981949257734,0.5645907059253372,0.07836620691693422,0.5207349824224338,0.5243412723312761,0.08995881449730456,0.6976994004714806,0.2804309226984125,0.23963673414978795,0.43344442464958155,0.11594801430983272,-0.08695785732244402,0.23083530308367695,0.13017046692741693,0.5551980025344627,0.41584629401643847,0.2973250759984823,0.44609517231231033,0.4310275638238816,0.3034510340998137,0.2364477991668036,0.10045207625697834,0.4355918083296011,-0.014392342082457103,0.5097501466243012,0.37493746662584465,0.6806917266800063,-0.03309593487538921,0.5265965819941361,0.8464018798296365,0.6207814179692325,0.5548176486897061
Parietal_Sup_R,0.035525995677203354,0.22971595899228597,0.6763572227851337,0.5706105002478308,0.5602788584372984,0.6299307170254107,0.5544716790511393,0.4782642211315309,-0.16271456785297828,-0.11865986384365469,0.34876592453266647,0.5063552082537837,0.6435711393877037,1.0,0.40125498331167087,0.4950841385669189,0.281270239653312,-0.006213533201154708,0.37692385597129957,0.1075608023028209,0.2243905919428237,0.2347172787507894,-0.05846671754120076,-0.057891638928955415,0.4658476473052481,0.12186537180310873,0.5114912081391557,-0.031240970128746146,0.3790510141948649,0.1165863569275852,0.6004581799857412,0.20468667187227021,0.41589882465183503,0.18263751679868426,0.17285823923204915,0.19747806527128356,0.6533079704299005,0.33551183204762297,0.23781960058058363,0.5142942494793178,0.4976933174804065,-0.046096816342103296,0.6564270169212422,0.24886149531521531,0.2107118723602334,0.45429279380005005,0.24743980447806976,0.3900115390691385,0.10381812038908028,-0.03319041897843347,0.27140587232890184,0.2468950759330653,0.12962078971284924,0.1331087202043003,0.18100740308251187,0.37758408602268023,0.2803504900021932,0.39277259433534173,0.41984166373833226,0.5080859784412104,-0.06694861227622978,0.39911029615585036,0.4196057838006533,0.4698715772300338,0.4407754505564661
Postcentral_L,0.08950632670764896,0.2274164025722785,0.7091154153656298,0.6863094999989957,0.7128116490394193,0.7432354012315485,0.6199635926590074,0.6566321757358732,-0.06479766543860357,0.03846584483321805,0.2792687477869375,0.5072336907199398,0.6352227882662361,0.40125498331167087,1.0,0.8846440383480586,0.5210974319653253,0.400458857744577,0.46941483588599026,0.11550435175605904,0.30639966381028416,0.7592922249107442,0.26216902216984084,-0.08263138227850189,0.5766970722820491,0.16315523536755328,0.4657842113188995,0.14339906640564873,0.5603854416399526,0.2738697012110265,0.7049106492114743,0.4674310712841401,0.6571194064207295,0.5800098649806553,0.48668084253633004,0.45376249996778456,0.5523720632132934,0.7520554855109436,0.4450137123225477,0.7941581345042135,0.38285759993711516,0.2715215646324531,0.5822748942765218,0.21058795835492186,0.22730228645193729,0.18016089606328123,0.45549783229456065,0.3277805249143825,0.5943064523684215,0.1531833553949535,0.259710148682163,0.42097455362653796,-0.04257115603173453,0.5112562960927463,0.5590275088598606,0.4374273296893113,0.33781965481112297,0.7906580493163826,0.537399600439382,0.41966839328935995,-0.1199412991050272,0.39677823943470475,0.7856056791239928,0.6783690228895913,-0.048960520937194656
Precentral_R,-0.10286806746685669,0.30523055105986224,0.7148407518081619,0.7512872992481753,0.7489148578918646,0.7915198502920119,0.616353224165568,0.4887891096016846,-0.1983337826492018,0.002766852519639508,0.1409538824610956,0.5896135566194765,0.5459379391542741,0.4950841385669189,0.8846440383480586,1.0,0.6626562177172872,0.31972939730825717,0.5709180318826897,0.33054489857705077,0.43698014538581337,0.7311990378317189,0.33266705401827856,-0.01645266626837239,0.5456342421095305,0.26026618393897816,0.5836403224444139,-0.08517152700216546,0.5306014579855955,0.3810973643056018,0.8065889512879243,0.5623329061037687,0.6388007632759122,0.546343367544774,0.37980119910960575,0.5041989589993845,0.5546911432815848,0.6766548453719958,0.5995278456839276,0.8054711312825293,0.46614983248908887,0.032848601839550476,0.6967661989418186,0.3863278226199872,0.3260277401489564,0.27821770839765114,0.61173367653117,0.20406467059466363,0.39341369150626365,-0.029233040500049264,0.25483344137324965,0.3957599674766004,0.024365282384121337,0.533263140708162,0.5077002594711258,0.3559069538946564,0.45674205226004777,0.8222772767620556,0.568632558511855,0.29549243062300007,-0.13209308240222997,0.22817731409144873,0.634272316618028,0.6157463423427545,0.014468287461857665
Frontal_Mid_2_R,-0.7242158978222392,0.6715544498985574,0.4065685866498699,0.531303713405058,0.5196313565900961,0.6316525114653503,0.45159942286961247,-0.016178111230391288,-0.5258855915355171,0.2142443913109874,-0.47509218703635064,0.4268896286840679,0.17610797655406987,0.281270239653312,0.5210974319653253,0.6626562177172872,1.0,0.3055171642580595,0.8899387020263257,0.7137960630008326,0.38926529516243596,0.6810938270305911,0.5201609756749821,0.29297913105669476,0.3016265327196724,0.6932611138764437,0.7668323459739076,-0.676947241178198,0.26720484333169975,0.4558981137149858,0.6520107390734288,0.88389440794386,0.2409924205602808,0.2127606126546891,-0.2412526177802563,0.6026813488733028,0.05036246209594694,0.6786017334971196,0.8880997669457854,0.676548712876906,0.4244817763022025,-0.5614399476234218,0.6299226541951783,0.7973655039490585,0.746015830271843,0.17929526836367607,0.9384492741144961,-0.4395440804780489,0.11454408373780815,-0.59005623644818,-0.08254407582889398,0.17490222286998172,-0.09217430261123942,0.6095246396841201,0.3458625658192996,-0.052939391882515154,0.8637706435922858,0.7464538089192017,0.3579609262963782,-0.24268627080171057,-0.16354296193026946,-0.39734106371219896,0.2349048747034164,0.17592090843809324,-0.35151030857203336
Thal_AV_R,-0.13573896210889577,0.2994077427182444,0.303376338407091,0.06565939379571431,0.423811035373091,0.3006897206142682,0.3885688187027577,0.14531195838064417,-0.10933030589964696,0.08621067086800173,-0.21284369575186285,0.3907892874156308,-0.039040261927419315,-0.006213533201154708,0.400458857744577,0.31972939730825717,0.3055171642580595,1.0,0.279290869975611,0.21096763309840266,0.10089958481695843,0.45008491933055167,0.430743640940206,0.11042179570322455,0.19544864796755534,0.4885346042823237,0.45512282369042195,-0.008868521427788163,0.5926309357619131,-0.10265839021101796,0.23034448022858242,0.32831702959729897,0.005178483953114258,-0.039660047296877714,0.032854172036214345,0.29719492376294304,0.06743890991463361,0.314957065021621,0.19165302871469983,0.14814188910656284,-0.03106764473498492,0.10998541104536606,0.29235595657157293,-0.04218175583430961,0.292285996236672,-0.09855099520941163,0.19535462117133792,-0.08993270217274872,0.3761004556297809,-0.027332302691222006,-0.21190384768025905,0.2258640465507915,-0.416213524578371,0.12353372830115482,0.5864522372412189,0.18017599398405532,0.43131460832402124,0.23097318856264054,0.24313426350628967,-0.02153721751316608,0.04369752445357375,0.09234976550675865,0.13930582993413643,0.23629140921577968,-0.5189787163924263
Caudate_R,-0.6469490915257774,0.7116746815892647,0.43960487988282687,0.6055462049706823,0.624517697011723,0.6622021889980337,0.5997511702294419,0.03816241461338515,-0.4965980281133763,0.20670294076134157,-0.42209553240993275,0.5417892491709555,0.19658074661573557,0.37692385597129957,0.46941483588599026,0.5709180318826897,0.8899387020263257,0.279290869975611,1.0,0.6120551501441143,0.35871291073544853,0.6593306967036313,0.4079545437592111,0.2539270996019625,0.4413423767343377,0.6794998339406485,0.8203342024781416,-0.6015047618816739,0.35283436860031214,0.28747757827664894,0.7003508628740786,0.8558065845659633,0.3498220004437668,0.1147743268832613,-0.19480919089741888,0.5930563329972084,0.07931710637417941,0.6522969730020699,0.7690559509898893,0.6214170926546208,0.5118053264122138,-0.49874267877530065,0.6901284485855412,0.7771217254688894,0.761355817540781,0.13146449585807318,0.8516960144623937,-0.37298192744173697,0.15209183890380046,-0.5648343319478228,0.019581199786187414,0.19024025409183548,-0.06428441698228618,0.5589098193384858,0.3902401461616894,-0.1077869315026633,0.8515200927641297,0.6838168968189223,0.35816461118936194,-0.17029858371288348,-0.22491370407115177,-0.3060428749018755,0.20273315780235857,0.31414244320834145,-0.2883751561321376
Occipital_Inf_L,-0.7408403148293655,0.41306457415902587,0.13117750805271144,0.20077884171658328,0.240322839609432,0.2901510362587916,0.17370342245141027,-0.3338323999492557,-0.5755547800099211,0.2477508720426726,-0.6123971470405807,0.3238212673562691,-0.171930405886255,0.1075608023028209,0.11550435175605904,0.33054489857705077,0.7137960630008326,0.21096763309840266,0.6120551501441143,1.0,0.201892375795562,0.38395250557420907,0.4137496043867182,0.43932443214786226,0.06489754728683421,0.6339931061428262,0.5710493292595608,-0.7525833177266031,0.050516867610534394,0.3475829901863264,0.3742000072270779,0.6578891927276603,-0.030550403694740248,-0.11385955532802254,-0.37628268417295263,0.39942335480213476,-0.17478781617515354,0.27862444606214865,0.7089538631823932,0.29144677594682067,0.25695623330846507,-0.6728975939491298,0.4384766689993772,0.6524235169114123,0.5489463586474083,0.09874268427073829,0.7449872594049876,-0.5900879179850118,-0.14898661426715112,-0.6280931074540589,-0.33930579294032137,-0.10627226576617513,-0.12199939196748676,0.3103729382704488,0.2038952733308746,-0.18715395907342325,0.724340381234299,0.3496212990295385,0.20791370108643115,-0.4200665212468121,-0.002275575599784243,-0.5564978497426936,-0.17021590839989006,-0.0808788908779354,-0.2808261190700104
ACC_sub_L,-0.16954573352135555,0.21872560594427115,0.2717896442130367,0.4327039089903307,0.42764607266331894,0.3312832517430815,0.3561743150671756,0.14269481742612763,-0.060347303203663334,0.04278163825985131,-0.025025825667172104,0.3173733764923332,0.26115543101182387,0.2243905919428237,0.30639966381028416,0.43698014538581337,0.38926529516243596,0.10089958481695843,0.35871291073544853,0.201892375795562,1.0,0.5073566262419734,0.5462858978623646,0.052337219856267055,0.24993450656318028,0.2374740052730019,0.3910822118623935,-0.1958274252045873,0.17166170079589718,0.2151963211870843,0.5078588015298211,0.2917972483709501,0.3932548867598824,0.49787816859089834,0.25428007989448537,0.16263067630098776,0.23091757292414533,0.18675273689487767,0.38392492162182307,0.31399778589461275,0.225601700329813,-0.23738884459995266,0.4438557445616605,0.400376193255285,0.15733682143521854,0.23939250764504558,0.44493929346930977,0.05421428545255929,0.06654394778818057,-0.1650045485636281,0.3749755259990879,0.6369445034677818,0.1744699736111647,0.17714923904848487,0.09893800560039616,-0.05061635211743312,0.3516376273112808,0.3996920665222841,0.35914951787702065,0.010058927442402653,-0.14459592513197875,0.0042596491521530964,0.1968743320279656,0.20114884351076426,0.12095437914389713
Putamen_R,-0.21328198086407477,0.45274583663721946,0.5494000958401009,0.6349995753025484,0.6678420902926043,0.6518707590723458,0.6340686854716253,0.43467719610597094,-0.16778400587589884,0.20786064319084,-0.010794540997815223,0.4825227994865704,0.4364801519188166,0.2347172787507894,0.7592922249107442,0.7311990378317189,0.6810938270305911,0.45008491933055167,0.6593306967036313,0.38395250557420907,0.5073566262419734,1.0,0.6278539762884026,0.21239214441426665,0.4792155017598929,0.40567725055695475,0.59923635382693,-0.15372803993364456,0.4902989807731654,0.2317173582584941,0.6648409917007128,0.6706696579226827,0.564658837773984,0.5342910453521398,0.37507925069958353,0.5061993968735112,0.27368934694946306,0.6724628746794101,0.5887302771568045,0.664322853637322,0.3622225281148195,-0.04271814963327501,0.6295499319758638,0.4595634842749215,0.4452861100149716,-0.000982654240579717,0.6511164491874133,-0.025852730153021312,0.47785166046327854,-0.12060266579408907,0.14234912359592813,0.45378877309562604,-0.08366833859894628,0.5026558298708116,0.5220865131703091,0.11757379424678129,0.5640009297694757,0.7572996889379124,0.4053346532261422,0.12404803943417278,-0.03117357956808054,0.0680725968820727,0.5541510934330741,0.5426697258034215,-0.1586421777335542
OFClat_R,-0.385345454294025,0.4585760730145347,0.08585017568669177,0.1927262900332745,0.3001208535398868,0.20753312340530883,0.27985307415510763,-0.011306188848369808,-0.27252968446600245,0.25145866487227436,-0.32331138657765923,0.2566962062554543,0.034963968759166415,-0.05846671754120076,0.26216902216984084,0.33266705401827856,0.5201609756749821,0.430743640940206,0.4079545437592111,0.4137496043867182,0.5462858978623646,0.6278539762884026,1.0,0.4469307108161083,0.19124448232551308,0.5207912521594682,0.4716156595545927,-0.3412467070161981,0.28278760230862016,0.25871984535997444,0.27554867102592584,0.5335453449990307,0.10885947894356449,0.31236387995781245,0.09929451326538657,0.3514199378194786,-0.026102869336701442,0.2331355769669129,0.5398532095783114,0.19325225761161222,0.15697378417437674,-0.31195809138563885,0.42145738737146876,0.330737368585415,0.4688496679054358,-0.060900112672339114,0.5155380049148278,-0.2996493501651312,0.1710637384316453,-0.27183738495396875,-0.047809351759253965,0.33340942336478374,-0.2160202200665835,0.25711738084426194,0.3149944780860979,-0.11273290548853224,0.5169374756148828,0.39231942195731995,0.2000866145207397,-0.2143278805073258,0.011187040949757808,-0.21807874148192644,0.12227771699064878,0.050374580230621725,-0.31222278711710344
Frontal_Med_Orb_R,-0.3787790896133735,0.4180819197988337,-0.10766191280127038,0.0905597265156398,-0.0008901963337418829,0.033317638314145796,0.12051856752540024,-0.3432338220044646,-0.1827673489188679,0.1596450535878075,-0.34528938455996805,0.19266433446058162,-0.24144392180886498,-0.057891638928955415,-0.08263138227850189,-0.01645266626837239,0.29297913105669476,0.11042179570322455,0.2539270996019625,0.43932443214786226,0.052337219856267055,0.21239214441426665,0.4469307108161083,1.0,0.08324583317234972,0.4224598932587082,0.3338277708961627,-0.3680996543970291,-0.027273178952967533,0.0935063920364226,-0.01052421024588671,0.4659532083819203,-0.053244002446771445,0.03253919516070625,-0.16261795422636208,0.161885388243504,-0.027070419500411846,-0.010563368266618696,0.38861730863771315,-0.09552206737056022,0.1733731642427734,-0.3444335021375163,0.19966075919032317,0.2788353403727716,0.5227590478358695,-0.081682107390122,0.3539212405394266,-0.3365628020407716,-0.1669011855992821,-0.3746062837532733,-0.36745805715343455,-0.26607099027383413,-0.11647918163010164,0.08134119496153785,0.04155414902157481,-0.17709413896727969,0.36644853379472403,0.13649896722658444,0.15535329933817443,-0.3458720648300572,0.4338074949452749,-0.32334341925909654,-0.24063645259803118,-0.1502303857642533,-0.26111526985030775
Thal_PuA_R,0.11815308428751976,0.22437630977273587,0.5712959248729528,0.6661179821250884,0.6440184497601654,0.6072963710958007,0.649591742086244,0.42824482353091875,-0.1447393800674502,-0.02068293679609986,0.21035796732353848,0.6011341098948993,0.38539800616430164,0.4658476473052481,0.5766970722820491,0.5456342421095305,0.3016265327196724,0.19544864796755534,0.4413423767343377,0.06489754728683421,0.24993450656318028,0.4792155017598929,0.19124448232551308,0.08324583317234972,1.0,0.17492462836650563,0.4760867553907477,0.14531472220512123,0.4554255147634785,0.13732128310832117,0.5709789933220141,0.36977698515216484,0.5790180296842816,0.38855552088996764,0.3770105470300062,0.340136085075456,0.5778155187612305,0.44742537151044526,0.30591237142639277,0.44270856236414147,0.462534250769554,0.19379288976685932,0.5948447180210242,0.09560010198108984,0.2733624329455634,0.23998288763959066,0.26642736617931084,0.35778835606876946,0.35752193730720294,0.13104343927203577,0.2257439548332339,0.2482668082654725,-0.030275972807665908,0.29325898448481397,0.5235848861845657,0.4062872927390407,0.28296519133892273,0.5224668440905972,0.4862119692423647,0.38244964669035725,-0.12631622703334947,0.39476442558389135,0.43834805472840827,0.634524192346295,0.04855224251999602
Rectus_L,-0.7420807381699035,0.6912536816467657,0.16964986790293485,0.15017066984569855,0.31479095452428557,0.2675037603181178,0.3500517780399,-0.3028714644692715,-0.4940134055169334,0.26603424714856083,-0.7020921253161027,0.4002548384006703,-0.17748889908777354,0.12186537180310873,0.16315523536755328,0.26026618393897816,0.6932611138764437,0.4885346042823237,0.6794998339406485,0.6339931061428262,0.2374740052730019,0.40567725055695475,0.5207912521594682,0.4224598932587082,0.17492462836650563,1.0,0.7717418020085237,-0.6571085599562007,0.3270516739703684,0.21710824879180435,0.3279173829707143,0.7319441226875689,-0.12986618325070512,-0.15054820627567672,-0.4836593158908684,0.49412103807527114,-0.11934071822058645,0.3597454196235049,0.6877722672825201,0.18711565443378467,0.2283760676242098,-0.5464847555437977,0.4709717404205691,0.5556474396348039,0.7197449074923266,0.07566082729045363,0.6858866583453884,-0.5578955006480055,-0.028306366363334296,-0.6236825847199784,-0.36180685223938747,0.05651572675993527,-0.35342918005662494,0.3234708398048854,0.3753972569997278,-0.1749823043484078,0.8613202485362437,0.35161514010717615,0.12674857692627836,-0.43594608850238525,-0.06346319103708055,-0.4813194354826768,-0.15763317673052338,-0.1264928115120293,-0.5488829558185766
ParaHippocampal_R,-0.5622612559051978,0.7560468334878011,0.5130515151102133,0.5438261524867918,0.6462174543925344,0.6224529548003457,0.7028141121981467,0.04119858061126328,-0.47005373397270966,0.09049105159083039,-0.39862542337436835,0.7418208427822435,0.12541786318915057,0.5114912081391557,0.4657842113188995,0.5836403224444139,0.7668323459739076,0.45512282369042195,0.8203342024781416,0.5710493292595608,0.3910822118623935,0.59923635382693,0.4716156595545927,0.3338277708961627,0.4760867553907477,0.7717418020085237,1.0,-0.5003635338428802,0.5381859596669616,0.20110592989847478,0.6312179325205124,0.7598889405454166,0.288944162668535,0.12832079348473405,-0.16831532059820303,0.6671917865369574,0.32272793307173087,0.47418052403156463,0.7113710646383042,0.4386196272209814,0.5494181260080319,-0.36410071786301546,0.7788995280168204,0.599338165087554,0.7643652357889154,0.1884297971307558,0.7362278824838026,-0.22811804612984118,0.15435661732494696,-0.507521751060087,-0.04473368676633216,0.16135183414829835,-0.29627906160270606,0.40379844978307644,0.5384706516938922,0.04189853125702252,0.8745769974010156,0.5448633263646188,0.40283591267921803,-0.12124863376138731,-0.08227785351638459,-0.13499904278536617,0.11390261269246219,0.24299208613772916,-0.31939732924925346
Cerebellum_9_L,0.9550176320509055,-0.5106022325858455,0.03530218039815614,-0.09138834741350069,-0.04027200753705776,-0.14096590545574053,-0.014088883417961535,0.5866610796697239,0.6107378728736937,-0.17662888946194868,0.7776681689933852,-0.10165432620469353,0.29075926145032654,-0.031240970128746146,0.14339906640564873,-0.08517152700216546,-0.676947241178198,-0.008868521427788163,-0.6015047618816739,-0.7525833177266031,-0.1958274252045873,-0.15372803993364456,-0.3412467070161981,-0.3680996543970291,0.14531472220512123,-0.6571085599562007,-0.5003635338428802,1.0,0.07264724007482606,-0.4098985180521142,-0.21470415804129697,-0.5855632079742481,0.23765833742988635,0.20176678023147032,0.6913314667088737,-0.3511045029259329,0.3887177147636867,-0.17149222839559825,-0.7137632136213145,-0.1650891681673496,-0.15215812416521635,0.9101929162128886,-0.2620839244074722,-0.7248003075894008,-0.6112613836275346,-0.17635840189074142,-0.6916866729858376,0.8075127835697642,0.3887046793128825,0.8581604345478274,0.32581700182910056,0.17964281001362947,0.03877619033973846,-0.2807021717494335,0.027725822903123698,0.39302274813906274,-0.7411827602666805,-0.21773199676924573,-0.019966744031875084,0.6243871297754121,0.11273917702377172,0.7938522033769789,0.3416049476880437,0.36166857669924607,0.34461764176635007
Thal_MGN_L,0.010041792832198594,0.28367602324302554,0.5621502021501061,0.40980679786187135,0.6173730051881613,0.5170262046400587,0.7183592645348162,0.38220557077774564,-0.1551725028845904,-0.06257210883076526,0.04455668244734752,0.6009832215702856,0.2845429122856453,0.3790510141948649,0.5603854416399526,0.5306014579855955,0.26720484333169975,0.5926309357619131,0.35283436860031214,0.050516867610534394,0.17166170079589718,0.4902989807731654,0.28278760230862016,-0.027273178952967533,0.4554255147634785,0.3270516739703684,0.5381859596669616,0.07264724007482606,1.0,-0.013235840146347341,0.44174738457923357,0.2772438963185193,0.3695090592369638,0.14214264029233226,0.24317670408248518,0.44479525524108027,0.36959573493346387,0.4006498878267229,0.21387190296243366,0.3682410483239125,0.306771276132583,0.19304475517016778,0.5203190423005543,0.03583701136987446,0.23508648676092983,0.07339547124933461,0.16029843465263635,0.16029571154131866,0.4057317712541519,0.006744618038572659,0.09963646291660211,0.27767493936027327,-0.21634555168687114,0.11182998625044144,0.6470070149151689,0.3069610803946928,0.36122080447915417,0.3767370270083375,0.3073697070336356,0.24846008171304348,-0.07817827468070752,0.3142051464591891,0.3670164319259076,0.44530283127569803,-0.19766618308513567
Cerebellum_7b_R,-0.3796757987441149,0.04678185642110756,0.18013343858370726,0.2961971877885136,0.15553832859097172,0.3195376038919074,0.0033801230941526103,-0.05787808871653723,-0.40734829040409104,0.06513930100376929,-0.15817959018150154,0.009433332561450633,0.1867286131968169,0.1165863569275852,0.2738697012110265,0.3810973643056018,0.4558981137149858,-0.10265839021101796,0.28747757827664894,0.3475829901863264,0.2151963211870843,0.2317173582584941,0.25871984535997444,0.0935063920364226,0.13732128310832117,0.21710824879180435,0.20110592989847478,-0.4098985180521142,-0.013235840146347341,1.0,0.30376771110903444,0.31576821610343736,0.05683489272751109,0.22505660534574193,-0.1210149586563015,0.26468333459120097,0.015933187560642038,0.44915349160656753,0.5607194899540741,0.43214153998993016,0.1425484199007641,-0.40256540089870957,0.2204513455384154,0.2996460453746924,0.16891031417503724,0.48119031254116323,0.42047781701657627,-0.24977923793696855,-0.13139649707686876,-0.304826069732075,-0.0723765918393761,0.06792998212062921,0.1275685163072928,0.31037809492553026,-0.02522787111603654,0.07965755533445673,0.3075523146701407,0.4998367543169116,0.1537544619153779,-0.050982823200045206,-0.199101030331028,-0.21366306652154035,0.2365532110573732,0.01599928894020291,-0.08027946190073736
