,Hippocampus_L,Rolandic_Oper_L,N_Acc_R,SN_pr_L,Paracentral_Lobule_L,Raphe_D,Temporal_Pole_Mid_R,Precuneus_R,Frontal_Inf_Orb_2_R,Temporal_Inf_R,Thal_AV_L,Angular_L,Red_N_L,Cerebellum_3_R,Thal_MDm_L,OFClat_L,Lingual_R,Thal_VA_R,ACC_pre_L,Temporal_Sup_L,Rolandic_Oper_R,SN_pc_R,Cerebellum_6_R,Frontal_Mid_2_R,Thal_IL_L,ParaHippocampal_R,Cerebellum_7b_L,OFClat_R,Vermis_3,Cingulate_Mid_R,Vermis_4_5,ACC_pre_R,Thal_PuA_L,Thal_PuM_R,SN_pr_R,Supp_Motor_Area_R,Cerebellum_10_R,Thal_MDm_R,Thal_VPL_R,Cerebellum_3_L,Cerebellum_9_R,Olfactory_L,Thal_VPL_L,Paracentral_Lobule_R,Parietal_Inf_L,Hippocampus_R,Frontal_Mid_2_L,Insula_R,Frontal_Inf_Oper_R,Thal_VL_R,Temporal_Pole_Sup_L,Vermis_9,Parietal_Sup_R,Caudate_R,Thal_MGN_L,Frontal_Inf_Tri_L,Cingulate_Post_L,Frontal_Sup_2_R,Occipital_Inf_R,VTA_R
Hippocampus_L,1.0,0.5636286025405602,0.37565412110298774,0.6938338830905958,0.5520575332376934,0.43018887135282946,0.02984047482025894,0.48384719245357366,0.1599115934459509,0.279510415054489,0.60195049719058,0.06917080365266427,0.7949787437955053,0.2641406687861816,0.6744094205940568,0.058747629161515706,0.3725420938772372,0.6970467377115307,0.29706316481357875,0.37315290914470384,0.6312066430572368,0.7267873536671353,0.15681421132628348,0.6141554953800573,0.6946776373680761,0.4899388045551414,0.0994778417657633,0.008042889746981596,0.24127764389507594,0.7285649901650124,0.22388140201510195,0.3333911383806893,0.1749345902214939,0.3790511232702261,0.543662819478436,0.5317138378115944,0.28355252066362946,0.7666791433162087,0.3061803230065613,0.22627292477436609,0.2722023754042366,0.5094234469635518,0.4206079687691849,0.47560283723389024,0.40752636578092927,0.7693131559570403,0.48425731558120666,0.5933115884928434,0.4131259393699418,0.7137196018421119,0.19136892183281376,-0.03954532167105742,0.23045378399264901,0.6099612169730179,0.5585786375527154,0.2171295698628509,0.5928900549766044,0.580251121915105,-0.0324330258021301,0.38137772597691644
Rolandic_Oper_L,0.5636286025405602,1.0,0.3521275568005177,0.5992791147196381,0.7832665876479565,0.6124534287018366,-0.2521500763191776,0.2069497651221139,0.23771450540788056,0.31099865941511007,0.5116766550153287,0.08694415684586346,0.5743797409267253,0.3804020889482982,0.6932487936938465,-0.08468789897730665,0.360112156537253,0.7719259119357129,0.41214264738176454,0.719380268822357,0.7634349293794545,0.5724352471691111,0.055145545119580024,0.7381106320831362,0.7234812188233216,0.6777088118971146,-0.09593953943037793,0.13461472591546833,0.27688955774203766,0.8116571765245878,0.36718449427201794,0.4304974541819243,0.04051548015536327,0.7114058073201662,0.5683483604821981,0.8104162019946082,0.11000113140860557,0.5824041371098769,0.7207336551190303,0.34224219631210534,0.056773003382393966,0.3731524971979105,0.6970045168075509,0.5489492591820752,0.18065790804589918,0.779695265001576,0.7376818588009569,0.6235226327732023,0.6946388625851937,0.7396387351275933,0.4197251833350492,0.08251161410031349,-0.0553505280867461,0.798661735388292,0.211207255835348,0.5848682896740283,0.5077991218024901,0.5626229622992299,-0.026455054487518587,0.09423492663081806
N_Acc_R,0.37565412110298774,0.3521275568005177,1.0,0.6512432548115012,0.2752918255045133,0.1868015339240708,-0.22101613960271563,-0.17417563681446832,-0.005363130266562533,0.4057967421004668,0.1894907929062867,-0.3446080682450932,0.5593926734274406,-0.05247156115259226,0.14172052828209478,0.028469896612053187,-0.1963590643962088,0.4378705206048729,0.477659386067758,-0.08366498044177301,0.6606133326814747,0.2429642821894027,-0.14427635875750913,0.5861153185565585,0.34818647422292787,0.34828031436564716,0.0202863813684921,0.08476130503590729,-0.3116555201213923,0.39993476770573194,-0.13801627109961587,0.6310536115042906,-0.18221819810434076,0.375237867497199,0.6862838409835255,0.36327162788097184,0.13978849241792085,0.17600124418656612,0.007587848949107667,0.09429239740035467,-0.06044682937587144,0.5705262041597768,0.2453379852914122,0.029420237360858373,-0.09146853389763006,0.45931089053933616,0.4025764711729879,0.856899664705032,0.5802725237994268,0.3919582791574107,0.516676684673319,-0.47142300148528044,0.13721405489501198,0.649177318381827,0.23478773882044393,-0.139252758050818,0.025696157405786478,0.550161200037107,0.12194588560085448,0.05134600957111792
SN_pr_L,0.6938338830905958,0.5992791147196381,0.6512432548115012,1.0,0.4766726250083563,0.4183790036821705,-0.22288568301827755,-0.030950064463837464,0.17841318257177774,0.16697298562956228,0.453269108425316,-0.2120696589172579,0.6877925210623503,0.1442856212802182,0.4110100194044473,-0.03374748244126995,-0.06943128541932271,0.6259588511476033,0.5933523516099589,0.30229561705105207,0.7231253895503825,0.6047305451265736,0.18673865469145345,0.7632282991873706,0.5799416351210872,0.4720838883097505,-0.024979412425570738,0.33408048648116395,-0.08953264160231039,0.6185795114410491,-0.02984690725313575,0.5893126228022485,0.0017899202393429636,0.31849731651486096,0.6313657032616032,0.5583706058473134,0.2402493037844316,0.5156090907283831,0.21627389571380504,0.09010165858494139,0.1470713929221261,0.42735951872315114,0.41145578464942256,0.1945699473366363,0.06009518887041147,0.6391813990175383,0.5929987511057522,0.7653866288572887,0.6119832034168723,0.545474561004195,0.6417209501936139,-0.336689854963483,0.1644048733956069,0.7061122827575986,0.3338089409974564,0.2683716315556774,0.23466826830680365,0.7059315639811758,0.011506438285991849,0.1446496885233619
Paracentral_Lobule_L,0.5520575332376934,0.7832665876479565,0.2752918255045133,0.4766726250083563,1.0,0.5811706171693084,-0.11836200271832757,0.47171445487843583,0.13132126016448326,0.3712381598022824,0.5854929449075187,0.05239197456078386,0.50037282353782,0.15655101444813915,0.6323147616112228,-0.09416368001300592,0.3735520877509388,0.6963046678586399,0.22341750071446498,0.45168651087761497,0.6406674127639934,0.616809671062924,0.012905357208885441,0.6494304491705086,0.6556077561272199,0.48506539267832666,0.03974943716103298,-0.038641982977701335,0.260526691512247,0.8056057894885098,0.3384065349146804,0.29886686028891635,0.23641293737164684,0.5755842259451357,0.41460823511038575,0.876773755365916,0.2629732590183628,0.6461291270442518,0.5633553199839006,0.20495402312585803,0.17232322901859765,0.4103678904940941,0.5935811352815327,0.77681238293897,0.4567749208985658,0.6520900506940644,0.6704965264950639,0.4882246315009569,0.482442702449134,0.7047682923308575,0.08008230908406033,0.11661401722175184,0.19385432935656724,0.6825333248860637,0.16561929510053475,0.3085007730720928,0.6541941467904236,0.5902627449503093,-0.05314060802653099,0.3238204384581752
Raphe_D,0.43018887135282946,0.6124534287018366,0.1868015339240708,0.4183790036821705,0.5811706171693084,1.0,0.09396447804220116,0.19329180724460018,0.36437682596833637,0.49795279669726755,0.41178783439086986,0.1389001198409919,0.42781995584986166,0.39550343866011084,0.4386182784333951,-0.11437409659667272,0.5203573748204722,0.6270496432965139,0.05758970690072598,0.46432536822929416,0.49884847499392415,0.6027232747292282,-0.2339725954818527,0.42203409659565055,0.502529708094958,0.72592051401725,-0.08355577352783244,0.10270104013157821,0.4721960001731632,0.6231308256622633,0.5328088860504854,0.3331653823687941,-0.14628617510018524,0.6060569900990718,0.5093892992658936,0.6452104878710382,-0.1886685618168455,0.43612908957923713,0.5386807611035738,0.3979350771825612,-0.2742707513304122,0.4191265427713244,0.539307712346211,0.4210704650857041,0.029342924972247386,0.7115615597536159,0.393040663480117,0.4917747892586733,0.5564972450827511,0.6328440157306093,0.12837561856224194,0.30577399730877236,-0.34671192474489143,0.6115611988821744,0.011670900322466019,0.19245366095123345,0.5467817967134078,0.3382819565958588,0.05441967524809885,0.02334164314547932
Temporal_Pole_Mid_R,0.02984047482025894,-0.2521500763191776,-0.22101613960271563,-0.22288568301827755,-0.11836200271832757,0.09396447804220116,1.0,0.13188152720794355,0.28218613628408057,0.18536023982508743,-0.12305833852130003,0.16292894342404043,-0.09890435367160483,0.0145472379966303,-0.13064375163783265,0.13201166687021415,0.26729812111828344,-0.09087478082117122,0.036554628340443665,-0.22014095753253313,-0.11436664189399885,0.10470559010159775,-0.22074778671793535,-0.17716528535600062,-0.037930169485426324,0.04289812683645692,0.19587517768801088,-0.1772433587748021,0.10472301701383435,-0.09084129088471375,0.2157660817605373,-0.05629980317833251,0.036908275229735416,-0.05874741269898629,-0.016936409273423447,-0.08978039383439325,-0.1560866160414659,0.008984805750351033,-0.1033111608766314,0.12138682970851832,0.009222034134052152,-0.11093106265656104,-0.12984609536433084,-0.09667239301644892,0.025838019986967473,-0.0005714013438963201,-0.07884593222236869,-0.1290873762595109,-0.08493325846170055,-0.11114963780999529,-0.38792864622818596,0.3349132468395302,-0.1911042974458087,-0.2338294577853396,-0.050244398451341224,-0.11378820551618976,0.08459886808295655,-0.09291396275023786,0.04684905483189886,-0.009763902045351977
Precuneus_R,0.48384719245357366,0.2069497651221139,-0.17417563681446832,-0.030950064463837464,0.47171445487843583,0.19329180724460018,0.13188152720794355,1.0,0.0031186073482230574,0.21882822402540128,0.39340995410098184,0.13972437015723824,0.27666561660583705,0.15501475060516748,0.5283698287437442,-0.03757567625497108,0.6524099256123036,0.3121395105054942,-0.2776317085811454,0.22260500548289536,0.05045897040164996,0.39339273282930937,0.05180644772508212,0.023323158376302167,0.411839586166902,0.13621406455287968,0.22499238288907467,-0.369122722367945,0.4757771845263352,0.42158902590974423,0.3461416943328758,-0.2183993006219858,0.46619731045857155,0.21762287373312386,0.014870825284957258,0.242816295246341,0.2334196724903336,0.5298118152957835,0.2859336639188982,0.03743009973079998,0.32862195229052404,0.23247960005684526,0.2449275351099623,0.7492677154553262,0.7592323394542109,0.3690796633068342,0.06602251551079989,-0.05595922379997178,-0.18711280302394434,0.3654773869089789,-0.4564063619425974,0.19662964268170696,0.3586816084370085,0.08033427470720017,0.39056606600260707,-0.055534434461304245,0.7866458331156673,0.04465556292283613,-0.09151981620013057,0.5241287741777555
Frontal_Inf_Orb_2_R,0.1599115934459509,0.23771450540788056,-0.005363130266562533,0.17841318257177774,0.13132126016448326,0.36437682596833637,0.28218613628408057,0.0031186073482230574,1.0,0.058812417357420974,-0.1265881890705221,-0.0006606681973112536,0.10356971561748698,0.3488840404534843,0.11414603385086915,0.28329609446817217,0.2369060388048637,0.1811438480383242,0.38074164428770824,0.2236179938573449,0.11331536856737881,0.3784476911997832,-0.0228608226363412,0.2422544214587093,0.1429968588980413,0.42968636551106,-0.16786189478250016,0.34240873490950136,0.2749830257563878,0.23708710063785934,0.20482641361081474,0.34913927877583867,-0.09902407857630029,0.22478603970750247,0.27816371955065083,0.29096538720812326,-0.31292538144664545,0.13022419254042325,0.3018754860729815,0.18226596502613457,-0.11883385042789253,0.06909597957323835,0.2420577971327034,0.031796313355424495,-0.1363920097366593,0.29661212495748285,0.3286120809329015,0.22866207652749246,0.46794976467880695,0.13750039058940142,0.2753318221746305,0.026979212134971235,-0.26618598751851025,0.22262458035159136,0.00045943816011316253,0.37703834805032765,0.1966636763060798,0.2784658568194098,-0.004457223335460623,-0.12201001311224732
Temporal_Inf_R,0.279510415054489,0.31099865941511007,0.4057967421004668,0.16697298562956228,0.3712381598022824,0.49795279669726755,0.18536023982508743,0.21882822402540128,0.058812417357420974,1.0,0.21048371749680786,-0.003224499710176314,0.4792692583061301,0.15053145514461225,0.2828754665791039,-0.2042561063870844,0.47547124401340973,0.49744152943652953,-0.023418511237945364,0.04098486473946446,0.4636793853556462,0.26231461267447975,-0.4145501316893009,0.1602115159103476,0.34015224370171115,0.5872182312786116,0.03245479360415134,-0.3602605099099438,0.21405648158762935,0.4388893977109085,0.4477057914552079,0.25442209354867357,-0.2532045190526304,0.6208770419104456,0.6396916369305529,0.33054139346526684,0.003108349421386215,0.18318499149740522,0.23485331931677805,0.5252117298649929,-0.27342743432414124,0.3583617070890571,0.22492449367850362,0.3673533151792769,0.06087525463115969,0.5711602135413726,0.14024871510001197,0.5355834895339462,0.4233235072255037,0.45368354424499635,-0.1429331706285286,0.19314793559044321,-0.23740825110249994,0.4493522994629944,0.15230519525560265,-0.24717328082312937,0.39178651377566426,0.09083883045935191,0.24933740308954486,0.13269140427912507
Thal_AV_L,0.60195049719058,0.5116766550153287,0.1894907929062867,0.453269108425316,0.5854929449075187,0.41178783439086986,-0.12305833852130003,0.39340995410098184,-0.1265881890705221,0.21048371749680786,1.0,0.09868347911818819,0.5817765232049109,-0.10474981004181698,0.7586444440593534,-0.12547304557879177,0.13795947673992465,0.6968396833959403,0.1594576457084377,0.19127683668148185,0.5855249186974297,0.6010367285231951,0.1268244976215972,0.5275434100987197,0.6738637964373424,0.1600063232536565,0.08318921172396025,-0.17744465572347162,0.07534280715904457,0.6486400159987076,0.0502312561373767,0.2898750441708217,0.42508688585079824,0.3691940098098514,0.3319585596701483,0.5346444482392034,0.48920658764222125,0.8047009760910703,0.3140863098850873,-0.09049498695560021,0.3078395411836582,0.3107732814010162,0.4129712772756696,0.52454565997582,0.49976213455322804,0.44027672169167836,0.5072782807441953,0.4199317735515529,0.24426694094986878,0.7527374504123028,0.030407550781230804,0.027475953218656368,0.3643410336506185,0.46931940469044214,0.455884776817754,0.16135029190417344,0.44962354379328917,0.5419460774632596,-0.10407639660096725,0.5087413760940975
Angular_L,0.06917080365266427,0.08694415684586346,-0.3446080682450932,-0.2120696589172579,0.05239197456078386,0.1389001198409919,0.16292894342404043,0.13972437015723824,-0.0006606681973112536,-0.003224499710176314,0.09868347911818819,1.0,-0.06726296846773322,0.3465669769838483,0.0966622923234293,-0.14617831464975112,0.42793105336634174,0.08649989830844211,-0.2011865334934735,0.3236264989686724,-0.045342253132139125,0.043967074077021995,-0.08379951452041648,-0.08566604025177388,0.08243675436266772,0.1822118123667306,-0.013613202863125664,-0.07490175712868764,0.2884485831691855,0.059099644094479285,0.45966492076391113,-0.34657532400301955,-0.045199447641999485,0.057130984631849895,-0.1413051982992496,0.07660283026461193,-0.19526651653491173,0.07381639232794432,0.17251576992875334,0.2941705597784923,0.0063242052744251695,-0.009153360395430684,0.10509074227078968,-0.012226712441015695,0.030833062516346876,0.1007134075628998,-0.02099771851890642,-0.20027136704571985,-0.03478916602807446,0.06995008088927746,-0.2871333637275593,0.5457590674452326,-0.20576154628288984,-0.05296880502744756,-0.08159673287430447,0.16071107624782283,0.20661868006694079,-0.15393949022222572,0.04241812189637153,-0.19506061913782194
Red_N_L,0.7949787437955053,0.5743797409267253,0.5593926734274406,0.6877925210623503,0.50037282353782,0.42781995584986166,-0.09890435367160483,0.27666561660583705,0.10356971561748698,0.4792692583061301,0.5817765232049109,-0.06726296846773322,1.0,0.04672669344408111,0.6255840413997422,0.051147471464218545,0.2360233829484824,0.7340063000176028,0.34449694071117964,0.2253643122393214,0.7515076939312536,0.6506850897790925,0.03344328855272824,0.5890690430302018,0.661468307426271,0.48264829389012903,0.034974358122069074,-0.1695186345730894,0.02674331929022357,0.7491228626829246,0.1025430464765566,0.48323654760016277,0.06934838067365512,0.5172089583116501,0.7692203916226169,0.5098942602676754,0.3440503904573599,0.653247712881221,0.24948226488988956,0.21379874948158464,0.15840580081705088,0.5066229829974233,0.30126224802178336,0.43238179820424305,0.30515688806755475,0.7523188321884327,0.4794564571820655,0.754501691538078,0.4975716971334559,0.7304400657468951,0.21702630591640015,-0.14464830418290525,0.1891623300023529,0.6321136020656171,0.5516985664596431,0.13097806363075365,0.4298977828461745,0.5835544249890405,0.07071883139800007,0.4508388811222012
Cerebellum_3_R,0.2641406687861816,0.3804020889482982,-0.05247156115259226,0.1442856212802182,0.15655101444813915,0.39550343866011084,0.0145472379966303,0.15501475060516748,0.3488840404534843,0.15053145514461225,-0.10474981004181698,0.3465669769838483,0.04672669344408111,1.0,0.210645258208649,-0.1203377872278082,0.6682900103680527,0.2581085858221804,-0.07692793374674813,0.7218137822463527,0.15088299870968003,0.06708966312823998,-0.15204015405388427,0.12329699270967492,0.27379240014535483,0.7476472847010321,-0.24206898796446155,0.4541080339583543,0.7293993416783737,0.21806042518972968,0.7775899114765003,-0.10247497735922226,-0.2742778448998315,0.37842554917233673,0.1290911034096312,0.21093054933307984,-0.6267090747099601,0.07785342933179124,0.4901121694775672,0.6796593326045524,-0.2442975730299675,0.1704471744931856,0.512427860925858,0.015194878802480574,-0.22711022946352255,0.5368666900684246,0.02596533850515718,0.15592876447615678,0.44164604451194533,0.19239341721648853,0.22421076359123224,0.42411673406626355,-0.5363172920723119,0.34305286959039455,-0.1735653234806652,0.2175365656327636,0.4085975568995343,-0.10823742812916942,0.1412554282460669,-0.4632889359812641
Thal_MDm_L,0.6744094205940568,0.6932487936938465,0.14172052828209478,0.4110100194044473,0.6323147616112228,0.4386182784333951,-0.13064375163783265,0.5283698287437442,0.11414603385086915,0.2828754665791039,0.7586444440593534,0.0966622923234293,0.6255840413997422,0.210645258208649,1.0,0.02413885607232374,0.4361730584196417,0.751597637765736,0.1720554289000284,0.46693419323350677,0.6523468711915716,0.626214185247245,0.17112655155658849,0.5648261148830971,0.8034345056305943,0.4227359564713024,0.03594540696929954,-0.09766959005212261,0.34222022547452813,0.7595635099977364,0.30986731670071727,0.22680025493807657,0.47780688784804703,0.6382179729495149,0.4155605619294065,0.5912803393936056,0.2864311052541078,0.8464410767033569,0.6680754128089066,0.18069773942364056,0.2813028807858833,0.3612877829488668,0.6257882502149683,0.5838993895310408,0.4560428518311257,0.6481157817781643,0.5727433203131181,0.45473236787548404,0.425666198462103,0.8699513281978897,0.05308242159834632,0.16825784923702666,0.14855803379612686,0.586100078869256,0.48090318781069447,0.34613903876339225,0.6319945803991507,0.4777976598052613,-0.07864867454776436,0.4531989755959755
OFClat_L,0.058747629161515706,-0.08468789897730665,0.028469896612053187,-0.03374748244126995,-0.09416368001300592,-0.11437409659667272,0.13201166687021415,-0.03757567625497108,0.28329609446817217,-0.2042561063870844,-0.12547304557879177,-0.14617831464975112,0.051147471464218545,-0.1203377872278082,0.02413885607232374,1.0,-0.15428487942659672,-0.09863135240640179,0.12809208847882939,-0.09543594816745074,-0.03818506463115226,0.10912635324762678,0.11990524298517827,0.011636023266810513,-0.01194274102320882,-0.11592201119305147,0.32327165257806284,0.03045857295437899,-0.1291396447402797,0.0006421549821865668,-0.20437791899415622,0.007096787283715201,0.06328319164202974,-0.05373759661127361,0.0779680426803731,-0.07721407596415618,-0.05158859690907201,0.04610008291488103,-0.05094399353196277,-0.07230197189409313,-0.023102405572280195,0.01687440875463767,-0.1277980392499012,-0.05111189753687424,0.057149265931268116,-0.03305477060391678,0.04690629623178353,0.0333151993014493,-0.01743190059429105,-0.03895438499774787,0.06165203210318774,-0.14596807523128905,0.05839737571237708,-0.10635448736042442,0.06729035037347103,0.10866506469611029,-0.10148048163158391,0.1285672291680463,-0.15956720317998002,0.11448982309029795
Lingual_R,0.3725420938772372,0.360112156537253,-0.1963590643962088,-0.06943128541932271,0.3735520877509388,0.5203573748204722,0.26729812111828344,0.6524099256123036,0.2369060388048637,0.47547124401340973,0.13795947673992465,0.42793105336634174,0.2360233829484824,0.6682900103680527,0.4361730584196417,-0.15428487942659672,1.0,0.3795854371041172,-0.31330840188441383,0.5387632646320775,0.1508023837640657,0.29070228594777614,-0.23886427959061965,-0.005848048591241342,0.3757721408964911,0.6592342937730427,0.0028245430212709903,-0.1318376387416834,0.7759551947558839,0.40972646036219657,0.8625493182120979,-0.2310709758120647,-0.0029250950032473984,0.5058686045905418,0.17163687402154534,0.3121814183878298,-0.32464176775607206,0.3181409571590553,0.5286062131732194,0.5942760410591316,-0.0951971172611448,0.2656645583168975,0.42307244532280514,0.472812320123755,0.22760487822471606,0.6177184960092768,0.018239484657359504,0.0639468642628675,0.19365987051020167,0.3978299203767772,-0.35062791227430606,0.619635755703019,-0.3410197781493989,0.26730191225990857,0.05381224844250915,0.043565744096148114,0.7780743707924778,-0.13781829399030612,0.09642158763001182,0.036806071217274056
Thal_VA_R,0.6970467377115307,0.7719259119357129,0.4378705206048729,0.6259588511476033,0.6963046678586399,0.6270496432965139,-0.09087478082117122,0.3121395105054942,0.1811438480383242,0.49744152943652953,0.6968396833959403,0.08649989830844211,0.7340063000176028,0.2581085858221804,0.751597637765736,-0.09863135240640179,0.3795854371041172,1.0,0.3806075645554657,0.4799305908943155,0.8133057741400854,0.7082252657636475,0.005611229765301255,0.7447855253609312,0.832933832297116,0.6102147112305494,-0.009662749933278661,-0.08926533033494659,0.30676532735708917,0.8733220934316628,0.3612607038954054,0.502758863530749,0.06669209675751737,0.665037006874084,0.7236913235435689,0.7514667547938867,0.1842989874710205,0.7467995968076009,0.46131096157587065,0.3102385855810795,0.07516215550399774,0.37632142305128496,0.5004710254351331,0.47451139174578305,0.36811218457434486,0.7716448801760013,0.7006528538838168,0.728043844537406,0.6651719093515831,0.8331417927774671,0.24587341368376928,0.05155571469414055,0.10908718523892336,0.7232277824245806,0.42651441267806345,0.3524015006450093,0.537152104610411,0.6670329573616712,0.08611930916878864,0.28234942507987243
ACC_pre_L,0.29706316481357875,0.41214264738176454,0.477659386067758,0.5933523516099589,0.22341750071446498,0.05758970690072598,0.036554628340443665,-0.2776317085811454,0.38074164428770824,-0.023418511237945364,0.1594576457084377,-0.2011865334934735,0.34449694071117964,-0.07692793374674813,0.1720554289000284,0.12809208847882939,-0.31330840188441383,0.3806075645554657,1.0,0.105700159744305,0.5275976417761896,0.3925617441395071,0.28981464461582807,0.6829211859708993,0.35462938049468107,0.17924302001900877,-0.06291268511769495,0.28711022942978676,-0.321503446601263,0.3496687906521115,-0.19988880183577157,0.6579500537835169,0.025542088331978522,0.12932500768666746,0.4487540500032727,0.385050097228678,0.20324589111213692,0.2922028100536444,0.07511961085168116,-0.07151500218912815,0.27852219609337747,0.02204965062807486,0.20497661097125036,-0.0815627236830252,-0.05609235539256364,0.25352844907573213,0.6910312621170568,0.5520621735486079,0.5550184771766047,0.2262554753997863,0.6311790446426708,-0.3306106948816311,0.20915343372204534,0.4121295017732598,0.2274643136376843,0.5014995218170629,-0.12446763882493236,0.6593912278447694,-0.011674147747985746,-0.045466029703199226
Temporal_Sup_L,0.37315290914470384,0.719380268822357,-0.08366498044177301,0.30229561705105207,0.45168651087761497,0.46432536822929416,-0.22014095753253313,0.22260500548289536,0.2236179938573449,0.04098486473946446,0.19127683668148185,0.3236264989686724,0.2253643122393214,0.7218137822463527,0.46693419323350677,-0.09543594816745074,0.5387632646320775,0.4799305908943155,0.105700159744305,1.0,0.3264750127036621,0.2637392321044099,0.11465823701555192,0.37541755517345826,0.4865845742395969,0.6319109667818795,-0.17548648406824427,0.2958355099409073,0.6036680756882687,0.521111257009258,0.6007821660184233,-0.011887966875387812,-0.10961461319559031,0.42167460338117924,0.20302563739401328,0.45483994015130064,-0.22254002251796953,0.3175211751023979,0.5887430047230445,0.5379941344579722,-0.011669941717763525,0.11856961963680848,0.4863188482978321,0.3113248988681085,0.09783240478729506,0.5671745699796561,0.33723219263974175,0.185908623626579,0.4224770832487613,0.4084123902966867,0.34334812024275885,0.35477412469930714,-0.2758054275694475,0.45264595811376823,-0.003613161160456493,0.6526439900440953,0.43989542906397955,0.13400997681844962,-0.0172330115577384,-0.21397418065448084
Rolandic_Oper_R,0.6312066430572368,0.7634349293794545,0.6606133326814747,0.7231253895503825,0.6406674127639934,0.49884847499392415,-0.11436664189399885,0.05045897040164996,0.11331536856737881,0.4636793853556462,0.5855249186974297,-0.045342253132139125,0.7515076939312536,0.15088299870968003,0.6523468711915716,-0.03818506463115226,0.1508023837640657,0.8133057741400854,0.5275976417761896,0.3264750127036621,1.0,0.5974081103137597,0.01663029507852691,0.8403588215259274,0.7777818499029204,0.5864577547350837,-0.029376943058060878,0.05009662379328721,-0.003101258147631801,0.7776348231816014,0.1868344964458992,0.6207683395652843,0.11598922236517448,0.6869920861594747,0.7507558876227238,0.7310430561814708,0.2138085017421647,0.6476120751953057,0.45886172493478594,0.27933916053692975,0.130525062095606,0.4872416037315721,0.5792484821748283,0.29152927858043487,0.12928979129171858,0.744002846791104,0.7446845046958022,0.8859150219361092,0.7843638581960688,0.7968027796254157,0.4048198290380324,-0.027676295621911096,0.05937830870830778,0.8022780266816296,0.3574439237164931,0.2955704453162494,0.3225707369055043,0.7433991431942246,0.050618861812594826,0.20633727907518204
SN_pc_R,0.7267873536671353,0.5724352471691111,0.2429642821894027,0.6047305451265736,0.616809671062924,0.6027232747292282,0.10470559010159775,0.39339273282930937,0.3784476911997832,0.26231461267447975,0.6010367285231951,0.043967074077021995,0.6506850897790925,0.06708966312823998,0.626214185247245,0.10912635324762678,0.29070228594777614,0.7082252657636475,0.3925617441395071,0.2637392321044099,0.5974081103137597,1.0,0.16217757932641075,0.6649090961109309,0.6386834593176901,0.4005591090287572,0.08484728641055396,-0.040662343811621496,0.14204378002777016,0.7310065350512639,0.15886077369885995,0.47292068260231435,0.2898368191007594,0.40918444027743234,0.5151801175292736,0.6711363998991543,0.27471287579120146,0.7998682093102022,0.36243368417385174,0.016112798028102615,0.20967384155471755,0.33077867049875587,0.4207178531957329,0.4666263272969841,0.39723403986473266,0.6378713410324752,0.65810258840008,0.5310567871054572,0.4228860709805595,0.6928599539325019,0.1244933493033712,-0.010084138380862041,0.20700171379406931,0.5275962201584059,0.4139352788101542,0.3535813111542557,0.5522047142315633,0.6927359255921737,-0.015186405001875321,0.4579245055797826
Cerebellum_6_R,0.15681421132628348,0.055145545119580024,-0.14427635875750913,0.18673865469145345,0.012905357208885441,-0.2339725954818527,-0.22074778671793535,0.05180644772508212,-0.0228608226363412,-0.4145501316893009,0.1268244976215972,-0.08379951452041648,0.03344328855272824,-0.15204015405388427,0.17112655155658849,0.11990524298517827,-0.23886427959061965,0.005611229765301255,0.28981464461582807,0.11465823701555192,0.01663029507852691,0.16217757932641075,1.0,0.22592757027536955,0.09922904857928569,-0.286301480961906,0.21768360605321047,0.14567013938961615,-0.12504841988700865,0.008270853638431221,-0.30793941450144924,0.11759608574317124,0.3569942719754596,-0.28648835335761347,-0.16895223251191183,0.027078825363154323,0.3540538268367616,0.26577217042381923,-0.02618913293651027,-0.37488081093701525,0.6387218512686896,-0.24057517503266196,-0.06788611678202353,-0.04571447511820803,0.15982591091762757,-0.11553699819062513,0.2979596756789389,-0.13014542975132942,-0.1115155612416201,-0.008210110823920409,0.20219007825735055,-0.04205719124850398,0.3711854109380958,-0.09396999107284831,0.2146161956936597,0.3929924600847702,-0.10463792098564346,0.24253390592924126,-0.14860363551011138,0.27465842163102
Frontal_Mid_2_R,0.6141554953800573,0.7381106320831362,0.5861153185565585,0.7632282991873706,0.6494304491705086,0.42203409659565055,-0.17716528535600062,0.023323158376302167,0.2422544214587093,0.1602115159103476,0.5275434100987197,-0.08566604025177388,0.5890690430302018,0.12329699270967492,0.5648261148830971,0.011636023266810513,-0.005848048591241342,0.7447855253609312,0.6829211859708993,0.37541755517345826,0.8403588215259274,0.6649090961109309,0.22592757027536955,1.0,0.6745605791295869,0.43714411146649657,-0.052916944564328765,0.27051153015755997,-0.025285842059127286,0.7527222667367072,0.05900866191346631,0.6729929727359734,0.1533372626044471,0.4472305372923442,0.5760524642101202,0.8040102196846574,0.2386020447332164,0.668839777675705,0.3831971641586599,0.10275928800756273,0.243026599184685,0.4082148965264255,0.5377500037664441,0.22438220832940098,0.17148715073312198,0.5950350463862624,0.8997510414734963,0.7661887414011814,0.7517176638918289,0.6846310950820212,0.541770716714522,-0.16520474345152214,0.19656159844413762,0.7729064695933106,0.29965812144414256,0.5310234412379743,0.2967695589548665,0.9015107639965689,0.04723492961060801,0.16696963388108088
Thal_IL_L,0.6946776373680761,0.7234812188233216,0.34818647422292787,0.5799416351210872,0.6556077561272199,0.502529708094958,-0.037930169485426324,0.411839586166902,0.1429968588980413,0.34015224370171115,0.6738637964373424,0.08243675436266772,0.661468307426271,0.27379240014535483,0.8034345056305943,-0.01194274102320882,0.3757721408964911,0.832933832297116,0.35462938049468107,0.4865845742395969,0.7777818499029204,0.6386834593176901,0.09922904857928569,0.6745605791295869,1.0,0.5176192622497446,0.0719155953374525,-0.08487273724185743,0.28149012160148995,0.7980190134360782,0.2992799506928353,0.39724721912020816,0.33751671122294,0.6578085895512966,0.6159416128883796,0.6477258871994369,0.2277923945176232,0.7715533059036382,0.5100675470389716,0.24290759635441483,0.23994194428160986,0.32460798007818265,0.5545296140322075,0.503212221047424,0.4343949642897521,0.7209304415278183,0.6504688267128509,0.620718762874746,0.5578510126743743,0.7764648176405166,0.21001305671350476,0.07437952359975797,0.16314489022922457,0.6028222753986126,0.5109947843815087,0.3275124694795654,0.4948511490277567,0.589374247423115,-0.08012251320645361,0.3024875402906842
ParaHippocampal_R,0.4899388045551414,0.6777088118971146,0.34828031436564716,0.4720838883097505,0.48506539267832666,0.72592051401725,0.04289812683645692,0.13621406455287968,0.42968636551106,0.5872182312786116,0.1600063232536565,0.1822118123667306,0.48264829389012903,0.7476472847010321,0.4227359564713024,-0.11592201119305147,0.6592342937730427,0.6102147112305494,0.17924302001900877,0.6319109667818795,0.5864577547350837,0.4005591090287572,-0.286301480961906,0.43714411146649657,0.5176192622497446,1.0,-0.17976023202372537,0.29728866382173563,0.5295978867051734,0.5869264175703021,0.7387552761533808,0.27130855816949595,-0.309609095291645,0.7056777397681784,0.5974982066409686,0.5626536261043419,-0.4029191197178194,0.312837345416402,0.6247852660607388,0.7447589939903614,-0.29113447311479734,0.4875481776015815,0.6477274120361894,0.28052634575053775,-0.14441103619506002,0.8723671666309917,0.3456282981682969,0.6260177198807074,0.7672646181713806,0.5705264875801944,0.30669593712490256,0.3121840119445749,-0.4907087729488696,0.7297183394898392,-0.00920429919642745,0.22746347328108177,0.5424235663020183,0.22696232671534278,0.1557364475763726,-0.23225688545694234
Cerebellum_7b_L,0.0994778417657633,-0.09593953943037793,0.0202863813684921,-0.024979412425570738,0.03974943716103298,-0.08355577352783244,0.19587517768801088,0.22499238288907467,-0.16786189478250016,0.03245479360415134,0.08318921172396025,-0.013613202863125664,0.034974358122069074,-0.24206898796446155,0.03594540696929954,0.32327165257806284,0.0028245430212709903,-0.009662749933278661,-0.06291268511769495,-0.17548648406824427,-0.029376943058060878,0.08484728641055396,0.21768360605321047,-0.052916944564328765,0.0719155953374525,-0.17976023202372537,1.0,-0.23581179845086728,-0.14009652390321167,-0.00981640526624967,-0.10313964899863051,-0.08679215754894144,0.16290931737212075,-0.11751408314709477,-0.06001745983756552,-0.0955138556881388,0.21930493429470885,0.14212886125076138,-0.12883628170471959,-0.1640368369034103,0.283945352935062,0.058232990972263504,-0.21754798540265702,0.14721670335494502,0.2525002430925435,-0.015916828583288595,0.018284796535103665,-0.07241740290282074,-0.2513983037313216,0.023163581421737127,-0.2665118160701636,0.03504071626115285,0.1915283368137995,-0.11291483639328932,0.1024524014628508,-0.18520841546850475,0.05634404359403674,-0.0149546519344909,-0.11808187939503742,0.31409464515439606
OFClat_R,0.008042889746981596,0.13461472591546833,0.08476130503590729,0.33408048648116395,-0.038641982977701335,0.10270104013157821,-0.1772433587748021,-0.369122722367945,0.34240873490950136,-0.3602605099099438,-0.17744465572347162,-0.07490175712868764,-0.1695186345730894,0.4541080339583543,-0.09766959005212261,0.03045857295437899,-0.1318376387416834,-0.08926533033494659,0.28711022942978676,0.2958355099409073,0.05009662379328721,-0.040662343811621496,0.14567013938961615,0.27051153015755997,-0.08487273724185743,0.29728866382173563,-0.23581179845086728,1.0,0.06752272232251931,-0.09549266052830904,0.1169830848076469,0.07074957402983809,-0.15158150570479084,-0.1334148681073978,-0.17590343714163958,0.07972369636072885,-0.45394413110276455,-0.042991433088391186,0.2184519020117358,0.1017159271756457,-0.054564250527464345,0.12397731981203068,0.3993554845504749,-0.3526533920139066,-0.48472142697336756,0.10036847531108585,0.11048909587904218,0.13532032776952355,0.3819972959966258,-0.05619084240733337,0.6049314732105515,0.025366724360642117,-0.2810515132881137,0.2787854607448984,-0.3886784012946755,0.26922409811215514,-0.07881031413651636,0.09905842690919409,0.01431315583931386,-0.492947115148034
Vermis_3,0.24127764389507594,0.27688955774203766,-0.3116555201213923,-0.08953264160231039,0.260526691512247,0.4721960001731632,0.10472301701383435,0.4757771845263352,0.2749830257563878,0.21405648158762935,0.07534280715904457,0.2884485831691855,0.02674331929022357,0.7293993416783737,0.34222022547452813,-0.1291396447402797,0.7759551947558839,0.30676532735708917,-0.321503446601263,0.6036680756882687,-0.003101258147631801,0.14204378002777016,-0.12504841988700865,-0.025285842059127286,0.28149012160148995,0.5295978867051734,-0.14009652390321167,0.06752272232251931,1.0,0.2655008444179714,0.7454055637370594,-0.16316581451702653,-0.08747344704115599,0.33542635292736256,0.05041185030707044,0.21052618411482182,-0.40952434999361687,0.21555704216345595,0.416649724797233,0.5020688515984613,-0.1366783956413631,0.06141419132410162,0.3197619369686231,0.3165017531432317,0.13473639517619537,0.4156862301916964,-0.02536007240983699,-0.06523789303039358,0.1679739619524904,0.2593351874977541,-0.16242584867670992,0.5030334373380714,-0.35605188590247444,0.15760362088148844,-0.04134458097974598,0.13663079663392677,0.5728901409687651,-0.15401212535474662,0.10966293225429967,-0.07698544736334505
Cingulate_Mid_R,0.7285649901650124,0.8116571765245878,0.39993476770573194,0.6185795114410491,0.8056057894885098,0.6231308256622633,-0.09084129088471375,0.42158902590974423,0.23708710063785934,0.4388893977109085,0.6486400159987076,0.059099644094479285,0.7491228626829246,0.21806042518972968,0.7595635099977364,0.0006421549821865668,0.40972646036219657,0.8733220934316628,0.3496687906521115,0.521111257009258,0.7776348231816014,0.7310065350512639,0.008270853638431221,0.7527222667367072,0.7980190134360782,0.5869264175703021,-0.00981640526624967,-0.09549266052830904,0.2655008444179714,1.0,0.3381334626940604,0.45676003196343035,0.1560947416390409,0.6708337360798432,0.6829643577987152,0.8577718706430091,0.24603399869779358,0.7496960249456482,0.5362948857627124,0.3038877404195769,0.12417502913452166,0.41815273096070676,0.5194082081928012,0.626565959737736,0.4842510974698521,0.7871904767069504,0.7344105715603995,0.6788043261865669,0.63392829601194,0.8342287157963622,0.23970949266304292,0.028329847035181575,0.1486933463157974,0.7374668630653767,0.4214049365905585,0.4152904871317007,0.6255983725587321,0.7093978705011497,0.0007038649964074049,0.3125709708992779
Vermis_4_5,0.22388140201510195,0.36718449427201794,-0.13801627109961587,-0.02984690725313575,0.3384065349146804,0.5328088860504854,0.2157660817605373,0.3461416943328758,0.20482641361081474,0.4477057914552079,0.0502312561373767,0.45966492076391113,0.1025430464765566,0.7775899114765003,0.30986731670071727,-0.20437791899415622,0.8625493182120979,0.3612607038954054,-0.19988880183577157,0.6007821660184233,0.1868344964458992,0.15886077369885995,-0.30793941450144924,0.05900866191346631,0.2992799506928353,0.7387552761533808,-0.10313964899863051,0.1169830848076469,0.7454055637370594,0.3381334626940604,1.0,-0.22309720674306574,-0.2023764852554492,0.47193597828318373,0.14362780799267155,0.32908508693533084,-0.5177271120088173,0.2014091677271519,0.5344835393153167,0.7657600583253992,-0.23542259421290984,0.21401825833795582,0.46677200899440063,0.25791325408430654,-0.017991050123415966,0.5499147871480592,0.054110970357732505,0.11348718804949104,0.37461724013970943,0.32619950144144433,-0.1668373270245752,0.6678011558904888,-0.5261734803538761,0.34845298969445976,-0.23874817554497824,0.10181281524144038,0.6040037658620399,-0.15491698229869544,0.17799479552607206,-0.2810764028382708
ACC_pre_R,0.3333911383806893,0.4304974541819243,0.6310536115042906,0.5893126228022485,0.29886686028891635,0.3331653823687941,-0.05629980317833251,-0.2183993006219858,0.34913927877583867,0.25442209354867357,0.2898750441708217,-0.34657532400301955,0.48323654760016277,-0.10247497735922226,0.22680025493807657,0.007096787283715201,-0.2310709758120647,0.502758863530749,0.6579500537835169,-0.011887966875387812,0.6207683395652843,0.47292068260231435,0.11759608574317124,0.6729929727359734,0.39724721912020816,0.27130855816949595,-0.08679215754894144,0.07074957402983809,-0.16316581451702653,0.45676003196343035,-0.22309720674306574,1.0,-0.04814130844649352,0.3525707265157448,0.660808969357333,0.5043764382148204,0.24443631817585557,0.3274400448890752,0.09055066932522869,-0.05540695815080394,0.09889998488445202,0.24364689754934687,0.20644789670634683,0.014902025575095863,-0.05089139005545188,0.35972873209048667,0.6531327068083018,0.6949315667191964,0.6179826979990372,0.4318520785388861,0.553997564420124,-0.36083612423325206,0.12136793686016395,0.5259375092584363,0.34457533698186416,0.2840618129756667,-0.05792265929922078,0.7327392040343118,0.07053398679094987,0.14154792036079258
Thal_PuA_L,0.1749345902214939,0.04051548015536327,-0.18221819810434076,0.0017899202393429636,0.23641293737164684,-0.14628617510018524,0.036908275229735416,0.46619731045857155,-0.09902407857630029,-0.2532045190526304,0.42508688585079824,-0.045199447641999485,0.06934838067365512,-0.2742778448998315,0.47780688784804703,0.06328319164202974,-0.0029250950032473984,0.06669209675751737,0.025542088331978522,-0.10961461319559031,0.11598922236517448,0.2898368191007594,0.3569942719754596,0.1533372626044471,0.33751671122294,-0.309609095291645,0.16290931737212075,-0.15158150570479084,-0.08747344704115599,0.1560947416390409,-0.2023764852554492,-0.04814130844649352,1.0,0.028411976951680743,-0.21507632855157677,0.13262053915537939,0.4244996825469489,0.4979267551281409,0.2086340457858068,-0.48533681975962323,0.5843155166191701,-0.004933571971071863,0.23790667245690195,0.28772711427014874,0.5397491436973041,-0.05873324144059915,0.24734723228980304,-0.12002197458332763,-0.20169243093050085,0.237295020594469,-0.2599086147998321,0.0006039794614507039,0.5049726792675088,-0.10096081403859088,0.37486986616041673,0.06126697202893876,0.2338885007481748,0.22329740402402673,-0.2605909407246503,0.5352442992348799
