,Thal_PuM_R,Thal_MGN_R,Occipital_Sup_L,Thal_PuI_L,Thal_Re_L,Vermis_1_2,Heschl_L,VTA_L,SupraMarginal_L,Frontal_Inf_Orb_2_R,Thal_MDm_R,Precentral_R,Cerebellum_Crus2_R,Rolandic_Oper_R,Cingulate_Post_L,Cerebellum_Crus1_L,Frontal_Sup_2_L,Caudate_R,ACC_sup_R,Parietal_Sup_R,Frontal_Inf_Oper_R,Cuneus_R,Precuneus_L,Temporal_Inf_R,Temporal_Mid_R,Parietal_Sup_L,Thal_LP_L,Cerebellum_Crus1_R,Vermis_8,Postcentral_L,Thal_AV_L,Vermis_6,Cerebellum_8_R,Temporal_Mid_L,SN_pc_L,OFClat_L,Olfactory_R,Heschl_R,Angular_R,Cerebellum_10_L,Paracentral_Lobule_R,Thal_PuM_L,Fusiform_R,Thal_PuA_L,ACC_sup_L,ACC_sub_R,Caudate_L,Amygdala_R,Precuneus_R,Insula_L,Frontal_Sup_Medial_L,Pallidum_L,Putamen_L,SupraMarginal_R,Thal_VL_L,Thal_MDm_L,Occipital_Inf_L,Amygdala_L,Cerebellum_3_L,Cerebellum_9_R,Supp_Motor_Area_R,ACC_sub_L,Cerebellum_4_5_L,ACC_pre_L,ParaHippocampal_L,Thal_LP_R,Vermis_7,Thal_PuL_R,Cerebellum_3_R,Occipital_Inf_R
Thal_PuM_R,1.0,0.34762226372155924,0.2470057962385949,0.3856613695165683,0.46524419160649655,0.5340688801165507,0.8256852750886748,0.2301810651126483,0.04941839874281074,0.22478603970750247,0.38363834740778224,0.5923640921765867,-0.17115687251401035,0.6869920861594747,0.4959024813410094,0.09680950942585195,0.39264056325577407,0.6613376460424223,0.39837023076143563,-0.2382504677487576,0.6529027930404772,0.26375978187259325,0.21003556437123683,0.6208770419104456,0.6115759756254072,0.2729574408711841,0.6738559598867465,0.12980225098758263,-0.07501069251233243,0.3940027668426294,0.3691940098098514,-0.14067748150122944,0.07057565683552927,0.13263316955078,0.5365782305373344,-0.05373759661127361,0.33998061355899123,0.454859225929884,-0.3251915208214519,-0.199048526981641,0.45172994913703335,0.8124652690483459,0.5528215384529716,0.028411976951680743,0.4666598165213374,0.1286560991523514,0.6358464840581115,0.557795973417622,0.21762287373312386,0.3393059217238767,0.28046737985476305,0.5718136024631987,0.46420601870764033,0.5329061477837442,0.7829121894500713,0.6382179729495149,-0.10109220919978272,0.32363632456494273,0.48314643478961533,-0.2495920302228257,0.630645764363387,0.05457722386084818,0.42818931232913987,0.12932500768666746,0.48231974575911907,0.40475528047615195,0.0,0.7737057768913804,0.37842554917233673,0.08025582791032404
Thal_MGN_R,0.34762226372155924,1.0,0.3803782265648676,0.17041285828818778,0.36232842188105396,0.17136194475829977,0.3653755565935315,-0.030306590821462885,0.35771549353786763,0.17777355682308188,0.41030138546683403,0.23196759580019685,-0.035011291267155596,0.16365221205304928,0.6986666908698372,0.2611281404774354,-0.13946914473654243,0.1856963757253707,0.07468961614870748,-0.23281928055427525,0.10856390983080821,0.29626994657691447,0.42550341237307854,0.29257038908117006,0.45629241743855736,0.4129810633088616,0.4360860387032931,0.3731621586889368,-0.13038077993712052,0.24246849062283726,0.2334169913707683,-0.11402976619555533,0.4395700201744168,0.2668404258524301,0.16357159024131854,-0.08275484200441431,-0.08106683661495041,0.14599438427975212,-0.29065900151964696,-0.08634080112614882,0.3535273726573819,0.29818312214522674,0.5862778538429444,0.22473462247527462,0.11802090827938486,-0.22719363058787648,0.09576698194167953,0.08236257354927656,0.5900958822817004,-0.23592310729939853,-0.17229472073673083,0.27246795395215767,0.04719246775228738,0.5635373856221633,0.5432086498931532,0.48449939873009973,-0.05546670761512118,0.18583603834502818,0.3388644183711123,0.09344628604556961,0.22230084850478693,-0.18822000448473858,0.5115855043981842,-0.23067706353132966,0.2634762276510807,0.563918963349473,0.0,0.27304958346244973,0.5048953309330088,0.09658635023795095
Occipital_Sup_L,0.2470057962385949,0.3803782265648676,1.0,-0.05146525725504232,0.25083410115345267,0.1468874320735676,0.22207554155632242,-0.27374084150962086,-0.04918269149193686,0.14418055633492827,-0.04291306679854662,0.19926141743683834,-0.15480786825473647,0.07567169389264435,0.17380346840949096,-0.1450780309480133,-0.04159036200393134,0.16849345178649125,-0.045950659792851116,-0.5884885010962085,0.24470556177330635,0.49205676980068,-0.21111520801058245,0.15237311315446211,0.4251830942124294,0.3975645951698826,0.3804611231730882,0.25008173454177546,-0.26971603846362624,-0.2170469814438758,-0.1374734642672544,-0.2035854492896052,0.4250834720762171,0.5139416996836849,0.24301449752241144,-0.10127701353468938,-0.05873833427741174,-0.2021570750867837,-0.5967324249294387,-0.33670178398972467,-0.13910473810120927,0.0770082687881714,0.44410577062930984,-0.1779088860854013,0.07230609836118887,-0.006363139915553357,0.07416259546654311,-0.030051169634963192,-0.10856172017017869,-0.12297887889046241,-0.07598398157084535,-0.003420151846710682,0.007454622311345309,0.09043894230029952,0.2876215422070367,0.06212782617604467,-0.12294851450484286,0.0950958445818316,0.4210771380482175,-0.1647396166304906,0.1807663014453254,0.05579254614633768,0.4664702047602875,-0.09403712997826379,0.1419535550714537,0.1580110729058034,0.0,0.2669822241999306,0.4278598099652746,0.06408297470245798
Thal_PuI_L,0.3856613695165683,0.17041285828818778,-0.05146525725504232,1.0,0.2474625756876923,0.026088788923888186,0.38091230355175754,0.38755370895104163,0.15970480562821765,0.033067650215921986,0.4964133149194737,0.5020183602619381,0.034432998434008245,0.5747847076230371,0.30312207315999146,0.12945555306420062,0.45603022214979494,0.5004015107213982,0.5515823631699407,0.2194903520414827,0.4582879524904457,0.15343962118953391,0.1365574739138443,0.06618160038310485,0.10801333624843201,-0.041737435778267294,0.2129618297876415,-0.049757800551512875,-0.19207815910592638,0.35404844272527475,0.45935690724106765,0.10278979352132296,0.04646747202743536,0.1965177201643961,0.3641135448294508,-0.07244300107146165,0.4200788906757121,0.17708570503082352,0.07356092356428241,0.06928315678320612,0.2146070885224021,0.5181849286806274,0.07443192551489056,0.29511898248075963,0.5804952691283998,0.03563774097554177,0.5567141658646505,0.5219241501450925,0.15962054720108032,0.5113942637832394,0.4420164718730939,0.5120499764086031,0.5537422622077196,0.3306631447420486,0.37917852600101243,0.5255884563955797,0.10041404646749294,0.5257390545855896,0.07734168698692852,0.23632149471307917,0.4922047041709601,0.18446935583476334,-0.01720666500924394,0.4000226456447031,0.3885974439657197,0.34682839434474644,0.0,0.22974142184377108,0.15928963276281413,-0.05865779110044931
Thal_Re_L,0.46524419160649655,0.36232842188105396,0.25083410115345267,0.2474625756876923,1.0,0.3720971533634735,0.5005971473990615,0.07496264663551626,0.09734726192945777,0.1172949182358383,0.306448271222693,0.35989300782908107,-0.19305057823906918,0.4793440704127433,0.37813310033078673,0.05627933072506224,0.14232472949022884,0.5456074521757708,0.3054484293275463,-0.3235298227875323,0.532461162856782,0.4697852805571641,0.10969926622983474,0.39307183372411725,0.5790246583544563,0.4025495816205135,0.4573826792829586,0.038418203721608445,-0.12989449328003258,0.22883060571079084,0.30075122524194514,-0.18892606141802465,0.20213186541562614,0.33357167299994406,0.5996629296139756,-0.12366893938592947,0.28762823538891136,0.080259286236724,-0.3634730372778225,-0.39138669700546797,0.21835122495628287,0.3989493717395002,0.5953756435079527,-0.2321240472694428,0.4525327573119681,0.07207767393787667,0.47678577559935076,0.4638777004892748,0.12360934021730675,0.21198622402834796,0.14012153319760315,0.5227008527170574,0.47717726046367304,0.4779627753326907,0.5380170523438,0.42803300750969253,0.023006940979703964,0.4138581680896983,0.5745517792678979,-0.15393208156245605,0.34609342333763793,0.08627099048608293,0.5210621194800686,0.07765738884913202,0.6439329878015703,0.3272165452909434,0.0,0.35034850078320207,0.5433390981644644,0.06124907028852758
Vermis_1_2,0.5340688801165507,0.17136194475829977,0.1468874320735676,0.026088788923888186,0.3720971533634735,1.0,0.44698764043466394,-0.10254386542834869,-0.03213954026143768,0.16766165499245167,0.0023017438614861777,0.2308638854543728,-0.15988463415469178,0.2736008708816772,0.20284758781191423,0.14046188362526266,0.05360165625827545,0.29141150807131794,0.09876370587251589,-0.39717264062750124,0.4157950554572931,0.3493780088837206,0.10670104380295979,0.6011067836139306,0.6285671931367705,0.31162172668352084,0.39914966737801105,0.2742137460667097,-0.006530754461619163,0.10201592320766838,0.03350292255769408,-0.14951210693817818,0.1691855231332809,0.04350438156459122,0.39812600089137357,-0.20770660620348666,0.1219941496109399,0.1704858620402428,-0.3722182766427693,-0.4801332822706645,0.1291291708013907,0.41489397930646577,0.6548341501555974,-0.3999825881947247,0.15060106996147582,0.008118389671736552,0.2850342042408798,0.33450466646842436,0.03428468901223203,0.0006340474301452276,0.015521857003108402,0.185799410716305,0.14388387805615713,0.37895786067651205,0.37454627724498196,0.1001406484283345,-0.007789164118834109,0.14285122079935889,0.5634944575296639,-0.4745091029755184,0.2746229937552206,-0.09985638161749985,0.6065536050704989,-0.059491385713402116,0.33443029689264053,-0.03540238325486262,0.0,0.4284070287580552,0.40082284049335204,0.22610523137178729
Heschl_L,0.8256852750886748,0.3653755565935315,0.22207554155632242,0.38091230355175754,0.5005971473990615,0.44698764043466394,1.0,0.3394991644369883,0.22373798613101864,0.29481759603402935,0.5341481485362397,0.6685966362592215,-0.08556648951295653,0.7262946552632119,0.6021447947546819,0.019857663914733845,0.48644436681629566,0.6816563201797404,0.525158750273027,-0.1698390267345282,0.6401276279846839,0.17499048430149133,0.33192410647562387,0.5893562627170541,0.57980412113423,0.2659978837955491,0.6178077754558212,0.1049801714107699,-0.010389807056235613,0.5706539973868618,0.47906171685383614,-0.1128524021789412,0.18430925940824497,0.1527559033862822,0.594034111265563,-0.023041026297797945,0.3402226592531018,0.5032014552857326,-0.2792581723460614,-0.07380125054463653,0.5744823266445834,0.7412120225674576,0.518879751235166,0.0057622156142553985,0.5761484692952755,0.07935597619624166,0.704066674599842,0.5997214840571222,0.3226089495906941,0.43260094434058793,0.4121566876786633,0.6977958324476722,0.5490081122163956,0.5932219460525662,0.7948194956694804,0.6680031303904044,-0.05754081228888223,0.45564576785208083,0.4400667055077286,-0.07103216358046956,0.705716401691798,0.045144415803669694,0.3975404045343376,0.2797562034925055,0.5911956874756294,0.4177917222539582,0.0,0.5903571790578691,0.33787820409980296,0.023890501183831823
VTA_L,0.2301810651126483,-0.030306590821462885,-0.27374084150962086,0.38755370895104163,0.07496264663551626,-0.10254386542834869,0.3394991644369883,1.0,0.11437807604061584,0.12939983720441273,0.5499200170232845,0.4890367799103094,0.00585870837608994,0.5392839038576749,0.24600724850988215,-0.08436238346913637,0.6223584857698174,0.4705262707112562,0.6194561694185351,0.41618712843697003,0.3098128047797169,-0.17005688114764875,0.19754104349552687,0.0884034747610857,-0.030298628421482527,-0.22480437828735825,-0.04063037793361439,-0.24165640239450376,0.11170535692849748,0.49480308801445166,0.4724300230094264,0.09746949498929924,-0.10687613631228338,-0.0626208851150758,0.40456895167304974,0.09757631804007179,0.42980547292347887,0.2976738206481078,0.22219102416059536,0.3839241597215467,0.34924284898233676,0.26429005529576616,-0.13921029317135858,0.23685193097548768,0.5594765295758087,0.2445740964978194,0.523476182918029,0.5537882018600847,0.16455113117608258,0.6180838359674907,0.5876881935697953,0.5996904058797748,0.5409335460283757,0.2180676653301252,0.17713515759066809,0.3904542840623894,0.08185472654983401,0.5441511768738869,-0.10535459284612451,0.2717033810244679,0.47767869341340846,0.22849571757263415,-0.16633246950271588,0.463126409964953,0.4492227574832751,0.1784269773693789,0.0,0.04853368406517597,-0.1399751900080645,-0.10322025555915615
SupraMarginal_L,0.04941839874281074,0.35771549353786763,-0.04918269149193686,0.15970480562821765,0.09734726192945777,-0.03213954026143768,0.22373798613101864,0.11437807604061584,1.0,-0.07429640023441435,0.5353350508489936,0.14809279417455964,0.2781158577240006,0.10607419578609686,0.4369511891613786,0.26729041580866636,-0.0022970335014779117,-0.07330177305686332,0.2716876600966903,0.39458344841283227,-0.1768956418849132,-0.34306653730019215,0.7527780384616382,-0.013015198174736167,-0.18509754686072102,0.2410884680573592,-0.030835510585764312,0.23249785196867678,0.3356956231954736,0.6853512078108264,0.3933637480572434,0.2172261617671918,0.2181400257635619,0.04491591142986217,-0.17500999320877858,0.11028820760114132,-0.23903657279149734,0.4920637925957043,0.29144595183359595,0.24875661434053786,0.479953880771162,0.3265707900023922,0.08941637688047682,0.451798775073651,0.24132122354497776,-0.37492104208517923,0.0605167362613994,0.06508038032547296,0.7160352523647886,0.08538187315650204,0.12309392059991213,0.3631277320788838,-0.03200828030044269,0.5419778643815518,0.3225840833001607,0.46510598437914874,0.029536693462584314,0.15090572002664748,-0.017884736293978645,0.48362429364266657,0.2590416159285265,-0.4603141517332966,0.14438171089646967,-0.10917565410619007,0.15406543407187195,0.36738425869027563,0.0,-0.11743926648969374,0.023824852542006787,-0.11734508099086459
Frontal_Inf_Orb_2_R,0.22478603970750247,0.17777355682308188,0.14418055633492827,0.033067650215921986,0.1172949182358383,0.16766165499245167,0.29481759603402935,0.12939983720441273,-0.07429640023441435,1.0,0.13022419254042325,0.3228305683036433,-0.3935439200762552,0.11331536856737881,0.1966636763060798,-0.11882557871156756,0.4357932468044959,0.22262458035159136,0.21644158284310613,-0.26618598751851025,0.46794976467880695,0.10207948434184573,-0.04847435141011767,0.058812417357420974,0.43703171347715036,0.17932192006472963,0.39650661525846165,-0.03183023255677997,-0.02430113645287452,0.043481182078234544,-0.1265881890705221,-0.1737538270103831,0.14241157862420492,0.2128572769446294,0.3256144347720669,0.28329609446817217,0.05261774677065687,-0.17328806494442367,-0.16569538125732475,-0.10032720943295047,0.031796313355424495,0.16033804346096206,0.3569647922908616,-0.09902407857630029,0.13246389716139217,0.3158497317275528,0.23386409598979102,0.12566609756532446,0.0031186073482230574,0.14031955980666058,0.4337237731835281,0.1281016309484995,0.1647907686021231,0.1036700740270636,0.24515721273709745,0.11414603385086915,-0.021548047254985585,0.300412126774369,0.18226596502613457,-0.11883385042789253,0.29096538720812326,0.49907175360529976,0.22869046458646172,0.38074164428770824,0.29799564359866054,0.012994364400994171,0.0,0.244568595651452,0.3488840404534843,-0.004457223335460623
Thal_MDm_R,0.38363834740778224,0.41030138546683403,-0.04291306679854662,0.4964133149194737,0.306448271222693,0.0023017438614861777,0.5341481485362397,0.5499200170232845,0.5353350508489936,0.13022419254042325,1.0,0.6467308888519511,0.1179923585199383,0.6476120751953057,0.5927382116745601,0.13654795056435384,0.5081565903237574,0.5476001420171751,0.717240999325547,0.3195256003486072,0.3729500791494943,-0.0932632298516302,0.49543852278412054,0.18318499149740522,0.09398087069636941,0.09656055227764687,0.1602563167674436,0.09101191052081455,0.11065275789643438,0.7112917827230747,0.8047009760910703,0.09553005598381342,0.2192546085316557,0.15240917324605818,0.3337424532395296,0.04610008291488103,0.29406418234971055,0.47456541244273337,0.17916675510883615,0.35176553834838376,0.5268897628729649,0.4780779424195729,0.15545745891430068,0.4979267551281409,0.710573696457143,-0.009870149232235994,0.6149237530156294,0.5361175650650537,0.5298118152957835,0.5069998887161107,0.49886316511351847,0.7841818793436633,0.5049947732819283,0.6106574759419019,0.5316311994183953,0.8464410767033569,0.028047853997888124,0.6066119869220398,0.031639725080638594,0.41797124835347627,0.6171990920766972,-0.009682019800114105,0.0903071731933558,0.2922028100536444,0.4873607106506599,0.614109852217326,0.0,0.08191930869459917,0.07785342933179124,-0.07483349059325717
Precentral_R,0.5923640921765867,0.23196759580019685,0.19926141743683834,0.5020183602619381,0.35989300782908107,0.2308638854543728,0.6685966362592215,0.4890367799103094,0.14809279417455964,0.3228305683036433,0.6467308888519511,1.0,-0.15180111131267132,0.7862343340589806,0.43006672364347487,-0.04532793376059727,0.7446081764321022,0.7780954587121363,0.7264624347951791,-0.025761238005852987,0.7705547601800489,0.29046243655927706,0.0812172680406905,0.2910286651081184,0.4194329269787938,0.2450079597968285,0.4399161772104525,0.016653026862741994,-0.057549913743011175,0.5354204517328589,0.5237460311362047,-0.07857394777640075,0.2671931759325534,0.39478166980516366,0.6514011379576119,-0.034993623748207865,0.44281692524681865,0.13714507778139254,-0.13119257612420046,-0.017749891694075287,0.37290442747847447,0.496899235980047,0.3394300983135408,0.12883922037750375,0.7794935718836189,0.27965467327682775,0.7646886316851206,0.6719806035493124,0.09914868131706447,0.5721576522996029,0.6818636597631537,0.7053944322337324,0.6481320147681883,0.5169876210033622,0.5654174271865144,0.5821073438815892,0.05806553418123817,0.7060808562841573,0.2862110627084093,0.10114196230082276,0.9107091501471902,0.3416296103742138,0.23729647853994532,0.47345953871001795,0.5937593930321051,0.4597651718880212,0.0,0.3797448361609071,0.2812586324450078,0.06541731359575485
Cerebellum_Crus2_R,-0.17115687251401035,-0.035011291267155596,-0.15480786825473647,0.034432998434008245,-0.19305057823906918,-0.15988463415469178,-0.08556648951295653,0.00585870837608994,0.2781158577240006,-0.3935439200762552,0.1179923585199383,-0.15180111131267132,1.0,-0.08527882583869349,0.01920700976069997,0.0725394743518496,-0.12816609645304314,-0.19216607562989652,-0.013670650469195645,0.3327370551617837,-0.3165876717356977,-0.3424774375495206,0.31149360879670906,0.08582557460791085,-0.3133876467874385,-0.18005194267706218,-0.30568854862391326,0.5794112445840823,0.045051224679094865,0.20250363551445544,0.22480749598896707,0.4308698168053609,0.41000801398534237,-0.30007265942517564,-0.32011087361473933,-0.3968767648298594,-0.20347425255195387,0.3068142045121069,0.1460423067295521,0.39971447979928765,0.18531643272838602,-0.051520992021117464,-0.14069123144250328,0.30179249089472115,-0.026816841267187506,-0.24143363136026774,-0.10568833623095282,-0.072280256557825,0.2670162759377236,-0.10453058086957581,-0.17045529302944534,-0.0608794071817097,-0.21626607239559217,0.14162153937857844,-0.02206760476548064,0.11973014795608279,-0.12068446884843466,-0.16486479909868304,-0.2743245052676818,0.5656060356430859,-0.06403180809965907,-0.43532585274731966,-0.2211924623301649,-0.08010457463453081,-0.21116275336575982,0.08536736816211793,0.0,-0.24834337390725178,-0.32419993760619853,-0.06068176135284274
Rolandic_Oper_R,0.6869920861594747,0.16365221205304928,0.07567169389264435,0.5747847076230371,0.4793440704127433,0.2736008708816772,0.7262946552632119,0.5392839038576749,0.10607419578609686,0.11331536856737881,0.6476120751953057,0.7862343340589806,-0.08527882583869349,1.0,0.3225707369055043,-0.037664822353272676,0.7076016819124683,0.8022780266816296,0.7611704390339785,0.05937830870830778,0.7843638581960688,0.21477874006711697,0.10571218685457578,0.4636793853556462,0.36686180210951874,0.13994300538107038,0.31234724902220046,-0.08257060444228426,-0.013350150895564126,0.47820975818605677,0.5855249186974297,-0.02141211285405052,0.12605602461191542,0.19609748662234067,0.7136410146818509,-0.03818506463115226,0.6324520295130043,0.4384485271965994,-0.07260121221397534,0.06350374539311769,0.29152927858043487,0.6613035097873943,0.26705760100907944,0.11598922236517448,0.7974618560246926,0.27532231469827956,0.8274010883875432,0.8541712130485074,0.05045897040164996,0.7562896029850966,0.64087351318638,0.8418966026110934,0.793918965965481,0.4560481225484971,0.5540251827767438,0.6523468711915716,0.01716712271108965,0.7004763985361405,0.27933916053692975,0.130525062095606,0.7310430561814708,0.21329526416745354,0.17314490229424823,0.5275976417761896,0.6285341616852593,0.31299299320318397,0.0,0.4586836394482276,0.15088299870968003,0.050618861812594826
Cingulate_Post_L,0.4959024813410094,0.6986666908698372,0.17380346840949096,0.30312207315999146,0.37813310033078673,0.20284758781191423,0.6021447947546819,0.24600724850988215,0.4369511891613786,0.1966636763060798,0.5927382116745601,0.43006672364347487,0.01920700976069997,0.3225707369055043,1.0,0.2132218762219448,0.15811269101345377,0.488244903940342,0.3551379497227536,0.013880375022227493,0.21656648547841822,0.1091792218220882,0.6878931271569966,0.39178651377566426,0.4330223125124685,0.27830538220692697,0.5461593168514344,0.27146038038860076,-0.08338021805939026,0.6079086091649951,0.44962354379328917,-0.007202475215532812,0.24394899232533962,0.15010722888399938,0.2983504830634606,-0.10148048163158391,0.19665260408061833,0.3069412549197095,-0.1323830433547385,0.026750151176391256,0.7310711707624579,0.4969662089147698,0.5097955648497597,0.2338885007481748,0.4034127896373535,-0.11943569106286187,0.42562471334517915,0.2969092630597981,0.7866458331156673,0.013270910706957304,0.08942052450750129,0.5083818206860674,0.27458106959565354,0.762683570081393,0.6678938302358537,0.6319945803991507,-0.05486791257063298,0.3074056560728913,0.3059926324974917,0.07719843279448627,0.5495308824699421,-0.15500738473811596,0.4127691243568993,-0.12446763882493236,0.47914585096584816,0.7052330072010562,0.0,0.25112189365308557,0.4085975568995343,0.03206702645803787
Cerebellum_Crus1_L,0.09680950942585195,0.2611281404774354,-0.1450780309480133,0.12945555306420062,0.05627933072506224,0.14046188362526266,0.019857663914733845,-0.08436238346913637,0.26729041580866636,-0.11882557871156756,0.13654795056435384,-0.04532793376059727,0.0725394743518496,-0.037664822353272676,0.2132218762219448,1.0,-0.17130304288601136,-0.08709495469833363,-0.0788823570900391,0.1765797136603703,-0.153206303953267,0.017128314291792658,0.28849933770954117,0.11644075097008551,-0.014505793812050994,0.17497464405470614,0.03212014408532805,0.19602843436245632,0.10244523810481337,0.16045525470916708,0.22332210617431722,0.03639974968566853,-0.0912258552634144,-0.058371395427951785,-0.08967900740356549,-0.09110248714318064,-0.24221517997933445,0.1379823287188784,0.15770863019082748,-0.16539771137431025,0.1699667731475811,0.17451487946037508,0.1587237964921632,0.05946999319211149,-0.05863215931107474,-0.3121515698213899,-0.07394638283162068,-0.02188911339532171,0.28981914042793655,-0.13170039808136033,-0.17484194002212183,0.049701131093805646,-0.08168021719205544,0.2846858135443682,0.15072990499000677,0.1856909535870519,0.1715581053221776,-0.08205759417998508,0.08224572653279026,-0.0034412077924564186,-0.01739834628619943,-0.33621699107198916,0.18658194199622719,-0.19644139382309503,-0.011342406091973527,0.21479218239184208,0.0,0.04103485871483852,0.10492769959644735,0.1288356186206388
Frontal_Sup_2_L,0.39264056325577407,-0.13946914473654243,-0.04159036200393134,0.45603022214979494,0.14232472949022884,0.05360165625827545,0.48644436681629566,0.6223584857698174,-0.0022970335014779117,0.4357932468044959,0.5081565903237574,0.7446081764321022,-0.12816609645304314,0.7076016819124683,0.15811269101345377,-0.17130304288601136,1.0,0.6675977678299737,0.7174479825549033,0.21135944983976765,0.6990250482504676,-0.027202741327389982,-0.0527942531578649,0.10223772923192818,0.10488475815476202,-0.06691043310719558,0.20376467095720516,-0.18746556744128257,0.031577461260545586,0.4145579531566446,0.4057943756402742,0.025174383977553207,-0.0025108435424231624,0.1664533234977491,0.5647937367479576,0.08667046973905616,0.5079228257084744,0.18882045905709385,0.13821718773274663,0.17867258713953968,0.18241434260480555,0.42850628628856935,-0.0489349990004319,0.095148408301478,0.7553768941219144,0.4956076050450097,0.7416446159925039,0.6491422589574523,-0.08703616045322726,0.8173030444749326,0.9184706311129529,0.5963732122031333,0.6999951050481555,0.18668251773633526,0.30797010553138154,0.4359282258541885,0.003024327656905739,0.6543961226367762,-0.014372850831235028,0.19726692172054133,0.7462914760412147,0.5080423176685975,-0.11675559911260353,0.748348522864635,0.5016880163622884,0.15864891885444066,0.0,0.2539923932633161,-0.023274034632283905,-0.046007981999475166
Caudate_R,0.6613376460424223,0.1856963757253707,0.16849345178649125,0.5004015107213982,0.5456074521757708,0.29141150807131794,0.6816563201797404,0.4705262707112562,-0.07330177305686332,0.22262458035159136,0.5476001420171751,0.7780954587121363,-0.19216607562989652,0.8022780266816296,0.488244903940342,-0.08709495469833363,0.6675977678299737,1.0,0.6856729903719966,-0.12462207890652933,0.81382483820071,0.39395998385679304,0.04482417355170363,0.4493522994629944,0.5490657288871409,0.1395370295315204,0.5297600082138122,-0.09093033789264786,-0.23610966485497756,0.4114954829049171,0.46931940469044214,-0.13602771230493185,0.11285604265783131,0.2892585951004144,0.7731678530358967,-0.10635448736042442,0.7124559899468578,0.15397814072859792,-0.24729251053483473,-0.11192907773795474,0.40002113514520277,0.5375513817046327,0.38637331088357096,-0.10096081403859088,0.7978624692486326,0.3856135333585147,0.940795927198816,0.7755928840469758,0.08033427470720017,0.5875391194200201,0.5515894689761122,0.7085171432750486,0.7942785486041112,0.47834647677827724,0.5871791503212646,0.586100078869256,-0.015548653894295173,0.6403955753100629,0.4247823050922101,-0.07876145907822511,0.7486059750351693,0.3955195541244114,0.25702775297369934,0.4121295017732598,0.7093428120553449,0.3997160059296143,0.0,0.4332392526733545,0.34305286959039455,0.11350193719184024
ACC_sup_R,0.39837023076143563,0.07468961614870748,-0.045950659792851116,0.5515823631699407,0.3054484293275463,0.09876370587251589,0.525158750273027,0.6194561694185351,0.2716876600966903,0.21644158284310613,0.717240999325547,0.7264624347951791,-0.013670650469195645,0.7611704390339785,0.3551379497227536,-0.0788823570900391,0.7174479825549033,0.6856729903719966,1.0,0.2725470740573634,0.59403165718898,0.022714995177728643,0.2488122520995405,0.23725846580805546,0.1949814648429391,0.028352284902660823,0.05013651955440987,-0.14699772069051145,0.08892594682378585,0.57314409665734,0.5690010905878317,0.0730706103116297,0.15792644286592222,0.1423927995630749,0.5684980551235186,0.07873418738291026,0.6117981145569483,0.3037373150985732,0.10885725993881343,0.26660651751419423,0.31228930122903076,0.4840034404158326,0.12123457505311526,0.2430637854167351,0.8320198454998258,0.20133660821074884,0.7832817930226749,0.7507989742952282,0.2098169764913809,0.7305469048148827,0.7847039973125479,0.7891626444566276,0.6597362357539392,0.41862534032077164,0.3110930871305164,0.5813514165659573,0.03401950840120249,0.7567279499525407,0.11889156416088674,0.28331923771942186,0.6790583418198188,0.24541137859995865,0.0037037164614107648,0.5370506649374291,0.5579927111984083,0.23879406861685487,0.0,0.16292282709146166,0.056930314304085225,-0.014881491787298744
Parietal_Sup_R,-0.2382504677487576,-0.23281928055427525,-0.5884885010962085,0.2194903520414827,-0.3235298227875323,-0.39717264062750124,-0.1698390267345282,0.41618712843697003,0.39458344841283227,-0.26618598751851025,0.3195256003486072,-0.025761238005852987,0.3327370551617837,0.05937830870830778,0.013880375022227493,0.1765797136603703,0.21135944983976765,-0.12462207890652933,0.2725470740573634,1.0,-0.2835123179523641,-0.6100633028089719,0.4611715312033492,-0.23740825110249994,-0.6453827863741324,-0.4008206423745821,-0.46735598737586254,-0.1805825043232141,0.2879187316428272,0.49295149152151213,0.3643410336506185,0.36079112697556687,-0.3217136368158577,-0.3909498035667058,-0.2637101474614232,0.05839737571237708,0.08041491137247875,0.33702600422686885,0.8207003200166874,0.5714369866265966,0.27321080878502496,0.02094629630683252,-0.5821213452111275,0.5049726792675088,0.18250051833394595,-0.11841368706939127,0.0016383292469890516,0.10680146917207621,0.3586816084370085,0.31954508195087483,0.24836061632484616,0.21450120491276214,0.09036552222116584,0.11525253204820111,-0.21101852132434262,0.14855803379612686,0.07121867415606288,0.07131771814192103,-0.5796350544399317,0.5286989511425647,0.05870788121192645,-0.19464585718163274,-0.56352225078017,0.20915343372204534,-0.08496296249794287,0.07587351612787419,0.0,-0.3324608991012455,-0.5363172920723119,-0.1530735279289105
Frontal_Inf_Oper_R,0.6529027930404772,0.10856390983080821,0.24470556177330635,0.4582879524904457,0.532461162856782,0.4157950554572931,0.6401276279846839,0.3098128047797169,-0.1768956418849132,0.46794976467880695,0.3729500791494943,0.7705547601800489,-0.3165876717356977,0.7843638581960688,0.21656648547841822,-0.153206303953267,0.6990250482504676,0.81382483820071,0.59403165718898,-0.2835123179523641,1.0,0.46907375373276383,-0.16970895683934892,0.4233235072255037,0.6484478797690696,0.2472366922397872,0.5354980231482278,-0.05222286822291401,-0.21244312575536295,0.1976589332518377,0.24426694094986878,-0.18894250166911264,0.18704175166179532,0.37638880124327007,0.811085983857975,-0.01743190059429105,0.5709495177287401,0.003051549798663792,-0.34968982838901436,-0.2704572831026017,0.0659908137265148,0.5222470732176138,0.5000277606909354,-0.20169243093050085,0.6805040042391909,0.4370688082089961,0.7853444981720126,0.7282419409074536,-0.18711280302394434,0.5857787231924959,0.6101120186904899,0.591185703987135,0.7204861589097802,0.3598827372674376,0.5186537540900621,0.425666198462103,-0.020297709699061448,0.6523706536946269,0.49820355251439313,-0.1639042549314352,0.6875411423236715,0.5082270469880623,0.3729836081198471,0.5550184771766047,0.6438475138118004,0.18802098086874958,0.0,0.5300906145960714,0.44164604451194533,0.14190485529175142
Cuneus_R,0.26375978187259325,0.29626994657691447,0.49205676980068,0.15343962118953391,0.4697852805571641,0.3493780088837206,0.17499048430149133,-0.17005688114764875,-0.34306653730019215,0.10207948434184573,-0.0932632298516302,0.29046243655927706,-0.3424774375495206,0.21477874006711697,0.1091792218220882,0.017128314291792658,-0.027202741327389982,0.39395998385679304,0.022714995177728643,-0.6100633028089719,0.46907375373276383,1.0,-0.3952653020691827,0.17282804983330746,0.5956582314377395,0.3363795375496847,0.4427074173441499,0.05612149508835005,-0.3694774979296976,-0.30920547450668245,-0.09664297589212875,-0.3123016738422886,0.2957065522966482,0.532981316406266,0.5447373006589631,-0.35432467735472356,0.1966042884218062,-0.4658340620391817,-0.5552556828856957,-0.6416896225692371,-0.20434102746778948,0.01903434397804248,0.5444263098906599,-0.38925701446652017,0.16645379271104915,0.17457257674149085,0.23134070894992734,0.21910730255488772,-0.2695224702462331,-0.0621401393480866,-0.0813789358985226,0.028469096639505986,0.2535736393695287,0.09313638040758361,0.21886580566261513,-0.019865447007814733,0.0918764879444436,0.2784037274777934,0.5579498032507647,-0.40031419699264653,0.15994141604273485,0.25463920576500104,0.5072713457408008,-0.015002344212567631,0.3564506693796637,0.14493069237536424,0.0,0.2597304190425538,0.6386391485558376,0.24710812005813715
Precuneus_L,0.21003556437123683,0.42550341237307854,-0.21111520801058245,0.1365574739138443,0.10969926622983474,0.10670104380295979,0.33192410647562387,0.19754104349552687,0.7527780384616382,-0.04847435141011767,0.49543852278412054,0.0812172680406905,0.31149360879670906,0.10571218685457578,0.6878931271569966,0.28849933770954117,-0.0527942531578649,0.04482417355170363,0.2488122520995405,0.4611715312033492,-0.16970895683934892,-0.3952653020691827,1.0,0.30040268503688283,0.007678563312787235,0.12478806757342249,0.09695003486794601,0.27220933509740725,0.22198777677784348,0.7638781012906054,0.4122598757673935,0.2741062092023589,0.07699692227003423,-0.2609363145208447,-0.14946538642686116,0.009936531771762932,-0.012939775249557526,0.575658768768684,0.2832660334411898,0.33466595589226444,0.7360311536445396,0.40660639285821987,0.1988039195502726,0.40896926186852584,0.18212623892142585,-0.376433467564944,0.12649129681445667,0.14012306117495493,0.9206398833897325,-0.046188676340387924,-0.03708765729800259,0.40935522737027974,0.0013306422340724942,0.7176048864527805,0.3879596412632259,0.47102263819083046,-0.11177612318816384,0.0229625871782132,0.006612494787927591,0.31257361896869273,0.2592503547773134,-0.5088746641876238,0.16158372031375678,-0.20981907885958528,0.17494396103354595,0.408280568127289,0.0,0.0001570964572540337,0.008590161014368098,-0.08060745217571626
Temporal_Inf_R,0.6208770419104456,0.29257038908117006,0.15237311315446211,0.06618160038310485,0.39307183372411725,0.6011067836139306,0.5893562627170541,0.0884034747610857,-0.013015198174736167,0.058812417357420974,0.18318499149740522,0.2910286651081184,0.08582557460791085,0.4636793853556462,0.39178651377566426,0.11644075097008551,0.10223772923192818,0.4493522994629944,0.23725846580805546,-0.23740825110249994,0.4233235072255037,0.17282804983330746,0.30040268503688283,1.0,0.7013789864657675,0.2715071820833646,0.38132414319525487,0.25784245088813007,-0.08800358387887215,0.27655672580056984,0.21048371749680786,-0.03308186134386217,0.16683572516193282,-0.21507685280394756,0.426320550898213,-0.2042561063870844,0.3499369386851758,0.42225533134885185,-0.39756282199388887,-0.15489524047967906,0.3673533151792769,0.47656100214794495,0.6196087234448296,-0.2532045190526304,0.23589931402025946,-0.050990851330939134,0.4233483743294062,0.49924178671556607,0.21882822402540128,0.04975727386016428,-0.0046994326718198575,0.36432182506828603,0.24908452290699523,0.525983435282128,0.4595173341203092,0.2828754665791039,-0.15020101029509167,0.09454813287803132,0.5252117298649929,-0.27342743432414124,0.33054139346526684,-0.19707091790537354,0.4834544596236124,-0.023418511237945364,0.28502782510054314,0.0776951094460853,0.0,0.4582722702809166,0.15053145514461225,0.24933740308954486
Temporal_Mid_R,0.6115759756254072,0.45629241743855736,0.4251830942124294,0.10801333624843201,0.5790246583544563,0.6285671931367705,0.57980412113423,-0.030298628421482527,-0.18509754686072102,0.43703171347715036,0.09398087069636941,0.4194329269787938,-0.3133876467874385,0.36686180210951874,0.4330223125124685,-0.014505793812050994,0.10488475815476202,0.5490657288871409,0.1949814648429391,-0.6453827863741324,0.6484478797690696,0.5956582314377395,0.007678563312787235,0.7013789864657675,1.0,0.41506581220018735,0.6461978071930874,0.1733760167443992,-0.2965143383925701,0.047428052044096,-0.015675041832426777,-0.30384793989913694,0.3087365178804666,0.2593793705098217,0.6295221382486141,-0.11855369534901133,0.2727479018885528,-0.08092940954268903,-0.68686896510431,-0.5237097889840051,0.19882987041239078,0.3529195849154829,0.8855229946909198,-0.4225479472505223,0.22909709551225985,0.10395485940967222,0.43713846562899333,0.37221855079290717,0.057658628000647194,-0.0655039557549708,0.03069392547743631,0.26453196640690135,0.26178668655318416,0.47416120043240967,0.5392947210856665,0.21813517968901996,-0.07196360645730486,0.2623531529870282,0.8002595348891791,-0.4833184799057747,0.3736334940005511,0.1947996763972853,0.7269125250074395,0.017902872633568708,0.4765408096706447,0.1545454435053541,0.0,0.5255570692040409,0.6420021904237692,0.1906248008813444
Parietal_Sup_L,0.2729574408711841,0.4129810633088616,0.3975645951698826,-0.041737435778267294,0.4025495816205135,0.31162172668352084,0.2659978837955491,-0.22480437828735825,0.2410884680573592,0.17932192006472963,0.09656055227764687,0.2450079597968285,-0.18005194267706218,0.13994300538107038,0.27830538220692697,0.17497464405470614,-0.06691043310719558,0.1395370295315204,0.028352284902660823,-0.4008206423745821,0.2472366922397872,0.3363795375496847,0.12478806757342249,0.2715071820833646,0.41506581220018735,1.0,0.35786030467878926,0.24313268288638754,-0.06222560033509363,0.07527668907739368,-0.02232612549623611,-0.12346921272307722,0.35532295483189613,0.37750598967785726,0.24598318629393745,0.009331051877329305,-0.10342796952516249,-0.027083566317377936,-0.3961701066496384,-0.3376688964144632,0.05460705451323613,0.27569238640952703,0.5899506151196138,-0.14110966268482744,0.12550077061294165,0.03953349591209765,0.07086786779555584,0.12636102319125095,0.1649639102686762,-0.062309650310474585,-0.036645316613196754,0.2301578183321707,0.12732504641882866,0.3287680437900153,0.340606708876355,0.15122689053997204,-0.02872123610098348,0.18932443891049053,0.45569807704311754,-0.12071240506987328,0.20942900620325713,-0.11368224325162227,0.6506845622065633,-0.20908155491182934,0.3555194229777611,0.19046546619417581,0.0,0.24607480687910901,0.554267015174089,0.19595235353064971
Thal_LP_L,0.6738559598867465,0.4360860387032931,0.3804611231730882,0.2129618297876415,0.4573826792829586,0.39914966737801105,0.6178077754558212,-0.04063037793361439,-0.030835510585764312,0.39650661525846165,0.1602563167674436,0.4399161772104525,-0.30568854862391326,0.31234724902220046,0.5461593168514344,0.03212014408532805,0.20376467095720516,0.5297600082138122,0.05013651955440987,-0.46735598737586254,0.5354980231482278,0.4427074173441499,0.09695003486794601,0.38132414319525487,0.6461978071930874,0.35786030467878926,1.0,0.1591314965615768,-0.25216132947445336,0.20921384198823959,0.10684411323995557,-0.25568584140935,0.16234787076970225,0.31931907120129954,0.4194945376788058,-0.10004864625797305,0.08175764099770469,0.04813949637454141,-0.45300187668244596,-0.3974110836890705,0.41987763344129,0.5128896031362785,0.5915731913415948,-0.14135538316120774,0.23496341713089924,0.1208775362821432,0.41960280340259754,0.2203973539794626,0.1697595024458061,-0.02169179815404187,0.05934973120257229,0.2413641988658015,0.29470540185522065,0.48783036431135707,0.7832731159484481,0.4023175300020017,-0.08073260236587812,0.15122350859428493,0.48272777517409093,-0.3400369700813457,0.5341808377803844,0.13510578369012002,0.5348673366357735,-0.007346936113837902,0.4079079272486807,0.5359284369851578,0.0,0.6221772010982074,0.523101923572161,0.12894086766272048
Cerebellum_Crus1_R,0.12980225098758263,0.3731621586889368,0.25008173454177546,-0.049757800551512875,0.038418203721608445,0.2742137460667097,0.1049801714107699,-0.24165640239450376,0.23249785196867678,-0.03183023255677997,0.09101191052081455,0.016653026862741994,0.5794112445840823,-0.08257060444228426,0.27146038038860076,0.19602843436245632,-0.18746556744128257,-0.09093033789264786,-0.14699772069051145,-0.1805825043232141,-0.05222286822291401,0.05612149508835005,0.27220933509740725,0.25784245088813007,0.1733760167443992,0.24313268288638754,0.1591314965615768,1.0,-0.06406335609363405,0.05118898666426071,0.06437419872066726,0.21146572816916862,0.6363399780333536,0.014912508751428435,-0.15232976505309742,-0.4734692984242298,-0.3113211793324763,0.11701672504376151,-0.2448081038983179,-0.049281126692001284,0.11249210870017586,0.13611401606565926,0.41317234919990053,0.1176158322133991,-0.07033366109970474,-0.1922628920947549,-0.09720680128991868,-0.09356182825134703,0.3009981292251538,-0.34561022593850554,-0.2654541078500444,-0.10124004689874956,-0.27337592581899406,0.35652942280696975,0.2877413652969511,0.16903147988851983,-0.20438970259427444,-0.15042078734574252,0.13417877347949966,0.18778577549112974,0.10005948724105591,-0.3794605207676069,0.3536199060895029,-0.2797619269409428,-0.10386642087615358,0.26619762492590643,0.0,0.05934118187850435,0.1884275345290673,0.1398058427874933
