,Thal_AV_R,SupraMarginal_L,Cerebellum_4_5_L,Angular_R,Frontal_Inf_Oper_R,Cerebellum_9_R,Cerebellum_10_L,Temporal_Mid_R,SN_pr_R,Occipital_Sup_L,Frontal_Inf_Orb_2_R,Pallidum_R,Thal_PuI_R,Paracentral_Lobule_L,Cuneus_R,Raphe_D,Thal_PuM_L,Thal_IL_R,Vermis_8,Thal_VPL_R,Frontal_Inf_Oper_L,Occipital_Inf_L,Precentral_L,Cerebellum_Crus2_L,Cerebellum_7b_L,Thal_PuM_R,Cingulate_Post_R,Thal_PuI_L,Vermis_3,VTA_L,Fusiform_R,Vermis_7,ParaHippocampal_L,Temporal_Pole_Mid_R,Cingulate_Mid_L,Cerebellum_4_5_R,Occipital_Mid_R,OFCant_R,Hippocampus_L,Rolandic_Oper_L,SN_pc_R,Amygdala_R,Precuneus_R,OFCpost_L,Thal_MGN_L,Thal_VA_L,Thal_LGN_L,Temporal_Sup_L,Caudate_R,Frontal_Mid_2_L,SN_pc_L,Lingual_R,Frontal_Inf_Tri_R,Postcentral_L,Pallidum_L,Hippocampus_R,Cerebellum_3_L,Cerebellum_6_L,Thal_PuL_L,Precuneus_L,ACC_sub_L,Thal_LGN_R,Temporal_Mid_L,ACC_sup_L,Insula_R,Caudate_L,Cuneus_L,ACC_pre_L,Temporal_Pole_Mid_L,Calcarine_L,Parietal_Sup_L,Vermis_6,Cerebellum_Crus2_R,Thal_LP_L,Red_N_R,Cerebellum_Crus1_L,Temporal_Sup_R,Cerebellum_8_R,Rectus_L,SupraMarginal_R,Olfactory_L,Frontal_Sup_Medial_L,Cerebellum_8_L,Frontal_Med_Orb_R,Vermis_9,Thal_MDm_L,Thal_PuL_R,Supp_Motor_Area_L,Thal_MDl_R,Frontal_Med_Orb_L
Thal_AV_R,1.0,0.09715225321490076,0.10709853110360257,0.0373796631252078,0.5318607823066646,0.03126109712351961,0.10780252045092169,0.26432027445400214,0.7477318066255709,-0.012962373531593196,-0.011273027343384043,0.7923376764465375,0.4366096619236658,0.44200036408542515,0.010873507924099211,0.3930628745274341,0.5741431986607008,0.37155339482698996,0.10499640650376177,0.2654271799995816,0.3954633420980774,-0.06249506969419871,0.45108295686223104,-0.0646084095100499,0.02499849170709337,0.580673380625941,0.010976558372621986,0.3801021166025834,-0.04020202055627531,0.3944287055029868,0.16508581955122686,0.0,0.41130006192456675,-0.0459951045742252,0.6427305521886497,-0.029296876197115473,-0.04119280752840997,0.09244237762900634,0.4884868400666285,0.5609516379770398,0.4557266336267302,0.6594342558890017,0.07231987419186504,0.5638308411685973,0.4124033554351657,0.4248379418553564,0.471104916974351,0.11460702939805222,0.5636954821107334,0.5197065190629235,0.4893035497545134,0.09526295431199092,0.30713700356502555,0.45771050381108347,0.6856422873545498,0.5780191757741892,0.1769604011852985,-0.05730636820091333,0.07347918300751081,0.207154065346268,-0.020878376187510993,0.18816034656526656,-0.11042385376725153,0.5667651037403142,0.7346948699020021,0.6249680010362219,-0.2232983083506477,0.3852091899644042,-0.07377631889268602,-0.12003259065410835,0.0012860082816162435,0.011261010490968068,-0.02953239900349531,0.23965703894497084,0.5058779096165301,0.026462982810624428,0.3083758121512569,-0.0548514644059229,0.4157615440820017,0.4092047748600002,0.3162268175933309,0.4014119384464802,-0.014731961543468031,0.4346035615019688,-0.09040876568425535,0.5464388068001209,0.3816722563630263,0.4603120721898038,0.3670831615184517,0.3517246031643336
SupraMarginal_L,0.09715225321490076,1.0,0.14438171089646967,0.29144595183359595,-0.1768956418849132,0.48362429364266657,0.24875661434053786,-0.18509754686072102,0.018999230113259578,-0.04918269149193686,-0.07429640023441435,0.20332489085156538,0.34226900720017495,0.3702585775899723,-0.34306653730019215,0.057815853231591725,0.3265707900023922,0.0949946461059331,0.3356956231954736,0.09368263244016904,0.14173344568042992,0.029536693462584314,0.2435489941475666,-0.09907794347673891,0.2372158341116586,0.04941839874281074,0.65526339279056,0.15970480562821765,0.3110576150428384,0.11437807604061584,0.08941637688047682,0.0,0.15406543407187195,0.14886142903080216,0.4723801174116059,0.1534237076674843,-0.18225516477171094,0.0639152726710446,0.39016243407799045,0.21946468302247357,0.38345139602950146,0.06508038032547296,0.7160352523647886,0.1259259073935096,0.4215961841551479,0.3038021524083855,0.28807891769729416,0.33051417996785876,-0.07330177305686332,0.2369075756940024,-0.17500999320877858,0.41436171970926805,0.08802785887945648,0.6853512078108264,0.3631277320788838,0.16077313872177817,-0.017884736293978645,0.2622495090760872,-0.11118105161868552,0.7527780384616382,-0.4603141517332966,0.20560100183383043,0.04491591142986217,0.24132122354497776,-0.13238622094447544,0.0605167362613994,0.5414105804430221,-0.10917565410619007,0.23190772184686403,0.5679673691836196,0.2410884680573592,0.2172261617671918,0.2781158577240006,-0.030835510585764312,0.0795450565804992,0.26729041580866636,-0.007833490047651562,0.2181400257635619,-0.2324917930063036,0.5419778643815518,-0.017207045015195346,0.12309392059991213,0.3458161230642944,0.1965586476208355,0.22378983685326057,0.46510598437914874,-0.11743926648969374,0.450709774783824,0.1650123491424368,-0.15427908182945202
Cerebellum_4_5_L,0.10709853110360257,0.14438171089646967,1.0,-0.59925886582004,0.3729836081198471,-0.3330855243119231,-0.608178984523473,0.7269125250074395,0.27130576733662504,0.4664702047602875,0.22869046458646172,0.3186584752753192,0.20120858878614586,0.19460128185703474,0.5072713457408008,0.4800322086606948,0.2919625886714993,0.4035607675356672,-0.1466520931499501,0.3515399994464165,0.26106744432223544,0.001367586013788186,0.17217560420209027,0.03953826037022143,-0.17364442288523527,0.42818931232913987,0.013236115201222733,-0.01720666500924394,0.7305749763377648,-0.16633246950271588,0.8651197778804277,0.0,0.47481676203700107,0.16616534050035883,0.2532868648600475,0.8695437393384428,0.4142999990638682,-0.00048740348101424484,0.19980388747977246,0.2943808614429431,0.11193430118702015,0.16893459306706732,0.18712258161550904,-0.07038831504054413,-0.1372164626444333,0.24584640451782275,0.32640045175426835,0.566089846809782,0.25702775297369934,0.0032691844791081894,0.4188299851312849,0.7535418236947883,0.5123876112941467,0.043203150089453614,0.19706435608570327,0.5177183378427224,0.80466507400689,-0.2549630769008975,-0.46466996467943084,0.16158372031375678,-0.09707220949560273,0.4767853926528545,0.42589310699132743,0.11830302456496362,0.143001512156685,0.16571363498669822,-0.12521844842688304,-0.20007028963439658,-0.015788640299355675,0.6313285329579016,0.6506845622065633,-0.22990116361406848,-0.2211924623301649,0.5348673366357735,0.5801241325997436,0.18658194199622719,0.7272938178640866,0.4160451308228466,-0.18319520552548352,0.4467729619871853,0.07938301388678844,-0.10963023954707052,-0.061381689427700045,0.33713540156645183,0.5882791102126432,0.1852733018100567,0.3755030066797141,0.06181220972608859,0.03150241122110541,0.045464991189950926
Angular_R,0.0373796631252078,0.29144595183359595,-0.59925886582004,1.0,-0.34968982838901436,0.439646766750291,0.4760433288028568,-0.68686896510431,-0.14776132860388144,-0.5967324249294387,-0.16569538125732475,-0.0638412870700094,-0.17036923499953574,0.014836830963750585,-0.5552556828856957,-0.42069875406008805,-0.10750046069062626,-0.24513748408711042,0.3567305852796652,-0.35604409152499195,-0.13501291645149893,0.12391620475423155,-0.044157255667634336,0.024187197352810753,0.07986476097402143,-0.3251915208214519,0.22737313244778323,0.07356092356428241,-0.3676680109159306,0.22219102416059536,-0.6222835395961072,0.0,-0.19945135131218647,-0.1819715601168674,0.039934177368432126,-0.6192770980187485,-0.4617385192853383,-0.11809195345602819,0.06657855689659638,-0.15256062258766823,0.055877701571479664,-0.036336839837719515,0.2057276393131244,0.16224386695468088,0.4223352901515185,-0.11107254519562643,-0.14979550288922838,-0.31823129231538266,-0.24729251053483473,0.09921568123990969,-0.34543815267853173,-0.4304587068423666,-0.30251969180517246,0.30655920204473347,0.047991881888821676,-0.31150301788892093,-0.5961440272659418,0.3763074401406372,0.26517272316562207,0.2832660334411898,-0.08316463514227185,-0.37738548958396034,-0.3927925294514606,0.01353899287043762,-0.09751940356317715,-0.11904263769121666,0.4288961698201961,0.14356532468920452,-0.01834829516414578,-0.29229099064246106,-0.3961701066496384,0.22711065115450388,0.1460423067295521,-0.45300187668244596,-0.38952080290791735,0.15770863019082748,-0.5723173844923473,-0.3801286308373578,0.0976969433174557,-0.06818493816754967,-0.07715399482438563,0.19989938196665696,0.2624881265754383,-0.2747905896628159,-0.504918682452385,0.020482700638102615,-0.3451559591879447,0.05860987403060447,0.056205179629299946,-0.175838005703048
Frontal_Inf_Oper_R,0.5318607823066646,-0.1768956418849132,0.3729836081198471,-0.34968982838901436,1.0,-0.1639042549314352,-0.2704572831026017,0.6484478797690696,0.6979423651692767,0.24470556177330635,0.46794976467880695,0.768066304864007,0.1253652264861972,0.482442702449134,0.46907375373276383,0.5564972450827511,0.5222470732176138,0.6958172114539778,-0.21244312575536295,0.5263945680925347,0.6534623015202916,-0.020297709699061448,0.7116913080506542,-0.03137486409429397,-0.2513983037313216,0.6529027930404772,-0.1707500697700984,0.4582879524904457,0.1679739619524904,0.3098128047797169,0.5000277606909354,0.0,0.6438475138118004,-0.08493325846170055,0.5730668497471658,0.3907408253739799,0.28740093613073425,0.008530783348165689,0.4131259393699418,0.6946388625851937,0.4228860709805595,0.7282419409074536,-0.18711280302394434,0.3447135108221808,0.0591593573128638,0.4813192623223424,0.40648110046751584,0.4224770832487613,0.81382483820071,0.684326414238257,0.811085983857975,0.19365987051020167,0.8087759305406574,0.1976589332518377,0.591185703987135,0.6718496623810097,0.49820355251439313,-0.21477712275678537,0.1978142397986764,-0.16970895683934892,0.5082270469880623,0.4752602620098354,0.37638880124327007,0.6805040042391909,0.8165612843698243,0.7853444981720126,-0.39290452025839534,0.5550184771766047,-0.225056075048341,-0.0807620448726799,0.2472366922397872,-0.18894250166911264,-0.3165876717356977,0.5354980231482278,0.7666307897070741,-0.153206303953267,0.664729069673126,0.18704175166179532,0.4640302832591004,0.3598827372674376,0.4072086214375889,0.6101120186904899,0.003367893062848784,0.23934948650208213,0.018348506978109514,0.425666198462103,0.5300906145960714,0.378896140241873,0.5294443627934337,0.30843525677577566
Cerebellum_9_R,0.03126109712351961,0.48362429364266657,-0.3330855243119231,0.439646766750291,-0.1639042549314352,1.0,0.60943488464734,-0.4833184799057747,-0.15146482950056064,-0.1647396166304906,-0.11883385042789253,0.0602691978932475,0.019968308461855537,0.17232322901859765,-0.40031419699264653,-0.2742707513304122,-0.007981331541115478,0.028645886263755575,0.08387290071138769,-0.054454075345884326,0.07560688115694206,-0.04284679385506238,0.18476511988958189,-0.03373632387673355,0.283945352935062,-0.2495920302228257,0.36790030795871576,0.23632149471307917,-0.1366783956413631,0.2717033810244679,-0.3037790449500773,0.0,0.006908430365718968,0.009222034134052152,0.1312340543002358,-0.26648948121207683,-0.22046677993658736,0.251857405741597,0.2722023754042366,0.056773003382393966,0.20967384155471755,0.09620699814141959,0.32862195229052404,0.029880764162378323,0.36831667871305773,0.13747389477280977,-0.0056361373632567826,-0.011669941717763525,-0.07876145907822511,0.3066763080411028,-0.21723282230230806,-0.0951971172611448,-0.09743622205864688,0.3432146149327085,0.23211971834413392,-0.04982738485476958,-0.3900042373720495,0.5168664961522272,0.3651849258743682,0.31257361896869273,-0.10458358205506932,0.0169602891655211,0.011074865606449963,0.18817234102828231,-0.08037912939405091,0.04716872795546638,0.36838975538845087,0.27852219609337747,0.09169215075045407,0.049268923901589684,-0.12071240506987328,0.40027205629402024,0.5656060356430859,-0.3400369700813457,-0.14358136639030936,-0.0034412077924564186,-0.30153578452999436,0.4032748826938093,-0.0213923460433448,0.12679807993583417,-0.034823129481150066,0.23574144184648377,0.6971530284756335,-0.03689122216079484,0.035709427545547075,0.2813028807858833,-0.2637614454514142,0.20748579605467027,0.17330111122247197,0.06620133287684239
Cerebellum_10_L,0.10780252045092169,0.24875661434053786,-0.608178984523473,0.4760433288028568,-0.2704572831026017,0.60943488464734,1.0,-0.5237097889840051,-0.02012339394720948,-0.33670178398972467,-0.10032720943295047,-0.025173126116285607,0.1758338003852223,0.12650235386496064,-0.6416896225692371,-0.2508638913842939,0.003345232896059512,-0.1841934805995675,0.3164784266773018,-0.1850549429767199,-0.29999425494503523,-0.108725161884212,0.026091545301807267,-0.23921556550433226,0.389170865893028,-0.199048526981641,0.3514193844820991,0.06928315678320612,-0.3863021299979732,0.3839241597215467,-0.5429727250195547,0.0,-0.27507537531080567,0.06146663148123527,0.12381834298293831,-0.6028811512118694,-0.376926106568795,0.11517771334534636,0.21909893950477582,-0.14511298632519234,0.2680788405664918,0.036373769555045364,0.28507328981052005,0.076518126324822,0.38233730273986544,0.05810222717118474,0.01204546609036287,-0.4973159841885078,-0.11192907773795474,0.18092972125435747,-0.40062237655186234,-0.29391292826137516,-0.22268421539480257,0.3246918056663985,0.1937096335631782,-0.1372097112331424,-0.6265772994534733,0.49253572084428765,0.45570884759253294,0.33466595589226444,-0.17234663373126183,-0.17723557909658913,-0.46311939685307096,0.03818845296617265,-0.013354881709316847,0.00623884430259332,0.23204618778599112,0.1223052177607105,0.23209871121386288,-0.18805256793894104,-0.3376688964144632,0.3098687452023123,0.39971447979928765,-0.3974110836890705,-0.3190379916170379,-0.16539771137431025,-0.43158904770779727,-0.04085432416749208,0.12633264845070596,0.01191747173130097,0.06479811292736787,0.17346582104034905,0.27903180618392714,0.003618768831293944,-0.29930939403494217,0.18747526896174124,-0.2449359401320997,0.2687723080339535,0.17711787777798976,-0.026326084266455062
Temporal_Mid_R,0.26432027445400214,-0.18509754686072102,0.7269125250074395,-0.68686896510431,0.6484478797690696,-0.4833184799057747,-0.5237097889840051,1.0,0.4867674034869361,0.4251830942124294,0.43703171347715036,0.4295649687818605,0.30511615528128766,0.32413379126239206,0.5956582314377395,0.6609358875976257,0.3529195849154829,0.4941751665108851,-0.2965143383925701,0.48750213751032245,0.2915762467996361,-0.07196360645730486,0.30614458486417734,-0.01623107884873278,-0.1690948699063537,0.6115759756254072,-0.05818139446870271,0.10801333624843201,0.49045135041280546,-0.030298628421482527,0.8855229946909198,0.0,0.4765408096706447,0.2213022305454599,0.33882698051271326,0.7517386570646473,0.5021991381555428,-0.06595046128699548,0.23651555223643958,0.40813376760063874,0.20403361916701332,0.37221855079290717,0.057658628000647194,0.025753374335488407,-0.1918765607876579,0.32923928020061,0.46379595264637713,0.39817739556066234,0.5490657288871409,0.12135296843736261,0.6295221382486141,0.6500015113666009,0.6637418948089443,0.047428052044096,0.26453196640690135,0.66518434140175,0.8002595348891791,-0.4090749281969492,-0.29776226739094613,0.007678563312787235,0.1947996763972853,0.5510445344911669,0.2593793705098217,0.22909709551225985,0.4539763561849866,0.43713846562899333,-0.33595721799436246,0.017902872633568708,-0.03727520974163327,0.3634428331168574,0.41506581220018735,-0.30384793989913694,-0.3133876467874385,0.6461978071930874,0.7158854707196259,-0.014505793812050994,0.9026849986423063,0.3087365178804666,0.08227278267345167,0.47416120043240967,0.36922852981351423,0.03069392547743631,-0.26178982238912724,0.40179906861813836,0.414265368493313,0.21813517968901996,0.5255570692040409,0.16558847342776065,0.12814300532715872,0.22797243608019238
SN_pr_R,0.7477318066255709,0.018999230113259578,0.27130576733662504,-0.14776132860388144,0.6979423651692767,-0.15146482950056064,-0.02012339394720948,0.4867674034869361,1.0,0.03477595813039808,0.27816371955065083,0.8327866075148137,0.4416078943030089,0.41460823511038575,0.0820850596512571,0.5093892992658936,0.6506229019612388,0.43117089944895487,0.07517313428169468,0.23438491452970694,0.39622840126600656,-0.11133523595690144,0.5004941716072262,-0.1805093846962532,-0.06001745983756552,0.6631485420980376,-0.05497831861165442,0.3129324362542237,0.05041185030707044,0.4099055197226411,0.3671841279155089,0.0,0.5888891603626062,-0.016936409273423447,0.6560122976156063,0.18686933294734026,-0.014660273263138223,-0.08693843949221662,0.543662819478436,0.5683483604821981,0.5151801175292736,0.7805616190125325,0.014870825284957258,0.6409775826421008,0.45095416304683,0.2775275602589251,0.536323471776559,0.20302563739401328,0.6268943064918879,0.5151196576596024,0.6773847699285862,0.17163687402154534,0.5051690784240879,0.3983992202249676,0.6858143604313823,0.6960455176844924,0.3726844776077724,-0.259236138446874,-0.02449806245358656,0.15368927335734686,0.154487403670155,0.22664704644230402,-0.05720114935395727,0.5853036472428318,0.8460127377706301,0.6884223721006482,-0.3845998021734318,0.4487540500032727,-0.09304591347404911,-0.12495998929385523,0.13708377117324622,-0.1233579312537966,-0.15081185692946264,0.28850657021795695,0.6904318833468334,-0.07583785423506761,0.43202329582283516,-0.030198249605286547,0.6018927038979469,0.354861201962817,0.3785327899501844,0.5506943965793546,-0.15617410511582072,0.45079416144595613,-0.22384382674845119,0.4155605619294065,0.4711910279109809,0.4081197892166991,0.3557999542993539,0.19439982460911734
Occipital_Sup_L,-0.012962373531593196,-0.04918269149193686,0.4664702047602875,-0.5967324249294387,0.24470556177330635,-0.1647396166304906,-0.33670178398972467,0.4251830942124294,0.03477595813039808,1.0,0.14418055633492827,0.09354871974114264,0.0795477093121813,0.03955972337923723,0.49205676980068,0.3097583974527458,0.0770082687881714,0.19961801085627917,-0.26971603846362624,0.4095908206629193,0.20386887049654445,-0.12294851450484286,0.14151371780147115,0.0394293427733173,0.021547322692905872,0.2470057962385949,0.012391444728587308,-0.05146525725504232,0.30431139381265365,-0.27374084150962086,0.44410577062930984,0.0,0.1419535550714537,0.19851387307376173,0.03848195658831849,0.5196399953152839,0.43574583870241246,0.1741322947565718,-0.06193969003834358,0.16114535143866188,0.0060237617880205836,-0.030051169634963192,-0.10856172017017869,-0.20954529763692825,-0.36666466883424764,0.17810170296506897,0.022011822548933968,0.3362392212260604,0.16849345178649125,0.06985731103702243,0.24301449752241144,0.36259011048062334,0.28958119094831686,-0.2170469814438758,-0.003420151846710682,0.20761074638518448,0.4210771380482175,-0.17378480905301943,-0.16155191423471454,-0.21111520801058245,0.05579254614633768,0.4107439459447369,0.5139416996836849,0.07230609836118887,0.004965209734526532,0.07416259546654311,-0.24335282932553529,-0.09403712997826379,0.0688752635748221,0.34512957075306866,0.3975645951698826,-0.2035854492896052,-0.15480786825473647,0.3804611231730882,0.26519898497658917,-0.1450780309480133,0.39932910676656114,0.4250834720762171,-0.17225220551641268,0.09043894230029952,-0.0028501701556402836,-0.07598398157084535,-0.12450259078518786,0.1747075814671287,0.4822871136348654,0.06212782617604467,0.2669822241999306,0.09989069885991726,-0.027987804089192655,0.15226472624095713
Frontal_Inf_Orb_2_R,-0.011273027343384043,-0.07429640023441435,0.22869046458646172,-0.16569538125732475,0.46794976467880695,-0.11883385042789253,-0.10032720943295047,0.43703171347715036,0.27816371955065083,0.14418055633492827,1.0,0.22571990868281738,0.10263373042755444,0.13132126016448326,0.10207948434184573,0.36437682596833637,0.16033804346096206,0.2667246063907108,-0.02430113645287452,0.3018754860729815,0.3488681192366083,-0.021548047254985585,0.3004633919713139,-0.1270612830878749,-0.16786189478250016,0.22478603970750247,0.12405926153945077,0.033067650215921986,0.2749830257563878,0.12939983720441273,0.3569647922908616,0.0,0.29799564359866054,0.28218613628408057,0.1756084418522822,0.3639769009326328,0.224607380119788,-0.3171397927604407,0.1599115934459509,0.23771450540788056,0.3784476911997832,0.12566609756532446,0.0031186073482230574,0.039810350899948416,0.00045943816011316253,0.10337911263193773,0.23802749039101054,0.2236179938573449,0.22262458035159136,0.3286120809329015,0.3256144347720669,0.2369060388048637,0.7085949180894504,0.043481182078234544,0.1281016309484995,0.29661212495748285,0.18226596502613457,-0.09355020043093143,0.05725032664518944,-0.04847435141011767,0.49907175360529976,0.36460506274614113,0.2128572769446294,0.13246389716139217,0.22866207652749246,0.23386409598979102,-0.28299365460896847,0.38074164428770824,0.057562092407447286,0.1112995396846239,0.17932192006472963,-0.1737538270103831,-0.3935439200762552,0.39650661525846165,0.42241813786205334,-0.11882557871156756,0.37238727624643414,0.14241157862420492,0.02552466533709115,0.1036700740270636,0.06909597957323835,0.4337237731835281,-0.014723673424924968,-0.12777519089352654,0.026979212134971235,0.11414603385086915,0.244568595651452,0.10949071722119276,0.16237344138590257,-0.1606129454317813
Pallidum_R,0.7923376764465375,0.20332489085156538,0.3186584752753192,-0.0638412870700094,0.768066304864007,0.0602691978932475,-0.025173126116285607,0.4295649687818605,0.8327866075148137,0.09354871974114264,0.22571990868281738,1.0,0.3475022749272996,0.5766689572402447,0.19020737100890384,0.5568600051525568,0.6845877734450733,0.7083386262826458,0.01174603017085608,0.3980866742030813,0.5579766814944548,-0.0469987347926212,0.6946765169806406,-0.03998491407703758,-0.014239250048855463,0.6747461876735491,0.09190950413935679,0.5169585296231336,0.15133117864659718,0.49015816248817096,0.39100742861955445,0.0,0.7167541970795569,-0.054652779891684794,0.7999031817653925,0.25628358575762406,0.039697610430846124,0.09931602211398849,0.7035938747285158,0.7292324006364836,0.6570642235619868,0.8468017768552429,0.1440109195734004,0.49425399240548884,0.45805932003260635,0.5716704256765659,0.5695509857842883,0.39760203997629245,0.7428608014993878,0.7121709074792805,0.7369324296283661,0.27283846459589106,0.6303313751495017,0.5364236194558678,0.8756661420115631,0.7860019194973104,0.33672081922690217,-0.04878102812359054,0.18878642396011797,0.23189977102329407,0.1484136825315243,0.43432013311407175,0.17764240237771842,0.8128867118858085,0.8591320667578515,0.8041505390630299,-0.17302254045461973,0.5123575013044929,-0.08559135310908854,0.03262277847258304,0.22703406335885531,-0.05620344050376516,-0.10426567990385516,0.3298117470078771,0.7796460209910302,0.04844416900105494,0.5447581868642382,0.1375486616456493,0.5117996965735129,0.543350597524932,0.4063103232278779,0.6294752344007655,0.11578238985650784,0.456267844350136,-0.05144910742920651,0.6580214388678881,0.4118782500845809,0.5271413343840963,0.5498674991050047,0.30656367812743657
Thal_PuI_R,0.4366096619236658,0.34226900720017495,0.20120858878614586,-0.17036923499953574,0.1253652264861972,0.019968308461855537,0.1758338003852223,0.30511615528128766,0.4416078943030089,0.0795477093121813,0.10263373042755444,0.3475022749272996,1.0,0.2873453990493231,-0.20742315553588525,0.3022352735506704,0.6107928666854576,0.008435428980569069,0.12373117599227723,0.3343870514961997,0.1471800168516932,-0.15597408442678498,0.14294651141456333,-0.13385478554213912,0.2940378354107261,0.5873109799989552,0.3658163318605176,0.13728373211753117,0.16285276863507797,0.11851045544272075,0.3002384987959828,0.0,0.10711290626447989,0.1940575397100008,0.4244757709225909,0.19167467800583607,0.028257513758567082,-0.05486952566140048,0.2418601802254368,0.3367411026476169,0.31781252692090556,0.19154114373451786,0.40640844200748855,0.33992891565982747,0.39532242152086167,0.23942803022547612,0.6037630003690122,0.11821840255802046,0.19273550795794123,0.18943931446776818,0.0492323311900507,0.4645768054289498,0.17101578588568764,0.41422907921617963,0.3260124117430972,0.42269935151842164,0.22561626160385376,-0.1951812538116644,-0.29490897314468917,0.45747119170408174,-0.3256952890755263,0.30225561544560026,-0.21259365594225013,0.10960384944803955,0.2297676676922641,0.3065391167316699,-0.0683409051037253,-0.04263707427561514,0.22869811043723323,0.30833398053100297,0.09833882163420647,0.04978992975251801,0.10035364521267996,0.31150998885013265,0.2574545388024896,0.1186254008960652,0.24285936233830177,0.02906359220710324,-0.03020129412462833,0.42372809010111945,0.18726418368463285,0.06245994686924944,-0.17605771824304955,0.3724008785721894,0.20514504623230048,0.45268669712587367,0.45688108342353945,0.41565341192320815,0.06900115853055373,0.012974327970219208
Paracentral_Lobule_L,0.44200036408542515,0.3702585775899723,0.19460128185703474,0.014836830963750585,0.482442702449134,0.17232322901859765,0.12650235386496064,0.32413379126239206,0.41460823511038575,0.03955972337923723,0.13132126016448326,0.5766689572402447,0.2873453990493231,1.0,0.07664371871102872,0.5811706171693084,0.5464620797322008,0.5701070131667832,-0.013531559620790064,0.5633553199839006,0.5211764131371461,0.03827152143610135,0.8355093498091396,-0.057942840251769316,0.03974943716103298,0.5755842259451357,0.3970416826842766,0.4301793957721941,0.260526691512247,0.47110663003071024,0.28839567991684795,0.0,0.5280048213944998,-0.11836200271832757,0.8265499703161615,0.17807742866226622,0.12350854303276027,0.19219216196376596,0.5520575332376934,0.7832665876479565,0.616809671062924,0.5518171207408342,0.47171445487843583,0.28090494167170316,0.16561929510053475,0.7515714570020043,0.6253819547471032,0.45168651087761497,0.6825333248860637,0.6704965264950639,0.42408796705410673,0.3735520877509388,0.44631381374684964,0.8016589995638211,0.6905955409216938,0.6520900506940644,0.20495402312585803,0.0946826253344528,0.21296559351193786,0.4838536296875402,0.04345429291065418,0.4992317993772466,0.15408966666883153,0.6434210918764248,0.4882246315009569,0.675731129742128,0.1398593367803599,0.22341750071446498,0.047985949548131256,0.1631690669845756,0.20136404985592396,0.038671912446669905,0.06621090914044928,0.4961391367612519,0.5191252685244572,0.0777093857552405,0.5170308581094782,0.180886527540012,0.22746256005400034,0.748353423910451,0.4103678904940941,0.4340799554970515,0.11573383592903023,0.23787509210800095,0.11661401722175184,0.6323147616112228,0.35823759463620103,0.8306678854697782,0.5049651822910509,0.16670508075036797
Cuneus_R,0.010873507924099211,-0.34306653730019215,0.5072713457408008,-0.5552556828856957,0.46907375373276383,-0.40031419699264653,-0.6416896225692371,0.5956582314377395,0.0820850596512571,0.49205676980068,0.10207948434184573,0.19020737100890384,-0.20742315553588525,0.07664371871102872,1.0,0.38635031622506827,0.01903434397804248,0.4673574682990696,-0.3694774979296976,0.3436306760881211,0.25166465239493785,0.0918764879444436,0.18034818319001283,0.20861514751556348,-0.31774490663143296,0.26375978187259325,-0.28186483717913025,0.15343962118953391,0.33427695511975186,-0.17005688114764875,0.5444263098906599,0.0,0.3564506693796637,0.06146181558408741,-0.012222669112659502,0.5846190382167037,0.4453455445713119,0.18130670607149482,0.030135817622614875,0.25976249579713634,-0.08102366027260637,0.21910730255488772,-0.2695224702462331,-0.17852441773658997,-0.4432608233372583,0.22608624437862998,0.008229151222648183,0.40123363927791433,0.39395998385679304,-0.006590005402173682,0.5447373006589631,0.2942584669277382,0.38708434438516737,-0.30920547450668245,0.028469096639505986,0.3363232338619154,0.5579498032507647,-0.3136333281320494,-0.0823426392158479,-0.3952653020691827,0.25463920576500104,0.39796116145667393,0.532981316406266,0.16645379271104915,0.2290442258964983,0.23134070894992734,-0.25125221615793025,-0.015002344212567631,-0.22264996658677513,0.1716916666229806,0.3363795375496847,-0.3123016738422886,-0.3424774375495206,0.4427074173441499,0.45810405099373547,0.017128314291792658,0.6221980455529508,0.2957065522966482,0.04352311056908896,0.09313638040758361,0.1814368274846534,-0.0813789358985226,-0.1588292277191887,0.12115220907006725,0.35001010159710516,-0.019865447007814733,0.2597304190425538,-0.10881104778944797,0.05623062640264828,0.26760781118926885
Raphe_D,0.3930628745274341,0.057815853231591725,0.4800322086606948,-0.42069875406008805,0.5564972450827511,-0.2742707513304122,-0.2508638913842939,0.6609358875976257,0.5093892992658936,0.3097583974527458,0.36437682596833637,0.5568600051525568,0.3022352735506704,0.5811706171693084,0.38635031622506827,1.0,0.4494109212881446,0.5306811153810993,-0.1693936344414677,0.5386807611035738,0.43565887458230745,0.04384448337660918,0.5769651155071784,0.02247700591217355,-0.08355577352783244,0.6060569900990718,0.22092393367041485,0.24851866612834408,0.4721960001731632,0.272475842662154,0.5909328376568226,0.0,0.5238888251171988,0.09396447804220116,0.5769639229307858,0.5244845454712158,0.27765793101671926,0.06567871320391389,0.43018887135282946,0.6124534287018366,0.6027232747292282,0.4613111598175941,0.19329180724460018,0.05782670831204839,0.011670900322466019,0.5664532344078946,0.5534840103285159,0.46432536822929416,0.6115611988821744,0.393040663480117,0.6265479931492228,0.5203573748204722,0.5474422918711431,0.36894210165935576,0.4958761559305959,0.7115615597536159,0.3979350771825612,-0.24810537701564322,-0.017797547085258218,0.1501276941276963,0.1041002551972262,0.537408222576714,0.27418545383200255,0.500835824981991,0.4917747892586733,0.5434154920205321,-0.2322537984527264,0.05758970690072598,0.26012774746078593,0.29464158768028337,0.33475781991336334,-0.1855344177638425,-0.20582067588223474,0.5834422179922247,0.7553347810788699,0.03443473894708775,0.727763980778437,0.24604332782136698,0.25457920067612694,0.5517360007342252,0.4191265427713244,0.26257908023378396,-0.14441626176356062,0.33868790956371847,0.30577399730877236,0.4386182784333951,0.4249636701284639,0.5176693947518728,0.3573698038164355,0.11827789702859767
Thal_PuM_L,0.5741431986607008,0.3265707900023922,0.2919625886714993,-0.10750046069062626,0.5222470732176138,-0.007981331541115478,0.003345232896059512,0.3529195849154829,0.6506229019612388,0.0770082687881714,0.16033804346096206,0.6845877734450733,0.6107928666854576,0.5464620797322008,0.01903434397804248,0.4494109212881446,1.0,0.36534358687152146,0.05093721211247615,0.5684888644114633,0.45109456074954885,-0.08255246539165752,0.517766220933141,-0.09031535401142322,-0.04278334499671038,0.8124652690483459,0.3349016431293611,0.5181849286806274,0.28726218995262703,0.26429005529576616,0.3954943441536711,0.0,0.46077179220827436,-0.06961141889234662,0.7372841147763358,0.3048643274658631,0.1104278827677881,0.03811201524729068,0.4811721192076866,0.6767332897253749,0.46213294576559716,0.5728351753942639,0.362887217970019,0.4150218791662085,0.4843787067595681,0.5703443581805957,0.7442418600806906,0.38371282032364223,0.5375513817046327,0.5185854069157985,0.39613611425066525,0.4702499273249715,0.4907318728010666,0.5181491259003487,0.657238800328294,0.6476097345827317,0.2837658963892456,-0.21027974722697002,0.005389873354830733,0.40660639285821987,-0.09994822031220543,0.5204976649885118,0.030832569417361524,0.5226515636007177,0.5745359853086962,0.6114591194324457,-0.0898642748533758,0.15423946084317777,0.03670133154227737,0.23404761642149366,0.27569238640952703,-0.023138140298734382,-0.051520992021117464,0.5128896031362785,0.5199462785276942,0.17451487946037508,0.4538251377357281,0.03999260627624125,0.26908639149497954,0.5529950874858053,0.35077675050176893,0.3818014151389753,-0.158232099304115,0.35198899247446963,0.020161547992103714,0.6823524591750094,0.586335192079059,0.5788080592447769,0.3337026000968469,0.08718241169055484
Thal_IL_R,0.37155339482698996,0.0949946461059331,0.4035607675356672,-0.24513748408711042,0.6958172114539778,0.028645886263755575,-0.1841934805995675,0.4941751665108851,0.43117089944895487,0.19961801085627917,0.2667246063907108,0.7083386262826458,0.008435428980569069,0.5701070131667832,0.4673574682990696,0.5306811153810993,0.36534358687152146,1.0,-0.25908209568615126,0.5508424816166374,0.5123195732969836,0.03959601387016904,0.6588119137588805,0.046147079828529176,-0.07202575367085581,0.4728284534610416,0.1414239852824981,0.4707809968588814,0.33426664360580705,0.4110227149078561,0.4499277229291802,0.0,0.7895968118188376,-0.1251492372200246,0.6086231597931614,0.4104020951993113,0.2001544806494965,0.22864894224580345,0.665209171352032,0.6886139071626116,0.5718610251564912,0.6613962870643145,0.19208799677930966,0.0912460999030667,0.10785658908881551,0.6674109736354941,0.4629151355537922,0.5770158937562581,0.7870242998608651,0.5491280457308435,0.7360072587387582,0.37618319603589967,0.6603191074691245,0.38245455822207347,0.6955130519008059,0.7671104714659683,0.4197094216785112,0.06646477261852368,0.3441276435822785,0.09655115060199439,0.34857585640102356,0.6482452471738376,0.5024755214932254,0.7264452198705511,0.6231911144883505,0.7243467522144514,-0.059780746468400314,0.371238657163104,-0.14222429741258388,0.17478530238020143,0.27987766865000496,-0.21728362517284866,-0.2059912171721368,0.4284393663997408,0.7874590755834056,0.0038924031314304685,0.6948342117045342,0.2813010984787252,0.3122672162405463,0.47865131675791994,0.41647792066697914,0.4324722680776728,0.25384152447704994,0.25346731931417765,0.11736567027428474,0.5884300050899227,0.26086683277256245,0.34278204058007394,0.5865727423937859,0.2880894553814477
Vermis_8,0.10499640650376177,0.3356956231954736,-0.1466520931499501,0.3567305852796652,-0.21244312575536295,0.08387290071138769,0.3164784266773018,-0.2965143383925701,0.07517313428169468,-0.26971603846362624,-0.02430113645287452,0.01174603017085608,0.12373117599227723,-0.013531559620790064,-0.3694774979296976,-0.1693936344414677,0.05093721211247615,-0.25908209568615126,1.0,-0.2763780687194399,-0.1631134181991581,0.1319094772921698,-0.01656924720450587,0.02436019862506185,0.0748536581714994,-0.07501069251233243,0.15098552958310843,-0.19207815910592638,-0.12767949197624007,0.11170535692849748,-0.19253313317836346,0.0,-0.15652781350138092,0.14782470084709518,0.07416521887364937,-0.20997191184593186,-0.27963472401875966,-0.15913200016564338,0.10225344781648983,-0.10249931788573861,0.14809256156539202,-0.05826533063548523,0.095773323342165,0.19102252399727776,0.27600195285653184,-0.0411844417829233,-0.012371940659425986,-0.20262694692843872,-0.23610966485497756,0.05385230468426847,-0.25747009866542986,-0.09779737777843714,-0.058929083979989166,0.2269652320957005,0.063147620986326,-0.12490247211292597,-0.21710976089123382,0.13925019588501936,-0.08037404330198807,0.22198777677784348,-0.3510215561778208,-0.2627690383553458,-0.3748664606781977,-0.021112790805489792,-0.11468411364379331,-0.14895507944473274,0.0808782574088209,-0.028989726026855202,-0.05569105174838029,-0.040229365630113055,-0.06222560033509363,0.19343413368579135,0.045051224679094865,-0.25216132947445336,-0.19686805179072117,0.10244523810481337,-0.2764389215871648,-0.1349034397588537,-0.1826941139395072,-0.02049972252627305,-0.2019102124403436,0.1408958474465761,-0.05860417549634457,0.06836275546850235,-0.13072111581937784,0.03523004611999437,-0.13222446544731528,0.1943717529602665,0.01660548255995029,-0.2055042122978887
Thal_VPL_R,0.2654271799995816,0.09368263244016904,0.3515399994464165,-0.35604409152499195,0.5263945680925347,-0.054454075345884326,-0.1850549429767199,0.48750213751032245,0.23438491452970694,0.4095908206629193,0.3018754860729815,0.3980866742030813,0.3343870514961997,0.5633553199839006,0.3436306760881211,0.5386807611035738,0.5684888644114633,0.5508424816166374,-0.2763780687194399,1.0,0.6155813081605578,-0.07459565832531496,0.5610998867437414,0.05407682075273487,-0.12883628170471959,0.7390391075938894,0.3815280394280043,0.44204224480309895,0.416649724797233,0.1307717262871934,0.45871455000044353,0.0,0.4319945528253306,-0.1033111608766314,0.5119618310954417,0.4475031812890661,0.34645044181793294,0.12098001862328263,0.3061803230065613,0.7207336551190303,0.36243368417385174,0.28558259723347923,0.2859336639188982,0.010210223064378151,-0.011541508197695336,0.7417196617117093,0.621020978570471,0.5887430047230445,0.5804920407807114,0.4496835573688508,0.40558081736551355,0.5286062131732194,0.5729190521628167,0.3200532532721473,0.3875377992600469,0.603392011387139,0.37458012837274746,-0.08659576981211026,0.11594284408257029,0.11132174830566752,0.20550509682027038,0.7853155525977336,0.41969632173771443,0.3712012506928617,0.29995639070805036,0.5054156869250701,-0.18264070338175356,0.07511961085168116,0.024840205498908828,0.28904270077711547,0.2924398785424778,-0.20047671056022165,-0.14552751649005624,0.7758403164283869,0.5108784902393511,0.06038672207140339,0.647015253544699,0.2465579662194239,-0.07928134274049829,0.5023413480989204,0.2824011185359532,0.18251057558222478,-0.06640430754631657,0.05071032519817768,0.3415710004583285,0.6680754128089066,0.6492765127872079,0.49733086806797533,0.3341247795327736,0.07236171129870579
Frontal_Inf_Oper_L,0.3954633420980774,0.14173344568042992,0.26106744432223544,-0.13501291645149893,0.6534623015202916,0.07560688115694206,-0.29999425494503523,0.2915762467996361,0.39622840126600656,0.20386887049654445,0.3488681192366083,0.5579766814944548,0.1471800168516932,0.5211764131371461,0.25166465239493785,0.43565887458230745,0.45109456074954885,0.5123195732969836,-0.1631134181991581,0.6155813081605578,1.0,0.03629246040990095,0.7178075506504299,0.08668896617894291,-0.2419943571504875,0.4946852472395925,0.0005494622984757162,0.427885041069875,0.1940289229892026,0.27516564996984727,0.2603134570900165,0.0,0.594463956938731,-0.21328415107678989,0.49708648764878993,0.26846131538341234,0.12244555351368035,0.01633732065896272,0.30465850688198287,0.8373877473809047,0.38980070818476864,0.4320043964972571,-0.06711452857432446,0.383159042606221,0.07403069102977168,0.5107401611500357,0.3792708144523212,0.7342745731879966,0.5748627710605128,0.7171197935109903,0.5701305035963983,0.1655874348852732,0.5632098764899941,0.3645959449703514,0.4382724628175128,0.49707899543113243,0.32135729326962725,-0.12932803508044813,0.11300347455830256,-0.09821869158318727,0.3906585170316811,0.4030499701544842,0.5308150614382638,0.5707060972960286,0.43147676921162786,0.6010812309953222,-0.2609677893960822,0.5219489097971104,-0.18605255714158353,-0.03587199147511027,0.17066034417715217,-0.15664573574517512,-0.15920675830140726,0.5561275205468137,0.5532712367540193,0.0034207318593213985,0.39232762420921724,0.18416492536846485,0.0802034693326333,0.31310624556819716,0.1054993875247836,0.5885328189874955,0.10854765909855697,-0.11155174448397964,0.1283907848605306,0.4974935888394283,0.4082018610569244,0.47964800145169173,0.38716713884626824,0.06709497288972044
