,Precuneus_L,Raphe_D,Insula_L,Fusiform_L,Thal_PuI_L,Occipital_Sup_L,Pallidum_R,ACC_sub_L,Thal_LP_L,Temporal_Sup_R,VTA_L,Red_N_L,OFCmed_L,SN_pr_R,Hippocampus_L,Thal_LGN_R,Occipital_Mid_L,Thal_MGN_R,Thal_VPL_R,Thal_Re_L,Vermis_6,Supp_Motor_Area_L,VTA_R,N_Acc_L,OFClat_R,Precuneus_R,Occipital_Inf_L,Frontal_Sup_2_L,Rectus_L,Vermis_4_5,Postcentral_L,OFCmed_R,Temporal_Mid_L,Fusiform_R,SN_pr_L,SN_pc_R,Calcarine_R,Frontal_Sup_2_R,Cuneus_L,Putamen_L,Thal_VPL_L,Thal_IL_L,Occipital_Sup_R,Thal_AV_L,Temporal_Pole_Mid_R,Cerebellum_4_5_R,Cerebellum_3_L,Frontal_Mid_2_L,Cuneus_R,Angular_R
Precuneus_L,1.0,0.1501276941276963,-0.046188676340387924,0.010120540915131452,0.1365574739138443,-0.21111520801058245,0.23189977102329407,-0.5088746641876238,0.09695003486794601,0.16085518793784473,0.19754104349552687,0.33293647390329023,-0.14216635289802831,0.15368927335734686,0.4470706520791865,0.2549621689666256,0.10740055562173764,0.42550341237307854,0.11132174830566752,0.10969926622983474,0.2741062092023589,0.4139359163758434,0.5781671901171542,-0.020149733830192577,-0.5496756735429943,0.9206398833897325,-0.11177612318816384,-0.0527942531578649,-0.050791035535343136,0.2505720196942171,0.7638781012906054,0.038431181505868196,-0.2609363145208447,0.1988039195502726,-0.010630048398493729,0.3804158700715057,0.30802018898421396,0.1309143402960226,0.5590930718315285,0.0013306422340724942,0.07696861370163366,0.44373334411733745,0.6525000643569342,0.4122598757673935,0.10305217103241009,0.13907525757638475,0.006612494787927591,0.10983428809525488,-0.3952653020691827,0.2832660334411898
Raphe_D,0.1501276941276963,1.0,0.20145915637402945,0.4856344004273533,0.24851866612834408,0.3097583974527458,0.5568600051525568,0.1041002551972262,0.5834422179922247,0.727763980778437,0.272475842662154,0.42781995584986166,-0.00797126432413856,0.5093892992658936,0.43018887135282946,0.537408222576714,-0.10297544870928424,0.39563517109235935,0.5386807611035738,0.4291622889713059,-0.1855344177638425,0.5176693947518728,0.02334164314547932,0.2661870089633202,0.10270104013157821,0.19329180724460018,0.04384448337660918,0.34031289999028985,0.25457920067612694,0.5328088860504854,0.36894210165935576,0.3933910750591571,0.27418545383200255,0.5909328376568226,0.4183790036821705,0.6027232747292282,0.5502949828636112,0.3382819565958588,-0.2322537984527264,0.3887364597911433,0.539307712346211,0.502529708094958,-0.2836643049510515,0.41178783439086986,0.09396447804220116,0.5244845454712158,0.3979350771825612,0.393040663480117,0.38635031622506827,-0.42069875406008805
Insula_L,-0.046188676340387924,0.20145915637402945,1.0,0.32161013396226684,0.5113942637832394,-0.12297887889046241,0.7298132668859422,0.39728607881715877,-0.02169179815404187,0.02968977631239116,0.6180838359674907,0.6312666821541062,0.6135791200231546,0.6441668925343533,0.5724491855981155,0.15095362298771606,0.0301879732825603,-0.23592310729939853,0.15463029880979362,0.21198622402834796,0.01729161088261077,0.39395976438988833,0.16623724899214903,0.5510992204129096,0.14932139276164935,-0.11577089023133527,0.047064373830697316,0.8173030444749326,0.6709079596980594,-0.2558827857489432,0.38708262257188497,0.46222236359423124,0.18455607648139166,-0.1514498704600145,0.7807899326081076,0.5384483113156228,-0.2605249785209685,0.8137173204086553,-0.17761675780253444,0.825363335991936,0.3104018918580412,0.5878092039565128,-0.02909729656384223,0.44391315761407696,-0.2646763209756202,-0.20275580733609022,-0.05586282280918834,0.7219587204574974,-0.0621401393480866,0.2237256695329729
Fusiform_L,0.010120540915131452,0.4856344004273533,0.32161013396226684,1.0,0.21393186615554988,0.3318168336359106,0.5235109775224697,0.17478227982946623,0.46913868111008156,0.5491092712359951,0.021862433645074973,0.24664219375796864,0.10339791902329934,0.4522963527802533,0.2717396527168555,0.3873167518870432,-0.20199807634182007,0.1453360646824054,0.33799917570045257,0.5768892186019988,-0.12677331024012012,0.0993076384441035,-0.38948015742183495,0.1508585234227294,0.20507175475802275,-0.02266080372550343,0.04149836392234502,0.2448046093862363,0.1468601482398483,0.5692102434194368,0.14139294549374887,0.056901618043590875,0.5669368388157429,0.6329532090273032,0.3150413395541071,0.18906942056367423,0.49193033394263497,0.1842184240976105,-0.17877418913574616,0.425221008461194,0.3152330617933356,0.42427909958161386,-0.27191098273787456,0.08890178563644693,-0.06628142807334518,0.6948874230945243,0.6123206713524633,0.29073030936793104,0.4693177268686792,-0.3627264208939429
Thal_PuI_L,0.1365574739138443,0.24851866612834408,0.5113942637832394,0.21393186615554988,1.0,-0.05146525725504232,0.5169585296231336,0.18446935583476334,0.2129618297876415,0.2570439617009863,0.38755370895104163,0.35592200529680573,0.3116453839834825,0.3129324362542237,0.46570270112436746,0.41404467227637565,-0.06079376987577234,0.17041285828818778,0.44204224480309895,0.2474625756876923,0.10278979352132296,0.383703982087252,5.922348101850723e-05,0.29222798922961,0.14444158472454893,0.15962054720108032,0.10041404646749294,0.45603022214979494,0.29775830096931943,0.14045657977400042,0.35404844272527475,0.2828556742610451,0.1965177201643961,0.07443192551489056,0.4775167074453953,0.4064282135616664,0.10285774574100401,0.48131366420299176,0.07497603798036764,0.5537422622077196,0.5966934751900032,0.5739243755037469,-0.008582957078418009,0.45935690724106765,-0.08979448331128387,0.058024421992915395,0.07734168698692852,0.5408782026997142,0.15343962118953391,0.07356092356428241
Occipital_Sup_L,-0.21111520801058245,0.3097583974527458,-0.12297887889046241,0.3318168336359106,-0.05146525725504232,1.0,0.09354871974114264,0.05579254614633768,0.3804611231730882,0.39932910676656114,-0.27374084150962086,-0.10608747208267731,-0.15740464933053255,0.03477595813039808,-0.06193969003834358,0.4107439459447369,-0.010571569395525199,0.3803782265648676,0.4095908206629193,0.25083410115345267,-0.2035854492896052,0.09989069885991726,-0.299725841174063,-0.03702820753309856,0.19786379357330186,-0.10856172017017869,-0.12294851450484286,-0.04159036200393134,-0.17225220551641268,0.5060964197034783,-0.2170469814438758,-0.10918371995479463,0.5139416996836849,0.44410577062930984,-0.06333217316910203,0.0060237617880205836,0.5069101348665819,-0.10760377535861491,-0.24335282932553529,0.007454622311345309,0.25854608901188897,0.024486224981087597,-0.34198734715060114,-0.1374734642672544,0.19851387307376173,0.5196399953152839,0.4210771380482175,0.06985731103702243,0.49205676980068,-0.5967324249294387
Pallidum_R,0.23189977102329407,0.5568600051525568,0.7298132668859422,0.5235109775224697,0.5169585296231336,0.09354871974114264,1.0,0.1484136825315243,0.3298117470078771,0.5447581868642382,0.49015816248817096,0.7893931852176651,0.4669226020632912,0.8327866075148137,0.7035938747285158,0.43432013311407175,0.017934885004826106,0.21108885863523463,0.3980866742030813,0.5751901148347739,-0.05620344050376516,0.5271413343840963,0.18258540072516355,0.5799642960732305,-0.018181864131032836,0.1440109195734004,-0.0469987347926212,0.6628386100546738,0.5117996965735129,0.28497336773805604,0.5364236194558678,0.46008664273715133,0.17764240237771842,0.39100742861955445,0.7017626450889826,0.6570642235619868,0.3075918578786951,0.7035086126609811,-0.17302254045461973,0.7884057373702951,0.48007179269523875,0.8230473676027373,-0.10240036880641584,0.5857931938585391,-0.054652779891684794,0.25628358575762406,0.33672081922690217,0.7121709074792805,0.19020737100890384,-0.0638412870700094
ACC_sub_L,-0.5088746641876238,0.1041002551972262,0.39728607881715877,0.17478227982946623,0.18446935583476334,0.05579254614633768,0.1484136825315243,1.0,0.13510578369012002,0.1705464109042353,0.22849571757263415,0.04124943367330108,0.2906381994409963,0.154487403670155,0.06162415567418011,0.18541981791146142,-0.10710131214855634,-0.18822000448473858,0.20550509682027038,0.08627099048608293,-0.270801825623141,-0.0728218178513854,-0.3403559299696593,0.3498827793791092,0.7104059667588313,-0.4155642802350436,0.05474943139779263,0.5080423176685975,0.3398770013909074,-0.06463586351707777,-0.20840495555958108,0.30042001729129264,0.40960968211637877,-0.03475795452410799,0.40755931869461604,0.10654276550101327,-0.15382760610413174,0.326063513811906,-0.3655635247198531,0.40811398699210333,0.30222563829773624,0.0056358964068179244,-0.36648789661313447,-0.1591659409538393,-0.19920886360323461,0.0032742636460125754,0.12712600791012588,0.2980784936319152,0.25463920576500104,-0.08316463514227185
Thal_LP_L,0.09695003486794601,0.5834422179922247,-0.02169179815404187,0.46913868111008156,0.2129618297876415,0.3804611231730882,0.3298117470078771,0.13510578369012002,1.0,0.6998858334021573,-0.04063037793361439,0.1517700711640202,-0.1270884045307901,0.28850657021795695,0.10715704037972619,0.6084825526753417,-0.3006521576843222,0.4360860387032931,0.7758403164283869,0.4573826792829586,-0.25568584140935,0.366288326815637,-0.12505337177094922,0.15406644932518498,0.1644574640316727,0.1697595024458061,-0.08073260236587812,0.20376467095720516,-0.06544467766736776,0.6262340210578791,0.20921384198823959,0.07921136120955559,0.31931907120129954,0.5915731913415948,0.10070897995506732,0.20496403648419273,0.5484263197162355,0.05397333367281758,-0.28550840279311207,0.29470540185522065,0.6499741950074825,0.3039607552962999,-0.4128165615940235,0.10684411323995557,-0.07095336344193312,0.5657576951277749,0.48272777517409093,0.296195247758079,0.4427074173441499,-0.45300187668244596
Temporal_Sup_R,0.16085518793784473,0.727763980778437,0.02968977631239116,0.5491092712359951,0.2570439617009863,0.39932910676656114,0.5447581868642382,0.1705464109042353,0.6998858334021573,1.0,0.09395733529563159,0.39011863265344815,0.054070236416470394,0.43202329582283516,0.4322519615523853,0.7323373707163942,-0.13558370985361407,0.6208880567596465,0.647015253544699,0.6778035695214368,-0.28019952385257224,0.2944840896291804,-0.18475979177673024,0.3486545610385023,0.2691680135560704,0.24927673016562482,-0.04504072075624634,0.17893436154770223,0.08153897649518908,0.8315020542821816,0.24018834110591628,0.2796375014968109,0.3947947759898514,0.862849365391087,0.3345480797415655,0.3507895481068546,0.805052519253153,0.12250345500325996,-0.19267164747117269,0.4062095214329631,0.6534111735560635,0.5023142005215012,-0.33251455790787676,0.19187333496840048,0.09409736162771278,0.7806755156978733,0.7293008146554077,0.2554285411036824,0.6221980455529508,-0.5723173844923473
VTA_L,0.19754104349552687,0.272475842662154,0.6180838359674907,0.021862433645074973,0.38755370895104163,-0.27374084150962086,0.49015816248817096,0.22849571757263415,-0.04063037793361439,0.09395733529563159,1.0,0.5715102104109009,0.39588206141760257,0.4099055197226411,0.6079955690952549,0.17122790301083896,0.014061792563318715,-0.030306590821462885,0.1307717262871934,0.07496264663551626,0.09746949498929924,0.46173034457248413,0.37979925645940804,0.36314626451863646,0.02874183643004178,0.16455113117608258,0.08185472654983401,0.6223584857698174,0.42079703416553166,-0.1771919462120306,0.49480308801445166,0.4126038867505654,-0.0626208851150758,-0.13921029317135858,0.6744963146079276,0.6846588103790492,-0.18885449371558968,0.6519975055212741,0.02939661183097106,0.5409335460283757,0.2671264249988995,0.4809661522650301,0.13327773837797263,0.4724300230094264,-0.15328898805143076,-0.24207834229411976,-0.10535459284612451,0.5535880524880936,-0.17005688114764875,0.22219102416059536
Red_N_L,0.33293647390329023,0.42781995584986166,0.6312666821541062,0.24664219375796864,0.35592200529680573,-0.10608747208267731,0.7893931852176651,0.04124943367330108,0.1517700711640202,0.39011863265344815,0.5715102104109009,1.0,0.4768317093050108,0.7692203916226169,0.7949787437955053,0.2676319652526523,0.027833397778913183,0.20381740221204186,0.24948226488988956,0.4336920220360464,-0.014514740296394869,0.47005618874914806,0.4508388811222012,0.5918652195372228,-0.1695186345730894,0.27666561660583705,-0.01682384075366311,0.5314313245980274,0.4918146304225377,0.1025430464765566,0.5618580248526313,0.4900792591905056,-0.07089079937934645,0.2577623948641292,0.6877925210623503,0.6506850897790925,0.14698194095391307,0.5835544249890405,-0.10281698677229065,0.6451754097293776,0.30126224802178336,0.661468307426271,-0.0004124840140973103,0.5817765232049109,-0.09890435367160483,0.05580124306918,0.21379874948158464,0.4794564571820655,-0.04438922879862073,0.07075376712302554
OFCmed_L,-0.14216635289802831,-0.00797126432413856,0.6135791200231546,0.10339791902329934,0.3116453839834825,-0.15740464933053255,0.4669226020632912,0.2906381994409963,-0.1270884045307901,0.054070236416470394,0.39588206141760257,0.4768317093050108,1.0,0.48807828978267737,0.37102514379675294,-0.025789053805416625,0.041114441293674364,-0.31142702992986365,-0.02588819564073066,0.24030662326783825,0.043788523971445156,0.08658015814756956,-0.03405584809184889,0.6662388706327623,0.0451073107782638,-0.20403568651571877,0.007186768801137094,0.4658762457226624,0.5555106032807118,-0.16844492168461084,0.1039573490000804,0.49741629956183225,-0.05055448535472321,-0.0667049311412887,0.5265467442076093,0.13246682711917654,-0.1458592682394861,0.4101688425662887,-0.18725764439330245,0.5345539968995932,0.10801389345185079,0.2734648872886621,-0.05975578221056809,0.15117423977965538,-0.2635465562783854,-0.16464603668096509,0.15370726743642105,0.3452532387028399,0.07021228923150566,0.09511448145057054
SN_pr_R,0.15368927335734686,0.5093892992658936,0.6441668925343533,0.4522963527802533,0.3129324362542237,0.03477595813039808,0.8327866075148137,0.154487403670155,0.28850657021795695,0.43202329582283516,0.4099055197226411,0.7692203916226169,0.48807828978267737,1.0,0.543662819478436,0.22664704644230402,-0.048087988522148045,0.01154965018383413,0.23438491452970694,0.4394925460882889,-0.1233579312537966,0.4081197892166991,0.14724331256268058,0.6826107644390358,-0.17590343714163958,0.014870825284957258,-0.11133523595690144,0.5837367531939216,0.6018927038979469,0.14362780799267155,0.3983992202249676,0.5334536452820067,-0.05720114935395727,0.3671841279155089,0.6313657032616032,0.5151801175292736,0.22192164081646473,0.5791164975365559,-0.3845998021734318,0.653991001311262,0.25261848464311526,0.6159416128883796,-0.16005717930317512,0.3319585596701483,-0.016936409273423447,0.18686933294734026,0.3726844776077724,0.5151196576596024,0.0820850596512571,-0.14776132860388144
Hippocampus_L,0.4470706520791865,0.43018887135282946,0.5724491855981155,0.2717396527168555,0.46570270112436746,-0.06193969003834358,0.7035938747285158,0.06162415567418011,0.10715704037972619,0.4322519615523853,0.6079955690952549,0.7949787437955053,0.37102514379675294,0.543662819478436,1.0,0.4814798072669456,0.016225815947609582,0.38617832303739524,0.3061803230065613,0.4439031618009857,-0.0025370552201307035,0.46923124291964674,0.38137772597691644,0.3701156238073334,0.008042889746981596,0.48384719245357366,0.05934242309416189,0.4956680133142074,0.34832087345862567,0.22388140201510195,0.6282676476913701,0.46016711381644393,0.14285797783188045,0.2857156723362382,0.6938338830905958,0.7267873536671353,0.26207914588679726,0.580251121915105,0.08824068478055191,0.630712553514528,0.4206079687691849,0.6946776373680761,0.15518589482096648,0.60195049719058,0.02984047482025894,0.19132262554834914,0.22627292477436609,0.48425731558120666,0.030135817622614875,0.06657855689659638
Thal_LGN_R,0.2549621689666256,0.537408222576714,0.15095362298771606,0.3873167518870432,0.41404467227637565,0.4107439459447369,0.43432013311407175,0.18541981791146142,0.6084825526753417,0.7323373707163942,0.17122790301083896,0.2676319652526523,-0.025789053805416625,0.22664704644230402,0.4814798072669456,1.0,-0.15654924206186593,0.6975713858600711,0.7853155525977336,0.45796140953044223,-0.14905550496020162,0.41503504119741985,-0.04130728736526032,0.19767712293478715,0.2638634872824176,0.4415937003246545,-0.08762331255697291,0.2568368408642508,0.0020601756662071064,0.6627823949912166,0.3201052245508074,0.16044688037058422,0.49129986292660593,0.573503356565274,0.26873794249190214,0.43959662176847747,0.6572130355138937,0.22326046438720823,-0.04037006593782696,0.4054528086182665,0.7951999283772118,0.5252033813043326,-0.1585315252732913,0.23926927600385034,0.1269304750005576,0.6041542568687838,0.4397728366364595,0.35827910264022955,0.39796116145667393,-0.37738548958396034
Occipital_Mid_L,0.10740055562173764,-0.10297544870928424,0.0301879732825603,-0.20199807634182007,-0.06079376987577234,-0.010571569395525199,0.017934885004826106,-0.10710131214855634,-0.3006521576843222,-0.13558370985361407,0.014061792563318715,0.027833397778913183,0.041114441293674364,-0.048087988522148045,0.016225815947609582,-0.15654924206186593,1.0,-0.007996777463339903,-0.15584041620769046,-0.07782386723194101,0.1210943774717726,-0.011174309076202996,0.20578303798393988,-0.06060127993296567,-0.06285364242303401,0.04792242942544128,-0.11640134858174321,-0.053923694070559296,0.10958381830590791,-0.07539284397489306,0.03631102217587264,0.099316012847261,-0.007936827381334397,-0.13099371063133186,-0.015496210855918381,0.011013416519553544,-0.044834952939904034,0.08293751512058578,0.2102013657998465,-0.050584275092881686,-0.10937626823431297,0.05605781436699627,0.2981004830986433,0.12300182619207722,0.05571429495421192,-0.15393425955737394,-0.15264892463254037,0.05849884752365751,-0.20839183435219139,0.0450942092123617
Thal_MGN_R,0.42550341237307854,0.39563517109235935,-0.23592310729939853,0.1453360646824054,0.17041285828818778,0.3803782265648676,0.21108885863523463,-0.18822000448473858,0.4360860387032931,0.6208880567596465,-0.030306590821462885,0.20381740221204186,-0.31142702992986365,0.01154965018383413,0.38617832303739524,0.6975713858600711,-0.007996777463339903,1.0,0.5469893730321033,0.36232842188105396,-0.11402976619555533,0.22640275515789232,0.14106227761186863,-0.09734719744467145,0.041949315881387436,0.5900958822817004,-0.05546670761512118,-0.13946914473654243,-0.2644450750805864,0.66363497076973,0.24246849062283726,-0.01879236998301418,0.2668404258524301,0.5862778538429444,-0.016084711785127177,0.30422878775087137,0.7229560376809059,-0.10103086887918851,0.15755264032606284,0.04719246775228738,0.4961131756553047,0.36678963025636624,0.04832407772140413,0.2334169913707683,0.3235984145231883,0.5843459432163177,0.3388644183711123,0.024570742038802978,0.29626994657691447,-0.29065900151964696
Thal_VPL_R,0.11132174830566752,0.5386807611035738,0.15463029880979362,0.33799917570045257,0.44204224480309895,0.4095908206629193,0.3980866742030813,0.20550509682027038,0.7758403164283869,0.647015253544699,0.1307717262871934,0.24948226488988956,-0.02588819564073066,0.23438491452970694,0.3061803230065613,0.7853155525977336,-0.15584041620769046,0.5469893730321033,1.0,0.41176219562705335,-0.20047671056022165,0.49733086806797533,-0.026252284490335984,0.15328791962863453,0.2184519020117358,0.2859336639188982,-0.07459565832531496,0.3169384787568743,-0.07928134274049829,0.5344835393153167,0.3200532532721473,0.09637502418090738,0.41969632173771443,0.45871455000044353,0.21627389571380504,0.36243368417385174,0.48425052104237104,0.18844008928015404,-0.18264070338175356,0.365115842220747,0.8352145407938221,0.5100675470389716,-0.28763069425084703,0.3140863098850873,-0.1033111608766314,0.4475031812890661,0.37458012837274746,0.4496835573688508,0.3436306760881211,-0.35604409152499195
Thal_Re_L,0.10969926622983474,0.4291622889713059,0.21198622402834796,0.5768892186019988,0.2474625756876923,0.25083410115345267,0.5751901148347739,0.08627099048608293,0.4573826792829586,0.6778035695214368,0.07496264663551626,0.4336920220360464,0.24030662326783825,0.4394925460882889,0.4439031618009857,0.45796140953044223,-0.07782386723194101,0.36232842188105396,0.41176219562705335,1.0,-0.18892606141802465,0.14501477236703206,-0.16456322072025284,0.2898279679227438,0.1597241141906342,0.12360934021730675,0.023006940979703964,0.14232472949022884,0.14784126719286378,0.5636396584197619,0.22883060571079084,0.22642548751153374,0.33357167299994406,0.5953756435079527,0.37542878875622426,0.19865144665508563,0.5456601562366782,0.11532200577113806,-0.1921832734042531,0.47717726046367304,0.4042401656069818,0.5106985152293622,-0.2112451684346089,0.30075122524194514,-0.08342070851139699,0.5516542199272306,0.5745517792678979,0.2163905137469593,0.4697852805571641,-0.3634730372778225
Vermis_6,0.2741062092023589,-0.1855344177638425,0.01729161088261077,-0.12677331024012012,0.10278979352132296,-0.2035854492896052,-0.05620344050376516,-0.270801825623141,-0.25568584140935,-0.28019952385257224,0.09746949498929924,-0.014514740296394869,0.043788523971445156,-0.1233579312537966,-0.0025370552201307035,-0.14905550496020162,0.1210943774717726,-0.11402976619555533,-0.20047671056022165,-0.18892606141802465,1.0,0.07596962888202982,0.26167869598246896,-0.12573215595532278,-0.2986191357073406,0.20035783742185378,-0.08025314863489627,0.025174383977553207,-0.014912075107497603,-0.1937132384904444,0.14579087910585664,-0.08192106384930031,-0.23959749148320242,-0.16590313788793581,-0.10108888866184425,0.0374338062413234,-0.15315104661668555,0.10065872005502406,0.3204106762318722,-0.1351057859502065,-0.14016005193734946,0.022237824703139557,0.31086447750592067,0.1726531967788248,0.02332901332438957,-0.19667361883738868,-0.2859699157962945,0.0574579624059797,-0.3123016738422886,0.22711065115450388
Supp_Motor_Area_L,0.4139359163758434,0.5176693947518728,0.39395976438988833,0.0993076384441035,0.383703982087252,0.09989069885991726,0.5271413343840963,-0.0728218178513854,0.366288326815637,0.2944840896291804,0.46173034457248413,0.47005618874914806,0.08658015814756956,0.4081197892166991,0.46923124291964674,0.41503504119741985,-0.011174309076202996,0.22640275515789232,0.49733086806797533,0.14501477236703206,0.07596962888202982,1.0,0.4249567575570471,0.24656582232003948,-0.2526081051510124,0.402622671256337,-0.009606113484331982,0.5898320325806847,0.12741575575139927,0.17237059937186205,0.7588757743544295,0.20407939566686686,0.009082761422568818,0.1358961990339436,0.35974799436482596,0.6738907629733297,0.14546062680812794,0.6609040252763893,0.048689687163553694,0.33824562140827286,0.4495204662043348,0.5844338836088558,0.050661692800736,0.6144734341480639,0.02422200750365232,0.030385818873036274,0.04235451630154444,0.719968097828811,-0.10881104778944797,0.05860987403060447
VTA_R,0.5781671901171542,0.02334164314547932,0.16623724899214903,-0.38948015742183495,5.922348101850723e-05,-0.299725841174063,0.18258540072516355,-0.3403559299696593,-0.12505337177094922,-0.18475979177673024,0.37979925645940804,0.4508388811222012,-0.03405584809184889,0.14724331256268058,0.38137772597691644,-0.04130728736526032,0.20578303798393988,0.14106227761186863,-0.026252284490335984,-0.16456322072025284,0.26167869598246896,0.4249567575570471,1.0,0.03836285519309333,-0.492947115148034,0.5241287741777555,-0.11700437658196368,0.15592310449833185,0.07440553663209663,-0.2810764028382708,0.5460872720678668,0.12107469046137605,-0.39046090280165735,-0.2581419287823351,0.1446496885233619,0.4579245055797826,-0.1852720333816342,0.30999911674712793,0.2672707084993524,0.04463661803962315,-0.07585711295075302,0.3024875402906842,0.38808144851656956,0.5087413760940975,-0.009763902045351977,-0.39170921063939323,-0.4099880077550446,0.2039404643035359,-0.584504578014485,0.4116376154259565
N_Acc_L,-0.020149733830192577,0.2661870089633202,0.5510992204129096,0.1508585234227294,0.29222798922961,-0.03702820753309856,0.5799642960732305,0.3498827793791092,0.15406644932518498,0.3486545610385023,0.36314626451863646,0.5918652195372228,0.6662388706327623,0.6826107644390358,0.3701156238073334,0.19767712293478715,-0.06060127993296567,-0.09734719744467145,0.15328791962863453,0.2898279679227438,-0.12573215595532278,0.24656582232003948,0.03836285519309333,1.0,0.053155637519170074,-0.07201751128343455,-0.09170211206004238,0.49798398161018137,0.7325082516770637,0.03747648350579208,0.18293869503855587,0.6642854794791687,-0.06816857671437852,0.20340005224463784,0.54529893305494,0.26632124098126225,0.06954845128918512,0.4478248240250235,-0.19723203960044997,0.6596298734657888,0.31477503088066294,0.3165735374977047,-0.14171775583570154,0.11798175979752507,-0.22758664568524686,0.011000349227259029,0.26006765102676843,0.3431156789889102,0.15437441301130309,-0.07396590410068603
OFClat_R,-0.5496756735429943,0.10270104013157821,0.14932139276164935,0.20507175475802275,0.14444158472454893,0.19786379357330186,-0.018181864131032836,0.7104059667588313,0.1644574640316727,0.2691680135560704,0.02874183643004178,-0.1695186345730894,0.0451073107782638,-0.17590343714163958,0.008042889746981596,0.2638634872824176,-0.06285364242303401,0.041949315881387436,0.2184519020117358,0.1597241141906342,-0.2986191357073406,-0.2526081051510124,-0.492947115148034,0.053155637519170074,1.0,-0.369122722367945,0.11299841085641849,0.23070169396887508,0.172740652836054,0.1169830848076469,-0.3401459778276853,0.17774872226508492,0.6399974346291449,0.07051567026094448,0.33408048648116395,-0.040662343811621496,0.008238756003855405,0.09905842690919409,-0.15489485565671696,0.3483171001689529,0.3993554845504749,-0.08487273724185743,-0.37442577810365574,-0.17744465572347162,-0.1772433587748021,0.17613640119266033,0.1017159271756457,0.11048909587904218,0.5138679495209748,-0.2190857123694383
Precuneus_R,0.9206398833897325,0.19329180724460018,-0.11577089023133527,-0.02266080372550343,0.15962054720108032,-0.10856172017017869,0.1440109195734004,-0.4155642802350436,0.1697595024458061,0.24927673016562482,0.16455113117608258,0.27666561660583705,-0.20403568651571877,0.014870825284957258,0.48384719245357366,0.4415937003246545,0.04792242942544128,0.5900958822817004,0.2859336639188982,0.12360934021730675,0.20035783742185378,0.402622671256337,0.5241287741777555,-0.07201751128343455,-0.369122722367945,1.0,-0.09554780500448554,-0.08703616045322726,-0.1550170890533435,0.3461416943328758,0.6966009586202954,0.014485860875061663,-0.12669522813756495,0.2500253694412424,-0.030950064463837464,0.39339273282930937,0.39381007420733494,0.04465556292283613,0.5419993211369349,-0.007587826961573559,0.2449275351099623,0.411839586166902,0.5589747467882653,0.39340995410098184,0.13188152720794355,0.2250794556154507,0.03743009973079998,0.06602251551079989,-0.2695224702462331,0.2057276393131244
Occipital_Inf_L,-0.11177612318816384,0.04384448337660918,0.047064373830697316,0.04149836392234502,0.10041404646749294,-0.12294851450484286,-0.0469987347926212,0.05474943139779263,-0.08073260236587812,-0.04504072075624634,0.08185472654983401,-0.01682384075366311,0.007186768801137094,-0.11133523595690144,0.05934242309416189,-0.08762331255697291,-0.11640134858174321,-0.05546670761512118,-0.07459565832531496,0.023006940979703964,-0.08025314863489627,-0.009606113484331982,-0.11700437658196368,-0.09170211206004238,0.11299841085641849,-0.09554780500448554,1.0,0.003024327656905739,-0.02218168330032269,-0.011393262403416024,-0.03131763293186626,0.017850068614883516,0.10609527497560411,-0.04650213486176444,0.024063502666268673,0.06851755577434097,-0.09470160062006787,0.030906545305208973,0.10322941708281118,-0.004770085633650357,0.0034905100878752657,-0.05247305805544827,-0.0082336534972571,0.09398793854417781,0.0642296968893789,-0.0006242712841447431,-0.037126685018696974,0.0007094030261620455,0.0918764879444436,0.12391620475423155
Frontal_Sup_2_L,-0.0527942531578649,0.34031289999028985,0.8173030444749326,0.2448046093862363,0.45603022214979494,-0.04159036200393134,0.6628386100546738,0.5080423176685975,0.20376467095720516,0.17893436154770223,0.6223584857698174,0.5314313245980274,0.4658762457226624,0.5837367531939216,0.4956680133142074,0.2568368408642508,-0.053923694070559296,-0.13946914473654243,0.3169384787568743,0.14232472949022884,0.025174383977553207,0.5898320325806847,0.15592310449833185,0.49798398161018137,0.23070169396887508,-0.08703616045322726,0.003024327656905739,1.0,0.5173940489258946,-0.14301344549575895,0.4145579531566446,0.45665354746992076,0.1664533234977491,-0.0489349990004319,0.6924717641953557,0.6164263596571168,-0.18606005386672037,0.9068330571138806,-0.23922598609476273,0.6999951050481555,0.4220845543963372,0.5076337645359932,-0.1705803415400104,0.4057943756402742,-0.16017660249193294,-0.12950313221538817,-0.014372850831235028,0.886320124337961,-0.027202741327389982,0.13821718773274663
Rectus_L,-0.050791035535343136,0.25457920067612694,0.6709079596980594,0.1468601482398483,0.29775830096931943,-0.17225220551641268,0.5117996965735129,0.3398770013909074,-0.06544467766736776,0.08153897649518908,0.42079703416553166,0.4918146304225377,0.5555106032807118,0.6018927038979469,0.34832087345862567,0.0020601756662071064,0.10958381830590791,-0.2644450750805864,-0.07928134274049829,0.14784126719286378,-0.014912075107497603,0.12741575575139927,0.07440553663209663,0.7325082516770637,0.172740652836054,-0.1550170890533435,-0.02218168330032269,0.5173940489258946,1.0,-0.24796950497022782,0.15281145766405047,0.8143698554342511,-0.04064258434179587,-0.08854047540154425,0.6662747212286347,0.27876391437610243,-0.15273493564099583,0.5601571156827854,-0.08978321258516446,0.6945811014870807,0.19910143964553784,0.28492186164794775,0.015636528587633012,0.20275798331797898,-0.2716641527670664,-0.2008739084799459,-0.08410154240855937,0.3195331420263561,0.04352311056908896,0.0976969433174557
Vermis_4_5,0.2505720196942171,0.5328088860504854,-0.2558827857489432,0.5692102434194368,0.14045657977400042,0.5060964197034783,0.28497336773805604,-0.06463586351707777,0.6262340210578791,0.8315020542821816,-0.1771919462120306,0.1025430464765566,-0.16844492168461084,0.14362780799267155,0.22388140201510195,0.6627823949912166,-0.07539284397489306,0.66363497076973,0.5344835393153167,0.5636396584197619,-0.1937132384904444,0.17237059937186205,-0.2810764028382708,0.03747648350579208,0.1169830848076469,0.3461416943328758,-0.011393262403416024,-0.14301344549575895,-0.24796950497022782,1.0,0.132226591035951,-0.035581298654896884,0.472152636047696,0.8858969827536815,-0.02984690725313575,0.15886077369885995,0.8958858182812712,-0.15491698229869544,0.03016544811277914,0.07845556792507871,0.46677200899440063,0.2992799506928353,-0.17318432880468845,0.0502312561373767,0.2157660817605373,0.9068677764295482,0.7657600583253992,0.054110970357732505,0.5705867275439969,-0.5839978539124114
Postcentral_L,0.7638781012906054,0.36894210165935576,0.38708262257188497,0.14139294549374887,0.35404844272527475,-0.2170469814438758,0.5364236194558678,-0.20840495555958108,0.20921384198823959,0.24018834110591628,0.49480308801445166,0.5618580248526313,0.1039573490000804,0.3983992202249676,0.6282676476913701,0.3201052245508074,0.03631102217587264,0.24246849062283726,0.3200532532721473,0.22883060571079084,0.14579087910585664,0.7588757743544295,0.5460872720678668,0.18293869503855587,-0.3401459778276853,0.6966009586202954,-0.03131763293186626,0.4145579531566446,0.15281145766405047,0.132226591035951,1.0,0.19671838487134966,-0.11080359760034834,0.10669311136186713,0.390638322446937,0.6403847806715595,0.107280948858974,0.5284902871528935,0.3195586395798071,0.38029232016829023,0.2921839605983731,0.6916516236638931,0.41446708378164904,0.650527275255248,-0.08437994048268116,0.00201961227131316,-0.001544085388457524,0.5633709907528233,-0.30920547450668245,0.30655920204473347
OFCmed_R,0.038431181505868196,0.3933910750591571,0.46222236359423124,0.056901618043590875,0.2828556742610451,-0.10918371995479463,0.46008664273715133,0.30042001729129264,0.07921136120955559,0.2796375014968109,0.4126038867505654,0.4900792591905056,0.49741629956183225,0.5334536452820067,0.46016711381644393,0.16044688037058422,0.099316012847261,-0.01879236998301418,0.09637502418090738,0.22642548751153374,-0.08192106384930031,0.20407939566686686,0.12107469046137605,0.6642854794791687,0.17774872226508492,0.014485860875061663,0.017850068614883516,0.45665354746992076,0.8143698554342511,-0.035581298654896884,0.19671838487134966,1.0,-0.03833650655691151,0.09351942120589501,0.5584980250703064,0.3152755030895989,0.05324973180500725,0.47238407712382013,-0.043747945912217534,0.5736677475000642,0.3204959671775414,0.2818210770400391,0.003943463026330186,0.2825315375295249,-0.13168001439684796,-0.05349811305769429,0.12186902823815478,0.27534646138482094,0.1299167629995173,-0.015242483570150962
Temporal_Mid_L,-0.2609363145208447,0.27418545383200255,0.18455607648139166,0.5669368388157429,0.1965177201643961,0.5139416996836849,0.17764240237771842,0.40960968211637877,0.31931907120129954,0.3947947759898514,-0.0626208851150758,-0.07089079937934645,-0.05055448535472321,-0.05720114935395727,0.14285797783188045,0.49129986292660593,-0.007936827381334397,0.2668404258524301,0.41969632173771443,0.33357167299994406,-0.23959749148320242,0.009082761422568818,-0.39046090280165735,-0.06816857671437852,0.6399974346291449,-0.12669522813756495,0.10609527497560411,0.1664533234977491,-0.04064258434179587,0.472152636047696,-0.11080359760034834,-0.03833650655691151,1.0,0.3380915787680445,0.22060379957277995,0.09149653668384006,0.34634103956071166,0.11376196203577602,-0.06650622789338866,0.2846055134358631,0.4261573426646696,0.18858875845604914,-0.2989160498426826,-0.04306895346126519,-0.04963411657801889,0.5175649494146707,0.4081679570550358,0.250716141883541,0.532981316406266,-0.3927925294514606
Fusiform_R,0.1988039195502726,0.5909328376568226,-0.1514498704600145,0.6329532090273032,0.07443192551489056,0.44410577062930984,0.39100742861955445,-0.03475795452410799,0.5915731913415948,0.862849365391087,-0.13921029317135858,0.2577623948641292,-0.0667049311412887,0.3671841279155089,0.2857156723362382,0.573503356565274,-0.13099371063133186,0.5862778538429444,0.45871455000044353,0.5953756435079527,-0.16590313788793581,0.1358961990339436,-0.2581419287823351,0.20340005224463784,0.07051567026094448,0.2500253694412424,-0.04650213486176444,-0.0489349990004319,-0.08854047540154425,0.8858969827536815,0.10669311136186713,0.09351942120589501,0.3380915787680445,1.0,0.06860390284232708,0.18436721715081714,0.8773334158717843,-0.09544995675912171,-0.13473640068341525,0.14702979126451637,0.390984054504147,0.3297682694265641,-0.26079584017698476,0.027005090102037877,0.23939671018242728,0.9215958003519404,0.8010288590759091,0.047605796482746474,0.5444263098906599,-0.6222835395961072
SN_pr_L,-0.010630048398493729,0.4183790036821705,0.7807899326081076,0.3150413395541071,0.4775167074453953,-0.06333217316910203,0.7017626450889826,0.40755931869461604,0.10070897995506732,0.3345480797415655,0.6744963146079276,0.6877925210623503,0.5265467442076093,0.6313657032616032,0.6938338830905958,0.26873794249190214,-0.015496210855918381,-0.016084711785127177,0.21627389571380504,0.37542878875622426,-0.10108888866184425,0.35974799436482596,0.1446496885233619,0.54529893305494,0.33408048648116395,-0.030950064463837464,0.024063502666268673,0.6924717641953557,0.6662747212286347,-0.02984690725313575,0.390638322446937,0.5584980250703064,0.22060379957277995,0.06860390284232708,1.0,0.6047305451265736,-0.037609592628908235,0.7059315639811758,-0.17931474717992057,0.8366394810447942,0.41145578464942256,0.5799416351210872,-0.13201987130803194,0.453269108425316,-0.22288568301827755,-0.0251205496133886,0.09010165858494139,0.5929987511057522,0.19067578592688067,0.04119525630650783
SN_pc_R,0.3804158700715057,0.6027232747292282,0.5384483113156228,0.18906942056367423,0.4064282135616664,0.0060237617880205836,0.6570642235619868,0.10654276550101327,0.20496403648419273,0.3507895481068546,0.6846588103790492,0.6506850897790925,0.13246682711917654,0.5151801175292736,0.7267873536671353,0.43959662176847747,0.011013416519553544,0.30422878775087137,0.36243368417385174,0.19865144665508563,0.0374338062413234,0.6738907629733297,0.4579245055797826,0.26632124098126225,-0.040662343811621496,0.39339273282930937,0.06851755577434097,0.6164263596571168,0.27876391437610243,0.15886077369885995,0.6403847806715595,0.3152755030895989,0.09149653668384006,0.18436721715081714,0.6047305451265736,1.0,0.16008499171547713,0.6927359255921737,0.03686657229044192,0.5170427459953223,0.4207178531957329,0.6386834593176901,0.08345398732831022,0.6010367285231951,0.10470559010159775,0.10352518294328278,0.016112798028102615,0.65810258840008,-0.08102366027260637,0.055877701571479664
Calcarine_R,0.30802018898421396,0.5502949828636112,-0.2605249785209685,0.49193033394263497,0.10285774574100401,0.5069101348665819,0.3075918578786951,-0.15382760610413174,0.5484263197162355,0.805052519253153,-0.18885449371558968,0.14698194095391307,-0.1458592682394861,0.22192164081646473,0.26207914588679726,0.6572130355138937,-0.044834952939904034,0.7229560376809059,0.48425052104237104,0.5456601562366782,-0.15315104661668555,0.14546062680812794,-0.1852720333816342,0.06954845128918512,0.008238756003855405,0.39381007420733494,-0.09470160062006787,-0.18606005386672037,-0.15273493564099583,0.8958858182812712,0.107280948858974,0.05324973180500725,0.34634103956071166,0.8773334158717843,-0.037609592628908235,0.16008499171547713,1.0,-0.16853551513636647,-0.010718509246048896,0.05167616789583628,0.4081293078746392,0.34068178340124916,-0.12298491094140936,0.03469782173618167,0.32772369942666063,0.8877765387521052,0.7028221666086091,-0.01157807606858973,0.5208776818634463,-0.5992682466333258
Frontal_Sup_2_R,0.1309143402960226,0.3382819565958588,0.8137173204086553,0.1842184240976105,0.48131366420299176,-0.10760377535861491,0.7035086126609811,0.326063513811906,0.05397333367281758,0.12250345500325996,0.6519975055212741,0.5835544249890405,0.4101688425662887,0.5791164975365559,0.580251121915105,0.22326046438720823,0.08293751512058578,-0.10103086887918851,0.18844008928015404,0.11532200577113806,0.10065872005502406,0.6609040252763893,0.30999911674712793,0.4478248240250235,0.09905842690919409,0.04465556292283613,0.030906545305208973,0.9068330571138806,0.5601571156827854,-0.15491698229869544,0.5284902871528935,0.47238407712382013,0.11376196203577602,-0.09544995675912171,0.7059315639811758,0.6927359255921737,-0.16853551513636647,1.0,-0.04686453919505514,0.6640193716575628,0.3480406235833301,0.589374247423115,0.011593513071974888,0.5419460774632596,-0.09291396275023786,-0.1764913931808393,-0.08884836584881008,0.8510525894527048,-0.1204939543802044,0.2523950834925938
Cuneus_L,0.5590930718315285,-0.2322537984527264,-0.17761675780253444,-0.17877418913574616,0.07497603798036764,-0.24335282932553529,-0.17302254045461973,-0.3655635247198531,-0.28550840279311207,-0.19267164747117269,0.02939661183097106,-0.10281698677229065,-0.18725764439330245,-0.3845998021734318,0.08824068478055191,-0.04037006593782696,0.2102013657998465,0.15755264032606284,-0.18264070338175356,-0.1921832734042531,0.3204106762318722,0.048689687163553694,0.2672707084993524,-0.19723203960044997,-0.15489485565671696,0.5419993211369349,0.10322941708281118,-0.23922598609476273,-0.08978321258516446,0.03016544811277914,0.3195586395798071,-0.043747945912217534,-0.06650622789338866,-0.13473640068341525,-0.17931474717992057,0.03686657229044192,-0.010718509246048896,-0.04686453919505514,1.0,-0.18024103378800777,-0.05750012898663434,0.04298426288387573,0.6840116436010456,0.18728801256969405,0.02999057415800282,-0.10017864462710119,-0.24316729287022112,-0.11237267978303934,-0.25125221615793025,0.4288961698201961
