,Thal_VPL_L,Insula_R,Temporal_Sup_R,Frontal_Med_Orb_R,Thal_PuM_R,VTA_L,Supp_Motor_Area_R,Cerebellum_4_5_R,Cingulate_Post_L,Frontal_Med_Orb_L,Frontal_Sup_Medial_R,SN_pc_R,Paracentral_Lobule_R,Thal_MDm_R,SupraMarginal_R,Thal_IL_L,Temporal_Inf_R,Precuneus_R,OFCpost_R,Cerebellum_8_L,Frontal_Inf_Orb_2_L,Temporal_Pole_Mid_L,Frontal_Inf_Tri_L,OFCmed_R,OFCpost_L,Precentral_R,Temporal_Pole_Mid_R,ParaHippocampal_R,Thal_MDl_R,Cerebellum_9_L,VTA_R,Postcentral_R,Cingulate_Mid_L,Vermis_3,OFClat_L,Temporal_Mid_L,Occipital_Inf_R,N_Acc_R,Cerebellum_10_R,Lingual_R,Amygdala_L,Rolandic_Oper_L,Cerebellum_7b_L,Pallidum_L,ParaHippocampal_L,Vermis_4_5,OFClat_R,Rolandic_Oper_R,Olfactory_L,Frontal_Inf_Orb_2_R,Cerebellum_6_L,Fusiform_L,Calcarine_R,Cingulate_Mid_R,SN_pr_R,Occipital_Mid_L,Parietal_Sup_L,Parietal_Inf_R,Cerebellum_4_5_L,Rectus_R,Fusiform_R,Red_N_L,OFCant_R,Cerebellum_9_R,Thal_LP_L,Pallidum_R,Putamen_L,SN_pr_L,Thal_VA_R,Thal_LP_R,Occipital_Sup_R,Vermis_1_2,Cerebellum_7b_R,Occipital_Inf_L,Hippocampus_L,Cerebellum_Crus1_L,Thal_MDm_L,Thal_VL_R,Thal_MGN_L,Thal_Re_L,ACC_sub_L,ACC_sub_R,Hippocampus_R,N_Acc_L,Frontal_Inf_Oper_R,Thal_AV_R,SupraMarginal_L,SN_pc_L,Supp_Motor_Area_L,Temporal_Pole_Sup_L,ACC_sup_R,Olfactory_R,Heschl_L,Thal_VPL_R,Raphe_D,Parietal_Sup_R,Occipital_Mid_R,Angular_L,Cerebellum_6_R,Parietal_Inf_L,Frontal_Sup_Medial_L,Thal_PuI_R,Thal_PuA_R,Red_N_R,Thal_IL_R,Cerebellum_Crus1_R,Amygdala_R,Paracentral_Lobule_L,Cerebellum_10_L,Putamen_R,Thal_LGN_L,Thal_PuL_L,Postcentral_L,ACC_pre_L,Thal_LGN_R,Temporal_Pole_Sup_R,Precentral_L,Cerebellum_8_R,Vermis_8,Thal_PuM_L
Thal_VPL_L,1.0,0.49007338568064285,0.6534111735560635,0.13323903161943815,0.6601472119856503,0.2671264249988995,0.6267625641047708,0.36734642982698745,0.5920474714057815,0.23153202881683937,0.31388242370564234,0.4207178531957329,0.36318532683065313,0.4772411349068492,0.4511102224378919,0.5545296140322075,0.22492449367850362,0.2449275351099623,0.042869312449132675,0.04508419289862206,-0.2062689918353771,-0.05787080731934813,0.26964839582433675,0.3204959671775414,-0.0254386761242602,0.6515322558859576,-0.12984609536433084,0.6477274120361894,0.40317053925123475,0.11502718127339562,-0.07585711295075302,0.3283239011031512,0.5311578326346598,0.3197619369686231,-0.1277980392499012,0.4261573426646696,-0.015805046914294456,0.2453379852914122,-0.1571695329989315,0.42307244532280514,0.5075908190333127,0.6970045168075509,-0.21754798540265702,0.49038078373048827,0.5133676478395112,0.46677200899440063,0.3993554845504749,0.5792484821748283,0.4323171471431019,0.2420577971327034,-0.0040248894176804625,0.3152330617933356,0.4081293078746392,0.5194082081928012,0.25261848464311526,-0.10937626823431297,0.20261920659029148,-0.12515700779041145,0.25819929226276,0.19686907982280008,0.390984054504147,0.30126224802178336,0.23543271799799378,-0.005544557787658146,0.6499741950074825,0.48007179269523875,0.5880605476546782,0.41145578464942256,0.5004710254351331,0.6374926357864509,-0.21421136304770863,0.1311888150012523,-0.024858801644830043,0.0034905100878752657,0.4206079687691849,0.11140062627316559,0.6257882502149683,0.6055408120799696,0.033204950688884176,0.4042401656069818,0.30222563829773624,0.2164894907780323,0.6545058464683764,0.31477503088066294,0.5960746582188836,0.27370521125343605,-0.023900286798114217,0.535524459812215,0.4495204662043348,0.28879443734171556,0.4002012278820556,0.3888820686618561,0.5937628259021422,0.8352145407938221,0.539307712346211,-0.1684392856282028,0.344408180489416,0.10509074227078968,-0.06788611678202353,-0.041469380897863804,0.2840591327143456,0.1547012338495043,0.7605766686026603,0.5719564464483999,0.6862949882750764,0.08460315180212974,0.45941797219842145,0.5935811352815327,-0.1760572195596274,0.6063827167161275,0.6158740983851577,0.3435050745171022,0.2921839605983731,0.20497661097125036,0.7951999283772118,0.3098449989409038,0.6109243860123373,0.1912668547234029,-0.3551785008940715,0.5441030437880889
Insula_R,0.49007338568064285,1.0,0.48227843744524207,0.4009974845299183,0.6218713666282604,0.5334536736683494,0.6100596695498244,0.0896781204804926,0.25746277483698493,0.37567983888191203,0.5836037422992758,0.5310567871054572,0.17875839941573599,0.46623470037339343,0.3292387192770331,0.620718762874746,0.5355834895339462,-0.05595922379997178,0.6205029423395776,0.002819110493175298,-0.3519982577988905,-0.1677024275809437,0.12052068637194552,0.6976508388576836,0.5347349527313633,0.6597879573143485,-0.1290873762595109,0.6260177198807074,0.4979522324788972,-0.040141309393658474,0.08997960443339022,0.48622444928615755,0.6624689012768811,-0.06523789303039358,0.0333151993014493,0.09216835002342598,0.1282097210945452,0.856899664705032,0.08827614593327533,0.0639468642628675,0.6845514270896735,0.6235226327732023,-0.07241740290282074,0.766978991114511,0.6508502498434288,0.11348718804949104,0.13532032776952355,0.8859150219361092,0.5685115922536802,0.22866207652749246,-0.13681744363824128,0.3855280755921485,0.13932721480320565,0.6788043261865669,0.8460127377706301,0.0036395243362829675,0.07897147810031514,-0.09690093555208674,0.143001512156685,0.6732955521716457,0.27096191223097826,0.754501691538078,0.06795909868408137,-0.08037912939405091,0.28150019297371986,0.8591320667578515,0.8488142883331188,0.7653866288572887,0.728043844537406,0.1194999297912585,-0.16333633537488026,0.34070534956572973,0.08248889829087441,-0.033077306856067856,0.5933115884928434,-0.10207260860708968,0.45473236787548404,0.6742643311416914,0.32676681150673614,0.4580243549207459,0.36470762527017103,0.38885810632699697,0.7288660642237035,0.7927891865068621,0.8165612843698243,0.7346948699020021,-0.13238622094447544,0.7911944648435565,0.3945879947742173,0.5379977589808329,0.7214765025149042,0.8041899401625047,0.631637217055125,0.29995639070805036,0.4917747892586733,0.023819259483710324,0.03718099062392334,-0.20027136704571985,-0.13014542975132942,-0.020100925638945777,0.6257071633858333,0.2297676676922641,0.3870240034433855,0.7280616270647718,0.6231911144883505,-0.23437019877360635,0.8779715627430349,0.4882246315009569,-0.013354881709316847,0.8808898480422319,0.49543111374253995,0.28268903505938475,0.33554071483700654,0.5520621735486079,0.33373136665881264,0.9076339451111834,0.6012243264622207,-0.06155039575642802,-0.11468411364379331,0.5745359853086962
Temporal_Sup_R,0.6534111735560635,0.48227843744524207,1.0,0.41887582308480314,0.6586328668722224,0.09395733529563159,0.5247677755660602,0.7806755156978733,0.6292124493785657,0.25423538038389903,0.05342113703962773,0.3507895481068546,0.3507623774711048,0.34234486117372503,0.6498231053347453,0.5023142005215012,0.5649355155899818,0.24927673016562482,0.11305807069756571,-0.08973570160873971,-0.18363009556094131,-0.005388299739805557,0.09693266141805211,0.2796375014968109,-0.037936737014384596,0.5722914739131231,0.09409736162771278,0.9216831675275545,0.2544721379001148,0.03673974646893708,-0.18475979177673024,0.25476494673441974,0.5108530812616545,0.6160143288997283,-0.17566275034135584,0.3947947759898514,0.14324511331543158,0.1836421589038412,-0.45238244824640517,0.7464472341343347,0.43138535815075124,0.5876987673463612,-0.14975902967078117,0.47392266988854936,0.628044045831509,0.8315020542821816,0.2691680135560704,0.4966346487942166,0.4519429277178914,0.37238727624643414,-0.25458829783055303,0.5491092712359951,0.805052519253153,0.5436050192583248,0.43202329582283516,-0.13558370985361407,0.4826180621280318,-0.09405705412756231,0.7272938178640866,0.14675606078182984,0.862849365391087,0.39011863265344815,0.09946684997628631,-0.30153578452999436,0.6998858334021573,0.5447581868642382,0.4062095214329631,0.3345480797415655,0.5606608615641145,0.43364270002131217,-0.33251455790787676,0.5408473985478679,-0.17724396055502542,-0.04504072075624634,0.4322519615523853,0.05573814202608955,0.4469366259167877,0.5594644408610768,-0.11017166977810372,0.6778035695214368,0.1705464109042353,0.11926128178015988,0.797558632761612,0.3486545610385023,0.664729069673126,0.3083758121512569,-0.007833490047651562,0.6644338862739029,0.2944840896291804,0.087876433652942,0.3244543593556151,0.29956345110969884,0.6527804099780546,0.647015253544699,0.727763980778437,-0.5076077550455006,0.4781623904612704,0.24393740686851337,-0.3418120962058494,-0.08459873789410072,0.0955583577689633,0.24285936233830177,0.6149997153979995,0.7975949828014757,0.6948342117045342,0.2015127179154468,0.46093682177259204,0.5170308581094782,-0.43158904770779727,0.643456849145264,0.5722989125306717,-0.11028203302782497,0.24018834110591628,0.012990514781078811,0.7323373707163942,0.455300699587225,0.46716069730323195,0.3834510735468192,-0.2764389215871648,0.4538251377357281
Frontal_Med_Orb_R,0.13323903161943815,0.4009974845299183,0.41887582308480314,1.0,0.37809366452233784,0.0475706906688935,0.1976517057291943,0.3610723425030473,0.31965203250023444,0.37338783178427803,-0.036777527813928665,0.20633181893729716,0.18875051013732438,0.2528938451958848,0.4236193167713823,0.4412290334693725,0.5753011060550566,0.2650777746370463,0.30510995791515855,-0.0031832039999802088,-0.3079266278031575,0.05444105309213399,-0.3167186401864059,0.21046994354089218,0.19464091282606624,0.19162741927227897,0.2080470638648522,0.38255671027005594,0.03807808180886333,0.11279129090463628,0.1344936782180108,0.3160837239748275,0.4139504338506068,0.26965471652458806,-0.10768815108309979,-0.02676166552811797,0.05658310902321886,0.3343657321357876,-0.07826461692769068,0.41394805228597825,0.21815681265406028,0.18226205104455165,0.12920750966765635,0.45417770447923617,0.32509730456192304,0.3769150699771057,-0.29382758555604943,0.3925343405639922,0.20717796744522926,-0.12777519089352654,-0.1028147271712211,0.2921338704622903,0.4873591412878431,0.3757680454151617,0.45079416144595613,0.2369382648577929,0.2574515061934038,0.14703659014616594,0.33713540156645183,0.33344108360096153,0.4584217924700491,0.4154561170679018,0.27579579798065473,-0.03689122216079484,0.0882384707078328,0.456267844350136,0.23804600538416645,0.22956858496344473,0.445623156026235,0.03412809814512633,0.10925248849856298,0.35982500568313885,0.04334716298303699,-0.13455386875565695,0.36327156749674705,0.00048525528389230797,0.28698334657670677,0.34720730502685443,0.1879440785006873,0.4026022534769339,-0.29101615815980325,-0.13781311918120467,0.4591917971126164,0.2590743748223489,0.23934948650208213,0.4346035615019688,0.1965586476208355,0.2919366547260612,0.18296083030263965,-0.10156839708453634,0.28795851980603127,0.30345526697395575,0.4541983051907691,0.05071032519817768,0.33868790956371847,-0.10413724453543667,0.14025111988489525,0.1466493156652047,-0.1747150267949066,0.16726659911673816,-0.04802945451874434,0.3724008785721894,0.1328177302722435,0.4249226862136839,0.25346731931417765,0.15986897330215594,0.37309251273609206,0.23787509210800095,0.003618768831293944,0.4415691951881573,0.3697410402526428,-0.2109513207564678,0.2651334148073816,-0.02904934911208899,0.2588927688613576,0.39859159120097987,0.12369195709664706,0.2357584235365624,0.06836275546850235,0.35198899247446963
Thal_PuM_R,0.6601472119856503,0.6218713666282604,0.6586328668722224,0.37809366452233784,1.0,0.2301810651126483,0.630645764363387,0.4118796361971936,0.4959024813410094,0.16480703566172272,0.19422125324361073,0.40918444027743234,0.45172994913703335,0.38363834740778224,0.5329061477837442,0.6578085895512966,0.6208770419104456,0.21762287373312386,0.3176751056651848,-0.2869786183389844,-0.07167124690879709,0.00501502079718101,0.16855605769179716,0.30700038836136245,0.3551907896021749,0.5923640921765867,-0.05874741269898629,0.7056777397681784,0.34383457741576906,-0.14046288884463085,0.0782449069921134,0.4487975416203897,0.6804213720215562,0.33542635292736256,-0.05373759661127361,0.13263316955078,0.08025582791032404,0.375237867497199,-0.04026775219725548,0.5058686045905418,0.32363632456494273,0.7114058073201662,-0.11751408314709477,0.5718136024631987,0.48231974575911907,0.47193597828318373,-0.1334148681073978,0.6869920861594747,0.3694570633954326,0.22478603970750247,-0.2889547432141804,0.44527844170732195,0.49996649511679475,0.6708337360798432,0.6631485420980376,-0.14684171854120606,0.2729574408711841,0.07427686455689884,0.42818931232913987,0.29862290059086793,0.5528215384529716,0.5172089583116501,0.05637216781914444,-0.2495920302228257,0.6738559598867465,0.6747461876735491,0.46420601870764033,0.31849731651486096,0.665037006874084,0.40475528047615195,-0.24569150690808353,0.5340688801165507,-0.13912408962835968,-0.10109220919978272,0.3790511232702261,0.09680950942585195,0.6382179729495149,0.6992775427394684,0.21039412624343257,0.46524419160649655,0.05457722386084818,0.1286560991523514,0.734213411454458,0.4911788252540008,0.6529027930404772,0.580673380625941,0.04941839874281074,0.5365782305373344,0.545525544306121,0.12165137254812478,0.39837023076143563,0.33998061355899123,0.8256852750886748,0.7390391075938894,0.6060569900990718,-0.2382504677487576,0.2930334221583969,0.057130984631849895,-0.28648835335761347,0.03274746706701585,0.28046737985476305,0.5873109799989552,0.8237003980688176,0.6201663139829094,0.4728284534610416,0.12980225098758263,0.557795973417622,0.5755842259451357,-0.199048526981641,0.6133385868871617,0.7578216131765046,-0.10233634550237652,0.3940027668426294,0.12932500768666746,0.6165040638914637,0.5448108766594705,0.559225743145122,0.07057565683552927,-0.07501069251233243,0.8124652690483459
VTA_L,0.2671264249988995,0.5334536736683494,0.09395733529563159,0.0475706906688935,0.2301810651126483,1.0,0.47767869341340846,-0.24207834229411976,0.24600724850988215,0.10669876775787358,0.5661822514349466,0.6846588103790492,0.34924284898233676,0.5499200170232845,0.2180676653301252,0.4809661522650301,0.0884034747610857,0.16455113117608258,0.3018239478006951,0.15220478386722341,-0.048010512088663644,-0.061776787094281006,0.21580019608581474,0.4126038867505654,0.3819129297442688,0.4890367799103094,-0.15328898805143076,0.18980674888182064,0.5008219747730092,0.20209627795654453,0.37979925645940804,0.5586949043146721,0.5004416170930014,-0.18104802774365425,0.09757631804007179,-0.0626208851150758,-0.10322025555915615,0.4220672907974398,0.4490592235896098,-0.0762544702832438,0.5441511768738869,0.43089108549916144,0.06823842303112578,0.5996904058797748,0.4492227574832751,-0.1771919462120306,0.02874183643004178,0.5392839038576749,0.315361181272577,0.12939983720441273,0.23912015733932337,0.021862433645074973,-0.18885449371558968,0.5110051615124069,0.4099055197226411,0.014061792563318715,-0.22480437828735825,0.20614271159911,-0.16633246950271588,0.4062097461045567,-0.13921029317135858,0.5715102104109009,0.03210511711310056,0.2717033810244679,-0.04063037793361439,0.49015816248817096,0.5409335460283757,0.6744963146079276,0.47575684745811275,0.1784269773693789,0.13327773837797263,-0.10254386542834869,0.1282183817555133,0.08185472654983401,0.6079955690952549,-0.08436238346913637,0.3904542840623894,0.46566650465094483,0.41527490555948343,0.07496264663551626,0.22849571757263415,0.2445740964978194,0.4557294591085173,0.36314626451863646,0.3098128047797169,0.3944287055029868,0.11437807604061584,0.40456895167304974,0.46173034457248413,0.2929471031744386,0.6194561694185351,0.42980547292347887,0.3394991644369883,0.1307717262871934,0.272475842662154,0.41618712843697003,-0.22148180498661563,-0.18501147801944784,0.23999450762437868,0.24796594344691728,0.5876881935697953,0.11851045544272075,0.09413584778956026,0.34817461748204565,0.4110227149078561,-0.24165640239450376,0.5537882018600847,0.47110663003071024,0.3839241597215467,0.5258839486745814,0.39566432055774264,0.48384968259274014,0.49480308801445166,0.463126409964953,0.17122790301083896,0.34345830133486205,0.5159116413181744,-0.10687613631228338,0.11170535692849748,0.26429005529576616
Supp_Motor_Area_R,0.6267625641047708,0.6100596695498244,0.5247677755660602,0.1976517057291943,0.630645764363387,0.47767869341340846,1.0,0.23393700527319858,0.5495308824699421,0.1868613157389912,0.6491855857258192,0.6711363998991543,0.5197573388271041,0.6171990920766972,0.6406886096166162,0.6477258871994369,0.33054139346526684,0.242816295246341,0.20839342065005384,0.047922678984120594,0.046353347380165534,0.02271085623724199,0.46847052729909083,0.3779128627031096,0.2997577895130696,0.9107091501471902,-0.08978039383439325,0.5626536261043419,0.5851096727435169,0.1450105356444055,0.1817273040697661,0.681386878075389,0.8495897422427042,0.21052618411482182,-0.07721407596415618,0.27084474596454833,0.005625912366044105,0.36327162788097184,0.1530486663922582,0.3121814183878298,0.5929761899098003,0.8104162019946082,-0.0955138556881388,0.6799773205838414,0.5615987537627691,0.32908508693533084,0.07972369636072885,0.7310430561814708,0.4084548838674539,0.29096538720812326,0.043199597886972606,0.38726392925245856,0.2605648345965054,0.8577718706430091,0.5397943197092323,-0.04442058852276128,0.20942900620325713,0.16304671295910447,0.22781130655829265,0.35267620556074664,0.3142784539329305,0.5098942602676754,0.13830382649669304,0.10184280095835158,0.5341808377803844,0.6917891154218555,0.5900927032730748,0.5583706058473134,0.7514667547938867,0.522487537400349,-0.1270327299094624,0.2746229937552206,0.03607738827995247,0.015393184627166056,0.5317138378115944,-0.01739834628619943,0.5912803393936056,0.7214911391498375,0.16260566871023632,0.34609342333763793,0.21155945619824618,0.21111903983719832,0.6706675503924607,0.4036245433890093,0.6875411423236715,0.48287401123685264,0.2590416159285265,0.569251353902692,0.870232358999714,0.2506914540094242,0.6790583418198188,0.4007036521527388,0.705716401691798,0.5860804733276411,0.6452104878710382,0.05870788121192645,0.18155988972426618,0.07660283026461193,0.027078825363154323,0.2787020607356031,0.6492091452543144,0.24030510514735265,0.47623050831206104,0.6092095004534712,0.5950732971865331,0.10005948724105591,0.6384982143309276,0.876773755365916,0.03941056083172311,0.6519102544451476,0.5807788849296248,0.29307513756443704,0.6516918485164078,0.385050097228678,0.5458802228352222,0.427717287236287,0.9317223091089145,0.21278890622045094,-0.0003296612173030846,0.6101687268465021
Cerebellum_4_5_R,0.36734642982698745,0.0896781204804926,0.7806755156978733,0.3610723425030473,0.4118796361971936,-0.24207834229411976,0.23393700527319858,1.0,0.4516224656947534,0.04367727571503765,-0.17897496696963425,0.10352518294328278,0.08105182083567353,0.07623904555348282,0.4691770392414145,0.25653437488463277,0.3575168818113959,0.2250794556154507,-0.16605691868780667,-0.0781439328117451,0.12324202403563884,0.013136094691889833,0.1551467519871483,-0.05349811305769429,-0.15989261855026715,0.2568196097200177,0.21748903480481824,0.7452983162065072,-0.004813369941218952,0.07133404730141439,-0.39170921063939323,-0.04519366872650517,0.2216913677085051,0.7959984736868688,-0.16669281940986447,0.5175649494146707,0.1646329559302323,-0.16947074872666007,-0.6050588243731349,0.8150009516062598,0.23933420301649935,0.31026101461413463,-0.16109649510083765,0.16447036353331185,0.47561429151025597,0.9068677764295482,0.17613640119266033,0.11516193488775237,0.12894649914746575,0.3639769009326328,-0.3389790200739109,0.6948874230945243,0.8877765387521052,0.2550182587188022,0.18686933294734026,-0.15393425955737394,0.6349755356139369,-0.12392783753761127,0.8695437393384428,-0.18328004740500423,0.9215958003519404,0.05580124306918,0.051696570224669204,-0.26648948121207683,0.5657576951277749,0.25628358575762406,0.07033255633014944,-0.0251205496133886,0.29455201713842555,0.22734170987051247,-0.26070788088649416,0.5553445912118478,-0.22170177133277816,-0.0006242712841447431,0.19132262554834914,0.18692018179670103,0.20446306488103647,0.22436136762461564,-0.1754418770740003,0.5516542199272306,0.0032742636460125754,-0.02805550888623659,0.5023479276627286,0.011000349227259029,0.3907408253739799,-0.029296876197115473,0.1534237076674843,0.40592921240316193,0.030385818873036274,-0.05639308255031068,0.022890247118347834,-0.08038065071812829,0.4016924741940732,0.4475031812890661,0.5244845454712158,-0.6196931095852989,0.4881976639408869,0.4879111851562789,-0.26041996284265195,-0.12781196337439496,-0.12127840101173759,0.19167467800583607,0.41810565371556396,0.5948268103295472,0.4104020951993113,0.3963188989771722,0.12739022887368576,0.17807742866226622,-0.6028811512118694,0.2746197335372166,0.36100937334326844,-0.4249237905447405,0.00201961227131316,-0.19897168883673577,0.6041542568687838,0.0992559108693676,0.18243432310432442,0.5079854808341576,-0.20997191184593186,0.3048643274658631
Cingulate_Post_L,0.5920474714057815,0.25746277483698493,0.6292124493785657,0.31965203250023444,0.4959024813410094,0.24600724850988215,0.5495308824699421,0.4516224656947534,1.0,0.04672878050515339,0.08156252422785149,0.5522047142315633,0.7310711707624579,0.5927382116745601,0.762683570081393,0.4948511490277567,0.39178651377566426,0.7866458331156673,0.060120780878069914,0.03067898393222356,-0.04385249153636018,0.15784286352398733,0.07980133163703756,0.20555667281838497,-0.014764309387566997,0.43006672364347487,0.08459886808295655,0.5424235663020183,0.28495972211976367,0.3417534963067638,0.34006946583969716,0.5743333665003884,0.6824348693946671,0.5728901409687651,-0.10148048163158391,0.15010722888399938,0.03206702645803787,0.025696157405786478,0.0051759629486404736,0.7780743707924778,0.3074056560728913,0.5077991218024901,0.05634404359403674,0.5083818206860674,0.47914585096584816,0.6040037658620399,-0.07881031413651636,0.3225707369055043,0.45019558477882543,0.1966636763060798,0.1506035760540782,0.2192264798447876,0.5732017396284683,0.6255983725587321,0.22914115567955326,-0.09439860345465524,0.27830538220692697,0.4205538647523108,0.4127691243568993,0.190901942335612,0.5097955648497597,0.4298977828461745,0.1343535256430329,0.07719843279448627,0.5461593168514344,0.3794925096375133,0.27458106959565354,0.23466826830680365,0.537152104610411,0.7052330072010562,0.1710613155381729,0.20284758781191423,-0.07366672807642448,-0.05486791257063298,0.5928900549766044,0.2132218762219448,0.6319945803991507,0.5870831169802218,0.2136537042674686,0.37813310033078673,-0.15500738473811596,-0.11943569106286187,0.6875707236770958,0.15375616940741077,0.21656648547841822,0.24078714292657627,0.4369511891613786,0.2983504830634606,0.5344706438963867,-0.20768037497773167,0.3551379497227536,0.19665260408061833,0.6021447947546819,0.5774649000985838,0.5467817967134078,0.013880375022227493,0.2595566164180538,0.20661868006694079,-0.10463792098564346,0.430132523108732,0.08942052450750129,0.38356626993426807,0.444006505894217,0.5220712030193885,0.5104693148991182,0.27146038038860076,0.2969092630597981,0.6541941467904236,0.026750151176391256,0.4690877809428853,0.7267391775211042,0.03173869223291093,0.6079086091649951,-0.12446763882493236,0.7032150947556483,0.06426041000231528,0.40900992899326194,0.24394899232533962,-0.08338021805939026,0.4969662089147698
Frontal_Med_Orb_L,0.23153202881683937,0.37567983888191203,0.25423538038389903,0.37338783178427803,0.16480703566172272,0.10669876775787358,0.1868613157389912,0.04367727571503765,0.04672878050515339,1.0,0.07822102256343283,0.046126842190447936,-0.08255727673167558,0.09325266861386612,0.15868101855307434,0.19569928255996016,0.272128253023964,-0.11509462106012358,0.173346969272381,0.11931155748305096,-0.4160206065849285,-0.11913527537701543,-0.12746202655793737,0.13713436953880884,-0.030455686248659703,0.22705088270254228,0.17695403397062534,0.24879870407773044,-0.0060587029456552225,0.06324511783671599,-0.062070779684775965,0.0941423800440846,0.12761667844558902,-0.16710893303552532,-0.163221026512731,0.11003636247340803,0.089935270917373,0.4405503206110909,-0.10254894831296767,0.043256639424884745,0.18175301749922676,0.17861196359551887,0.13800684473722494,0.23477490418083313,0.15469207303201313,0.1705829009079892,0.08885080535342513,0.37984322584301833,0.20260150206649732,-0.1606129454317813,-0.009155550654645201,0.09811507657671882,0.2015668511369399,0.11432342903822855,0.19439982460911734,0.1803704643396987,-0.011284730265122488,-0.14175813784511473,0.045464991189950926,0.192559339128567,0.10882893588692436,0.14841289754697318,0.4815300080000667,0.06620133287684239,0.08177907545729936,0.30656367812743657,0.3354874475778095,0.23596794479636918,0.2532356657325419,0.02646195375334897,-0.03298556957253481,0.10188369613425204,0.08038971787353649,-0.03671613480992806,0.08537736993602248,-0.10706451109998642,0.036621323111128125,0.13136624272615893,-0.17111684002127128,0.19886100274048651,0.09613792512146319,-0.0059054077132022825,0.2507961228724059,0.3141313765997067,0.30843525677577566,0.3517246031643336,-0.15427908182945202,0.24237971888126425,0.06776391225517851,0.09395834723584726,0.15767513187671536,0.4602136041651689,0.16063780631383495,0.07236171129870579,0.11827789702859767,-0.05977793628204616,0.11197515001535126,0.03983953586098517,-0.0630846200393029,-0.12980422397010277,0.017000514597154733,0.012974327970219208,0.11554360043073039,0.2077311580341924,0.2880894553814477,-0.03593394206713459,0.32193961020205114,0.16670508075036797,-0.026326084266455062,0.47290788870010364,0.13877696036101073,0.11604551460871834,-0.010052214453683369,0.3164584342729586,0.16823723883892047,0.3315000570320367,0.18393460969646946,0.16780700746053506,-0.2055042122978887,0.08718241169055484
Frontal_Sup_Medial_R,0.31388242370564234,0.5836037422992758,0.05342113703962773,-0.036777527813928665,0.19422125324361073,0.5661822514349466,0.6491855857258192,-0.17897496696963425,0.08156252422785149,0.07822102256343283,1.0,0.6102482044285562,0.0374377474512773,0.5730392535406306,0.11484700038038215,0.48881490491904733,-0.07036914439230278,-0.069386594172272,0.25584680217284833,0.3269182314843622,0.08304967916980742,-0.10585191091268642,0.5091373190597911,0.4089262824055955,0.36064008538543274,0.7163416330602835,-0.11601119304667597,0.16930997796435002,0.665284777066972,0.23369780558163036,0.1631658014654489,0.45036120983515404,0.5410789862509464,-0.2255525807554476,0.14274579173666804,0.2306500198432056,-0.03530364515393221,0.461671165763988,0.32191435251149353,-0.21679070686276614,0.7151494653915675,0.48649594730079915,-0.013697339384169607,0.5855102693177885,0.41376365386785613,-0.19259377782385292,0.25661484722654654,0.6468266617053727,0.3505604331728442,0.28154134724567575,0.17261405880180533,0.15108933261729715,-0.22976624667167905,0.5706845835544481,0.427346984384123,0.06328941274912343,-0.04687472158493588,-0.06288649891251616,-0.18407290050782762,0.35535344845403544,-0.14524167676735603,0.4678390464679698,0.0008795274742914311,0.3367373397084582,-0.058898138671303446,0.5861171455407943,0.6128085984561041,0.6537726565239748,0.5215268904148428,0.12061753368499681,-0.048385069021674776,-0.07546486112447061,0.15662195749415758,0.11443696655617049,0.500003122797629,-0.150510826555681,0.40263444461180603,0.5169411427190562,0.3665274471306403,0.08884480754934379,0.42736243648920547,0.38610824913996583,0.3436809357779982,0.3984231096365127,0.5542371635503931,0.3422332089298758,0.1377315804380871,0.4521305091765015,0.5332712926629868,0.5037440493461515,0.8176515355202674,0.46495117433641847,0.3041837481848764,0.150010514289343,0.218071083005182,0.3143287656684553,-0.14926541427229875,-0.09690210465664344,0.3172627472457384,0.16589434145646192,0.9338042643255936,-0.05479315395327683,0.07221917426493667,0.3734427781600777,0.4481674832798591,-0.20931476034643465,0.5923639587834201,0.44837823446273173,0.2573628974770625,0.499681209316503,0.16087952382139092,0.6167842511005374,0.3900828459650318,0.6784540051626513,0.18408208785821398,0.39076788510864974,0.7403361031793922,0.05169357740081672,0.10311115099679732,0.30234557715050464
SN_pc_R,0.4207178531957329,0.5310567871054572,0.3507895481068546,0.20633181893729716,0.40918444027743234,0.6846588103790492,0.6711363998991543,0.10352518294328278,0.5522047142315633,0.046126842190447936,0.6102482044285562,1.0,0.4666263272969841,0.7998682093102022,0.4877537796963093,0.6386834593176901,0.26231461267447975,0.39339273282930937,0.15975138817653328,0.2120715718395774,0.13173529483788785,0.13408182642841343,0.3535813111542557,0.3152755030895989,0.22302845718332273,0.674460521900609,0.10470559010159775,0.4005591090287572,0.5905661115835387,0.3410445908369592,0.4579245055797826,0.6510095524603038,0.7207361447278344,0.14204378002777016,0.10912635324762678,0.09149653668384006,-0.015186405001875321,0.2429642821894027,0.27471287579120146,0.29070228594777614,0.6534583848589585,0.5724352471691111,0.08484728641055396,0.7116907867047493,0.5286752670844674,0.15886077369885995,-0.040662343811621496,0.5974081103137597,0.33077867049875587,0.3784476911997832,0.1990317038778229,0.18906942056367423,0.16008499171547713,0.7310065350512639,0.5151801175292736,0.011013416519553544,0.06545198167701814,0.27205316599995943,0.11193430118702015,0.32720201949656663,0.18436721715081714,0.6506850897790925,0.05867669859522037,0.20967384155471755,0.20496403648419273,0.6570642235619868,0.5170427459953223,0.6047305451265736,0.7082252657636475,0.422762783558795,0.08345398732831022,0.12982021842388855,-0.02475823664519547,0.06851755577434097,0.7267873536671353,0.03888588625743302,0.626214185247245,0.6928599539325019,0.4139352788101542,0.19865144665508563,0.10654276550101327,0.0992618710136753,0.6378713410324752,0.26632124098126225,0.4228860709805595,0.4557266336267302,0.38345139602950146,0.4720725021947402,0.6738907629733297,0.1244933493033712,0.6996788474242888,0.32529283051567687,0.5796517178516647,0.36243368417385174,0.6027232747292282,0.20700171379406931,-0.06822075489702784,0.043967074077021995,0.16217757932641075,0.39723403986473266,0.6141672491219351,0.31781252692090556,0.2610419309915988,0.5926301635640865,0.5718610251564912,-0.002300504170498035,0.562644297342248,0.616809671062924,0.2680788405664918,0.5830599932558043,0.5461054303416883,0.3610218204977998,0.6403847806715595,0.3925617441395071,0.43959662176847747,0.25840374030049773,0.6747154200140142,0.15105225613736514,0.14809256156539202,0.46213294576559716
Paracentral_Lobule_R,0.36318532683065313,0.17875839941573599,0.3507623774711048,0.18875051013732438,0.45172994913703335,0.34924284898233676,0.5197573388271041,0.08105182083567353,0.7310711707624579,-0.08255727673167558,0.0374377474512773,0.4666263272969841,1.0,0.5268897628729649,0.726733174444097,0.503212221047424,0.3673533151792769,0.7492677154553262,0.22560975470597264,-0.006270218490569884,0.060080591466128805,0.13579554338220798,0.07897338752028797,0.15804278697744756,0.23026051523562563,0.37290442747847447,-0.09667239301644892,0.28052634575053775,0.2573259477790396,0.27208190164869234,0.5018869175186684,0.8069077520688019,0.6663655766741449,0.3165017531432317,-0.05111189753687424,-0.17782586205574935,-0.15339897864397362,0.029420237360858373,0.3545131108252205,0.472812320123755,0.10215205941100029,0.5489492591820752,0.14721670335494502,0.47400374401531686,0.31693373952421977,0.25791325408430654,-0.3526533920139066,0.29152927858043487,0.29837841881704774,0.031796313355424495,0.12172757648277055,0.04912361246435941,0.22435577682294897,0.626565959737736,0.25189123986786327,-0.08240537765378582,0.05460705451323613,0.7384689984310714,0.12226771379573657,0.23487216116922585,0.20546229940161634,0.43238179820424305,0.03928399958899416,0.15012033498514463,0.41987763344129,0.30597479872972544,0.19344406396682565,0.1945699473366363,0.47451139174578305,0.5865020706248768,0.29523946563397946,0.1291291708013907,0.00935625833544623,-0.06802178183686758,0.47560283723389024,0.1699667731475811,0.5838993895310408,0.5379827237106282,0.30573742600011067,0.21835122495628287,-0.24702298683080431,-0.1812239207234971,0.518506143355876,0.1120199326763859,0.0659908137265148,0.333390945480161,0.479953880771162,0.0973689608016184,0.6494523676180967,-0.21451996663733333,0.31228930122903076,0.10064938318498684,0.5744823266445834,0.4588482224750834,0.4210704650857041,0.27321080878502496,-0.009889063783838978,-0.012226712441015695,-0.04571447511820803,0.6424684334668388,0.09346472470892946,0.47951963267426,0.3479689535749035,0.2844253871961116,0.2920841840650486,0.11249210870017586,0.24802801787209117,0.77681238293897,0.2300261971711228,0.33252595107480676,0.6878964329421761,-0.05385869858072303,0.8498687392598777,-0.0815627236830252,0.37988579914130516,0.035003661338950276,0.4251391818037618,0.019380984903041493,0.09161437641828732,0.43973114983893863
Thal_MDm_R,0.4772411349068492,0.46623470037339343,0.34234486117372503,0.2528938451958848,0.38363834740778224,0.5499200170232845,0.6171990920766972,0.07623904555348282,0.5927382116745601,0.09325266861386612,0.5730392535406306,0.7998682093102022,0.5268897628729649,1.0,0.6106574759419019,0.7715533059036382,0.18318499149740522,0.5298118152957835,0.12029901468828663,0.42548670442201014,0.07068671737834006,0.11251086765771341,0.321707809118286,0.28067963483197766,0.19065008611275436,0.6467308888519511,0.008984805750351033,0.312837345416402,0.7168799048170483,0.5192494812847703,0.5538040528812154,0.7217916314606029,0.7519888461980501,0.21555704216345595,0.04610008291488103,0.15240917324605818,-0.07483349059325717,0.17600124418656612,0.34919670484701315,0.3181409571590553,0.6066119869220398,0.5824041371098769,0.14212886125076138,0.7841818793436633,0.4873607106506599,0.2014091677271519,-0.042991433088391186,0.6476120751953057,0.36351896526939503,0.13022419254042325,0.3524398499429971,0.1389195020419141,0.18579106748730742,0.7496960249456482,0.37270644410361803,0.14922991137736585,0.09656055227764687,0.3563097597680559,0.0903071731933558,0.27963025633827554,0.15545745891430068,0.653247712881221,0.16774614016984213,0.41797124835347627,0.1602563167674436,0.6770561591849884,0.5049947732819283,0.5156090907283831,0.7467995968076009,0.614109852217326,0.21680445114931482,0.0023017438614861777,0.06981048819798218,0.028047853997888124,0.7666791433162087,0.13654795056435384,0.8464410767033569,0.8290937969859193,0.4740820707688765,0.306448271222693,-0.009682019800114105,-0.009870149232235994,0.5977678777297156,0.16618765203807553,0.3729500791494943,0.5115633566611929,0.5353350508489936,0.3337424532395296,0.6451267819287101,0.052896497039092674,0.717240999325547,0.29406418234971055,0.5341481485362397,0.4229475987480864,0.43612908957923713,0.3195256003486072,-0.07154430109572837,0.07381639232794432,0.26577217042381923,0.5555776221728788,0.49886316511351847,0.281163652465789,0.2616514901319536,0.5157057367500255,0.6549377868903337,0.09101191052081455,0.5361175650650537,0.6461291270442518,0.35176553834838376,0.5557270677293832,0.5147359246088975,0.42628399855834115,0.7112917827230747,0.2922028100536444,0.4581277415072919,0.16237243608889787,0.6369675066612408,0.2192546085316557,0.11065275789643438,0.4780779424195729
SupraMarginal_R,0.4511102224378919,0.3292387192770331,0.6498231053347453,0.4236193167713823,0.5329061477837442,0.2180676653301252,0.6406886096166162,0.4691770392414145,0.762683570081393,0.15868101855307434,0.11484700038038215,0.4877537796963093,0.726733174444097,0.6106574759419019,1.0,0.6367550173937425,0.525983435282128,0.6933664636759629,0.16973471725513667,0.10576452264185428,-0.014460227403916729,0.13091831257246136,0.11443098096757368,0.18183724516850755,0.12217926524050533,0.5169876210033622,0.033445256667220626,0.5375605540838004,0.3090652880068522,0.33125097037980916,0.28726401422723985,0.7456490840325447,0.7661920471376007,0.5016147057984336,-0.1839702977213648,0.046404196051266805,-0.010562943206322629,0.07973669613860637,0.07696408513610482,0.6975142843087108,0.28606418694494384,0.5468049649151107,0.0727060854508185,0.5892417834694321,0.43111367988903454,0.6181281494635027,-0.22419850668170163,0.4560481225484971,0.3673347054244832,0.1036700740270636,0.08028345559646606,0.3134731910245706,0.6006493726332809,0.7330446715522928,0.354861201962817,0.06572129648942977,0.3287680437900153,0.5720823330153588,0.4467729619871853,0.22587433894450987,0.571603791215742,0.4710324777913821,0.14043418094400623,0.12679807993583417,0.48783036431135707,0.543350597524932,0.2671902096463657,0.21780498373933882,0.6743705703610827,0.6367585993466928,0.23750275322457634,0.37895786067651205,0.07223619354579888,-0.06659541253234753,0.514692114478452,0.2846858135443682,0.632122476890062,0.6431646882991722,0.23619858909482083,0.4779627753326907,-0.2501038483898599,-0.2239876273427618,0.6229412760645193,0.1944370449147657,0.3598827372674376,0.4092047748600002,0.5419778643815518,0.30096299619359457,0.6077363523637448,-0.23823492824080447,0.41862534032077164,0.1668006141542329,0.5932219460525662,0.5023413480989204,0.5517360007342252,0.11525253204820111,0.19922940256427657,0.24503184745637446,-0.12444056017706198,0.5989293699997812,0.09628156285624477,0.42372809010111945,0.36670684267243875,0.5123348462139498,0.47865131675791994,0.35652942280696975,0.427457075407056,0.748353423910451,0.01191747173130097,0.48794170650288543,0.6295692342454154,-0.0910490821872043,0.735562448167449,-0.07308808045236966,0.5299326733821282,0.17622277270936257,0.5180787309454105,0.3022300186291934,-0.02049972252627305,0.5529950874858053
Thal_IL_L,0.5545296140322075,0.620718762874746,0.5023142005215012,0.4412290334693725,0.6578085895512966,0.4809661522650301,0.6477258871994369,0.25653437488463277,0.4948511490277567,0.19569928255996016,0.48881490491904733,0.6386834593176901,0.503212221047424,0.7715533059036382,0.6367550173937425,1.0,0.34015224370171115,0.411839586166902,0.30663561833268005,0.20906256691480335,0.043807228904895294,-0.007434106929250363,0.3275124694795654,0.2818210770400391,0.4082461844306553,0.662496381888165,-0.037930169485426324,0.5176192622497446,0.5226283651489309,0.2898983475949987,0.3024875402906842,0.7233821366127053,0.7939357701428957,0.28149012160148995,-0.01194274102320882,0.18858875845604914,-0.08012251320645361,0.34818647422292787,0.2277923945176232,0.3757721408964911,0.615134399917852,0.7234812188233216,0.0719155953374525,0.8418201215389103,0.6156276793121788,0.2992799506928353,-0.08487273724185743,0.7777818499029204,0.32460798007818265,0.1429968588980413,0.04261738379660233,0.42427909958161386,0.34068178340124916,0.7980190134360782,0.6159416128883796,0.05605781436699627,0.2121498814976741,0.31293946065269224,0.24332401893417724,0.31035128812100465,0.3297682694265641,0.661468307426271,0.22062566714813897,0.23994194428160986,0.3039607552962999,0.8230473676027373,0.6181817444829333,0.5799416351210872,0.832933832297116,0.4457796088859367,0.0833646122319833,0.2680513780777335,0.0664811575122413,-0.05247305805544827,0.6946776373680761,0.14109462769707132,0.8034345056305943,0.7764648176405166,0.5109947843815087,0.5106985152293622,0.0056358964068179244,0.05973295057887574,0.7209304415278183,0.3165735374977047,0.5578510126743743,0.6415246011306613,0.44530851178823755,0.48626263856702384,0.5844338836088558,0.21001305671350476,0.7063656252741409,0.34647773954408206,0.7030330382841863,0.5100675470389716,0.502529708094958,0.16314489022922457,0.0187895549242671,0.08243675436266772,0.09922904857928569,0.4343949642897521,0.4963666263202041,0.4268410428213931,0.4763898659420966,0.6257201863178274,0.6425770999001559,0.06713232381129065,0.6641484262479699,0.6556077561272199,0.11679761773572762,0.6851977909452681,0.6453504021113362,0.20029994661909056,0.6916516236638931,0.35462938049468107,0.5252033813043326,0.4016818529181167,0.660778518145284,0.19951697461904364,0.09733535367148813,0.7054391288255463
