,Occipital_Inf_R,Cerebellum_4_5_R,Fusiform_R,Calcarine_L,Angular_R,Cerebellum_7b_R,Frontal_Sup_2_R,Cerebellum_Crus2_R,Temporal_Sup_R,Cerebellum_10_R,Parietal_Inf_L,Temporal_Sup_L,Thal_MDm_L,Lingual_R,Insula_R,Heschl_R,Paracentral_Lobule_L,Temporal_Pole_Mid_L,Frontal_Mid_2_L,Cerebellum_7b_L,Precentral_L,Occipital_Mid_R,Pallidum_L,Frontal_Inf_Orb_2_R,Thal_VA_R,OFCant_R,Paracentral_Lobule_R,Vermis_3,ACC_pre_L,Temporal_Inf_R,Precuneus_R,Thal_AV_R,OFCpost_R,Rectus_R,Vermis_7,Vermis_4_5,ACC_pre_R,Temporal_Inf_L,Amygdala_L,ACC_sub_L,Thal_PuM_L,ACC_sup_L,Thal_LGN_L,Parietal_Inf_R,Frontal_Inf_Orb_2_L,Temporal_Mid_L,Temporal_Pole_Sup_R,Cerebellum_8_L,Thal_LGN_R,Amygdala_R,Thal_MDl_L,Frontal_Inf_Oper_L,Vermis_6,Cerebellum_9_R,Thal_LP_R,Thal_PuA_L,Thal_PuM_R,Thal_VA_L,Parietal_Sup_L,Cingulate_Mid_R,Cingulate_Mid_L,Frontal_Med_Orb_R,Cerebellum_6_L,OFClat_R,Temporal_Mid_R,Cerebellum_10_L,Insula_L,ParaHippocampal_R,Cerebellum_Crus2_L,Rolandic_Oper_R,VTA_R,Thal_LP_L,Thal_IL_R,Supp_Motor_Area_L,Occipital_Inf_L,Frontal_Mid_2_R,Cingulate_Post_L,Rectus_L,ACC_sub_R,OFCmed_R,Thal_PuA_R,Thal_MGN_L,Calcarine_R,SN_pr_R,SupraMarginal_R,Angular_L,Vermis_10,Thal_VPL_R,Postcentral_R,Cerebellum_6_R,Thal_MDm_R,ParaHippocampal_L,Hippocampus_R,Raphe_D,Thal_Re_L,Pallidum_R,Postcentral_L,Cerebellum_3_R,SN_pc_L,Thal_PuL_L
Occipital_Inf_R,1.0,0.1646329559302323,0.20140850478694275,0.042202491555387356,-0.14368655257084664,0.05156668633813331,-0.036552087509372305,-0.06068176135284274,0.14324511331543158,-0.06334259417468631,-0.15413666663991954,-0.0172330115577384,-0.07864867454776436,0.09642158763001182,0.1282097210945452,-0.08249022212571822,-0.05314060802653099,-0.14251182739226353,-0.06279441329813808,-0.11808187939503742,0.0021348395423979962,0.12523701176754104,-0.05588268640721101,-0.004457223335460623,0.08611930916878864,0.08723207790235843,-0.15339897864397362,0.10966293225429967,-0.011674147747985746,0.24933740308954486,-0.09151981620013057,0.03627799399677274,0.00250641249550935,0.03908975301087997,0.0,0.17799479552607206,0.07053398679094987,0.04582069362300653,-0.0031736738432360852,0.022183540457088466,0.02383631216144837,0.015078134126786494,-0.03180223079731793,-0.23755163383217842,-0.07433136978675357,0.019414014156944357,0.20436881384866418,-0.08268704814099068,-0.05464902789123179,0.10538128450714848,-0.06784074806976957,-0.034480479966423096,-0.15557618283005042,-0.21602349721402336,-0.03684182942530836,-0.2605909407246503,0.08025582791032404,-0.06590793805878141,0.19595235353064971,0.0007038649964074049,-0.006758554772125433,0.05658310902321886,-0.019895346216800048,0.01431315583931386,0.1906248008813444,-0.2142178648414649,-0.03364643279978083,0.1557364475763726,0.022845868784941548,0.050618861812594826,-0.07806810762044761,0.12894086766272048,0.10486199605847285,-0.07856836579633746,0.006908607014891715,0.04723492961060801,0.03206702645803787,0.08987493322301279,0.05947302170588138,0.03948056939421583,0.0386951982719987,-0.08577823814648255,0.1631397869393385,0.13380967284938644,-0.010562943206322629,0.04241812189637153,-0.10816048903138888,-0.04086864302099639,-0.10953823177964803,-0.14860363551011138,-0.07483349059325717,0.059445620065849865,0.08485894380360234,0.05441967524809885,0.06124907028852758,0.08619399393044068,-0.14671912319983685,0.1412554282460669,0.1530394800600615,-0.12570966521487234
Cerebellum_4_5_R,0.1646329559302323,1.0,0.9215958003519404,0.7287284670815956,-0.6192770980187485,-0.22170177133277816,-0.1764913931808393,-0.20925618325522533,0.7806755156978733,-0.6050588243731349,-0.12781196337439496,0.6481450262607561,0.20446306488103647,0.8150009516062598,0.0896781204804926,-0.17697743248963205,0.17807742866226622,0.013136094691889833,-0.002409934665929373,-0.16109649510083765,0.18243432310432442,0.4881976639408869,0.16447036353331185,0.3639769009326328,0.29455201713842555,0.051696570224669204,0.08105182083567353,0.7959984736868688,-0.19897168883673577,0.3575168818113959,0.2250794556154507,-0.029296876197115473,-0.16605691868780667,-0.18328004740500423,0.0,0.9068677764295482,-0.1510393819742884,0.09429702317323421,0.23933420301649935,0.0032742636460125754,0.3048643274658631,0.10551552261429786,0.36100937334326844,-0.12392783753761127,0.12324202403563884,0.5175649494146707,0.0992559108693676,-0.0781439328117451,0.6041542568687838,0.12739022887368576,0.23426343750516054,0.26846131538341234,-0.19667361883738868,-0.26648948121207683,0.22734170987051247,-0.3049305869775694,0.4118796361971936,0.29061157392839576,0.6349755356139369,0.2550182587188022,0.2216913677085051,0.3610723425030473,-0.3389790200739109,0.17613640119266033,0.7517386570646473,-0.6028811512118694,-0.20275580733609022,0.7452983162065072,0.09294614721484257,0.11516193488775237,-0.39170921063939323,0.5657576951277749,0.4104020951993113,0.030385818873036274,-0.0006242712841447431,0.006376417521122906,0.4516224656947534,-0.2008739084799459,-0.02805550888623659,-0.05349811305769429,0.41810565371556396,-0.1754418770740003,0.8877765387521052,0.18686933294734026,0.4691770392414145,0.4879111851562789,-0.8312966406292555,0.4475031812890661,-0.04519366872650517,-0.26041996284265195,0.07623904555348282,0.47561429151025597,0.5023479276627286,0.5244845454712158,0.5516542199272306,0.25628358575762406,0.00201961227131316,0.8791651424406621,0.40592921240316193,-0.4249237905447405
Fusiform_R,0.20140850478694275,0.9215958003519404,1.0,0.6312917553951684,-0.6222835395961072,-0.11294311263360078,-0.09544995675912171,-0.14069123144250328,0.862849365391087,-0.48435921708825963,-0.08744013111118787,0.5394127691706886,0.28245007805837724,0.8226377472155761,0.27096191223097826,-0.012533689806505053,0.28839567991684795,-0.01941627199410047,0.047605796482746474,-0.17322073127951526,0.2428398231158551,0.49316039194419636,0.26605355185597546,0.3569647922908616,0.41673538014251277,0.00901826323759619,0.20546229940161634,0.7102372507325411,-0.1448702734198603,0.6196087234448296,0.2500253694412424,0.16508581955122686,0.0067668994025616,-0.014962874532213597,0.0,0.8858969827536815,-0.02698395570724452,-0.0696481945096597,0.2657285171226816,-0.03475795452410799,0.3954943441536711,0.17952869193997031,0.4622728162336955,-0.055226362940813796,-0.010973667218940856,0.3380915787680445,0.2997317021967213,-0.13369369844967974,0.573503356565274,0.3002856425712183,0.32009543257070594,0.2603134570900165,-0.16590313788793581,-0.3037790449500773,0.2427276951506577,-0.31812890051828846,0.5528215384529716,0.34938553785346793,0.5899506151196138,0.37973773854669585,0.3521124326689032,0.4584217924700491,-0.3202674185869086,0.07051567026094448,0.8855229946909198,-0.5429727250195547,-0.1514498704600145,0.834879467495857,0.06426982241785643,0.26705760100907944,-0.2581419287823351,0.5915731913415948,0.4499277229291802,0.1358961990339436,-0.04650213486176444,0.07569132809999744,0.5097955648497597,-0.08854047540154425,-0.009673739015054774,0.09351942120589501,0.46634643648200924,-0.10668263224311618,0.8773334158717843,0.3671841279155089,0.571603791215742,0.3776847314691867,-0.6981594999519979,0.45871455000044353,0.09498380810644744,-0.3758072589526153,0.15545745891430068,0.5103213480882811,0.626454901343441,0.5909328376568226,0.5953756435079527,0.39100742861955445,0.10669311136186713,0.7757324292678296,0.5107920587518064,-0.4196717838292395
Calcarine_L,0.042202491555387356,0.7287284670815956,0.6312917553951684,1.0,-0.29229099064246106,-0.3030693635824825,-0.27006262435779904,-0.01759169019391257,0.48925728190965245,-0.31086376572905383,0.3079548048778809,0.42829603283645307,0.2942846027867821,0.8463784052883386,-0.21525934168068894,0.08363682377307233,0.1631690669845756,0.30923715026134524,-0.14690902646847986,0.13698240267893455,-0.017440310163046674,0.32047267988169825,0.13287568807110972,0.1112995396846239,0.16167215422853867,0.1406099620481259,0.27014889303492917,0.7513372634711818,-0.465863942470759,0.1925353837396483,0.6265790977237864,-0.12003259065410835,-0.24648055462753063,-0.20137382042889734,0.0,0.7498919697963919,-0.436330563392972,0.029397461084763463,0.014372207916475038,-0.3531731380222983,0.23404761642149366,-0.04844955770107841,0.3210329952197058,0.270262357394557,0.16757812922140258,0.30912383115804903,-0.3163237724372952,0.13085028215223002,0.4995748885855759,-0.10492642349146646,0.006056039519271576,-0.03587199147511027,-0.013971319483180929,0.049268923901589684,0.38797794186348566,0.11654850760356819,0.1788528622051258,0.29499865234913686,0.5295885379045346,0.17122326793835088,0.2052015661472515,0.33725914095308607,-0.027572184295800866,-0.136181717313475,0.3634428331168574,-0.18805256793894104,-0.40357770833519147,0.3487084317290724,-0.017729807913816606,-0.09078788847089592,0.07037536543106013,0.31370629719612503,0.17478530238020143,0.08840175762008158,-0.004670133426420803,-0.17565898987531925,0.614283655059692,-0.3938081970301598,-0.39161595652464276,-0.1816666097490809,0.16941415570250482,-0.041664974325093654,0.7838848581157911,-0.12495998929385523,0.5597084272070424,0.4990772729007942,-0.6585595037651858,0.28904270077711547,0.10456081773483174,-0.1195507814113274,0.2527648279771882,0.17111764401718033,0.2892887691405156,0.29464158768028337,0.3123023574868867,0.03262277847258304,0.19984094354300536,0.5515182399841013,-0.05224231691653111,-0.37203867095019155
Angular_R,-0.14368655257084664,-0.6192770980187485,-0.6222835395961072,-0.29229099064246106,1.0,0.31956485237219184,0.2523950834925938,0.1460423067295521,-0.5723173844923473,0.5769091228336103,0.5068080204247902,-0.31823129231538266,0.020482700638102615,-0.4304587068423666,-0.09751940356317715,0.2602946276048515,0.014836830963750585,-0.01834829516414578,0.09921568123990969,0.07986476097402143,-0.044157255667634336,-0.4617385192853383,0.047991881888821676,-0.16569538125732475,-0.05111161917051508,-0.11809195345602819,0.13054343745642435,-0.3676680109159306,0.14356532468920452,-0.39756282199388887,0.2057276393131244,0.0373796631252078,0.12671199212584194,0.11799923823861294,0.0,-0.5839978539124114,0.08980409959405465,0.11359218807150412,-0.014872057100549462,-0.08316463514227185,-0.10750046069062626,0.01353899287043762,-0.14979550288922838,0.3878521119811862,0.1417934404277461,-0.3927925294514606,-0.18976768809510197,0.2624881265754383,-0.37738548958396034,-0.036336839837719515,-0.23619012901025593,-0.13501291645149893,0.22711065115450388,0.439646766750291,-0.00012543192616580406,0.40263837240417805,-0.3251915208214519,-0.11107254519562643,-0.3961701066496384,-0.01664816800721184,0.039934177368432126,-0.2747905896628159,0.3763074401406372,-0.2190857123694383,-0.68686896510431,0.4760433288028568,0.2237256695329729,-0.5537568839432145,0.024187197352810753,-0.07260121221397534,0.4116376154259565,-0.45300187668244596,-0.24513748408711042,0.05860987403060447,0.12391620475423155,0.06274548645699549,-0.1323830433547385,0.0976969433174557,-0.05273591632787191,-0.015242483570150962,-0.360602456802833,0.4223352901515185,-0.5992682466333258,-0.14776132860388144,-0.06818493816754967,-0.16624062461813308,0.46582333254015396,-0.35604409152499195,0.3298306844916964,0.23517510139369757,0.17916675510883615,-0.19945135131218647,-0.31150301788892093,-0.42069875406008805,-0.3634730372778225,-0.0638412870700094,0.30655920204473347,-0.5351652066152917,-0.34543815267853173,0.26517272316562207
Cerebellum_7b_R,0.05156668633813331,-0.22170177133277816,-0.11294311263360078,-0.3030693635824825,0.31956485237219184,1.0,0.15776477523056512,0.6681075045838613,-0.17724396055502542,0.3971586908814503,0.1739841308823299,-0.13669930007067438,0.004756160362883181,-0.20538960345476007,0.08248889829087441,0.05040105067029616,0.06994734940939279,-0.3074902351953791,0.08844449526343214,-0.2061859103595034,0.05837936766338241,-0.0905814763361255,0.021187072047788878,-0.2601091850663567,0.09637577878406875,0.1325525321181422,0.00935625833544623,-0.16229887907296053,0.21067936058537906,0.03590177360964582,0.06205052749256138,0.05418893967854597,0.11179740329590679,0.19674896947248136,0.0,-0.20231783339546888,0.21679951371519585,0.11916368734080367,0.13268519588740688,-0.09673528369433708,-0.028215773094251512,0.18974156742136442,-0.08372317006078084,0.0908645494650638,-0.055524599648116256,-0.2569892783266113,0.0959298455344612,0.1372548096232253,-0.1968736417061934,0.2305648944276125,-0.026018868692436078,-0.05688791690614699,0.36612047627598876,0.3833315010611871,0.010464296865001103,0.1404876789424637,-0.13912408962835968,-0.04397947633429865,-0.2862784863914638,0.04010816010540883,0.09154951401597343,0.04334716298303699,0.29786865716363586,-0.06081478113246637,-0.22562856920632657,0.15922648045906707,0.1614981435245099,-0.1491476848215033,0.16230325419028982,0.09347837350339339,0.09236753198890785,-0.2889471712100359,0.019903993485910515,0.0023864885901344994,-0.06056707967873564,0.14843431092289586,-0.07366672807642448,0.21370393890728653,0.11414571334268271,0.09199433678293895,-0.17567698123127964,0.2676375905692262,-0.23888927433783158,0.022771085351387468,0.07223619354579888,-0.13001747330334898,0.30152617984599484,-0.20595162237049663,0.2100424085840959,0.16984843819409937,0.06981048819798218,0.027289601886836504,-0.09483220730560521,-0.18708639302791352,-0.07337055434971877,0.09434701664571055,0.1305953550611632,-0.17338392321657178,0.022102912197209452,0.1768313933443019
Frontal_Sup_2_R,-0.036552087509372305,-0.1764913931808393,-0.09544995675912171,-0.27006262435779904,0.2523950834925938,0.15776477523056512,1.0,-0.0601380334500878,0.12250345500325996,0.37562435902267133,0.26421460527873675,0.13400997681844962,0.4777976598052613,-0.13781829399030612,0.6983495132243417,0.2791258384382172,0.5902627449503093,-0.037561933172909595,0.8510525894527048,-0.0149546519344909,0.7901438240741481,-0.12460116802425034,0.704992636688756,0.2784658568194098,0.6670329573616712,0.04053422242828008,0.21033218777259072,-0.15401212535474662,0.6593912278447694,0.09083883045935191,0.04465556292283613,0.532927736618669,0.33099118178385667,0.4672179330106372,0.0,-0.15491698229869544,0.7327392040343118,0.2687633335717059,0.6918373238200981,0.326063513811906,0.4362889956323343,0.795059866547075,0.31074917695649473,0.0818811682145548,0.02839524114851607,0.11376196203577602,0.4974315897450117,0.23970847312878887,0.22326046438720823,0.6719840576164055,0.4546313770281777,0.47430685781474025,0.10065872005502406,0.2889138059543488,0.18370994564101523,0.22329740402402673,0.3393624623958694,0.42637232018987803,-0.038106969407248614,0.7093978705011497,0.7061890539759174,0.1176737921989386,0.21329242842913992,0.09905842690919409,-0.0025442196047042137,0.3220075772121138,0.8137173204086553,0.22696232671534278,-0.07909895110430451,0.7433991431942246,0.30999911674712793,0.05397333367281758,0.4640114012491049,0.6609040252763893,0.030906545305208973,0.9015107639965689,0.21802349767545712,0.5601571156827854,0.3481095335018026,0.47238407712382013,0.15349127287203335,0.40957573459437335,-0.16853551513636647,0.5791164975365559,0.27080423395137554,-0.15393949022222572,0.25257728530661633,0.18844008928015404,0.618599256764885,0.24253390592924126,0.6334492534293542,0.46365922621059547,0.45351568364594197,0.3382819565958588,0.11532200577113806,0.7035086126609811,0.5284902871528935,-0.10823742812916942,0.49123075349774786,0.5578905283967768
Cerebellum_Crus2_R,-0.06068176135284274,-0.20925618325522533,-0.14069123144250328,-0.01759169019391257,0.1460423067295521,0.6681075045838613,-0.0601380334500878,1.0,-0.29049140881041585,0.5543228686793571,0.32644919764680025,-0.15181553910430887,0.11973014795608279,-0.038527913985466976,-0.24532114175284334,0.3068142045121069,0.06621090914044928,-0.002610285891923371,-0.01535523744992178,0.16494088031108636,-0.06776195384797544,-0.06156210239916472,-0.0608794071817097,-0.3935439200762552,-0.0151108228837301,0.1856811362601033,0.18531643272838602,-0.08202369808149196,-0.08010457463453081,0.08582557460791085,0.2670162759377236,-0.02953239900349531,-0.08814523804411738,-0.022492694069629022,0.0,-0.14970785891174188,-0.08174418217262694,0.056094564926661705,-0.16486479909868304,-0.43532585274731966,-0.051520992021117464,-0.026816841267187506,-0.04645508556492353,0.411009538971235,0.12586567571384766,-0.30007265942517564,-0.3023122577967806,0.14951396536817585,-0.2139200832068703,-0.072280256557825,-0.037389074567715536,-0.15920675830140726,0.4308698168053609,0.5656060356430859,0.08536736816211793,0.30179249089472115,-0.17115687251401035,-0.009483404871144411,-0.18005194267706218,-0.011049159849015366,0.024193000508330727,0.12284795581271865,0.3458390625109896,-0.3980311074743481,-0.3133876467874385,0.39971447979928765,-0.10453058086957581,-0.3435783356206902,0.1170262763929633,-0.08527882583869349,0.3625426073225745,-0.30568854862391326,-0.2059912171721368,0.133268755500514,-0.12068446884843466,-0.10673267972305948,0.01920700976069997,-0.1554033667957128,-0.24143363136026774,-0.19061577791939502,-0.21544595324886284,0.25181686180758994,-0.11016374009224733,-0.15081185692946264,0.14162153937857844,0.0154830908916983,0.30724343867924214,-0.14552751649005624,0.20485406437028703,0.34534565584156385,0.1179923585199383,-0.21116275336575982,-0.19936194150521996,-0.20582067588223474,-0.19305057823906918,-0.10426567990385516,0.20250363551445544,-0.32419993760619853,-0.32011087361473933,-0.02158053066361095
Temporal_Sup_R,0.14324511331543158,0.7806755156978733,0.862849365391087,0.48925728190965245,-0.5723173844923473,-0.17724396055502542,0.12250345500325996,-0.29049140881041585,1.0,-0.45238244824640517,-0.08459873789410072,0.5842355091712044,0.4469366259167877,0.7464472341343347,0.48227843744524207,-0.01946266027993578,0.5170308581094782,-0.005388299739805557,0.2554285411036824,-0.14975902967078117,0.46716069730323195,0.4781623904612704,0.47392266988854936,0.37238727624643414,0.5606608615641145,0.09946684997628631,0.3507623774711048,0.6160143288997283,0.012990514781078811,0.5649355155899818,0.24927673016562482,0.3083758121512569,0.11305807069756571,0.14675606078182984,0.0,0.8315020542821816,0.07401786079064622,-0.1143326270910636,0.43138535815075124,0.1705464109042353,0.4538251377357281,0.4088612770632719,0.5722989125306717,-0.09405705412756231,-0.18363009556094131,0.3947947759898514,0.455300699587225,-0.08973570160873971,0.7323373707163942,0.46093682177259204,0.5270215387220313,0.39232762420921724,-0.28019952385257224,-0.30153578452999436,0.43364270002131217,-0.20090386070826802,0.6586328668722224,0.6023465221239735,0.4826180621280318,0.5436050192583248,0.5108530812616545,0.41887582308480314,-0.25458829783055303,0.2691680135560704,0.9026849986423063,-0.43158904770779727,0.02968977631239116,0.9216831675275545,0.012160550686571908,0.4966346487942166,-0.18475979177673024,0.6998858334021573,0.6948342117045342,0.2944840896291804,-0.04504072075624634,0.33910652392092433,0.6292124493785657,0.08153897649518908,0.11926128178015988,0.2796375014968109,0.6149997153979995,-0.11017166977810372,0.805052519253153,0.43202329582283516,0.6498231053347453,0.24393740686851337,-0.5325913914163614,0.647015253544699,0.25476494673441974,-0.3418120962058494,0.34234486117372503,0.628044045831509,0.797558632761612,0.727763980778437,0.6778035695214368,0.5447581868642382,0.24018834110591628,0.7369996603796918,0.6644338862739029,-0.11028203302782497
Cerebellum_10_R,-0.06334259417468631,-0.6050588243731349,-0.48435921708825963,-0.31086376572905383,0.5769091228336103,0.3971586908814503,0.37562435902267133,0.5543228686793571,-0.45238244824640517,1.0,0.5155940484599009,-0.22254002251796953,0.2864311052541078,-0.32464176775607206,0.08827614593327533,0.6075461921642367,0.2629732590183628,-0.025358723537370967,0.2999970366922674,0.21930493429470885,0.17900885833691907,-0.3722093168029853,0.2601581856470733,-0.31292538144664545,0.1842989874710205,0.0657025401438693,0.3545131108252205,-0.40952434999361687,0.20324589111213692,0.003108349421386215,0.2334196724903336,0.29388817574809284,0.20423910041013382,0.27528225567154585,0.0,-0.5177271120088173,0.24443631817585557,0.03880205728956071,0.04795436923201959,-0.2756845773807242,0.15643687261146244,0.2242269083354337,0.08516529868709939,0.5248375172033587,0.11853114626118129,-0.4448802438509779,-0.05936085262465136,0.15165868000490465,-0.3238948547673243,0.2041620534272234,0.08762603483157598,0.03248374726305979,0.36945441574503424,0.5613257952154163,0.09738156716454234,0.4244996825469489,-0.04026775219725548,0.09787072314563479,-0.326959816736713,0.24603399869779358,0.2687975976037859,-0.07826461692769068,0.3889813159628818,-0.45394413110276455,-0.5255536365626537,0.6453023962397726,0.3559109869304004,-0.4029191197178194,0.0013692276273966231,0.2138085017421647,0.6423499550837495,-0.352700113943585,-0.15682252376636616,0.40306772200981844,-0.03361346197668301,0.2386020447332164,0.0051759629486404736,0.1623466166225822,-0.10140770972284043,0.108131856226274,-0.21757506771027657,0.5295511124621086,-0.4940223146476707,0.13264457150176195,0.07696408513610482,-0.19526651653491173,0.6998396077873119,-0.15344260338164065,0.508799525616463,0.3540538268367616,0.34919670484701315,-0.07721864506333963,-0.0666452737073461,-0.1886685618168455,-0.23590271279552433,0.14628263354608548,0.4893613070865236,-0.6267090747099601,-0.19614006192433736,0.26786343841765525
Parietal_Inf_L,-0.15413666663991954,-0.12781196337439496,-0.08744013111118787,0.3079548048778809,0.5068080204247902,0.1739841308823299,0.26421460527873675,0.32644919764680025,-0.08459873789410072,0.5155940484599009,1.0,0.09783240478729506,0.4560428518311257,0.22760487822471606,-0.020100925638945777,0.5582667606032952,0.4567749208985658,0.21365998859107116,0.25441240769870294,0.2525002430925435,0.23745483887232233,-0.29090461181028165,0.4021881348662654,-0.1363920097366593,0.36811218457434486,0.023132241623951433,0.6424684334668388,0.13473639517619537,-0.05609235539256364,0.06087525463115969,0.7592323394542109,0.21405161291999955,0.1325842495112579,0.14565647337698762,0.0,-0.017991050123415966,-0.05089139005545188,0.04688672447555428,0.0921329220347765,-0.4539538783093016,0.290217300779104,0.2688903806682015,0.30685804627696867,0.827347315160103,0.20975798575669138,-0.26232286981460345,-0.20734545280293895,0.3204806769114699,0.06612408274789726,0.14251516246229462,0.060433724291821644,0.033219327387727156,0.26166958482089586,0.4616836734434243,0.40101774395411577,0.5397491436973041,0.03274746706701585,0.3049580317687864,0.012683469649673837,0.4842510974698521,0.5495807296682481,0.16726659911673816,0.3532599622866173,-0.48472142697336756,-0.25688616746110315,0.42128140797341257,0.12855128669252355,-0.14441103619506002,-0.13104466114630114,0.12928979129171858,0.5824410051221665,-0.10173109236493033,0.06431007934129579,0.4851239215428748,-0.02296620909734661,0.17148715073312198,0.430132523108732,-0.046214762268712024,-0.35532409935799675,-0.01718609991879823,-0.10150024283585439,0.5259637242426447,0.00412965094724902,0.08603933760450172,0.5989293699997812,0.030833062516346876,0.12259493298885954,0.016114661262858043,0.7572365756672336,0.15982591091762757,0.5555776221728788,0.08840315489602432,0.1362833733109475,0.029342924972247386,0.03446876444871658,0.22759291763060385,0.835092005892029,-0.22711022946352255,-0.19709832233779903,0.020435630802650262
Temporal_Sup_L,-0.0172330115577384,0.6481450262607561,0.5394127691706886,0.42829603283645307,-0.31823129231538266,-0.13669930007067438,0.13400997681844962,-0.15181553910430887,0.5842355091712044,-0.22254002251796953,0.09783240478729506,1.0,0.46693419323350677,0.5387632646320775,0.185908623626579,-0.03968578081750596,0.45168651087761497,-0.09410846253136693,0.33723219263974175,-0.17548648406824427,0.48522147856417125,0.2371715926361,0.40628231726752745,0.2236179938573449,0.4799305908943155,0.11068613760106819,0.3113248988681085,0.6036680756882687,0.105700159744305,0.04098486473946446,0.22260500548289536,0.11460702939805222,-0.15662277243539088,-0.1732450810780666,0.0,0.6007821660184233,-0.011887966875387812,0.2904460990984089,0.47768697540860805,0.181083099655297,0.38371282032364223,0.4501883542281227,0.4209245353675982,0.011280197400124889,0.3483716362805653,0.7030268578013936,0.06756672836905538,0.089892271047205,0.5694540606653052,0.25632489604386743,0.49663361744688045,0.7342745731879966,-0.19161220505707055,-0.011669941717763525,0.4470748568644424,-0.10961461319559031,0.42167460338117924,0.5284250735077098,0.4576709664150463,0.521111257009258,0.43202346376421463,0.11817364492423237,-0.21542066102300803,0.2958355099409073,0.39817739556066234,-0.4973159841885078,0.25051411622551395,0.6319109667818795,0.0796221250153563,0.3264750127036621,-0.21397418065448084,0.5580945400889702,0.5770158937562581,0.2617415997600339,0.052967208686779,0.37541755517345826,0.43989542906397955,-0.09221843273975495,0.20327676280875523,-0.0788639031032251,0.4595547931100703,-0.003613161160456493,0.47024201219425005,0.20302563739401328,0.4232689115232816,0.3236264989686724,-0.5222824536680432,0.5887430047230445,0.23731167307729198,0.11465823701555192,0.3175211751023979,0.7343026181090974,0.5671745699796561,0.46432536822929416,0.5841190289683962,0.39760203997629245,0.33981116732828087,0.7218137822463527,0.5089396230247196,-0.13088914028742887
Thal_MDm_L,-0.07864867454776436,0.20446306488103647,0.28245007805837724,0.2942846027867821,0.020482700638102615,0.004756160362883181,0.4777976598052613,0.11973014795608279,0.4469366259167877,0.2864311052541078,0.4560428518311257,0.46693419323350677,1.0,0.4361730584196417,0.45473236787548404,0.5649397720854902,0.6323147616112228,0.08721431246074587,0.5727433203131181,0.03594540696929954,0.5863045079829258,0.09956789025053178,0.7478325214748619,0.11414603385086915,0.751597637765736,0.1020811832056679,0.5838993895310408,0.34222022547452813,0.1720554289000284,0.2828754665791039,0.5283698287437442,0.5464388068001209,0.13822792952774268,0.212251069640596,0.0,0.30986731670071727,0.22680025493807657,0.19404754334541843,0.4694232677120734,-0.0379761683216831,0.6823524591750094,0.6387875089617167,0.65830527556105,0.3617372522076551,0.08870221999458455,0.1650383945514533,0.18906328057797522,0.19890792478426705,0.5742865746935194,0.47496739502609914,0.7434441657130763,0.4974935888394283,-0.0007911252452843235,0.2813028807858833,0.6883939345577472,0.47780688784804703,0.6382179729495149,0.838174439323244,0.15122689053997204,0.7595635099977364,0.750105751043055,0.28698334657670677,0.14992972679675692,-0.09766959005212261,0.21813517968901996,0.18747526896174124,0.44011828871642666,0.4227359564713024,0.03141306534342529,0.6523468711915716,0.4531989755959755,0.4023175300020017,0.5884300050899227,0.6221786823636246,-0.053027341878897134,0.5648261148830971,0.6319945803991507,0.08210440814277928,0.01610429717139923,0.21738390582319286,0.5387483760084092,0.48090318781069447,0.3008111199416749,0.4155605619294065,0.632122476890062,0.0966622923234293,-0.07406128237571655,0.6680754128089066,0.6561842445688459,0.17112655155658849,0.8464410767033569,0.49357203503959013,0.6481157817781643,0.4386182784333951,0.42803300750969253,0.6580214388678881,0.663942987978366,0.210645258208649,0.3463148994320461,0.24563557829951002
Lingual_R,0.09642158763001182,0.8150009516062598,0.8226377472155761,0.8463784052883386,-0.4304587068423666,-0.20538960345476007,-0.13781829399030612,-0.038527913985466976,0.7464472341343347,-0.32464176775607206,0.22760487822471606,0.5387632646320775,0.4361730584196417,1.0,0.0639468642628675,0.18982363127018642,0.3735520877509388,0.1669558107656024,0.018239484657359504,0.0028245430212709903,0.18988158047406703,0.37734962655861104,0.28393298673082706,0.2369060388048637,0.3795854371041172,0.0694554717771863,0.472812320123755,0.7759551947558839,-0.31330840188441383,0.47547124401340973,0.6524099256123036,0.09526295431199092,-0.08054376989340456,-0.06491386416568182,0.0,0.8625493182120979,-0.2310709758120647,-0.08158439930931331,0.13404301059553791,-0.2610275251318006,0.4702499273249715,0.14017424334132125,0.6197362142446828,0.26820089901890626,0.08959387490609089,0.2513820244131179,-0.019254229719566054,-0.06259129687141314,0.7037066239012137,0.1289061173023783,0.27752189586455567,0.1655874348852732,-0.07261259153031073,-0.0951971172611448,0.4787709538336813,-0.0029250950032473984,0.5058686045905418,0.4588444891718878,0.5089842584247062,0.40972646036219657,0.43667162451618696,0.41394805228597825,-0.1357208714259459,-0.1318376387416834,0.6500015113666009,-0.29391292826137516,-0.2507083471014207,0.6592342937730427,-0.006146099470396293,0.1508023837640657,0.036806071217274056,0.5740329578477784,0.37618319603589967,0.2776163488496829,-0.07648277899196822,-0.005848048591241342,0.7780743707924778,-0.25897751827260945,-0.21048785627086034,-0.026603438462644628,0.45314809551033336,0.05381224844250915,0.8880881848055031,0.17163687402154534,0.6975142843087108,0.42793105336634174,-0.5858723876459624,0.5286062131732194,0.260361454339557,-0.23886427959061965,0.3181409571590553,0.4106588317679605,0.6177184960092768,0.5203573748204722,0.4972956143850486,0.27283846459589106,0.32666695829528636,0.6682900103680527,0.2418130473890974,-0.3680289372026467
Insula_R,0.1282097210945452,0.0896781204804926,0.27096191223097826,-0.21525934168068894,-0.09751940356317715,0.08248889829087441,0.6983495132243417,-0.24532114175284334,0.48227843744524207,0.08827614593327533,-0.020100925638945777,0.185908623626579,0.45473236787548404,0.0639468642628675,1.0,0.27771187436596323,0.4882246315009569,-0.1677024275809437,0.6109577112593965,-0.07241740290282074,0.6012243264622207,0.03718099062392334,0.766978991114511,0.22866207652749246,0.728043844537406,0.06795909868408137,0.17875839941573599,-0.06523789303039358,0.5520621735486079,0.5355834895339462,-0.05595922379997178,0.7346948699020021,0.6205029423395776,0.6732955521716457,0.0,0.11348718804949104,0.6949315667191964,-0.0005677027303975771,0.6845514270896735,0.36470762527017103,0.5745359853086962,0.7365617872761281,0.49543111374253995,-0.09690093555208674,-0.3519982577988905,0.09216835002342598,0.9076339451111834,0.002819110493175298,0.33373136665881264,0.8779715627430349,0.5619910065376581,0.43147676921162786,-0.09339755059451492,-0.08037912939405091,0.1194999297912585,-0.12002197458332763,0.6218713666282604,0.42932994501283755,0.07897147810031514,0.6788043261865669,0.6624689012768811,0.4009974845299183,-0.13681744363824128,0.13532032776952355,0.4539763561849866,-0.013354881709316847,0.7681946105816755,0.6260177198807074,-0.1134790702802397,0.8859150219361092,0.08997960443339022,0.28150019297371986,0.6231911144883505,0.3945879947742173,-0.033077306856067856,0.7661887414011814,0.25746277483698493,0.7665184680489605,0.38885810632699697,0.6976508388576836,0.3870240034433855,0.32676681150673614,0.13932721480320565,0.8460127377706301,0.3292387192770331,-0.20027136704571985,0.02905626195864978,0.29995639070805036,0.48622444928615755,-0.13014542975132942,0.46623470037339343,0.6508502498434288,0.7288660642237035,0.4917747892586733,0.4580243549207459,0.8591320667578515,0.33554071483700654,0.15592876447615678,0.7911944648435565,0.28268903505938475
Heschl_R,-0.08249022212571822,-0.17697743248963205,-0.012533689806505053,0.08363682377307233,0.2602946276048515,0.05040105067029616,0.2791258384382172,0.3068142045121069,-0.01946266027993578,0.6075461921642367,0.5582667606032952,-0.03968578081750596,0.5649397720854902,0.18982363127018642,0.27771187436596323,1.0,0.3597141184867558,0.13100877370830977,0.2937284137052911,0.23017587810479292,0.2033315451432333,-0.22138714665611967,0.4904644105039109,-0.17328806494442367,0.455109024474611,-0.014662270590464547,0.5565948786472633,-0.031926398457453264,0.02014985580486722,0.42225533134885185,0.45544329460948996,0.6188933875478311,0.3407819154918797,0.29472556619459706,0.0,-0.09051441341968612,0.22394240359213466,-0.04570426235932034,0.011587675564554117,-0.44273274650639377,0.6022911889187434,0.2342099843831728,0.51905925502921,0.6354390986242775,0.11227517240746354,-0.42712832803683526,0.1394238358382688,-0.016981632321924008,0.07465056061565062,0.32363122593175414,0.35779544806434366,0.10007286042103086,0.2464338053286953,0.2793741638011151,0.23005340742609,0.37969808496754,0.454859225929884,0.31767772643337705,-0.027083566317377936,0.48712030875369694,0.5296498632061603,0.31626652433023017,0.07862132592102052,-0.739107893020236,-0.08092940954268903,0.45212792655332007,0.2832597077637349,-0.004185333470566735,-0.12451628248511833,0.4384485271965994,0.707683406284785,0.04813949637454141,-0.025960843039990418,0.5207332239576576,-0.11954157830639163,0.19047862660975565,0.3069412549197095,0.0717602380826558,-0.22260893031624465,0.09588494471806336,0.1846343454814048,0.6142251511559187,0.006507804469581595,0.4601331630479016,0.40257544467970385,-0.013531939990149967,0.3251776468755611,0.1599440376701626,0.6303185924724526,0.048000806816522745,0.47456541244273337,0.06304807073818192,0.31241430865220543,0.107669016260045,0.080259286236724,0.4288853935189215,0.6089453117611924,-0.3302313966184976,-0.050397709225799066,-0.11493285266467308
Paracentral_Lobule_L,-0.05314060802653099,0.17807742866226622,0.28839567991684795,0.1631690669845756,0.014836830963750585,0.06994734940939279,0.5902627449503093,0.06621090914044928,0.5170308581094782,0.2629732590183628,0.4567749208985658,0.45168651087761497,0.6323147616112228,0.3735520877509388,0.4882246315009569,0.3597141184867558,1.0,0.047985949548131256,0.6704965264950639,0.03974943716103298,0.8355093498091396,0.12350854303276027,0.6905955409216938,0.13132126016448326,0.6963046678586399,0.19219216196376596,0.77681238293897,0.260526691512247,0.22341750071446498,0.3712381598022824,0.47171445487843583,0.44200036408542515,0.24566691187302864,0.341237282147046,0.0,0.3384065349146804,0.29886686028891635,-0.07231482198363236,0.4638331397001436,0.04345429291065418,0.5464620797322008,0.6434210918764248,0.6253819547471032,0.39550644840755633,-0.020878545097098123,0.15408966666883153,0.30579927848432886,0.11573383592903023,0.4992317993772466,0.5518171207408342,0.632618912817651,0.5211764131371461,0.038671912446669905,0.17232322901859765,0.614290031768192,0.23641293737164684,0.5755842259451357,0.7515714570020043,0.20136404985592396,0.8056057894885098,0.8265499703161615,0.23787509210800095,0.0946826253344528,-0.038641982977701335,0.32413379126239206,0.12650235386496064,0.36869301925567877,0.48506539267832666,-0.057942840251769316,0.6406674127639934,0.3238204384581752,0.4961391367612519,0.5701070131667832,0.8306678854697782,0.03827152143610135,0.6494304491705086,0.6541941467904236,0.22746256005400034,0.04002862492676685,0.3236377866667433,0.43238201180118957,0.16561929510053475,0.26066412541517014,0.41460823511038575,0.748353423910451,0.05239197456078386,0.008808345083954765,0.5633553199839006,0.8203667062841139,0.012905357208885441,0.6461291270442518,0.5280048213944998,0.6520900506940644,0.5811706171693084,0.33945518066473795,0.5766689572402447,0.8016589995638211,0.15655101444813915,0.42408796705410673,0.21296559351193786
Temporal_Pole_Mid_L,-0.14251182739226353,0.013136094691889833,-0.01941627199410047,0.30923715026134524,-0.01834829516414578,-0.3074902351953791,-0.037561933172909595,-0.002610285891923371,-0.005388299739805557,-0.025358723537370967,0.21365998859107116,-0.09410846253136693,0.08721431246074587,0.1669558107656024,-0.1677024275809437,0.13100877370830977,0.047985949548131256,1.0,-0.11184979218501484,0.28177714737023385,-0.042604622149153136,0.12005941991341766,0.03701241089345044,0.057562092407447286,-0.028200455061629586,-0.06455562128172032,0.13579554338220798,0.16457212366228324,-0.29188680437425757,0.0188327699326313,0.25220806475011426,-0.07377631889268602,-0.10168407385691587,0.1636715448864069,0.0,0.006820815958506157,-0.07493016286841031,-0.03819278138914031,-0.12048649164419602,-0.1352551507334252,0.03670133154227737,-0.1243789976795874,0.03687509737214896,0.2138597308802043,0.00664557586323961,-0.041236061811926086,-0.22087249759218627,0.12690294914102346,0.11672236976101755,-0.177770902566018,-0.11102370676479745,-0.18605255714158353,-0.09285376109438996,0.09169215075045407,0.16356663148707465,0.20610939906701703,0.00501502079718101,0.03546476317845617,0.09709475100965882,0.01944740024781,0.02795790073968872,0.05444105309213399,-0.008410251271324042,-0.1329108725105743,-0.03727520974163327,0.23209871121386288,-0.20235438175049,-0.07627686639313959,-0.17961878078104576,-0.1394526471246264,0.29511753127311896,-0.008696958610961814,-0.14222429741258388,0.1322395657308905,-0.0348135827165443,-0.17338353491070713,0.15784286352398733,-0.03649095712687828,-0.11744468702329117,0.0585538229429037,-0.01673389058051879,-0.0034088845485983825,0.16094683512401864,-0.09304591347404911,0.13091831257246136,-0.04265695673490416,-0.09084952013848854,0.024840205498908828,0.08430134397248847,-0.008765224038176417,0.11251086765771341,-0.20047591239591991,-0.015204157360450065,0.26012774746078593,-0.14050062055935658,-0.08559135310908854,0.10793088282611234,-0.1232074068385481,-0.2031846076543981,-0.03075105025230788
Frontal_Mid_2_L,-0.06279441329813808,-0.002409934665929373,0.047605796482746474,-0.14690902646847986,0.09921568123990969,0.08844449526343214,0.8510525894527048,-0.01535523744992178,0.2554285411036824,0.2999970366922674,0.25441240769870294,0.33723219263974175,0.5727433203131181,0.018239484657359504,0.6109577112593965,0.2937284137052911,0.6704965264950639,-0.11184979218501484,1.0,0.018284796535103665,0.8874766899900625,0.009520222544153597,0.6608131301269748,0.3286120809329015,0.7006528538838168,0.11656594265114051,0.30250529671220455,-0.02536007240983699,0.6910312621170568,0.14024871510001197,0.06602251551079989,0.5197065190629235,0.16418708819830707,0.23652520730237894,0.0,0.054110970357732505,0.6531327068083018,0.2039544864222158,0.6200028841794445,0.2980784936319152,0.5185854069157985,0.7781106991031036,0.40201054744163217,0.13642826768204147,0.15744931240794385,0.250716141883541,0.3700989948669185,0.2575685336574464,0.35827910264022955,0.623290416882905,0.6460832278497751,0.7171197935109903,0.0574579624059797,0.3066763080411028,0.34364786807114456,0.24734723228980304,0.4703674916754306,0.5521576544359584,0.04083137929036499,0.7344105715603995,0.7037358648627084,0.04590684947399127,0.1812025943492359,0.11048909587904218,0.12135296843736261,0.18092972125435747,0.7219587204574974,0.3456282981682969,0.036234307345480055,0.7446845046958022,0.2039404643035359,0.296195247758079,0.5491280457308435,0.719968097828811,0.0007094030261620455,0.8997510414734963,0.26283031663965156,0.3195331420263561,0.2660969862528616,0.27534646138482094,0.3753145627258392,0.2857621905651089,-0.01157807606858973,0.5151196576596024,0.41081408130284564,-0.02099771851890642,0.1162237156873043,0.4496835573688508,0.6118398419351143,0.2979596756789389,0.6410299026745653,0.4819489866228098,0.4820499765320601,0.393040663480117,0.2163905137469593,0.7121709074792805,0.5633709907528233,0.02596533850515718,0.4706498049808406,0.4308927572356953
