,Putamen_R,Lingual_L,Parietal_Sup_L,Frontal_Inf_Oper_L,Thal_LP_L,Cerebellum_3_R,Pallidum_L,Thal_LP_R,Temporal_Pole_Sup_L,OFCmed_L,Putamen_L,ACC_sub_R,Cerebellum_7b_R,Red_N_L,Vermis_7,Thal_MGN_R,Paracentral_Lobule_L,Precuneus_R,Thal_MDm_L,ACC_sup_L,Precuneus_L,Red_N_R,Supp_Motor_Area_L,Thal_PuL_L,Thal_LGN_R,Frontal_Med_Orb_L,OFCpost_R,SN_pc_L,Frontal_Inf_Oper_R,Thal_PuI_L,SupraMarginal_R,Occipital_Mid_R,Cerebellum_10_L,Cingulate_Mid_L,Pallidum_R,Cerebellum_7b_L,Vermis_9,Cerebellum_8_L,SN_pc_R,Caudate_L,N_Acc_L,Heschl_L,ACC_sup_R,Thal_AV_L,Thal_PuL_R,OFCpost_L,Vermis_8,Cerebellum_4_5_L,Cingulate_Post_R,Frontal_Med_Orb_R,Frontal_Sup_Medial_R,Thal_VL_R,Frontal_Inf_Orb_2_L,Cerebellum_6_L,Cerebellum_Crus1_R,VTA_R,Calcarine_L,Thal_VA_L,Temporal_Pole_Sup_R,Amygdala_L,Thal_PuA_L,ACC_pre_L,Temporal_Inf_L,Rectus_R,Frontal_Inf_Tri_R,Postcentral_R,Vermis_1_2,Parietal_Inf_L,Insula_R,Precentral_L,Vermis_10,Cerebellum_3_L,Supp_Motor_Area_R,Temporal_Pole_Mid_L,VTA_L,OFClat_R,Cerebellum_9_L,SN_pr_L,Thal_PuA_R,SupraMarginal_L
Putamen_R,1.0,-0.08762631675272428,-0.3146806589532539,0.28692378370438376,0.5732561533360788,-0.11116594982381887,0.22669855980065526,0.5992348834647374,0.04955968140324899,0.1483429785337002,0.5473826627542528,0.08311380590533213,-0.3336075191436413,0.21681066782315597,-0.2209691923770433,-0.11312760236352064,-0.2648774882509882,-0.13768563561289177,0.045052126274633786,0.5399345540607156,-0.15090086509596318,0.15438158220883558,0.3560354363913265,0.4819173338596667,0.6830362859913978,-0.11686722218432759,0.6563398857801609,0.744234710558396,0.6765655297863025,0.4700522233935772,-0.30930573321064053,-0.41909420445362566,0.5820656491215145,0.43968955732287524,0.27712185032349945,-0.36167531227364547,0.19926725644236118,-0.2169882508268745,-0.39081315649580534,0.6740723610306141,0.7063305690194506,0.3850486636221889,0.44088096624002293,-0.046678432532501604,0.527833216610166,0.493270168215531,-0.22198761618827695,0.6628326315913413,0.25011719388513337,-0.20390513291964033,0.27269781613662497,0.6578640714160119,0.6588594518120364,-0.14519684188463028,-0.24962617503444431,0.611464147999189,-0.09838559659109651,0.41580866018678847,0.1969440315066992,0.4705632535475332,-0.14757689362379842,0.4496273467802565,0.10062620955441377,0.16964579359804943,0.618704994557309,-0.2188956558145368,0.6388750975008903,-0.18296013046908638,0.32712462807691894,0.04755518726289219,-0.1938810516606658,-0.35013215864540814,0.39578020166613415,-0.24730783711945598,0.09037503082976495,0.13142451362281782,0.017247392785630814,0.19758894937099775,0.5579544302195614,-0.06598461783588261
Lingual_L,-0.08762631675272428,1.0,0.18067535215225938,0.6075922288315189,-0.429648719199532,0.8275298706382442,0.43094426585046536,-0.17795012519174308,0.34460293261656005,-0.25427207148609626,0.16538390359312016,-0.07856617725368326,0.5714420533912028,-0.4496235462738856,0.7107279323895893,0.72868212145306,0.1292487967342934,0.07778669418971902,-0.04573920755261846,-0.38711430498440647,0.2723502987970399,0.08169990830980392,0.0758536521664229,-0.4486679284421285,-0.33495514472325577,-0.22510778538401788,-0.426705512022881,-0.46496816511487066,-0.0903445578760121,0.07287942824915633,0.23671369813808146,0.6569528230878248,0.06199050332687118,-0.16825560399402836,0.3908698600305141,0.7243723460622469,0.28487283379137274,0.7609919232104745,0.5502750001785871,-0.021823622214479078,-0.3691786103165091,0.12612339838449768,0.018661285343658626,-0.2578061178959115,-0.42148353439071334,-0.230015936333146,0.7109922444517968,0.08535879248136852,0.5235610271869705,-0.2274972188957413,-0.12496944520185423,-0.5107115319775669,-0.47154067268864125,0.9088300188508234,0.8172740182976331,-0.6921357912168448,0.8654413058545973,-0.11353449426864991,0.3136601546619662,-0.5579493119191119,0.7143990993938518,-0.5385817792535618,0.16834590384751047,0.00125177643806385,-0.27409416311143436,-0.1732962604142388,-0.1824930124006468,0.25577175586358486,0.611086640687142,0.30981337222913147,0.8677626777912729,0.8407410485699995,0.04629231073088703,0.4688915623976785,0.21725452950200996,0.016952788383827112,0.7175278270808622,-0.05939669752237063,-0.27338573432680374,0.28888904334908355
Parietal_Sup_L,-0.3146806589532539,0.18067535215225938,1.0,0.11475030167272177,-0.41659548579101713,0.27307129038995726,0.2570178701330099,-0.2898393946194896,0.009761417132570047,0.00990755092780724,-0.045939271090579846,-0.029763119602171543,0.08263442733397505,-0.192265363250233,-0.2089984102234487,0.08091699115012102,0.9014529337763364,0.8743450034795917,-0.10307464226678072,-0.44951627627564184,0.8852997506935597,-0.11329075064142288,0.2016752129707226,-0.5875985278083994,-0.4801109571090018,0.06827447099297067,-0.23061965698716444,-0.4702979386407853,-0.4891475033855795,-0.19795930058973363,0.663873391401427,0.7405753689264208,-0.34530771931765664,-0.28192652135293694,0.3159455631182254,0.09075027993030325,-0.47467705254106135,-0.041523049126853,0.3282466954143677,-0.1937570145420857,-0.49215563889507175,0.015265837700016483,-0.1422221520243524,0.08649098155866702,-0.5024627137224419,-0.17780449906060367,-0.254520800963956,-0.42300115105770986,0.2501970953605453,0.18717551274308308,0.3433057611088133,-0.4352729562443044,-0.44492422571200135,0.07369898991812936,0.1373953412165602,-0.378709472688292,0.48303659402482346,-0.035245663494640256,-0.13743835590017087,-0.24212610057956607,0.23838847967983637,-0.22687278022188317,-0.16322620059172413,-0.04311011602497671,-0.556859193200125,0.5966974953348311,-0.524049613087335,0.812369825045541,0.1043081315626305,0.6504842249617947,0.06575650286019928,0.3304710651924378,0.19017539821296925,0.10142131506709956,0.10512489367720705,-0.03345815382716585,-0.11300489163361413,-0.016311607150442775,-0.1825937842795136,0.6085918275547184
Frontal_Inf_Oper_L,0.28692378370438376,0.6075922288315189,0.11475030167272177,1.0,-0.04249085049116226,0.6652395574866535,0.27727682623508215,0.11753105893695201,-0.053424601217983606,-0.26948488260818765,0.33071670993847296,-0.06759343001519677,0.3074991776137651,-0.24778506407671075,0.32721785676226894,0.536699850340067,0.16281187731092991,0.15755216552541312,0.13881598458461186,0.045546441075999644,0.2703978512716739,0.052823512460562744,0.38149812170292824,-0.08021453985102354,0.040748078422471794,-0.3164297676110339,-0.09295620217726344,-0.11166116294939275,0.4083258399528034,0.2678943529398139,0.1744100255697488,0.32218670103652275,0.44763621904649353,0.2827908192123082,0.36221149577696743,0.288958238787799,0.15811673594228784,0.2840464655333663,0.3156825375731146,0.1158168770490014,-0.08963334853159462,0.6820613884780342,0.2032118985598666,-0.12505339095900034,-0.07101842226154793,0.08059253763148294,0.35407737767689157,0.43711646727595127,0.5886613391624462,-0.4146800697488284,-0.06581579902435584,-0.07667273702725798,-0.20291496781377782,0.5970778926424213,0.44588536382804855,-0.2643344905115434,0.6324930335133842,0.00543825721056284,0.41375590023568454,-0.3714943651433261,0.3626631360098315,-0.34273688198037233,-0.08167962381006069,0.06986255877461406,0.1897126800315047,-0.1548957707358922,0.14699292093786792,0.41025446914994074,0.6229439381684612,0.5558208220294331,0.4771179212065818,0.5632489415721544,0.3216650117735539,0.07234512851834733,0.13731598690179797,0.1404993530990862,0.4558942479748167,-0.00038291557630460533,0.08969008774648442,0.5290886864277863
Thal_LP_L,0.5732561533360788,-0.429648719199532,-0.41659548579101713,-0.04249085049116226,1.0,-0.2946922882917631,-0.11411503011182222,0.39474186060053906,-0.2167338934490098,0.16629716819513377,0.40403945960174625,0.054734234866537695,-0.4121584092745867,0.5545585465263321,-0.4589264670355069,-0.4112766292947379,-0.2045806681065114,-0.19157764868524013,0.24977884006141202,0.8074929465031842,-0.30019800907526817,0.22288494003401663,0.2452091485929786,0.4717491141104033,0.576181239932039,-0.005838623548053961,0.507873859557211,0.608740081267808,0.6032568618471497,0.2765917360003551,-0.30903233788024753,-0.699740592860199,0.471610132747893,0.4838833501656366,0.2182854338895362,-0.39563505385548137,0.12444623852562728,-0.49725579257300656,-0.5173985490782949,0.4036784521248456,0.6735937616289428,0.31054888888581966,0.13752149418950527,0.23059454964702475,0.6490452105616045,0.33350911059882865,-0.4622112866594086,0.5494283162276297,0.062305063170824716,-0.026748722585833842,0.044887131239599615,0.7805281441891794,0.7663846671551202,-0.4134752223125137,-0.5167181635166438,0.6207814805271162,-0.45661576247441465,0.16560536845439328,-0.051622525236544876,0.6465473479865235,-0.4122297507155583,0.5050403828246555,0.033482565614937544,-0.00992877839485251,0.6409120136928652,0.025936484966788072,0.6113828957876577,-0.24755370813282204,-0.2840284141912096,-0.07066528775210368,-0.459058285495448,-0.483103258786765,0.26681986561326376,-0.3483176407016518,-0.09572830927420584,0.007903963016868992,-0.36122016627698955,0.23114918583795815,0.5635412382080224,-0.16093873923510096
Cerebellum_3_R,-0.11116594982381887,0.8275298706382442,0.27307129038995726,0.6652395574866535,-0.2946922882917631,1.0,0.28575635369527846,-0.11375556515109228,0.12653528088183838,-0.26937087606077903,0.0816976489578829,-0.05407994600133654,0.5900490327801378,-0.35333660583143905,0.5663570805119189,0.7651327763187616,0.2777457233464191,0.19317851478424153,0.21885254238947013,-0.2795178049160743,0.34402067233213696,0.11059886753483061,0.25603084951377686,-0.42622026080855874,-0.23855481263594006,-0.3318732639613976,-0.3076188298937991,-0.45769917440047225,0.03304166079753347,0.20165010135902545,0.25556307156421865,0.6103016133716161,0.2633044101968278,0.06132353639420878,0.3996233300159567,0.6128416729413825,0.2873212776723362,0.5936031971156551,0.6151179864187438,-0.11537059685142227,-0.3091750325021965,0.3264967545848044,0.021856992408534944,-0.14636672615368787,-0.31839858740724264,-0.16213863143887453,0.5442367154396207,0.21728149339579278,0.6034066264025952,-0.23593533952142193,-0.0411592886383785,-0.3812099976442811,-0.47894640799121413,0.8525678788818082,0.7377251176675739,-0.6028315847926036,0.7839945309166989,-0.15832672486337818,0.3931766557202762,-0.500471938482786,0.6774021290941671,-0.3835000785461165,-0.004411778812671387,0.007625939120943272,-0.16167717907946516,-0.09326018313176343,-0.033036173271388684,0.4634331848158427,0.5286987614220149,0.49876929972949813,0.7944780170966862,0.839888676822126,0.15923113430774916,0.36894592518964564,0.21929497798038458,0.07889272552152073,0.6634203575527198,-0.036071354948717806,-0.12741131707525485,0.4902358659555394
Pallidum_L,0.22669855980065526,0.43094426585046536,0.2570178701330099,0.27727682623508215,-0.11411503011182222,0.28575635369527846,1.0,0.1276928651853587,0.35133148548972454,-0.07165950712798315,0.634050841255677,-0.25178432756826097,-0.07660667046693964,0.20412447399950198,0.10917686020473971,0.13359705852697912,0.3110783325990757,0.3510927609926168,-0.17133641944277067,-0.0619919771748584,0.36791796303411456,0.37326115211132666,0.45412795447787196,-0.10883088758017412,0.1469058673474443,0.19437841453695168,-0.06772090370317345,-0.0907418248488351,-0.014737175792834272,0.31078534423897913,0.29489975442440297,0.27129410026603634,0.04268372213852774,-0.023782699037388954,0.5892880445171685,0.07446418269997464,-0.026585409585771894,0.16581946818682683,0.3546649487434644,0.491204146555538,-0.07812959630486462,0.010909353030460337,0.16131437757844566,-0.062486168053242946,-0.1481743809917447,-0.08985090844302134,0.02701768231285962,0.24216194520817197,0.393330114289851,0.2312667106376601,0.2283584699140766,0.07183657837320521,0.06728898742977311,0.16798008731596858,0.14917330019215758,-0.11941349801579636,0.39765388394036655,0.23075974919031736,-0.1418895761800799,0.13874859208242277,0.42816583887148096,-0.02751488263284652,0.37390398348528187,0.09972128253849077,-0.18197278715788334,0.2245084405220187,-0.07060484695680995,0.17700185344472238,0.28070864401036283,0.3488052290763857,0.28283594274820034,0.2492129678398678,0.4365903278568113,0.10110251217038797,0.621816443560089,-0.05820805123566735,0.08015323689034412,0.513278109306808,0.367948086508809,0.16887498914800173
Thal_LP_R,0.5992348834647374,-0.17795012519174308,-0.2898393946194896,0.11753105893695201,0.39474186060053906,-0.11375556515109228,0.1276928651853587,1.0,-0.0464202594811614,0.10997795543431681,0.2425171785409142,0.01577737785479259,-0.16505589690144712,0.2274708766209008,-0.1308321410356701,-0.07849513890982185,-0.23751504195555972,-0.13539970790081823,0.15412245792760826,0.3478486809962184,-0.1771184819124252,0.11359212924880886,0.3643253960712901,0.36728882541231805,0.6049413583974479,-0.09368567121545152,0.5111106910426341,0.4994302808062273,0.48827279004622604,0.4490303798307008,-0.27345089790906385,-0.3543028883668826,0.3871041771128002,0.4243029257517267,0.06967966770067094,-0.38095055105788533,0.1871204903279885,-0.16372874517292094,-0.23000744340809387,0.45769022164804934,0.48742318477914476,0.20563698350000448,0.36758185901577917,-0.006333373508218297,0.49726586490273006,0.3583022026636391,-0.16467522869984372,0.48169036832790557,0.07199611902920175,-0.10934877218915982,0.23200012828320654,0.5499066754138585,0.46116751558270286,-0.1804164898941538,-0.173020850577881,0.5361462777631893,-0.18118827571005303,0.28743844915044126,0.1380691100901571,0.3620283780208251,-0.09276065246967269,0.447538289887711,0.05944522496903538,0.1314483028093868,0.46173156232004775,-0.17740940801683375,0.48136434543431167,-0.1944956484450239,0.13133205863325192,0.050512704555141445,-0.17263274996539898,-0.36088721927659034,0.33869616390266627,-0.30239950853767167,0.04240003256975566,0.10398990829036386,0.005398115504633542,0.26036781585285934,0.46715155065610575,-0.10689342872614276
Temporal_Pole_Sup_L,0.04955968140324899,0.34460293261656005,0.009761417132570047,-0.053424601217983606,-0.2167338934490098,0.12653528088183838,0.35133148548972454,-0.0464202594811614,1.0,0.13122719401961108,0.03116166226787699,0.021093019250134123,0.040356198800341234,-0.1415663637296863,0.29134958653707044,0.2018228460529149,-0.0282185460085701,0.13678902936628884,-0.07868356753447618,-0.1773363530046361,0.12614073089306585,0.03842282437596117,0.1188147627752052,-0.060066464961252605,-0.10711395891070151,0.2795546257605725,-0.23597994949344075,-0.048351046467360125,-0.2078679895969713,-0.11255140885692975,0.2626166382332434,0.27780875585092357,-0.11330948653623246,-0.04308763606314822,0.28389751598574914,0.3195504415614594,0.07288689808974105,0.48988711571127147,0.1965074046916594,0.3500943557210317,0.031186375886581363,-0.4336057309548298,0.15148765227956787,-0.11638005235282405,-0.18501465099781994,-0.0027979141014535408,0.282183077273443,-0.03632463676654813,0.17420623342500496,0.22900409049462306,0.31585101243665603,-0.24196810624393034,0.035401325920945574,0.31178976261790864,0.180473673443792,-0.22212786689886657,0.3014593537201161,0.3591797364810809,-0.16382413862639206,0.03996823990242856,0.43834490562947215,0.07428749075665432,0.6610754568004686,0.1153554526297115,-0.3215175978034462,0.15765470497642828,-0.1309764269788733,-0.1728372484237252,0.17749685272100846,0.001564704607468136,0.3033356777283637,0.2807551097629863,0.15336462084449837,0.6865646015063194,0.08958376722233224,0.09328020002084376,0.24208106087671766,-0.04511636541963386,-0.18265778240120378,-0.006738207162590923
OFCmed_L,0.1483429785337002,-0.25427207148609626,0.00990755092780724,-0.26948488260818765,0.16629716819513377,-0.26937087606077903,-0.07165950712798315,0.10997795543431681,0.13122719401961108,1.0,0.11513446662241363,0.052210057104425445,-0.40872985972145276,0.12717821652625916,-0.18481499121006617,-0.2652454913099321,0.054544580935579234,0.13342140967223254,-0.11932890697650014,0.19739326259535298,0.010092496943761051,-0.2901585177604868,0.012222573450380398,0.09987908448248622,0.1212991356030599,0.4714154935765763,0.08632955842528464,0.3033593940293111,-0.07812301439822485,0.0840676179535261,0.26793307043985026,-0.11582636355917572,-0.1624613198030913,0.04064359036475213,0.17586774325330187,-0.22936689476832056,-0.21860806819444784,-0.10772396130287377,-0.20239221145088926,0.1554611761267168,0.138791350173653,-0.20779420378242885,-0.14528501084318035,0.1057669847953686,-0.02065930997540599,0.14660753349098812,-0.1845059287212834,-0.02367171674583278,-0.012375770251253537,0.4075805122523125,0.005808565233420024,0.21884520872837962,0.2400692039955795,-0.28332198766103195,-0.34976927370687144,0.3864662901303136,-0.13069439081028705,0.38420670981481353,-0.42104901795619937,0.43206167649461535,-0.22208298550596783,0.0873311157292152,0.32537316657303317,0.27686659550329024,-0.04265292079242986,0.4009790451449794,-0.009038445185658538,-0.21620775405772436,-0.2879605954975865,-0.11269814457195154,-0.24515048745078347,-0.3321550369692679,0.18507641956267074,-0.09041476751466963,-0.05014305009756701,-0.1167503826316552,-0.34771240833846767,0.06073519072904964,0.06510192137574948,-0.133494989596621
Putamen_L,0.5473826627542528,0.16538390359312016,-0.045939271090579846,0.33071670993847296,0.40403945960174625,0.0816976489578829,0.634050841255677,0.2425171785409142,0.03116166226787699,0.11513446662241363,1.0,-0.06777597961189658,-0.3513306060617753,0.3827065042664697,-0.21432621506857427,-0.153244119196831,0.12917767976386466,0.06055683427102675,-0.2293371927084922,0.4692056424780137,0.10716771302770944,0.3283213920977106,0.35435294839207354,0.1581403575467327,0.3002338252232896,0.1489992950413198,0.21944187280577523,0.3281060130829532,0.30408917574484057,0.3917655822058581,0.018449709762609196,-0.23141448556824462,0.29718280627810717,0.044623771404737035,0.6206516144418757,-0.23005516982545415,-0.11544233810693853,-0.22825796843148038,-0.1516520371055859,0.5503804812356462,0.3490963557659911,0.30821858483406117,-0.028478215012839002,0.010262063952160656,0.1263603410989411,0.2036232829803353,-0.18099432924731051,0.4918992733662699,0.21605036370587474,0.023468153803609646,-0.08214957384534176,0.5234021438451478,0.4778735998733123,-0.0993743482239774,-0.1801063977334765,0.2140322338891843,0.11625283319411882,0.20288416448989668,-0.1599848511197818,0.4611586658236056,-0.10278803000277893,0.07789553248451431,0.17661250895994168,0.16100273831556444,0.32338688626727496,0.1740537529566494,0.22148328731681663,0.014173882064302541,0.022196017791937098,0.16697057327979292,-0.045996907984501796,-0.11116585267480224,0.3721056031657276,-0.26928549904862287,0.4813975950578365,0.017215579827819922,-0.20787621521950653,0.4224603938789722,0.594486166102458,0.02695195854525222
ACC_sub_R,0.08311380590533213,-0.07856617725368326,-0.029763119602171543,-0.06759343001519677,0.054734234866537695,-0.05407994600133654,-0.25178432756826097,0.01577737785479259,0.021093019250134123,0.052210057104425445,-0.06777597961189658,1.0,-0.02506873828948374,-0.0962660813411439,-0.07624458726441832,0.07969605529421984,-0.06738998520201989,-0.10001250124036037,0.017850563268085443,0.0015845981794129613,-0.0520726745091307,-0.04134372781182516,-0.05508486503042517,0.019362571571290847,-0.07960684982633495,-0.18003964997062108,0.17715788100564467,0.1157064296998881,-0.027710643138603528,0.020221168083621857,-0.18294894159110944,-0.08675692961444896,0.07425250473389504,-0.058558961987430304,-0.0601389637157763,-0.08393914056511047,0.04876779127031064,-0.10219743549851731,-0.2278917641256486,0.03056139862157682,0.19719017835219793,0.05284435391533163,0.07529176317939407,0.005014106320709747,-0.0012225780160690827,0.21735518291113545,0.018195763358557045,-0.06601472961722983,-0.15846402027709652,-0.14169902536899337,0.041841720865659134,0.017085659739503576,0.09931642396950567,-0.04370863948722819,0.0037976594322587814,-0.021705858549562647,-0.07852334807101485,-0.058277740802756016,0.17781492275559602,0.042457264018784906,-0.06009337433439377,0.20474665816015647,-0.13287496669719956,-0.09770824903537689,0.07435077329416409,-0.08624293596107536,0.12850771979348383,-0.005714002020793394,0.08582668185238322,-0.05380394662196675,-0.059440369140338394,-0.09905407992775561,-0.10349511047740827,-0.048177881535862416,0.028944411122753477,0.028707769974189588,-0.02407190715740302,-0.27684581949585474,-0.07598465606794695,-0.036553099800207385
Cerebellum_7b_R,-0.3336075191436413,0.5714420533912028,0.08263442733397505,0.3074991776137651,-0.4121584092745867,0.5900490327801378,-0.07660667046693964,-0.16505589690144712,0.040356198800341234,-0.40872985972145276,-0.3513306060617753,-0.02506873828948374,1.0,-0.4394034791427704,0.6117778876296254,0.6032166762967573,0.06621930478614557,-0.07253538759967335,0.14820641630368536,-0.3999060034201261,0.10518683581646547,-0.04129718827058011,-0.07026239847029131,-0.37606597516907697,-0.34214222958691354,-0.501546082629328,-0.26552582687930376,-0.519449892912706,-0.09121863327269121,-0.08225857072555029,-0.02273943425444247,0.4653447730941466,-0.07719794074026542,-0.05169636652669307,-0.07036654275063882,0.584968543967923,0.28804567909637707,0.5390114817632705,0.46346538634753737,-0.39345425443442306,-0.30870624437460525,0.09826761008055922,-0.04796233467642628,-0.19516525822696243,-0.30709618039016695,-0.05018053802412967,0.5278477309613075,-0.18412911551111563,0.15333154568462412,-0.331833410880759,-0.2041889366387896,-0.48427515933381415,-0.4975530149434447,0.6807375071173095,0.7277926303394873,-0.6053163663677904,0.49375577972415563,-0.2959930089798531,0.3817302592085344,-0.614864437477274,0.415870015951799,-0.3645731822398691,-0.16427254926250498,0.0025709657156195095,-0.18073754653747098,-0.2844676722542993,-0.17292144083124977,0.2867851192945451,0.372359877607008,0.19736546645878156,0.5979825524294666,0.6356766139849577,-0.20761747653093227,0.31499766577888616,-0.06388661747851972,-0.013031179352448003,0.5804739957659796,-0.17257238448607926,-0.33381996528083746,0.28008964787023066
Red_N_L,0.21681066782315597,-0.4496235462738856,-0.192265363250233,-0.24778506407671075,0.5545585465263321,-0.35333660583143905,0.20412447399950198,0.2274708766209008,-0.1415663637296863,0.12717821652625916,0.3827065042664697,-0.0962660813411439,-0.4394034791427704,1.0,-0.47955153457634003,-0.43611786633499205,0.0011358153119796596,0.02439850077794354,0.2361539443971492,0.5686403216678417,-0.137716337920529,0.5908571387225009,0.3460120355386547,0.3090572091679961,0.5111609191893901,0.21384278097446813,0.24906317407226364,0.3222892627057151,0.31425438864398747,0.20139100380453087,-0.1213369268151378,-0.5558367268164146,0.1246383297062193,0.2942613516879415,0.23199113115312553,-0.4617074290133199,-0.10184984306114905,-0.5396534845703755,-0.23665683553518502,0.43739721935840986,0.39049595005592297,0.12978594644953775,0.04325254396204827,0.43139341739823395,0.4066874316741255,0.10417107806731263,-0.49439656211713645,0.3163130701900484,-0.03214139074271279,0.2513694809326467,0.09852711521138059,0.6733505362589391,0.6015421178430563,-0.5448589246018739,-0.5086194787239908,0.4469186043813395,-0.4810863556611561,0.10665528369465836,-0.2968109304962882,0.6762528220559018,-0.31834265214826324,0.5234927482834205,0.15862036791483947,-0.09128240724873184,0.301061192716862,0.25656631470790264,0.24154976870768283,-0.15606861790526386,-0.43287108078049824,-0.047662614990983204,-0.5117551775397737,-0.4296242657518708,0.31072888047929537,-0.40270006434951733,0.29722072287441226,-0.14772638122459347,-0.5495258243104515,0.4721954652865577,0.6333286384519212,-0.11186038015401714
Vermis_7,-0.2209691923770433,0.7107279323895893,-0.2089984102234487,0.32721785676226894,-0.4589264670355069,0.5663570805119189,0.10917686020473971,-0.1308321410356701,0.29134958653707044,-0.18481499121006617,-0.21432621506857427,-0.07624458726441832,0.6117778876296254,-0.47955153457634003,1.0,0.7341658103468754,-0.2543009571628474,-0.2285943117110617,0.10595656928601464,-0.45126715558869973,-0.1076187454177538,-0.10947229431248716,-0.06109209838233576,-0.16794769449471902,-0.19023635891035698,-0.08968794355201515,-0.4482601356838878,-0.33871138859336597,-0.08647605885942554,0.07316252136125106,0.06709270614321612,0.4463157559107109,-0.0063478841930097495,-0.0003016487712653602,-0.016417196193854552,0.6863557639862905,0.5732905778560726,0.8968360409265012,0.5283529230197722,-0.15559831169823934,-0.3196405693606185,-0.14664784331442807,0.1364334001517455,-0.3109430105512531,-0.3192340062647799,-0.21684170621422189,0.9287646223441046,0.0009963900209642366,0.28207041012474715,-0.10624316143490127,-0.2558290617882281,-0.5287576401217368,-0.45536312161041037,0.7925798381928311,0.7811722913932719,-0.5000687310263895,0.5308859690028753,0.0029048557828649946,0.2913401106947552,-0.4790099289082533,0.6813545313645826,-0.4828413014633119,0.34203512596631114,0.009711503630749095,-0.27757185894618397,-0.37066394868759206,-0.044802319236301624,-0.15139961331903184,0.4811828647087358,-0.01725687848544973,0.8717798835933502,0.6195224832973041,-0.06854369960099434,0.41807557902150455,0.07692277423265717,-0.08690966697283811,0.768215082290673,-0.13098257460535573,-0.41189021191904124,-0.008110648862174098
Thal_MGN_R,-0.11312760236352064,0.72868212145306,0.08091699115012102,0.536699850340067,-0.4112766292947379,0.7651327763187616,0.13359705852697912,-0.07849513890982185,0.2018228460529149,-0.2652454913099321,-0.153244119196831,0.07969605529421984,0.6032166762967573,-0.43611786633499205,0.7341658103468754,1.0,-0.0133408154564965,-0.00815353754779387,0.2639030007902896,-0.4179141385430487,0.10348659417261555,0.06881391903392076,0.1285806222145701,-0.3160780308043422,-0.16505151807237997,-0.29989408684792546,-0.2583752769125493,-0.34559550153832647,-0.012794953809184708,0.17895091663840743,0.09092541263666007,0.5386063000569646,0.21111172988129978,0.040344428970201754,0.15155782536042137,0.5664418805592336,0.4791311072850403,0.6944367298156329,0.5513742649586969,-0.10417771436143831,-0.24413600476298902,0.1304246348283657,0.22308432365231415,-0.20330059735752226,-0.26553915503156256,-0.12870201856458857,0.7126267042408926,0.1125946322451135,0.4322045671493835,-0.23196717180686352,0.0007111745525501559,-0.4447475152053182,-0.4636336276312596,0.7970785193264468,0.789802939861846,-0.534764415802879,0.6202340485990792,-0.12670099641167382,0.4935751641964685,-0.49208847705624936,0.7321734639673683,-0.27719987517373385,0.06952093161883534,-0.0860067208095078,-0.19921012834803054,-0.32628092077027454,0.05003949934650563,0.20374470868281505,0.6154679373395641,0.26453314926744076,0.7754376401142467,0.7032290493408095,0.04785863399347101,0.3172989649071719,0.15992749888289404,0.024138703151951095,0.7537578911273733,-0.13873267564369793,-0.27866571193637507,0.25335099898288926
Paracentral_Lobule_L,-0.2648774882509882,0.1292487967342934,0.9014529337763364,0.16281187731092991,-0.2045806681065114,0.2777457233464191,0.3110783325990757,-0.23751504195555972,-0.0282185460085701,0.054544580935579234,0.12917767976386466,-0.06738998520201989,0.06621930478614557,0.0011358153119796596,-0.2543009571628474,-0.0133408154564965,1.0,0.8941753043380618,-0.02614311622052128,-0.19410284260702415,0.9117980249541596,-0.053020151664437,0.3939358228935422,-0.48909427579723236,-0.39192551323947317,0.08408451156803733,-0.24131934599242372,-0.405990270464391,-0.36951421834506026,-0.13022948323698494,0.6612805272545182,0.588498361444826,-0.2893445540072181,-0.0898377347789013,0.49707918361505854,0.06268615273193992,-0.4805683662952713,-0.12096345609044469,0.2988790477205055,-0.14282793712362638,-0.3798693940658462,0.10453284364658354,-0.24597108865022613,0.16349425062742315,-0.4318441532697251,-0.058578889367597836,-0.32194833504804,-0.3257735028519607,0.28206249916961207,0.21698219825578238,0.22512375653229946,-0.22565652998535374,-0.2867670354791887,0.028316616967714727,0.06438931794006682,-0.29781591944366287,0.4313682703556724,0.0060415901677808425,-0.2911415226927607,-0.0877945779352865,0.14954293305278654,-0.19389622059219802,-0.0546111922865262,0.05586740343486749,-0.4786507699017625,0.729741766098026,-0.46451882653403287,0.8454653026409575,-0.034772221936274196,0.751528196086449,0.021979982697847872,0.2935612043236098,0.35069893900226823,0.020470289972600753,0.16220451302371883,-0.13584939081967332,-0.22815736173826928,0.11985029252624621,0.0059368069240285,0.7194086478563064
Precuneus_R,-0.13768563561289177,0.07778669418971902,0.8743450034795917,0.15755216552541312,-0.19157764868524013,0.19317851478424153,0.3510927609926168,-0.13539970790081823,0.13678902936628884,0.13342140967223254,0.06055683427102675,-0.10001250124036037,-0.07253538759967335,0.02439850077794354,-0.2285943117110617,-0.00815353754779387,0.8941753043380618,1.0,0.057344028073927175,-0.22986194504730972,0.9051641705952782,-0.053472274698039,0.5239457702835969,-0.36157568296933085,-0.22715751913939777,0.24786481237711733,-0.21198524509034988,-0.27983095563786153,-0.31519299960882957,-0.10711909219679197,0.7646682881032186,0.6055958205229535,-0.2307626830283317,0.09409504996842516,0.4900816648915033,-0.004259234115726831,-0.4053225623676035,-0.056291857480936784,0.29386724307997647,0.050513051846560846,-0.35779766716621453,0.01673320824641983,0.04039858397236282,0.19186227403905626,-0.34238367895719196,-0.1313910058221626,-0.3188569968867703,-0.21139514256522052,0.4145751940869929,0.36923498863102766,0.4883423890009005,-0.21811879225815678,-0.21725254758844734,-0.01152043532522517,-0.00996355333025315,-0.16709289773734637,0.40582367294463506,0.2205584409668893,-0.2824491235979071,0.007733100976364808,0.27754416168739665,-0.0552818170192953,0.1662162784368372,-0.01111779828683865,-0.5251913569808095,0.7478552326400876,-0.3553200570736078,0.7213849089131726,0.0546204546734791,0.7621678458204635,-0.015784751836810468,0.24733410020792984,0.5291600683472495,0.11357406106040545,0.1504561942977144,-0.1326452182622508,-0.2081556655732309,0.12347782890077706,-0.00945068344430175,0.6778875923805272
Thal_MDm_L,0.045052126274633786,-0.04573920755261846,-0.10307464226678072,0.13881598458461186,0.24977884006141202,0.21885254238947013,-0.17133641944277067,0.15412245792760826,-0.07868356753447618,-0.11932890697650014,-0.2293371927084922,0.017850563268085443,0.14820641630368536,0.2361539443971492,0.10595656928601464,0.2639030007902896,-0.02614311622052128,0.057344028073927175,1.0,0.18679527506276872,-0.042315777312557326,0.3242668226705387,0.3751249897905293,0.19583692423901192,0.3371202401729954,-0.1984703965705048,0.02460094905607423,0.05609347505188924,0.3800425558309273,0.09969985337054704,-0.03075316549216161,-0.01916784803826479,0.3635422375599068,0.5378638405335615,0.03678805654210409,0.1912322923004588,0.43501380987246924,0.08712189911410252,0.06642509117828996,0.06574128564292529,0.17501840682528805,0.27588935269217507,0.3558302491086197,0.21884124870278984,0.40108615245216206,0.004313763650819547,0.056890503072758516,0.2965972155406231,0.4080428517579915,-0.07637887721782703,0.2281682544313373,0.13640917193495145,0.07589245962192999,0.1679453217638446,0.2018621413500449,0.025154681700986874,-0.042172957576798335,0.0007221358628689841,0.27907303565736746,0.06242585319927045,0.2340130358317989,0.27578459104746417,0.03261393836735386,-0.2857466044424471,0.13418770750242712,-0.08532017286150095,0.33555526478139813,0.08480836841950862,0.0955727456153202,0.2819092889482774,0.08091746509969909,0.15661146083502708,0.29036293450657336,0.032611560885015115,-0.10683874422849449,-0.007426116884259942,0.22469297669680283,-0.10710276689876146,0.1735307609564722,0.15725505757195374
ACC_sup_L,0.5399345540607156,-0.38711430498440647,-0.44951627627564184,0.045546441075999644,0.8074929465031842,-0.2795178049160743,-0.0619919771748584,0.3478486809962184,-0.1773363530046361,0.19739326259535298,0.4692056424780137,0.0015845981794129613,-0.3999060034201261,0.5686403216678417,-0.45126715558869973,-0.4179141385430487,-0.19410284260702415,-0.22986194504730972,0.18679527506276872,1.0,-0.36018996133779047,0.24023944752699444,0.2732814336701359,0.5652189403859036,0.5559874492179984,0.03520784455247198,0.4534757945253145,0.563944496531558,0.6091379643713828,0.34510834284652814,-0.3142997562541926,-0.7349675229422927,0.4481272487240195,0.4774370535391491,0.22923395683207146,-0.37348563869378787,-0.029408801387662116,-0.47859175297383816,-0.408393659757798,0.4130273259933261,0.6257749539353126,0.38453004226974824,-0.021723292133438703,0.2978438070874303,0.5406098378792044,0.32313408745562916,-0.4068509373808089,0.49981676978907363,0.039581830429617396,-0.06344595337220477,-0.07458512977207571,0.8322500608849871,0.666448529800379,-0.3691438968433986,-0.5002597877639744,0.602449822912556,-0.42615642823852756,0.2090015284154156,-0.2044408654792338,0.6121736578995192,-0.47214735996341867,0.4443486106624014,0.03973346907197364,0.1412574428218186,0.650138123371609,0.06393498785385386,0.48563124623567233,-0.2102847561870519,-0.3456805613335518,-0.02270240824687875,-0.4821425671940442,-0.43901296085119057,0.30264928027825105,-0.3133703220893985,-0.017422446340274747,0.05700496779175502,-0.3834035564514742,0.22371643221507406,0.6834713363757481,-0.09022492690076656
Precuneus_L,-0.15090086509596318,0.2723502987970399,0.8852997506935597,0.2703978512716739,-0.30019800907526817,0.34402067233213696,0.36791796303411456,-0.1771184819124252,0.12614073089306585,0.010092496943761051,0.10716771302770944,-0.0520726745091307,0.10518683581646547,-0.137716337920529,-0.1076187454177538,0.10348659417261555,0.9117980249541596,0.9051641705952782,-0.042315777312557326,-0.36018996133779047,1.0,-0.07832103508936637,0.4267708730888541,-0.46507956350000995,-0.3643608514081495,0.04458009418321802,-0.25041539930342077,-0.3592340094234197,-0.33648720377807784,-0.15912888211005463,0.6454124316706799,0.7072125092266837,-0.21952957236779783,-0.06886668368344735,0.49697108768053366,0.13268189757063276,-0.3386373310022209,0.04198616961169166,0.2992490371224965,-0.05403513427891635,-0.37903717106972873,0.0805393100905078,-0.05413585435912516,0.06112376466577211,-0.42000223245159646,-0.042744383713295656,-0.17420790448478157,-0.24872351484566463,0.3780289901625932,0.15484003461947904,0.35259652825715476,-0.34349711618953693,-0.29089535937027305,0.1625819229451724,0.19507091292804876,-0.35055486298084465,0.584825470239095,0.09510655689282059,-0.1272732614131897,-0.18050781787655137,0.30034361980398094,-0.22184760980110932,0.053444288461477585,0.03000218300975922,-0.5086305944461725,0.5852553884111666,-0.3973460186551317,0.8217184492340234,0.2052508652891348,0.7698572971040744,0.16252603325959722,0.3734904310253231,0.40602031689037077,0.11150179425068772,0.11764197642839251,-0.0732653592755509,-0.03171819043963775,0.037105482859399935,-0.11185780365599587,0.755198405909045
Red_N_R,0.15438158220883558,0.08169990830980392,-0.11329075064142288,0.052823512460562744,0.22288494003401663,0.11059886753483061,0.37326115211132666,0.11359212924880886,0.03842282437596117,-0.2901585177604868,0.3283213920977106,-0.04134372781182516,-0.04129718827058011,0.5908571387225009,-0.10947229431248716,0.06881391903392076,-0.053020151664437,-0.053472274698039,0.3242668226705387,0.24023944752699444,-0.07832103508936637,1.0,0.3253715494660324,-0.029494423558830255,0.312218483598009,-0.11888472208225069,0.048840648592164256,-0.011253342666707198,0.32252028065701477,0.11404846202239496,-0.21294248738790492,-0.1925180304826981,0.23302921148409575,0.15782143209267338,0.26652823194575814,-0.01274232767975718,0.20650275503294166,-0.1280803063272091,0.0592426021643387,0.4280413398779834,0.24768572453927795,0.1950720220504123,0.24768581979321402,0.3055914754703883,0.2831207884363944,-0.10193592953713386,-0.08855623569674873,0.3163384190106451,0.20676732386963137,-0.03372236569064687,0.20451538059064808,0.3148150928380962,0.2832267765147024,-0.015094092131781423,0.058617030895292396,-0.05434435390561103,-0.12502840997632983,-0.19997757893938975,0.17415058808792452,0.2323852243055553,0.16486915991271003,0.38484673662889607,0.0006404044729172036,-0.2854134587015121,0.2000050304656713,-0.12741037638679478,0.1653358214630128,-0.0033330458657324226,0.0211884914569606,0.07530796893720913,-0.04527199689139646,0.08559745913772923,0.2284959456720712,-0.061498544113085175,0.34466598332801696,-0.0067844797652592504,0.017408575553547585,0.29917975452620443,0.3983607575057844,-0.059016660755599686
Supp_Motor_Area_L,0.3560354363913265,0.0758536521664229,0.2016752129707226,0.38149812170292824,0.2452091485929786,0.25603084951377686,0.45412795447787196,0.3643253960712901,0.1188147627752052,0.012222573450380398,0.35435294839207354,-0.05508486503042517,-0.07026239847029131,0.3460120355386547,-0.06109209838233576,0.1285806222145701,0.3939358228935422,0.5239457702835969,0.3751249897905293,0.2732814336701359,0.4267708730888541,0.3253715494660324,1.0,0.1285838065967802,0.38505704454268813,0.055173851162556596,0.1883843297586033,0.1608560038410306,0.338729806607215,0.3640903929842842,0.24861638213212015,0.07271860557154526,0.37957852340451087,0.6735320824286409,0.5647239178379225,-0.12160527129148838,0.10218013670634345,-0.017479067427166532,0.1658194557042208,0.5103905688339598,0.1810584447835154,0.25628249931381064,0.4226497333847171,0.16596105598458616,0.17748058797867844,0.13248383020000062,-0.12709201643289858,0.43514701075579915,0.5506048404130124,0.15669370688197917,0.5115427845447841,0.3582194606726615,0.2480096167910136,0.03772710425736896,0.00528203495873545,0.16333507521611157,0.17678002251797503,0.34126751280961776,-0.032400084642738095,0.3370601902031875,0.31019132370863517,0.35174095213749584,0.3261637242469689,0.04837593028080984,0.03720233430481214,0.31292011981349915,0.2833478145009015,0.35546160644809494,0.16351565111216165,0.700136121761749,0.04209118202839719,0.0816388430258322,0.8797630945257486,-0.065952475283598,0.34915380432744153,-0.05624083571199078,0.004870243916350189,0.37589050310926786,0.46848247412199384,0.4721774004944394
Thal_PuL_L,0.4819173338596667,-0.4486679284421285,-0.5875985278083994,-0.08021453985102354,0.4717491141104033,-0.42622026080855874,-0.10883088758017412,0.36728882541231805,-0.060066464961252605,0.09987908448248622,0.1581403575467327,0.019362571571290847,-0.37606597516907697,0.3090572091679961,-0.16794769449471902,-0.3160780308043422,-0.48909427579723236,-0.36157568296933085,0.19583692423901192,0.5652189403859036,-0.46507956350000995,-0.029494423558830255,0.1285838065967802,1.0,0.5806018933262295,0.09827565839239193,0.43350037149091236,0.6447313837820261,0.4619247106547991,0.3421495353011523,-0.3759816276761663,-0.645258667683635,0.4441683329005097,0.43148723665676647,-0.17872103338249062,-0.35655966497527747,0.22422260905812905,-0.25387962361150995,-0.3720660898149949,0.37619902746562256,0.5669795450352352,0.09710738057581335,0.2959968184349964,-0.02734618764885331,0.4966701049497712,0.2741978193986784,-0.15195725708723193,0.48891578931953267,-0.13231483898363586,0.0032776114267810876,0.03885606956409571,0.5797841158322055,0.5612956686871233,-0.34469031664537364,-0.3930734795504363,0.5966938719865613,-0.45859930046004677,0.4185208179882092,-0.06524112075360067,0.48241144926218327,-0.3123661104284813,0.38763520468802637,0.18449887406124743,0.03662849229488847,0.4881608163239695,-0.21295224660737325,0.6357605007181371,-0.4603271427614864,-0.13921021564899863,-0.20569509047779613,-0.3438571715122326,-0.4988971165918854,0.204039859454187,-0.23255275563455505,-0.032556592619793295,0.09577392433193531,-0.13644194829018497,0.045487750987269614,0.46204957863652896,-0.28737443855744715
