,SN_pc_R,Thal_MDl_L,OFCpost_R,Temporal_Sup_R,OFClat_L,Heschl_R,Cuneus_L,Occipital_Inf_R,Temporal_Inf_R,SN_pr_L,Vermis_8,Thal_AV_L,Thal_LGN_R,Paracentral_Lobule_R,Vermis_9,Amygdala_R,Temporal_Sup_L,ACC_pre_R,Thal_Re_L,Precentral_L,Red_N_R,Frontal_Inf_Orb_2_R,Insula_L,Postcentral_L,Vermis_7,Hippocampus_R,Cerebellum_10_R,Parietal_Sup_L,Precuneus_L,SupraMarginal_R,Vermis_6,Thal_PuA_R,Occipital_Sup_R,ParaHippocampal_L,Supp_Motor_Area_L,Cerebellum_3_L,OFCant_R,Cerebellum_Crus1_R,Thal_AV_R,Amygdala_L,Frontal_Mid_2_R,Frontal_Sup_2_L,Thal_VA_L,Temporal_Inf_L,Vermis_1_2,Rolandic_Oper_R,Occipital_Sup_L,Thal_LP_L,Caudate_L,Parietal_Inf_R
SN_pc_R,1.0,0.05997095506184033,-0.45775284362479746,0.030105560507310457,-0.5669196180696876,-0.22421001462956963,0.6344973440793442,0.5183761686628232,0.4308708581008431,0.2986124148513375,0.41819380549491814,-0.14686712185917708,-0.29361585149854724,-0.009705640367163822,0.07327441723334514,-0.6586963845443095,0.3142116774794256,-0.6342411336369529,0.3031916051090627,0.3424125812666621,0.0592426021643387,-0.6163735342470893,-0.0057470294250194145,0.356395243473964,0.5283529230197722,-0.39066382529657356,0.5021470198926867,0.3282466954143677,0.2992490371224965,0.4149536629130024,0.4396336452918868,-0.1384341952438453,0.5659740018325083,-0.16228561831742974,0.1658194557042208,0.6569599325242834,-0.24621341301653515,0.5234964849065049,-0.5504359727222047,-0.4279166263564942,-0.4064027161858955,0.06005793661020054,0.014419321131235468,0.11601710992321154,-0.3293661603854212,-0.1878349779578477,0.5310128845355248,-0.5173985490782949,-0.1369443968695545,0.2442336252201031
Thal_MDl_L,0.05997095506184033,1.0,-0.0017803331868210058,-0.04303040344099919,0.15947943116885768,0.1792327000275977,-0.06347193935235912,-0.23491154801459166,-0.1409498085180767,0.15312617871180864,-0.13985826312344363,0.40808966849790423,0.35131110053271375,0.08550274499558327,0.12015545392187996,0.04096421293118876,-0.006112701934411338,0.18838929068739227,0.27026657253384845,0.1592495600282958,0.49915848627424203,0.06489728528484641,0.14225177739878558,-0.01900126393243692,-0.09365815907661997,0.3071976684976873,-0.20689547031849576,-0.07889734437662302,0.0012508148212500884,0.021155190020964096,-0.11233468408698588,0.32646010227977373,-0.1016846821792178,0.41627662255001335,0.4165161793874681,-0.052747728113088185,0.12860713100789264,-0.10601029610333187,0.24816266349349836,0.28554794471448014,0.25330299835100656,0.34658836858192155,0.11529807640043307,0.229976758736161,0.22479462054719065,0.20346884222969802,-0.13601393170161513,0.24608604220427072,0.337036329139537,0.0232202741507454
OFCpost_R,-0.45775284362479746,-0.0017803331868210058,1.0,0.3745843899499428,0.5860084714150395,0.5159728177280478,-0.49174886912776794,-0.39222039118259855,-0.11362022774920627,0.15046380168650877,-0.4152822804514682,-0.05030913682696407,0.5577174379640003,-0.0601712635286869,0.05947931464362956,0.5841393448557948,-0.2987216078328915,0.7773195409832248,-0.4719183601366541,-0.07986993161171504,0.048840648592164256,0.8239565400883012,0.28769284900040965,-0.13806966181303953,-0.4482601356838878,0.7492350047479739,-0.4448753541857384,-0.23061965698716444,-0.25041539930342077,-0.48094608841759573,-0.5490482866450579,0.5397362256735958,-0.4428694556154744,0.4887895222328851,0.1883843297586033,-0.6128712939378735,0.3786904134353401,-0.37871941175811114,0.4708613861186434,0.48326063602821406,0.3221726611074277,0.20736027895495496,0.18691916580160212,-0.27128815481183993,0.5847793105272469,0.47066866818727005,-0.37448642738420496,0.507873859557211,0.35276137756533704,-0.3186465544306966
Temporal_Sup_R,0.030105560507310457,-0.04303040344099919,0.3745843899499428,1.0,-0.17864772698867276,0.6347947457760131,0.016209295310153016,0.27527914582920304,0.5715128236786309,-0.024059273616752246,0.3004943384786385,-0.2626495617282126,0.41011422478849185,-0.5427442448364623,0.46770142777683826,0.16548114343582093,0.31104374924434186,0.17016875499424117,-0.45525946397674,0.0834317955142805,0.10559263372553684,0.3219945894963583,0.7460238825099292,0.03570439351662286,0.28338904531931536,0.5066955533424631,0.25723278043278575,-0.22131324762811108,-0.17220223589044226,-0.23462474355771704,0.23936013851518628,0.14583021485567552,0.014965181578800557,0.12187614146888383,0.17366856071649872,0.13013609784534855,-0.12871453868991847,0.3044775854976919,0.21542553588102317,-0.18999340398020548,0.010980113617395738,0.05336581718909119,0.050422372625177,-0.21646131986223044,0.5084831721031745,0.605056234555931,0.03308820429636747,0.09396732787106452,0.28644456942361834,-0.4156293346916675
OFClat_L,-0.5669196180696876,0.15947943116885768,0.5860084714150395,-0.17864772698867276,1.0,0.3649331636508416,-0.5602856255210283,-0.8366974726771168,-0.7467063503800595,0.25538937907381026,-0.6870417211797613,0.18976003952401432,0.5243892925336242,0.28155660700059226,-0.25449070260538104,0.542203767596452,-0.2792869397417602,0.7262836197908908,-0.0784078340841568,-0.1985150721008098,0.02377882592527428,0.6631293959556687,0.07192131771963878,-0.3172884388969881,-0.6579952758544195,0.5145882977493149,-0.8154203522628954,-0.17838029054996815,-0.11785773526558654,-0.11154233852777076,-0.5871759999629336,0.5098633072616464,-0.477893039400395,0.6411368460426354,0.2097034378825945,-0.7880454059770633,0.41171741054866534,-0.7678176757396411,0.45658165138571666,0.8359913843054543,0.4934097443011266,0.41208385800030134,0.42555161584855533,0.2377367664999978,0.3135905789804012,0.3720346660122389,-0.5002110446180279,0.5877445846448677,0.48262954732683055,0.11582899795601491
Heschl_R,-0.22421001462956963,0.1792327000275977,0.5159728177280478,0.6347947457760131,0.3649331636508416,1.0,-0.32499174332049185,-0.2698323104005195,-0.03380963927409742,0.23200941526983557,-0.03965812834834956,-0.047322042722914535,0.6900886135950888,-0.2240984297705943,0.2624098431041279,0.4017124119441973,0.25737875944398403,0.5259165231861372,-0.2974043182375515,0.046279002175007244,0.13137039595004993,0.5186938785846967,0.6611369162728996,-0.1558179684943564,-0.05467407606494652,0.7271648246749411,-0.27077863284656956,-0.3974771952827497,-0.23320909114965796,-0.20077915195592388,-0.02011336519802269,0.5357059906215825,-0.2963094382808092,0.5404274921985897,0.42324839164857525,-0.26497605439637284,0.15831024058016196,-0.19783542457341424,0.41988011217258764,0.39651203602368107,0.5166285457004085,0.28568117845956936,0.4117452899383102,0.19659085688341305,0.6674942949069224,0.8513634034017458,-0.3053489155185988,0.5170554664929847,0.6494139324702892,-0.2593875404871006
Cuneus_L,0.6344973440793442,-0.06347193935235912,-0.49174886912776794,0.016209295310153016,-0.5602856255210283,-0.32499174332049185,1.0,0.5640613077853749,0.4933031674547405,-0.07561101093960172,0.3850845830529382,-0.11295216093081381,-0.4988842855182213,0.2161041144703546,0.05904288914260828,-0.5946070121785388,0.47494663075253,-0.7590062753264515,0.3142515610407358,0.623758446150258,-0.036256257461588524,-0.6631072604778668,0.021586646089301036,0.6828430039246173,0.4594320262882429,-0.5087196451997027,0.5799368936257074,0.7154872142351224,0.7440706929453454,0.6058023824763512,0.5062649842577471,-0.3612260720614687,0.9418092111829894,-0.27973591659749264,0.2549137616720241,0.7389026428295556,-0.2017561120597797,0.6672950060945945,-0.5597285232589415,-0.4758057357150384,-0.6657568069279067,0.2480001155764318,-0.014689321084075961,0.15629099227441806,-0.39994397079875066,-0.28800764379403404,0.9241316321098176,-0.6170448590359405,-0.15386376094748766,0.5290866654122237
Occipital_Inf_R,0.5183761686628232,-0.23491154801459166,-0.39222039118259855,0.27527914582920304,-0.8366974726771168,-0.2698323104005195,0.5640613077853749,1.0,0.8589464434609632,-0.3099651045376669,0.6975504471021021,-0.29350370257344677,-0.4778133582824591,-0.27903945155580534,0.2815136755008965,-0.41425248703107515,0.35725384830822804,-0.5588588999622742,0.06947096886627077,0.2324047278175086,-0.06769753440554081,-0.49821742437431127,0.18398923940337805,0.35643212696294524,0.688769602396779,-0.457058849479738,0.9430997121377384,0.1312999991571654,0.15754977600409228,0.03211151131783732,0.6513894884319067,-0.4459997077886447,0.46351868343357333,-0.5658831963554768,-0.1537410498727564,0.8200834345933568,-0.3671146409197272,0.8673599719764846,-0.33797655965846723,-0.8100724639181093,-0.5177998476443727,-0.3423669070050488,-0.3414550227648366,-0.22169620708927074,-0.23973378243677398,-0.23483322956342545,0.5337680839782495,-0.5154359925351722,-0.42184864678875994,-0.2296690080018617
Temporal_Inf_R,0.4308708581008431,-0.1409498085180767,-0.11362022774920627,0.5715128236786309,-0.7467063503800595,-0.03380963927409742,0.4933031674547405,0.8589464434609632,1.0,-0.20330408904810313,0.6168553446077775,-0.2956213282452322,-0.21012097448843173,-0.39802012780503454,0.4792019288552603,-0.20089089736598173,0.2960031636367203,-0.3448497923052173,-0.12462032145603569,0.2659079576159909,0.12894178570544296,-0.22588648767723224,0.38479408876163534,0.35656324011615576,0.585208978189508,-0.08689922435469538,0.8001834578384975,0.08599467211306659,0.08792844692685621,-0.11613475545608518,0.47246838112246947,-0.22325988877364228,0.39213406426332886,-0.37220874494759787,0.0046782731835407045,0.6810720691542652,-0.32885096621978605,0.8394447858999643,-0.15714409482011255,-0.6590497256682827,-0.4380278327506151,-0.2082789397603305,-0.3403215222931881,-0.321815381449114,0.06850773662254772,-0.009495000555173666,0.47662049494347086,-0.3473449855076561,-0.2407128226637985,-0.33653644297416085
SN_pr_L,0.2986124148513375,0.15312617871180864,0.15046380168650877,-0.024059273616752246,0.25538937907381026,0.23200941526983557,-0.07561101093960172,-0.3099651045376669,-0.20330408904810313,1.0,-0.2473207512378116,0.07762842918356387,0.3402865893332964,0.1515500566756844,-0.044689258663725154,-0.03608647712535361,-0.0179567429150357,0.11169286688626899,-0.034504891166249545,0.0694437931048213,0.29917975452620443,0.0561134318621753,0.10337860904151128,-0.045601615959947744,-0.13098257460535573,0.2759406160483054,-0.3387568609368368,-0.016311607150442775,0.037105482859399935,0.028027533278140504,-0.20210408186380138,0.5158708559769368,-0.1266504262688841,0.3834179918099437,0.37589050310926786,-0.18266521649591963,0.01076608832936504,-0.21305235501329997,0.05061869906047437,0.41376854376041916,0.23671898312841244,0.21432026636749835,0.22455071815449462,0.1953680795224659,0.06380880157775166,0.20451206362946864,-0.1326459312544229,0.23114918583795815,0.4045886538153924,0.08283470799519642
Vermis_8,0.41819380549491814,-0.13985826312344363,-0.4152822804514682,0.3004943384786385,-0.6870417211797613,-0.03965812834834956,0.3850845830529382,0.6975504471021021,0.6168553446077775,-0.2473207512378116,1.0,-0.3339853522346132,-0.2560973207963527,-0.560528127895971,0.5429555907966718,-0.5142945474818231,0.34464441215544056,-0.5290129265192557,0.08554495150450211,-0.06826420913808846,-0.08855623569674873,-0.5031627449585286,0.17603952999255704,-0.11394678715106067,0.9287646223441046,-0.34907175731428014,0.7633598138703802,-0.254520800963956,-0.17420790448478157,-0.010189966208896105,0.8494440420234448,-0.45715914236203303,0.27387637962197753,-0.35055532235728815,-0.12709201643289858,0.5981950067763415,-0.35024647808369613,0.7623431482247379,-0.3787835099866992,-0.5161466739988537,-0.2604512459998444,-0.3003047243058391,-0.08256007717144967,0.25931703319409305,-0.007742088504681566,-0.1246866111586323,0.22653502073251983,-0.4622112866594086,-0.16372741034495167,-0.2623024124575316
Thal_AV_L,-0.14686712185917708,0.40808966849790423,-0.05030913682696407,-0.2626495617282126,0.18976003952401432,-0.047322042722914535,-0.11295216093081381,-0.29350370257344677,-0.2956213282452322,0.07762842918356387,-0.3339853522346132,1.0,0.2170062513314381,0.2736153682456022,-0.1328133583567271,0.1485301711008911,-0.08595207429288705,0.19238318681509795,0.31862768800486685,0.10601286070380754,0.3055914754703883,0.05199160893346655,-0.061575477949041425,0.056551790497674004,-0.3109430105512531,0.12333994556995823,-0.2853141723136992,0.08649098155866702,0.06112376466577211,0.09090576981808274,-0.26667908797806533,0.18705432135904165,-0.14107664928814118,0.1873590510568672,0.16596105598458616,-0.10734052536003877,0.12280528039094415,-0.3014708680972868,0.2935244570894579,0.2616956850912718,0.24049080165115055,0.1711703886962455,0.004221909473602289,0.04164511425885018,-0.036178609500045866,0.002757183703367638,-0.10567551714157514,0.23059454964702475,0.15174186686029384,0.16510564578640036
Thal_LGN_R,-0.29361585149854724,0.35131110053271375,0.5577174379640003,0.41011422478849185,0.5243892925336242,0.6900886135950888,-0.4988842855182213,-0.4778133582824591,-0.21012097448843173,0.3402865893332964,-0.2560973207963527,0.2170062513314381,1.0,-0.23836793576154805,0.2965417691335452,0.43611574581543117,-0.03763396559455772,0.667850296917478,-0.1328578338937221,-0.08731062761808378,0.312218483598009,0.5688643880117074,0.49018099389559766,-0.3234286213635112,-0.19023635891035698,0.7997510703485757,-0.4689256411638372,-0.4801109571090018,-0.3643608514081495,-0.3566813067465066,-0.25334439375036355,0.6352806635399199,-0.5035845508406225,0.6242499010419508,0.38505704454268813,-0.45577552039802444,0.171547053507128,-0.35622719631557487,0.5824462563207172,0.5562278261583014,0.5510888259858917,0.3296382670982147,0.348806487763325,0.16247994999945758,0.6128000242044057,0.6645535619507205,-0.4932913401624423,0.576181239932039,0.5736291070343048,-0.3378169239454902
Paracentral_Lobule_R,-0.009705640367163822,0.08550274499558327,-0.0601712635286869,-0.5427442448364623,0.28155660700059226,-0.2240984297705943,0.2161041144703546,-0.27903945155580534,-0.39802012780503454,0.1515500566756844,-0.560528127895971,0.2736153682456022,-0.23836793576154805,1.0,-0.6701298427549311,0.10291262818435981,-0.018789538546725486,-0.05039447034732714,0.32288929774582315,0.5347274180453089,-0.06676426592214471,-0.08196805534718367,-0.29466569310762686,0.5815308157584731,-0.5334151251190993,-0.18134338616661871,-0.3181665829095464,0.6673769085997331,0.664732243656215,0.54192450181715,-0.36445413049580044,0.24014352994852672,0.2822679553659989,0.1363805661539422,0.317616639790009,-0.05286793750656698,0.195292717734334,-0.30510943147268277,-0.10469126802359749,0.26323692868551757,0.08104911018902758,0.2979233549552173,0.11331673134982509,0.008221219603006162,-0.37209152878924134,-0.07452196786041676,0.3086020929714707,0.06217236750218099,-0.034197099145782554,0.694476447822414
Vermis_9,0.07327441723334514,0.12015545392187996,0.05947931464362956,0.46770142777683826,-0.25449070260538104,0.2624098431041279,0.05904288914260828,0.2815136755008965,0.4792019288552603,-0.044689258663725154,0.5429555907966718,-0.1328133583567271,0.2965417691335452,-0.6701298427549311,1.0,-0.006832839486625765,0.1324127650777178,0.04884781216503784,-0.037165407131826804,-0.09649331909729648,0.20650275503294166,0.043458292911035215,0.4067798907326811,-0.2642953737052748,0.5732905778560726,0.31939115821860187,0.36132390922119123,-0.47467705254106135,-0.3386373310022209,-0.3731058211238397,0.4106850675752273,-0.04349486968132996,-0.05688048752378584,0.14225416057059542,0.10218013670634345,0.1880701638850958,-0.1720547050739054,0.42684592809991295,0.19471383752926233,-0.05634514698000243,0.01778574501153077,-0.0032540884741749446,0.0070329642923434,0.20658436930618024,0.5515564203225909,0.2263716688291437,-0.051862855199509145,0.12444623852562728,0.14287850965877755,-0.4962994017469889
Amygdala_R,-0.6586963845443095,0.04096421293118876,0.5841393448557948,0.16548114343582093,0.542203767596452,0.4017124119441973,-0.5946070121785388,-0.41425248703107515,-0.20089089736598173,-0.03608647712535361,-0.5142945474818231,0.1485301711008911,0.43611574581543117,0.10291262818435981,-0.006832839486625765,1.0,-0.298753484204757,0.7571995520190887,-0.2631920000756409,-0.09626970729308049,0.07741628090008895,0.8242869595492357,0.2910556519469766,-0.09442551921879877,-0.590356430904499,0.6697935010320291,-0.42797288177923304,-0.27168006450699317,-0.2142530110606373,-0.4088251137115793,-0.507153154508584,0.47040538854292074,-0.545914610303943,0.4379431511483873,0.0313386333223125,-0.5576269698931203,0.23799481413552595,-0.4660505826028625,0.7370037145749172,0.4918937048901777,0.5084316857788849,0.012802316405246268,0.08690752516114991,-0.2972543884515644,0.5309075806630694,0.4901565469735754,-0.4480527206834114,0.7078078223608048,0.19950996159453027,-0.3169161308971939
Temporal_Sup_L,0.3142116774794256,-0.006112701934411338,-0.2987216078328915,0.31104374924434186,-0.2792869397417602,0.25737875944398403,0.47494663075253,0.35725384830822804,0.2960031636367203,-0.0179567429150357,0.34464441215544056,-0.08595207429288705,-0.03763396559455772,-0.018789538546725486,0.1324127650777178,-0.298753484204757,1.0,-0.35570854161113885,0.11624286306616734,0.4806022813992024,0.00033484607235692706,-0.33118715515748304,0.48699436877027147,0.3857134587262992,0.3596778534664489,-0.10533636751183233,0.401140563374474,0.19831381605767598,0.41297463533556095,0.36127483765684665,0.5272730946564042,-0.13590531148007745,0.49333787768674137,-0.06183922818097384,0.34549064211923863,0.5859173660292458,-0.13315065349507263,0.36447341012030837,-0.16561258989879193,-0.32562202610118135,-0.2561742418547761,0.3136158729295745,0.3146288286089506,0.3857566473956981,0.00010427183860938833,0.25719043033704203,0.48757815332763726,-0.19725315270200947,0.29914200360738624,0.18484429580422737
ACC_pre_R,-0.6342411336369529,0.18838929068739227,0.7773195409832248,0.17016875499424117,0.7262836197908908,0.5259165231861372,-0.7590062753264515,-0.5588588999622742,-0.3448497923052173,0.11169286688626899,-0.5290129265192557,0.19238318681509795,0.667850296917478,-0.05039447034732714,0.04884781216503784,0.7571995520190887,-0.35570854161113885,1.0,-0.29656096630929374,-0.2300497974093113,0.24397692001991594,0.8871753974761154,0.27984548380451685,-0.3655696948201759,-0.5723690580201289,0.7936031684019242,-0.5784458213375271,-0.49293263454278724,-0.45720882848176286,-0.5723009847173329,-0.6230832503732834,0.6265671396094605,-0.7516315125171458,0.546889172209234,0.1542958383994696,-0.6869031019819042,0.3545573554249055,-0.5718269723636169,0.7181625087880628,0.6419643082589016,0.6252356036765497,0.1898703389025072,0.16723788751594887,-0.14804323070234152,0.6257054059817635,0.509575566266687,-0.6637388414965312,0.7758580369231807,0.4323827300046277,-0.42681005548402734
Thal_Re_L,0.3031916051090627,0.27026657253384845,-0.4719183601366541,-0.45525946397674,-0.0784078340841568,-0.2974043182375515,0.3142515610407358,0.06947096886627077,-0.12462032145603569,-0.034504891166249545,0.08554495150450211,0.31862768800486685,-0.1328578338937221,0.32288929774582315,-0.037165407131826804,-0.2631920000756409,0.11624286306616734,-0.29656096630929374,1.0,0.2675003615033452,-0.017310851705894817,-0.4445916742742128,-0.22443038671700824,0.1989439556094367,0.15892729793542582,-0.36540742163455775,0.11021077268689775,0.2230300205244627,0.2680771926205106,0.4761669685875675,0.2546034389151643,-0.15008422032049254,0.306788468773679,0.07100549399336767,0.21240157458532602,0.30380098885798024,-0.09663355404420138,0.10410798391853104,-0.11853148009307757,0.007737991278290641,-0.027099614668876216,0.18791993489903905,0.15650345074802635,0.4120957897863569,-0.28571866195727136,-0.1564042422654297,0.25732572547130156,-0.1658758631670134,-0.1817523236383999,0.4001333503190816
Precentral_L,0.3424125812666621,0.1592495600282958,-0.07986993161171504,0.0834317955142805,-0.1985150721008098,0.046279002175007244,0.623758446150258,0.2324047278175086,0.2659079576159909,0.0694437931048213,-0.06826420913808846,0.10601286070380754,-0.08731062761808378,0.5347274180453089,-0.09649331909729648,-0.09626970729308049,0.4806022813992024,-0.2300497974093113,0.2675003615033452,1.0,0.07530796893720913,-0.18638361496518627,0.24479935250501342,0.8765612950388719,-0.01725687848544973,0.0027342616088204454,0.2347211505407301,0.6504842249617947,0.7698572971040744,0.4747450846520425,0.10752811973879052,0.1433186720518856,0.630212881267355,0.12182831152696688,0.700136121761749,0.4418207025500654,-0.02297352969409895,0.2518630944953784,-0.05805947388336991,-0.13927954501224205,-0.17701731417555763,0.5533897051038316,0.16666773449960065,-0.008207025408442632,-0.07741588456019032,0.1659692169021541,0.6945227660952911,-0.07066528775210368,0.11767125774093119,0.43713599377114976
Red_N_R,0.0592426021643387,0.49915848627424203,0.048840648592164256,0.10559263372553684,0.02377882592527428,0.13137039595004993,-0.036256257461588524,-0.06769753440554081,0.12894178570544296,0.29917975452620443,-0.08855623569674873,0.3055914754703883,0.312218483598009,-0.06676426592214471,0.20650275503294166,0.07741628090008895,0.00033484607235692706,0.24397692001991594,-0.017310851705894817,0.07530796893720913,1.0,0.13511505398197163,0.3210113201135951,-0.060552035180594405,-0.10947229431248716,0.33020613909781665,-0.05703453974436446,-0.11329075064142288,-0.07832103508936637,-0.21294248738790492,-0.21792039232249016,0.3983607575057844,-0.19953865318145428,0.22070373999771356,0.3253715494660324,0.08559745913772923,0.06488196589313022,0.058617030895292396,0.23970110578307893,0.2323852243055553,0.11700834202725004,0.2508292328665473,-0.19997757893938975,0.0006404044729172036,0.1653358214630128,0.0783320489467189,-0.1034231678464369,0.22288494003401663,0.4280413398779834,-0.17569319181201065
Frontal_Inf_Orb_2_R,-0.6163735342470893,0.06489728528484641,0.8239565400883012,0.3219945894963583,0.6631293959556687,0.5186938785846967,-0.6631072604778668,-0.49821742437431127,-0.22588648767723224,0.0561134318621753,-0.5031627449585286,0.05199160893346655,0.5688643880117074,-0.08196805534718367,0.043458292911035215,0.8242869595492357,-0.33118715515748304,0.8871753974761154,-0.4445916742742128,-0.18638361496518627,0.13511505398197163,1.0,0.3647690055887993,-0.258664545239535,-0.5719535833881827,0.8027350120867689,-0.5122438019673835,-0.3655777327284405,-0.36718367747657393,-0.510511803521777,-0.5848574367986852,0.5358391486715139,-0.620230818025701,0.5382740643214068,0.07937494545069758,-0.6671823996087739,0.2859609082480075,-0.5277181923803164,0.6885089035203249,0.560777186925926,0.48856131159301747,0.168969319822902,0.13949233364315852,-0.2944111357057286,0.6236891285562383,0.5122727564191718,-0.5562712985730551,0.684984888948899,0.384949938189511,-0.37744277016694333
Insula_L,-0.0057470294250194145,0.14225177739878558,0.28769284900040965,0.7460238825099292,0.07192131771963878,0.6611369162728996,0.021586646089301036,0.18398923940337805,0.38479408876163534,0.10337860904151128,0.17603952999255704,-0.061575477949041425,0.49018099389559766,-0.29466569310762686,0.4067798907326811,0.2910556519469766,0.48699436877027147,0.27984548380451685,-0.22443038671700824,0.24479935250501342,0.3210113201135951,0.3647690055887993,1.0,0.06999325414219561,0.19244502770161462,0.5277475372089575,0.20654868696379852,-0.24200392368033277,-0.022263657048989537,-0.12838818638101926,0.26091014077060226,0.31537875922441727,-0.03913114960666124,0.3547872304072626,0.4257881954293955,0.170318719183988,-0.10556739001777214,0.2264259726629175,0.40807958613711587,0.08155379186413353,0.17615436011586116,0.29933686964859174,0.1994779264988273,0.08839007401697331,0.5135373708590592,0.6774627202653684,0.01237708614786176,0.30439195871504915,0.5433327619018943,-0.31317550569777525
Postcentral_L,0.356395243473964,-0.01900126393243692,-0.13806966181303953,0.03570439351662286,-0.3172884388969881,-0.1558179684943564,0.6828430039246173,0.35643212696294524,0.35656324011615576,-0.045601615959947744,-0.11394678715106067,0.056551790497674004,-0.3234286213635112,0.5815308157584731,-0.2642953737052748,-0.09442551921879877,0.3857134587262992,-0.3655696948201759,0.1989439556094367,0.8765612950388719,-0.060552035180594405,-0.258664545239535,0.06999325414219561,1.0,-0.08553069164315807,-0.1801224976693109,0.2942542215104048,0.8328025926149634,0.8470759740037839,0.4641285293075575,0.04922197723012315,-0.03809671189366434,0.7206771600007151,-0.12695290706860438,0.4094717572692965,0.47763114245932564,-0.034396816476382486,0.2996131241072296,-0.20488021918854132,-0.34658833945286305,-0.4278979728826887,0.2973538214823815,-0.01816173785178125,-0.25773090835070717,-0.2661759859327005,-0.01409239486854675,0.7878983795460399,-0.2724289377484338,-0.14879311214247415,0.45557803826234844
Vermis_7,0.5283529230197722,-0.09365815907661997,-0.4482601356838878,0.28338904531931536,-0.6579952758544195,-0.05467407606494652,0.4594320262882429,0.688769602396779,0.585208978189508,-0.13098257460535573,0.9287646223441046,-0.3109430105512531,-0.19023635891035698,-0.5334151251190993,0.5732905778560726,-0.590356430904499,0.3596778534664489,-0.5723690580201289,0.15892729793542582,-0.01725687848544973,-0.10947229431248716,-0.5719535833881827,0.19244502770161462,-0.08553069164315807,1.0,-0.3544190436752298,0.7503834986448505,-0.2089984102234487,-0.1076187454177538,0.06709270614321612,0.8897438072830669,-0.41189021191904124,0.3548119599377626,-0.2579225381129528,-0.06109209838233576,0.6195224832973041,-0.3809918468793822,0.7811722913932719,-0.3927216982781242,-0.4790099289082533,-0.2832782164210074,-0.2322480658669725,0.0029048557828649946,0.34203512596631114,-0.044802319236301624,-0.10196023277793251,0.2879161750114473,-0.4589264670355069,-0.15559831169823934,-0.19936204343778002
Hippocampus_R,-0.39066382529657356,0.3071976684976873,0.7492350047479739,0.5066955533424631,0.5145882977493149,0.7271648246749411,-0.5087196451997027,-0.457058849479738,-0.08689922435469538,0.2759406160483054,-0.34907175731428014,0.12333994556995823,0.7997510703485757,-0.18134338616661871,0.31939115821860187,0.6697935010320291,-0.10533636751183233,0.7936031684019242,-0.36540742163455775,0.0027342616088204454,0.33020613909781665,0.8027350120867689,0.5277475372089575,-0.1801224976693109,-0.3544190436752298,1.0,-0.4627392175614131,-0.39410947631525045,-0.3176314160395404,-0.45242959869102123,-0.4274184551772724,0.693715908521787,-0.5043182742057273,0.6787652485033797,0.3732384926859835,-0.509947029043352,0.22299729050886888,-0.3654207900886383,0.6683854239643374,0.5698860020117728,0.5398782295850789,0.3072694713799943,0.2356027640680866,-0.08194718211084291,0.8049924531281027,0.7125343895629533,-0.4509497037008789,0.720347389159722,0.5668348085083321,-0.39243783179924213
Cerebellum_10_R,0.5021470198926867,-0.20689547031849576,-0.4448753541857384,0.25723278043278575,-0.8154203522628954,-0.27077863284656956,0.5799368936257074,0.9430997121377384,0.8001834578384975,-0.3387568609368368,0.7633598138703802,-0.2853141723136992,-0.4689256411638372,-0.3181665829095464,0.36132390922119123,-0.42797288177923304,0.401140563374474,-0.5784458213375271,0.11021077268689775,0.2347211505407301,-0.05703453974436446,-0.5122438019673835,0.20654868696379852,0.2942542215104048,0.7503834986448505,-0.4627392175614131,1.0,0.08853180255255891,0.14707862461596635,0.07854596794229106,0.7542331495949881,-0.4862240986329011,0.47602866889183837,-0.5072459559747728,-0.13403908984554577,0.8250392829504166,-0.36922838307416916,0.865062173480352,-0.3138975340170237,-0.7576613215259087,-0.4800029863351577,-0.2660339343737211,-0.24640671580586948,-0.09400475431388086,-0.17579511000631684,-0.23930787300356607,0.5345927049443963,-0.4991272423236775,-0.34688573406247963,-0.18734542520975841
Parietal_Sup_L,0.3282466954143677,-0.07889734437662302,-0.23061965698716444,-0.22131324762811108,-0.17838029054996815,-0.3974771952827497,0.7154872142351224,0.1312999991571654,0.08599467211306659,-0.016311607150442775,-0.254520800963956,0.08649098155866702,-0.4801109571090018,0.6673769085997331,-0.47467705254106135,-0.27168006450699317,0.19831381605767598,-0.49293263454278724,0.2230300205244627,0.6504842249617947,-0.11329075064142288,-0.3655777327284405,-0.24200392368033277,0.8328025926149634,-0.2089984102234487,-0.39410947631525045,0.08853180255255891,1.0,0.8852997506935597,0.663873391401427,-0.08758858849060196,-0.1825937842795136,0.7929532290729999,-0.19018803426480155,0.2016752129707226,0.3304710651924378,0.031070354227148534,0.1373953412165602,-0.41613693217642383,-0.24212610057956607,-0.5503213246908449,0.3189154384514597,-0.035245663494640256,-0.16322620059172413,-0.524049613087335,-0.28711335541345573,0.8067047275439235,-0.41659548579101713,-0.1937570145420857,0.7691054378437705
Precuneus_L,0.2992490371224965,0.0012508148212500884,-0.25041539930342077,-0.17220223589044226,-0.11785773526558654,-0.23320909114965796,0.7440706929453454,0.15754977600409228,0.08792844692685621,0.037105482859399935,-0.17420790448478157,0.06112376466577211,-0.3643608514081495,0.664732243656215,-0.3386373310022209,-0.2142530110606373,0.41297463533556095,-0.45720882848176286,0.2680771926205106,0.7698572971040744,-0.07832103508936637,-0.36718367747657393,-0.022263657048989537,0.8470759740037839,-0.1076187454177538,-0.3176314160395404,0.14707862461596635,0.8852997506935597,1.0,0.6454124316706799,0.09297536758303275,-0.11185780365599587,0.7810757391836868,-0.07056022637760938,0.4267708730888541,0.3734904310253231,0.02201114889208421,0.19507091292804876,-0.3051210776512549,-0.18050781787655137,-0.46038563172489816,0.429919092988403,0.09510655689282059,0.053444288461477585,-0.3973460186551317,-0.09619927826816094,0.8068174123486698,-0.30019800907526817,-0.05403513427891635,0.6824893064326139
SupraMarginal_R,0.4149536629130024,0.021155190020964096,-0.48094608841759573,-0.23462474355771704,-0.11154233852777076,-0.20077915195592388,0.6058023824763512,0.03211151131783732,-0.11613475545608518,0.028027533278140504,-0.010189966208896105,0.09090576981808274,-0.3566813067465066,0.54192450181715,-0.3731058211238397,-0.4088251137115793,0.36127483765684665,-0.5723009847173329,0.4761669685875675,0.4747450846520425,-0.21294248738790492,-0.510511803521777,-0.12838818638101926,0.4641285293075575,0.06709270614321612,-0.45242959869102123,0.07854596794229106,0.663873391401427,0.6454124316706799,1.0,0.2556261817307305,-0.17759864848349025,0.70051268528265,-0.00723812077595554,0.24861638213212015,0.38455493200885676,-0.09677210583463833,0.08240769132070813,-0.40201862936172245,-0.07924164176005019,-0.13899957244946792,0.3231338666367182,0.19013534668276805,0.350085612072751,-0.4584763320443546,-0.056441736876216515,0.6073664085961676,-0.30903233788024753,-0.09236323339808855,0.8880398435022627
Vermis_6,0.4396336452918868,-0.11233468408698588,-0.5490482866450579,0.23936013851518628,-0.5871759999629336,-0.02011336519802269,0.5062649842577471,0.6513894884319067,0.47246838112246947,-0.20210408186380138,0.8494440420234448,-0.26667908797806533,-0.25334439375036355,-0.36445413049580044,0.4106850675752273,-0.507153154508584,0.5272730946564042,-0.6230832503732834,0.2546034389151643,0.10752811973879052,-0.21792039232249016,-0.5848574367986852,0.26091014077060226,0.04922197723012315,0.8897438072830669,-0.4274184551772724,0.7542331495949881,-0.08758858849060196,0.09297536758303275,0.2556261817307305,1.0,-0.4780456235886295,0.45088841932967005,-0.2567099184151847,-0.021004133574163815,0.6690836470020126,-0.3967116040959305,0.6822022126198326,-0.3271955008517693,-0.4773406245940502,-0.24801724728368046,-0.16914978988569215,0.0914756887779474,0.41619895157901027,-0.08781206510690293,-0.012399813654867543,0.3855859446242735,-0.42387997272071654,-0.1465191321626386,-0.03859356029702889
Thal_PuA_R,-0.1384341952438453,0.32646010227977373,0.5397362256735958,0.14583021485567552,0.5098633072616464,0.5357059906215825,-0.3612260720614687,-0.4459997077886447,-0.22325988877364228,0.5158708559769368,-0.45715914236203303,0.18705432135904165,0.6352806635399199,0.24014352994852672,-0.04349486968132996,0.47040538854292074,-0.13590531148007745,0.6265671396094605,-0.15008422032049254,0.1433186720518856,0.3983607575057844,0.5358391486715139,0.31537875922441727,-0.03809671189366434,-0.41189021191904124,0.693715908521787,-0.4862240986329011,-0.1825937842795136,-0.11185780365599587,-0.17759864848349025,-0.4780456235886295,1.0,-0.4002742137043993,0.5985935042463875,0.46848247412199384,-0.3860459047572193,0.20325814151504346,-0.3783007552402139,0.41078960521758534,0.613112720920521,0.601731627957784,0.2817544591828954,0.257749676225099,0.014838313076700407,0.43091846507450243,0.5194821964821214,-0.3389683287229231,0.5635412382080224,0.5423927661765923,-0.09787345251383278
Occipital_Sup_R,0.5659740018325083,-0.1016846821792178,-0.4428694556154744,0.014965181578800557,-0.477893039400395,-0.2963094382808092,0.9418092111829894,0.46351868343357333,0.39213406426332886,-0.1266504262688841,0.27387637962197753,-0.14107664928814118,-0.5035845508406225,0.2822679553659989,-0.05688048752378584,-0.545914610303943,0.49333787768674137,-0.7516315125171458,0.306788468773679,0.630212881267355,-0.19953865318145428,-0.620230818025701,-0.03913114960666124,0.7206771600007151,0.3548119599377626,-0.5043182742057273,0.47602866889183837,0.7929532290729999,0.7810757391836868,0.70051268528265,0.45088841932967005,-0.4002742137043993,1.0,-0.24550408392111725,0.21380065342993382,0.6449348965836678,-0.13999293003786484,0.5363029030883647,-0.5572421105231403,-0.45732510208119825,-0.6571710412532913,0.26988452898978776,0.05257157581794498,0.144790736620233,-0.40548053202413,-0.22209162579166672,0.9470471119811563,-0.616059069027299,-0.19209484406171443,0.6469930867763353
ParaHippocampal_L,-0.16228561831742974,0.41627662255001335,0.4887895222328851,0.12187614146888383,0.6411368460426354,0.5404274921985897,-0.27973591659749264,-0.5658831963554768,-0.37220874494759787,0.3834179918099437,-0.35055532235728815,0.1873590510568672,0.6242499010419508,0.1363805661539422,0.14225416057059542,0.4379431511483873,-0.06183922818097384,0.546889172209234,0.07100549399336767,0.12182831152696688,0.22070373999771356,0.5382740643214068,0.3547872304072626,-0.12695290706860438,-0.2579225381129528,0.6787652485033797,-0.5072459559747728,-0.19018803426480155,-0.07056022637760938,-0.00723812077595554,-0.2567099184151847,0.5985935042463875,-0.24550408392111725,1.0,0.5128368444862759,-0.44778363036869695,0.27415505942005297,-0.4108177459614234,0.45698190632213936,0.8019675186716091,0.5348829536014176,0.4977821333150353,0.5206599192952188,0.32976761134872407,0.5525763867332553,0.5876962836723241,-0.2813252723397776,0.5701946371844182,0.5485573655875059,0.064478324432089
Supp_Motor_Area_L,0.1658194557042208,0.4165161793874681,0.1883843297586033,0.17366856071649872,0.2097034378825945,0.42324839164857525,0.2549137616720241,-0.1537410498727564,0.0046782731835407045,0.37589050310926786,-0.12709201643289858,0.16596105598458616,0.38505704454268813,0.317616639790009,0.10218013670634345,0.0313386333223125,0.34549064211923863,0.1542958383994696,0.21240157458532602,0.700136121761749,0.3253715494660324,0.07937494545069758,0.4257881954293955,0.4094717572692965,-0.06109209838233576,0.3732384926859835,-0.13403908984554577,0.2016752129707226,0.4267708730888541,0.24861638213212015,-0.021004133574163815,0.46848247412199384,0.21380065342993382,0.5128368444862759,1.0,0.0816388430258322,0.10761735257303823,0.00528203495873545,0.20999542535868496,0.3370601902031875,0.20624337602353074,0.7330610610818644,0.34126751280961776,0.3261637242469689,0.2833478145009015,0.4562537319399618,0.21862366215497028,0.2452091485929786,0.5103905688339598,0.2324024336026566
Cerebellum_3_L,0.6569599325242834,-0.052747728113088185,-0.6128712939378735,0.13013609784534855,-0.7880454059770633,-0.26497605439637284,0.7389026428295556,0.8200834345933568,0.6810720691542652,-0.18266521649591963,0.5981950067763415,-0.10734052536003877,-0.45577552039802444,-0.05286793750656698,0.1880701638850958,-0.5576269698931203,0.5859173660292458,-0.6869031019819042,0.30380098885798024,0.4418207025500654,0.08559745913772923,-0.6671823996087739,0.170318719183988,0.47763114245932564,0.6195224832973041,-0.509947029043352,0.8250392829504166,0.3304710651924378,0.3734904310253231,0.38455493200885676,0.6690836470020126,-0.3860459047572193,0.6449348965836678,-0.44778363036869695,0.0816388430258322,1.0,-0.34256276474825414,0.763355385493758,-0.415659431218583,-0.6751697525739238,-0.4702132321344648,-0.04737591381205713,-0.19949956285319723,0.07523875156521588,-0.29894163915804267,-0.19550412942034287,0.6905689345366828,-0.483103258786765,-0.2386272994016247,0.14357081183550643
OFCant_R,-0.24621341301653515,0.12860713100789264,0.3786904134353401,-0.12871453868991847,0.41171741054866534,0.15831024058016196,-0.2017561120597797,-0.3671146409197272,-0.32885096621978605,0.01076608832936504,-0.35024647808369613,0.12280528039094415,0.171547053507128,0.195292717734334,-0.1720547050739054,0.23799481413552595,-0.13315065349507263,0.3545573554249055,-0.09663355404420138,-0.02297352969409895,0.06488196589313022,0.2859609082480075,-0.10556739001777214,-0.034396816476382486,-0.3809918468793822,0.22299729050886888,-0.36922838307416916,0.031070354227148534,0.02201114889208421,-0.09677210583463833,-0.3967116040959305,0.20325814151504346,-0.13999293003786484,0.27415505942005297,0.10761735257303823,-0.34256276474825414,1.0,-0.3385096840332307,0.1095455761206174,0.3354938455874571,0.12174473093755672,0.24907261470489242,0.16403225501850432,0.05219068272472735,0.13069074829039135,0.15633712262621383,-0.11740724045696883,0.18687371575353243,0.19443184462498023,0.09052549482973794
Cerebellum_Crus1_R,0.5234964849065049,-0.10601029610333187,-0.37871941175811114,0.3044775854976919,-0.7678176757396411,-0.19783542457341424,0.6672950060945945,0.8673599719764846,0.8394447858999643,-0.21305235501329997,0.7623431482247379,-0.3014708680972868,-0.35622719631557487,-0.30510943147268277,0.42684592809991295,-0.4660505826028625,0.36447341012030837,-0.5718269723636169,0.10410798391853104,0.2518630944953784,0.058617030895292396,-0.5277181923803164,0.2264259726629175,0.2996131241072296,0.7811722913932719,-0.3654207900886383,0.865062173480352,0.1373953412165602,0.19507091292804876,0.08240769132070813,0.6822022126198326,-0.3783007552402139,0.5363029030883647,-0.4108177459614234,0.00528203495873545,0.763355385493758,-0.3385096840332307,1.0,-0.3775702228576946,-0.6403967354215657,-0.4967291694902396,-0.16071163619088547,-0.23366001371394976,0.00948959514880539,-0.14808363784834525,-0.20116311469873893,0.5628467702045312,-0.5167181635166438,-0.2532921402920657,-0.14109120757744403
Thal_AV_R,-0.5504359727222047,0.24816266349349836,0.4708613861186434,0.21542553588102317,0.45658165138571666,0.41988011217258764,-0.5597285232589415,-0.33797655965846723,-0.15714409482011255,0.05061869906047437,-0.3787835099866992,0.2935244570894579,0.5824462563207172,-0.10469126802359749,0.19471383752926233,0.7370037145749172,-0.16561258989879193,0.7181625087880628,-0.11853148009307757,-0.05805947388336991,0.23970110578307893,0.6885089035203249,0.40807958613711587,-0.20488021918854132,-0.3927216982781242,0.6683854239643374,-0.3138975340170237,-0.41613693217642383,-0.3051210776512549,-0.40201862936172245,-0.3271955008517693,0.41078960521758534,-0.5572421105231403,0.45698190632213936,0.20999542535868496,-0.415659431218583,0.1095455761206174,-0.3775702228576946,1.0,0.4148979212729648,0.5556362565906924,0.14117007584405733,0.09250643892450128,-0.1279992870733191,0.5827861374962691,0.495281025487358,-0.48080765433198447,0.726591166107576,0.2981204385222785,-0.41103471921753526
