,Thal_MDl_L,ACC_sub_R,Temporal_Pole_Mid_L,Frontal_Inf_Orb_2_R,Red_N_R,Red_N_L,Supp_Motor_Area_L,Postcentral_L,OFClat_R,Frontal_Inf_Oper_L,Occipital_Mid_R,Thal_PuI_L,Thal_PuL_R,Cerebellum_6_R,Cerebellum_Crus2_L,Thal_VA_R,Temporal_Sup_L,Angular_L,Parietal_Sup_L,SN_pr_R,Precentral_L,Cerebellum_4_5_L,Thal_AV_R,Cerebellum_7b_L,Raphe_D,Parietal_Inf_R,Precuneus_R,Thal_Re_L,Thal_AV_L,Vermis_1_2,Vermis_7,SupraMarginal_L,Hippocampus_R,ParaHippocampal_L,Thal_PuA_R,Thal_IL_L,Thal_VL_L,Thal_PuI_R,ACC_pre_L,ACC_sup_R,Heschl_L,Thal_PuA_L,Putamen_L,Rolandic_Oper_L,Precentral_R,Temporal_Inf_R,Cuneus_L,Temporal_Sup_R,Cerebellum_9_R,Supp_Motor_Area_R,Occipital_Inf_L,Temporal_Mid_L,Hippocampus_L,Thal_LGN_L,Frontal_Inf_Tri_L,Thal_LP_R,N_Acc_L,Cuneus_R,SN_pc_R,Lingual_L,Thal_VPL_R,Cerebellum_8_L,Calcarine_R,Thal_MGN_R,Olfactory_L,Thal_MGN_L,Caudate_L,Precuneus_L,Cingulate_Mid_R,SN_pr_L,Vermis_8,Cerebellum_4_5_R,Cingulate_Post_L,Cerebellum_10_R,Calcarine_L,Temporal_Pole_Mid_R,Thal_PuM_L,Amygdala_R,Vermis_9,Lingual_R,Frontal_Inf_Tri_R,Frontal_Sup_2_L,Thal_MDm_L,Heschl_R,Insula_R
Thal_MDl_L,1.0,0.02211044174154539,-0.07879903468849009,0.06489728528484641,0.49915848627424203,0.4723199932478961,0.4165161793874681,-0.01900126393243692,-0.15336358476114986,-0.012429355792293309,-0.16881555631647457,0.1966188653176737,0.18285587600547554,-0.15989773318063402,-0.11625471853839912,0.2292828823982371,-0.006112701934411338,-0.07555753322898788,-0.07889734437662302,0.12320336192308394,0.1592495600282958,0.22969569493012473,0.24816266349349836,-0.07211614703277311,-0.0923165507393271,0.0232202741507454,0.1323842642483777,0.27026657253384845,0.40808966849790423,0.22479462054719065,-0.09365815907661997,0.10140241240863687,0.3071976684976873,0.41627662255001335,0.32646010227977373,0.5213928010921732,0.39988691719055075,0.32040279992372,0.31801225053414783,0.1459371374554106,0.1399646751117886,0.1387897542364066,0.08463728892400593,-0.06162705067133025,0.1801180035592729,-0.1409498085180767,-0.06347193935235912,-0.04303040344099919,-0.002072936820081873,0.3696876562758879,-0.1329584453183492,0.09966301377831036,0.4960533368914026,-0.022673134016949304,0.31830764302069225,0.10120448366592986,0.1285577464219807,-0.0930103681029138,0.05997095506184033,-0.1654578920704958,-0.06091631499761201,-0.09551410054615661,-0.10830470069363132,0.00304253768815356,-0.2510505832109735,0.07884102202565993,0.337036329139537,0.0012508148212500884,0.2255369873657051,0.15312617871180864,-0.13985826312344363,0.20587409172653984,0.4429840728243486,-0.20689547031849576,-0.16577730411249986,-0.03640662889583498,-0.10940802187743917,0.04096421293118876,0.12015545392187996,-0.13969529457056143,0.03247028621386337,0.34658836858192155,0.5424212374087419,0.1792327000275977,-0.09362303553167671
ACC_sub_R,0.02211044174154539,1.0,-0.048177881535862416,0.1605013822032116,-0.04134372781182516,-0.0962660813411439,-0.05508486503042517,-0.023681408796846746,0.028707769974189588,-0.06759343001519677,-0.08675692961444896,0.020221168083621857,-0.0012225780160690827,0.013603645917157042,-0.06343420982393959,0.10098645845063534,-0.12179791161227622,-0.09442786197450535,-0.029763119602171543,-0.14851332398639638,-0.05380394662196675,-0.06601472961722983,0.030850357249575775,-0.08393914056511047,-0.08456093256034147,-0.12261821489850483,-0.10001250124036037,-0.11732764541218674,0.005014106320709747,0.12850771979348383,-0.07624458726441832,-0.036553099800207385,0.04564297910665498,-0.03375064219006241,-0.07598465606794695,0.021101646149620557,0.06005784454256325,-0.011141574623188719,0.20474665816015647,0.07529176317939407,0.05284435391533163,-0.06009337433439377,-0.06777597961189658,-0.07018903090819519,-0.14239664768525626,0.02661082642488457,-0.0629056190686284,0.036512580466407665,-0.03422821462706689,-0.10349511047740827,-0.09286227189453693,-0.15373299681213812,-0.15958348705088637,-0.010992960807867503,0.031107767184757586,0.01577737785479259,0.19719017835219793,-0.09550741922345603,-0.2278917641256486,-0.07856617725368326,-0.06639277035632912,-0.10219743549851731,-0.106897648464637,0.07969605529421984,0.14385275555169183,0.16378588899521593,0.03056139862157682,-0.0520726745091307,-0.19086852171316185,-0.27684581949585474,0.018195763358557045,-0.12132474240522387,-0.06826477587653916,0.030630894517827235,-0.07852334807101485,0.09356047509867023,-0.03308243409207146,0.11401187907210349,0.04876779127031064,-0.062146975574588606,0.07435077329416409,-0.0004263114289943557,0.017850563268085443,0.003933764721477355,0.08582668185238322
Temporal_Pole_Mid_L,-0.07879903468849009,-0.048177881535862416,1.0,-0.4649614026852936,-0.061498544113085175,-0.40270006434951733,-0.065952475283598,0.06268496415581035,0.05216739555951376,0.07234512851834733,0.4614915121454452,-0.2385605211713682,-0.3215740908533372,0.29909187451279967,0.4626164127369236,-0.4928450130871272,0.47983371723354834,0.36463619255724955,0.10142131506709956,-0.31698454573499324,0.09966157853779942,-0.13054394341559497,-0.36249587976948267,0.5923886076209023,0.5794748283069384,0.20852889637224017,0.11357406106040545,0.27569956866490364,-0.1812204910778721,-0.24602568510984063,0.41807557902150455,0.09320725623179826,-0.4707202221352055,-0.3152010218242105,-0.4340804502744318,-0.22132287278137402,-0.3670140292930036,-0.37546107444232063,-0.2484375709495133,0.04281284741658745,-0.2965567817202272,0.5418198427698482,-0.26928549904862287,-0.08895626828011485,0.006389952962679894,0.2203496131259951,0.40841632170057995,-0.09729414104959584,0.4663097039758668,-0.023963029948944635,0.6416597791607361,0.5617922926195361,-0.05287492252938758,-0.3405146726027617,-0.3554578297895429,-0.30239950853767167,-0.2883658542853101,0.3719150286423275,0.38595277988386356,0.4688915623976785,-0.09734338434278843,0.6108437021860137,0.5057320804752546,0.3172989649071719,-0.15146066538794958,-0.44764665230486184,-0.03306505212172094,0.11150179425068772,-0.0877000739706453,-0.2561537311657888,0.41491575594898056,-0.048962790132142234,-0.2412120884064906,0.472301408800258,0.43484020467112827,0.4107958657757683,0.5235362576789322,-0.5073674998193917,0.1262395633183179,0.48236665367525416,-0.4144998559791513,0.18025864096508784,0.032611560885015115,-0.2143013937836804,0.21632701750210553
Frontal_Inf_Orb_2_R,0.06489728528484641,0.1605013822032116,-0.4649614026852936,1.0,0.13511505398197163,0.3603452622784586,0.07937494545069758,-0.258664545239535,0.38160096710718866,-0.10726398919913548,-0.6951577757339711,0.3257461121936063,0.6690176120399797,-0.27389364203188676,-0.41028581329049174,0.8610480495606788,-0.33118715515748304,-0.6384415247308955,-0.3655777327284405,0.3723243458005749,-0.18638361496518627,0.4513693978149984,0.6885089035203249,-0.5771893765209191,-0.5963707544698728,-0.37744277016694333,-0.31769842569450796,-0.4445916742742128,0.05199160893346655,0.6236891285562383,-0.5719535833881827,-0.28452448580176876,0.8027350120867689,0.5382740643214068,0.5358391486715139,0.5021789393401438,0.6695274402082525,0.6722613799467065,0.6674060136937927,0.2785221400730304,0.3213698340108872,-0.5503426711946444,0.22484750564496145,-0.07026393061466342,-0.20724715991820616,-0.22588648767723224,-0.6631072604778668,0.3219945894963583,-0.5372929171357793,0.09340362220260595,-0.8100153635674796,-0.5778098026648009,0.10578968225553605,0.23850136588050322,0.6808091384893296,0.49534526402448237,0.7949468707298144,-0.6318779977357215,-0.6163735342470893,-0.5676517812007893,0.07849943273242434,-0.6045259706275549,-0.6225088002897302,-0.40570424853029496,0.4229426355922568,0.600586346058984,0.384949938189511,-0.36718367747657393,-0.014883626835197514,0.0561134318621753,-0.5031627449585286,0.2769124221759107,0.504805492593491,-0.5122438019673835,-0.557503528660101,-0.49076842672481746,-0.5828033736406458,0.8242869595492357,0.043458292911035215,-0.5500855547593324,0.8327354823066938,0.168969319822902,0.14347214285430332,0.5186938785846967,-0.1539393958229342
Red_N_R,0.49915848627424203,-0.04134372781182516,-0.061498544113085175,0.13511505398197163,1.0,0.5908571387225009,0.3253715494660324,-0.060552035180594405,-0.0067844797652592504,0.052823512460562744,-0.1925180304826981,0.11404846202239496,0.2831207884363944,0.014149115391035793,-0.06499382468770112,0.17360388103481156,0.00033484607235692706,-0.1500974127469897,-0.11329075064142288,0.042287908074212455,0.07530796893720913,0.3163384190106451,0.23970110578307893,-0.01274232767975718,0.008457141556956092,-0.17569319181201065,-0.053472274698039,-0.017310851705894817,0.3055914754703883,0.1653358214630128,-0.10947229431248716,-0.059016660755599686,0.33020613909781665,0.22070373999771356,0.3983607575057844,0.4082873556128735,0.2810371746492166,0.20032505532156988,0.38484673662889607,0.24768581979321402,0.1950720220504123,0.16486915991271003,0.3283213920977106,0.09154405993372412,-0.08380669022757696,0.12894178570544296,-0.036256257461588524,0.10559263372553684,0.05015064169709861,0.2284959456720712,-0.1542484607531077,-0.06161945368544628,0.40494809361403544,0.0831203852539041,0.23653398399311537,0.11359212924880886,0.24768572453927795,-0.16688620865775705,0.0592426021643387,0.08169990830980392,0.21722854619407145,-0.1280803063272091,-0.08650687155216134,0.06881391903392076,-0.13833492092920624,0.32235881545720585,0.4280413398779834,-0.07832103508936637,0.07700800068150018,0.29917975452620443,-0.08855623569674873,0.3323520966866993,0.26585432251239777,-0.05703453974436446,-0.12502840997632983,0.11555807318581915,-0.06824745642812946,0.07741628090008895,0.20650275503294166,-0.001324509552515694,0.2000050304656713,0.2508292328665473,0.3242668226705387,0.13137039595004993,0.0211884914569606
Red_N_L,0.4723199932478961,-0.0962660813411439,-0.40270006434951733,0.3603452622784586,0.5908571387225009,1.0,0.3460120355386547,-0.22920566283219598,-0.14772638122459347,-0.24778506407671075,-0.5558367268164146,0.20139100380453087,0.4066874316741255,-0.5549839627144827,-0.46279707268549986,0.5031459406109763,-0.28113979772394715,-0.37265510751318726,-0.192265363250233,0.43480784434131436,-0.047662614990983204,0.3163130701900484,0.4443981648680653,-0.4617074290133199,-0.5651015479057289,0.0071793845469122685,0.02439850077794354,0.1039016209482923,0.43139341739823395,0.24154976870768283,-0.47955153457634003,-0.11186038015401714,0.46466800293144356,0.5113614094433392,0.6333286384519212,0.6540453042357645,0.6461485565306045,0.661349506611617,0.5234927482834205,0.04325254396204827,0.12978594644953775,-0.31834265214826324,0.3827065042664697,-0.18890913606283335,0.32606857358153246,-0.48190526725974675,-0.4204931473734308,-0.23322677358061902,-0.37997587777461295,0.31072888047929537,-0.5567504407544772,-0.17215915878990187,0.4335908886127517,0.3352116340511513,0.5089678554952839,0.2274708766209008,0.39049595005592297,-0.4626917339706207,-0.23665683553518502,-0.4496235462738856,0.19708243909061138,-0.5396534845703755,-0.5268871042486,-0.43611786633499205,-0.10436686574147361,0.33172308997442296,0.43739721935840986,-0.137716337920529,0.25768780196874547,0.4721954652865577,-0.49439656211713645,0.21517518420000536,0.48746855589934024,-0.5913891743044465,-0.4810863556611561,-0.3032734799870865,-0.5542798552989685,0.3506426140439405,-0.10184984306114905,-0.5359020696763509,0.301061192716862,0.2731533338988223,0.2361539443971492,0.200051234736902,-0.43287108078049824
Supp_Motor_Area_L,0.4165161793874681,-0.05508486503042517,-0.065952475283598,0.07937494545069758,0.3253715494660324,0.3460120355386547,1.0,0.4094717572692965,-0.05624083571199078,0.38149812170292824,0.07271860557154526,0.3640903929842842,0.17748058797867844,-0.08090190954943516,-0.13348529113213564,0.20690291374238623,0.34549064211923863,0.20079202194747484,0.2016752129707226,0.3116787788576794,0.700136121761749,0.43514701075579915,0.20999542535868496,-0.12160527129148838,-0.05986146584063455,0.2324024336026566,0.5239457702835969,0.21240157458532602,0.16596105598458616,0.2833478145009015,-0.06109209838233576,0.4721774004944394,0.3732384926859835,0.5128368444862759,0.46848247412199384,0.33582280096289807,0.4322042815477718,0.26854658458905195,0.35174095213749584,0.4226497333847171,0.25628249931381064,0.31019132370863517,0.35435294839207354,0.26287339988442776,0.2881073240311581,0.0046782731835407045,0.2549137616720241,0.17366856071649872,0.1096954161884748,0.8797630945257486,-0.013656606294519766,0.38153494599434173,0.5780687759658435,0.21814807162428845,0.4128896286035484,0.3643253960712901,0.1810584447835154,0.2507337466018791,0.1658194557042208,0.0758536521664229,0.3389420133226767,-0.017479067427166532,0.17529282371656618,0.1285806222145701,-0.039762242916977386,0.3130676095724532,0.5103905688339598,0.4267708730888541,0.3819756181101112,0.37589050310926786,-0.12709201643289858,0.40845589789139825,0.5505147218297087,-0.13403908984554577,0.17678002251797503,-0.07297169666448933,0.13596738729277258,0.0313386333223125,0.10218013670634345,0.056463653026614054,0.03720233430481214,0.7330610610818644,0.3751249897905293,0.42324839164857525,0.16351565111216165
Postcentral_L,-0.01900126393243692,-0.023681408796846746,0.06268496415581035,-0.258664545239535,-0.060552035180594405,-0.22920566283219598,0.4094717572692965,1.0,0.0400579416602993,0.49797761336001045,0.6654087623613625,-0.008329051168961963,-0.35977291407701534,0.1628702085823883,-0.15217550769502042,-0.36152405671098664,0.3857134587262992,0.7983137870091576,0.8328025926149634,-0.19993791020720064,0.8765612950388719,-0.11861313625188222,-0.20488021918854132,0.16706196959565495,0.16819861105408832,0.45557803826234844,0.7642863015073917,0.1989439556094367,0.056551790497674004,-0.2661759859327005,-0.08553069164315807,0.8585994344160298,-0.1801224976693109,-0.12695290706860438,-0.03809671189366434,-0.2899506118291868,-0.4047964532344092,-0.3186358834750009,-0.25418401753767184,-0.06959935070574017,0.38309693749875967,0.29729393513861013,0.04889442807556276,0.5470808951560895,0.15243426028586213,0.35656324011615576,0.6828430039246173,0.03570439351662286,0.24244130640517011,0.33138624991552673,0.3276180147633516,0.26938694009690956,0.12334574650410497,0.17273841937761858,-0.19712922046226325,-0.11455380484429206,-0.3386858062288743,0.7418017989985908,0.356395243473964,0.3239006991816436,0.27292993132960996,0.028899574188523038,0.653920234202774,0.264115918986284,-0.09613257530926765,0.02862246770152703,-0.14879311214247415,0.8470759740037839,0.18171638046087024,-0.045601615959947744,-0.11394678715106067,-0.13057884515918286,-0.11700583935622924,0.2942542215104048,0.6001066613143033,0.19070793495266608,0.4899263633601166,-0.09442551921879877,-0.2642953737052748,0.4186346076732636,-0.31708909003864794,0.2973538214823815,0.0903302791057493,-0.1558179684943564,0.321422158615742
OFClat_R,-0.15336358476114986,0.028707769974189588,0.05216739555951376,0.38160096710718866,-0.0067844797652592504,-0.14772638122459347,-0.05624083571199078,0.0400579416602993,1.0,0.1404993530990862,-0.046466190285196336,0.16447563696636586,0.08180310921271934,0.14311171349136131,-0.06075333795388856,0.12872697877724087,-0.0012036170671722813,-0.10157327439101112,-0.03345815382716585,-0.08850802224185059,0.026016425415778786,0.12104332715978916,0.08871668475863542,-0.014212902860053798,0.03702735590326472,-0.14663379987133945,-0.1326452182622508,-0.2470004105048796,-0.10354114028906622,0.08330790677405053,-0.08690966697283811,-0.06485951188346857,0.11872952243625182,0.005961578632707901,0.04371014651959038,-0.06113210185503338,-0.030470216758812566,0.0366883582545564,0.18072013871050885,0.2294875590168285,0.1758528880617594,-0.042008102385028626,0.017215579827819922,0.10889707513085195,-0.21272815943994824,0.15491313599912665,-0.06159809668214509,0.2433444274372516,-0.10425383038874736,-0.0407727980949275,-0.10719906303287083,-0.20151788709277482,0.0004785418379303267,0.035206843501250654,0.07220765219332843,0.10398990829036386,0.14968293916771674,-0.07664229194825133,-0.05431441826458311,0.016952788383827112,0.024938456159207447,-0.08476792138282468,0.00583801616739477,0.024138703151951095,0.24390616230691253,0.16657452877994097,0.06652557122259994,-0.0732653592755509,-0.10426847618015558,-0.14659705901158054,0.002149280308309985,0.07783394345789563,0.059017309884889145,0.1110635548036782,0.020614975405763226,0.08703333891038909,0.039720005642696087,0.12612862686697401,-0.04538970528870252,0.04726741163724972,0.4249245011285028,0.09309802063448804,-0.007426116884259942,0.12350524895224116,0.06905167750621567
Frontal_Inf_Oper_L,-0.012429355792293309,-0.06759343001519677,0.07234512851834733,-0.10726398919913548,0.052823512460562744,-0.24778506407671075,0.38149812170292824,0.49797761336001045,0.1404993530990862,1.0,0.32218670103652275,0.2678943529398139,-0.07101842226154793,0.5673481715014945,0.3388923039763802,-0.09347783645788596,0.650286769702463,0.27086021283188066,0.11475030167272177,-0.13610674544827225,0.5558208220294331,0.43711646727595127,-0.0005385421398945365,0.288958238787799,0.3631381443938708,-0.09665663248467486,0.15755216552541312,-0.04256442462786232,-0.12505339095900034,0.14699292093786792,0.32721785676226894,0.5290886864277863,0.11018711763198846,-0.06065877826253364,0.08969008774648442,-0.28044138603778906,-0.14516892590702882,-0.1082946710947727,-0.34273688198037233,0.2032118985598666,0.6820613884780342,0.3626631360098315,0.33071670993847296,0.8874939616552672,-0.11810161668659154,0.5751548127299876,0.33371688563679736,0.5779765477213511,0.2481471697961955,0.3216650117735539,0.30333675522677056,0.317914542665951,0.33278208097128914,0.21657751492491636,0.231346275119935,0.11753105893695201,-0.08963334853159462,0.4123126352706264,0.3156825375731146,0.6075922288315189,0.432796350843494,0.2840464655333663,0.5971750981757227,0.536699850340067,0.24848244658294255,0.12087215574542062,0.1158168770490014,0.2703978512716739,0.5091432304347002,-0.00038291557630460533,0.35407737767689157,0.4885474634642131,0.17716110693227521,0.4799992734542812,0.6324930335133842,0.24555836718051188,0.4925883500157294,-0.03828261857230459,0.15811673594228784,0.6538895027719414,0.1897126800315047,0.02643716012376883,0.13881598458461186,0.39757880557538466,0.6229439381684612
Occipital_Mid_R,-0.16881555631647457,-0.08675692961444896,0.4614915121454452,-0.6951577757339711,-0.1925180304826981,-0.5558367268164146,0.07271860557154526,0.6654087623613625,-0.046466190285196336,0.32218670103652275,1.0,-0.20745615444255577,-0.6383699619597448,0.41329897233810153,0.29800612750481453,-0.8150006869722315,0.4728924930205447,0.8977407150414489,0.7405753689264208,-0.40815803337553397,0.533985775210531,-0.38639004023793616,-0.6103750710247591,0.5804465623950117,0.6486417402090129,0.5454246234950042,0.6055958205229535,0.3016805517867739,-0.17384534322059148,-0.5199635556340813,0.4463157559107109,0.5187405455998167,-0.6212314039710204,-0.40055592053006467,-0.5038154742993001,-0.5984034336800317,-0.7502390542464167,-0.7477107591482695,-0.5397786666970448,-0.020241192144392076,-0.09137162378341362,0.6693675769637787,-0.23141448556824462,0.2928180263401529,0.11321648246828109,0.48709019514465496,0.940860140687819,0.013111789326056333,0.6428967309984596,0.07069616452306035,0.8349313794338661,0.5615784634363001,-0.04146397240557101,-0.144985019809611,-0.6645865165982157,-0.3543028883668826,-0.6543793820463317,0.9462041077135888,0.6158516859999609,0.6569528230878248,0.04643019545242053,0.582148596317849,0.8777776303956347,0.5386063000569646,-0.27301216060624806,-0.3907270535780818,-0.29706127874798355,0.7072125092266837,-0.11576893371695869,-0.18661770608525818,0.38244974564907774,-0.2397639559575051,-0.48605362971487,0.6105541364349408,0.8096422612151642,0.4020041787331226,0.8321119734043416,-0.6179690609175812,-0.06118346612000702,0.6832990724446805,-0.6812947056132483,0.13860056999259898,-0.01916784803826479,-0.3919642389050915,0.45627903980156803
Thal_PuI_L,0.1966188653176737,0.020221168083621857,-0.2385605211713682,0.3257461121936063,0.11404846202239496,0.20139100380453087,0.3640903929842842,-0.008329051168961963,0.16447563696636586,0.2678943529398139,-0.20745615444255577,1.0,0.1155463709089511,0.13366139129019894,0.0025381547955398566,0.3403147696270497,-0.0027315094053152263,-0.3158435137317787,-0.19795930058973363,0.42084000426984614,0.151752359528564,0.49977279905714683,0.04069459649754916,-0.1853021678850835,-0.004399157732168452,-0.17149990849178454,-0.10711909219679197,-0.3130444943305565,-0.07992463929197771,0.48370829895494,0.07316252136125106,-0.058377559550219484,0.5766005126324136,0.44331323741126094,0.6055022082356298,0.10936718535331738,0.42954229134417465,0.3367974606184816,0.3257973384890332,0.30537134194211096,0.2957240477627445,0.20774147154692388,0.3917655822058581,0.2183530188239376,-0.0720194573418141,0.1306872006736513,-0.10430270157882829,0.44455448526674285,-0.17790832613115326,0.39014234353079136,-0.18927555508830837,-0.05648037101740155,0.6259501591115009,0.2584031452545405,0.41417079579397964,0.4490303798307008,0.3176595361970711,-0.10081749376595785,0.1686636879261451,0.07287942824915633,0.2947527830882631,-0.02386717261907366,-0.10039385504883871,0.17895091663840743,0.2976383226000786,0.5173830635185208,0.4400689004189602,-0.15912888211005463,0.2190595223238797,0.3712571000160124,0.02881454195026842,0.4410652974769674,0.43081165911127456,-0.14208749160817036,0.039404318826415395,-0.16745941140780593,0.11692915804994394,0.10204479945201814,0.20472641063755836,-0.01795758086534657,0.4128598822901555,0.20146795956033314,0.09969985337054704,0.5654359413094631,0.15008991911202582
Thal_PuL_R,0.18285587600547554,-0.0012225780160690827,-0.3215740908533372,0.6690176120399797,0.2831207884363944,0.4066874316741255,0.17748058797867844,-0.35977291407701534,0.08180310921271934,-0.07101842226154793,-0.6383699619597448,0.1155463709089511,1.0,-0.15132141161089524,-0.16885673790165634,0.744576491224623,-0.16981865175706687,-0.5964665707862745,-0.5024627137224419,0.2686773590513125,-0.20201338436819366,0.5276970094900176,0.7544030388125416,-0.33544630989946,-0.39443270652004253,-0.45003679580828887,-0.34238367895719196,-0.1657907780928817,0.179765463214819,0.5845674556516975,-0.3192340062647799,-0.27590495539476184,0.7203405712849197,0.419925020962443,0.46216167656227125,0.5508217379574991,0.6499743010616063,0.5559259919931709,0.548692580198367,0.35492750546138596,0.2581777550207603,-0.35575851452398355,0.1263603410989411,-0.036928978015726324,-0.21629877898280656,-0.1359509401012413,-0.5822678618825795,0.3107698488090888,-0.2574579573668507,0.1600803418778393,-0.6297936788827148,-0.390417156969117,0.14415206974285286,0.07488477659895976,0.6343173298270338,0.49726586490273006,0.5985077120327412,-0.5975452727929613,-0.5023828402746449,-0.42148353439071334,-0.017982662018821708,-0.3532220309712073,-0.5006428537217541,-0.26553915503156256,0.10438012689210692,0.4509635750123103,0.3327160659900616,-0.42000223245159646,0.07192207809386865,0.08247399846253244,-0.29409601752950393,0.4084662549173756,0.5779793690016851,-0.3881129886969965,-0.5169428158846662,-0.3238078420390716,-0.4802219299642657,0.6301882991880612,0.291453300660268,-0.39785488547052106,0.6212637972808521,0.16280314653387776,0.40108615245216206,0.47690870632678506,-0.0575145301475891
Cerebellum_6_R,-0.15989773318063402,0.013603645917157042,0.29909187451279967,-0.27389364203188676,0.014149115391035793,-0.5549839627144827,-0.08090190954943516,0.1628702085823883,0.14311171349136131,0.5673481715014945,0.41329897233810153,0.13366139129019894,-0.15132141161089524,1.0,0.7863436450538455,-0.3027933032342302,0.36226252487483057,0.14952935126538888,-0.13491862418844944,-0.43805139946577015,0.13167155807834682,0.16044006988168125,-0.16179989405648676,0.6558318592951816,0.7576763134586277,-0.44899912323985236,-0.29769090638562695,-0.1256432779691797,-0.3413380374337794,0.12224933387706194,0.7736734518758975,0.12670265147806573,-0.11815142060196705,-0.36338049154190966,-0.31602235276494345,-0.4456102592680526,-0.4375423598295379,-0.5891091948397682,-0.42227501227087605,0.18873456076954795,0.2594409880452466,0.5818476891012111,-0.18932073949010095,0.4979725674277221,-0.6195497181691441,0.914820767811488,0.4077948944052741,0.5917100078772988,0.5510477069398289,-0.14552353572541527,0.571132280937979,0.13430094679368473,-0.002951502205657638,-0.2664010347283681,-0.20944643813122485,-0.042627514509495534,-0.20394504717241485,0.3854004599017699,0.4121614985500425,0.7454847265784034,-0.09974824138001706,0.7150715136134528,0.6500066483551721,0.7859107129545219,0.07183496780306338,-0.04828514499016972,-0.1998673156584198,-0.08628190779370128,-0.02911253447568219,-0.2515793887902495,0.8010021841861632,0.3304787726113021,-0.11528106852643134,0.8753119284544222,0.5669735764111964,0.5280643130199081,0.662143763913419,-0.27704512728293007,0.5836631210906963,0.8397370323227592,0.035838563279543344,-0.2879755841115205,0.2051164100087656,0.027792359902417504,0.6597478087719997
Cerebellum_Crus2_L,-0.11625471853839912,-0.06343420982393959,0.4626164127369236,-0.41028581329049174,-0.06499382468770112,-0.46279707268549986,-0.13348529113213564,-0.15217550769502042,-0.06075333795388856,0.3388923039763802,0.29800612750481453,0.0025381547955398566,-0.16885673790165634,0.7863436450538455,1.0,-0.3014398932693534,0.35877417424879016,0.04548329503613175,-0.34146559803573356,-0.32060507605497807,-0.1016540339258714,0.06772337908782103,-0.2014074236360971,0.7122375616693002,0.6621522723037172,-0.344411032590339,-0.37593828744313623,0.10227790395362786,-0.3070473595919661,0.04567534912460024,0.8700915236097534,-0.06232546138699479,-0.269229995253584,-0.28041824704215257,-0.35597249387964697,-0.31968093953598925,-0.2830147553602084,-0.4794958372688333,-0.4132494698669095,0.026754866842050265,-0.08398819519336698,0.5344873348689382,-0.16163016594086127,0.16396670487560366,-0.35856136384547643,0.6190179099669141,0.28724366936910317,0.2851051432006712,0.6148659624982686,-0.15643529373729423,0.6786277145528756,0.3971445521529866,-0.049968557801623,-0.3302676627905007,-0.1750256644620683,-0.07502050812862852,-0.13727657275926902,0.2492437952494564,0.3478722652314429,0.7101051262372554,-0.10435595598744188,0.866530211605007,0.5165394179391438,0.6757326117136278,0.10744886666857362,-0.2180329458770039,-0.13749717755440677,-0.23502115992106096,0.07156557711190477,-0.22231363504330584,0.8605149063957329,0.2503947237443023,-0.12739593207085992,0.7481791238999457,0.4763184224560466,0.4426384272227422,0.5163182942500585,-0.35477678338195695,0.5628163379705149,0.7416978081680514,-0.10894583958698867,-0.2818386213151654,0.12887457839161104,0.009141563205394193,0.43585452535785674
Thal_VA_R,0.2292828823982371,0.10098645845063534,-0.4928450130871272,0.8610480495606788,0.17360388103481156,0.5031459406109763,0.20690291374238623,-0.36152405671098664,0.12872697877724087,-0.09347783645788596,-0.8150006869722315,0.3403147696270497,0.744576491224623,-0.3027933032342302,-0.3014398932693534,1.0,-0.30383419201828316,-0.7276432575700696,-0.5468640960093705,0.4378313107749635,-0.18961757760548992,0.5469954262072205,0.7879711397070327,-0.5723989695335915,-0.626186935190534,-0.4465250467563126,-0.3662511419008885,-0.22511059344527745,0.17156479519625528,0.6938134448513935,-0.4694531042861396,-0.26065124674949053,0.8309622692301466,0.6207252932402304,0.6257521169442561,0.6495206889423654,0.847425606465473,0.7726263677873568,0.6646729053010654,0.22835190925576684,0.3290019481816689,-0.5507623978331629,0.24332405447857688,-0.10057777393229761,-0.12037077508694213,-0.3214148033879026,-0.7451554386139653,0.23727299145250727,-0.5209147782969343,0.20600243955044953,-0.7985153984399846,-0.4754993638139764,0.21298225060637876,0.18488064429238418,0.8330284862947028,0.5629678724838673,0.8040634180311628,-0.7199709571550383,-0.6122436812814872,-0.5838439584407272,0.038621003792451605,-0.5422806684275915,-0.6643951469859145,-0.39624767967316077,0.37288488846904344,0.527231928051405,0.4158861193514334,-0.4701925716722275,0.18579393065407454,0.13934337516217327,-0.43500026930562063,0.36880049774152207,0.7035723872910018,-0.5408608159265051,-0.6128587600790918,-0.4703797508100127,-0.6678458857502796,0.781436063410449,0.13218277180890783,-0.5550722322400626,0.7747152775945001,0.1444162837694793,0.24566632601570756,0.6142868839795437,-0.20764039260047143
Temporal_Sup_L,-0.006112701934411338,-0.12179791161227622,0.47983371723354834,-0.33118715515748304,0.00033484607235692706,-0.28113979772394715,0.34549064211923863,0.3857134587262992,-0.0012036170671722813,0.650286769702463,0.4728924930205447,-0.0027315094053152263,-0.16981865175706687,0.36226252487483057,0.35877417424879016,-0.30383419201828316,1.0,0.45841787984253857,0.19831381605767598,-0.14410224306477903,0.4806022813992024,0.295747090804842,-0.16561258989879193,0.375235438806256,0.5167488399448856,0.18484429580422737,0.3638199385154351,0.11624286306616734,-0.08595207429288705,0.00010427183860938833,0.3596778534664489,0.478881664134818,-0.10533636751183233,-0.06183922818097384,-0.13590531148007745,-0.17359420526428918,-0.16614992480218263,-0.14050885618687714,-0.3184609845352236,0.25002773760290536,0.20989639735086132,0.5507241202887797,0.19336380256951527,0.5368671544303547,0.008078029387077867,0.2960031636367203,0.47494663075253,0.31104374924434186,0.46761964657260346,0.400502307657979,0.5133938649911218,0.7288450085456064,0.30093782906231603,0.028704426416954004,0.060961449152844994,0.016822152555966738,-0.2060682261153982,0.5434986470787322,0.3142116774794256,0.6057732214431559,0.36514890658817006,0.4927750010571397,0.6408839628711033,0.37364675862687646,0.010042669342669305,-0.20129122465799848,0.29914200360738624,0.41297463533556095,0.26506543778641495,-0.0179567429150357,0.34464441215544056,0.38152668410579166,0.03767512342274947,0.401140563374474,0.6478581756748849,0.13665835499040863,0.5712493243116202,-0.298753484204757,0.1324127650777178,0.5737271259095117,-0.2296812024077868,0.3136158729295745,0.0005613591514389752,0.25737875944398403,0.5902171441642852
Angular_L,-0.07555753322898788,-0.09442786197450535,0.36463619255724955,-0.6384415247308955,-0.1500974127469897,-0.37265510751318726,0.20079202194747484,0.7983137870091576,-0.10157327439101112,0.27086021283188066,0.8977407150414489,-0.3158435137317787,-0.5964665707862745,0.14952935126538888,0.04548329503613175,-0.7276432575700696,0.45841787984253857,1.0,0.8618624375741967,-0.3341085510282721,0.6591634603387039,-0.4409238067732499,-0.5115815102084629,0.42031948212846004,0.4164600199032889,0.6360275414312748,0.7982124926397705,0.4115757832104485,-0.0065160328227699925,-0.5737067538637916,0.1698509473946094,0.7282658359810653,-0.5809969201001209,-0.32624077548645203,-0.4005514675544411,-0.44104741463762925,-0.6486554983994863,-0.5810317270704161,-0.4368320279075414,-0.12988205518615045,-0.042648384504021135,0.49709098470670676,-0.18670416939461953,0.2638027163412174,0.24927024659375682,0.2839643586046859,0.8688633671093852,-0.2130252151371486,0.46802664382375914,0.16704559310377148,0.6852426678195229,0.5470152910436339,-0.017936891211636084,-0.04641130154976089,-0.5604239620200097,-0.3959741612510503,-0.6123608565406857,0.8985983121070712,0.5195761351804383,0.46172743452301696,0.07838343997732695,0.3404823318625964,0.7771616554448774,0.3325159152730754,-0.3218150619679954,-0.38883383210222994,-0.2863651328394183,0.8531873741097571,0.0009623170695361604,-0.10966096600247323,0.10736168752616525,-0.34865077945416506,-0.4064047747032878,0.405278666848883,0.6784678841372654,0.32523068063856536,0.6464865629002309,-0.5053376840236278,-0.2574123096817257,0.5170025836418319,-0.7191040706483163,0.246086918439456,-0.011944948613365973,-0.4501610087124225,0.2835410625152098
Parietal_Sup_L,-0.07889734437662302,-0.029763119602171543,0.10142131506709956,-0.3655777327284405,-0.11329075064142288,-0.192265363250233,0.2016752129707226,0.8328025926149634,-0.03345815382716585,0.11475030167272177,0.7405753689264208,-0.19795930058973363,-0.5024627137224419,-0.13491862418844944,-0.34146559803573356,-0.5468640960093705,0.19831381605767598,0.8618624375741967,1.0,-0.1840182168649692,0.6504842249617947,-0.42300115105770986,-0.41613693217642383,0.09075027993030325,0.09128855800909336,0.7691054378437705,0.8743450034795917,0.2230300205244627,0.08649098155866702,-0.524049613087335,-0.2089984102234487,0.6085918275547184,-0.39410947631525045,-0.19018803426480155,-0.1825937842795136,-0.34070105126841593,-0.5212129982112976,-0.3671710123852576,-0.22687278022188317,-0.1422221520243524,0.015265837700016483,0.23838847967983637,-0.045939271090579846,0.20185977205543748,0.38528850964477784,0.08599467211306659,0.7154872142351224,-0.22131324762811108,0.19446973367767653,0.19017539821296925,0.34187348452832184,0.2663146526487095,-0.02098961209349056,0.156586624369252,-0.4753909758489251,-0.2898393946194896,-0.49215563889507175,0.739052069924857,0.3282466954143677,0.18067535215225938,0.21242866929447918,-0.041523049126853,0.5103514699799153,0.08091699115012102,-0.2866136801001153,-0.14122045699971914,-0.1937570145420857,0.8852997506935597,-0.07378918686049614,-0.016311607150442775,-0.254520800963956,-0.4229674752463766,-0.3963659435861311,0.08853180255255891,0.48303659402482346,0.08044955460234522,0.428682341664454,-0.27168006450699317,-0.47467705254106135,0.18638048319716227,-0.556859193200125,0.3189154384514597,-0.10307464226678072,-0.3974771952827497,0.1043081315626305
SN_pr_R,0.12320336192308394,-0.14851332398639638,-0.31698454573499324,0.3723243458005749,0.042287908074212455,0.43480784434131436,0.3116787788576794,-0.19993791020720064,-0.08850802224185059,-0.13610674544827225,-0.40815803337553397,0.42084000426984614,0.2686773590513125,-0.43805139946577015,-0.32060507605497807,0.4378313107749635,-0.14410224306477903,-0.3341085510282721,-0.1840182168649692,1.0,-0.052418740033088405,0.3542901411223148,0.1960039729761175,-0.46517183750188984,-0.4334694493416943,0.06869028676566663,0.021789816755186348,-0.05826585651516334,-0.02774439792507081,0.3300115621374748,-0.2850225820284725,-0.13887736294840838,0.5014803470298161,0.607833998084282,0.6248749840817555,0.36009656238116033,0.5913973451373566,0.5854044719703132,0.38813366763351304,0.14682818900560582,-0.012331928905000174,-0.2087867786271598,0.4131660701754442,-0.1486650144625888,0.24910708525258496,-0.4407959116210931,-0.3176885489888238,-0.005315842209961331,-0.3806275249944131,0.3410340621643184,-0.43221780001526783,-0.013170706351465148,0.4585118607387089,0.41016519605099344,0.45744306117203054,0.34794251186660785,0.44156593782018,-0.2901847033298,-0.005686454562859382,-0.3549344699540606,0.26952234652466134,-0.32291544021912116,-0.45170126038240316,-0.33832717464486883,0.2024037921311815,0.3518600490307834,0.48370862360725025,-0.11688725343610024,0.21192526842484213,0.640365172737738,-0.3637804291316118,0.29466741379466194,0.4344840591194183,-0.5472678024983513,-0.3310410272718599,-0.5271558376251286,-0.3560758062595648,0.32490844507314126,-0.01752229576098337,-0.48135370941298494,0.25457390981506195,0.2958366760288716,-0.030632245436126478,0.45049133435883926,-0.2232195624841459
Precentral_L,0.1592495600282958,-0.05380394662196675,0.09966157853779942,-0.18638361496518627,0.07530796893720913,-0.047662614990983204,0.700136121761749,0.8765612950388719,0.026016425415778786,0.5558208220294331,0.533985775210531,0.151752359528564,-0.20201338436819366,0.13167155807834682,-0.1016540339258714,-0.18961757760548992,0.4806022813992024,0.6591634603387039,0.6504842249617947,-0.052418740033088405,1.0,0.11956446831860838,-0.05805947388336991,0.1504092840958708,0.14299970509883145,0.43713599377114976,0.7621678458204635,0.2675003615033452,0.10601286070380754,-0.07741588456019032,-0.01725687848544973,0.7815226977167885,0.0027342616088204454,0.12182831152696688,0.1433186720518856,-0.06636919653358483,-0.1152616225954413,-0.11963416489832793,-0.09830231677874271,0.1711340531465037,0.3929186331368455,0.40682979586639767,0.16697057327979292,0.5023379530381775,0.26840251773470136,0.2659079576159909,0.623758446150258,0.0834317955142805,0.26927090406379467,0.658923487626614,0.2959016418298645,0.3991409765639289,0.35655224900597143,0.18406507459725363,0.049749969436594314,0.050512704555141445,-0.20139988927806768,0.6620967038580513,0.3424125812666621,0.30981337222913147,0.3236380034767636,0.08174016830919234,0.5916062157630905,0.26453314926744076,-0.11690612703055916,0.10402138820942645,0.11767125774093119,0.7698572971040744,0.3745801535665093,0.0694437931048213,-0.06826420913808846,0.10250723625868695,0.21659317637835598,0.2347211505407301,0.5524610247094283,0.17946162440227217,0.4745959194032374,-0.09626970729308049,-0.09649331909729648,0.37563540366123277,-0.20539129426482872,0.5533897051038316,0.2819092889482774,0.046279002175007244,0.2940431130044874
Cerebellum_4_5_L,0.22969569493012473,-0.06601472961722983,-0.13054394341559497,0.4513693978149984,0.3163384190106451,0.3163130701900484,0.43514701075579915,-0.11861313625188222,0.12104332715978916,0.43711646727595127,-0.38639004023793616,0.49977279905714683,0.5276970094900176,0.16044006988168125,0.06772337908782103,0.5469954262072205,0.295747090804842,-0.4409238067732499,-0.42300115105770986,0.3542901411223148,0.11956446831860838,1.0,0.503910188348545,-0.1813887445888374,-0.1260736063590895,-0.31451163725825954,-0.21139514256522052,-0.20634063108573822,0.062320477882697733,0.7571377426334075,0.0009963900209642366,-0.02764622324500729,0.7166004173463892,0.5013715288455984,0.5296770205409176,0.39091625244267725,0.5996917824128828,0.5680821078834639,0.25987527693187196,0.37722682258284396,0.47120498873399663,0.07939370280776634,0.4918992733662699,0.36605348078578986,-0.12646609884428955,0.10205483042836276,-0.2606166893793699,0.5596657742285628,-0.08109895948234774,0.4177018655328504,-0.31828172127056825,0.07117066983796165,0.5949767681718862,0.36703563007583934,0.6937116961772011,0.48169036832790557,0.47764823275028573,-0.24323570972752429,-0.13928740612402238,0.08535879248136852,0.36789451102710113,-0.05304788015402593,-0.09437095610755976,0.1125946322451135,0.23543187863296616,0.5022471053800204,0.5815959107475519,-0.24872351484566463,0.4079055951752359,0.24869397674201718,0.028847165166799034,0.9129602679604744,0.6723539095050259,-0.11948321899590252,-0.005857965258353274,-0.14786440452551736,-0.04908405968857357,0.407728239284163,0.4308417069704953,0.02540495249417131,0.5461650261965344,0.22771350754243055,0.2965972155406231,0.7570408860305481,0.209826717622077
