,OFCpost_L,Frontal_Sup_Medial_L,Temporal_Pole_Sup_R,Insula_R,OFCpost_R,Occipital_Sup_L,Calcarine_L,Vermis_9,Cingulate_Mid_L,Cingulate_Mid_R,Hippocampus_R,Precentral_R,Thal_LGN_L,Temporal_Inf_R,N_Acc_L,Frontal_Med_Orb_L,Vermis_4_5,Olfactory_R,Thal_LP_L,Rolandic_Oper_R,SupraMarginal_L,ACC_sub_R,Thal_Re_L,ParaHippocampal_L,Thal_MDl_R,Cerebellum_7b_R,Cuneus_R,Precuneus_L,Postcentral_L,Paracentral_Lobule_L,Raphe_D,Cerebellum_6_R,OFCmed_R,SN_pr_R,Cerebellum_4_5_L,Red_N_L,Cerebellum_8_L,Thal_AV_L,Temporal_Pole_Mid_L,OFClat_R,Cerebellum_4_5_R,Putamen_L,Thal_PuI_L,Parietal_Sup_R,SN_pc_R,Occipital_Sup_R,Thal_MDm_R,SupraMarginal_R,Cerebellum_6_L,Cerebellum_3_L,Precentral_L,Putamen_R,Thal_VA_L,Calcarine_R,Thal_LGN_R,Cerebellum_Crus1_L,SN_pc_L,Thal_MDl_L,Temporal_Sup_L,Occipital_Inf_R,Cerebellum_9_L,Cerebellum_Crus2_R,Precuneus_R,Thal_VA_R,ACC_pre_R,Occipital_Mid_R,Thal_VL_R,Temporal_Sup_R,Cerebellum_10_R,Vermis_8,Temporal_Inf_L,Angular_L,ACC_sub_L,Thal_IL_R,Frontal_Mid_2_L,Thal_PuI_R,Supp_Motor_Area_L,Temporal_Mid_R,Vermis_7,Frontal_Inf_Orb_2_R,Vermis_6,Cerebellum_10_L,Frontal_Sup_2_R,Temporal_Pole_Mid_R,Frontal_Inf_Tri_R,Thal_LP_R,Olfactory_L,Frontal_Med_Orb_R,OFClat_L,Caudate_L,Thal_PuL_L,ACC_pre_L,Thal_PuM_R,SN_pr_L,Thal_PuL_R,Heschl_L,Frontal_Inf_Tri_L,Pallidum_L,ACC_sup_R,Thal_AV_R
OFCpost_L,1.0,0.1862636354272649,0.1388655988601625,0.14060867919284178,0.5344291031295206,-0.2668800916791198,-0.1422793536735248,-0.061940634154213595,0.2259740532918575,0.035869908357563374,0.35157496740000327,-0.11814914306885943,0.1063726597082002,-0.06244163873821685,0.6706356447330426,-0.31614537247693586,0.21026972060165716,0.6489888878781496,0.33350911059882865,0.40798663729116014,0.14313933113775323,0.21735518291113545,-0.08588164183212182,0.3571042786702939,0.43536547313721735,-0.05018053802412967,-0.22471623488883002,-0.042744383713295656,0.005732507514206527,-0.058578889367597836,-0.3209423121180262,-0.10786625110986932,-0.004814139343676548,0.2728505264588822,0.12968576833986598,0.10417107806731263,-0.3040483654031673,-0.07441378898052427,-0.3658172477870855,0.1384465460203995,0.05457277428875477,0.2036232829803353,0.2160512841555027,-0.21662249993079835,-0.3262407851747315,-0.2852309215682939,0.479621111874066,-0.2589751596075423,-0.1953038915424113,-0.3518195493365688,-0.016801540854171803,0.493270168215531,0.17785857655532666,-0.21829530527450544,0.30212498202746113,-0.25812271818630417,0.48000968185696347,-0.05384896247315393,-0.1622154592841583,-0.09524501485454097,-0.1822237300962798,-0.15172061896001138,-0.1313910058221626,0.5235708486316856,0.5049361178450796,-0.3086462254119919,0.4515331123938864,0.17143741595085196,-0.18037326476828275,-0.24217782248121356,-0.11165948739005409,-0.235972933439159,0.4430157132608936,0.05442578565151253,0.2309308004300674,0.24213398227922678,0.13248383020000062,-0.1737705666934023,-0.21684170621422189,0.5289822771812682,-0.1649368242015109,0.23188162862090841,0.014796088043329651,-0.24351758204158006,0.4485660167166407,0.3583022026636391,0.7105715707498569,-0.2937476936690968,0.5000955232033468,0.13642858328804644,0.2741978193986784,0.368880649420114,0.3212071665682892,0.06055702168619582,0.27031898972774593,0.3211022604439989,0.47065663379237016,-0.08985090844302134,0.05905407261977137,0.37229852831363036
Frontal_Sup_Medial_L,0.1862636354272649,1.0,0.2532043056577988,0.3721424719405097,0.31309022527086655,0.1401442907633531,0.04870300082627468,0.09132593894840574,0.5234098097884909,-0.16750519297898364,0.323000483711713,0.07870920140659426,-0.020408538952840283,-0.06564255014305939,0.19958363346496658,0.03264053524897881,0.2291823433721893,0.07505988592030455,0.12998796499951373,0.40245539879116293,0.08454091387665821,0.10384493528086257,-0.014030186671611503,0.3874724155058676,0.3176315325304732,-0.09674973604475735,0.12141187445388683,0.22191636270575038,0.09889599828515623,0.0756876466957106,0.06383681347505724,-0.09794397212847346,-0.08031385896100977,0.18719259463504398,0.1889809676392213,0.12834231922890363,-0.09387931108956085,0.0386156707796611,-0.02268202313939974,0.19628010110509178,0.22595633104908658,-0.03371061516469529,0.20897036199808922,0.16297011640849582,0.004796666596103735,0.15163893573728462,0.18263067032110758,0.19260706190598847,-0.121421738100738,-0.10894150470120159,0.291508287159627,0.3617323771319057,0.3277438564112829,0.030203318755894985,0.4241896787268872,-0.16275169409687515,0.26520371388100816,0.19449458122786137,0.17039162621377058,-0.2003450069631108,-0.03980200569868259,-0.17029201588376214,0.33927082654067914,0.18575558398076808,0.22989588283248505,0.08361036136224238,0.12751025625859644,0.37587869637521687,-0.12479698730407905,-0.1813169698172951,0.14670779872705778,0.053515945940637355,0.1342264216245236,0.21884617102580994,0.8597762832776966,0.13381155052363175,0.4931434837784742,0.09391941814125554,-0.07699615278337288,0.2589275911370258,-0.00893148814406481,0.12044801650280204,0.629650824761151,-0.1852516120723353,0.12562307986736154,0.3324748757903061,-0.10163655609035667,0.13306356578610612,0.367836090124282,0.44204101020895176,0.14192751802524736,0.5154146458056502,0.21755853421221297,0.11734651152356901,0.24633186142118732,0.09676211859299579,0.2552681860049158,0.17387531173927953,0.835266627117464,0.20897979594176705
Temporal_Pole_Sup_R,0.1388655988601625,0.2532043056577988,1.0,0.6031489167679782,0.1849020890356777,0.11189138104370334,0.20695824174165284,0.42401326940628253,0.14019518709836573,-0.23373497964506706,0.22276664436492252,-0.6883188779226815,-0.21346690566975043,0.686009635212447,0.12028080624431277,-0.6180830722959202,-0.11586488742333129,0.08390756655957525,-0.051622525236544876,0.18229258692131492,0.04025376113357012,0.17781492275559602,-0.33872634644983096,-0.15629398306653322,0.3060090500470525,0.3817302592085344,0.09028311262432215,-0.1272732614131897,0.09800600220402449,-0.2911415226927607,0.4335904234152279,0.6741929645549588,-0.2629764272489721,-0.3651488978262438,0.23948053953792342,-0.2968109304962882,0.1882571815100623,-0.18456013302640298,0.015379226890898655,0.38492225654192314,0.31624237584011033,-0.1599848511197818,0.13923147420331294,-0.4487584853739128,0.0589164830646954,0.026556479695697414,-0.16614856643895373,-0.3570996085722898,0.4087710508718521,0.29168156143874197,0.06103039137400545,0.1969440315066992,-0.271833661826699,0.2830454636814202,0.09793236400587926,0.1154599602353842,-0.043925026481991765,-0.09649563498391893,0.13209845356634264,0.5116222939193266,0.5458672770305618,0.4393160589356852,-0.2824491235979071,0.06735997972087959,0.06838172452794536,0.10333392271904833,-0.14325818704757717,0.702905211597354,0.4822980200907891,0.3198619468291854,-0.45687775772433936,-0.058594286886497426,-0.034628460620869064,0.15102756185596153,0.0029171850526002723,-0.29784104063753025,-0.032400084642738095,0.6678959550456391,0.2913401106947552,0.21663616295436525,0.23484526954880258,0.40951389147321177,-0.17782110250321248,0.3150543717943361,0.3535339466679811,0.1380691100901571,0.1418273727534589,-0.5972661207767429,-0.3630753710467011,-0.032944939016189466,-0.06524112075360067,0.030311411835540602,0.04037667835679288,-0.22073407709109086,0.197911505808589,0.40930841802565177,0.02466789186154963,-0.1418895761800799,0.4819043334700224,0.18951649772392173
Insula_R,0.14060867919284178,0.3721424719405097,0.6031489167679782,1.0,0.010109777696955865,0.4415040946102428,0.6225705057657411,0.32796148234957184,0.12151824003457946,-0.0697628514632788,0.032873253073122374,-0.44377609224516257,-0.12181535945977381,0.6487177052618847,-0.08005278271092518,-0.40332497072463824,-0.1756909814196906,-0.04145243454628639,-0.2840284141912096,0.33417083505106066,0.2963091313630212,0.08582668185238322,-0.13495125807928537,-0.14650318057524747,0.18039261357595612,0.372359877607008,0.46882008741036,0.2052508652891348,0.321422158615742,-0.034772221936274196,0.6529793062101003,0.6597478087719997,-0.20974128557860774,-0.2232195624841459,0.209826717622077,-0.43287108078049824,0.45665335419355607,-0.3072852490063473,0.21632701750210553,0.06905167750621567,0.35600485065078097,0.022196017791937098,0.15008991911202582,-0.1468836464888579,0.2972579380844866,0.4118391408049967,-0.1838744362558869,0.0112238029476361,0.6089773823745306,0.49456940908118185,0.2940431130044874,0.32712462807691894,0.08696062750844279,0.6002841108280066,0.07762464288929065,0.40872613305139166,-0.06557764866077372,-0.09362303553167671,0.5902171441642852,0.569566557250281,0.6443354370546882,0.478110556935787,0.0546204546734791,-0.20764039260047143,-0.2266721351540618,0.45627903980156803,-0.31301557061755425,0.7333793152826735,0.5513429237281086,0.4514085313833889,-0.04879357641126892,0.2835410625152098,-0.06596138882559496,0.15088298770996386,0.18055475731595969,-0.3799266915742311,0.16351565111216165,0.7709059933982297,0.4811828647087358,-0.1539393958229342,0.5235093286408874,0.23368929627493787,-0.09477464097477112,0.1369651034061513,-0.021057292690642587,0.13133205863325192,0.16252225259296546,-0.3991019433287947,-0.37966520777780033,0.14554076078213546,-0.13921021564899863,-0.19889619595752098,-0.2195710472370386,-0.1189601136146547,-0.0575145301475891,0.3651119168116201,-0.011283868612087848,0.28070864401036283,0.5073916891321946,-0.11577180607261758
OFCpost_R,0.5344291031295206,0.31309022527086655,0.1849020890356777,0.010109777696955865,1.0,-0.37448642738420496,-0.40253130441849877,0.05947931464362956,0.28775359280697493,-0.10946716856322047,0.7492350047479739,-0.25211775409096865,0.19762321701852784,-0.11362022774920627,0.6558337542641626,-0.25673196377055485,0.45221831065280194,0.736580423234301,0.507873859557211,0.47066866818727005,-0.20801809169101454,0.17715788100564467,-0.4719183601366541,0.4887895222328851,0.651018112111093,-0.26552582687930376,-0.4588968189377129,-0.25041539930342077,-0.13806966181303953,-0.24131934599242372,-0.45633721941040756,-0.18605426651178128,-0.07244640323015805,0.3699656753364649,0.35446786134088965,0.24906317407226364,-0.4711930709344907,-0.05030913682696407,-0.4593480202529396,0.2503612591486306,0.21484576061832605,0.21944187280577523,0.49668575745382426,-0.3333509539331785,-0.45775284362479746,-0.4428694556154744,0.6370062437608868,-0.48094608841759573,-0.43367069699445504,-0.6128712939378735,-0.07986993161171504,0.6563398857801609,0.18691916580160212,-0.4999730617495437,0.5577174379640003,-0.5515269731199927,0.6298117065471933,-0.0017803331868210058,-0.2987216078328915,-0.39222039118259855,-0.20662163362722513,-0.405363511137976,-0.21198524509034988,0.7405235741758797,0.7773195409832248,-0.5286253319376311,0.6761154988908434,0.3745843899499428,-0.4448753541857384,-0.4152822804514682,-0.27128815481183993,-0.5062188684914322,0.4699163195896297,0.263814342007975,0.28400185050868837,0.507108010550167,0.1883843297586033,-0.2569148060122581,-0.4482601356838878,0.8239565400883012,-0.5490482866450579,0.4674018686630708,0.18452203068983006,-0.4723971395750492,0.6770642379050317,0.5111106910426341,0.39984166740345856,-0.20102353904968026,0.5860084714150395,0.35276137756533704,0.43350037149091236,0.659941986971082,0.6721201106536209,0.15046380168650877,0.5182771894465393,0.2655800243778073,0.5644290601496402,-0.06772090370317345,0.3043457185471077,0.4708613861186434
Occipital_Sup_L,-0.2668800916791198,0.1401442907633531,0.11189138104370334,0.4415040946102428,-0.37448642738420496,1.0,0.8087556460213232,-0.051862855199509145,-0.18545215435630183,-0.0381645673086098,-0.4509497037008789,0.1355478075203347,-0.006014130180336957,0.47662049494347086,-0.5356211773391193,-0.10774573350701858,-0.36577345255072385,-0.5055496917650686,-0.5200240915572963,-0.21126788146853073,0.6140244011167957,-0.06982180876330178,0.25732572547130156,-0.2813252723397776,-0.3333732118267404,0.41477030765685496,0.9451395146643478,0.8068174123486698,0.7878983795460399,0.6935923752519134,0.5017372345971988,0.34794755120489895,-0.12301019980049265,-0.32906868675986894,-0.25521189637165576,-0.4217663086676682,0.44804811099599384,-0.10567551714157514,0.3997284579991956,-0.0331559339186834,-0.14051297293752057,-0.10694958081329269,-0.12766844525426613,0.6424639745290033,0.5310128845355248,0.9470471119811563,-0.4477510106569666,0.6073664085961676,0.5653064161370249,0.6905689345366828,0.6945227660952911,-0.28156183209433194,-0.011533395880923409,0.8568568673809158,-0.4932913401624423,0.3833196745907749,-0.5524978384860453,-0.13601393170161513,0.48757815332763726,0.5337680839782495,0.3984890818516516,0.37464794914352545,0.7026650319431148,-0.6789021525237677,-0.6637388414965312,0.9319750207084189,-0.6429098610973664,0.03308820429636747,0.5345927049443963,0.22653502073251983,0.02585773194306879,0.8945282481948663,-0.37399427176015837,-0.029927662564257346,0.05905038499500269,-0.5982597477737296,0.21862366215497028,0.6387288876309133,0.2879161750114473,-0.5562712985730551,0.3855859446242735,-0.18114729422211975,0.05655453003249999,0.3154733459249218,-0.5831656713143665,-0.2842821392366922,-0.24469434680686847,0.013162174406664897,-0.5002110446180279,-0.18852717220025078,-0.5808054882935565,-0.41567838476359004,-0.7488527864961745,-0.1326459312544229,-0.5413578482765528,0.03462160956025235,-0.5023567565316139,0.32223678456253607,0.017278720730126804,-0.48080765433198447
Calcarine_L,-0.1422793536735248,0.04870300082627468,0.20695824174165284,0.6225705057657411,-0.40253130441849877,0.8087556460213232,1.0,0.05895309182500152,-0.12742856430437272,0.20944763486470408,-0.40242289267550374,0.059003925641173835,0.05594542567116157,0.5799996708430514,-0.43969892630525,-0.15238003455327215,-0.24598025929750217,-0.3606665098608042,-0.45661576247441465,0.02528973730913632,0.533835115617379,-0.07852334807101485,0.15426318413798026,-0.3008250661624008,-0.2093267135388316,0.49375577972415563,0.8279300104594104,0.584825470239095,0.6001066613143033,0.4313682703556724,0.605739937524246,0.5669735764111964,-0.08170645716600779,-0.3310410272718599,-0.005857965258353274,-0.4810863556611561,0.6110120299427675,-0.20113931604483734,0.43484020467112827,0.020614975405763226,0.12898780258211853,0.11625283319411882,0.039404318826415395,0.32114021187132963,0.5379529027436669,0.7741744846577917,-0.3566142970957691,0.5022360274504147,0.7973407387904808,0.8002370247055848,0.5524610247094283,-0.09838559659109651,0.00128764906434974,0.9195497514659515,-0.38154087927244373,0.6286242174497735,-0.4308524217277199,-0.16577730411249986,0.6478581756748849,0.6911681608537561,0.5468122231946204,0.5857220252617539,0.40582367294463506,-0.6128587600790918,-0.6455954468537312,0.8096422612151642,-0.5552828462741725,0.24402660087340777,0.6888366149439905,0.5028517230039851,0.13441225717237645,0.6784678841372654,-0.24793339838060177,0.05083896035265051,-0.01784666998170388,-0.5268964171535876,0.17678002251797503,0.7297484164290639,0.5308859690028753,-0.557503528660101,0.6545491293511031,-0.03133313195872814,-0.009568968360491311,0.3642874536171998,-0.37571542562458066,-0.18118827571005303,0.05636865364436284,-0.13370701326113482,-0.5823050119933537,-0.08098683132664754,-0.45859930046004677,-0.5598269230421895,-0.653114923867333,-0.1413301686305509,-0.5169428158846662,0.21416452255935747,-0.30204296891381377,0.39765388394036655,0.009756698339099088,-0.4662692641733952
Vermis_9,-0.061940634154213595,0.09132593894840574,0.42401326940628253,0.32796148234957184,0.05947931464362956,-0.051862855199509145,0.05895309182500152,1.0,0.32287724938974083,-0.06668881789920995,0.31939115821860187,-0.49865209938515265,-0.1927114779741017,0.4792019288552603,0.17578048692815773,-0.26131404096044164,-0.024652341142892803,0.04676594467266487,0.12444623852562728,0.2263716688291437,-0.18561466475541674,0.04876779127031064,-0.037165407131826804,0.14225416057059542,0.22870247553268616,0.28804567909637707,9.572950509239688e-05,-0.3386373310022209,-0.2642953737052748,-0.4805683662952713,0.3701300304950794,0.5836631210906963,-0.05033306872821496,-0.01752229576098337,0.4308417069704953,-0.10184984306114905,0.4881160674908934,-0.1328133583567271,0.1262395633183179,-0.04538970528870252,0.5673626968141688,-0.11544233810693853,0.20472641063755836,-0.5550987389200318,0.07327441723334514,-0.05688048752378584,-0.010443341379629578,-0.3731058211238397,0.40352687033667994,0.1880701638850958,-0.09649331909729648,0.19926725644236118,0.0070329642923434,0.12410620171212558,0.2965417691335452,0.4288554171177146,0.12814776551181276,0.12015545392187996,0.1324127650777178,0.2815136755008965,0.6632771002120958,0.3297634177745926,-0.4053225623676035,0.13218277180890783,0.04884781216503784,-0.06118346612000702,-0.01599326525464242,0.46770142777683826,0.36132390922119123,0.5429555907966718,0.20658436930618024,-0.2574123096817257,-0.0940194587431174,0.2579758826942212,0.0860104367365972,-0.12154237984918334,0.10218013670634345,0.35697960398309925,0.5732905778560726,0.043458292911035215,0.4106850675752273,0.44074781344271835,-0.1195655699248703,0.2167350943250185,0.15847639040916875,0.1871204903279885,-0.06638953124644381,-0.16845728985161626,-0.25449070260538104,0.14287850965877755,0.22422260905812905,0.06332444820470072,0.2769459999703591,-0.044689258663725154,0.291453300660268,0.006246435881033887,0.12672299702627413,-0.026585409585771894,0.38464974229178955,0.19471383752926233
Cingulate_Mid_L,0.2259740532918575,0.5234098097884909,0.14019518709836573,0.12151824003457946,0.28775359280697493,-0.18545215435630183,-0.12742856430437272,0.32287724938974083,1.0,0.3986201107698038,0.5515352322216991,0.04827345039011548,-0.022025587292327883,-0.03151670615771343,0.3513414565489924,-0.06061799408903271,0.4813369839668147,0.1554254298934704,0.4838833501656366,0.6226279773035478,0.20508710397983407,-0.058558961987430304,0.17155426640451615,0.5667944224816012,0.5449373641013739,-0.05169636652669307,-0.1600044122210564,-0.06886668368344735,0.004842756871100023,-0.0898377347789013,-0.07944115935975582,0.006550704919415217,0.1268343542727905,0.30174062846807476,0.5272300074185482,0.2942613516879415,-0.05011212549424716,0.14996110804831903,-0.08552200588000679,0.023471061775502244,0.4978242390628727,0.044623771404737035,0.3281419757763818,-0.22363996622319035,0.004414927099283155,-0.19512807174375565,0.4935520165702578,-0.027779019883926243,-0.02169581718489336,-0.0881885165149924,0.3229381580941164,0.43968955732287524,0.32008410228676637,-0.06250331962154419,0.6157978461704786,-0.06334779820037617,0.3562677453453385,0.37979156118424584,0.19107778691179753,-0.1595358143587953,0.03623653852519619,-0.09813409416343385,0.09409504996842516,0.5158105004812056,0.4185889753636193,-0.28175267731527354,0.470512570674143,0.3115234543680577,-0.13295034234798353,-0.08547418989377886,0.2189583859712827,-0.19735564276559311,0.05408068749300291,0.14085595255459135,0.5736853916676093,0.4001269236290681,0.6735320824286409,-0.0741909518240606,-0.0003016487712653602,0.31035255354240987,0.010194636700869572,0.47119412995626964,0.5554884098864791,-0.09498047243086531,0.36159083286435423,0.4243029257517267,0.01798582668204056,0.020026687791205363,0.2699429942086134,0.3596603475992929,0.43148723665676647,0.4230126071480305,0.5140387739727451,0.21024699790970755,0.4850242697968755,0.32630233027826216,0.6086790027465592,-0.023782699037388954,0.5325240959516919,0.5174356997703954
Cingulate_Mid_R,0.035869908357563374,-0.16750519297898364,-0.23373497964506706,-0.0697628514632788,-0.10946716856322047,-0.0381645673086098,0.20944763486470408,-0.06668881789920995,0.3986201107698038,1.0,0.19595305228083246,0.4626051763618001,0.4150961045757875,-0.05279453817392203,0.07320317605862305,0.1457853122907711,0.4861636023837816,0.041230958426229876,0.4007934161258113,0.4263584763598091,0.3042122773203482,-0.19086852171316185,0.2588127410743889,0.2863668017640113,0.2104896822219271,-0.09764580160561917,-0.015953517471002106,0.06404393304301716,0.18171638046087024,0.19069844636976999,-0.214671037698744,-0.02911253447568219,0.1802742941521187,0.21192526842484213,0.4079055951752359,0.25768780196874547,-0.01532928295844544,0.20576289499036707,-0.0877000739706453,-0.10426847618015558,0.3532960589132595,0.5050046688396008,0.2190595223238797,0.007128832725052458,0.08005029915044548,-0.07694193285041444,0.40955091218354267,0.2703352857006057,0.15392025221937125,0.1763686530728764,0.3745801535665093,0.22844025897472559,0.17401687259785242,0.12630149730178591,0.1839066944425264,0.101572655599902,0.08048385274841321,0.2255369873657051,0.26506543778641495,-0.029067911020076758,-0.08709181201852471,0.030948632846647537,0.14046052957326377,0.18579393065407454,0.05506812923271604,-0.11576893371695869,0.34239801082526244,-0.0076941581372660115,-0.013480642916316938,0.011081974275419293,0.2002251196272795,0.0009623170695361604,0.03314578372520631,0.09192259107103973,-0.03418948894070897,0.3966107274927561,0.3819756181101112,-0.09559675300048956,-0.0035809520069318623,-0.014883626835197514,0.12402830697926827,0.2725757002295721,0.3349435288688707,0.03129414670857039,0.23204554631220775,0.061432751649613086,0.1882336216736566,0.03357882256661929,-0.019260482186556835,0.15474907761875473,0.1815785331576627,-0.23096077767437392,0.17115639366184118,0.191851931274297,0.07192207809386865,0.4959378643019832,0.48180642002554763,0.180481151522674,-0.16157533852693964,0.19821120282652502
Hippocampus_R,0.35157496740000327,0.323000483711713,0.22276664436492252,0.032873253073122374,0.7492350047479739,-0.4509497037008789,-0.40242289267550374,0.31939115821860187,0.5515352322216991,0.19595305228083246,1.0,-0.20432825615080766,0.2839459114551354,-0.08689922435469538,0.6919208634859682,-0.16343331332632227,0.7255240577235718,0.6425792270695229,0.720347389159722,0.7125343895629533,-0.15092403793908463,0.04564297910665498,-0.36540742163455775,0.6787652485033797,0.8078487240340095,-0.37674399813967635,-0.4910269689825301,-0.3176314160395404,-0.1801224976693109,-0.32203114112605113,-0.40951789553343415,-0.11815142060196705,-0.10230658953435391,0.5014803470298161,0.7166004173463892,0.46466800293144356,-0.4141078858985941,0.12333994556995823,-0.4707202221352055,0.11872952243625182,0.5925143616957385,0.3634930880335044,0.5766005126324136,-0.45490175695319673,-0.39066382529657356,-0.5043182742057273,0.7924432311137634,-0.45242959869102123,-0.35372968995124837,-0.509947029043352,0.0027342616088204454,0.7768810935983774,0.2356027640680866,-0.46579798728881305,0.7997510703485757,-0.4821343788050386,0.7207840338261753,0.3071976684976873,-0.10533636751183233,-0.457058849479738,-0.0990181588125675,-0.43804286473581316,-0.22282970360754237,0.8309622692301466,0.7936031684019242,-0.6212314039710204,0.8141284240001079,0.5066955533424631,-0.4627392175614131,-0.34907175731428014,-0.08194718211084291,-0.5809969201001209,0.43432007645634085,0.44906953549413436,0.3432358427361771,0.703449317830476,0.3732384926859835,-0.23287816565620847,-0.3544190436752298,0.8027350120867689,-0.4274184551772724,0.7119854456269217,0.31310521866554747,-0.4692147876163006,0.7253293953718538,0.6078703240941399,0.2365616546338486,-0.1363707841636527,0.5145882977493149,0.5668348085083321,0.5934620549763162,0.6365945831712155,0.874528272437559,0.2759406160483054,0.7203405712849197,0.43649788921820654,0.7939380900878319,0.03608745764684238,0.44381058583547356,0.6683854239643374
Precentral_R,-0.11814914306885943,0.07870920140659426,-0.6883188779226815,-0.44377609224516257,-0.25211775409096865,0.1355478075203347,0.059003925641173835,-0.49865209938515265,0.04827345039011548,0.4626051763618001,-0.20432825615080766,1.0,0.31786223803959224,-0.5760259138982012,-0.151235676993209,0.6551838906112023,0.2812052114825686,-0.18270620053708395,0.11856119498153922,0.026093117491551143,0.14746341656237197,-0.14239664768525626,0.4396633942724694,0.2782959108763604,-0.20878152162220312,-0.34982202286548314,0.14084759028914637,0.3861112286163322,0.15243426028586213,0.5473694131134605,-0.3822890285798523,-0.6195497181691441,0.21356353964900748,0.24910708525258496,-0.12646609884428955,0.32606857358153246,-0.18014392888920833,0.3000618150818392,0.006389952962679894,-0.21272815943994824,-0.19040204855129553,0.28725741393911014,-0.0720194573418141,0.6914360102763302,0.057816314128780626,0.2072968695914072,0.19959129068160283,0.7636014372916404,-0.2662486193536739,-0.06736964938667915,0.26840251773470136,-0.15851778987779352,0.2599974654247334,-0.03447105599262402,-0.09657377917060121,-0.09571267278565448,-0.042955930446570444,0.1801180035592729,0.008078029387077867,-0.43516499365431394,-0.5635095371490754,-0.3588350401100627,0.5821658003119384,-0.12037077508694213,-0.1515274037766387,0.11321648246828109,0.11860110626757205,-0.5120485108141204,-0.38068957146823174,-0.3312207323824983,0.43501535459882335,0.24927024659375682,0.0809392215121335,-0.03202747599573302,0.25712745812172844,0.2790813260168684,0.2881073240311581,-0.4525801508318493,-0.27089194106682524,-0.20724715991820616,-0.10738609271630614,-0.3690054427696848,0.5861840720106745,-0.15023353241548332,-0.27445923826536106,-0.11734709332131998,-0.1298605120936636,0.6411078488531559,0.32049381038631913,0.10543604744079076,-0.10095687401308415,-0.04801793553264298,-0.12897175999675256,0.22534742034420266,-0.21629877898280656,-0.1358997409260414,0.043986188672486846,0.25988687929537607,-0.24212249349776954,-0.13356270099262402
Thal_LGN_L,0.1063726597082002,-0.020408538952840283,-0.21346690566975043,-0.12181535945977381,0.19762321701852784,-0.006014130180336957,0.05594542567116157,-0.1927114779741017,-0.022025587292327883,0.4150961045757875,0.2839459114551354,0.31786223803959224,1.0,-0.2000161649309164,0.20920036496208042,0.09678241876124322,0.5513810624487909,0.32951168380891305,0.41741190939057693,0.2700277714934402,0.12072792803639121,-0.010992960807867503,-0.1386519907126161,0.28984019370318775,0.21767023878227357,-0.3146268438669218,-0.04736999821001414,0.19068300819285516,0.17273841937761858,0.25358503124744053,-0.4840732563761047,-0.2664010347283681,-0.13980908966885483,0.41016519605099344,0.36703563007583934,0.3352116340511513,-0.3678061458294384,0.0821736148074569,-0.3405146726027617,0.035206843501250654,0.30716017642184823,0.63331945304078,0.2584031452545405,0.1597015695027121,-0.08704987682851224,-0.07182942790389776,0.4894159958175384,0.11430152328148978,-0.19475343775711584,-0.11290485508825648,0.18406507459725363,0.3117469094867224,0.16401900003780145,-0.11310405769240468,0.10016229792723855,-0.3212008223458067,0.18545526618264016,-0.022673134016949304,0.028704426416954004,-0.27996616579915345,-0.3142175743564666,-0.3151349566020479,0.20191343603948816,0.18488064429238418,0.1871822053331807,-0.144985019809611,0.3450018166454672,-0.0075472555499328286,-0.2648868528565089,-0.30194236022740756,0.002306005597636266,-0.04641130154976089,0.30789698350469136,0.41029051436405084,0.04969327813916942,0.4602273033002296,0.21814807162428845,-0.20789530147870036,-0.3553821819240417,0.23850136588050322,-0.2147216287759629,0.20337148561475848,0.2623728505642512,-0.22969897700731465,0.216864843856307,0.0872893863209785,0.18937972199830233,0.030232166240321358,0.2536091085893381,0.312779669667809,0.05575720785082941,0.04836611612342743,0.209016487680914,0.3725416628986947,0.07488477659895976,0.2807953208286611,0.34151022892810046,0.2805726651806374,-0.09129169675934772,0.1322203720650536
Temporal_Inf_R,-0.06244163873821685,-0.06564255014305939,0.686009635212447,0.6487177052618847,-0.11362022774920627,0.47662049494347086,0.5799996708430514,0.4792019288552603,-0.03151670615771343,-0.05279453817392203,-0.08689922435469538,-0.5760259138982012,-0.2000161649309164,1.0,-0.20331105752508438,-0.6278632107347116,-0.3952949463670464,-0.20197649308131227,-0.3473449855076561,-0.009495000555173666,0.25638352431988315,0.02661082642488457,-0.12462032145603569,-0.37220874494759787,0.042532470453869174,0.6800345180149341,0.4642574099805515,0.08792844692685621,0.35656324011615576,-0.023640084212815344,0.6724486995667236,0.914820767811488,-0.28692448618987637,-0.4407959116210931,0.10205483042836276,-0.48190526725974675,0.5696976976522199,-0.2956213282452322,0.2203496131259951,0.15491313599912665,0.2285892899177358,-0.1443052184035739,0.1306872006736513,-0.26508698589109075,0.4308708581008431,0.39213406426332886,-0.34973431945871997,-0.11613475545608518,0.8035670505015563,0.6810720691542652,0.2659079576159909,-0.06808950256971227,-0.3403215222931881,0.6809015689053841,-0.21012097448843173,0.5114372783535641,-0.39145928259302437,-0.1409498085180767,0.2960031636367203,0.8589464434609632,0.8276738937864381,0.7469191352977053,-0.12422557137592129,-0.3214148033879026,-0.3448497923052173,0.48709019514465496,-0.4178002164098635,0.5715128236786309,0.8001834578384975,0.6168553446077775,-0.321815381449114,0.2839643586046859,-0.32726672054269657,0.10318492099867102,-0.2748324779590707,-0.6036221260501793,0.0046782731835407045,0.9052422287381556,0.585208978189508,-0.22588648767723224,0.47246838112246947,0.3000352831386244,-0.3722963913791815,0.5289942001561537,0.03205519409870895,-0.07278270513481978,0.039152277882681066,-0.5255853230694847,-0.7467063503800595,-0.2407128226637985,-0.32585249233346564,-0.34520333206266496,-0.34641049736478896,-0.20330408904810313,-0.1359509401012413,0.34130553324919916,-0.2601201295650415,0.05403021333431487,0.1532168344168274,-0.15714409482011255
N_Acc_L,0.6706356447330426,0.19958363346496658,0.12028080624431277,-0.08005278271092518,0.6558337542641626,-0.5356211773391193,-0.43969892630525,0.17578048692815773,0.3513414565489924,0.07320317605862305,0.6919208634859682,-0.151235676993209,0.20920036496208042,-0.20331105752508438,1.0,-0.16373418378854554,0.509098467124259,0.8552872030778946,0.6735937616289428,0.5288514119059939,-0.2505406876968927,0.19719017835219793,-0.22830827558337963,0.6416566437427361,0.5874293686850499,-0.30870624437460525,-0.5617138136512324,-0.37903717106972873,-0.3386858062288743,-0.3798693940658462,-0.48944669128471235,-0.20394504717241485,-0.023594089262017275,0.44156593782018,0.47764823275028573,0.39049595005592297,-0.3649559341758597,0.01841126171239346,-0.2883658542853101,0.14968293916771674,0.3538504794850375,0.3490963557659911,0.3176595361970711,-0.45535572755011855,-0.49671116254308273,-0.5880823001141062,0.6841959948174365,-0.47756329226165045,-0.33257563472410834,-0.5178705711068978,-0.20139988927806768,0.7063305690194506,0.25886183664424967,-0.515568536511297,0.5722421694732986,-0.3445275804084889,0.7401403558304025,0.1285577464219807,-0.2060682261153982,-0.38541590628785116,-0.17105842867432836,-0.38043693500986303,-0.35779766716621453,0.8040634180311628,0.8187752884440225,-0.6543793820463317,0.7308476111720262,0.22095290085151179,-0.3840943389064461,-0.3100686718323936,0.042266635481259064,-0.6123608565406857,0.5905423035073297,0.3349471727133465,0.31686321125065386,0.6030558510654936,0.1810584447835154,-0.3732544046555187,-0.3196405693606185,0.7949468707298144,-0.347921230389249,0.4753645899699827,0.2047707751629708,-0.3600268350131088,0.6655503230444942,0.48742318477914476,0.6092014385138205,-0.21773641476730135,0.6565262125711319,0.4750125202555309,0.5669795450352352,0.6468631819673173,0.7575253521245449,0.14826473873704704,0.5985077120327412,0.20952656403515482,0.7121612599515124,-0.07812959630486462,0.22476720513265855,0.6159074336223102
Frontal_Med_Orb_L,-0.31614537247693586,0.03264053524897881,-0.6180830722959202,-0.40332497072463824,-0.25673196377055485,-0.10774573350701858,-0.15238003455327215,-0.26131404096044164,-0.06061799408903271,0.1457853122907711,-0.16343331332632227,0.6551838906112023,0.09678241876124322,-0.6278632107347116,-0.16373418378854554,1.0,0.15751379657253442,-0.15324856763116348,-0.005838623548053961,-0.04291150659724676,-0.22620219683209675,-0.18003964997062108,0.2889708833943656,0.23542236416447526,-0.20794056962827365,-0.501546082629328,-0.03214367151515227,0.04458009418321802,-0.2378016940274362,0.08408451156803733,-0.18583326521579602,-0.535584432374217,0.2769474688111917,0.3020627017297166,-0.10867539842297316,0.21384278097446813,-0.0042895254593068085,0.18306259751656506,0.0803196993898219,-0.16035986074751224,-0.11270857659328097,0.1489992950413198,-0.051793104035683914,0.38980021644976875,-0.010847957666740989,0.05593147135501584,0.0826422765063063,0.4612887908017877,-0.31648171634856487,-0.23696898212982187,-0.12664268508428927,-0.11686722218432759,0.3925519490738778,-0.23741216512710928,0.020184925173383717,0.01464275966017397,0.11367741743705727,0.12977832830769695,-0.005478366893618392,-0.5434903225097364,-0.3705397244648677,-0.35777371686658127,0.24786481237711733,-0.10945712410100258,-0.15152715671727823,-0.028075902882108206,0.039596192764693144,-0.3819529227020494,-0.43272237491654003,-0.1169149169303739,0.5778962540825,0.012131795712425009,0.13410140011563917,-0.04870237997140989,0.21649694088893184,0.26609628604118135,0.055173851162556596,-0.4698741650208764,-0.08968794355201515,-0.1968969290046801,-0.008391303043669876,-0.3160622397256079,0.3661460249815366,-0.2745496595859375,-0.3190388687187479,-0.09368567121545152,-0.20441696690989572,0.7426289077789229,0.30928325294628234,0.22629438279127168,0.09827565839239193,-0.001371428327743049,0.006528087456157966,0.16174409380339694,-0.1642541683552264,-0.4618425542288692,-0.06222971442824551,0.19437841453695168,-0.07510146216022892,-0.20353158018903136
Vermis_4_5,0.21026972060165716,0.2291823433721893,-0.11586488742333129,-0.1756909814196906,0.45221831065280194,-0.36577345255072385,-0.24598025929750217,-0.024652341142892803,0.4813369839668147,0.4861636023837816,0.7255240577235718,0.2812052114825686,0.5513810624487909,-0.3952949463670464,0.509098467124259,0.15751379657253442,1.0,0.5068415346694519,0.731789081585282,0.674246150239763,0.007754106318233812,-0.07963356751797117,-0.14299230573418964,0.6578164575334599,0.586259628252196,-0.5184397723643054,-0.38419883934470944,-0.08987819562769536,-0.09821498486640377,-0.05875546166958265,-0.5788695665830457,-0.40289521045683574,-0.009838576338940102,0.5419609706047823,0.7717361173510661,0.6281810376484568,-0.5073397374708953,0.28298234863744504,-0.37656375217999954,0.05302593604712388,0.6274430640203184,0.6061677433469053,0.43591168437319955,-0.13661737693085174,-0.3374836391769578,-0.4101959855007492,0.8065367800446526,-0.08140411501734308,-0.40051973497775367,-0.3878447437810824,0.12801850351063648,0.6215842865355922,0.33549290650824226,-0.39112156838098194,0.6628663897673951,-0.4819465721768715,0.606006660907023,0.3199835672999898,0.03476898623752323,-0.5917097750518054,-0.4037311553206943,-0.5484269463140462,0.03360721867789066,0.66413516323525,0.612040320507934,-0.5497935202924221,0.7846504301932218,0.17119802443101229,-0.5646431673809158,-0.46421059610852866,0.1612531150814159,-0.42887413874517155,0.39656340171542515,0.39961284952292525,0.38573542296023894,0.852331381443628,0.4578901287916242,-0.4448752805983812,-0.4621699768352273,0.5661247800802788,-0.33754304172254024,0.532871811033948,0.5650575682836982,-0.4273281170071667,0.5264214807358276,0.4374081577731257,0.1961973429852371,0.10280181107059351,0.5684642873593794,0.5928268268549367,0.48087892725156295,0.4233205089483064,0.6957063607160385,0.3827721586254029,0.5009960640906823,0.42750898833891593,0.7924788262286631,0.21259298111729164,0.1907709148584094,0.5609116825949516
Olfactory_R,0.6489888878781496,0.07505988592030455,0.08390756655957525,-0.04145243454628639,0.736580423234301,-0.5055496917650686,-0.3606665098608042,0.04676594467266487,0.1554254298934704,0.041230958426229876,0.6425792270695229,-0.18270620053708395,0.32951168380891305,-0.20197649308131227,0.8552872030778946,-0.15324856763116348,0.5068415346694519,1.0,0.5761731534814163,0.515026655135621,-0.2929775652936337,0.16188565872394092,-0.46148968617735464,0.47336310777278173,0.5856294315231041,-0.373466752254023,-0.5401155666374965,-0.3533709476179156,-0.3147999819370866,-0.3714863359004598,-0.49861115921239213,-0.21300651109178262,-0.06492696511909245,0.4655865648613003,0.4477630716662892,0.2188196028057497,-0.410107041039556,-0.09336485593161789,-0.32730820515540715,0.20276572504771312,0.32850102035439455,0.4940240086173587,0.36163178872185814,-0.43478424740471283,-0.5363515389512445,-0.5601684627257553,0.6821225626268372,-0.4812129138672803,-0.3630793996743526,-0.5625453220666835,-0.2702049959131307,0.761371626230322,0.2226758435928903,-0.52764863869125,0.4864788326605217,-0.40624490092791243,0.7453701868929133,-0.12282138621487525,-0.1828846434524702,-0.3837777920303799,-0.21545194785554192,-0.42589817035112776,-0.3781576300621438,0.7194901569189865,0.7474048483862484,-0.6177684242749961,0.6863361844853964,0.29140355045858335,-0.43331187326100656,-0.33617803084044046,-0.07571665950584965,-0.605926290361065,0.6447594950067291,0.29876927141623527,0.15965154037006016,0.5755418827711719,0.04419437012120431,-0.33523860225108465,-0.3798826517829924,0.7772265631965514,-0.403227776755776,0.44439864111500227,0.08715090818876971,-0.4691688714075609,0.6866631916973012,0.4464564541875642,0.747751825853052,-0.24477197152575805,0.6200082525457788,0.4342203081609678,0.47577125100307305,0.5063902064298551,0.6699306669306988,0.1515928484724784,0.49624012649091986,0.20455652459045814,0.6237422217924644,0.01732304824794186,0.11158507502228616,0.46640349419475335
Thal_LP_L,0.33350911059882865,0.12998796499951373,-0.051622525236544876,-0.2840284141912096,0.507873859557211,-0.5200240915572963,-0.45661576247441465,0.12444623852562728,0.4838833501656366,0.4007934161258113,0.720347389159722,0.11856119498153922,0.41741190939057693,-0.3473449855076561,0.6735937616289428,-0.005838623548053961,0.731789081585282,0.5761731534814163,1.0,0.5744589485490398,-0.16093873923510096,0.054734234866537695,-0.1658758631670134,0.5701946371844182,0.5693805019729022,-0.4121584092745867,-0.6030219471811142,-0.30019800907526817,-0.2724289377484338,-0.2045806681065114,-0.64030198052053,-0.356424861987875,0.08181880108738324,0.40304266176584097,0.5494283162276297,0.5545585465263321,-0.49725579257300656,0.23059454964702475,-0.3483176407016518,0.007903963016868992,0.43429218064777914,0.40403945960174625,0.2765917360003551,-0.320668795628152,-0.5173985490782949,-0.616059069027299,0.6906767098703323,-0.30903233788024753,-0.4134752223125137,-0.483103258786765,-0.07066528775210368,0.5732561533360788,0.16560536845439328,-0.5157631228391059,0.576181239932039,-0.44628902551347355,0.608740081267808,0.24608604220427072,-0.19725315270200947,-0.5154359925351722,-0.36122016627698955,-0.4723428881170633,-0.19157764868524013,0.7847926609144823,0.7758580369231807,-0.699740592860199,0.7805281441891794,0.09396732787106452,-0.4991272423236775,-0.4622112866594086,0.033482565614937544,-0.5688267730465808,0.36109146918747004,0.2574362585620428,0.23158837928998868,0.7670031368423408,0.2452091485929786,-0.4853562015742515,-0.4589264670355069,0.684984888948899,-0.42387997272071654,0.471610132747893,0.36891631074853354,-0.3788695565229753,0.6409120136928652,0.39474186060053906,0.2433538549639713,-0.026748722585833842,0.5877445846448677,0.4036784521248456,0.4717491141104033,0.5050403828246555,0.7944907565345454,0.23114918583795815,0.6490452105616045,0.31054888888581966,0.7992976981177335,-0.11411503011182222,0.13752149418950527,0.726591166107576
