,Cerebellum_6_R,Occipital_Sup_R,Thal_MDm_R,Olfactory_R,Vermis_3,Postcentral_L,ACC_sub_R,Vermis_6,Red_N_L,Thal_PuM_L,SN_pc_R,Frontal_Sup_Medial_L,Frontal_Sup_2_L,Thal_LP_R,Thal_PuL_L,Vermis_7,Putamen_L,OFClat_R,Lingual_L,Cuneus_R,SN_pr_R,N_Acc_R,Caudate_R,ACC_sup_R,ParaHippocampal_R,Cerebellum_8_L,SN_pr_L,Occipital_Sup_L,Vermis_4_5,Cingulate_Mid_L,Precentral_L,Cerebellum_4_5_R,Parietal_Sup_L,Precuneus_L,ParaHippocampal_L,Frontal_Mid_2_R,OFCant_R,Angular_L,Thal_PuI_L,Cerebellum_6_L,Precentral_R,Temporal_Inf_L,Rolandic_Oper_R,Temporal_Sup_R,Occipital_Inf_L,Temporal_Pole_Sup_L,Cerebellum_10_R,Supp_Motor_Area_L,Occipital_Inf_R,Paracentral_Lobule_R,OFCpost_R,Temporal_Mid_L,Thal_AV_R,OFCant_L,Rectus_L,Hippocampus_L,Cerebellum_Crus2_R,Olfactory_L,ACC_sub_L,Cerebellum_10_L
Cerebellum_6_R,1.0,0.30292863901097145,-0.3958315998601363,-0.21300651109178262,0.6079523362777137,0.1628702085823883,0.013603645917157042,0.6797884031323768,-0.5549839627144827,0.662143763913419,0.4121614985500425,-0.09794397212847346,-0.2879755841115205,-0.042627514509495534,-0.19797749689735364,0.7736734518758975,-0.18932073949010095,0.14311171349136131,0.7454847265784034,0.3854004599017699,-0.43805139946577015,-0.08035785342214456,-0.19749434311225791,0.18873456076954795,-0.14021689095068351,0.7150715136134528,-0.2515793887902495,0.34794755120489895,-0.40289521045683574,0.006550704919415217,0.13167155807834682,0.3304787726113021,-0.13491862418844944,-0.08628190779370128,-0.36338049154190966,-0.36278854257604776,-0.3666642617857657,0.14952935126538888,0.13366139129019894,0.865885399996636,-0.6195497181691441,-0.16986721702432073,0.006422907830629156,0.5917100078772988,0.571132280937979,0.017427571980553638,0.8753119284544222,-0.08090190954943516,0.8762025070904015,-0.5794665206811088,-0.18605426651178128,0.13430094679368473,-0.16179989405648676,-0.607938727350267,0.18601595382631203,-0.002951502205657638,0.8428878200852314,0.07183496780306338,-0.2703741718411436,0.3093075428859644
Occipital_Sup_R,0.30292863901097145,1.0,-0.460951138020613,-0.5601684627257553,0.7026991929736639,0.7206771600007151,-0.1028565525059109,0.45088841932967005,-0.4671454465830295,0.7963542404659802,0.5659740018325083,0.15163893573728462,0.26988452898978776,-0.2791220036838831,-0.548016862329307,0.3548119599377626,-0.1678949228886689,-0.0923051258430266,0.5650723932521703,0.9739435261447354,-0.28322095898925803,-0.38649415058753994,-0.3850254091120108,0.02100552880867946,-0.3140567395510265,0.5075997961934624,-0.1266504262688841,0.9470471119811563,-0.4101959855007492,-0.19512807174375565,0.630212881267355,-0.17879458855560149,0.7929532290729999,0.7810757391836868,-0.24550408392111725,-0.6571710412532913,-0.13999293003786484,0.9013046687171775,-0.1224369132597553,0.5305650937260705,0.2072968695914072,0.144790736620233,-0.22209162579166672,0.014965181578800557,0.7497520513360777,0.25251587166805206,0.47602866889183837,0.21380065342993382,0.46351868343357333,0.2822679553659989,-0.4428694556154744,0.6042021016704702,-0.5572421105231403,-0.4159563216186098,0.05427915851344998,0.05963778631068111,0.33899511484142414,-0.2798703568587284,-0.33799411006078545,-0.24204960164540343
Thal_MDm_R,-0.3958315998601363,-0.460951138020613,1.0,0.6821225626268372,-0.5758436124018252,-0.10157573044208566,0.03652715177802241,-0.46428828191425786,0.584968070574543,-0.49016663250561865,-0.3215233583533585,0.18263067032110758,0.29751501672863157,0.5809123782588959,0.5462643274187378,-0.45790988847812064,0.6113862636682195,-0.01857245081032034,-0.3838914827080439,-0.4442749217005411,0.6908755966305924,0.6430681740653623,0.5761340602951468,0.1386189525740514,0.8237548812521768,-0.5015855372621071,0.46230634160195266,-0.4477510106569666,0.8065367800446526,0.4935520165702578,0.08215957473125864,0.443142349530941,-0.2621159567492113,-0.1434042330267732,0.7551226277362746,0.6959300013575236,0.2692981590153237,-0.4872073815903213,0.5804359381740695,-0.457047997060568,0.19959129068160283,0.10939238540270108,0.6748436380001592,0.1789266699765687,-0.6506220575970821,-0.19543156818006452,-0.6145517982409899,0.5004677706376762,-0.5845931459775175,0.21433494360705993,0.6370062437608868,-0.18312729836195565,0.5176970466322275,0.6369819381733004,-0.09725126931127986,0.49483835109773067,-0.5817282010354966,0.39949948476642244,0.5595282803735852,0.5138742234982022
Olfactory_R,-0.21300651109178262,-0.5601684627257553,0.6821225626268372,1.0,-0.6295688050651765,-0.3147999819370866,0.16188565872394092,-0.403227776755776,0.2188196028057497,-0.524645765960451,-0.5363515389512445,0.07505988592030455,0.01984122273867409,0.4464564541875642,0.47577125100307305,-0.3798826517829924,0.4940240086173587,0.20276572504771312,-0.29545475377563746,-0.5401155666374965,0.4655865648613003,0.8693544909557287,0.7109511640108858,0.11158507502228616,0.532236621586507,-0.410107041039556,0.1515928484724784,-0.5055496917650686,0.5068415346694519,0.1554254298934704,-0.2702049959131307,0.32850102035439455,-0.4193796235833019,-0.3533709476179156,0.47336310777278173,0.4586765269646544,0.27464227444399086,-0.605926290361065,0.36163178872185814,-0.3630793996743526,-0.18270620053708395,-0.07571665950584965,0.515026655135621,0.29140355045858335,-0.6115450744396687,-0.030335816907633362,-0.43331187326100656,0.04419437012120431,-0.3837777920303799,-0.0771087539519983,0.736580423234301,-0.3299582272758241,0.46640349419475335,0.6561704244291039,-0.044717901932562754,0.05319834981343167,-0.42589817035112776,0.747751825853052,0.6447594950067291,0.44439864111500227
Vermis_3,0.6079523362777137,0.7026991929736639,-0.5758436124018252,-0.6295688050651765,1.0,0.3632301188348278,-0.1399447198595063,0.7947023804685884,-0.4895265578179753,0.8218816054479099,0.716333333900617,-0.006441797549191954,-0.020170896663526228,-0.28708898184158893,-0.5024029941121926,0.7484096033899348,-0.20990414745879954,-0.01111610771991323,0.7815013827539391,0.7382979031064024,-0.41308791669183553,-0.46404886538610446,-0.448759730080338,0.040455427818034004,-0.42962070019689585,0.7731452801135889,-0.11846414001651417,0.6652520493099563,-0.42376160093287996,-0.08622034061636558,0.3513316718295632,0.057682126625042844,0.311526352188318,0.3472869894197272,-0.3650176811888622,-0.4933803174775168,-0.3660948312569595,0.6253788268912582,-0.05148737222911524,0.8074456626527838,0.017948463179827033,0.24927006637361085,-0.21884578896030935,0.10349370429345126,0.8959562583361411,0.3533988608107364,0.7344302939512103,0.052280949720848596,0.7137223349629791,-0.12541670583755515,-0.6281609833918734,0.6329095734965584,-0.5690449583946254,-0.6022912469239398,0.2091989253043975,0.15863730850002009,0.7173377643433556,-0.19544257250409502,-0.3980326688605704,-0.17050136754730705
Postcentral_L,0.1628702085823883,0.7206771600007151,-0.10157573044208566,-0.3147999819370866,0.3632301188348278,1.0,-0.023681408796846746,0.04922197723012315,-0.22920566283219598,0.4899263633601166,0.356395243473964,0.09889599828515623,0.2973538214823815,-0.11455380484429206,-0.4212963848540298,-0.08553069164315807,0.04889442807556276,0.0400579416602993,0.3239006991816436,0.7418017989985908,-0.19993791020720064,-0.22452800849884152,-0.2252021703128675,-0.06959935070574017,-0.0033075845677466315,0.028899574188523038,-0.045601615959947744,0.7878983795460399,-0.09821498486640377,0.004842756871100023,0.8765612950388719,-0.13057884515918286,0.8328025926149634,0.8470759740037839,-0.12695290706860438,-0.4278979728826887,-0.034396816476382486,0.7983137870091576,-0.008329051168961963,0.30123574570081296,0.15243426028586213,-0.25773090835070717,-0.01409239486854675,0.03570439351662286,0.3276180147633516,-0.10587540173837459,0.2942542215104048,0.4094717572692965,0.35643212696294524,0.5815308157584731,-0.13806966181303953,0.26938694009690956,-0.20488021918854132,-0.28145169632744854,-0.0334422714483056,0.12334574650410497,0.14691401420046343,-0.09613257530926765,-0.23389096389458128,0.029653719162132587
ACC_sub_R,0.013603645917157042,-0.1028565525059109,0.03652715177802241,0.16188565872394092,-0.1399447198595063,-0.023681408796846746,1.0,-0.0699177474539925,-0.0962660813411439,-0.03308243409207146,-0.2278917641256486,0.10384493528086257,-0.0004263114289943557,0.01577737785479259,0.019362571571290847,-0.07624458726441832,-0.06777597961189658,0.028707769974189588,-0.07856617725368326,-0.09550741922345603,-0.14851332398639638,0.18390090691842081,0.09371112608118508,0.07529176317939407,0.012140273952214902,-0.10219743549851731,-0.27684581949585474,-0.06982180876330178,-0.07963356751797117,-0.058558961987430304,-0.05380394662196675,-0.12132474240522387,-0.029763119602171543,-0.0520726745091307,-0.03375064219006241,-0.029921030134964433,0.0621249525723912,-0.09442786197450535,0.020221168083621857,-0.04370863948722819,-0.14239664768525626,-0.13287496669719956,-0.05522081147929598,0.036512580466407665,-0.09286227189453693,0.021093019250134123,0.030630894517827235,-0.05508486503042517,0.01238584824201578,0.01848734827034515,0.17715788100564467,-0.15373299681213812,0.030850357249575775,0.12958203014958816,-0.141374484777129,-0.15958348705088637,-0.019313315840728547,0.14385275555169183,0.3874520255540174,0.07425250473389504
Vermis_6,0.6797884031323768,0.45088841932967005,-0.46428828191425786,-0.403227776755776,0.7947023804685884,0.04922197723012315,-0.0699177474539925,1.0,-0.49214107361703263,0.6199807021951018,0.4396336452918868,-0.00893148814406481,-0.16914978988569215,-0.16678559455456418,-0.16390960801179474,0.8897438072830669,-0.13746817986717888,-0.06003340773348688,0.7102740556288829,0.5328790931867755,-0.30153751705966925,-0.30854252262901083,-0.25412824881477786,0.11581847423392613,-0.43235460211132054,0.8250273390033048,-0.20210408186380138,0.3855859446242735,-0.33754304172254024,0.010194636700869572,0.10752811973879052,0.2879041478560749,-0.08758858849060196,0.09297536758303275,-0.2567099184151847,-0.24801724728368046,-0.3967116040959305,0.3005870439047477,-0.07883874520216215,0.7892265074863161,-0.10738609271630614,0.41619895157901027,-0.012399813654867543,0.23936013851518628,0.7763069995800678,0.33019212474525256,0.7542331495949881,-0.021004133574163815,0.6513894884319067,-0.36445413049580044,-0.5490482866450579,0.6206619737802269,-0.3271955008517693,-0.4397415041579035,0.23895174809950903,0.044673765849293834,0.7440350359601555,-0.004815750947270368,-0.2201089401232599,-0.034999610020742054
Red_N_L,-0.5549839627144827,-0.4671454465830295,0.584968070574543,0.2188196028057497,-0.4895265578179753,-0.22920566283219598,-0.0962660813411439,-0.49214107361703263,1.0,-0.5542798552989685,-0.23665683553518502,0.12834231922890363,0.2731533338988223,0.2274708766209008,0.3090572091679961,-0.47955153457634003,0.3827065042664697,-0.14772638122459347,-0.4496235462738856,-0.4626917339706207,0.43480784434131436,0.08692457813764964,0.2780160953304067,0.04325254396204827,0.48952948810550667,-0.5396534845703755,0.4721954652865577,-0.4217663086676682,0.6281810376484568,0.2942613516879415,-0.047662614990983204,0.21517518420000536,-0.192265363250233,-0.137716337920529,0.5113614094433392,0.5430750200356723,0.21264342675284462,-0.37265510751318726,0.20139100380453087,-0.5448589246018739,0.32606857358153246,0.15862036791483947,0.22149069434474228,-0.23322677358061902,-0.5567504407544772,-0.1415663637296863,-0.5913891743044465,0.3460120355386547,-0.6120044933725128,0.2413473594931524,0.24906317407226364,-0.17215915878990187,0.4443981648680653,0.41473417078593544,0.017733213999026335,0.4335908886127517,-0.5513869863465366,-0.10436686574147361,0.10526595567344493,0.1246383297062193
Thal_PuM_L,0.662143763913419,0.7963542404659802,-0.49016663250561865,-0.524645765960451,0.8218816054479099,0.4899263633601166,-0.03308243409207146,0.6199807021951018,-0.5542798552989685,1.0,0.6696869996041521,0.13455744044203188,0.16694700078182526,-0.19842243558027725,-0.41340217777141813,0.6317187983774472,-0.163989422135129,0.039720005642696087,0.7770294755768304,0.7957867002442188,-0.3560758062595648,-0.3017149937588117,-0.3459897870944003,0.24010384557912917,-0.2710915291357294,0.7263016160666265,-0.14623518138395547,0.7757375260717689,-0.4239262567306501,-0.08585600284641687,0.4745959194032374,0.09527558218975049,0.428682341664454,0.40965929468210205,-0.3299556504493511,-0.5921331739865148,-0.30691016872493526,0.6464865629002309,0.11692915804994394,0.7912861830051072,-0.11267893604475662,0.11279032622335289,-0.12229620268896842,0.31690887758222613,0.8061534350628485,0.29693823374828393,0.6958915419031924,0.13596738729277258,0.674763496493512,-0.14655698907507073,-0.4260254866461045,0.5432478166558468,-0.534769410890187,-0.6107616907020147,0.14903122813181016,0.19601624006144774,0.5914112612652406,-0.24430291100179982,-0.3359972254231735,0.03628986984874596
SN_pc_R,0.4121614985500425,0.5659740018325083,-0.3215233583533585,-0.5363515389512445,0.716333333900617,0.356395243473964,-0.2278917641256486,0.4396336452918868,-0.23665683553518502,0.6696869996041521,1.0,0.004796666596103735,0.06005793661020054,-0.23000744340809387,-0.3720660898149949,0.5283529230197722,-0.1516520371055859,-0.05431441826458311,0.5502750001785871,0.5872020613337028,-0.005686454562859382,-0.3088162817579205,-0.4303926476816182,0.03204299399436402,-0.15589955282968965,0.5275100046751446,0.2986124148513375,0.5310128845355248,-0.3374836391769578,0.004414927099283155,0.3424125812666621,-0.008982378318706814,0.3282466954143677,0.2992490371224965,-0.16228561831742974,-0.4064027161858955,-0.24621341301653515,0.5195761351804383,0.1686636879261451,0.5544464747104346,0.057816314128780626,0.11601710992321154,-0.1878349779578477,0.030105560507310457,0.6515445509982932,0.1965074046916594,0.5021470198926867,0.1658194557042208,0.5183761686628232,-0.009705640367163822,-0.45775284362479746,0.406450550661252,-0.5504359727222047,-0.5087560683258049,0.14490486620403586,0.34620484408754526,0.46226289969523165,-0.2566537432115028,-0.45467174378436903,-0.11573435577194734
Frontal_Sup_Medial_L,-0.09794397212847346,0.15163893573728462,0.18263067032110758,0.07505988592030455,-0.006441797549191954,0.09889599828515623,0.10384493528086257,-0.00893148814406481,0.12834231922890363,0.13455744044203188,0.004796666596103735,1.0,0.7252432122328053,0.3324748757903061,0.14192751802524736,-0.07699615278337288,-0.03371061516469529,0.19628010110509178,-0.12175554971291665,0.12141187445388683,0.18719259463504398,0.25812401155582504,0.12190246284302372,0.835266627117464,0.27663106779754926,-0.09387931108956085,0.11734651152356901,0.1401442907633531,0.2291823433721893,0.5234098097884909,0.291508287159627,0.22595633104908658,0.13704495951204784,0.22191636270575038,0.3874724155058676,-0.00398656154932975,0.06897879783497188,0.053515945940637355,0.20897036199808922,-0.121421738100738,0.07870920140659426,0.14670779872705778,0.40245539879116293,0.37587869637521687,-0.09780534801692134,0.18564036799034184,-0.12479698730407905,0.4931434837784742,-0.2003450069631108,-0.017437475978787937,0.31309022527086655,0.09902725284365486,0.20897979594176705,0.27553937855872945,-0.06034655830547851,0.3225828745138679,-0.17029201588376214,-0.10163655609035667,0.1342264216245236,0.12044801650280204
Frontal_Sup_2_L,-0.2879755841115205,0.26988452898978776,0.29751501672863157,0.01984122273867409,-0.020170896663526228,0.2973538214823815,-0.0004263114289943557,-0.16914978988569215,0.2731533338988223,0.16694700078182526,0.06005793661020054,0.7252432122328053,1.0,0.2790695604852008,0.1144851363201915,-0.2322480658669725,0.14060591665764965,0.09309802063448804,-0.09286621110064486,0.2218253978786341,0.2958366760288716,0.13287178486652823,0.14205042757805206,0.5622764089322834,0.30742130998452705,-0.05549000807518404,0.21432026636749835,0.2748979705353352,0.34071508786513444,0.5062570275042078,0.5533897051038316,0.1897671020047926,0.3189154384514597,0.429919092988403,0.4977821333150353,-0.008569521459154465,0.24907261470489242,0.246086918439456,0.20146795956033314,-0.12234047245632246,0.31718767473144,0.37774144081253674,0.3197442609792984,0.05336581718909119,-0.021949915210662273,0.392685999247223,-0.2660339343737211,0.7330610610818644,-0.3423669070050488,0.2979233549552173,0.20736027895495496,0.38244812243827503,0.14117007584405733,0.3044665491457827,-0.04125875524774141,0.4776738235036404,-0.37254675795135095,-0.18658689831741737,0.0653956020814881,0.20176972443237093
Thal_LP_R,-0.042627514509495534,-0.2791220036838831,0.5809123782588959,0.4464564541875642,-0.28708898184158893,-0.11455380484429206,0.01577737785479259,-0.16678559455456418,0.2274708766209008,-0.19842243558027725,-0.23000744340809387,0.3324748757903061,0.2790695604852008,1.0,0.36728882541231805,-0.1308321410356701,0.2425171785409142,0.10398990829036386,-0.17795012519174308,-0.27653920346598965,0.34794251186660785,0.5487469864067664,0.3999857719944212,0.36758185901577917,0.5846866876094754,-0.16372874517292094,0.26036781585285934,-0.2842821392366922,0.4374081577731257,0.4243029257517267,0.050512704555141445,0.3948276074722885,-0.2898393946194896,-0.1771184819124252,0.45898362415773136,0.35333580640973233,0.13033526204268164,-0.3959741612510503,0.4490303798307008,-0.1804164898941538,-0.11734709332131998,0.05944522496903538,0.548403209932343,0.39572978243777535,-0.3735304610837688,-0.0464202594811614,-0.2859291623844916,0.3643253960712901,-0.25873745071982496,-0.13566323745698416,0.5111106910426341,-0.1227971590259608,0.4281835533400991,0.3997998147890185,-0.052917644651539295,0.300789043800735,-0.23745973306994236,0.28586266730415993,0.4397285016723113,0.3871041771128002
Thal_PuL_L,-0.19797749689735364,-0.548016862329307,0.5462643274187378,0.47577125100307305,-0.5024029941121926,-0.4212963848540298,0.019362571571290847,-0.16390960801179474,0.3090572091679961,-0.41340217777141813,-0.3720660898149949,0.14192751802524736,0.1144851363201915,0.36728882541231805,1.0,-0.16794769449471902,0.1581403575467327,0.09577392433193531,-0.4486679284421285,-0.5219667043838453,0.5122292131423658,0.4625465762416819,0.3126788726142705,0.2959968184349964,0.3430038453920764,-0.25387962361150995,0.045487750987269614,-0.5808054882935565,0.48087892725156295,0.43148723665676647,-0.20569509047779613,0.3604995717520092,-0.5875985278083994,-0.46507956350000995,0.49675972480068653,0.5641682219966706,0.1927417647895707,-0.6177481414587911,0.3421495353011523,-0.34469031664537364,-0.10095687401308415,0.18449887406124743,0.4734825362644322,0.16479013183415012,-0.5204780131289032,-0.060066464961252605,-0.3600344749767818,0.1285838065967802,-0.45676773094737655,-0.20963846491849958,0.43350037149091236,-0.18836207504758434,0.4510399326120274,0.44564638934018935,-0.19414940976005418,0.22162922718948752,-0.31715133445250165,0.23144503474411318,0.35575805016355105,0.4441683329005097
Vermis_7,0.7736734518758975,0.3548119599377626,-0.45790988847812064,-0.3798826517829924,0.7484096033899348,-0.08553069164315807,-0.07624458726441832,0.8897438072830669,-0.47955153457634003,0.6317187983774472,0.5283529230197722,-0.07699615278337288,-0.2322480658669725,-0.1308321410356701,-0.16794769449471902,1.0,-0.21432621506857427,-0.08690966697283811,0.7107279323895893,0.422690928510334,-0.2850225820284725,-0.2208906478273913,-0.31725341450828853,0.1364334001517455,-0.30836712637613606,0.8968360409265012,-0.13098257460535573,0.2879161750114473,-0.4621699768352273,-0.0003016487712653602,-0.01725687848544973,0.23369911676101332,-0.2089984102234487,-0.1076187454177538,-0.2579225381129528,-0.2832782164210074,-0.3809918468793822,0.1698509473946094,0.07316252136125106,0.7925798381928311,-0.27089194106682524,0.34203512596631114,-0.10196023277793251,0.28338904531931536,0.7579823062347766,0.29134958653707044,0.7503834986448505,-0.06109209838233576,0.688769602396779,-0.5334151251190993,-0.4482601356838878,0.46598417315515595,-0.3927216982781242,-0.49964970395720715,0.19155745424966591,0.04902205372537874,0.769133038470811,-0.046518203189672196,-0.29086189139732666,-0.0063478841930097495
Putamen_L,-0.18932073949010095,-0.1678949228886689,0.6113862636682195,0.4940240086173587,-0.20990414745879954,0.04889442807556276,-0.06777597961189658,-0.13746817986717888,0.3827065042664697,-0.163989422135129,-0.1516520371055859,-0.03371061516469529,0.14060591665764965,0.2425171785409142,0.1581403575467327,-0.21432621506857427,1.0,0.017215579827819922,0.16538390359312016,-0.1099115323045338,0.4131660701754442,0.3870218883107036,0.7187788467559907,-0.028478215012839002,0.39964017338111424,-0.22825796843148038,0.4224603938789722,-0.10694958081329269,0.6061677433469053,0.044623771404737035,0.16697057327979292,0.46450120836277753,-0.045939271090579846,0.10716771302770944,0.3536541777708555,0.4249452225040056,0.08091590559536561,-0.18670416939461953,0.3917655822058581,-0.0993743482239774,0.28725741393911014,0.17661250895994168,0.4446331342788285,0.14232015368635356,-0.22141962515412128,0.03116166226787699,-0.27324198387803117,0.35435294839207354,-0.2615706593319993,0.2880663176875302,0.21944187280577523,0.171969406269813,0.10741544892992254,0.3185447580884998,0.27295795099029796,0.3602586897428276,-0.3095395893830416,0.45299308699661495,0.34922303316777864,0.29718280627810717
OFClat_R,0.14311171349136131,-0.0923051258430266,-0.01857245081032034,0.20276572504771312,-0.01111610771991323,0.0400579416602993,0.028707769974189588,-0.06003340773348688,-0.14772638122459347,0.039720005642696087,-0.05431441826458311,0.19628010110509178,0.09309802063448804,0.10398990829036386,0.09577392433193531,-0.08690966697283811,0.017215579827819922,1.0,0.016952788383827112,-0.07664229194825133,-0.08850802224185059,0.24317824403362462,0.10113500593174163,0.2294875590168285,0.0036356764921554544,-0.08476792138282468,-0.14659705901158054,-0.0331559339186834,0.05302593604712388,0.023471061775502244,0.026016425415778786,0.07783394345789563,-0.03345815382716585,-0.0732653592755509,0.005961578632707901,-0.02500350465657393,-0.04619104927953394,-0.10157327439101112,0.16447563696636586,0.057750172245886196,-0.21272815943994824,-0.2870779891462156,0.065716991066195,0.2433444274372516,-0.10719906303287083,0.09328020002084376,0.1110635548036782,-0.05624083571199078,0.10260577226342121,-0.1178378677648387,0.2503612591486306,-0.20151788709277482,0.08871668475863542,0.03595366993055651,0.08610266460964891,0.0004785418379303267,0.11826294212355741,0.24390616230691253,0.1419214301196809,0.2497085726677108
Lingual_L,0.7454847265784034,0.5650723932521703,-0.3838914827080439,-0.29545475377563746,0.7815013827539391,0.3239006991816436,-0.07856617725368326,0.7102740556288829,-0.4496235462738856,0.7770294755768304,0.5502750001785871,-0.12175554971291665,-0.09286621110064486,-0.17795012519174308,-0.4486679284421285,0.7107279323895893,0.16538390359312016,0.016952788383827112,1.0,0.6362826765431986,-0.3549344699540606,-0.22540389153520216,-0.03350029699518532,0.018661285343658626,-0.257478156086952,0.7609919232104745,-0.05939669752237063,0.6127153755505316,-0.305127947192987,-0.16825560399402836,0.30981337222913147,0.2682449846501241,0.18067535215225938,0.2723502987970399,-0.38662934579234204,-0.3996736990992858,-0.2915972214738931,0.46172743452301696,0.07287942824915633,0.9088300188508234,-0.16247479824099567,0.16834590384751047,-0.046627175706747695,0.3185122136450752,0.8184188226450353,0.34460293261656005,0.7743512959559875,0.0758536521664229,0.7895472322285723,-0.1949830490458081,-0.426705512022881,0.5803439105499444,-0.44741142975084686,-0.5221027180704895,0.34156538097105865,0.12298381519814652,0.7037228382906338,0.06722008353362421,-0.3011670655059683,0.06199050332687118
Cuneus_R,0.3854004599017699,0.9739435261447354,-0.4442749217005411,-0.5401155666374965,0.7382979031064024,0.7418017989985908,-0.09550741922345603,0.5328790931867755,-0.4626917339706207,0.7957867002442188,0.5872020613337028,0.12141187445388683,0.2218253978786341,-0.27653920346598965,-0.5219667043838453,0.422690928510334,-0.1099115323045338,-0.07664229194825133,0.6362826765431986,1.0,-0.2901847033298,-0.3828780124150557,-0.362664337203771,0.01803554424288724,-0.307307471918593,0.5349139563357929,-0.12011931989600172,0.9451395146643478,-0.38419883934470944,-0.1600044122210564,0.6620967038580513,-0.09997029813568645,0.739052069924857,0.7964604208850475,-0.25593837528081026,-0.6416266178716695,-0.18203693822562475,0.8985983121070712,-0.10081749376595785,0.5997340359706845,0.14084759028914637,0.14349986408259613,-0.18956529976143452,0.046666811058387096,0.7755120149511402,0.2342109886125682,0.5591464818848259,0.2507337466018791,0.5450123776752309,0.25527305536475997,-0.4588968189377129,0.6297911378700346,-0.5423332279705799,-0.4457879693779551,0.09653137031300422,0.085168540013358,0.41375859318191655,-0.2138023155427827,-0.3604607595105611,-0.16865816342471218
SN_pr_R,-0.43805139946577015,-0.28322095898925803,0.6908755966305924,0.4655865648613003,-0.41308791669183553,-0.19993791020720064,-0.14851332398639638,-0.30153751705966925,0.43480784434131436,-0.3560758062595648,-0.005686454562859382,0.18719259463504398,0.2958366760288716,0.34794251186660785,0.5122292131423658,-0.2850225820284725,0.4131660701754442,-0.08850802224185059,-0.3549344699540606,-0.2901847033298,1.0,0.4911068005126834,0.3769370141131147,0.14682818900560582,0.5149679751787667,-0.32291544021912116,0.640365172737738,-0.32906868675986894,0.5419609706047823,0.30174062846807476,-0.052418740033088405,0.29466741379466194,-0.1840182168649692,-0.11688725343610024,0.607833998084282,0.45565758477519314,0.2400509731539734,-0.3341085510282721,0.42084000426984614,-0.4592745908254082,0.24910708525258496,0.29462780315028914,0.42093201239550343,-0.005315842209961331,-0.43221780001526783,-0.011359450235073313,-0.5472678024983513,0.3116787788576794,-0.5859248837720823,0.13737318060071801,0.3699656753364649,-0.013170706351465148,0.1960039729761175,0.5279180969683687,-0.10050076567334762,0.4585118607387089,-0.5427779387284747,0.2024037921311815,0.35862513982504945,0.22367916510489852
N_Acc_R,-0.08035785342214456,-0.38649415058753994,0.6430681740653623,0.8693544909557287,-0.46404886538610446,-0.22452800849884152,0.18390090691842081,-0.30854252262901083,0.08692457813764964,-0.3017149937588117,-0.3088162817579205,0.25812401155582504,0.13287178486652823,0.5487469864067664,0.4625465762416819,-0.2208906478273913,0.3870218883107036,0.24317824403362462,-0.22540389153520216,-0.3828780124150557,0.4911068005126834,1.0,0.6195757974927828,0.31354673936302047,0.6077817786703517,-0.268739141855398,0.21098380464725464,-0.3790456274818902,0.38181133082534807,0.19734484561065227,-0.1685082276217755,0.3058835610784108,-0.337868829061711,-0.2967014379287636,0.48969248055449854,0.2903776259456162,0.2533836122671275,-0.5241263762574375,0.5985741847814655,-0.27464790078978174,-0.26970990471509965,-0.06834279451794054,0.5353575349208249,0.45156430461389013,-0.4874163042752507,0.021266041404708336,-0.3510943439022643,0.1295501247496718,-0.2985382666989631,-0.15172457865831412,0.7983519431234265,-0.27312594705426524,0.28506667896527493,0.5865768119000173,-0.11710899471998402,0.17333763146588135,-0.3330806327825034,0.6890104728975303,0.6681213322532905,0.45753692988014205
Caudate_R,-0.19749434311225791,-0.3850254091120108,0.5761340602951468,0.7109511640108858,-0.448759730080338,-0.2252021703128675,0.09371112608118508,-0.25412824881477786,0.2780160953304067,-0.3459897870944003,-0.4303926476816182,0.12190246284302372,0.14205042757805206,0.3999857719944212,0.3126788726142705,-0.31725341450828853,0.7187788467559907,0.10113500593174163,-0.03350029699518532,-0.362664337203771,0.3769370141131147,0.6195757974927828,1.0,0.19482379027245222,0.41481881079565414,-0.3050168278158992,0.23759384803786682,-0.3336592410782407,0.5734538925485706,0.07901747420560205,-0.1378351525002162,0.4750064969463324,-0.27740927890405404,-0.1468923939949967,0.33516813823902486,0.36401931238806146,0.20836082341119622,-0.4432284629946572,0.29453508891835267,-0.24599100293425769,-0.03416076449357474,0.07653045302686169,0.521339728519509,0.36355864333361954,-0.4366878942197843,0.08288546349011112,-0.37616683416030783,0.1564089767617112,-0.3691273879303813,-0.03586272304185457,0.4606378612247607,-0.0330816968187016,0.3296572071528469,0.4639809037398791,0.08280690849338752,0.18930925052794664,-0.39464171494462247,0.500822548536616,0.5160037102062281,0.33721201536805434
ACC_sup_R,0.18873456076954795,0.02100552880867946,0.1386189525740514,0.11158507502228616,0.040455427818034004,-0.06959935070574017,0.07529176317939407,0.11581847423392613,0.04325254396204827,0.24010384557912917,0.03204299399436402,0.835266627117464,0.5622764089322834,0.36758185901577917,0.2959968184349964,0.1364334001517455,-0.028478215012839002,0.2294875590168285,0.018661285343658626,0.01803554424288724,0.14682818900560582,0.31354673936302047,0.19482379027245222,1.0,0.28638862741521104,0.0715407220264859,0.08138119786705712,0.017278720730126804,0.1907709148584094,0.5325240959516919,0.1711340531465037,0.4491458734964582,-0.1422221520243524,-0.05413585435912516,0.2982893031792543,-0.010257347893003848,-0.0468760918207641,-0.12988205518615045,0.30537134194211096,0.04189321644582427,-0.24212249349776954,0.10107916480344613,0.42197224156556973,0.6155938945701239,-0.07825564541880298,0.15148765227956787,0.03118396249772145,0.4226497333847171,-0.059388103859835055,-0.3868678338090507,0.3043457185471077,0.03174480574158331,0.21984920418566375,0.09763952940427734,0.0466407709226687,0.37331985163829995,-0.019586365075060907,-0.07797570400609667,0.09753020406244035,0.34434071629540247
ParaHippocampal_R,-0.14021689095068351,-0.3140567395510265,0.8237548812521768,0.532236621586507,-0.42962070019689585,-0.0033075845677466315,0.012140273952214902,-0.43235460211132054,0.48952948810550667,-0.2710915291357294,-0.15589955282968965,0.27663106779754926,0.30742130998452705,0.5846866876094754,0.3430038453920764,-0.30836712637613606,0.39964017338111424,0.0036356764921554544,-0.257478156086952,-0.307307471918593,0.5149679751787667,0.6077817786703517,0.41481881079565414,0.28638862741521104,1.0,-0.36558967572095863,0.4813909402008722,-0.2960177795285785,0.6341657233066157,0.49067254456968173,0.12966787225490187,0.44721891498504224,-0.17710956573538852,-0.12782524249267668,0.7043142608825741,0.4319240554314552,0.21444154810083219,-0.3788557337935006,0.6620051014335376,-0.30500269501620864,-0.06612491999938452,-0.05637120212258547,0.6002512783698124,0.39464199008021367,-0.5426513395468879,-0.2862599478222392,-0.4581540396034653,0.5056708354203843,-0.3845418945336126,0.010189077917257813,0.6922207165019069,-0.2628504396929308,0.46727975310264,0.43768267622861967,-0.06801358538237536,0.5884782632631812,-0.4030574453735791,0.22517227304818746,0.3783689328910734,0.569769718364616
Cerebellum_8_L,0.7150715136134528,0.5075997961934624,-0.5015855372621071,-0.410107041039556,0.7731452801135889,0.028899574188523038,-0.10219743549851731,0.8250273390033048,-0.5396534845703755,0.7263016160666265,0.5275100046751446,-0.09387931108956085,-0.05549000807518404,-0.16372874517292094,-0.25387962361150995,0.8968360409265012,-0.22825796843148038,-0.08476792138282468,0.7609919232104745,0.5349139563357929,-0.32291544021912116,-0.268739141855398,-0.3050168278158992,0.0715407220264859,-0.36558967572095863,1.0,-0.19205050058043638,0.44804811099599384,-0.5073397374708953,-0.05011212549424716,0.08174016830919234,0.14363243320546074,-0.041523049126853,0.04198616961169166,-0.2679044527509441,-0.391378675238324,-0.26344163362413425,0.3404823318625964,-0.02386717261907366,0.8445808329939156,-0.18014392888920833,0.4357658218714072,-0.1378265472729614,0.20615103178365965,0.8596589288272214,0.48988711571127147,0.7316343704179412,-0.017479067427166532,0.6670533950360703,-0.41771571066503743,-0.4711930709344907,0.6150843019496431,-0.43352336733008484,-0.4603770192642217,0.17781944318387147,0.018773741934017905,0.7250402720318482,-0.0979120750080197,-0.3155309683369798,-0.017096232039705048
SN_pr_L,-0.2515793887902495,-0.1266504262688841,0.46230634160195266,0.1515928484724784,-0.11846414001651417,-0.045601615959947744,-0.27684581949585474,-0.20210408186380138,0.4721954652865577,-0.14623518138395547,0.2986124148513375,0.11734651152356901,0.21432026636749835,0.26036781585285934,0.045487750987269614,-0.13098257460535573,0.4224603938789722,-0.14659705901158054,-0.05939669752237063,-0.12011931989600172,0.640365172737738,0.21098380464725464,0.23759384803786682,0.08138119786705712,0.4813909402008722,-0.19205050058043638,1.0,-0.1326459312544229,0.3827721586254029,0.21024699790970755,0.0694437931048213,0.2767996654808103,-0.016311607150442775,0.037105482859399935,0.3834179918099437,0.23671898312841244,0.01076608832936504,-0.10966096600247323,0.3712571000160124,-0.24496747012184777,0.22534742034420266,0.1953680795224659,0.20451206362946864,-0.024059273616752246,-0.19763474653243818,-0.04511636541963386,-0.3387568609368368,0.37589050310926786,-0.3099651045376669,0.1515500566756844,0.15046380168650877,0.055131321990673714,0.05061869906047437,0.1903860335472657,0.1839441167250987,0.509365962018901,-0.3317035541756193,-0.0386398562307849,0.012392127249958728,0.07217535269222917
Occipital_Sup_L,0.34794755120489895,0.9470471119811563,-0.4477510106569666,-0.5055496917650686,0.6652520493099563,0.7878983795460399,-0.06982180876330178,0.3855859446242735,-0.4217663086676682,0.7757375260717689,0.5310128845355248,0.1401442907633531,0.2748979705353352,-0.2842821392366922,-0.5808054882935565,0.2879161750114473,-0.10694958081329269,-0.0331559339186834,0.6127153755505316,0.9451395146643478,-0.32906868675986894,-0.3790456274818902,-0.3336592410782407,0.017278720730126804,-0.2960177795285785,0.44804811099599384,-0.1326459312544229,1.0,-0.36577345255072385,-0.18545215435630183,0.6945227660952911,-0.14051297293752057,0.8067047275439235,0.8068174123486698,-0.2813252723397776,-0.6496015544665107,-0.11740724045696883,0.8945282481948663,-0.12766844525426613,0.5653064161370249,0.1355478075203347,0.02585773194306879,-0.21126788146853073,0.03308820429636747,0.7176981973141969,0.2038534005628803,0.5345927049443963,0.21862366215497028,0.5337680839782495,0.3086020929714707,-0.37448642738420496,0.5263989377403274,-0.48080765433198447,-0.42844020678099043,0.07268065767915484,0.06145700374184242,0.37464794914352545,-0.24469434680686847,-0.37399427176015837,-0.18114729422211975
Vermis_4_5,-0.40289521045683574,-0.4101959855007492,0.8065367800446526,0.5068415346694519,-0.42376160093287996,-0.09821498486640377,-0.07963356751797117,-0.33754304172254024,0.6281810376484568,-0.4239262567306501,-0.3374836391769578,0.2291823433721893,0.34071508786513444,0.4374081577731257,0.48087892725156295,-0.4621699768352273,0.6061677433469053,0.05302593604712388,-0.305127947192987,-0.38419883934470944,0.5419609706047823,0.38181133082534807,0.5734538925485706,0.1907709148584094,0.6341657233066157,-0.5073397374708953,0.3827721586254029,-0.36577345255072385,1.0,0.4813369839668147,0.12801850351063648,0.6274430640203184,-0.23090994313291469,-0.08987819562769536,0.6578164575334599,0.7121282369966545,0.22722847636242532,-0.42887413874517155,0.43591168437319955,-0.40051973497775367,0.2812052114825686,0.1612531150814159,0.674246150239763,0.17119802443101229,-0.603192843124884,-0.1766929467521313,-0.5646431673809158,0.4578901287916242,-0.5917097750518054,0.17670114302211662,0.45221831065280194,-0.05198882335087637,0.5609116825949516,0.49288506789982106,-0.00534894807739873,0.5938265762683815,-0.5484269463140462,0.1961973429852371,0.39656340171542515,0.532871811033948
Cingulate_Mid_L,0.006550704919415217,-0.19512807174375565,0.4935520165702578,0.1554254298934704,-0.08622034061636558,0.004842756871100023,-0.058558961987430304,0.010194636700869572,0.2942613516879415,-0.08585600284641687,0.004414927099283155,0.5234098097884909,0.5062570275042078,0.4243029257517267,0.43148723665676647,-0.0003016487712653602,0.044623771404737035,0.023471061775502244,-0.16825560399402836,-0.1600044122210564,0.30174062846807476,0.19734484561065227,0.07901747420560205,0.5325240959516919,0.49067254456968173,-0.05011212549424716,0.21024699790970755,-0.18545215435630183,0.4813369839668147,1.0,0.3229381580941164,0.4978242390628727,-0.28192652135293694,-0.06886668368344735,0.5667944224816012,0.4590963405655485,0.024971089668353333,-0.19735564276559311,0.3281419757763818,-0.02169581718489336,0.04827345039011548,0.2189583859712827,0.6226279773035478,0.3115234543680577,-0.22159362469775107,-0.04308763606314822,-0.13295034234798353,0.6735320824286409,-0.1595358143587953,-0.07897282256051122,0.28775359280697493,0.05979877082608022,0.5174356997703954,0.23955707978861934,-0.1215706222650141,0.4817884186630181,-0.09813409416343385,0.01798582668204056,0.05408068749300291,0.47119412995626964
Precentral_L,0.13167155807834682,0.630212881267355,0.08215957473125864,-0.2702049959131307,0.3513316718295632,0.8765612950388719,-0.05380394662196675,0.10752811973879052,-0.047662614990983204,0.4745959194032374,0.3424125812666621,0.291508287159627,0.5533897051038316,0.050512704555141445,-0.20569509047779613,-0.01725687848544973,0.16697057327979292,0.026016425415778786,0.30981337222913147,0.6620967038580513,-0.052418740033088405,-0.1685082276217755,-0.1378351525002162,0.1711340531465037,0.12966787225490187,0.08174016830919234,0.0694437931048213,0.6945227660952911,0.12801850351063648,0.3229381580941164,1.0,0.10250723625868695,0.6504842249617947,0.7698572971040744,0.12182831152696688,-0.17701731417555763,-0.02297352969409895,0.6591634603387039,0.151752359528564,0.3008663709156454,0.26840251773470136,-0.008207025408442632,0.1659692169021541,0.0834317955142805,0.2959016418298645,0.001564704607468136,0.2347211505407301,0.700136121761749,0.2324047278175086,0.5347274180453089,-0.07986993161171504,0.3991409765639289,-0.05805947388336991,-0.1764293698225126,-0.006537356522692425,0.35655224900597143,0.07921280823055293,-0.11690612703055916,-0.20637952700295764,0.201462142597489
Cerebellum_4_5_R,0.3304787726113021,-0.17879458855560149,0.443142349530941,0.32850102035439455,0.057682126625042844,-0.13057884515918286,-0.12132474240522387,0.2879041478560749,0.21517518420000536,0.09527558218975049,-0.008982378318706814,0.22595633104908658,0.1897671020047926,0.3948276074722885,0.3604995717520092,0.23369911676101332,0.46450120836277753,0.07783394345789563,0.2682449846501241,-0.09997029813568645,0.29466741379466194,0.3058835610784108,0.4750064969463324,0.4491458734964582,0.44721891498504224,0.14363243320546074,0.2767996654808103,-0.14051297293752057,0.6274430640203184,0.4978242390628727,0.10250723625868695,1.0,-0.4229674752463766,-0.20910778043332143,0.40458118667626813,0.3875510891899957,-0.07824548796791894,-0.34865077945416506,0.4410652974769674,0.2503333770173979,-0.19040204855129553,0.2650282331560161,0.6678994591390602,0.6271183491092733,-0.11621262113815649,0.014440249641502378,0.07370891477900833,0.40845589789139825,-0.0021634488079767607,-0.3915954264660629,0.21484576061832605,0.20162114647018137,0.39168695584426344,0.05728594448965402,0.21176582448879877,0.5720887040986422,0.056541189204980954,0.17533336950988454,0.1549345575224345,0.6986112218332188
