,Cerebellum_4_5_R,Thal_MDm_R,Cerebellum_8_R,Calcarine_R,Caudate_L,Hippocampus_L,Cerebellum_10_L,OFCant_R,Postcentral_L,Insula_L,Cingulate_Mid_L,Cerebellum_Crus2_R,Cuneus_L,Cerebellum_Crus1_L,Thal_IL_L,OFCpost_R,Fusiform_L,Cingulate_Post_L,Thal_VL_L,SN_pc_R,Heschl_L,Thal_LGN_R,Thal_MDm_L,OFClat_L,Thal_AV_R,Cerebellum_3_R,Thal_PuA_R,Cerebellum_6_R,Thal_PuL_R,SN_pr_L,Heschl_R,Frontal_Inf_Orb_2_R,Rectus_L,Temporal_Inf_R,Frontal_Inf_Orb_2_L,Thal_AV_L,Angular_L,Cingulate_Post_R,Occipital_Sup_L,Rectus_R,Red_N_L,Occipital_Mid_L,Vermis_9,VTA_L,OFCpost_L,Cerebellum_6_L,Vermis_3,Amygdala_L,ACC_pre_L,Temporal_Sup_L,Raphe_D,Cerebellum_Crus2_L,SupraMarginal_R,Cerebellum_7b_L,Thal_VA_R,Precuneus_L,Thal_PuL_L,Postcentral_R,Angular_R,Thal_VL_R,ACC_sub_L,Pallidum_R,Parietal_Inf_L,Temporal_Inf_L,SN_pr_R,Putamen_R,ACC_sup_L,Temporal_Pole_Sup_R,Thal_PuI_L,Olfactory_R,Thal_IL_R,Thal_PuM_L,Frontal_Sup_Medial_L,Vermis_8,Temporal_Sup_R,N_Acc_R,Thal_PuM_R,OFCant_L,Frontal_Sup_Medial_R,Occipital_Mid_R,Occipital_Sup_R,Parietal_Inf_R,Thal_LGN_L,Putamen_L,Vermis_7,Supp_Motor_Area_R,Frontal_Mid_2_R,Vermis_4_5,Frontal_Sup_2_L,Cingulate_Mid_R,Caudate_R,VTA_R,Cerebellum_Crus1_R,Frontal_Med_Orb_L,Thal_MDl_L,Vermis_6,ParaHippocampal_R,Fusiform_R,Vermis_10,Frontal_Mid_2_L,Cerebellum_9_R,SupraMarginal_L,Temporal_Pole_Mid_R,Supp_Motor_Area_L,Lingual_L,Thal_MDl_R,Frontal_Med_Orb_R,Hippocampus_R,Insula_R,Raphe_M,Paracentral_Lobule_L,Lingual_R,Calcarine_L,Precentral_L,Thal_MGN_R,ACC_pre_R,Thal_MGN_L,Thal_PuA_L,ACC_sub_R,Cerebellum_4_5_L,Thal_PuI_R,Precuneus_R,Thal_VA_L,SN_pc_L,ACC_sup_R,Frontal_Inf_Tri_R,Cerebellum_7b_R,OFCmed_R,Red_N_R,Cerebellum_10_R,Thal_VPL_L,Paracentral_Lobule_R,Rolandic_Oper_L,N_Acc_L,Occipital_Inf_L,ParaHippocampal_L,Precentral_R,Occipital_Inf_R,Thal_LP_L,Vermis_1_2
Cerebellum_4_5_R,1.0,0.5920333378350241,0.6146614558340285,-0.28175875493373714,0.7523755070765876,0.6915127778570346,0.16552446834903967,0.5634290771778961,0.8653540585900293,0.5367540492332897,0.8577105789702707,-0.0015257947231679175,-0.04953673123700047,0.11322481759988301,0.6644593608703367,-0.15480618988625208,0.6608598379959263,0.8691014276145377,0.6515457203229514,0.2524140682911152,0.44154002575016943,0.6645031304864033,0.6200175128676924,0.23204874030962808,0.4149957078670994,0.7677951829013356,0.6301563430797117,0.05765730287195568,0.46824777777026383,0.518734088165672,-0.1834849264782066,0.31534233606596496,-0.20337836932785555,-0.31969375689434787,0.6176506413988189,0.5607263432531419,-0.29667563253953216,0.77904500852396,-0.27820265856464327,0.3298724197605585,0.6090519399747248,-0.30880793200817097,0.13245111817990812,0.6453254775330785,0.19359668866915072,-0.1604989229682091,0.8556472711270291,0.1154161559440819,0.2821088562955886,0.14471471658957855,0.32435649030136665,-0.17382925033646607,0.3902922490199449,-0.011448250950486813,0.43612426503426827,0.6862044956967732,0.3878281138508794,0.7512403916321725,-0.31930290981545306,0.453454088203127,0.05701354828122701,-0.20030696416926672,0.5770040894515475,0.39872636332882905,0.30499559688784195,0.030389334624222393,0.8963321217298312,-0.0350223337133024,0.6145461999230774,-0.05943009738422632,0.6969677415905605,0.6423729845923473,0.8935307952890841,0.2794745316237539,-0.0502231311109012,-0.28207281754915176,0.775323149703052,0.08661913838561956,0.8572690429713223,0.05688786588065176,-0.3752472890371466,0.20736527351183284,0.4234173040726454,0.34862098010004894,-0.2760301759318723,0.8961290765670926,0.8833224829513805,-0.007850452909964936,0.8700456952517691,0.8830550968946067,0.6323309933950053,0.6607201286343198,-0.03686149421684549,-0.17378418255591505,0.36917277414341915,-0.4249098942430353,0.7451007269659651,0.5604274930623778,-0.469354330239712,0.8821620110077368,0.0705784319340566,0.24023499334045073,0.23643286311470654,0.8721904816780665,-0.10151674686899087,0.7244754432992431,-0.376453113759671,0.7702434135047203,-0.016564913021102082,-0.10471123737941813,0.836737289949556,0.13826211194314122,-0.28132264150773495,0.8642430269952802,0.5068055218979283,0.4036577672968228,0.3607875661606862,0.5029300601303726,0.3123706579887897,0.6889311220816601,0.8541378926432813,0.670505025134738,0.7262892687997881,0.520823303264493,0.4832582872815822,0.6971427867531856,-0.4364875036344242,0.04926446038734064,0.4976542822307658,0.27498834004778977,0.4472267502051288,0.8837592552294675,0.47769662539990876,0.1438869610337531,0.5332235137297284,0.6950978889947712,0.8923320530015243,-0.06479192325978922,0.31681707910887347,0.8569106305952376
Thal_MDm_R,0.5920333378350241,1.0,0.4263850949009901,0.04720415866879137,0.792531110773888,0.8503119339445098,-0.03667974001256477,0.447265577676924,0.7301016468371467,0.7687058482480456,0.7523009625253091,-0.07930183270066733,-0.08474045084749736,0.020275803243606776,0.6871700455172792,0.004463310265322344,0.3900678786377862,0.5984998422277816,0.8676351524555309,0.4017771154769532,0.7541838975000332,0.6410995460534801,0.6156934000300528,0.013083327858033292,0.7176681687423813,0.6834357513165191,0.7134543645607865,-0.06114387302047883,0.3283014835828237,0.582930929282668,0.286012874746108,0.26743676259085863,-0.06341607487108489,-0.31990120368194847,0.5760111421105046,0.5414358869040815,-0.14938986946009894,0.6148736445932464,-0.32706535067663706,0.27283140007390977,0.6553319686445424,-0.302530262014291,-0.17824820437000932,0.5129698973534297,0.044143281709886295,0.0651880254244699,0.5820159745427511,0.10064630552214011,0.3249030612908192,0.48502840649394596,0.4102877035156825,-0.19118180599522275,0.06643191699310348,-0.15394742795131347,0.77639396860354,0.43181657034569937,0.27677986874589694,0.36416051322473453,-0.1492846482118145,0.6552679348154404,0.10357306418144606,0.2994922294155892,0.34013849588012857,0.2935943567630755,0.35343332100439856,0.3203709498182866,0.6989980760522673,-0.07722359885851891,0.6934598573693348,0.030982894235271237,0.8109550354204275,0.7959274716247772,0.725476476718383,0.25023361473346983,0.2054998949364048,-0.05820434660261015,0.7147337444389293,0.1596624284733033,0.7087698695662734,-0.1629141310239956,-0.2251986247146003,0.04230044499034179,0.8167610995266239,0.7268915309071865,-0.05155276932240316,0.5067806102507558,0.6650646737419773,-0.12611042008358153,0.6888753003269016,0.7229667301696214,0.7005113083800669,0.5513396904767633,-0.17952462303149483,-0.02590000190228891,0.6339822514888674,-0.26067177502636035,0.6902553793630815,0.5306884371211074,-0.2142255844076086,0.6547032426111614,-0.029743343411467667,0.2811247185363877,0.16381501265383402,0.6257027181649262,0.09859494040984376,0.7611471801165529,-0.22247436815137914,0.4645307580256178,0.20395500673325492,-0.11379508940196387,0.6509221814096293,0.06426084723355235,0.033940609642182845,0.7441607309649314,0.5922043343437126,0.40575971427930224,0.4395848997669097,0.6579008410503098,0.2696637565348575,0.6172835110907845,0.4891861927397316,0.36186866882510094,0.7065904312686728,0.5930774667344089,0.37938889472207205,0.4910821448331928,-0.27069990152341533,0.03784364538642101,0.6307543881788648,0.1555545028602648,0.6623141449681544,0.6827722869895537,0.7301164750170522,0.25218945855694214,0.3404488709113243,0.6557698893084695,0.6380313944178673,-0.09995129828368898,0.500345953553704,0.5867512081212157
Cerebellum_8_R,0.6146614558340285,0.4263850949009901,1.0,-0.37519006462018795,0.586341202100694,0.5638114718869276,0.30842742450806787,0.6195879071993021,0.6156864227969565,0.36081669451777754,0.5293465422776601,0.29970162606164735,-0.2907702056249075,0.3220875551559716,0.5658014130477299,-0.28670523478601845,0.7000205930196762,0.5248423999721801,0.5755887938422181,0.22873907301600152,0.48722612722006703,0.6383818856703634,0.35102451700860754,-0.07521529124436542,0.37255970919221165,0.6923918391096979,0.4213194949846621,0.11024125929282803,0.06968271698180088,0.5459546092796752,-0.3869796673759772,0.005315931119498533,-0.16057937705775438,-0.3880754984373963,0.5194046501055971,0.5073681003579512,-0.3374418431156526,0.3838342856324945,-0.4179146285074746,0.2650986311160954,0.6235165382310873,-0.49747860629445345,0.08393755809205604,0.6287351082898935,0.05034170738550319,-0.27266359727350703,0.5098429450352245,0.16019117751796888,0.15483050392885087,0.132238122733934,0.3433713089664856,-0.21632258077892116,0.14049466503300712,-0.03428727361319097,0.3414003647878969,0.39076435869501003,0.2918427829801775,0.6539884674088862,-0.318577979774229,0.16939608740115972,0.07829797296634583,-0.3145362234632607,0.3415034538222489,0.3051270030836078,0.2369299320591593,-0.2661753376227389,0.6132660587901101,-0.1432749724652239,0.45958810478497797,-0.08798482039985482,0.4859622533958552,0.37366291859057826,0.7121192587609257,0.2515570381601255,-0.4490021450918049,-0.3589189813234654,0.4004321815456778,0.1472172948007652,0.5777670624747331,-0.13338275412792178,-0.38032986839612004,0.1665426855918665,0.44397729509345135,0.14520641770687556,-0.0853083129656309,0.6767501406934301,0.6561395332550747,-0.2853837020689136,0.6494942571922319,0.5838739470925576,0.2680112921845086,0.6550152452909871,0.3852987124746297,-0.14205472204174907,0.2562904798486138,-0.48109168506878636,0.5475906169245062,0.5786183738004878,-0.600278831195473,0.6560862672919595,0.002035476303385274,0.11362637184605748,0.16246658815228832,0.6593771182619365,-0.30076647723240413,0.4541236843682112,-0.3003243760673224,0.6872550038568666,-0.4234187325464639,-0.20173378434670333,0.55973090331794,-0.07042496962863186,-0.3365474322704844,0.6065363108430074,0.5434212732270062,0.14060270928181637,0.08588786625914006,0.356153327543913,0.16458442009169255,0.46790493369325453,0.5573878892787909,0.43087445321524065,0.4974058071782745,0.47000697165278943,0.14606712153097712,0.4002066459688335,-0.4227613427489125,0.11684549720529172,0.4756391243323029,0.440227136573678,0.23775854581451006,0.6403300231063451,0.528124582371607,0.1394524066891084,0.5551170867274767,0.7256540696266119,0.6336701640088298,-0.11565997260750646,0.20466509020362397,0.6927289589981181
Calcarine_R,-0.28175875493373714,0.04720415866879137,-0.37519006462018795,1.0,-0.24197084178635495,-0.05148114514185293,-0.07454754681172593,-0.7044292765902632,0.00375585029205369,0.25943516845914844,0.0036946836358731187,0.3391601899193603,0.775875088196317,0.15228641810574814,-0.19669296777343467,0.407681603938484,-0.6962063941494606,-0.022867777923343248,-0.08263048033886974,-0.1678160093557659,0.11868303840531075,-0.6025547558310291,0.14426684873485318,0.17101644199326085,0.021792807853277373,-0.5178702664596097,0.24304304468930085,0.49804359577815804,0.443844822461239,-0.5115478543456285,0.7733398959331449,-0.3273977472687961,0.5141775759444639,0.4314537060326402,-0.48569784229437485,-0.41942278487421175,0.8220496287455452,0.18814256330865853,0.7303972949027144,-0.5054754340519573,-0.5760096126815445,0.6540408694567476,-0.19649078226149588,-0.5398266170574479,-0.38016728059091176,0.8908447437959656,-0.1877207112230232,-0.18396590432461896,-0.09856714769730845,0.6135103925011384,-0.07272334930345595,0.6437234985181179,0.08382699787302547,0.38482248321352797,-0.12353627362160291,0.11562439734708498,-0.23889006155151146,-0.36293358000970655,0.7794932332668918,0.12316714014427979,0.16964741127900246,0.6373410704720281,0.21089607106535047,0.05204866592167892,-0.19882148720592943,0.5625142559832401,-0.1687432480245847,0.13356305609217425,0.17070641017357213,-0.1963685234595268,-0.13805257978162547,0.3047235723242654,-0.24642139046482336,0.09552942560770085,0.5604296311427902,0.5951145486919294,0.15916064850957246,0.16566863512327673,-0.1748446000780554,0.11320373266528401,0.6478524301576837,0.17943269196471592,0.07765695855363197,0.23696057995686917,0.8034905664210827,-0.30683935682765634,-0.4482981282494183,0.7626414082874571,-0.30710654619661093,-0.07666345009970241,0.04897193106494207,-0.47090411025325785,0.18098696991076865,0.4033134383093325,0.1069664871732358,0.8593258620928501,-0.4061510343438854,-0.026203042246162617,0.8847754228244452,-0.48332090338568373,0.31430222261414703,0.5233580292285612,0.1604102277799837,-0.2233171377970034,0.8969857009561988,-0.19516238099541694,0.5527227248886272,-0.7028703704211161,0.5438056328890845,0.4745762406009637,-0.011906821118211033,0.7491197985317134,0.9798995404144754,0.012455615119727715,-0.5454331452649747,-0.23430497621936194,0.10780454307644492,0.25822053288559815,-0.019423506692290496,0.1884125020040693,-0.43225437603340333,0.1441519249249188,-0.2631273304212857,-0.3525078331537411,-0.2926558617881094,-0.3714108551095025,0.799634097501036,0.043527253779698995,-0.5334257673005973,-0.16170243035708218,0.4969942473083217,-0.18218550627075156,-0.08845923054203791,-0.4227624010230582,-0.5467997600937398,-0.547616905424211,-0.12350410805977959,0.3345218653584207,0.43397267132946193,-0.48645261905409964
Caudate_L,0.7523755070765876,0.792531110773888,0.586341202100694,-0.24197084178635495,1.0,0.8265865753516791,0.05134679148655214,0.6245830285343529,0.7972196868818496,0.6359772168165879,0.7857195797066754,-0.07650883851130127,-0.1452536871435849,0.06636782900052504,0.6733025032773969,-0.13604715703800957,0.6038599465953896,0.7112247120724016,0.7665426158279963,0.3431754453100647,0.6524677283103189,0.7476087636556413,0.6817242693579376,0.10357167127203767,0.6104343450275536,0.8012402000498067,0.6202021369217052,-0.07837314457473658,0.30633387422547464,0.7100977439639322,0.008017837530311331,0.3442711375067021,-0.11679344365713573,-0.31911496249196397,0.6916717921207269,0.7410638974320919,-0.3496863592857838,0.6377771698956639,-0.4349553220412612,0.4008186763760743,0.7378161852404113,-0.4261122399375852,-0.08489295635869662,0.700677086074527,0.10861023384247849,-0.11896193422744343,0.7396517100198813,0.14484377291400913,0.32745573215767637,0.2700774457996234,0.538587781676514,-0.302645762304458,0.13227236889764507,-0.16225577013153997,0.6992633270057663,0.49337184288211894,0.3342148968350019,0.5724731106519779,-0.3021696892184948,0.4806847260311834,0.18692352865846049,0.008936979289692962,0.4118468563749518,0.3213099911520255,0.3112533202273301,0.09344863522468838,0.757294501129714,-0.16127215340229592,0.6612339982527813,-0.11700533989173412,0.752180593918539,0.651038698370885,0.8239543266466218,0.29551490405279845,-0.02209657533029164,-0.23534177759640193,0.7385875508383617,0.12315237735389543,0.7870113671023888,-0.10927854397337892,-0.4055129336605368,0.06161330121347691,0.7016754813052458,0.4653779500354567,-0.2590824804258153,0.7029562458599328,0.8409575586213754,-0.22703146441387334,0.8285345785013101,0.8112525952440999,0.6101292187920145,0.6902585179630406,-0.09421656449668969,-0.15663652540608938,0.4989079312665323,-0.46352972821085753,0.75819123022324,0.5257719139692271,-0.4604872493201673,0.8242704321182067,0.030831641030168364,0.19146952438320072,0.31561935623837617,0.7960155145237978,-0.14571820482491932,0.7393222021749039,-0.3772007799773206,0.7077759358385056,0.02671709739947,-0.19404404830702923,0.7290235890669076,-0.0758399968811117,-0.24517840018354176,0.8058037620198978,0.6838317250200443,0.44696675819193654,0.40103678789973307,0.567748112257181,0.39874498535237124,0.6270232665687356,0.6561000426089767,0.440448599766803,0.7558725083208381,0.6824340648686741,0.43802027074681893,0.610735654983154,-0.44783509864027493,0.13475165843641743,0.6654306535249895,0.28823086030350825,0.5219744884957996,0.7909983709046069,0.6695581279596624,0.21155052697497848,0.5132630394422356,0.7892766647774547,0.7631362593645347,-0.1404152863705117,0.28921262038510753,0.7779441508912811
Hippocampus_L,0.6915127778570346,0.8503119339445098,0.5638114718869276,-0.05148114514185293,0.8265865753516791,1.0,0.13739180200194545,0.5731660520213114,0.8552496881723974,0.7371811937586973,0.8095376048992253,-0.1175769390786803,-0.04048014588452786,0.0982245178527466,0.791653866867604,-0.04599416383655445,0.5488531692737675,0.7849337039952464,0.7744127371635816,0.4251276266272044,0.7471001499209495,0.6893843191748802,0.677438368301682,-0.08312187311787954,0.715567809362339,0.7606841102763983,0.7024622565145352,-0.10280466487484813,0.33804859695793094,0.6196418284466263,0.1350326072803386,0.1367012486853398,-0.1663641457872005,-0.27309622767257147,0.5630536179944262,0.6309919241058607,-0.145247940810516,0.6767379245278696,-0.37565851226136815,0.401354158129204,0.6876365022762517,-0.3225712377209796,-0.26843585434754874,0.6813589462614814,0.023302510181621452,0.025661564971993605,0.6062749813273456,0.11911030778608277,0.09953797080480034,0.5415103346493902,0.3235972636438192,-0.27178792466401613,-0.029812104390477667,-0.1621006568436471,0.6742238899405053,0.605183092457561,0.24791730178976518,0.4540474181616152,-0.28301288460038393,0.3837699359686344,0.03456084767627901,0.0989502983356326,0.5242071840292845,0.39047527666432674,0.4084924717421595,0.06427189195089242,0.7638718331982939,-0.18843916831800583,0.7873707019087649,-0.14396435564486093,0.7490119701456072,0.7887631722788262,0.7846373073092862,0.40949309254340144,0.0017565489140887122,-0.25591861253951964,0.7172218446579423,0.14990761479856557,0.7234823846862334,-0.28181228067327424,-0.3863435911460774,-0.016793351765850048,0.804880899534654,0.5385973254037685,-0.07285691041264522,0.6179226895081572,0.7282635480980522,-0.16703306883393937,0.7638615076537291,0.7436858749821315,0.5794191467915679,0.6900815204262036,-0.18038392398203434,0.012023479861749295,0.5312727748159479,-0.32553155500668046,0.7457852466977324,0.49866186004619256,-0.3501933106924023,0.6962749031114656,0.031050912767435268,0.4224991349347891,0.21696755429138093,0.748221652682882,0.016787752315094547,0.6619170873657501,-0.3037297365228099,0.5837336128774842,-0.037992917339068275,-0.2872841648052332,0.7538536927432167,0.07059084636420873,-0.02727424136480541,0.7743699884142018,0.6009295204783728,0.2567200451051914,0.34437192173883274,0.6236390871257629,0.3087766073608401,0.7843013162874698,0.6480500163068732,0.4952651588016522,0.6872705142197499,0.618041176258661,0.22535085808894384,0.37914754595640127,-0.4147885738546537,0.12613040951129684,0.6029051413305093,0.24706210822730484,0.6648408906277461,0.7948342302028414,0.7916103571074152,0.13765002778559673,0.4437394243579548,0.7796678197523235,0.7122411638172196,-0.1842665716578503,0.4060081332076114,0.6694579003248642
Cerebellum_10_L,0.16552446834903967,-0.03667974001256477,0.30842742450806787,-0.07454754681172593,0.05134679148655214,0.13739180200194545,1.0,0.11983511147969089,0.18221835999481045,0.003583919997646487,0.11295402319048843,-0.006362035118511273,-0.010767797350088908,0.13722640707160336,0.08136505645956,-0.11492580617415865,0.3110430740479843,0.18260486529136855,-0.0443341160594506,-0.016574795201543802,0.012717629015341117,0.10142535537792584,-0.043017455000808766,-0.15634477824651732,0.01661403601045899,0.06742964252942901,0.14128666746968394,-0.08353218001877484,0.04572904977362575,0.09073738712552772,-0.15834516294164697,-0.16084219682531328,-0.2219717310993833,0.3059356484956293,-0.05449524186067929,0.011289131746442251,0.06870601254431027,0.09980552056795103,-0.05754285690730967,0.052650316448224585,0.04268336992376363,-0.019941248703681747,0.04500664441594211,0.13339738316343622,-0.052357907057790365,-0.008557163752576038,-0.004222716826017093,0.2609236493035578,-0.14006043609851992,0.17815125256141587,0.020544658268203488,-0.09790023328651502,-0.032591976499147066,0.030200117444866777,-0.10842670934382222,0.08993005707468339,0.2345288336167865,0.09659649435281052,-0.2027704949522284,-0.2192181274523769,-0.0059120161109510365,-0.3093752743838502,0.27522964488463053,0.08637317685817901,0.19917861998174832,-0.21727592869693096,0.1638784723818345,-0.2597825905849196,0.21060630316272277,-0.20090412783234765,-0.0002583150737247006,0.02377672902251764,0.1736011118445531,0.33360107969606345,-0.15221549293717943,-0.1658493323973216,0.11831064363080203,-0.06721068878272833,0.06687572445013701,-0.22765571656635208,-0.3165784611351596,-0.08179657309446153,0.02878415219032105,-0.24090239626507212,0.016625010388126627,0.22367180723619665,0.057129210163819936,-0.024329184249422507,0.16586996321349629,0.10506398655429307,-0.11965866919934387,0.1915530935389061,0.11577291024246716,0.12235696020864979,-0.18644718617714864,-0.08448018970271556,0.09049577042230973,-0.12928172229456877,-0.10471571684369196,0.07668220795941585,0.49134160777584485,0.242332936242652,0.14499202207877981,0.18630153610688613,-0.10938752990905733,-0.12276718290363152,-0.16686221491864595,0.18326683920469022,-0.31204029414741397,0.1219921141742533,0.15568076319774046,0.042071513192296496,-0.04170670595311262,0.09634773223042055,0.04970994284593249,-0.12704294923336043,-0.05881014016369111,-0.05268431579289931,-0.07090148638243521,0.07087019623249108,0.12326617151305495,0.1396534051749631,0.009695049978214453,0.005179616422386975,-0.19779752231981407,-0.0800569240796587,-0.07096333631902668,-0.014087214714219283,-0.02664684947286263,0.6959521896812939,0.03333198167097806,0.09453384730763807,0.13882537459337552,-0.20571665199941164,-0.013949502657415137,0.12050254207377167,0.08966408693255608,-0.1331052164809461,-0.05366315890027267,0.17635804493566304
OFCant_R,0.5634290771778961,0.447265577676924,0.6195879071993021,-0.7044292765902632,0.6245830285343529,0.5731660520213114,0.11983511147969089,1.0,0.4470112710916703,0.17561030931364735,0.4491484967548299,-0.2328335486194562,-0.5795995647233273,0.04190694417704793,0.5212405355131075,-0.24449301637983686,0.8781036852448885,0.42029867872051274,0.47764410025375265,0.35643703569192053,0.3432798282290774,0.8330322632163912,0.3027159382031089,-0.17417350023386516,0.40974747766588693,0.850859165267282,0.16536243527952543,-0.3460822017747609,-0.21987728066605583,0.7893774655632174,-0.42656238447680284,0.37238376957747443,-0.36155548403697896,-0.46517441880782373,0.6927549846272592,0.6037446801812929,-0.6436506097685567,0.2137124606822153,-0.6669055723308722,0.6273980140702947,0.8712870398551087,-0.6534686776088484,0.019242952268867776,0.8496759405743247,0.11960626808159319,-0.5996157833179926,0.46548037894485284,0.2599732435469094,0.15017466090847956,-0.13172027762698604,0.3287256845558737,-0.5265036554305181,0.03747025043042177,-0.2718967768395682,0.4952497018158089,0.3068947219125157,0.25268042805137214,0.6190891428206332,-0.6236925609850943,0.11613463022579008,-0.061434706549632755,-0.3885883668558961,0.16563407126281837,0.2659752695310411,0.3041747423640228,-0.30701704767765337,0.5194154518146435,-0.19318023976334583,0.27062245452102107,0.04686788924376856,0.5132320265869541,0.16673710867072722,0.6003429575476495,0.027891145978215178,-0.3508048137165789,-0.5556826131697663,0.26463381132157615,0.07071493053501146,0.5536964458555309,-0.24580630496278968,-0.6613671716632598,0.020734837759013754,0.42510612685950544,0.09008057313820995,-0.5458747836891962,0.5557848327732339,0.7375994621025806,-0.6580242431180235,0.6306386012015754,0.4751978023681462,0.2891557713406527,0.7699914659710659,-0.13854455329330378,-0.37045009921124183,0.20443459166799477,-0.8311411349251081,0.7349311220632883,0.3771489884242201,-0.8615954740310158,0.7393793764627593,-0.20482013432567,-0.1861294103089365,0.005267460043486031,0.542699582400118,-0.5847976412833619,0.5388122831893347,-0.5476413749000516,0.8587098647122431,-0.3884479034494241,-0.5128779652090624,0.44247823454893614,-0.5164543335121572,-0.6878199352623618,0.39442841566817094,0.796060483419001,0.3320247580144318,0.11268907956584108,0.1928252458820511,0.3001375919569704,0.32107082914561663,0.6355925355698179,0.27217237881982204,0.5656826074233774,0.6924489348476583,0.33367091034088264,0.5078272756724859,-0.8004411043347498,0.045670484353992694,0.7870017599946394,0.34186785590619634,-0.04109654083804191,0.6124314240213569,0.4815335678385041,0.37225094757056437,0.75381537427828,0.8613878037398492,0.5001113927065394,-0.34729677716497004,-0.08789649849289376,0.6624447288991016
Postcentral_L,0.8653540585900293,0.7301016468371467,0.6156864227969565,0.00375585029205369,0.7972196868818496,0.8552496881723974,0.18221835999481045,0.4470112710916703,1.0,0.7622547517373702,0.912693167614526,0.0696522465950793,0.17023904444073729,0.1507221968785053,0.7510342327891264,-0.010063094222625824,0.48294722922203764,0.9082882948877923,0.7584399506276688,0.29724920827483176,0.6609882793614469,0.5519395702806688,0.7234993664879883,0.1476712196152795,0.6067773721458144,0.6701802150584405,0.771357436955266,0.08996479525037865,0.5692662542477267,0.4600220354211985,0.06451983332095614,0.07605736847039704,-0.07740272982822922,-0.16530963270099747,0.5167678569169544,0.5389843455075064,0.0035321962419736955,0.862449457198204,-0.1646700180259872,0.24688929989263586,0.5104190290684985,-0.13968520508726964,-0.05953607439173832,0.584670692444878,0.020721492989007696,0.0997837465642614,0.7632197658971176,0.09826673583248904,0.19741177804010115,0.528123044991671,0.30872768461731376,-0.0809477313311645,0.21155708325557843,0.04735424751141669,0.4964094208044723,0.7679618018972765,0.39097708900313677,0.5991015004064163,-0.14732802885355384,0.4554559609631474,0.12317571439192164,-0.017527422017896636,0.7460859856394209,0.40734436148551234,0.3576183531783039,0.0715304803194648,0.8650145820230418,-0.08536837038168238,0.7778394784383041,-0.18625610862924014,0.6903957281930895,0.8236067664384109,0.8821391237540379,0.47421972066797224,-0.006246834387537416,-0.15652370592728482,0.8344872804876987,0.1434342275001722,0.8133430893878829,-0.016004739368464253,-0.25821033049979636,0.1109231583106376,0.6201004139209974,0.5065668400194777,-0.026252610314855877,0.8094235430112182,0.782527843496634,0.10316425952268207,0.8695823045411867,0.8735089335424179,0.6368601342260037,0.6298335016690646,-0.006552625045638113,0.03237216889948871,0.5119458528123803,-0.1895586990941716,0.6522993908825602,0.49877026842249766,-0.25096680467667987,0.7651871387883766,0.11937831896538269,0.5806867822280565,0.305270655420026,0.8890744322404263,0.13258524592328078,0.6481233783632872,-0.2420063981680948,0.5664102026181939,0.008682309963127414,-0.09273452355001645,0.8943752708829082,0.29498362995947613,0.036480116891601175,0.9278524407882773,0.425609678300932,0.2401525106665419,0.39643304088889836,0.6254772575135222,0.330441117308501,0.8184737480858196,0.6865798133459027,0.7090140839679923,0.6626134404291221,0.47778969475490934,0.24270062232860315,0.44851366914649643,-0.2473585069129807,0.12439062870468356,0.3755851475149467,0.244156055756823,0.7488617654495947,0.8894191233946578,0.684706268102585,0.061495428695010505,0.42000592635658096,0.6644474030864735,0.8690723633360393,-0.04367940234096505,0.5182963287496412,0.740599886800693
Insula_L,0.5367540492332897,0.7687058482480456,0.36081669451777754,0.25943516845914844,0.6359772168165879,0.7371811937586973,0.003583919997646487,0.17561030931364735,0.7622547517373702,1.0,0.70011252095813,0.03789584927543839,0.20079421646984189,0.02227260537629061,0.6177161862738189,0.16885108154585676,0.14216177747413053,0.5516605695076964,0.7389286417560043,0.36287164454562143,0.7660874561364472,0.2911377782802604,0.629717261061306,0.08977926676864667,0.5932574290931889,0.38026460727241074,0.6651111274211792,0.1106223357734442,0.43162468492675066,0.3606966606000379,0.3207844667367111,0.07424765209958804,0.023119846960601747,-0.06426903010509247,0.516305262768374,0.3475739567630982,0.16198624794677494,0.5940912061496709,-0.07289555626209841,0.05634355140138561,0.34643449161476325,-0.03734342570553232,-0.1560423748386367,0.2964388649312128,0.11184677367532792,0.34903647462930265,0.5018013409474702,-0.10251949944596338,0.35918491111101675,0.7216613824801509,0.21240885286333266,-0.02017418126785344,0.08680761860789506,-0.03412188846059406,0.5460117718002221,0.42327671361859376,0.15795894519254966,0.2233282203026249,0.025066283988002834,0.5064151787574969,0.12875850638236128,0.36581883652841213,0.47457892810135666,0.3556925235506938,0.27535891704202653,0.3434229639175243,0.5687639444099922,0.12809653673105556,0.672269222015705,-0.09544280072880601,0.6212654833795476,0.7971201890831954,0.6183807014283107,0.35634459941200974,0.1419331047772828,0.15038370878483076,0.6406795462724518,0.12477717895654261,0.6472318419751103,-0.027182289662659145,-0.0015390488835084486,0.025061719976135235,0.7038985546937135,0.7629826056489697,0.15048251157126738,0.39431927859355076,0.45882476915803205,0.19462090469737633,0.70498832157609,0.6357648305815821,0.6136314779564683,0.34455175023201584,-0.014891528543510326,0.03302510315012716,0.5319208670529112,0.08631359991607097,0.4411331263210643,0.35624576695299365,0.07824462820527794,0.5021581885021692,0.21737600525116588,0.548396088915401,0.3513794140742676,0.524010623628808,0.35680240055791096,0.538665053999105,-0.10747324580336119,0.20711216139871239,0.2731275163706956,0.01599317988740757,0.5444133213965326,0.34057086399197345,0.29040796658641543,0.7116923682285564,0.20985750789612317,0.29649475683714294,0.37723831662587326,0.6561248011513278,0.24135564189187023,0.6027490761317051,0.3432727566493854,0.39838324242175294,0.5673841059154687,0.4476807544073168,0.20346715852933436,0.23496367962546522,0.001285328179196108,0.09039922596725287,0.3036157377647968,0.1469803492436292,0.7627714771345706,0.5298507371511179,0.7958183909864924,0.027154152944366825,0.1577558694626393,0.38079143075588845,0.5072883344151814,0.0712339244577413,0.540128853570165,0.439368888483271
Cingulate_Mid_L,0.8577105789702707,0.7523009625253091,0.5293465422776601,0.0036946836358731187,0.7857195797066754,0.8095376048992253,0.11295402319048843,0.4491484967548299,0.912693167614526,0.70011252095813,1.0,0.08367291732039746,0.16218340402234777,0.11233043246485275,0.6674396513654459,0.04855753481466155,0.49032608056539717,0.8887107473427134,0.7540107912806172,0.2762597294492708,0.6064043163890462,0.5647763770196318,0.6892377643907116,0.24177869579672615,0.5588347928296529,0.6978988311837443,0.7147873982121207,0.1309394103690217,0.5161507634524598,0.4576829163118274,0.07808692167521492,0.270548789017086,-0.038125508488493935,-0.25281199010219035,0.5849080597196471,0.49199902955113217,-0.05050074871382227,0.8560493960628724,-0.09236080562592197,0.3011703679446707,0.5477639181274455,-0.1205726549809177,0.04847211952759883,0.575214601549981,0.08073736712528229,0.0741568090191907,0.7515564614275421,0.09092497059580254,0.33564127347791495,0.4149002059763106,0.3453755844940349,-0.0441828882470541,0.3957679681089469,0.04295292524707351,0.5393190666835012,0.7846348894284462,0.37890702784469166,0.6689957551825186,-0.10727972040424663,0.5822870399760918,0.08790012583268351,0.0834413454915175,0.6887766766840601,0.33858560710835806,0.31294653794064015,0.25022583589324754,0.891160934731872,-0.07280952916543418,0.7123561216349976,-0.053814894749188755,0.7369980118805256,0.7920035466681016,0.8744569868858308,0.29213828542173487,0.1310270039694802,-0.07950717504406556,0.8526637077316519,0.1180201679631107,0.870290076788835,-0.012658099330397396,-0.19174945719509506,0.29300001014310395,0.6121366952468644,0.5724375695849039,-0.04234900623185595,0.7600101807586684,0.799348260208448,0.13130089906353584,0.8446138274459374,0.9233321073550682,0.7585272231876303,0.6210209573055111,-0.02018571118791003,-0.004835626820982959,0.489896801057118,-0.22443753886433393,0.6840765070977574,0.5710854152078108,-0.24999281084440084,0.784335700484897,0.050861250147332365,0.4329888650671949,0.30320884301469986,0.8300341498876224,0.1283542908177327,0.7324455448507914,-0.1981189126845607,0.5890945293895347,0.16896251840163248,-0.02838050699536463,0.9131491730498437,0.30268249275513837,-0.0015355964060216544,0.8927144219290827,0.4458340322789797,0.40448344313425805,0.45501402462593626,0.5932122904838351,0.31942529767657735,0.775743501976466,0.7233150399672541,0.7461945230482491,0.6678213243321891,0.5268261775040789,0.4245246645806583,0.5701333577402307,-0.2284850719009203,0.12487055687620965,0.4512379738342379,0.1974414754082306,0.6842568073688461,0.8867532580153363,0.5856912768468924,0.11165781268450137,0.45855977080082216,0.6299347346586868,0.8724065828963024,-0.0033743740479681324,0.5194703020687153,0.6965955784352442
Cerebellum_Crus2_R,-0.0015257947231679175,-0.07930183270066733,0.29970162606164735,0.3391601899193603,-0.07650883851130127,-0.1175769390786803,-0.006362035118511273,-0.2328335486194562,0.0696522465950793,0.03789584927543839,0.08367291732039746,1.0,0.41921237617086793,0.4947185093018011,-0.05713728946631877,0.21651396105419643,-0.0993198098941901,0.06282373054848803,0.004198028856873439,-0.10720005467081459,-0.007550532020611099,-0.2184162484094874,0.12686475462532149,0.26092082101754643,-0.024276720177877957,-0.13887912638165262,0.1400587020557987,0.7472962642306439,0.18560319174370365,-0.18790872461108982,0.022245980356094822,-0.129701262670034,0.4375189441900004,0.03049017359529258,-0.07368543699849019,-0.15587288432260166,0.37453823941408537,0.1410075649257048,0.5006628811307774,-0.22328841006781483,-0.18936693829020074,0.28835592047770175,0.2819600321659297,-0.13400780621257902,-0.12221417023337608,0.3976781186615781,0.07593743817644238,-0.09006753759360434,0.14181877839364979,0.06898247853178241,0.11951125159035943,0.572686656504187,0.47547230782994954,0.5650762905012398,-0.14361248781409025,0.21656851326490098,-0.05904243134253872,0.32743861199207003,0.4495481473558438,0.1247944360254487,0.20442858812113857,0.14461444783186217,0.25730109332059947,-0.004458290722577985,-0.08241868060447069,0.2257192704700226,-0.00669138230693855,0.18945297548005033,0.009731749838490684,-0.006358188601059663,-0.0733569855337856,0.0928419581171201,0.07854829141970993,-0.13745201902554702,-0.07765889292689714,0.3144777703790582,0.06766893054879197,0.14733905390661717,0.09074384325128407,0.139950851770265,0.38230921034943555,0.5954207749928115,-0.0875930323984526,-0.018312977489487854,0.6294108384346856,0.09362894765136674,-0.003826316563026675,0.495109279254188,-0.036474682285315516,0.1417690026385312,-0.016908648022386816,-0.033781018478874866,0.7826798244562583,0.03308440386285094,0.022429086938892385,0.3818976896931773,-0.2204254742807728,0.3809895487125258,0.259303078912333,-0.03779468814674145,0.06958083508381746,0.17147723661700917,0.2549765881562668,0.05308684817054237,0.4444523649587115,-0.06807945430704646,0.45922144996165765,-0.16841613643050202,0.15493908790935568,0.280403245844305,0.13798989708832718,0.5298382992811165,0.3407997106054637,0.14407129951824427,-0.26115071910206883,-0.02767187557866146,-0.09794847028111753,0.1306195197338113,0.006040051130087742,0.17606323268038584,-0.1891751517471403,0.4272434544762816,-0.08749448062120045,-0.15827275516308054,-0.11126560171264578,0.018567960803873802,0.5399925803652812,0.07985435073991844,-0.24826921078492328,0.0296617259506035,0.16408369219970992,0.078170284172693,-0.1628399052671542,-0.17056420562809238,0.06379571644039093,-0.15789355622080964,0.20787008759384074,0.18405669398125274,0.3198025795359651,-0.10821065664924784
Cuneus_L,-0.04953673123700047,-0.08474045084749736,-0.2907702056249075,0.775875088196317,-0.1452536871435849,-0.04048014588452786,-0.010767797350088908,-0.5795995647233273,0.17023904444073729,0.20079421646984189,0.16218340402234777,0.41921237617086793,1.0,0.19827167699795573,-0.08570930748309188,0.3814907802784191,-0.5238521683698261,0.21714915053146872,-0.1682481741476787,-0.18129420111246158,-0.016430248167202503,-0.5518812916384352,0.2806297648547752,0.3015888454163944,-0.02727092235031316,-0.417796090119652,0.21010603671772235,0.5543804433078435,0.5477568265786009,-0.5132734544029793,0.48160739876200215,-0.25873315450532647,0.47881221147920294,0.4315652362926866,-0.3705264984652975,-0.3307685012790793,0.7688392103495993,0.3269709596436411,0.776099266601044,-0.3335539759680791,-0.5659951152231233,0.7067129779655181,-0.01221606813509493,-0.4162615197464726,-0.2654003607835395,0.7712272623327421,-0.01618841432688734,-0.19858231186499622,-0.09721203010945596,0.46394363538911604,-0.10723877555197854,0.5908694928569415,0.24057363406965052,0.44777635392370846,-0.27844506445870804,0.43038034954569315,-0.1646976532285134,-0.08888335300434094,0.6451759364387081,0.0039036991024721437,0.1526451734436781,0.36768460574763895,0.4826948812224997,0.017809095278975645,-0.17802807068919052,0.382518905027638,-0.06419263400490127,0.10867636890728545,0.14786731210839513,-0.2337484095460235,-0.1421618871568618,0.2782458938862152,-0.14852490575777563,0.13333792261759433,0.37443246171421946,0.5085393204470274,0.24961403445574223,0.0871293170278838,-0.036973263201547514,0.16042974037066407,0.5565018436647304,0.28460766421170997,-0.06432191997221559,0.05100516003655454,0.6823845123245978,-0.06946463937828426,-0.2385800414415504,0.8174337465320898,-0.13073943522525716,0.061175453462338096,0.07544151505866221,-0.3647813038114581,0.24191650141239215,0.30849621783503633,0.06503507815948849,0.7680809287299148,-0.33016202705568415,0.014933116532727974,0.692032017101749,-0.2874587516708037,0.2413080230251076,0.5898279776855908,0.28773968348310147,-0.01612766566147943,0.7853078281061411,-0.14332583636936724,0.4802869990183053,-0.5078697205835405,0.43775992223454774,0.40603336292412207,0.2010843405384468,0.768854182890452,0.7918359917127132,0.13215880257930798,-0.5319144499258281,-0.20050306641768442,0.02537645351003601,0.21295802814052825,0.08078580871083105,0.2972174595841045,-0.2293093261754648,0.4285600417899648,-0.22293440125216477,-0.3687344894889789,-0.2579736807349389,-0.3019417160306608,0.6863037156187525,0.09760408197104198,-0.5844488053611108,-0.17233395613221825,0.47715477976131526,0.029582820401412278,-0.14780222538662724,-0.42833973321295826,-0.37563828930718,-0.44725154913764753,0.0804315070280879,0.24293055771039804,0.3353139294416737,-0.32535820423991935
