,Temporal_Pole_Mid_R,Thal_MGN_R,Supp_Motor_Area_R,Precentral_R,Parietal_Sup_L,Cerebellum_7b_L,Rolandic_Oper_R,Cingulate_Mid_L,Paracentral_Lobule_R,Thal_PuL_R,Angular_R,Cerebellum_9_R,Thal_VPL_R,Cerebellum_9_L,Occipital_Inf_L,ACC_sub_L,Temporal_Sup_R,Hippocampus_R,Thal_PuI_L,Frontal_Inf_Orb_2_R,OFCpost_R,Temporal_Inf_R,SN_pr_L,Cerebellum_7b_R,N_Acc_R,Heschl_R,OFClat_R,Postcentral_L,Thal_VL_R,VTA_L,Occipital_Sup_L,Insula_R,Frontal_Mid_2_R,Frontal_Mid_2_L,Thal_VA_R,Paracentral_Lobule_L,Frontal_Inf_Tri_L,SN_pc_R,Precentral_L,Cerebellum_Crus2_L,Thal_MGN_L,Hippocampus_L,Rectus_R,Cerebellum_Crus1_R,Thal_MDm_R,Frontal_Med_Orb_R,Temporal_Mid_L,Lingual_R,Insula_L,Vermis_4_5,Temporal_Pole_Sup_L,Calcarine_L,Fusiform_L,Vermis_10,Putamen_R,Cuneus_L,Vermis_8,Cerebellum_3_L,Supp_Motor_Area_L,Thal_LGN_L,Heschl_L,Cerebellum_6_L,Cerebellum_8_R,Temporal_Mid_R,Vermis_9,SN_pc_L,Frontal_Med_Orb_L,SupraMarginal_R,Raphe_D,Frontal_Inf_Oper_L,Vermis_1_2,Temporal_Inf_L,Parietal_Inf_R,OFCpost_L,Thal_PuA_L,OFCmed_R,OFCmed_L,Calcarine_R,Occipital_Mid_R,Cuneus_R,OFCant_R,Cingulate_Mid_R,Thal_IL_R,Thal_PuL_L,OFCant_L,Amygdala_R,Cingulate_Post_R,Cingulate_Post_L,Thal_AV_L,OFClat_L
Temporal_Pole_Mid_R,1.0,-0.04150374894042592,0.20509417285940046,0.25996480527044513,0.1473511311694497,0.14459056515992474,0.11951265718372547,0.30320884301469986,0.1712261813665353,0.23932232958793942,0.10506219648847294,0.5603548974943353,0.08335624094613026,0.29954474936609665,0.21364422663493463,0.27071277509982383,0.06357865863558831,0.08011017579117893,0.2651039767310434,0.19486976308884002,0.40382773312043757,0.27118727451617314,0.19231010558560255,0.19358818529625163,0.18081614559310744,0.09945928626546871,0.07442387634058902,0.305270655420026,0.09008648726699628,0.2021741187947359,0.1995925415159942,0.2563625898775383,0.21062343623786423,0.20549858093102472,0.1607666383774894,0.23354701288826618,0.1976480145201295,0.20229939220266782,0.3012737212529557,0.05510270130144213,0.15586529546850858,0.21696755429138093,0.019978850490460165,0.18491474326531385,0.16381501265383402,0.019256589034324423,0.1338744239576996,0.26272588900252697,0.3513794140742676,0.3080490901863066,0.18305886912277705,0.1688833054032781,0.055284753660868824,0.13915547622198346,0.2867502425050381,0.28773968348310147,0.1839171809170732,0.14451657034133109,0.239882902458855,0.16125519569363095,0.16859207881951419,0.26187151830872596,0.16246658815228832,0.050715765677623696,0.12409115828311555,0.19361435857103043,-0.03178297115959324,0.32628761296834696,0.20866530818965823,0.3945026254602014,0.18073890845140586,0.1680534186052084,0.26287251147209995,0.18043618158544236,0.25562515377010403,0.2438749830590988,-0.03940109350833359,0.1604102277799837,-0.05627907208195447,0.2118577530668974,0.005267460043486031,0.37055601154469825,0.15055563501932331,0.003841180222102724,-0.08219047860636657,0.17038162071542368,0.2744173004049552,0.272157873641813,0.22374295323603183,0.24250157282309956
Thal_MGN_R,-0.04150374894042592,1.0,0.5365507849889407,0.5131738377137065,0.3580308222627364,-0.3676150918643203,0.062021030663197724,0.4458340322789797,0.5913113703488306,-0.06178607999198111,-0.5007003460292372,-0.24702581805240445,0.6129064665471163,-0.6687876631910832,0.5575470894612344,-0.018801579958149663,-0.13443818065052668,0.7785083750933894,0.38199244154689777,0.3583714427286103,-0.3203659796312391,-0.48324472877697866,0.7402124864675234,-0.7154655493442267,-0.46946753437548816,-0.22363238905245644,-0.29211232283603145,0.425609678300932,0.2511768624068071,0.7149142088827702,-0.7119030383336228,-0.26436598287060475,0.6984642352834554,0.6690199273344486,0.6490734395266324,0.4459880441699933,0.601300664866336,0.28764558253493394,0.4733015486905855,-0.46304274800227146,0.21562811842166948,0.6009295204783728,0.4663139684670545,-0.15622854570860498,0.5922043343437126,-0.47240498142870085,-0.3951418755969781,-0.5318101112709649,0.20985750789612317,-0.6520199909369649,0.45302010663094094,-0.5580212780700494,0.7396820149428776,-0.7378898712101342,-0.11554509587311602,-0.5319144499258281,0.04981584822394554,0.6624084085713747,0.5535404845522812,0.6027227880215701,0.41508358919098637,-0.48241081257064083,0.5434212732270062,-0.5369496707125377,-0.04020361774067117,0.6627803444051178,-0.3203872106713753,-0.05302485667012278,0.5107368728844205,-0.33558217630593484,0.6638588395930639,0.20805552244565223,-0.042006047353549826,0.09610968708816621,0.3614323570125864,-0.041859315905568975,-0.1493788613031525,-0.5454331452649747,-0.19342692515067067,-0.6644259442034397,0.796060483419001,0.5021424780085502,0.586867129055363,0.20042650701171738,0.12109969012626431,-0.574097167932256,0.23681799140672302,0.3944889764583846,0.659965681580116,-0.10594793306016953
Supp_Motor_Area_R,0.20509417285940046,0.5365507849889407,1.0,0.917074690381989,0.5899768274851888,0.06624447578201063,0.04203385892160704,0.7600101807586684,0.8754078936470893,0.49326114380306063,-0.27841689245884815,0.04523532432548675,0.6735241155525439,-0.39579319065625035,0.4910015527671473,0.1458014921248615,-0.10251485788022077,0.749244217584551,0.5588718485454155,0.17355245233744235,-0.1979282564174574,-0.2798258450694651,0.4741381613081927,-0.3886541312557537,-0.34090673209353267,-0.2241300375707344,-0.19065936459936322,0.8094235430112182,0.42196445442153296,0.6271653839318467,-0.29369184441801094,-0.14688589141288136,0.8577078068956876,0.8219501058342468,0.38658216603167966,0.8321900755014625,0.7751332893207837,0.13693942173823578,0.8690637491169007,-0.1102863743336285,0.3045656903601476,0.6179226895081572,0.2513946530374673,0.06383340229607537,0.5067806102507558,-0.30961125535269296,-0.12984172365840094,0.05748318355417521,0.39431927859355076,-0.06365191498194421,0.19773647687960816,-0.3048905323839638,0.6353596426806993,-0.48017862259570426,-0.07532821543940928,-0.06946463937828426,0.35479974649481694,0.8304022657269087,0.9352397461442182,0.3510751424363728,0.3614590851476566,-0.2126122159250148,0.6767501406934301,-0.4271750682566735,0.19210753950848544,0.44205612682078865,-0.06298407344932168,0.33934414838505794,0.37926691782436106,0.024871770173970183,0.8503388856575202,0.3583716750300429,0.1915348028013752,0.0485520394328503,0.44525186152812357,0.08691844145125965,-0.16761501669944776,-0.30683935682765634,0.08693745563876387,-0.28074009131733485,0.5557848327732339,0.8553215752041378,0.6121810896257427,0.45558840753712043,0.15807092056250974,-0.34699632710534223,0.7688514053898944,0.8090201340961473,0.5720877450299745,0.262281622287459
Precentral_R,0.25996480527044513,0.5131738377137065,0.917074690381989,1.0,0.6141496778980314,0.16281303219757587,0.2753354833646139,0.8724065828963024,0.942459081112323,0.552338883187301,-0.10842577813035098,0.010004017268359507,0.7842531724756242,-0.3582119519163079,0.5179078770011981,0.1588397785493365,0.05480280067162731,0.6945902258465989,0.6386045929230894,0.27510153774693685,-0.11251880365061824,-0.3248798115827828,0.49753299734939865,-0.28161384627629377,-0.18905811960644475,-0.05644846848973474,-0.20986329514125163,0.8690723633360393,0.5355531540333851,0.6206476942568228,-0.17340528334358948,0.065992285642705,0.886484247131655,0.8362994743525963,0.5075686407394493,0.9270203214801696,0.84487614496884,0.20751344253089074,0.9282550432247457,0.04249000482244703,0.3908281778767893,0.7122411638172196,0.24280973951153847,0.11352762223559931,0.6380313944178673,-0.21307651195715316,-0.07292951532362996,0.22957454210535394,0.5072883344151814,0.0696569348120973,0.3278506242175973,-0.1338719102617729,0.5815837769210075,-0.36254221854199714,0.15081776391990567,0.0804315070280879,0.2649438803994076,0.8018403780738126,0.9130868871365277,0.4829932509755401,0.45268539610683406,-0.03671861267529882,0.6336701640088298,-0.4003450147150806,0.08876490388948943,0.5178190173732106,-0.06199602861069989,0.45716910082274415,0.45381059965342535,0.1782383927315913,0.8104285199405187,0.3756473829713162,0.3763603289645988,0.049891290800559,0.5917132918063857,0.0916426060986741,-0.10709805347767544,-0.12350410805977959,0.07444135434519493,-0.08962295555944141,0.5001113927065394,0.931077739166558,0.7158178551067326,0.3747491306370187,0.15836566694689738,-0.30582341748044717,0.8227913274082294,0.8699287393168723,0.598017674326671,0.2847031323335639
Parietal_Sup_L,0.1473511311694497,0.3580308222627364,0.5899768274851888,0.6141496778980314,1.0,0.25813435835582976,-0.0757166839572186,0.5463402496185235,0.6679359713990126,-0.0114812958540882,-0.22258885531164765,-0.12517764359886538,0.32353771627671907,-0.4971167568403525,0.7560030132038218,-0.012223079416069425,-0.286326156887795,0.5989792707875363,0.20716916598876578,0.31327764229903504,0.030958699236547645,-0.2787697145770244,0.44248861266217343,-0.3499864092405387,-0.3475555086351688,-0.3120755153115381,-0.1102196846068952,0.4973595497793123,0.13636538949273608,0.67229009879729,-0.0180514649410819,-0.14167725171809317,0.6778845864537176,0.6334608111714547,0.15934360404586204,0.5696395383340458,0.5796762189577388,0.21280633771613774,0.39742245932106296,-0.06345019238678776,0.07547705008939182,0.3870904578153573,0.536427774538818,0.18002609481748597,0.22259961610643916,-0.16966806148010077,-0.14658929290359923,0.06894341719246426,0.09877885663597391,-0.053088812213421294,0.3295156803015196,-0.36926420392577847,0.7094559517431412,-0.5548436679145924,-0.10976739062723827,-0.056420043776913564,-0.020764975407714565,0.5351198496682813,0.5276645776881984,0.06370819868746587,0.0054901640536395855,-0.27676029126219864,0.5490913943377144,-0.5478390005941199,0.3082905049098186,0.42788045021567855,-0.21222342558343038,0.4797274517742143,0.08859402516545749,-0.09198894759992693,0.49486032822448767,0.289472083686006,0.5055711810571424,0.1034142459353377,0.11232940946690015,0.16312843518245873,-0.13539364902319379,-0.3689681746490495,-0.08893493246302665,-0.08030463943713154,0.6139168227168663,0.544927443855859,0.3621028463398026,0.3209503997700247,0.04688921829701173,-0.31876706608014654,0.4498104871060549,0.5641238292348846,0.2775765653808723,0.10533485138261707
Cerebellum_7b_L,0.14459056515992474,-0.3676150918643203,0.06624447578201063,0.16281303219757587,0.25813435835582976,1.0,0.2550527133199402,0.04295292524707351,0.03045729827641608,0.23815985741646903,0.5043573376319065,0.12428948026374204,-0.1018073306744015,0.2905103798652448,-0.02650870715825695,0.20991648695547147,0.1022008745126174,-0.27488340041932907,-0.1107969530993794,-0.040561027131392334,0.2725250516908514,0.2083673767895218,-0.27226894011062275,0.5783660620663106,0.3633771540248369,0.20168529919795788,0.09789901866529573,0.04735424751141669,0.09506084000548641,-0.20926070738731645,0.6175655692476253,0.3445909899512448,-0.04194129686046033,-0.1037027372958182,-0.2502857748801114,0.13486466843318487,-0.025956396392030335,-0.13541179104785595,0.05856879503710986,0.7955279031245368,-0.003947687353405747,-0.1621006568436471,-0.15440055391473156,0.48149910022864606,-0.15394742795131347,0.27553174343090236,0.25551019827059535,0.6291004408359204,-0.03412188846059406,0.6438416919713462,-0.10764901740536093,0.35968106178240883,-0.14147376279732887,0.36943236853356465,0.2898434637897038,0.44777635392370846,0.003590458947502731,-0.15547479943658504,0.01822833270466315,-0.2519434463873128,-0.25412850810524445,0.5219195623676381,-0.03428727361319097,0.1759134710494726,0.3586617107372208,-0.20239782447427634,0.12105831613096303,0.41236221041339843,-0.03161317283160747,0.30343357387978376,-0.24287260590827695,0.06329397073045435,0.4269723797283309,-0.20389795770396837,-0.09649043705263587,-0.05517692442899988,0.13513946628020324,0.38482248321352797,0.31709718599848724,0.5991908503180671,-0.2718967768395682,0.09610075872111462,-0.1938763383114904,0.2098597233991508,0.18818794305996508,0.3561724261511231,0.2139213134342635,0.07755609292872913,-0.30621346298912866,0.19307625008161802
Rolandic_Oper_R,0.11951265718372547,0.062021030663197724,0.04203385892160704,0.2753354833646139,-0.0757166839572186,0.2550527133199402,1.0,0.30905486661960946,0.20986954236001262,0.37666978525406103,0.5381854803000502,0.1524510494787473,0.4663179445987657,0.20345208382197946,-0.17188023388068147,0.18394895396502992,0.7846360235698309,-0.1390416175705632,0.2965088586488371,0.3178141503583259,0.1707140265991243,0.08716435865742643,0.0411758412758427,0.34330032054284476,0.4065491156222401,0.7530907867602845,-0.019860356191045044,0.16817156650390128,0.47278640631835406,-0.10373896008781824,0.3354875505441713,0.7208527001726655,0.10564573951195541,0.03604510985813219,0.4222366003679201,0.2910524074602734,0.06287901139134794,0.004086365784185013,0.29288059882098233,0.45585592609967956,0.38819014012769176,0.23850256959173427,-0.15332147812060581,0.010467064997824745,0.44014630853648573,0.29688022182182516,0.15763813662028864,0.41051456941666725,0.27953528848790143,0.39061115395999685,0.18015228342936893,0.5232334667473906,-0.2125196640533789,0.4310735717169434,0.8108515539106161,0.37844716809097134,-0.10633944097450353,0.017649525323979964,0.06490260819056533,0.366016397059001,0.16985805486598,0.5225374727984559,-0.20052597887859175,0.3364608118713002,-0.0966240614939019,0.18116058391389728,0.115411276839941,0.3256291302082073,0.3825315770787775,0.34965148187450884,-0.0330053853620704,0.13016361020703254,0.4175846275518873,-0.18860470438856397,0.4706884389027533,-0.03778472405834114,0.227160937393423,0.6167499854130417,0.09619746019184444,0.46797795179886165,-0.20324081088666568,0.3430976482960355,0.35004542528080507,-0.08763787170029344,0.20775418400029563,0.11111550791783588,0.35778997086755926,0.18052810214263504,0.043200214809524545,0.2390623586434986
Cingulate_Mid_L,0.30320884301469986,0.4458340322789797,0.7600101807586684,0.8724065828963024,0.5463402496185235,0.04295292524707351,0.30905486661960946,1.0,0.8867532580153363,0.5161507634524598,-0.10727972040424663,0.050861250147332365,0.7639671985345229,-0.24390970655084304,0.45855977080082216,0.08790012583268351,0.1310270039694802,0.5890945293895347,0.7123561216349976,0.270548789017086,0.04855753481466155,-0.25281199010219035,0.4576829163118274,-0.2284850719009203,-0.07950717504406556,0.07808692167521492,-0.266204881352809,0.912693167614526,0.5822870399760918,0.575214601549981,-0.09236080562592197,0.16896251840163248,0.799348260208448,0.784335700484897,0.5393190666835012,0.9131491730498437,0.7966944208593453,0.2762597294492708,0.8927144219290827,-0.0441828882470541,0.45501402462593626,0.8095376048992253,0.3011703679446707,-0.02018571118791003,0.7523009625253091,-0.1981189126845607,0.1808694037495453,0.30268249275513837,0.70011252095813,0.13130089906353584,0.44426858177382106,-0.0015355964060216544,0.49032608056539717,-0.24999281084440084,0.25022583589324754,0.16218340402234777,0.29213828542173487,0.7469872164179526,0.8300341498876224,0.6121366952468644,0.6064043163890462,0.0741568090191907,0.5293465422776601,-0.25835455519597095,0.04847211952759883,0.5268261775040789,-0.004835626820982959,0.3957679681089469,0.3453755844940349,0.3600927389528053,0.6965955784352442,0.33858560710835806,0.29300001014310395,0.08073736712528229,0.5932122904838351,0.12487055687620965,-0.09171848157599574,0.0036946836358731187,-0.012658099330397396,-0.07108067228752113,0.4491484967548299,0.9233321073550682,0.7369980118805256,0.37890702784469166,0.1180201679631107,-0.24537897985099605,0.8560493960628724,0.8887107473427134,0.49199902955113217,0.24177869579672615
Paracentral_Lobule_R,0.1712261813665353,0.5913113703488306,0.8754078936470893,0.942459081112323,0.6679359713990126,0.03045729827641608,0.20986954236001262,0.8867532580153363,1.0,0.4412864210454658,-0.220212670085693,-0.09109561906062148,0.7481099790922872,-0.44157016291326495,0.5754222521497646,0.08764246210283763,-0.025521086000933113,0.7318332531862493,0.6603641084296533,0.24951899462571323,-0.13032751963048267,-0.3681867012387274,0.5634091669212216,-0.4205185026807088,-0.30516254538162735,-0.05805775247466907,-0.3047085037534508,0.8894191233946578,0.4572677115058442,0.704888788907841,-0.26085955792028526,-0.041924216896809884,0.8886607845691851,0.8477050490008549,0.5389216324548839,0.9283042345079374,0.8539758671946656,0.25565483171283354,0.8896201026203141,-0.10816809418834865,0.365129272338865,0.7948342302028414,0.3628456578902021,-0.0025100749800784057,0.6827722869895537,-0.26400789670874936,-0.013359111333946882,0.12780097659265086,0.5298507371511179,-0.0682628647319587,0.39148557868519357,-0.17673125425292124,0.6562689541869503,-0.47010526355608545,0.04173891480397269,0.029582820401412278,0.27330521577197275,0.83897445909143,0.8878756695716252,0.550158552999964,0.5093289001021666,-0.11495871887973888,0.6403300231063451,-0.4753796580830104,0.021262144601803847,0.574521865043274,-0.0680523403162548,0.309752475422003,0.3789332653374139,0.118200634619058,0.7960130704255743,0.4066592047943262,0.2819160342958359,0.034849633482971126,0.5951562837415558,0.11530765403498279,-0.135545539548397,-0.18218550627075156,-0.007149137075286302,-0.21986288560770137,0.6124314240213569,0.8794464049169353,0.7426325303036433,0.3558483885510168,0.16979142961589455,-0.3650349986662774,0.7956629149537865,0.883983791754769,0.5978879950932798,0.17197130192293264
Thal_PuL_R,0.23932232958793942,-0.06178607999198111,0.49326114380306063,0.552338883187301,-0.0114812958540882,0.23815985741646903,0.37666978525406103,0.5161507634524598,0.4412864210454658,1.0,0.3074859879704572,0.18737759052500116,0.3599655082901437,0.25498331765527055,-0.1761389332544759,0.16422180551558782,0.3543846412679505,0.005885776282070119,0.5161625346975544,-0.1919404803272305,0.09292496117184479,0.11882587117768845,-0.19695441080826462,0.2803647892575476,0.1639662837007303,0.356578319762404,-0.1457037200099035,0.5692662542477267,0.37949624150586203,-0.07529826358668792,0.23923262639922244,0.25985392152426084,0.2514381035302655,0.20322260804780506,0.13185183158533342,0.5663211800060018,0.3060701248330793,-0.12230460175445851,0.6298635117206935,0.33424637827381565,0.27537376874105235,0.33804859695793094,-0.27136790967398594,0.06813841120165634,0.3283014835828237,0.073519747530944,0.2726804063422015,0.5291827374350746,0.43162468492675066,0.5140456846296776,-0.1263874688027394,0.44293457870527153,-0.1633085471145545,0.3288787259386241,0.26565860430239757,0.5477568265786009,0.3941887233044872,0.3582971437349671,0.5455222056574522,0.22275284832092712,0.2898164750659549,0.4562297472239519,0.06968271698180088,0.20946183333186938,0.046805143740281434,-0.11793432168824892,0.17854882404403033,0.2328133635278807,0.15778485257233443,0.43764336328828096,0.271327925587695,0.16398218159045294,0.12217857594575272,-0.18919362348722998,0.4526045191710277,-0.009925282479896458,0.018589638995974607,0.443844822461239,0.31637301135271395,0.2868302594110246,-0.21987728066605583,0.5163293163005745,0.23972092397058314,0.1519290774787655,0.17511222110506625,0.24003972967826115,0.708782420418394,0.5915896785665142,0.1432591076932859,0.3827687255405791
Angular_R,0.10506219648847294,-0.5007003460292372,-0.27841689245884815,-0.10842577813035098,-0.22258885531164765,0.5043573376319065,0.5381854803000502,-0.10727972040424663,-0.220212670085693,0.3074859879704572,1.0,0.152950512286257,-0.15429231275187663,0.5687874987939533,-0.41930554119198915,0.14504617136794876,0.4689320910193114,-0.609112149915571,-0.09868453393687686,-0.16444781837424507,0.3430682893922979,0.3222627411981302,-0.497695044404458,0.7487320817715434,0.5950331924358155,0.552628669968824,0.14751527754615754,-0.14732802885355384,0.16398960238532523,-0.5518112738652382,0.7387344902663918,0.5422432514761111,-0.3903653356077547,-0.4151792752314183,-0.1948314930107705,-0.07859384555190933,-0.30567235588248515,-0.21083536461523603,-0.06896946159688778,0.7308667655537638,0.017059482032255352,-0.28301288460038393,-0.5069086182887912,0.35695617530074963,-0.1492846482118145,0.5270186011080883,0.33533887982441857,0.6056551826454156,0.025066283988002834,0.6964939429877524,-0.1674390519854699,0.7387387394556396,-0.6468631817498378,0.7407991344521873,0.5460192017256685,0.6451759364387081,-0.15245929767844216,-0.37883580406303485,-0.27744873189504293,-0.11327266317722177,-0.08175478139574485,0.6675474651628607,-0.318577979774229,0.49622295223926605,0.036611026114792444,-0.358994524880572,0.2554058310027627,0.3255174039053105,0.02675921349348849,0.530726739045121,-0.4659350707623859,-0.10560173905932571,0.402964717375856,-0.277389515348573,0.08870636473667644,0.058155961246992204,0.2865024919935949,0.7794932332668918,0.32719641357230195,0.7714647497248435,-0.6236925609850943,-0.09772392056379886,-0.2598008590638912,-0.16779846472370671,0.09773990464587672,0.46639887638485106,0.07725937784524686,-0.15809443913146703,-0.44763170736333346,0.28926048922403236
Cerebellum_9_R,0.5603548974943353,-0.24702581805240445,0.04523532432548675,0.010004017268359507,-0.12517764359886538,0.12428948026374204,0.1524510494787473,0.050861250147332365,-0.09109561906062148,0.18737759052500116,0.152950512286257,1.0,-0.035247270270775316,0.47716967760025164,-0.1477024440115807,0.20813556538612232,0.20804697154920887,-0.11831920680251187,0.16238316054820115,0.07985837018347507,0.27806520961466064,0.5283886847140208,0.04754190854632888,0.3309401036284921,0.2876626332411867,0.25501586801399023,0.10887915956436098,0.11937831896538269,-0.008366331958786047,-0.055075699036024287,0.28854555830342415,0.2717974862441258,-0.0681791111223194,-0.04877928118867599,-0.02885070342248826,0.007879568484541976,-0.10537160464096569,0.08541474316134043,0.10912980611164688,0.10805829051385378,0.09584336902151283,0.031050912767435268,-0.18540009059299167,0.05365123418624807,-0.029743343411467667,0.033738912194950836,0.29273947491527136,0.34004178176425903,0.21737600525116588,0.40194897871281804,-0.03535599820897343,0.3130587008848739,-0.1154455301395161,0.37866997791974644,0.3026419876547679,0.2413080230251076,0.1824008053155571,-0.10435712936900182,0.021416630577527258,-0.045549245985861214,0.016694852454165177,0.3367200911129564,0.002035476303385274,0.3091559334051874,-0.03841630280987495,0.04946685350097568,0.15661001155093623,0.22951112839628834,0.1431856746594955,0.345891628286236,0.027841649356349425,0.17106213421393782,0.05794938505594208,0.08030415673953192,0.0938174858826218,0.08150025639227246,0.0013274987788576454,0.31430222261414703,-0.050017093941453934,0.26245548912815403,-0.20482013432567,0.16469944687193855,0.014866619056913562,-0.048098966975464015,-0.08841024721635388,0.2583645936949138,0.1314589254980694,0.05969334930043704,-0.01727952826415982,0.16412581315064712
Thal_VPL_R,0.08335624094613026,0.6129064665471163,0.6735241155525439,0.7842531724756242,0.32353771627671907,-0.1018073306744015,0.4663179445987657,0.7639671985345229,0.7481099790922872,0.3599655082901437,-0.15429231275187663,-0.035247270270775316,1.0,-0.3978924513500577,0.38984734058007287,0.11259729411979011,0.2674201858067127,0.6693406323928198,0.5736260875615109,0.49193146317552966,-0.20370454739580718,-0.42974404223580326,0.6171606234548804,-0.3601499054836981,-0.07533914086985403,0.07488326623071238,-0.09302795229169364,0.673227342099226,0.7337239688706844,0.5202146234053413,-0.34071056403144995,0.24237664117593608,0.8009099873524946,0.7969854530798092,0.7373173300755551,0.718981192753144,0.7238885778252838,0.3114841343361892,0.7858791169875902,-0.11604821011586129,0.4890063752587602,0.6954552856073798,0.24718907581299976,-0.1012804736986593,0.7985367085289402,-0.2753980605979948,-0.14350150096192943,0.04212894663996355,0.5378966330548772,-0.11869325439771237,0.45302161768777083,-0.18732569819034067,0.49688548705889973,-0.3330156331439504,0.36208398526210817,-0.18093214784661618,0.03761203424930489,0.6176171675157924,0.6672362517511757,0.6154730829085655,0.5395603456777202,-0.1446839101802264,0.46030037584117434,-0.32432715549540864,-0.03102144642607191,0.612121056459567,-0.13478728838755957,0.3627666897307384,0.5367941236119609,0.1415277951745197,0.7322709313154231,0.20771365941491862,0.27432345101948313,0.1959322971131645,0.6030190539338557,-0.04891034918371818,-0.0735408557126508,-0.13562092673137957,0.019884398521235226,-0.17491567867841076,0.4792582253402085,0.8261502942367084,0.8477963230004973,0.34382292491842803,0.10570481086297083,-0.4650006848374794,0.6486184912493312,0.6508188199307307,0.6049709797778582,0.1641566428334085
Cerebellum_9_L,0.29954474936609665,-0.6687876631910832,-0.39579319065625035,-0.3582119519163079,-0.4971167568403525,0.2905103798652448,0.20345208382197946,-0.24390970655084304,-0.44157016291326495,0.25498331765527055,0.5687874987939533,0.47716967760025164,-0.3978924513500577,1.0,-0.5336729287936404,0.21073522746578113,0.3521066328478806,-0.7552240251910836,-0.11533385562965195,-0.23288329007863326,0.5826933234361036,0.6131364316417351,-0.5174762979508198,0.7764287566076803,0.5755842711506295,0.5101479310696669,0.1519449924720328,-0.17121645718260395,-0.007613323223597703,-0.5715008712791444,0.6674763410432105,0.4978065882108139,-0.5304016098585191,-0.531067060934899,-0.28056605471714247,-0.2911094766660381,-0.4112907409711295,-0.08051548364783989,-0.17993353384528196,0.3895824177320419,-0.001113982288549323,-0.2976377263926572,-0.47265902817181316,-0.003893250915621035,-0.20951348467657938,0.38759289195331,0.5420868855695289,0.508010542149019,0.13898940121490092,0.6935022516100684,-0.25288994986599467,0.7023546583282154,-0.7730916268991188,0.8530757686394161,0.3840441631431129,0.6143149917165671,0.1477318565251836,-0.42869330763289515,-0.31935368992583923,-0.24170672244474994,-0.1149146486111278,0.6722227035344842,-0.5538706565485925,0.7321015629765105,-0.03620173600959405,-0.43093618004192547,0.3528272409920978,0.0050569295179100195,-0.19152464064860555,0.6116261791870908,-0.5246998343741446,-0.11782819100738275,-0.09515535360015215,-0.14356463885448878,-0.07961588063809076,0.08993490497320751,0.1271209729366959,0.696848937358694,0.13081488041001404,0.5939731505139216,-0.7098970743739828,-0.22688282407345067,-0.3644326744963902,-0.2024379762271458,-0.03577313494792186,0.7192376277585176,-0.03435048302352346,-0.267071821691247,-0.41438426967293274,0.1941685181496884
Occipital_Inf_L,0.21364422663493463,0.5575470894612344,0.4910015527671473,0.5179078770011981,0.7560030132038218,-0.02650870715825695,-0.17188023388068147,0.45855977080082216,0.5754222521497646,-0.1761389332544759,-0.41930554119198915,-0.1477024440115807,0.38984734058007287,-0.5336729287936404,1.0,-0.0002124233916160645,-0.3687353027933861,0.6828932795847035,0.16005856220396467,0.4566470146941076,0.0399374614403565,-0.4518690706037535,0.6769643112585881,-0.5386862257122123,-0.4350060192762882,-0.39529061942745375,-0.14627012101446304,0.42000592635658096,0.20750500638128724,0.8541984119106178,-0.3251788482804355,-0.1462371553422836,0.7160977634146072,0.7026087203590172,0.4024912262183916,0.4237656965795409,0.6362113943343544,0.442923198488454,0.36880733476562183,-0.2879066058438813,0.17129926845584584,0.4437394243579548,0.625488543024357,-0.016171520956307764,0.3404488709113243,-0.3056110605981591,-0.3253000236336823,-0.23137293692713046,0.1577558694626393,-0.319819391383021,0.5456500886886463,-0.5591369566918926,0.7349580786047067,-0.6551526321608292,-0.11693258319943027,-0.37563828930718,-0.08669537738997303,0.540765652816199,0.47711058187707645,0.21350141902328088,0.17748259350167606,-0.46862549284528165,0.5551170867274767,-0.6365115711378884,0.1783039387564709,0.6311236699059866,-0.22329037502331867,0.32058836943273905,0.1861924570171154,-0.14087436109930257,0.5552828544152574,0.20223990368182476,0.31511386321305773,0.23844470447878321,0.12148603975778267,0.24486463753815535,-0.20506677754724045,-0.5467997600937398,-0.17356324066514695,-0.3452658897159113,0.75381537427828,0.5171313271763942,0.4177456560543765,0.19058249745373546,0.010479504073520643,-0.46948447077376027,0.2626348419136269,0.4067791364049619,0.4558898263657278,0.12860136388600094
ACC_sub_L,0.27071277509982383,-0.018801579958149663,0.1458014921248615,0.1588397785493365,-0.012223079416069425,0.20991648695547147,0.18394895396502992,0.08790012583268351,0.08764246210283763,0.16422180551558782,0.14504617136794876,0.20813556538612232,0.11259729411979011,0.21073522746578113,-0.0002124233916160645,1.0,0.10875118504179122,-0.026055674668293775,0.09273011610134826,0.04743721861223214,0.14986540517677235,0.10657643964985408,0.09736149387638371,0.22769025938029977,0.22276647356460624,0.16878454938758494,0.001612774137446046,0.12317571439192164,0.18746101515524094,0.04067674786690741,0.11737283399086623,0.14644839583140645,0.09163002876310045,0.05710158634897213,0.0854829193754104,0.1410181099718292,0.10464744957268977,-0.05297730188297828,0.2162027677269303,0.18564936049340594,0.24653739674558106,0.03456084767627901,-0.1642046682044792,0.16070834438599924,0.10357306418144606,0.052262353772400266,0.1501847932037624,0.17884823174761336,0.12875850638236128,0.18247545786881436,0.06509571359613964,0.15470946165480884,-0.11747040257523941,0.17300533549490107,0.21344120391913995,0.1526451734436781,0.15488420869444414,0.0814841234572488,0.1427636868769659,0.03962195487088251,0.09294927949157011,0.16566186601610886,0.07829797296634583,0.08570820415800534,0.046509477652784334,0.06529937027143502,0.11577383443216824,0.16119562076588353,0.25289208680133335,0.22108927478209867,0.05823439787579441,-0.025064388843156652,0.15848758012719794,-0.025383349054775132,0.1436411303830002,0.06462828947466863,0.1955675299464613,0.16964741127900246,0.11119436138488573,0.17804820002752095,-0.061434706549632755,0.19665717116807674,0.12440921053107452,0.12238596262323702,0.04034740312573856,0.11207258022507977,0.1480480107421554,0.04521741207197832,0.17840084245804025,0.2321182605533167
Temporal_Sup_R,0.06357865863558831,-0.13443818065052668,-0.10251485788022077,0.05480280067162731,-0.286326156887795,0.1022008745126174,0.7846360235698309,0.1310270039694802,-0.025521086000933113,0.3543846412679505,0.4689320910193114,0.20804697154920887,0.2674201858067127,0.3521066328478806,-0.3687353027933861,0.10875118504179122,1.0,-0.24889313794553583,0.16080191539221705,0.2541018579651806,0.18302491549676062,0.35666786354844465,-0.14800790295618124,0.3716640030862372,0.4689374050596309,0.6334760948648364,0.1120477710284314,-0.006246834387537416,0.34435506390824544,-0.31371377353606605,0.3316946841257586,0.6568082430009522,-0.11469566859276016,-0.12231937575187879,0.21888780172561473,0.10991293250809149,-0.1544893585944605,-0.09307940563757218,0.09657811014146958,0.33825068293266464,0.36564275808342056,0.0017565489140887122,-0.25814788581090925,-0.16759457854509371,0.2054998949364048,0.18957463223550053,0.1531816270181185,0.3151753536856742,0.1419331047772828,0.3700628835890197,-0.03793292469579829,0.4907343810530634,-0.3695883034068834,0.5095677556442112,0.6664776551610672,0.37443246171421946,-0.10233077552721598,-0.18519373077352352,-0.07925039711315443,0.18111897685657638,-0.011651150595749891,0.44813276325642065,-0.4490021450918049,0.6339093356299268,-0.07162884283348807,-0.0113581893276975,0.09061211777293272,0.2434659275544871,0.24847348333842822,0.3189618664690039,-0.16593063174618203,0.03090875252139701,0.23396853676970017,-0.1299352878580928,0.27044958990899115,-0.13437896254115025,0.13456006859143352,0.5604296311427902,0.14808001866070739,0.46429100371780924,-0.3508048137165789,0.1356923220067101,0.15648780102259693,-0.14285252157458783,0.13023144408395843,0.1792353314443416,0.1798839472879119,0.016452394607006295,-0.09754632504511834,0.22563239312069464
Hippocampus_R,0.08011017579117893,0.7785083750933894,0.749244217584551,0.6945902258465989,0.5989792707875363,-0.27488340041932907,-0.1390416175705632,0.5890945293895347,0.7318332531862493,0.005885776282070119,-0.609112149915571,-0.11831920680251187,0.6693406323928198,-0.7552240251910836,0.6828932795847035,-0.026055674668293775,-0.24889313794553583,1.0,0.38298864509689073,0.4279360843623297,-0.4043141374581166,-0.4728381003004967,0.7713771244828851,-0.7848345598789853,-0.5017427239027357,-0.47278682199149946,-0.12246857203929437,0.5664102026181939,0.23799273198371756,0.7901710476536136,-0.663010963296047,-0.33353430663460265,0.8548409566117765,0.8714119724740396,0.4934321580047223,0.6081299761992695,0.7025763029075395,0.2705931461515025,0.5832893243782065,-0.46252238802161816,0.20922691800292598,0.5837336128774842,0.52720558187468,-0.06258498141718079,0.4645307580256178,-0.5412928387692431,-0.45490103503555496,-0.40339413834128096,0.20711216139871239,-0.5421832850488875,0.3956653053061327,-0.7018050501029873,0.889331835623958,-0.8450319936337921,-0.2440405158192336,-0.5078697205835405,0.030545161241975802,0.6965033131627199,0.6897555887957246,0.40870007274977876,0.3348926450235834,-0.60006359974654,0.6872550038568666,-0.6786662607388414,0.09912622834495208,0.6715786153284671,-0.36217509679308274,0.22297266006491914,0.4580143899382134,-0.30159784469797035,0.8583845613074044,0.21542301445270468,0.13217466687902593,0.2591361608022538,0.3032330952398355,-0.0038530950691797105,-0.19406426597155907,-0.7028703704211161,-0.12421200396365095,-0.6088809896936,0.8587098647122431,0.6560310711596449,0.6317746933704601,0.3247019852953349,0.03377498271547887,-0.6933461284035036,0.3857273672062794,0.5821776722700708,0.7028134902630544,-0.013721548262834744
Thal_PuI_L,0.2651039767310434,0.38199244154689777,0.5588718485454155,0.6386045929230894,0.20716916598876578,-0.1107969530993794,0.2965088586488371,0.7123561216349976,0.6603641084296533,0.5161625346975544,-0.09868453393687686,0.16238316054820115,0.5736260875615109,-0.11533385562965195,0.16005856220396467,0.09273011610134826,0.16080191539221705,0.38298864509689073,1.0,-0.09158749339583244,-0.007490331629424478,-0.05629769519903842,0.32348364746856,-0.16375962805170588,-0.156930790816819,0.24493689893150297,-0.4759750523870189,0.7778394784383041,0.3478444342708991,0.4094478633978627,-0.19957718082084674,-0.04364328943805846,0.5176206962551967,0.4838600502453768,0.5082320504667152,0.6594072294544371,0.5901627364370099,0.1980396010048687,0.7365243352017221,-0.12410978842308588,0.4016657122970717,0.7873707019087649,0.08353097462510134,-0.0421322238248219,0.6934598573693348,-0.09170842559073833,0.3390796597425686,0.2099444556071508,0.672269222015705,0.014886428063192245,0.25683718022377205,0.2012871525094971,0.3016249539498763,-0.09816744428066504,0.09564772434274187,0.14786731210839513,0.49832908622073596,0.6744966828945471,0.6933846522695855,0.7052039721189511,0.6391375080313273,0.20090467727593989,0.45958810478497797,-0.11294568381120129,-0.2431213940658779,0.35420818048284086,0.10351029973759478,0.003911698281013097,0.3363255118842323,0.27302657270833336,0.5874233041845224,0.41716746128316956,-0.004490422620692058,-0.09925386434992878,0.7075645758658144,0.06540325259327927,-0.08599208842646781,0.17070641017357213,-0.1849795064777891,-0.1308134523662178,0.27062245452102107,0.6581508639070331,0.5977369777208263,0.17553990966633878,0.1391753451424921,-0.07233790803816181,0.6695328875620287,0.7203622381274963,0.47418233630879913,-0.0049021330579502595
Frontal_Inf_Orb_2_R,0.19486976308884002,0.3583714427286103,0.17355245233744235,0.27510153774693685,0.31327764229903504,-0.040561027131392334,0.3178141503583259,0.270548789017086,0.24951899462571323,-0.1919404803272305,-0.16444781837424507,0.07985837018347507,0.49193146317552966,-0.23288329007863326,0.4566470146941076,0.04743721861223214,0.2541018579651806,0.4279360843623297,-0.09158749339583244,1.0,0.06533152071961719,-0.20752777258258137,0.5698302242469324,-0.2794490412879416,0.09252469889904488,-0.0344886614984923,0.4273464220508868,0.07605736847039704,0.3651413783528856,0.3823720713056861,-0.12279194842977138,0.531005709271322,0.5045466841881749,0.5226679349872976,0.48800287304661155,0.1703411538465828,0.3078323920555894,0.3686886088602343,0.1734014810636725,-0.1285292017808415,0.2892079351278196,0.1367012486853398,0.34131895738930984,-0.18630014933388314,0.26743676259085863,-0.20157501880125542,-0.4838600786637921,-0.12873915125832855,0.07424765209958804,-0.09479919416553295,0.4294291536350552,-0.4174100291486979,0.38409043437219537,-0.2795715134034711,0.5144395241801482,-0.25873315450532647,-0.4042013999856664,0.08732573151851773,0.08681214258325237,0.101206576406456,-0.07833609499728306,-0.2677172997280885,0.005315931119498533,-0.21898161423794207,0.22539020179696173,0.5700793927189385,-0.34300114790969954,0.5217888805844445,0.34814286470382516,-0.01954832307050991,0.3165183709364652,0.003186903818007464,0.4304134392739715,0.5082267049381779,0.0952517077517631,0.019159009169741312,-0.15120022395615668,-0.3273977472687961,0.024888621999835697,-0.044918199275089825,0.37238376957747443,0.40555593310793747,0.4515745529690542,0.04336036096761148,-0.14033162163390225,-0.3362050092366166,0.06736590867624484,0.09854153452963109,0.34491849482316783,0.23001402402518284
OFCpost_R,0.40382773312043757,-0.3203659796312391,-0.1979282564174574,-0.11251880365061824,0.030958699236547645,0.2725250516908514,0.1707140265991243,0.04855753481466155,-0.13032751963048267,0.09292496117184479,0.3430682893922979,0.27806520961466064,-0.20370454739580718,0.5826933234361036,0.0399374614403565,0.14986540517677235,0.18302491549676062,-0.4043141374581166,-0.007490331629424478,0.06533152071961719,1.0,0.34737192910187703,-0.20315002794858084,0.4992116093494494,0.3336328814096022,0.31893863249062765,0.01764603321688937,-0.010063094222625824,0.12671406735781784,-0.07149348847939062,0.540195022142428,0.44360990709900305,-0.16269642946329535,-0.18497139890133266,-0.014214065468227564,-0.061397303704668345,-0.09278864045059687,0.09805622855426897,-0.05937489415111576,0.23699602157918495,0.1206345498129336,-0.04599416383655445,-0.057208395726958815,0.0006571193763243753,0.004463310265322344,0.31677590167202585,0.33491587389591126,0.37499416825880955,0.16885108154585676,0.4951082672930909,0.13395447374258548,0.3856371933674957,-0.34174544117876343,0.47563621383190674,0.37899724961218906,0.3814907802784191,0.040202262721965074,-0.11008790005290967,-0.10985100237613737,-0.10662850190064574,-0.06882605181924241,0.39040065536317947,-0.28670523478601845,0.3733529822103033,0.1784728898534107,-0.08214234120785295,0.1423341480769876,0.23949500747003163,-0.1703386763581939,0.4551660513867559,-0.3140971132732213,-0.014087622828616706,0.20758915538064265,-0.008764449976463888,-0.01201905031474567,0.17111124679099202,0.03338254574833627,0.407681603938484,-0.003681288561414989,0.4378285758707451,-0.24449301637983686,0.03394185039552473,-0.13845342862026777,-0.1361592000665666,-0.011595688349915615,0.474621209832623,0.0759481399581118,-0.05962089411847186,-0.2546537419185612,0.3304519208341809
