,Insula_L,OFCant_R,Cerebellum_10_L,Supp_Motor_Area_L,Cingulate_Mid_L,Temporal_Pole_Sup_R,Precuneus_L,Pallidum_R,Thal_MDl_L,Frontal_Sup_2_R,VTA_L,Thal_VPL_L,SupraMarginal_L,Occipital_Mid_L,Rectus_R,Frontal_Med_Orb_L,Calcarine_R,Lingual_L,Lingual_R,Frontal_Inf_Oper_R,ACC_sup_R,Fusiform_R,SN_pc_L,Insula_R,Thal_VL_L,Raphe_D,Amygdala_L,ACC_sup_L,ACC_pre_R,Frontal_Inf_Orb_2_L,Thal_LP_R,Calcarine_L,Vermis_3,Parietal_Inf_R,Rectus_L,Thal_MDm_R,Temporal_Mid_L,Precentral_L,Cerebellum_Crus2_L,Thal_PuI_L,Thal_VL_R,Vermis_6,Cuneus_R,Occipital_Inf_L,Occipital_Inf_R,Cerebellum_3_R,Red_N_R,Frontal_Sup_Medial_R,VTA_R,Vermis_4_5
Insula_L,1.0,0.17561030931364735,0.003583919997646487,0.524010623628808,0.70011252095813,0.12809653673105556,0.42327671361859376,0.36581883652841213,0.5319208670529112,0.5933396148759549,0.2964388649312128,0.7627714771345706,0.548396088915401,-0.03734342570553232,0.05634355140138561,0.03302510315012716,0.25943516845914844,0.35680240055791096,0.34057086399197345,0.30610213698560446,0.20346715852933436,0.35624576695299365,0.4476807544073168,0.2731275163706956,0.7389286417560043,0.21240885286333266,-0.10251949944596338,0.5687639444099922,0.29649475683714294,0.516305262768374,0.008772991431018284,0.29040796658641543,0.5018013409474702,0.025061719976135235,0.023119846960601747,0.7687058482480456,0.4580653212836852,0.7116923682285564,-0.02017418126785344,0.672269222015705,0.5064151787574969,0.08631359991607097,0.04008502026638129,0.1577558694626393,0.0712339244577413,0.38026460727241074,0.3036157377647968,0.6472318419751103,0.34455175023201584,0.19462090469737633
OFCant_R,0.17561030931364735,1.0,0.11983511147969089,0.542699582400118,0.4491484967548299,-0.19318023976334583,0.3068947219125157,-0.3885883668558961,0.20443459166799477,0.6985825405770706,0.8496759405743247,-0.04109654083804191,-0.1861294103089365,-0.6534686776088484,0.6273980140702947,-0.37045009921124183,-0.7044292765902632,-0.5847976412833619,-0.5164543335121572,-0.558313207658287,0.33367091034088264,0.3771489884242201,0.6924489348476583,-0.3884479034494241,0.47764410025375265,0.3287256845558737,0.2599732435469094,0.5194154518146435,0.3320247580144318,0.6927549846272592,0.31201308197553224,-0.6878199352623618,0.46548037894485284,0.020734837759013754,-0.36155548403697896,0.447265577676924,-0.34270408739149555,0.39442841566817094,-0.5265036554305181,0.27062245452102107,0.11613463022579008,-0.8311411349251081,-0.6695703310803734,0.75381537427828,-0.34729677716497004,0.850859165267282,0.7870017599946394,0.5536964458555309,0.7699914659710659,-0.6580242431180235
Cerebellum_10_L,0.003583919997646487,0.11983511147969089,1.0,0.18630153610688613,0.11295402319048843,-0.2597825905849196,0.08993005707468339,-0.3093752743838502,-0.18644718617714864,0.047006238183251746,0.13339738316343622,0.03333198167097806,0.242332936242652,-0.019941248703681747,0.052650316448224585,0.12235696020864979,-0.07454754681172593,-0.10938752990905733,0.042071513192296496,-0.1918266588666017,-0.19779752231981407,-0.12928172229456877,0.005179616422386975,-0.31204029414741397,-0.0443341160594506,0.020544658268203488,0.2609236493035578,0.1638784723818345,-0.12704294923336043,-0.05449524186067929,-0.27514592896126944,-0.04170670595311262,-0.004222716826017093,-0.08179657309446153,-0.2219717310993833,-0.03667974001256477,0.18561297626785503,0.09634773223042055,-0.09790023328651502,0.21060630316272277,-0.2192181274523769,-0.08448018970271556,-0.14547739759578082,-0.013949502657415137,-0.1331052164809461,0.06742964252942901,-0.02664684947286263,0.06687572445013701,0.1915530935389061,-0.024329184249422507
Supp_Motor_Area_L,0.524010623628808,0.542699582400118,0.18630153610688613,1.0,0.8300341498876224,-0.18487037520090466,0.660236613877005,-0.2102376855780955,0.40278757883173927,0.7943857069172824,0.6498313770484534,0.5763667731435124,0.3771968307461698,-0.2490585150603592,0.27853755432651767,-0.013906772173868171,-0.2233171377970034,-0.09228883929839915,0.07489602938630562,0.0827777270363138,0.29988850702218695,0.4934039455190582,0.44702354291475355,-0.14413564037824564,0.7084106553058037,0.3777204976871931,0.17811699682638846,0.8606571781577137,0.18690987217210406,0.4501332121644876,0.26081006287648706,-0.20591657759648113,0.8385101177290192,0.05626550658796006,-0.12138097774002998,0.6257027181649262,0.011992034051745799,0.9052971684283351,-0.15839209675838523,0.6933846522695855,0.4342625167476771,-0.3581631696210344,-0.3168078339630839,0.47711058187707645,-0.09300358290608053,0.7401233597988701,0.40447054975788665,0.7631897331529278,0.7071276995370973,-0.06776504260185992
Cingulate_Mid_L,0.70011252095813,0.4491484967548299,0.11295402319048843,0.8300341498876224,1.0,-0.07280952916543418,0.7846348894284462,0.0834413454915175,0.489896801057118,0.8660754959773627,0.575214601549981,0.6842568073688461,0.4329888650671949,-0.1205726549809177,0.3011703679446707,-0.004835626820982959,0.0036946836358731187,0.1283542908177327,0.30268249275513837,0.28251446465388946,0.4245246645806583,0.5710854152078108,0.5268261775040789,0.16896251840163248,0.7540107912806172,0.3453755844940349,0.09092497059580254,0.891160934731872,0.40448344313425805,0.5849080597196471,0.2584259541034154,-0.0015355964060216544,0.7515564614275421,0.29300001014310395,-0.038125508488493935,0.7523009625253091,0.1808694037495453,0.8927144219290827,-0.0441828882470541,0.7123561216349976,0.5822870399760918,-0.22443753886433393,-0.07108067228752113,0.45855977080082216,-0.0033743740479681324,0.6978988311837443,0.4512379738342379,0.870290076788835,0.6210209573055111,0.13130089906353584
Temporal_Pole_Sup_R,0.12809653673105556,-0.19318023976334583,-0.2597825905849196,-0.18487037520090466,-0.07280952916543418,1.0,-0.08633416284028449,0.20805556985470147,0.023266944890719746,-0.046972924484202185,-0.0675515956703428,-0.0020306887290323914,0.01285071499264508,0.1591791520758382,-0.07142246470306754,0.03227735006061985,0.13356305609217425,0.2561891923210873,0.22015515011985223,0.23252126948120602,0.10386653588608365,-0.04390607974518915,-0.0177136854976436,0.264040067910772,-0.009869733922264149,-0.27624946692234104,-0.2037111832498785,-0.15283886587838524,0.07786831864097758,0.05411543777456984,-0.06362286385899013,0.1397409883527486,0.06299121471187322,0.13600330741658184,0.19464739440457626,-0.07722359885851891,0.07881069113893534,-0.08945340510476113,0.05296471556264512,-0.15050567100083742,0.060260524872879744,0.26091012122365037,0.27249905227301824,0.11078076471824416,0.12345248664127999,-0.22705528615628073,-0.12731671405420122,0.02092289717679418,-0.06781633324163411,0.29331354863145853
Precuneus_L,0.42327671361859376,0.3068947219125157,0.08993005707468339,0.660236613877005,0.7846348894284462,-0.08633416284028449,1.0,-0.07451071189707316,0.3955505724871041,0.6511071067348658,0.4145147646650709,0.5930984393387065,0.5662239762064937,0.14576027129557592,0.2978626663063551,0.06332050362915582,0.11562439734708498,0.25792378998874366,0.4543261894214778,0.2146930921046777,0.09581737356961725,0.4658424214070079,0.26330619991877235,0.054749291572053285,0.4227582926393202,0.07591013857061453,0.06507881106651124,0.6907795086310139,0.09556393142142276,0.2581966467321527,0.07908399839225778,0.13695059413836802,0.5468958745728456,0.3472146230979104,0.04318505140279207,0.43181657034569937,0.2704161677035441,0.6573333314658429,0.16534763002726455,0.5075971889029438,0.28401119236496375,-0.04886931167194213,0.11951883424919989,0.38277693794937845,-0.06411892429114506,0.4943046220279926,0.13736906283084274,0.6004737592319095,0.446747712609617,0.29396651100000204
Pallidum_R,0.36581883652841213,-0.3885883668558961,-0.3093752743838502,-0.2102376855780955,0.0834413454915175,0.20805556985470147,-0.07451071189707316,1.0,0.2690951613157014,-0.0533462532875691,-0.22200025329153036,0.3422487447820585,0.13424129215644395,0.3348196326634121,-0.2741841344973228,0.18628313869689186,0.6373410704720281,0.6024124122627144,0.45631199293135166,0.6128943503178574,0.21415623701609757,0.1307623152061402,0.05663814579688644,0.7593563844562053,0.1242241070137348,0.10566245771286842,-0.220423877143377,-0.13722337809984914,0.3197914508661504,0.0028543751932799885,-0.13350612257283026,0.5845429597675494,-0.06511785114820416,0.2473044147307219,0.395899080718717,0.2994922294155892,0.300802164360852,0.07098826808003517,0.33125159463955123,0.08833743688193008,0.36413481988156815,0.5193433108013509,0.5297378696732672,-0.22478624168292788,0.27640682415732015,-0.2214771902108819,-0.008899792006732132,0.11686471015851367,-0.2144628802858226,0.4553842132979279
Thal_MDl_L,0.5319208670529112,0.20443459166799477,-0.18644718617714864,0.40278757883173927,0.489896801057118,0.023266944890719746,0.3955505724871041,0.2690951613157014,1.0,0.47203003232657975,0.27883424003546353,0.5210289214894298,0.23414096331529133,-0.10963283644544627,0.136362582764482,0.09926932132286394,0.1069664871732358,0.17870657399107293,0.1608241889135772,0.22613585341730766,0.3395921856378961,0.3579954384805741,0.3394477938900763,0.20961375298781798,0.5916676084035618,0.17445175282207434,0.05357803749233334,0.3827997217349444,0.286268077605127,0.38853168138354643,0.19238600436663855,0.1167558779301775,0.38280048258177407,0.07344196593397405,-0.05651700714915659,0.6339822514888674,0.19313735856667114,0.5350325834339494,-0.05257376542106748,0.39294230210469944,0.5580330522956796,-0.09459003682431294,-0.017497460860698717,0.2338704850137412,-0.08195285815724074,0.411046967329733,0.3339223759880656,0.4675887988041332,0.29500622728782117,-0.004168640161042027
Frontal_Sup_2_R,0.5933396148759549,0.6985825405770706,0.047006238183251746,0.7943857069172824,0.8660754959773627,-0.046972924484202185,0.6511071067348658,-0.0533462532875691,0.47203003232657975,1.0,0.7730025133201099,0.4660831215039298,0.22521555898416493,-0.303511841660671,0.5186574264271208,-0.14567118628091608,-0.3328942990817756,-0.1354026039438355,0.00852742373893736,0.025185933370439596,0.5392742684036891,0.5114704641349773,0.701051095482041,0.09310875809372743,0.7337483653800446,0.3652838015501029,0.1056697909341162,0.8189498566249919,0.5387807064749925,0.7841683065796033,0.3060066866931615,-0.3383351364143887,0.7666188970150143,0.2106378953423359,-0.14718811283035063,0.7155952733928588,-0.05038868384771365,0.801058713209327,-0.2739963131038092,0.5621308354945436,0.47499394716648496,-0.4831997608566936,-0.31416654122237575,0.6738402655056286,-0.17195210406198097,0.8248197836271117,0.6766760492381463,0.9206819693123504,0.7481725728237633,-0.13503305079351147
VTA_L,0.2964388649312128,0.8496759405743247,0.13339738316343622,0.6498313770484534,0.575214601549981,-0.0675515956703428,0.4145147646650709,-0.22200025329153036,0.27883424003546353,0.7730025133201099,1.0,0.17099365833175237,0.005616949435482872,-0.4842039444104013,0.6249379840618232,-0.19527641005972513,-0.5398266170574479,-0.4102397478592311,-0.3078921652752574,-0.3558415538856615,0.36718994939284716,0.4200069097789077,0.7583428458019287,-0.23575530066816214,0.5830778865332181,0.27398156578238914,0.21241418416792085,0.5975316261760661,0.33918618094898795,0.6743316271484928,0.2567642319954042,-0.5436663406562312,0.61583238053011,0.11144679259718074,-0.17582525881483457,0.5129698973534297,-0.24695413103580688,0.5338862835956864,-0.4545561536269941,0.4094478633978627,0.19564572914408557,-0.6809672755395314,-0.5404915166612745,0.8541984119106178,-0.28241868880604715,0.8191808029751384,0.7344007763680119,0.6509824430032807,0.915863561706229,-0.43535709752296625
Thal_VPL_L,0.7627714771345706,-0.04109654083804191,0.03333198167097806,0.5763667731435124,0.6842568073688461,-0.0020306887290323914,0.5930984393387065,0.3422487447820585,0.5210289214894298,0.4660831215039298,0.17099365833175237,1.0,0.7898789126203061,0.28687908603620466,-0.04845811155617591,0.33127619441820966,0.4969942473083217,0.5263378531166879,0.5544603815348359,0.46395081956074297,-0.03339078790881453,0.2492334250982675,0.13295530041562012,0.24308539275864877,0.6491761692675541,0.10106408876934536,-0.002496997882915959,0.5575759032135249,0.004970136246947784,0.11025413117505485,-0.07512442908306573,0.5181404710491816,0.43991389825967503,0.021937664530410003,0.2004690048258627,0.6623141449681544,0.6529277757333342,0.6907649298389862,0.16685807776756525,0.7202373027746418,0.478937664140593,0.3118134531122083,0.21485016429885895,0.021442217263042882,0.08897771162225042,0.2209457305248397,-0.014192610457811937,0.47956628058613915,0.27162461295206025,0.4128235516422509
SupraMarginal_L,0.548396088915401,-0.1861294103089365,0.242332936242652,0.3771968307461698,0.4329888650671949,0.01285071499264508,0.5662239762064937,0.13424129215644395,0.23414096331529133,0.22521555898416493,0.005616949435482872,0.7898789126203061,1.0,0.5584756249997588,-0.07005822078915482,0.4093464617389894,0.5233580292285612,0.5705112087600686,0.6139401689647435,0.32692328960952893,-0.3608379962735038,-0.1129184663106741,-0.11800554328268412,0.09315287841705985,0.3134203563860865,-0.17608663793113727,-0.012074046891852142,0.34710265956925973,-0.26722506505835675,-0.158811436715444,-0.38340786249524644,0.5796116463916837,0.14921132759727368,-0.11286716706932433,0.18550236180728205,0.2811247185363877,0.8217185255296886,0.3955341285588368,0.21335553910156746,0.49339695307186,0.11308231062444585,0.5051826514126339,0.2787487887629434,-0.09349505937147295,0.045160634174150054,-0.09250196519433766,-0.35915840194169685,0.19720314282990595,0.10031100570354112,0.5299773930037687
Occipital_Mid_L,-0.03734342570553232,-0.6534686776088484,-0.019941248703681747,-0.2490585150603592,-0.1205726549809177,0.1591791520758382,0.14576027129557592,0.3348196326634121,-0.10963283644544627,-0.303511841660671,-0.4842039444104013,0.28687908603620466,0.5584756249997588,1.0,-0.28712995279154463,0.393398964422675,0.6540408694567476,0.6944052861128659,0.6721862633930481,0.55568862940733,-0.3047593445043519,-0.3999914487675319,-0.5006131778085708,0.45472506305934574,-0.2712227781188896,-0.3615700946639404,-0.09395842758696234,-0.26153420939805105,-0.22211236057772002,-0.504270077759233,-0.336664256663339,0.6383538082361458,-0.2840174587508253,0.1385517299529539,0.48736806137746036,-0.302530262014291,0.5330279219458902,-0.19583525421529305,0.5438196167516638,-0.19397253856389718,-0.007026550088437318,0.8197903320398237,0.7018997278560201,-0.36142990740300757,0.23053887872927398,-0.6633746708421052,-0.6990551471117222,-0.24362938995779393,-0.41869782582733306,0.7938187495386337
Rectus_R,0.05634355140138561,0.6273980140702947,0.052650316448224585,0.27853755432651767,0.3011703679446707,-0.07142246470306754,0.2978626663063551,-0.2741841344973228,0.136362582764482,0.5186574264271208,0.6249379840618232,-0.04845811155617591,-0.07005822078915482,-0.28712995279154463,1.0,-0.30399456938053604,-0.5054754340519573,-0.37829606406696054,-0.31606421905501814,-0.39055401470353335,0.22481678890129922,0.16565453308222988,0.5029362939978833,-0.14452849458008987,0.2526556123187664,0.10253492170430033,0.1975774264593039,0.31628206207530696,0.24273145291950413,0.4743033123646504,0.17422657388560334,-0.5116307577954409,0.24922832551846977,0.002262644303022912,-0.12457205016819226,0.27283140007390977,-0.24888126832010385,0.11015767272137997,-0.41221013689425257,0.08353097462510134,0.010190747993764291,-0.5396153301193402,-0.4361677218426211,0.625488543024357,-0.39231833267457855,0.5567534138314094,0.5325577515982518,0.34855214000534845,0.5414818899840975,-0.38928971610046276
Frontal_Med_Orb_L,0.03302510315012716,-0.37045009921124183,0.12235696020864979,-0.013906772173868171,-0.004835626820982959,0.03227735006061985,0.06332050362915582,0.18628313869689186,0.09926932132286394,-0.14567118628091608,-0.19527641005972513,0.33127619441820966,0.4093464617389894,0.393398964422675,-0.30399456938053604,1.0,0.4033134383093325,0.31729106116534495,0.3233149988295459,0.2524608548574233,-0.211413988140432,-0.2920336702145263,-0.2817555437466422,0.07027862746188696,0.04967968341894015,-0.23387762955008812,-0.0962773907797506,-0.03626702314420636,-0.26484590433017613,-0.38226761303357276,-0.23230844940811163,0.41610250240947405,-0.15775164841235761,-0.1796130889564638,0.19105232195038555,-0.02590000190228891,0.46661905402902104,0.03024471853969617,0.18392675322827123,0.10351029973759478,0.06437896069730979,0.39730335478644885,0.19049243944653205,-0.22329037502331867,0.1368696523591361,-0.30310401518925423,-0.34405402457951473,-0.12512810795457424,-0.11755834681778848,0.32391777958929685
Calcarine_R,0.25943516845914844,-0.7044292765902632,-0.07454754681172593,-0.2233171377970034,0.0036946836358731187,0.13356305609217425,0.11562439734708498,0.6373410704720281,0.1069664871732358,-0.3328942990817756,-0.5398266170574479,0.4969942473083217,0.5233580292285612,0.6540408694567476,-0.5054754340519573,0.4033134383093325,1.0,0.8969857009561988,0.7491197985317134,0.6919527266429994,-0.2926558617881094,-0.026203042246162617,-0.3525078331537411,0.5438056328890845,-0.08263048033886974,-0.07272334930345595,-0.18396590432461896,-0.1687432480245847,-0.23430497621936194,-0.48569784229437485,-0.38328370322076505,0.9798995404144754,-0.1877207112230232,0.17943269196471592,0.5141775759444639,0.04720415866879137,0.6648955670436119,0.012455615119727715,0.6437234985181179,0.17070641017357213,0.12316714014427979,0.8593258620928501,0.7649891477330224,-0.5467997600937398,0.3345218653584207,-0.5178702664596097,-0.5334257673005973,-0.1748446000780554,-0.47090411025325785,0.7626414082874571
Lingual_L,0.35680240055791096,-0.5847976412833619,-0.10938752990905733,-0.09228883929839915,0.1283542908177327,0.2561891923210873,0.25792378998874366,0.6024124122627144,0.17870657399107293,-0.1354026039438355,-0.4102397478592311,0.5263378531166879,0.5705112087600686,0.6944052861128659,-0.37829606406696054,0.31729106116534495,0.8969857009561988,1.0,0.8427129682794152,0.7410523606780028,-0.1931966962427545,0.0833762922243799,-0.22433933008346646,0.6342095562623039,-0.0012573275393620987,-0.06004634457732777,-0.20759738644460587,-0.0631977732501151,-0.0943570909558017,-0.29704933549853796,-0.3202910936732799,0.8916236925647089,-0.008401891313499827,0.30433049278877705,0.49291277303856007,0.09859494040984376,0.6237225143331975,0.127054342970293,0.6754113310095581,0.19168660241794233,0.2118525475732486,0.836125296523236,0.8194774657793517,-0.36209239758279693,0.2818756218824244,-0.41280163469755726,-0.4464500814949281,0.029380323931688147,-0.3560724181975461,0.8402009650212208
Lingual_R,0.34057086399197345,-0.5164543335121572,0.042071513192296496,0.07489602938630562,0.30268249275513837,0.22015515011985223,0.4543261894214778,0.45631199293135166,0.1608241889135772,0.00852742373893736,-0.3078921652752574,0.5544603815348359,0.6139401689647435,0.6721862633930481,-0.31606421905501814,0.3233149988295459,0.7491197985317134,0.8427129682794152,1.0,0.7558067063910033,-0.08887820925872966,0.16256675647950145,-0.24350382618727245,0.5282908080767031,0.04131376404519099,-0.09413527964792252,-0.1717525987569352,0.13637004875919903,0.0029765883415139058,-0.19909261779633877,-0.20398968689235183,0.7382361110615419,0.07104694768114979,0.4108760394971201,0.4341675551239426,0.06426084723355235,0.5833181526334601,0.26837227700109184,0.6718765901635169,0.2099444556071508,0.24104022683579904,0.7420272379388694,0.798792277532855,-0.23137293692713046,0.30748122149304424,-0.3030961778320945,-0.43491719793986694,0.1836264824223992,-0.232115443629882,0.9136581181706543
Frontal_Inf_Oper_R,0.30610213698560446,-0.558313207658287,-0.1918266588666017,0.0827777270363138,0.28251446465388946,0.23252126948120602,0.2146930921046777,0.6128943503178574,0.22613585341730766,0.025185933370439596,-0.3558415538856615,0.46395081956074297,0.32692328960952893,0.55568862940733,-0.39055401470353335,0.2524608548574233,0.6919527266429994,0.7410523606780028,0.7558067063910033,1.0,0.2704832749363105,0.16945485845220262,-0.15944093994887587,0.794380161298467,0.10896774566120018,0.12026522358848685,-0.16893382804979015,0.1501592019197624,0.2646150267666471,-0.10441954156330496,0.044156493100201664,0.6270948700648958,0.24057187595058757,0.42917342581403517,0.46224853159997403,0.1598837006093557,0.2682289545813006,0.32423651763897104,0.6116645541770517,0.15209122084803345,0.5293635599919605,0.6521753738331966,0.7401324691347745,-0.2966674066674721,0.40061259531959326,-0.2777589306833699,-0.2953007225540135,0.24764026794354932,-0.284339962037842,0.8221680119906933
ACC_sup_R,0.20346715852933436,0.33367091034088264,-0.19779752231981407,0.29988850702218695,0.4245246645806583,0.10386653588608365,0.09581737356961725,0.21415623701609757,0.3395921856378961,0.5392742684036891,0.36718994939284716,-0.03339078790881453,-0.3608379962735038,-0.3047593445043519,0.22481678890129922,-0.211413988140432,-0.2926558617881094,-0.1931966962427545,-0.08887820925872966,0.2704832749363105,1.0,0.3501107250066832,0.5285310964986448,0.43285719666370875,0.37944373542960214,0.410702456677733,-0.009224117936629259,0.3976872501376821,0.7939635714217081,0.6576321873501869,0.509247927158133,-0.38780420412361666,0.5211479709425173,0.34492768632971976,-0.07154408630521661,0.37938889472207205,-0.4601131210438108,0.41645712934798784,-0.11660026883477603,0.06045792326834,0.550741647766373,-0.38601186197027515,-0.12972456206403107,0.4160377777149876,0.09557129255931535,0.47008171625745576,0.5915765786504176,0.6243950359742957,0.31810556843338433,-0.08460054658401044
Fusiform_R,0.35624576695299365,0.3771489884242201,-0.12928172229456877,0.4934039455190582,0.5710854152078108,-0.04390607974518915,0.4658424214070079,0.1307623152061402,0.3579954384805741,0.5114704641349773,0.4200069097789077,0.2492334250982675,-0.1129184663106741,-0.3999914487675319,0.16565453308222988,-0.2920336702145263,-0.026203042246162617,0.0833762922243799,0.16256675647950145,0.16945485845220262,0.3501107250066832,1.0,0.4436717921038284,0.10442669844763554,0.45153421020801365,0.41432004874250955,0.034886187012158586,0.5132496985254102,0.3025207050630487,0.4793863683518304,0.40918084163073853,-0.05244323870902122,0.5777592614156755,0.5690233727099179,0.07746800325309311,0.5306884371211074,-0.2577740347664414,0.5972931080694013,0.11258154608217417,0.42968868196550164,0.37867670282321586,-0.2906912609916033,0.07692855843238824,0.3971658740722265,-0.00401102321653492,0.6668837881683246,0.5199932452828442,0.6046171238860838,0.434034639319511,-0.0354616232637662
SN_pc_L,0.4476807544073168,0.6924489348476583,0.005179616422386975,0.44702354291475355,0.5268261775040789,-0.0177136854976436,0.26330619991877235,0.05663814579688644,0.3394477938900763,0.701051095482041,0.7583428458019287,0.13295530041562012,-0.11800554328268412,-0.5006131778085708,0.5029362939978833,-0.2817555437466422,-0.3525078331537411,-0.22433933008346646,-0.24350382618727245,-0.15944093994887587,0.5285310964986448,0.4436717921038284,1.0,0.09221618669501096,0.5850399924499136,0.5193984303419388,0.1324671757258357,0.5042106707401915,0.5509843454378194,0.7745738375798364,0.24613387635941253,-0.37903940844142214,0.5932539569298134,0.19971566333220303,-0.15032447384587114,0.5930774667344089,-0.21306025500623507,0.49366342832080595,-0.28421261121373725,0.35420818048284086,0.3230333744229927,-0.5528837172667589,-0.35291430765802495,0.6311236699059866,-0.15322156815230079,0.7312224247689223,0.8187578093960383,0.6703053954205098,0.6328106827552133,-0.3362511557072443
Insula_R,0.2731275163706956,-0.3884479034494241,-0.31204029414741397,-0.14413564037824564,0.16896251840163248,0.264040067910772,0.054749291572053285,0.7593563844562053,0.20961375298781798,0.09310875809372743,-0.23575530066816214,0.24308539275864877,0.09315287841705985,0.45472506305934574,-0.14452849458008987,0.07027862746188696,0.5438056328890845,0.6342095562623039,0.5282908080767031,0.794380161298467,0.43285719666370875,0.10442669844763554,0.09221618669501096,1.0,0.05812225290781013,0.13684687072264884,-0.18208068483723627,-0.011261050528901041,0.4955743944656556,0.11644460696614965,0.022246034194623794,0.4434691575786242,0.13223450223781458,0.41367802968847195,0.43948178863054344,0.20395500673325492,0.11296494165945216,0.1144938678446145,0.46692818475609466,-0.04364328943805846,0.4682966844308988,0.49726992672290354,0.6155591889963238,-0.1462371553422836,0.287963381038734,-0.2145232942424133,-0.02264752066313733,0.2746932528741117,-0.24747994170138646,0.6325910518237362
Thal_VL_L,0.7389286417560043,0.47764410025375265,-0.0443341160594506,0.7084106553058037,0.7540107912806172,-0.009869733922264149,0.4227582926393202,0.1242241070137348,0.5916676084035618,0.7337483653800446,0.5830778865332181,0.6491761692675541,0.3134203563860865,-0.2712227781188896,0.2526556123187664,0.04967968341894015,-0.08263048033886974,-0.0012573275393620987,0.04131376404519099,0.10896774566120018,0.37944373542960214,0.45153421020801365,0.5850399924499136,0.05812225290781013,1.0,0.37510428012928987,0.11810175899282935,0.7632328096107411,0.3512354729314055,0.5918150058319357,0.39975592612160155,-0.09347451514017135,0.6555335344626422,-0.004504270473508039,-0.019791789015429526,0.8676351524555309,0.1717965646740908,0.7861679068726132,-0.219478628203137,0.6468941281175058,0.6892941623593994,-0.2913781385377739,-0.27836437628759664,0.4482664858931038,-0.052173802544653494,0.6584130880654641,0.5588807101835284,0.7186424559782997,0.639101020370139,-0.11613218464145153
Raphe_D,0.21240885286333266,0.3287256845558737,0.020544658268203488,0.3777204976871931,0.3453755844940349,-0.27624946692234104,0.07591013857061453,0.10566245771286842,0.17445175282207434,0.3652838015501029,0.27398156578238914,0.10106408876934536,-0.17608663793113727,-0.3615700946639404,0.10253492170430033,-0.23387762955008812,-0.07272334930345595,-0.06004634457732777,-0.09413527964792252,0.12026522358848685,0.410702456677733,0.41432004874250955,0.5193984303419388,0.13684687072264884,0.37510428012928987,1.0,0.15866931849599694,0.339784016362706,0.4199595007804693,0.3656928289118116,0.2018674030214394,-0.10877322319232148,0.4609844201765525,0.23869517864868348,0.014108943152401696,0.4102877035156825,-0.21406294242245943,0.45410715394023593,0.03728162964107976,0.3363255118842323,0.37445883930515006,-0.28985511247649914,-0.08714410495271782,0.1861924570171154,0.04047672578889382,0.4494283712150336,0.48802509683820594,0.426262703113072,0.23214151407420716,-0.13034142344089883
Amygdala_L,-0.10251949944596338,0.2599732435469094,0.2609236493035578,0.17811699682638846,0.09092497059580254,-0.2037111832498785,0.06507881106651124,-0.220423877143377,0.05357803749233334,0.1056697909341162,0.21241418416792085,-0.002496997882915959,-0.012074046891852142,-0.09395842758696234,0.1975774264593039,-0.0962773907797506,-0.18396590432461896,-0.20759738644460587,-0.1717525987569352,-0.16893382804979015,-0.009224117936629259,0.034886187012158586,0.1324671757258357,-0.18208068483723627,0.11810175899282935,0.15866931849599694,1.0,0.13600485835451237,-0.06796237731376231,0.026806596055717627,0.13975928185696973,-0.19831717714940975,0.08539149249314641,0.02208252076987388,-0.08039054267498147,0.10064630552214011,-0.09445430349344275,0.08071616097699996,-0.2083411641868369,0.09219498564974171,0.08772002998042468,-0.25616890964608097,-0.1771333420727678,0.16180009415608096,-0.1637836774004336,0.20490452990262928,0.16632759460565535,0.051577471303616035,0.25747507806014336,-0.21677413312228397
ACC_sup_L,0.5687639444099922,0.5194154518146435,0.1638784723818345,0.8606571781577137,0.891160934731872,-0.15283886587838524,0.6907795086310139,-0.13722337809984914,0.3827997217349444,0.8189498566249919,0.5975316261760661,0.5575759032135249,0.34710265956925973,-0.26153420939805105,0.31628206207530696,-0.03626702314420636,-0.1687432480245847,-0.0631977732501151,0.13637004875919903,0.1501592019197624,0.3976872501376821,0.5132496985254102,0.5042106707401915,-0.011261050528901041,0.7632328096107411,0.339784016362706,0.13600485835451237,1.0,0.3370974616849067,0.5233366329455205,0.3866762154700406,-0.18383291869113644,0.7981824155112975,0.14146417481854998,-0.16434873559838883,0.6989980760522673,0.06992207025100879,0.8630249440218676,-0.14475830364699988,0.6942278700003573,0.5475956978923434,-0.37497827512080595,-0.265091225362872,0.45379006998968924,-0.04311127793673469,0.743761548559716,0.4759524260255485,0.8190084639877269,0.6490690908908832,-0.015611703860351692
ACC_pre_R,0.29649475683714294,0.3320247580144318,-0.12704294923336043,0.18690987217210406,0.40448344313425805,0.07786831864097758,0.09556393142142276,0.3197914508661504,0.286268077605127,0.5387807064749925,0.33918618094898795,0.004970136246947784,-0.26722506505835675,-0.22211236057772002,0.24273145291950413,-0.26484590433017613,-0.23430497621936194,-0.0943570909558017,0.0029765883415139058,0.2646150267666471,0.7939635714217081,0.3025207050630487,0.5509843454378194,0.4955743944656556,0.3512354729314055,0.4199595007804693,-0.06796237731376231,0.3370974616849067,1.0,0.7285353065283597,0.3637450920027049,-0.3009792976244719,0.39994982505911575,0.3980126185204246,-0.06959608262604514,0.40575971427930224,-0.30866441418155904,0.34465475657668615,-0.053636555716167884,0.06300224851241087,0.5177498695559405,-0.2984994697697632,-0.005725941074017645,0.4314042993896532,0.058389085164086245,0.3925169924467785,0.6122179435848196,0.6211273045302184,0.28496419659706657,0.0002792037842251299
Frontal_Inf_Orb_2_L,0.516305262768374,0.6927549846272592,-0.05449524186067929,0.4501332121644876,0.5849080597196471,0.05411543777456984,0.2581966467321527,0.0028543751932799885,0.38853168138354643,0.7841683065796033,0.6743316271484928,0.11025413117505485,-0.158811436715444,-0.504270077759233,0.4743033123646504,-0.38226761303357276,-0.48569784229437485,-0.29704933549853796,-0.19909261779633877,-0.10441954156330496,0.6576321873501869,0.4793863683518304,0.7745738375798364,0.11644460696614965,0.5918150058319357,0.3656928289118116,0.026806596055717627,0.5233366329455205,0.7285353065283597,1.0,0.3946289982053894,-0.5014662904529564,0.5434292714592064,0.2683957118718551,-0.21476287145166068,0.5760111421105046,-0.2994497599523389,0.5250984483149362,-0.3257280897103322,0.26037759551029105,0.41218707292215284,-0.5737994912405722,-0.33008426640945465,0.668678288393524,-0.12985139754163547,0.718302539083219,0.8075278549541722,0.7649823763984493,0.5939941988806412,-0.31178574799204634
Thal_LP_R,0.008772991431018284,0.31201308197553224,-0.27514592896126944,0.26081006287648706,0.2584259541034154,-0.06362286385899013,0.07908399839225778,-0.13350612257283026,0.19238600436663855,0.3060066866931615,0.2567642319954042,-0.07512442908306573,-0.38340786249524644,-0.336664256663339,0.17422657388560334,-0.23230844940811163,-0.38328370322076505,-0.3202910936732799,-0.20398968689235183,0.044156493100201664,0.509247927158133,0.40918084163073853,0.24613387635941253,0.022246034194623794,0.39975592612160155,0.2018674030214394,0.13975928185696973,0.3866762154700406,0.3637450920027049,0.3946289982053894,1.0,-0.46010038628342975,0.3881572867912284,0.25691707950860965,-0.03278777985174494,0.271129417556621,-0.5096527005082245,0.28198924992048613,-0.09194316420890541,-0.024458612371208263,0.534132428994274,-0.44278110073979676,-0.18374578647152165,0.33216235956900264,0.04262242744399303,0.43441701863745863,0.4118430867966997,0.34543243492413633,0.29524102763529486,-0.22917632255170745
Calcarine_L,0.29040796658641543,-0.6878199352623618,-0.04170670595311262,-0.20591657759648113,-0.0015355964060216544,0.1397409883527486,0.13695059413836802,0.5845429597675494,0.1167558779301775,-0.3383351364143887,-0.5436663406562312,0.5181404710491816,0.5796116463916837,0.6383538082361458,-0.5116307577954409,0.41610250240947405,0.9798995404144754,0.8916236925647089,0.7382361110615419,0.6270948700648958,-0.38780420412361666,-0.05244323870902122,-0.37903940844142214,0.4434691575786242,-0.09347451514017135,-0.10877322319232148,-0.19831717714940975,-0.18383291869113644,-0.3009792976244719,-0.5014662904529564,-0.46010038628342975,1.0,-0.21036886224781498,0.11765871783666955,0.45393255258726145,0.033940609642182845,0.7292033498988734,0.014196682483396632,0.6020244589903577,0.2012871525094971,0.05312827592420444,0.8597592649498152,0.7410628918657588,-0.5591369566918926,0.29742635214598834,-0.519764537747446,-0.5709686103045398,-0.19937558354172735,-0.4726112346905833,0.7354260019896666
Vermis_3,0.5018013409474702,0.46548037894485284,-0.004222716826017093,0.8385101177290192,0.7515564614275421,0.06299121471187322,0.5468958745728456,-0.06511785114820416,0.38280048258177407,0.7666188970150143,0.61583238053011,0.43991389825967503,0.14921132759727368,-0.2840174587508253,0.24922832551846977,-0.15775164841235761,-0.1877207112230232,-0.008401891313499827,0.07104694768114979,0.24057187595058757,0.5211479709425173,0.5777592614156755,0.5932539569298134,0.13223450223781458,0.6555335344626422,0.4609844201765525,0.08539149249314641,0.7981824155112975,0.39994982505911575,0.5434292714592064,0.3881572867912284,-0.21036886224781498,1.0,0.260644937690448,-0.011805542539871455,0.5820159745427511,-0.20614398242114318,0.8479776118445593,-0.07909643793399297,0.6008841259037695,0.5139224179752356,-0.3375502634272807,-0.16944375890039245,0.5037466437131449,-0.014402202266062576,0.7039782909479376,0.4899346683289256,0.809660861695986,0.6222204661648137,0.0231515305685809
Parietal_Inf_R,0.025061719976135235,0.020734837759013754,-0.08179657309446153,0.05626550658796006,0.29300001014310395,0.13600330741658184,0.3472146230979104,0.2473044147307219,0.07344196593397405,0.2106378953423359,0.11144679259718074,0.021937664530410003,-0.11286716706932433,0.1385517299529539,0.002262644303022912,-0.1796130889564638,0.17943269196471592,0.30433049278877705,0.4108760394971201,0.42917342581403517,0.34492768632971976,0.5690233727099179,0.19971566333220303,0.41367802968847195,-0.004504270473508039,0.23869517864868348,0.02208252076987388,0.14146417481854998,0.3980126185204246,0.2683957118718551,0.25691707950860965,0.11765871783666955,0.260644937690448,1.0,0.3404216626634322,0.04230044499034179,-0.20758713373195953,0.2104764088933108,0.4625912945980663,-0.004490422620692058,0.3068276310665083,0.07115002688648961,0.5911990689751866,0.31511386321305773,0.20956678232008738,0.14404413346249337,0.1581420500768483,0.36306602163724383,0.12317968011691108,0.3838761644207408
Rectus_L,0.023119846960601747,-0.36155548403697896,-0.2219717310993833,-0.12138097774002998,-0.038125508488493935,0.19464739440457626,0.04318505140279207,0.395899080718717,-0.05651700714915659,-0.14718811283035063,-0.17582525881483457,0.2004690048258627,0.18550236180728205,0.48736806137746036,-0.12457205016819226,0.19105232195038555,0.5141775759444639,0.49291277303856007,0.4341675551239426,0.46224853159997403,-0.07154408630521661,0.07746800325309311,-0.15032447384587114,0.43948178863054344,-0.019791789015429526,0.014108943152401696,-0.08039054267498147,-0.16434873559838883,-0.06959608262604514,-0.21476287145166068,-0.03278777985174494,0.45393255258726145,-0.011805542539871455,0.3404216626634322,1.0,-0.06341607487108489,0.15909516325345158,-0.013201740312793381,0.47227695102350536,-0.10691640543307322,0.10997701369915475,0.5277705307199947,0.5511435196021149,-0.09950932421147188,0.32439538012792996,-0.3169011476158828,-0.30366438155522274,-0.05434210580479404,-0.16200120506783863,0.5280817089451486
Thal_MDm_R,0.7687058482480456,0.447265577676924,-0.03667974001256477,0.6257027181649262,0.7523009625253091,-0.07722359885851891,0.43181657034569937,0.2994922294155892,0.6339822514888674,0.7155952733928588,0.5129698973534297,0.6623141449681544,0.2811247185363877,-0.302530262014291,0.27283140007390977,-0.02590000190228891,0.04720415866879137,0.09859494040984376,0.06426084723355235,0.1598837006093557,0.37938889472207205,0.5306884371211074,0.5930774667344089,0.20395500673325492,0.8676351524555309,0.4102877035156825,0.10064630552214011,0.6989980760522673,0.40575971427930224,0.5760111421105046,0.271129417556621,0.033940609642182845,0.5820159745427511,0.04230044499034179,-0.06341607487108489,1.0,0.2028543270215919,0.7441607309649314,-0.19118180599522275,0.6934598573693348,0.6552679348154404,-0.26067177502636035,-0.2080347337373378,0.3404488709113243,-0.09995129828368898,0.6834357513165191,0.6307543881788648,0.7087698695662734,0.5513396904767633,-0.12611042008358153
Temporal_Mid_L,0.4580653212836852,-0.34270408739149555,0.18561297626785503,0.011992034051745799,0.1808694037495453,0.07881069113893534,0.2704161677035441,0.300802164360852,0.19313735856667114,-0.05038868384771365,-0.24695413103580688,0.6529277757333342,0.8217185255296886,0.5330279219458902,-0.24888126832010385,0.46661905402902104,0.6648955670436119,0.6237225143331975,0.5833181526334601,0.2682289545813006,-0.4601131210438108,-0.2577740347664414,-0.21306025500623507,0.11296494165945216,0.1717965646740908,-0.21406294242245943,-0.09445430349344275,0.06992207025100879,-0.30866441418155904,-0.2994497599523389,-0.5096527005082245,0.7292033498988734,-0.20614398242114318,-0.20758713373195953,0.15909516325345158,0.2028543270215919,1.0,0.11940562610615549,0.2492900369037375,0.3390796597425686,0.043548104304401175,0.600520260486281,0.34919272018303676,-0.3253000236336823,0.08152656716459462,-0.3081814294713943,-0.41665133228730394,-0.050196737566267594,-0.17782259450761637,0.4846451366411142
Precentral_L,0.7116923682285564,0.39442841566817094,0.09634773223042055,0.9052971684283351,0.8927144219290827,-0.08945340510476113,0.6573333314658429,0.07098826808003517,0.5350325834339494,0.801058713209327,0.5338862835956864,0.6907649298389862,0.3955341285588368,-0.19583525421529305,0.11015767272137997,0.03024471853969617,0.012455615119727715,0.127054342970293,0.26837227700109184,0.32423651763897104,0.41645712934798784,0.5972931080694013,0.49366342832080595,0.1144938678446145,0.7861679068726132,0.45410715394023593,0.08071616097699996,0.8630249440218676,0.34465475657668615,0.5250984483149362,0.28198924992048613,0.014196682483396632,0.8479776118445593,0.2104764088933108,-0.013201740312793381,0.7441607309649314,0.11940562610615549,1.0,0.0038670670984870133,0.7365243352017221,0.6009825564177177,-0.19628988389245267,-0.09831332646569652,0.36880733476562183,0.07303052950500886,0.676261701534621,0.4229735320295902,0.85300697171234,0.5915573082504773,0.11552788762390358
Cerebellum_Crus2_L,-0.02017418126785344,-0.5265036554305181,-0.09790023328651502,-0.15839209675838523,-0.0441828882470541,0.05296471556264512,0.16534763002726455,0.33125159463955123,-0.05257376542106748,-0.2739963131038092,-0.4545561536269941,0.16685807776756525,0.21335553910156746,0.5438196167516638,-0.41221013689425257,0.18392675322827123,0.6437234985181179,0.6754113310095581,0.6718765901635169,0.6116645541770517,-0.11660026883477603,0.11258154608217417,-0.28421261121373725,0.46692818475609466,-0.219478628203137,0.03728162964107976,-0.2083411641868369,-0.14475830364699988,-0.053636555716167884,-0.3257280897103322,-0.09194316420890541,0.6020244589903577,-0.07909643793399297,0.4625912945980663,0.47227695102350536,-0.19118180599522275,0.2492900369037375,0.0038670670984870133,1.0,-0.12410978842308588,0.12139369119519147,0.6455677143957044,0.7580962490141802,-0.2879066058438813,0.42641379518197237,-0.40184580709353884,-0.4433719925892574,-0.06602690755257075,-0.39546735162124247,0.7249408476744627
