,SupraMarginal_L,Putamen_R,SupraMarginal_R,Lingual_R,Frontal_Inf_Orb_2_R,ACC_sub_R,Parietal_Inf_L,Raphe_D,Occipital_Sup_L,Temporal_Pole_Sup_R,ParaHippocampal_R,Cuneus_L,Caudate_R,Amygdala_R,Vermis_6,OFClat_R,Thal_VPL_L,Vermis_4_5,Thal_LGN_R,Temporal_Pole_Sup_L,ACC_pre_L,Cerebellum_7b_R,Paracentral_Lobule_R,Cerebellum_10_R,Cerebellum_Crus1_R,Thal_PuL_L,Temporal_Sup_R,Vermis_8,Frontal_Med_Orb_R,Frontal_Inf_Tri_L,Vermis_10,Fusiform_L,Temporal_Inf_L,Cerebellum_7b_L,Heschl_L,Precuneus_L,Paracentral_Lobule_L,Cingulate_Mid_L,Angular_R,Vermis_9,Cerebellum_Crus2_L,Cerebellum_3_L,Cingulate_Post_R,OFClat_L,ParaHippocampal_L,Frontal_Sup_2_R,Thal_VA_R,Parietal_Sup_L,Red_N_R,Frontal_Inf_Tri_R,Occipital_Sup_R,Fusiform_R,ACC_sup_L,VTA_R,Frontal_Mid_2_L,Occipital_Mid_R,Frontal_Mid_2_R,OFCant_R,Calcarine_L,Thal_VA_L,ACC_sup_R,Hippocampus_L,Cerebellum_9_L,Temporal_Mid_R,Temporal_Inf_R
SupraMarginal_L,1.0,0.04722990272467919,-0.05039783202271439,0.6139401689647435,-0.42123653678648587,0.051284728902875706,0.80814694623785,-0.17608663793113727,0.42127415466492135,0.01285071499264508,-0.07347034886424388,0.5898279776855908,0.285678242124306,0.46471625530056715,0.5051826514126339,-0.3890605933958447,0.7898789126203061,0.5299773930037687,-0.22549419044708302,-0.02261569850719128,-0.07197005382281302,0.36377847385469425,0.2898787918303875,0.04231248950334645,0.004013819611453911,0.2457105137629937,0.06522933041719917,0.6055728693433057,0.1488734612190593,0.22674519639839008,0.3771354553585313,-0.167098807450982,0.24458273089723143,0.3185710652043487,0.3351268431042178,0.5662239762064937,0.41612319342664006,0.4329888650671949,0.2563617829868587,-0.11482833327684874,0.21335553910156746,0.28961905928888876,0.6020344947856046,0.04418741141535297,-0.05384843844888831,0.22521555898416493,-0.04567879369259242,0.16165410387362528,-0.35915840194169685,-0.3085684273018057,0.13079666022787234,-0.1129184663106741,0.34710265956925973,0.10031100570354112,0.016742573513717225,-0.03476895476275447,0.06428997069273562,-0.1861294103089365,0.5796116463916837,-0.036012385160227124,-0.3608379962735038,0.4224991349347891,0.46017165034263313,0.3030599492460085,0.36380705367755495
Putamen_R,0.04722990272467919,1.0,0.5102744841248162,0.5153766125075689,0.5144395241801482,0.247213236460345,0.05111692961202327,0.2846064319325982,0.4611597841192468,0.17849822139537652,0.05686668390559465,0.382518905027638,0.3011676105880344,0.18984448235458645,0.41810862636596174,0.2758869127853476,0.29142139848759546,0.5600818914436039,-0.15094273485385287,0.25564310188309963,0.3428425512423708,0.46978003566131565,0.04173891480397269,0.004043449543792534,0.06230931495962355,-0.12715455485876023,0.6664776551610672,-0.2384407808323222,0.3265790530387814,0.02946488085772951,0.529894636978158,-0.29145355452327176,0.04215431820856289,0.2898434637897038,0.08628753306536666,0.06273089153005974,0.13125770059523825,0.25022583589324754,0.5460192017256685,0.10723381639799066,0.4731252500974309,-0.15282821546855987,0.23177608965092084,0.39896148242694474,-0.23283692201622605,0.12604823899699194,0.3547582747133976,-0.10976739062723827,0.09483859773385817,0.340529743657394,0.45797530401300474,0.2686813796199434,0.05076260885998551,-0.1530117736785779,0.045503409907578264,0.18454315753746772,0.05872363980590718,-0.30701704767765337,0.4696605291006811,0.22384382936650185,0.4307853060266342,0.06427189195089242,0.3840441631431129,0.33998693812117203,0.11722842371347048
SupraMarginal_R,-0.05039783202271439,0.5102744841248162,1.0,0.4173901870094458,0.5217888805844445,0.2754704550993533,0.29089097417824716,0.2617296025788155,0.42901017359982385,0.25430761404150576,0.15057115197014467,0.24057363406965052,0.3034252828947279,-0.1099496718524339,0.04804753531749193,0.40129658150908937,0.05508765931622157,0.4659033560535664,0.04464635868811414,0.20450436569232655,0.4030975868912823,0.22567828578315402,0.309752475422003,0.16540438035799973,0.35516746865577725,0.10249947029904548,0.2434659275544871,-0.376297772034055,0.1322951506417898,0.23359463392386529,0.08346048027896294,0.12691693318498978,-0.023702684392476123,0.41236221041339843,-0.091021921292899,0.3527027125724152,0.37258730493507036,0.3957679681089469,0.3255174039053105,0.43017202068441984,0.4019154430130079,0.0539011585368348,0.36723211251050836,0.5422818908794045,-0.0048700068604603285,0.32870465951947225,0.09196462747860358,0.4797274517742143,0.14294671774719198,0.5848676568964182,0.21379272654505482,0.41541149103043074,0.3189101548600319,0.14385204744331673,0.3831479453552001,0.2448011383715638,0.3561329064638196,0.03747025043042177,0.011829416316267426,0.275397865384784,0.5003250876745964,-0.029812104390477667,0.0050569295179100195,-0.08547543859881142,-0.06811078220694368
Lingual_R,0.6139401689647435,0.5153766125075689,0.4173901870094458,1.0,-0.12873915125832855,0.018606229475316132,0.5228856308058507,-0.09413527964792252,0.7670857898159799,0.22015515011985223,-0.22021826869281597,0.768854182890452,0.1889932469717843,0.4722496266616635,0.7420272379388694,0.026186657743036773,0.5544603815348359,0.9136581181706543,-0.44115403228755695,-0.0577182351323202,0.09134861639474669,0.704601351506865,0.12780097659265086,-0.10126226147718694,0.33210764925035124,0.05553675834432063,0.3151753536856742,0.127541669037807,0.43164509456347183,0.03735088213537527,0.662935108793025,-0.35488501306458686,0.1045357194105877,0.6291004408359204,0.0666880964555053,0.4543261894214778,0.3020943525183842,0.30268249275513837,0.6056551826454156,0.04330334791645006,0.6718765901635169,-0.08716151070114406,0.45651471269190624,0.2825258833385201,-0.36957477679469863,0.00852742373893736,-0.14125893839039433,0.06894341719246426,-0.43491719793986694,-0.07601842108816566,0.5234015398916347,0.16256675647950145,0.13637004875919903,-0.232115443629882,-0.10080208445294331,0.19034102796086858,-0.07625843792463806,-0.5164543335121572,0.7382361110615419,-0.06920932361912178,-0.08887820925872966,0.07059084636420873,0.508010542149019,0.3411151814302507,0.2663769872747478
Frontal_Inf_Orb_2_R,-0.42123653678648587,0.5144395241801482,0.5217888805844445,-0.12873915125832855,1.0,0.38436476043645934,-0.09362391612901859,0.34814286470382516,-0.12279194842977138,0.08626699692311304,0.4757011516549818,-0.25873315450532647,0.23614831590567473,-0.3362050092366166,-0.37047255093201725,0.4273464220508868,-0.1935983023396135,-0.09479919416553295,0.41612673684437507,0.4294291536350552,0.4072553948421903,-0.2794490412879416,0.24951899462571323,0.17458549956689245,-0.18630014933388314,0.04336036096761148,0.2541018579651806,-0.4042013999856664,-0.20157501880125542,0.3078323920555894,-0.2795715134034711,0.38409043437219537,0.003186903818007464,-0.040561027131392334,-0.07833609499728306,0.03783610427994498,0.1703411538465828,0.270548789017086,-0.16444781837424507,0.22539020179696173,-0.1285292017808415,0.08732573151851773,0.06736590867624484,0.23001402402518284,0.26596383845711685,0.4954613103167746,0.48800287304661155,0.31327764229903504,0.6508095626736493,0.7314095953144896,-0.1606061058359979,0.2918166998201968,0.1870658907232412,0.27493224623837414,0.5226679349872976,0.024888621999835697,0.5045466841881749,0.37238376957747443,-0.4174100291486979,0.4965644945305982,0.7819888964096215,0.1367012486853398,-0.23288329007863326,-0.21898161423794207,-0.20752777258258137
ACC_sub_R,0.051284728902875706,0.247213236460345,0.2754704550993533,0.018606229475316132,0.38436476043645934,1.0,0.2013649864542518,0.3942843384347529,-0.05232806237477245,0.0545219369756199,0.3139921492641348,0.08078580871083105,0.1121336491188289,-0.0949127542560154,-0.13681169285669134,-0.011355708738332094,0.18883240926439646,0.036032756987816265,0.2604687798136014,0.27317687411998187,0.16937638949943967,-0.10501799259375358,0.35469429800825214,0.3157683991916866,-0.06785613350478309,-0.03272891355247551,0.1458299728448147,0.016474282553770855,-0.17224841686248665,0.35246988556447967,-0.10293004585390693,0.20663957109571332,0.20451794083959488,-0.00038609399328627827,0.20815055405884095,0.24078860315021008,0.3261091219769935,0.31942529767657735,-0.036119556668650854,0.03177423592549092,-0.03543334235771489,0.23756102698726508,0.27931621664403683,0.32094402868575117,0.29441023962086765,0.4186642409662745,0.3121241600335586,0.20773466297788193,0.3360828896534934,0.3529556785698104,-0.1200153581898135,0.21305864358007537,0.19959454180317437,0.3036306889214258,0.37952623487423237,0.06697684313510888,0.39568136537503784,0.3001375919569704,-0.0387733175083592,0.3770364691131659,0.36547735527867403,0.3087766073608401,0.03631677776616196,-0.09779291674169267,0.05003345469418027
Parietal_Inf_L,0.80814694623785,0.05111692961202327,0.29089097417824716,0.5228856308058507,-0.09362391612901859,0.2013649864542518,1.0,-0.032761787814716566,0.313606611028827,-0.01606947205567072,0.25902345825405276,0.4826948812224997,0.43275609193589243,0.19821664311791998,0.1610794350189224,-0.29480580166331366,0.6900793079770138,0.41469531369776397,0.0893842515147273,0.11214046052246263,0.011754690682932436,0.10300842075967086,0.6294089435288512,0.15857553779511918,0.08872965600150731,0.34438555119093933,-0.017536629433003232,0.4725664369925402,0.02015949893408915,0.49367110380773566,0.008629990946634315,0.2444547446493401,0.3616383887293423,0.3502325644811726,0.22467898848295345,0.8194177980921025,0.6848906898315985,0.6887766766840601,0.07548457619929498,0.09868548689893943,0.11912725783288887,0.5550437339396767,0.7510183298622958,0.18936117405799396,0.2537865669005108,0.5573080385469726,0.08066158753055123,0.640575198100631,-0.07278393834221553,0.0701419946912909,-0.08067769113746132,0.1988408499225063,0.5835860644441604,0.4370201807750244,0.396717957437542,-0.03938007351821833,0.46034150321754186,0.16563407126281837,0.24512050515165704,0.21047629391703793,-0.09455910984258485,0.5242071840292845,0.10500045945378289,-0.03714384636295506,0.16707818013718148
Raphe_D,-0.17608663793113727,0.2846064319325982,0.2617296025788155,-0.09413527964792252,0.34814286470382516,0.3942843384347529,-0.032761787814716566,1.0,-0.2326737747651885,-0.27624946692234104,0.38566124784486383,-0.10723877555197854,0.17543474038535017,-0.2613366859882567,-0.28985511247649914,-0.020738358528125115,0.10106408876934536,-0.13034142344089883,0.46325723672188873,0.30616067963936977,0.31011083672225154,-0.1484901452408663,0.3789332653374139,0.3317304784334226,0.15700984917727762,0.11649394847489955,0.24847348333842822,-0.10488436524926123,-0.1554928464731239,0.3737699720862209,-0.18706196155589283,0.2998146432882255,0.010665843153122852,-0.03161317283160747,0.3417651554567223,0.07591013857061453,0.3833825126668433,0.3453755844940349,0.02675921349348849,0.08000427037833595,0.03728162964107976,0.31989603276625983,0.2634168876946342,0.1429123150733889,0.42143709196197565,0.3652838015501029,0.5617232458216549,0.08859402516545749,0.48802509683820594,0.558014665427745,-0.17777752318501616,0.41432004874250955,0.339784016362706,0.23214151407420716,0.42119127863966827,0.004063631950058571,0.44949989572035576,0.3287256845558737,-0.10877322319232148,0.5334226393775102,0.410702456677733,0.3235972636438192,-0.19152464064860555,-0.13190042869106655,-0.10769815519060906
Occipital_Sup_L,0.42127415466492135,0.4611597841192468,0.42901017359982385,0.7670857898159799,-0.12279194842977138,-0.05232806237477245,0.313606611028827,-0.2326737747651885,1.0,0.2610811422516194,-0.5773262033307566,0.776099266601044,-0.05156215284190768,0.6164714297565184,0.8233419685635797,0.19916719014406603,0.2049397969842401,0.8843599302689523,-0.7494844268353429,-0.23882194322527228,0.041805106322696337,0.8339906498245864,-0.26085955792028526,-0.19259770552801803,0.2905167540584081,-0.13095495872416188,0.3316946841257586,-0.12799563669465164,0.5811569989218813,-0.36973259053778307,0.7732274900061344,-0.6017169397030923,-0.1220125178851463,0.6175655692476253,-0.3061009789356098,0.18806823636454534,-0.09320095935684133,-0.09236080562592197,0.7387344902663918,0.19083962161444326,0.7009563931758169,-0.42559672611211724,0.1093523641967355,0.3344409374531743,-0.7047919379617908,-0.3056802330422825,-0.42456790573934033,-0.0180514649410819,-0.6438624490811898,-0.29873770866871163,0.6724928231302393,-0.18632285596532855,-0.24109860714971754,-0.4675846308801516,-0.4548499217472583,0.2057397538391155,-0.41975875182716293,-0.6669055723308722,0.6981962546397591,-0.4648666882859302,-0.21184472403932328,-0.37565851226136815,0.6674763410432105,0.5254291845583022,0.4434473642564044
Temporal_Pole_Sup_R,0.01285071499264508,0.17849822139537652,0.25430761404150576,0.22015515011985223,0.08626699692311304,0.0545219369756199,-0.01606947205567072,-0.27624946692234104,0.2610811422516194,1.0,-0.19229314367414838,0.10867636890728545,-0.008044783958405908,0.1348022978650002,0.26091012122365037,0.18268708099508002,-0.0020306887290323914,0.29331354863145853,-0.24715428938321898,0.21675439295200857,0.27281830283167524,0.2423729041128032,-0.1508742862283745,-0.1679444528369663,-0.011008124216758628,-0.2863913556661462,-0.04589548342909622,-0.1861388914714691,0.2602211522314693,-0.04957029984375743,0.25225859587740007,-0.22050262676160362,0.04600205711898042,0.0747672500920433,-0.04716025877769727,-0.08633416284028449,-0.19356847097293697,-0.07280952916543418,0.12299041373493869,0.053248217557472007,0.05296471556264512,-0.22284761696329827,-0.12035817876200462,0.1932250250324931,-0.25886402194622554,-0.046972924484202185,-0.06994497243517493,-0.03767851408742844,-0.12731671405420122,-0.040999070758562066,0.21014248641567185,-0.04390607974518915,-0.15283886587838524,-0.06781633324163411,-0.07705196187214251,0.05540701103851896,-0.12571556867114553,-0.19318023976334583,0.1397409883527486,-0.06789713380076084,0.10386653588608365,-0.18843916831800583,0.288952477542726,0.03673547316735473,0.012615668787085303
ParaHippocampal_R,-0.07347034886424388,0.05686668390559465,0.15057115197014467,-0.22021826869281597,0.4757011516549818,0.3139921492641348,0.25902345825405276,0.38566124784486383,-0.5773262033307566,-0.19229314367414838,1.0,-0.33016202705568415,0.5135970847164935,-0.5656628051515453,-0.6800296036712946,-0.19518128084720318,0.23472811794739304,-0.4210464775370766,0.8527144041581619,0.4645423983679163,0.08435786911761901,-0.6751563106654944,0.7778381312682587,0.3316396947328949,-0.1758146743292626,0.2572010051701543,0.03275537074313099,0.1342742834438827,-0.45445075091055637,0.7506242661871583,-0.649638478565694,0.7841850068096802,0.40616180717268696,-0.2705195151225211,0.4472710013327295,0.4560438800142828,0.6595452773690635,0.6840765070977574,-0.44796398287755473,-0.08525680134891157,-0.40417180915473544,0.660983512722494,0.47210402445460786,-0.07164982360977602,0.8600992034598667,0.784667576414337,0.66437304074541,0.4990221683782097,0.8041641090638674,0.6756288606629145,-0.5632335930675356,0.626526205375645,0.68621196841335,0.7020600688727288,0.8420018401775577,-0.10646636183832298,0.8388867938966451,0.7349311220632883,-0.40514238996643454,0.795303697731878,0.49182980520896524,0.7457852466977324,-0.6244352618915405,-0.5092436644123353,-0.4176402493003737
Cuneus_L,0.5898279776855908,0.382518905027638,0.24057363406965052,0.768854182890452,-0.25873315450532647,0.08078580871083105,0.4826948812224997,-0.10723877555197854,0.776099266601044,0.10867636890728545,-0.33016202705568415,1.0,0.07544151505866221,0.6387574225579107,0.7680809287299148,0.017588335586345132,0.47715477976131526,0.8174337465320898,-0.5518812916384352,-0.23364402024767003,-0.09721203010945596,0.6863037156187525,0.029582820401412278,-0.17233395613221825,0.24191650141239215,-0.1646976532285134,0.37443246171421946,0.13333792261759433,0.4802869990183053,-0.13110610228121208,0.692032017101749,-0.5238521683698261,0.017809095278975645,0.44777635392370846,-0.016430248167202503,0.43038034954569315,0.2010843405384468,0.16218340402234777,0.6451759364387081,-0.01221606813509493,0.5908694928569415,-0.14696973386681458,0.3269709596436411,0.3015888454163944,-0.44725154913764753,-0.1197279795267223,-0.27844506445870804,-0.056420043776913564,-0.5844488053611108,-0.3019417160306608,0.5565018436647304,0.014933116532727974,-0.06419263400490127,-0.3647813038114581,-0.2874587516708037,0.16042974037066407,-0.2385800414415504,-0.5795995647233273,0.7918359917127132,-0.22293440125216477,-0.2579736807349389,-0.04048014588452786,0.6143149917165671,0.45260562523155407,0.4315652362926866
Caudate_R,0.285678242124306,0.3011676105880344,0.3034252828947279,0.1889932469717843,0.23614831590567473,0.1121336491188289,0.43275609193589243,0.17543474038535017,-0.05156215284190768,-0.008044783958405908,0.5135970847164935,0.07544151505866221,1.0,-0.2657459998452434,-0.1487441412454033,-0.17435106040724827,0.5476868590298993,0.10344032004615046,0.3904512992983879,0.3491948346243436,0.48195490622010106,-0.14479402079243767,0.6131139905202734,-0.0235196498445161,-0.07236455595957282,0.31929399430964306,0.2233462607890873,0.15391534463676204,-0.17433557709052555,0.6274199753731152,-0.1423564505834994,0.2716775099671542,0.2557832233431112,-0.00919985481521603,0.47937636395230143,0.5497582248324255,0.6196697763692584,0.7585272231876303,0.015653618867313965,0.06275255856251372,-0.02825190540355962,0.5278801459763054,0.6855290147451081,0.27612632693204947,0.4177489556123458,0.6415210360209123,0.40778646058164775,0.3293241044707052,0.34806236358638953,0.4906654019178083,-0.021676881078576724,0.44867430040753803,0.74308548821895,0.41046667430555484,0.5812294015238213,0.07902383116134944,0.5883105196730815,0.2891557713406527,-0.005594756846361523,0.45783060336915893,0.39484081908311985,0.5794191467915679,-0.15378665305078024,-0.1300837294962424,-0.311449068599486
Amygdala_R,0.46471625530056715,0.18984448235458645,-0.1099496718524339,0.4722496266616635,-0.3362050092366166,-0.0949127542560154,0.19821664311791998,-0.2613366859882567,0.6164714297565184,0.1348022978650002,-0.5656628051515453,0.6387574225579107,-0.2657459998452434,1.0,0.7490933553196719,0.01676255825573341,0.2443887228071997,0.5835462384466106,-0.6590014562450196,-0.3443033426898555,-0.1667223075135599,0.6628239408964263,-0.3650349986662774,-0.20715862991451353,0.0793936359131583,-0.0760033052882225,0.1792353314443416,0.21206946221050527,0.3753458864216304,-0.3868808551217104,0.6864413971697131,-0.6217701786887304,-0.1862545863665319,0.3561724261511231,-0.22878561647699155,-0.051788284658063684,-0.22475987825520827,-0.24537897985099605,0.46639887638485106,0.0037066802003012616,0.38420802504435614,-0.33573906429029265,-0.05277401708283085,0.0665512522326115,-0.5846279126849604,-0.38481316290524203,-0.3436988671422876,-0.31876706608014654,-0.6580721581993974,-0.5350876741824374,0.4655221618929123,-0.38921370503411135,-0.37369971728328305,-0.41494128122422835,-0.5286664084673152,0.05183913632887401,-0.4771936536524126,-0.6259802763378728,0.6097370306481236,-0.4289989636751389,-0.43539310727034436,-0.26735574922956495,0.7192376277585176,0.5655146579913359,0.49429972254889265
Vermis_6,0.5051826514126339,0.41810862636596174,0.04804753531749193,0.7420272379388694,-0.37047255093201725,-0.13681169285669134,0.1610794350189224,-0.28985511247649914,0.8233419685635797,0.26091012122365037,-0.6800296036712946,0.7680809287299148,-0.1487441412454033,0.7490933553196719,1.0,0.08664417895887447,0.3118134531122083,0.8364196148920724,-0.8258683587390725,-0.30927475216379646,-0.0634063055766316,0.903935879153137,-0.4173679369928848,-0.28235870239030364,0.22103790101196674,-0.24402169868627815,0.34722809154993534,0.11722170852571814,0.5779254674607494,-0.43840198219187243,0.9298324395039703,-0.8050337725742335,-0.0907501756670372,0.4845344727165042,-0.15385634919512758,-0.04886931167194213,-0.2388881887725401,-0.22443753886433393,0.7215589761863854,-0.03812550000868009,0.6455677143957044,-0.4607559590079263,-0.0014644826983556414,0.17973713659157528,-0.7723846349735988,-0.4831997608566936,-0.38251866660735295,-0.421119924698971,-0.7643609903137681,-0.5182074050076527,0.7106737442262328,-0.2906912609916033,-0.37497827512080595,-0.6125510690080871,-0.6303172070201372,0.1730585475596007,-0.6010704212820573,-0.8311411349251081,0.8597592649498152,-0.47819191806240297,-0.38601186197027515,-0.32553155500668046,0.8492609963733072,0.6740398908544997,0.5261360650188924
OFClat_R,-0.3890605933958447,0.2758869127853476,0.40129658150908937,0.026186657743036773,0.4273464220508868,-0.011355708738332094,-0.29480580166331366,-0.020738358528125115,0.19916719014406603,0.18268708099508002,-0.19518128084720318,0.017588335586345132,-0.17435106040724827,0.01676255825573341,0.08664417895887447,1.0,-0.4117077872477583,0.1757385205203994,-0.2618847960317066,-0.10671927334042053,0.1994841564708226,0.17294742261868376,-0.3047085037534508,-0.01313634222132231,0.12135573352215188,-0.057285631056339284,0.1120477710284314,-0.43518683721276186,0.08561306440995439,-0.25412010250247236,0.14764717968016572,-0.1858859769654451,-0.31132773862033997,0.09789901866529573,-0.43943761296161743,-0.31176211206620075,-0.29534279307419675,-0.266204881352809,0.14751527754615754,0.38048432806761356,0.13146891002574554,-0.4603868147438754,-0.2682029955897791,0.19880369095613767,-0.375136679569752,-0.16317238876336246,-0.1266592039603009,-0.1102196846068952,-0.09033826793751709,0.21457839623556565,0.21338948874444558,-0.12472561410220168,-0.30547430426320216,-0.38156595540598237,-0.056990301085702355,0.32481061607678213,-0.1343645543007136,-0.26359185933408846,-0.14673284988903917,-0.05198145701126191,0.3388224801871888,-0.519060390772421,0.1519449924720328,0.0644127203120876,0.14649329843782638
Thal_VPL_L,0.7898789126203061,0.29142139848759546,0.05508765931622157,0.5544603815348359,-0.1935983023396135,0.18883240926439646,0.6900793079770138,0.10106408876934536,0.2049397969842401,-0.0020306887290323914,0.23472811794739304,0.47715477976131526,0.5476868590298993,0.2443887228071997,0.3118134531122083,-0.4117077872477583,1.0,0.4128235516422509,0.10188464058656689,0.2254098531450009,0.12654080558063094,0.23473864484544882,0.5411523134246689,-0.005171849478816224,-0.03624579604721741,0.3024417208642293,0.21908213733683984,0.5304333860491567,0.112553992451419,0.49937990663067416,0.2771447647253734,-0.05226936846259999,0.31669562927902334,0.17009156440983816,0.6125465324581253,0.5930984393387065,0.62847476406483,0.6842568073688461,0.2157591001803282,-0.18691062999729585,0.16685807776756525,0.503539144411045,0.759089003020851,0.17282186021324372,0.22833332221690825,0.4660831215039298,0.3426659762354568,0.13326724169452703,-0.014192610457811937,0.050987792193203325,0.14140254799954785,0.2492334250982675,0.5575759032135249,0.27162461295206025,0.29251713594347306,-0.03287532428588761,0.34154053700905085,-0.04109654083804191,0.5181404710491816,0.3162335053851018,-0.03339078790881453,0.6648408906277461,0.2739215240351138,0.13943673838894502,0.06399339150986229
Vermis_4_5,0.5299773930037687,0.5600818914436039,0.4659033560535664,0.9136581181706543,-0.09479919416553295,0.036032756987816265,0.41469531369776397,-0.13034142344089883,0.8843599302689523,0.29331354863145853,-0.4210464775370766,0.8174337465320898,0.10344032004615046,0.5835462384466106,0.8364196148920724,0.1757385205203994,0.4128235516422509,1.0,-0.621310596851347,-0.16729533303973326,0.14901101506403805,0.8155247967029621,-0.0682628647319587,-0.14044476923505925,0.2806926542719461,-0.047595198460479916,0.3700628835890197,0.04510109992810771,0.4818254924461038,-0.15289556924800762,0.785446546783179,-0.5388154115114351,0.0005613875701623606,0.6438416919713462,-0.11912591691099839,0.29396651100000204,0.11752201706887495,0.13130089906353584,0.6964939429877524,0.1847238505003559,0.7249408476744627,-0.2382283560541173,0.33665302933082886,0.4237666316204312,-0.5829506059334717,-0.13503305079351147,-0.2748158123117578,-0.053088812213421294,-0.5778376525284162,-0.12377827156561101,0.6382421904467245,-0.0354616232637662,-0.015611703860351692,-0.36410815364092075,-0.255984465656281,0.2852262403633804,-0.2238873654037212,-0.6580242431180235,0.7354260019896666,-0.21226421595573072,-0.08460054658401044,-0.16703306883393937,0.6935022516100684,0.48318170331799654,0.3956534173041462
Thal_LGN_R,-0.22549419044708302,-0.15094273485385287,0.04464635868811414,-0.44115403228755695,0.41612673684437507,0.2604687798136014,0.0893842515147273,0.46325723672188873,-0.7494844268353429,-0.24715428938321898,0.8527144041581619,-0.5518812916384352,0.3904512992983879,-0.6590014562450196,-0.8258683587390725,-0.2618847960317066,0.10188464058656689,-0.621310596851347,1.0,0.49112307854753967,0.15957335698200636,-0.7760103809816435,0.7142143180161868,0.28874716320511884,-0.17625245918892815,0.3016363943416838,-0.17818076755093595,0.06154997232747672,-0.5232925156154117,0.7380203792335335,-0.7868162415489974,0.8322290997272154,0.21711107921472492,-0.3620411208565927,0.45818454841134787,0.2950162148830224,0.5667927372528415,0.5647763770196318,-0.5789212699271739,-0.10388320850529077,-0.5032867124409912,0.7076252404649535,0.33951484229229906,-0.10997762661126946,0.9281778612154775,0.7269301390532907,0.6636266020274245,0.45935498869747604,0.8756009868184641,0.6800819901118009,-0.6175612561836077,0.5634084982526841,0.6397708982709657,0.7655799042085962,0.8254120943140654,-0.2264651375003583,0.8281510213397142,0.8330322632163912,-0.6065177248008754,0.7675525306876784,0.4732884516637062,0.6893843191748802,-0.739296408034012,-0.6370401171522299,-0.5410839839359386
Temporal_Pole_Sup_L,-0.02261569850719128,0.25564310188309963,0.20450436569232655,-0.0577182351323202,0.4294291536350552,0.27317687411998187,0.11214046052246263,0.30616067963936977,-0.23882194322527228,0.21675439295200857,0.4645423983679163,-0.23364402024767003,0.3491948346243436,-0.3443033426898555,-0.30927475216379646,-0.10671927334042053,0.2254098531450009,-0.16729533303973326,0.49112307854753967,1.0,0.4608061602992658,-0.26091813508089173,0.39148557868519357,0.19349235476724072,-0.01547197380187345,0.0177869709805588,-0.03793292469579829,-0.1506207690524702,-0.08180195237947616,0.5130613665856826,-0.2742392451057794,0.4125910882712819,0.14762163229012282,-0.10764901740536093,0.5080238765855384,0.19335801882014794,0.302385791036956,0.44426858177382106,-0.1674390519854699,0.04022459896311823,-0.15582833096322568,0.29663448820380545,0.15859274879505414,0.018151286111052996,0.4812428455249717,0.5422746541536101,0.6126048876692124,0.3295156803015196,0.6605223716061727,0.378278450963944,-0.19106470775273632,0.4058804459136884,0.32580279803112333,0.46812959727812326,0.5089860862020053,-0.15014453706202222,0.47079599625936697,0.47401257799997026,-0.1529446265867949,0.524932474073058,0.3310555041128013,0.5018477650173688,-0.25288994986599467,-0.28879228358653547,-0.3372672645170939
ACC_pre_L,-0.07197005382281302,0.3428425512423708,0.4030975868912823,0.09134861639474669,0.4072553948421903,0.16937638949943967,0.011754690682932436,0.31011083672225154,0.041805106322696337,0.27281830283167524,0.08435786911761901,-0.09721203010945596,0.48195490622010106,-0.1667223075135599,-0.0634063055766316,0.1994841564708226,0.12654080558063094,0.14901101506403805,0.15957335698200636,0.4608061602992658,1.0,0.05814833060861968,0.13801499168233372,0.05582656553670987,0.06173186550993097,0.182480487689463,0.06831503805629413,-0.21784054033193714,-0.11936475698657019,0.3136977047560127,-0.010883592687868177,0.10312983717570914,-0.09483771718186092,0.05496897976280496,0.25226689870431385,0.017285317676798046,0.16205034474003652,0.33564127347791495,-0.007192415652904652,0.3346876665170519,0.012342732502494827,0.08041967739788747,0.18428851631012083,0.37467403792164833,0.09617803503367726,0.36710126680203103,0.297885199561053,0.08223958019773404,0.27734707019427735,0.4345974781155334,0.08713437411894824,0.12637379353589775,0.28280608739705615,0.1679962154273156,0.3667600109392954,0.09183142539371876,0.3037728276055511,0.15017466090847956,-0.14918883819662365,0.32409210547979506,0.4970276848883341,0.09953797080480034,0.0543078996605675,-0.04532934909180915,-0.1872594964661198
Cerebellum_7b_R,0.36377847385469425,0.46978003566131565,0.22567828578315402,0.704601351506865,-0.2794490412879416,-0.10501799259375358,0.10300842075967086,-0.1484901452408663,0.8339906498245864,0.2423729041128032,-0.6751563106654944,0.6863037156187525,-0.14479402079243767,0.6628239408964263,0.903935879153137,0.17294742261868376,0.23473864484544882,0.8155247967029621,-0.7760103809816435,-0.26091813508089173,0.05814833060861968,1.0,-0.4205185026807088,-0.2054542044689629,0.39468009705647306,-0.1528909775390637,0.3716640030862372,-0.026607404218568154,0.5826724398288631,-0.4274487341529014,0.8954182188761336,-0.7468111681315138,-0.16017611554467895,0.5783660620663106,-0.20808237776939967,-0.09254715444079357,-0.22995521908010602,-0.2284850719009203,0.7487320817715434,0.10809403991961473,0.6975350110953952,-0.4958201893121655,-0.021271824405377136,0.22219584306467693,-0.7560609640443461,-0.4890572875793134,-0.3494758510140225,-0.3499864092405387,-0.7014042394939691,-0.37890327081053216,0.6993395567528119,-0.19889936075410536,-0.36285943200252574,-0.5905130034003158,-0.5744304409240861,0.1862045359737346,-0.5596456482323219,-0.8004411043347498,0.7792758703399815,-0.4513588009263417,-0.3120917382524768,-0.4147885738546537,0.7764287566076803,0.6536057507644844,0.4980970678609791
Paracentral_Lobule_R,0.2898787918303875,0.04173891480397269,0.309752475422003,0.12780097659265086,0.24951899462571323,0.35469429800825214,0.6294089435288512,0.3789332653374139,-0.26085955792028526,-0.1508742862283745,0.7778381312682587,0.029582820401412278,0.6131139905202734,-0.3650349986662774,-0.4173679369928848,-0.3047085037534508,0.5411523134246689,-0.0682628647319587,0.7142143180161868,0.39148557868519357,0.13801499168233372,-0.4205185026807088,1.0,0.19391380088692847,-0.0025100749800784057,0.3558483885510168,-0.025521086000933113,0.27330521577197275,-0.26400789670874936,0.8539758671946656,-0.47010526355608545,0.6562689541869503,0.4066592047943262,0.03045729827641608,0.5093289001021666,0.8032429998226163,0.9283042345079374,0.8867532580153363,-0.220212670085693,0.021262144601803847,-0.10816809418834865,0.83897445909143,0.7956629149537865,0.17197130192293264,0.7906856101894048,0.8719811802838467,0.5389216324548839,0.6679359713990126,0.5481221680018933,0.6186968742889034,-0.3300113801469013,0.6637655618887841,0.8570246567658076,0.7239463788421597,0.8477050490008549,-0.007149137075286302,0.8886607845691851,0.6124314240213569,-0.17673125425292124,0.6885428056122707,0.38078674473045604,0.7948342302028414,-0.44157016291326495,-0.4753796580830104,-0.3681867012387274
Cerebellum_10_R,0.04231248950334645,0.004043449543792534,0.16540438035799973,-0.10126226147718694,0.17458549956689245,0.3157683991916866,0.15857553779511918,0.3317304784334226,-0.19259770552801803,-0.1679444528369663,0.3316396947328949,-0.17233395613221825,-0.0235196498445161,-0.20715862991451353,-0.28235870239030364,-0.01313634222132231,-0.005171849478816224,-0.14044476923505925,0.28874716320511884,0.19349235476724072,0.05582656553670987,-0.2054542044689629,0.19391380088692847,1.0,0.14297291863589545,0.144637315967745,-0.08034948319199393,0.10319398790575599,-0.25707336166227895,0.1515766773673929,-0.2435531304183339,0.449898742976644,0.20058424706145944,-0.05962367724628718,0.18689985067726297,0.04123564536774574,0.20128951059236908,0.1974414754082306,-0.19649972671121976,0.1700036242210252,-0.13636028669457356,0.16977035512868668,0.14020888306757667,0.018288187009640352,0.29758404873589284,0.24012728834233818,0.18537248149468127,0.22785403664423254,0.3149997459677959,0.21746270435844878,-0.4079322634913522,0.05822860363806165,0.23617723762336043,0.3299747614346979,0.28948983782152243,-0.1423108680795274,0.2593061648760016,0.34186785590619634,-0.15096688431497748,0.2835531040559072,0.10528137595039576,0.24706210822730484,-0.17585074983148122,-0.1932908839919914,0.17525507311888702
Cerebellum_Crus1_R,0.004013819611453911,0.06230931495962355,0.35516746865577725,0.33210764925035124,-0.18630014933388314,-0.06785613350478309,0.08872965600150731,0.15700984917727762,0.2905167540584081,-0.011008124216758628,-0.1758146743292626,0.24191650141239215,-0.07236455595957282,0.0793936359131583,0.22103790101196674,0.12135573352215188,-0.03624579604721741,0.2806926542719461,-0.17625245918892815,-0.01547197380187345,0.06173186550993097,0.39468009705647306,-0.0025100749800784057,0.14297291863589545,1.0,-0.047182660858497025,-0.16759457854509371,-0.11413171786854398,0.22300498039525107,-0.002243716592292018,0.1067722745287919,0.0037571002872300425,-0.051955374340161765,0.48149910022864606,-0.03502782718504466,0.06736546872563115,0.03891772017145561,-0.02018571118791003,0.35695617530074963,0.29130819340307934,0.4903727700137915,-0.12764651957764497,-0.023784877568915827,0.044127713735622714,-0.10158536243437678,-0.14499922064353252,-0.2278991256314991,0.18002609481748597,-0.2092113845286196,-0.008422395803074707,0.24020303595751988,0.40360047396127996,-0.06345241805793819,-0.09968510211403116,-0.0441812746039873,0.1709436800601871,-0.06271694262981392,-0.13854455329330378,0.1883224413957918,-0.09432730343749528,-0.19002453824415644,-0.18038392398203434,-0.003893250915621035,-0.14804686887154742,0.021056345073583643
Thal_PuL_L,0.2457105137629937,-0.12715455485876023,0.10249947029904548,0.05553675834432063,0.04336036096761148,-0.03272891355247551,0.34438555119093933,0.11649394847489955,-0.13095495872416188,-0.2863913556661462,0.2572010051701543,-0.1646976532285134,0.31929399430964306,-0.0760033052882225,-0.24402169868627815,-0.057285631056339284,0.3024417208642293,-0.047595198460479916,0.3016363943416838,0.0177869709805588,0.182480487689463,-0.1528909775390637,0.3558483885510168,0.144637315967745,-0.047182660858497025,1.0,-0.14285252157458783,0.26855604935857413,-0.2973684742641682,0.3550753999342722,-0.2448653479580493,0.31567761757915364,-0.027165674026568665,0.2098597233991508,0.1199696067212866,0.297282782515219,0.39782738484478547,0.37890702784469166,-0.16779846472370671,0.20537245852491576,-0.06291472784926416,0.34068123802688155,0.45663718394048675,0.0194157404219136,0.2799439541548223,0.3848908960194107,0.12420946041762801,0.3209503997700247,0.13657231348894316,0.29829459047526763,-0.25074984959778196,-0.006667413370717463,0.46146490646046345,0.3187807252607033,0.40789211425737626,0.06594557272181176,0.41752538868565725,0.25268042805137214,-0.24227841226599647,0.23202400707927393,0.13816550220398185,0.24791730178976518,-0.2024379762271458,-0.12713974844976866,-0.1136264114058564
Temporal_Sup_R,0.06522933041719917,0.6664776551610672,0.2434659275544871,0.3151753536856742,0.2541018579651806,0.1458299728448147,-0.017536629433003232,0.24847348333842822,0.3316946841257586,-0.04589548342909622,0.03275537074313099,0.37443246171421946,0.2233462607890873,0.1792353314443416,0.34722809154993534,0.1120477710284314,0.21908213733683984,0.3700628835890197,-0.17818076755093595,-0.03793292469579829,0.06831503805629413,0.3716640030862372,-0.025521086000933113,-0.08034948319199393,-0.16759457854509371,-0.14285252157458783,1.0,-0.10233077552721598,0.18957463223550053,-0.1544893585944605,0.5095677556442112,-0.3695883034068834,0.03090875252139701,0.1022008745126174,-0.011651150595749891,0.021505495098536873,0.10991293250809149,0.1310270039694802,0.4689320910193114,-0.07162884283348807,0.33825068293266464,-0.18519373077352352,0.1798839472879119,0.22563239312069464,-0.24587809982097691,-0.05744772505674003,0.21888780172561473,-0.286326156887795,-0.04707875700138651,0.16105857964747244,0.3003755515646284,0.08715603292916196,0.01279345589501557,-0.3219359338891261,-0.12231937575187879,0.14808001866070739,-0.11469566859276016,-0.3508048137165789,0.4907343810530634,0.1039551862198236,0.22216924480497038,0.0017565489140887122,0.3521066328478806,0.6339093356299268,0.35666786354844465
Vermis_8,0.6055728693433057,-0.2384407808323222,-0.376297772034055,0.127541669037807,-0.4042013999856664,0.016474282553770855,0.4725664369925402,-0.10488436524926123,-0.12799563669465164,-0.1861388914714691,0.1342742834438827,0.13333792261759433,0.15391534463676204,0.21206946221050527,0.11722170852571814,-0.43518683721276186,0.5304333860491567,0.04510109992810771,0.06154997232747672,-0.1506207690524702,-0.21784054033193714,-0.026607404218568154,0.27330521577197275,0.10319398790575599,-0.11413171786854398,0.26855604935857413,-0.10233077552721598,1.0,-0.1319087412004525,0.2671494214482895,-0.000717439411451667,0.0843110915017378,0.3876416687009387,0.003590458947502731,0.28809651684587567,0.24903685967301464,0.3027803149357769,0.29213828542173487,-0.15245929767844216,-0.2446010881083824,-0.1498014925939204,0.46741214773863665,0.3817108431936807,-0.15513934026341006,0.20685114651499098,0.21152618581937083,0.051825918100203816,-0.020764975407714565,-0.18465522051949573,-0.17993228184015536,-0.20833567679484793,-0.08928870539596441,0.32718878917294164,0.23004947912439125,0.11085844655022885,-0.09583215785111177,0.17702766050147178,0.027891145978215178,0.15613675062887325,0.07478876355721745,-0.2816708667345757,0.40949309254340144,0.1477318565251836,0.0783586004042137,0.22080451394665523
Frontal_Med_Orb_R,0.1488734612190593,0.3265790530387814,0.1322951506417898,0.43164509456347183,-0.20157501880125542,-0.17224841686248665,0.02015949893408915,-0.1554928464731239,0.5811569989218813,0.2602211522314693,-0.45445075091055637,0.4802869990183053,-0.17433557709052555,0.3753458864216304,0.5779254674607494,0.08561306440995439,0.112553992451419,0.4818254924461038,-0.5232925156154117,-0.08180195237947616,-0.11936475698657019,0.5826724398288631,-0.26400789670874936,-0.25707336166227895,0.22300498039525107,-0.2973684742641682,0.18957463223550053,-0.1319087412004525,1.0,-0.3346367811751767,0.5572636684448562,-0.5339361599845523,-0.05590189717780024,0.27553174343090236,-0.14295742993438268,-0.06438418098689322,-0.2326662230479786,-0.1981189126845607,0.5270186011080883,-0.033575333577608946,0.4732569901580888,-0.30285103751264086,-0.06643603367259014,0.21790915861012353,-0.4992953705348858,-0.32008878610419633,-0.23028529702485387,-0.16966806148010077,-0.44213721633166475,-0.3101991860345989,0.5467104053034101,-0.062213279486467384,-0.32162103770281875,-0.36161511989142897,-0.4414298885574959,0.012525209308918622,-0.3988595335127375,-0.5476413749000516,0.5351000271677923,-0.38721527858510923,-0.2056188693149318,-0.3037297365228099,0.38759289195331,0.29571923897138175,0.1944846167462544
Frontal_Inf_Tri_L,0.22674519639839008,0.02946488085772951,0.23359463392386529,0.03735088213537527,0.3078323920555894,0.35246988556447967,0.49367110380773566,0.3737699720862209,-0.36973259053778307,-0.04957029984375743,0.7506242661871583,-0.13110610228121208,0.6274199753731152,-0.3868808551217104,-0.43840198219187243,-0.25412010250247236,0.49937990663067416,-0.15289556924800762,0.7380203792335335,0.5130613665856826,0.3136977047560127,-0.4274487341529014,0.8539758671946656,0.1515766773673929,-0.002243716592292018,0.3550753999342722,-0.1544893585944605,0.2671494214482895,-0.3346367811751767,1.0,-0.5086419104493628,0.6543532131833233,0.3856495901512653,-0.025956396392030335,0.574266896456068,0.6115734848838893,0.7615618629003915,0.7966944208593453,-0.30567235588248515,0.006498019435923808,-0.21949648158801355,0.7773206361110064,0.6597272105516971,0.13549215997143366,0.8026501213407466,0.8672964611002764,0.6202266775891877,0.5796762189577388,0.6220445283645727,0.6367335077177985,-0.3495805173493108,0.6158442667649093,0.7790189691741204,0.7483468482060888,0.8889262027223798,-0.038862800886969764,0.9062717607900725,0.6370596219857361,-0.2839256172657853,0.7302676291248921,0.4431917925752374,0.7865570619083637,-0.4112907409711295,-0.4990322953752936,-0.44696795116728333
