,Cerebellum_3_L,Cerebellum_8_L,VTA_L,Lingual_R,Thal_PuL_L,Caudate_R,Thal_MDl_L,Parietal_Inf_L,VTA_R,Pallidum_R,Vermis_1_2,OFClat_R,Thal_AV_R,SN_pc_L,Temporal_Pole_Mid_L,Thal_AV_L,Insula_L,Thal_IL_L,Cerebellum_Crus1_L,Thal_IL_R,Parietal_Sup_R,Occipital_Inf_R,Temporal_Inf_R,Frontal_Inf_Orb_2_R,Frontal_Inf_Orb_2_L,Rolandic_Oper_R,Occipital_Sup_L,Temporal_Pole_Mid_R,Cuneus_R,Vermis_3,Vermis_9,N_Acc_L,Amygdala_L,Cingulate_Mid_L,Thal_VL_L,Fusiform_L,Hippocampus_R,Red_N_L,Supp_Motor_Area_L,ACC_sup_L,Cerebellum_10_L,ACC_sub_R,Pallidum_L,ACC_pre_R,SN_pc_R,Occipital_Inf_L,Temporal_Inf_L,Thal_MDl_R,OFCmed_R,ACC_sup_R,Cerebellum_6_R,OFCmed_L,Thal_LP_R,Thal_PuI_R,Thal_VA_R,Cerebellum_10_R,Frontal_Inf_Oper_L,Thal_Re_L,Frontal_Med_Orb_R,Thal_PuL_R
Cerebellum_3_L,1.0,0.573573207507167,0.7540796619911799,-0.08716151070114406,0.34068123802688155,0.5278801459763054,0.3396411023493346,0.5550437339396767,0.7888015578415591,-0.20261846743833595,0.8004073942635982,-0.4603868147438754,0.5751132976172108,0.5165996784787193,0.5158759933027748,0.6430611523923753,0.4484151426965545,0.6973043922913368,0.1262837249518012,0.5927391484169576,0.3036094026082886,-0.16881319230220856,-0.3548292280726762,0.08732573151851773,0.4424550028737491,0.017649525323979964,-0.42559672611211724,0.14451657034133109,-0.46642172346715927,0.7750055485970807,-0.021700299625949406,0.15526796871671053,0.21205435710517465,0.7469872164179526,0.6997443952157223,0.6210488997060647,0.6965033131627199,0.6290548476922723,0.8970601056570287,0.8153937132824978,0.14873235853552494,0.23756102698726508,0.40353456238047897,0.14003833315943365,0.24482619360557542,0.540765652816199,0.35504921653191557,0.6576850583645062,0.20460697858463323,0.2532271638068068,-0.1166043404889108,-0.17439411472952882,0.29831065982927724,0.6865765686831924,0.5098036902985776,0.16977035512868668,-0.07467761731876392,0.026308227474595196,-0.30285103751264086,0.3582971437349671
Cerebellum_8_L,0.573573207507167,1.0,0.6627858937182733,-0.1923217402766862,0.3026383877634706,0.24732081524261715,0.19470938237159385,0.25352143266797966,0.6429779671438853,-0.24434902030974862,0.6611933991240663,-0.11747779860234646,0.2702816948419649,0.5275310748992497,0.43123020115531735,0.49809568025236034,0.22771848790162702,0.4334520775669069,0.008728999307943389,0.4294095415888588,0.3908430093853388,-0.10876422624177307,-0.2260060862297972,0.29691121037392343,0.5106698330289868,-0.13295349532282855,-0.3815525044196717,0.23440579816284668,-0.42032831097546375,0.5681386290487349,0.1829723705848346,0.199579179286603,0.23825046208118864,0.4306148662803059,0.5027162220137228,0.626030972655656,0.6291550800469605,0.5929776030126747,0.5741970321685524,0.5528296415908807,0.2560396438265194,0.277915284452558,0.25044529601120535,0.30946546866836894,0.28153931069128385,0.5989386634071946,0.3849861725978396,0.43723023861361404,0.14537011564257818,0.3680667832045894,-0.17335799420447093,-0.23721630480889216,0.23098434917042338,0.5112027266800792,0.36257501122943736,0.4765896603883266,-0.137920924708424,0.09649575922657036,-0.3479101513500489,-0.0008532776684984327
VTA_L,0.7540796619911799,0.6627858937182733,1.0,-0.3078921652752574,0.22120043991592306,0.3365892401458139,0.27883424003546353,0.3598894696390132,0.915863561706229,-0.22200025329153036,0.7179593000568124,-0.3551859982673337,0.4807024793245587,0.7583428458019287,0.5592701197708703,0.6760333509605742,0.2964388649312128,0.6126017898472292,0.002038675445618618,0.5634272847881812,0.5070570776729956,-0.28241868880604715,-0.4303913771461317,0.3823720713056861,0.6743316271484928,-0.10373896008781824,-0.5194442682579328,0.2021741187947359,-0.5404915166612745,0.61583238053011,-0.0354265234989566,0.36662725303448385,0.21241418416792085,0.575214601549981,0.5830778865332181,0.8042699187696551,0.7901710476536136,0.8417850779723224,0.6498313770484534,0.5975316261760661,0.13339738316343622,0.3793535589921064,0.45584753609524553,0.33918618094898795,0.45442627314214507,0.8541984119106178,0.35878467760334337,0.5694700786916087,0.24941105247606424,0.36718994939284716,-0.22577996801681208,-0.2272482362638193,0.2567642319954042,0.6412885410885397,0.5448551229771373,0.3233072643373429,-0.19176013817949297,0.0798400989455624,-0.40510590957347753,-0.07529826358668792
Lingual_R,-0.08716151070114406,-0.1923217402766862,-0.3078921652752574,1.0,0.05553675834432063,0.1889932469717843,0.1608241889135772,0.5228856308058507,-0.232115443629882,0.45631199293135166,-0.18073328949260736,0.026186657743036773,0.026071388645374134,-0.24350382618727245,-0.1577783576949854,-0.31398028755627844,0.34057086399197345,0.019750698489028298,0.30239466499231976,0.03263693309807998,0.02487281932200628,0.30748122149304424,0.2663769872747478,-0.12873915125832855,-0.19909261779633877,0.41051456941666725,0.7670857898159799,0.26272588900252697,0.798792277532855,0.07104694768114979,0.04330334791645006,-0.3300408850020422,-0.1717525987569352,0.30268249275513837,0.04131376404519099,-0.35488501306458686,-0.40339413834128096,-0.42476273242609863,0.07489602938630562,0.13637004875919903,0.042071513192296496,0.018606229475316132,-0.022798219389645134,0.0029765883415139058,-0.05923150456807669,-0.23137293692713046,0.1045357194105877,-0.056797844243051905,0.06825888952065767,-0.08887820925872966,0.6642415849026921,0.15242973219108716,-0.20398968689235183,-0.08004267345515227,-0.14125893839039433,-0.10126226147718694,0.6513858314050659,0.0738470249373595,0.43164509456347183,0.5291827374350746
Thal_PuL_L,0.34068123802688155,0.3026383877634706,0.22120043991592306,0.05553675834432063,1.0,0.31929399430964306,0.25222680142566273,0.34438555119093933,0.3187807252607033,-0.21916983132340487,0.33586357894686436,-0.057285631056339284,0.22190622860009848,0.0964375956174011,0.2399926634297437,0.14624679065692828,0.15795894519254966,0.2172934432406053,0.005814782994926568,0.24469213999259368,0.23139082144227965,-0.09442850663877059,-0.1136264114058564,0.04336036096761148,0.19747565626177443,-0.08763787170029344,-0.13095495872416188,0.003841180222102724,-0.18359155276955552,0.20824571886944218,0.20537245852491576,0.1720200668914591,0.309013434152586,0.37890702784469166,0.3642913041322387,0.31567761757915364,0.3247019852953349,0.214673546312903,0.4329297993408594,0.46146490646046345,0.2345288336167865,-0.03272891355247551,0.13992119483017562,0.1539392248812331,0.09896179110530659,0.19058249745373546,-0.027165674026568665,0.23530771407115958,-0.0720764818923777,0.13816550220398185,-0.22448348414068334,-0.22321122649941574,0.3155820526304014,0.3133267778967625,0.12420946041762801,0.144637315967745,0.03533023142730917,-0.02952493400201386,-0.2973684742641682,0.1519290774787655
Caudate_R,0.5278801459763054,0.24732081524261715,0.3365892401458139,0.1889932469717843,0.31929399430964306,1.0,0.39576416791399577,0.43275609193589243,0.41046667430555484,0.11337986327619602,0.4873629395399809,-0.17435106040724827,0.5585371237246407,0.3526607306773536,0.24661311899453717,0.20809386796633378,0.6136314779564683,0.4899376830484798,-0.03473717522259893,0.5839262689980665,0.17132818112581855,0.02714622360307186,-0.311449068599486,0.23614831590567473,0.46236870344818043,0.3505582758931796,-0.05156215284190768,0.09124019866564037,-0.05814830909373117,0.5728544739488769,0.06275255856251372,0.19669621621471606,0.0384651442594673,0.7585272231876303,0.6955182677248036,0.2716775099671542,0.3638178692127146,0.39215199874134415,0.5747972431717374,0.74308548821895,-0.11965866919934387,0.1121336491188289,0.5651518119007015,0.3350349433309668,0.1729122445427468,0.2766312774962891,0.2557832233431112,0.7653267768860985,0.06828184442433621,0.39484081908311985,0.0511696033170552,-0.060594810958405874,0.5172827329827563,0.5223871986669258,0.40778646058164775,-0.0235196498445161,0.3495485110944879,0.12082777299173335,-0.17433557709052555,0.4195810842379583
Thal_MDl_L,0.3396411023493346,0.19470938237159385,0.27883424003546353,0.1608241889135772,0.25222680142566273,0.39576416791399577,1.0,0.22652075547722506,0.29500622728782117,0.2690951613157014,0.3283609048069656,-0.2069183648593152,0.4479867031372782,0.3394477938900763,0.10493316422345522,0.27774554236976146,0.5319208670529112,0.531120947834377,-0.04964387590796742,0.5572000328364168,-0.0004387444536251668,-0.08195285815724074,-0.24984772127310834,0.16322389262089845,0.38853168138354643,0.2883081371377138,-0.1487939742907968,0.023024722588045204,-0.017497460860698717,0.38280048258177407,-0.15770279543487753,0.4211533020473038,0.05357803749233334,0.489896801057118,0.5916676084035618,0.1639592635994168,0.19593504205746196,0.38187613490753564,0.40278757883173927,0.3827997217349444,-0.18644718617714864,0.30561303965283904,0.6627972202138862,0.286268077605127,0.3386383901982137,0.2338704850137412,0.21491358156858825,0.48756248534006813,0.06328560948371197,0.3395921856378961,-0.023615152941004865,-0.13454889009313076,0.19238600436663855,0.2680900640927401,0.4942291504650713,-0.03428479011968915,0.3421703487959799,0.08534047180930542,-0.09605497345330309,0.2666440931939629
Parietal_Inf_L,0.5550437339396767,0.25352143266797966,0.3598894696390132,0.5228856308058507,0.34438555119093933,0.43275609193589243,0.22652075547722506,1.0,0.4370201807750244,-0.03796790804959304,0.3409741180985092,-0.29480580166331366,0.4716285702584882,0.12351522014803297,0.44340974692319823,0.14362112592066437,0.47457892810135666,0.46487114244829736,0.17585962095626195,0.28821300163164487,0.3843602077085491,-0.02446134437721571,0.16707818013718148,-0.09362391612901859,0.12206671678371381,0.1050783957493752,0.313606611028827,0.35116263051760643,0.1911914634153443,0.4643610418797985,0.09868548689893943,-0.13140414308026108,0.10821681049804706,0.6887766766840601,0.3764886892042638,0.2444547446493401,0.18141713126510003,0.0833023068344778,0.6403023416680755,0.5835860644441604,0.27522964488463053,0.2013649864542518,0.17685424099324892,-0.039529583115115,0.1352759087172201,0.3113946713232215,0.3616383887293423,0.25827681049822054,0.2229767008923225,-0.09455910984258485,0.2090829933057016,-0.11065827723710034,-0.13750224888942647,0.3727958368351396,0.08066158753055123,0.15857553779511918,0.3915449261399968,-0.027925679150185356,0.02015949893408915,0.4906142051348542
VTA_R,0.7888015578415591,0.6429779671438853,0.915863561706229,-0.232115443629882,0.3187807252607033,0.41046667430555484,0.29500622728782117,0.4370201807750244,1.0,-0.2144628802858226,0.720186801950978,-0.38156595540598237,0.5765733288066845,0.6328106827552133,0.535501779663288,0.6375200526988182,0.34455175023201584,0.6365599393790976,0.03209574303390827,0.5511792065202868,0.49165992032690864,-0.20385880111127014,-0.427565164859389,0.27493224623837414,0.5939941988806412,-0.09982653626347161,-0.4675846308801516,0.1830523265733947,-0.4905434431385298,0.6222204661648137,0.01747956666234578,0.3493275405608564,0.25747507806014336,0.6210209573055111,0.639101020370139,0.771374842481427,0.7361185199743274,0.7794725097139349,0.7071276995370973,0.6490690908908832,0.1915530935389061,0.3036306889214258,0.4748449766991696,0.28496419659706657,0.42593939136109726,0.811993596880473,0.34651955080784436,0.5914552563087401,0.20344331064079524,0.31810556843338433,-0.1690656392738032,-0.2422344804324303,0.29524102763529486,0.6008281647282306,0.5365430197094124,0.3299747614346979,-0.15015286646441642,0.00020668919703178084,-0.36161511989142897,0.04891564286095031
Pallidum_R,-0.20261846743833595,-0.24434902030974862,-0.22200025329153036,0.45631199293135166,-0.21916983132340487,0.11337986327619602,0.2690951613157014,-0.03796790804959304,-0.2144628802858226,1.0,-0.26814765701543863,0.10328415383911188,0.10107231161996356,0.05663814579688644,-0.3513384150110182,-0.043967430221440965,0.36581883652841213,-0.07581875564045627,-0.004179065035155946,0.16968695336240341,-0.3599905239371016,0.27640682415732015,0.11580537570225667,0.26293175408633257,0.0028543751932799885,0.6874333219749159,0.38177800430844927,0.2512321800282312,0.5297378696732672,-0.06511785114820416,-0.14768241492612877,-0.11826274073812225,-0.220423877143377,0.0834413454915175,0.1242241070137348,-0.45329992277592934,-0.43829482449281176,-0.15584573026855433,-0.2102376855780955,-0.13722337809984914,-0.3093752743838502,0.15569176347827493,0.2905705666741344,0.3197914508661504,0.18391593734892067,-0.22478624168292788,-0.016264935699664817,0.05963157485460039,0.07987892531248084,0.21415623701609757,0.3483148318005921,0.17573246898400677,-0.13350612257283026,-0.3274688211964089,0.36491976025625333,-0.17689823832393292,0.4874679995847239,0.2752894175237742,0.35521755337536765,0.1789856265976511
Vermis_1_2,0.8004073942635982,0.6611933991240663,0.7179593000568124,-0.18073328949260736,0.33586357894686436,0.4873629395399809,0.3283609048069656,0.3409741180985092,0.720186801950978,-0.26814765701543863,1.0,-0.133668315485074,0.3860355184957619,0.5860390986281064,0.3945949660447908,0.7336049068460948,0.439368888483271,0.6698615030327377,0.09324960424284226,0.7455092832315373,0.41834645542592536,-0.1492592910323836,-0.3833399847578061,0.3165183709364652,0.6386799771826775,-0.0330053853620704,-0.5623448361700542,0.18073890845140586,-0.47569091176598255,0.8147228115948866,-0.017326730662410413,0.24934636097352464,0.18048357079247326,0.6965955784352442,0.6463736693956439,0.7324226236638783,0.8583845613074044,0.7456147101980322,0.8371090979610112,0.7799821512860701,0.17635804493566304,0.2843544090359737,0.43753346090078266,0.3580781223181819,0.32181442294256507,0.5552828544152574,0.335629568164147,0.7088471688651734,0.03274942973176716,0.4635219671038737,-0.09132364753896262,-0.23053655497697523,0.3927582324935807,0.797930060873448,0.5355153426820272,0.31316358118124565,-0.07458324887761941,0.25989183415048855,-0.43085855533700124,0.271327925587695
OFClat_R,-0.4603868147438754,-0.11747779860234646,-0.3551859982673337,0.026186657743036773,-0.057285631056339284,-0.17435106040724827,-0.2069183648593152,-0.29480580166331366,-0.38156595540598237,0.10328415383911188,-0.133668315485074,1.0,-0.46602215820305926,-0.17800098358899435,-0.3265825596630417,-0.20878619366133683,-0.23363048058571148,-0.4049948567105488,-0.10021280751406496,-0.13303185176437762,0.16964706422941944,0.16644384975661705,0.14649329843782638,0.4273464220508868,0.0754874940322554,-0.019860356191045044,0.19916719014406603,0.07442387634058902,0.26985987714326787,-0.1314545987619413,0.38048432806761356,0.01782119671843213,-0.08684973424827196,-0.266204881352809,-0.3797594734433094,-0.1858859769654451,-0.12246857203929437,-0.23098059780676172,-0.3586200537618901,-0.30547430426320216,-0.0950010395325785,-0.011355708738332094,-0.2503414759814149,0.3496319918459757,-0.08632727148109288,-0.14627012101446304,-0.31132773862033997,-0.1561923593462382,-0.13096690202906017,0.3388224801871888,0.14620684512996168,0.010472947529198733,0.12448491594295205,-0.2020210380809816,-0.1266592039603009,-0.01313634222132231,0.06389354535380812,0.2775115592537616,0.08561306440995439,-0.1457037200099035
Thal_AV_R,0.5751132976172108,0.2702816948419649,0.4807024793245587,0.026071388645374134,0.22190622860009848,0.5585371237246407,0.4479867031372782,0.4716285702584882,0.5765733288066845,0.10107231161996356,0.3860355184957619,-0.46602215820305926,1.0,0.36746322106460183,0.3127170776364145,0.32113488322423184,0.5932574290931889,0.6518283452482704,0.07114412310658204,0.48001374030687116,0.02538154604810168,-0.19121806743404204,-0.21256749843031775,0.01635682557790322,0.36288145664503046,0.1825185508198293,-0.21976515000087746,0.16375333658212682,-0.22828038736182898,0.3856088391229659,-0.11679668683914643,0.24489243526348337,0.10839843865254241,0.5588347928296529,0.6628895828388703,0.35577214300920756,0.2821746496178165,0.45805895353140985,0.527844821210348,0.5238796754722892,0.01661403601045899,0.10599160016029618,0.6731832125571724,0.08629301240525009,0.3164613972221631,0.3978846545204496,0.34408628358747,0.5175090670743416,0.07985407586840358,0.06226726774413716,-0.10005221963700851,-0.0900233221548755,0.12330944353040874,0.298571975683435,0.5526967729747904,0.07285591739877295,0.22512635647588142,0.007093478942694308,-0.20252971439075473,0.23496973138898183
SN_pc_L,0.5165996784787193,0.5275310748992497,0.7583428458019287,-0.24350382618727245,0.0964375956174011,0.3526607306773536,0.3394477938900763,0.12351522014803297,0.6328106827552133,0.05663814579688644,0.5860390986281064,-0.17800098358899435,0.36746322106460183,1.0,0.33813390012291034,0.6088137487457826,0.4476807544073168,0.5098523885093338,-0.06919824586305076,0.6524716910458319,0.33657085976787365,-0.15322156815230079,-0.4061056078435552,0.5700793927189385,0.7745738375798364,0.18116058391389728,-0.43718528248337457,0.19361435857103043,-0.35291430765802495,0.5932539569298134,-0.03907822207978564,0.31762734796137715,0.1324671757258357,0.5268261775040789,0.5850399924499136,0.6187448914130251,0.6715786153284671,0.84083084045621,0.44702354291475355,0.5042106707401915,0.005179616422386975,0.4196504545210295,0.5684118671584272,0.5509843454378194,0.43386465288484977,0.6311236699059866,0.29041985655972063,0.5869960010504249,0.10521094450151942,0.5285310964986448,-0.16801730859433764,-0.05997344908027847,0.24613387635941253,0.5382633488822449,0.6810093429091214,0.3349908619565983,0.03601010069421904,0.3742970862085479,-0.32256524270044223,-0.11793432168824892
Temporal_Pole_Mid_L,0.5158759933027748,0.43123020115531735,0.5592701197708703,-0.1577783576949854,0.2399926634297437,0.24661311899453717,0.10493316422345522,0.44340974692319823,0.535501779663288,-0.3513384150110182,0.3945949660447908,-0.3265825596630417,0.3127170776364145,0.33813390012291034,1.0,0.2994565999352964,0.2747779233504242,0.38998972465024806,-0.05893673856494221,0.2372808826075846,0.21420269266794703,-0.24296029658336807,-0.0319731230373461,0.04031148485049529,0.29383172559022497,-0.1644358124586115,-0.27639055370042687,0.19226620266148853,-0.396135293980028,0.4514777786333377,0.03122111502259347,0.07609413590856966,0.24178404361975478,0.40596865938252574,0.3254436868402329,0.4540311943322351,0.42934631403182616,0.3966831787917955,0.5313556943119769,0.4364213549647163,0.1849957695596306,0.294698133057011,0.2391969194333926,-0.005377873550591345,0.11675381106217159,0.4558633302422888,0.35367605211104997,0.3011395384574323,0.10432158340811189,0.01536389206063474,-0.22080253706328745,-0.07562640551176707,-0.049502088523175565,0.39201897774862815,0.17992531052451283,0.27048510903477624,-0.006814792885986395,-0.08451934428554075,-0.36540136363560904,0.12020155489070812
Thal_AV_L,0.6430611523923753,0.49809568025236034,0.6760333509605742,-0.31398028755627844,0.14624679065692828,0.20809386796633378,0.27774554236976146,0.14362112592066437,0.6375200526988182,-0.043967430221440965,0.7336049068460948,-0.20878619366133683,0.32113488322423184,0.6088137487457826,0.2994565999352964,1.0,0.3475739567630982,0.5223373076045966,0.10137028304614762,0.6064208062437314,0.20117451517435223,-0.14326264922641088,-0.30776889005955876,0.34491849482316783,0.5693151300932916,0.043200214809524545,-0.6077416810772345,0.22374295323603183,-0.4657852542881397,0.6026902627117297,-0.17148529947433433,0.18903830559537876,0.09891975417174576,0.49199902955113217,0.5103301048160317,0.5939694696112685,0.7028134902630544,0.7200030713873651,0.6282035647867633,0.4922241315544076,0.011289131746442251,0.4090733625548996,0.427596563392669,0.36391953687207046,0.33689069687151485,0.4558898263657278,0.2523116295841765,0.5199242187757125,0.06877877158764757,0.3818620890025378,-0.1415099722556782,-0.16700375679990248,0.17356417077189495,0.5582107819259795,0.6203487373136982,0.2472830209978612,-0.13680596646098084,0.26094003385665476,-0.39132216289118343,0.1432591076932859
Insula_L,0.4484151426965545,0.22771848790162702,0.2964388649312128,0.34057086399197345,0.15795894519254966,0.6136314779564683,0.5319208670529112,0.47457892810135666,0.34455175023201584,0.36581883652841213,0.439368888483271,-0.23363048058571148,0.5932574290931889,0.4476807544073168,0.2747779233504242,0.3475739567630982,1.0,0.6177161862738189,0.02227260537629061,0.6212654833795476,-0.08004707583356069,0.0712339244577413,-0.06426903010509247,0.07424765209958804,0.516305262768374,0.27953528848790143,-0.07289555626209841,0.3513794140742676,0.04008502026638129,0.5018013409474702,-0.1560423748386367,0.027154152944366825,-0.10251949944596338,0.70011252095813,0.7389286417560043,0.14216177747413053,0.20711216139871239,0.34643449161476325,0.524010623628808,0.5687639444099922,0.003583919997646487,0.24135564189187023,0.7312794969475472,0.29649475683714294,0.36287164454562143,0.1577558694626393,0.3556925235506938,0.538665053999105,0.09039922596725287,0.20346715852933436,0.1106223357734442,0.015426385307553293,0.008772991431018284,0.3432727566493854,0.5460117718002221,0.1469803492436292,0.6814059374850641,0.2921142735789334,-0.10747324580336119,0.43162468492675066
Thal_IL_L,0.6973043922913368,0.4334520775669069,0.6126017898472292,0.019750698489028298,0.2172934432406053,0.4899376830484798,0.531120947834377,0.46487114244829736,0.6365599393790976,-0.07581875564045627,0.6698615030327377,-0.4049948567105488,0.6518283452482704,0.5098523885093338,0.38998972465024806,0.5223373076045966,0.6177161862738189,1.0,0.09550671128386913,0.7118121886664074,0.1842187221990967,-0.27112388826795264,-0.2982526135742077,0.08065996481289009,0.4959246769528771,0.017798611847966887,-0.4211439518032883,0.10171655900324052,-0.33522270699675727,0.5904662976813737,-0.21950601721729476,0.2567880218566067,0.06941535075239691,0.6674396513654459,0.6925695326578019,0.5688204499785863,0.5564062975920316,0.6307555053693332,0.7210585812844131,0.6373373914092328,0.08136505645956,0.21957587785383184,0.6621831501385042,0.11066295369465028,0.36028924431023385,0.43459304230543805,0.49698363189026085,0.6073816867059975,0.05269204762921431,0.19570767287371948,-0.07889110083839501,-0.21471593084409193,0.14938904863687535,0.6520271172281019,0.5419392561675878,0.08995766051151367,0.09343929166934441,0.12721695434214825,-0.3005048004928252,0.27057035466978907
Cerebellum_Crus1_L,0.1262837249518012,0.008728999307943389,0.002038675445618618,0.30239466499231976,0.005814782994926568,-0.03473717522259893,-0.04964387590796742,0.17585962095626195,0.03209574303390827,-0.004179065035155946,0.09324960424284226,-0.10021280751406496,0.07114412310658204,-0.06919824586305076,-0.05893673856494221,0.10137028304614762,0.02227260537629061,0.09550671128386913,1.0,0.07434918962083906,0.20670397643465557,0.030399680493797467,-0.0003229651740802027,-0.1267154701100667,-0.059664262149485114,0.18096026118649078,0.08688938581644375,0.036872290428169766,0.2447215506215697,0.09025729866561702,0.09138967136448056,-0.31889663088723424,-0.08850312690703112,0.11233043246485275,-0.04032206256435363,0.20479729361114823,0.053511936466579584,-0.008318057030186884,0.21007309292379753,0.05763794446571926,0.13722640707160336,-0.04971036215238122,-0.048673866505390885,-0.13898042679489417,-0.11608954993699509,-0.007579198114875197,0.2427063884284311,0.0024992531142186006,-0.20819511530449533,-0.19245914897550795,0.6285038215751403,0.23980543742000404,-0.03378485155740287,0.008954905025624123,-0.027859140470590203,0.07566386379401151,-0.03295165428632215,-0.1564965342024206,0.07644220417914059,0.1776643084782615
Thal_IL_R,0.5927391484169576,0.4294095415888588,0.5634272847881812,0.03263693309807998,0.24469213999259368,0.5839262689980665,0.5572000328364168,0.28821300163164487,0.5511792065202868,0.16968695336240341,0.7455092832315373,-0.13303185176437762,0.48001374030687116,0.6524716910458319,0.2372808826075846,0.6064208062437314,0.6212654833795476,0.7118121886664074,0.07434918962083906,1.0,0.23676248916343604,-0.11756043759960187,-0.3612808544349874,0.4515745529690542,0.6657977025397617,0.35004542528080507,-0.38581571721664215,0.15055563501932331,-0.19295242896779832,0.6547011529470784,-0.1636773915910636,0.2525478252426734,0.1269082738888847,0.7369980118805256,0.7304279338957785,0.5492648599418788,0.6317746933704601,0.7322716417518096,0.6432582907303358,0.6815996268409671,-0.0002583150737247006,0.31336198485323496,0.6786777601818016,0.4950979728524964,0.4100857579454449,0.4177456560543765,0.29507964719897134,0.7699570476871311,-0.02967145555152556,0.5143787759756329,0.0175675164899302,-0.09474082433664413,0.3221819839294654,0.6802708465496736,0.6910878992684715,0.1782538039132948,0.16990201072379557,0.42235788188733,-0.2801982559587029,0.23972092397058314
Parietal_Sup_R,0.3036094026082886,0.3908430093853388,0.5070570776729956,0.02487281932200628,0.23139082144227965,0.17132818112581855,-0.0004387444536251668,0.3843602077085491,0.49165992032690864,-0.3599905239371016,0.41834645542592536,0.16964706422941944,0.02538154604810168,0.33657085976787365,0.21420269266794703,0.20117451517435223,-0.08004707583356069,0.1842187221990967,0.20670397643465557,0.23676248916343604,1.0,-0.10631613170354388,-0.2930052271834371,0.4131100802776204,0.48011574063139245,-0.16842142031339238,0.016710462605499816,0.1258185639356716,0.027133321808473256,0.39406854505209366,0.42252061773614485,0.2575872480029753,0.15081004896780148,0.3636893030766102,0.09153538396360127,0.6198956939207959,0.5604026976912136,0.4159937781836214,0.3426939516607594,0.3462295842719076,0.0978065220926235,0.1968189634683663,-0.013213312127513704,0.34152633857032616,0.10578755783081209,0.6825709949009082,0.11865122064890216,0.27677597331519516,0.07862700760905325,0.3099811203416448,0.22661285063546613,-0.06955902981730283,0.3390982231104616,0.46755464998980956,0.03712563491134749,0.20390454889431595,-0.11966358836767214,0.03138617094801086,-0.12382807626354699,-0.10875617673024636
Occipital_Inf_R,-0.16881319230220856,-0.10876422624177307,-0.28241868880604715,0.30748122149304424,-0.09442850663877059,0.02714622360307186,-0.08195285815724074,-0.02446134437721571,-0.20385880111127014,0.27640682415732015,-0.1492592910323836,0.16644384975661705,-0.19121806743404204,-0.15322156815230079,-0.24296029658336807,-0.14326264922641088,0.0712339244577413,-0.27112388826795264,0.030399680493797467,-0.11756043759960187,-0.10631613170354388,1.0,0.07024116634074402,-0.06354895488841446,-0.12985139754163547,0.23810472243041028,0.3102264995200295,0.0292272835892651,0.3610471870020677,-0.014402202266062576,0.0894521351512191,-0.1643783083719075,-0.1637836774004336,-0.0033743740479681324,-0.052173802544653494,-0.3891413643236944,-0.23787908260101223,-0.2834699864276946,-0.09300358290608053,-0.04311127793673469,-0.1331052164809461,-0.011405312080292699,-0.10976889072986205,0.058389085164086245,-0.19485202710073324,-0.2531214231238501,-0.09566764859839241,-0.04298730448599789,-0.015114738436914833,0.09557129255931535,0.28792333795487507,0.17148189167616562,0.04262242744399303,-0.1964381026395441,-0.08052234324342114,-0.10066300369883033,0.30434352346014404,0.054750211050269545,0.2938588178642607,0.26239034504235487
Temporal_Inf_R,-0.3548292280726762,-0.2260060862297972,-0.4303913771461317,0.2663769872747478,-0.1136264114058564,-0.311449068599486,-0.24984772127310834,0.16707818013718148,-0.427565164859389,0.11580537570225667,-0.3833399847578061,0.14649329843782638,-0.21256749843031775,-0.4061056078435552,-0.0319731230373461,-0.30776889005955876,-0.06426903010509247,-0.2982526135742077,-0.0003229651740802027,-0.3612808544349874,-0.2930052271834371,0.07024116634074402,1.0,-0.20752777258258137,-0.449224628749517,0.08716435865742643,0.4434473642564044,0.27118727451617314,0.368834632688416,-0.29160215339577666,0.0021006309284733035,-0.49488915017733776,-0.004396190192766383,-0.25281199010219035,-0.38751209058968994,-0.4186640843880825,-0.4728381003004967,-0.5337599156331153,-0.23896183907853893,-0.3386521799419122,0.3059356484956293,0.05003345469418027,-0.32376071646278626,-0.2518220477225697,-0.09350821326568913,-0.4518690706037535,0.03859868547725807,-0.4768105594620789,-0.06429275154282367,-0.3495810761065923,0.07055264029734733,-0.018845761581569215,-0.5369152043196993,-0.4131315714128223,-0.3010837224135513,0.17525507311888702,0.24087884933731507,-0.09059171917374918,0.1944846167462544,0.11882587117768845
Frontal_Inf_Orb_2_R,0.08732573151851773,0.29691121037392343,0.3823720713056861,-0.12873915125832855,0.04336036096761148,0.23614831590567473,0.16322389262089845,-0.09362391612901859,0.27493224623837414,0.26293175408633257,0.3165183709364652,0.4273464220508868,0.01635682557790322,0.5700793927189385,0.04031148485049529,0.34491849482316783,0.07424765209958804,0.08065996481289009,-0.1267154701100667,0.4515745529690542,0.4131100802776204,-0.06354895488841446,-0.20752777258258137,1.0,0.6684333500046893,0.3178141503583259,-0.12279194842977138,0.19486976308884002,-0.044918199275089825,0.3432337759863037,0.22539020179696173,0.3051076380915296,0.03652673246139779,0.270548789017086,0.16158542248371507,0.38409043437219537,0.4279360843623297,0.5245293874613842,0.08681214258325237,0.1870658907232412,-0.16084219682531328,0.38436476043645934,0.2898050643292949,0.8337969692960766,0.3686886088602343,0.4566470146941076,0.003186903818007464,0.4192289913906402,0.019159009169741312,0.7819888964096215,-0.022136642570821607,-0.15120022395615668,0.30992550332938035,0.3073555710514862,0.48800287304661155,0.17458549956689245,-0.01954832307050991,0.4185614989234003,-0.20157501880125542,-0.1919404803272305
Frontal_Inf_Orb_2_L,0.4424550028737491,0.5106698330289868,0.6743316271484928,-0.19909261779633877,0.19747565626177443,0.46236870344818043,0.38853168138354643,0.12206671678371381,0.5939941988806412,0.0028543751932799885,0.6386799771826775,0.0754874940322554,0.36288145664503046,0.7745738375798364,0.29383172559022497,0.5693151300932916,0.516305262768374,0.4959246769528771,-0.059664262149485114,0.6657977025397617,0.48011574063139245,-0.12985139754163547,-0.449224628749517,0.6684333500046893,1.0,-0.01286001716648524,-0.4434693499845438,0.229350338880994,-0.33008426640945465,0.5434292714592064,0.09925474786759968,0.42811372092278405,0.026806596055717627,0.5849080597196471,0.5918150058319357,0.6491053838892519,0.7150360498189532,0.8003510939066832,0.4501332121644876,0.5233366329455205,-0.05449524186067929,0.3693681275784666,0.6614460256577197,0.7285353065283597,0.4884656723052814,0.668678288393524,0.16450149955311902,0.6244990398021281,0.06256162232158236,0.6576321873501869,-0.10808413562375623,-0.11891221913831236,0.3946289982053894,0.5630443854057389,0.6175267067172423,0.27891482177385774,0.16642524093663028,0.3323735860739641,-0.3810560550473015,-0.09076038720590321
Rolandic_Oper_R,0.017649525323979964,-0.13295349532282855,-0.10373896008781824,0.41051456941666725,-0.08763787170029344,0.3505582758931796,0.2883081371377138,0.1050783957493752,-0.09982653626347161,0.6874333219749159,-0.0330053853620704,-0.019860356191045044,0.1825185508198293,0.18116058391389728,-0.1644358124586115,0.043200214809524545,0.27953528848790143,0.017798611847966887,0.18096026118649078,0.35004542528080507,-0.16842142031339238,0.23810472243041028,0.08716435865742643,0.3178141503583259,-0.01286001716648524,1.0,0.3354875505441713,0.11951265718372547,0.46797795179886165,0.2282065340406775,-0.0966240614939019,-0.16413604150221084,-0.023276461922992087,0.30905486661960946,0.20413335477647254,-0.2125196640533789,-0.1390416175705632,0.04434093334391839,0.06490260819056533,0.17951943017821084,-0.1770645264852317,0.2062372768308855,0.23485385762239563,0.2735927484896218,0.004086365784185013,-0.17188023388068147,0.13016361020703254,0.3345899892198508,-0.03778472405834114,0.2744750980568046,0.3796837226340792,0.227160937393423,0.038151110325337634,-0.025238541790893767,0.4222366003679201,-0.024147440684847084,0.34965148187450884,0.2829327725663142,0.29688022182182516,0.37666978525406103
Occipital_Sup_L,-0.42559672611211724,-0.3815525044196717,-0.5194442682579328,0.7670857898159799,-0.13095495872416188,-0.05156215284190768,-0.1487939742907968,0.313606611028827,-0.4675846308801516,0.38177800430844927,-0.5623448361700542,0.19916719014406603,-0.21976515000087746,-0.43718528248337457,-0.27639055370042687,-0.6077416810772345,-0.07289555626209841,-0.4211439518032883,0.08688938581644375,-0.38581571721664215,0.016710462605499816,0.3102264995200295,0.4434473642564044,-0.12279194842977138,-0.4434693499845438,0.3354875505441713,1.0,0.1995925415159942,0.8601797366884618,-0.23752966681466914,0.19083962161444326,-0.35135554069132346,-0.13844209291038634,-0.09236080562592197,-0.3248146284716129,-0.6017169397030923,-0.663010963296047,-0.6810765713754965,-0.31593530008460396,-0.24109860714971754,-0.05754285690730967,-0.05232806237477245,-0.35568012093644485,-0.11335885729184406,-0.18390053566208692,-0.3251788482804355,-0.1220125178851463,-0.3626028569747669,0.151720015706839,-0.21184472403932328,0.5214488675169686,0.19142751274862735,-0.29230336489311287,-0.43092088992818783,-0.42456790573934033,-0.19259770552801803,0.5197867846657371,-0.061237361136207126,0.5811569989218813,0.23923262639922244
Temporal_Pole_Mid_R,0.14451657034133109,0.23440579816284668,0.2021741187947359,0.26272588900252697,0.003841180222102724,0.09124019866564037,0.023024722588045204,0.35116263051760643,0.1830523265733947,0.2512321800282312,0.18073890845140586,0.07442387634058902,0.16375333658212682,0.19361435857103043,0.19226620266148853,0.22374295323603183,0.3513794140742676,0.10171655900324052,0.036872290428169766,0.15055563501932331,0.1258185639356716,0.0292272835892651,0.27118727451617314,0.19486976308884002,0.229350338880994,0.11951265718372547,0.1995925415159942,1.0,0.2118577530668974,0.28013345404161855,0.12409115828311555,-0.2212528475065946,-0.12205206322390748,0.30320884301469986,0.14422565640179083,0.055284753660868824,0.08011017579117893,0.06317024409348561,0.239882902458855,0.16596836530658096,0.14499202207877981,0.40811740614416026,0.14764784776172396,0.3072981464514387,0.20229939220266782,0.21364422663493463,0.1680534186052084,0.12201485381077666,0.2438749830590988,0.1697303479712112,0.27176678974050794,-0.03940109350833359,-0.18862078658594175,0.03831435747506981,0.1607666383774894,0.4243238381302361,0.3945026254602014,0.12137877349733829,0.019256589034324423,0.23932232958793942
Cuneus_R,-0.46642172346715927,-0.42032831097546375,-0.5404915166612745,0.798792277532855,-0.18359155276955552,-0.05814830909373117,-0.017497460860698717,0.1911914634153443,-0.4905434431385298,0.5297378696732672,-0.47569091176598255,0.26985987714326787,-0.22828038736182898,-0.35291430765802495,-0.396135293980028,-0.4657852542881397,0.04008502026638129,-0.33522270699675727,0.2447215506215697,-0.19295242896779832,0.027133321808473256,0.3610471870020677,0.368834632688416,-0.044918199275089825,-0.33008426640945465,0.46797795179886165,0.8601797366884618,0.2118577530668974,1.0,-0.16944375890039245,0.1242739947221531,-0.3284874117508988,-0.1771333420727678,-0.07108067228752113,-0.27836437628759664,-0.5794271449065127,-0.6088809896936,-0.5735217416745177,-0.3168078339630839,-0.265091225362872,-0.14547739759578082,0.0068507377307465535,-0.21310658687793319,-0.005725941074017645,-0.16298410552507311,-0.3452658897159113,-0.10433750226015955,-0.2618117679592258,-0.019113148028439737,-0.12972456206403107,0.7154323418421371,0.29309464069701346,-0.18374578647152165,-0.4172976798102477,-0.26838369114787225,-0.1873640396019917,0.5705880090442299,0.07882217892307981,0.5735411627415646,0.2868302594110246
Vermis_3,0.7750055485970807,0.5681386290487349,0.61583238053011,0.07104694768114979,0.20824571886944218,0.5728544739488769,0.38280048258177407,0.4643610418797985,0.6222204661648137,-0.06511785114820416,0.8147228115948866,-0.1314545987619413,0.3856088391229659,0.5932539569298134,0.4514777786333377,0.6026902627117297,0.5018013409474702,0.5904662976813737,0.09025729866561702,0.6547011529470784,0.39406854505209366,-0.014402202266062576,-0.29160215339577666,0.3432337759863037,0.5434292714592064,0.2282065340406775,-0.23752966681466914,0.28013345404161855,-0.16944375890039245,1.0,0.1273102877874051,0.13877819049980333,0.08539149249314641,0.7515564614275421,0.6555335344626422,0.49318924498824196,0.6629919266087977,0.5751257827994837,0.8385101177290192,0.7981824155112975,-0.004222716826017093,0.39015333706404565,0.4097392676356283,0.39994982505911575,0.21379731227238058,0.5037466437131449,0.4047568256589476,0.7379851732830347,0.12195051430712431,0.5211479709425173,0.12639612374910633,-0.10460692176059669,0.3881572867912284,0.6874255382044385,0.5405622331222627,0.1954421553820779,0.1701096334688973,0.2264438832090212,-0.21263067512003578,0.5200808816736698
Vermis_9,-0.021700299625949406,0.1829723705848346,-0.0354265234989566,0.04330334791645006,0.20537245852491576,0.06275255856251372,-0.15770279543487753,0.09868548689893943,0.01747956666234578,-0.14768241492612877,-0.017326730662410413,0.38048432806761356,-0.11679668683914643,-0.03907822207978564,0.03122111502259347,-0.17148529947433433,-0.1560423748386367,-0.21950601721729476,0.09138967136448056,-0.1636773915910636,0.42252061773614485,0.0894521351512191,0.0021006309284733035,0.22539020179696173,0.09925474786759968,-0.0966240614939019,0.19083962161444326,0.12409115828311555,0.1242739947221531,0.1273102877874051,1.0,0.029889450954156307,-0.03277834975866404,0.04847211952759883,-0.06762176847467423,0.1010845394387847,0.09912622834495208,-0.06001118112699147,0.040332083500832956,0.10113103797797716,0.04500664441594211,0.03177423592549092,-0.2711808705699552,0.24651867682976913,-0.22437429623922298,0.1783039387564709,-0.1594502076095411,0.0069111589562394415,-0.0977062481522607,0.21433369370454944,0.16015049700533746,-0.03721701155485453,0.30355493862137434,0.001508104011564519,-0.11914727197617254,0.1700036242210252,-0.0018471715825914663,-0.0170640326379376,-0.033575333577608946,0.046805143740281434
N_Acc_L,0.15526796871671053,0.199579179286603,0.36662725303448385,-0.3300408850020422,0.1720200668914591,0.19669621621471606,0.4211533020473038,-0.13140414308026108,0.3493275405608564,-0.11826274073812225,0.24934636097352464,0.01782119671843213,0.24489243526348337,0.31762734796137715,0.07609413590856966,0.18903830559537876,0.027154152944366825,0.2567880218566067,-0.31889663088723424,0.2525478252426734,0.2575872480029753,-0.1643783083719075,-0.49488915017733776,0.3051076380915296,0.42811372092278405,-0.16413604150221084,-0.35135554069132346,-0.2212528475065946,-0.3284874117508988,0.13877819049980333,0.029889450954156307,1.0,0.13979112301635216,0.11165781268450137,0.2934981037260323,0.31860799154447167,0.30529593517490766,0.45465594604728676,0.10011245127775216,0.11094847878679377,-0.20571665199941164,0.05474068669668564,0.3822892417669788,0.26738357199745044,0.3174264816570202,0.46066151993693294,-0.061771140937689685,0.352967797125694,0.04128130193741195,0.36781683278160143,-0.36406130565604405,-0.19937711176564196,0.4183642777756241,0.16031872999709554,0.32801927294413136,-0.10062737288011193,-0.10345731881373657,0.08295929764144512,-0.18675862892704007,-0.23790569011366314
Amygdala_L,0.21205435710517465,0.23825046208118864,0.21241418416792085,-0.1717525987569352,0.309013434152586,0.0384651442594673,0.05357803749233334,0.10821681049804706,0.25747507806014336,-0.220423877143377,0.18048357079247326,-0.08684973424827196,0.10839843865254241,0.1324671757258357,0.24178404361975478,0.09891975417174576,-0.10251949944596338,0.06941535075239691,-0.08850312690703112,0.1269082738888847,0.15081004896780148,-0.1637836774004336,-0.004396190192766383,0.03652673246139779,0.026806596055717627,-0.023276461922992087,-0.13844209291038634,-0.12205206322390748,-0.1771333420727678,0.08539149249314641,-0.03277834975866404,0.13979112301635216,1.0,0.09092497059580254,0.11810175899282935,0.2505278049649589,0.243980726703336,0.22495924324655525,0.17811699682638846,0.13600485835451237,0.2609236493035578,0.047173358585660595,-0.02743841504908759,-0.06796237731376231,0.1323240980221824,0.16180009415608096,-0.16399254460249088,0.11768349863159241,0.02292154466596204,-0.009224117936629259,-0.1879138412987894,0.009592073732845352,0.13975928185696973,0.07457694913519862,0.1302436213884942,0.20863124327414,-0.19546635775720286,0.0360978234056687,-0.23008546528141527,-0.042319946919883465
