,Precentral_L,Frontal_Sup_2_L,Frontal_Mid_2_L,Frontal_Inf_Oper_L,Frontal_Inf_Tri_L,Frontal_Inf_Orb_2_L,Rolandic_Oper_L,Supp_Motor_Area_L,Olfactory_L,Frontal_Sup_Medial_L,Frontal_Med_Orb_L,Rectus_L,OFCmed_L,OFCant_L,OFCpost_L,OFClat_L,Insula_L,Cingulate_Mid_L,Cingulate_Post_L,Hippocampus_L,ParaHippocampal_L,Amygdala_L,Calcarine_L,Cuneus_L,Lingual_L,Occipital_Mid_L,Fusiform_L,Postcentral_L,Parietal_Sup_L,Parietal_Inf_L,SupraMarginal_L,Angular_L,Precuneus_L,Paracentral_Lobule_L,Caudate_L,Putamen_L,Pallidum_L,Heschl_L,Temporal_Sup_L,Temporal_Pole_Sup_L,Temporal_Mid_L,Temporal_Pole_Mid_L,Temporal_Inf_L,Cerebellum_Crus1_L,Cerebellum_Crus2_L,Cerebellum_3_L,Cerebellum_4_5_L,Cerebellum_6_L,Cerebellum_8_L,Cerebellum_9_L,Thal_LP_L,Thal_VA_L,Thal_VL_L,Thal_VPL_L,Thal_IL_L,Thal_MDm_L,Thal_MDl_L,Thal_LGN_L,Thal_MGN_L,Thal_PuI_L,Thal_PuM_L,Thal_PuA_L,Thal_PuL_L,ACC_sub_L,ACC_pre_L,ACC_sup_L,N_Acc_L,VTA_L,SN_pc_L,SN_pr_L,Red_N_L
Precentral_L,1.0,0.7846838041944115,0.7361818226286441,0.7077504032427575,0.6095025894288001,0.32051766070304283,0.5730246184942607,0.659740959732906,0.38821239626358545,0.4979594727827389,-0.23659670263095428,0.21650534138668068,-0.09213632755808482,0.14564625378125676,0.22216604506378676,0.45212129545362395,0.3703305056497118,0.6108187022099321,0.6276015477528976,0.3335409872990801,0.36260599432839846,0.5416042070234023,0.31891976152522483,0.17297430005427322,0.1837564220945848,0.2300843373356836,0.2620128629720267,0.7552828229210549,0.46567860292195473,0.7428419303665049,0.6881411006780169,0.5401899981550807,0.39732284169587045,0.5129725140694521,0.11716058166348939,0.3920843047919596,0.5517906797058453,0.6418372539862784,0.5578883083744215,-0.6922866951773679,0.11132144044962983,-0.43834181205937084,-0.061543418051740656,-0.1991444711727854,-0.2850306066550092,0.20321712503385878,0.5331657935539548,0.03081562171636314,-0.22198216364555756,-0.24306116185951515,0.14090665745527053,0.1488962237899248,0.18176552465495158,0.47151597471371054,-0.37689522089455424,-0.14718922868982703,-0.38183288398841336,0.1450622244642656,-0.4678942833416724,-0.49314484859231517,-0.0900114863595818,-0.1307252452598016,0.607066396215313,0.18241831707481715,0.3381296108864645,0.6773991856540826,0.16282928735467467,0.08869114326786576,0.1477463692393782,0.3912878416767488,0.5962700100717965
Frontal_Sup_2_L,0.7846838041944115,1.0,0.9195663478475629,0.6921611721792372,0.6827174758766856,0.36931519551680314,0.720621445404534,0.7846759317485632,0.616627532424959,0.8553480232002847,0.0475868762677267,0.39471300480067895,0.09508990833403087,0.3155043175828051,0.4059238392596961,0.538986522098671,0.5708038324725231,0.8026894992605502,0.8135471242604783,0.6624012009210786,0.6544636478662952,0.7567446033085711,0.57840548487512,0.5366467978150291,0.3463598824772333,0.4176780923709819,0.5356463431868429,0.8108057195881435,0.6356020729730186,0.7897248088264417,0.7024352154315767,0.6628157951069413,0.6334666582709589,0.6701399992516069,0.448798966250178,0.666199940580599,0.6821261388072993,0.697640261984006,0.6479142178762349,-0.538497282691182,0.2758818699694776,-0.542246115164173,0.08410011627566946,-0.2657463428917614,-0.35007174170086997,0.28488038186496156,0.7482076434922023,0.11960387234421255,-0.20842660174398164,-0.13362279240735184,0.3225414393664811,0.19687218622931954,0.4293274868359968,0.6192276005935017,-0.07105448435083604,0.1294974511813674,-0.056116099343320916,0.42926499571284116,-0.23871348334106568,-0.2912617107233806,0.15212407816973675,0.1487975459535226,0.6540132813090269,0.4700767764192928,0.451429097790342,0.6743887341756016,0.39648144524513884,0.13540357657240218,0.32946860217470286,0.5765153794645139,0.7097877724034954
Frontal_Mid_2_L,0.7361818226286441,0.9195663478475629,1.0,0.6967738034529154,0.7041781851538389,0.40847002342528826,0.7373237047463652,0.7780176375285088,0.5446267753992963,0.7657780273425926,0.025721041281440916,0.4024343811710131,0.1210039468543617,0.322778416458618,0.37558779294719724,0.5725695468550468,0.5451626525465249,0.7610362357433839,0.7548456194573864,0.6461003852269354,0.6592865405842149,0.7232580792730129,0.5527451116062204,0.5323357222591342,0.3507347141758151,0.3099699246083845,0.49871952128958963,0.7125500741525976,0.5514478456920744,0.7138751763675388,0.5908252800760238,0.5741405343414643,0.6250858721031015,0.6639297929303749,0.4147947381502272,0.6639612204062926,0.6658780606668115,0.6539496065430356,0.5864193103827302,-0.4788213570187225,0.2505379086704454,-0.5077331773903029,0.0919374895948912,-0.2734828060245331,-0.36145221156954305,0.3232601377009186,0.748355762746669,0.1177754357575486,-0.17603302668303628,-0.08156621841905798,0.2835121628575319,0.225436906299276,0.38156908350411894,0.5170883561659175,-0.09506040436687987,0.08639448916748656,-0.06858626339785465,0.4181856968482097,-0.1226257860243167,-0.2692671991866807,0.13836627469503912,0.12322021168059921,0.5334119056004814,0.43806635060573,0.44724013708059884,0.6447830086245105,0.3724203641825201,0.1526061541818968,0.2793531185482799,0.5665762048054314,0.6882715467059279
Frontal_Inf_Oper_L,0.7077504032427575,0.6921611721792372,0.6967738034529154,1.0,0.684187429548024,0.3276445057298684,0.6114728628945727,0.5882924334231471,0.6123528547463405,0.6064562630596124,-0.21928111796396446,0.16376903714300373,-0.10077604928915732,-0.0028412187356927888,0.25409679712045147,0.4589601291140706,0.48117867292298494,0.6782417069121967,0.5142739021452989,0.48815273388853586,0.4926014587412314,0.4235793599316828,0.46459290298912237,0.38010640227216397,0.33549492046356955,0.24507091430355246,0.5291133928655849,0.7008278197241156,0.389406794663779,0.5240823508481464,0.7100841795035594,0.44021272834939634,0.3475514446188742,0.39559092470426593,0.45147341811335795,0.4930970980409333,0.5696812259777655,0.4767762052732742,0.7462694657851158,-0.3196370632014205,0.38575313025526153,-0.3144215744203867,0.2764076440721347,-0.05922818240894004,-0.11930451463048887,0.24086354962294695,0.561701438700633,0.314366296023976,0.05157170011738476,0.030487666764929047,0.15162238023124036,0.16210958950720286,0.41923574085692455,0.618199952781316,-0.09621636670362917,0.027961324121711133,-0.07679340178699207,0.2953562964020833,-0.17560002185085566,-0.16445996919591854,0.04818233398171297,0.19036866966793872,0.5404597252204374,0.24704243182856586,0.21315987245985957,0.6437151794990295,0.4372608829417496,0.16563794961623501,0.3443514252393376,0.3401419304825373,0.416580012270867
Frontal_Inf_Tri_L,0.6095025894288001,0.6827174758766856,0.7041781851538389,0.684187429548024,1.0,0.5459074038240016,0.8419060481757125,0.7647206666765626,0.4330460291899417,0.5986577122751753,0.010278813107172147,0.35915865988430173,0.16572882206769968,0.27572416481851014,0.4420046074306412,0.70064450842058,0.6107370156750627,0.8058747257982474,0.4715016021064847,0.6656676891856961,0.6646700692270983,0.520051959899578,0.327490575148568,0.3699405577144262,0.22693186141498975,0.0882967524375625,0.6134939239001689,0.5509419156651268,0.4010069011031477,0.4740739014760244,0.3950216240420081,0.2145831762585813,0.4779891825859238,0.5554205078391165,0.31733835143368133,0.7632563515419779,0.6896751200701094,0.581637975197895,0.7686199567938076,-0.435902355598173,0.19789194022113787,-0.5790662047907241,0.2358186690072699,-0.3023196005249434,-0.4012964686914743,0.2827179587756795,0.8010310998864691,0.14002173532653606,-0.11965761816292311,-0.11698027536060461,0.15483823606633196,0.3737059173943751,0.4434203784676286,0.39228912957006684,-0.11609249598487897,-0.08233433042167912,-0.0941390189241702,0.2959710777954176,-0.042290745550631594,-0.040252766750204026,0.039660690248353926,0.059081601804446916,0.3632959264904845,0.5218988188612864,0.5726651464299354,0.5380875790319216,0.3409925842713183,0.11319954769042832,0.2971265087953794,0.4859094099751645,0.5577459624441473
Frontal_Inf_Orb_2_L,0.32051766070304283,0.36931519551680314,0.40847002342528826,0.3276445057298684,0.5459074038240016,1.0,0.5333142537462816,0.39666639124551717,0.2681905172576486,0.2629247643386046,0.17058183141570724,0.5719389464010617,0.4337884519542421,0.4130194184198172,0.7368530290173244,0.751628405207646,0.5819223100346868,0.4955472234515283,0.24516013999702266,0.42192886266209956,0.49327045077709025,0.34306919520858686,0.07267346195026794,0.12847048809864894,0.04697896767339136,-0.021956972708736294,0.2993703105776834,0.2564309910653307,0.23350157941482813,0.24833278274059356,0.13046218385854205,0.025618176316442753,0.2823742482978834,0.34617078094167214,0.14058216411873148,0.473622514174401,0.4141981729509777,0.41323314089752616,0.39557657612672725,-0.27964673674845564,0.051441130509939745,-0.41732203178171884,0.12508236525599606,-0.25903356353580986,-0.340952893702434,0.21860615308099568,0.48486933664838383,-0.05550675650540685,-0.15625331073372997,-0.1875321631682677,0.03143496886855865,0.3273654702867049,0.23954598908847136,0.08427773166813253,-0.4222366237893628,-0.19751093498778097,-0.2692825884148515,-0.004228081816403505,-0.03419401801236346,-0.11300851995453676,-0.04068822502756841,-0.11624961750381804,0.15354802152522243,0.3544729975661406,0.41435020103543585,0.18408158331777233,0.26420806586307694,-0.09087617154224487,0.08925310506639672,0.34868684466220634,0.33268808030117086
Rolandic_Oper_L,0.5730246184942607,0.720621445404534,0.7373237047463652,0.6114728628945727,0.8419060481757125,0.5333142537462816,1.0,0.8511678762990452,0.4588857315543369,0.6262124538601904,0.09425900178800958,0.47226950335747864,0.21155055996937797,0.3030104824492013,0.47483315046344793,0.6828915573224646,0.5403656865012754,0.8351505232293949,0.5114092879000693,0.6906506573114488,0.7377069957105306,0.6257215120156625,0.44310915598995454,0.5639089840881423,0.34571503164801026,0.20387486947652797,0.5971882602272391,0.6507045527425334,0.6235291281233413,0.6486265216991897,0.42309906834926836,0.3517884754886569,0.7097904114989686,0.7544664237696118,0.33022508866188194,0.7423276198477777,0.739486001171939,0.7771319375773927,0.6599425858271821,-0.4505124499763825,0.08886609621360257,-0.6191577514684957,0.06910540548101811,-0.4589961382835895,-0.5127388127365576,0.4499708577487023,0.8591498518548015,0.03640963726151107,-0.31582825683060606,-0.2895799180978693,0.3706558015005222,0.3069337561004636,0.352811083590795,0.3427055863026104,-0.12365375463201883,0.060440989393037,-0.0848034311918616,0.4279449262714604,-0.08238473743584311,-0.15193636138997355,0.277859142021814,0.07113546096910721,0.4855044450881851,0.5669467383912228,0.5624885526805756,0.5181582240013423,0.41364201325201133,0.1487859263805119,0.208431313196758,0.6479638576704471,0.7064384891083504
Supp_Motor_Area_L,0.659740959732906,0.7846759317485632,0.7780176375285088,0.5882924334231471,0.7647206666765626,0.39666639124551717,0.8511678762990452,1.0,0.41973661555945124,0.6625570443035209,-0.07999816836171643,0.38466683882681074,0.036498230636242364,0.18529486884764576,0.37019417840889496,0.6061375280207122,0.4251945445982092,0.827343155556329,0.5502648952811012,0.5226857573067748,0.6411664059551283,0.6617503118471447,0.5299458303120864,0.7049043473557038,0.3311842606909782,0.3424013148545623,0.4381020392849601,0.7685905678285069,0.806054247193541,0.8257205035022702,0.5440958103665228,0.5485810650895668,0.869163286439666,0.9219311756221992,0.10905883158896294,0.6224505999551817,0.6519953005093394,0.8298054266711761,0.5710802208674869,-0.634103217950944,0.02694894320225857,-0.6951196987302438,-0.10527741968974763,-0.5370397432000278,-0.5497565364411764,0.3775157328565008,0.7712736878395905,-0.11535344682540524,-0.42890420528075085,-0.3926513990377511,0.5533023961116011,0.04737172432809123,0.10671959041450403,0.25662928888641273,-0.11009584651637816,0.18786000850681459,-0.13510550989695833,0.3506484527282542,-0.22473700712444877,-0.3779873118924416,0.3647393078244973,0.01940825244954929,0.5752616434548696,0.4107844944371304,0.35871516904766476,0.5057539962196547,0.21739600672183815,0.24573572953202738,0.06905097866986476,0.5941194221478633,0.8581897360070516
Olfactory_L,0.38821239626358545,0.616627532424959,0.5446267753992963,0.6123528547463405,0.4330460291899417,0.2681905172576486,0.4588857315543369,0.41973661555945124,1.0,0.6783248583986318,-0.03831876111783337,0.009697742327615225,-0.1467729372555076,-0.1343465085983935,0.219408370555175,0.14197422885648278,0.4834733576902564,0.5053906748930921,0.5518667149512338,0.4274524834513905,0.29516020980238666,0.47230699215752114,0.6080961389669526,0.529807530812079,0.474872893460747,0.4603483951042849,0.4065726073986002,0.6122661951072541,0.479115474832192,0.4867739280802921,0.586793343567146,0.5890050049112693,0.3970286373459679,0.3822203484640537,0.414781494965474,0.29279794892775896,0.3446024736837311,0.47308932614626653,0.44828658341851024,-0.17507380872834327,0.38546464713217465,-0.13293904307251347,0.1373217179364245,0.03099726521288453,0.013603390190373939,0.29647437841341057,0.4054502372422495,0.29264389146152975,-0.005139024866874483,0.07691887238497908,0.3893552471029054,-0.11905833601897928,0.3276776674874836,0.5785599674775436,0.034784185696282145,0.3187883959776405,0.11984759291467056,0.41005574235094516,-0.08649392253165822,-0.12211276796740977,0.34323324453528,0.3557949506288823,0.6658586640064714,0.2910269918952891,0.10285792662746494,0.4175499819735559,0.4916361325722973,0.30729185586746965,0.5127022451490565,0.3527069941541262,0.3854182122571276
Frontal_Sup_Medial_L,0.4979594727827389,0.8553480232002847,0.7657780273425926,0.6064562630596124,0.5986577122751753,0.2629247643386046,0.6262124538601904,0.6625570443035209,0.6783248583986318,1.0,0.13654583201147666,0.35130090339293224,0.09674783516762135,0.2690451564181522,0.41293995399355177,0.46918976493336634,0.5544271158916515,0.7716961987608723,0.7310698711091869,0.6740969827582475,0.6331139002334306,0.6956565331676156,0.6454379027677478,0.6458433000774426,0.40871697245823924,0.4750625682283123,0.6264916371613345,0.7201011686835607,0.5959503668384634,0.6244440262504749,0.6334303988249536,0.6232773435544566,0.5823528442435912,0.5550126873624132,0.5678841783927666,0.6253164350389129,0.5749809101986052,0.5762515884853583,0.6396370477506768,-0.3030694928359877,0.4474535340143254,-0.44403203231127464,0.2236442461993489,-0.14490611736813225,-0.2043211952467471,0.23401469052664392,0.6607848047165862,0.24313243343245128,-0.06453376679925657,0.006590281499110485,0.3807797441699857,0.0989315931245337,0.47930315075717383,0.6652642523115829,0.1616932505940054,0.31543642469046246,0.1742128409968249,0.521238495403357,-0.15486707357268317,-0.09098553315783975,0.2722335698771177,0.3285721545432928,0.5805214788953778,0.4948001085879016,0.3233146521338447,0.5334654943547206,0.5127938693610187,0.18241210468365696,0.45390021898485344,0.5176243528296142,0.5817025908530575
Frontal_Med_Orb_L,-0.23659670263095428,0.0475868762677267,0.025721041281440916,-0.21928111796396446,0.010278813107172147,0.17058183141570724,0.09425900178800958,-0.07999816836171643,-0.03831876111783337,0.13654583201147666,1.0,0.4335592897781189,0.6942670699411684,0.6375609017050575,0.30699408600395234,0.19685640599526386,0.0003347888157499092,0.11187773950835994,-0.07683581683844222,0.29038234335771906,0.38631180194289816,0.19139464990814142,-0.26803142432368043,-0.05542953372181721,-0.30680171413488894,-0.2585370275102651,0.08845832198443151,-0.224185646993782,0.0426323226431325,-0.07776264422677177,-0.2884076677345846,-0.2777793538741305,0.11767467602923792,0.008392531084424993,0.2956531056229462,0.30387825230312576,0.24451712828002836,-0.07874685170714835,-0.09930395928893027,0.08600999333950231,-0.28052325971764064,-0.31009801022944977,-0.08440941903602017,-0.4009476452788452,-0.4307236843717864,-0.17428662064545325,0.2933831386924565,-0.35140754744735697,-0.3125844547412993,-0.2673869817086486,-0.20169235681696632,0.5346457030352134,0.28714079623798394,-0.059489031325214055,-0.14242442553470724,-0.3203776741143293,-0.04756990306000774,0.02311037353155655,0.21395285576764275,0.014697801060296643,-0.1708070431165211,-0.05481501774888017,-0.26169848739007595,0.626254506012903,0.46841996456172014,-0.3011286133045159,0.23176737755609095,-0.16333462206093993,-0.018557221659720152,0.2909513084291337,0.08318193316111253
Rectus_L,0.21650534138668068,0.39471300480067895,0.4024343811710131,0.16376903714300373,0.35915865988430173,0.5719389464010617,0.47226950335747864,0.38466683882681074,0.009697742327615225,0.35130090339293224,0.4335592897781189,1.0,0.6351939503220917,0.6513609320979613,0.629502145895902,0.7406563333401391,0.2831893524594849,0.4436381458822926,0.21195278431470158,0.5503355798494132,0.7257008805281207,0.49430025692088525,-0.10216420084558621,0.12271848597277801,-0.17510763709412325,-0.20128537101958785,0.24994244144534372,0.19398301504561807,0.3162789979809668,0.269218882558099,0.01793802001563941,-0.04710040986167603,0.39557848706984144,0.39421142845885415,0.24997620720521233,0.5274917139570309,0.4845474140957902,0.35967389653952647,0.18521127617477887,-0.3366046350346551,-0.16793311379368156,-0.566158398555067,-0.035937977306095284,-0.5481720710249115,-0.6243969729475191,0.11830846060846491,0.6323464442012262,-0.29674994199234844,-0.4140319379836764,-0.39682680237382834,0.02467320066634418,0.511204022004862,0.34713757599963607,0.1694130549566147,-0.2576755537404747,-0.2362214226244687,-0.22200056349442213,0.27363998588777144,0.023974033694770035,-0.12696901922769652,-0.06672894316948903,-0.08376618481288686,0.00787699180760833,0.577721942076443,0.6156770059258476,0.3113234438770672,0.24554727500938134,-0.18976563927903944,-0.09341931430295436,0.6384718333616997,0.40847911352514377
OFCmed_L,-0.09213632755808482,0.09508990833403087,0.1210039468543617,-0.10077604928915732,0.16572882206769968,0.4337884519542421,0.21155055996937797,0.036498230636242364,-0.1467729372555076,0.09674783516762135,0.6942670699411684,0.6351939503220917,1.0,0.837697503454425,0.6220173829582211,0.43177246465282687,0.12154165321649905,0.2800234655296869,0.006439423400287063,0.484666798590079,0.6071671426553459,0.3916366383826678,-0.28913771557882356,-0.11553398595128336,-0.3036676304044664,-0.31206428290403737,0.26429245922303707,-0.18333024556733374,-0.02414347480694312,-0.07879569112410745,-0.22268768807987552,-0.33107117596484353,0.06920151662800866,0.061714436373471515,0.36718572911143077,0.4556727766152125,0.39463685610437615,0.0339731748261011,0.032127822150829176,0.038261932189178643,-0.20194162545996266,-0.4410457828579823,0.1525407987717178,-0.35519514288761794,-0.47841267620883027,-0.0853510617179801,0.4256399319954702,-0.22638206092279126,-0.19367414535288807,-0.20619189571939472,-0.3225497859953659,0.6953290049581405,0.4815931118242072,-0.04213262412370979,-0.21017355189016854,-0.4292077669237181,-0.13091740732987894,0.018744418857135778,0.27293434145692796,-0.024946699989637732,-0.2810316728773804,-0.0392090723295023,-0.2514839604167864,0.6023935160973921,0.6357017713923921,-0.11322197039523921,0.28050240014941896,-0.27990135522339005,0.0659696036860567,0.4004249426545187,0.10546549362750307
OFCant_L,0.14564625378125676,0.3155043175828051,0.322778416458618,-0.0028412187356927888,0.27572416481851014,0.4130194184198172,0.3030104824492013,0.18529486884764576,-0.1343465085983935,0.2690451564181522,0.6375609017050575,0.6513609320979613,0.837697503454425,1.0,0.6084025217943568,0.5449321116097896,0.2822249032209909,0.39138715923553236,0.19759650803916903,0.5501654712550271,0.6158871056780548,0.4618687323542241,-0.133819305784489,-0.06106137141750161,-0.18151885397922568,-0.2139828514991845,0.3406909717400701,-0.012569819059275634,0.07046865839385742,0.10927533802686142,-0.09025385124436622,-0.1446335544370616,0.16060660848498257,0.1626163389772128,0.39784322268100364,0.5472223236095183,0.4380687757870418,0.13954781057522167,0.19544246646823416,-0.0780940537814041,-0.1013957768591266,-0.4588348365308505,0.13087857503620814,-0.3178930057155539,-0.4555040435110473,0.003574390079563767,0.5005615304025071,-0.13344584478627444,-0.18474886571340265,-0.1845419146717838,-0.22850896864028686,0.6468371976927403,0.461048292430741,0.12409006227146528,-0.15385344040161025,-0.35153048763748623,-0.09226478407162908,0.1084774691408654,0.1007576425623112,-0.0774903195317766,-0.2763032133167986,-0.05090444721903626,-0.11980984433261929,0.6049190333670937,0.657363954129932,0.0597315304983182,0.2112019030420206,-0.15590093844574512,0.06282335083858934,0.4382374998093715,0.2582610318162482
OFCpost_L,0.22216604506378676,0.4059238392596961,0.37558779294719724,0.25409679712045147,0.4420046074306412,0.7368530290173244,0.47483315046344793,0.37019417840889496,0.219408370555175,0.41293995399355177,0.30699408600395234,0.629502145895902,0.6220173829582211,0.6084025217943568,1.0,0.7027835451812858,0.5449420960381863,0.613555724915487,0.30046577733688046,0.5997720926285549,0.6115536346397517,0.5060203637829296,0.1892744193922857,0.25184553049851915,0.14371642894904074,0.06079439061837066,0.47785729156882245,0.2550862761280337,0.24652207629225584,0.2410452104753912,0.1550618845672724,0.0544430855144481,0.30339513370216964,0.3159782958369367,0.3598627076142581,0.5236900971191086,0.47758921175510394,0.4301884370544397,0.4031577840753426,-0.10603609946630961,0.12378180149897859,-0.36447159676004054,0.21388660320597755,-0.17590283995894962,-0.24426754508157125,0.25682162287495147,0.5247831059028606,0.09159005336078817,-0.08546549035823156,-0.07784876838960375,0.08241656618324106,0.376503353070271,0.414971856735695,0.24092337494507027,-0.12303315598847386,-0.02214699319743317,0.06964793533319384,0.1414144698786494,0.037686948877065134,0.0013470704476395957,0.048351225626737694,0.2008520476274907,0.14242901492995722,0.4265363340597134,0.46201163802802614,0.1581623167018466,0.3143122930818358,0.025124829678228204,0.2859515410019861,0.401967612050135,0.39642805312807344
OFClat_L,0.45212129545362395,0.538986522098671,0.5725695468550468,0.4589601291140706,0.70064450842058,0.751628405207646,0.6828915573224646,0.6061375280207122,0.14197422885648278,0.46918976493336634,0.19685640599526386,0.7406563333401391,0.43177246465282687,0.5449321116097896,0.7027835451812858,1.0,0.4902352868291005,0.6773426514879703,0.3169825443303075,0.6088727805364756,0.7472092834652344,0.4894377778157213,0.12608345072632843,0.2521529097166972,0.020303501111337958,-0.013867082711124933,0.49133946981654697,0.4207532471304654,0.3519123657516087,0.379901904952008,0.23646350069993466,0.07259016358848165,0.44076243756715083,0.4939596510146994,0.27764422660420696,0.6843919659838283,0.5878157251453547,0.46197152496974325,0.5861509341757449,-0.3994199706196839,0.11773491516618638,-0.6189637797243522,0.1846345013467595,-0.401197514941374,-0.48934102848935246,0.1825122919289583,0.7055037394362735,-0.05465822703304062,-0.18264671489865852,-0.22388778891101474,0.03802192975326346,0.4734912291714175,0.3649749618516556,0.23969709540441225,-0.23898737159147737,-0.20738994553249193,-0.18743079628727635,0.11691640661229033,-0.12098258478969912,-0.0619246273836972,-0.08415729681696392,-0.14537102207999783,0.13019436325137762,0.5374775437294451,0.5537241735687927,0.3760242433813484,0.3171820811026106,-0.10269530720788568,0.021981623113657076,0.5137163464532298,0.474589690759897
Insula_L,0.3703305056497118,0.5708038324725231,0.5451626525465249,0.48117867292298494,0.6107370156750627,0.5819223100346868,0.5403656865012754,0.4251945445982092,0.4834733576902564,0.5544271158916515,0.0003347888157499092,0.2831893524594849,0.12154165321649905,0.2822249032209909,0.5449420960381863,0.4902352868291005,1.0,0.5733853216487019,0.49064068794244337,0.6054396914806845,0.3952880690500684,0.32991720770714184,0.5193002729812378,0.3258476063005935,0.47742112729387337,0.19143613420474068,0.4913042093218171,0.3653615580034316,0.23282360846020217,0.3024203182228554,0.27232206688191013,0.2798872310792756,0.26695993557682496,0.31272796716123263,0.452179284723587,0.6196629409814748,0.41128108676857844,0.45045975273714733,0.5798809839815978,-0.011814151029910814,0.312528015544134,-0.06053528116778305,0.21400180911621192,0.06553045545751368,0.01225565578785234,0.5165009997705305,0.5034276648079222,0.4429196037865404,0.12264168698215995,0.23219151430357018,0.29377040030008417,0.07219769195623692,0.43497132492982316,0.5533299879679862,0.14025922416442638,0.2984830541155068,0.3034480116073998,0.4270614268443558,0.18298581506856695,0.17208926216911796,0.2819685491858223,0.4439395397732788,0.34039426070564793,0.3215006685707471,0.32273337515571365,0.4707406921806173,0.20299424407393968,0.19894212645620857,0.40617107944488556,0.22380737153696392,0.2868198525950037
Cingulate_Mid_L,0.6108187022099321,0.8026894992605502,0.7610362357433839,0.6782417069121967,0.8058747257982474,0.4955472234515283,0.8351505232293949,0.827343155556329,0.5053906748930921,0.7716961987608723,0.11187773950835994,0.4436381458822926,0.2800234655296869,0.39138715923553236,0.613555724915487,0.6773426514879703,0.5733853216487019,1.0,0.608863815948509,0.7338312557855884,0.777161914694701,0.7166056566304742,0.5174633162192279,0.5828297142937625,0.3558156715898802,0.30019230330243224,0.6851161820968404,0.7114744663385523,0.6090161299266628,0.6634968138941066,0.5577798159877556,0.4238644916632408,0.6718166939884912,0.6965528471160265,0.4534229922722624,0.7481569583731477,0.7687815220847029,0.7199677655178802,0.7627240176141623,-0.3964589307270931,0.2193240211392028,-0.6279520689756568,0.2002687426301101,-0.35306301124124906,-0.419206093338844,0.359614288189056,0.8294097917055778,0.1311553042980001,-0.1990091288604729,-0.18079274142769683,0.32543497876302824,0.3038648097677434,0.4515699250434318,0.46500108528189615,-0.03854627946223407,0.11231895446851894,0.012225833919585757,0.3782282676189279,-0.12393842732526796,-0.16517901210394306,0.2012383864765434,0.18709642395267304,0.4939530511821888,0.5404446896364312,0.4964293398251514,0.47298027987619834,0.44837661893622,0.17646694527920365,0.3639366072934592,0.5644072165071066,0.7306486943107022
Cingulate_Post_L,0.6276015477528976,0.8135471242604783,0.7548456194573864,0.5142739021452989,0.4715016021064847,0.24516013999702266,0.5114092879000693,0.5502648952811012,0.5518667149512338,0.7310698711091869,-0.07683581683844222,0.21195278431470158,0.006439423400287063,0.19759650803916903,0.30046577733688046,0.3169825443303075,0.49064068794244337,0.608863815948509,1.0,0.49584967088580273,0.4290390001575497,0.6126905075692304,0.6208812129429594,0.4520985256026943,0.4975641921773873,0.45254566953544095,0.5387483977065334,0.6895633113416751,0.4551690889990801,0.6073381846460684,0.6366884029298009,0.6563528083492595,0.43083616199637725,0.4344203566159155,0.45205978630084354,0.4305552335183416,0.4817485865780319,0.5387316134087693,0.542688174945677,-0.30771574512049743,0.46536001620738776,-0.25642255362932964,0.24138187857148183,0.05143331462034089,-0.056452099189934137,0.2501500077434782,0.49272310226752125,0.3075897494567456,0.03824332586642453,0.09317791664440069,0.24522122711190555,0.07922618041683095,0.3540371479325626,0.6034886915645927,-0.004436072610093024,0.21766648587907214,0.05677167077141609,0.42938962995028784,-0.24314899993962982,-0.16228558915619115,0.15202532701803895,0.12219811865081402,0.6085898701285701,0.2479025302712243,0.2294277213642155,0.5238166666746185,0.3888103228610895,0.14055021546969593,0.41024896265841293,0.43359372064465956,0.5039938921331516
Hippocampus_L,0.3335409872990801,0.6624012009210786,0.6461003852269354,0.48815273388853586,0.6656676891856961,0.42192886266209956,0.6906506573114488,0.5226857573067748,0.4274524834513905,0.6740969827582475,0.29038234335771906,0.5503355798494132,0.484666798590079,0.5501654712550271,0.5997720926285549,0.6088727805364756,0.6054396914806845,0.7338312557855884,0.49584967088580273,1.0,0.8418218502030739,0.6710032387778028,0.3556701099450847,0.37830256672557455,0.2714136909366406,0.13718050697275339,0.7519076017695865,0.41691443458049443,0.32320097593382746,0.3421773004978313,0.2900990975056522,0.1928950436778001,0.40789792841371875,0.4190383388174961,0.7055404469242379,0.7924836009929271,0.6882576897497165,0.42646178240432836,0.5801404493187807,-0.11543623820187106,0.2508513667959711,-0.44866542449740354,0.3466986343812307,-0.22013141880475093,-0.3392391497764864,0.35947248555703126,0.8158147501521935,0.2752860926025032,-0.0210056233766182,0.04372461581383997,0.11631132875087971,0.4889220645508475,0.7438426745984448,0.5983592244500271,0.21254571649756432,0.03990527723112052,0.23045027618088576,0.5090677229589954,0.1840974768618365,0.13835157074443588,0.11473225118460341,0.34502656818464217,0.29952347303798876,0.7380233459519462,0.6928132730979644,0.5330529297302746,0.4956227068303068,0.08336867200440067,0.3739778591204166,0.5964088340692127,0.42681817518371873
ParaHippocampal_L,0.36260599432839846,0.6544636478662952,0.6592865405842149,0.4926014587412314,0.6646700692270983,0.49327045077709025,0.7377069957105306,0.6411664059551283,0.29516020980238666,0.6331139002334306,0.38631180194289816,0.7257008805281207,0.6071671426553459,0.6158871056780548,0.6115536346397517,0.7472092834652344,0.3952880690500684,0.777161914694701,0.4290390001575497,0.8418218502030739,1.0,0.7126882254048988,0.21189375233436006,0.4010441415933589,0.0736539299303589,0.061612466444480686,0.6637280710015365,0.4578371292556297,0.45738017303227285,0.4374816783612464,0.31108761559959336,0.15555248580691358,0.5619607169454123,0.5613605922247101,0.5882039996100847,0.8088913090315838,0.767386104879827,0.48977104787730474,0.551262259650998,-0.2934677638522784,0.09152496190804904,-0.7050125108896429,0.23519009454400513,-0.5074537305167645,-0.61106440603803,0.20407055207728428,0.8825317532432586,-0.045318456840046775,-0.26245620293113203,-0.23884921928785263,0.0811111382661371,0.588639516640894,0.6329191301797018,0.3680180295669279,-0.02288678155113388,-0.12231683059667929,-0.054378414268055515,0.3861487958075994,0.06099065010866656,-0.07914540145306669,0.02086974056087704,0.0696604772694869,0.2321737560876762,0.7550724052094206,0.6791830037600118,0.4145703332193634,0.5283262940738234,-0.0841052037223904,0.17113690893374583,0.6951295646084086,0.534599153454428
Amygdala_L,0.5416042070234023,0.7567446033085711,0.7232580792730129,0.4235793599316828,0.520051959899578,0.34306919520858686,0.6257215120156625,0.6617503118471447,0.47230699215752114,0.6956565331676156,0.19139464990814142,0.49430025692088525,0.3916366383826678,0.4618687323542241,0.5060203637829296,0.4894377778157213,0.32991720770714184,0.7166056566304742,0.6126905075692304,0.6710032387778028,0.7126882254048988,1.0,0.39335506398788955,0.47942515153711884,0.1807013767052774,0.3170005328171338,0.47337475311026966,0.5941151668135843,0.5667304969668806,0.6393840944314261,0.5074757829048466,0.44929491283613693,0.6015819444613137,0.6346164522538602,0.418409800804772,0.6241409382596671,0.6879232072608875,0.598761903323675,0.4287597950479487,-0.484392725632742,0.11383001869690687,-0.629990671020924,0.08413504899353187,-0.3655986063249681,-0.4641076769992251,0.1856870803524544,0.7273777575609855,-0.05537238918275826,-0.26007320633142667,-0.1991942147250729,0.17690764770299486,0.34646932552253423,0.41034286446715,0.3558423417764735,-0.08149414170295842,0.010170034120417067,-0.10363074469103553,0.2771726614716292,-0.15991232165599323,-0.35528406912654437,0.06829702900590191,0.06486136024444694,0.44801284825659776,0.5243548412962935,0.5376409729915803,0.4246504165384947,0.4644115039562465,0.09141609130857954,0.3204230573537913,0.669725260270678,0.6978754865751531
Calcarine_L,0.31891976152522483,0.57840548487512,0.5527451116062204,0.46459290298912237,0.327490575148568,0.07267346195026794,0.44310915598995454,0.5299458303120864,0.6080961389669526,0.6454379027677478,-0.26803142432368043,-0.10216420084558621,-0.28913771557882356,-0.133819305784489,0.1892744193922857,0.12608345072632843,0.5193002729812378,0.5174633162192279,0.6208812129429594,0.3556701099450847,0.21189375233436006,0.39335506398788955,1.0,0.8014062567159236,0.8538499645307995,0.721361895192937,0.5056278529345901,0.6377991835184782,0.5390236432071018,0.576987065651781,0.5685453979099432,0.7430547805706271,0.557971926576845,0.5199099733035816,0.3583954665212907,0.24674950069380058,0.21115276401669766,0.5435952899169815,0.45980397479882484,0.03680750702404799,0.4900715954093194,0.03051919465106443,0.13256682778538348,0.18250887547184572,0.22607070226713516,0.5046439956710085,0.2872923288476172,0.5154795321733667,0.15538360150595162,0.27492163777008544,0.6389932120180103,-0.366249693293201,0.08611584685985704,0.45374038336464434,0.37587716660125486,0.7049057146322392,0.44794142986686863,0.4696602031933301,-0.09007357311164851,-0.010467098175397283,0.6618620923546534,0.45362534067168064,0.6517846307501781,0.02304141026236921,-0.12030003684954407,0.3297661678536552,0.2954477462891992,0.4131398975812946,0.3737184561947564,0.1974654602108578,0.4708438363072694
Cuneus_L,0.17297430005427322,0.5366467978150291,0.5323357222591342,0.38010640227216397,0.3699405577144262,0.12847048809864894,0.5639089840881423,0.7049043473557038,0.529807530812079,0.6458433000774426,-0.05542953372181721,0.12271848597277801,-0.11553398595128336,-0.06106137141750161,0.25184553049851915,0.2521529097166972,0.3258476063005935,0.5828297142937625,0.4520985256026943,0.37830256672557455,0.4010441415933589,0.47942515153711884,0.8014062567159236,1.0,0.6144948315721027,0.651889645531834,0.450484257901236,0.6357886722228656,0.7522810186670852,0.6403954053659855,0.4924422136758698,0.6593424960527634,0.8140482308617558,0.7511865575889896,0.22754905043068524,0.3349079736503368,0.31230848270171163,0.6158124840640735,0.36736771926505657,-0.13969354615932675,0.2618452364446878,-0.309057327461181,-0.0009595989944308166,-0.2252999329671402,-0.15558367891830507,0.37966255617684214,0.42897831274124787,0.1255964672898717,-0.16003862182553916,-0.07335447741964693,0.7357451366990274,-0.30370345772800744,-0.007219810897086506,0.21856396442923848,0.30471668760030257,0.6530331706056477,0.3202110370351207,0.43108409410090187,-0.08121178088543471,-0.10143902678446358,0.7272850161516845,0.3133672080296445,0.5712100816590454,0.20255727429444262,-0.059592449437420265,0.18146337691397427,0.3068579723745664,0.36248502515740466,0.1742241758678722,0.3756177759911805,0.630022330284273
Lingual_L,0.1837564220945848,0.3463598824772333,0.3507347141758151,0.33549492046356955,0.22693186141498975,0.04697896767339136,0.34571503164801026,0.3311842606909782,0.474872893460747,0.40871697245823924,-0.30680171413488894,-0.17510763709412325,-0.3036676304044664,-0.18151885397922568,0.14371642894904074,0.020303501111337958,0.47742112729387337,0.3558156715898802,0.4975641921773873,0.2714136909366406,0.0736539299303589,0.1807013767052774,0.8538499645307995,0.6144948315721027,1.0,0.574979072609158,0.5190588038562427,0.44510789177898813,0.342726591157698,0.38466937671867374,0.3736248412370167,0.5617035225768763,0.3606716101947555,0.33381371515727293,0.3386250411581752,0.07424987319276878,0.07354164974601723,0.42776181990480405,0.36898744700926694,0.27376236419811883,0.4992483441705814,0.29547255195921057,0.18524129282535823,0.3613185749819068,0.4067132515245201,0.6438553235057598,0.14385216461397307,0.6602139389605849,0.28730061390074035,0.3927361209177974,0.5754471283509137,-0.36327029166348884,0.03402116128241141,0.423103227059234,0.3803124506609169,0.6830307567713914,0.5111700682243746,0.45812075937994806,-0.06990364800838071,0.07789908441502433,0.6659822566892528,0.4057534522637362,0.5482843169729892,-0.035234076101905924,-0.19820670909117147,0.19482647744592319,0.22837497642016905,0.5015753993242196,0.3294151705156427,0.13202010129681788,0.2909382878568726
Occipital_Mid_L,0.2300843373356836,0.4176780923709819,0.3099699246083845,0.24507091430355246,0.0882967524375625,-0.021956972708736294,0.20387486947652797,0.3424013148545623,0.4603483951042849,0.4750625682283123,-0.2585370275102651,-0.20128537101958785,-0.31206428290403737,-0.2139828514991845,0.06079439061837066,-0.013867082711124933,0.19143613420474068,0.30019230330243224,0.45254566953544095,0.13718050697275339,0.061612466444480686,0.3170005328171338,0.721361895192937,0.651889645531834,0.574979072609158,1.0,0.36341057047953756,0.6387138216124386,0.48360158765572536,0.5298884371609682,0.666733259739422,0.7909554794472826,0.38962974984774507,0.38204280576605437,0.21576542307040172,0.03180702422500666,0.07563918742555548,0.3686236134005521,0.28441411383749987,-0.038647395156112985,0.48480728456639993,-0.03712998676689708,0.15130302724287203,0.20798902564282076,0.23511111278866165,0.1663862570944298,0.006461634232090039,0.3119324485179665,0.1501199009057856,0.15336952605478332,0.47114803623946794,-0.4067541041199148,0.026270961388925405,0.29797488258130506,0.3586392351644098,0.6197065883180795,0.33975462830527414,0.1540703009918407,-0.4298287592025159,-0.09344467967597046,0.49531431922597674,0.16145535582522522,0.6755742830066302,-0.08392170635674204,-0.30647049124903525,0.11417754379190383,0.2940426594540096,0.10849551575393061,0.13697601193338574,0.01844960449375686,0.2508501951439365
Fusiform_L,0.2620128629720267,0.5356463431868429,0.49871952128958963,0.5291133928655849,0.6134939239001689,0.2993703105776834,0.5971882602272391,0.4381020392849601,0.4065726073986002,0.6264916371613345,0.08845832198443151,0.24994244144534372,0.26429245922303707,0.3406909717400701,0.47785729156882245,0.49133946981654697,0.4913042093218171,0.6851161820968404,0.5387483977065334,0.7519076017695865,0.6637280710015365,0.47337475311026966,0.5056278529345901,0.450484257901236,0.5190588038562427,0.36341057047953756,1.0,0.4567145801263194,0.22175970873535292,0.260663222864905,0.4400297303008774,0.27682481564529465,0.26233798914686385,0.2541574602662219,0.7361471580307191,0.6217162599810933,0.5505002722298968,0.2955179772821223,0.7779456451776641,0.10919355642277649,0.6486639215851715,-0.2719610664324515,0.7020600681011447,0.15717488618873315,0.022302041323520216,0.2577474476318909,0.5579905391784803,0.5905447270193067,0.35686976992257974,0.3064036313351004,0.04901815675683886,0.35681768276423736,0.6618440416029314,0.5784138286299438,0.3185198017494088,0.17472400898806495,0.3593982500955152,0.3380716307426142,-0.06187214624312274,0.25160388856866805,0.09305869906591409,0.22127641270740464,0.33160843431910797,0.47160932949607487,0.34553388239290445,0.2989879892891879,0.6214453175082949,0.09312567358372219,0.4853744818887279,0.3599043964005973,0.27641318231276024
Postcentral_L,0.7552828229210549,0.8108057195881435,0.7125500741525976,0.7008278197241156,0.5509419156651268,0.2564309910653307,0.6507045527425334,0.7685905678285069,0.6122661951072541,0.7201011686835607,-0.224185646993782,0.19398301504561807,-0.18333024556733374,-0.012569819059275634,0.2550862761280337,0.4207532471304654,0.3653615580034316,0.7114744663385523,0.6895633113416751,0.41691443458049443,0.4578371292556297,0.5941151668135843,0.6377991835184782,0.6357886722228656,0.44510789177898813,0.6387138216124386,0.4567145801263194,1.0,0.780116914157944,0.8829123833560246,0.8900345632962272,0.8340780785065439,0.6738841281687554,0.7104984956426884,0.28956715050192866,0.3739633207789644,0.5206885304505993,0.7575850644451293,0.626931626447087,-0.5323624206481515,0.33253117979893804,-0.4540297572666879,0.03803804557761163,-0.22287228937233408,-0.24557488486216644,0.27389596685216316,0.529318766905261,0.10773864029802688,-0.22359743014286465,-0.22885993612742306,0.4982836580509593,-0.11411127829204697,0.18532247442494856,0.5351977673858842,-0.055271367575466954,0.2994112453801314,-0.05581043862032117,0.3439386824436553,-0.5126706927540245,-0.3560684409631002,0.34293963597452637,0.06430515932164023,0.8409546109171884,0.20285703277972986,0.08431507260958106,0.5445108521222639,0.40625306482426704,0.1666767681073649,0.19520904581779497,0.4225764120821129,0.6574911281178925
