,Precentral_L,Frontal_Sup_2_L,Frontal_Mid_2_L,Frontal_Inf_Oper_L,Frontal_Inf_Tri_L,Frontal_Inf_Orb_2_L,Rolandic_Oper_L,Supp_Motor_Area_L,Olfactory_L,Frontal_Sup_Medial_L,Frontal_Med_Orb_L,Rectus_L,OFCmed_L,OFCant_L,OFCpost_L,OFClat_L,Insula_L,Cingulate_Mid_L,Cingulate_Post_L,Hippocampus_L,ParaHippocampal_L,Amygdala_L,Calcarine_L,Cuneus_L,Lingual_L,Occipital_Mid_L,Fusiform_L,Postcentral_L,Parietal_Sup_L,Parietal_Inf_L,SupraMarginal_L,Angular_L,Precuneus_L,Paracentral_Lobule_L,Caudate_L,Putamen_L,Pallidum_L,Heschl_L,Temporal_Sup_L,Temporal_Pole_Sup_L,Temporal_Mid_L,Temporal_Pole_Mid_L,Temporal_Inf_L,Cerebellum_Crus1_L,Cerebellum_Crus2_L,Cerebellum_3_L,Cerebellum_4_5_L,Cerebellum_6_L,Cerebellum_8_L,Cerebellum_9_L,Thal_LP_L,Thal_VA_L,Thal_VL_L,Thal_VPL_L,Thal_IL_L,Thal_MDm_L,Thal_MDl_L,Thal_LGN_L,Thal_MGN_L,Thal_PuI_L,Thal_PuM_L,Thal_PuA_L,Thal_PuL_L,ACC_sub_L,ACC_pre_L,ACC_sup_L,N_Acc_L,VTA_L,SN_pc_L,SN_pr_L,Red_N_L
Precentral_L,1.0,0.42220599120167773,0.795989079986131,0.4085038625469958,0.30680619168307505,0.14133178316641423,0.1417451794149529,0.8777601056019506,-0.00676531826986419,0.39859789971502385,-0.281380354257573,-0.28360488256601046,-0.0832889899383524,-0.15219045728994404,-0.09649411856216658,-0.006872831945732754,0.18585832658705184,0.7005544816668609,0.5886486739686153,0.7749614175646179,0.5768699788614513,0.17278383005986056,0.732256695153607,0.15150194407602718,0.47113692351269737,0.09143271812360743,0.5620117523884006,0.8739267470678694,0.6126792161613221,0.6872074936064473,0.5885908242055492,0.41456437833770193,0.7714168507066655,0.833931052626042,0.5548222890224975,0.5791899271733718,0.5572865717459528,0.29387900019814567,0.08024331810949802,0.02683064854388209,0.0028097959455230656,0.17590560665218988,0.3223820321650875,-0.27364317676177996,0.1360734211858378,0.41889133337174983,0.7982089034305071,0.42762775079340665,0.4736035199868293,0.23594840986557178,0.4162785837344547,0.5593895077220802,0.5720235152025612,0.5101445459807411,0.2833647460533257,0.567987622089944,0.47980810925629924,0.5354652778203911,0.587619365997712,0.44518144282515343,0.42430818838054624,0.45592476067152526,0.19782549543943817,-0.3003236840524585,-0.25002274346364894,0.4081329923734298,0.33243159993991356,0.2147556760926263,0.1270624208643099,0.18597703716454772,0.13733543209205185
Frontal_Sup_2_L,0.42220599120167773,1.0,0.40507813215692834,0.7496401128592035,0.777704543173642,0.5615952787151323,0.7876328170950088,0.5145614143345719,0.19542542701427693,0.8868032474474423,0.5927765640470477,0.49523164239695117,0.39567966329558,0.36405364396584283,0.2846717933223692,0.5859945503420321,0.8367585236826869,0.5551679866594658,0.1558143717831164,0.5961250153191049,0.753065395146987,0.2779447987149674,0.2620658653892717,0.1815775538889306,0.460465132694585,0.12736040197076223,0.4077807246609323,0.287245842252891,-0.060822222137098564,0.1762276409225571,0.32777795044815117,0.10106309157182246,0.02630016554570236,-0.018730762274842966,0.4256513758436118,0.45937318171030483,0.26241994844614136,0.4462992340527215,0.6824502226878539,0.21141791207528315,0.40774402477524724,-0.007809520165889818,0.3024082409559699,0.38324755287287915,0.05719572100257807,0.47603793594951593,0.3531502986042,0.2663419880411552,0.39817607233124264,0.15351246841640312,0.3891018451157568,0.06705254909874904,0.16362683206732026,0.2604979674292375,0.4754622173651909,0.41281680826972894,0.1390985774807492,0.510748709273388,0.08297552349844464,0.017057144182290516,0.16574147217125243,0.04814071338615543,-0.02903525561751484,0.5373508862765269,0.5028639835027143,0.5776480683941023,0.08713185617362451,0.26240168461935376,0.3059624189281242,0.4593208036423863,0.141670595378814
Frontal_Mid_2_L,0.795989079986131,0.40507813215692834,1.0,0.30603179385573975,0.2576729107968874,0.34187920457860704,0.20539788629715167,0.6761532459849505,-0.05878324901439289,0.42645180426729307,-0.281875176791594,-0.2034225292132733,-0.04243472807926477,-0.2032832046385022,0.03543044912693194,-0.02704889475376665,0.18026091560900429,0.5417713037662407,0.4122915733823229,0.6468239563688637,0.5642248339914854,0.09616412122438303,0.5083106915158531,-0.0035305341043612775,0.27339517383307926,-0.10432370709769792,0.2467133832817839,0.6561686663441715,0.3667012106739428,0.43943488785339196,0.31338254992672643,0.14694772357121608,0.47734747764192575,0.570724873423813,0.6174927580921019,0.5679625807215791,0.41120048099760426,0.16592735941326006,0.025081747987662432,-0.16332223293627945,-0.2093240651014103,0.05372310020279491,0.020361761114188998,-0.3561408950911564,0.020267395644350514,0.23673491394572838,0.5313023600402494,0.13888903492200994,0.4757565177165733,0.23498473607471995,0.2646090238781321,0.6361804435642262,0.44669085887359056,0.33448447773827994,0.17099516798675843,0.5889778533584273,0.2887763522577729,0.3521359292299426,0.5457541332683834,0.19891800680368024,0.3445877988140021,0.1881790403834073,0.10238665628785662,-0.24695103318519307,-0.031875883032921444,0.3334583308910346,0.3314194273385839,0.2678369009730824,0.028183286852692405,0.2173825319544054,-0.09954610109390821
Frontal_Inf_Oper_L,0.4085038625469958,0.7496401128592035,0.30603179385573975,1.0,0.8964749875240458,0.2824585047443746,0.7681954175039384,0.516427155049953,0.3170304974363413,0.6984366178971322,0.5369934629553564,0.5117828209577797,0.43629307735855827,0.2511414227628289,0.41765291133318627,0.45947802579846414,0.7911757068568626,0.5788373168326575,0.22552587432835058,0.5640233811348012,0.6166903575023533,0.4804964441185867,0.24426651612809563,0.1001487875909215,0.3893234664064636,0.21874381465932982,0.4830122105334352,0.3535601208510987,0.00684199505619876,0.2797501595606236,0.6145527630119152,0.3418113200361261,0.1684872941089685,0.10384076502154309,0.5293824967985166,0.43069077794764427,0.2592885216636786,0.6013935098320949,0.7923166287594678,0.06557983700575923,0.5687382506639453,-0.16451142016406425,0.4500718418655618,0.41336598810306774,0.017396072249346545,0.5790195285929063,0.4078981654703329,0.29788988416328827,0.13567366042914297,-0.016454410939678865,0.271706242923184,0.20062911684980086,0.4207931978090403,0.25850886900977493,0.5408234252834447,0.45709838834435285,0.3580349419095273,0.5689430010633927,0.08947707465178435,0.10622927345660398,0.39245995473433487,0.22998257506073574,0.02784928141118254,0.42609280772873126,0.472091167783141,0.7416156701616448,0.12492946695228349,0.3028593130533085,0.4901699943376336,0.5887829482626185,0.3249717308821109
Frontal_Inf_Tri_L,0.30680619168307505,0.777704543173642,0.2576729107968874,0.8964749875240458,1.0,0.3500335365001305,0.8366604637020119,0.48003215663573107,0.2102365808349754,0.6807829803543752,0.6215825578361274,0.5614638083605883,0.447049472978274,0.23148672596699973,0.323459675349272,0.5154707016690248,0.8315154177332241,0.5297005246475003,0.1178920014629465,0.4742273097527774,0.5751119159904059,0.27178666817275976,0.22168000492098283,0.1953388412311176,0.4307494506095927,0.2493776638518315,0.4376307474702343,0.24709492118631912,-0.05092444252969882,0.20641970542196084,0.5702541607048653,0.3044177525750011,0.06523930400214607,-0.01553750477562547,0.3735315505390055,0.3700518879084102,0.15335221129350468,0.5738258721958863,0.8354201272712651,0.05155340538094919,0.6134403942319311,-0.010954430742126991,0.4372783651308536,0.4938690883670147,0.13716230638333704,0.5057222617093137,0.3376775763820557,0.32898469606496694,0.23386016263013668,0.029496108632888905,0.29957709908064806,0.06768023402556843,0.2568247486927074,0.2515171101883995,0.6023458274515416,0.3480343175218887,0.2719683608841298,0.5765471040317989,0.0231664086666927,0.016277820421798955,0.3647673991708137,0.15218204095603585,0.10535019785463806,0.5496157802870959,0.5533118430951985,0.602894702760951,0.007373258598006979,0.22633018034885918,0.5011494503070125,0.626972193185394,0.2342946562950969
Frontal_Inf_Orb_2_L,0.14133178316641423,0.5615952787151323,0.34187920457860704,0.2824585047443746,0.3500335365001305,1.0,0.48482221246605756,0.12419570260700145,-0.15750236742917426,0.5225230048583465,0.21487771056913577,0.23372147040950747,0.28645859154057685,0.14931182752871996,0.2980544708367414,0.4582230585803457,0.4747993724272741,0.2529348298923988,-0.11948576005195033,0.1744326435644351,0.27862835181043527,-0.0646089609257091,0.19435679722159366,0.26237143895953696,0.40042955362359783,-0.02060470194891443,-0.06808914750303317,0.020491939225392376,-0.14105244067741873,-0.07067381818787395,-0.12105741458727985,-0.11184934317071231,-0.20170784811272355,-0.22122330685486447,0.18713898110295046,0.1906367792240513,0.04178874960563127,0.15704032985656838,0.24754658064843177,0.038515584118388,-0.00955166619658442,-0.04114787592130767,-0.3002961944106353,0.19157505902903466,0.07416004667601986,-0.09045198020836294,-0.0005876715029777793,0.1007066622957692,0.3651452331685385,0.3454876501459783,0.06860000540846166,-0.06823352482498594,-0.1545721286923797,0.18034789508546165,0.07497781630219227,0.11900945411310015,-0.19997542678349597,0.17119337697143353,0.004381900048465993,-0.04764766832879877,-0.11705946744558408,-0.26369018771614644,0.01005435994406393,0.2994200999569687,0.25894778110847655,0.23858910611463965,0.08941256018103151,0.25436126664421815,0.013563291397277343,0.15960720767291064,-0.06406223068629575
Rolandic_Oper_L,0.1417451794149529,0.7876328170950088,0.20539788629715167,0.7681954175039384,0.8366604637020119,0.48482221246605756,1.0,0.27072700615299916,0.20524297483421594,0.6762954103823318,0.6960830989087264,0.6593536636364552,0.5039128345808431,0.35295748644746644,0.4403355546773756,0.599805163479046,0.8922163624404024,0.4321687279352018,0.008469867690127707,0.40238181568892273,0.5942042036677447,0.2775714937809687,0.08042329870599667,0.10988441332021112,0.3554487482427142,0.13268122437965596,0.3249872766551727,-0.03494576394995982,-0.32731785658432216,-0.10173960265982765,0.274183441419167,0.032495665268230986,-0.17322198023255833,-0.21148194852907434,0.32810940000995525,0.30152555692992317,0.03857176821461726,0.6143870755562476,0.8744066155368542,0.09950108136193714,0.5442323589560819,-0.1338524266719706,0.3249534347946495,0.6059981156529748,0.09607069979672682,0.4514290122546924,0.18970877017499285,0.2437276070270512,0.15789389284301564,0.058915882052453766,0.25802471833421436,-0.008800410957390991,0.13109498456359953,0.16251302158109135,0.5109023474735102,0.3113770425051834,0.1619831823918294,0.4574608316988591,-0.1162453793637637,-0.08149543757868669,0.21857518455666963,-0.00705460712139727,0.04686887482071527,0.6287589956542298,0.6539774218266318,0.5733882573025021,-0.06339629365199018,0.2422379969117174,0.45355446686379564,0.6147225069569721,0.18955568585330382
Supp_Motor_Area_L,0.8777601056019506,0.5145614143345719,0.6761532459849505,0.516427155049953,0.48003215663573107,0.12419570260700145,0.27072700615299916,1.0,0.06922929304743454,0.48054885625748966,-0.08185654157606877,-0.09326531922609285,-0.007369554745251125,-0.09579249442301342,-0.1418160856395436,0.10726674304150596,0.3109797668435432,0.7629923961015096,0.6296702245634773,0.7350938162679056,0.6015573300873538,0.1446944357640028,0.6943846500366614,0.258668403885002,0.5233395227948754,0.25539626639545976,0.642555278134358,0.8514384505727739,0.5963762233939247,0.7392439913346613,0.7170011185286008,0.5587921376742507,0.7200285222630705,0.7022037103244921,0.4337747400544327,0.5736986077247108,0.4274555470333131,0.4153772932238997,0.27799791054426864,0.006884901311251161,0.2162960911271641,0.27169042843714364,0.47115437676592875,-0.08352766395961522,0.2630100865623627,0.5319486093918411,0.8098010287849354,0.4583129164467809,0.5140335378298865,0.12400010098540441,0.5282273655044463,0.4023209058242307,0.5125232482613683,0.47396905614433577,0.4384331755465203,0.49068754635200784,0.438644574802019,0.6437168908470373,0.508954324422589,0.35555044047116424,0.5005393828430652,0.5226355187996309,0.2079041870033214,-0.10666546459957378,-0.13366060465779064,0.4428351415003125,0.2162980391601842,0.1265443358924827,0.2545752388745346,0.25744188356069275,0.15613498796546058
Olfactory_L,-0.00676531826986419,0.19542542701427693,-0.05878324901439289,0.3170304974363413,0.2102365808349754,-0.15750236742917426,0.20524297483421594,0.06922929304743454,1.0,0.1235759847751613,0.24157761494772967,0.29926183326405015,0.11833311502382808,0.12190741998438645,0.06270702452885642,0.1826866237304264,0.27812161487722664,0.0546014911033506,0.0951316297493459,0.23760296383279572,0.4088377586174165,0.5658989979703437,-0.22920585870284801,-0.38134316041210425,-0.25621083709732895,-0.1431834297127631,0.14068175928377855,-0.022934629053457157,-0.22806917527656193,-0.09791051348380503,0.1155604509933792,-0.07308920446540955,-0.08804248830682089,-0.10030125093000054,0.25428182380198455,0.37142370576992145,0.04406125408514822,0.2626126296681207,0.3068167817174855,-0.09677696344444858,0.15951453087352355,-0.25354775310899563,0.2857874543654805,0.033592015539031655,-0.23968465199903832,0.4707038207665371,0.08888314729024163,-0.2580491921600092,-0.1098897238017473,-0.5074148906054275,-0.15312618887193413,0.17726481943876501,0.3423763353624858,-0.20947288269437436,0.0355962993818628,0.30624741879614326,0.1724014154816715,0.13988722181911684,0.017108715158681575,-0.16449715869959583,0.18402326177765702,0.014013936963844951,-0.4391155430433193,0.09643512905082013,0.25360553457018453,0.20216333148571164,0.3452966983054725,-0.09899565067050559,0.11890984815371823,0.11314391212254997,-0.007313416186350106
Frontal_Sup_Medial_L,0.39859789971502385,0.8868032474474423,0.42645180426729307,0.6984366178971322,0.6807829803543752,0.5225230048583465,0.6762954103823318,0.48054885625748966,0.1235759847751613,1.0,0.5082076315497102,0.3652852235675001,0.24554398424042495,0.23698085959452178,0.2325265638166082,0.5641827941052834,0.6970206501019091,0.48878424243401325,0.13894711482748598,0.4830004300878358,0.7056358178870484,0.15826333755372715,0.1586576030551635,0.011856277950942412,0.29118037052505485,-0.018963932144967596,0.21416969259598237,0.27986864397431777,-0.14005792243445214,0.13970136733905641,0.2566267600173311,0.007684551483496146,-0.046881336988853155,-0.035194551349549595,0.4480281561092972,0.41763969761288045,0.20725385151110232,0.27670453974087666,0.5315989791269341,0.12703577303771227,0.2239014797531807,0.03202701607897529,0.15361519289865347,0.21659323333056804,-0.02247519291393697,0.36938837656009643,0.2446031474453015,0.12337475702518835,0.312716725010089,0.15287251094655827,0.3930336627709066,0.1188735826385371,0.10685192503193973,0.08467744567569475,0.37626593091889843,0.4693171538318264,0.023725666810868493,0.3756219541021486,0.05743534473271625,-0.14814004197695518,0.07653608499449147,-0.05871619266366012,-0.10635099057581417,0.44563845996162377,0.5386717431812622,0.5338068455695029,0.049008802424839015,0.26842180731572185,0.13106040919249304,0.4027155854905333,-0.06731393812858427
Frontal_Med_Orb_L,-0.281380354257573,0.5927765640470477,-0.281875176791594,0.5369934629553564,0.6215825578361274,0.21487771056913577,0.6960830989087264,-0.08185654157606877,0.24157761494772967,0.5082076315497102,1.0,0.8604347802923534,0.6004201317575276,0.587852777313853,0.43863784194486566,0.5097804066133097,0.6809223835870162,0.03207741834651846,-0.3082813788166704,0.02027962628591201,0.29229903930105056,0.1601491360014185,-0.2331257970625035,0.0936029504187828,0.13460300947259837,0.24459276908340694,0.17232060732849738,-0.3212752971203575,-0.45656145082593597,-0.24915863656735285,0.1130642530334382,-0.04439353561344785,-0.4455932411329684,-0.49357739678575224,0.035384945562706153,-0.10095824785183748,-0.21785652387077364,0.3454555471789313,0.7366103096762739,0.1444783277151877,0.6120630801179104,-0.09259307118843411,0.31928181994433535,0.702858343780034,0.06218890450732467,0.2633220875858861,-0.1486164366619041,0.0954923973525377,-0.07192976771578637,-0.11498981203506618,0.19351993505849913,-0.3125230292122631,-0.13968440428745188,-0.1123089617472381,0.45659817267420616,-0.06598190547249835,-0.07586638867713656,0.20370311625000784,-0.39469267864643626,-0.27562306120172964,0.07388702864245635,-0.09842296538374253,-0.07149477912671211,0.875613844983133,0.7620038526436765,0.3372866037440325,-0.24408471120215997,0.02007625098973934,0.3385931981919772,0.4024798599109441,0.20635461411239048
Rectus_L,-0.28360488256601046,0.49523164239695117,-0.2034225292132733,0.5117828209577797,0.5614638083605883,0.23372147040950747,0.6593536636364552,-0.09326531922609285,0.29926183326405015,0.3652852235675001,0.8604347802923534,1.0,0.696445473937064,0.4504367895929548,0.5725410533810767,0.4308174455294352,0.6558772231286613,0.03216274489883116,-0.2975338250712807,0.03324375004018014,0.25403685297646905,0.2902362672695524,-0.27296404394126406,0.027301638527153643,0.06426362114235966,0.1443441165723225,0.09309523239779077,-0.341054657322485,-0.4491283256635002,-0.29907398010721703,0.058793222664879075,-0.09470863417666647,-0.4102540980720526,-0.4623308942533809,0.17765438074574166,-0.013458965599604729,-0.24100275532658028,0.40472440016073413,0.679534878516103,-0.04079417808786789,0.507133540796022,-0.2938698924604721,0.20253852031561834,0.5884686050564549,-0.017558849452490404,0.2284450828718214,-0.16717845342192753,-0.02599402556891781,-0.17123158920615444,-0.21109322632465216,-0.008242116918701489,-0.13804282336227927,0.03230448629705601,-0.08429568034904608,0.34675162781122637,-0.027649674759127017,0.001077975398660701,0.16267296205013457,-0.3223586993921073,-0.2623697870304179,0.16784853508387296,-0.11734062210023598,-0.1145232912143717,0.7762843408105851,0.7093371776982164,0.3808628226634641,-0.12812204124678195,0.11605789015754998,0.40171762830592567,0.4607802388894633,0.21961519995541368
OFCmed_L,-0.0832889899383524,0.39567966329558,-0.04243472807926477,0.43629307735855827,0.447049472978274,0.28645859154057685,0.5039128345808431,-0.007369554745251125,0.11833311502382808,0.24554398424042495,0.6004201317575276,0.696445473937064,1.0,0.29969640955484406,0.6279995469214732,0.2891977688145025,0.5220524178696243,0.11311210524015351,-0.2597014809770084,0.09983460347412981,0.18711020538038228,0.1799750335146813,-0.03120427196802656,0.13626647997510652,0.22244268065397546,0.18920316365354073,0.15140450302058345,-0.14550570953738712,-0.20963601351312858,-0.1396150647398916,0.08284853257296028,-0.012859131484531806,-0.1962642601442509,-0.21449080232426931,0.2540081610524009,0.03461493945072421,-0.13997213134202272,0.3423362878855949,0.5092028058589881,-0.07929446486381868,0.3775470589641162,-0.32288754404572484,0.09390813181352269,0.4153126881265166,0.04542602305251878,0.15131653207355023,-0.0437908605637589,0.07016803950663582,0.02663592884967864,-0.0644777208882629,-0.006061495591451623,0.0026612150704360027,0.11634072588467245,0.11303452087474257,0.3401770125247262,0.03127702159320169,0.1061152258804734,0.21357055127181304,-0.11627288848106758,-0.06779993397597728,0.22040694898178229,-0.03870296375622541,0.031909393394465885,0.5110765422662285,0.4744645304038763,0.3731233431068924,0.015788636805377884,0.15104374422445704,0.3512338786794302,0.38401050703688094,0.31955834467536914
OFCant_L,-0.15219045728994404,0.36405364396584283,-0.2032832046385022,0.2511414227628289,0.23148672596699973,0.14931182752871996,0.35295748644746644,-0.09579249442301342,0.12190741998438645,0.23698085959452178,0.587852777313853,0.4504367895929548,0.29969640955484406,1.0,0.14660875902774212,0.17546102466875688,0.3464017117148293,0.07037632039619693,-0.06668128227981238,0.11542547567385676,0.20259709803427836,0.27372480063066623,-0.05936902415661743,0.22080026205975273,0.2571228814453882,0.18360153451601927,0.28248840834618816,-0.2095859546047013,-0.2203875896457873,-0.14797146351034499,-0.04775789102478609,-0.04760198466145343,-0.1956372131171841,-0.25514634154776517,-0.1165682906193124,-0.15600598255991555,0.10908016714852022,0.22815911141353837,0.3672182055660724,0.4928269344978178,0.3532936677936125,-0.01188295025820103,0.2547887909797781,0.5874548684512797,0.10718447502956595,0.22753457837999985,0.025360641129117484,0.23396159700528055,0.016506918199994596,0.11202893216993323,0.2301455976544342,-0.2625192553984497,-0.15858212505509794,0.13790749870953894,0.25891728952883153,-0.08163471975667774,0.018198089678640388,0.14832834010036575,-0.12425469668706204,0.2029910208641945,-0.03540207536448181,0.13845444369526252,0.007292539928286741,0.4818844359971845,0.3491890035720336,0.22912677484143368,-0.14701729272907363,-0.03290500540498741,0.15909033376299153,-0.0548727993509929,0.4339372618513385
OFCpost_L,-0.09649411856216658,0.2846717933223692,0.03543044912693194,0.41765291133318627,0.323459675349272,0.2980544708367414,0.4403355546773756,-0.1418160856395436,0.06270702452885642,0.2325265638166082,0.43863784194486566,0.5725410533810767,0.6279995469214732,0.14660875902774212,1.0,0.10056519922716725,0.3997544863503033,0.045744196333726485,-0.24738812318171205,0.05548034118536419,0.05225523568711032,0.2990030567266496,-0.07195360988248697,0.04065656445902402,0.11088323824569189,0.09022227090330472,-0.005606615606087392,-0.1921586305616397,-0.2568992796723175,-0.19287984786406806,0.008984122537492157,-0.03323818371000409,-0.21730772097082487,-0.2183465827811944,0.4673026478209381,-0.055265667852678224,-0.16874352612347288,0.2872107438166519,0.3970573308374049,-0.21021705740750476,0.27939522750511686,-0.537403009968852,-0.0469068389575717,0.3481257609642841,-0.1599044210345875,-0.00711031870371081,-0.1553656528263203,0.07947487135826999,-0.17029342094248995,0.12480969808010209,-0.13778807440322086,0.20107171132918972,0.25683334111937045,0.08522374904552052,0.2560093949072131,0.049606376990909445,0.16687508988527652,0.11375573302009541,-0.20842024709548662,-0.15572216434339406,0.24023080467671223,-0.06162174016198233,0.1473202886014143,0.4011506492004308,0.45309693282032887,0.45381649431058707,-0.07049850633629207,0.3613634170649392,0.3663041689607408,0.4740377968284193,0.27147927477293254
OFClat_L,-0.006872831945732754,0.5859945503420321,-0.02704889475376665,0.45947802579846414,0.5154707016690248,0.4582230585803457,0.599805163479046,0.10726674304150596,0.1826866237304264,0.5641827941052834,0.5097804066133097,0.4308174455294352,0.2891977688145025,0.17546102466875688,0.10056519922716725,1.0,0.643941747484576,0.24465297855876028,-0.09956290886086476,0.05827211128708095,0.38028578422042963,-0.006081487028775258,-0.09093422310779166,0.03763439205105276,0.12194653494726145,0.06998390559906999,0.08988322597946388,-0.06714489006092832,-0.2697421822996444,-0.09393549385927501,0.08525208991832058,-0.057785536157127955,-0.26903199027952474,-0.2786750095536699,0.026960064440459786,0.2017420213110404,-0.06445443349779292,0.2620866750374443,0.49646566478179444,0.12419783678899979,0.24532603277806908,0.009789762711671922,0.05367931941084676,0.32174233539722036,-0.051082852558416554,0.21215331206733937,0.055787499353931826,0.018757037215314618,0.032555297511988456,-0.11759244576921785,0.13927005329467404,-0.268106304915456,-0.16707028001303886,-0.07878228012644055,0.18967831213602546,0.14973298862545045,-0.24699488206999942,0.10094180654025742,-0.11873880260285435,-0.22084518518056423,-0.1254371582008659,-0.3050745905466143,-0.36976210443253765,0.4322563673061481,0.33524854616376976,0.19366037815618514,0.024713209327869,0.05859505039228553,0.04974984710356529,0.16237188801713606,-0.11281704191188155
Insula_L,0.18585832658705184,0.8367585236826869,0.18026091560900429,0.7911757068568626,0.8315154177332241,0.4747993724272741,0.8922163624404024,0.3109797668435432,0.27812161487722664,0.6970206501019091,0.6809223835870162,0.6558772231286613,0.5220524178696243,0.3464017117148293,0.3997544863503033,0.643941747484576,1.0,0.5033108707992443,0.08777040645293331,0.4763065095224584,0.6306674875077144,0.34555205444211573,0.12886869860127995,0.1378448313981453,0.38255891139055764,0.17350953216395226,0.4092327309111932,0.06633591432675634,-0.21724788082449958,0.009231681370378254,0.3029604733459939,0.07320491109425056,-0.07163279510356375,-0.15854054016753197,0.3742714847957562,0.43071528897041184,0.17642980650104478,0.5947618016635526,0.8505778956225118,0.13618593305301624,0.5826942849911464,-0.1201519604262927,0.3746952522798196,0.5683095891070435,0.06585443776109637,0.546046770083681,0.2683505633527554,0.22822763043228347,0.23989358720262877,-0.03544917102358008,0.22455771512047876,-0.005996805221930137,0.21157612722878283,0.22609624841124715,0.510367940603791,0.3535408216239714,0.2123319544555065,0.5175934315197124,-0.024866537205312168,0.003282903832451125,0.2496401518011282,0.043491200473764015,-0.05976904911080255,0.6117877602830712,0.5802468946863353,0.6081699884991275,0.08380300993336642,0.22423968252203344,0.45378754130100185,0.5963961808949073,0.2325833772772027
Cingulate_Mid_L,0.7005544816668609,0.5551679866594658,0.5417713037662407,0.5788373168326575,0.5297005246475003,0.2529348298923988,0.4321687279352018,0.7629923961015096,0.0546014911033506,0.48878424243401325,0.03207741834651846,0.03216274489883116,0.11311210524015351,0.07037632039619693,0.045744196333726485,0.24465297855876028,0.5033108707992443,1.0,0.6180313866302705,0.775221492540984,0.6085797981150646,0.24710246375092193,0.68535756364321,0.3732096670971909,0.6423299344371068,0.30021425100725374,0.714276168713161,0.6421373963142468,0.4545124865419882,0.5722245686613405,0.541249940290355,0.4981256630323581,0.6535174248544658,0.5046393224263644,0.4265786750872689,0.595079692777444,0.38544627176233803,0.5354398511024442,0.42218348983897835,0.04816342341534973,0.33103320997908264,0.12588611003263578,0.4831055218298776,0.15738974317618196,0.2939458776740049,0.6428487871867578,0.8252347453533205,0.49747751919530164,0.5438577877199324,0.134993034673011,0.4582000900313442,0.36660063195162984,0.5363322865920509,0.6041606622830851,0.5455367710152278,0.5552380586058305,0.5143993942208072,0.7415551299347474,0.45902091406589796,0.3843999562290745,0.5079994793605256,0.49502888426723834,0.2520670761271601,0.01365852049345693,-0.10730009636389859,0.5371714351344198,0.191806800634987,0.1916550159047176,0.46630808704293353,0.3611541200651023,0.33775354494698173
Cingulate_Post_L,0.5886486739686153,0.1558143717831164,0.4122915733823229,0.22552587432835058,0.1178920014629465,-0.11948576005195033,0.008469867690127707,0.6296702245634773,0.0951316297493459,0.13894711482748598,-0.3082813788166704,-0.2975338250712807,-0.2597014809770084,-0.06668128227981238,-0.24738812318171205,-0.09956290886086476,0.08777040645293331,0.6180313866302705,1.0,0.6135763002921913,0.4158624412236627,0.316199178192286,0.4244891233128989,0.033090209171144684,0.2527613151976917,0.06439988514370656,0.5433812678528274,0.5475457936126881,0.42488031449248664,0.4754079271203157,0.3850747127954284,0.4026674692307338,0.6926856894760453,0.5920791981209971,0.30676401949834375,0.5461764614308746,0.5169556116519584,0.4000073284017464,0.08378392086972541,0.09391383705023754,0.08724653602929205,0.15361263511603995,0.4404134111279739,-0.06672641934339972,0.1508972593389915,0.5667418892161926,0.7100163192943876,0.2975574815933418,0.37515511686743636,-0.031575467262206086,0.3202238849721729,0.41930757611034275,0.5282858317747929,0.3524082984964201,0.24567143574733571,0.4123495420693591,0.4645904994198169,0.4369917931056634,0.46489242544892817,0.390716497118245,0.38937246427369704,0.5838344537247754,0.06455100089647786,-0.33818485009243304,-0.3279218770797091,0.2784693737173561,0.2703662963268462,0.10130808717634013,0.24549438020950154,0.15352382117066007,0.17378200982464906
Hippocampus_L,0.7749614175646179,0.5961250153191049,0.6468239563688637,0.5640233811348012,0.4742273097527774,0.1744326435644351,0.40238181568892273,0.7350938162679056,0.23760296383279572,0.4830004300878358,0.02027962628591201,0.03324375004018014,0.09983460347412981,0.11542547567385676,0.05548034118536419,0.05827211128708095,0.4763065095224584,0.775221492540984,0.6135763002921913,1.0,0.8026031919038602,0.5265557732338618,0.5732736235313348,0.08420782912379197,0.47098358872142687,0.03990601249391514,0.6815905715576283,0.6320953338100721,0.3427968772765848,0.4432707685178168,0.4636770555698599,0.2684702721944321,0.619721816798478,0.5552471319712337,0.6372399263941892,0.7569526955943877,0.6609006439792693,0.5241885366177153,0.3895125353843281,0.11966112421485414,0.23169567488406198,-0.014913407266684917,0.5123402510193207,0.02982249130492377,0.06254925548005695,0.733884211507994,0.7890780738426608,0.3601588363417728,0.524087141591482,0.08876277759535639,0.28592011377857335,0.5514065622814872,0.681211574561231,0.5521800010508523,0.38210411464178423,0.7089788514860502,0.6842906367504852,0.6830813285530616,0.5579797004405411,0.46237429688461507,0.4667607596710055,0.49783872212568564,0.11959532890083374,-0.01696046849533248,0.03637511909464613,0.612569431729975,0.4430002410132358,0.3046968725052151,0.39222268146385975,0.4581117587783409,0.2758599832641786
ParaHippocampal_L,0.5768699788614513,0.753065395146987,0.5642248339914854,0.6166903575023533,0.5751119159904059,0.27862835181043527,0.5942042036677447,0.6015573300873538,0.4088377586174165,0.7056358178870484,0.29229903930105056,0.25403685297646905,0.18711020538038228,0.20259709803427836,0.05225523568711032,0.38028578422042963,0.6306674875077144,0.6085797981150646,0.4158624412236627,0.8026031919038602,1.0,0.4122919588783072,0.21222937144548493,-0.13924711194038425,0.19580048463378447,-0.14162494419703572,0.4563910041983347,0.3823424184145846,-0.023563664906030405,0.178767116672269,0.31454107892658417,0.0021292834660594706,0.2312469455913783,0.2354716887036561,0.5541590817362786,0.7371016192782789,0.4578005874557204,0.4221551775029988,0.5186671013325209,0.10994124684353783,0.18251276506135766,0.004314204486275338,0.4146057857562843,0.08368206491111628,-0.06450362833145434,0.7132190544191929,0.5413618072237258,0.09200942357322593,0.4352580670763716,-0.064492101028925,0.294527671763851,0.39120075409527216,0.43403477562823767,0.19975847662958182,0.35614053458298756,0.6843883990911706,0.3459989425131533,0.5199282194940854,0.3500356603973123,0.06894366172403553,0.27219073277670996,0.14629853115640373,-0.1504453556318618,0.20205001507700632,0.3350646919061278,0.5042852957807132,0.32835146865668186,0.15240898931999453,0.1686111031032848,0.4132829049253997,-0.04523888676285349
Amygdala_L,0.17278383005986056,0.2779447987149674,0.09616412122438303,0.4804964441185867,0.27178666817275976,-0.0646089609257091,0.2775714937809687,0.1446944357640028,0.5658989979703437,0.15826333755372715,0.1601491360014185,0.2902362672695524,0.1799750335146813,0.27372480063066623,0.2990030567266496,-0.006081487028775258,0.34555205444211573,0.24710246375092193,0.316199178192286,0.5265557732338618,0.4122919588783072,1.0,-0.022082111674691544,-0.25737758415291173,0.01288000331360467,-0.11509717594857628,0.3351292947750805,0.09546722594142483,-0.1023579504015286,-0.012148466568338727,0.13682639657444728,-0.0023288750995719702,0.13817788293158148,0.08831789995202186,0.5116155828701255,0.44749951158821255,0.5172334101029221,0.4784591776743371,0.359927433931762,0.20039325698690966,0.24169339153990832,-0.5132667484467313,0.3323822381767944,0.18027905017331822,-0.2624106517778253,0.5770572502155628,0.23201629709898194,-0.0415957872626765,-0.14235953441036647,-0.24645183969967885,-0.2211667594120819,0.3826557646047113,0.5643242141466291,0.2034466930827429,-0.0031404312634854036,0.4600258689127131,0.5400650984599757,0.2513852566944218,0.21117056687335337,0.3149662840600346,0.1749542880740236,0.2836351083199032,-0.20698549845342873,0.05489041534698904,0.19839441232226293,0.5222612869492935,0.47462936740673,0.31186143958518825,0.3372560549907395,0.3243885285255393,0.42709553406567047
Calcarine_L,0.732256695153607,0.2620658653892717,0.5083106915158531,0.24426651612809563,0.22168000492098283,0.19435679722159366,0.08042329870599667,0.6943846500366614,-0.22920585870284801,0.1586576030551635,-0.2331257970625035,-0.27296404394126406,-0.03120427196802656,-0.05936902415661743,-0.07195360988248697,-0.09093422310779166,0.12886869860127995,0.68535756364321,0.4244891233128989,0.5732736235313348,0.21222937144548493,-0.022082111674691544,1.0,0.6280297294849102,0.8221468982894626,0.5143004008473249,0.65640055636271,0.7608527057713238,0.7618552204300149,0.749131879405236,0.566654049802363,0.6385054567215485,0.7622831767589966,0.6900675272556072,0.21784571707152187,0.2887753683674359,0.2927237904223751,0.28264504277087954,0.09612330552518256,0.0483869993339377,0.25583749039908127,0.3069553173745428,0.3541663536855417,0.01674562271022743,0.5148789830443263,0.24972665722118823,0.7590417166965697,0.6632836887471544,0.5339332871812268,0.3589043543806228,0.4479159162591457,0.23222604418853307,0.3613314055418296,0.741698120631727,0.42808398015959936,0.23441841415976714,0.41447704370148786,0.6417338672204841,0.3985517685934574,0.575877845148341,0.4245887741777343,0.5625784861476629,0.5539785430307504,-0.2109848440047898,-0.3857395911300266,0.34275230149001895,0.061346725751497785,0.15594342768850744,0.34265648372577734,0.10902500909639284,0.41058817345008075
Cuneus_L,0.15150194407602718,0.1815775538889306,-0.0035305341043612775,0.1001487875909215,0.1953388412311176,0.26237143895953696,0.10988441332021112,0.258668403885002,-0.38134316041210425,0.011856277950942412,0.0936029504187828,0.027301638527153643,0.13626647997510652,0.22080026205975273,0.04065656445902402,0.03763439205105276,0.1378448313981453,0.3732096670971909,0.033090209171144684,0.08420782912379197,-0.13924711194038425,-0.25737758415291173,0.6280297294849102,1.0,0.8425480274254494,0.7530024988505944,0.4833427574938423,0.2682968045710177,0.5795429407031908,0.5027363731785307,0.33749606509728775,0.6225177009880406,0.3582425126542448,0.1609519507968886,-0.2565444395232131,-0.25671754466564595,-0.09494555398915974,0.185387274739066,0.16065408268862486,0.19607318354006745,0.4590610022013503,0.33868767877250494,0.22632388399397912,0.47710038320435383,0.5869488859223642,-0.030501598244331792,0.34011969435274236,0.7333766992128599,0.3336638940192891,0.4721748848946438,0.5076490432532158,-0.3366069427091659,-0.10578173810537515,0.6194176993904081,0.46555255201615536,-0.29099468112866417,0.04649994686330691,0.40640524831500197,0.0324852520687735,0.4060083870615484,0.2532762661596749,0.41827829857462795,0.6139135696098972,0.16703124396554572,-0.294772945600799,0.19511813783249843,-0.2730184684925783,-0.029668402941543822,0.3095548537578824,-0.05202850018922061,0.521125253725814
Lingual_L,0.47113692351269737,0.460465132694585,0.27339517383307926,0.3893234664064636,0.4307494506095927,0.40042955362359783,0.3554487482427142,0.5233395227948754,-0.25621083709732895,0.29118037052505485,0.13460300947259837,0.06426362114235966,0.22244268065397546,0.2571228814453882,0.11088323824569189,0.12194653494726145,0.38255891139055764,0.6423299344371068,0.2527613151976917,0.47098358872142687,0.19580048463378447,0.01288000331360467,0.8221468982894626,0.8425480274254494,1.0,0.6604854587961687,0.6715464405415573,0.49586920834328885,0.5596870597956849,0.5794488277909671,0.48771982313098966,0.6119652838970153,0.4883386509012548,0.349943234209762,0.08412818254385071,0.11940533293780037,0.19823891945008504,0.43672768955779406,0.3748439060845784,0.2505538936109593,0.5177785630560356,0.24110285205420798,0.3645221145715098,0.45094615375323277,0.5785089951844468,0.2560248748582536,0.5848162216805033,0.7602340179498134,0.4927474902578268,0.45914955159086723,0.49408724364358186,-0.09653316023129498,0.16356583697243585,0.7735035094270957,0.5390627259581736,0.08243416815588389,0.3049017503385497,0.6422961538575274,0.19492028252881646,0.5459604625451435,0.3354417819762636,0.5108534376050169,0.5839042227155032,0.15998846433783973,-0.1624928168224386,0.46446896898578455,-0.05605324679282627,0.15540314806112954,0.4645162220527892,0.1975248907068366,0.6050251475916187
Occipital_Mid_L,0.09143271812360743,0.12736040197076223,-0.10432370709769792,0.21874381465932982,0.2493776638518315,-0.02060470194891443,0.13268122437965596,0.25539626639545976,-0.1431834297127631,-0.018963932144967596,0.24459276908340694,0.1443441165723225,0.18920316365354073,0.18360153451601927,0.09022227090330472,0.06998390559906999,0.17350953216395226,0.30021425100725374,0.06439988514370656,0.03990601249391514,-0.14162494419703572,-0.11509717594857628,0.5143004008473249,0.7530024988505944,0.6604854587961687,1.0,0.608522363423228,0.3213178459278893,0.5641217854514345,0.5847780876081915,0.5901408220996668,0.8030537541387508,0.3143225144645419,0.1671065602466716,-0.21856926038105595,-0.22180639974347843,-0.14907942047609216,0.31567374763092904,0.3691318683287818,0.05108358646577549,0.7283042242740867,0.2896479783246494,0.5121120547313047,0.4906969016432787,0.5480433717119851,0.17534696048427384,0.30732061637776603,0.6104130910946819,0.1729873938563869,0.0810030844884218,0.45740689958865893,-0.3223235631352478,0.020842247108222526,0.41295887556063193,0.5888474120297221,-0.3059316800652739,0.14091721756725,0.41098206250675035,-0.1100079987326922,0.2520426650789405,0.37161683385867433,0.45888648882664695,0.45105777809003844,0.22715826385514656,-0.1539325218849267,0.19810969525054586,-0.28579937685167145,-0.02269682365120679,0.4533844485206331,0.09260360499875951,0.5512425735794284
Fusiform_L,0.5620117523884006,0.4077807246609323,0.2467133832817839,0.4830122105334352,0.4376307474702343,-0.06808914750303317,0.3249872766551727,0.642555278134358,0.14068175928377855,0.21416969259598237,0.17232060732849738,0.09309523239779077,0.15140450302058345,0.28248840834618816,-0.005606615606087392,0.08988322597946388,0.4092327309111932,0.714276168713161,0.5433812678528274,0.6815905715576283,0.4563910041983347,0.3351292947750805,0.65640055636271,0.4833427574938423,0.6715464405415573,0.608522363423228,1.0,0.5624666665199878,0.563014226992194,0.6230545637662661,0.6964528628841833,0.6814394555540632,0.6809073852872894,0.5508387302423028,0.20180438944177734,0.35636870415484984,0.39680029494026514,0.6460097094548318,0.5260762696749678,0.26317658772680047,0.6833551612822693,0.2388698168851634,0.8697387383206616,0.4350440129325523,0.46839147228581796,0.7267886803772935,0.8346434417211032,0.72754046108945,0.43597742092122815,0.005696736222006166,0.538351749121825,0.14732100386222882,0.5016792438658769,0.6292832471956769,0.6369029713124724,0.27242834153529216,0.6164743833262902,0.755940457742877,0.3330358398532841,0.5736357028615694,0.564652267972106,0.7517903600249439,0.34718991944704886,0.08621181945157551,-0.13756695800333288,0.4952276416630453,0.10433334197578527,0.03638201501180574,0.5566302138051494,0.2661184631548031,0.6399198185035865
