,Precentral_L,Frontal_Sup_2_L,Frontal_Mid_2_L,Frontal_Inf_Oper_L,Frontal_Inf_Tri_L,Frontal_Inf_Orb_2_L,Rolandic_Oper_L,Supp_Motor_Area_L,Olfactory_L,Frontal_Sup_Medial_L,Frontal_Med_Orb_L,Rectus_L,OFCmed_L,OFCant_L,OFCpost_L,OFClat_L,Insula_L,Cingulate_Mid_L,Cingulate_Post_L,Hippocampus_L,ParaHippocampal_L,Amygdala_L,Calcarine_L,Cuneus_L,Lingual_L,Occipital_Mid_L,Fusiform_L,Postcentral_L,Parietal_Sup_L,Parietal_Inf_L,SupraMarginal_L,Angular_L,Precuneus_L,Paracentral_Lobule_L,Caudate_L,Putamen_L,Pallidum_L,Heschl_L,Temporal_Sup_L,Temporal_Pole_Sup_L,Temporal_Mid_L,Temporal_Pole_Mid_L,Temporal_Inf_L,Cerebellum_Crus1_L,Cerebellum_Crus2_L,Cerebellum_3_L,Cerebellum_4_5_L,Cerebellum_6_L,Cerebellum_8_L,Cerebellum_9_L,Thal_LP_L,Thal_VA_L,Thal_VL_L,Thal_VPL_L,Thal_IL_L,Thal_MDm_L,Thal_MDl_L,Thal_LGN_L,Thal_MGN_L,Thal_PuI_L,Thal_PuM_L,Thal_PuA_L,Thal_PuL_L,ACC_sub_L,ACC_pre_L,ACC_sup_L,N_Acc_L,VTA_L,SN_pc_L,SN_pr_L,Red_N_L
Precentral_L,1.0,0.28511474962032696,0.5028579672212432,0.752412620198489,0.5336654051914229,0.4452816127217739,0.7295850870773947,0.40952219177955607,0.4043216487478313,-0.227936414983059,-0.1317823600377653,-0.19177715588755875,0.15508274209726844,0.36965492973280845,0.3469774004481974,0.2840806602942926,0.2509808838117628,0.3308529009985714,0.7199462454536614,0.6037799857084216,0.381538631339046,0.5183212804244591,0.28778476198593045,0.23835428140525494,0.5387847079269933,0.14125959198696486,0.49161746732382583,0.7531900486411123,0.36085576835342115,0.48493386615102807,0.4300701381720156,-0.09770134967164898,0.3158031067671458,0.7395218373851127,-0.0684127229165832,0.3950283549908412,0.32690804674622614,0.6379790969701644,0.36598683040724017,-0.2199602326233066,0.061058149192191234,0.06754890063809972,0.27301182179580863,0.058690242144981565,0.07688084902313767,0.553889911349955,0.46802297040861307,0.13805890378231375,0.14380677139807185,-0.14179772452579562,0.5071392364494572,0.36787711895061204,0.5081056465633362,0.6503922125032556,0.4493879860741386,0.4131376500989195,0.4438587643056195,0.517372875574354,0.5807470670492408,0.5585554513373974,0.5789224285976196,0.465458513053563,0.31351493110813794,-0.40389005967035596,0.13792823494870757,-0.01304007076288313,0.2174360733978955,0.05018339864109205,0.11914769285550814,0.277853521105663,0.21324145882824425
Frontal_Sup_2_L,0.28511474962032696,1.0,0.8113983078486975,0.2719100895532772,0.33763366300498876,0.3724969739262723,0.29116332482121526,0.7162255226597372,0.290460770051505,0.5408866827200872,-0.030049545166976742,-0.17815203265853166,-0.20904465247549775,0.3613274323184749,0.4511859403964762,0.24862211151410224,0.309558536205665,0.7702137184189025,0.370911418567629,0.2739035118647564,0.2367459602486531,0.06049132261782024,0.27441510057846435,0.2114004027878486,0.332141347984697,0.0749106217805087,0.5515130824486819,0.18505980641133332,0.22745536547963613,0.22959787280851812,0.09628290777525186,-0.07032547935500491,0.3138727401319494,0.4721913243710766,0.43982200967089025,0.5575414283548771,0.42481105297986294,0.3177121691007804,0.503611119367141,-0.04143137763813709,0.47980841442693745,0.3038289863120587,0.393949433942697,0.19251456123474828,-0.23730395987921846,0.013862270865962029,0.4212271284817309,0.2707370783770327,0.10344506705955402,-0.09263206314861831,0.5349078537782092,0.3089218472655923,0.49521295154042894,0.42300962338514203,0.18059020240668702,0.3017461971213112,0.3897105899106248,0.34384419684109063,0.4421237070876265,0.500841377650163,0.2783117496770998,0.3237004242378965,0.11155678712938284,0.2052377335613008,0.036196232530084166,0.6351037329926132,0.12268242787415694,0.04910976576007468,0.08036132840396742,0.3529211247994219,0.21733483721089944
Frontal_Mid_2_L,0.5028579672212432,0.8113983078486975,1.0,0.6095770815587269,0.650794573691161,0.40657899693374006,0.5429624802742735,0.6220272895858916,0.33538784892836626,0.17909557996565006,-0.01890599013417778,-0.1615810291560084,-0.0651718617584461,0.4827852327445978,0.4329500606665812,0.29789119729637686,0.3910645288267676,0.6404617194177551,0.5047395412347822,0.40793939136352114,0.3010176261397136,0.19886222708933662,0.2525078633843619,0.1643861741059645,0.38192843586212855,0.01933450381328598,0.5252572204344684,0.28942815159767094,0.21429868897982393,0.21743515049893183,0.17897181677561114,-0.0957301046173221,0.2352197150528222,0.4715666781898259,0.2995359129286041,0.6051065863638954,0.482349176283318,0.50699661289318,0.5054911377675476,-0.09440805456927326,0.33223560241836564,0.19967253807880692,0.3137243368875319,0.10156989739312389,-0.13924290011872523,0.22336867515759726,0.43548906004419347,0.2529773606557271,0.0793234568182508,-0.14120184325011328,0.6723976962160965,0.309588073757541,0.5762901308479712,0.6003970549418473,0.2259069745962843,0.3100629110325693,0.3907720261166322,0.41959067085488727,0.5588013873577276,0.5372774596652621,0.4303754379482826,0.4584499701824495,0.33506911215510143,0.049800211668560954,0.08506795411370502,0.32196454210468944,0.13267699902377286,0.0066412761443340055,0.16215821986247364,0.3706228652936952,0.1863620023634072
Frontal_Inf_Oper_L,0.752412620198489,0.2719100895532772,0.6095770815587269,1.0,0.8371262618104145,0.34423636278235437,0.7781948568969249,0.3598896519422733,0.2136774547327677,-0.30463475503395787,0.13504937924104873,-0.03361204699878835,0.1751402515157617,0.3691767491749734,0.31796670826404105,0.25920248369812166,0.4078935802693316,0.21905794940283044,0.6846343239922063,0.6099652083963567,0.3664033812457725,0.3083204977016422,0.20707376974515634,0.06887693677991952,0.45893086159569596,-0.02818104822297699,0.44778980279275876,0.5073097132621021,0.2453394617990051,0.2696709149505271,0.2905795644025055,-0.14654796960198943,0.13944623315492718,0.4808246070192015,-0.02036163341216886,0.37031408009052974,0.2733339460581766,0.6324065026302106,0.5009897765199092,-0.0842026114860569,0.1587687204194526,-0.013788138488264459,0.23476679991617483,0.030720422462911998,0.11782733905427158,0.5094077400487221,0.40278411396986796,0.12003976524413795,0.07697531710171797,-0.15421920004951675,0.6576028942308108,0.21231806531275438,0.483565944624649,0.6883865803079083,0.26424743265203526,0.26961113931737635,0.31069382893029324,0.4940208383392571,0.5773439843615765,0.5005181573406592,0.583419599420332,0.5455167035068684,0.5738284358251571,-0.3709421440168042,0.2646585973911311,-0.22641154217066786,0.1173585431646033,-0.06286814186963048,0.09065472084983886,0.21939672214885259,0.18440098472535185
Frontal_Inf_Tri_L,0.5336654051914229,0.33763366300498876,0.650794573691161,0.8371262618104145,1.0,0.45361893105002316,0.5984975147975614,0.2494155029652655,0.05867919692691391,-0.22585452227217076,0.18824437538304734,-0.1214578504342151,0.10674231348431973,0.41048062462437823,0.4620640833088936,0.33108972335564524,0.26744738012548314,0.21856948625242156,0.5134686956591945,0.40564170731841553,0.1245827739211284,0.1975009696197364,0.3426321703536235,0.1838166760671062,0.4664485879829151,0.10515914768422148,0.4169554779409828,0.42593758917433705,0.32642685308378133,0.3101864274506878,0.3604675624669122,-0.02262265610653917,0.23363200800627795,0.3208846893755942,-0.11560657551801577,0.26470033541466365,0.12583151152378858,0.4734037263547974,0.46929443325901204,-0.21087786103079728,0.14896389638303692,-0.1388386357736686,0.13523093180049575,0.026521971498349322,0.1024848827106812,0.5539801215419179,0.4316087748602114,0.2702169133902693,0.08357398705283657,-0.22919449861958588,0.555878950500073,-0.03703514835858493,0.31973959696853577,0.5190812808122964,0.0009182256143330363,-0.00850870686592275,0.04438490194458924,0.2257506988251871,0.45801921912611465,0.3374321689527896,0.3668350429962479,0.3777629270898351,0.5077341798749959,-0.17429722871068198,0.33805269194265614,-0.27771456406005957,-0.14629101478747827,-0.15959604309226896,-0.04114749888936917,0.07329275844024245,-0.02593171346204206
Frontal_Inf_Orb_2_L,0.4452816127217739,0.3724969739262723,0.40657899693374006,0.34423636278235437,0.45361893105002316,1.0,0.21032971374144296,0.18311859589681048,0.09369425996680988,-0.040832649944983104,-0.45369714758543694,-0.5678033274810589,-0.12015621853056029,0.5498845458976648,0.7773488515268202,0.7794808412305968,-0.2066106745594414,0.29305480470178685,0.30476558893757827,0.04441241829393223,-0.1906439511316529,0.22128265852254952,0.8164677418064965,0.7341580598486077,0.828064696860183,0.5539942371760576,0.6246845966837733,0.6901520047135551,0.682903609207747,0.7890090329781705,0.8063790415602329,0.08805331107760746,0.7081906552694918,0.5246581885194115,-0.2440058767612264,0.15389285218075213,0.029102307010315936,0.0815234906260913,0.38826276755426287,-0.7080349687616798,0.23421471997954296,-0.027227545827593673,0.2916126177261662,0.29026367911182827,-0.1926430830197474,0.7088176379658526,0.8279668473056243,0.6562675951387653,0.25729313465308756,-0.31640191897472125,0.27447948485803675,-0.0067231765935461315,0.0910201642376229,0.15581041452331526,0.030590621400218038,-0.06085500978417649,0.1520757128709331,0.010467668154018056,0.4452546592196962,0.39543876460983185,-0.029197002549518954,-0.1448789066875504,-0.2658094051107122,-0.025260729313172338,-0.12739562991380513,0.24115532630146963,-0.19066430315679306,-0.37836339758182064,-0.1084982974942478,0.3631711513173426,-0.2170581464475204
Rolandic_Oper_L,0.7295850870773947,0.29116332482121526,0.5429624802742735,0.7781948568969249,0.5984975147975614,0.21032971374144296,1.0,0.381657874346585,0.36719385412882943,-0.20292204801939587,0.24143908963149532,0.09731038192734082,0.30609384467118256,0.23444074463988504,0.28223283638912416,0.05600859208234987,0.6352767999265132,0.3078915846680191,0.7063641922870344,0.7151736365658116,0.5679571680832416,0.3824330406282249,-0.026586633368985934,-0.14544378110529219,0.27143994266333954,-0.2206038101356868,0.4826316190331205,0.3581486135236944,0.05161462598374098,0.07746719751218967,0.09513754552670334,-0.2886770983217373,-0.07235916742630227,0.4748218578177182,0.1561571789025656,0.42683693500100717,0.28262080776922766,0.8487662245739863,0.5505228935393041,0.1782189638655905,0.2942476849991828,0.21700229936755008,0.4518717690280485,0.036803679872234665,0.2364160794857106,0.2807705435105199,0.2577349780408623,-0.08578960633084434,0.1618696857212251,-0.12553622201075246,0.6413426842893681,0.30016254224009986,0.5116653545540203,0.6847358800219874,0.41288203009517765,0.40258534175029836,0.4170393907062952,0.6274444426965936,0.5744991153152235,0.47115207631985606,0.664337385118581,0.5908519072767275,0.5884505406674563,-0.34479835656241303,0.2997237464671896,-0.027191087735343254,0.2928312052880971,0.0793923963097077,0.17078291122275605,0.2849818840871075,0.37463158177119404
Supp_Motor_Area_L,0.40952219177955607,0.7162255226597372,0.6220272895858916,0.3598896519422733,0.2494155029652655,0.18311859589681048,0.381657874346585,1.0,0.5101210313644716,0.15915448079085004,-0.1555827786904328,-0.2628187065261247,-0.1435904853587933,0.3584336860114761,0.2659579727144033,-0.013593363710025985,0.30159419255548975,0.7278219176537696,0.4401740293977955,0.43189061723656175,0.33005365311697626,0.3823538080378123,0.010716263098675925,-0.09813629851592756,0.21065662279553035,-0.14061625708131434,0.37130296896354875,0.11760369761815288,0.0799437238547121,0.06964282418136201,-0.10267787558730408,-0.0978186808218519,0.024569950101113982,0.5794517009256135,0.41241014304608636,0.6867022408722627,0.5802304444228844,0.3560593210868104,0.32061090111285784,0.027369874415622636,0.30362461804732427,0.419757627446371,0.3171621514000807,-0.011428238968436047,-0.2323731127448496,-0.08830749680916293,0.16981966278688693,-0.1077759575827703,-0.10908749505086521,-0.20798608938020324,0.6652085097292255,0.6017384357759785,0.7613350466320713,0.5930200821756981,0.3933659947048281,0.6163371393331997,0.6204692147512547,0.48015985496472974,0.36287745381758607,0.4545663019874351,0.5005407992003379,0.5517446166099222,0.25816132172848,-0.15044381954389682,-0.12380323460222314,0.43561480335387615,0.4211491007874152,0.22270326325712622,0.13937874380269522,0.3221937597839117,0.4474523711034153
Olfactory_L,0.4043216487478313,0.290460770051505,0.33538784892836626,0.2136774547327677,0.05867919692691391,0.09369425996680988,0.36719385412882943,0.5101210313644716,1.0,-0.06035302896317615,-0.30549148831126394,-0.20100887960095243,-0.03237794508906621,0.2570122079511821,0.18801926695055365,-0.1402327155579641,0.2426063773805405,0.38400842673789903,0.3001779072902253,0.4676917332688473,0.3781976187431173,0.6477701493068763,-0.09594390435109369,-0.1821615130757697,0.09381227466221732,-0.1643164694751773,0.2161238429151543,0.15295531027300752,-0.051661249604464304,0.03943252258312531,-0.09362500084839705,-0.053776130544817294,-0.08939526838519371,0.3996127886616417,0.3407946441550507,0.6567482210960883,0.5308967522610307,0.3719033055994746,0.08294493502564299,0.09674304617426953,0.0399302799619242,0.26168324791692965,0.14276321041402887,-0.11454290492046688,-0.13477750363491575,0.016846050012277645,0.03209576543195429,-0.2627256122209602,-0.16621163875514658,-0.11452006207341076,0.3869423648099532,0.5853201363366308,0.5498767883044643,0.3893759105710188,0.46756063845734624,0.5710458748011644,0.534757024696662,0.42469141649316317,0.27806468585276556,0.2702608035020508,0.3585532326560961,0.35720653250822937,0.14469902356577477,-0.11024635861431868,-0.10011207281454933,0.342198938426648,0.6698347357003898,0.2536755874375238,0.2250640969771904,0.2719021298780029,0.42302645653911103
Frontal_Sup_Medial_L,-0.227936414983059,0.5408866827200872,0.17909557996565006,-0.30463475503395787,-0.22585452227217076,-0.040832649944983104,-0.20292204801939587,0.15915448079085004,-0.06035302896317615,1.0,0.09010788618861484,0.11713127913739392,-0.21537221669555376,-0.2927486618171515,0.030704345119554936,-0.014117780910077184,0.12281479013177574,0.35437734234432716,-0.04358461177830786,-0.10881317156074351,0.08445994427582601,-0.38266186511311284,0.021613086890238588,0.10739179088256898,-0.10153118149371287,0.1080489997424821,0.14039386689035577,-0.09811750111773938,0.06121712095123416,0.03797171602874477,-0.10619117456598018,-0.05570532008826579,0.1850196594829517,0.06362426428146696,0.27905386772323376,0.044693842848631864,0.0791549145588971,-0.08249210333416954,0.09067853491768371,0.21765380892262517,0.3189598224399318,0.16510294031153677,0.2749561865525683,0.300470979877393,-0.03247147065785504,-0.3592472425288713,-0.010942525110225247,0.184009887929187,0.2610367543032676,0.3052645137176222,-0.0516368008281227,0.0646058403397782,-0.00576810834621675,-0.03585236011320188,0.003698634195226379,0.018274653997519343,0.04092549417718165,0.055952097530850974,-0.011978769416069603,0.1346580407369093,-0.0845023703208157,-0.02348823669376384,-0.17105637894522707,0.3470994524188396,0.10685388693829179,0.5851907658033549,-0.0444528689170585,0.11034151420848991,0.0229953240849739,0.02358870569193623,0.07069951993480993
Frontal_Med_Orb_L,-0.1317823600377653,-0.030049545166976742,-0.01890599013417778,0.13504937924104873,0.18824437538304734,-0.45369714758543694,0.24143908963149532,-0.1555827786904328,-0.30549148831126394,0.09010788618861484,1.0,0.703126482056831,0.3735392069529381,-0.34941904600855617,-0.29316736040374153,-0.35542561243379667,0.5580515515051344,-0.10524436842169368,0.11941877939067176,0.29292708373342763,0.34771658818369816,-0.27591418565825837,-0.39205144368973727,-0.41571714143080724,-0.414858720416155,-0.3376715943373045,-0.1129957100965031,-0.31144658975696593,-0.38657120292556063,-0.44793625898586786,-0.4142775535956318,-0.16077258371362024,-0.3586122254878052,-0.2815660105286343,0.2148371598437465,-0.17935478114204517,-0.180382601293806,0.35588136461618847,0.19452468537523823,0.5661592455117324,0.12922664786044738,-0.0841964684138205,0.07157795961590933,-0.032958864973669684,0.3890163508188769,-0.28452403137609256,-0.30699698825078786,-0.21396382234881045,0.1879875248845814,0.3052206116360763,0.026991962568772114,-0.16513516971744624,-0.04802931150299384,0.1265683615644355,-0.020090230528375774,-0.02597356676681,-0.1742349785614299,0.20950790141595513,0.04630924382556348,0.017715120794301386,0.3121072785234571,0.3243661483219664,0.5143370132918195,0.016590619920414117,0.6004671826034071,-0.1845682165974644,-0.08269727837814561,0.20926812613317358,0.08797673104801211,-0.20105640111217368,0.18523904600328647
Rectus_L,-0.19177715588755875,-0.17815203265853166,-0.1615810291560084,-0.03361204699878835,-0.1214578504342151,-0.5678033274810589,0.09731038192734082,-0.2628187065261247,-0.20100887960095243,0.11713127913739392,0.703126482056831,1.0,0.2775571123168147,-0.5567651928173336,-0.5262754524406886,-0.3308289468958389,0.5228412483426793,-0.27577034702671493,0.0021204428856421327,0.20251218203494364,0.4251309627746907,-0.456013051814401,-0.4230867369320031,-0.32155689721273595,-0.4849307853844788,-0.2863041363484109,-0.11213987041947819,-0.24518962303820602,-0.3687657259470411,-0.3657039958066647,-0.33559890007107523,-0.09557981567626844,-0.3119238103093796,-0.2738266756472753,0.20849485010124108,-0.10425559247338739,0.03565831889864696,0.23375019075966835,0.11330317591773106,0.6564421946640598,0.14988263101175597,-0.07799448819819838,0.1629270576675932,0.1838922629439832,0.4485187162993246,-0.3840482286766171,-0.3474033293052978,-0.10517334980707777,0.33403919598052884,0.5227980874364829,-0.1651399930310819,0.019658309550248294,-0.06655736388844258,0.0677739328716583,0.22123259457803698,0.11006826552792967,-0.016762150176564496,0.2509149998989769,0.022737296210453582,0.02915021799322769,0.2170560985828364,0.2194844393019377,0.26627210294547016,0.08209686493500055,0.39706257927823135,-0.1777489453361522,0.08624563014539334,0.2854444372466137,0.28266806743780254,-0.14203902102259625,0.20215000927934962
OFCmed_L,0.15508274209726844,-0.20904465247549775,-0.0651718617584461,0.1751402515157617,0.10674231348431973,-0.12015621853056029,0.30609384467118256,-0.1435904853587933,-0.03237794508906621,-0.21537221669555376,0.3735392069529381,0.2775571123168147,1.0,-0.047631099654093186,0.016750232640781557,-0.15295585347905744,0.35251249003830465,-0.24653549257938653,0.2389986466548163,0.2722171915531305,0.2874819809817873,0.0770771045818026,-0.24845613606216146,-0.2400217183296575,-0.19132372571420644,-0.19240871905877502,-0.2014414891728638,-0.05469282478090788,-0.2708595375758912,-0.21379908262815042,-0.07983568327029275,-0.13047166438810412,-0.3263700395583275,-0.1817779980049432,-0.35754681779808106,-0.2534412498765914,-0.2905331880701296,0.23542539340160787,-0.2714895714786505,0.2831794318813431,-0.366902675626352,-0.08608959643079521,0.0062744942344708605,-0.3796325253058087,0.27407840641210646,0.07474543678546068,-0.16655746269979255,-0.30650815855564373,0.09611007231896493,0.12535400674433533,-0.011434120161896665,-0.036307547187891163,-0.102336404856926,0.09350416400307475,0.08033922007140652,-0.019355500643796243,-0.04894313837395905,0.2709706597231587,0.16459346916065415,0.08446402069119255,0.264879304695559,0.10505746696789615,0.3682578976056324,-0.362553624844723,0.15454066962596133,-0.2192770477278694,0.22987600596665925,-0.05157788179848695,0.02966051953948774,0.10925275450467098,0.3261398935041725
OFCant_L,0.36965492973280845,0.3613274323184749,0.4827852327445978,0.3691767491749734,0.41048062462437823,0.5498845458976648,0.23444074463988504,0.3584336860114761,0.2570122079511821,-0.2927486618171515,-0.34941904600855617,-0.5567651928173336,-0.047631099654093186,1.0,0.5406300377718045,0.39120476212319893,-0.1490555590214747,0.3840031990347194,0.20338120084242975,0.06503723131020582,-0.2118376250153938,0.43545825993177434,0.395888587088079,0.22020752080190412,0.5045785103077934,0.10534107334901073,0.23525894369801423,0.27264067026720623,0.24303038778578898,0.2645064360714775,0.26520230963584607,0.04858833157412327,0.23525904579152687,0.32964998760582914,0.048465065314851834,0.37762762089153756,0.1910798725333286,0.12990532239419758,0.19691158237186712,-0.5715259934284261,-0.06878099120806315,-0.01992194639578022,-0.1931879870361743,-0.2658488045248811,-0.5234533984693851,0.4452119759052799,0.509548917771236,0.17794440053457108,-0.4163088153252047,-0.5579496030718168,0.40091030830764246,0.07023036901400477,0.2851663309859114,0.1573957058847578,-0.12211398598834666,0.03831611331614027,0.13904247215532708,0.0046325551616796905,0.23656319197984005,0.17140570316135617,0.013746266536644857,0.014208385479617447,0.01905093378201665,-0.0752896209712979,-0.2734814739328814,0.14784237583886878,0.010600411827667881,-0.2986014952990289,-0.1200940040853764,0.3027190441196161,-0.06234503560809895
OFCpost_L,0.3469774004481974,0.4511859403964762,0.4329500606665812,0.31796670826404105,0.4620640833088936,0.7773488515268202,0.28223283638912416,0.2659579727144033,0.18801926695055365,0.030704345119554936,-0.29316736040374153,-0.5262754524406886,0.016750232640781557,0.5406300377718045,1.0,0.5221398893698547,0.007396882363911589,0.2919916960563418,0.25941251028245554,0.102493582674086,-0.09929416788197495,0.2308063969298446,0.5551897971358073,0.4117762115681054,0.5977313458791025,0.3019041816546808,0.5380560820628368,0.4039234749453539,0.40196552421970494,0.47593555961807554,0.47312984664480445,0.039239867236907845,0.3924073716505965,0.34577534284801636,-0.07722158877543173,0.22033702332917163,0.010956969707456077,0.13615659235227914,0.32887909426910855,-0.45681519906414664,0.2297463164991732,-0.024085342220244024,0.23419099513880368,0.08505694196101983,-0.20451154710391262,0.5160798003196486,0.6514847140056957,0.35937542841112874,0.05822972413469807,-0.3483761839108516,0.3399633241683916,0.09864170673898079,0.1962066784316155,0.17006789431947747,-0.047071150143443916,0.030288098693422656,0.17098818576397717,0.08074728558719861,0.38285249840421365,0.29173003113555035,0.05005441246378674,-0.04351059502568776,-0.02071752536352155,-0.056593715500660426,-0.06310840563018427,0.3174487683554191,0.012562692277867542,-0.37554572947594944,-0.20907394244254612,0.2814980389760054,-0.04304691991067669
OFClat_L,0.2840806602942926,0.24862211151410224,0.29789119729637686,0.25920248369812166,0.33108972335564524,0.7794808412305968,0.05600859208234987,-0.013593363710025985,-0.1402327155579641,-0.014117780910077184,-0.35542561243379667,-0.3308289468958389,-0.15295585347905744,0.39120476212319893,0.5221398893698547,1.0,-0.20945199877603657,0.12520509976790026,0.21229781471109868,-0.013777023157014998,-0.12646579099837127,-0.07001998141766973,0.7176546604554457,0.7283880458369207,0.6527534269478712,0.5936773428281434,0.5151425825230731,0.6277536650428759,0.6084470242689042,0.7189824928136395,0.7613566954822405,0.0927949507962921,0.6890104870949302,0.3636715701010258,-0.2742533250131623,-0.024558231938400794,-0.03326709649900975,-0.019485808665248027,0.34791689865957187,-0.5713005991102801,0.22669456937775323,-0.08248188274176145,0.2617531228888107,0.34969792404828876,-0.12249451145790738,0.553257145574101,0.700535095626918,0.7296068169876883,0.359933719255372,-0.09339999342725122,0.08705058363893176,-0.1304944722797274,-0.05339053579174118,0.05911033076619674,0.01853754382208958,-0.15313996072331815,0.041433626862719404,-0.03299148831088419,0.3935256426739314,0.39068871174604,-0.07558380451340592,-0.19586743126817804,-0.2809868409740278,0.10603504449869948,-0.10225903226506546,0.10414976876655131,-0.30004780242898327,-0.34920580219712083,0.022269875985119012,0.3271907130635847,-0.32528990276781006
Insula_L,0.2509808838117628,0.309558536205665,0.3910645288267676,0.4078935802693316,0.26744738012548314,-0.2066106745594414,0.6352767999265132,0.30159419255548975,0.2426063773805405,0.12281479013177574,0.5580515515051344,0.5228412483426793,0.35251249003830465,-0.1490555590214747,0.007396882363911589,-0.20945199877603657,1.0,0.18070086486503356,0.36337493073896404,0.641925715439786,0.7371603549984602,-0.014963251756062654,-0.4149528117398793,-0.4411642361854494,-0.2522266031143866,-0.443406576310426,0.24989859631331174,-0.1327293072373357,-0.35085474113667786,-0.3509830433770285,-0.3422287284372483,-0.25455589170640563,-0.40455384033996167,0.08062262778053059,0.4537845892950531,0.4798532849810959,0.37964877413467457,0.6425601387523712,0.42940387094233806,0.6580631144986204,0.4275813045997377,0.21028203788561994,0.5052248491936516,0.045508432846910814,0.34470354519158175,-0.28973390568252483,-0.135197159499066,-0.29416629219936885,0.2523205801125391,0.2772287593609523,0.39883291767337486,0.4457235828472785,0.5036567832907696,0.5356117737598828,0.5368375934671223,0.5589236283424615,0.46283529739229434,0.7159121275977491,0.5162442537139855,0.40376617364286665,0.6621455306182055,0.5827894028832379,0.6179988454373335,-0.22121611127717714,0.30557452154652465,0.2155951370302182,0.5221349340803569,0.2649984560247555,0.3530422298129555,0.22082189108880632,0.6702788969036333
Cingulate_Mid_L,0.3308529009985714,0.7702137184189025,0.6404617194177551,0.21905794940283044,0.21856948625242156,0.29305480470178685,0.3078915846680191,0.7278219176537696,0.38400842673789903,0.35437734234432716,-0.10524436842169368,-0.27577034702671493,-0.24653549257938653,0.3840031990347194,0.2919916960563418,0.12520509976790026,0.18070086486503356,1.0,0.4414856875663892,0.33104547460135086,0.24377881805166954,0.25866149212574846,0.20074579181969615,0.07135015161541783,0.32201494866382446,-0.02451120635885388,0.46413012505463164,0.17665322219038979,0.2036907642887859,0.17997733605582422,-0.0051546134965842405,-0.11937993677653269,0.21481739421841023,0.5620296578915743,0.5022691704134448,0.5659695129148031,0.48074431763838804,0.31829834291783443,0.4512938733543331,-0.08552144525522931,0.40483480527624605,0.35138257699799563,0.3092543546629009,0.06537339734349663,-0.2614243157400597,-0.035651319659693065,0.31848842642765557,0.09289389719258234,-0.07528650729212699,-0.22089022055586252,0.5978056960131222,0.3015428566746646,0.5236619205601266,0.4570375272103997,0.20391247388649228,0.3910463058288852,0.4020444047887153,0.3106023504240098,0.33646500308405947,0.4179934109014752,0.33695361064117585,0.4168322255201563,0.16564746982892506,0.17078264338980698,0.010935019915594965,0.6013853493329252,0.11287653975335962,0.10435048671545191,0.14022704639923417,0.3039214949899146,0.18919407806048907
Cingulate_Post_L,0.7199462454536614,0.370911418567629,0.5047395412347822,0.6846343239922063,0.5134686956591945,0.30476558893757827,0.7063641922870344,0.4401740293977955,0.3001779072902253,-0.04358461177830786,0.11941877939067176,0.0021204428856421327,0.2389986466548163,0.20338120084242975,0.25941251028245554,0.21229781471109868,0.36337493073896404,0.4414856875663892,1.0,0.7105501501147924,0.56650877428234,0.3308254718163255,0.21890110626301318,0.16785964004478035,0.47273631762121593,0.027293932252583177,0.5863382580084788,0.5410473405837319,0.293955015916801,0.33290101769307334,0.2574013131840803,-0.22102813467840954,0.3127012700388981,0.7033625845811398,0.028225196915146772,0.3200077720748907,0.2903855333077226,0.6495627263249046,0.4667950093062988,0.016112066445419675,0.19410565871293334,0.2275023478150767,0.42274773505269814,0.12140575152947994,0.16912148245120381,0.3978951296126667,0.39933691839970276,0.1362169216077894,0.2583574152570847,0.004782166342640741,0.6535720278107973,0.274691979891033,0.48150162248218564,0.7916324117874018,0.42302776901436734,0.36188070099445774,0.4065552193836451,0.6396447917457615,0.6309550064844243,0.7338519702586767,0.7101082621840282,0.663195621262132,0.5037093940816528,-0.23739632989412118,0.30931495891197497,0.02178655978748654,0.15722842102141799,0.16890814102537896,0.226687001891392,0.322643780980097,0.22775272241462485
Hippocampus_L,0.6037799857084216,0.2739035118647564,0.40793939136352114,0.6099652083963567,0.40564170731841553,0.04441241829393223,0.7151736365658116,0.43189061723656175,0.4676917332688473,-0.10881317156074351,0.29292708373342763,0.20251218203494364,0.2722171915531305,0.06503723131020582,0.102493582674086,-0.013777023157014998,0.641925715439786,0.33104547460135086,0.7105501501147924,1.0,0.8094227065236719,0.4541091710798524,-0.08975705639890248,-0.1553950910376138,0.1734810183193848,-0.2052287741834565,0.4833186177983355,0.3341877353645676,-0.0248572115444722,0.05967686321703472,-0.02810833611257644,-0.18460228072050264,-0.023497585421837334,0.5050237281637493,0.2183517251951422,0.44807515855792407,0.3779554916721921,0.7346332126625001,0.4541906453619384,0.33160904575780464,0.26418048787142046,0.3342186896323785,0.46642574542401555,0.07213203204047484,0.2562400544169618,0.10301244520453022,0.11853182670144406,-0.1509705474012096,0.2529903853122,0.19056531249708691,0.5168347667081279,0.4358335040012235,0.5702735022724217,0.6826018030749307,0.5920777921507845,0.5616375134373967,0.4372939967484445,0.7905776934342239,0.6143861228898465,0.6315222885237748,0.8096497320646246,0.6666483071512306,0.5798737970468426,-0.312655112319956,0.32289088178579706,0.0517650736188723,0.41250566800099714,0.33453922523640217,0.4026561704555001,0.2615440824976007,0.5377173651560412
ParaHippocampal_L,0.381538631339046,0.2367459602486531,0.3010176261397136,0.3664033812457725,0.1245827739211284,-0.1906439511316529,0.5679571680832416,0.33005365311697626,0.3781976187431173,0.08445994427582601,0.34771658818369816,0.4251309627746907,0.2874819809817873,-0.2118376250153938,-0.09929416788197495,-0.12646579099837127,0.7371603549984602,0.24377881805166954,0.56650877428234,0.8094227065236719,1.0,0.1911102246669564,-0.31101468746728445,-0.266023387649682,-0.09930487011844473,-0.29386456724522647,0.3913501381859938,0.11111131515597066,-0.16599137204810163,-0.13752256958701783,-0.19117250383243878,-0.20732280785738694,-0.1582173979516785,0.36528957975723403,0.35958030216030307,0.37598225043072514,0.4048561249143432,0.609943173613559,0.40753460324886903,0.6189514378923285,0.3823312237174046,0.41063394604824327,0.573626692157219,0.11013445534366835,0.31486548005804615,-0.22494601326555036,-0.07745534368008067,-0.23587084265636962,0.33576171838341795,0.40782694218966914,0.3829168685247031,0.4596187152569188,0.4766429068540211,0.5956936420971467,0.6937825575464535,0.6047977817065668,0.49277042781174624,0.7595872346743515,0.5130976215787971,0.5659002784737003,0.7167588639397794,0.6225683015990104,0.5155906795101644,-0.12133872455541023,0.3190897854990702,0.1549168001867706,0.44719965114935994,0.4486817245514624,0.5297787920622616,0.3038368738278897,0.5661752618859968
Amygdala_L,0.5183212804244591,0.06049132261782024,0.19886222708933662,0.3083204977016422,0.1975009696197364,0.22128265852254952,0.3824330406282249,0.3823538080378123,0.6477701493068763,-0.38266186511311284,-0.27591418565825837,-0.456013051814401,0.0770771045818026,0.43545825993177434,0.2308063969298446,-0.07001998141766973,-0.014963251756062654,0.25866149212574846,0.3308254718163255,0.4541091710798524,0.1911102246669564,1.0,0.05868680915152564,-0.07932167537290943,0.2767738503469395,-0.06598504619980762,0.1758442620832384,0.2679930355551354,0.06101556254058018,0.11232237883764135,0.07952908114990904,-0.006645814109076251,-0.0042364186501476515,0.3850526537602494,0.018843372497370038,0.39567445722917166,0.2761276974729176,0.3066844701485097,0.014791994782080707,-0.18707833154434897,-0.166725475156534,0.17470135072915305,-0.033442511984053735,-0.2667568773693981,-0.1683350983899763,0.2865539632265365,0.1331971967560201,-0.23084972549379645,-0.27189974839706743,-0.35358118377810693,0.3351759053121184,0.3276136601147708,0.40803143340870285,0.31955952112094693,0.2745162032397064,0.3481326241444028,0.3440313274804247,0.2488347140000739,0.18673039794479188,0.13420159807302418,0.3033045780795194,0.26017111896998496,0.17298926532177478,-0.3333278205099088,-0.11447512757712285,0.023881413953344668,0.3678023719595372,0.14323947441928056,0.08613086436895549,0.1954502332570932,0.24241921404145322
Calcarine_L,0.28778476198593045,0.27441510057846435,0.2525078633843619,0.20707376974515634,0.3426321703536235,0.8164677418064965,-0.026586633368985934,0.010716263098675925,-0.09594390435109369,0.021613086890238588,-0.39205144368973727,-0.4230867369320031,-0.24845613606216146,0.395888587088079,0.5551897971358073,0.7176546604554457,-0.4149528117398793,0.20074579181969615,0.21890110626301318,-0.08975705639890248,-0.31101468746728445,0.05868680915152564,1.0,0.8615831056790261,0.8486791465280712,0.627206021828964,0.5839468138819542,0.6843630577644094,0.7603523188102059,0.8448758265583514,0.8485485944204649,0.1389310348709606,0.8617946800305817,0.4654986227601374,-0.2789148341387862,-0.04907779062880023,-0.08338971559559162,-0.10126865805550012,0.3417448724466732,-0.7655309217914216,0.17605404053879176,-0.09234117683414526,0.160533349322408,0.38215248201195556,-0.21288109724477422,0.7267789611751733,0.851977317892085,0.80689481951509,0.26260947734252577,-0.27276230725072,0.08991388869662957,-0.15282401653444694,-0.08587753622543759,0.0015862945598390874,-0.15269474998894972,-0.24857239013061072,-0.06370156826601507,-0.17104802122499022,0.26089662460672863,0.27179671441488507,-0.2070649299218636,-0.2534601475909045,-0.3751070902262411,0.1737448623766986,-0.08639026633458108,0.1179334083775905,-0.4231318485133688,-0.3859615289796145,-0.16322627760225222,0.1660525735296223,-0.4405033625405283
Cuneus_L,0.23835428140525494,0.2114004027878486,0.1643861741059645,0.06887693677991952,0.1838166760671062,0.7341580598486077,-0.14544378110529219,-0.09813629851592756,-0.1821615130757697,0.10739179088256898,-0.41571714143080724,-0.32155689721273595,-0.2400217183296575,0.22020752080190412,0.4117762115681054,0.7283880458369207,-0.4411642361854494,0.07135015161541783,0.16785964004478035,-0.1553950910376138,-0.266023387649682,-0.07932167537290943,0.8615831056790261,1.0,0.7239988159002733,0.7637508264659961,0.5200823950913297,0.7105850460972626,0.7454538144213941,0.8621312599604619,0.8839881881638689,0.25902980088367317,0.9278883047217255,0.4429827189080565,-0.3839835774233055,-0.12240910769562445,-0.07090520069001381,-0.14808983242217452,0.21455223651613492,-0.6948205621088749,0.10561806291493435,-0.07661368527154679,0.17960698923906873,0.47339336718569847,-0.12884087811994221,0.638639626471066,0.7384905409029568,0.8510290896418917,0.41549829683790523,-0.06027347530184574,-0.06816848742410488,-0.16290590837018937,-0.1514539810344213,-0.017634451228631547,-0.00960771269733032,-0.22916318801493085,-0.05754837691001113,-0.18578477819944147,0.2593945088626709,0.3165438125732557,-0.21047170112955413,-0.28313332256331003,-0.4811358865803539,0.17368232313512505,-0.10289948055923762,0.08534638133850429,-0.4231960439690582,-0.2580678216526266,-0.02075095305328983,0.2060554951834482,-0.4451488799514478
Lingual_L,0.5387847079269933,0.332141347984697,0.38192843586212855,0.45893086159569596,0.4664485879829151,0.828064696860183,0.27143994266333954,0.21065662279553035,0.09381227466221732,-0.10153118149371287,-0.414858720416155,-0.4849307853844788,-0.19132372571420644,0.5045785103077934,0.5977313458791025,0.6527534269478712,-0.2522266031143866,0.32201494866382446,0.47273631762121593,0.1734810183193848,-0.09930487011844473,0.2767738503469395,0.8486791465280712,0.7239988159002733,1.0,0.5118419358136462,0.7193904545806665,0.7640848771362285,0.7404724960711938,0.8072054069467824,0.798055053348538,0.08098986476426827,0.7613714479537057,0.6369602742280991,-0.21260492462352,0.1321012679663971,0.060842149973252546,0.1385143387360475,0.4660207556925316,-0.6758025564358441,0.21436855104295774,0.03542284921231872,0.26404122565472565,0.3073099068680136,-0.20678609291680808,0.7994379762525877,0.8786661256165521,0.6458676110778951,0.17412672678826535,-0.3745438975069919,0.3609035167613506,-0.005086038361365188,0.11649533090909038,0.24146692720035381,0.0029971165139748607,-0.07630511536673666,0.12895744892637437,0.07775835970131367,0.41061799356548956,0.4000383115376734,0.03308794854896377,-0.04897347462432693,-0.13848151147066312,-0.020048547299849423,-0.028169022999907232,0.09885656070855509,-0.24447656770329168,-0.3464101004332734,-0.13226230539555067,0.26677253814479207,-0.2322315330600593
Occipital_Mid_L,0.14125959198696486,0.0749106217805087,0.01933450381328598,-0.02818104822297699,0.10515914768422148,0.5539942371760576,-0.2206038101356868,-0.14061625708131434,-0.1643164694751773,0.1080489997424821,-0.3376715943373045,-0.2863041363484109,-0.19240871905877502,0.10534107334901073,0.3019041816546808,0.5936773428281434,-0.443406576310426,-0.02451120635885388,0.027293932252583177,-0.2052287741834565,-0.29386456724522647,-0.06598504619980762,0.627206021828964,0.7637508264659961,0.5118419358136462,1.0,0.28732128333722445,0.5588883062753818,0.5498298856750491,0.7045465896690278,0.7021884704547428,0.3358419329210299,0.727221801359085,0.28575580414825835,-0.4195320618323367,-0.2017548865412553,-0.14604383601900503,-0.19537619793007932,0.031036527358945954,-0.5587557188449596,-0.028242866581568236,-0.1353970316207322,0.057839964065695484,0.3260994549440623,-0.03039622048575409,0.4836854919905067,0.4810754115101987,0.6413842386509507,0.35004322443844266,-0.0031214021781267812,-0.1636414052854813,-0.165477167848363,-0.21890079492005715,-0.13498439737034643,-0.06471058689425738,-0.2750256348958722,-0.1504431667917506,-0.2587397183639755,0.061326378160686756,0.13715466826131728,-0.252402024452015,-0.34037480531159225,-0.45370283073595286,0.12376959072463471,-0.037703808150001884,-0.01917707151015711,-0.34717335012504874,-0.24159959481401652,-0.07836417973357271,0.05298803807037068,-0.40577093626398486
Fusiform_L,0.49161746732382583,0.5515130824486819,0.5252572204344684,0.44778980279275876,0.4169554779409828,0.6246845966837733,0.4826316190331205,0.37130296896354875,0.2161238429151543,0.14039386689035577,-0.1129957100965031,-0.11213987041947819,-0.2014414891728638,0.23525894369801423,0.5380560820628368,0.5151425825230731,0.24989859631331174,0.46413012505463164,0.5863382580084788,0.4833186177983355,0.3913501381859938,0.1758442620832384,0.5839468138819542,0.5200823950913297,0.7193904545806665,0.28732128333722445,1.0,0.6002057983632479,0.5541294378698849,0.5801493310370996,0.5432227650543096,-0.07009145558034344,0.6085738396126348,0.6910736107266992,0.17916750730495035,0.38834965674213784,0.3341887197615744,0.3949553645149845,0.7668791239690832,-0.22123161410257158,0.6487913056648801,0.35746759901211195,0.6979105848056552,0.5205429109066186,-0.023291641595147756,0.44981160240857043,0.7542504753057752,0.5452991242196896,0.44467233582900834,-0.06277719872591918,0.4821691315376831,0.25376491762330033,0.36945256774632274,0.4740882430994656,0.3782276399278706,0.26681786382999695,0.3931929325866466,0.41150381341674125,0.6268325210006319,0.6236404944133067,0.3130337307822887,0.2486575232746786,0.04512954881045768,0.10780270679098106,0.11121850036920872,0.36465463654331315,-0.01096653516835694,-0.007627792260310371,0.20796730331999627,0.41744682276450396,0.10115033466798701
