,Precentral_R,Frontal_Sup_2_R,Frontal_Mid_2_R,Frontal_Inf_Oper_R,Frontal_Inf_Tri_R,Frontal_Inf_Orb_2_R,Rolandic_Oper_R,Supp_Motor_Area_R,Olfactory_R,Frontal_Sup_Medial_R,Frontal_Med_Orb_R,Rectus_R,OFCmed_R,OFCant_R,OFCpost_R,OFClat_R,Insula_R,Cingulate_Mid_R,Cingulate_Post_R,Hippocampus_R,ParaHippocampal_R,Amygdala_R,Calcarine_R,Lingual_R,Fusiform_R,Postcentral_R,Parietal_Sup_R,Parietal_Inf_R,SupraMarginal_R,Angular_R,Precuneus_R,Paracentral_Lobule_R,Caudate_R,Putamen_R,Pallidum_R,Heschl_R,Temporal_Sup_R,Temporal_Pole_Sup_R,Temporal_Mid_R,Temporal_Pole_Mid_R,Temporal_Inf_R,Cerebellum_Crus1_R,Cerebellum_Crus2_R,Cerebellum_3_R,Cerebellum_4_5_R,Cerebellum_6_R,Cerebellum_8_R,Cerebellum_9_R,Thal_AV_R,Thal_LP_R,Thal_VA_R,Thal_VL_R,Thal_VPL_R,Thal_IL_R,Thal_MDm_R,Thal_MDl_R,Thal_LGN_R,Thal_MGN_R,Thal_PuI_R,Thal_PuM_R,Thal_PuA_R,Thal_PuL_R,ACC_sub_R,ACC_pre_R,ACC_sup_R,N_Acc_R,SN_pc_R,SN_pr_R,Red_N_R
Precentral_R,1,0.5861840720106745,0.35546632798243755,-0.206422948,-0.274459238,-0.20724716,0.026093117491551143,0.3746331552869073,-0.182706201,0.010667258574512856,0.6411078488531559,0.077514614,0.21356353964900748,0.095305962,-0.252117754,-0.212728159,-0.443776092,0.4626051763618001,0.17565523881161987,-0.204328256,-0.06612492,-0.104133554,-0.034471056,-0.253930488,-0.650864541,0.9321951699806486,0.6914360102763302,0.803657216,0.7636014372916404,0.4863940525339763,0.5821658003119384,0.7225235081890918,-0.034160764,-0.15851779,0.46871948386964324,-0.07719946,-0.512048511,-0.688318878,-0.452580151,-0.150233532,-0.576025914,-0.353821106,-0.35883504,-0.13074649,-0.190402049,-0.619549718,-0.410134775,-0.107969223,-0.133562701,-0.117347093,-0.120370775,0.11860110626757205,0.3278173630584618,-0.032027476,0.19959129068160283,-0.208781522,-0.096573779,-0.331902127,0.2790813260168684,-0.12897176,0.1729205009842157,-0.216298779,-0.142396648,-0.151527404,-0.242122493,-0.269709905,0.057816314128780626,0.24910708525258496,-0.08380669
Frontal_Sup_2_R,0.5861840720106745,1,0.42149127275783327,0.30376980102824075,0.13765391219233272,0.2354691293289737,0.4203802330203762,0.7676040908071652,0.087150908,0.5661522265562451,0.34441463773283376,-0.084864715,0.05578464,0.18678441970337206,0.18452203068983006,0.11851966652892053,-0.094774641,0.3349435288688707,0.46054147581848515,0.31310521866554747,0.29246946451323286,0.082983176,-0.07340797,-0.246424677,-0.224890806,0.5143865938904562,0.3297180838026898,0.4545556553031897,0.41320229734881375,0.21985653874921204,0.4700786842454954,0.36889968655052313,0.2080860073894696,0.29414816387313547,0.4014016989088574,0.3714636873474197,0.034497587,-0.177821103,-0.259954935,-0.236280731,-0.372296391,-0.325998475,-0.394380073,-0.061990875,0.2788535216467282,-0.398816268,-0.376472128,-0.070914657,0.20970997724323065,0.26634676723622497,0.2503557373847405,0.36644545971857734,0.27989992506058964,0.27937440170286715,0.43677899777677714,0.24392191,0.3658602914727511,-0.203665226,0.4610157505351146,0.2961836836433085,0.40481113726760665,0.22102854893656368,-0.076537436,0.2573474345801258,0.46941594978259293,0.11713197047740355,-0.030587731,0.3471065779442953,0.19566746012054229
Frontal_Mid_2_R,0.35546632798243755,0.42149127275783327,1,0.5565747354255708,0.597602759,0.48856131159301747,0.5406197233025288,0.24234600787490407,0.4586765269646544,-0.262233538,0.10286930253057366,0.071942053,0.17512337483878362,0.12174473093755672,0.3221726611074277,-0.025003505,-0.399919672,0.585164692,0.005333924,0.5398782295850789,0.4319240554314552,0.5084316857788849,-0.556033681,-0.432789678,-0.088212505,0.1382549234262764,-0.348756971,-0.179369977,-0.138999572,-0.54014754,-0.305281168,0.08104911,0.36401931238806146,0.39160516127178546,0.14948973523359604,0.5166285457004085,0.010980113617395738,-0.239263512,-0.567449677,-0.296372245,-0.438027833,-0.496729169,-0.358768057,-0.30024851,0.3875510891899957,-0.362788543,-0.474874597,-0.456680095,0.5556362565906924,0.35333580640973233,0.6938907449808848,0.7672915807297876,0.20112073115951454,0.17856884,0.6959300013575236,0.4618333407349071,0.5510888259858917,-0.389993511,0.763925445,0.7280490667301591,0.601731628,0.5126544235682137,-0.02992103,0.6252356036765497,-0.010257348,0.2903776259456162,-0.406402716,0.45565758477519314,0.11700834202725004
Frontal_Inf_Oper_R,-0.206422948,0.30376980102824075,0.5565747354255708,1,0.8451342109174657,0.6494068174314278,0.7312660698720946,0.29875438156376105,0.48000468993619216,0.083230101,-0.325692524,0.048511798,-0.01617226,-0.004571549,0.506429646,0.27641164255183476,0.23100042584496494,0.40023283253304487,0.3105674544940635,0.7461709413589752,0.5893211648828939,0.5315609173690083,-0.184396599,-0.022264045,0.5428287241083398,-0.333274297,-0.570478074,-0.511006107,-0.333137034,-0.51970087,-0.315193,-0.283368792,0.4501453792052356,0.6765655297863025,0.052690038,0.6855050928463047,0.6202471170882357,0.4248217882380962,0.044002575,-0.176336407,0.15317849710312958,-0.09321649,-0.008232674,0.033041661,0.6131696278372196,0.16727461616172998,-0.072455279,-0.203624142,0.6442741888148769,0.48827279004622604,0.6894961407448453,0.6250844845730433,0.14029890757580532,0.24685157254519524,0.5638487582203108,0.7273722819464832,0.6535578363530665,-0.012794954,0.4883396398625317,0.6649966718358319,0.534450772,0.6184344646481756,-0.027710643,0.6187220934143958,0.4732935804947124,0.44659818216633074,-0.213578587,0.2505690022460896,0.32252028065701477
Frontal_Inf_Tri_R,-0.274459238,0.13765391219233272,0.597602759,0.8451342109174657,1,0.8327354823066938,0.5622082623662756,0.03338657,0.6866631916973012,-0.062081285,-0.421577956,0.076408262,-0.021475747,0.084500831,0.6770642379050317,0.4249245011285028,-0.021057293,0.23204554631220775,-0.057443221,0.7253293953718538,0.542433736,0.6883662940706837,-0.456401418,-0.249208415,0.46619744124328405,-0.395281277,-0.658835673,-0.587640135,-0.543007461,-0.710544902,-0.525191357,-0.263330477,0.5101312140049582,0.618704995,-0.129090407,0.575751535,0.4804107483190751,0.3535339466679811,-0.142269311,-0.272440602,0.032055194,-0.27568416,-0.121448665,-0.161677179,0.4383941033338704,0.035838563279543344,-0.18610662,-0.453922147,0.6290805146223089,0.46173156232004775,0.7747152775945001,0.6813018358954733,0.15696114376855497,0.20976709566327967,0.5808259861424276,0.6834868965322667,0.5493034318588929,-0.199210128,0.5485178563334047,0.731190795,0.5264812730130354,0.6212637972808521,0.074350773,0.760477241,0.24945771966551333,0.6045291787404131,-0.43056315,0.25457390981506195,0.2000050304656713
Frontal_Inf_Orb_2_R,-0.20724716,0.2354691293289737,0.48856131159301747,0.6494068174314278,0.8327354823066938,1,0.5122727564191718,0.093403622,0.7772265631965514,0.22715938460972893,-0.250704214,0.031914929871261016,0.003904174,0.2859609082480075,0.8239565400883012,0.38160096710718866,-0.153939396,-0.014883627,-0.17981505,0.8027350120867689,0.608369377,0.8242869595492357,-0.6225088,-0.550085555,0.24274704112603965,-0.225364629,-0.419086128,-0.37744277,-0.510511804,-0.611043407,-0.317698426,-0.081968055,0.5186946281654528,0.6738619091041019,-0.137502912,0.5186938785846967,0.3219945894963583,0.21663616295436525,-0.359892921,-0.490768427,-0.225886488,-0.527718192,-0.475727504,-0.424738643,0.2769124221759107,-0.273893642,-0.495249243,-0.537292917,0.6885089035203249,0.49534526402448237,0.8610480495606788,0.7386973767133737,0.078499433,0.21626771221888275,0.6550004911968128,0.6675690084081131,0.5688643880117074,-0.405704249,0.6722613799467065,0.7948672443445182,0.5358391486715139,0.6690176120399797,0.1605013822032116,0.8871753974761154,0.2785221400730304,0.7067401773681447,-0.616373534,0.3723243458005749,0.13511505398197163
Rolandic_Oper_R,0.026093117491551143,0.4203802330203762,0.5406197233025288,0.7312660698720946,0.5622082623662756,0.5122727564191718,1,0.4663877556058972,0.515026655,0.1692903534797004,-0.07807334,0.14895350289892906,0.044133932,0.15633712262621383,0.47066866818727005,0.065716991,0.33417083505106066,0.4263584763598091,0.424003165,0.7125343895629533,0.6002512783698124,0.4901565469735754,-0.098159654,-0.055747094,0.36363346261645224,-0.068263382,-0.303031726,-0.172306896,-0.056441737,-0.297652732,-0.04291579,-0.074521968,0.521339729,0.7722426949176945,0.29370647568527414,0.8513634034017458,0.605056235,0.18229258692131492,-0.020815126,-0.403299477,-0.009495001,-0.201163115,-0.212045883,0.083312854,0.6678994591390602,0.006422908,-0.280901707,-0.113063638,0.495281025,0.54840321,0.5956236613370975,0.5892926844031307,0.3333087512286317,0.27099293576468786,0.6748436380001592,0.7065773511688356,0.6645535619507205,0.005182981,0.5541557994421366,0.5847967736109732,0.5194821964821214,0.4982005722173938,-0.055220811,0.509575566,0.42197224156556973,0.5353575349208249,-0.187834978,0.42093201239550343,0.078332049
Supp_Motor_Area_R,0.3746331552869073,0.7676040908071652,0.24234600787490407,0.29875438156376105,0.03338657,0.093403622,0.4663877556058972,1,0.051628281010102924,0.5478916061971258,0.2324888365575384,0.067671325,-0.02980348,0.1714800533508271,0.1869631679506116,-0.040772798,0.11901138546572992,0.426930485,0.5903358184358559,0.3760992974716806,0.4470127803892287,0.022429919783213445,0.129958344,-0.015452569,0.024826631222428234,0.36163441337739666,0.2606519817686418,0.31922237071799725,0.3038301942742114,0.21543680384491753,0.5291600683472495,0.3136105103917206,0.20453379418013432,0.39578020166613415,0.5532361181206491,0.466787799,0.14246873962496961,-0.118042549,-0.067562292,-0.192117184,-0.10165834,-0.05372705,-0.256306896,0.15923113430774916,0.36882571405157855,-0.145523536,-0.268225916,0.074416084,0.15781065247812853,0.33869616390266627,0.20600243955044953,0.3507327212987103,0.38770720388449736,0.40946330302683015,0.49593756317275195,0.3445450764030933,0.39484317897341553,0.047858634,0.33910789232677657,0.22647339273149575,0.4293672871472656,0.1600803418778393,-0.10349511,0.1433071779937334,0.44183550214829637,0.15535616821709192,0.13145753861138967,0.3410340621643184,0.2284959456720712
Olfactory_R,-0.182706201,0.087150908,0.4586765269646544,0.48000468993619216,0.6866631916973012,0.7772265631965514,0.515026655,0.051628281010102924,1,0.016794083010228424,-0.244771972,0.2638649588878474,-0.064926965,0.27464227444399086,0.736580423,0.20276572504771312,-0.041452435,0.041230958426229876,-0.206140167,0.6425792270695229,0.532236622,0.6987777033888344,-0.527648639,-0.386928262,0.19493282792717695,-0.227034142,-0.434784247,-0.359097214,-0.481212914,-0.598119248,-0.37815763,-0.077108754,0.7109511640108858,0.761371626,0.074991489,0.5967043714988678,0.29140355045858335,0.083907567,-0.335238602,-0.469168871,-0.201976493,-0.411080242,-0.42589817,-0.308946899,0.32850102035439455,-0.213006511,-0.452082235,-0.437023195,0.46640349419475335,0.4464564541875642,0.7194901569189865,0.6863361844853964,0.3272017315987035,0.29876927141623527,0.6821225626268372,0.5856294315231041,0.4864788326605217,-0.30775994,0.5755418827711719,0.6699306669306988,0.5441422521750232,0.49624012649091986,0.16188565872394092,0.7474048483862484,0.11158507502228616,0.8693544909557287,-0.536351539,0.4655865648613003,0.069708741
Frontal_Sup_Medial_R,0.010667258574512856,0.5661522265562451,-0.262233538,0.083230101,-0.062081285,0.22715938460972893,0.1692903534797004,0.5478916061971258,0.016794083010228424,1,0.17623036281690088,-0.161082979,-0.118105299,0.25318577354186894,0.29394472446729525,0.2297010413516189,0.19522318027187485,-0.289351684,0.34417149575422895,0.2746710530242853,0.23878942676166032,-0.032131517,0.054592205481039144,-0.160802679,-0.033897599,0.1407071444181005,0.32183123468757335,0.2997558681143835,0.14008241574979607,0.292930387,0.4883423890009005,0.086378641,0.088364247,0.27269781613662497,0.1460946147700929,0.1970811015954541,0.17579383897768042,0.11529613675936232,0.043013651808018666,-0.220922023,-0.085380139,-0.119202842,-0.320858943,-0.041159289,0.0710668,-0.181179092,-0.216948958,0.10055257225901483,0.07066134,0.23200012828320654,0.084790613,0.061953474,0.018657164844557723,0.22516128987604545,0.11447310526527894,0.17621050324135196,0.2569648842543204,0.000711175,0.11110465923702889,0.12394391031238225,0.12045354280120324,0.15888096165755836,0.041841720865659134,0.18618239824310617,0.6568859378911741,0.19171295716010725,0.045871074,0.1559557367174244,0.20451538059064808
Frontal_Med_Orb_R,0.6411078488531559,0.34441463773283376,0.10286930253057366,-0.325692524,-0.421577956,-0.250704214,-0.07807334,0.2324888365575384,-0.244771972,0.17623036281690088,1,-0.01531913,0.1562725548236168,0.10428765998838496,-0.201023539,-0.271564364,-0.399101943,0.033578823,0.05889753,-0.136370784,-0.014711595,-0.284843703,-0.157381116,-0.340698869,-0.643465672,0.5911337172989967,0.492013196,0.5939497527964406,0.5021897152957188,0.33509771021869156,0.36923498863102766,0.2704545816606152,-0.133080204,-0.203905133,0.20892409760349248,-0.080943172,-0.426867881,-0.597266121,-0.428067195,-0.18158512,-0.525585323,-0.283635307,-0.367438691,-0.23593534,-0.15224771,-0.529383145,-0.441568956,-0.009775724,-0.219332419,-0.109348772,-0.149942529,0.033148311,-0.018608347,-0.023708233,0.067780417,-0.222152153,0.032739983307805934,-0.231967172,0.16239537321574407,-0.039825407,0.027448852,-0.141481247,-0.141699025,-0.17684973,-0.043504332,-0.243573888,0.077447519,0.3036270731949054,-0.033722366
Rectus_R,0.077514614,-0.084864715,0.071942053,0.048511798,0.076408262,0.031914929871261016,0.14895350289892906,0.067671325,0.2638649588878474,-0.161082979,-0.01531913,1,0.1813329630441431,0.056992683,0.12900464438246564,-0.0103936,-0.015287825,0.17276196518577705,-0.100864013,-0.011892437,0.1536585386375041,0.056499394,-0.015349517,0.006282928,-0.02346301,0.095076579,-0.012289189,-0.004257091,0.018191462534053668,-0.0429862,-0.011117798,0.14310977864886523,0.076397981,0.16964579359804943,0.13304182716627616,0.1557437702766305,-0.054609349,-0.162279292,-0.130378919,-0.178758678,-0.076499683,-0.077408726,-0.034412734,0.007625939,-0.09511259,-0.073758819,-0.116816215,-0.216270532,-0.128388838,0.1314483028093868,0.091388733,0.16534073143031303,0.13431592148840527,-0.159701885,0.23227170546389503,0.093402957,0.030890144,-0.086006721,0.010480161,-0.044136888,0.13422604055676116,-0.130483045,-0.097708249,0.014584232457344746,-0.257021308,0.32085842981880075,0.096578365,0.24866348915220624,-0.285413459
OFCmed_R,0.21356353964900748,0.05578464,0.17512337483878362,-0.01617226,-0.021475747,0.003904174,0.044133932,-0.02980348,-0.064926965,-0.118105299,0.1562725548236168,0.1813329630441431,1,0.13689463208919062,-0.072446403,-0.058280155,-0.209741286,0.1802742941521187,-0.035629699,-0.10230659,-0.199990111,0.065757863,-0.059883982,-0.101763608,-0.19616009,0.1734005045172746,0.005003333,0.096416173,0.1662936624212988,0.029015306119511232,-0.041192421,0.006823052,-0.197331066,-0.032067185,-0.122244992,-0.000624921,-0.20817066,-0.262976427,-0.206144383,-0.093262085,-0.286924486,-0.198645442,0.061426653,-0.182766053,-0.12852206,-0.146091868,-0.038496212,-0.072622855,0.089664073,-0.038540649,0.084928223,-0.036997538,-0.272397517,-0.432458573,-0.061041687,-0.084435865,-0.001594638,-0.191766503,0.12509065412180642,0.026767445122078265,-0.23315777,0.017229549,-0.063269735,0.00316467,-0.159572292,-0.085367828,-0.077884428,-0.007781196,-0.41523496
OFCant_R,0.095305962,0.18678441970337206,0.12174473093755672,-0.004571549,0.084500831,0.2859609082480075,0.15633712262621383,0.1714800533508271,0.27464227444399086,0.25318577354186894,0.10428765998838496,0.056992683,0.13689463208919062,1,0.3786904134353401,-0.046191049,-0.162207167,-0.094379129,-0.101200462,0.22299729050886888,0.21444154810083219,0.23799481413552595,-0.273706737,-0.351693499,-0.173078423,0.14944947778818748,0.070657737,0.090525495,-0.096772106,-0.104037408,0.075397458,0.195292718,0.20836082341119622,0.16513142824545707,0.040424596558139306,0.15831024058016196,-0.128714539,-0.264251663,-0.371883126,-0.383302378,-0.328850966,-0.338509684,-0.356820671,-0.260359818,-0.078245488,-0.366664262,-0.391708952,-0.238600803,0.1095455761206174,0.13033526204268164,0.263044844,0.30280168193632906,0.074249008,0.062017197,0.2692981590153237,0.088305114,0.171547054,-0.290375139,0.32424274397745045,0.2330444488055352,0.20325814151504346,0.16229748224720325,0.062124953,0.3545573554249055,-0.046876092,0.2533836122671275,-0.246213413,0.2400509731539734,0.064881966
OFCpost_R,-0.252117754,0.18452203068983006,0.3221726611074277,0.506429646,0.6770642379050317,0.8239565400883012,0.47066866818727005,0.1869631679506116,0.736580423,0.29394472446729525,-0.201023539,0.12900464438246564,-0.072446403,0.3786904134353401,1,0.2503612591486306,0.010109777696955865,-0.109467169,-0.113703245,0.7492350047479739,0.6922207165019069,0.5841393448557948,-0.499973062,-0.447776267,0.27153621292882407,-0.223604947,-0.333350954,-0.318646554,-0.480946088,-0.495308952,-0.211985245,-0.060171264,0.4606378612247607,0.6563398857801609,-0.077473921,0.5159728177280478,0.3745843899499428,0.1849020890356777,-0.256914806,-0.47239714,-0.113620228,-0.378719412,-0.405363511,-0.30761883,0.21484576061832605,-0.186054267,-0.468577831,-0.462118885,0.4708613861186434,0.5111106910426341,0.7405235741758797,0.6761154988908434,0.099268617,0.263814342,0.6370062437608868,0.651018112,0.5577174379640003,-0.258375277,0.507108011,0.6721201106536209,0.5397362256735958,0.5182771894465393,0.17715788100564467,0.7773195409832248,0.3043457185471077,0.7983519431234265,-0.457752844,0.3699656753364649,0.048840648592164256
OFClat_R,-0.212728159,0.11851966652892053,-0.025003505,0.27641164255183476,0.4249245011285028,0.38160096710718866,0.065716991,-0.040772798,0.20276572504771312,0.2297010413516189,-0.271564364,-0.0103936,-0.058280155,-0.046191049,0.2503612591486306,1,0.069051678,-0.104268476,0.005902822,0.11872952243625182,0.003635676,0.12612862686697401,0.005838016,0.047267412,0.22441585420950028,-0.21459198,-0.164803242,-0.1466338,-0.155020607,-0.099271272,-0.132645218,-0.117837868,0.10113500593174163,0.13142451362281782,-0.121018338,0.12350524895224116,0.2433444274372516,0.38492225654192314,0.1646798069157299,0.087033339,0.15491313599912665,-0.007779109,0.11826294212355741,0.078892726,0.077833943,0.14311171349136131,0.18870677696444835,-0.10425383,0.088716685,0.10398990829036386,0.12872697877724087,0.008904992,0.024938456159207447,-0.019288858,-0.018572451,0.17290185482912385,0.003160434,0.024138703151951095,0.036688358,0.094154693,0.043710147,0.081803109,0.028707769974189588,0.20337941268611698,0.2294875590168285,0.24317824403362462,-0.054314418,-0.088508022,-0.00678448
Insula_R,-0.443776092,-0.094774641,-0.399919672,0.23100042584496494,-0.021057293,-0.153939396,0.33417083505106066,0.11901138546572992,-0.041452435,0.19522318027187485,-0.399101943,-0.015287825,-0.209741286,-0.162207167,0.010109777696955865,0.069051678,1,-0.069762851,0.4952834446655766,0.032873253073122374,0.023865479071681597,-0.217355811,0.6002841108280066,0.6497259018862894,0.5504601,-0.408038228,-0.146883646,-0.180274792,0.011223803,0.1753004154478868,0.054620455,-0.338212234,0.13078264306470763,0.32712462807691894,0.082341562,0.32199548101762165,0.7333793152826735,0.6031489167679782,0.7709059933982297,0.1369651034061513,0.6487177052618847,0.5744106115131223,0.478110557,0.5286987614220149,0.35600485065078097,0.6597478087719997,0.5109191600751324,0.4931515039653012,-0.115771806,0.13133205863325192,-0.207640393,-0.313015571,0.14666867778657255,0.15088298770996386,-0.183874436,0.18039261357595612,0.077624643,0.6154679373395641,-0.379926692,-0.219571047,-0.160350522,-0.05751453,0.085826682,-0.226672135,0.5073916891321946,0.16582994749420799,0.2972579380844866,-0.223219562,0.021188491
Cingulate_Mid_R,0.4626051763618001,0.3349435288688707,0.585164692,0.40023283253304487,0.23204554631220775,-0.014883627,0.4263584763598091,0.426930485,0.041230958426229876,-0.289351684,0.033578823,0.17276196518577705,0.1802742941521187,-0.094379129,-0.109467169,-0.104268476,-0.069762851,1,0.4652295241707601,0.19595305228083246,0.19184219924196355,0.1770072865591786,0.12630149730178591,0.1699949145309745,0.10362647117515213,0.3197584476330174,0.007128833,0.096000968,0.2703352857006057,0.002728423,0.14046052957326377,0.3188747289196004,0.14147365525491976,0.22844025897472559,0.49508478087824004,0.3487005457586377,-0.007694158,-0.23373498,-0.095596753,0.031294147,-0.052794538,-0.048064854,0.030948632846647537,0.2340065230317186,0.3532960589132595,-0.029112534,-0.022657157,-0.128181822,0.19821120282652502,0.061432751649613086,0.18579393065407454,0.34239801082526244,0.4467866567227741,0.091922591,0.40955091218354267,0.2104896822219271,0.1839066944425264,-0.020309631,0.3966107274927561,0.17115639366184118,0.3784087696689379,0.071922078,-0.190868522,0.055068129,-0.161575339,-0.11163016,0.080050299,0.21192526842484213,0.077008001
Cingulate_Post_R,0.17565523881161987,0.46054147581848515,0.005333924,0.3105674544940635,-0.057443221,-0.17981505,0.424003165,0.5903358184358559,-0.206140167,0.34417149575422895,0.05889753,-0.100864013,-0.035629699,-0.101200462,-0.113703245,0.005902822,0.4952834446655766,0.4652295241707601,1,0.16411270407648504,0.16682290929870333,-0.185689606,0.592766328,0.5167602783443206,0.34646920758204547,0.13923925270130097,0.18787399035967595,0.23956204201440273,0.426884087,0.42559616876328893,0.4145751940869929,0.019333934144538593,0.039615599129026374,0.25011719388513337,0.5246549519456374,0.3573404980242682,0.422196013,0.22310928583543038,0.4864467510751361,0.16715992507141225,0.3672156080312743,0.3637586951104381,0.2276099937290892,0.6034066264025952,0.4833333368791868,0.340127586,0.2702503878736781,0.4027811818008059,0.025858949744641452,0.071996119,-0.127790162,-0.058943683,0.28537671584940244,0.2534223437559167,0.065528453,0.17386524118604021,0.20601088877002777,0.4322045671493835,-0.015031246,-0.076935242,0.11553879041876072,0.011117278600856928,-0.15846402,-0.193334597,0.40089835286783254,-0.143445996,0.35010820469982395,-0.048151021,0.20676732386963137
Hippocampus_R,-0.204328256,0.31310521866554747,0.5398782295850789,0.7461709413589752,0.7253293953718538,0.8027350120867689,0.7125343895629533,0.3760992974716806,0.6425792270695229,0.2746710530242853,-0.136370784,-0.011892437,-0.10230659,0.22299729050886888,0.7492350047479739,0.11872952243625182,0.032873253073122374,0.19595305228083246,0.16411270407648504,1,0.8530649575981508,0.6697935010320291,-0.465797987,-0.389840588,0.40740220669311483,-0.262056152,-0.454901757,-0.392437832,-0.452429599,-0.575109298,-0.222829704,-0.181343386,0.5378251286889224,0.7768810935983774,0.083000514,0.7271648246749411,0.5066955533424631,0.22276664436492252,-0.232878166,-0.469214788,-0.086899224,-0.36542079,-0.438042865,-0.200664621,0.5925143616957385,-0.118151421,-0.476127457,-0.387428657,0.6683854239643374,0.6078703240941399,0.8309622692301466,0.8141284240001079,0.1876055318844424,0.44906953549413436,0.7924432311137634,0.8078487240340095,0.7997510703485757,-0.174518163,0.703449318,0.874528272,0.693715909,0.7203405712849197,0.045642979,0.7936031684019242,0.44381058583547356,0.6431853093948653,-0.390663825,0.5014803470298161,0.33020613909781665
ParaHippocampal_R,-0.06612492,0.29246946451323286,0.4319240554314552,0.5893211648828939,0.542433736,0.608369377,0.6002512783698124,0.4470127803892287,0.532236622,0.23878942676166032,-0.014711595,0.1536585386375041,-0.199990111,0.21444154810083219,0.6922207165019069,0.003635676,0.023865479071681597,0.19184219924196355,0.16682290929870333,0.8530649575981508,1,0.4819547052277093,-0.345349023,-0.306490049,0.3216091215310857,-0.087152312,-0.243937035,-0.221819105,-0.291829477,-0.386812845,-0.035854732,0.010189077917257813,0.41481881079565414,0.6371145756052592,0.2629688868747185,0.6227504238835112,0.39464199008021367,0.11109811895224866,-0.213824031,-0.415938248,-0.03110037,-0.250285734,-0.403057445,-0.040095668,0.44721891498504224,-0.140216891,-0.479012156,-0.353735538,0.467279753,0.5846866876094754,0.6695012461134073,0.7806177063292348,0.2602045066358134,0.5129461267375978,0.8237548812521768,0.7081243375348081,0.7063632875438955,-0.054113346,0.5368324976660013,0.662958841,0.7327145674623545,0.4916436373615927,0.012140273952214902,0.6159732179097444,0.28638862741521104,0.6077817786703517,-0.155899553,0.5149679751787667,0.3687050548754322
Amygdala_R,-0.104133554,0.082983176,0.5084316857788849,0.5315609173690083,0.6883662940706837,0.8242869595492357,0.4901565469735754,0.022429919783213445,0.6987777033888344,-0.032131517,-0.284843703,0.056499394,0.065757863,0.23799481413552595,0.5841393448557948,0.12612862686697401,-0.217355811,0.1770072865591786,-0.185689606,0.6697935010320291,0.4819547052277093,1,-0.505207891,-0.456302802,0.26016200376860754,-0.085110892,-0.325441395,-0.316916131,-0.408825114,-0.527291464,-0.230031192,0.10291262818435981,0.4612726164636171,0.5683293594990395,-0.016653376,0.4017124119441973,0.16548114343582093,0.075804008,-0.355618557,-0.450444707,-0.200890897,-0.466050583,-0.423671747,-0.36160786,0.2294593211043487,-0.277045127,-0.441232721,-0.438807309,0.7370037145749172,0.366534812,0.781436063,0.6594979362969127,0.1553894869057641,0.092161053,0.6165134387703826,0.5228420525557415,0.43611574581543117,-0.439513873,0.6281540527108862,0.6570293920591284,0.47040538854292074,0.6301882991880612,0.11401187907210349,0.7571995520190887,-0.014260997,0.48258738059126516,-0.658696385,0.32490844507314126,0.077416281
Calcarine_R,-0.034471056,-0.07340797,-0.556033681,-0.184396599,-0.456401418,-0.6225088,-0.098159654,0.129958344,-0.527648639,0.054592205481039144,-0.157381116,-0.015349517,-0.059883982,-0.273706737,-0.499973062,0.005838016,0.6002841108280066,0.12630149730178591,0.592766328,-0.465797987,-0.345349023,-0.505207891,1,0.9098126692572311,0.36725611986265366,0.06593823,0.326843431,0.2704787840726864,0.49662628576005063,0.6877585187521321,0.4377705774634978,0.053482649,-0.339899892,-0.249184132,0.3318695850688661,-0.187553591,0.20595803917828784,0.2830454636814202,0.8158803120698953,0.5100172863700208,0.6809015689053841,0.7689716326225329,0.6828190741497049,0.8264444839633639,0.061180499208780714,0.6500066483551721,0.7379418110840804,0.6911496594549386,-0.426426751,-0.258460694,-0.664395147,-0.664161131,0.1197117491448238,-0.069510687,-0.50523076,-0.267580026,-0.464621158,0.6678682635437773,-0.660047509,-0.728993049,-0.393634116,-0.500642854,-0.106897648,-0.704688613,0.022701291221854745,-0.42052393,0.6178570805888014,-0.45170126,-0.086506872
Lingual_R,-0.253930488,-0.246424677,-0.432789678,-0.022264045,-0.249208415,-0.550085555,-0.055747094,-0.015452569,-0.386928262,-0.160802679,-0.340698869,0.006282928,-0.101763608,-0.351693499,-0.447776267,0.047267412,0.6497259018862894,0.1699949145309745,0.5167602783443206,-0.389840588,-0.306490049,-0.456302802,0.9098126692572311,1,0.5268768385375011,-0.227884752,-0.028800107,-0.06632934,0.21556640225600848,0.3817121571739275,0.077291038,-0.206248247,-0.244836203,-0.165939697,0.2513777392007284,-0.089468104,0.3330375414535854,0.4332442353269907,0.861660881,0.5926011703331201,0.8159516264484464,0.8686479910652993,0.8319634095673216,0.8672629962803735,0.20475506144973213,0.8397370323227592,0.8607455761658416,0.6531873940532452,-0.354165582,-0.20558524,-0.555072232,-0.577370225,0.1140895382462768,0.017578558195914702,-0.470644562,-0.176691273,-0.375925653,0.7662205669432506,-0.642880781,-0.583927401,-0.356647057,-0.397854885,-0.062146976,-0.600487511,0.0178609,-0.313318749,0.5664773606266847,-0.481353709,-0.00132451
Fusiform_R,-0.650864541,-0.224890806,-0.088212505,0.5428287241083398,0.46619744124328405,0.24274704112603965,0.36363346261645224,0.024826631222428234,0.19493282792717695,-0.033897599,-0.643465672,-0.02346301,-0.19616009,-0.173078423,0.27153621292882407,0.22441585420950028,0.5504601,0.10362647117515213,0.34646920758204547,0.40740220669311483,0.3216091215310857,0.26016200376860754,0.36725611986265366,0.5268768385375011,1,-0.629837866,-0.534625262,-0.571898528,-0.381190705,-0.246199957,-0.28165648,-0.443897939,0.13725840811195533,0.36369692144708676,-0.030759724,0.3313553571627841,0.7404098637128417,0.7098586110082185,0.6630334728733763,0.20225209964502516,0.7848609687487889,0.4976295750059936,0.47228988531417493,0.5527867938526588,0.5414825688196241,0.7707077610933328,0.49546168023543885,0.2063852357891676,0.26979722693505265,0.24014065465119683,0.1804144148198507,0.04288903,0.078209461,0.19313044376498095,0.087787189,0.4706531166274326,0.17812086430245383,0.4816328552602194,-0.149590077,0.132702437,0.1269663283797458,0.24993417350916908,-0.001305039,0.10797225315364854,0.25894916808628204,0.24896383118572804,0.12477322736635035,-0.140378393,0.15933458503687548
Postcentral_R,0.9321951699806486,0.5143865938904562,0.1382549234262764,-0.333274297,-0.395281277,-0.225364629,-0.068263382,0.36163441337739666,-0.227034142,0.1407071444181005,0.5911337172989967,0.095076579,0.1734005045172746,0.14944947778818748,-0.223604947,-0.21459198,-0.408038228,0.3197584476330174,0.13923925270130097,-0.262056152,-0.087152312,-0.085110892,0.06593823,-0.227884752,-0.629837866,1,0.8411767651085095,0.879535818,0.7854277151497491,0.622527002,0.7478552326400876,0.8517227257696225,-0.123241547,-0.218895656,0.47972657627211013,-0.209814839,-0.58138986,-0.669150321,-0.395200857,-0.130468401,-0.520011435,-0.325101872,-0.376234299,-0.093260183,-0.335462996,-0.632200532,-0.387313064,-0.068706509,-0.167275994,-0.177409408,-0.193428209,0.024783611014805453,0.2827759690896314,-0.092637183,0.12524813726124784,-0.274209726,-0.206474309,-0.326280921,0.16945713050119557,-0.26045633,0.11390832392721269,-0.274477011,-0.086242936,-0.185198867,-0.292018701,-0.295195479,0.083060009,0.1764015276257123,-0.127410376
Parietal_Sup_R,0.6914360102763302,0.3297180838026898,-0.348756971,-0.570478074,-0.658835673,-0.419086128,-0.303031726,0.2606519817686418,-0.434784247,0.32183123468757335,0.492013196,-0.012289189,0.005003333,0.070657737,-0.333350954,-0.164803242,-0.146883646,0.007128833,0.18787399035967595,-0.454901757,-0.243937035,-0.325441395,0.326843431,-0.028800107,-0.534625262,0.8411767651085095,1,0.9390178131834501,0.8143931845802485,0.8762754482699554,0.9064041630530099,0.7627075058098627,-0.272465177,-0.36267397,0.373943278,-0.407962003,-0.483343376,-0.448758485,-0.065505752,-0.005628988,-0.265086986,-0.078377134,-0.236081445,0.045591837026956614,-0.477854303,-0.428962853,-0.167973797,0.13879818632029972,-0.408462462,-0.31477083,-0.509547332,-0.341939245,0.1884356106340519,-0.113607843,-0.197317512,-0.444512136,-0.43053368,-0.114966681,-0.192907779,-0.577535465,-0.154541186,-0.487963974,-0.067388835,-0.466080307,-0.191905699,-0.402520321,0.257587993,-0.033683626,-0.151943267
Parietal_Inf_R,0.803657216,0.4545556553031897,-0.179369977,-0.511006107,-0.587640135,-0.37744277,-0.172306896,0.31922237071799725,-0.359097214,0.2997558681143835,0.5939497527964406,-0.004257091,0.096416173,0.090525495,-0.318646554,-0.1466338,-0.180274792,0.096000968,0.23956204201440273,-0.392437832,-0.221819105,-0.316916131,0.2704787840726864,-0.06632934,-0.571898528,0.879535818,0.9390178131834501,1,0.8880398435022627,0.8401012897421078,0.8313289173151119,0.694476448,-0.183491279,-0.281390348,0.4117299927189455,-0.25938754,-0.415629335,-0.526087232,-0.113430871,-0.080588767,-0.336536443,-0.141091208,-0.262831439,0.034663096,-0.340320465,-0.448999123,-0.228181305,0.12978771325277083,-0.411034719,-0.246457613,-0.446525047,-0.269618926,0.26485658264109985,-0.073264856,-0.108544407,-0.374714456,-0.337816924,-0.116419107,-0.070466024,-0.469727165,-0.097873453,-0.450036796,-0.122618215,-0.426810055,-0.144834642,-0.326460988,0.2442336252201031,0.068690287,-0.175693192
SupraMarginal_R,0.7636014372916404,0.41320229734881375,-0.138999572,-0.333137034,-0.543007461,-0.510511804,-0.056441737,0.3038301942742114,-0.481212914,0.14008241574979607,0.5021897152957188,0.018191462534053668,0.1662936624212988,-0.096772106,-0.480946088,-0.155020607,0.011223803,0.2703352857006057,0.426884087,-0.452429599,-0.291829477,-0.408825114,0.49662628576005063,0.21556640225600848,-0.381190705,0.7854277151497491,0.8143931845802485,0.8880398435022627,1,0.8688445484865918,0.7646682881032186,0.541924502,-0.277799181,-0.309305733,0.40094296802706764,-0.200779152,-0.234624744,-0.357099609,0.1313269023757477,0.12481603635522194,-0.116134755,0.082407691,0.034493130563961694,0.25556307156421865,-0.209063831,-0.18053759,0.037594226927473884,0.2791900578020618,-0.402018629,-0.273450898,-0.52212681,-0.37258098,0.21488074490234813,-0.157771032,-0.202719593,-0.328763163,-0.356681307,0.090925413,-0.196083209,-0.555884309,-0.177598648,-0.473967854,-0.182948942,-0.572300985,-0.08441183,-0.439799497,0.4149536629130024,-0.040923971,-0.212942487
Angular_R,0.4863940525339763,0.21985653874921204,-0.54014754,-0.51970087,-0.710544902,-0.611043407,-0.297652732,0.21543680384491753,-0.598119248,0.292930387,0.33509771021869156,-0.0429862,0.029015306119511232,-0.104037408,-0.495308952,-0.099271272,0.1753004154478868,0.002728423,0.42559616876328893,-0.575109298,-0.386812845,-0.527291464,0.6877585187521321,0.3817121571739275,-0.246199957,0.622527002,0.8762754482699554,0.8401012897421078,0.8688445484865918,1,0.8374277621444358,0.4902044454014988,-0.407719693,-0.416781648,0.3390378814434707,-0.402574986,-0.221489576,-0.183606516,0.36535359258465294,0.24076428501611186,0.11899064075886359,0.29781027330467713,0.16874161578930708,0.3801929797956116,-0.336243576,0.008097798,0.24615139573616623,0.43882445991795904,-0.534681509,-0.366545688,-0.713952571,-0.620659471,0.11144886388996036,-0.161093849,-0.447422959,-0.470610517,-0.52422458,0.24060561289794624,-0.484950561,-0.769448893,-0.361416857,-0.59545492,-0.122032451,-0.709723449,-0.06241811,-0.499063889,0.5058527830502486,-0.234343459,-0.195143995
Precuneus_R,0.5821658003119384,0.4700786842454954,-0.305281168,-0.315193,-0.525191357,-0.317698426,-0.04291579,0.5291600683472495,-0.37815763,0.4883423890009005,0.36923498863102766,-0.011117798,-0.041192421,0.075397458,-0.211985245,-0.132645218,0.054620455,0.14046052957326377,0.4145751940869929,-0.222829704,-0.035854732,-0.230031192,0.4377705774634978,0.077291038,-0.28165648,0.7478552326400876,0.9064041630530099,0.8313289173151119,0.7646682881032186,0.8374277621444358,1,0.7213336215605243,-0.187697341,-0.137685636,0.4900816648915033,-0.172091351,-0.246201495,-0.282449124,0.059935560036531166,-0.029405345,-0.124225571,-0.009963553,-0.202234652,0.19317851478424153,-0.220595281,-0.297690906,-0.127793931,0.1976860026423697,-0.253062535,-0.135399708,-0.366251142,-0.218118792,0.2602486770958583,0.007807348,-0.033927381,-0.200098089,-0.227157519,-0.008153538,-0.109182475,-0.448514534,-0.009450683,-0.342383679,-0.100012501,-0.353854892,0.040398584,-0.304711373,0.29386724307997647,0.021789816755186348,-0.053472275
Paracentral_Lobule_R,0.7225235081890918,0.36889968655052313,0.08104911,-0.283368792,-0.263330477,-0.081968055,-0.074521968,0.3136105103917206,-0.077108754,0.086378641,0.2704545816606152,0.14310977864886523,0.006823052,0.195292718,-0.060171264,-0.117837868,-0.338212234,0.3188747289196004,0.019333934144538593,-0.181343386,0.010189077917257813,0.10291262818435981,0.053482649,-0.206248247,-0.443897939,0.8517227257696225,0.7627075058098627,0.694476448,0.541924502,0.4902044454014988,0.7213336215605243,1,-0.035862723,-0.128716207,0.48561921540242964,-0.22409843,-0.542744245,-0.52609045,-0.359135661,-0.125980106,-0.398020128,-0.305109431,-0.395154971,-0.067685753,-0.391595426,-0.579466521,-0.350796962,-0.179325746,-0.104691268,-0.135663237,-0.097601003,0.11473584393344102,0.387316326,-0.032478957,0.21433494360705993,-0.192305818,-0.238367936,-0.350762496,0.1644417719222908,-0.244449734,0.24014352994852672,-0.248042096,0.018487348,-0.05039447,-0.386867834,-0.151724579,-0.00970564,0.13737318060071801,-0.066764266
Caudate_R,-0.034160764,0.2080860073894696,0.36401931238806146,0.4501453792052356,0.5101312140049582,0.5186946281654528,0.521339729,0.20453379418013432,0.7109511640108858,0.088364247,-0.133080204,0.076397981,-0.197331066,0.20836082341119622,0.4606378612247607,0.10113500593174163,0.13078264306470763,0.14147365525491976,0.039615599129026374,0.5378251286889224,0.41481881079565414,0.4612726164636171,-0.339899892,-0.244836203,0.13725840811195533,-0.123241547,-0.272465177,-0.183491279,-0.277799181,-0.407719693,-0.187697341,-0.035862723,1,0.7837911607269992,0.2763912914288354,0.656528304,0.36355864333361954,0.020079223878411063,-0.218642638,-0.530897802,-0.20573559,-0.328247951,-0.394641715,-0.214583656,0.4750064969463324,-0.197494343,-0.422679564,-0.278817585,0.3296572071528469,0.3999857719944212,0.47730366922912193,0.5618791736062143,0.6023932985143501,0.4491665411745397,0.5761340602951468,0.4924439056289712,0.4322874147459343,-0.283538352,0.5648664433676174,0.5136939838782777,0.48704721467869233,0.35903231257698937,0.093711126,0.5000132579814922,0.19482379027245222,0.6195757974927828,-0.430392648,0.3769370141131147,0.26025355971556313
Putamen_R,-0.15851779,0.29414816387313547,0.39160516127178546,0.6765655297863025,0.618704995,0.6738619091041019,0.7722426949176945,0.39578020166613415,0.761371626,0.27269781613662497,-0.203905133,0.16964579359804943,-0.032067185,0.16513142824545707,0.6563398857801609,0.13142451362281782,0.32712462807691894,0.22844025897472559,0.25011719388513337,0.7768810935983774,0.6371145756052592,0.5683293594990395,-0.249184132,-0.165939697,0.36369692144708676,-0.218895656,-0.36267397,-0.281390348,-0.309305733,-0.416781648,-0.137685636,-0.128716207,0.7837911607269992,1,0.27712185032349945,0.832823243,0.5766920042380436,0.1969440315066992,-0.091218449,-0.526376821,-0.068089503,-0.249626175,-0.320623301,-0.11116595,0.6064188071962638,-0.048450097,-0.362877981,-0.209301026,0.5141165357580492,0.5992348834647374,0.6773716807610759,0.6578640714160119,0.44484688,0.4054060588911853,0.703895006,0.737823434,0.6830362859913978,-0.113127602,0.5887866805275759,0.6647849876072958,0.5579544302195614,0.527833217,0.083113806,0.6406166226854558,0.44088096624002293,0.764533796,-0.390813156,0.4356931266960893,0.15438158220883558
Pallidum_R,0.46871948386964324,0.4014016989088574,0.14948973523359604,0.052690038,-0.129090407,-0.137502912,0.29370647568527414,0.5532361181206491,0.074991489,0.1460946147700929,0.20892409760349248,0.13304182716627616,-0.122244992,0.040424596558139306,-0.077473921,-0.121018338,0.082341562,0.49508478087824004,0.5246549519456374,0.083000514,0.2629688868747185,-0.016653376,0.3318695850688661,0.2513777392007284,-0.030759724,0.47972657627211013,0.373943278,0.4117299927189455,0.40094296802706764,0.3390378814434707,0.4900816648915033,0.48561921540242964,0.2763912914288354,0.27712185032349945,1,0.25455272420882047,-0.057399944,-0.215903952,0.003377967,-0.035907207,-0.016082575,0.09424139,-0.104222843,0.3996233300159567,0.3026491739901474,-0.091794089,-0.101930699,0.19654049948488525,-0.052344906,0.069679668,-0.062139918,0.2102159161081575,0.6558378853379611,0.4409691291095802,0.3449937634899679,0.077323934,0.095123244,0.15155782536042137,0.16789238241520169,-0.055582348,0.33484265717844997,-0.145766183,-0.060138964,-0.073511799,-0.059863098,0.012816046800318986,0.16632964919576626,0.19592953084713038,0.26652823194575814
