,Frontal_Mid_2_L,Caudate_L,Paracentral_Lobule_R,Temporal_Pole_Sup_R,Amygdala_R,Thal_PuI_R,Thal_LP_R,Thal_PuL_R,Precuneus_R,OFCpost_L,Thal_LP_L,Cingulate_Post_R,Vermis_6,Vermis_4_5,Frontal_Sup_2_L,Cerebellum_Crus2_L,OFClat_L,Cerebellum_4_5_R,Angular_L,Thal_PuI_L,Cerebellum_9_L,Supp_Motor_Area_R,Raphe_M,Frontal_Med_Orb_R,Vermis_10,Olfactory_L,Vermis_7,Occipital_Inf_L,Supp_Motor_Area_L,SN_pc_L,Thal_Re_L,Thal_VL_R,Frontal_Mid_2_R,Cingulate_Post_L,Thal_VPL_L,Thal_PuA_L,Pallidum_R,Cuneus_L,Parietal_Inf_L,Thal_VA_R,Frontal_Sup_2_R,Rectus_L,Fusiform_R,Occipital_Mid_R,Red_N_R,Cerebellum_Crus2_R,Temporal_Pole_Mid_R,Thal_AV_L,Frontal_Sup_Medial_R,Rolandic_Oper_R,Amygdala_L,Angular_R,Thal_MGN_L,Fusiform_L,Parietal_Sup_R,Thal_PuA_R,Thal_MDl_L,OFCant_L,Temporal_Inf_L,Cerebellum_7b_R,Frontal_Inf_Orb_2_L,Cerebellum_8_R,ACC_pre_R,Cerebellum_7b_L,Occipital_Inf_R
Frontal_Mid_2_L,1.0,0.6309413732788482,0.6324040239914238,0.2310897046287285,0.24809312807211187,0.4283229522318697,0.30657765859789343,0.4022901329624569,0.6501146704616355,0.5290913735694369,0.15069547508787495,0.6515453910935289,0.19113233749095446,0.5201713475179408,0.823382670371305,0.11889173360735945,0.4567699052118407,0.6603688581338093,0.1955923566034289,0.3380085187127606,0.18723349189610533,0.7640030553334932,0.1486358118094182,0.11674246677449632,0.29395910135049375,0.3837754435837511,0.014979812439715077,-0.16432205379868095,0.7725173031724551,0.4709763576822849,0.020710120479752642,0.5362589115118075,0.7032680446520035,0.6387529218315656,0.677578153446576,0.011645789462955268,0.6609778560513934,0.17738737689287434,0.33588547718003314,0.49979569977781596,0.8014285148003427,0.2500386789999898,0.4520057889871171,0.16249791870079225,0.3693720454785244,0.30676470924065946,-0.029301877569160112,0.39222205923295267,0.6531206287934219,0.6031108744908384,0.36726452964939676,0.33529527458806363,0.0696887466982941,0.4455498077904004,0.3039760077628891,0.23554854235757758,0.0062220043461660105,0.05110872105772324,0.1001119308603489,0.37976364959404524,0.5050888101914459,0.16409417010848054,0.35017083727872156,0.19459132719480174,0.022186567332486362
Caudate_L,0.6309413732788482,1.0,0.466942856680796,0.10311691934644125,0.005454764744169523,0.16225523283129115,-0.05676996141023947,0.1741503257914021,0.4243625881991377,0.5341098117338567,-0.0713501669254307,0.5531157556248673,0.38088431419235985,0.6530981864574602,0.7525273740465511,0.40278766418314493,0.28289569337647125,0.5535816345167742,0.36693442040390145,0.07997522509480172,0.344683065258857,0.6680169619489317,0.3615744433760761,-0.17480564001925677,0.4834764659022847,-0.04227817954611896,0.0985301557974949,0.23011715192443877,0.55766110097426,0.6075898439656418,0.5586966045120924,0.2721202501296964,0.3327284754565654,0.6236074227348315,0.5036170075281392,-0.000198262343242387,0.3084821258884879,0.22638344622185413,0.24614791161975086,0.4280660952967319,0.6213125300994581,0.22365828917039957,0.05314464607262008,-0.10268054268737498,0.15469743961890706,0.045303412694945394,-0.3050887284002402,0.4469907275617426,0.4373289857015938,0.2131802689576632,0.1347771424554496,0.000969718938599968,0.20686178283220208,0.6533114931504473,-0.024733419859117367,0.4885628129830063,-0.3709038210071433,-0.07112517795668273,0.42462406936639957,0.12849406033462119,0.6910945991357396,0.22796917487891086,0.5837606387515376,0.2888571300962168,0.2250363214733986
Paracentral_Lobule_R,0.6324040239914238,0.466942856680796,1.0,0.1695791227527382,0.42716477835383015,0.6709439055160092,0.3345828391380224,0.48969202255703653,0.880902811840784,0.38815101621337933,0.16102400550110377,0.5853951245434016,-0.04356074041360387,0.47625872208436715,0.7024025890020046,0.16051184716361416,0.37215356668377797,0.6163239927279628,0.4014033615197456,0.6009637592638292,-0.08421656875799084,0.5605560924549545,0.25566890167883327,0.07674075536646761,-0.0013562880113909253,0.26391539353991256,-0.06346893887336756,-0.2752693417348167,0.8068090932804648,0.42478337839970876,0.010345844898810103,0.5129861760314545,0.7817090192762174,0.6250282541980423,0.5684231011258358,0.46704708418634855,0.5661044044057162,0.3658683303144929,0.6235691019029165,0.5159309254772013,0.7425468695217012,0.4075156506741537,0.3951739918171837,0.4361831369473734,0.40093945166550327,0.2384695085418791,-0.021286936806503683,0.43175008346538996,0.40448140430720575,0.6883646100665067,0.44041797992593895,0.621964799429349,0.24048828292477883,0.25225977083830436,0.63756714252027,0.1966254039247288,0.3607438655823493,-0.05248327855124031,-0.14501251842480312,0.17231244441314242,0.16649052740263276,0.13901222241342634,-0.022070860051021577,0.3583272907063312,0.10178521287576019
Temporal_Pole_Sup_R,0.2310897046287285,0.10311691934644125,0.1695791227527382,1.0,0.10091036094225955,0.009222166525800424,0.21037138751591994,0.08971498870318934,0.2913709469708581,-0.07270510836797964,-0.0898829524315775,0.29715709304350446,-0.05579407806379591,0.04760406029892054,0.08745604057512012,-0.21468053712071739,-0.08673206079278009,0.15512012918364962,-0.07942238804924551,0.36037159799664636,-0.03680651631790583,0.126872631068742,-0.1110396662247456,0.07998743989234972,0.041503732706295114,-0.08643304923093521,-0.006565919719605411,-0.23692053561916987,0.26427761768151803,-0.1308604052564685,-0.004888341028893732,0.19915568738788425,0.36436118960425135,0.21329976269879497,0.2519515020314751,-0.04730104911674609,0.18151334653134504,0.16154172614732495,0.1720604153507579,0.22896922965413744,0.22909592576165133,-0.019433463910336575,0.38658396375008514,0.26077658989885294,0.1231800504858977,0.11419117116347555,-0.027813476090042682,0.0525957683121127,0.2092026105918276,0.37787960461509096,-0.04290994246992191,0.30397808081482125,-0.010483474967262927,-0.08979455532394967,0.2130126471670273,0.021885016714047377,0.2923102108808331,-0.00942573538342305,-0.24157593683515524,0.005469763905554812,-0.06547816894292317,0.02668543041103775,-0.10630219065810553,0.08804602567470171,0.01552224943685488
Amygdala_R,0.24809312807211187,0.005454764744169523,0.42716477835383015,0.10091036094225955,1.0,0.16490808049804698,0.33151629438794994,0.0892350410759093,0.3754717808178089,0.1275148823629694,-0.02027402885587107,0.25025221799849273,-0.47241025425432404,-0.21640524962951416,0.05438952334231832,-0.33842753962026384,0.11123783219295919,-0.02133517554019962,0.07986566439756988,0.43337098458063134,-0.38484395257605275,-0.18055714270854922,-0.16605396277727583,0.5690776315766783,-0.5894062576121892,0.04502388341106052,-0.18529878517985707,-0.5070266907426841,0.17155637713632343,-0.2243635302609468,0.013786702578892142,0.22952232506718098,0.3537980163508722,0.2877050297732338,0.0488210935375269,0.07262458084694567,0.44593845385480735,-0.0030468307187528332,0.38582540221374556,0.33695822383910934,0.18339659288893,0.6446380245459387,0.157750536841664,0.48713008918884415,-0.17100051471566594,0.1694002104721285,-0.3375964829457096,-0.2524974846540415,0.02836013896614892,0.5017434440997836,0.2177834922191516,0.513725414787829,-0.18782208266081946,-0.39859171315500463,0.4773232821746468,-0.22912100133889346,0.373747674251506,-0.05114021445832545,-0.5383029896599344,0.0717887912304786,-0.2799095152397585,-0.30547194807149675,-0.49829909227954017,-0.050842893319552794,-0.09949752192088705
Thal_PuI_R,0.4283229522318697,0.16225523283129115,0.6709439055160092,0.009222166525800424,0.16490808049804698,1.0,0.3115099060650328,0.424389694727577,0.6460767284743618,0.1866649998951183,0.12422436700775343,0.42683736366108727,0.050011382707212663,0.38293411785462345,0.512505820084233,0.24409187737606394,0.3117204822374334,0.5098123440444009,0.26566246290645834,0.4308153718839988,-0.04275658172939624,0.4507813250567504,0.2576950259930285,-0.11890476365631301,-0.002753690754443317,0.4875637176661702,-0.09038897078286039,-0.19642663300604074,0.5657502521142095,0.32400806965123397,-0.2586784993562409,0.42632684126479564,0.5242266554606079,0.4259930484527238,0.40275578785306504,0.4880493469768952,0.4230611072990509,0.19192134960245058,0.4826184347566446,0.3630125080051485,0.6111784074064066,0.14064591404092194,0.24340173509083698,0.2441132130497939,0.39483817762818546,0.12851239196443812,0.30700957529207434,0.30245318096036483,0.35586694192857876,0.44622349280645346,0.5315720859874469,0.4041841201563066,0.28078386456052645,0.22072471346526523,0.47997082258357476,-0.04935008377406664,0.2449830784631208,-0.07270688019727657,-0.061676658815618686,0.1101971978932159,0.07075767614772092,0.10140685673570109,0.09809009273348701,0.2191321995853124,0.04864323317323224
Thal_LP_R,0.30657765859789343,-0.05676996141023947,0.3345828391380224,0.21037138751591994,0.33151629438794994,0.3115099060650328,1.0,0.4322925849497077,0.4666037884438154,0.05728240559325604,0.4088501963511233,0.35793936509591495,-0.3111431675251005,0.1374595649165989,0.16797032583647784,-0.2504240712535702,0.10426347810549454,0.3176489755904038,-0.11597259533718972,0.5271950099292868,-0.2715551764034989,0.1372492895262193,-0.11266650610877213,0.29735109537101484,-0.2626969665963389,0.2480831267251747,-0.03958218315865776,-0.4341811487811705,0.40303015625478233,-0.06532605160847932,-0.21364326632766473,0.6044075482227348,0.5734727832902519,0.2322309418256662,0.3057002921354094,0.12852150781387478,0.467947962130898,0.17630951685864057,0.27969124514204513,0.2569149279645475,0.33575631074621737,0.15018641023883508,0.5120071780582404,0.48485511449788865,0.24044819787571073,0.39964583343540283,0.02970379645446812,0.06764001185925395,0.20629755784985523,0.5657823021276137,0.0622630659760243,0.5018066471941103,0.010318276922725904,-0.16059080211959004,0.48544664406080945,-0.14338651005960543,0.5101645725250231,-0.07936161420755788,-0.4548344625143742,0.36226548497872013,-0.20561396580403005,-0.0025610299831999093,-0.2664181967508797,0.024372527514538417,-0.33800368090375416
Thal_PuL_R,0.4022901329624569,0.1741503257914021,0.48969202255703653,0.08971498870318934,0.0892350410759093,0.424389694727577,0.4322925849497077,1.0,0.504918469559109,0.2997772791489861,0.5917552666249513,0.3377524260209567,-0.07530066413553502,0.43530766911226054,0.38333843484477614,0.015685100951782,-0.008295386784491515,0.5925219463616391,0.08901899864052572,0.4293605522362922,0.19505278827451356,0.419092594567861,0.2293968483958006,-0.11680816593012633,0.13767684399722785,0.4865623257583454,0.14271998216375636,-0.06092149481474806,0.5208820489266125,0.39740809641195135,-0.0335269216843714,0.6032346549647455,0.5247943760474382,0.19476586553285513,0.6650028033689088,0.3277613101155848,0.43030155808714954,0.14912089864758143,0.2820637062782982,0.35761605291050536,0.5703588362139034,0.15942439994127727,0.32599954754821925,0.08017214331235159,0.6327803734417461,0.1613315202783756,0.16104871246467756,0.4776182790656025,0.2566978391779673,0.3780196445481927,0.0016938295490686428,0.24429712429241346,0.17915005802055883,0.33544393476375944,0.36433119041640266,-0.014620810148301536,0.3681631781659195,-0.1122519489084113,0.06305661040208141,0.2061257095156367,0.14287041842077206,0.08471897068087715,0.15390662195352128,-0.04552956579876912,0.001075678183201552
Precuneus_R,0.6501146704616355,0.4243625881991377,0.880902811840784,0.2913709469708581,0.3754717808178089,0.6460767284743618,0.4666037884438154,0.504918469559109,1.0,0.35623054435021134,0.22971330245386526,0.6274366196749271,-0.07422786367354663,0.5159553035690836,0.6615801372363517,0.09010793784945706,0.39238290368455747,0.6971538554384438,0.3406729590426334,0.649617046907505,-0.09265081155254283,0.5508397526489442,0.21631656471508018,0.06479942378149985,-0.00729702023622641,0.29781055251262883,-0.06098192269784872,-0.3452415982476843,0.836218786619566,0.3287986687639552,-0.051946603357570974,0.5398899353097423,0.8318590872175086,0.5670578565979284,0.5517481258566731,0.4152305596359232,0.5467166292122007,0.4932315639335838,0.6623311247595401,0.4420462627594361,0.7586705264936954,0.3403185281154133,0.4393226598035606,0.5228937018822302,0.4080317917620502,0.30696578609741043,0.08853507189091836,0.3944737333914408,0.4462263994778979,0.7347378239239799,0.3401135723185136,0.692401505199839,0.2555408965688074,0.24127540129378014,0.7426610367150687,0.15679442236176683,0.3289857203475769,-0.034537558485724,-0.18646191650196486,0.2137311479351686,0.17283159581116467,0.13540800375299375,-0.06378344313037017,0.3137765429546295,0.04550781225621098
OFCpost_L,0.5290913735694369,0.5341098117338567,0.38815101621337933,-0.07270510836797964,0.1275148823629694,0.1866649998951183,0.05728240559325604,0.2997772791489861,0.35623054435021134,1.0,0.24716292100617535,0.2776508612501587,0.2422700813227426,0.5198615218790931,0.4730940811493279,0.4567018194707514,0.4911407381205229,0.491906723582279,0.22963553673648077,-0.09989787848952743,0.34892048297510003,0.4344068372365284,0.34931511704818635,-0.010528323743914934,0.3327738919040917,0.44475265453017976,0.005193374726579907,0.17478978096242445,0.4108428637649229,0.43821558044751885,0.1316512984853859,0.2272844337203696,0.2330362888121764,0.2749519319864907,0.35701261439214116,0.05149248372397956,0.3643951916476158,0.06878091566373006,0.07869251354718641,0.268387455574341,0.4723224967965236,0.49979767098058625,-0.08492188239826808,-0.12090131698598228,0.1885600910588797,0.06829360972785498,-0.059773885713897024,0.16175696743249154,0.11164014131048798,0.10086623698193785,0.07714087763493409,0.012107313944633564,0.2770417089481047,0.5934214141742407,0.12422174620890869,0.15639722699552977,-0.21317989613888422,0.17544636558916976,0.4510368207700364,0.3380048306559935,0.6387515170211346,-0.0789017363682677,0.38750246403146843,0.34303839644199935,0.17628108330659428
Thal_LP_L,0.15069547508787495,-0.0713501669254307,0.16102400550110377,-0.0898829524315775,-0.02027402885587107,0.12422436700775343,0.4088501963511233,0.5917552666249513,0.22971330245386526,0.24716292100617535,1.0,0.06987758815366771,-0.16552290938239972,0.23486599436612227,0.1069598208224871,-0.15708742685167038,0.14271506147412547,0.3047509302487291,0.020447004391083372,0.1466353856368997,-0.05673299829787206,0.10113339189607722,0.18215509613108524,0.050513020333585734,0.023014959645332622,0.40470134439191985,0.014200722717695688,0.017547649707969067,0.1999651433827818,0.10149670303840751,-0.17115112546909209,0.44107167329541397,0.2581472921998253,-0.042805142190872315,0.2699285153097142,0.23409670966238605,0.16280151690559433,0.27006721983964854,0.023869560818104842,0.04139881691731547,0.16201390757359452,0.12021079762870503,0.2525161974383328,0.1007507257993959,0.40736445097622276,0.22268502684139474,0.07233022568563238,0.25377387917118654,-0.029054749601900243,0.12110700175587044,-0.13645060339948645,0.17235079085339255,0.06294377374949049,0.1315641208066867,0.23484254249844116,0.07815908377902285,0.25069015201144745,0.003155236579510388,-0.013126422828454755,0.3457139804316233,0.05128594838067369,-0.03460841725531528,-0.0717901944739791,-0.030199137998730682,-0.12617095203430734
Cingulate_Post_R,0.6515453910935289,0.5531157556248673,0.5853951245434016,0.29715709304350446,0.25025221799849273,0.42683736366108727,0.35793936509591495,0.3377524260209567,0.6274366196749271,0.2776508612501587,0.06987758815366771,1.0,0.13087418801033138,0.47207954654725065,0.6394224904415208,0.07154977171056259,0.19643725884490118,0.5454985734513277,0.11824734161705865,0.4760315509173956,0.07140894663480249,0.5878762358206563,0.1517289136143561,0.048960662762450785,0.11236413223619102,0.2142683842020363,-0.005911683016809091,-0.1857143733558897,0.6475603624707922,0.3441678468833575,0.09384907848642741,0.5695424878982804,0.6185377381242159,0.8447640720781052,0.5751160755941432,0.045962328839121686,0.5694320569397315,0.319210286015207,0.2507853914984676,0.4790930745667679,0.710999269115551,0.14018755653134374,0.4106153256727358,0.2963276434997113,0.3492068785497863,0.22071204289205523,-0.05629053179817398,0.33085043210517084,0.4765448618571327,0.5555237622731171,0.36320689874794987,0.42041095222219294,0.16516297871982408,0.30772362202006964,0.3515027410685715,0.15852291186672993,0.049528518464875944,-0.20051709175892724,-0.048214943297991135,0.21127893358968416,0.2873202255985835,0.07368234029657593,0.26004196145866076,0.10939669048029606,-0.0644169888150383
Vermis_6,0.19113233749095446,0.38088431419235985,-0.04356074041360387,-0.05579407806379591,-0.47241025425432404,0.050011382707212663,-0.3111431675251005,-0.07530066413553502,-0.07422786367354663,0.2422700813227426,-0.16552290938239972,0.13087418801033138,1.0,0.553382899154071,0.3055279742192297,0.416306362748345,-0.07343863250035661,0.40613916317581844,-0.08870479258292924,-0.2799128328826687,0.6910209120738766,0.5144468635244174,0.264515263702974,-0.5435107049245159,0.69431377137565,0.1939283959708352,0.2503757847995158,0.5977638035982681,0.2608018596668549,0.4808834934565887,-0.00993284860330319,-0.03296704661148913,-0.09696562474480226,0.09590510807348702,0.302703915585822,-0.09266539039181702,-0.07426160501922363,-0.00877621902574705,-0.22779306338531294,0.058793479293151825,0.35612358193986376,-0.20405387838042785,-0.007954029763477324,-0.5732658289530338,0.2551166633795582,-0.3931526738062951,0.17072930197969458,0.3108037314862338,0.08024098984154529,-0.1858122759957107,0.06023176615489949,-0.4187098132536105,0.38097603203291447,0.705893970185342,-0.3868739506403844,0.12791363784574156,-0.5648580909934912,0.021290979189366788,0.7010675115469918,0.11727608925599506,0.5078039328199105,0.2967687038253992,0.6429346969107039,0.07971701630637286,0.26923562225443476
Vermis_4_5,0.5201713475179408,0.6530981864574602,0.47625872208436715,0.04760406029892054,-0.21640524962951416,0.38293411785462345,0.1374595649165989,0.43530766911226054,0.5159553035690836,0.5198615218790931,0.23486599436612227,0.47207954654725065,0.553382899154071,1.0,0.6347313827348988,0.4589241782098828,0.2659192251262072,0.8810720646554226,0.16826769757926613,0.10939818196544403,0.41333368516077496,0.7100124419015892,0.4693941630819159,-0.39690602798693014,0.6070506563448657,0.3506124512431738,0.10700778402865048,0.26695766483554945,0.7054292667098265,0.64567043645235,0.14985438137313456,0.4618403643613136,0.4507630124745617,0.40022368236065403,0.5955991350450056,0.23314625193444677,0.30768963422568113,0.33144944301126217,0.17198020565814356,0.3676225845287933,0.7069575788486397,0.11250706385051744,0.27143445661431487,-0.1367630111517072,0.47931267306229797,-0.01793155320832413,0.10576733152310101,0.5335516078934559,0.3157319606066647,0.24258459128836682,0.15927772193657486,0.02011106997548239,0.5719679885445241,0.7699513535361142,0.11862250373645658,0.2724995526817454,-0.2005418226780426,-0.09690181138393134,0.4687060624161591,0.2906995937775883,0.5660965458667703,0.3300141551627717,0.5214638966771192,0.2860854054529458,0.13294531776420065
Frontal_Sup_2_L,0.823382670371305,0.7525273740465511,0.7024025890020046,0.08745604057512012,0.05438952334231832,0.512505820084233,0.16797032583647784,0.38333843484477614,0.6615801372363517,0.4730940811493279,0.1069598208224871,0.6394224904415208,0.3055279742192297,0.6347313827348988,1.0,0.2572350516746858,0.4361611364009359,0.6865708737706765,0.3897363611598966,0.2273371173132845,0.212850629760643,0.8771838140421993,0.31213705865052616,-0.05489931215704331,0.39383529378578164,0.31612656761057145,0.011875708198499585,0.03332300695072047,0.8181645750552403,0.6859407545186196,0.12741786023624488,0.4618286576514726,0.5474295843636525,0.7097541355783592,0.6395588985204674,0.13356507868380726,0.5494528209659821,0.3187436005193312,0.4561516345169268,0.44942035388404655,0.8063122604116267,0.18437960532044628,0.38098219865414296,0.0077676335915576,0.36998743890486124,0.17515352849561563,-0.05365179059827665,0.5575679687838125,0.6689824850322457,0.49521511267114277,0.4451530377134856,0.1723668055584311,0.18747751140860267,0.6304412315719992,0.15822822660450622,0.4547312386361802,-0.1581815521002397,-0.049018063865928656,0.2859854751317261,0.3178896618451048,0.5371415959242273,0.3050301424920264,0.48591028747531495,0.26715379903253594,0.07681275634152684
Cerebellum_Crus2_L,0.11889173360735945,0.40278766418314493,0.16051184716361416,-0.21468053712071739,-0.33842753962026384,0.24409187737606394,-0.2504240712535702,0.015685100951782,0.09010793784945706,0.4567018194707514,-0.15708742685167038,0.07154977171056259,0.416306362748345,0.4589241782098828,0.2572350516746858,1.0,0.3323082110350041,0.28085518383901115,0.30254901923368643,-0.22395345359918517,0.3516206577288599,0.3454988590217893,0.44848781656238684,-0.4529091634330552,0.4681623457147227,0.06305515608764488,0.05024291690855794,0.29171858928199135,0.13853871775793525,0.41004027936618787,0.22910574279776202,-0.08991280558252324,-0.031240916643631874,0.1545864749160702,0.1350086171657448,0.2512796297628315,-0.019446117106506622,-0.03223500629639955,0.006388209370964844,0.014445461454825477,0.1889344578563148,-0.0341559520914702,-0.32288128934702437,-0.23796195331481923,0.11922269534535024,0.015504836668640323,0.1575295049271839,0.3035004634546803,0.10670551389727848,-0.17209741978472115,0.07502194478186915,-0.19621016750589979,0.29260458958215624,0.510129624023667,-0.11704362740744408,0.22526206495071768,-0.36789777880707975,0.16719932607727472,0.505964408252381,-0.01020247884035025,0.530130794536573,0.27835230523712956,0.4963424948792075,0.4436525298156748,0.24612207531274746
OFClat_L,0.4567699052118407,0.28289569337647125,0.37215356668377797,-0.08673206079278009,0.11123783219295919,0.3117204822374334,0.10426347810549454,-0.008295386784491515,0.39238290368455747,0.4911407381205229,0.14271506147412547,0.19643725884490118,-0.07343863250035661,0.2659192251262072,0.4361611364009359,0.3323082110350041,1.0,0.218025992942855,0.18903080511142203,-0.02939340222214619,-0.18533172846704876,0.3005611201924093,0.14816358868762292,0.18356470293088697,0.02883997071496394,0.17788538211992916,-0.2277856499396925,-0.14541194658051035,0.30580477247534094,0.1578171764390077,-0.07847480250519114,0.05025915626365747,0.3042854644514249,0.23005671822513812,0.1249709202601224,0.08514241789615148,0.23922728523853004,0.1319037445076014,0.08658249110487397,0.023024407364331766,0.20297641940007619,0.1510054593565145,-0.021812706548495427,0.2877313717338374,-0.03161051377996255,0.3916938551217242,0.02691456552932445,0.12238469096581822,0.25664139038388956,0.2313340734867603,0.24680596900280755,0.3529451645157596,0.028388623818423053,0.17676103169690885,0.3647940266726433,0.2922669087064379,-0.05530168066327326,0.22192818090519503,0.044228826698106224,0.2683198193401178,0.4955971990263265,0.07137851832016454,0.09581486795573227,0.47266740340055285,0.020256280797858198
Cerebellum_4_5_R,0.6603688581338093,0.5535816345167742,0.6163239927279628,0.15512012918364962,-0.02133517554019962,0.5098123440444009,0.3176489755904038,0.5925219463616391,0.6971538554384438,0.491906723582279,0.3047509302487291,0.5454985734513277,0.40613916317581844,0.8810720646554226,0.6865708737706765,0.28085518383901115,0.218025992942855,1.0,0.2276021867660814,0.35074897157363544,0.387932834496044,0.7548337309230652,0.3984864045501264,-0.27698802264075256,0.4571540737888675,0.4785116275066784,0.12363663878965474,0.06356034682510167,0.8307817815288855,0.6082034432669524,-0.014728133135806837,0.636561635511936,0.6548248989357628,0.4583412906952187,0.6865134969830899,0.3364231269327294,0.5468673507876166,0.31738267349570887,0.4035585846388754,0.5164692708445813,0.8445018250526894,0.16606902752984065,0.484419798320826,0.03383209141668402,0.5808110101752807,0.06544639335002458,0.15328792049085677,0.5469083651644161,0.4806757016497608,0.5031483351652838,0.2593063723840598,0.22614012731059832,0.4881661424401042,0.6767908935594072,0.32407368439707634,0.18846206338454013,0.021387126606031214,-0.021007623066219835,0.26140799453483377,0.3308275397254209,0.4227040174340447,0.2462672460855371,0.3864186850196482,0.2700361721744545,0.0355851639843415
Angular_L,0.1955923566034289,0.36693442040390145,0.4014033615197456,-0.07942238804924551,0.07986566439756988,0.26566246290645834,-0.11597259533718972,0.08901899864052572,0.3406729590426334,0.22963553673648077,0.020447004391083372,0.11824734161705865,-0.08870479258292924,0.16826769757926613,0.3897363611598966,0.30254901923368643,0.18903080511142203,0.2276021867660814,1.0,0.03774080306095741,0.006573562632234885,0.2561404950801272,0.5143781992024374,-0.10080663918879963,0.1359215005453547,0.05589422179676292,-0.05164807552913061,-0.01603240790005954,0.24425071802073,0.4381326268950077,0.26433786172926665,0.08883343892297181,0.11718030371190388,0.42811431355789054,-0.018695052014551558,0.48108497323132204,0.18654676396437228,0.2462319835618576,0.6531769480183336,0.22041660908081717,0.19333164172382192,0.2653067107314088,-0.03772459529243397,0.07107431172308404,-0.03604622461321219,0.16867315864904908,-0.18452392028958167,0.285268820864439,0.3415059252184155,0.14918711379622554,0.24475278741134526,0.04615364702850147,0.05383363871522072,0.16689283412854813,0.0337076887999032,0.3370147745150152,-0.13806170221125205,0.08730939944723383,0.057960116695405794,-0.005970323815124272,0.06420351531083439,0.13557604793119954,0.09839163449908703,0.2094850463049928,0.0006709583238189441
Thal_PuI_L,0.3380085187127606,0.07997522509480172,0.6009637592638292,0.36037159799664636,0.43337098458063134,0.4308153718839988,0.5271950099292868,0.4293605522362922,0.649617046907505,-0.09989787848952743,0.1466353856368997,0.4760315509173956,-0.2799128328826687,0.10939818196544403,0.2273371173132845,-0.22395345359918517,-0.02939340222214619,0.35074897157363544,0.03774080306095741,1.0,-0.23260324609039876,0.18515683090936247,-0.17181966639007648,0.14097248448637845,-0.3118831450885991,0.04482342826350485,0.03732924668536287,-0.5003116820210991,0.49888028057976197,-0.06914360515260584,-0.08945957329840708,0.5009790685670612,0.7611386859563546,0.35445431161884916,0.42745131664981567,0.3176625165299546,0.44304345520437255,0.15589132272669579,0.4796600059849788,0.38654440467676066,0.4841303601093014,0.11606307450713539,0.46983867378974226,0.6630364818301948,0.3000283190774981,0.32420523661341183,0.014387407031155845,0.24746278140128075,0.2942892199812314,0.7138368708303803,0.12079774038227273,0.7644685826484354,-0.055372030458707644,-0.22411803108225453,0.7318755494139965,-0.15598346858945183,0.6095679731021428,-0.1335514894500587,-0.5898699489260486,0.09013468817087858,-0.20884721408374488,0.02171492775746714,-0.26386457388515094,0.058094027912854056,-0.07761372645856947
Cerebellum_9_L,0.18723349189610533,0.344683065258857,-0.08421656875799084,-0.03680651631790583,-0.38484395257605275,-0.04275658172939624,-0.2715551764034989,0.19505278827451356,-0.09265081155254283,0.34892048297510003,-0.05673299829787206,0.07140894663480249,0.6910209120738766,0.41333368516077496,0.212850629760643,0.3516206577288599,-0.18533172846704876,0.387932834496044,0.006573562632234885,-0.23260324609039876,1.0,0.42938747094795526,0.1976740204872019,-0.46619790284251467,0.6373312209294686,0.23111839092817027,0.3001251305189062,0.5974944574669867,0.17719481260015857,0.484616733134091,0.1517349735235325,-0.016687480118864742,-0.10028667096007936,0.013407866472322755,0.3899966478214467,-0.1319699498447917,-0.02846642301048625,-0.04966433947767615,-0.14420782535019708,0.11085783595217194,0.34875816013132116,-0.13479641840839343,-0.08408650151971918,-0.5839977555780538,0.34019757348752466,-0.3630834105145146,0.1167045541148961,0.242957617947686,0.04641036758984849,-0.21253147852241533,-0.08567374164010805,-0.43517913718937457,0.2728628667587674,0.6935992022579192,-0.36018112190353646,0.10110780531714263,-0.3637828969308415,0.10059217651155047,0.7098159863995228,0.010871115939641237,0.47777085075652254,0.06582601568813612,0.5947235868092018,-0.04452546322762355,0.32423957750180266
Supp_Motor_Area_R,0.7640030553334932,0.6680169619489317,0.5605560924549545,0.126872631068742,-0.18055714270854922,0.4507813250567504,0.1372492895262193,0.419092594567861,0.5508397526489442,0.4344068372365284,0.10113339189607722,0.5878762358206563,0.5144468635244174,0.7100124419015892,0.8771838140421993,0.3454988590217893,0.3005611201924093,0.7548337309230652,0.2561404950801272,0.18515683090936247,0.42938747094795526,1.0,0.3080573313427948,-0.268080027637062,0.6054691010804029,0.355727308368771,0.11586869566645717,0.13355831017824987,0.8126264792801469,0.6882181921161058,0.021487570665012723,0.4549793784079041,0.5330661551835439,0.57505953770094,0.7051865041790266,0.11292651140367324,0.4441202740425524,0.25459968537597943,0.3177879878596965,0.40002241461175514,0.8187068656184949,-0.00880078965786355,0.44668732363115166,-0.134727527801497,0.4974433966555385,0.13628486719790892,0.16971461730644632,0.6223009787843278,0.6750255968203557,0.42175801602030105,0.4110084671157513,0.044329732044932416,0.22633585524669592,0.7341486978381708,0.04607921609402672,0.41147569788322075,-0.20239060634544145,-0.05074089082120972,0.3996335641806644,0.3542492592926075,0.5542107008007533,0.43995320608125627,0.6145988183642034,0.18993405063331648,0.08259860892030381
Raphe_M,0.1486358118094182,0.3615744433760761,0.25566890167883327,-0.1110396662247456,-0.16605396277727583,0.2576950259930285,-0.11266650610877213,0.2293968483958006,0.21631656471508018,0.34931511704818635,0.18215509613108524,0.1517289136143561,0.264515263702974,0.4693941630819159,0.31213705865052616,0.44848781656238684,0.14816358868762292,0.3984864045501264,0.5143781992024374,-0.17181966639007648,0.1976740204872019,0.3080573313427948,1.0,-0.3517680972239329,0.4306975544190094,0.2907384746886605,0.0060838488323990015,0.26135159189440316,0.2779775302213623,0.5377270466680716,0.1500571264390932,0.24312794840530633,0.031884001467061183,0.3149834189283132,0.21705302333049356,0.48461811399799604,0.08455154835404965,0.16633794201124014,0.21762051844058392,0.27763811104160574,0.27759234083004797,0.1571034555736486,-0.11065211077678105,-0.2647752356560502,0.20144499051356354,-0.15033556245371224,0.012258051681288316,0.30577259152274827,0.1251943951178901,-0.04809337867180002,0.18104151560567758,-0.19544817999887637,0.36718252331395523,0.4559969964924564,-0.11629175526287011,0.22322916347992125,-0.2663766515750116,0.0568825628522825,0.41253972086882484,0.058301948305790344,0.2708212618069808,0.12466376073960217,0.31891643748991216,0.10972004153902991,0.037825083954923434
Frontal_Med_Orb_R,0.11674246677449632,-0.17480564001925677,0.07674075536646761,0.07998743989234972,0.5690776315766783,-0.11890476365631301,0.29735109537101484,-0.11680816593012633,0.06479942378149985,-0.010528323743914934,0.050513020333585734,0.048960662762450785,-0.5435107049245159,-0.39690602798693014,-0.05489931215704331,-0.4529091634330552,0.18356470293088697,-0.27698802264075256,-0.10080663918879963,0.14097248448637845,-0.46619790284251467,-0.268080027637062,-0.3517680972239329,1.0,-0.5192131281950677,-0.0657497865075042,-0.26261309533246785,-0.5168327577519882,-0.06495995460515948,-0.3142329937595916,-0.0874380734976373,0.028662979725343367,0.13886691825872122,0.07233836727615596,-0.12395295037025456,-0.2840258940643683,0.22202173143141404,0.024092035596802307,0.06502257164580909,-0.014928432747763443,-0.11854368560719958,0.32714322730134365,0.17901257919346325,0.3926670995115724,-0.35566376210524586,0.28718564782840594,-0.3586301236217481,-0.32344078743888033,-0.026471728361447202,0.3270430828118962,0.06319628046888302,0.2973033164749752,-0.3948238315515047,-0.43583524455699074,0.2023479231112451,-0.08963074556856941,0.3071156078468185,-0.03230725856008387,-0.4855926896312145,0.12732482930151728,-0.281894259052934,-0.20476889394864756,-0.46932377297164635,-0.13241373063829215,-0.2262118547098895
Vermis_10,0.29395910135049375,0.4834764659022847,-0.0013562880113909253,0.041503732706295114,-0.5894062576121892,-0.002753690754443317,-0.2626969665963389,0.13767684399722785,-0.00729702023622641,0.3327738919040917,0.023014959645332622,0.11236413223619102,0.69431377137565,0.6070506563448657,0.39383529378578164,0.4681623457147227,0.02883997071496394,0.4571540737888675,0.1359215005453547,-0.3118831450885991,0.6373312209294686,0.6054691010804029,0.4306975544190094,-0.5192131281950677,1.0,0.21288458121017548,0.12044277690462384,0.5431954373263022,0.34898903267324893,0.6279068046240641,0.13500289098591012,0.1529392408679627,0.0066446281268873215,0.1495205032154785,0.4302970691103717,-0.034150663608441705,-0.013664465113781565,0.12553999170120725,-0.15270252521616887,0.17430005916837832,0.32534830722351227,-0.1580899538225555,0.11637946960853103,-0.5314075941409686,0.3578770264482408,-0.2114534084451236,0.1652973978626893,0.3892375849839369,0.21305814213302335,-0.1472224419553581,0.03700793595571631,-0.44606198946763703,0.30485754197955356,0.7285385161217518,-0.4336293760821393,0.4305395810264,-0.43382097219691806,-0.036779613141328035,0.7254859754844651,0.1813813245806829,0.55789467327474,0.39732067792424586,0.662350824673155,0.05287055665364078,0.1856469664318468
Olfactory_L,0.3837754435837511,-0.04227817954611896,0.26391539353991256,-0.08643304923093521,0.04502388341106052,0.4875637176661702,0.2480831267251747,0.4865623257583454,0.29781055251262883,0.44475265453017976,0.40470134439191985,0.2142683842020363,0.1939283959708352,0.3506124512431738,0.31612656761057145,0.06305515608764488,0.17788538211992916,0.4785116275066784,0.05589422179676292,0.04482342826350485,0.23111839092817027,0.355727308368771,0.2907384746886605,-0.0657497865075042,0.21288458121017548,1.0,0.01618193445662638,0.04118817659755933,0.4009684972393585,0.3374880276615632,-0.49087353560808955,0.45245034069681334,0.263616279907966,0.12001480502301737,0.34855227455621435,0.18026456301342125,0.4437615705906466,-0.02235608495497392,0.150556162695177,0.29429282308385346,0.4701625320513108,0.27278650621031614,0.21381095140149214,-0.14379102921324588,0.4525329101319319,-0.036207524689269875,0.31091744602866267,0.08994033018296954,0.20475555103895277,0.21129869663577258,0.365187194039269,0.0039606860825625095,0.19187360048970228,0.33874896398217197,0.15700242110684082,-0.21626318452827764,0.011206790150012694,0.09491349683005335,0.2017073606787401,0.43252010882212677,0.15318938079184183,-0.10852446468762232,0.2064038165360185,-0.03247675108476607,-0.1670495035011211
Vermis_7,0.014979812439715077,0.0985301557974949,-0.06346893887336756,-0.006565919719605411,-0.18529878517985707,-0.09038897078286039,-0.03958218315865776,0.14271998216375636,-0.06098192269784872,0.005193374726579907,0.014200722717695688,-0.005911683016809091,0.2503757847995158,0.10700778402865048,0.011875708198499585,0.05024291690855794,-0.2277856499396925,0.12363663878965474,-0.05164807552913061,0.03732924668536287,0.3001251305189062,0.11586869566645717,0.0060838488323990015,-0.26261309533246785,0.12044277690462384,0.01618193445662638,1.0,0.16882148560846919,0.022339673484374035,0.10376838359468439,0.06247990174356951,0.01160530328533775,-0.008386408771014892,-0.06605792788764159,0.12999502630828674,-0.03393056533331816,0.013359027753653222,-0.17330927096053003,-0.011694894535660352,-0.010952838836293709,0.09153987807763497,-0.14956433816378448,-0.07656693523682681,-0.18916664037964698,0.12645920757435636,-0.04973047341019353,0.0073897486053169275,0.12780549784658612,0.05524939065186856,-0.058153102831255105,-0.10488113019712862,-0.16066629252618833,-0.12998829289536612,0.1633490490620426,-0.08844332653755374,-0.03436341533827274,-0.14718987397155392,-0.053547804590584606,0.15685549382561456,-0.04835949652767371,0.11265723931093631,0.07820084719349593,0.2925195505230326,-0.07168053031573393,0.10114222874812302
Occipital_Inf_L,-0.16432205379868095,0.23011715192443877,-0.2752693417348167,-0.23692053561916987,-0.5070266907426841,-0.19642663300604074,-0.4341811487811705,-0.06092149481474806,-0.3452415982476843,0.17478978096242445,0.017547649707969067,-0.1857143733558897,0.5977638035982681,0.26695766483554945,0.03332300695072047,0.29171858928199135,-0.14541194658051035,0.06356034682510167,-0.01603240790005954,-0.5003116820210991,0.5974944574669867,0.13355831017824987,0.26135159189440316,-0.5168327577519882,0.5431954373263022,0.04118817659755933,0.16882148560846919,1.0,-0.12141107409933624,0.3389379994282849,0.190794194571938,-0.22848774938468455,-0.447733628124722,-0.18677685458885698,0.0737571697827593,-0.08450622035583927,-0.3889237919547344,-0.025559567714370877,-0.35096560255606507,-0.05753646219879465,-0.00383034474973046,-0.14821399727983817,-0.37770394878931884,-0.6419653562336823,0.18497107247309552,-0.5903011380182828,-0.026679401764863254,0.1556917034651311,-0.24384679918633578,-0.5743297924257038,-0.1984954692664401,-0.5420506068473551,0.3197440996305592,0.5583929531132762,-0.48630448002156895,0.18063853673169994,-0.4187590307707113,-0.10500975988643899,0.7542018610985091,-0.13615841398295414,0.45440438657992216,0.00788099358554754,0.47627231382497875,0.05045971056657835,0.351017446149324
Supp_Motor_Area_L,0.7725173031724551,0.55766110097426,0.8068090932804648,0.26427761768151803,0.17155637713632343,0.5657502521142095,0.40303015625478233,0.5208820489266125,0.836218786619566,0.4108428637649229,0.1999651433827818,0.6475603624707922,0.2608018596668549,0.7054292667098265,0.8181645750552403,0.13853871775793525,0.30580477247534094,0.8307817815288855,0.24425071802073,0.49888028057976197,0.17719481260015857,0.8126264792801469,0.2779775302213623,-0.06495995460515948,0.34898903267324893,0.4009684972393585,0.022339673484374035,-0.12141107409933624,1.0,0.5812934169486946,-0.057237527921985984,0.6742696807344227,0.8150084997739419,0.6122846949591749,0.7347862314344578,0.27956605889532793,0.627584317371039,0.3916767893617954,0.5369004544561811,0.5540010381583482,0.882471364109046,0.2719400432843003,0.617156400744999,0.21115922078261354,0.5346561247914879,0.1671007693826288,0.09043159984588299,0.49975902745796513,0.5540889500024803,0.7265202263182978,0.4356129154941775,0.4012397314730878,0.31308873605242565,0.48196189657107685,0.4151238024309818,0.25939130865631854,0.14986118227295095,-0.08973855423478062,0.05991407490856024,0.3661031329782518,0.29341752966855844,0.28884318938797127,0.21331446349043923,0.1991095771300688,0.04184257839945337
SN_pc_L,0.4709763576822849,0.6075898439656418,0.42478337839970876,-0.1308604052564685,-0.2243635302609468,0.32400806965123397,-0.06532605160847932,0.39740809641195135,0.3287986687639552,0.43821558044751885,0.10149670303840751,0.3441678468833575,0.4808834934565887,0.64567043645235,0.6859407545186196,0.41004027936618787,0.1578171764390077,0.6082034432669524,0.4381326268950077,-0.06914360515260584,0.484616733134091,0.6882181921161058,0.5377270466680716,-0.3142329937595916,0.6279068046240641,0.3374880276615632,0.10376838359468439,0.3389379994282849,0.5812934169486946,1.0,0.2085913943921674,0.3063314006014044,0.23247219491747698,0.44826247805376307,0.5482916820609859,0.21334117552072274,0.30397055929520606,0.18341671182897695,0.2330197142313855,0.336552932495832,0.5725147460525494,0.09125473855193028,0.1096648393530298,-0.3458412872586775,0.4242474109559774,-0.08944235591118942,-0.004114039157789217,0.5388127565795098,0.35811512633128395,0.15780887388863246,0.25243632814581307,-0.18563417189049236,0.36955674347402284,0.7376842155626083,-0.16019477816084984,0.4178806577264605,-0.30501517611636547,-0.08589730241504993,0.5708976687670143,0.10974938141799735,0.47705857487349407,0.2570817505950692,0.5608498257002286,0.05542934521299871,0.160131576867328
