,Raphe_M,Amygdala_L,Thal_PuL_L,Thal_VPL_R,Frontal_Inf_Oper_L,Parietal_Inf_R,VTA_L,Calcarine_L,Cerebellum_9_R,Frontal_Inf_Orb_2_L,Thal_PuA_R,ACC_sup_R,Vermis_9,OFClat_R,ACC_pre_L,Insula_R,Frontal_Sup_2_R,Cerebellum_6_L,Cerebellum_Crus1_R,Lingual_R,Thal_MGN_L,Caudate_L,Frontal_Med_Orb_R,Thal_PuM_R,Raphe_D,Temporal_Sup_R,Thal_LGN_R,Cuneus_R,Frontal_Sup_Medial_R,Red_N_L,Supp_Motor_Area_R,ACC_pre_R,Thal_PuA_L,Cingulate_Post_L,N_Acc_R,Frontal_Inf_Oper_R,Red_N_R,Olfactory_L,Vermis_8,Thal_MDm_R,Rectus_R,SupraMarginal_R,Precuneus_L,Angular_L,Parietal_Sup_R,Frontal_Med_Orb_L,Cerebellum_4_5_L,Heschl_R,Thal_MDl_L,Thal_VA_R,Olfactory_R,Rolandic_Oper_R,OFCpost_R,Lingual_L,Thal_PuI_L
Raphe_M,1.0,0.18104151560567758,0.027561048919351034,0.36922307298817225,0.4263232573372458,-0.0601419396404527,0.0867286604050122,0.4153477021398408,0.32363691667405226,0.2708212618069808,0.22322916347992125,0.29330853482460345,0.32542646685826593,0.03521795031472107,0.17872375251977016,0.06332046231110579,0.27759234083004797,0.36993409128278604,-0.1593013306296015,0.2880541461975993,0.36718252331395523,0.3615744433760761,-0.3517680972239329,0.27542723413719955,0.461682767500208,-0.18585920835284367,0.09908879303847482,0.149991033672237,0.1251943951178901,0.4956806060224421,0.3080573313427948,0.31891643748991216,0.48461811399799604,0.3149834189283132,0.35341601171567094,-0.0666579770314548,0.20144499051356354,0.2907384746886605,0.24849760683466166,0.29625071419800847,0.06488271434939709,-0.16020506615445962,0.2347301845313225,0.5143781992024374,-0.11629175526287011,0.1428393379219705,0.49146770655302136,0.1842154972042939,-0.2663766515750116,0.27763811104160574,0.09583278185180653,-0.04809337867180002,-0.10135539508411508,0.4605340597113479,-0.17181966639007648
Amygdala_L,0.18104151560567758,1.0,0.18315222321200203,0.36416725410724493,0.3485793170822794,0.06963052314014773,0.19687784040302742,0.05390515914214708,0.18999134114748262,-0.09287541096013956,0.053556985087370695,0.0980441777847951,0.01261238947250309,-0.05932373883872698,0.06457838422141655,0.41620134115757973,0.3834445416592995,-0.14784591471160705,-0.014641151007134935,0.14549545472038813,0.021122187496632732,0.1347771424554496,0.06319628046888302,0.11469540049755467,0.243118128299422,0.28117630043853004,0.3542470234353231,0.18483986714258213,0.47860497406551417,0.116929853508368,0.4110084671157513,0.12607329979757656,0.25584544813587806,0.45253070286539393,0.20985775900088058,0.3878111509705952,0.16893752087181135,0.365187194039269,-0.029510098250533582,0.08301208766588122,0.44039219237215604,0.050193453391437805,0.40269164925311773,0.24475278741134526,0.101054888881551,-0.10896630206238452,0.15883169384899581,0.4613456400841236,-0.06174426624319733,0.3913149552129551,0.3003093230723426,0.39942706440566833,0.33101005996423216,0.12312029350683174,0.12079774038227273
Thal_PuL_L,0.027561048919351034,0.18315222321200203,1.0,0.592596718410011,0.5545781295095263,0.586242039804236,0.3717054473800574,0.3846484915885564,0.182549508803026,0.2489765887779688,0.12240646368687759,0.42623622448246035,-0.12015319968270557,0.18026579129667647,0.11951248802215847,0.45431276401893206,0.7085725407122149,0.02443548289815149,0.37070072678664084,0.4576906596065913,0.11420742575345323,0.37534110591801084,-0.13411385342960644,0.4796091486363093,0.40983853755946975,0.6166376302012587,0.4707220166766001,0.2926925214360722,0.42245608807498186,0.43286936452814806,0.652153012830275,0.21925163785174626,0.13958462070850763,0.4239600225463177,0.13231616960653617,0.6863085850427691,0.5689683764676092,0.1677861111636906,0.15989674462428824,0.5808307823150518,0.2356412584199259,0.6620731629055329,0.4806732571543544,-0.05860949447853489,0.4360672389986837,-0.19852586192608315,0.5214942121646916,0.6487513622681592,0.34609069679304716,0.45692455225775597,0.27516039912073725,0.6116866147217256,0.23160040027197426,0.3582138380673824,0.649568723797588
Thal_VPL_R,0.36922307298817225,0.36416725410724493,0.592596718410011,1.0,0.6873625677063595,0.09061720139268445,0.2431399296313517,0.5930680592864835,0.6141794281235284,0.4236121163622874,0.38425853480920796,0.5800901663866345,0.20989527743201133,0.20699430738095814,0.38280600912900464,0.403813806645657,0.7272655062018181,0.43935368059363794,0.12189567954694507,0.5019877959122675,0.21436061405187096,0.6552563651209701,-0.289208872008167,0.5412434714925343,0.5914476741658484,0.2341036155926261,0.5256769456368213,0.08351122235339767,0.5180505474355405,0.722340473598992,0.842895885378084,0.5976470730788672,0.09298063819094826,0.5612281165816733,0.5688415144772226,0.3689362259934142,0.4894132981328334,0.3186362166591485,0.41342921757424445,0.537582528229899,0.1776268846217928,0.058786670281989827,0.3223306298555613,0.20533711291351175,-0.15370652612565097,-0.17633766310050836,0.679505835181134,0.5938123198920484,-0.22256633534105633,0.5033475909509634,0.2737861002777809,0.3530371711396155,0.19133460481741962,0.42504210910198825,0.15454684780248604
Frontal_Inf_Oper_L,0.4263232573372458,0.3485793170822794,0.5545781295095263,0.6873625677063595,1.0,0.4045704740871665,0.2405270420571927,0.6134891821458671,0.3393327243738517,0.48017607077838165,0.18480341489733895,0.6420653732499128,0.17656390400284697,0.0782110756071479,0.273570408679132,0.3643877761677082,0.8300582560889108,0.34302122983630046,0.15795367236926217,0.6031303202815292,0.2962947303010847,0.6535530298514775,-0.20788269657393402,0.555899819480608,0.6288718317909308,0.2641290547843892,0.3668270495615912,0.421517233633642,0.442681911533713,0.5978313275413824,0.7466895430071083,0.40101740977517286,0.2724288374365267,0.5209650950175949,0.47214006137712083,0.5061273802548449,0.4596638701622907,0.4374920536491988,0.2808467141367515,0.5974913101750396,-0.011569815618020632,0.3377396438714172,0.6126696360949293,0.3727093136142901,0.22205089170530073,-0.08490129106756479,0.77507374539362,0.5789677405960664,-0.0853583913944888,0.5508890971369435,0.5266497885893233,0.4999029168665266,0.029729239162518847,0.6018301102340445,0.2766866988556007
Parietal_Inf_R,-0.0601419396404527,0.06963052314014773,0.586242039804236,0.09061720139268445,0.4045704740871665,1.0,0.14960692921231228,0.19183782395217752,-0.38130391357994176,0.1997320580302208,-0.13551600705051325,0.2397849741423028,-0.10573161419446019,-0.012263013868517605,-0.05801772792031767,0.18886058601428674,0.5723373850058904,-0.2462661141114096,0.48216563593265865,0.3934307687047316,0.22311059789702017,0.16887539149942393,0.055357576688996345,0.1824165298475188,0.2136513604315707,0.5482258759657126,0.32134064944045526,0.6524155107310989,0.17031745941552134,0.03310233828020713,0.25850389706038757,-0.18466473461279312,0.23266133547397477,0.21316791955023276,-0.03601369025603437,0.6632274248415996,0.3873437616150776,0.25081833525316166,-0.23101027868540058,0.3163593963820712,0.05325310267376974,0.8909759330960157,0.6287185881453432,-0.02633899810487562,0.9000756864859131,0.06633184845646577,0.3712725655211271,0.3955942022317561,0.5017313254093422,0.32690005190583915,0.37723879741049426,0.5217844773912113,0.02481792925158673,0.33511031117308054,0.6957188768995135
VTA_L,0.0867286604050122,0.19687784040302742,0.3717054473800574,0.2431399296313517,0.2405270420571927,0.14960692921231228,1.0,-0.020918884867920463,0.1892894942635496,-0.024831064899842957,0.06139275295515401,0.1969470390498844,-0.23578647483075785,0.3376056686944566,0.20468409035658222,0.5919348248518697,0.2613037312095043,-0.26980327160228995,0.14563287332300268,0.08439311215422533,-0.08610799209721774,0.16469250595593715,0.06071596115438847,0.3320823301983171,0.168984818247933,0.5239203166127439,0.2281167495726316,0.23161354420261465,0.3987109772493144,0.18314473526160077,0.2820925676020973,0.05389518057416639,0.027454505323454354,0.33307316307555135,0.10298411857383925,0.4338087299840211,0.09281015522569946,0.08227242917335008,0.15924768311268148,0.12670821288221693,0.1694021420341911,0.24155354823894273,0.33108952522250407,0.11807129102014358,0.17063410144559504,-0.29455503711930486,0.14313822632354634,0.3792254460733266,-0.013426124621097373,0.17633887010873026,0.3335045232833332,0.5102296594692586,0.48893838167862114,-0.01956146805065339,0.32250272071378633
Calcarine_L,0.4153477021398408,0.05390515914214708,0.3846484915885564,0.5930680592864835,0.6134891821458671,0.19183782395217752,-0.020918884867920463,1.0,0.4720839053997597,0.521178689364646,0.32261250317563,0.5606972770620822,0.3358914665606158,-0.058214274385526746,0.1705265982674252,0.005862670619595797,0.6119148802732383,0.6663937719860977,0.0362695382593318,0.6863783355957677,0.5671221427793712,0.546593668031038,-0.3241571519647625,0.4342178210302283,0.5713082601086071,-0.0599699602660862,0.3083021429394594,0.22996440446900251,0.09844091524755118,0.6322451647256979,0.6457921975809697,0.4180194251343318,0.1420325265548628,0.36059261428707123,0.33889471620071365,0.08822081894770378,0.4821252773218394,0.29900140921612656,0.35260908701854704,0.38962665983729994,-0.02214276239194316,0.16052517100929514,0.3294288611535786,0.12403196899931448,-0.031905174844023804,-0.010548820860595106,0.8326907119208846,0.47896093549430896,-0.2305579729225173,0.18319060714171206,0.08812203832998775,0.09470740512792997,-0.23435333583419968,0.650075351765243,-0.03023754579239063
Cerebellum_9_R,0.32363691667405226,0.18999134114748262,0.182549508803026,0.6141794281235284,0.3393327243738517,-0.38130391357994176,0.1892894942635496,0.4720839053997597,1.0,0.2826807829698456,0.391356345944837,0.28481958091623594,0.19771035242723675,0.15957834819042332,0.2588766657495776,0.19605223214891207,0.2273883718608417,0.5540101408329218,-0.24230093417910623,0.17899026159587725,0.09344306371060733,0.42334838941472425,-0.16283066865962809,0.3777245082154545,0.3477885728071462,-0.11714309511499417,0.18834379496012085,-0.22123586628472264,0.19173642599791582,0.5811196629567759,0.5098523333480603,0.4320699471658026,-0.16133010182769814,0.31781955118532584,0.3722035995577784,-0.07591914181191448,0.17089777060366598,0.10560486601384933,0.47668083374948106,0.20388581822762045,-0.010259643898582901,-0.3247150380614847,-0.07082296860081114,0.13379941477403806,-0.5501510973399449,-0.20704205933438433,0.36555126298765334,0.32211519395531113,-0.4515525863699353,0.11321706424062265,0.04112191938314938,0.04755941644657391,0.04259476792626137,0.10676065787152195,-0.30394841104592096
Frontal_Inf_Orb_2_L,0.2708212618069808,-0.09287541096013956,0.2489765887779688,0.4236121163622874,0.48017607077838165,0.1997320580302208,-0.024831064899842957,0.521178689364646,0.2826807829698456,1.0,0.33046934949749585,0.6134421599507833,0.34825363346248767,0.09344251788459039,0.5915657730808828,-0.14216096207884973,0.4125767084356002,0.6217526148588797,-0.0037048104372676377,0.46508736111637666,0.22157340097996947,0.6910945991357396,-0.281894259052934,0.38342594374510613,0.31470727435109974,-0.25639462580575995,0.3001764254702931,0.07656803851964755,0.20793058346842963,0.4618235096194881,0.5542107008007533,0.6887376329411139,-0.1865010889216419,0.2325546098580001,0.5825923285622153,-0.135307331892206,0.18951511780714836,0.15318938079184183,0.4568505269404252,0.24103415720109425,-0.3015668184824702,0.029268813556560698,0.06527354468359665,0.06420351531083439,-0.025452182981256427,-0.26351902154023416,0.5917281460348637,0.18319797546786587,-0.45558158757919615,0.10384188191572388,0.24507610189876722,-0.1522264031756884,-0.14833152189761198,0.5098987230326961,-0.20884721408374488
Thal_PuA_R,0.22322916347992125,0.053556985087370695,0.12240646368687759,0.38425853480920796,0.18480341489733895,-0.13551600705051325,0.06139275295515401,0.32261250317563,0.391356345944837,0.33046934949749585,1.0,0.3597577961498903,0.04800658162081095,0.32054958052444554,0.3459633505051697,0.2462149422033349,0.13802070034640826,0.2703556894309327,0.17927068270708332,0.34653658044843694,0.04060522564264117,0.4885628129830063,-0.08963074556856941,0.572921312149504,0.14594167923421633,-0.07867542016121401,0.17912664120961094,0.24053981810427244,0.22846478494325506,0.4110469616046225,0.41147569788322075,0.2706686795351114,-0.018871686915878916,0.31573337336412843,0.4303184656979384,-0.08662921908452108,0.11723432336894132,-0.21626318452827764,0.2749815765790102,0.16630839347403487,-0.03512597346931711,-0.1921149443900486,0.11765613929159183,0.3370147745150152,-0.2155269739262356,-0.11939533850255286,0.25310708671256904,0.20151187788344832,-0.1932094103822139,0.035679477998618335,-0.05757712450028717,0.03987273192122807,0.16974629515384598,0.3389949220755892,-0.15598346858945183
ACC_sup_R,0.29330853482460345,0.0980441777847951,0.42623622448246035,0.5800901663866345,0.6420653732499128,0.2397849741423028,0.1969470390498844,0.5606972770620822,0.28481958091623594,0.6134421599507833,0.3597577961498903,1.0,0.1895549710599492,0.3145704001338773,0.4972511926139617,0.26194763009143446,0.586858049626609,0.41735924715712014,0.17479861162943577,0.5583399411267798,0.30231321482219076,0.6377092596792979,-0.3966430008003794,0.4783785903132654,0.5170492553730945,0.07925079599477439,0.4563689458603151,0.2630526775054358,0.4256434984238243,0.5431993512080088,0.6711612816061757,0.6204101707739181,0.10520293288492695,0.36490215944783005,0.5357491696510515,0.20578616480693082,0.3537726031144618,0.21995858864051207,0.439102477114877,0.38091679509706683,-0.003401380940788709,0.14398870246077114,0.32411310562843443,0.21040116394636182,0.05103294831787614,-0.2933228578589401,0.6870299544064129,0.40895842933931575,-0.31135917156180143,0.31737314938128125,0.26169989494533186,0.21860968020520066,0.08068033173891409,0.5858286433728407,0.10303602495287136
Vermis_9,0.32542646685826593,0.01261238947250309,-0.12015319968270557,0.20989527743201133,0.17656390400284697,-0.10573161419446019,-0.23578647483075785,0.3358914665606158,0.19771035242723675,0.34825363346248767,0.04800658162081095,0.1895549710599492,1.0,-0.19273233078149432,0.22785090416183637,-0.26475596741002105,0.0877007969451458,0.5737818517582733,-0.2818062046896623,0.16769972851655093,0.28596704790093136,0.03432461659634409,-0.21569481338771757,-0.16725881332814876,0.398136901344472,-0.36615487683741377,0.009776034275213261,-0.1739880410147602,-0.15567093791673622,0.36185965589757,0.18084676135598948,0.3647191555160494,0.014335717730742875,-0.15788091586500475,0.10147404064859204,-0.2400029777949859,0.28301768888036827,0.47098856256285954,0.20602692558522648,0.1426454857059602,0.07809075294145922,-0.2232010540597019,-0.17578106225515894,-0.015569415499038028,-0.28993828950037387,0.08822496327797111,0.35258196975891415,-0.16051347406798327,-0.2472421559712387,0.06375459060756208,0.0005190570964977035,-0.34090387989783383,-0.16797991868278697,0.26930794872866815,-0.4117993127231784
OFClat_R,0.03521795031472107,-0.05932373883872698,0.18026579129667647,0.20699430738095814,0.0782110756071479,-0.012263013868517605,0.3376056686944566,-0.058214274385526746,0.15957834819042332,0.09344251788459039,0.32054958052444554,0.3145704001338773,-0.19273233078149432,1.0,0.33601715150500233,0.4859857496597716,0.041136265300833336,-0.13444431999667178,0.15890067165668914,0.09117842716866255,-0.22448747169318464,0.17552810746356265,-0.18329143840293805,0.19211228107825687,0.06822668445939055,0.23933432292065301,0.2991133660229252,0.12443179087393999,0.40703689090112716,0.21790833328632858,0.2618356125248761,0.1970722436055478,-0.06522894053532495,0.12464971067821559,0.21446864019193582,0.16216766287178633,-0.017094755234575557,-0.1621955584810015,0.38202703807414684,0.0020341218522967005,0.10162475544687102,-0.01673164735525213,0.05527385770175128,0.10679103198744276,-0.04238647159610069,-0.46245204396285877,0.07029437311784735,0.11615534482713313,-0.16199243895212725,-0.0987929579365143,0.12075969701660944,0.20279127009892,0.5198486213083503,0.08717760080373202,0.11063673801565357
ACC_pre_L,0.17872375251977016,0.06457838422141655,0.11951248802215847,0.38280600912900464,0.273570408679132,-0.05801772792031767,0.20468409035658222,0.1705265982674252,0.2588766657495776,0.5915657730808828,0.3459633505051697,0.4972511926139617,0.22785090416183637,0.33601715150500233,1.0,0.2993063428002376,0.2174634772947882,0.18953650409307818,0.022498540562524486,0.24682193574572042,-0.08218414921645464,0.5033571301726898,-0.10709635056821934,0.2881326302879663,0.3356722489533627,-0.0028704282782077697,0.33177284032175847,0.05992468466557994,0.45997229037306103,0.41131979016309206,0.46063678682433573,0.5974657705588202,-0.09972000168823777,0.30556652917170674,0.5322891491949174,-0.0340118926760611,0.10541305671386744,0.155265612417593,0.3622330606569256,0.21563567302586314,0.10843947198464328,-0.14667078263245129,0.10736237655668321,0.2210725274460561,-0.14051389562903793,-0.4766610296638911,0.3186177338193375,0.21807940899843858,-0.3990748374617286,0.13387646820726623,0.32350639810259824,0.023278991741628303,0.36343614636269733,0.2982752121274771,-0.1455853310539194
Insula_R,0.06332046231110579,0.41620134115757973,0.45431276401893206,0.403813806645657,0.3643877761677082,0.18886058601428674,0.5919348248518697,0.005862670619595797,0.19605223214891207,-0.14216096207884973,0.2462149422033349,0.26194763009143446,-0.26475596741002105,0.4859857496597716,0.2993063428002376,1.0,0.38356129035568465,-0.4553668700215073,0.2978594018698739,0.2717315367164091,-0.19691431062694809,0.22393261230377026,0.18996268413194697,0.3574361847699858,0.34901766570473763,0.7524131040508771,0.37898332329930345,0.4479876824003457,0.6609434855708346,0.24945319821258097,0.46458002815401184,-0.010246085966525232,0.24812460791350546,0.513860584394188,0.19171028333480988,0.6916730124604081,0.15409449461200883,0.12736008801399198,0.09613648959233653,0.18124916121833493,0.41723426960209803,0.310408404171165,0.5752199558660361,0.28053412183254156,0.2509105984497326,-0.35372413590755375,0.175754351543029,0.5733350760279414,0.17340812051803853,0.31603326075605587,0.47920698469382694,0.7960009958334944,0.8265620085785642,0.16211898915555142,0.48437478361045144
Frontal_Sup_2_R,0.27759234083004797,0.3834445416592995,0.7085725407122149,0.7272655062018181,0.8300582560889108,0.5723373850058904,0.2613037312095043,0.6119148802732383,0.2273883718608417,0.4125767084356002,0.13802070034640826,0.586858049626609,0.0877007969451458,0.041136265300833336,0.2174634772947882,0.38356129035568465,1.0,0.2080045489105784,0.3637268615442107,0.6585061440859696,0.3178324056918078,0.6213125300994581,-0.11854368560719958,0.5302181236785083,0.5669602169156921,0.45527568761604365,0.5570092670506696,0.4226961576453518,0.5566181011920992,0.5024307328974191,0.8187068656184949,0.37574667764821573,0.19785747290034963,0.6206478917730566,0.39480267251288864,0.6528612937666299,0.5447572565600695,0.4701625320513108,0.09796200338148692,0.5763961847856481,0.1516393689671187,0.5050725388337928,0.7049392535450613,0.19333164172382192,0.37025236927212085,-0.12851476224812866,0.7887950238469291,0.7264961288384253,0.07669654809192855,0.5986288743454569,0.4900466449678107,0.5958656865307841,0.09280861940799076,0.5475776784230462,0.4841303601093014
Cerebellum_6_L,0.36993409128278604,-0.14784591471160705,0.02443548289815149,0.43935368059363794,0.34302122983630046,-0.2462661141114096,-0.26980327160228995,0.6663937719860977,0.5540101408329218,0.6217526148588797,0.2703556894309327,0.41735924715712014,0.5737818517582733,-0.13444431999667178,0.18953650409307818,-0.4553668700215073,0.2080045489105784,1.0,-0.2935770428001912,0.3503791669257381,0.4159425457198268,0.39535597456063554,-0.4915674971427811,0.15971344746212537,0.3150690548218522,-0.595680242731142,0.02523646572712363,-0.2955533407069169,-0.16427678395292145,0.539312951080517,0.38060299550281806,0.6121308168590638,-0.15086724618044456,-0.05190786458616768,0.31768384156612495,-0.43816049540092283,0.2701889250335932,0.1709375540277799,0.4913859924799396,0.24594728200122443,-0.23915743542196433,-0.35162558111727515,-0.2985546849512494,0.006118068021816293,-0.5202988783308039,0.0933676348194976,0.5515347454686096,-0.042752119944973,-0.5232905829540424,-0.008550653174523738,-0.228404537381602,-0.46512380222223026,-0.5104518338322303,0.4077276882458227,-0.5356636534595768
Cerebellum_Crus1_R,-0.1593013306296015,-0.014641151007134935,0.37070072678664084,0.12189567954694507,0.15795367236926217,0.48216563593265865,0.14563287332300268,0.0362695382593318,-0.24230093417910623,-0.0037048104372676377,0.17927068270708332,0.17479861162943577,-0.2818062046896623,0.15890067165668914,0.022498540562524486,0.2978594018698739,0.3637268615442107,-0.2935770428001912,1.0,0.3220942526315124,-0.08354749773757689,0.2842851980726068,0.1690510719890818,0.2989643972789097,0.09985296745845194,0.48295827720750545,0.2871276201525587,0.3764464711811228,0.20294164324393685,-0.0502285586641704,0.14673487634513405,-0.165372139982456,0.07824639307491062,0.3297482574648662,0.13159741260827473,0.48254240015671995,0.18430604082276542,-0.1060906282810445,-0.269613208858501,0.1508055434121139,-0.10122966893697839,0.49204304326162096,0.4020957201527776,0.004604562688521908,0.4424976876676409,-0.012129521999478253,0.09658529948519971,0.32737170006002175,0.3032676379922366,0.3074910889367314,0.25104020927457954,0.5098783102385372,0.11247246146425713,0.1063902097256127,0.5483669372866722
Lingual_R,0.2880541461975993,0.14549545472038813,0.4576906596065913,0.5019877959122675,0.6031303202815292,0.3934307687047316,0.08439311215422533,0.6863783355957677,0.17899026159587725,0.46508736111637666,0.34653658044843694,0.5583399411267798,0.16769972851655093,0.09117842716866255,0.24682193574572042,0.2717315367164091,0.6585061440859696,0.3503791669257381,0.3220942526315124,1.0,0.46096809455702503,0.5675744299157414,-0.258468198608976,0.44001135637372824,0.5053811820725506,0.18116889488010157,0.4222915244684589,0.5176831509745277,0.35053681296056466,0.4674165558731285,0.6689796360360902,0.3177225621144065,0.2967775349197052,0.3406393881820757,0.2981855208393474,0.32128114120886325,0.3950337876990436,0.16666344595179136,0.3001207198226783,0.37056799141179736,0.06178788002605962,0.3274008702960139,0.5007127621790195,0.22397202418705398,0.25193072963010166,-0.07923267482982166,0.8027498746483687,0.483168292062579,-0.0508305944873035,0.2837764087022753,0.17394826984740147,0.3416306676111053,0.061273789932309176,0.8470733457455826,0.2032915129909224
Thal_MGN_L,0.36718252331395523,0.021122187496632732,0.11420742575345323,0.21436061405187096,0.2962947303010847,0.22311059789702017,-0.08610799209721774,0.5671221427793712,0.09344306371060733,0.22157340097996947,0.04060522564264117,0.30231321482219076,0.28596704790093136,-0.22448747169318464,-0.08218414921645464,-0.19691431062694809,0.3178324056918078,0.4159425457198268,-0.08354749773757689,0.46096809455702503,1.0,0.20686178283220208,-0.3948238315515047,0.0897914743959583,0.2469610274131577,-0.12314782081703056,0.08445695622554375,0.21453662244524477,-0.10168452081351967,0.2921783652420589,0.22633585524669592,0.1339749351070023,0.31940568492941257,0.09053325378848924,0.07832351237176405,-0.0022747089403235884,0.3506104570860166,0.19187360048970228,0.15607478132719002,0.29628086265109466,0.09551328170116333,0.14076163612821443,0.1872349753977736,0.05383363871522072,0.09961943777128872,0.2553241405471257,0.5397559218904687,0.13964699929043514,-0.02350167652878904,0.17875623161873525,-0.18458902522507775,-0.09218084758768899,-0.32190480197388616,0.47819405560917505,-0.055372030458707644
Caudate_L,0.3615744433760761,0.1347771424554496,0.37534110591801084,0.6552563651209701,0.6535530298514775,0.16887539149942393,0.16469250595593715,0.546593668031038,0.42334838941472425,0.6910945991357396,0.4885628129830063,0.6377092596792979,0.03432461659634409,0.17552810746356265,0.5033571301726898,0.22393261230377026,0.6213125300994581,0.39535597456063554,0.2842851980726068,0.5675744299157414,0.20686178283220208,1.0,-0.17480564001925677,0.7576329376773762,0.4127862296971299,0.03809161347411552,0.4301816113964101,0.27633658333911904,0.4373289857015938,0.5100295207010064,0.6680169619489317,0.5837606387515376,-0.000198262343242387,0.6236074227348315,0.8155616979167631,0.15632412234956772,0.15469743961890706,-0.04227817954611896,0.32522857655871523,0.39424364288508545,-0.2801358863758964,0.04554860334681421,0.3787199118080283,0.36693442040390145,-0.024733419859117367,-0.23664783831825664,0.6201946322579228,0.4800526192847746,-0.3709038210071433,0.4280660952967319,0.396822330142162,0.2131802689576632,0.0022561514230705006,0.5100464117915475,0.07997522509480172
Frontal_Med_Orb_R,-0.3517680972239329,0.06319628046888302,-0.13411385342960644,-0.289208872008167,-0.20788269657393402,0.055357576688996345,0.06071596115438847,-0.3241571519647625,-0.16283066865962809,-0.281894259052934,-0.08963074556856941,-0.3966430008003794,-0.21569481338771757,-0.18329143840293805,-0.10709635056821934,0.18996268413194697,-0.11854368560719958,-0.4915674971427811,0.1690510719890818,-0.258468198608976,-0.3948238315515047,-0.17480564001925677,1.0,0.005727376691853258,-0.19245172637167943,0.30482518795448166,-0.209285844734049,0.15001245479413744,-0.026471728361447202,-0.37841574899641645,-0.268080027637062,-0.46932377297164635,-0.2840258940643683,0.07233836727615596,-0.1581140827587475,0.19432634046218003,-0.35566376210524586,-0.0657497865075042,-0.5409158529535263,-0.2664310757075852,-0.0585986778602867,0.17806131302801984,0.15832496493632528,-0.10080663918879963,0.2023479231112451,-0.04071877105711465,-0.3979311740132881,0.04985946127265837,0.3071156078468185,-0.014928432747763443,0.32238373796575165,0.3270430828118962,0.1685160914529263,-0.46678385340676287,0.14097248448637845
Thal_PuM_R,0.27542723413719955,0.11469540049755467,0.4796091486363093,0.5412434714925343,0.555899819480608,0.1824165298475188,0.3320823301983171,0.4342178210302283,0.3777245082154545,0.38342594374510613,0.572921312149504,0.4783785903132654,-0.16725881332814876,0.19211228107825687,0.2881326302879663,0.3574361847699858,0.5302181236785083,0.15971344746212537,0.2989643972789097,0.44001135637372824,0.0897914743959583,0.7576329376773762,0.005727376691853258,1.0,0.2708814382582325,0.1631193963566177,0.29782122144263967,0.41365894105411966,0.42815560500987376,0.42567217499129417,0.5795865048318494,0.285482082062916,0.11590212747221745,0.6146187352942022,0.5007426593442865,0.2638367798312185,0.1900937225687631,-0.14838936576747255,0.19615613889149486,0.4637013958157498,-0.21749853794689822,0.13492302224799374,0.47295319488937476,0.44756913356993955,0.08632261386030536,-0.18797280590776153,0.45419303174508147,0.5089549749444529,-0.025380766056287488,0.3743555503653874,0.28102011252088016,0.39242611979048647,0.047005739583663574,0.3809754045037659,0.2534516033063326
Raphe_D,0.461682767500208,0.243118128299422,0.40983853755946975,0.5914476741658484,0.6288718317909308,0.2136513604315707,0.168984818247933,0.5713082601086071,0.3477885728071462,0.31470727435109974,0.14594167923421633,0.5170492553730945,0.398136901344472,0.06822668445939055,0.3356722489533627,0.34901766570473763,0.5669602169156921,0.3150690548218522,0.09985296745845194,0.5053811820725506,0.2469610274131577,0.4127862296971299,-0.19245172637167943,0.2708814382582325,1.0,0.20916742535050084,0.31136745869814286,0.23477685660620215,0.30628926127845724,0.6603434001090971,0.5766032850014698,0.34652732534580977,0.3221507535289514,0.33579338195560776,0.3054287558112517,0.3070195381765208,0.5655159169597922,0.5588575397037665,0.1270877697321306,0.36355586796359546,0.28766843728154423,0.1924986733378355,0.3739580042334731,0.2597065626517198,0.0545349042539721,-0.02290673889865487,0.6668231099868276,0.4702188811897279,-0.10169492048177954,0.38136100592342337,0.30670493844246044,0.323242560597276,0.14885319248417914,0.48758985341873357,0.12633055452799752
Temporal_Sup_R,-0.18585920835284367,0.28117630043853004,0.6166376302012587,0.2341036155926261,0.2641290547843892,0.5482258759657126,0.5239203166127439,-0.0599699602660862,-0.11714309511499417,-0.25639462580575995,-0.07867542016121401,0.07925079599477439,-0.36615487683741377,0.23933432292065301,-0.0028704282782077697,0.7524131040508771,0.45527568761604365,-0.595680242731142,0.48295827720750545,0.18116889488010157,-0.12314782081703056,0.03809161347411552,0.30482518795448166,0.1631193963566177,0.20916742535050084,1.0,0.30652113939438597,0.424560029183605,0.42292079096238516,0.01036864762632861,0.26824812076151816,-0.27761882439279195,0.15720830328294358,0.47440479597507396,-0.036003686414987426,0.882110108545532,0.26112353753897144,0.12945034412524978,-0.2513133076669626,0.24729483240956748,0.34956185385071703,0.7145012152933701,0.624394554367919,-0.04648697219762378,0.580024927490087,-0.20692013780736004,0.09477634952088604,0.6068767771325407,0.5254566654197795,0.4262613470319464,0.4399470213908265,0.8767411849490845,0.5870661869994142,-0.028023140776748053,0.7741379439667597
Thal_LGN_R,0.09908879303847482,0.3542470234353231,0.4707220166766001,0.5256769456368213,0.3668270495615912,0.32134064944045526,0.2281167495726316,0.3083021429394594,0.18834379496012085,0.3001764254702931,0.17912664120961094,0.4563689458603151,0.009776034275213261,0.2991133660229252,0.33177284032175847,0.37898332329930345,0.5570092670506696,0.02523646572712363,0.2871276201525587,0.4222915244684589,0.08445695622554375,0.4301816113964101,-0.209285844734049,0.29782122144263967,0.31136745869814286,0.30652113939438597,1.0,0.22294194242766296,0.5633558418056523,0.28648138101612214,0.6241175479247117,0.44394502210288167,0.08536702499318867,0.45701385267005146,0.40232946004879516,0.37745522170590917,0.3103550398122271,0.2067444483147277,0.24232305807162774,0.18726295289180375,0.2048041201912271,0.2273318652332316,0.41609686905521387,0.07701142103796106,0.20975478957236182,-0.3656300139182243,0.4594369491019737,0.5007250307312365,-0.1686103024304992,0.24649589223754406,0.3053587565189905,0.3347324775314833,0.3461802406362812,0.3972573751845882,0.3739803092351466
Cuneus_R,0.149991033672237,0.18483986714258213,0.2926925214360722,0.08351122235339767,0.421517233633642,0.6524155107310989,0.23161354420261465,0.22996440446900251,-0.22123586628472264,0.07656803851964755,0.24053981810427244,0.2630526775054358,-0.1739880410147602,0.12443179087393999,0.05992468466557994,0.4479876824003457,0.4226961576453518,-0.2955533407069169,0.3764464711811228,0.5176831509745277,0.21453662244524477,0.27633658333911904,0.15001245479413744,0.41365894105411966,0.23477685660620215,0.424560029183605,0.22294194242766296,1.0,0.33066901731771886,0.07994045624342,0.2971132636591002,-0.25803515848826036,0.39190122070286515,0.30938914633598225,0.10650166094698771,0.49120171959004566,0.14547498355257943,0.0891985645874158,-0.09748974023344874,0.21603793134536553,0.08216325576319568,0.5320144691448677,0.7622339605312525,0.44223028647372503,0.6767221218955196,-0.023754863987122014,0.36144702135292994,0.3474641064810201,0.3216987354477562,0.28688677788978395,0.33433926247722423,0.5374370257272619,0.24804586745394422,0.46780812828189894,0.4602131155856656
Frontal_Sup_Medial_R,0.1251943951178901,0.47860497406551417,0.42245608807498186,0.5180505474355405,0.442681911533713,0.17031745941552134,0.3987109772493144,0.09844091524755118,0.19173642599791582,0.20793058346842963,0.22846478494325506,0.4256434984238243,-0.15567093791673622,0.40703689090112716,0.45997229037306103,0.6609434855708346,0.5566181011920992,-0.16427678395292145,0.20294164324393685,0.35053681296056466,-0.10168452081351967,0.4373289857015938,-0.026471728361447202,0.42815560500987376,0.30628926127845724,0.42292079096238516,0.5633558418056523,0.33066901731771886,1.0,0.28734614021597904,0.6750255968203557,0.3860523717400024,0.13483302344858997,0.5072910748837457,0.32615598076408414,0.4687727793443911,0.2057121003263312,0.20475555103895277,0.2392148782213805,0.21624395950512346,0.2943626011727605,0.11062271658514237,0.4844962607796114,0.3415059252184155,0.13545869159238094,-0.4617894231038973,0.344276796840441,0.46024965284406116,-0.07268510185870605,0.3855713762652159,0.4171351157420039,0.5164893622091011,0.5788732951372174,0.2852136766734346,0.2942892199812314
Red_N_L,0.4956806060224421,0.116929853508368,0.43286936452814806,0.722340473598992,0.5978313275413824,0.03310233828020713,0.18314473526160077,0.6322451647256979,0.5811196629567759,0.4618235096194881,0.4110469616046225,0.5431993512080088,0.36185965589757,0.21790833328632858,0.41131979016309206,0.24945319821258097,0.5024307328974191,0.539312951080517,-0.0502285586641704,0.4674165558731285,0.2921783652420589,0.5100295207010064,-0.37841574899641645,0.42567217499129417,0.6603434001090971,0.01036864762632861,0.28648138101612214,0.07994045624342,0.28734614021597904,1.0,0.6711745803425885,0.5270246828502735,0.1710239051862959,0.3055020569782234,0.3969935482576353,0.1358476646240949,0.568275051768886,0.3135348760314231,0.4840248920828736,0.5363363494199646,0.19184972692617036,0.013032856495996878,0.17317871727623388,0.21728009136995463,-0.18692505627583797,-0.10488028522951946,0.6925874121500445,0.40325473838449505,-0.18854159604065113,0.23722783038777548,0.09027462450297427,0.11566662263804517,0.10373073295515349,0.5249325846836735,-0.0455753714262391
Supp_Motor_Area_R,0.3080573313427948,0.4110084671157513,0.652153012830275,0.842895885378084,0.7466895430071083,0.25850389706038757,0.2820925676020973,0.6457921975809697,0.5098523333480603,0.5542107008007533,0.41147569788322075,0.6711612816061757,0.18084676135598948,0.2618356125248761,0.46063678682433573,0.46458002815401184,0.8187068656184949,0.38060299550281806,0.14673487634513405,0.6689796360360902,0.22633585524669592,0.6680169619489317,-0.268080027637062,0.5795865048318494,0.5766032850014698,0.26824812076151816,0.6241175479247117,0.2971132636591002,0.6750255968203557,0.6711745803425885,1.0,0.6145988183642034,0.11292651140367324,0.57505953770094,0.5142453404717467,0.40749052971957384,0.4974433966555385,0.355727308368771,0.4448284372997222,0.4752963379868271,0.2047627411469988,0.1996487554508722,0.49228556392859324,0.2561404950801272,0.04607921609402672,-0.352434328451541,0.7736247043209513,0.6642053210898418,-0.20239060634544145,0.40002241461175514,0.36632555520377846,0.42175801602030105,0.28783214276011915,0.6210992689798601,0.18515683090936247
ACC_pre_R,0.31891643748991216,0.12607329979757656,0.21925163785174626,0.5976470730788672,0.40101740977517286,-0.18466473461279312,0.05389518057416639,0.4180194251343318,0.4320699471658026,0.6887376329411139,0.2706686795351114,0.6204101707739181,0.3647191555160494,0.1970722436055478,0.5974657705588202,-0.010246085966525232,0.37574667764821573,0.6121308168590638,-0.165372139982456,0.3177225621144065,0.1339749351070023,0.5837606387515376,-0.46932377297164635,0.285482082062916,0.34652732534580977,-0.27761882439279195,0.44394502210288167,-0.25803515848826036,0.3860523717400024,0.5270246828502735,0.6145988183642034,1.0,-0.09051519531164633,0.24131531622552527,0.5604105679422958,-0.16912932373319187,0.2152790676090985,0.2064038165360185,0.6188529501700865,0.2948781965775955,0.0017998839538900817,-0.3167732519828916,-0.09252106861865916,0.09839163449908703,-0.3855340889646826,-0.3057973293887398,0.5363429421266119,0.14621240018979492,-0.6016947767435294,0.14683098086044438,0.1215679191815239,-0.20931725164237344,0.035915310820444364,0.41795528317805275,-0.26386457388515094
Thal_PuA_L,0.48461811399799604,0.25584544813587806,0.13958462070850763,0.09298063819094826,0.2724288374365267,0.23266133547397477,0.027454505323454354,0.1420325265548628,-0.16133010182769814,-0.1865010889216419,-0.018871686915878916,0.10520293288492695,0.014335717730742875,-0.06522894053532495,-0.09972000168823777,0.24812460791350546,0.19785747290034963,-0.15086724618044456,0.07824639307491062,0.2967775349197052,0.31940568492941257,-0.000198262343242387,-0.2840258940643683,0.11590212747221745,0.3221507535289514,0.15720830328294358,0.08536702499318867,0.39190122070286515,0.13483302344858997,0.1710239051862959,0.11292651140367324,-0.09051519531164633,1.0,0.1743534309472148,-0.07400539282851311,0.2586504575297114,0.2981745708640593,0.18026456301342125,-0.0016837357094253915,0.2327631922731998,0.28030684485713087,0.20882137106045248,0.4184367644723007,0.48108497323132204,0.33260693120001106,0.3361627448324856,0.24178382193489348,0.21851125746132358,0.22421074119703618,0.25580811844695994,0.006404134605737692,0.2485691311914503,0.07167201389833826,0.47334633314110974,0.3176625165299546
Cingulate_Post_L,0.3149834189283132,0.45253070286539393,0.4239600225463177,0.5612281165816733,0.5209650950175949,0.21316791955023276,0.33307316307555135,0.36059261428707123,0.31781955118532584,0.2325546098580001,0.31573337336412843,0.36490215944783005,-0.15788091586500475,0.12464971067821559,0.30556652917170674,0.513860584394188,0.6206478917730566,-0.05190786458616768,0.3297482574648662,0.3406393881820757,0.09053325378848924,0.6236074227348315,0.07233836727615596,0.6146187352942022,0.33579338195560776,0.47440479597507396,0.45701385267005146,0.30938914633598225,0.5072910748837457,0.3055020569782234,0.57505953770094,0.24131531622552527,0.1743534309472148,1.0,0.5508478596644109,0.45889378031732214,0.20771457907029772,0.12001480502301737,-0.017352408847449628,0.34774304849839,0.047853018215306894,0.23024798088796986,0.6842593982355818,0.42811431355789054,0.17231861118202793,-0.2539225869613597,0.40005269416972694,0.7417997400791829,-0.03395890523158302,0.534239597453207,0.4404226585718063,0.5565811927226314,0.25440152607092714,0.26916988044018203,0.35445431161884916
N_Acc_R,0.35341601171567094,0.20985775900088058,0.13231616960653617,0.5688415144772226,0.47214006137712083,-0.03601369025603437,0.10298411857383925,0.33889471620071365,0.3722035995577784,0.5825923285622153,0.4303184656979384,0.5357491696510515,0.10147404064859204,0.21446864019193582,0.5322891491949174,0.19171028333480988,0.39480267251288864,0.31768384156612495,0.13159741260827473,0.2981855208393474,0.07832351237176405,0.8155616979167631,-0.1581140827587475,0.5007426593442865,0.3054287558112517,-0.036003686414987426,0.40232946004879516,0.10650166094698771,0.32615598076408414,0.3969935482576353,0.5142453404717467,0.5604105679422958,-0.07400539282851311,0.5508478596644109,1.0,0.014490960779520907,-0.005828030257250437,-0.010877820939720728,0.27877012517586447,0.19246387686816674,-0.26643794402743176,-0.16124644581943368,0.19665474208194084,0.3483038689266836,-0.20473096639832078,-0.25074250424473543,0.3911107677326038,0.3210845325691474,-0.5513926183511199,0.3244142571860034,0.4092155769012427,0.054740556427071464,0.11599502895918037,0.30699558451261416,-0.08416507097213301
Frontal_Inf_Oper_R,-0.0666579770314548,0.3878111509705952,0.6863085850427691,0.3689362259934142,0.5061273802548449,0.6632274248415996,0.4338087299840211,0.08822081894770378,-0.07591914181191448,-0.135307331892206,-0.08662921908452108,0.20578616480693082,-0.2400029777949859,0.16216766287178633,-0.0340118926760611,0.6916730124604081,0.6528612937666299,-0.43816049540092283,0.48254240015671995,0.32128114120886325,-0.0022747089403235884,0.15632412234956772,0.19432634046218003,0.2638367798312185,0.3070195381765208,0.882110108545532,0.37745522170590917,0.49120171959004566,0.4687727793443911,0.1358476646240949,0.40749052971957384,-0.16912932373319187,0.2586504575297114,0.45889378031732214,0.014490960779520907,1.0,0.39020389520266174,0.2954388258798314,-0.15231842954735955,0.408492449560464,0.3179395814744348,0.7400588354407671,0.7113046951054266,0.0346298063932002,0.6358339115404895,-0.08526617548680138,0.2851460937428254,0.6353652487535404,0.5208311840957653,0.5355260408793173,0.5283273653750271,0.9090202876130579,0.4503511918287964,0.1385263685152268,0.7889068199738442
