,Occipital_Mid_R,Vermis_6,Paracentral_Lobule_L,Rectus_L,Frontal_Med_Orb_R,ACC_pre_L,Rectus_R,Cerebellum_8_R,Thal_PuL_L,Frontal_Sup_Medial_L,Red_N_R,Thal_Re_L,Parietal_Inf_L,ACC_sub_L,Cerebellum_6_R,Thal_LP_R,Cerebellum_4_5_L,Thal_AV_L,Cingulate_Mid_L,Frontal_Inf_Tri_R,Occipital_Mid_L,Caudate_R,Frontal_Inf_Orb_2_R,Temporal_Pole_Sup_L,ACC_sup_R,Thal_PuM_R,ParaHippocampal_L,Thal_VPL_R,Precuneus_R,Paracentral_Lobule_R,OFCpost_R,SN_pc_R,Temporal_Mid_R,OFCpost_L,ParaHippocampal_R,Frontal_Inf_Oper_L,Cerebellum_10_L,Olfactory_R,OFCmed_R,Thal_VL_L,Cerebellum_6_L,Temporal_Pole_Mid_L,Thal_PuI_R,SupraMarginal_R,Vermis_8,Angular_R,Cuneus_L,Cingulate_Post_R,Cerebellum_9_L,Amygdala_L,Hippocampus_R,Thal_MDm_L,Rolandic_Oper_L,Temporal_Inf_L,Vermis_9,Cingulate_Mid_R,Thal_PuI_L,Thal_MGN_R,Cerebellum_Crus1_R,Thal_VA_L,OFCmed_L,Caudate_L,Heschl_R,Cerebellum_8_L,Raphe_M,Cerebellum_7b_R,Vermis_1_2,Occipital_Inf_R,Precentral_R,Thal_AV_R,Vermis_3,Heschl_L,Parietal_Sup_L,Cerebellum_Crus2_R,Supp_Motor_Area_R,Thal_LGN_L,Frontal_Sup_2_R,Pallidum_R,Occipital_Sup_R,Raphe_D,ACC_sup_L,Vermis_7,Frontal_Med_Orb_L,Thal_VPL_L,Postcentral_L,Cerebellum_10_R,OFClat_R,Frontal_Inf_Oper_R,SN_pr_R,Cerebellum_3_R,SupraMarginal_L,Putamen_L,Temporal_Sup_R,Temporal_Pole_Mid_R,Lingual_L,Cerebellum_Crus2_L,Occipital_Inf_L,SN_pr_L,Thal_MDl_R,Precuneus_L
Occipital_Mid_R,1.0,0.24738026508307115,0.33421396230242956,-0.027587654221187852,-0.1936147651540173,-0.053598112627806706,0.07938363430680043,-0.0033710004703787063,0.034541271345020254,0.25012566375427503,0.22946712656535087,0.1683028044655477,0.22967952789359378,0.006023136607214854,0.03871689081170273,-0.12307379819602736,0.12424136017454696,0.17944756457604324,0.2346503936153776,0.0038608113299455587,-0.07702150888237266,-0.08361195731771642,-0.0869508166913369,0.2524422433607293,0.1760034263972694,-0.08855776343113764,0.190578987528495,0.33154218924052603,0.3105167222133719,0.36829019030737126,0.16580091214880746,0.08808269731495656,-0.07350780089115314,0.16522329834111368,0.10311245847883846,0.21019223603790285,-0.02689847760019863,-0.04597261529016636,0.022202056013228114,0.2992608736870327,0.1762183039896297,0.3067072410436478,-0.20861844613938177,0.36297099600178345,-0.14391500587183517,0.31282384504623284,0.43160133319872823,0.0934914564610924,0.24211675567636795,0.18523800043376823,-0.040231796633372584,0.24529893136798958,0.1656448599157999,0.338307722123651,0.1494320699701325,0.058138404830712795,0.08221633018367153,0.21083429677961485,-0.12320710526035936,-0.09775340535606816,-0.2239727722620295,0.3423296693243612,-0.05724552188649448,0.2058541036754881,-0.13673976585495917,0.20688868861017018,0.11104933315138481,0.31638910695237393,0.43311072146622753,0.2545934550274468,0.2192000611548941,0.12002061410104804,0.18440833501679066,-0.2543382657176982,0.22247788035363822,0.31765108102744216,0.3336753825437095,0.016926411203457115,-0.30167052965379143,-0.1394845795856809,0.15068931123226723,0.25319233880965186,-0.18953870790245803,0.2695692807245764,0.2133920802315468,0.06626004877825031,-0.20885803422688412,0.0784764397359295,0.22545967690549787,0.34006820767453283,0.288677953263566,-0.027839840867146085,0.06985302360426217,-0.19252521507458922,0.2963129796907789,0.030620407369073958,0.09278370177867133,0.11608429557930709,0.2963777826776423,0.37113878122251137
Vermis_6,0.24738026508307115,1.0,0.34047697112764425,-0.37164259721451665,-0.20500229966314285,-0.18065721019472375,-0.21726819321615753,0.3867226919940238,0.01908817105645808,0.3066705708354733,0.370296921352048,-0.2988528736934711,0.43779968842935635,-0.10506223666327169,0.6401154029464873,-0.08834073248098126,0.5929673451298626,-0.11091286860191726,0.6941046131465604,-0.043315012593941084,0.2550428624446753,-0.2589089077580243,-0.2770495225745822,0.073469232745977,0.1273590877817301,-0.33135040586590875,-0.09894265250805345,0.3521850721951264,0.624020709372533,0.23330988684820017,-0.1660692044637617,0.20045712766270593,0.26796119990744943,-0.2216828909554766,0.12854292163330935,0.5225629491126856,-0.14374358148371782,-0.15067890396256736,-0.22026983787728213,0.05776922391479513,0.6616774877044306,0.3616237992360474,-0.4479897838859288,0.28943333297771695,0.2201725814295591,0.3598211516972455,0.4253873336795512,0.6012244637061429,0.28711414937220175,0.1531943276950595,-0.025922884111328894,0.2271483966218537,0.2271798524348664,0.20462317803420996,0.49532629413735196,0.5781560276470809,0.10339367540251351,0.25169137318592966,0.5902907850042545,-0.2780215378108357,-0.31082445346854454,0.0417698856293218,0.27725912645035417,0.28486349068886063,-0.060714958336836704,0.5878090425179527,0.052272133088754565,0.43162183677873794,0.5028881725513761,0.04086478569792107,0.8206946424199594,0.10563042747995159,0.15247995309175025,0.400816180088683,0.5755992588715448,0.3870026617610517,0.46459164004190684,-0.3261533743883412,-0.024222224020760973,0.059090605523252404,0.04795031931660765,0.8746577214114134,-0.10417039130709212,0.2773302250130693,0.46889770762344296,-0.32302314697231516,-0.18177035975087152,0.2742994208017349,0.013986163814744795,0.6381086401795563,0.638307985065708,-0.23711164546099878,0.28286745781244527,0.25107712268230914,0.8803321059907451,0.25002686008266917,0.30139365714902827,-0.012132303544603368,0.3637194744039436,0.4539592459617251
Paracentral_Lobule_L,0.33421396230242956,0.34047697112764425,1.0,0.03851041703265753,-0.5233396428593284,-0.25483279264046654,0.34162177986060555,0.019610238138782942,-0.09854750930047874,0.5390217830555951,0.5618004221670988,0.22543143451965186,0.7802995644999198,-0.34295410641648005,0.19780045888975642,-0.055373642002866895,-0.15746979805816683,0.45221408476781677,0.6300698855502951,0.0734027383427273,0.12457544292451353,-0.0558702663008538,-0.07152865365792802,-0.016303704509069154,0.49756253874269235,-0.133649102641061,0.07050344816498855,0.4884249365064133,0.7832694359059342,0.788256261872829,0.35459347140000247,0.40699403792948785,0.31653500967647513,0.3170728388125722,-0.1047060567127241,0.2939051189690989,0.20523989732955736,0.2644883281424391,-0.15508585570177286,0.5406664829566363,0.014013896682461049,0.0030043206611640857,-0.3340090598665524,0.8429162690702763,-0.37360948016847895,0.7529841098121903,0.7338989523338677,0.2290571241899829,0.3835945054000561,0.4667724132498482,-0.013692143958576528,0.6967065735956794,-0.11308021654051845,0.016264447920816317,0.34877190747594333,0.2848207449564683,0.33101952505081916,0.5756181308964493,0.17975330141989374,-0.4680937546406717,-0.2647251184651212,0.31184329637449126,-0.06700347375816254,0.1918735309461922,-0.1767796716160483,0.4145376312512529,-0.1649729847541848,0.46584033754117127,0.7611510854959996,0.07734576890002881,0.3749835015238385,-0.25828173893020356,0.6075166119261612,-0.1673750095267728,0.7027874153979116,0.6040576905346869,0.71573712026481,0.15156945533989186,-0.19360398054229552,-0.030480025761694896,0.029905439423496098,0.2148238434648105,-0.4839740801889833,0.4574925165782376,0.7606260953670884,0.13693355920164962,-0.19791633562677122,0.36142456934241396,0.4539554564749704,0.5498639843994099,0.6612877927662181,0.09409897064079377,0.4230462008665573,-0.14822393237627146,0.40278830355026485,-0.22083919543887703,-0.03775067363208165,0.14021552217479474,0.5203959067920404,0.8568254010658641
Rectus_L,-0.027587654221187852,-0.37164259721451665,0.03851041703265753,1.0,0.45288072493982456,0.591217779215327,0.5814075130679927,-0.14412500462638783,0.16686528246460502,0.1718487318688737,-0.3912137046170845,0.647464512604184,-0.09519104915900412,0.21703123291627205,-0.10629244522511863,0.23440067045302027,-0.23425417967376125,0.5152583801023467,-0.010723771266071542,0.35473328379998464,-0.3146766602539111,0.5051854137476403,0.5946725578971617,0.2622974242513966,0.29834830687750324,0.3901982661377118,0.5087194792200662,-0.38534600697992083,-0.02506987434107741,0.12440258306270637,0.4265439870619098,-0.005861323801162439,0.11911932063061416,0.31406377097628824,0.29105321480120955,-0.10260694710697706,0.5413363263515353,0.35222581586977775,0.23866675479612737,0.005994338456482934,-0.3317720522687668,-0.25085251139372855,0.47272997036152914,0.07594249623619596,0.01264351281155736,-0.14936745138269153,-0.2504163089634376,-0.07158637530713396,0.13294888055033036,0.489268847517215,0.46517434828467935,-0.04680677729308969,0.1658686521628705,0.024745101469423623,-0.31566088363517375,0.06276147326037018,-0.2823884812729976,-0.13107948604563321,-0.11739860333379572,0.3309234418346616,0.5643251888846468,0.39983881347183736,-0.04042424282266151,-0.21083283986744542,0.33545747721074015,-0.4120279205940687,0.2872937187067152,-0.3638446406503267,-0.06957009857478219,0.34627383389208377,-0.3258427226068544,0.21459317811347475,-0.04725953768436342,-0.3883962975857751,-0.04663797916304068,-0.21533475209314684,0.15564582441625435,0.5380566741840009,-0.12427218522756525,-0.015493841163952938,0.3253662949767268,-0.5343214313870719,0.27179951018012843,-0.38323631493930194,-0.12614543545349638,0.6538130510060103,0.39277448870047993,0.11467178262617629,0.5640240375271692,-0.1959838894574716,-0.29493599154381756,0.4518658609711041,0.2364163757738966,-0.03288087089090011,-0.4395605134087111,-0.396136621552569,-0.44616470079048165,0.33212074652477747,-0.4954860573630085,-0.010737707783680073
Frontal_Med_Orb_R,-0.1936147651540173,-0.20500229966314285,-0.5233396428593284,0.45288072493982456,1.0,0.6711257490490924,0.04455106030262768,0.07563074723114711,0.1818352304076924,-0.0985066615085617,-0.3087841798694514,-0.011814453814168785,-0.5790653089438683,0.6991313320443732,-0.13613248804057293,0.30838123683519436,0.18635937889765558,-0.21799583292984986,-0.15329567561933796,0.27295533651283865,-0.3634010332553271,0.5709935434141472,0.6308916904634395,0.37447037467700833,-0.3460019995621129,0.4071296047111806,0.3477513023949152,-0.361011264322801,-0.3050275667664515,-0.5267443258248838,0.07288195744516221,0.034017895771793545,0.12272012763224051,-0.04852863536194893,0.31314344186403975,-0.059237208514456734,0.25075121823189855,0.21498915585976996,0.3131258289302276,-0.2818167251927405,0.07828129875222449,-0.1173954031408286,0.3888372984665703,-0.46412192848363915,0.20950575729844814,-0.3140366840979594,-0.5152195060752365,0.11527279535105947,-0.013683853411315432,-0.1107981939093287,0.43640407521794317,-0.5144954370081842,0.3506285784724364,0.14674408770919972,-0.2215852736448412,0.09021546840506171,-0.1853426706746922,-0.4035620952152737,-0.012187527645681748,0.7342664211447997,0.7031548319852478,0.24108299703920452,0.4188771367716515,-0.11972075019300012,0.4402092969702002,-0.30279404670057253,0.3093861536876828,-0.25040421068916013,-0.5444762505550662,0.08109054288475274,-0.1192107527735496,0.26627315658358863,-0.39850474002076947,0.07497399538027914,-0.5019558005315148,-0.573319663858271,-0.24323867706673638,0.2089263855817331,0.029713628947531025,0.32074410628211164,0.3736289465913043,-0.23650827627629717,0.9348671307702084,-0.2959999854007212,-0.5281204104645277,0.20784498102362925,0.244457991413146,-0.012766517560298686,-0.05251966098206972,-0.2826067554216124,-0.43587029641140934,0.27886674524869903,0.0983369646563768,0.1832645564943466,-0.2423408834244397,-0.1178620506332782,-0.12254610870482269,0.3549267996208804,-0.41639142796057127,-0.4126230141932359
ACC_pre_L,-0.053598112627806706,-0.18065721019472375,-0.25483279264046654,0.591217779215327,0.6711257490490924,1.0,0.36254288085498565,0.2053417691778314,0.31936361162625504,0.2720544888174516,-0.34174779032046104,0.412783006650753,-0.4392241118535457,0.5983731843930893,0.11888757218053976,0.34242218789749806,0.26404614642995455,0.319084368944856,0.05289275885138492,0.6549207543864716,-0.35718869134871034,0.6816506517822235,0.7740634718854122,0.5392916379964475,0.31648010810805394,0.5970828293088647,0.6104102001123285,-0.40148997626449207,-0.21320097551992515,-0.26633660556633343,0.38426494093954605,0.20416551217165743,0.21316191401257498,0.3410320770372425,0.5359680564278473,0.15914386323835325,0.5610537423988277,0.37253648141018325,0.3949905833520843,0.026864846696676492,0.131662877233585,0.07820163730122014,0.6626695022658268,-0.1894869054414701,0.3249347173315068,-0.3787395129503027,-0.5216643962525069,0.16497167098741405,0.35384420626705315,0.33389935311467517,0.6684755602629981,-0.3244578023138218,0.5612192775918079,0.27295246961146596,-0.10181374820028351,0.32723604460808414,-0.2318673402246765,-0.25561120023685285,0.0759036289556875,0.694891076551276,0.62624914753028,0.5070635282990337,0.3577177851287986,0.15108812462937488,0.4313262539294112,-0.22690629621357047,0.48664499280214374,-0.3493737599574797,-0.10055538183134352,0.2905832272244449,-0.04916157760764448,0.4554457215326471,-0.42214737081789994,0.08637653652189485,-0.09201300646369726,-0.3746793099052252,0.16682813171658523,0.5604486657989807,-0.016053183305420493,0.27741471350358804,0.6677676316718042,-0.19839073387214345,0.5380359539242973,-0.2406415853454856,-0.27670470841443134,0.5431665648296222,0.529869441450705,0.3097860345096506,0.3974060967577557,-0.03828626816556683,-0.3701320277734949,0.5769160698922602,0.37416409924857197,0.2117838700118106,-0.24172279984260814,-0.004780529243634567,-0.22071655282310337,0.4286319184657345,-0.5300257804659321,-0.3184918112420323
Rectus_R,0.07938363430680043,-0.21726819321615753,0.34162177986060555,0.5814075130679927,0.04455106030262768,0.36254288085498565,1.0,-0.13860955777671896,-0.06694885010882445,0.41693193267032375,-0.09568341836445603,0.6495640389438981,0.10458760478114838,0.26989574041598274,-0.03608242279477835,0.25368280608997046,-0.14989505854317467,0.5293239527489014,0.22530179110561147,0.43655548246199444,-0.24799941455495736,0.40649558076590225,0.5265584369113471,0.39636809908913956,0.4295547190962751,0.45234917927298324,0.5386960288819131,-0.29371441517794783,0.20635134178753411,0.2816176854761695,0.6053543769693785,0.38098607214650754,0.1305267800640804,0.5250098198939642,0.3888655029551769,0.11723009199061409,0.6620013900332696,0.21008333921993935,0.5924261447999637,0.2943945564433632,-0.16812584054437615,-0.15037385527717723,0.4418793001784206,0.31238796736161945,-0.06799170226624299,0.1421841948522641,0.04010445493155363,0.08490540881679537,0.34701956927702754,0.6037587173160549,0.35814141928045823,-0.01912387187646629,0.1857880679573797,0.13959865187184292,-0.13960975624692706,0.18283733374465974,-0.15440073733987586,-0.016653905441814172,-0.07096385033739035,0.1993556985230467,0.34028448716948123,0.45692971319365316,-0.07967453173676198,0.01456779341109957,0.13453644265139697,-0.32566861903383953,0.1097484847786312,-0.23076113605651968,0.2568237692335973,0.12688193948062804,-0.10069613893552261,0.024889973836270247,0.11473016969804219,-0.3889063220593742,0.19203402857884821,-0.05728158302057954,0.3754321397703188,0.7157121694893624,-0.12886241149429759,0.21168578238956845,0.3409778171088683,-0.3952600480616673,-0.03315541504696609,-0.11734102655267516,0.09844762228868827,0.7253328059205936,0.3954993673690345,0.2708761193159262,0.6803195169917272,-0.08823105068317906,-0.03622975836192028,0.5826902914062113,0.3830319970619298,-0.32451958086557386,-0.22762193138381917,-0.3970208202224872,-0.4569890619912138,0.21301397668776212,-0.30234523586499307,0.25182408050733956
Cerebellum_8_R,-0.0033710004703787063,0.3867226919940238,0.019610238138782942,-0.14412500462638783,0.07563074723114711,0.2053417691778314,-0.13860955777671896,1.0,0.2540715432212807,0.3922644555712719,0.22949120165082912,-0.1620457112935273,-0.20400393428445057,0.1083603573710844,0.7128597130612497,0.29216136454946057,0.38253842062657745,0.004618999325553819,0.3417829500351494,0.49824559466997553,0.08667746148678832,0.424186809676395,0.26978559699725285,0.25939795676721844,0.1989953418637343,0.24858099153321167,0.28120708381074205,0.2475551531111929,0.01384615611399945,-0.23700650705595575,-0.04493999031287595,0.2442155762922836,0.6560966009617991,0.1139423588362293,0.29745150724582986,0.1815747294520491,0.35699766236105884,0.3813550356574623,-0.24408696450955547,0.018375426979165648,0.6761278875892013,0.44381895525463044,0.08898351030175392,0.0562015564005966,0.4825577948658488,0.05035352075528609,0.0020818207211276405,0.4518631915585357,0.7333386330140031,0.3420081963274548,0.5349414040577338,0.2579263033714468,0.31088168246669523,0.3376565870224085,0.8144358823415768,0.5326781126331183,0.3757456274757066,0.05868760038253505,0.7147953980056407,0.22781962339126574,-0.11925480250411741,0.2594916862562457,0.6179385315215716,0.8280022370984608,0.5299781316039335,0.5302591275859367,0.3660172327830602,0.03960017431283834,0.1367328894581486,0.12543568872979607,0.5463988997180803,0.24307676395570513,-0.39147083778273967,0.819541258721525,0.22384862953862802,0.0796920637903146,0.30084817864393143,0.1462304913074484,0.08929390721757667,0.30952953717073256,0.27261006108847774,0.481878423434817,0.06771122696711475,0.19845748625222132,-0.08788729239508418,0.12726432052013661,-0.1881430700249203,0.5511734126853867,-0.047626719471946355,0.35959481344753763,0.049454177107767026,0.34231006291368227,0.5548005927873025,0.5706650997044231,0.49420774856909944,0.7288708720723055,0.47526881076128874,0.3486558047350731,0.09365716919358075,-0.11774826561276289
Thal_PuL_L,0.034541271345020254,0.01908817105645808,-0.09854750930047874,0.16686528246460502,0.1818352304076924,0.31936361162625504,-0.06694885010882445,0.2540715432212807,1.0,-0.02777767680244942,-0.05084205590889109,0.10854196018070754,-0.18305578569337314,0.06299463099084951,0.10944248948405887,0.16691232720240368,-0.004990171042045568,0.11465224905687456,0.020241125579112892,0.17878957982058144,0.011196847728797909,0.25369985707433373,0.1588467456287867,0.010749146452044177,0.12545991258895317,0.20669038452712668,0.08006131199765022,0.06327927682019649,-0.009953161301315424,-0.10262677807605901,-0.10366007193948504,0.05442593390982754,0.05250518622153774,0.03156143841115919,-0.03456437908584154,-0.05060666367445159,0.12331710278950818,0.0708709975077049,-0.03757328320712603,0.07788908981447007,0.11721951344946897,0.15423881925753719,0.12888580734913133,0.001102139024409758,0.07187262358099593,-0.07867374512999603,-0.13444908753376966,0.07006210437269651,0.21233845837817084,0.11456946921543858,0.12796121645831582,0.06384775565513763,0.11976983552247449,-0.004939824064114556,0.20040851447737823,0.1472859861376118,0.16962990061182898,0.0795859397167196,0.11830724837988674,0.16196821397418304,0.02112815997056956,0.128350485115337,0.14843634093058702,0.20037040989256732,0.11797128832485132,0.17010843569671538,0.24193979742432933,0.03575744652926238,0.05431804627249437,0.22215055988039004,-0.03217982693621037,0.18795156587442183,-0.1442696551145727,0.14964130173486995,-0.0010471903467744197,-0.046258539211297856,0.09894501995879947,0.1383635380367224,-0.0021959207310707474,0.04058394887312774,0.22563589768211112,0.06249189370891153,0.14105487155790222,0.08317905864282613,-0.07011095482310699,0.06488756870630681,0.06792975356630308,0.10182319501035124,0.06404594538862703,0.1197184079976134,-0.10892587041611014,0.07376224717938488,0.07258541867399568,0.2050277280324014,0.006460616242477852,0.11890942090675921,0.08049182977883762,0.058372641189891626,-0.05008044439132638,-0.10727189253346348
Frontal_Sup_Medial_L,0.25012566375427503,0.3066705708354733,0.5390217830555951,0.1718487318688737,-0.0985066615085617,0.2720544888174516,0.41693193267032375,0.3922644555712719,-0.02777767680244942,1.0,0.27308428968264264,0.2741437250753872,0.27060375772835416,0.23739635315562535,0.45102627858379896,0.33587146122535205,0.2962816023547075,0.3830683998963658,0.7692128323991506,0.6226499360126213,0.023418135037947877,0.38243077985952945,0.36211650711762305,0.38445865789967715,0.6553231538489075,0.34052558723313187,0.4556881586002519,0.24015086027877308,0.4003539650899996,0.2782636015157063,0.3965519241726488,0.4430511812085412,0.5341480900849376,0.4323520718121408,0.4056238733094384,0.7059925906877457,0.5629900174162108,0.5079360973160956,0.11932352053240614,0.45246534033827995,0.34261298570053184,0.09942216735037851,0.08786102739036031,0.4677399609985173,0.19448171643881657,0.3463626873133323,0.2941345361716705,0.5918500355589625,0.659918619226593,0.5901563994905776,0.5250267861230679,0.30802691697397006,0.5162061420877434,0.3938696127415506,0.37405825595494185,0.7133255470852108,0.17247279348728922,0.21188333428038522,0.37894213977206903,0.17916235719110318,0.0012075655450424843,0.6930848869103042,0.4543311068103448,0.4650567610109177,0.2908954007035046,0.22271694239135495,0.24824746233374445,0.05263308380627126,0.5896001133531461,0.31268381453758454,0.5586679576720303,0.21595295296412761,0.017139763683098677,0.2123009855955606,0.6448478324940081,0.200575496809853,0.8468582851760958,0.44950088353731493,0.029970339424935894,0.30368337090274367,0.6435654910691028,0.19859607943092675,-0.047255641161489934,0.3287794281033088,0.4494700559852735,0.4309984822652443,0.015164780904513089,0.7101532413884323,0.41818373188144065,0.4155569280768713,0.46640103654138115,0.48098910211169194,0.7397465173743542,0.020373084951209357,0.34946839232630134,0.12773659423646172,0.21275096155216133,0.40256109693160824,0.20519822661893888,0.4009835379367086
Red_N_R,0.22946712656535087,0.370296921352048,0.5618004221670988,-0.3912137046170845,-0.3087841798694514,-0.34174779032046104,-0.09568341836445603,0.22949120165082912,-0.05084205590889109,0.27308428968264264,1.0,-0.21905928123162693,0.423327649344431,-0.11509739069573834,0.009833042226787355,0.1489309027227415,0.048588011640902935,-0.05811789208826018,0.3815048163541643,-0.01786782629463254,0.15431973588140352,-0.07833347741190308,-0.14040442938415457,-0.056269219246014704,0.015293361642773916,-0.04681546087958919,-0.06295488920899112,0.605218767175361,0.5315564136743322,0.3001768669091261,0.060804338562182106,0.49579194645680075,0.18494609951976906,0.19160924876888777,-0.13467802893425668,0.17484063362479618,-0.004753096117275843,0.24321541883885237,-0.2447878358935482,0.4645964933909128,0.2569956392577368,0.025595324643511226,-0.4438823604640585,0.4301741443722475,-0.43660236475819963,0.7177048195195891,0.5913960446798532,0.2105420541984115,0.29244347648971497,-0.10544875486230759,-0.10833529180695023,0.46351653225716843,-0.2051682522456841,-0.012861029848056416,0.4702409231926415,0.1416831401203342,0.6349455906159707,0.437124550638343,0.12102624228949664,-0.2221919070937363,-0.19619131167178092,0.15098001602729924,0.14602766541653686,0.3029159470755659,-0.02620123276688339,0.6180544348513359,-0.03979782166972282,0.7086442808533375,0.4334502859062997,-0.14959114593080833,0.5159557307236116,-0.46629616841614746,0.41710680815743284,0.12272368623006602,0.3067862044813443,0.3931942822068641,0.360687266239554,-0.06503372397118178,-0.02856359259968642,0.36189188399924543,-0.09210044364044939,0.43484398887666986,-0.1917711723096802,0.7150455564763879,0.4718985547366058,-0.21684567702243682,-0.454321920854195,0.17835433969369843,-0.12991750058123566,0.6458700890569722,0.4997804767248354,-0.020969563984042424,0.21789627433762218,-0.11408830672950088,0.47945784350577614,-0.04151391831990602,0.24531065389852844,0.2876778130439046,0.761507432780868,0.5330135184357097
Thal_Re_L,0.1683028044655477,-0.2988528736934711,0.22543143451965186,0.647464512604184,-0.011814453814168785,0.412783006650753,0.6495640389438981,-0.1620457112935273,0.10854196018070754,0.2741437250753872,-0.21905928123162693,1.0,0.06747114782177889,0.07273140473189138,-0.07349673556424555,0.18219970569912805,-0.22651869673893354,0.7159963714258291,0.0882965269391553,0.3613640366339954,-0.22283724062228455,0.35477683434366974,0.386210952801699,0.3111811811744289,0.5037898050243148,0.3633746044555976,0.5403299428916956,-0.24585171987368787,0.10407002929792149,0.3265494032817487,0.5064091672797116,0.02490213746548271,-0.054967740888178865,0.4077466336150475,0.3029695717700104,-0.0161725953266877,0.5341294787253045,0.23688790506697377,0.3749879527434163,0.34273553548578445,-0.24748464018839442,0.05256967343063488,0.46442954367306444,0.28968946994763484,-0.11364347870542674,-0.0034806718277975864,0.0020573090834514695,-0.11734081875905217,0.294336070587256,0.5463973234683994,0.33555055637210346,0.0940756384342131,0.14555348638826646,0.11392618510879078,-0.17048144180613903,0.06243850646946629,-0.16639151862228863,0.06829233660566653,-0.23483398255188506,0.1800038532676402,0.21548509451504563,0.47995216193987184,-0.24352376817521185,0.004653956072250029,0.07131950448750922,-0.2578947443821962,0.20608071186978222,-0.19057689077913464,0.2648015442280373,0.38527541395621007,-0.27791197018385366,0.12776831995451976,0.12796848201419964,-0.4681176600719399,0.14345936107793117,0.03739525704974722,0.3157568024629778,0.6523572850114036,-0.21302952602338796,-0.07089290616260384,0.2799600081613057,-0.3719890147140832,-0.15851132401310356,-0.12443621722291334,0.09966888737964268,0.6956135983301621,0.3246489028158697,0.10213540364900327,0.6786232026453557,-0.05179019602179389,-0.10145723452141812,0.4743447876948746,0.1948500371938137,-0.18966406643512834,-0.31260248827654635,-0.3030786052792225,-0.3878703193658149,0.3190796796173425,-0.33125619653878896,0.1658447978482884
Parietal_Inf_L,0.22967952789359378,0.43779968842935635,0.7802995644999198,-0.09519104915900412,-0.5790653089438683,-0.4392241118535457,0.10458760478114838,-0.20400393428445057,-0.18305578569337314,0.27060375772835416,0.423327649344431,0.06747114782177889,1.0,-0.49504081223667545,0.10044252679862466,-0.29319930409457534,-0.18074330325579996,0.33358250816623325,0.5084467509628477,-0.3280488115322655,0.3126920047658508,-0.44245607951239285,-0.4284898021752574,-0.3272429539675112,0.3546149922349137,-0.49504257318231776,-0.2951142916528374,0.4940497554674357,0.8179182798280906,0.8667118715980129,0.005329009614065654,0.13050715103568772,0.08905815238143328,-0.023499632690748284,-0.36008401710784094,0.31120884549848116,-0.17501930302629432,-0.037862511352475765,-0.25692335747954137,0.3778837889389562,-0.09693561170206723,-0.06579718847800767,-0.5312269804362967,0.7190054153858837,-0.4209962115381195,0.6532989297494362,0.7253246999492174,0.06361834608465762,0.02635513049152975,0.26544063846130705,-0.3385112363659358,0.6186105119437276,-0.2501132016580076,-0.18848324895341745,0.18191850395624098,0.13320186761511837,0.16015968173317136,0.6065081567022818,0.11223380120669797,-0.727127054244866,-0.42182353162761493,0.0322684462961351,-0.2730244919408384,-0.10813325129094141,-0.41122882450420933,0.4303751343746992,-0.34070600252609057,0.5390920311761571,0.6145399053098765,0.043087829555214674,0.3472845931843559,-0.24920462935176854,0.6910121577367472,-0.21443182885194795,0.696624036565589,0.718660330995741,0.5230362908692696,-0.2239325769957185,-0.15741261640461857,-0.2914270212044741,-0.17153637375696185,0.2919906077791248,-0.5029089048046329,0.3665321416460336,0.9214271543269884,-0.21422408316721814,-0.1872022929584797,0.023138398702722548,0.2216275587734173,0.5226157448010432,0.8165460096235632,-0.32751956366804685,0.09220273634425835,-0.05263170269273102,0.40224028123680056,-0.3487044829190024,-0.08322576644521923,-0.24193005415386218,0.5055403250439152,0.8587082678722453
ACC_sub_L,0.006023136607214854,-0.10506223666327169,-0.34295410641648005,0.21703123291627205,0.6991313320443732,0.5983731843930893,0.26989574041598274,0.1083603573710844,0.06299463099084951,0.23739635315562535,-0.11509739069573834,0.07273140473189138,-0.49504081223667545,1.0,-0.0376963972319998,0.4088454157661001,0.42337939979847916,-0.11089413926538823,0.09641453133476868,0.40786174615784787,-0.329574669720392,0.5536564690330124,0.591202477136055,0.589417420491174,-0.10969363467702817,0.5194218690201955,0.5545009462272108,-0.2220701695365796,-0.18588183774986022,-0.39507064753800564,0.2336773365834394,0.25945082378673856,0.07261374530713526,0.19473360035315507,0.5450054822290265,0.2900354657801135,0.40871206943841115,0.17296100867943578,0.5648752827305292,0.03779070768347454,0.32573138397519097,-0.009189915792196126,0.4429254593237862,-0.28555306670029473,0.2775535235912796,-0.14392366244684376,-0.27550786017088613,0.32876890268875203,0.23226189961170957,-0.012597854312360478,0.49516612932981363,-0.4906205815087607,0.6364015110076323,0.44593878679227456,-0.10865566982100724,0.2486117187655581,-0.09111804881485536,-0.3538655414561377,-0.06447001105555042,0.8458196430167271,0.5385490541548354,0.5116616943374726,0.4779237410980409,0.14377407158546365,0.476795090050221,-0.29479243977110603,0.4570893173187235,-0.23489235348490242,-0.21899250881152632,0.17048922798752408,0.07499187419050926,0.36290988029806986,-0.3316093783764302,0.025104593947473792,-0.2872952427601328,-0.516478511737724,0.036403061356297256,0.37926262929094845,0.08816361559087853,0.46676695452626615,0.5675803418350809,-0.11097244306875854,0.7428777350588345,-0.022350713621411836,-0.3568318181697307,0.38130798775001234,0.1619481024421364,0.1891341449446686,0.032067817118089675,-0.16509030858359763,-0.19386389268245424,0.416361909472817,0.2465611124180047,-0.14819739956350964,-0.04648616582521638,0.0008051874396857059,0.026685050229173626,0.38322537756806874,-0.2037197032905267,-0.22995154817803898
Cerebellum_6_R,0.03871689081170273,0.6401154029464873,0.19780045888975642,-0.10629244522511863,-0.13613248804057293,0.11888757218053976,-0.03608242279477835,0.7128597130612497,0.10944248948405887,0.45102627858379896,0.009833042226787355,-0.07349673556424555,0.10044252679862466,-0.0376963972319998,1.0,-0.023948240139038485,0.5764698404846372,0.1268233008495616,0.5948377989984708,0.36916876037694824,0.13333341021382802,0.11190789924608674,0.031231300754084396,0.23838853517458253,0.41091365866814034,-0.03024642112092925,0.2207311635173182,0.16609962505108794,0.276629368351003,0.04361836383686434,0.023640744932666418,0.16527254157578666,0.5634371624901047,-0.040935880516679166,0.357604948874531,0.4389582567216539,0.28173955240461646,0.11236338519683477,-0.17762550289315918,-0.04437554479584733,0.6848061429140542,0.44244722541934917,-0.0015474263301571618,0.22170938850870978,0.6930320779231341,0.02535525780684282,0.07340996869765841,0.5908749085916323,0.6130925684480713,0.5283957060756733,0.4546300179996488,0.20814142374607766,0.4556497966537355,0.46401632098559287,0.6080597801965968,0.7210955645731331,-0.03560379336573898,0.07376827729576177,0.8386444510773035,-0.012551469064448399,-0.1719952007276793,0.1892666563513016,0.4788104904900595,0.5965392074744347,0.2706391738724679,0.3454755539584907,0.30626385328275235,-0.14003782115080166,0.37649629785933225,0.1818360831975615,0.6435162534636911,0.43791260224361483,-0.2597527767088108,0.6352742156554698,0.5715797589480736,0.21910470178516084,0.4875608897818758,-0.0014256178864734481,0.08427312725350439,0.035233078617677153,0.2238991922680229,0.5481421596958997,-0.14740028140594025,-0.01828260255848295,0.15796201856223843,0.14705553968125848,0.04888470218910099,0.5976389936735893,0.24265558102095958,0.3521457311367554,0.3169673127430363,0.13955363456829117,0.5489391515956635,0.4776615704520546,0.6333446376029139,0.6008012873941935,0.3212761192879006,0.166735115959387,0.0021889288315815364,0.09985501037259478
Thal_LP_R,-0.12307379819602736,-0.08834073248098126,-0.055373642002866895,0.23440067045302027,0.30838123683519436,0.34242218789749806,0.25368280608997046,0.29216136454946057,0.16691232720240368,0.33587146122535205,0.1489309027227415,0.18219970569912805,-0.29319930409457534,0.4088454157661001,-0.023948240139038485,1.0,0.12756699991764242,0.07617203221550362,0.16874067603784723,0.5636611774656212,-0.17704811336182358,0.6006079252159663,0.4905248612941049,0.25362856267268136,0.10773966357243366,0.675548994048568,0.3931270751771675,-0.12205389841934959,-0.11533465285969637,-0.31144864233731057,0.15830427475081085,0.23836822558888662,0.3103823165738031,0.22138025547783377,0.4018922316870266,0.09061483620985211,0.503442998416009,0.3872414212555338,0.29109790346282854,0.22909347487742943,0.16875951063804107,-0.13684176151433264,0.3571226852593732,-0.10543967636938814,0.07271918387713878,0.023552462236170194,-0.12301692797996494,0.2961475897334834,0.32618685467933023,0.08790390857467299,0.4838400903021214,-0.08096652702286261,0.175342032001428,0.01685685318618734,0.08686764024800717,0.29984276220332823,0.2553672976747005,-0.06263662426553669,0.06309236846949964,0.5499745901690768,0.37739057026210926,0.37624850463422205,0.4071603957519584,0.19462338084844752,0.40071407880352544,-0.034292102103485995,0.28513026498533295,-0.0791984164836656,-0.05761854666959873,0.03974273122073778,0.11865315611290243,-0.11762338207465002,-0.21980191345490416,0.18527922807169966,-0.1275887326044443,-0.31182040268228883,0.12198893482382349,0.5658424399611536,0.0512009001543077,0.62303654905001,0.38827412869533534,-0.07011985446135295,0.2674481506718526,0.20407944254135485,-0.16277090240833494,0.38547751218997217,0.17317781743384988,0.34757052328949783,-0.012101662032130808,0.018972569378235642,-0.1748874632450373,0.5796586769144014,0.41441532725768376,-0.10462544150467468,-0.031315524064094324,0.0035719132278056844,0.00865017116716899,0.4530137264577995,-0.07024683301955313,-0.10311782205643465
Cerebellum_4_5_L,0.12424136017454696,0.5929673451298626,-0.15746979805816683,-0.23425417967376125,0.18635937889765558,0.26404614642995455,-0.14989505854317467,0.38253842062657745,-0.004990171042045568,0.2962816023547075,0.048588011640902935,-0.22651869673893354,-0.18074330325579996,0.42337939979847916,0.5764698404846372,0.12756699991764242,1.0,-0.18515609739945155,0.439784744806243,0.274042694912865,-0.08353436997718235,0.02049041026733021,0.0910788481062372,0.5081212118929431,0.10931034997318166,0.10654741905552191,0.3217548116063938,-0.016015200247340627,0.06368312613061561,-0.25630027797999544,0.06232588196317131,0.20148832728335803,0.1261784994718191,-0.04932401471572257,0.6476099776785402,0.5940446377953695,0.11097533604915603,-0.06129594188201386,0.09909519081562602,-0.07074925746203939,0.7934709363416127,0.36397429199343245,0.01781785005767435,-0.16306131965170553,0.6343299189751439,-0.14785626450452308,-0.09560760855206916,0.6233098842655298,0.28670228064924624,0.007582383666915972,0.3778582687085126,-0.289363586025513,0.6878830296863203,0.5963127822210006,0.17837521543755966,0.5678546288898336,-0.18822390525368327,-0.24003367652329938,0.3818581754853111,0.3849258755951775,0.15250563653096003,0.22172840607061706,0.5033324785009651,0.31400985506292955,0.28550129265011664,0.09174681679095699,0.5243856890609314,-0.09880940977201716,0.2158946565090802,0.15464526772487297,0.6273554248925699,0.48078990087099366,-0.32525711706956495,0.4014730821917597,0.23392677735151185,-0.1714855817846522,0.24242783275297625,-0.0654827826483361,0.1640435232033086,0.29607733786241525,0.3269112287823683,0.5752756211093419,0.2305426365728798,0.00797240725603259,-0.03654713828052719,-0.021524513368442,0.13594910897922102,0.3869198537839944,0.04994077386450478,0.2925493609687332,0.20444371925880048,0.08667078990858619,0.27067412458619156,0.09102008773078257,0.5555406455667676,0.4499096906298433,0.2934619429178894,0.31900622897241565,0.022114470984456274,-0.09618858714944072
Thal_AV_L,0.17944756457604324,-0.11091286860191726,0.45221408476781677,0.5152583801023467,-0.21799583292984986,0.319084368944856,0.5293239527489014,0.004618999325553819,0.11465224905687456,0.3830683998963658,-0.05811789208826018,0.7159963714258291,0.33358250816623325,-0.11089413926538823,0.1268233008495616,0.07617203221550362,-0.18515609739945155,1.0,0.22512958210543793,0.3324252185435022,-0.07478938462757738,0.30669776908659185,0.2797177341904766,0.17972266685788546,0.7487131067834453,0.19347558049384975,0.4694120755085034,0.11866718887558177,0.2906705624487422,0.5566876106709208,0.4227109283293175,0.05503437381892238,0.1633883102000057,0.50524648838372,0.1667390588841499,0.06350910421026652,0.49729110962326534,0.3695645165615962,-0.011536092168482366,0.5780734336895126,-0.09429540931745503,0.08919735391792892,0.2546739823429095,0.5587482187673924,-0.14372573616982398,0.12565757304136413,0.19092119889418774,-0.0665178209933938,0.4315787231412027,0.6737775692802919,0.3602440859643028,0.5140838868632123,0.14574987325361652,0.10678270709002372,0.08331807183801641,0.13046380892649015,0.062199405746317334,0.2856612495310922,-0.1148333030575046,-0.02889244937629744,0.007190405967114371,0.5456491942776289,-0.17874126059937553,0.1652413919622743,0.15805256985312094,0.04079612849260435,0.33833422399953716,-0.002669794643195864,0.4770383759130487,0.5114513308960889,-0.056918447550763945,0.1315591549820682,0.2197221834274022,-0.2949599444133256,0.3712609817339066,0.4101821751597528,0.48921136671679294,0.49002717072676183,-0.24248245835399135,-0.24972650005602748,0.2776348055682623,-0.12451620022166157,-0.3149144923442274,0.13124263189529592,0.37992837649877687,0.574214524640829,0.14291935207688222,0.2850934490125064,0.6321749157650631,0.3014970108715006,0.1585146486952506,0.44072197337180674,0.3308604795148961,0.011179266233236443,-0.06357145892211348,-0.12314889542201252,-0.15588054564024384,0.1117642262824716,-0.06620299404832657,0.3677096453820401
Cingulate_Mid_L,0.2346503936153776,0.6941046131465604,0.6300698855502951,-0.010723771266071542,-0.15329567561933796,0.05289275885138492,0.22530179110561147,0.3417829500351494,0.020241125579112892,0.7692128323991506,0.3815048163541643,0.0882965269391553,0.5084467509628477,0.09641453133476868,0.5948377989984708,0.16874067603784723,0.439784744806243,0.22512958210543793,1.0,0.34618619410297163,0.10901917590956581,0.11360909222378797,0.0764729658544212,0.24443618039290083,0.519121894283528,0.016762999038545712,0.21996616244302775,0.3574668575970507,0.742792817365406,0.4107943634699111,0.1825859600511904,0.38300629826416116,0.4635279547469113,0.11781410567014435,0.26655323294737726,0.7667225016182057,0.31092070605892214,0.21700632667169226,-0.025975956664564263,0.35187845740288115,0.505248683326886,0.16538128541443364,-0.20505946277717454,0.5583749076411162,0.1825209770858145,0.5247810006824336,0.4752895297625369,0.7309941470305569,0.5153597314181986,0.4618361909268176,0.3039466447953884,0.33295712852179704,0.45327497933218935,0.33493367305964195,0.438925963144925,0.8591979775189776,0.12100179203899926,0.3164816706777363,0.5550505972690903,-0.050197389227613076,-0.09013308589557394,0.49026759444645307,0.45215624744079697,0.33233560036296605,0.12964544329993197,0.3919608751656146,0.16077436238691425,0.2546392306520198,0.7115689130323847,0.2804610895779253,0.74180894041654,0.18523137194277753,0.21249603441320725,0.23873561700576507,0.7829877335266778,0.33988414130951516,0.8525857840493593,0.13167804337795055,-0.01682643330789771,0.19451081003732087,0.421881130053038,0.497116108063261,-0.06286600904899094,0.35085039163523396,0.6442680704871974,0.12091766505733115,-0.05876554045999519,0.6251225848620745,0.32668627994218064,0.5631823877413551,0.7428213602054914,0.17350050987785107,0.6371885553187416,0.07037023768459427,0.6773019517444273,0.053169382844852286,0.2182632472565825,0.263794067018876,0.360498450414519,0.6400632270245121
