,Parietal_Inf_L,Rolandic_Oper_R,Cingulate_Mid_L,Frontal_Sup_Medial_R,Vermis_9,Postcentral_L,Angular_R,Vermis_4_5,Cerebellum_Crus1_L,Paracentral_Lobule_R,Cerebellum_4_5_L,ParaHippocampal_R,Vermis_8,OFCant_L,Thal_MDm_R,Parietal_Inf_R,Frontal_Med_Orb_L,Thal_VL_L,Thal_LGN_R,OFCant_R,Pallidum_R,Vermis_10,Thal_MGN_L,Amygdala_R,Thal_VPL_R,Caudate_R,Putamen_R,Red_N_L,Olfactory_R,ACC_sup_R,Thal_VA_R,Occipital_Sup_R,Cerebellum_Crus1_R,Thal_PuI_L,Occipital_Inf_L,Hippocampus_L,Thal_MDl_R,Cerebellum_3_R,Insula_R,Thal_PuL_R,Paracentral_Lobule_L,SupraMarginal_R,Cingulate_Post_R,Temporal_Inf_R,Thal_LP_L,Raphe_D,Frontal_Inf_Orb_2_R,Rectus_R,Supp_Motor_Area_L,Cerebellum_6_L,ACC_pre_R,Thal_AV_R,SupraMarginal_L,SN_pc_L,Amygdala_L,Thal_MDl_L,Thal_IL_L,Heschl_L,Rolandic_Oper_L,N_Acc_R,Occipital_Mid_R,Lingual_R,SN_pr_L,Precentral_R,Cerebellum_Crus2_R,Cingulate_Mid_R,ACC_sup_L,OFCmed_L,Cerebellum_8_R,Temporal_Pole_Mid_R,Lingual_L,Frontal_Inf_Oper_R,Frontal_Inf_Orb_2_L,Temporal_Sup_L,Thal_PuI_R,Parietal_Sup_R,Putamen_L,SN_pc_R,VTA_L,Temporal_Mid_R,Vermis_3,Thal_PuA_L,Cerebellum_4_5_R,Precentral_L,Red_N_R,OFCmed_R,Parietal_Sup_L,ACC_sub_L,Hippocampus_R,Cuneus_R,Caudate_L,Cerebellum_8_L,Thal_MGN_R,Cerebellum_Crus2_L,Cerebellum_7b_R,Cerebellum_10_L,Temporal_Pole_Sup_R,Calcarine_L,Pallidum_L,OFClat_L,Fusiform_L,Thal_IL_R,OFCpost_R,ParaHippocampal_L,OFCpost_L
Parietal_Inf_L,1.0,0.6337035454200189,0.7416390710786727,0.5048247665202453,0.32872545847689943,0.8450843004913537,0.6733106853975609,0.6793725371675059,0.3332630069778602,0.7064260601852571,0.6070575292917624,0.28539713431722924,0.2345038302639155,0.07335207491500555,0.39759195023820537,0.8247299890719558,0.36988048126916495,0.6167718210956744,0.25071366974211784,0.07342881543918846,0.1389706638974488,0.09876996133866554,0.4059086409044637,0.18189248658751878,0.41866668841781474,-0.009426183519702407,0.34346451978326736,0.4039031667372567,0.1465523943699937,0.3342159527735283,0.6145101641401567,0.2811071166869371,0.06904527638402938,0.5660966980577589,0.053558669950151704,0.259855856020623,0.43005707320101233,0.5720041461468222,0.40972276573236394,0.4785745197295262,0.6195668503522033,0.7810173630065871,0.580291526096316,-0.08641408474371208,0.44257687744467694,0.06402183305049952,0.17394091348877336,0.0074218104746220604,0.681720799772161,0.35004475747649333,0.10677786118296458,0.5008791838270931,0.8870356893035899,0.16875070155633065,-0.038198990435908964,0.2891587119291091,0.47927705740046694,0.4386847914616819,0.2082673486455533,0.30800638232526995,0.30802618342147453,0.5937729898354868,0.26617864552384446,0.7272319631419831,0.2254657322437196,0.7761784185965849,0.2656276513297036,0.16546112035357793,0.31768042950509234,0.14467361437972712,0.6339553600713641,0.7527789151948806,-0.08686679216765479,0.48326629782648123,0.39161324615406595,0.6249947039723158,0.13357495432615676,0.29859665980534095,0.041768232743247875,0.4905404377192261,0.6663096973835956,0.545256774857504,0.6591138640350608,0.7474495121635005,0.4943031583941517,0.04626740462603384,0.7330496387898408,-0.1737953324138224,0.46206009107267193,0.29231186941028975,0.4350317919697375,0.37976224597049213,0.4142920754556025,0.21570622550837235,-0.03413971347103355,0.0839948989228461,0.29850417011071223,0.4366887521178919,0.0337124252377309,-0.118348896111692,0.2267094087625948,0.6375266735435625,-0.03189541993514818,0.29417334563226344,0.2860376073710174
Rolandic_Oper_R,0.6337035454200189,1.0,0.6600798011908984,0.4058921566321782,0.4760612554345934,0.7273108460837392,0.5918865430894356,0.6913624385756602,0.2688313978343001,0.648243810662967,0.7770774595595031,0.40260002392717775,0.19244764867109257,-0.15796946616186314,0.40132082572541095,0.5383122853244053,0.598538961525852,0.5109775803391118,0.24756658410829446,-0.09296289528922748,0.33022637446214725,0.38604311279825937,0.2901438039315824,-0.03342256093878111,0.4845370747479841,0.10042452844204004,0.7166311131560659,0.33899550612686336,0.2623252159680381,0.42004558815120707,0.5733406240782238,0.12988774360576202,-0.11862879242450333,0.6172079151976131,0.0341601639290386,0.1902036327395069,0.3816148250363952,0.7715776660544155,0.7977612275307426,0.3657345392276107,0.5808178506855723,0.6620381404999598,0.4759740805648091,-0.1648352405292091,0.31238195087522397,0.20022023652199344,0.5276925196341377,-0.03376124476364814,0.45302756913645037,-0.08136534288344123,0.34803243930340866,0.4237040556701585,0.6004756589894572,0.18254420288255235,-0.3175054645232076,0.42283691785871064,0.24887809141045336,0.43684455339060235,0.16682269517067286,0.22385575775856598,0.20402530859741785,0.7588679935596556,0.22287308009786666,0.6392391255038573,0.1728232870817157,0.6780762560676682,0.2542120675673048,0.30936025765412145,0.26075450865683364,0.16107096652582695,0.72518666263661,0.7777964258962513,-0.1999065325091699,0.36982365577621784,0.551736620555228,0.26001364287095036,0.14035737905032436,0.10692309855570846,0.08780665550430443,0.5564910479473496,0.6458921899811574,0.4740635601040631,0.8258972183450002,0.7005501209007583,0.508899125976169,0.08661827995697939,0.31504011456323266,-0.07773518052822125,0.7046479109181804,0.08739354625011872,0.5390158347910506,0.29487926419498195,0.42780424907133174,0.25857011969310434,-0.23884586536549895,-0.08129559744854503,0.5834565546880903,0.4562677083357564,0.11366718350165851,-0.1116034228567634,0.20835674548489774,0.5822318813489971,0.04125668802397148,0.16084351505990926,0.469549208983649
Cingulate_Mid_L,0.7416390710786727,0.6600798011908984,1.0,0.5636294945480492,0.5407400045092985,0.8295393553436736,0.42086344658024294,0.5749887972615084,0.23537105491260937,0.6061030500355808,0.6008443708890251,0.6034811271294818,0.3430548397230748,0.1066049017696936,0.5900202519243422,0.7576429014569032,0.3037200804866486,0.8146615658356932,0.43265929727604396,0.1825647407853967,0.3704407347727417,0.27351016532544864,0.3090409308103151,0.0931774392377121,0.6404988516458309,0.34897165084475656,0.5341479371732586,0.6865399268393078,0.34739918432471306,0.6107201435145431,0.7777872146742322,-0.037231535214626514,-0.2549002414406786,0.7005575970261195,-0.17446345699426508,0.6129749973993153,0.7264134341236615,0.7326675747551631,0.5935745183096315,0.6910306858702667,0.496662421071923,0.5763877906045789,0.5146854438848198,-0.1874134234711445,0.5144372403912184,0.18242104997645311,0.520793102400509,-0.13568744335610694,0.7344435334117528,0.44871940483863554,0.27007373256059053,0.7149555631217388,0.7934404070709039,0.1389467980526584,-0.044221810041009516,0.6392236472853926,0.49445540175753616,0.6489363716477651,0.5134103270805302,0.343935134529848,-0.03128646465688873,0.615650969726992,0.510264172202603,0.5948081683866968,-0.004905157834062548,0.9751503630920078,0.46683208243202956,0.25886700461573464,0.5706382750608495,-0.12259373590969269,0.5671585840001973,0.7225813460239721,0.2048841622496592,0.5820638853205872,0.6104425800492852,0.5388062456893041,0.38693770802946525,0.47193424372747356,0.3843812089971903,0.1918041709452839,0.6457014649960912,0.7098811052891371,0.7114142496497246,0.6410648258574142,0.7344891831194298,-0.1384692340606319,0.5217539900229191,-0.11895089194435575,0.7112445623637527,-0.08016001459237619,0.7684037405988338,0.37050062801759037,0.3399394715613619,0.038493916914666665,-0.20906755946802877,0.17002494170812774,0.20842622275019346,0.10520473715382475,0.4034203841007484,-0.07355819554759252,0.4192199265294878,0.6589344514789969,0.0646799525034651,0.5227316814377578,0.13804413872626806
Frontal_Sup_Medial_R,0.5048247665202453,0.4058921566321782,0.5636294945480492,1.0,0.17673356202516116,0.5715313026701949,0.1438883491645087,0.2727205949496652,0.1882716590396553,0.49917362792288683,0.34869466108374336,0.21029296020802182,0.3206429687210861,0.20810674909939894,0.2799442870596288,0.3934416312220912,0.105163498310958,0.4449754318076578,0.1985024346817226,0.1891731726013471,0.09746629293179114,-0.10775971255664732,0.3521386384114805,0.06924501904026449,0.26263596882826207,0.19383199981108337,0.5279247398978656,0.23400665423289102,0.035788471859584635,0.6546124432268643,0.3850458928798252,-0.02644891028708239,0.10349015270386136,0.3062416112171037,0.06749664127682808,0.2703581590777289,0.275134813844212,0.42345892039889377,0.5684745887396748,0.30144013447099643,0.491727727446309,0.26425143874362017,0.2654910777272417,0.07510089520868428,0.3646433029011425,0.14866638393362475,0.3527508951404711,0.11156950867468089,0.487824096894377,0.1385626309104901,0.6031048336329701,0.3414650373286062,0.45766251981863565,0.0925422153490509,0.06737839866661184,0.36936076276985474,0.3898147499470204,0.3975279812876162,0.474110571924625,-0.03514556983349602,0.017554617965833356,0.10875617300665949,0.31063432204547364,0.42089610087033313,0.07464114854373011,0.6685884751171365,0.7282076740413035,0.03491799855415647,0.3305492324125021,0.09160772565919191,0.1668677981306318,0.4677629052058599,0.4086303870682007,0.4080353934294576,0.31817659738668524,0.24028839140862104,0.44045843572739546,0.10968822169539096,0.1461877009593129,0.13485962086399628,0.4514850010733966,0.30517573907277623,0.31627947566047776,0.4690290752340938,0.24508144287704187,0.14088558124955283,0.31902386672326216,-0.11884848129568704,0.37134613401911015,0.11806878923600246,0.48839764613842485,0.2081298690717296,0.29294916733208276,-0.08776736713170845,0.04659671853829234,-0.07550607518052056,0.2806564328683275,0.07470446234189049,0.1245753276706531,0.470206218255016,0.20758980532372587,0.5087075219198532,0.3585778481363997,0.1957880601243699,0.14298595433667036
Vermis_9,0.32872545847689943,0.4760612554345934,0.5407400045092985,0.17673356202516116,1.0,0.41124220930788213,0.4101371881887134,0.5133212871330961,0.45086447313922967,0.2842682588051103,0.5474428738914962,0.2708403356111226,0.5708001228856109,0.02427057459132437,0.10617433134261625,0.44097931160928955,0.3889094355045333,0.37364985335869333,0.14659482415068562,0.08306596027218041,0.08220109626691453,0.2058871888884429,0.2523118360807148,-0.33902358157573736,0.4928617546720054,0.06789200633166759,0.24557979823626752,0.3510369796835855,0.12663988565291365,0.23298431061800107,0.30884361839934654,0.04885459872533492,-0.15077029338053458,0.46880927011043383,-0.04151408621151657,0.21238277464024163,0.46314304893645275,0.41851350038027535,0.32637972844141244,0.4705994312552903,0.20641240648102965,0.3418006909643544,0.20110800812991136,-0.1559205809144041,0.05325762554975761,0.13161969559383355,0.39907061118439774,-0.08895212188430185,0.23921044107249229,0.18066189469598176,0.2576319032796458,0.39371846876289346,0.46421720062118277,0.1719266654014415,-0.28703097284821943,0.3672643703189309,0.17590270750870843,0.28165284731575047,0.21348208903735671,0.18365666994896132,0.11506766271166795,0.6110148293866338,0.18581711557550173,0.22162646876016534,-0.14936466089455883,0.48738323251203935,0.03343523306824875,0.402602424082097,0.5835402698037697,-0.09909734446225775,0.5826722602288636,0.42001242952471357,-0.01845536661508519,0.5387877807866356,0.3809704449519931,0.2728519535144637,0.34353621997892647,0.43639002572979385,0.29162251042873066,0.2661335087901271,0.3213517128659296,0.5181277155451974,0.5691180183390118,0.2626230978168391,0.4198056061378926,-0.004804151018158188,0.18483758691576593,0.1945614302544082,0.4224423948573323,-0.09526752978242907,0.434783337243329,0.5042711866451615,-0.0024662762397846968,-0.00885139862066109,-0.2535168859145196,0.15082232699997283,0.20101244218620057,0.13767427639150603,0.030235927292779487,-0.07991723358363417,0.3394567087918448,0.2767449278919711,0.0747717701115303,0.14236194221812734,0.20988582514094722
Postcentral_L,0.8450843004913537,0.7273108460837392,0.8295393553436736,0.5715313026701949,0.41124220930788213,1.0,0.5202797857825542,0.6259940883844347,0.21235133003518206,0.8580577743308938,0.659801308964001,0.502338696944113,0.27908102030838555,0.0001633412700085213,0.5453127647970173,0.7170106789933881,0.3946120210417097,0.7223409763219106,0.422865975869521,0.10424031965691154,0.30574476348475566,0.23552150638381808,0.32452906175380225,0.19011225079153393,0.4770427482272218,0.12685473683378623,0.47540019065764727,0.5109838442089669,0.319986259894982,0.464520212668348,0.743822317492504,0.13347460863107868,-0.15255328312455765,0.6505673735437965,-0.04815989972243922,0.44519072258302234,0.507188061804478,0.7604222628132683,0.5253193690092903,0.451341924685871,0.7826564203786529,0.7303982774230416,0.7176875379356562,-0.10199409264503555,0.49816171124936914,0.18233674546181897,0.40507139947321547,0.003544456058579525,0.7693090196487968,0.29607879586083125,0.24505747685070653,0.586702176992053,0.8071410479996316,0.09779525370550719,-0.02547399395075986,0.47797681991903834,0.5111251529153543,0.5695347806552812,0.38824704491068085,0.3230295237266826,0.09207019954959102,0.6185319142862616,0.3476968999349574,0.8690318290216621,0.13400698558586965,0.845077721240871,0.38309132548207164,0.1758875550975415,0.3577441441329158,0.03125745675530465,0.6666158775615719,0.8638304901621731,0.0545868927681827,0.5276721856527528,0.5688252553969494,0.5336439736673787,0.18121885294856244,0.22721467894052327,0.1807153055997826,0.39590639779994447,0.7188325757953147,0.5720876297231083,0.690512921590285,0.9186779820395742,0.5973913137331376,0.007599677354043848,0.6052501308955522,-0.2555635016740719,0.6283751287894287,0.16225638330824596,0.5902901913202212,0.3198105693520596,0.48687881792000187,0.1243636550217067,-0.17042561540768666,-0.00840674212694212,0.3802253757697067,0.42160149536972463,0.24181921597018063,-0.10286647770016132,0.24868138361644435,0.7469420494695922,-0.03944586080110462,0.40956689566925825,0.2725595020474189
Angular_R,0.6733106853975609,0.5918865430894356,0.42086344658024294,0.1438883491645087,0.4101371881887134,0.5202797857825542,1.0,0.8604918942630333,0.412641369553041,0.5808151353452822,0.6322857981963885,-0.05338022878352042,0.21146709472169403,-0.08606738000959432,0.01985130296924785,0.7438527406772194,0.5379685549905219,0.27220862899365555,0.034178648101895914,-0.07459897881633402,-0.08259072613713676,0.06822255867616242,0.5628523248579945,-0.13693566334846446,0.22314015866714132,-0.23735042470403697,0.15392676604132444,0.024827823075275562,0.0195167238071474,0.005517828733099264,0.3381256521103693,0.703584857167505,0.23608618957783314,0.4560106857632983,0.143061290512925,-0.1703809701166814,0.1598475324545064,0.41749998741316446,0.2026589152124896,0.29465577137689164,0.5095163563020848,0.8144445596193007,0.44315691599365664,-0.058627635515389444,0.17502604837486763,0.1450751801600973,0.038519950698095926,0.1537591258343613,0.45272247516774405,0.054501802847206286,-0.08764871901886971,0.2681950782182948,0.5428731617059778,0.25407626125058386,-0.3456269922767924,0.07424412522642565,0.16028940323461235,0.09879070056553785,-0.2478080495956323,0.1518012327781183,0.7599985569668893,0.7308598062433416,-0.0974653913075708,0.5772620942995518,0.2789806434381011,0.43663715102110984,-0.20233124241385578,0.22755185117817647,0.07976485741563723,0.2414146734700228,0.7410597604265484,0.6655199287069825,-0.5926398213748052,0.2726248149536044,0.21695729668392552,0.6463024128936963,-0.18862572640560943,0.23526186758055334,-0.18928272377225575,0.8402576268354662,0.5289788698599726,0.37261052768605674,0.6572430124906685,0.5480435147633003,0.2441803739278927,0.20740318095207755,0.6170770460933722,-0.08696103418200012,0.2788603173009871,0.5274266246448541,0.11002742881852676,0.41771914785321473,0.2896203153631644,0.34399534834920786,-0.09453170451818926,-0.025986405380048316,0.45158461097611446,0.6568437700869516,-0.36845945092426613,-0.28570216783343616,0.08511753874580988,0.36355218273014334,-0.2017601618485497,-0.13861887100134823,0.3565292964832471
Vermis_4_5,0.6793725371675059,0.6913624385756602,0.5749887972615084,0.2727205949496652,0.5133212871330961,0.6259940883844347,0.8604918942630333,1.0,0.44715227714036604,0.5954956745686999,0.7998211897993485,0.16203469508993576,0.25930365241818354,-0.05961771126744483,0.11337312685237294,0.6809566651035689,0.5263675931967319,0.413735745714502,0.177928595707001,-0.05111449909196541,0.04821486309896152,0.17679210268460271,0.5838101201559804,-0.14903082965941442,0.41607728830341245,-0.05091657249048708,0.3396393572330376,0.18841662676359028,0.12185142248560825,0.18694670500884675,0.3972824024468862,0.5559819405665951,0.09516929608891675,0.6137206581715757,0.08242434846611764,0.025711743694450763,0.315695725479916,0.5963350286662765,0.40278151702407455,0.44210331099586736,0.5403761162126972,0.733349775938871,0.5150974643966875,-0.05758837741736288,0.2190904951813507,0.2076262512625669,0.2248941219545061,0.07900786661992924,0.5041272405161166,0.06480257330518875,0.08194435725770156,0.3676536047095974,0.6286968938918917,0.27238759790919936,-0.28962156814292483,0.26373162025397967,0.2985836940678855,0.2934657826700403,0.00997750130087969,0.15611535219526185,0.6066025593088489,0.8518297642057624,0.01613343518601263,0.6038817717836292,0.21562975953529614,0.600519627877828,0.013395017388690948,0.3088652410770643,0.2523910718956781,0.1716708652634872,0.8456297089473385,0.7052534248381893,-0.37226203625620197,0.506057803421961,0.41944996363778236,0.567031361001924,0.019867486047270837,0.28821847349018676,-0.04373467378121561,0.7414240156734258,0.6687873430941569,0.5379750796286209,0.8311600223804537,0.5997782013181474,0.36022545768858166,0.0924592202526118,0.6087662706575537,-0.018384366441515716,0.504386894195606,0.4574828200246893,0.328595757975111,0.47257603831570594,0.3085637971771366,0.2944453710135817,-0.06969928138727988,0.003195716828072945,0.46447204823878535,0.6436440384920542,-0.19185234431284887,-0.18025961026647494,0.29121778101635115,0.4535699895123929,-0.05167670960900523,0.06531423997153706,0.3335821098214984
Cerebellum_Crus1_L,0.3332630069778602,0.2688313978343001,0.23537105491260937,0.1882716590396553,0.45086447313922967,0.21235133003518206,0.412641369553041,0.44715227714036604,1.0,0.22572355992148796,0.4733608214392423,-0.09034264841889544,0.39270861359676595,0.04146644904307039,-0.32549764827844385,0.3044177229017373,0.2207408602888465,-0.027779266958504363,-0.13651724241368685,0.04879452934235289,-0.41219501624250804,-0.20814902097685514,0.4380609632559223,-0.28066543179241193,0.02773499059917448,-0.08589795478805028,0.09707376893778497,-0.17962690987951554,-0.21922077116725713,0.05313725471982148,-0.07706215401064247,0.345238480186472,0.28036495581442844,0.20588754952186689,0.20220787957026357,-0.18935974346654158,-0.06849542434046176,0.0623491317936016,0.12252296479484995,0.1328400483196734,0.22813340111620128,0.28817584999321183,0.07412655819570073,0.06648506401121666,0.07802417584109729,0.09016063423834685,0.005170625485443836,-0.18311869127712785,0.09383192777729306,-0.09191616012770941,0.12880801153775007,0.006358880511507713,0.4014910856225019,0.33937206335494596,-0.27349606778308216,-0.028792294898654903,0.028366689802439792,0.06588569088674329,0.06327181937262934,-0.16931713251375666,0.4272363774911258,0.3437874836481044,0.14454800944074564,0.12326530630117788,0.14646869022976794,0.2713391837650383,0.009359097464279665,0.11002630951500701,0.31510892999694584,0.33092860716187117,0.4131984329802127,0.14580544551896568,-0.08095454905998233,0.5219616809027878,0.02051835817808084,0.22467440613473455,0.17326296131633656,0.2549527283171083,-0.23701200041855033,0.45552479454522443,0.1461541622644725,0.23278249502574647,0.2794793894616159,0.12468341916893524,-0.060842661407880576,0.0820935523285524,0.25185523446726527,0.09961569989370021,0.014463923425626362,0.31411054273192607,-0.01835474173067184,0.4810748583168301,0.07908959089116091,0.190731751325136,0.04400446502499414,-0.0745433647144103,0.22688966103471772,0.330365460134704,-0.36598512560120966,0.19535435527840367,0.13316517123544122,0.060522549745540555,0.16114833533078599,-0.24247890545441306,0.33125680208361097
Paracentral_Lobule_R,0.7064260601852571,0.648243810662967,0.6061030500355808,0.49917362792288683,0.2842682588051103,0.8580577743308938,0.5808151353452822,0.5954956745686999,0.22572355992148796,1.0,0.5761810797652218,0.22365195560185885,0.20232582777160288,-0.10996491866076356,0.30609136997783215,0.602845980836991,0.38944220031999005,0.42994898501121903,0.19269848652975163,0.05964828316228324,0.14861747735375488,0.04930224460866759,0.3593977057079554,0.1508189908962695,0.20962332713008916,-0.014781461694753726,0.38946796266973177,0.18756826304329108,0.19667444325893205,0.24821197133360237,0.5354895749471955,0.3355379558393244,0.06129506461206197,0.45065033724622117,0.10214406116388015,0.12747044193391127,0.18330691388142684,0.5641759261752952,0.41412224490903987,0.14887115221720335,0.9592258713443188,0.7326704737794444,0.7533080093922211,0.061601986774303945,0.3368490400536512,0.12918312871414395,0.28841644718715215,0.06556736270860651,0.6580255791506285,0.10657226330888686,0.2630592456330512,0.30138538058876757,0.6357906851556759,0.20874606756062128,-0.10762074031972228,0.20167195288526824,0.30353657022135827,0.3579088943671048,0.16290225796397875,0.23053572334940675,0.289938083585856,0.48306618500850707,0.13360834955775466,0.8681158355882094,0.15370696970052644,0.6485568637692771,0.19928418537437376,0.10790058366408306,0.06400437086511646,0.2288799828041899,0.5970475231920902,0.7798843527696744,-0.09577848991347582,0.40639073562289585,0.33461766780151597,0.4729502354734725,-0.006438278354107516,0.0678269063882693,-0.11309132970754222,0.5722239899009947,0.6077000882493128,0.33400551181014393,0.5339971578097578,0.8753473715300601,0.2943229376214655,0.12865603511217863,0.5498761470674732,-0.3346341243883851,0.3771809667773387,0.41424993963964957,0.35380247229555606,0.1821348116928963,0.47088027622719436,0.17273618886046713,-0.12865416349915507,-0.23497673476278053,0.4840459987148565,0.6036883786220361,0.03277076596228425,0.01306113820422467,0.04766733337578864,0.5610896769916939,-0.01546304653070517,0.10816149576003804,0.39083625393309396
Cerebellum_4_5_L,0.6070575292917624,0.7770774595595031,0.6008443708890251,0.34869466108374336,0.5474428738914962,0.659801308964001,0.6322857981963885,0.7998211897993485,0.4733608214392423,0.5761810797652218,1.0,0.3271104611769255,0.25595439419118327,-0.06118761388868245,0.16149719584613587,0.49342581096591126,0.5322347067426687,0.4323771282260747,0.3034209155353273,-0.03568648864122712,0.03104628045065274,0.29336664186447736,0.5051395512467494,-0.1023674798674686,0.4973646067676781,0.05776090864767716,0.5509317889456115,0.27076023167610136,0.07334432763381503,0.29218130160292816,0.418530529719057,0.3418977481315975,-0.057001383071249107,0.723256545570935,0.13319037052358068,0.17125418491523606,0.3342991650191414,0.7141958865540953,0.584303771198675,0.414217299130649,0.5359357096329332,0.5476236214662642,0.5321649362604223,-0.07798277207390333,0.29789612116653,0.2135042676835084,0.21128571933262646,-0.024377084957670547,0.41276863051316404,-0.1713625959323155,0.16732803098846422,0.3435992421768108,0.6671971578779745,0.23579471829726972,-0.2996698905180557,0.38060751597694126,0.36960678254258306,0.47067729794352453,0.22697838205715826,0.04237981881945541,0.3877054334328181,0.8535512059830015,0.2830909573970502,0.5479654154871353,0.2120383767215205,0.6438747819945005,0.21512552991344028,0.18013675083094674,0.33912122877684703,0.19543852523484143,0.8567487483771759,0.5857003427125002,-0.16567508982807475,0.6871405549925298,0.629308567592328,0.3149972878506766,0.20554490920621776,0.2617331360185267,0.05872436898962237,0.5756009663737357,0.6922459912514971,0.537302188859688,0.8556959570402194,0.589949483671558,0.4021079966328105,-0.05298757734976461,0.4004671589544808,-0.008114059217122858,0.6173316190105267,0.3050240451158781,0.3987010198679494,0.4497606625251264,0.41590394843243617,0.17337482096630238,-0.16213512512792663,-0.1375685312790405,0.3951554396947414,0.6307576155197024,-0.01617602957015206,-0.04920167835311794,0.33682906072658486,0.5386570994949701,0.12822262045797786,0.1755515208330072,0.3257422155811096
ParaHippocampal_R,0.28539713431722924,0.40260002392717775,0.6034811271294818,0.21029296020802182,0.2708403356111226,0.502338696944113,-0.05338022878352042,0.16203469508993576,-0.09034264841889544,0.22365195560185885,0.3271104611769255,1.0,-0.021344889604585672,0.02013688841652385,0.6135077059583254,0.27191136763972007,0.06521742091500457,0.6606949680724482,0.6063586185842604,0.00679732041716228,0.5497601774556989,0.5442361844549714,-0.09465601079276857,0.12900465350204235,0.5743965521264849,0.5827548457620984,0.40763387666580153,0.782961740479044,0.6052055666380751,0.5597270183323756,0.7178234751178283,-0.4098455659248717,-0.5798890517403824,0.5235280061757149,-0.2989922879653882,0.8794134340099251,0.6924161737432111,0.6840318772327738,0.5019537397516064,0.5124640450237568,0.10897847471312434,0.07857559701211142,0.31096466809877943,-0.1333897371956032,0.4320452243816651,0.2121110971113835,0.5244886885491006,-0.046645522940598094,0.5055401858975193,0.30177928528381803,0.0016872528918989158,0.5585735630552312,0.3797675401401174,-0.08145456312010761,0.23685389230597387,0.7001005087356634,0.3506527913606235,0.6120040611026969,0.557448332591556,0.1618638815699166,-0.4377771912920018,0.36138221885842775,0.6440867939281223,0.29431578790927254,-0.0255488585327819,0.5731175122337206,0.521568499781272,0.017503756198068685,0.4619769750163627,-0.2673521489901676,0.27537894841698773,0.360656991391551,0.3457230376962057,0.25727303675385205,0.6566872425381997,0.22585786177565942,0.16068935846485763,0.3516011836679937,0.5880105672033237,-0.28379025997901747,0.5204768614348191,0.523769834614937,0.4901791721734001,0.36752437242737485,0.7493615498068764,-0.32397448046136373,0.18752269571718214,-0.11131046410337798,0.7649168423683566,-0.4059616875689367,0.6643439231006861,0.07223855122210601,0.20531408051304173,-0.10174286058149994,-0.1772492500704429,0.09799447984670646,-0.028896052076556808,-0.1755785815394165,0.7889902595221,-0.20521698175820366,0.5183219554600901,0.49613174804152466,-0.01603996078356774,0.7100818921007984,-0.1748829529011291
Vermis_8,0.2345038302639155,0.19244764867109257,0.3430548397230748,0.3206429687210861,0.5708001228856109,0.27908102030838555,0.21146709472169403,0.25930365241818354,0.39270861359676595,0.20232582777160288,0.25595439419118327,-0.021344889604585672,1.0,0.114994958640816,-0.04929784690112075,0.29196529761944207,0.17521192819936843,0.22798365274302287,-0.010168675863350247,0.3106154006766625,-0.1285274871531581,-0.22857136372723613,0.22347950723948065,-0.328179589961824,0.23196613838190544,-0.11954950863412808,0.11612801197927146,0.1040545856564268,-0.12470238316990816,0.18175039279947702,0.0958192539579808,0.02863730597583819,-0.017947018632218162,0.2132811046016666,-0.011804601261213113,-0.04155734631359708,0.3095671464892156,0.17225354749075597,0.1152349203122476,0.30612439801417785,0.17677750350674523,0.2314413509111074,0.03513546030837601,-0.18401101715154186,0.053588544287294024,0.048319298853592464,0.22521003939677925,-0.028428221806289136,0.0657226789048114,0.12707657244637469,0.41642307475143636,0.32649088598845305,0.34419003778995855,0.17269227413978488,-0.28590643833165474,0.18053547485162078,0.11161777322678595,0.1564425320375371,0.23902781394513561,0.13670375999862847,0.08486709684298166,0.2705171021150489,0.01961230116356756,0.09870311520710282,-0.2806442172348522,0.32285918231274324,-0.027207879614141544,0.3113859847868528,0.5315939640420364,-0.06180064444815722,0.34260188634096544,0.25548439173521137,0.13995327635700153,0.4530578735310722,0.1530624507247827,0.15985711613686138,0.5097796274488101,0.35185004317932267,0.16818463615779386,0.13663017883641307,-0.003279246214326483,0.33632709260336613,0.18222183576531115,0.1557190920294011,0.13339284656650124,0.1943563967653485,0.1251074896700348,0.20374767404240188,0.07491616018419746,-0.0073606639175554725,0.24054166092830523,0.660127330264357,-0.051292098348046156,-0.1984207353881081,-0.36369045752566775,0.16780767683596604,0.1686825295705301,0.08870760336025132,-0.21229418523103463,0.1654832485317281,0.03676602856694924,0.10860336297581939,0.0843766190980509,-0.041335236232116955,0.27196443234783535
OFCant_L,0.07335207491500555,-0.15796946616186314,0.1066049017696936,0.20810674909939894,0.02427057459132437,0.0001633412700085213,-0.08606738000959432,-0.05961771126744483,0.04146644904307039,-0.10996491866076356,-0.06118761388868245,0.02013688841652385,0.114994958640816,1.0,-0.03638196604832862,0.05918456128808746,-0.22124301004085675,0.11144179366741566,0.1011908764347197,0.28171707902521803,-0.06431340920131402,-0.24605515647413506,0.27347911717579465,-0.08785290299024123,0.11287499643139755,0.17928967459687928,-0.023636528809759454,0.13677348575037832,0.07252054348905765,0.17037357364424408,-0.009700824636145904,-0.09907300393135077,0.0743232834615219,0.0975214821916066,-0.021062526964770026,0.16543573939091882,0.14391108689497215,-0.008704309810053856,-0.015898283395400777,0.11670876559276136,-0.0998312055874744,-0.001234625074539757,-0.14907940535839928,0.2829442060887635,0.010733931173520922,0.17730864328579887,-0.030091508024002758,0.12061327268580424,0.07738368838111938,0.2330538046553887,0.055558473430897766,0.13996003539345284,0.13584799673097453,-0.09976281001587042,0.23863032386396965,0.19324604290943917,0.12216774790646395,0.02202514681806112,0.24212224962919165,-0.1303055785697891,-0.1199337569838409,-0.10586462844690829,0.036141077836834665,-0.12797058569607495,-0.050677164039460446,0.117138634164518,0.1950701535830954,-0.12003095956221436,0.18636869959214974,0.025409652961457214,-0.12102517600594981,-0.04112791979900766,0.3165946863487594,0.10910551178562562,0.08377992036654766,-0.07361414402059686,0.21192784481543378,0.20828021653368492,0.2295812082714483,-0.04799167019446118,0.09708766644633655,0.13504646868587677,0.0029744149974745347,-0.09290940831017737,0.04993647711783252,0.06138683576494895,-0.0396377984804184,0.08797101724922099,0.017433551652943746,-0.030324276388699264,0.1374591521738664,0.1965623951152386,-0.022704589477528164,-0.20754582562471974,0.17431646365376377,0.14938217261643782,-0.18293036310525815,-0.1863010997240555,0.05363402237523164,0.06545502614568158,0.2758645792844414,0.04748802120336913,0.024916868246637233,0.16294168638070297,-0.1823807929321508
Thal_MDm_R,0.39759195023820537,0.40132082572541095,0.5900202519243422,0.2799442870596288,0.10617433134261625,0.5453127647970173,0.01985130296924785,0.11337312685237294,-0.32549764827844385,0.30609136997783215,0.16149719584613587,0.6135077059583254,-0.04929784690112075,-0.03638196604832862,1.0,0.3952714712380119,0.1198711453734478,0.763696343293485,0.4863365349539746,0.04352463162360833,0.7129080665999199,0.5076338741683217,-0.31345483907115035,0.5072489084713958,0.4649110744138973,0.2835948339025043,0.4124500575851326,0.6667886442003166,0.48478199095683333,0.4544607496396038,0.7251298454461207,-0.39419645388869673,-0.38462645259727796,0.3772528949738039,-0.31441746485820654,0.643987191234776,0.6317816569051309,0.5655568781670651,0.4201821694616314,0.39331619495949827,0.16599924557849444,0.27943296651758726,0.36015663835134665,-0.3315116054087352,0.4914780969573477,-0.10172211570205161,0.44090679649845815,-0.03723423689708872,0.49033460096133186,0.45284173044663867,0.13863426225195957,0.5971182832463435,0.37249236735571867,-0.21954402708500464,0.18774287670732767,0.4928580120964563,0.4742231751463499,0.5498407073168882,0.35951429337915625,0.5234451706266241,-0.4061344457456854,0.26176636649741597,0.3422415150555862,0.3878121472163462,-0.0342536670538005,0.5329753936042223,0.3969035832710265,0.18733615220848668,0.30874374634698004,-0.41009811463928586,0.18128926237011467,0.476852555937835,0.16642488028139119,0.1261476643950951,0.431383284814585,0.18706865442202178,0.12949039248453928,-0.031920484382835304,0.4064560763095873,-0.18402567562110103,0.4272779856134007,0.2919491381671502,0.3667582541701072,0.4467572667178832,0.6711526546935601,-0.2724382036361309,0.17398098827680586,-0.31643225081756066,0.589390795777953,-0.41734702591298245,0.6090755682672252,-0.042973367249305235,0.3199261722930123,-0.06368416077801378,-0.22055181612541852,0.12262161549012586,-0.03866389270594949,-0.14582834137933454,0.6672416177793724,-0.3209438606535842,0.07024843175439184,0.5408476770125029,-0.156583066856194,0.669113727825172,-0.1997001901911036
Parietal_Inf_R,0.8247299890719558,0.5383122853244053,0.7576429014569032,0.3934416312220912,0.44097931160928955,0.7170106789933881,0.7438527406772194,0.6809566651035689,0.3044177229017373,0.602845980836991,0.49342581096591126,0.27191136763972007,0.29196529761944207,0.05918456128808746,0.3952714712380119,1.0,0.32801640251907765,0.6203160514545093,0.3065127812677492,0.0976737089874157,0.16624570484601603,0.11919721636335842,0.42655467929145957,0.07879927205711304,0.4133271313555243,0.021179064623454234,0.19407284973091615,0.42964853394716424,0.1972480073129803,0.3094045148604942,0.6225946648694488,0.2935437643570146,0.032722081857226686,0.5076585043782893,-0.09649481389325443,0.28805843479431337,0.5310310307987034,0.5303583634032951,0.28830141618038,0.5348005983155176,0.46159284111882976,0.7935229834978643,0.4281463471892615,-0.0947255797185647,0.3696658582723913,0.1005222338348768,0.23659188332084205,0.043151280839548625,0.7119807996858275,0.437304132689186,-0.004101947445319317,0.5753357318759948,0.7262505185285555,0.1601338389189928,-0.08687669058614866,0.33881749404582434,0.37154739053270824,0.40246602557120037,0.17047273363963633,0.33325309998658864,0.332145571976526,0.6011308266332629,0.24253525709926368,0.5678126342877813,0.152337115942111,0.7457731231499409,0.13951291551510847,0.25876550961824835,0.3857685604139158,0.019074954813405983,0.5978636097460621,0.7135181167503505,-0.14785693538819122,0.3885891967831695,0.34077936519731145,0.7395413923069291,0.07406468816734825,0.42681140542517443,0.14987429583514544,0.4776038737790296,0.5631515412525993,0.5290731580554965,0.6134200495098789,0.5766069079966342,0.5647652256203909,0.06935138982266027,0.6633131830704632,-0.08890804496780251,0.4543071400277564,0.16792975205269617,0.47095479422484327,0.42215139130503,0.3314877804464539,0.2016209878317516,-0.09538790595189195,0.2261365612047394,0.2381523586870977,0.2847608903139976,0.021593027852887248,-0.23564880849707046,0.24600438927919344,0.5464274465655357,-0.11604774974942743,0.26051313082112265,0.1563057295052899
Frontal_Med_Orb_L,0.36988048126916495,0.598538961525852,0.3037200804866486,0.105163498310958,0.3889094355045333,0.3946120210417097,0.5379685549905219,0.5263675931967319,0.2207408602888465,0.38944220031999005,0.5322347067426687,0.06521742091500457,0.17521192819936843,-0.22124301004085675,0.1198711453734478,0.32801640251907765,1.0,0.2641837577042263,0.07008816481647849,-0.018392801135261753,0.055406502812760355,0.1765401430860208,0.16325988501371333,-0.13566024694814185,0.22122763345333424,-0.1867832298280552,0.3580345177059479,0.013992394748308478,-0.0044348079500976575,0.07208297017079585,0.24375905152782765,0.228182856313695,0.061433372126777866,0.3190159259609801,0.10944557273264093,-0.1273709402359802,0.082991408158605,0.3769605036207635,0.3706329418970656,0.23258689831109164,0.36673693202691526,0.4622203232121692,0.23293960201626882,-0.07721133318384099,0.0634417916026441,0.15696998501120712,0.08755829609700266,0.0426589245991906,0.17480930518968188,-0.22254483813812934,0.11018117217116881,0.1522523535575768,0.30703507719941603,0.10538755992536622,-0.29403217779218693,0.13426337965105203,0.06922937353642829,0.06380372086483381,-0.18658641624596473,0.10077408755453333,0.30186932625133694,0.5516428144355131,-0.0456321194290744,0.41081172832453755,0.019430425075114447,0.28526099630544544,-0.09811319832055491,0.23610384550514552,0.05763799145227191,0.20207569268810532,0.5033074920470783,0.48668580215740037,-0.42465051452705904,0.1680226491178031,0.21479250274745665,0.16044126993298366,-0.11363616006877421,-0.08037672881199516,-0.12328886360140337,0.5296052436481574,0.3062813280228235,0.24314464219028514,0.5097616467087009,0.43562334740404,0.19302212119231588,0.05146723997685684,0.21244291722910413,-0.11321703539260726,0.32613336397244896,0.13645332231795637,0.14966201454380412,0.27196860074370444,0.1942947432819434,0.1721485816088231,-0.22863106435116196,-0.11365757930990392,0.3786819985550535,0.4111637230894996,-0.15086142452826887,-0.05868627062690102,0.002985969448537233,0.3163287243567213,0.044390563278169794,-0.09768876297277379,0.3151400259836342
Thal_VL_L,0.6167718210956744,0.5109775803391118,0.8146615658356932,0.4449754318076578,0.37364985335869333,0.7223409763219106,0.27220862899365555,0.413735745714502,-0.027779266958504363,0.42994898501121903,0.4323771282260747,0.6606949680724482,0.22798365274302287,0.11144179366741566,0.763696343293485,0.6203160514545093,0.2641837577042263,1.0,0.5844015466883695,0.18819655970724075,0.5428949322579013,0.40559749234855674,0.07596581987573206,0.18383886032648072,0.6931099210291078,0.31277179025553276,0.44777223773243047,0.7793533674732854,0.42804425303666005,0.5319715660020862,0.8002514429799741,-0.24545328525034193,-0.41857561916453156,0.6135104413577642,-0.28994845463464025,0.7096653394021738,0.7968354736103109,0.7292030810114783,0.5082656905592259,0.7042032955520994,0.2857095479350543,0.46433980825229476,0.4299015792153598,-0.20090457273982876,0.45960692367730716,0.17914330305906442,0.4474646358904186,-0.024801951664790975,0.5761151025469129,0.48342129795157274,0.18686257706568063,0.7282336653482786,0.6649238096091469,-0.18134917938387754,0.08237803060970243,0.7065881651752118,0.6010909768112511,0.6563314471281313,0.5019346324376446,0.3668729162686538,-0.22908079916852517,0.4980844175745115,0.3415481390401631,0.4781672725967903,-0.04149741093945778,0.7839632622691707,0.43830642280540477,0.24047603529684147,0.5356782187227701,-0.24042053311378306,0.4361115750701006,0.6562587619360963,0.20692210002261713,0.3895700016118417,0.596700886047838,0.39654967809462427,0.2823784190753375,0.2953749153093336,0.5503035183258335,-0.02698525767309509,0.6456831295305047,0.6639572998975833,0.6204080219716797,0.5500457914770613,0.831071865187229,-0.23464569985225908,0.3602668871322262,-0.17100672285332374,0.7127859749669622,-0.2899990242231364,0.7485450908290571,0.2854834606097335,0.3145859809207834,-0.11213354545729874,-0.2692607318161305,0.17122216325651232,0.013636334912588158,-0.05957855705481631,0.5509376017566826,-0.1934226706808236,0.4130555960613637,0.6872115941161366,-0.012686087646595387,0.7177737054761243,-0.10768429527343559
