,Postcentral_L,Cerebellum_7b_R,Cerebellum_10_L,ParaHippocampal_R,Thal_AV_R,Insula_R,Lingual_L,Frontal_Sup_Medial_L,Vermis_6,Temporal_Sup_L,Occipital_Inf_R,Parietal_Sup_L,OFClat_R,Cerebellum_6_L,Thal_PuI_R,Putamen_R,Temporal_Pole_Mid_L,Frontal_Sup_Medial_R,Precuneus_R,SupraMarginal_R,Cingulate_Post_R,Hippocampus_R,ACC_sup_L,Temporal_Mid_R,Frontal_Inf_Oper_R,Thal_PuL_R,Occipital_Mid_R,Frontal_Inf_Oper_L,Thal_LP_R,Rolandic_Oper_L,Temporal_Pole_Sup_L,Cerebellum_Crus2_R,Thal_MDl_L,Frontal_Med_Orb_R,SupraMarginal_L,Frontal_Sup_2_R,ACC_pre_L,Thal_VA_L,Lingual_R,Precentral_R,Caudate_L,Precuneus_L,Cerebellum_6_R,Cerebellum_9_L,Olfactory_L,Red_N_L,Cerebellum_Crus1_R,Precentral_L,Occipital_Sup_R,OFCpost_R,SN_pc_R,Parietal_Sup_R,Cingulate_Mid_R,Putamen_L,Cerebellum_7b_L,Thal_IL_L,Amygdala_R,Vermis_1_2,Thal_LGN_R,OFClat_L,Cerebellum_Crus2_L,Cerebellum_8_L,Thal_VL_L,Vermis_10,Hippocampus_L,Calcarine_R,Temporal_Pole_Mid_R,Temporal_Pole_Sup_R,OFCant_R,Paracentral_Lobule_L,Thal_PuA_R,Frontal_Mid_2_R,Paracentral_Lobule_R,Thal_IL_R,Angular_L,Angular_R,Cerebellum_4_5_L,Occipital_Mid_L,Fusiform_L,Supp_Motor_Area_R,Vermis_7,N_Acc_R,Frontal_Inf_Tri_L,Frontal_Sup_2_L,Red_N_R,Rectus_R,Thal_VA_R,Supp_Motor_Area_L,Heschl_L,Thal_MDm_R,Thal_VPL_L,Temporal_Inf_R,ParaHippocampal_L,Parietal_Inf_R,ACC_sub_L,Cerebellum_Crus1_L,Cerebellum_10_R,ACC_sup_R,Thal_MDl_R,OFCant_L
Postcentral_L,1.0,-0.17042561540768666,-0.00840674212694212,0.502338696944113,0.586702176992053,0.5253193690092903,0.6666158775615719,0.43116420454649884,0.1810333440595214,0.5276721856527528,0.09572204239752992,0.6052501308955522,0.3612171870765423,0.29607879586083125,0.5688252553969494,0.47540019065764727,0.09400618908083751,0.5715313026701949,0.8375831939211236,0.7303982774230416,0.7176875379356562,0.6283751287894287,0.38309132548207164,0.39590639779994447,0.8638304901621731,0.451341924685871,0.09207019954959102,0.7783770453599423,0.308615782865317,0.38824704491068085,0.25768298772993237,0.13400698558586965,0.47797681991903834,0.28164518344197365,0.8071410479996316,0.5980729193845655,0.16376928795953838,0.6746772336639848,0.6185319142862616,0.8690318290216621,0.5902901913202212,0.7389958097424212,0.2744906962614365,0.431578934447763,0.23616729104346337,0.5109838442089669,-0.15255328312455765,0.9186779820395742,0.13347460863107868,-0.03944586080110462,0.22721467894052327,0.5336439736673787,0.845077721240871,0.18121885294856244,0.11921150847664393,0.5111251529153543,0.19011225079153393,0.5282206673637333,0.422865975869521,-0.10286647770016132,0.1243636550217067,0.3198105693520596,0.7223409763219106,0.23552150638381808,0.44519072258302234,0.4967493872291591,0.03125745675530465,0.3802253757697067,0.10424031965691154,0.7826564203786529,0.5771739285869726,0.7633932243063422,0.8580577743308938,0.7469420494695922,0.3777010676426575,0.5202797857825542,0.659801308964001,0.038456574641117236,0.24868138361644435,0.8158943149834852,0.2192083618579339,0.3230295237266826,0.5879456262437518,0.4570806906640715,0.5973913137331376,0.003544456058579525,0.743822317492504,0.7693090196487968,0.5695347806552812,0.5453127647970173,0.6379300899538298,-0.10199409264503555,0.40956689566925825,0.7170106789933881,-0.2555635016740719,0.21235133003518206,0.29259233448962135,0.464520212668348,0.507188061804478,0.0001633412700085213
Cerebellum_7b_R,-0.17042561540768666,1.0,0.1767359118493163,-0.1772492500704429,-0.212733872580663,-0.1503115570182938,-0.2358452059791771,0.06432972179767454,0.02100041546064126,-0.1290434190700004,0.24828777379836983,0.0554504715833948,-0.31222654394175275,0.11353656073927344,-0.2439711051946828,-0.22610830872868645,-0.02816228167819802,0.04659671853829234,-0.12663043377263472,-0.12459047520972756,-0.09407838653510642,-0.14797413573414853,0.13263920540076996,0.03552348106209287,-0.20381234820155794,-0.10004584204561631,0.12578079239913562,-0.011557673803290315,-0.05698616022839837,-0.09366859533108116,-0.16201482488647212,0.40071960606012036,-0.15491671538386323,-0.03805486995583075,-0.07798416492923389,-0.014121568467915636,-0.10424056752729803,-0.19715756368101087,-0.24952158613158656,-0.09084030702876202,-0.167072939027636,0.009663941119790607,0.1360100593359875,-0.09392723632772892,-0.1137443298489537,-0.14719265861157707,0.38245988811302306,-0.1289750770520012,0.1798934866890653,0.14604937748869082,-0.07763226485040672,-0.034267048105624635,-0.14222157666460014,-0.12066616291372499,0.0468414725107848,-0.031143954606033353,0.21931229480736686,-0.05528462713791973,-0.1836519827353441,0.15612131659353093,0.30595927180988897,-0.3026716202531978,-0.2692607318161305,-0.25356716606680135,-0.07101176598992809,-0.09265432592612174,0.09694937678535465,-0.2460356197569422,-0.2268105399432069,-0.06900327282279568,-0.2699363858212185,-0.02697970565741511,-0.12865416349915507,-0.09551259709964911,0.1772651982093328,-0.09453170451818926,-0.16213512512792663,0.3049276459689488,0.174595747239857,-0.051691667856133675,0.13301888344214993,-0.24478745292579973,-0.03400337598982862,0.12462951757780295,-0.2267321614644396,0.04250353526247759,-0.21465555137219974,0.003315841741489258,-0.22362971844466856,-0.22055181612541852,-0.13941862577134262,0.365568813438408,-0.11803594603281728,-0.09538790595189195,0.12110775281303125,0.04400446502499414,0.010943831757611799,-0.028493659272289473,-0.2327852760015101,0.17431646365376377
Cerebellum_10_L,-0.00840674212694212,0.1767359118493163,1.0,0.09799447984670646,0.32395856094496067,-0.06766508960531128,0.001006825678998868,-0.017616806604919568,0.08811891757132011,-0.08879488979767552,-0.14057166534484988,0.08204473930000589,-0.027532264275578144,0.35342583635734254,0.0613961531044046,-0.2549345717867393,-0.320660011107813,-0.07550607518052056,-0.04893349519295276,0.02638573697169165,-0.11415329821319867,0.13599177137023216,-0.06660568862261991,-0.18806084763152606,-0.007902162200319416,0.41562790033939445,-0.13308407568411593,-0.1459896019819724,-0.2541171359712037,0.17671272419909398,-0.09439957909004458,-0.018134656697547574,0.19821396679124584,-0.00031327216522311944,0.11667591871587954,0.06433516073128671,-0.3024144555683332,0.19536016547851082,0.081141849299399,-0.1787603857041816,0.22603223724522592,-0.06751365826371115,0.08394717149355808,0.19383597963493368,0.24467932198356682,0.42040093326834427,-0.06170026685960998,-0.15093299606167115,-0.11100288985915167,-0.1114836895614853,0.46010673261456897,0.13856542709643754,0.11975011895386084,0.32674375683780893,0.15230883868223122,0.00867362950999859,0.010990395444913797,-0.06317599388529214,0.1460794311958625,-0.17765579886492175,0.15961706453823077,0.21775342433865483,0.17122216325651232,0.054516953494237665,0.20769089770013743,-0.2256952356122924,-0.3050873455495731,-0.20169086430105432,0.02807811446277479,-0.2589517940984125,0.1837303069956559,-0.07611752564912586,-0.23497673476278053,0.01280784904854435,-0.14667240059753797,-0.025986405380048316,-0.1375685312790405,-0.14957591068385032,0.3066714321344302,0.08378037235719342,-0.15077532135979888,0.2852855644528252,-0.04947039604703013,0.029109523565224192,0.28327094436457795,-0.017849290682508363,0.05549835208552719,0.10593433768461402,0.06745254297205583,0.12262161549012586,0.15277274130577662,-0.12091935364801447,0.2705236867846693,0.2261365612047394,0.547442562899132,-0.0745433647144103,0.4331357958086194,0.08327270447823153,0.43480916974482686,0.14938217261643782
ParaHippocampal_R,0.502338696944113,-0.1772492500704429,0.09799447984670646,1.0,0.5585735630552312,0.5019537397516064,0.27537894841698773,0.15576220039390049,0.2978786194285068,0.25727303675385205,-0.10282558342954293,0.18752269571718214,0.2919436671623144,0.30177928528381803,0.6566872425381997,0.40763387666580153,-0.31180965332093485,0.21029296020802182,0.4120483587162546,0.07857559701211142,0.31096466809877943,0.7649168423683566,0.521568499781272,-0.28379025997901747,0.360656991391551,0.5124640450237568,-0.4377771912920018,0.2189682463686937,0.5083321955496125,0.557448332591556,-0.09880728929898436,-0.0255488585327819,0.7001005087356634,0.03731247685583104,0.3797675401401174,0.49284177316142064,0.034042983783306294,0.43798890822252323,0.36138221885842775,0.29431578790927254,0.6643439231006861,0.309356728473947,0.09617833507671765,0.49558074972291266,0.01207825924103617,0.782961740479044,-0.5798890517403824,0.36752437242737485,-0.4098455659248717,-0.01603996078356774,0.3516011836679937,0.22585786177565942,0.5731175122337206,0.16068935846485763,-0.07877452813517119,0.3506527913606235,0.12900465350204235,0.1674081882709782,0.6063586185842604,-0.20521698175820366,-0.10174286058149994,0.07223855122210601,0.6606949680724482,0.5442361844549714,0.8794134340099251,0.02356087540968703,-0.2673521489901676,-0.028896052076556808,0.00679732041716228,0.10897847471312434,0.6628323968261568,0.3844206501468164,0.22365195560185885,0.49613174804152466,-0.23198125066733755,-0.05338022878352042,0.3271104611769255,-0.31376244633017814,0.5183219554600901,0.4766065221438125,-0.20533316419138664,0.1618638815699166,0.5432549628933776,0.35796558609956014,0.7493615498068764,-0.046645522940598094,0.7178234751178283,0.5055401858975193,0.6120040611026969,0.6135077059583254,0.7000148274327148,-0.1333897371956032,0.7100818921007984,0.27191136763972007,-0.11131046410337798,-0.09034264841889544,0.39123753561972735,0.5597270183323756,0.6924161737432111,0.02013688841652385
Thal_AV_R,0.586702176992053,-0.212733872580663,0.32395856094496067,0.5585735630552312,1.0,0.3853938626686542,0.424998429092559,0.29007149849956354,0.29536532253766273,0.3209880418025144,-0.12367837584948715,0.3842829351733261,0.21165418572762157,0.5022612780711215,0.5652351679626568,0.3176241797781473,-0.26600514842397804,0.3414650373286062,0.47868045513347907,0.3925378994024281,0.3014669901045249,0.5797657000696886,0.2874474484243527,0.007741338376467074,0.548023855122453,0.5927014442649038,-0.14300586850137378,0.3456277974095496,0.2742906334369404,0.3831051676598605,-0.02709217869016417,-0.057054997368944725,0.6202685626618414,0.09868548197928427,0.5391138503236995,0.5272519074366545,-0.005427214192153686,0.711047383427942,0.49028068149388976,0.36018074154089896,0.6423508076572246,0.3388864660696975,0.22709722535671018,0.47422874500228485,0.09147188068469828,0.6989084648632852,-0.3607957751663692,0.4350937974901761,-0.11005121629854848,-0.1922262644972371,0.42532300283766594,0.4533180814203614,0.6691533171552976,0.33432863045324407,0.19896424006203228,0.36358298962192076,0.07143291422794892,0.21142917155306015,0.49063914063676817,-0.32280002567533744,-0.04711469465120045,0.3379943163711439,0.7282336653482786,0.3155235163922567,0.5832146607358019,0.1260163572772226,-0.37017609559724585,0.032079427155360135,0.19074232226799478,0.19474607251667891,0.6861799374726139,0.43491798744866716,0.30138538058876757,0.5163249627875819,0.03138278914930959,0.2681950782182948,0.3435992421768108,-0.16555310657905284,0.3739932222748747,0.542610746619139,-0.1316828366243455,0.3341517345010035,0.35650648425573256,0.356429046074095,0.7043091424988989,0.06068321520549843,0.6705183920742945,0.5438845553513162,0.519579056771405,0.5971182832463435,0.6001672092753441,-0.2954728072838897,0.5452829079716057,0.5753357318759948,0.00133552907752085,0.006358880511507713,0.36316412201742304,0.477319394832805,0.7790149084662285,0.13996003539345284
Insula_R,0.5253193690092903,-0.1503115570182938,-0.06766508960531128,0.5019537397516064,0.3853938626686542,1.0,0.39106339045454525,0.5434630746702979,0.18930617919944026,0.34234753758791225,0.13024366824052533,0.1486650449925108,0.5028521752760443,-0.06356607208538838,0.5393701827677914,0.8848585796207812,0.048764964535793036,0.5684745887396748,0.36766168947721456,0.3048853755295118,0.3043146124142435,0.7051016193405513,0.5513516750379304,0.19285944493107182,0.5158621580234155,0.400102816713038,-0.085350664989828,0.4933631091066795,0.3444554873443071,0.41955140924397555,0.21701633964439698,0.045721029716917286,0.5481559131193486,0.013976250757397337,0.44268830438218904,0.5623455616456006,0.390719208401927,0.4455046172688912,0.4464508612197669,0.37838420880648393,0.7024204822102456,0.28101469781962385,0.2448262842465305,0.32672353688196115,0.16611543323299535,0.4309899541885738,-0.22196271611629598,0.4575506642457122,-0.17256155818717733,0.3762229250956605,0.09047485721631536,0.07473370825012271,0.6458594928910146,0.39833709015815605,0.07222996626968824,0.1925814298111652,0.009064827598332189,0.6052001264445646,0.26165579618877427,0.2413657721012865,0.07178529490474318,0.11432835881495523,0.5082656905592259,0.3060888806255575,0.3705672837099764,0.23797624057397068,0.14174468531635342,0.41337234342236795,-0.009548105404496179,0.3662610759883307,0.4745717137979758,0.5854251343466825,0.41412224490903987,0.5018308422993624,0.11548943783849051,0.2026589152124896,0.584303771198675,-0.12798373970317548,0.3784813059932559,0.2656803710999886,0.15660641880252332,0.09055073581428791,0.6131004755552872,0.5107209262424353,0.4893910414754713,-0.06903170419956298,0.5200179533513242,0.31481689610331,0.5136298808463255,0.4201821694616314,0.5273879917687766,-0.08146794722990207,0.3342449778519114,0.28830141618038,0.03434399794055245,0.12252296479484995,0.1261566196520776,0.6002339430057692,0.42258896249693056,-0.015898283395400777
Lingual_L,0.6666158775615719,-0.2358452059791771,0.001006825678998868,0.27537894841698773,0.424998429092559,0.39106339045454525,1.0,0.09424315324974854,-0.003757750580708187,0.5961282433363612,0.012225606715198128,0.47437343725200115,0.3868623446906435,0.010465401795041103,0.5072352556183046,0.33864313424894094,0.06651849740704867,0.1668677981306318,0.6040928320202633,0.6665945985318743,0.5486318230064661,0.5509975439710337,-0.06106264777422617,0.5987543842477926,0.6659090647174444,0.37638283562436103,0.44926745250620964,0.4690541015189586,0.01895060969982791,0.07166107282869498,0.2729388791037861,0.14327329021484314,0.28001647129964297,0.3094117406498709,0.6855294666077277,0.17064195209918964,-0.07010692376636396,0.4840960604505688,0.8994573802666246,0.5541387752270602,0.35999600445936103,0.5486952940209768,0.374355126791379,0.39343052305729026,0.28424895326271704,0.29034369813693095,-0.08732524402344381,0.6023267901661212,0.4051817402376256,-0.1809741189926585,0.32313855698160004,0.4491060654057957,0.5688316296346728,0.12404185941088772,0.196790055408555,0.2865944199013502,-0.1390000984726514,0.6773423477195094,0.22357858875643588,-0.3065169964368971,0.1952420504588891,0.4562049541833751,0.4361115750701006,0.3075078195535803,0.11668588963748414,0.8108457836303108,0.032694143192478646,0.4036550678163508,-0.007673715023714224,0.5139185072337175,0.40242506970377734,0.30026183764985875,0.5970475231920902,0.43167604924818775,0.5359028020487916,0.7410597604265484,0.8567487483771759,0.2616554443992137,0.25351601143489855,0.45838027507568213,0.4253432517849859,0.27069398203286316,0.12320340214871138,0.00033649472999556417,0.431662167228299,0.053454515890261824,0.43898335924031356,0.39979348546360494,0.42215496919357176,0.18128926237011467,0.4012809840218272,-0.20777483123481666,0.16873143242360436,0.5978636097460621,0.04047019582229399,0.4131984329802127,0.21802851817996136,0.1537324925976709,0.38499313373187677,-0.12102517600594981
Frontal_Sup_Medial_L,0.43116420454649884,0.06432972179767454,-0.017616806604919568,0.15576220039390049,0.29007149849956354,0.5434630746702979,0.09424315324974854,1.0,0.2509796162223057,0.41932808585261844,0.22939788299746827,0.20093009526242933,0.2433463332124408,0.09572694254252674,0.2731383008066802,0.5004541219386343,-0.05819220545585885,0.9470840909327733,0.23986400370001779,0.12099677700487574,0.12233526727579822,0.3048641798903548,0.7239216951500591,0.027589654566496334,0.31820719392070207,0.29081587439155854,-0.04477892860292023,0.5885591849104744,0.20434369396271113,0.5193195858061481,0.24291783128721778,0.013203794001418913,0.38168790775317296,-0.26310740822284895,0.39844418392519576,0.8062984294066033,0.5529788083610809,0.3276961424028014,0.022742981118574576,0.23924791068202772,0.4723188408300383,0.1951460894552562,0.2172615737451604,0.2945048141008887,-0.005801210996288919,0.20922557532474922,0.0713043278783616,0.3039823190752733,-0.10714846056195505,0.4437294039493772,0.15989801230370893,0.11194502149301427,0.5930201883641651,0.5647300893099962,0.24569392097156617,0.3213234656364118,-0.05402947737053029,0.31595062042909305,0.13959455692055958,0.5752724722661774,-0.15135511773399174,0.21004239764417262,0.36724906248269257,-0.17401827964160463,0.23781999729354486,-0.05532770174085602,0.1071500630511489,0.21593049035729014,0.2166357406032736,0.3519419251282485,0.27749770987999534,0.6161266176251401,0.34172276135356733,0.3876159076757392,0.17540759465463063,0.009369375862138204,0.28294705579743146,0.03465195902851433,0.26660886036119497,0.2033667873269773,0.132304336269481,-0.12110596081357665,0.6357593491332566,0.878928315800656,0.18182155995310162,0.07988627749557259,0.2557756909790981,0.3166822564220654,0.3661261463223979,0.1530219501308521,0.36357322515488466,0.09792957751397315,0.18685239521590327,0.2604905438749941,0.03159163618983297,0.2128266179552697,0.11143113982972551,0.6471070213014646,0.25519753258975286,0.28012645035472555
Vermis_6,0.1810333440595214,0.02100041546064126,0.08811891757132011,0.2978786194285068,0.29536532253766273,0.18930617919944026,-0.003757750580708187,0.2509796162223057,1.0,0.22322124209082056,0.07801165981965587,0.07497178031653894,-0.05145481125242308,0.33027299908929614,0.13946032366331992,0.14877560000521725,-0.18701698054625307,0.2408402423677166,0.17568115754039554,-0.0165589076793241,0.10689981202296615,0.24847955133767669,0.32972076381062015,-0.18763427533303703,0.05691486455603656,0.20714997107257435,-0.26573574735225663,0.06752959706209331,0.24163994336472128,0.3597980624398315,-0.019958068434494988,-0.2542026238471395,0.33880442057934884,-0.19515030265106717,0.2273171410738542,0.3247612398178536,0.11585567305282865,0.2899795504634881,-0.03742972097749391,-0.0007402781416315281,0.3752394006185754,0.1148219189344512,0.05447360969192145,0.2817346385410144,-0.07261386779936757,0.2896858752840262,-0.11253662936322431,0.05303933060007516,-0.20423049045068956,0.11423981711092485,0.15727870035754984,0.07497391485319681,0.2762121812364482,0.23800821309779974,0.0753885827092516,0.21819810155908256,0.13424186042113823,0.02074441683220142,0.1693217544506836,0.025432083884473555,-0.07870653568288008,0.07107485482714057,0.29656119484744087,-0.0910014693068002,0.36803031063458463,-0.17424214259751172,-0.1731897827806944,-0.18568278008794223,0.1786335709478752,0.030989921071312442,0.25781027916727745,0.19394070968274116,0.08017095978939903,0.19871179754476445,-0.12468802246453389,-0.12618630813404869,-0.0038388652519233102,-0.08605126176381007,0.2856584008511787,0.1780778985263245,-0.07148113598464295,0.04590838935800091,0.3061555336323011,0.28791779578092574,0.24105152174130415,-0.025047785070951865,0.31492027110277593,0.21067818532276023,0.2758871708096638,0.29926098515870536,0.2521916851972663,0.019047766147039916,0.27774493130802447,0.12251996526875746,0.04462994623647873,0.041051820893294906,0.2557645150544588,0.32124741177062865,0.2959047616288864,0.178760123017947
Temporal_Sup_L,0.5276721856527528,-0.1290434190700004,-0.08879488979767552,0.25727303675385205,0.3209880418025144,0.34234753758791225,0.5961282433363612,0.41932808585261844,0.22322124209082056,1.0,0.08890488298351128,0.39534991103379813,0.19573278340957034,0.09135709207390323,0.44530016821013607,0.36844324787077903,-0.08386805434933167,0.4080353934294576,0.49335658717611647,0.26511833602767265,0.4513730643438261,0.3667598828919473,0.31342044178807904,0.20638940895199534,0.2798236661042816,0.3673420024356896,0.14589208076937957,0.5652350782528418,0.1076924011872022,0.5402305494911424,0.26914656650742097,-0.03544854142789112,0.2558117889453249,-0.11850587861604939,0.6737840487764102,0.36494357497851737,0.08715025178117185,0.3658008192764482,0.4994432328364739,0.2894156573186648,0.37496643523897744,0.4785500210913881,0.15448869865531276,0.5062085752237653,0.15271502235998258,0.24120968309303897,-0.02500018500932395,0.3089536060508295,0.1275529853352617,0.24788523874184407,0.3268610797054015,0.32632947135364676,0.6108387661748077,0.5090644001237276,0.23862160854546605,0.4639733787793465,-0.09240614324949338,0.5474589322118514,0.19367678071319208,0.2187288707035673,-0.0828188753484016,0.47138059174439645,0.3895700016118417,0.012892840343002756,0.2899316800287574,0.4016093747220234,0.07789131713833324,0.09702187530234482,0.16750728939074838,0.3522157990335128,0.39013442476362165,0.35779773903303286,0.40639073562289585,0.3952746939333829,0.4148506546956385,0.2726248149536044,0.6871405549925298,0.3042437795584585,0.30110068156091646,0.285499020557729,0.2600218347894871,0.08631398517477525,0.3931882891328008,0.3630168957431483,0.2668349858253312,-0.2064352727815879,0.28482607126929643,0.3045522638731554,0.5923718844373217,0.1261476643950951,0.4832449900797972,-0.03628269807337277,0.2706410802023487,0.3885891967831695,-0.033381713985781984,0.5219616809027878,0.3102000888172429,0.27699266249145565,0.29361289199323987,0.10910551178562562
Occipital_Inf_R,0.09572204239752992,0.24828777379836983,-0.14057166534484988,-0.10282558342954293,-0.12367837584948715,0.13024366824052533,0.012225606715198128,0.22939788299746827,0.07801165981965587,0.08890488298351128,1.0,0.04580325258802686,-0.12672284352617177,-0.12249030622739271,-0.04337415121863709,0.1563954051345227,0.16339365205227258,0.2308184621874537,0.06228786546800019,0.11945747028138708,0.07866343654548559,-0.030102739216342288,0.18538118921402164,0.2713451861579845,0.05692474665538647,-0.04509494218442607,0.11565025049557348,0.23719030007070557,0.09511326042078884,-0.0036373558617980115,0.1510717684851935,0.08782793210941435,0.033746705228585014,-0.03619072391955515,0.0890696298749169,0.13943292938712498,0.22375521905425305,-0.010398584663092285,-0.013685461161429645,0.1112056874166726,0.008485388359314333,0.14402394735770463,0.12782733399750768,-0.03683176008388702,-0.22878449749136023,-0.22258056674670612,0.2480241018962219,0.13651059896932555,0.16126876173513618,0.23582361229841747,-0.14739908173041286,-0.06513589546941811,0.06612094029655562,-0.08685727030184803,0.1084441186396848,0.062151403006474815,0.008597438370553176,0.1755950582102439,-0.1297486480702728,0.2277802921163268,0.13517267916548306,0.012238325953158274,-0.07279806309024657,-0.23615642126018202,-0.14390832258556563,0.11740094974111775,0.25409987639648596,0.09782379157024926,-0.015241339629573449,0.2459181680976037,-0.032326086487790236,0.14390586618725812,0.2048929980552039,0.05679524881506181,0.21353822273480602,0.09350943435803157,0.14543759234609535,0.17689284485573048,0.006927903907306987,0.0345033912869449,0.3734695174982884,-0.29211570147168453,0.13902879785758843,0.21965494755785367,-0.17939885195917457,-0.030714369114423937,-0.047451509730467786,0.10203876032078141,-0.10771545393765836,-0.1174310226311566,-0.03992194358266695,0.2079757106006812,-0.16767142649488817,0.022314922117836703,-0.16661217677329082,0.13498427131439308,-0.16712565120593217,0.0852525891942833,-0.19325569425966171,0.24376101133998632
Parietal_Sup_L,0.6052501308955522,0.0554504715833948,0.08204473930000589,0.18752269571718214,0.3842829351733261,0.1486650449925108,0.47437343725200115,0.20093009526242933,0.07497178031653894,0.39534991103379813,0.04580325258802686,1.0,0.19090368523105875,0.41664992648336746,0.26734178995361685,0.10677809388449863,0.0617453819324647,0.31902386672326216,0.7547304045878123,0.5116293605225041,0.5967003761272398,0.2811256658102249,0.12105460619813999,0.41115059902344336,0.5015101132204745,0.3716238901758879,0.49684905857962836,0.48068488366676476,0.08784703854193084,0.09295347055477418,0.16227626360823916,0.20437278096428305,0.098221878106891,0.08999230420282413,0.5853104050838167,0.3830457024700678,-0.24835040375344652,0.5038804392123483,0.45603485466035687,0.6165477625014643,0.1947319401813411,0.8049303905315006,0.3437103515245371,0.2652746077505279,0.1524609674309985,0.2500306528107284,0.08211189793840562,0.5787499098795199,0.5343985259892223,-0.04596753508803911,0.33679486055882996,0.8952156377597269,0.5637860843096131,-0.011161076443706572,0.1868682879043597,0.3711257873128468,0.0688651150834946,0.28034400183616787,0.13030233709701114,-0.10648555235716987,0.18818573983671125,0.22051540980427844,0.3602668871322262,-0.023252177197104266,0.2016024241993736,0.48674681298660494,0.0624667351431209,0.17386482430405842,0.005997471236389159,0.5196009636979635,0.27961713709818736,0.4516542885207832,0.5498761470674732,0.4176155228143737,0.5729453204653483,0.6170770460933722,0.4004671589544808,0.5674774640864589,0.2342267861186234,0.6810899740626912,0.22976321100561217,0.11481623289234409,0.1482524672497989,0.30912552998143905,0.2893344620097518,0.026283469958185215,0.41785998792263007,0.6664186551865053,0.2601561490426373,0.17398098827680586,0.3445253409643866,-0.024869730467777077,0.17528099316874904,0.6633131830704632,-0.17876446494940848,0.25185523446726527,0.2991817029677402,0.18638657511344778,0.245341803025288,-0.0396377984804184
OFClat_R,0.3612171870765423,-0.31222654394175275,-0.027532264275578144,0.2919436671623144,0.21165418572762157,0.5028521752760443,0.3868623446906435,0.2433463332124408,-0.05145481125242308,0.19573278340957034,-0.12672284352617177,0.19090368523105875,1.0,-0.13232011195984586,0.25308617777957987,0.426168992873319,0.06997794758680558,0.2778964236233888,0.26261836353686135,0.25846519147427816,0.23241034746887082,0.39997793283291416,0.19459932695895363,0.2461243354153328,0.4485505205210443,0.1755320371932462,0.08888300664271341,0.284365907908123,0.17795765331931301,0.21124038082122745,0.3880223980568575,0.012864578896600457,0.2622349528516339,0.13053612979807233,0.19540904542756582,0.2281313622348242,0.11750325723803319,0.2881253612924688,0.3491405386936399,0.3181568223440998,0.3585680374866877,0.22655446577475036,0.1778547422078224,0.3242745651138817,0.17999054266029074,0.12308152529406075,-0.13104051617568205,0.3421252983729789,0.026329554104843986,-0.0657009248515531,0.15927832330376815,0.23011287112566353,0.3808753801006161,0.22301977977396684,0.1409005701405639,-0.013604835968659948,-0.20851246682010854,0.3534849138539446,0.06580076368296867,0.08466475825565578,0.1502003851238956,0.2492322474291105,0.20663459394117695,0.2233011204235517,0.08718630921722229,0.24604049936474856,0.10095240212631719,0.7042724025684838,-0.1152033126526927,0.26142852729863514,0.20442095208285976,0.22256225092264142,0.3048131786631703,0.2471910818904236,0.06691215135360269,0.28827233376490674,0.34687989810995057,-0.08126932101404775,0.08686576995487219,0.21193735137346098,0.1760602861686647,0.14822071235042628,0.2549109350042918,0.1442193158904846,0.2661481337971289,0.00785661959805843,0.3277954234035277,0.24346546542234998,0.31578533843991885,0.11546322243863481,0.2037062112910192,-0.2984990281063279,0.031026330312001457,0.24994874923708288,0.036450744325233264,0.2752312051732434,0.12430689319023665,0.404150676112185,0.1856148882014724,-0.25912459457589737
Cerebellum_6_L,0.29607879586083125,0.11353656073927344,0.35342583635734254,0.30177928528381803,0.5022612780711215,-0.06356607208538838,0.010465401795041103,0.09572694254252674,0.33027299908929614,0.09135709207390323,-0.12249030622739271,0.41664992648336746,-0.13232011195984586,1.0,0.11313175676935525,-0.12837785517270892,-0.25718427976324215,0.1385626309104901,0.37765320159766447,0.1951702346976371,0.175438646655829,0.13775489279386008,0.11794879977874612,-0.19965149909029628,0.23839255172822027,0.41615930811393376,-0.1813732745102192,0.1504794591172926,0.04341927349739131,0.19010409280185897,-0.23070967808267265,-0.1596914544062768,0.22700284273976523,-0.04596167121095672,0.37230832051787627,0.3710079113773427,-0.16197593809572816,0.36488155527713517,0.04356225151226701,0.1773224542784603,0.3534829414070295,0.2888456902067713,0.12668219152757168,0.4044891254413728,0.14378461786695934,0.5290198418931439,-0.13271964843102002,0.17397490048432815,-0.14992300580994086,-0.16901140371464596,0.3411952897513614,0.4696446746786944,0.3856255279644476,0.13430235941920293,0.01896458800757757,0.2777166987400298,0.2183365188068112,-0.14838646796618268,0.21232637758749537,-0.26007359608889474,-0.07476374496962523,0.04539959748333423,0.48342129795157274,0.06745826019758094,0.46760290638249985,-0.23058253783084293,-0.4340582059987361,-0.35475724114956086,0.18199768357667964,0.012883724147112708,0.4258484387383582,0.24888188969099914,0.10657226330888686,0.19574428297262655,-0.0005642246859141741,0.054501802847206286,-0.1713625959323155,-0.07651195984148419,0.2425609924857028,0.45290084029616967,-0.2887066616135991,0.391793023471611,0.18971582520318325,0.23344371032790784,0.42853831738749587,-0.12220176843487615,0.41080602498590607,0.4227384578559966,0.16754156831386166,0.45284173044663867,0.3421838207319777,-0.09875693337637423,0.481791230095048,0.437304132689186,-0.08136884102385762,-0.09191616012770941,0.4525802921758948,0.17991962667650885,0.5090864210717112,0.2330538046553887
Thal_PuI_R,0.5688252553969494,-0.2439711051946828,0.0613961531044046,0.6566872425381997,0.5652351679626568,0.5393701827677914,0.5072352556183046,0.2731383008066802,0.13946032366331992,0.44530016821013607,-0.04337415121863709,0.26734178995361685,0.25308617777957987,0.11313175676935525,1.0,0.4690835405690383,-0.20787051750123686,0.31817659738668524,0.43009450816161426,0.22555349998190974,0.39957374606752455,0.7426997553935903,0.3801273817751589,0.02884631687972787,0.4539324251393804,0.5694071491675782,-0.10790777288720763,0.35257402701332236,0.3284089125689578,0.4980860944645546,0.049178070923467626,-0.008475979161768815,0.6082145938091472,-0.003294738482105985,0.47204775119297654,0.49099234138607994,0.041301259894190305,0.5098399149702298,0.6088068473475706,0.41676150847586885,0.5135590747127943,0.3903295951550939,0.18918610528985744,0.3267437138031995,-0.023126740648659883,0.6394362967758616,-0.48349687814677467,0.46901187489530105,-0.1059110221313113,0.028092253221285057,0.39373619501587825,0.2812399088322079,0.6212769523550996,0.24731787471097694,0.06465410379809737,0.4994411859779184,-0.06813838952284172,0.4554493400876563,0.6401755583278264,-0.18121184750092018,-0.07987818431318768,0.27039058497341384,0.596700886047838,0.4708232405432028,0.5970895916962471,0.31367156253894496,-0.12793079449515757,0.12648066208263506,0.015340289160802312,0.2911158681823819,0.6772883869670114,0.3798855635601243,0.33461766780151597,0.6087326644400374,0.030074342324729945,0.21695729668392552,0.629308567592328,-0.12128552582304819,0.4529715292000768,0.4682869126730542,0.005589234033134627,0.08597145055661029,0.4053425058394731,0.3635467135501627,0.6386475647636697,-0.002062316267946206,0.5485965967776061,0.4771992578095043,0.5776519045153642,0.431383284814585,0.764594700131532,-0.1481160575150482,0.5432609343222373,0.34077936519731145,-0.0042767139467695964,0.02051835817808084,0.18181276560073908,0.4273714570638785,0.6360628016239404,0.08377992036654766
Putamen_R,0.47540019065764727,-0.22610830872868645,-0.2549345717867393,0.40763387666580153,0.3176241797781473,0.8848585796207812,0.33864313424894094,0.5004541219386343,0.14877560000521725,0.36844324787077903,0.1563954051345227,0.10677809388449863,0.426168992873319,-0.12837785517270892,0.4690835405690383,1.0,0.052003031634766675,0.5279247398978656,0.3117131145415606,0.24773433396377068,0.2857952032358667,0.5944663080849685,0.5602453507909553,0.17361666507456394,0.4655865110252679,0.26540932054976424,-0.0630960982721142,0.5039364596217852,0.46253049443473904,0.35595873261002275,0.25588660224790805,0.018884888082526172,0.5098361445244498,0.022069047258989918,0.37241321885141515,0.46754333887994576,0.49770460561392704,0.39817081747527683,0.39709711792207564,0.3694014682299056,0.6580809299469405,0.22679074660409174,0.12450529457008212,0.23783215766263704,0.021839514380861458,0.27683824486451636,-0.21551620723323933,0.44097321975745646,-0.10980291469001795,0.38225805729123474,-0.07497085621214114,0.028349952486142655,0.5712312905367491,0.3703833429137994,0.05766752956568829,0.2090563368451432,0.05419947116732265,0.4935883517804793,0.16357710832693353,0.2472170220271239,0.025698731934949363,0.08732845895503433,0.44777223773243047,0.22805218443734546,0.28792074573039717,0.24462999134684915,0.10818395440638359,0.4431673181529116,0.009763559152894792,0.3496041920552031,0.43888109743646786,0.5150180180479508,0.38946796266973177,0.3937396962571,0.09439449969005333,0.15392676604132444,0.5509317889456115,-0.07205348325189034,0.14552678803142824,0.21856697561981547,0.10729727080297446,0.031690772897828096,0.5601607834955943,0.4536818104921044,0.34007430695500745,-0.1196509971529526,0.48826623846967576,0.27138908291627195,0.4652399083159903,0.4124500575851326,0.4415041781387629,-0.17585229230859836,0.21304090157682223,0.19407284973091615,-0.16793678601039314,0.09707376893778497,0.044363603318786644,0.6179954856858251,0.3221263343003989,-0.023636528809759454
Temporal_Pole_Mid_L,0.09400618908083751,-0.02816228167819802,-0.320660011107813,-0.31180965332093485,-0.26600514842397804,0.048764964535793036,0.06651849740704867,-0.05819220545585885,-0.18701698054625307,-0.08386805434933167,0.16339365205227258,0.0617453819324647,0.06997794758680558,-0.25718427976324215,-0.20787051750123686,0.052003031634766675,1.0,0.020381684463427155,0.10850112190380594,0.30695603643874897,0.22387048205755006,-0.16235134655191155,-0.23676211315697482,0.4945891840920019,0.20207993402053098,-0.3514644727315576,0.3248156869271957,0.22620767459843213,-0.2152339803192923,-0.20975504712601473,0.4746466384115786,0.12773376259880845,-0.33511400082544457,0.23818037970093817,-0.010986067944364152,-0.1295626508730139,0.09206056390161178,-0.04054300331227099,-0.0079897805110415,0.2852234636239509,-0.24236811319529056,0.2199756554863437,0.23486098095215213,-0.3801053233704632,0.26279094916751666,-0.3842275225124814,0.4733064590084963,0.22961344963941935,0.34266024913965193,0.023455015085691686,-0.27778928044984197,-0.04858323874948054,-0.06362111584839229,-0.264971444461999,0.021999489194279572,-0.12351159974545221,-0.01377537815924036,0.21426343274718576,-0.12584921764139279,0.17120362286137222,0.21030794523625576,0.07414078380062661,-0.168728202390957,-0.17540178361786438,-0.4496561641400114,0.34111318479718356,0.6924884422050853,0.46990712493006287,-0.013906685110980989,0.38406387382852863,-0.2656761115016109,0.11417248284388083,0.32964182863959884,0.05507630648486172,0.3500508359843305,0.30075617015663475,0.07470940420079585,0.20137981944347585,-0.18378439953138376,0.08155901114023605,0.3140096554271599,0.12778368885596814,-0.005886444277595654,-0.09707141046163369,-0.3053896876166668,0.1325532296268182,-0.13242634747741958,0.07380525734669889,-0.16499232888361046,-0.2025153525192274,-0.27932557572897965,0.5074368582789859,-0.2844390213476767,0.059667832840986056,-0.2313214840829366,0.07157484583848779,-0.30512896882130736,-0.32256578708734107,-0.4132789484860258,0.0270778937754527
Frontal_Sup_Medial_R,0.5715313026701949,0.04659671853829234,-0.07550607518052056,0.21029296020802182,0.3414650373286062,0.5684745887396748,0.1668677981306318,0.9470840909327733,0.2408402423677166,0.4080353934294576,0.2308184621874537,0.31902386672326216,0.2778964236233888,0.1385626309104901,0.31817659738668524,0.5279247398978656,0.020381684463427155,1.0,0.3954365864309628,0.26425143874362017,0.2654910777272417,0.37134613401911015,0.7282076740413035,0.13485962086399628,0.4677629052058599,0.30144013447099643,0.017554617965833356,0.6681232911996015,0.2829167797637739,0.474110571924625,0.2243640403228274,0.07464114854373011,0.36936076276985474,-0.1637967838313949,0.45766251981863565,0.8460119142102883,0.5231194838863212,0.42641422422982267,0.10875617300665949,0.42089610087033313,0.48839764613842485,0.33661255289895337,0.24544466261187928,0.2949223875898678,0.05307832749742817,0.23400665423289102,0.10349015270386136,0.4690290752340938,-0.02644891028708239,0.3585778481363997,0.10968822169539096,0.24028839140862104,0.6685884751171365,0.44045843572739546,0.2504068327175576,0.3898147499470204,0.06924501904026449,0.34861321581699545,0.1985024346817226,0.470206218255016,-0.08776736713170845,0.2081298690717296,0.4449754318076578,-0.10775971255664732,0.2703581590777289,0.06113860948834035,0.09160772565919191,0.2806564328683275,0.1891731726013471,0.491727727446309,0.31750292728703394,0.7396594958399535,0.49917362792288683,0.5087075219198532,0.24286375472140845,0.1438883491645087,0.34869466108374336,0.05413915305552299,0.20758980532372587,0.39888557627725135,0.17510294549061367,-0.03514556983349602,0.6379385116290834,0.866207664802244,0.24508144287704187,0.11156950867468089,0.3850458928798252,0.487824096894377,0.3975279812876162,0.2799442870596288,0.39088349854421744,0.07510089520868428,0.1957880601243699,0.3934416312220912,-0.11884848129568704,0.1882716590396553,0.12124530638806633,0.6546124432268643,0.275134813844212,0.20810674909939894
Precuneus_R,0.8375831939211236,-0.12663043377263472,-0.04893349519295276,0.4120483587162546,0.47868045513347907,0.36766168947721456,0.6040928320202633,0.23986400370001779,0.17568115754039554,0.49335658717611647,0.06228786546800019,0.7547304045878123,0.26261836353686135,0.37765320159766447,0.43009450816161426,0.3117131145415606,0.10850112190380594,0.3954365864309628,1.0,0.6602633601452854,0.8644958251989825,0.46347216063750246,0.21262157005510934,0.3911855255082509,0.7281724462722355,0.39216814716935106,0.239974364803007,0.6521163782988139,0.2041196056250033,0.2523939443771921,0.17883317039581315,0.10223497079118268,0.3014792198039049,0.17400399464750996,0.7193627073687797,0.44026149689299937,-0.014024907932642905,0.5443322256453237,0.5404514328836107,0.7974835375866812,0.4748950172731412,0.9097861455581645,0.3103363174104571,0.3627585997169783,0.2593262889394681,0.438609032864668,-0.10777491495025816,0.7941635752201563,0.3227221840124603,-0.046982820034561036,0.26868202514078005,0.7091378557527123,0.7223347898773612,0.030145310544690006,0.06886980361445154,0.38717915179737955,0.15460331707034172,0.4016132372581044,0.3026803939904003,-0.12838530186469876,0.09876341728590642,0.192510885372414,0.5780964413801621,0.1620831610080788,0.3996973126064027,0.5423835613141623,0.007657286849473591,0.24378765145815992,0.08746257761909476,0.7483811750556592,0.45726192906060215,0.6421959239006333,0.8351142794169585,0.5556535527574481,0.46096160880371684,0.5631770461881307,0.5405384396817308,0.2711965891818989,0.2573153571259992,0.8194379512770412,0.166545101933668,0.3151620670508557,0.46260691076571675,0.32174824809062963,0.5112648889272963,-0.04135627262850684,0.6680822571445943,0.719198450086038,0.4795723604429145,0.43239023470522797,0.5309846797373096,-0.040836202671855046,0.35018499348116267,0.675010674418037,-0.3051862030892595,0.17575794123817287,0.27214321847372247,0.2654987797311815,0.40237275304185244,-0.09427515136501809
