,ACC_sub_L,Thal_PuI_R,Cerebellum_6_L,Precentral_R,Temporal_Pole_Mid_L,Angular_R,Pallidum_R,Thal_LGN_L,Occipital_Sup_R,Precuneus_R,Cuneus_R,Frontal_Sup_Medial_L,Postcentral_R,SN_pc_L,Frontal_Inf_Tri_L,Cerebellum_8_R,Caudate_R,Vermis_4_5,Cerebellum_Crus1_L,Thal_PuI_L,ACC_pre_L,Thal_MGN_R,Frontal_Med_Orb_R,Paracentral_Lobule_L,Thal_IL_L,OFCant_L,SN_pr_L,Thal_VPL_L,Thal_LGN_R,Insula_R,ACC_pre_R,Rectus_L,Temporal_Mid_R,OFCpost_L,Vermis_8,Parietal_Inf_R,Cerebellum_3_R,Thal_IL_R,N_Acc_L,Vermis_7,Parietal_Inf_L,Parietal_Sup_R,Frontal_Inf_Orb_2_R,N_Acc_R,SupraMarginal_R,Putamen_R,Thal_VPL_R,Thal_PuM_R,Heschl_L,Olfactory_R,Cerebellum_Crus2_R,Amygdala_R,OFCant_R,Thal_MGN_L,Supp_Motor_Area_L,ACC_sup_L,OFCmed_R,Parietal_Sup_L,Fusiform_R,Rectus_R,SN_pc_R,Cingulate_Post_L,Cerebellum_7b_R,Frontal_Mid_2_L,Thal_LP_R
ACC_sub_L,1.0,-0.0042767139467695964,-0.08136884102385762,-0.39507713759503865,-0.2313214840829366,-0.08696103418200012,-0.045412130741152544,0.13246004146174245,-0.057192634384817906,-0.3051862030892595,-0.11138394621140221,0.03159163618983297,-0.3175849099951227,0.1564343042654344,-0.11268203596007804,0.14674789527638088,-0.07300605007186721,-0.018384366441515716,0.09961569989370021,-0.05906451165010679,-0.22931796724408363,-0.4109377505482916,-0.12237369299998256,-0.2878399429660803,-0.1970926850188935,0.08797101724922099,-0.059028594564284616,-0.02391157850223332,-0.06499749730336983,0.03434399794055245,0.02451919855032273,-0.2192325872410021,-0.1291342172534761,0.060895407567000494,0.20374767404240188,-0.08890804496780251,-0.07384417469094395,-0.21743247024197168,0.40923328458414426,0.030323061180014252,-0.1737953324138224,-0.13680014901937684,0.01990356891999038,-0.03687948169116868,-0.15381851132433777,-0.16793678601039314,0.3732541012206327,-0.011837667764434198,-0.06097522602707117,-0.19574445251349307,-0.11875255819287858,-0.3311999316913853,-0.011068563328397748,0.14477170847816176,-0.30714748106915285,-0.15757818295103418,0.10565037106867832,-0.17876446494940848,0.016754951497583305,0.009329600298031093,0.41830077426403656,-0.2833981271652066,0.12110775281303125,-0.2263674950765078,-0.4814056138058511
Thal_PuI_R,-0.0042767139467695964,1.0,0.11313175676935525,0.41676150847586885,-0.20787051750123686,0.21695729668392552,0.33090448627080016,0.6763478748655108,-0.1059110221313113,0.43009450816161426,-0.16213783546150431,0.2731383008066802,0.4534854756599097,0.04874765059850069,0.4053425058394731,0.4065782834882169,0.31664601930792674,0.41944996363778236,0.02051835817808084,0.7849026098337338,0.041301259894190305,0.39770919008658134,-0.003294738482105985,0.2911158681823819,0.4994411859779184,0.08377992036654766,0.44428791534665735,0.764594700131532,0.6401755583278264,0.5393701827677914,0.07461454182329802,0.2916193509236883,0.02884631687972787,0.005811078151959259,0.1530624507247827,0.34077936519731145,0.8020099718602314,0.6087326644400374,0.17544807894414838,0.005589234033134627,0.39161324615406595,0.2812399088322079,0.380518804400428,0.08597145055661029,0.22555349998190974,0.4690835405690383,0.6938043338922427,0.7621574736815779,0.5776519045153642,0.27328850568835916,-0.008475979161768815,-0.06813838952284172,0.015340289160802312,0.23636531378591158,0.4771992578095043,0.3801273817751589,-0.17779373398972745,0.26734178995361685,0.3433542244756255,-0.002062316267946206,0.39373619501587825,0.2995887850513105,-0.2439711051946828,0.49252278099507996,0.3284089125689578
Cerebellum_6_L,-0.08136884102385762,0.11313175676935525,1.0,0.1773224542784603,-0.25718427976324215,0.054501802847206286,0.3056142231588039,0.3904010716212136,-0.14992300580994086,0.37765320159766447,-0.17422294328386503,0.09572694254252674,0.118907169438819,-0.06852770433931202,0.18971582520318325,0.39278249165932694,0.17299947412193722,0.06480257330518875,-0.09191616012770941,0.12971799766238415,-0.16197593809572816,0.001929851366763916,-0.04596167121095672,0.012883724147112708,0.2777166987400298,0.2330538046553887,0.18038759727888845,0.3421838207319777,0.21232637758749537,-0.06356607208538838,-0.0512704203062809,0.21347530804447457,-0.19965149909029628,-0.3145451420636494,0.12707657244637469,0.437304132689186,0.09997548078005228,0.19574428297262655,0.2715848447520567,-0.2887066616135991,0.35004475747649333,0.4696446746786944,0.19463324955977793,0.391793023471611,0.1951702346976371,-0.12837785517270892,0.29631858655553167,0.400900002484054,0.16754156831386166,0.23689158487952758,-0.1596914544062768,0.2183365188068112,0.18199768357667964,-0.0645668201852968,0.4227384578559966,0.11794879977874612,-0.16454392753649663,0.41664992648336746,0.13352461163654436,-0.12220176843487615,0.3411952897513614,0.30867774619087635,0.11353656073927344,0.30021735103107045,0.04341927349739131
Precentral_R,-0.39507713759503865,0.41676150847586885,0.1773224542784603,1.0,0.2852234636239509,0.5772620942995518,0.19143516127689697,0.2366298148939108,0.3561116542587841,0.7974835375866812,0.3878975474470468,0.23924791068202772,0.9392686993097504,0.13965102253464204,0.4120519360585359,0.04952745391477035,-0.0371658404377175,0.6038817717836292,0.12326530630117788,0.5381352491887741,0.0873203044221003,0.47320479093051476,0.38191014808649165,0.8579181740219303,0.35920772160103415,-0.12797058569607495,0.14129102520692652,0.4516140074990702,0.27123861712732067,0.37838420880648393,0.09207269078518625,0.2992095475758355,0.5422893061664263,0.3269328134200724,0.09870311520710282,0.5678126342877813,0.6115554468225955,0.6159605590460686,0.033989138034345105,0.2711280220096877,0.7272319631419831,0.522644274451476,0.25372778153886716,0.2462742805720942,0.732376652888107,0.3694014682299056,0.23907523631580316,0.36596234880403616,0.30372288994329116,0.22713892258174015,0.2185381041635864,0.23207271751667313,-0.02924472430274507,0.32499990122891853,0.7204948801667291,0.19271663604374795,0.10529451806276581,0.6165477625014643,0.5595791280421585,0.03569804979781335,0.041209024275921234,0.7095711360609527,-0.09084030702876202,0.7722648739662428,0.26366871059249797
Temporal_Pole_Mid_L,-0.2313214840829366,-0.20787051750123686,-0.25718427976324215,0.2852234636239509,1.0,0.30075617015663475,0.004980694998899948,-0.24354112948880577,0.34266024913965193,0.10850112190380594,0.42776686707756895,-0.05819220545585885,0.2559042890225084,0.23319638922366925,-0.005886444277595654,-0.4484589270767029,-0.33154087047982,0.18926827534095939,0.07157484583848779,-0.04375051157264258,0.09206056390161178,0.22051958268387065,0.23818037970093817,0.38406387382852863,-0.12351159974545221,0.0270778937754527,-0.2650618686260565,-0.27932557572897965,-0.12584921764139279,0.048764964535793036,0.030616183475180244,-0.04520188036001137,0.4945891840920019,0.466758889857779,-0.07406832558185947,0.059667832840986056,-0.05297896471899619,0.05507630648486172,-0.1299633086564054,0.3140096554271599,0.14048775771505778,-0.04858323874948054,-0.07519865355434512,0.12778368885596814,0.30695603643874897,0.052003031634766675,-0.3020464081567768,-0.3474760239201849,-0.16499232888361046,-0.08347884175489434,0.12773376259880845,-0.01377537815924036,-0.013906685110980989,0.19985669699954065,0.07380525734669889,-0.23676211315697482,0.2800731222270613,0.0617453819324647,0.2944615416282326,0.1325532296268182,-0.27778928044984197,0.18192850696046203,-0.02816228167819802,0.09268398330158002,-0.2152339803192923
Angular_R,-0.08696103418200012,0.21695729668392552,0.054501802847206286,0.5772620942995518,0.30075617015663475,1.0,-0.08259072613713676,0.0653598326390481,0.703584857167505,0.5631770461881307,0.5274266246448541,0.009369375862138204,0.6560852328591783,0.25407626125058386,-0.10813580525459786,0.07976485741563723,-0.23735042470403697,0.8604918942630333,0.412641369553041,0.4560106857632983,-0.18057012009684767,0.2896203153631644,0.41227559914304296,0.5095163563020848,0.16028940323461235,-0.08606738000959432,-0.0974653913075708,0.19331776400672346,0.034178648101895914,0.2026589152124896,-0.08764871901886971,0.3854423664499437,0.8402576268354662,0.3565292964832471,0.21146709472169403,0.7438527406772194,0.41749998741316446,0.36355218273014334,0.049756981807332276,0.574974110857271,0.6733106853975609,0.6463024128936963,0.038519950698095926,0.1518012327781183,0.8144445596193007,0.15392676604132444,0.22314015866714132,0.23932634984623558,0.09879070056553785,0.0195167238071474,0.2789806434381011,-0.13693566334846446,-0.07459897881633402,0.5628523248579945,0.45272247516774405,-0.20233124241385578,0.20740318095207755,0.6170770460933722,0.6884156845545926,0.1537591258343613,0.23526186758055334,0.4418691072139902,-0.09453170451818926,0.44202800008414084,-0.0478855110478001
Pallidum_R,-0.045412130741152544,0.33090448627080016,0.3056142231588039,0.19143516127689697,0.004980694998899948,-0.08259072613713676,1.0,0.39741211683617483,-0.39971207396289576,0.2681218520422607,-0.4031098630327827,0.02540779143918058,0.21022249859714515,-0.1006643610269068,0.41810221194821584,0.13031799597699018,0.2514557955782574,0.04821486309896152,-0.41219501624250804,0.2539105396408688,0.18163739489906186,0.08987322850531586,0.10763207449458533,0.0353563403486848,0.12012423514072382,-0.06431340920131402,0.2528759524568392,0.32203780869446974,0.430786079431825,0.42790832893087505,0.17836168976824215,0.16731899334105615,-0.22942510577238018,-0.10866831504030146,-0.1285274871531581,0.16624570484601603,0.4843791579119721,0.26634880331984034,0.5402667598293704,-0.3842640243892371,0.1389706638974488,0.012924509814688104,0.58566150834676,0.6173645501360918,0.14729384746028382,0.31276107419757515,0.4285238146008778,0.41660374211257933,0.46173420505813395,0.6023067240925379,-0.05972777883390238,0.2569793539701585,0.018962593687311118,-0.33689022857289935,0.22082779175059342,0.20533132171379273,-0.21739590740077577,-0.013310479027692597,0.18004946045747341,0.05069650475092632,0.01981797046252136,0.20250865018573203,-0.21083270420611552,0.2955635552453649,0.07931447858048948
Thal_LGN_L,0.13246004146174245,0.6763478748655108,0.3904010716212136,0.2366298148939108,-0.24354112948880577,0.0653598326390481,0.39741211683617483,1.0,-0.22361820887325376,0.3710995783090419,-0.2379034263280865,0.29330738788211586,0.26415268238117207,-0.04652614884634127,0.4728179083226266,0.4814713739532664,0.3781942452555182,0.2562802205282237,-0.054827409370776556,0.596588317424945,-0.07535966374405294,0.2811065293503336,-0.11149667357875111,0.07293621288363086,0.5351362411306382,0.2560722935492758,0.4471851180501202,0.7234219022953872,0.7036488356820877,0.3526779225045197,-0.06225412006449158,0.18353972554190204,-0.21999577935035464,-0.17672759532630752,0.11538871968870039,0.4326790937224177,0.6058920530975058,0.5497684711149171,0.237221977315667,-0.20804322245127377,0.4224375013221736,0.35490268902098715,0.3008811157120292,0.1263737733562067,0.18702268557818327,0.24911039281109934,0.6793412556174314,0.6794703460890873,0.6345517995780436,0.2730670322928183,0.008059675418494394,0.05079868022621468,0.12247531127428951,0.22640313444093055,0.49884168846999544,0.4315802698241261,-0.24399614345948278,0.3232956345364518,0.28071534170110674,-0.06917057894841522,0.51095417630327,0.27779755928368366,-0.07386258521063589,0.4760302262961433,0.20777880234208845
Occipital_Sup_R,-0.057192634384817906,-0.1059110221313113,-0.14992300580994086,0.3561116542587841,0.34266024913965193,0.703584857167505,-0.39971207396289576,-0.22361820887325376,1.0,0.3227221840124603,0.8780245013560533,-0.10714846056195505,0.34193798194177943,0.3167635208189558,-0.29598582790428996,-0.2646332649835339,-0.29183582026177685,0.5559819405665951,0.345238480186472,0.07918929828377418,-0.23606233858870607,0.13430365009502043,0.22920109976992972,0.38184138938237633,-0.08690332985578066,-0.09907300393135077,-0.2728083402230292,-0.18209138391627863,-0.2596036491626992,-0.17256155818717733,-0.19823333524938602,0.15873676025804878,0.7271507630780356,0.2845975570731476,0.02863730597583819,0.2935437643570146,-0.024683073927500115,-0.0341745860929446,-0.24305088848073697,0.5648188462520164,0.2811071166869371,0.4927215853501976,-0.3281308677150008,-0.1223498751011693,0.429293812665557,-0.10980291469001795,-0.18919626900968725,-0.19684132234040744,-0.1908144089107193,-0.20778530409388535,0.33900226660245586,-0.10883750985041672,-0.1122189443424672,0.5164010088128832,0.1990791384252107,-0.31363069434905233,0.23610141308564317,0.5343985259892223,0.36447682508383455,0.1380712233301647,0.06820531526974034,0.35494890685149966,0.1798934866890653,0.06513235924508844,-0.19237545547105003
Precuneus_R,-0.3051862030892595,0.43009450816161426,0.37765320159766447,0.7974835375866812,0.10850112190380594,0.5631770461881307,0.2681218520422607,0.3710995783090419,0.3227221840124603,1.0,0.35060537889746246,0.23986400370001779,0.8210391688735098,0.11927436988015755,0.46260691076571675,0.22362541579558382,0.11061175377976287,0.6057348086949944,0.17575794123817287,0.5211632872121583,-0.014024907932642905,0.3789338699605367,0.17400399464750996,0.7483811750556592,0.38717915179737955,-0.09427515136501809,0.2540148044112979,0.5309846797373096,0.3026803939904003,0.36766168947721456,0.08515771269555375,0.3409019520620235,0.3911855255082509,0.1872953291780988,0.19095628550787924,0.675010674418037,0.5991313154675738,0.5556535527574481,0.1628105304993956,0.166545101933668,0.7429046421626454,0.7091378557527123,0.3168641507541942,0.3151620670508557,0.6602633601452854,0.3117131145415606,0.3741481259986028,0.4679196137483221,0.4795723604429145,0.2741424522164113,0.10223497079118268,0.15460331707034172,0.08746257761909476,0.25553131079221314,0.719198450086038,0.21262157005510934,-0.09051084333456262,0.7547304045878123,0.5292238691712314,-0.04135627262850684,0.26868202514078005,0.894875584072436,-0.12663043377263472,0.7297193062155732,0.2041196056250033
Cuneus_R,-0.11138394621140221,-0.16213783546150431,-0.17422294328386503,0.3878975474470468,0.42776686707756895,0.5274266246448541,-0.4031098630327827,-0.2379034263280865,0.8780245013560533,0.35060537889746246,1.0,0.06566142765818865,0.35429066610990945,0.29392347181728445,-0.12366879273041181,-0.33515768976761645,-0.26950770940183205,0.4574828200246893,0.31411054273192607,-0.011598238790006335,-0.09175728746375193,0.13852165769473687,0.08184558404058372,0.49262705126342365,-0.059195004688319855,-0.030324276388699264,-0.22825447677360824,-0.21828712910238812,-0.2784433811277791,-0.0936797642918141,-0.07133847339352077,0.06596732941326457,0.6622877137623117,0.3069980638687804,-0.0073606639175554725,0.16792975205269617,-0.05962912466354174,-0.0324635773242656,-0.30924523655416236,0.5266170217655542,0.29231186941028975,0.3587334359595441,-0.3350231333260641,-0.19158622341050538,0.36560853915601144,-0.03284718327884381,-0.27107991088484784,-0.3057503320352158,-0.16741990349446384,-0.2653222449099745,0.3260672895459967,-0.04911390110117823,-0.07318074647485066,0.49983091570249605,0.15835410325848903,-0.1698175064751564,0.24779933424863734,0.5266006950648969,0.2972495927702305,0.13917778104762107,-0.05572416828876552,0.4123286108016675,0.26484042208955205,0.08597725846798067,-0.17935998804108524
Frontal_Sup_Medial_L,0.03159163618983297,0.2731383008066802,0.09572694254252674,0.23924791068202772,-0.05819220545585885,0.009369375862138204,0.02540779143918058,0.29330738788211586,-0.10714846056195505,0.23986400370001779,0.06566142765818865,1.0,0.27338851108862255,0.0662751308114062,0.6357593491332566,0.3568881183611741,0.2411653654352436,0.17657712442756412,0.2128266179552697,0.22976556843459345,0.5529788083610809,0.18112225017586397,-0.26310740822284895,0.3519419251282485,0.3213234656364118,0.28012645035472555,0.2655358985883204,0.36357322515488466,0.13959455692055958,0.5434630746702979,0.6750337161867894,-0.1694181316062127,0.027589654566496334,0.1307563662358566,0.36344991123861065,0.2604905438749941,0.3301402312570163,0.3876159076757392,0.08887085806873266,0.132304336269481,0.3855780935380504,0.11194502149301427,0.32606755910579643,-0.12110596081357665,0.12099677700487574,0.5004541219386343,0.274646333085345,0.25624234993900225,0.3661261463223979,-0.02464093797589003,0.013203794001418913,-0.05402947737053029,0.2166357406032736,0.36916724089826564,0.3166822564220654,0.7239216951500591,0.14432179083436145,0.20093009526242933,0.28123442779924324,0.07988627749557259,0.15989801230370893,0.12308101351423108,0.06432972179767454,0.5842199796390616,0.20434369396271113
Postcentral_R,-0.3175849099951227,0.4534854756599097,0.118907169438819,0.9392686993097504,0.2559042890225084,0.6560852328591783,0.21022249859714515,0.26415268238117207,0.34193798194177943,0.8210391688735098,0.35429066610990945,0.27338851108862255,1.0,0.1458098686400185,0.4131782289673979,0.15182967249835871,-0.03406226934077765,0.6941994682336824,0.20464013076339596,0.5640595084909871,0.11845560402787961,0.5017130368800999,0.38539855082128965,0.85889601680818,0.3803777740059392,-0.14736835360746173,0.17576785804210895,0.45727544579869944,0.286780555036991,0.4675464205456944,0.15975483697239307,0.31609335534476996,0.6026293756433152,0.36925320743597395,0.19312002037972417,0.6565324172723084,0.6955430097568248,0.6670120532407222,0.09510375056597245,0.3477961957190016,0.7774744224259095,0.5382095263812966,0.3073189444293647,0.2587705625912335,0.80085993022228,0.4328553959050769,0.30776611042122126,0.39354711881183285,0.3939540427298341,0.2557855426767715,0.22846855925266416,0.16370421561004106,-0.017067533531018596,0.3452108976536123,0.6949459494477057,0.20389787831811723,0.08809013708773644,0.6057752399362488,0.6721368825669547,0.05979334550208214,0.06453827509823301,0.6795550209567429,-0.14261602071568866,0.8007791946609656,0.2486096209882877
SN_pc_L,0.1564343042654344,0.04874765059850069,-0.06852770433931202,0.13965102253464204,0.23319638922366925,0.25407626125058386,-0.1006643610269068,-0.04652614884634127,0.3167635208189558,0.11927436988015755,0.29392347181728445,0.0662751308114062,0.1458098686400185,1.0,0.024155796292568598,-0.027448623772937268,-0.06356214684814608,0.27238759790919936,0.33937206335494596,0.2041942585235914,-0.2719779881215437,0.11206955182570184,-0.010057248941339105,0.24897852018045882,-0.021475065017251,-0.09976281001587042,0.32210352896530703,0.035599681118500155,-0.07264685091602502,0.06670704257954424,0.011430913348917037,-0.16858303879724776,0.3002207269027136,0.3650094999153138,0.17269227413978488,0.1601338389189928,0.008950400580410502,0.11504223820076966,0.08389534843573672,0.3000536821828831,0.16875070155633065,0.1688974331133676,0.043067941198054946,0.18958110220398783,0.16799721885641064,0.007012985274645796,0.04446699187436811,0.07383996097088372,0.0017430306809332928,-0.22037538194188838,0.07030586755701895,-0.028119993538669175,-0.06745095917384089,0.3890075172179829,0.20892684258098362,-0.0626362590463411,0.16067255302835262,0.20531622317423812,0.29549326809403664,-0.14376433430467828,0.3929325554209803,0.1691152470941817,0.07551220849465638,0.04299737927281318,-0.07368498076614212
Frontal_Inf_Tri_L,-0.11268203596007804,0.4053425058394731,0.18971582520318325,0.4120519360585359,-0.005886444277595654,-0.10813580525459786,0.41810221194821584,0.4728179083226266,-0.29598582790428996,0.46260691076571675,-0.12366879273041181,0.6357593491332566,0.4131782289673979,0.024155796292568598,1.0,0.23483985778778266,0.5731457845700588,0.11386427791991195,0.0038719059770187304,0.35242384021581435,0.4782646768289579,0.20797334307157542,-0.06817523835849233,0.41868878004331944,0.31328994503639934,0.16956981303471472,0.39469317743147925,0.6135446401888481,0.37114727762327737,0.6131004755552872,0.5064290843013982,-0.048713465638121733,-0.13258137302370654,0.08725768167925908,0.1303676499291124,0.22929527986030016,0.47663919987742037,0.4508857151735436,0.1616300324953012,-0.08116970276895712,0.3780835401894387,0.10034545627183683,0.5403254365498984,0.12331116243734555,0.19461504352391365,0.5601607834955943,0.38799204625563166,0.38302525319700464,0.614424120600793,0.40080865442375463,-0.04491339888578529,0.09099852661979371,0.17690082196093973,0.1568756965005671,0.4601502483640025,0.7024490608057568,-0.05338205726917769,0.1482524672497989,0.18636848485624402,-0.12385513604500996,0.20510987172033376,0.39812104199467846,-0.03400337598982862,0.6776311688839973,0.3703623966418503
Cerebellum_8_R,0.14674789527638088,0.4065782834882169,0.39278249165932694,0.04952745391477035,-0.4484589270767029,0.07976485741563723,0.13031799597699018,0.4814713739532664,-0.2646332649835339,0.22362541579558382,-0.33515768976761645,0.3568881183611741,0.15182967249835871,-0.027448623772937268,0.23483985778778266,1.0,0.2079892698733412,0.2523910718956781,0.31510892999694584,0.3907149145635449,0.036871929653947096,0.05497343665130646,-0.12294568653743616,-0.0380403456234324,0.41689318274753456,0.18636869959214974,0.4111712874454373,0.5133930398496195,0.30323270287097204,0.30324208887060433,0.21670616306886437,0.21817622938528555,-0.14059156031561088,-0.1080686121833672,0.5315939640420364,0.3857685604139158,0.3939194125693326,0.34195062361469203,0.35189181013526405,-0.053107450558458516,0.31768042950509234,0.24790971600775472,0.35076761021742753,0.11547862942473727,0.13020958940510738,0.23298730162296424,0.5042972863659685,0.5712029808286027,0.3790421417475301,0.12164856237320378,-0.19316775387512627,-0.06801507709165422,0.1987454327571891,0.11489279434875514,0.251576580215052,0.3473278736222758,-0.3016871179173597,0.18079766518763773,0.25348434137899284,-0.15081140221035141,0.41257143797441165,0.07592456635379849,-0.13525994634790203,0.3437820583584999,0.18449940762877826
Caudate_R,-0.07300605007186721,0.31664601930792674,0.17299947412193722,-0.0371658404377175,-0.33154087047982,-0.23735042470403697,0.2514557955782574,0.3781942452555182,-0.29183582026177685,0.11061175377976287,-0.26950770940183205,0.2411653654352436,-0.03406226934077765,-0.06356214684814608,0.5731457845700588,0.2079892698733412,1.0,-0.05091657249048708,-0.08589795478805028,0.14368838668055242,0.19219134519176662,0.012461526084051171,-0.15327000025102586,-0.0929272544498703,0.10009974936300335,0.17928967459687928,0.42693788582817577,0.46672556371689583,0.310253813343195,0.3639429810750181,0.15611512337790787,0.029037437112058927,-0.33056482306187573,-0.21336515633087258,-0.11954950863412808,0.021179064623454234,0.24349274091618714,0.10066076499384662,-0.10257520546076186,-0.14907499947710323,-0.009426183519702407,0.028760954295819926,0.3807432476014532,-0.1475894331601165,-0.14316608097834052,0.4183696699759544,0.2858103731401003,0.35391635045959813,0.37231933033020614,0.5552918738343996,-0.05874103389758115,0.027059961109135205,0.08578540904820078,0.05539213576666841,0.2762727821844926,0.5919050246100578,-0.19819714528467533,-0.034041481507779914,-0.0895336026702022,-0.19383280356520644,0.2943029673524383,0.07865528586558533,-0.002987605004053655,0.23092314710909728,0.6362197074977949
Vermis_4_5,-0.018384366441515716,0.41944996363778236,0.06480257330518875,0.6038817717836292,0.18926827534095939,0.8604918942630333,0.04821486309896152,0.2562802205282237,0.5559819405665951,0.6057348086949944,0.4574828200246893,0.17657712442756412,0.6941994682336824,0.27238759790919936,0.11386427791991195,0.2523910718956781,-0.05091657249048708,1.0,0.44715227714036604,0.6137206581715757,-0.06092720743729767,0.3085637971771366,0.3432669656403584,0.5403761162126972,0.2985836940678855,-0.05961771126744483,0.01613343518601263,0.40063568046696113,0.177928595707001,0.40278151702407455,0.08194435725770156,0.37778596888378224,0.7414240156734258,0.3335821098214984,0.25930365241818354,0.6809566651035689,0.5963350286662765,0.4535699895123929,0.14832659478819657,0.525351612330104,0.6793725371675059,0.567031361001924,0.2248941219545061,0.15611535219526185,0.733349775938871,0.3396393572330376,0.41607728830341245,0.43209427241526704,0.2934657826700403,0.12185142248560825,0.21562975953529614,-0.14903082965941442,-0.05111449909196541,0.5838101201559804,0.5041272405161166,0.013395017388690948,0.0924592202526118,0.6087662706575537,0.778753063786434,0.07900786661992924,0.28821847349018676,0.4948686625524532,-0.06969928138727988,0.5387131990176244,0.015601324704297809
Cerebellum_Crus1_L,0.09961569989370021,0.02051835817808084,-0.09191616012770941,0.12326530630117788,0.07157484583848779,0.412641369553041,-0.41219501624250804,-0.054827409370776556,0.345238480186472,0.17575794123817287,0.31411054273192607,0.2128266179552697,0.20464013076339596,0.33937206335494596,0.0038719059770187304,0.31510892999694584,-0.08589795478805028,0.44715227714036604,1.0,0.20588754952186689,-0.1090238783447522,0.07908959089116091,0.03297758362964979,0.22813340111620128,0.028366689802439792,0.04146644904307039,0.14454800944074564,0.09803523135218799,-0.13651724241368685,0.12252296479484995,0.12880801153775007,-0.015228323341129071,0.45552479454522443,0.33125680208361097,0.39270861359676595,0.3044177229017373,0.0623491317936016,0.060522549745540555,-0.08454417852264152,0.49102247338887545,0.3332630069778602,0.22467440613473455,0.005170625485443836,-0.16931713251375666,0.28817584999321183,0.09707376893778497,0.02773499059917448,0.007981071537634561,0.06588569088674329,-0.21922077116725713,0.14646869022976794,-0.28066543179241193,0.04879452934235289,0.4380609632559223,0.09383192777729306,0.009359097464279665,0.0820935523285524,0.25185523446726527,0.3750713684301858,-0.18311869127712785,0.2549527283171083,0.12200382103603566,0.04400446502499414,0.16544885668492265,-0.05337503179666246
Thal_PuI_L,-0.05906451165010679,0.7849026098337338,0.12971799766238415,0.5381352491887741,-0.04375051157264258,0.4560106857632983,0.2539105396408688,0.596588317424945,0.07918929828377418,0.5211632872121583,-0.011598238790006335,0.22976556843459345,0.5640595084909871,0.2041942585235914,0.35242384021581435,0.3907149145635449,0.14368838668055242,0.6137206581715757,0.20588754952186689,1.0,-0.05188680322564065,0.39740341976296967,0.14710968379980047,0.3929131684001157,0.5332951463449247,0.0975214821916066,0.3799369062537074,0.7695450680036772,0.5126197495411745,0.4649500485371068,0.049997499784576675,0.3622297695432133,0.27634090166148356,0.10723326196228036,0.2132811046016666,0.5076585043782893,0.7652048008640071,0.6291608402052733,0.20552282785757095,0.17803719241506347,0.5660966980577589,0.37266466722460173,0.3159773382059076,0.20192719716051288,0.48181821228301575,0.3841095178443665,0.645382230998196,0.7368385892714012,0.5832544258329341,0.1946216006720464,0.01653838503511165,-0.06496232296703555,0.064806246030828,0.3890388462730199,0.5240952361233951,0.27757852176645714,-0.10434175216426907,0.3617270729638588,0.5345579842095282,-0.014659939082647889,0.4379077866487508,0.4360930107215733,-0.2221690757994183,0.5400276256438348,0.23550308831140987
ACC_pre_L,-0.22931796724408363,0.041301259894190305,-0.16197593809572816,0.0873203044221003,0.09206056390161178,-0.18057012009684767,0.18163739489906186,-0.07535966374405294,-0.23606233858870607,-0.014024907932642905,-0.09175728746375193,0.5529788083610809,0.11845560402787961,-0.2719779881215437,0.4782646768289579,0.036871929653947096,0.19219134519176662,-0.06092720743729767,-0.1090238783447522,-0.05188680322564065,1.0,0.06849075508891127,-0.04572729196098551,0.17050228717833277,0.03321046257877156,0.14499328208402457,-0.06368415286447669,0.033942088195564005,-0.04488851019306751,0.390719208401927,0.7511583586192612,-0.10244282803742125,-0.07052687337792465,0.09366511128839417,0.13643358729710703,-0.11537979468514076,0.1269775144676189,0.07934668904551656,0.050064205250889116,0.012051303704820814,-0.026125403458467998,-0.31463349299465293,0.30586050555405936,-0.048834361180602213,-0.049166236428383206,0.49770460561392704,-0.06629004062432517,-0.007628092327100443,0.14941666570064435,0.20952711552734357,-0.09008983010828647,0.03930193148770135,0.16791012816130746,-0.07045781380275566,-0.06664937753940724,0.4733290903536506,0.16856875625994838,-0.24835040375344652,-0.018457375890453,0.1329069893301593,-0.391851389343696,-0.05174232321200869,-0.10424056752729803,0.3080978526356515,0.20154000004427286
Thal_MGN_R,-0.4109377505482916,0.39770919008658134,0.001929851366763916,0.47320479093051476,0.22051958268387065,0.2896203153631644,0.08987322850531586,0.2811065293503336,0.13430365009502043,0.3789338699605367,0.13852165769473687,0.18112225017586397,0.5017130368800999,0.11206955182570184,0.20797334307157542,0.05497343665130646,0.012461526084051171,0.3085637971771366,0.07908959089116091,0.39740341976296967,0.06849075508891127,1.0,0.06354967433201067,0.4361962985792888,0.3764497966370877,-0.022704589477528164,0.18744886461988225,0.27495464342936426,0.4466522111025971,0.27071745701450617,0.04280335185734659,0.1698099717080143,0.32046672663346465,0.09867227985046437,-0.051292098348046156,0.3314877804464539,0.44730885270576154,0.506078327844305,-0.20004583732956469,0.1092363222278942,0.4142920754556025,0.16472589881176203,0.029241425785188353,0.04182662281520905,0.3758233736637808,0.285735533987414,0.08312743102555638,0.23566217967482703,0.33483817375560926,0.01276820674760028,0.2743232044501529,0.22842461145293727,-0.11796502269227313,0.24461248623780135,0.45891368555781226,0.23264695874123825,-0.08745006806755927,0.22839650709127904,0.36370280573438596,-0.03371644215360262,-0.07022136214607066,0.30556420699424086,-0.0012113189040639143,0.43132367327227955,0.307785542682979
Frontal_Med_Orb_R,-0.12237369299998256,-0.003294738482105985,-0.04596167121095672,0.38191014808649165,0.23818037970093817,0.41227559914304296,0.10763207449458533,-0.11149667357875111,0.22920109976992972,0.17400399464750996,0.08184558404058372,-0.26310740822284895,0.38539855082128965,-0.010057248941339105,-0.06817523835849233,-0.12294568653743616,-0.15327000025102586,0.3432669656403584,0.03297758362964979,0.14710968379980047,-0.04572729196098551,0.06354967433201067,1.0,0.2682431462670723,-0.06193236426850247,-0.1319917155049219,-0.13490352991385826,0.007232127008061758,0.05995376046765898,0.013976250757397337,-0.15216793362685813,0.2627734381113033,0.4530989238865632,0.15235599237084294,-0.1010624963735138,0.2644125337105848,0.21089012066343005,0.15646802280662703,0.08347288076816997,0.2755986402221221,0.2341454177239572,0.08904680756862914,-0.011798989085105247,0.23426936100293758,0.4006520174290483,0.022069047258989918,0.024146714736218697,0.023090443619627827,-0.11003798174466035,0.24208550950275917,0.14477719261386585,0.06745791325933648,-0.133134221389212,0.08447054421346942,0.24921815722877458,-0.2120855495592691,0.26683385873414783,0.08999230420282413,0.3316144608400648,0.2641901142586865,-0.12081971781558166,0.13099879384471927,-0.03805486995583075,0.20861966976273832,0.05125326052528089
Paracentral_Lobule_L,-0.2878399429660803,0.2911158681823819,0.012883724147112708,0.8579181740219303,0.38406387382852863,0.5095163563020848,0.0353563403486848,0.07293621288363086,0.38184138938237633,0.7483811750556592,0.49262705126342365,0.3519419251282485,0.85889601680818,0.24897852018045882,0.41868878004331944,-0.0380403456234324,-0.0929272544498703,0.5403761162126972,0.22813340111620128,0.3929131684001157,0.17050228717833277,0.4361962985792888,0.2682431462670723,1.0,0.2563529846586405,-0.0998312055874744,0.06870833359251181,0.29808469028478846,0.12912624451806012,0.3662610759883307,0.2512961649571639,0.10519923082090034,0.5884399892802489,0.4407535558226517,0.17677750350674523,0.46159284111882976,0.4886463337953434,0.5022907113174582,-0.0002751620868589918,0.37543176237200404,0.6195668503522033,0.386755065473947,0.2071999973185602,0.1348575902033579,0.6422959089944278,0.3496041920552031,0.1394245562244586,0.17298881953741774,0.23186603069562664,0.07463755768805573,0.1587570931108916,0.10528239430011145,0.017224717980542453,0.38982317474070094,0.6079541445381749,0.1694023384586447,0.19376216467994908,0.5196009636979635,0.48870310663922395,0.05489958426749001,0.009703387304419013,0.6699170877830568,-0.06900327282279568,0.69504268617802,0.13019710937315218
Thal_IL_L,-0.1970926850188935,0.4994411859779184,0.2777166987400298,0.35920772160103415,-0.12351159974545221,0.16028940323461235,0.12012423514072382,0.5351362411306382,-0.08690332985578066,0.38717915179737955,-0.059195004688319855,0.3213234656364118,0.3803777740059392,-0.021475065017251,0.31328994503639934,0.41689318274753456,0.10009974936300335,0.2985836940678855,0.028366689802439792,0.5332951463449247,0.03321046257877156,0.3764497966370877,-0.06193236426850247,0.2563529846586405,1.0,0.12216774790646395,0.3061919199570963,0.5766965901388302,0.46365125333496837,0.1925814298111652,0.04254346772798684,0.15164346068790527,-0.004288961050809157,-0.16539569951521318,0.11161777322678595,0.37154739053270824,0.46755200594511775,0.5925297801939595,0.06130523834580984,-0.07143749130476454,0.47927705740046694,0.3067575002598532,0.06885664779911499,0.1216171467609233,0.239195166574781,0.2090563368451432,0.4407012733196314,0.5572382041386373,0.4339444383954028,-0.01831201610703332,0.020111543505276813,0.2000826083441874,0.07408448242809165,0.13194585434124503,0.45331099713315154,0.4005281904931461,-0.24456861017819656,0.3711257873128468,0.27578057746517387,0.0022739790782737484,0.14978634597474147,0.3038158208926696,-0.031143954606033353,0.40157448694535053,0.32592148872928417
OFCant_L,0.08797101724922099,0.08377992036654766,0.2330538046553887,-0.12797058569607495,0.0270778937754527,-0.08606738000959432,-0.06431340920131402,0.2560722935492758,-0.09907300393135077,-0.09427515136501809,-0.030324276388699264,0.28012645035472555,-0.14736835360746173,-0.09976281001587042,0.16956981303471472,0.18636869959214974,0.17928967459687928,-0.05961771126744483,0.04146644904307039,0.0975214821916066,0.14499328208402457,-0.022704589477528164,-0.1319917155049219,-0.0998312055874744,0.12216774790646395,1.0,0.036141077836834665,0.12358962106246675,0.1011908764347197,-0.015898283395400777,0.055558473430897766,0.0985787085056384,-0.04799167019446118,-0.1823807929321508,0.114994958640816,0.05918456128808746,-0.008704309810053856,0.04748802120336913,-0.057256256055823754,0.04148546825187236,0.07335207491500555,-0.07361414402059686,-0.030091508024002758,-0.1303055785697891,-0.001234625074539757,-0.023636528809759454,0.11287499643139755,0.051238528202589506,0.02202514681806112,0.07252054348905765,-0.050677164039460446,-0.08785290299024123,0.28171707902521803,0.27347911717579465,0.07738368838111938,0.1950701535830954,0.06138683576494895,-0.0396377984804184,0.03520857216875211,0.12061327268580424,0.20828021653368492,-0.08168597517855473,0.17431646365376377,0.06023597609431239,-0.018748374469717922
SN_pr_L,-0.059028594564284616,0.44428791534665735,0.18038759727888845,0.14129102520692652,-0.2650618686260565,-0.0974653913075708,0.2528759524568392,0.4471851180501202,-0.2728083402230292,0.2540148044112979,-0.22825447677360824,0.2655358985883204,0.17576785804210895,0.32210352896530703,0.39469317743147925,0.4111712874454373,0.42693788582817577,0.01613343518601263,0.14454800944074564,0.3799369062537074,-0.06368415286447669,0.18744886461988225,-0.13490352991385826,0.06870833359251181,0.3061919199570963,0.036141077836834665,1.0,0.47127469271205197,0.37674881261292,0.34099541499613567,-0.01804165548626941,0.04664153667468744,-0.2084416100214659,-0.04845392390994761,0.01961230116356756,0.24253525709926368,0.3826931303072691,0.38361730799725036,0.11713022063087565,-0.039743522956278664,0.26617864552384446,0.15425785230559635,0.24834550496367988,0.15893156045217255,0.021744947544225283,0.2911227377112782,0.30472604390646546,0.4628604055433379,0.46256006990108256,0.20513430806901128,0.1166420016478908,0.21484739574398592,0.029794476694225837,0.01873461810285005,0.4304781940957902,0.5119592891558896,-0.2501777947693562,0.16442465326010441,0.14094652709150018,-0.19889608489313493,0.4024923942313202,0.18388852619130716,-0.03018442508000673,0.28563630317202654,0.4406392878830437
Thal_VPL_L,-0.02391157850223332,0.764594700131532,0.3421838207319777,0.4516140074990702,-0.27932557572897965,0.19331776400672346,0.32203780869446974,0.7234219022953872,-0.18209138391627863,0.5309846797373096,-0.21828712910238812,0.36357322515488466,0.45727544579869944,0.035599681118500155,0.6135446401888481,0.5133930398496195,0.46672556371689583,0.40063568046696113,0.09803523135218799,0.7695450680036772,0.033942088195564005,0.27495464342936426,0.007232127008061758,0.29808469028478846,0.5766965901388302,0.12358962106246675,0.47127469271205197,1.0,0.6147692386294562,0.5273879917687766,0.09769803784978409,0.2549119083437085,-0.04696765000423745,-0.07237291780986449,0.18198780375600704,0.44643421462006583,0.7251275374435198,0.6366403164621011,0.2250671814993532,-0.03598419027289078,0.5102837447097048,0.3662113569130946,0.4096643278426193,0.11841926661086047,0.312092757782963,0.4415041781387629,0.7834254011669757,0.8520159147845928,0.6368146675733138,0.30422511448498435,-0.06767046370436283,-0.010441797408048657,0.13311130613640793,0.2639369108573523,0.5664233414299431,0.4994790748917732,-0.23545512976480767,0.3445253409643866,0.379424563769784,-0.1834797903443549,0.4948619198643731,0.4540312482785631,-0.13941862577134262,0.6083057112369729,0.40668617244707295
Thal_LGN_R,-0.06499749730336983,0.6401755583278264,0.21232637758749537,0.27123861712732067,-0.12584921764139279,0.034178648101895914,0.430786079431825,0.7036488356820877,-0.2596036491626992,0.3026803939904003,-0.2784433811277791,0.13959455692055958,0.286780555036991,-0.07264685091602502,0.37114727762327737,0.30323270287097204,0.310253813343195,0.177928595707001,-0.13651724241368685,0.5126197495411745,-0.04488851019306751,0.4466522111025971,0.05995376046765898,0.12912624451806012,0.46365125333496837,0.1011908764347197,0.37674881261292,0.6147692386294562,1.0,0.26165579618877427,-0.1355327963382619,0.25355453647889836,-0.127317214027816,-0.22550115429694523,-0.010168675863350247,0.3065127812677492,0.621593388276879,0.5186108668334455,0.08456668169391306,-0.22260771070604268,0.25071366974211784,0.16848716933752886,0.22338244579622343,0.14251303223632286,0.18094985482742443,0.16357710832693353,0.5237409769192862,0.5437148832234985,0.5284588432728483,0.30425616550798223,0.035967078201139605,0.06461588414789016,0.08664311357867119,0.11734358172578142,0.4590669077708791,0.33235747731729365,-0.22401667965228111,0.13030233709701114,0.2072640974514128,0.04600740607492509,0.2657034979565084,0.2076495956916417,-0.1836519827353441,0.4007185007021805,0.28351559122869857
Insula_R,0.03434399794055245,0.5393701827677914,-0.06356607208538838,0.37838420880648393,0.048764964535793036,0.2026589152124896,0.42790832893087505,0.3526779225045197,-0.17256155818717733,0.36766168947721456,-0.0936797642918141,0.5434630746702979,0.4675464205456944,0.06670704257954424,0.6131004755552872,0.30324208887060433,0.3639429810750181,0.40278151702407455,0.12252296479484995,0.4649500485371068,0.390719208401927,0.27071745701450617,0.013976250757397337,0.3662610759883307,0.1925814298111652,-0.015898283395400777,0.34099541499613567,0.5273879917687766,0.26165579618877427,1.0,0.5126735137666979,0.042811976609781886,0.19285944493107182,0.3000416782698275,0.1152349203122476,0.28830141618038,0.6849462312992577,0.5018308422993624,0.2896475331855818,0.15660641880252332,0.40972276573236394,0.07473370825012271,0.657514201704693,0.09055073581428791,0.3048853755295118,0.8848585796207812,0.5409130103799409,0.49001230680914004,0.5136298808463255,0.3038823602370014,0.045721029716917286,0.009064827598332189,-0.009548105404496179,0.18210492572321382,0.31481689610331,0.5513516750379304,0.014771095167257713,0.1486650449925108,0.4685944725089102,-0.06903170419956298,0.09047485721631536,0.2400206613966698,-0.1503115570182938,0.5793282722860936,0.3444554873443071
