,Thal_IL_L,N_Acc_L,Thal_PuM_L,Angular_L,Pallidum_L,Thal_MDl_R,Cerebellum_9_R,Thal_PuI_R,Insula_L,Thal_MGN_L,OFCmed_L,Vermis_10,Cuneus_L,OFClat_L,ACC_sub_L,Thal_LP_L,Fusiform_R,Lingual_R,Cingulate_Mid_L,Fusiform_L,Thal_PuA_R,SupraMarginal_R,Cuneus_R,Cerebellum_4_5_L,Vermis_7,Frontal_Inf_Tri_L,SN_pr_R,Caudate_L,Supp_Motor_Area_R,Pallidum_R,Rolandic_Oper_R,OFCpost_R,OFClat_R,Thal_LGN_R,Precentral_L,OFCmed_R,Cerebellum_7b_R,Thal_MGN_R,Paracentral_Lobule_R,Thal_PuM_R,Caudate_R,Frontal_Sup_Medial_L,Red_N_L,OFCant_L,Putamen_L,Cerebellum_Crus2_R,Thal_VL_R,Lingual_L,Cerebellum_8_L,Temporal_Pole_Mid_L,Frontal_Inf_Oper_L,Precentral_R,Thal_VPL_L,Rectus_R,Temporal_Pole_Sup_R,ParaHippocampal_L,Frontal_Inf_Orb_2_R,OFCpost_L,Postcentral_L,SN_pc_R
Thal_IL_L,1.0,0.43995007423260235,0.021953161914268018,-0.06271763475791511,0.6131426676787752,0.42531746084046523,0.4912594238339017,0.4509767922292126,0.5220609292908862,0.4648827967452524,0.1672743412390962,0.49712840203627584,0.1596743418867334,-0.04334169029540929,0.15874097356988176,0.03616919369096882,0.6624751513178524,0.3723362620569017,0.3846304810936166,0.6112937549864162,0.4474800989055155,0.2685742207734076,0.013031898388852405,0.6842635089764986,0.003838707450825695,0.4005384181216926,0.6310108540224098,0.7809291624758272,0.1646596902857284,0.551950528046096,0.5597147882321929,0.3842440620278773,0.31668533970595897,0.6947341261434193,0.15768241240679814,0.283939559268973,0.2364876201824137,0.8449202997471228,0.03596726525892784,0.2674433324199052,0.7387007225646853,0.2998071807820421,0.641500618099244,0.209759159979191,0.6814248586726175,0.2688186624160135,0.8201596728339613,0.42180912256883407,0.20448316078117942,0.31474047651908976,0.5169434029346432,0.18249292359330566,0.5944461995960385,0.27780635522735647,0.6402805590678878,0.7238314039691273,0.5284300230618311,0.4302183239677665,0.16486976249412777,0.3972306337039753
N_Acc_L,0.43995007423260235,1.0,0.2527186201771559,0.3190791132518749,0.5102578621516676,0.2201140499787548,0.4127162371207312,0.33209482300553256,0.4752963361109677,0.42129009426025216,0.09030536338543044,0.2626439693297581,0.3182158057449404,0.20858870627299883,0.17740274422370447,0.10625344338937665,0.41543513728917286,0.4467862301181758,0.36977871387809236,0.5960904295025952,0.3073963118783288,0.3252154347214528,0.3157345221575736,0.49841300442072417,0.04350962549726508,0.19452494620767052,0.5120121948667287,0.4498739885070045,0.38225998091916846,0.6094205193502484,0.367698360436141,0.3880661088623341,0.38180444425877663,0.6603424982048522,0.26062403570732817,0.3870880628510306,0.15679148606051566,0.3192436900478222,0.1002418825018936,0.4054012041148807,0.5852588577013497,0.11062183715714462,0.5082977140261963,-0.0003563463537458218,0.5844441474225863,0.16089483827470363,0.5396509096577295,0.4188198364709214,0.2177612947859963,0.23272746558920743,0.308419173262088,0.3643101441275351,0.451169464577204,0.13103752659363996,0.4851496615465911,0.5545708097299773,0.5018895982278768,0.42345490356541077,0.30080045706989994,0.3920450838610275
Thal_PuM_L,0.021953161914268018,0.2527186201771559,1.0,0.7017114749435609,-0.07804066696524409,0.6557149013666854,0.17494678520254264,0.7365430636662545,0.3890855074336261,-0.1566327506612413,0.01998451733995854,0.14500589472839076,0.5896203185565662,-0.19316688707380256,-0.28091614258428543,0.1569593016068351,0.04753517355164081,0.3660417386218621,0.3313610046114464,0.38512751374119036,0.7524683807879171,0.5659364292954616,0.7528832414446996,0.4199329124656705,0.06886945924799866,-0.11389111610669259,0.4884624984583241,0.370218110063125,0.25925661819027734,0.04077295136456137,0.0824338068887674,0.027753006817259535,-0.09513700533303181,0.06365267724209407,0.174190051267621,-0.16664669995145076,0.027796796671289578,-0.17515614817899783,0.5702862083093668,0.8756832082639447,0.3577502960535272,-0.18625809346478947,0.05463368298102896,-0.3223554877866743,0.27738518215274843,-0.01481946842380154,0.3167751900840008,0.4001984080979603,0.014020159485352996,-0.024602196304586398,0.1369487287740747,0.48027166938740107,0.39076498719507596,-0.159128310741721,0.08257639466074301,0.33673419470954025,-0.05824110707490177,0.15081535363343632,0.3251303260122522,0.3585800435082244
Angular_L,-0.06271763475791511,0.3190791132518749,0.7017114749435609,1.0,0.09697977209353867,0.40750412022268084,0.008908193069705521,0.39220588858978445,0.18231357818391755,-0.0035579882245744847,-0.0010166918105461173,0.09765058323686253,0.7403031394033601,-0.1838243957370232,0.08018632002000357,0.004774149274259451,-0.02012206362037846,0.20309749213125472,0.36596346132120927,0.1857866013862283,0.3932851970899761,0.7135460720609781,0.9055835310645141,0.2709998434052834,-0.03732906683168667,-0.3132893586242693,0.4156429612561998,0.24062338460218977,0.2668081391128026,0.21699280553656447,0.05308284043753251,0.09792818629029523,0.052349429603043986,0.10957412652548587,0.054552497634739905,0.2172407661890678,-0.10239336210504098,-0.17488220037415414,0.6794969807214403,0.6568815066294257,0.24990559700063994,-0.5166322523770034,0.16770969195130325,-0.25810932342765175,0.3464020387144394,-0.2428979020364054,0.1875397418873567,0.2736804260018918,-0.10532965014886221,0.27919536158679914,-0.09568157293660694,0.34867197528008376,0.32806428535902515,0.05166785223646118,0.2135667965970377,0.2989767882842551,0.04069850298388488,0.09191818815736841,0.3639360315714471,0.24806264633873149
Pallidum_L,0.6131426676787752,0.5102578621516676,-0.07804066696524409,0.09697977209353867,1.0,0.1611868931921617,0.43986841184068937,0.08985432157855003,0.5194099297608289,0.6209122904662296,0.3215523314971691,0.5046688783541664,0.30253175443227587,0.2056385396439074,0.4137660105130973,0.050938743021794776,0.6836481639343878,0.5232751539947786,0.6323006480471741,0.5887074915665182,0.11850290259592113,0.43355879514055,0.178142658434993,0.6909850024269282,-0.07980470070633446,0.46788049127585757,0.5654635716202534,0.5920218577921786,0.4749867433167569,0.8442065202427561,0.6965807886021198,0.5270866584638504,0.6273747410334283,0.7004553503226475,0.2407997530672082,0.512119536737562,0.06919574719426264,0.6142892927687207,0.03426232596204472,0.1930845661635658,0.5887736076976768,0.2757828707535531,0.766227456724598,0.37818455299844983,0.8177928028892536,0.07624648136055674,0.5946109213409819,0.4689241877206952,0.16691243368964115,0.5616499815060074,0.4876285697286705,0.3666013919733197,0.5493200043342752,0.3202079926642927,0.680597153800095,0.6815732100001579,0.634114965824327,0.43620467216908704,0.307937829057819,0.2876006090425757
Thal_MDl_R,0.42531746084046523,0.2201140499787548,0.6557149013666854,0.40750412022268084,0.1611868931921617,1.0,0.36530729044354265,0.8090791201254963,0.5456657378849747,0.1953245335204558,0.32670694357324165,0.4240860741135018,0.37752383324105593,-0.137138863852582,-0.20648483138185877,0.2487769752228529,0.40597844982095377,0.340425095526838,0.4063678177408771,0.46282491949008553,0.8762119600988193,0.5235616381227983,0.5122177183447865,0.5978670246388722,-0.10417575792483195,0.24876519923158683,0.60877933385227,0.6497311090059215,0.23478747513505424,0.12482542920725362,0.40442995586220143,0.2569522892125333,0.10708249286443698,0.15210786555321104,0.22792234866189134,-0.10233354499182813,0.05560850918695776,0.26583355150565013,0.43609617830909075,0.7223321231719592,0.5513162708461795,0.034342797702184645,0.3561905772985264,-0.004524423649124038,0.44091139165050613,0.0014107399782503284,0.5436086771421146,0.49256916224632324,0.034577434972065765,0.09251989205960949,0.4442992167216881,0.3473651229262461,0.7089023844341906,-0.007620063034051134,0.3286469324519009,0.647261829229473,0.12976155618360086,0.28292151986746344,0.38716851543268194,0.5102468693043782
Cerebellum_9_R,0.4912594238339017,0.4127162371207312,0.17494678520254264,0.008908193069705521,0.43986841184068937,0.36530729044354265,1.0,0.5046545137131896,0.7368509102454806,0.2008887686025555,0.2359475347508165,0.7768502298975241,0.2667201092148152,0.20586503605381898,-0.1717983775923307,0.23798356124738512,0.8038160494902935,0.7932533188022508,0.6512057894250471,0.745462720899485,0.5084560319962729,0.3252837538233893,0.16999601682981172,0.6222741488586844,0.5727822379942763,0.6546478012883915,0.4609359830758805,0.5502941723880826,0.5780210221257908,0.34719004617403193,0.6617528089075629,0.5133221908091652,0.317642117624079,0.49782361241783885,0.5219075844344362,0.026555609257424093,0.7179079191568332,0.43054441404891763,-0.18989463007186927,0.3354970376176966,0.5601131817662005,0.614469735672125,0.3224536353403898,0.07316366077948076,0.5122600096234717,0.6894436435826967,0.5354639043097906,0.8585381914372924,0.7549414615486825,-0.11448333876603198,0.6888109308639432,0.5187736113811595,0.4562683198159503,-0.11103426841574415,0.47928156951536716,0.5561099744959581,0.32357558390694857,0.5492652794306343,0.42146461455970285,0.46985277435689615
Thal_PuI_R,0.4509767922292126,0.33209482300553256,0.7365430636662545,0.39220588858978445,0.08985432157855003,0.8090791201254963,0.5046545137131896,1.0,0.6132002501377638,0.006951164291912381,0.07244810344015833,0.38601530412325635,0.36027636835223503,-0.15171949162984152,-0.4370263835435566,0.2379217695986119,0.37171941252378665,0.48422560006656457,0.377405424367287,0.6292232436679964,0.9373219636194727,0.4156333494522545,0.4959153611313475,0.5457028003385355,0.26246950574377553,0.23205022842049258,0.6234890263094378,0.6063104318361265,0.29055854773697976,0.07545092719853036,0.3421684431927818,0.19649790006728093,-0.08304039410626063,0.24456770458462485,0.32987077710813667,-0.2375887605210972,0.2866988105476407,0.19919260330675137,0.3172213858233801,0.8216507713207722,0.5482312339364234,0.15373532146050137,0.16920896639871366,-0.2658591962935753,0.4008711278267419,0.28697360333162725,0.5583470287810497,0.5707734731880021,0.23534071931040157,-0.17481163823448406,0.4191538297245521,0.4097545685169745,0.5995529536296594,-0.21114495938251318,0.2737071089276481,0.5317893627295754,0.030917994112032547,0.37622038874262004,0.35539853713641156,0.5471092140977275
Insula_L,0.5220609292908862,0.4752963361109677,0.3890855074336261,0.18231357818391755,0.5194099297608289,0.5456657378849747,0.7368509102454806,0.6132002501377638,1.0,0.3041636674306705,0.39955258161118584,0.6515850427697787,0.4068847749991617,0.2870859231964136,-0.10358792824684943,0.15585227710457777,0.7103024788103236,0.7094949933049514,0.7555521239085595,0.8242437679472627,0.6302149222268376,0.49488684701822044,0.3152705741914958,0.7595526778177726,0.24248523116271617,0.7301186409511916,0.7168874481019276,0.7208633695326578,0.6759556033756167,0.4650878785222326,0.8130756036691628,0.6071347838758356,0.491341003076213,0.5379624706741762,0.6865810980950907,-0.012837207515739853,0.36416002867944425,0.3786955393532935,0.03971737916333886,0.5945176254240591,0.7360030501627666,0.5163383035052219,0.5300175371178237,0.22551731939860234,0.7074977459292905,0.37604184619079084,0.6874480182085486,0.7451367539504965,0.47032680692587536,0.01605884502701573,0.8578616684119951,0.6737992026405557,0.6707199642630793,0.005358355061852213,0.6513035247163277,0.7449639770399781,0.5329844228535973,0.6970962443437894,0.6822560472176331,0.40502162708286654
Thal_MGN_L,0.4648827967452524,0.42129009426025216,-0.1566327506612413,-0.0035579882245744847,0.6209122904662296,0.1953245335204558,0.2008887686025555,0.006951164291912381,0.3041636674306705,1.0,0.30067510084465493,0.18479290359140813,0.08702098724015105,0.43379267742461436,0.3172974195041423,0.10829559613542344,0.43891901087391727,0.18564809529050832,0.31707368193947255,0.33478885260493363,0.0009365323020427127,0.15017016580614434,-0.05936574614125406,0.45630239340062817,-0.39821123507946893,0.3963833414885202,0.42210011091223687,0.3427174994201171,0.3309209119195119,0.5666643159047807,0.48076658088252366,0.30050362971457845,0.6535720627566242,0.5518043742839907,0.186861640918119,0.38128999587806983,-0.1249795947818982,0.5583752380361776,-0.050488632102647854,0.0764306968675325,0.41664951708321335,0.2468451810765109,0.7852597277139183,0.4699159324709497,0.4944937114603354,-0.1355140869131125,0.4408436982120967,0.18919449547714942,-0.12119685993746489,0.4202265611787334,0.34187617137521165,0.14383268005963878,0.6811129388260928,0.08998245391935791,0.4012459572082703,0.6670355782946016,0.5008989769040856,0.304370833812157,0.24025745947485194,0.28845242591973397
OFCmed_L,0.1672743412390962,0.09030536338543044,0.01998451733995854,-0.0010166918105461173,0.3215523314971691,0.32670694357324165,0.2359475347508165,0.07244810344015833,0.39955258161118584,0.30067510084465493,1.0,0.3493629207246658,0.052438581024224024,0.26856632595027313,0.19976664089689064,0.16893691568122163,0.3650343391872006,0.20872614583540008,0.3102290463980963,0.27107938350295335,0.17682729169983025,0.27355315162559246,0.1413232370729523,0.3987385073496052,-0.2840181057977418,0.3904871438322666,0.34552987592497686,0.3226028774612474,0.2480304995807301,0.283962286569903,0.43005584117552326,0.5743109827268196,0.5101157751753006,0.19138251318021818,0.24978655395478247,0.3157954246228847,-0.16533998209762824,0.18689504899799703,0.12475007804318461,0.148867036655071,0.30372294322173216,0.15014403359409267,0.45703647130043856,0.5327715415074774,0.3510547379503623,-0.16742541907028752,0.2926655112339549,0.17428429538339474,-0.07261296140881905,0.3406689581643119,0.432986065791153,0.2712246098741465,0.35157372586381447,0.1147119327513585,0.2810665846124907,0.43347021369201943,0.43696960344500163,0.38525507322714575,0.29630578511796885,0.19140078637003025
Vermis_10,0.49712840203627584,0.2626439693297581,0.14500589472839076,0.09765058323686253,0.5046688783541664,0.4240860741135018,0.7768502298975241,0.38601530412325635,0.6515850427697787,0.18479290359140813,0.3493629207246658,1.0,0.4414018124292152,0.004535478348530294,0.0808470210069836,0.18479720674930492,0.8227920939809503,0.6642544833123565,0.7072059038693138,0.5594733975333779,0.44707903366789187,0.4888899715598165,0.2781495432815606,0.686657474906112,0.3886308515336956,0.5137568325995804,0.4858572957362351,0.5926268651985718,0.4337285120391951,0.44087595323043666,0.7128531281647054,0.5825125081394722,0.3639464889028268,0.387669629181626,0.29971429878679123,0.12784077343156058,0.4424603568483203,0.49051630580516825,-0.009159073659504175,0.2791268083476806,0.5267888859508406,0.34519867423918466,0.3902904987649374,0.1617902658316334,0.6142733436918504,0.403080967194478,0.5192215659610121,0.7486525746935291,0.528491153886062,0.17313509840510385,0.5924786294353679,0.36118546339126717,0.4211657017240371,0.13558319710564232,0.578488611706332,0.5856137801585101,0.3994664181969009,0.5098107677588336,0.3800372154987333,0.47157669327651847
Cuneus_L,0.1596743418867334,0.3182158057449404,0.5896203185565662,0.7403031394033601,0.30253175443227587,0.37752383324105593,0.2667201092148152,0.36027636835223503,0.4068847749991617,0.08702098724015105,0.052438581024224024,0.4414018124292152,1.0,-0.1618785848365059,0.19295174134800183,0.03067275094878171,0.3303034515160685,0.44154136949470124,0.6649449267132846,0.3218993171455179,0.41066239099368024,0.7429846482622832,0.7832210513267005,0.5260705553210792,0.07100500776056956,-0.04585736768280432,0.44733691894672695,0.422318879828154,0.39112188451632685,0.4226464707241082,0.38293817710707556,0.2993178589129344,0.19567568833251717,0.24419347583455137,0.09609614529255892,0.18659735054772467,0.09137630568639381,0.0889710248345754,0.5149906703236024,0.5789898862132596,0.40676687994779226,-0.25698099141676983,0.2726250364953542,-0.12406498358086954,0.5676542410642423,-0.02698161515931779,0.3503566206112102,0.47756628708289717,0.12672760492165075,0.3332529528425046,0.17207572389824285,0.3889512930377433,0.3483241050362229,0.2321834636132971,0.49528438169161626,0.4394602697445517,0.21603973857245423,0.2677211526695761,0.4106390795703909,0.2547241009845172
OFClat_L,-0.04334169029540929,0.20858870627299883,-0.19316688707380256,-0.1838243957370232,0.2056385396439074,-0.137138863852582,0.20586503605381898,-0.15171949162984152,0.2870859231964136,0.43379267742461436,0.26856632595027313,0.004535478348530294,-0.1618785848365059,1.0,0.05455581452176286,0.20324418104884742,0.20398648683673662,0.22265145812847859,0.24125804132028925,0.24568239884372492,-0.1558315146927504,-0.07041762226618001,-0.1438080807661159,0.07476970610161988,-0.08548052660925248,0.5905322744908218,0.0022448518209237742,-0.021572018490005083,0.542346725687657,0.15078036628070196,0.3166875204497166,0.02011447900365095,0.6186520674760242,0.312578896449137,0.6021082546443391,0.08605002551503965,0.0792803474678467,0.09803379044593948,-0.35064037252060437,-0.06472903816980664,0.18078025813751927,0.5135950961319518,0.36694665870187,0.5907933574671098,0.06920540675613646,0.07869977893530095,0.1545102946232958,0.1018321695456396,0.17657878811098893,-0.04837408125632462,0.4589917463799206,0.509905682753135,0.21513294520964057,-0.30398768212570193,0.011034471809603055,0.1812872838253484,0.23769486992816527,0.107603379905418,0.3897793178182775,0.11248696031417638
ACC_sub_L,0.15874097356988176,0.17740274422370447,-0.28091614258428543,0.08018632002000357,0.4137660105130973,-0.20648483138185877,-0.1717983775923307,-0.4370263835435566,-0.10358792824684943,0.3172974195041423,0.19976664089689064,0.0808470210069836,0.19295174134800183,0.05455581452176286,1.0,-0.11585889827097726,0.0935778740169748,-0.15395003683556985,0.1421836735025055,-0.06701679303162464,-0.3570338574254325,0.3097507033299642,0.0668194911908508,0.17397929017352834,-0.43358309052176397,-0.11103488149271414,0.041179962602330575,0.24154443423171026,-0.08860221130936106,0.49389274401629646,0.13718344043173217,0.24915801237393387,0.46955695492984506,0.33471503512624773,-0.2382658699299427,0.7169420781582013,-0.28208472313677124,0.2775171445163734,0.21769560941669455,-0.2428061812012137,0.28016012915625343,-0.2969646316896368,0.43449844125004977,0.4239344200919587,0.3630837464124981,-0.3994852805147657,0.2620231560233964,-0.17075513221269642,-0.17743060705447847,0.809630307118026,-0.015161279178701591,-0.07928787949554127,0.022336461698730076,0.6473223551577452,0.45142374316201533,0.2250388342651182,0.46979432187474834,0.03113681794284722,0.06286448287563218,-0.16290885759485363
Thal_LP_L,0.03616919369096882,0.10625344338937665,0.1569593016068351,0.004774149274259451,0.050938743021794776,0.2487769752228529,0.23798356124738512,0.2379217695986119,0.15585227710457777,0.10829559613542344,0.16893691568122163,0.18479720674930492,0.03067275094878171,0.20324418104884742,-0.11585889827097726,1.0,0.16726083355172797,0.18973064377154888,0.177989596115681,0.21865331988809764,0.2674846716107172,0.09189590433456374,0.12611040103737525,0.1677617993777021,0.08162162105725976,0.25019769311214707,0.09145173942054685,0.14141392235583541,0.23113538376361814,0.02428251951695465,0.1278801822952381,0.04843424618873752,0.08944271298105476,0.07141274496513422,0.19162545689871963,-0.029320756008755427,0.0821204256193948,0.05321876474342604,-0.015899408167313014,0.1906990075182722,0.16863335163324578,0.20881231241274073,0.10784508045508535,0.07448697916185264,0.05677090781354758,0.09681923573613742,0.19266408699128582,0.18460605448416195,0.034849304959166535,-0.06245801687267015,0.25837671236574544,0.25705122909403333,0.19552697135950306,-0.15709902496235253,-0.04924906252301556,0.18289751853191993,-0.004831179119562744,0.07678487644222118,0.13449517990260285,0.23692022893067446
Fusiform_R,0.6624751513178524,0.41543513728917286,0.04753517355164081,-0.02012206362037846,0.6836481639343878,0.40597844982095377,0.8038160494902935,0.37171941252378665,0.7103024788103236,0.43891901087391727,0.3650343391872006,0.8227920939809503,0.3303034515160685,0.20398648683673662,0.0935778740169748,0.16726083355172797,1.0,0.7818641551005338,0.6851649277953759,0.7097221043484576,0.4253113690376123,0.3498224730638967,0.14620168914889078,0.805967807681148,0.2298106080726487,0.642541105584633,0.5253350761077291,0.6376327276964802,0.5062585079206401,0.5962589079985877,0.820871290700587,0.5735158179504536,0.5282619026189032,0.600023839751009,0.3689360377627643,0.19708067753151548,0.45603068942433334,0.6823055642847788,-0.13926516586832569,0.2985357433420009,0.6259600320485054,0.48661252088311074,0.5815810097072626,0.34866384411147083,0.7159544216561518,0.46565390061340434,0.6228479289290272,0.7879362061162465,0.49749564390175066,0.24858146157643887,0.6803887277140527,0.4301916438843671,0.5649324250221257,0.12951065153428304,0.6537418746795192,0.7073529716607577,0.491208990494422,0.521557500477927,0.34064263800910644,0.4549057024194516
Lingual_R,0.3723362620569017,0.4467862301181758,0.3660417386218621,0.20309749213125472,0.5232751539947786,0.340425095526838,0.7932533188022508,0.48422560006656457,0.7094949933049514,0.18564809529050832,0.20872614583540008,0.6642544833123565,0.44154136949470124,0.22265145812847859,-0.15395003683556985,0.18973064377154888,0.7818641551005338,1.0,0.7238107452847296,0.7903016599645657,0.49760651806920253,0.3861229194447442,0.386483229190834,0.7576404274776817,0.45238407239732736,0.5285283024379256,0.4897728835473186,0.5092578744831985,0.677167485725487,0.48805333191235767,0.6433463379347597,0.42133317927744135,0.345645218536978,0.5346514447967432,0.49088485560116857,0.0670331820887581,0.4763459606884572,0.32777014013275596,-0.09368841228479298,0.5252889645374126,0.5334046761674708,0.49430572159833364,0.36003471485213845,0.0667038548128609,0.5880512486278864,0.5074733963755506,0.49697944203317396,0.8609734116084802,0.5375090980486013,-0.0020498037477551774,0.5847857921125709,0.6656129084554192,0.4434891408567904,-0.17863867428630828,0.443520649427309,0.533874080136865,0.3306331660248129,0.43560084708802366,0.3928010355379156,0.4638390939000203
Cingulate_Mid_L,0.3846304810936166,0.36977871387809236,0.3313610046114464,0.36596346132120927,0.6323006480471741,0.4063678177408771,0.6512057894250471,0.377405424367287,0.7555521239085595,0.31707368193947255,0.3102290463980963,0.7072059038693138,0.6649449267132846,0.24125804132028925,0.1421836735025055,0.177989596115681,0.6851649277953759,0.7238107452847296,1.0,0.6652237013793338,0.4463287527778053,0.7232944973531261,0.527133992606189,0.7365903042819131,0.1984148576722029,0.6152763756322788,0.5906238111293586,0.6305174342894686,0.8163769122345116,0.5580844623300492,0.7757276875151119,0.5166430079646925,0.5328750610038604,0.4811336869008512,0.6029851228493053,0.192573218688165,0.28206482586569603,0.38198152663889123,0.19327194092697872,0.4776653179713931,0.6294893699341212,0.36032521906425813,0.55759698233168,0.24936818876335728,0.7034560953748097,0.17524024126849697,0.5897488584957106,0.7413385935325354,0.39625839255072115,0.25559059459098776,0.7213583332473797,0.7032425881164164,0.5856140831906416,0.13282096978106284,0.6593117517741578,0.6613494605939042,0.41563902999398067,0.440884117099956,0.7410805965135736,0.4018729810714611
Fusiform_L,0.6112937549864162,0.5960904295025952,0.38512751374119036,0.1857866013862283,0.5887074915665182,0.46282491949008553,0.745462720899485,0.6292232436679964,0.8242437679472627,0.33478885260493363,0.27107938350295335,0.5594733975333779,0.3218993171455179,0.24568239884372492,-0.06701679303162464,0.21865331988809764,0.7097221043484576,0.7903016599645657,0.6652237013793338,1.0,0.6043812996510416,0.43132976102900217,0.33099179156056296,0.8095847520872965,0.29994873545948425,0.5967542501495493,0.6986146960493097,0.7467096483758243,0.6384927423801706,0.5543731947980816,0.6666250722491127,0.4740494885524827,0.41967370794804143,0.7184611516358063,0.5681914452771175,0.14870850627291649,0.39827452117695716,0.45008927325160314,0.016762631827377524,0.6124559342919947,0.7825856645428936,0.5111879963569014,0.5483079916151575,0.14395775695708476,0.6840569066928551,0.41873274141438827,0.7665200637514938,0.7618208448655447,0.4398986778373035,0.10566966082948752,0.7235004930384732,0.6698560414991815,0.6403880157216274,-0.06711900864493114,0.5787801797814497,0.7575786261389854,0.5096289400018478,0.5737844810352624,0.49761189408174644,0.4720114207983457
Thal_PuA_R,0.4474800989055155,0.3073963118783288,0.7524683807879171,0.3932851970899761,0.11850290259592113,0.8762119600988193,0.5084560319962729,0.9373219636194727,0.6302149222268376,0.0009365323020427127,0.17682729169983025,0.44707903366789187,0.41066239099368024,-0.1558315146927504,-0.3570338574254325,0.2674846716107172,0.4253113690376123,0.49760651806920253,0.4463287527778053,0.6043812996510416,1.0,0.46800639510966807,0.5343233659794122,0.6067757382995626,0.15517964226971726,0.2661550667363206,0.6054721101674481,0.6645503129097342,0.297532596449959,0.11836404134666632,0.3979168389671725,0.24836959420843335,-0.0356944435115663,0.2639107120650123,0.3169577272571341,-0.1841525487349963,0.23851249409098904,0.26063005156344166,0.3423477578011312,0.8182812114529484,0.6029636002929455,0.13948329732940565,0.21318031871383863,-0.17400380469858104,0.43320751660593443,0.22791104924813313,0.59740613863433,0.5807322178140915,0.2061409855278511,-0.08779713485353327,0.48775460310257374,0.4576479931634407,0.6102020476251974,-0.1285414128221144,0.3173844878760918,0.5733584142454059,0.07231169285298847,0.3581320066122489,0.388317492833687,0.5391192100919804
SupraMarginal_R,0.2685742207734076,0.3252154347214528,0.5659364292954616,0.7135460720609781,0.43355879514055,0.5235616381227983,0.3252837538233893,0.4156333494522545,0.49488684701822044,0.15017016580614434,0.27355315162559246,0.4888899715598165,0.7429846482622832,-0.07041762226618001,0.3097507033299642,0.09189590433456374,0.3498224730638967,0.3861229194447442,0.7232944973531261,0.43132976102900217,0.46800639510966807,1.0,0.7790326362154871,0.5857604543699034,-0.0001634936661270255,0.13962303853244726,0.6453233303818767,0.611704840568682,0.4784678786718374,0.42236112417102606,0.45034732902446584,0.3841040679627488,0.38655880525808123,0.3132242356265929,0.2959983121978496,0.33249657164751656,0.04535789903687898,0.1606697662904393,0.6819182342326124,0.6177061047133627,0.5689854462505938,-0.1582104119052084,0.47291590249737386,0.1006694927411794,0.6442228149591873,-0.1439997991277405,0.5421093447957943,0.5340415801107874,0.12957611094838378,0.48315298163486986,0.36654122743441336,0.5512702840202051,0.5301590452445881,0.34080662877283435,0.5434787075662386,0.5889148925934982,0.3261408730858192,0.2834648533680237,0.6040891391043741,0.28586440985363626
Cuneus_R,0.013031898388852405,0.3157345221575736,0.7528832414446996,0.9055835310645141,0.178142658434993,0.5122177183447865,0.16999601682981172,0.4959153611313475,0.3152705741914958,-0.05936574614125406,0.1413232370729523,0.2781495432815606,0.7832210513267005,-0.1438080807661159,0.0668194911908508,0.12611040103737525,0.14620168914889078,0.386483229190834,0.527133992606189,0.33099179156056296,0.5343233659794122,0.7790326362154871,1.0,0.4222579921487035,0.02196908770382278,-0.16044886838317776,0.4675581334955539,0.36913016133717763,0.3772782398079427,0.25967716351297565,0.19373854809700244,0.19741463721161956,0.08834925578934599,0.1549419089402997,0.12995569339412352,0.21459886654107896,-0.05824972201431392,-0.11509313427486464,0.6834902168966929,0.7288284897751311,0.3611545869223155,-0.3811805688640657,0.18787408877092954,-0.1831109851402632,0.4429024078462711,-0.1826660886384611,0.30204371420762033,0.41668702601022795,-0.023029298131282447,0.3028750957227974,0.06990464907413257,0.5014771282553119,0.34850773983553374,0.04036510529594184,0.2649973289664784,0.3631058997545176,0.07708842522045967,0.14500518456784053,0.41198410645523914,0.321394221843417
Cerebellum_4_5_L,0.6842635089764986,0.49841300442072417,0.4199329124656705,0.2709998434052834,0.6909850024269282,0.5978670246388722,0.6222741488586844,0.5457028003385355,0.7595526778177726,0.45630239340062817,0.3987385073496052,0.686657474906112,0.5260705553210792,0.07476970610161988,0.17397929017352834,0.1677617993777021,0.805967807681148,0.7576404274776817,0.7365903042819131,0.8095847520872965,0.6067757382995626,0.5857604543699034,0.4222579921487035,1.0,0.013161922533848942,0.46526072092999493,0.7608286941662686,0.8465484293639239,0.5167719951533373,0.6999111099217887,0.7457649726112907,0.5381555234364267,0.5119694693216105,0.6990105107046022,0.33406192478495167,0.28753512970603423,0.18490701587321992,0.6044348519475341,0.2076064153593276,0.6174698898725874,0.8267119847675816,0.2821168418889627,0.7133721738948946,0.2402623538140317,0.8427568616270158,0.19939800315986023,0.8215006001670273,0.7154353014289306,0.22484499958925733,0.4110871696996183,0.6548205946526836,0.5648652332033552,0.7272015873687678,0.16126295128257956,0.7062643881535208,0.8653148657796419,0.5915769494530533,0.5323057041165553,0.4392843091012003,0.5315953967026227
Vermis_7,0.003838707450825695,0.04350962549726508,0.06886945924799866,-0.03732906683168667,-0.07980470070633446,-0.10417575792483195,0.5727822379942763,0.26246950574377553,0.24248523116271617,-0.39821123507946893,-0.2840181057977418,0.3886308515336956,0.07100500776056956,-0.08548052660925248,-0.43358309052176397,0.08162162105725976,0.2298106080726487,0.45238407239732736,0.1984148576722029,0.29994873545948425,0.15517964226971726,-0.0001634936661270255,0.02196908770382278,0.013161922533848942,1.0,0.19995830154680325,-0.014578103418270054,-0.011442552155100759,0.23048908463063716,-0.1322222517451244,0.08160082278410778,0.04090678599697536,-0.2877706054330371,0.0037446501150222413,0.2712936879954367,-0.3299509091986328,0.713806552586634,-0.09725022267549162,-0.2865830208562535,0.053925547248431106,-0.03158826154013872,0.37426541081914766,-0.36320931924285604,-0.3805801059504213,-0.05897437280079012,0.7385721394346293,-0.03853503411980825,0.48681449051964965,0.7162321400617532,-0.5477844672625177,0.15309571927112275,0.1579141513989272,-0.1912681621507313,-0.2600229621015679,-0.020050452760249842,-0.14342198773172563,-0.16569146256157355,0.15193654332593862,0.09747338148743663,0.06532264870451648
Frontal_Inf_Tri_L,0.4005384181216926,0.19452494620767052,-0.11389111610669259,-0.3132893586242693,0.46788049127585757,0.24876519923158683,0.6546478012883915,0.23205022842049258,0.7301186409511916,0.3963833414885202,0.3904871438322666,0.5137568325995804,-0.04585736768280432,0.5905322744908218,-0.11103488149271414,0.25019769311214707,0.642541105584633,0.5285283024379256,0.6152763756322788,0.5967542501495493,0.2661550667363206,0.13962303853244726,-0.16044886838317776,0.46526072092999493,0.19995830154680325,1.0,0.3350874304405466,0.43256245635210516,0.6853980705737278,0.27271459609209436,0.7211151354405325,0.3768222285353519,0.5337631902610626,0.3680620180359078,0.7839320256792903,-0.11928481114142198,0.3621525694786453,0.4247176002607885,-0.35174511679940507,0.10597309428434222,0.46759324652699774,0.8574392620530217,0.460054505453149,0.5023393040475176,0.3796685936525482,0.38943424212958627,0.46364242969308916,0.539260739621852,0.48844813829501005,-0.14591320195865384,0.9089195753586976,0.5655824442126142,0.4902020000794866,-0.11549906891185747,0.37937210957497164,0.5083564747951194,0.36488024382852974,0.40595275628063066,0.5924571161461316,0.2648276265274227
SN_pr_R,0.6310108540224098,0.5120121948667287,0.4884624984583241,0.4156429612561998,0.5654635716202534,0.60877933385227,0.4609359830758805,0.6234890263094378,0.7168874481019276,0.42210011091223687,0.34552987592497686,0.4858572957362351,0.44733691894672695,0.0022448518209237742,0.041179962602330575,0.09145173942054685,0.5253350761077291,0.4897728835473186,0.5906238111293586,0.6986146960493097,0.6054721101674481,0.6453233303818767,0.4675581334955539,0.7608286941662686,-0.014578103418270054,0.3350874304405466,1.0,0.7701295115628427,0.4387397916259241,0.5568680950513675,0.5920941557744387,0.48750450770326664,0.39496761518731277,0.5829586599893392,0.3607562763092494,0.26580778961728885,0.10363394219252266,0.45109766977162935,0.402868390567945,0.6661824265516884,0.7339809221380056,0.12745451811417463,0.7101584080590225,0.1396463677882151,0.7539939513989898,0.07133835137789488,0.7358868049464508,0.5694318993082006,0.09638714855378361,0.31000763970194906,0.5220735841136221,0.4715706399302317,0.7566822477650275,0.16153081842658765,0.6203099802849741,0.8069074809479482,0.5318031790005961,0.5341548135274193,0.48142956748007304,0.44681397243444776
Caudate_L,0.7809291624758272,0.4498739885070045,0.370218110063125,0.24062338460218977,0.5920218577921786,0.6497311090059215,0.5502941723880826,0.6063104318361265,0.7208633695326578,0.3427174994201171,0.3226028774612474,0.5926268651985718,0.422318879828154,-0.021572018490005083,0.24154443423171026,0.14141392235583541,0.6376327276964802,0.5092578744831985,0.6305174342894686,0.7467096483758243,0.6645503129097342,0.611704840568682,0.36913016133717763,0.8465484293639239,-0.011442552155100759,0.43256245635210516,0.7701295115628427,1.0,0.3503812265625511,0.5661079969641015,0.6352716655115829,0.4856846628015396,0.3779599353491783,0.6959417509199304,0.3338948866833863,0.3176335404668687,0.18121849615958752,0.6370470682333063,0.31133754312419265,0.5714340883063891,0.9406745240121781,0.21898423448037815,0.6633943228512481,0.20044715959228712,0.7753348561702672,0.13805920359364002,0.9350135689788989,0.5681356104586501,0.22266492199828,0.40207064158350825,0.6879637040360956,0.47035812797743176,0.7063034675066607,0.2847226892352408,0.7394787308487534,0.8367116434612158,0.5635494161228022,0.48912184163140354,0.4847723523895892,0.41967862764690966
Supp_Motor_Area_R,0.1646596902857284,0.38225998091916846,0.25925661819027734,0.2668081391128026,0.4749867433167569,0.23478747513505424,0.5780210221257908,0.29055854773697976,0.6759556033756167,0.3309209119195119,0.2480304995807301,0.4337285120391951,0.39112188451632685,0.542346725687657,-0.08860221130936106,0.23113538376361814,0.5062585079206401,0.677167485725487,0.8163769122345116,0.6384927423801706,0.297532596449959,0.4784678786718374,0.3772782398079427,0.5167719951533373,0.23048908463063716,0.6853980705737278,0.4387397916259241,0.3503812265625511,1.0,0.3933589895313323,0.5956850953491879,0.333512852226145,0.5396972528528826,0.3817831814944182,0.8177142112801007,0.018800357301620288,0.2766540433765245,0.16752501270458242,-0.00114913788995744,0.4148592385498378,0.43475519173122446,0.5287193443277854,0.45454625833328643,0.2532977322756027,0.44991199323571934,0.243739138075911,0.38306554051577657,0.6200108564607216,0.40524065074932614,-0.035349943417462476,0.6646159908325612,0.8303904415445581,0.5080551286057583,-0.16264456375217876,0.36590750954997775,0.4805374793705665,0.2971549508499698,0.3819106387736568,0.7416727089772412,0.3432787570409101
Pallidum_R,0.551950528046096,0.6094205193502484,0.04077295136456137,0.21699280553656447,0.8442065202427561,0.12482542920725362,0.34719004617403193,0.07545092719853036,0.4650878785222326,0.5666643159047807,0.283962286569903,0.44087595323043666,0.4226464707241082,0.15078036628070196,0.49389274401629646,0.02428251951695465,0.5962589079985877,0.48805333191235767,0.5580844623300492,0.5543731947980816,0.11836404134666632,0.42236112417102606,0.25967716351297565,0.6999111099217887,-0.1322222517451244,0.27271459609209436,0.5568680950513675,0.5661079969641015,0.3933589895313323,1.0,0.5667436854343761,0.4753482260300561,0.5752760704062316,0.749736281109598,0.12828447710782095,0.576635371469062,0.03430728283256392,0.5931647734590964,0.09802912932878681,0.23682116655118424,0.6177316598828708,0.10591468599030389,0.743345225079788,0.29715771883306574,0.8220882255321315,0.05095247731190695,0.6084798415181352,0.40253961869991334,0.11332373918926206,0.6014280322178627,0.3641691271595829,0.3351429264052719,0.4840623398607709,0.33593522813772786,0.6702495549341277,0.6711488385073894,0.6968753278004202,0.44247243055206775,0.23103587582401136,0.3764517229710946
Rolandic_Oper_R,0.5597147882321929,0.367698360436141,0.0824338068887674,0.05308284043753251,0.6965807886021198,0.40442995586220143,0.6617528089075629,0.3421684431927818,0.8130756036691628,0.48076658088252366,0.43005584117552326,0.7128531281647054,0.38293817710707556,0.3166875204497166,0.13718344043173217,0.1278801822952381,0.820871290700587,0.6433463379347597,0.7757276875151119,0.6666250722491127,0.3979168389671725,0.45034732902446584,0.19373854809700244,0.7457649726112907,0.08160082278410778,0.7211151354405325,0.5920941557744387,0.6352716655115829,0.5956850953491879,0.5667436854343761,1.0,0.6151154661627521,0.643732473999884,0.5282816230348069,0.46614333491891347,0.14198663409716397,0.26491549827405153,0.5443158998275572,-0.058162318789595005,0.33655664257229595,0.624789459076202,0.44875740855748436,0.6352476361610733,0.43909890877970853,0.7472646191976023,0.2322214986633135,0.6035978140578456,0.662752952621568,0.3337758006989429,0.27418763499075666,0.7664136631810307,0.49499971708419194,0.634413932369813,0.1862449106534765,0.7490772081756388,0.7236012208252961,0.5437197941902425,0.5517709069830152,0.5878595660643362,0.31798577270273803
OFCpost_R,0.3842440620278773,0.3880661088623341,0.027753006817259535,0.09792818629029523,0.5270866584638504,0.2569522892125333,0.5133221908091652,0.19649790006728093,0.6071347838758356,0.30050362971457845,0.5743109827268196,0.5825125081394722,0.2993178589129344,0.02011447900365095,0.24915801237393387,0.04843424618873752,0.5735158179504536,0.42133317927744135,0.5166430079646925,0.4740494885524827,0.24836959420843335,0.3841040679627488,0.19741463721161956,0.5381555234364267,0.04090678599697536,0.3768222285353519,0.48750450770326664,0.4856846628015396,0.333512852226145,0.4753482260300561,0.6151154661627521,1.0,0.5230651625239789,0.41363137986030174,0.23080242116205452,0.3649934163797945,0.09829754746189129,0.3327966134572797,0.10368243958627124,0.24619471764434359,0.46240523913005266,0.17308058452838962,0.4330131534541667,0.2676131125196147,0.6231304060159961,0.07417939443731426,0.43769913659558757,0.4234187834385336,0.18407539388148816,0.3382145928267131,0.47110813725876094,0.22342300481737468,0.3768956876831076,0.35216234005592795,0.6750022308149608,0.5094538630270697,0.5895789367217535,0.8226519436285231,0.3355320617850518,0.15801819997886424
OFClat_R,0.31668533970595897,0.38180444425877663,-0.09513700533303181,0.052349429603043986,0.6273747410334283,0.10708249286443698,0.317642117624079,-0.08304039410626063,0.491341003076213,0.6535720627566242,0.5101157751753006,0.3639464889028268,0.19567568833251717,0.6186520674760242,0.46955695492984506,0.08944271298105476,0.5282619026189032,0.345645218536978,0.5328750610038604,0.41967370794804143,-0.0356944435115663,0.38655880525808123,0.08834925578934599,0.5119694693216105,-0.2877706054330371,0.5337631902610626,0.39496761518731277,0.3779599353491783,0.5396972528528826,0.5752760704062316,0.643732473999884,0.5230651625239789,1.0,0.5230077700025791,0.3691199754081104,0.4669093999427302,-0.010165060064589533,0.41104838604635785,-0.004036901555060248,0.0983764292850842,0.4841482685117566,0.30590508211133566,0.725806934854158,0.7158154493089701,0.5920056209077779,-0.06813725752298322,0.46072509719042776,0.32175205756128605,0.11367562712174542,0.5309807603451857,0.5205766264308179,0.4698770554714296,0.5031452921738071,0.20711421292512777,0.5588667658442343,0.6031088894842965,0.6851414019076175,0.47308382118373965,0.4465298194703331,0.20372139918119608
