,Frontal_Inf_Oper_R,Thal_VL_L,Thal_MDl_L,Cerebellum_8_L,ACC_pre_L,ACC_sub_L,Paracentral_Lobule_L,Frontal_Sup_2_R,Amygdala_L,SN_pc_L,Cuneus_L,Thal_VA_R,Putamen_R,Rectus_L,Cerebellum_9_R,Frontal_Mid_2_L,Thal_IL_R,Thal_VL_R,Thal_IL_L,Thal_MDl_R,Frontal_Sup_2_L,OFCpost_L,Frontal_Inf_Tri_L,Hippocampus_L,VTA_R,OFCmed_R,Temporal_Mid_R,Cerebellum_4_5_L,Cingulate_Post_R,Cerebellum_3_L,ACC_pre_R,Thal_AV_R,Temporal_Inf_R,Frontal_Sup_Medial_R,Red_N_R,OFCpost_R,Cerebellum_Crus2_R,Frontal_Inf_Orb_2_L,Fusiform_L,Hippocampus_R,Postcentral_R,Temporal_Inf_L,ACC_sup_L,Vermis_9,Cingulate_Mid_L,OFCant_R,Vermis_8,Paracentral_Lobule_R,Angular_R,Thal_MGN_L,Thal_LGN_R,Thal_MGN_R,Thal_PuI_R,Parietal_Sup_L,Caudate_L,Occipital_Mid_L,Cerebellum_Crus2_L,Temporal_Pole_Mid_R,N_Acc_R,Vermis_1_2
Frontal_Inf_Oper_R,1.0,0.7613205777840277,0.6400716377639325,0.36144358036267715,0.4676059610793854,0.06631598549207686,-0.06776897671550938,0.5340728993800381,0.4110916278431947,0.5576725960039767,0.35117590548266897,0.573255440247297,0.6235732556152521,0.0023758066331550035,0.6896538289212906,0.5314548112111864,0.6911545398946419,0.7728623289304835,0.5961076547293859,0.5297682593136914,0.4920051561266353,0.5673507801951952,0.7167433168342916,0.8054371642289728,0.0830917328503889,0.16121361381142463,0.750629677190921,0.8263658427795858,0.6491560044205116,0.5912168843974197,0.4725491748532529,0.2616575835538528,0.7019084250484472,0.48935294165789117,0.6085967002800993,0.5767493325214982,0.2603565765522264,0.6253143396433323,0.7978276229498724,0.7796801025890606,0.5872815312583771,0.791340930078779,0.5165938068719496,0.48492010413299746,0.750381610021916,0.46374954161978804,0.36036558188374324,0.024627174936609923,0.24191278392370552,0.40471723632765066,0.6418138051224436,0.5322174163723893,0.497523499264314,-0.10398510494192,0.7848271148908496,0.0410130267379771,0.15398315047363167,0.1112833799571806,0.6029639847878783,0.47878193734133107
Thal_VL_L,0.7613205777840277,1.0,0.7030990842387709,0.1456397202288803,0.2967955218411949,0.08753781345800778,0.11372533468827721,0.2364188321951308,0.520122297643805,0.5565852594082402,0.44905065335752153,0.8395365164579932,0.6368687862430007,0.05494048989909638,0.5584843258803434,0.23537815825369784,0.8063795087428071,0.8982571380946758,0.7880459024422483,0.7079086206073071,0.22605391775057523,0.5302638642720371,0.4479489113388931,0.8267225194633554,0.12163150278595129,0.2599891702374264,0.7234286575211398,0.8641361089362767,0.5647168026901176,0.5821044375753528,0.2815555654771864,0.31345725659142654,0.6065187037409846,0.19307900046761028,0.8090546917934375,0.4554094192303505,0.13498936724669897,0.5937762515386052,0.7803881312072795,0.9244332046844885,0.5184170433851413,0.6714322408872367,0.6072384624621597,0.3165317466160449,0.6419728716179182,0.36620964776874504,0.1406284053032298,0.2886950002901016,0.43438125631528585,0.5734574805239124,0.7142178631803213,0.6623861321597213,0.6843104461384346,-0.10097870013006832,0.8779018711890622,0.048192972240356395,0.12836496092181446,0.26369873901076807,0.5958152505824074,0.552374382569974
Thal_MDl_L,0.6400716377639325,0.7030990842387709,1.0,0.1911073126643242,0.19380288178205382,-0.07270234237733872,0.2609325980089794,0.24060079225408967,0.4317086482826866,0.30579834083292334,0.48147852699035304,0.44751528101232524,0.2737071837543577,-0.10877022171386672,0.4330901113840702,0.08917388131050638,0.6286973820419878,0.7170867323039862,0.41822149720167767,0.736249427279739,0.19073961779440382,0.3386500354095645,0.294584807778275,0.5041873240061809,0.01855720505366868,0.032349097334334116,0.6515509261198225,0.6675467125686781,0.4047933163897109,0.4956432325529756,0.2100527151152959,0.4400590200778125,0.45349134987301737,0.16263428524927953,0.5434995966837894,0.22267972760757332,0.13623574790796222,0.3427749620819576,0.6392994524635508,0.7164187305181798,0.6785388283387075,0.43714669410549845,0.48006849556588793,0.27185388236264496,0.5360306635153633,0.22323811084713963,0.14233809814235276,0.38865076617826716,0.4978426281718518,0.09870670642671393,0.4311718772917135,0.2641952055554051,0.7222092986773553,0.032107917517507384,0.7137239588768357,0.2808148533872344,0.07738295640822815,0.036874229068816954,0.28558067474146454,0.5397720044395635
Cerebellum_8_L,0.36144358036267715,0.1456397202288803,0.1911073126643242,1.0,0.23299981161342487,-0.17743060705447847,-0.0805286947258217,0.479110058819272,0.245292044506013,-0.028595131893364843,0.12672760492165075,0.12152450617640263,0.1671311164115053,-0.20598039220577985,0.7549414615486825,0.5361769460109737,0.15949602689185802,0.20156339932860526,0.20448316078117942,0.034577434972065765,0.4625041722730798,0.2915171368815259,0.48844813829501005,0.26398530112386487,0.14841994771725003,-0.17406063036861144,0.46479006832119846,0.22484499958925733,0.2623760495179413,0.11600974789964633,0.22050066418973613,0.04697010143073719,0.6086224749987841,0.4422738790843812,0.11426403419317936,0.18407539388148816,0.8311132768635401,0.15215850135546197,0.4398986778373035,0.1428296012593803,0.170241588349424,0.46081706026418806,0.03903691017247661,0.6512179585486526,0.39625839255072115,0.1278566202167605,0.7695752418384189,-0.32473933842023167,0.03967909441575908,-0.12119685993746489,0.1920249744404769,0.15587508099393535,0.23534071931040157,-0.15421668724827028,0.22266492199828,0.42661036027571897,0.42963270980063056,0.011760859230927071,0.129871280716642,-0.10452189448914079
ACC_pre_L,0.4676059610793854,0.2967955218411949,0.19380288178205382,0.23299981161342487,1.0,-0.3124033020076127,-0.45293445437519436,0.686939303569652,0.2076065290723834,0.2737408600662309,-0.34884268296676757,0.1468962641803296,0.05398213809243685,-0.2952685328137432,0.43469450981711316,0.6567704544229053,0.33437995526802144,0.3154401469859393,0.38089942252639647,0.20178673052100343,0.698351715700623,0.1793512576124495,0.5926581761690194,0.3388158500695077,0.17710699904006674,-0.13696009712166346,0.18025628713991615,0.2976714800388141,0.0021070595535889456,0.016859997082959915,0.9491281194290065,0.041135967380194614,0.2696236285822281,0.833673158931225,0.25214203748480174,0.11786961721787217,0.35696797111909373,0.2308479340587689,0.42109149483131975,0.3130033963254593,-0.05957762936732178,0.35923000621167334,-0.28200849178970633,0.10832891814812988,0.10360225106634055,0.5201843305872976,0.028731279584245525,-0.3449014773792063,-0.372149710670512,0.29588218765150404,0.3010081360285695,0.33755576448407154,0.24111972141819205,-0.32051863745881704,0.27250317056662016,0.09526316752652382,0.4595260249381197,-0.2996413848498767,0.10548004173790956,-0.028372087932319313
ACC_sub_L,0.06631598549207686,0.08753781345800778,-0.07270234237733872,-0.17743060705447847,-0.3124033020076127,1.0,0.16363184435673836,-0.3783753067215125,-0.4376311407405026,0.4437480762555385,0.19295174134800183,0.32180651676870414,0.42682553442901555,0.6211771734016311,-0.1717983775923307,-0.2463182661069511,0.20542606213585385,0.2620231560233964,0.15874097356988176,-0.20648483138185877,-0.365131870774127,0.03113681794284722,-0.11103488149271414,0.08658544063660592,-0.19751942894010513,0.7169420781582013,0.004357259350405211,0.17397929017352834,0.1368633887185588,0.32525509218132437,-0.21459686666961092,-0.10609712496147718,0.05153931876155333,-0.3967859875680414,0.3168340842647613,0.24915801237393387,-0.3994852805147657,0.5459651884957231,-0.06701679303162464,0.15428887091298635,0.2661059808032206,0.11717128202939389,0.47160713518115244,0.10785258678933314,0.1421836735025055,0.036170539714755735,0.07050945670423236,0.21769560941669455,0.22807604946274646,0.3172974195041423,0.33471503512624773,0.2775171445163734,-0.4370263835435566,0.26959712366702293,0.24154443423171026,-0.5688551418129925,-0.6119242086411801,0.6293801252165023,0.5807516615195998,0.46967786935416433
Paracentral_Lobule_L,-0.06776897671550938,0.11372533468827721,0.2609325980089794,-0.0805286947258217,-0.45293445437519436,0.16363184435673836,1.0,-0.3619295579926349,0.06020478181022454,0.1261437830119255,0.4365555568019029,0.11065849408926795,0.16607519277144928,0.1388151384458859,-0.18009544583739856,-0.3641993134088988,-0.061419020983624784,0.08006825647218511,-0.05807833574678307,0.20203478572792327,-0.39368577595303555,-0.0534979737355889,-0.25028889321841863,0.006056296436483698,-0.18496582912285112,0.16704066458909803,0.1473674306187704,0.09712802562436265,0.15920866446877224,0.23115801770163438,-0.4006584106577482,0.08703179281629923,-0.026301957513623044,-0.44743897867265103,0.0868586409085753,-0.028071559406254852,-0.2514597916915864,0.030763302925475588,0.01424315717269853,0.08026526030013546,0.3823506693886684,-0.07512533154968506,0.41973610576768794,0.04901292750701878,0.21878666919210538,-0.27092473092684116,0.037775729241467895,0.6763119292674938,0.5950187261664506,-0.15487772034710756,-0.04882094271795358,-0.19415856597263098,0.1472823795638188,0.3060922454186466,0.15822590975263373,0.10768256190849039,-0.3437474759568477,0.23738457004875702,0.027514488395487372,0.35570314359298577
Frontal_Sup_2_R,0.5340728993800381,0.2364188321951308,0.24060079225408967,0.479110058819272,0.686939303569652,-0.3783753067215125,-0.3619295579926349,1.0,0.23830673956461004,0.2333749161239289,-0.1782885226120158,0.03550371771905644,0.06508501910434132,-0.4210860849935158,0.5826016014147398,0.9044492582269253,0.2642558967021863,0.24995829255436847,0.18614906261340367,0.08814653278721003,0.973509260239488,0.25633893904507493,0.853248898602282,0.4037280672058424,0.047384948415273284,-0.27316249244914,0.36864420522759583,0.2845099304329634,0.2210545372855598,0.09016878931668601,0.5694675992133442,0.2830599828934183,0.4462378453723568,0.9496702822991596,0.16908969404449026,0.12928715376761787,0.48518447055389446,0.18432625175981335,0.5182783173692226,0.30334856297127555,0.2532841620052612,0.5624711747019844,-0.3019757924012566,0.3161939691306285,0.4198836594510804,0.5615894591869509,0.26806354790991344,-0.4925728614069921,-0.2746133124886778,0.23660656276700867,0.27238840823320737,0.22498671137116552,0.19822120395993462,-0.30928233547744016,0.17256256371180279,0.2309368663650993,0.476128661720615,-0.45269021473319354,0.11954385869373615,-0.034004956681227404
Amygdala_L,0.4110916278431947,0.520122297643805,0.4317086482826866,0.245292044506013,0.2076065290723834,-0.4376311407405026,0.06020478181022454,0.23830673956461004,1.0,-0.012716665527805295,0.3042731045998178,0.35141962233513396,0.24850280396144359,-0.38199816839609885,0.44727510113094987,0.2316161901296898,0.17777274078176825,0.2763635106418442,0.3632058065028076,0.6991099984637099,0.21197339901129308,0.27842621898591935,0.39439636631979624,0.49029041946546925,-0.003963748108846416,-0.37755462261162187,0.4110515048495659,0.4599392835741934,0.42058630407893005,0.2185925496449929,0.1446055560587636,-0.13670349299167783,0.5189476232153742,0.24917279655447147,0.23808439622979433,0.20653903196925763,0.2839729385579093,0.012812907229765767,0.3913517979799036,0.38217193940723254,0.14724563703192486,0.34084879944998897,0.27447482032196485,0.18725792329931865,0.42990517790824406,-0.06865886410934315,0.18190753980910862,0.11989188806873959,0.19127248560916665,0.14432051989318861,-0.025328002591096823,0.2532108749172514,0.6709953683542645,-0.3742556440511695,0.39364994437662054,0.3243583095078913,0.37076616446657334,-0.00026555896377860287,0.10225028307094228,0.2322542704459713
SN_pc_L,0.5576725960039767,0.5565852594082402,0.30579834083292334,-0.028595131893364843,0.2737408600662309,0.4437480762555385,0.1261437830119255,0.2333749161239289,-0.012716665527805295,1.0,0.22515021027631665,0.5571856364641803,0.5978528180122396,0.21863546747744314,0.27436289984181333,0.2518387309620897,0.563950391474209,0.5858630620983856,0.4280308701219262,0.23004711280838702,0.22474695685779547,0.2532314532927084,0.419253029577045,0.607733962949053,-0.167209870666629,0.5196981834992842,0.4184488958114391,0.5849474866594526,0.41913747490188036,0.5572175267218946,0.2665233894961234,0.2652265555779209,0.34867708411424186,0.20846604508320546,0.5867199992595387,0.38555320002534355,-0.15056817172935857,0.643669143208542,0.4940879811977168,0.6580107448044984,0.49551898097555247,0.5542759417324769,0.3764196949099823,0.23812727867267916,0.5090720184919731,0.4761623465014738,0.053148742464149426,0.2014852729642675,0.24758513338627433,0.6283683375608465,0.624202285245488,0.4274285537955233,0.04802477967419444,0.12121973191334008,0.5298300177376719,-0.32507575147389967,-0.26603393119287355,0.17573153349920764,0.6682060239646843,0.6065655306181122
Cuneus_L,0.35117590548266897,0.44905065335752153,0.48147852699035304,0.12672760492165075,-0.34884268296676757,0.19295174134800183,0.4365555568019029,-0.1782885226120158,0.3042731045998178,0.22515021027631665,1.0,0.4614383394636012,0.4854567339402424,0.12966512820842188,0.2667201092148152,-0.2642376225360522,0.3136589475590479,0.3503566206112102,0.1596743418867334,0.37752383324105593,-0.2608105268384596,0.2677211526695761,-0.04585736768280432,0.4580357806557752,-0.019454696465486,0.18659735054772467,0.5488185190814666,0.5260705553210792,0.767708799234426,0.5584464391222542,-0.3194846141997261,0.235945385118169,0.39809441386829897,-0.29222883655689214,0.32478866683952773,0.2993178589129344,-0.02698161515931779,0.20971949759241004,0.3218993171455179,0.4569963420164604,0.6002500294754937,0.2806921173433356,0.6578792094608625,0.3951247637839909,0.6649449267132846,-0.11840222342599212,0.308074315750224,0.5149906703236024,0.7369667738718533,0.08702098724015105,0.24419347583455137,0.0889710248345754,0.36027636835223503,0.22875098819958956,0.422318879828154,0.07134338597280097,-0.18808375831181348,0.2799193657570343,0.2639146654821399,0.5018749389493514
Thal_VA_R,0.573255440247297,0.8395365164579932,0.44751528101232524,0.12152450617640263,0.1468962641803296,0.32180651676870414,0.11065849408926795,0.03550371771905644,0.35141962233513396,0.5571856364641803,0.4614383394636012,1.0,0.7258937859367106,0.1816996298454322,0.42618918404718187,0.06711458140051747,0.7126665661301896,0.7831517032498688,0.8111059627060613,0.40538278886409,0.017146896309333786,0.44554590007042083,0.2655937410920655,0.7332637696704215,0.15094222624649545,0.4315761156566208,0.6178133889546275,0.7672518653245021,0.5278432016546247,0.5262186729414271,0.16197518101059746,0.10934316656301085,0.5915670258160902,0.01730907872356575,0.8268509923492069,0.4211511702567962,0.12132946673317337,0.6298022834702067,0.5867393512031072,0.7803622723139716,0.36433237820136993,0.596522394746063,0.589810241382739,0.2993574856580396,0.5650335880548059,0.20310507624468147,0.1589346154254996,0.24730706752515116,0.3643529172476509,0.6018441479881964,0.7264984541184297,0.7851290450935787,0.3881068073382429,-0.0646108282128824,0.7235229541017072,-0.1573071833029642,0.04201917572317443,0.49390841629864507,0.6663060629066258,0.5028505226004732
Putamen_R,0.6235732556152521,0.6368687862430007,0.2737071837543577,0.1671311164115053,0.05398213809243685,0.42682553442901555,0.16607519277144928,0.06508501910434132,0.24850280396144359,0.5978528180122396,0.4854567339402424,0.7258937859367106,1.0,0.27609944783039825,0.4206738881759969,0.1696582009240502,0.5373727197658479,0.5892394331064402,0.5727705599683236,0.28675925028271737,0.03779711665892229,0.44972921895483603,0.3651872260950751,0.7538358308965016,0.13854250561191186,0.45748289308543094,0.5974689797048436,0.7411360729571392,0.6808675523511237,0.6012211004031008,0.08459519296278738,-0.01915416437495082,0.6371127261983602,0.035200000549102675,0.5533294141026793,0.5846601901708038,0.05457469810386043,0.5888836893592703,0.52686438235793,0.5834560112752398,0.39322716034241245,0.6698121282867823,0.7000040522642824,0.35781670498465745,0.6991824307414579,0.11187522093934858,0.2731279517217407,0.15393102740081333,0.2877509798282377,0.4587627247819971,0.6151641494059951,0.5922867887084651,0.1730853451656362,0.034245803601483854,0.6459552550669072,-0.24408916169659142,-0.08659916152682245,0.49604972646311224,0.757717616013055,0.44881656477781856
Rectus_L,0.0023758066331550035,0.05494048989909638,-0.10877022171386672,-0.20598039220577985,-0.2952685328137432,0.6211771734016311,0.1388151384458859,-0.4210860849935158,-0.38199816839609885,0.21863546747744314,0.12966512820842188,0.1816996298454322,0.27609944783039825,1.0,-0.19248829874926543,-0.2882925884186308,0.1621866073392688,0.18653872889780215,0.18240802813803522,-0.15704514608700684,-0.3985924200328583,0.14807470195757902,-0.21467395824373878,0.007013144675124025,-0.08060075316153849,0.33194012472425244,0.010483700319972242,0.09903937265101118,-0.020248874209065137,0.28457487022454286,-0.13960813092089536,-0.11532442471939978,-0.0656773457317057,-0.4218359581399735,0.10133245687490954,0.30073600869687545,-0.2956258062240539,0.3547635034458978,-0.04632454166506143,0.061469503161496915,0.1178246560160925,-0.005277075481044734,0.4113895007723378,-0.053431128594025,-0.05776585659535552,-0.00851810518093123,-0.03365764194820946,0.23625670055567588,0.13291509199094176,0.09506199023659986,0.252444280355537,0.14518037050429103,-0.2597721271616728,0.21277636596042207,0.2097714733177224,-0.28648675663906414,-0.4439381924563033,0.5387135680432291,0.35557904423058506,0.21252139445965001
Cerebellum_9_R,0.6896538289212906,0.5584843258803434,0.4330901113840702,0.7549414615486825,0.43469450981711316,-0.1717983775923307,-0.18009544583739856,0.5826016014147398,0.44727510113094987,0.27436289984181333,0.2667201092148152,0.42618918404718187,0.4206738881759969,-0.19248829874926543,1.0,0.5982916257268055,0.5309283426877406,0.5354639043097906,0.4912594238339017,0.36530729044354265,0.5615779600967721,0.5492652794306343,0.6546478012883915,0.6404988565145906,0.18547545755741843,0.026555609257424093,0.70698308976128,0.6222741488586844,0.5374698140578213,0.36189793095845935,0.38681259746563484,0.18584084125976577,0.7667430222803308,0.5620766512540802,0.4237831927698694,0.5133221908091652,0.6894436435826967,0.3193398571828047,0.745462720899485,0.5508333033657142,0.33437662766792564,0.7268758988326701,0.2543045542554779,0.7148019211544425,0.6512057894250471,0.34173401648141816,0.6859262888425381,-0.18989463007186927,0.1721404261594405,0.2008887686025555,0.49782361241783885,0.43054441404891763,0.5046545137131896,-0.21002421663090248,0.5502941723880826,0.30562877474343225,0.4884659446802984,0.03265176090440324,0.36141397921201907,0.12861835806851069
Frontal_Mid_2_L,0.5314548112111864,0.23537815825369784,0.08917388131050638,0.5361769460109737,0.6567704544229053,-0.2463182661069511,-0.3641993134088988,0.9044492582269253,0.2316161901296898,0.2518387309620897,-0.2642376225360522,0.06711458140051747,0.1696582009240502,-0.2882925884186308,0.5982916257268055,1.0,0.23950860590031547,0.2706555643950669,0.27502286465441844,0.029612873647136596,0.9422555005572664,0.28226953398451426,0.9064625004517238,0.3980016715971791,0.01662732674271423,-0.20002501608801546,0.2921283565418711,0.24484012879648617,0.1861115137878592,0.07918282890466792,0.5724860159189822,0.10262566128249828,0.4564493160179877,0.8888759492538972,0.15372493514529104,0.2216937863908286,0.4755656255352661,0.28858104158688724,0.4806429539371021,0.2493581128343119,0.14769369042550995,0.5826463520388065,-0.2138836157797782,0.3700671891961555,0.40353415615703814,0.49714644924977325,0.3580686186572379,-0.5421236335842404,-0.31578645004232814,0.28667625938065405,0.29664396613742217,0.30802322623953454,0.10488767663178067,-0.31254706702601603,0.2282638249310947,0.2024486022585508,0.3859032337797119,-0.26898582339200067,0.24954897113782434,-0.04336092303827023
Thal_IL_R,0.6911545398946419,0.8063795087428071,0.6286973820419878,0.15949602689185802,0.33437995526802144,0.20542606213585385,-0.061419020983624784,0.2642558967021863,0.17777274078176825,0.563950391474209,0.3136589475590479,0.7126665661301896,0.5373727197658479,0.1621866073392688,0.5309283426877406,0.23950860590031547,1.0,0.8654360954623549,0.704379222910469,0.40660477440325316,0.25288834797601084,0.4085052715455804,0.36073090124816837,0.6959490943807449,0.34640862569558545,0.40096107374459095,0.6742440823204205,0.7661038371623267,0.4039489834324399,0.5202009817794961,0.3561145901028267,0.4757604407099339,0.5231096252644999,0.2372469485500286,0.8146263099074238,0.3323475145547818,0.19289104062206774,0.6181867452049886,0.7496753248102771,0.8360761161487837,0.456442326300812,0.6381479451440683,0.48965317126271596,0.3230057011992205,0.4964017727363341,0.43220435067966423,0.12421320537570446,0.07098100790626384,0.25672605741957455,0.49209092432098783,0.9080677038229725,0.694539273267378,0.4676001175906542,-0.013792877791377008,0.7859550674347718,-0.031627388517546914,0.09845231565771881,0.2511084969538277,0.6473544657365244,0.4014493289795535
Thal_VL_R,0.7728623289304835,0.8982571380946758,0.7170867323039862,0.20156339932860526,0.3154401469859393,0.2620231560233964,0.08006825647218511,0.24995829255436847,0.2763635106418442,0.5858630620983856,0.3503566206112102,0.7831517032498688,0.5892394331064402,0.18653872889780215,0.5354639043097906,0.2706555643950669,0.8654360954623549,1.0,0.8201596728339613,0.5436086771421146,0.25515749737869386,0.5014201174132241,0.46364242969308916,0.7259486316167252,0.10321933280753595,0.3697979533079883,0.6738078272803435,0.8215006001670273,0.43055002341481474,0.5756964764502569,0.3411367963647107,0.3065845025915524,0.5734011291063784,0.2076919956444356,0.8158898929598386,0.43769913659558757,0.15562571700962727,0.7129631288740343,0.7665200637514938,0.8629625358554587,0.5819363585881212,0.6770688500177366,0.6164693027758268,0.3649090080127363,0.5897488584957106,0.404353889730006,0.19564097060383637,0.2371516407350648,0.34139625106862487,0.4408436982120967,0.808195987461125,0.6982441159918993,0.5583470287810497,-0.030007265747087775,0.9350135689788989,0.0065007250419008055,0.04883809897390358,0.336750916665271,0.6939175500647252,0.5771505419951114
Thal_IL_L,0.5961076547293859,0.7880459024422483,0.41822149720167767,0.20448316078117942,0.38089942252639647,0.15874097356988176,-0.05807833574678307,0.18614906261340367,0.3632058065028076,0.4280308701219262,0.1596743418867334,0.8111059627060613,0.5727705599683236,0.18240802813803522,0.4912594238339017,0.27502286465441844,0.704379222910469,0.8201596728339613,1.0,0.42531746084046523,0.1960253249911507,0.4302183239677665,0.4005384181216926,0.6541777350616611,0.21355816084462814,0.283939559268973,0.5028824824987099,0.6842635089764986,0.3164281222721478,0.306030209503342,0.4135339847906407,-0.062017481297931734,0.5499601050150873,0.22323587112277116,0.7229587250825019,0.3842440620278773,0.2688186624160135,0.6511700484979105,0.6112937549864162,0.6812509093823504,0.1914676850340569,0.5949547668753833,0.4668961421918516,0.24733245417816282,0.3846304810936166,0.254469170692195,0.14147608875786993,0.03596726525892784,0.0764737483722267,0.4648827967452524,0.6947341261434193,0.8449202997471228,0.4509767922292126,-0.18034224841180171,0.7809291624758272,-0.0243010977238222,0.2603912047251037,0.39812002262413354,0.6248852015539795,0.3180066673575325
Thal_MDl_R,0.5297682593136914,0.7079086206073071,0.736249427279739,0.034577434972065765,0.20178673052100343,-0.20648483138185877,0.20203478572792327,0.08814653278721003,0.6991099984637099,0.23004711280838702,0.37752383324105593,0.40538278886409,0.28675925028271737,-0.15704514608700684,0.36530729044354265,0.029612873647136596,0.40660477440325316,0.5436086771421146,0.42531746084046523,1.0,0.05494855107569088,0.28292151986746344,0.24876519923158683,0.4910597460966278,-0.06935962472116343,-0.10233354499182813,0.44692789688680445,0.5978670246388722,0.4035024189605027,0.36956853004897905,0.17808328316682406,0.08700200505547226,0.37912136080721776,0.08294013889626287,0.36903089030321684,0.2569522892125333,0.0014107399782503284,0.17652327539422105,0.46282491949008553,0.6074004443066391,0.4055494502284506,0.3119300500263047,0.4837864096751892,0.149768506506029,0.4063678177408771,0.0619982578767659,0.038201872049949494,0.43609617830909075,0.4379204756336321,0.1953245335204558,0.15210786555321104,0.26583355150565013,0.8090791201254963,-0.0852039471827043,0.6497311090059215,0.19038325383181215,0.10926358484024627,0.03755189388282507,0.1661238024627189,0.46610713193415226
Frontal_Sup_2_L,0.4920051561266353,0.22605391775057523,0.19073961779440382,0.4625041722730798,0.698351715700623,-0.365131870774127,-0.39368577595303555,0.973509260239488,0.21197339901129308,0.22474695685779547,-0.2608105268384596,0.017146896309333786,0.03779711665892229,-0.3985924200328583,0.5615779600967721,0.9422555005572664,0.25288834797601084,0.25515749737869386,0.1960253249911507,0.05494855107569088,1.0,0.24787334315101112,0.8646423588669485,0.36814271231890516,0.023383827899327823,-0.26706696002569497,0.28739269977131054,0.22536853896373285,0.1424560232187878,0.053775897324719796,0.583415517314892,0.2589833497901498,0.38377407795493057,0.9420375316842287,0.15654491786933428,0.13032561295931938,0.4681197744874855,0.18522702270957733,0.490350540088254,0.2781857577464836,0.17940236848209257,0.5278771089022518,-0.3338868488345983,0.2892827200090283,0.3634393488828686,0.5662938593032841,0.24758640841647442,-0.5127912153681757,-0.32874580102656736,0.2569849745663178,0.27121286977211434,0.22730701710032836,0.17281948407893524,-0.32676682889758996,0.16930468228402706,0.23994249867293518,0.45367159969292853,-0.44260572472619314,0.12857157444894535,-0.05549979029667197
OFCpost_L,0.5673507801951952,0.5302638642720371,0.3386500354095645,0.2915171368815259,0.1793512576124495,0.03113681794284722,-0.0534979737355889,0.25633893904507493,0.27842621898591935,0.2532314532927084,0.2677211526695761,0.44554590007042083,0.44972921895483603,0.14807470195757902,0.5492652794306343,0.28226953398451426,0.4085052715455804,0.5014201174132241,0.4302183239677665,0.28292151986746344,0.24787334315101112,1.0,0.40595275628063066,0.6393240203248323,0.20033594607871924,0.17378228441938204,0.5623415977773993,0.5323057041165553,0.4260241620161347,0.3704840023321825,0.1915682958997131,0.23340780498128777,0.48768759960991476,0.2021364644608694,0.39213617763042596,0.8226519436285231,0.2881537230037647,0.5098669860045818,0.5737844810352624,0.5487276363600754,0.29255448241966286,0.5503348267311253,0.3913943123194212,0.3141726623488184,0.440884117099956,0.369210535475712,0.2573726440292233,0.01625170012015298,0.13661880723286915,0.304370833812157,0.4708076763955743,0.34562759668695425,0.37622038874262004,-0.1684819396184696,0.48912184163140354,0.10732378476545448,0.23267335277861104,0.17499830936864708,0.34539177415230804,0.15783206920668175
Frontal_Inf_Tri_L,0.7167433168342916,0.4479489113388931,0.294584807778275,0.48844813829501005,0.5926581761690194,-0.11103488149271414,-0.25028889321841863,0.853248898602282,0.39439636631979624,0.419253029577045,-0.04585736768280432,0.2655937410920655,0.3651872260950751,-0.21467395824373878,0.6546478012883915,0.9064625004517238,0.36073090124816837,0.46364242969308916,0.4005384181216926,0.24876519923158683,0.8646423588669485,0.40595275628063066,1.0,0.6045883758975135,-0.09691730557914383,-0.11928481114142198,0.44729103012205423,0.46526072092999493,0.4094599334809634,0.26922251055804464,0.5005471415613353,0.0912519260760752,0.5950929246097988,0.8153817608884762,0.3168209279899014,0.3768222285353519,0.38943424212958627,0.4387808124163064,0.5967542501495493,0.4491509795655544,0.35903208887982674,0.7239091014203821,0.036409204431015064,0.42142325897903543,0.6152763756322788,0.5047564412093782,0.36557083394889717,-0.35174511679940507,-0.14804458329712986,0.3963833414885202,0.3680620180359078,0.4247176002607885,0.23205022842049258,-0.30539776324518086,0.43256245635210516,0.10585802852295165,0.3106055628193904,-0.15924695201418257,0.4286184065379402,0.21870664574108875
Hippocampus_L,0.8054371642289728,0.8267225194633554,0.5041873240061809,0.26398530112386487,0.3388158500695077,0.08658544063660592,0.006056296436483698,0.4037280672058424,0.49029041946546925,0.607733962949053,0.4580357806557752,0.7332637696704215,0.7538358308965016,0.007013144675124025,0.6404988565145906,0.3980016715971791,0.6959490943807449,0.7259486316167252,0.6541777350616611,0.4910597460966278,0.36814271231890516,0.6393240203248323,0.6045883758975135,1.0,0.16940520548801444,0.2029422122753239,0.7582273722363351,0.8608525288827087,0.7253506565577107,0.6248510032508614,0.2912271669541286,0.27110300210488264,0.7489798795582123,0.3569647501978739,0.6741678546076548,0.5757228026297717,0.2505320861468847,0.6069133559748913,0.7836417411482762,0.8327402784023068,0.4714027714006744,0.8219022156912832,0.5333965337045843,0.4256504670055691,0.7378844448491154,0.40251822550877203,0.2653741445033475,0.048184215672696415,0.24014815443701767,0.6004374268820307,0.6857589931947486,0.5972157714429945,0.48892952886871227,-0.13608478283092312,0.7202225824733706,-0.02312174734972367,0.20769620395814822,0.1956338542822113,0.6429261928999489,0.4474764176946791
VTA_R,0.0830917328503889,0.12163150278595129,0.01855720505366868,0.14841994771725003,0.17710699904006674,-0.19751942894010513,-0.18496582912285112,0.047384948415273284,-0.003963748108846416,-0.167209870666629,-0.019454696465486,0.15094222624649545,0.13854250561191186,-0.08060075316153849,0.18547545755741843,0.01662732674271423,0.34640862569558545,0.10321933280753595,0.21355816084462814,-0.06935962472116343,0.023383827899327823,0.20033594607871924,-0.09691730557914383,0.16940520548801444,1.0,-0.004853662828030299,0.24464268099639166,0.15102026974575591,0.008288212317223284,-0.09684267132125894,0.1985801672205768,0.19741228924217893,0.16348681404313348,0.08332233056234464,0.19302623362490814,-0.005358699428490684,0.39988051671142183,0.06926234216360204,0.22635612256505722,0.10108135815448807,-0.2533798036665844,0.1313312427764492,0.030878878837214366,0.06374514800150906,-0.08553821113255199,-0.005107947136901382,0.0021321012652835533,-0.31970604759153576,-0.21531427707747697,-0.026105979740064067,0.3494338215078907,0.23549657508698638,0.19286698610124212,-0.09121847535814183,0.06592036123409654,0.13928388396423552,0.4366219082747072,0.09642133427929975,-0.007654924290461105,-0.4997880864530175
OFCmed_R,0.16121361381142463,0.2599891702374264,0.032349097334334116,-0.17406063036861144,-0.13696009712166346,0.7169420781582013,0.16704066458909803,-0.27316249244914,-0.37755462261162187,0.5196981834992842,0.18659735054772467,0.4315761156566208,0.45748289308543094,0.33194012472425244,0.026555609257424093,-0.20002501608801546,0.40096107374459095,0.3697979533079883,0.283939559268973,-0.10233354499182813,-0.26706696002569497,0.17378228441938204,-0.11928481114142198,0.2029422122753239,-0.004853662828030299,1.0,0.14888675626659156,0.28753512970603423,0.16147703834594607,0.27969760135789307,-0.08723447646126095,0.1283901141445933,0.0639122517019278,-0.28007800712562547,0.5064109584224492,0.3649934163797945,-0.2894373236528262,0.5351650139299235,0.14870850627291649,0.33517338407425923,0.2355315881430746,0.2066197106712742,0.4176056525786893,0.11648903514750822,0.192573218688165,0.2291619222482884,0.015284579615769072,0.23884676219071918,0.2972451902737032,0.38128999587806983,0.5511590089232011,0.38042293458944787,-0.2375887605210972,0.2081396907306202,0.3176335404668687,-0.48967577161571996,-0.394916627052137,0.49238958372171787,0.5644802236498309,0.36716198124882893
Temporal_Mid_R,0.750629677190921,0.7234286575211398,0.6515509261198225,0.46479006832119846,0.18025628713991615,0.004357259350405211,0.1473674306187704,0.36864420522759583,0.4110515048495659,0.4184488958114391,0.5488185190814666,0.6178133889546275,0.5974689797048436,0.010483700319972242,0.70698308976128,0.2921283565418711,0.6742440823204205,0.6738078272803435,0.5028824824987099,0.44692789688680445,0.28739269977131054,0.5623415977773993,0.44729103012205423,0.7582273722363351,0.24464268099639166,0.14888675626659156,1.0,0.8119417886402531,0.6279540936977098,0.632555387724415,0.17618947673701402,0.4484202588463716,0.8222909318541224,0.2694266474266587,0.6051312219109941,0.4648563646305458,0.4117121535120161,0.4859141837454783,0.868835486962159,0.765024989486146,0.6132221683555569,0.7925362192135509,0.5431038911895436,0.49578969842630105,0.7345077968756307,0.32365829464839213,0.4024678821143423,0.11513721760494226,0.45941993387515845,0.26367207439115087,0.6427067205379415,0.3823424433943183,0.5961676595058483,-0.056891922929028,0.6796684266158297,0.3204220866027733,0.23569640888365007,0.21518600853411118,0.47219995159935957,0.3879639282694145
Cerebellum_4_5_L,0.8263658427795858,0.8641361089362767,0.6675467125686781,0.22484499958925733,0.2976714800388141,0.17397929017352834,0.09712802562436265,0.2845099304329634,0.4599392835741934,0.5849474866594526,0.5260705553210792,0.7672518653245021,0.7411360729571392,0.09903937265101118,0.6222741488586844,0.24484012879648617,0.7661038371623267,0.8215006001670273,0.6842635089764986,0.5978670246388722,0.22536853896373285,0.5323057041165553,0.46526072092999493,0.8608525288827087,0.15102026974575591,0.28753512970603423,0.8119417886402531,1.0,0.6919596694919714,0.7726890903255653,0.2955767293105627,0.23782114364441256,0.7798335499493716,0.24056214984491023,0.7413920243582439,0.5381555234364267,0.19939800315986023,0.5955733156328905,0.8095847520872965,0.8521250147063769,0.5877573818926467,0.759140431557957,0.6600706944907561,0.4497284930342239,0.7365903042819131,0.319200619699147,0.30102882898549477,0.2076064153593276,0.37633129146775374,0.45630239340062817,0.6990105107046022,0.6044348519475341,0.5457028003385355,-0.05934667196295622,0.8465484293639239,-0.029913020715199946,0.10018323152271985,0.33153226003238767,0.6619595133761681,0.6027718367447326
Cingulate_Post_R,0.6491560044205116,0.5647168026901176,0.4047933163897109,0.2623760495179413,0.0021070595535889456,0.1368633887185588,0.15920866446877224,0.2210545372855598,0.42058630407893005,0.41913747490188036,0.767708799234426,0.5278432016546247,0.6808675523511237,-0.020248874209065137,0.5374698140578213,0.1861115137878592,0.4039489834324399,0.43055002341481474,0.3164281222721478,0.4035024189605027,0.1424560232187878,0.4260241620161347,0.4094599334809634,0.7253506565577107,0.008288212317223284,0.16147703834594607,0.6279540936977098,0.6919596694919714,1.0,0.6022107388312834,-0.026433816892269195,0.15289705636240125,0.6227670140180007,0.12772031494686922,0.3786986834172462,0.5100156620867982,0.1032447181408945,0.36697380942740687,0.5082674178985153,0.5684441890160539,0.5221559284804196,0.6008992492259058,0.575932160509946,0.5381449847503376,0.8472865681822701,0.10267274191806719,0.416856209251664,0.17593405520434094,0.4539701000215278,0.3542095308334136,0.384271609467507,0.3216471624572762,0.33717801141632125,0.060471824261170794,0.4925126686644345,-0.08178252448200343,-0.00022532694003887902,0.14665562513486077,0.45126561696342643,0.4606751325549513
Cerebellum_3_L,0.5912168843974197,0.5821044375753528,0.4956432325529756,0.11600974789964633,0.016859997082959915,0.32525509218132437,0.23115801770163438,0.09016878931668601,0.2185925496449929,0.5572175267218946,0.5584464391222542,0.5262186729414271,0.6012211004031008,0.28457487022454286,0.36189793095845935,0.07918282890466792,0.5202009817794961,0.5756964764502569,0.306030209503342,0.36956853004897905,0.053775897324719796,0.3704840023321825,0.26922251055804464,0.6248510032508614,-0.09684267132125894,0.27969760135789307,0.632555387724415,0.7726890903255653,0.6022107388312834,1.0,0.05116039884861748,0.26367812782345473,0.547967966523345,0.013199711608853764,0.5102271546851578,0.463976615637702,-0.05397936089444507,0.46255087479057155,0.5654296142515145,0.6272269338377394,0.6793261790672074,0.5249273871974114,0.651516263255981,0.39928146715261037,0.6655078165791692,0.2073460873240885,0.2919458926723584,0.3442556152700261,0.49399771056858355,0.3029048720623384,0.4851200749589898,0.24309306045844553,0.2890919200100505,0.11538611769761717,0.6246164150177823,-0.0721663137248512,-0.2589334938552619,0.3187444623500549,0.5630218770991081,0.6861805042025743
ACC_pre_R,0.4725491748532529,0.2815555654771864,0.2100527151152959,0.22050066418973613,0.9491281194290065,-0.21459686666961092,-0.4006584106577482,0.5694675992133442,0.1446055560587636,0.2665233894961234,-0.3194846141997261,0.16197518101059746,0.08459519296278738,-0.13960813092089536,0.38681259746563484,0.5724860159189822,0.3561145901028267,0.3411367963647107,0.4135339847906407,0.17808328316682406,0.583415517314892,0.1915682958997131,0.5005471415613353,0.2912271669541286,0.1985801672205768,-0.08723447646126095,0.17618947673701402,0.2955767293105627,-0.026433816892269195,0.05116039884861748,1.0,-0.004473229017438102,0.24142998694722462,0.7334538238797528,0.26018689911422616,0.16445732892125514,0.3176490336133707,0.30229323490965065,0.40256847363881937,0.3105469869584585,-0.05721872859521011,0.3096303094435933,-0.18686206210054673,0.09274086052551755,0.06228126947052162,0.46302606178902,0.03238613292255507,-0.26624217729908295,-0.3273464238319499,0.24130775344621383,0.3267143711792361,0.3270566749030723,0.22437144727986522,-0.28419374074349085,0.3201374174834891,0.09233874109425248,0.3804999882347206,-0.19974307827094023,0.1582198174920695,-0.008320275174890288
Thal_AV_R,0.2616575835538528,0.31345725659142654,0.4400590200778125,0.04697010143073719,0.041135967380194614,-0.10609712496147718,0.08703179281629923,0.2830599828934183,-0.13670349299167783,0.2652265555779209,0.235945385118169,0.10934316656301085,-0.01915416437495082,-0.11532442471939978,0.18584084125976577,0.10262566128249828,0.4757604407099339,0.3065845025915524,-0.062017481297931734,0.08700200505547226,0.2589833497901498,0.23340780498128777,0.0912519260760752,0.27110300210488264,0.19741228924217893,0.1283901141445933,0.4484202588463716,0.23782114364441256,0.15289705636240125,0.26367812782345473,-0.004473229017438102,1.0,0.06478408138400742,0.13457834364686724,0.3245548481954869,0.011835329767341649,0.04227523895257962,0.15984107512614626,0.45132586729260876,0.48641373497713014,0.4644598866102536,0.24799434371554385,0.02827896521312534,0.12319707652367397,0.23095886824272352,0.4712959298605897,-0.04904008897703905,0.09546009693809347,0.3267464424084902,0.20970638167865377,0.46692994300363955,-0.09899150526745427,0.29053857798293653,0.18058983786495406,0.16251558492049045,0.2103246149092566,-0.01229842635115627,-0.29644691200575113,0.013878348418914565,0.11212275396515654
Temporal_Inf_R,0.7019084250484472,0.6065187037409846,0.45349134987301737,0.6086224749987841,0.2696236285822281,0.05153931876155333,-0.026301957513623044,0.4462378453723568,0.5189476232153742,0.34867708411424186,0.39809441386829897,0.5915670258160902,0.6371127261983602,-0.0656773457317057,0.7667430222803308,0.4564493160179877,0.5231096252644999,0.5734011291063784,0.5499601050150873,0.37912136080721776,0.38377407795493057,0.48768759960991476,0.5950929246097988,0.7489798795582123,0.16348681404313348,0.0639122517019278,0.8222909318541224,0.7798335499493716,0.6227670140180007,0.547967966523345,0.24142998694722462,0.06478408138400742,1.0,0.4063577924190735,0.4964407244506245,0.4658850289306522,0.576317297144013,0.46437168684093816,0.7424590406310342,0.594415541398343,0.4113556670008767,0.8577430482491235,0.45480801224331535,0.5602213580756398,0.708524876162721,0.2364671621388041,0.5513145764589185,-0.12067053016317116,0.1680174212114849,0.2785993383917909,0.5047154587206847,0.5265341199707178,0.4300158662527443,-0.225163587212698,0.6110712627359396,0.19408081700920982,0.3405170819856163,0.31949882702430016,0.5487000957603567,0.34467602455519675
