,Thal_VL_L,Paracentral_Lobule_L,ACC_sup_L,Cuneus_L,SN_pc_L,Parietal_Inf_L,Amygdala_R,Olfactory_R,SN_pr_R,ParaHippocampal_L,Thal_LP_R,Cingulate_Post_L,Occipital_Mid_R,Parietal_Inf_R,Cingulate_Mid_R,Thal_VPL_L,Cerebellum_8_L,LC_R,Frontal_Sup_2_R,Occipital_Inf_L,Angular_L,Thal_AV_L,Vermis_1_2,Thal_MGN_L,Vermis_8,Thal_LP_L,Cerebellum_6_L,Thal_PuM_L,N_Acc_R,Insula_R,Cerebellum_Crus2_R,VTA_R,Thal_MGN_R,Precentral_L,Thal_PuA_L,Thal_Re_L,Caudate_L,Olfactory_L,Frontal_Sup_Medial_L,Parietal_Sup_L,Thal_VA_L,Thal_MDm_R,Thal_MDl_R,Temporal_Mid_L,Precentral_R,Parietal_Sup_R,Thal_Re_R,Postcentral_L,Occipital_Sup_R,Thal_MDl_L,Occipital_Mid_L,Rolandic_Oper_R,SN_pr_L,Insula_L,Frontal_Inf_Oper_L,Frontal_Med_Orb_L,Angular_R,Vermis_10,Cerebellum_7b_L,Thal_MDm_L,Heschl_L,Putamen_R,Occipital_Sup_L,Lingual_R,Hippocampus_R,Frontal_Inf_Orb_2_R,Thal_PuL_R,Fusiform_R,Vermis_4_5,Temporal_Mid_R,OFCpost_R,Frontal_Inf_Tri_R,Temporal_Pole_Mid_L,Frontal_Sup_Medial_R,Frontal_Sup_2_L,OFCmed_L,Thal_AV_R,Supp_Motor_Area_R,Temporal_Sup_L,Red_N_L,Cerebellum_9_R,Occipital_Inf_R,Vermis_7,Putamen_L,OFCant_L,Frontal_Mid_2_L,Cerebellum_4_5_R,Supp_Motor_Area_L,Cerebellum_10_L,Temporal_Pole_Sup_L,Cerebellum_3_R,ACC_sup_R,SupraMarginal_L,Cerebellum_Crus1_L,Cerebellum_9_L,Paracentral_Lobule_R,Raphe_M,OFClat_R,Raphe_D,Cingulate_Post_R,Frontal_Inf_Orb_2_L,Precuneus_L,Caudate_R,Cerebellum_8_R,Cerebellum_4_5_L,Frontal_Mid_2_R,Temporal_Inf_R,Temporal_Inf_L,Frontal_Inf_Oper_R,OFCant_R,Calcarine_L,Thal_LGN_L,LC_L,Thal_LGN_R,Thal_PuM_R,Cuneus_R,Frontal_Med_Orb_R,ACC_sub_R,Thal_VPL_R,ACC_sub_L,Cerebellum_6_R,Rectus_L,Rectus_R,Cerebellum_3_L,Lingual_L,Vermis_6,Thal_PuI_L,Thal_VL_R,Red_N_R,Cerebellum_7b_R,Postcentral_R,Temporal_Pole_Sup_R,Thal_VA_R,Thal_IL_L,Cerebellum_10_R,Frontal_Inf_Tri_L,OFClat_L,Hippocampus_L,Amygdala_L,Rolandic_Oper_L,OFCpost_L,Calcarine_R,Cerebellum_Crus1_R,Pallidum_R,Precuneus_R
Thal_VL_L,1.0,0.022228500322394887,0.17729827541463786,-0.10321394959727725,0.23583026340205343,0.0674285440798508,0.17337034778463503,0.36363728920774224,0.21500146701637254,0.39019945962393116,0.5091418691123283,0.421088322198808,-0.318008367991025,-0.42323900478316073,0.1902734934846731,0.7650831083738386,-0.06968584927730252,0.07313421079842078,-0.034294538099749215,-0.20602584022946532,-0.04690943096742225,0.3305515474558392,0.1169630467159662,0.10469580905056054,0.07743796092100902,0.5575747255413964,0.07514939875392884,0.6726456993801848,0.5784882976301504,0.42925395055308063,0.015771382041347242,0.3354098897765408,0.2826793987216388,0.07856623708856968,0.6027192872068606,0.2313871710607096,0.46086177020077357,0.26325154831955144,0.1325263957257392,-0.009602341808595162,0.61793356526897,0.5600578200481571,0.5324861569452786,0.18251249271690884,-0.3354365173589187,-0.04659655463519192,0.1592132572800925,0.1207020030434206,-0.39786279906487243,0.6609077568462142,-0.23667209975743522,0.4366801776355399,0.44713805477130103,0.6055083378299269,0.3050172086347648,0.10355115801850666,-0.23423899683066404,-0.07868220969149992,0.05372948094022471,0.8211464231971735,-0.0713226929367201,0.6137594881589191,-0.23096237872983788,0.08008905527228817,0.3723841278188196,0.22996541782449895,0.48236691722266695,0.12218225377549753,0.45226330858943786,0.0018729792327258465,0.38241137644824597,0.41791144101887134,0.198056254033956,0.05654663331784793,0.013750027692599738,0.14689120775589862,0.5147724036387988,-0.06831227773575475,0.3700519829294325,0.3436158677836046,0.017320040308076115,-0.05465318339306853,-0.11842920854862302,0.28977109389631006,0.25568747887444165,0.059319830856818044,0.34632504515949825,-0.016314835637719644,0.33446830884238454,0.2237199562888892,0.24487671554449192,0.09144404848415044,0.10325365231891158,-0.23067206428916204,-0.12778613433763192,0.12660832854619322,0.042570076603261266,0.14607457669763607,-0.4114002100404416,0.5502173129337905,0.23238665397000038,0.14634452289152325,0.4243393403930314,0.045833036779609315,0.5052803798249501,-0.2493775158922912,0.21804118340914216,0.1446786851114911,0.42914716516550155,0.4445522202787658,0.20780710022379217,0.37691478341353946,-0.04583642256652157,0.32624893729768706,0.6326750139397846,-0.14489433395986667,0.4798747032112053,0.36485329605786204,0.6853826511741316,0.341437837360288,0.026517859706844095,0.2986332842997232,0.3037686493492966,0.09571796878630576,-0.029557076584259042,0.27902767580587895,0.4341500451407405,0.6304595670629205,0.3711534394891452,0.011259489613037573,-0.2434630750359888,0.39492189486254486,0.36832971578102774,0.6247868329528035,0.4122274993375459,0.5238077455486779,-0.008784463342391708,0.42774100838915574,0.11745122146065641,0.36236259085144423,0.17635175159132324,0.08530710926208024,0.00253499841325102,0.008209770817252125,0.20666207174982112
Paracentral_Lobule_L,0.022228500322394887,1.0,-0.5710379726361783,0.34363832335295963,0.13790741231142623,0.6749596009332427,-0.4371743451350755,-0.10204085516906981,0.3302902902107369,-0.2269935073382977,-0.4462256674766784,0.3871303353457812,0.15671001045066352,0.3457535675402912,0.3534943886171306,0.12640485270541474,-0.09261723198733689,-0.3597713808070412,0.44489124501961813,-0.06086877536193578,0.49114507874786434,-0.3395351391405805,-0.438276801559609,0.10166933851696522,0.3467879447066439,-0.46997119097327,0.1413695568397799,-0.27071261404407115,-0.19748663958680845,0.16472383741962315,0.35419751110114217,0.09915635504621155,-0.09243095464490685,0.857789649127534,-0.4259900904568818,-0.3661153859076703,-0.5524630787889702,-0.3502010436803756,0.41969343213014104,0.5400824562230907,-0.14745116204184164,0.4288181802205485,0.40728937272289323,-0.19895908438302054,0.47723111580965516,0.659482655608725,-0.14863563249477527,0.725637669562099,0.23778809244839258,0.14263893689402365,0.14972055920954158,0.042933181246212156,0.1277102780334004,-0.031728855849709865,0.42638899711161526,0.38675805605547586,0.5282013594107573,-0.32988891358985595,0.4098803495007548,-0.0005933425106042833,0.553133000032011,-0.19197721043208307,0.22284273750161493,0.3136994190189355,-0.29221019982489144,0.6766717872456243,-0.26586575286550745,0.08259434913086088,0.36710037881537044,0.10540264163486573,0.4823258408695792,0.21354140937917368,-0.13434352488412055,0.5180694292023372,0.16513766010075306,0.12355844995979175,-0.31885283297022365,0.8078392996762946,-0.36699465399852926,-0.13413682364846077,0.3625782646166132,0.2740116083368901,0.37928343933567427,0.06436181994493118,0.1764904535429444,0.449441432959937,0.03891871864249628,0.8321249259948075,-0.2993924360335415,-0.281811523344136,0.023442091402487923,-0.6452238329935963,0.6933966998171014,-0.03475107542263381,-0.015500990113157427,0.8413693271866377,-0.2592568486303786,0.461430563213273,0.09611259659480323,0.07475650510848697,0.0802408306524475,0.7978038665896298,-0.46414367062611217,0.48811496737412424,0.25010672241530124,-0.2780461886950643,0.039962581630985636,-0.3660429326692639,0.07761350573903478,-0.1378644054655034,0.37895653857427053,0.2474254063172754,-0.40181099520146446,0.10940937737624215,-0.33456451718582353,0.3549569128542928,-0.07679519318101453,-0.6576826081324266,-0.08573044542496056,-0.6730730783197266,0.2788670390199406,-0.3857531786382673,0.24036026604396357,0.13163962053594885,0.11463631103726327,0.08540946493977351,-0.006332139313344547,-0.1033206559703755,-0.1319780572529364,0.44166503533779977,0.5174490444992371,-0.21343033156402916,0.10404184134493981,0.2061780604761727,0.16358689655399788,0.0911039587847966,-0.4692029772048873,0.01846356388924621,-0.319163208163428,0.1680207151574661,0.30708948636895134,0.3135808188462557,0.441188441774845,0.06220576663241869,0.7506487829357444
ACC_sup_L,0.17729827541463786,-0.5710379726361783,1.0,-0.21079744770411907,-0.08332936494503415,-0.09763205678439073,0.37356951786403897,0.07761635453591817,0.004292489311513165,0.11258011702710508,0.6340443762547877,-0.18779479748575606,-0.2905723443489225,-0.32128492020587723,-0.3732443597109199,0.08003142304482101,-0.08101023322307786,0.3291341722515629,-0.8247740007839938,-0.22374639372790173,-0.17921608438743936,0.5819226042683392,0.4449895623628897,-0.11504881863329157,-0.650149851725077,0.5250821287173008,-0.3545569683202433,0.32862607050516496,0.12434567031984144,0.0030132754741314057,-0.3440272741343059,-0.1445289670907211,0.0634170547369324,-0.5351995574599964,0.43456614979173747,0.32491141086014147,0.8615570493778417,0.36854776549451496,-0.7854821347139996,-0.08014973944637317,0.3221499128985667,-0.36772261857412974,-0.3712516230897509,0.34770255945102735,-0.6429098139127128,-0.556711264109389,-0.027016756032108683,-0.13505504191936832,-0.2434264518195608,-0.03564857169228858,-0.19253213163117228,-0.14376207901777868,-0.20625683384039717,0.2858652816871871,-0.5414779077797258,-0.7113705460422687,-0.47877339857832757,0.49170449262282756,-0.5910473263679564,0.09671806446673445,-0.2071540427498264,0.5533219237869457,-0.17450379339131653,-0.4437638877049338,0.4592141932844874,-0.7538458397458371,0.15722045593363765,-0.14318610650481997,-0.34177832297880734,-0.19388602262255994,-0.42017273201903516,-0.5247403005150635,-0.1038610935284719,-0.9194205835102349,-0.32213104249674,-0.24592958636876938,0.41018949344181976,-0.8219820553879823,0.6454308076091511,0.11908353299952756,-0.5057526874443634,-0.48171218834842,-0.570100513182029,0.10652760883681367,-0.30762477864499177,-0.3127195837260767,0.13432767207329635,-0.8032444637143926,0.33374042832352685,0.07593332457684715,0.011656736150676531,0.8080925798709094,-0.21726031213587502,-0.29599984207478464,0.1137336369711234,-0.5509454629852053,0.23657051614558608,-0.3453689187285792,-0.061512247754438844,-0.04758786973732353,-0.2000773970784813,-0.4148784102837495,0.412142634069694,-0.7257338199548868,-0.14140675709711423,0.17914610704820777,-0.14564688993676086,0.11230392850328218,-0.2898478110318653,-0.0025613195294282055,-0.307931026471452,-0.14284071608294838,0.4752550163583566,0.08126906280492466,0.324154462729637,-0.2544418607613735,-0.09038727994986785,0.644485239600166,0.08758809217219099,0.6289433626782656,-0.46593013939605643,0.5660779452023774,-0.25693227895123194,-0.2050871371450164,-0.08756310372106331,0.011652006310997678,0.025894811239468112,0.043187042924271134,0.0867463180421673,-0.38782142342960657,-0.6658664612697497,0.21535346978839182,-0.0414946366492742,-0.02702839910976197,0.1989053146581795,-0.20725288161263167,0.40889590722986024,0.14336120092203086,0.0871883947005175,0.2727310851314741,-0.4727275486684907,-0.2679652252154381,-0.5899975425036884,0.25428560775348463,-0.2572539722889044
Cuneus_L,-0.10321394959727725,0.34363832335295963,-0.21079744770411907,1.0,-0.03807028400624069,0.2991664990526457,0.12086363769746238,-0.22553286583677962,-0.18994072763316594,-0.27982648373769803,-0.07988043638377608,0.14174350339121503,0.7118676163890532,0.45735930170712785,0.3989885023056949,-0.2665105385009583,0.2775695714428586,-0.42794298127544184,0.03383494375271248,0.5016447534192626,0.5957850142976495,0.2700292648221895,-0.2497377124177405,-0.06194724058795438,0.3239016466801322,-0.5412512330553673,0.28507325091455116,-0.5208538389035113,-0.3015734104982426,-0.19359770726158185,0.1218131611313094,-0.0735879978437708,-0.24616247574447805,0.18337320449089986,-0.4129451981292172,-0.0523484681203725,-0.3082779912256593,-0.17860075608254186,-0.06298337779808492,0.5724929707225567,-0.4490174140828528,0.08861566083059562,0.08897564599277427,0.273720163642771,0.2810185410491417,0.5643079607318038,0.0039995184131915796,0.19889677316216495,0.8080968299093053,-0.2179414518968558,0.7152044357544135,0.19439829689744828,-0.184350246789717,-0.08628342189463145,-0.08103341301323284,0.19938802966721636,0.7133886865433188,-0.21241456853644425,0.14111560031978518,0.007285560330222827,0.2981125384537279,-0.18450091051823314,0.8515566468483762,0.43006395652975576,-0.11898805107126911,0.1533696120504824,-0.5017510176510768,0.31914278628121817,0.11946288348994748,0.5273672643950983,-0.0030172766721496373,0.04873930476297813,0.0963613640659848,0.09438893415169923,-0.2784666140686381,0.09413768525749293,0.1586027501400446,0.2955212381371395,-0.30000828668690016,-0.5051947355205976,0.1541451670139152,0.48974873401624014,0.3013570745696559,0.00684319026646459,0.1254591347999668,-0.261508059187583,0.17285213146771058,0.21468600103329644,-0.48308025553324796,0.093343796346183,0.0656433859937585,-0.1184084207517826,0.306307430532633,0.29690168455011534,0.08733197580289506,0.5104466514567271,0.06388837951479355,-0.10475525387210965,0.3790073292889355,0.005450767049794196,-0.2122231556053786,0.5971211722077845,-0.11595781799533901,0.25394103655772005,0.2550588798154032,-0.2900676945449267,0.3415558623704643,0.049092706957766886,-0.1866127632485213,0.10583257804356448,0.564292269831334,-0.2854108450531203,-0.2609283522331477,-0.19025621709165008,-0.34478836085954906,0.8963739014374666,0.06609127046017432,-0.1517203235541773,-0.26200116165835535,-0.15085494656675916,0.2819043850894901,-0.3474225779607744,-0.20524311453999966,0.4821237950528664,0.499894679588963,0.2617838111580931,-0.6398722450095778,0.04171210725163552,-0.37914139133287644,0.23474933432503345,0.5023750811520804,0.04961682301756993,0.09108530097766676,-0.11018931914991902,-0.43506960450538085,-0.11824364436923836,-0.2794619070807257,-0.0808126671687179,0.39211212973566956,0.054347028754176664,0.010161199115849092,0.6072600927693195,0.30761390608426864,0.1900605842017985,0.5567995622316648
SN_pc_L,0.23583026340205343,0.13790741231142623,-0.08332936494503415,-0.03807028400624069,1.0,0.19870571058316988,-0.03908846258957297,-0.18983056990187733,0.09543019835275635,-0.21399592262346262,0.1617467215434037,0.5766939474344766,-0.1799225324172672,-0.04245993883701899,0.4226136369412299,0.12560156472303047,-0.18149615279239878,0.14833827024100119,0.03486445606211175,-0.3384176787855898,0.02184468151246131,-0.2397027084130973,0.12441725877912198,-0.17840565873663392,-0.1946706137813561,0.007092544508940396,-0.11215544606831021,0.32053502120383665,0.27859374921326807,0.084974476787659,0.1421191720128001,0.3593436229235301,0.36623509160985745,0.21797810381926397,-0.0034134619628610917,0.01411200259083469,-0.018837834310337226,-0.41394252845811585,0.0701987782403114,0.0551302695812723,0.11362394871879233,0.18135763335096014,0.3522020887738323,-0.2873167619073551,0.10981106377980414,0.13870144273010973,0.37549824542735466,0.23589387208859242,-0.16076190818209352,0.11005551324655458,-0.3202013484968716,0.27406334072903216,0.2424147014870229,-0.04461868624313889,0.120805073461894,0.02578791345049478,0.07270149319052505,-0.08286365556893105,-0.004372706508079437,0.13138338182233794,-0.10725577662179633,-0.04162798273648016,-0.22877141575233287,-0.04191966797759509,0.011673893055695606,0.14262468325010816,0.33085869135452195,-0.05006765666555801,0.3567630424883113,-0.043847021904179106,0.09259113741904668,0.16023306656150532,0.4054094282276138,0.11947060237850492,0.12685626248240936,-0.17042584372317957,0.25167080043664053,0.10329089434040278,0.004026436783548475,0.5703488000012163,-0.01330605959206488,-0.08242673298788951,-0.2628238018427702,-0.2963737090850662,-0.00471441709690713,0.14892981069374664,0.19858211784376834,0.1504506264828392,0.2528039530339854,-0.2595300775329709,0.6513018582621655,0.06150043790664407,0.21279192835913638,-0.32458687889461213,-0.12533929888586293,0.10452288691501219,-0.6050240299699369,0.22534298265925023,-0.021241498129357064,0.3466703248316244,0.07686018125696882,0.11922028301364355,0.15262765567495795,0.03395630810677777,0.18162377027190574,-0.01000978206639346,0.0119084707011926,-0.22811607149700847,0.21261873256145852,0.031003725439529322,0.4022604493830936,0.1455190247036597,-0.08161089742578864,0.06670264718807042,0.2719519534542059,-0.14337891502484346,0.030333691581248923,0.05948710738466654,0.28486691303476297,0.009117376912424981,-0.016157224869778934,0.03126213944789121,0.20402100296362208,0.12520807943049778,-0.3336886141521676,0.09297590131872724,-0.015184886557621494,0.17485078036902482,0.3806100258339763,0.08665495396546159,0.0663009649511061,0.05304594058098332,-0.13427521079373117,0.3041834380003911,0.27688574335308097,0.053285520370883965,0.007203555442526527,-0.26440851408946525,-0.2458983204671939,-0.003993060895989251,0.017120643923787003,0.0792682859416789,0.04221600603339939,-0.3502572294623106,0.08552760798995064
Parietal_Inf_L,0.0674285440798508,0.6749596009332427,-0.09763205678439073,0.2991664990526457,0.19870571058316988,1.0,-0.14490004345756968,0.09548358409925431,0.27329295692026734,-0.1815770043678729,-0.09791994185828204,0.3607295630241524,0.06105515329733376,0.14647478090028304,0.03468552608368949,0.06534641024258896,-0.27085979176122826,-0.2764765059630731,-0.1451007651291775,-0.27660511150848993,0.7032625451678699,-0.07456744286177872,-0.3550773130120815,-0.07815303391288538,-0.1316309315614417,-0.198284190319172,-0.25259652781266745,-0.11777446930770993,0.045602234255467555,0.17814131623138763,0.1971130084452638,0.07957150684743071,-0.11111516799330588,0.6978440953001667,-0.2731425880027141,-0.23414461469993014,-0.09761278445245271,-0.11442649606261054,-0.010751286978006239,0.7934767372687029,0.012656778733130817,0.16645833783784728,0.210640923329027,-0.1722913259047025,-0.12341005621222363,0.5466049988693512,-0.08833064242169314,0.9203077074632388,0.17976813263822425,0.011957714978821424,0.13017657844952776,-0.01982081925574288,0.06973604395404581,0.06473086240397638,0.15748985451870667,0.1632987734191013,0.31069394160604835,-0.2554689117110569,0.0795396279080277,-0.0017728582058505514,0.4854394291789743,0.020387284371228737,0.2337601231898405,-0.015177111658566703,-0.02082615760973739,0.3548736696207915,-0.24893094797205592,-0.026447980940345495,0.11482497783034741,-0.007523864273937402,0.4366523791520328,-0.06580917969687211,-0.10219393327396276,0.020007960002187845,-0.13776458235070818,0.08375212043421149,-0.08433645628866013,0.24617820710046553,-0.0935701160690413,-0.025861909580818694,0.1078677757535748,0.10759554264599713,-0.01148435879546728,-0.06696815933336424,0.17535599286198783,0.1906820224271109,-0.04192756885893893,0.3732799476052521,-0.2640141127730778,-0.1700298059642938,0.015265136248201633,-0.27681090779088685,0.8974535871565532,-0.35392687082390345,0.02586606829615497,0.544199613439143,-0.2834506551792911,0.4342348300874532,0.03474850806311206,-0.11464673227429852,0.027959364984125802,0.6465617966073877,-0.1827792042435265,0.16923322195344526,0.0449726314518936,-0.4837350647499896,0.029528143428774283,-0.5890005140556646,-0.2290903677917788,0.09287027995542992,0.2552652679502892,0.1901682340661165,-0.32076283934085814,0.0027652891610096372,-0.19321169067918587,0.3013200121445771,0.11223100631179814,-0.2411639770365845,-0.08525818231584645,-0.2621534754125271,-0.05672846537402278,-0.12139141440273785,0.2602338528927296,-0.051670458236717585,-0.07799990255205974,-0.09544168739259039,-0.05125661028730999,-0.09408695680302323,-0.059354766842872664,0.29790661874604646,0.034119688958953814,0.11778704902647161,0.10765453185882538,0.12995886166815596,0.2571413467120818,0.02570229674598785,-0.32893388890906256,0.030802351411446254,-0.3026472880611129,0.24279465521500343,0.1946037283305977,0.07099211227260252,0.20564218450207106,0.04073740676974067,0.6906694288528359
Amygdala_R,0.17337034778463503,-0.4371743451350755,0.37356951786403897,0.12086363769746238,-0.03908846258957297,-0.14490004345756968,1.0,0.2624648709732685,-0.13666839903003444,0.23993269555993474,0.5745513238017582,-0.1014895993042843,0.05786384748618692,-0.35762654150893813,0.08334303947125875,-0.08180783356505426,0.15477744573900346,0.08604095832091871,-0.5037189369828549,-0.06379627796655553,-0.10801522122463156,0.500624789352258,0.39039181121346217,-0.014893579628094884,-0.060920920407507684,0.1736446590934888,0.07310683559754474,0.23597656604974682,0.2916483801904521,0.2680548217272737,0.04260464879944369,0.12327158788021994,0.21951999321185475,-0.44600971351896607,0.2852099996669229,0.09607081922208881,0.34917627696036196,0.3869701728457606,-0.454774039872485,-0.04196258087035087,0.030695531998734697,0.06536915565690733,-0.03404117094715964,0.12873388005382894,-0.5196440045160102,-0.2590969590353436,0.1808688795826851,-0.27498645079841494,0.060797654792533885,-0.039182400561277864,-0.027463401331900863,0.41995231124176075,0.19707785470280445,0.3429193742488556,-0.30501024674496874,-0.2564160367805394,-0.2129728097892272,0.13950761240353762,-0.28870508415072343,0.3062136046091435,-0.21326290039905627,0.25655062956234537,0.05426408629707124,0.01644514568894788,0.7062549220286806,-0.2887200320991203,0.36994158309170255,0.5006462447194592,0.0998757213151097,0.5665857390718048,-0.20424549061632857,0.06065266578368602,-0.03543503902057883,-0.3846392205942216,-0.40911633660929936,0.06547886066524229,0.5576337895127964,-0.4991303457094313,0.28087392135112865,0.02727208119155283,-0.1463754443427681,0.1361316667322394,-0.14249268515021984,0.33980712933956125,0.12373520348715884,-0.4380659472865621,0.38711655486433,-0.48613144930345575,0.14470848969865432,0.18757715914116904,0.16823423400880277,0.5954858244218904,-0.23794898013784338,-0.17638265071887027,0.18739220603199677,-0.29451120050083224,0.3994202558424197,0.03359938900875201,-0.2382587513663557,0.08674858793752419,-0.08114769369546009,-0.12026683189011363,0.7082971117638767,-0.18087148654185317,0.19838372219091943,-0.1895213777752801,0.6132009297131753,0.031117711315459578,0.03277475008515345,0.26532565776564726,0.05083135896569836,-0.17833743620394013,0.18731360308352918,0.10856690548932055,0.4671371284786904,0.05172281069024057,0.4041009767668256,0.6703896843257119,0.30148116706697653,0.5946074307837764,0.133818162820659,0.35606575530144846,-0.06691039332423128,-0.21820055136372268,0.15130241458766416,0.12227518872609897,-0.03671523008038339,0.5621876297813873,0.20463703852307819,-0.06381537782269815,-0.2988614430493129,0.7157767765716851,0.4224251807667068,-0.003859246961057078,-0.09201475771236779,-0.16872169490505068,0.09140353783877436,0.044974672670343656,0.54962896662353,-0.16427551279595637,0.015278446350803991,0.08176601359845247,0.020173778024926172,-0.1751180765030606,-0.09011570263703501
Olfactory_R,0.36363728920774224,-0.10204085516906981,0.07761635453591817,-0.22553286583677962,-0.18983056990187733,0.09548358409925431,0.2624648709732685,1.0,0.17433631093447502,0.7001021700349552,0.1272524534296477,0.06318129038076034,-0.12008340480817357,-0.20166883834031668,-0.03583505512713312,0.28740240151436486,-0.30824263637363125,0.11947651927091406,-0.12396524127423543,-0.3202827435572189,0.010207983395353157,0.14622700498961091,-0.0340356662861459,0.07681420313951091,-0.10784568928889479,0.31517649725214975,-0.26848623635729835,0.2722881390487173,0.7148639366179309,0.5153222619681639,-0.11679583852188427,0.1653412956045126,0.19947629508301007,-0.10166218459004979,0.3685275279462717,-0.020477779939601082,0.290019905361887,0.7636372302704868,0.00979526609258255,0.13577184651233992,0.347381947185864,0.24925607940314468,0.20718288599833146,-0.16991945644804243,-0.49695286358038837,0.02011448575497402,0.13896783884527092,0.01641455946598691,-0.16990339450062505,0.3236462311420268,-0.16811458831895676,0.2415865934216652,0.5271634256678362,0.4448860569596383,0.21467798599008836,0.2809068467877794,-0.16435364651517506,0.02167349951465207,-0.2048870257805559,0.3908103350920282,-0.05807450416383541,0.31893812975639624,-0.18493634237772927,-0.2535629251498935,0.43230091473274584,0.1370852452513237,0.41829210961032987,0.08059271966061751,0.1041021441802221,0.021041915434914633,0.5645420721907716,0.4033716488609307,-0.046796559190637584,-0.029511542788817006,-0.17851327192034122,0.40318788431712643,0.10670434670891994,-0.27032898869154365,0.13688971242538914,0.34019438413016606,-0.15075776223750387,-0.02717316948809822,-0.12103636620538295,0.32162657878442164,0.4168632582254691,-0.24048780854837912,-0.06273033304774064,-0.1975999013607422,0.16981166119965138,0.3943829753217419,-0.12277328336239941,0.10986611978866574,0.0301990149975967,-0.4157841476321025,-0.29125880219897626,-0.01012338027629624,0.1530331653176877,0.20385652254686673,-0.4455070785906565,0.1549733724842709,0.16949674338944817,0.12223440714339538,0.502807045645783,-0.03954770383949183,0.06284868532541943,-0.3589376415524768,0.17449674051697714,-0.19166592690512838,0.256435159189579,0.5389188821390879,-0.1784878488930942,0.2256168551390555,0.07089359804331954,0.2856253129626497,0.28601660436406917,-0.2197533142462192,0.6840397869642728,0.3445996303269019,0.3797088722459005,0.3265986310711716,-0.14765364357806107,0.37731690590689365,0.5527718432589711,-0.44659286780723784,-0.27179113253344017,-0.25609466389844715,0.4894606911031551,0.39056252436125777,0.401034614106501,-0.08979879327025417,-0.20391196232758244,0.6012233205383837,0.43868619131266917,0.24531869141889107,0.24337972140951927,0.43441373725246374,-0.16925821806827912,0.320184818502766,0.07163801772014894,0.02096976002495812,0.5377039881771712,-0.20770642356967953,-0.0924059464847176,-0.300296280472424,0.11385720570413785
SN_pr_R,0.21500146701637254,0.3302902902107369,0.004292489311513165,-0.18994072763316594,0.09543019835275635,0.27329295692026734,-0.13666839903003444,0.17433631093447502,1.0,0.2883172734036097,0.12537288594921567,0.005893233432234497,-0.2981651757657385,0.024598202601744727,0.049615750434673186,0.38391924738403965,-0.5537770619958499,-0.1859988133561939,0.13262575719040684,-0.4506916627012748,0.022831548940377814,-0.2955509261538823,-0.29842453662262197,0.03287487563376683,-0.14276722143921672,0.22384213248088178,-0.18832405503475277,0.40737290913386676,0.30704657732539636,0.6017395460528797,-0.14187077008370977,0.1938692894465739,0.3306690187222589,0.29177337690430827,0.35228089927333023,-0.07921268956075622,0.07068393623791269,0.31239208546251973,0.13566401008197299,0.14260818637712788,0.3538493063466417,0.3813852466770234,0.17743982399945235,-0.1830316431461075,0.05011841443522725,0.07526392093686772,-0.13519341958382222,0.3525264596887612,-0.31252965721826964,0.4212795375952639,-0.3793314547067667,-0.019615059385534223,0.5039972020827894,0.4101434759732924,0.07786190286120287,0.07547751721077924,-0.09629093440960478,0.16906873722037843,-0.26598620853401644,0.23591478330737928,0.2638759843242629,0.19745831840116393,-0.3762409975374452,-0.21154890828710482,0.3420738149571257,0.21296420662756232,0.24331839096013005,-0.09179261870398034,0.006827998071940777,-0.30666774744162406,0.45118016551249385,0.05349161233008316,-0.3025413485405552,0.05876636347140981,0.1791083372921717,0.24653619010633504,-0.21577270934574724,0.15509881607850617,0.18638006521863124,0.11920779850391955,-0.2430624039776559,-0.2706465551669089,-0.3384169297977287,0.19018170907687315,0.10354032870973413,0.2343617199563368,0.1772096615149711,0.16929998294108187,0.30482980367677837,0.09059102654439512,-0.15789513496814964,-0.16417128702614261,0.2017219079583867,-0.46250456977074705,-0.3866654724455671,0.19055553780782397,0.08216965912042443,0.3350679327827847,-0.5213457975508122,0.040834701102716295,0.43630423009136443,0.1272964046820589,-0.02048842325575682,-0.21620374077533203,0.14775123184401007,0.05207140894825916,-0.21863085173366475,-0.19246820573189474,0.15957949773603403,0.01819238959445285,-0.2925102300037134,0.4340801256194303,-0.10113699360925078,0.4386944721979265,0.3245394281520462,-0.054233669752090805,0.05088090222914307,-0.03862481976356589,0.3402129729309879,-0.043008073096005316,-0.2050002903289368,-0.1226755553290658,-0.02655769913348891,-0.28853198763716775,-0.19717796065029247,-0.04760913561967959,0.5746274840531929,0.11876171982538308,0.07562195142621496,-0.10243251186967772,0.01207610120189831,0.036061240309005295,0.20818410984640487,0.34744371662687035,0.4827265617963243,0.14076806104502268,0.05528477921557545,0.5803133495768155,-0.19790305903852176,0.12749704439741316,0.38218710374877835,-0.2760261693249941,-0.24897285864995403,0.08401540245611498,0.17478691588097559
ParaHippocampal_L,0.39019945962393116,-0.2269935073382977,0.11258011702710508,-0.27982648373769803,-0.21399592262346262,-0.1815770043678729,0.23993269555993474,0.7001021700349552,0.2883172734036097,1.0,0.2290101509469342,-0.008116284184530694,-0.021067015745150706,-0.06335057755532247,-0.08096155096141855,0.4033127064337,-0.19959581704120727,0.09523096259240017,-0.025545706888930656,-0.12354731887889771,-0.08852771042846334,0.09826711649732908,0.08085366095027756,0.25387372291644555,-0.08901774565277136,0.4659562052108565,-0.19056759465609222,0.4426571944377619,0.6488538944065062,0.4951087869134496,-0.3678641843756773,0.09204190025730666,0.26675145947932977,-0.28839057455665046,0.48959434346333125,0.14110938182069457,0.3757070664659177,0.6492322359572649,0.0669966135229002,-0.024899298162383163,0.43895978455477175,0.16262641306247078,0.07801561118377615,0.10714272184701838,-0.2855744218595913,-0.07942378385356635,0.11382162225072354,-0.17785154451643914,-0.15148885024570274,0.34618941963470307,-0.1133446305300597,0.12785186876713325,0.493109728736882,0.5731870206530262,0.06651728997900404,0.2462495913841723,-0.13554835355917574,0.1550941379841139,-0.18227403218663332,0.3853628676705654,-0.13721913512212225,0.3895728555583781,-0.2181595089643892,-0.20600287164691206,0.3746411517922257,0.008501513897272439,0.439920346578761,0.005809925159314225,0.06169438842603858,-0.09216648102533251,0.39282418714748596,0.2850294435719569,-0.17817897419709197,-0.04446282426956458,-0.05561028431979557,0.4627676112133045,0.07025020146137449,-0.2917426742063898,0.4004120580170345,0.3309886648692398,-0.31489661604495306,-0.10060827641410677,-0.24793806655799164,0.3973816693611672,0.3919999485395877,-0.3339874589068012,-0.04185293852424241,-0.2323234964477076,0.28785065440775504,0.5683266994781532,-0.18465847563443807,0.13779652142699977,-0.23500960433468968,-0.2735139577676752,-0.3757216084091892,-0.11283977482436641,0.3699307242232427,0.11578513260626352,-0.42299614868727137,0.18705239404660232,0.33936273387355864,-0.04026282532372159,0.4699846091181717,-0.20326160195494467,0.04956967829763581,-0.0989076894893106,-0.03330257115726426,0.22266891161686556,0.275651135675717,0.4367933848513541,-0.3078125192861418,0.3067002627952082,0.14214274159717136,0.3504021233489228,0.32881794805213194,-0.24464294829725222,0.5526746213348217,0.3937996923779136,0.351555059283619,0.42837584416237384,-0.23853880162878285,0.2655377520146981,0.21062566320428447,-0.3070809124450423,-0.19734953380379314,-0.15129777243468504,0.5311550881027011,0.32450163676612176,0.42611914090981834,-0.37044105692070023,-0.1198159606045404,0.42826230402949017,0.2742341623308274,0.23301935994610012,0.19162531861486767,0.43988074497672863,0.021611919650090183,0.5199239219706008,0.19761703119316454,-0.0468767129306287,0.4807412828453993,-0.18513178578215062,-0.31515381866469094,-0.08784156955787084,0.013488731342500782
Thal_LP_R,0.5091418691123283,-0.4462256674766784,0.6340443762547877,-0.07988043638377608,0.1617467215434037,-0.09791994185828204,0.5745513238017582,0.1272524534296477,0.12537288594921567,0.2290101509469342,1.0,-0.01360960626688892,-0.2973094076253997,-0.49263362599423327,-0.05024011486071744,0.3450383171939645,-0.046473989407459365,0.12238832100292427,-0.5017062744494852,-0.180014570549551,-0.1583797383723098,0.5034384013714729,0.3975479916806238,-0.043665765906555555,-0.289961487209811,0.648243096795975,-0.043176220162035726,0.682268672203489,0.4030946247515006,0.35647122291510513,-0.11513912037712223,0.1396636081328025,0.28704378207705017,-0.33548534641755984,0.5733542146623002,0.3053240781740756,0.6768261967564084,0.3484753995984584,-0.37739653865799744,-0.1464241564937924,0.45525960157663065,0.09120161483816124,-0.02040594432924811,0.2991217426855804,-0.5447507509889234,-0.39796743233688253,0.15385061958834859,-0.10428052717203536,-0.30791241352830895,0.19575621458797934,-0.25832515804757816,0.2827364304537487,0.20908912958016287,0.5342622696759178,-0.25421711731956337,-0.38069767286993583,-0.4109723146189094,0.17089505763627152,-0.36771602216347077,0.44599123520605666,-0.30328146691657254,0.6200262611796876,-0.2223032925852898,-0.12250908073884366,0.66938215798553,-0.3304814251429401,0.4748306839971829,0.1805910772666087,-0.00017365708149953617,0.06708388308097109,-0.15209568316053076,-0.07983243991729992,0.11985282258887153,-0.47462084797460113,-0.13661944676698817,-0.06582850584657872,0.6495399778292381,-0.555323880157972,0.5940053716271025,0.2157029457951948,-0.26466375598962105,-0.18759665963030708,-0.3994913764515283,0.2623159370699821,-0.02273720230793037,-0.1900569729844785,0.4002073655247749,-0.5183986802105177,0.36805581683254207,0.19426034534625475,0.14649104675513616,0.5604805393410199,-0.1535695025034011,-0.25186836879885044,0.018901602594067438,-0.37502776061927784,0.2644552983152737,-0.07802449164186802,-0.2982943583433071,0.1854685696432467,0.08495999165463829,-0.30822820241442145,0.5694922435145138,-0.3825184644845855,0.21785137821256062,0.011507416892825308,0.22470273595559426,0.18042367752974214,0.0697419632349211,0.23874905461420895,0.00831410990400062,-0.006101111032215316,0.20219181927674584,0.18950015629968192,0.7469528378171151,-0.12673903679176568,0.23564667250629268,0.6818673615430608,0.46940399208010897,0.6323098747046814,-0.12819113782428196,0.39144305742674856,-0.13501651036380466,-0.04699292896401957,0.03685654752494728,0.18951998659778468,0.17397120975665056,0.4657842689091393,0.20350015956543047,-0.20409472892712166,-0.5292847570639437,0.43446035448062265,0.13071170664015375,0.23320940000886806,0.23252920320388917,0.047220595040985164,0.33127069141126314,0.3659624149361493,0.33339615578501924,0.1646947108664261,-0.19521548785828277,-0.09388568954468217,-0.2501646586545126,0.09122094905396824,-0.1960538846285225
Cingulate_Post_L,0.421088322198808,0.3871303353457812,-0.18779479748575606,0.14174350339121503,0.5766939474344766,0.3607295630241524,-0.1014895993042843,0.06318129038076034,0.005893233432234497,-0.008116284184530694,-0.01360960626688892,1.0,0.07005918325193589,0.03421059038970533,0.49405430468447853,0.3199842292794255,-0.02378182538114744,0.040560459897328295,0.19403694333636518,-0.03171004300845183,0.2215994215852932,-0.04120386590772491,0.0012449028527161858,-0.013845380827606325,0.14309901108223208,-0.0346057827019363,0.10681543138214591,0.13507564812827277,0.24178589914075782,0.1519480703731512,0.17499661168042208,0.27060802731251427,0.11906502741704206,0.41064607353651883,-0.05196960543391535,0.058116023828867394,-0.05975500157594235,-0.30184642701929365,0.25067147592017075,0.25903134274111766,0.17944107211839502,0.35981301186899844,0.5474850058625242,0.02355107691354475,0.12937376104844384,0.30552928029663745,0.20668206339599746,0.39303208925797434,0.021109943021349168,0.29673634022359213,0.0693975272147656,0.3083927715205001,0.2371652897512719,0.11843516616274259,0.36349669841235177,0.3264503403982043,0.20605779864228768,-0.23558635283293894,0.2480669346951931,0.38128338162113923,0.13038536613601587,0.15479865488632738,0.07132190381425738,0.3403099225704687,-0.10332826553087812,0.31952899509177674,0.1342283092426861,0.09670253086595303,0.6530868378078564,0.13598815162649938,0.3242957307581371,0.34001574460371325,0.2632830410801602,0.282986013537524,0.16264253187286812,0.12639976259326638,0.21239853005774637,0.3386558311877544,-0.05035666460603542,0.3391691655087644,0.19787217395976742,0.21357579135554702,0.14612665291382568,-0.07518402767689604,0.14064587621582267,0.15259296850216456,0.24153555120844758,0.3886949288564194,0.048441718056007936,-0.034920709371894953,0.5435112908734857,-0.15337946458366322,0.40212397889265505,-0.07022397331793989,-0.04137786081953027,0.45185443698025113,-0.38349234553575007,0.1759715515305641,0.14642587371618712,0.6893621917697879,0.03157290680665758,0.5022956954182883,0.013340286076697174,0.2895855252119025,0.43001845331825134,-0.19157015489598753,0.11583840261940345,-0.08708964825284593,0.2909980976671921,0.22774481310126507,0.5842676174292323,0.10168402654073187,-0.1719517705139547,0.043797623638638504,0.05262867574621004,0.08396903544559421,0.17154259519741122,-0.1503096701012072,0.2635330229482704,-0.2242121711825966,0.1460294982800991,-0.011744584329179372,0.3466150140967024,0.35065157929493956,0.034284471734759306,0.1996950113820374,-0.04231288673486847,0.19024878859749927,0.28274704969650305,0.1796875164754715,0.19222466114172262,0.04527981348489183,0.03536830872672076,0.44367964171621915,0.1285038967010482,0.32423287819100294,-0.3355928048310775,-0.060926169270251254,-0.11919960347063903,0.20753247526542548,0.19101616249014977,0.48628229201045314,0.24933235614930496,-0.03723612248590776,0.5128636203172608
Occipital_Mid_R,-0.318008367991025,0.15671001045066352,-0.2905723443489225,0.7118676163890532,-0.1799225324172672,0.06105515329733376,0.05786384748618692,-0.12008340480817357,-0.2981651757657385,-0.021067015745150706,-0.2973094076253997,0.07005918325193589,1.0,0.7292241156828707,0.2442161027339504,-0.3605224897033568,0.2529285948384787,-0.2617647725878525,0.15522600555471489,0.6620784159366045,0.4978568291360014,0.158142565528892,-0.17053156795951555,0.006505553760967687,0.2193561448501163,-0.5573094546264996,0.11771032762440764,-0.6335871696996636,-0.2917258357092364,-0.2469324955853428,-0.18854625365601924,-0.21975444415603404,-0.2968587991321513,-0.034408633913454716,-0.4988765264836913,-0.019027751283753124,-0.3511681870422504,-0.14388620996826956,-0.006064673907945795,0.5127370272993587,-0.5316690867590342,-0.19004644661472067,-0.1075216193941731,0.3135322640589471,0.4291814560043042,0.5600844623342107,-0.06536271318621557,-0.016310710093971233,0.8860470586043397,-0.32996000892660177,0.8223965411287734,-0.0203485735626124,-0.22189169843236897,-0.22082889766104094,-0.14834908605675798,0.37448699276257996,0.7490135105442233,-0.06902972966824154,0.11828294439836633,-0.2748470058062332,0.1506164162107104,-0.26108685145060895,0.8101133889800098,0.32812106239119143,-0.3376274402532911,-0.030542019096656617,-0.485275143994887,0.1477980399590842,-0.053223298470676805,0.4406787991886055,-0.07926138537612912,0.05563765376645944,-0.11553241227739697,0.09749742211371938,-0.13461088820551867,0.3263758138422652,-0.13475182217721302,0.2121880933781905,-0.25397162163280435,-0.3708591984597168,-0.0296839912187561,0.6037454292730462,0.2760761800903278,0.00011738707984285202,0.2058936520855646,-0.4755732551788123,-0.16475748017945518,0.14571688463376584,-0.41067645308235906,0.28565729639630494,-0.0952380999720273,-0.1157440116254743,0.015162011647582999,0.3412130062282379,-0.09207293371113498,0.3692527204436691,0.10796461176538165,-0.2159067355138915,0.5537252651383154,-0.05338168652288923,-0.10903957778422438,0.4666592007384959,-0.12843927395767515,0.1390518993854479,-0.11597949700024072,-0.06751281326509732,0.03858342391072734,0.1597287985203482,-0.10483595775181453,0.12446343964389298,0.2605125831283894,-0.33769899949257526,-0.1396006975130143,-0.2181494343038341,-0.6138588505720016,0.6812776638606316,0.08894927394993658,-0.1634626791011793,-0.45881624300194607,-0.20264117627169168,0.13452381591409335,-0.3881442643720934,-0.2628816639235704,0.35768084535417133,0.351026204983774,0.04341942433577456,-0.6402807005245469,-0.19099800066943176,-0.24627039541648754,-0.054856924314544704,0.6428246292901126,-0.07182921448933566,-0.024530797917866234,-0.2690268512693503,-0.5751964092004104,0.007079364467470173,-0.33312969070467746,-0.19732131431719768,0.3344947333659446,-0.22408127544986328,0.1288597769542877,0.5038278984935859,0.12517796523988545,0.22990736516094917,0.41698678516086446
