,SN_pc_L,Thal_MDm_R,OFCpost_R,Temporal_Sup_R,OFClat_L,Heschl_R,Cuneus_L,Occipital_Inf_R,Temporal_Inf_R,Red_N_R,Vermis_8,Thal_AV_L,Thal_LGN_L,Paracentral_Lobule_R,Vermis_9,Amygdala_R,Temporal_Sup_L,N_Acc_L,Thal_Re_L,Precentral_L,Raphe_D,Frontal_Inf_Orb_2_R,Insula_L,Postcentral_L,Vermis_7,Hippocampus_R,Cerebellum_10_R,Parietal_Sup_L,Precuneus_L,SupraMarginal_R,Vermis_6,ACC_sub_L,Occipital_Sup_R,ParaHippocampal_L,Supp_Motor_Area_L,SN_pr_L,Temporal_Mid_R,Frontal_Inf_Orb_2_L,Frontal_Mid_2_R,Frontal_Sup_2_L,Temporal_Inf_L,Vermis_1_2,Thal_VL_L,Thal_LP_R,Rolandic_Oper_R,Occipital_Sup_L,Thal_VPL_R,Caudate_L,Parietal_Inf_R,Cerebellum_Crus1_R,Thal_VA_L,Frontal_Sup_Medial_L,SN_pc_R,Frontal_Med_Orb_R,Pallidum_L,Rectus_L,Cerebellum_6_R,Thal_MDm_L,Postcentral_R,Thal_PuI_R,Lingual_L,Red_N_L,Thal_VA_R,LC_R,Rectus_R,Frontal_Inf_Oper_R,Fusiform_L,Thal_AV_R,Olfactory_L,Thal_PuI_L,Frontal_Sup_Medial_R,OFCmed_L,Thal_PuM_L,Temporal_Mid_L,Thal_IL_L,Cingulate_Post_L,Temporal_Pole_Sup_R,Paracentral_Lobule_L,Cerebellum_Crus2_R,Thal_MGN_L,Hippocampus_L,Thal_MDl_L,Vermis_4_5,Cuneus_R,Thal_PuL_R,OFCmed_R,Thal_LP_L,VTA_R,Thal_MGN_R,Calcarine_L,Occipital_Mid_L,Cerebellum_8_L,ParaHippocampal_R,Thal_PuL_L,Supp_Motor_Area_R,Parietal_Sup_R,OFCant_R,Cerebellum_4_5_R,Thal_Re_R,Cerebellum_Crus1_L,Olfactory_R,Cerebellum_7b_L,Thal_VL_R,Cerebellum_Crus2_L,SN_pr_R
SN_pc_L,1.0,0.18135763335096014,0.09259113741904668,0.2805591970390596,0.007203555442526527,-0.05189661389696645,-0.03807028400624069,-0.08242673298788951,0.0119084707011926,0.3806100258339763,-0.1946706137813561,-0.2397027084130973,0.1455190247036597,0.10452288691501219,-0.020148254824337124,-0.03908846258957297,0.004026436783548475,-0.21010669651076677,0.01411200259083469,0.21797810381926397,-0.021241498129357064,0.14262468325010816,-0.04461868624313889,0.23589387208859242,-0.2628238018427702,0.011673893055695606,0.27688574335308097,0.0551302695812723,0.11922028301364355,0.02162362522852089,0.09297590131872724,0.009117376912424981,-0.16076190818209352,-0.21399592262346262,0.1504506264828392,0.2424147014870229,-0.043847021904179106,0.07686018125696882,-0.01000978206639346,0.12685626248240936,-0.22811607149700847,0.12441725877912198,0.23583026340205343,0.1617467215434037,0.27406334072903216,-0.22877141575233287,0.28486691303476297,-0.018837834310337226,-0.04245993883701899,0.04221600603339939,0.11362394871879233,0.0701987782403114,0.6381804152274044,0.030333691581248923,-0.01290672456599582,0.03126213944789121,-0.016157224869778934,0.13138338182233794,0.0663009649511061,-0.06643688045334041,-0.3336886141521676,0.5703488000012163,-0.13427521079373117,0.14833827024100119,0.20402100296362208,0.21261873256145852,-0.3786623540866915,0.25167080043664053,-0.41394252845811585,-0.015184886557621494,0.11947060237850492,-0.17042584372317957,0.32053502120383665,-0.2873167619073551,0.3041834380003911,0.5766939474344766,0.05304594058098332,0.13790741231142623,0.1421191720128001,-0.17840565873663392,-0.26440851408946525,0.11005551324655458,0.3567630424883113,-0.14337891502484346,0.33085869135452195,0.10600527197504087,0.007092544508940396,0.3593436229235301,0.36623509160985745,0.4022604493830936,-0.3202013484968716,-0.18149615279239878,0.10167274836613156,0.007977625531027658,0.10329089434040278,0.13870144273010973,0.031003725439529322,0.19858211784376834,0.37549824542735466,-0.32458687889461213,-0.18983056990187733,-0.004372706508079437,0.17485078036902482,-0.1541757937993941,0.09543019835275635
Thal_MDm_R,0.18135763335096014,1.0,0.549652543166183,0.45777034953536844,-0.27770711536585907,-0.4267929906926329,0.08861566083059562,0.19044197227688775,0.4209488839774803,0.15780961347997188,0.3953800559412075,-0.059231905526729876,0.3784211165366304,0.4853630946838373,0.4834346831445198,0.06536915565690733,-0.18479298256480395,0.35460641273462784,-0.16659121937340957,0.39073697493881054,-0.4863232165975805,0.6407545338291408,0.36346123111909034,0.1941762498271249,0.20147162744146116,0.3365876565942099,0.39159563813385084,0.04506905177613047,0.4158116268707362,-0.2921963916554033,0.29576397435289054,-0.09032344894862342,-0.22796394697849184,0.16262641306247078,0.4398739986475235,0.5319675682496441,0.25859879020063914,0.20181831199556227,-0.3527095156230854,0.05765118452045604,-0.17797779057001442,-0.29289269475744784,0.5600578200481571,0.09120161483816124,0.4211283786081924,-0.2184021279160761,0.6439848040438779,-0.21273423209123732,-0.209198043726064,0.37509446289557746,0.23877872597564626,0.40575949589289056,0.21856259393608357,0.36711512916459915,0.40409915257848206,-0.12456135602538111,0.3902880404921731,0.7210465112785701,0.19261181247989306,0.6895258807905352,0.13930455321033314,0.09510482124003099,0.5004349811697324,-0.2972136418189803,0.29717441478226964,0.5178661577740848,0.12003571247999105,0.2086468897818487,0.15009841944471425,0.39305360107557724,0.4953248410142459,0.1692480792406894,0.3366342998494902,-0.2614799224163468,0.49959237560078995,0.35981301186899844,0.2809816622066129,0.4288181802205485,0.37122283033428566,0.0007578782603472936,0.35944180533290354,0.6594356224091212,0.5874034725314737,0.12950285689954563,0.3245120210405977,0.019525479198772785,0.021823657905522407,0.25389967796797447,0.2963468338727106,0.30740971174897025,-0.28166705586621194,-0.1649920144950534,0.3611573807572039,0.2064848413268643,0.44166702572864913,0.30186366881879506,0.19198587407430856,0.4264912485118157,0.1906876338025323,-0.2087146689225659,0.24925607940314468,0.21620223385806026,0.6621840530043301,0.02522412738210781,0.3813852466770234
OFCpost_R,0.09259113741904668,0.549652543166183,1.0,0.21453897565699598,-0.4812945627766251,-0.35253414162637936,-0.0030172766721496373,0.126879272914481,0.030174615153497935,0.18509021090350142,0.2307472337435441,-0.22850099766536575,0.4080569189665197,0.5602315058498963,0.30583572067558135,-0.20424549061632857,-0.23287926775890827,0.44316148269813976,-0.19030105785393828,0.543505103497261,-0.4234734658271144,0.690476524466992,0.2888348095429497,0.45991158664831794,0.06870623229225331,0.07850415260838521,0.31044828318313555,0.35028184880655816,0.4676622782063918,-0.2574425153110746,-0.1999687870164378,-0.163203899019834,-0.11803664871964897,0.39282418714748596,0.44454865293675794,0.5798441232968928,-0.13556526226616064,0.31126688017255383,-0.48026767405576476,0.10257004341391851,-0.26248394090271815,-0.4941778270153689,0.38241137644824597,-0.15209568316053076,0.15588154104188331,-0.08683234651088177,0.2825462641206906,-0.13579722556741322,0.011098705813362562,0.22949743455350574,0.2572033653232533,0.5377670341031469,0.3951359003433918,0.5235551681051669,-0.035905387838496824,-0.16608566162395355,0.03359563436815905,0.4364476455509193,0.1499766264494248,0.3767971456724567,-0.2256254217092379,0.19651536207657563,0.22316676500338078,-0.2555726230617332,0.5014068845156309,0.3273340774622268,-0.01780082759269249,-0.13567860727066028,0.2675474630214677,0.45293368773261045,0.5094814478997521,0.4914456097466202,0.19532693877244015,-0.2672852139680492,0.31388433783133973,0.3242957307581371,0.27435152123234324,0.4823258408695792,0.12172437336083156,0.037551969041775046,0.37561976190306073,0.47272507615547965,0.29679561825286627,0.0690977139732633,0.11735761507040154,0.19518991589257223,0.09999427971257704,0.32405883372487526,0.12067636451193078,0.07970673881730615,-0.06731586744903283,-0.30485501386355296,0.4475998917553826,0.28789590641657026,0.3738549452340917,0.46463921262853836,0.383210011475175,-0.04100744164894246,0.024335478488825477,-0.28358702980316397,0.5645420721907716,0.19111270641509476,0.23351981536892177,-0.12681051737658086,0.45118016551249385
Temporal_Sup_R,0.2805591970390596,0.45777034953536844,0.21453897565699598,1.0,-0.12347479911753508,-0.44962968289846506,0.14867951169676197,0.11974679708189735,0.6571786795931908,0.5045788773015585,0.028409744098703532,0.10147120705914234,0.06446505598137765,0.14473426969954517,0.18510998392442982,0.5027075738702341,0.009012344598638013,0.25541402396227963,-0.17062463591893626,-0.059355633112130476,-0.35408487826457935,0.1935133568068449,0.3406133063225766,0.0018874979490524826,-0.04519011711086221,0.5602432795486963,0.17916033288186003,0.12367804440013554,0.3820215671322182,-0.11379995564090792,0.1973550196696099,0.25415325045173603,0.09333940335863802,0.2726849498709639,-0.008897549525629215,0.4972020046407276,0.6301063806142773,0.02812665540612205,-0.3066999518142514,-0.2851906896483134,-0.35536369693868686,0.1947569276362873,0.3390365778388319,0.2463149505960292,0.7218330414447962,-0.07687192102871733,0.533019763538117,-0.011735598226442533,-0.12254308545532448,0.16170972819804572,0.06516102359733841,-0.12756669939453913,0.1843889144715435,0.5193523411759651,0.37479645477549184,0.34949899331848067,0.21379456817008993,0.38024955341782457,0.13029461885298282,0.34774032532570004,-0.04174636527082204,0.32902655606734305,0.5690983567178279,0.09678235349719988,0.40755486367128363,0.3378939313943614,-0.23281846359484457,0.4338629854142084,0.2436181531240394,0.09544705230138757,0.014593536938369397,0.15471928286197467,0.1844821508810155,-0.3183303315457082,0.365279193182497,0.24879547630488663,0.6686251823140288,0.10998996574458558,0.17720958201359382,0.0784203934787794,-0.07561485148077696,0.13668715387025535,0.47917825823027604,0.02543451301783631,0.5774466926519239,-0.25641386801670807,-0.12658142768325387,0.23215690673012374,0.4285481118479744,0.2970573100976873,-0.20824013614982967,-0.16123165689501567,0.4805459744660639,-0.07744047563042145,-0.02698289124252247,0.11969978526410566,0.36023870694594573,0.3593035524486525,0.3949608638081831,-0.4409277183857322,0.4460604555642262,-0.14872008557594849,0.7311110311891149,-0.26866722110363567,0.10084985626075024
OFClat_L,0.007203555442526527,-0.27770711536585907,-0.4812945627766251,-0.12347479911753508,1.0,0.1914700660963567,-0.2794619070807257,-0.35817060916123006,-0.18321485818138725,-0.02074578578762341,-0.3954831715247999,0.012904844453795838,-0.022353702494619113,-0.6341509117456609,-0.4490583181369177,0.09140353783877436,0.5655871329247951,0.04828114264228352,0.18492337578814527,-0.44118538200975427,-0.08525287411633904,-0.49106893988550704,0.02858110811522259,-0.286116166532463,-0.4246570675782095,0.20303218852464025,0.07926598207522836,-0.3605136641245663,-0.5651271029843791,-0.04023493700016391,0.08323457571067451,0.4106264412478125,-0.3024841730484004,0.021611919650090183,-0.41900551744556636,-0.16908086881008666,-0.24050329374907037,0.2521727247355429,0.4832119759393722,0.13237632094643562,0.17695872029966112,0.31608740720689366,-0.008784463342391708,0.33127069141126314,-0.07161030237736006,-0.2858009163656922,0.12070912936779081,0.3859654487807049,-0.24190595036484872,-0.49050814854046254,0.19310379352099993,-0.241235437082607,0.11310008832989066,-0.2538634407477206,-0.2693902411512085,0.25539029031217325,-0.37362851339803016,-0.10918739182679424,-0.3945756235111097,0.02727229609143147,-0.16870269866567014,0.08354301618728624,-0.15359772488889753,0.35166887388250856,-0.3080979541557846,-0.2961624455194251,-0.11165650843946626,0.0649689293850882,0.06444453913301697,0.08825845304536131,-0.3592547122265043,-0.4052883855599799,0.281287659834065,0.15339099485243782,0.02198019948107595,-0.3355928048310775,-0.1200749064284916,-0.4692029772048873,-0.3547893410634585,0.06215771139767467,0.10261304212842935,-0.07092463952608698,-0.2611899634412416,-0.35008330904146134,0.2707058978683115,-0.3512518691913141,0.3279701508665028,-0.12792441755878023,0.13574027380776874,-0.33256881260950283,-0.25433423162132257,-0.07463976443567985,-0.03709965850151888,0.07091665454318193,-0.4253076425101051,-0.5048824215569743,-0.1131965520046439,0.040048767879499424,-0.038026626247744603,-0.10121386080898745,-0.16925821806827912,-0.40966605192643685,-0.05052935836573634,-0.2962410661418857,0.05528477921557545
Heschl_R,-0.05189661389696645,-0.4267929906926329,-0.35253414162637936,-0.44962968289846506,0.1914700660963567,1.0,0.025620024602461888,-0.10123972404731522,-0.6519539751118786,-0.2377701575827624,-0.2542608271919835,-0.21594932202273967,-0.13026513737406334,-0.022708443521479483,-0.3165749799360471,-0.4388885588545231,0.1722872578047952,-0.3272183744709695,0.03497500679236761,-0.005103646743339409,0.4832841586335391,-0.3088613406433068,-0.191721535804842,0.029619034079097713,-0.07991974209072188,-0.40849306562916693,-0.19779978357493436,0.06441267045721248,-0.06414406480668676,0.6537785750738355,0.022672515021546897,-0.33935973222572796,0.2527902552595619,-0.17793559555948926,0.08906759720099568,-0.37512248770958423,-0.32037017381598465,0.04647781057493041,0.5756656533856069,0.3182205766511951,0.2089147651362324,0.023941862254706677,-0.41128371406631786,-0.2250180439671812,-0.45891818877768864,0.13525323374929746,-0.4950466273205997,-0.06758463905266357,0.5724466547444412,-0.36865181297961985,-0.17077216363708392,-0.03304653189694878,-0.16481345625607152,-0.6292263829532797,-0.027738982285170192,-0.24304776988061602,-0.26458393823764303,-0.5793194515429265,0.28818474762629276,-0.47033077675169666,0.09752195898627934,-0.12343022565485158,-0.4653823635179222,0.03684658860757455,-0.45022449981258006,-0.25864006583327304,0.1018192411833998,-0.49504391883835996,-0.3139997510453138,-0.23156821506713482,-0.13359942483801412,-0.18231708733417856,-0.23252138967376484,0.2686536550073691,-0.1760970659754626,-0.06127930667334447,-0.6869313078202212,0.09155612181952827,-0.36422060988527855,0.06111928605600343,-0.01849836433867801,-0.24994236153358312,-0.2893882777337186,0.06068468013837912,-0.3126224569020953,0.3331836158091547,-0.15909683520968226,-0.30814986365235136,-0.12257365241919212,-0.17471016360594796,0.2028708928402563,-0.027651920376055884,-0.6260839708597763,-0.14107590258983513,0.12971438921583062,0.05036037894366325,-0.4172263015270907,-0.2019811746044707,-0.20580659100282114,0.1961858317267516,-0.46369840015648506,-0.10925704008343634,-0.6608123407314616,-0.002460792961206858,0.07456086103918048
Cuneus_L,-0.03807028400624069,0.08861566083059562,-0.0030172766721496373,0.14867951169676197,-0.2794619070807257,0.025620024602461888,1.0,0.48974873401624014,0.3415558623704643,-0.37914139133287644,0.3239016466801322,0.2700292648221895,-0.2854108450531203,0.5104466514567271,0.39729468172292465,0.12086363769746238,-0.30000828668690016,-0.2385074702426749,-0.0523484681203725,0.18337320449089986,0.3790073292889355,0.1533696120504824,-0.08628342189463145,0.19889677316216495,0.3013570745696559,-0.11898805107126911,-0.43506960450538085,0.5724929707225567,0.5971211722077845,0.28170576131975067,0.2617838111580931,-0.15085494656675916,0.8080968299093053,-0.27982648373769803,0.21468600103329644,-0.184350246789717,0.5273672643950983,-0.2122231556053786,-0.2900676945449267,-0.2784666140686381,0.049092706957766886,-0.2497377124177405,-0.10321394959727725,-0.07988043638377608,0.19439829689744828,0.8515566468483762,-0.26200116165835535,-0.3082779912256593,0.45735930170712785,0.30761390608426864,-0.4490174140828528,-0.06298337779808492,-0.34327645761219056,0.06609127046017432,0.45559633261016963,-0.3474225779607744,0.2819043850894901,0.007285560330222827,0.5023750811520804,-0.2069259574992688,0.499894679588963,-0.5051947355205976,0.09108530097766676,-0.42794298127544184,-0.20524311453999966,-0.1866127632485213,0.4281717056086392,0.1586027501400446,-0.17860075608254186,-0.6398722450095778,0.09438893415169923,0.09413768525749293,-0.5208538389035113,0.273720163642771,-0.11018931914991902,0.14174350339121503,0.04961682301756993,0.34363832335295963,0.1218131611313094,-0.06194724058795438,-0.0808126671687179,-0.2179414518968558,0.11946288348994748,0.8963739014374666,-0.5017510176510768,-0.03500550424179615,-0.5412512330553673,-0.0735879978437708,-0.24616247574447805,0.564292269831334,0.7152044357544135,0.2775695714428586,-0.014353760527198183,-0.3838165908947618,0.2955212381371395,0.5643079607318038,0.10583257804356448,0.17285213146771058,0.0039995184131915796,0.29690168455011534,-0.22553286583677962,0.14111560031978518,0.04171210725163552,0.18354099491045572,-0.18994072763316594
Occipital_Inf_R,-0.08242673298788951,0.19044197227688775,0.126879272914481,0.11974679708189735,-0.35817060916123006,-0.10123972404731522,0.48974873401624014,1.0,0.3669235333834949,-0.10845777518778417,0.5651447108964838,0.12115196043326351,-0.17166696236179116,0.4208461705054727,0.6093871830749874,0.1361316667322394,-0.3403716532695184,-0.22508432084532656,-0.04238791829546029,0.2803411328571223,0.3821164113977348,0.36355290723441086,-0.004652449314671622,0.05536114984030847,0.6404921661038333,-0.1944591016009193,-0.3219914799343315,0.2313280297035745,0.40788854182717527,0.10273272671771234,0.18763761292539655,-0.34351068734586526,0.48463408958897347,-0.10060827641410677,0.3999847902698638,-0.06795383491823463,0.5695703007715299,-0.09633514235128544,-0.3110418616343429,0.040466586640426724,0.01420394164112224,-0.12348871142057935,-0.05465318339306853,-0.18759665963030708,0.21361639418629247,0.5486890264037007,-0.16286041563568326,-0.45453075988016756,0.1997474727113598,0.6477085997316914,-0.3574413419224858,0.3454527960816322,-0.3039312170571737,0.24341576020511846,0.4340765391763525,-0.44083464961287966,0.611051508436694,0.04562668626986331,0.4080004259092585,-0.10857886386864052,0.5174159299220027,-0.262478137572775,0.1016279253673171,-0.3751562404721525,-0.021681906524960083,0.1053151872830229,0.45833144272751725,-0.038797474399244,-0.21255584929445043,-0.3958742124874113,0.44227521746801934,0.3250841007163189,-0.3463712295125308,0.15016162442668118,-0.05826779855793973,0.21357579135554702,-0.03278433720698865,0.2740116083368901,0.3390121698254031,0.058491254675274246,-0.1280577012338086,0.014799767545455951,0.3116868221897159,0.4764946440969923,-0.2225014628972457,0.340729504790733,-0.41314973323046683,0.020343348707188347,-0.2968872088368967,0.5129036109667605,0.5165580849073894,0.28236492600355745,-0.046354818012785994,-0.23738671603254402,0.42756037697597343,0.4616704028566463,0.20348733465545044,0.08889324232488137,-0.14125185696955467,0.42088521340648544,-0.02717316948809822,0.47654973154197133,0.05884423878987411,0.5466712624709626,-0.2706465551669089
Temporal_Inf_R,0.0119084707011926,0.4209488839774803,0.030174615153497935,0.6571786795931908,-0.18321485818138725,-0.6519539751118786,0.3415558623704643,0.3669235333834949,1.0,0.14420848966274258,0.42718634240457865,0.28899269104882486,-0.08336880168215027,0.11576723821011167,0.5048557170318636,0.6132009297131753,-0.18513370828338457,0.06027517537629243,-0.10100093756196019,0.0157918805523689,-0.16754138660656895,0.26900193645910325,0.18046283847161515,-0.0672166285740196,0.36185005653920127,0.4420138054814508,-0.0889963587881127,-0.04489628263556125,0.23586766203103085,-0.39420664742669026,0.3641943351553185,0.13853975199069585,0.12853986401721126,-0.03330257115726426,0.06919901370972316,0.1881674730905985,0.828950227765719,-0.18342652071111307,-0.46719272073955603,-0.35637295618229126,-0.15707145417723029,0.18150853170912293,0.21804118340914216,0.22470273595559426,0.6685415363976316,0.15959514907368286,0.33415785328566155,-0.15774426158705565,-0.39888418867209213,0.5628547561477006,-0.11001387531885358,-0.047347628900408174,-0.15716391139486982,0.36056751416655985,0.45510251832628723,0.11717203593239836,0.6029785590948087,0.41104062000537955,-0.03012061316521717,0.3263057758652469,0.41116856725457473,-0.08440662544974377,0.5094190863263838,-0.14390292784941,0.22153278864436327,0.18024242328243908,0.17311301559806053,0.5046397266987447,0.08333221904582795,-0.16587475807962057,0.12627138287240108,0.057649434433341744,-0.02415584224868547,-0.08245810343906936,0.16233524389482085,0.11583840261940345,0.593124117239326,0.039962581630985636,0.5204006704716834,0.01221862659678684,-0.14478646810319534,0.0298878054519253,0.5083717509062949,0.2526369937038189,0.21958374901820196,-0.29541538352954283,-0.2119815646642182,0.1692008636392123,0.08190255705594143,0.4786275233331673,0.04594891094462688,0.30457958760130804,0.41874209402117074,-0.10912625625842111,0.06296036401161491,-0.008800416150322834,0.23156913031615994,0.4962589368895405,0.2134169395521718,0.02356724050957728,0.17449674051697714,0.1721384262035429,0.6725629599805492,0.23585434346618186,-0.21863085173366475
Red_N_R,0.3806100258339763,0.15780961347997188,0.18509021090350142,0.5045788773015585,-0.02074578578762341,-0.2377701575827624,-0.37914139133287644,-0.10845777518778417,0.14420848966274258,1.0,-0.20082507893792384,-0.005539283667857777,0.32232067518398244,-0.16397660136837702,-0.10480787437809454,0.20463703852307819,0.21986978889967088,0.17843405623579367,0.10907075929711059,-0.122475751005591,-0.2648264909350677,0.03289533343157317,0.26708558608847577,-0.05376113384066137,-0.2075815339085918,0.2895016069133649,0.2955551991253041,-0.13985851844076885,0.0041426456145070715,-0.17440596775357906,0.030405705439997804,0.27057459511176024,-0.28445705791584486,0.42611914090981834,-0.1273287597825066,0.4180738532970405,0.07430071856427814,0.06685320811116052,-0.10876330731896727,-0.058162635074168155,-0.20361441748697523,0.4039199048999123,0.3711534394891452,0.20350015956543047,0.3877003622980713,-0.40837334155787447,0.48195688143194937,0.23661321251717718,-0.23591397839496742,-0.06431599819890157,0.32016784854864916,-0.0464629507234527,0.5392680286383874,0.3317042250392042,-0.05848963939019835,0.44033014067719806,0.011206402800530646,0.26643176674071484,-0.14640522644741458,0.22059991463834874,-0.2846149317232742,0.7991171303344259,0.11969471757080574,0.3487320218679292,0.45866707530153916,0.3804957503225654,-0.3429681573660153,0.23552802496632524,0.13458060432314314,0.3054155100361836,-0.06562502409984894,0.09576405495881145,0.4086582359412786,-0.24860447966013938,0.40903642657935696,0.28274704969650305,0.3386623661548702,-0.1319780572529364,-0.03823291676280837,0.04219463290344544,-0.052063005515728546,0.3073975018066928,0.35362977276968516,-0.47998770305661437,0.628250330396984,-0.02451097102125361,0.1889120650322423,0.22427328239762775,0.4289050083802924,0.05501429404855801,-0.43101945999958813,-0.20530440658493296,0.3684519550235888,0.1466182470068764,-0.20539499955229584,-0.16757671424178422,0.3065346836455243,0.1685397233838535,0.3097545433715027,-0.4181178447027018,0.401034614106501,-0.06912133255247986,0.36145118820943317,-0.2496922096600859,0.07562195142621496
Vermis_8,-0.1946706137813561,0.3953800559412075,0.2307472337435441,0.028409744098703532,-0.3954831715247999,-0.2542608271919835,0.3239016466801322,0.5651447108964838,0.42718634240457865,-0.20082507893792384,1.0,-0.024264572262786045,-0.01949423546518741,0.44827893781539585,0.8947553693079031,-0.060920920407507684,-0.4760594586861836,-0.1639795537500749,-0.05533976681083181,0.3506621237603149,0.09799309653276021,0.6036350566390585,-0.00021515584426427397,-0.07782540270163428,0.8097241405979706,-0.2865891710224034,-0.31448333942940093,-0.15963281168370907,0.27678662103232965,-0.038908327752565565,0.26041601005078424,-0.4886611170830421,0.19895482903415757,-0.08901774565277136,0.5918608383032419,0.09438517458417814,0.4034318957076692,-0.013774133442723728,-0.2365925014848103,0.1834703729562209,0.3169982925216194,-0.2179068208180867,0.07743796092100902,-0.289961487209811,0.2837573113533877,0.31977338294173435,-0.041259626647790544,-0.5549074311418806,-0.04505638799094639,0.7404485155889596,-0.18158422711702815,0.6058960145180816,-0.24353103299065185,0.09393100724868161,0.3269660631981141,-0.44528548763915876,0.6999255339615256,0.24305285682781144,0.38438626770290496,0.1512132432589603,0.5340915486539853,-0.36348179915068624,0.1162316645624614,-0.3501024207248693,0.09980761989416209,0.2835239966204752,0.6353605597879476,-0.037928154363526,-0.24416630446016602,-0.09879860508746817,0.7164863770611224,0.22977074655260676,-0.2268607889586206,0.13933177021091,0.042439425974838914,0.14309901108223208,-0.146084286747492,0.3467879447066439,0.5269774923785642,0.11795677891996384,0.05037582276228327,0.14906106917794457,0.4408830259287034,0.3884558918803558,-0.2340486750895372,0.33005731952845996,-0.2763505539630629,0.19908785173699278,-0.2062614544144671,0.43769425250347477,0.3456744363512179,0.5027606588767287,-0.08179336351237024,-0.0019429767317788243,0.674788406108937,0.23151719510303895,0.006716486390771955,0.18307183614377354,-0.1207952609280267,0.6569748915239059,-0.10784568928889479,0.7208760652675043,0.1418593133919781,0.7058906532918151,-0.14276722143921672
Thal_AV_L,-0.2397027084130973,-0.059231905526729876,-0.22850099766536575,0.10147120705914234,0.012904844453795838,-0.21594932202273967,0.2700292648221895,0.12115196043326351,0.28899269104882486,-0.005539283667857777,-0.024264572262786045,1.0,-0.22156599042733297,-0.12458956749049718,-0.01752024486360322,0.500624789352258,0.2763389889138822,-0.0038359035142239563,0.3664125044856858,-0.3477605059514885,0.18583061398915454,-0.354584665573577,0.32727085114151405,-0.1621957633962886,0.005436396469093735,0.28811123930861404,-0.05981902346570027,0.09764511268814115,0.0032322394109645667,-0.30764955538443095,0.13582918310552458,0.4348227242338124,0.16979087971283788,0.09826711649732908,-0.49803804893883147,-0.21020997962845744,0.32757652889312133,-0.37976693738937317,-0.21833005179062387,-0.4403504905057291,0.23561103062876007,0.24937448920903027,0.3305515474558392,0.5034384013714729,0.09287988743966624,0.32959272529896755,0.029727002847146716,0.5572441161499208,-0.2163237872415004,-0.021324081429072838,0.06271683576821001,-0.5426592725088984,-0.16253250808293238,0.22582894948282156,0.21490033181970758,0.28668555476351765,-0.005685147165121097,0.34928933898478626,-0.3169851752681314,0.07946942887317439,0.34338452613839904,-0.1320997482667384,0.13178861908947379,0.03352009588995188,-0.1477245355843103,-0.17212799747372798,0.21734210054619807,0.579526813737584,0.28466495701386374,-0.2594357486324283,-0.5334520027904824,-0.056714838605128215,0.04020156158064631,0.5274095330459447,-0.0337387849955775,-0.04120386590772491,0.29734976902633736,-0.3395351391405805,-0.030004412585811005,-0.06836889482253637,0.14351527770315012,0.04920173182372116,-0.09388032129326745,0.2037138359490025,-0.076423293526375,-0.43514197718834285,0.21311597397528426,-0.07484204489781193,-0.18465602481091228,0.13241857719069847,0.28795208124387717,0.3000806824759775,0.3599479268392085,0.08212780144738564,-0.4676768014174496,-0.1306306494047437,0.1874345850700232,0.13939223986338564,-0.08032463646805361,0.09771085225779369,0.14622700498961091,-0.11868487573052054,0.2807500692258369,0.026752680470204564,-0.2955509261538823
Thal_LGN_L,0.1455190247036597,0.3784211165366304,0.4080569189665197,0.06446505598137765,-0.022353702494619113,-0.13026513737406334,-0.2854108450531203,-0.17166696236179116,-0.08336880168215027,0.32232067518398244,-0.01949423546518741,-0.22156599042733297,1.0,0.11415523519977838,-0.04477176419136706,-0.17833743620394013,0.19882152609911363,0.4349838197535476,-0.002709414536212744,0.29984876186252024,-0.4340893234458429,0.3782395501262226,0.2920628822282817,0.26720762939641535,-0.14099098985848976,0.11502221304567947,0.5090292687008233,0.024951463589184247,0.07773693444451435,-0.2953392528764467,-0.012243536853632657,0.05492132754776511,-0.4195478097635751,0.3067002627952082,0.23631132359613127,0.3724425991790886,-0.24285526414717673,0.26701987219889284,-0.14371950149649312,0.13698092814690985,-0.0963323296861959,-0.15596937924821003,0.37691478341353946,-0.006101111032215316,-0.005910707529584112,-0.3913166303626415,0.33859641680986535,0.0305528956653432,-0.1537922292739793,-0.02583445604972404,0.3066706412348542,0.268446289723152,0.4765321425744731,0.1448567661658392,-0.012572537629270436,-0.04885590294412198,-0.011882068844435666,0.2804844688888703,-0.09283432055803673,0.38042710370579336,-0.21688739447075675,0.39523710016123154,0.22520874644671512,-0.04836955421831567,0.18134707170266687,0.21086099595352908,-0.07195028688065978,-0.18205623229835294,0.19356000337847368,0.6013335530618559,0.22715992173867183,0.0434961832709205,0.42033832829980033,-0.1907478374360725,0.38943990302460463,0.10168402654073187,0.11353260486963364,0.2474254063172754,0.025264751569372274,0.08418858014086153,0.36176866633718363,0.5321092265171964,0.19889682980334594,-0.21268754733777354,0.21648578009152963,-0.03109052290323469,0.2088073008145892,0.06293759067912097,0.18248836917250197,-0.09812970596970846,-0.4233167433631125,-0.26727326046749267,0.17449841552745543,0.2081416686641483,0.14270873855767266,0.05175341101671215,0.0030664443646914604,0.0646458172543432,0.014680476122237008,-0.35537137070516833,0.2256168551390555,0.10236781140891732,0.1183112334623539,-0.1768878515915919,0.4340801256194303
Paracentral_Lobule_R,0.10452288691501219,0.4853630946838373,0.5602315058498963,0.14473426969954517,-0.6341509117456609,-0.022708443521479483,0.5104466514567271,0.4208461705054727,0.11576723821011167,-0.16397660136837702,0.44827893781539585,-0.12458956749049718,0.11415523519977838,1.0,0.5417914382815158,-0.29451120050083224,-0.46132533164406797,-0.1267209550953735,-0.2497230592068371,0.6989401719263022,0.10162601384736915,0.6551075537420007,-0.015619004996268513,0.573290686733627,0.3973470147159371,-0.2410069638718826,0.02938517438784936,0.5973643280461381,0.8585603726706329,0.14305339034954392,0.09658191522454264,-0.5424357721986723,0.3800745396054881,-0.11283977482436641,0.700706021587593,0.16461212336114645,0.21625637985094767,0.030275892301468276,-0.4307441434237949,-0.004720395088734253,-0.2066170042534124,-0.5046058858904126,0.12660832854619322,-0.37502776061927784,0.11130750622214934,0.4071057638072842,-0.051871036491634416,-0.508830805069624,0.4168702101315403,0.4521795118475484,-0.14937056971910434,0.37753107118574475,-0.0603381245896991,0.1633434440428716,0.4390041027441296,-0.42963470286700245,0.30965010168358964,0.17527960305965526,0.6183617434509024,0.045560925419345054,0.1945719429020242,-0.2026170939190087,0.16838635030767782,-0.45187900869698955,0.2140209575798491,0.1775476338934068,0.16885938501648995,-0.11581852792355303,-0.25282673032515124,-0.10362247691953078,0.502136972590183,0.2980763023020855,-0.30622211009175215,-0.0832382900521015,0.157337020272746,0.45185443698025113,-0.049592659327379864,0.8413693271866377,0.27800887480265996,0.05164614658798281,0.05244680132882799,0.15802292508304788,0.4063369568692809,0.5379193634271968,-0.3161206478475034,0.34200589260389097,-0.4379338602254659,0.1589265118388712,-0.08479841436782753,0.4428590197304825,0.340046811217541,-0.003899201598007479,-0.06323803511659591,-0.06341230572765325,0.7263674039517726,0.7818985317445823,0.09389456158376615,0.08252400720858737,-0.055842253381770124,0.03598962842326428,-0.01012338027629624,0.38587806941548275,0.05155505507060583,0.15732478458389826,0.19055553780782397
Vermis_9,-0.020148254824337124,0.4834346831445198,0.30583572067558135,0.18510998392442982,-0.4490583181369177,-0.3165749799360471,0.39729468172292465,0.6093871830749874,0.5048557170318636,-0.10480787437809454,0.8947553693079031,-0.01752024486360322,-0.04477176419136706,0.5417914382815158,1.0,-0.014847440756415477,-0.4917245063190733,-0.23392142771938612,-0.12675134081614955,0.4571737573201615,0.12757102233540618,0.6326227495205381,-0.003772879130224113,0.0932139745565284,0.7775048744204583,-0.22505949766762334,-0.27942667992427644,0.0028670143754550366,0.4499463988198505,-0.059898253028776896,0.33647313500526177,-0.4845110609712168,0.22661909920050832,-0.17179278892484562,0.6362814255973421,0.1303116302433101,0.48136258654594255,-0.014430968332948964,-0.3284192883006699,0.13991822027704173,0.11411505670382392,-0.1630034408936585,0.1628207723955736,-0.25953676237834844,0.3911943087223838,0.34865588290975513,0.04423230344581996,-0.5289528122414553,-0.04218136808551553,0.7857275715716604,-0.1792325971634284,0.557389809069546,-0.170637165161995,0.17393518503689348,0.3810814701607137,-0.352867490169198,0.7253338853808599,0.2989895388032723,0.39643361088784923,0.1525542438277273,0.513067082215742,-0.253159383831308,0.1757289764505366,-0.27669019264063954,0.19969271055647494,0.3340162290082718,0.5124474487968715,0.050192749838464494,-0.29589804420029936,-0.15159717872070083,0.6867125953955651,0.20970885710712706,-0.23188213728179688,0.057100498993112314,0.15833564819951432,0.33485735050661525,-0.05297613989730555,0.4527449492414573,0.5710881674353966,0.08204936148926595,-0.03691841039745059,0.18827489457558533,0.5760262151084048,0.3872300560063488,-0.14734765509327302,0.35269362992153225,-0.3348151976538319,0.2625152500484269,-0.18577979636139513,0.5809593336280426,0.3309521387669695,0.4496923081928855,-0.02785152724784658,-0.02226858439640148,0.6910359275179498,0.3332512546687752,0.11290516397922601,0.28187027411061655,-0.04875460355633269,0.5315559100320913,-0.050523210969372914,0.7002859265304919,0.22172715871318485,0.6366887478856204,-0.14030626964926965
Amygdala_R,-0.03908846258957297,0.06536915565690733,-0.20424549061632857,0.5027075738702341,0.09140353783877436,-0.4388885588545231,0.12086363769746238,0.1361316667322394,0.6132009297131753,0.20463703852307819,-0.060920920407507684,0.500624789352258,-0.17833743620394013,-0.29451120050083224,-0.014847440756415477,1.0,0.28087392135112865,0.31609963578567424,0.09607081922208881,-0.44600971351896607,-0.2382587513663557,-0.2887200320991203,0.3429193742488556,-0.27498645079841494,-0.14249268515021984,0.7062549220286806,-0.09201475771236779,-0.04196258087035087,-0.12026683189011363,-0.3053666667736695,0.12227518872609897,0.5946074307837764,0.060797654792533885,0.23993269555993474,-0.48613144930345575,0.19707785470280445,0.5665857390718048,-0.08114769369546009,-0.1895213777752801,-0.40911633660929936,0.031117711315459578,0.39039181121346217,0.17337034778463503,0.5745513238017582,0.41995231124176075,0.05426408629707124,0.30148116706697653,0.34917627696036196,-0.35762654150893813,0.020173778024926172,0.030695531998734697,-0.454774039872485,-0.08061258497451643,0.4041009767668256,0.1127348267966723,0.35606575530144846,0.133818162820659,0.3062136046091435,-0.2988614430493129,0.27329267046409367,0.15130241458766416,0.02727208119155283,0.4224251807667068,0.08604095832091871,-0.06691039332423128,0.03277475008515345,0.03092684117416921,0.5576337895127964,0.3869701728457606,-0.03671523008038339,-0.3846392205942216,0.06547886066524229,0.23597656604974682,0.12873388005382894,-0.003859246961057078,-0.1014895993042843,0.7157767765716851,-0.4371743451350755,0.04260464879944369,-0.014893579628094884,0.044974672670343656,-0.039182400561277864,0.0998757213151097,0.05172281069024057,0.36994158309170255,-0.4745660543549571,0.1736446590934888,0.12327158788021994,0.21951999321185475,0.05083135896569836,-0.027463401331900863,0.15477744573900346,0.5784412391764218,-0.04333493168942257,-0.4991303457094313,-0.2590969590353436,0.26532565776564726,0.38711655486433,0.1808688795826851,-0.17638265071887027,0.2624648709732685,-0.28870508415072343,0.5621876297813873,-0.09822322688871414,-0.13666839903003444
Temporal_Sup_L,0.004026436783548475,-0.18479298256480395,-0.23287926775890827,0.009012344598638013,0.5655871329247951,0.1722872578047952,-0.30000828668690016,-0.3403716532695184,-0.18513370828338457,0.21986978889967088,-0.4760594586861836,0.2763389889138822,0.19882152609911363,-0.46132533164406797,-0.4917245063190733,0.28087392135112865,1.0,0.2899385328036333,0.24767422804279532,-0.32136092941206185,-0.16056239354285728,-0.4930374386476376,0.45253797397004697,-0.0074991221229722,-0.5148751495146779,0.3974338574228177,0.2541213066270315,-0.06484705253855397,-0.34195234716893863,-0.2689794619820965,0.16927987436298692,0.527479259968219,-0.3383308199657698,0.4004120580170345,-0.4493584138814429,0.043798105142863766,-0.22873771631641507,0.39980224617722776,0.3181371846925198,0.08016791796232897,0.3165175752085246,0.4257246957949299,0.3700519829294325,0.5940053716271025,-0.04287123732455631,-0.22801071560623196,0.22285944908648808,0.7368134544894156,-0.30219861612076593,-0.6021340626189771,0.49449722302639726,-0.3076091959083148,0.2966966568971478,-0.022549165256871243,-0.2597018061249233,0.40701039657259896,-0.446903609158361,0.1718920438219351,-0.5252284728712625,0.09880701493439142,-0.09775259052578936,0.30170976028297697,0.006411278416009412,0.41659786282235656,-0.2522210067673744,-0.11216818429095028,-0.01878269950662018,0.2042295724304471,0.3178236424867005,0.3095559927297887,-0.5196879572881057,-0.1085733076712074,0.5683263365812905,0.5019187044330298,0.2555530181966175,-0.05035666460603542,0.1720618205423454,-0.36699465399852926,-0.47315742341939804,0.1971968451613408,0.37680075926088674,0.1993455542362333,-0.11765014835693002,-0.3406264225616273,0.33534290672400224,-0.37093291661943817,0.645437538184594,-0.12451464624433776,0.2372899978173818,-0.3061889188497558,-0.18488928044094954,-0.031315470208755386,0.2702938180281183,0.34683253641452305,-0.5389430480933446,-0.4999235984290835,0.07986160928169354,0.15148398366424978,-0.040344237752303856,-0.2834819220129516,0.13688971242538914,-0.4066494275934043,0.05734126610826821,-0.42565043843491707,0.18638006521863124
N_Acc_L,-0.21010669651076677,0.35460641273462784,0.44316148269813976,0.25541402396227963,0.04828114264228352,-0.3272183744709695,-0.2385074702426749,-0.22508432084532656,0.06027517537629243,0.17843405623579367,-0.1639795537500749,-0.0038359035142239563,0.4349838197535476,-0.1267209550953735,-0.23392142771938612,0.31609963578567424,0.2899385328036333,1.0,0.03274578021311589,-0.2082322099288583,-0.7741626612211386,0.0549864490906483,0.501171301708031,-0.083588287665443,-0.4174361604222606,0.6263145204464721,0.39701270810562844,0.014915465393724375,-0.10979812930275912,-0.3292225067238386,-0.146588149166983,0.4858422187450719,-0.3338579975376288,0.6670149439504299,-0.2603095082146069,0.5985477575228213,-0.13217310521876918,0.39187865832921626,-0.1361667017354277,-0.1193179656542701,-0.02755808877415098,-0.2410717759200502,0.3067530740275721,0.30815530319386064,0.10440439675435612,-0.3914942033576187,0.47251164514975497,0.29216473792970105,-0.2022994093377086,-0.3164291977755022,0.35092431013135666,-0.029712000695944204,0.2884869060067191,0.5022094727965548,-0.19900604050470905,0.09752427192759615,-0.20310030804745932,0.4336518854427663,-0.2097701684590491,0.6054103486514895,-0.2596100589590558,0.15487749638478138,0.49240573202843396,-0.1404347509726985,0.04147735102103806,0.22202984341013865,-0.020262085833031632,-0.009560818272779341,0.8445172549964355,0.6611506728067367,-0.07657925395238432,0.3904559820031437,0.4961545784288931,-0.16398933800461538,0.2001613798324844,-0.21672416399827124,0.5691127165422578,-0.1767428005404511,-0.2576586928375102,0.04276216696875818,0.6009239340342372,0.4541549562378473,-0.12739130443960792,-0.07719946119605478,0.3841802411985613,-0.33386278587252716,0.4242329709729997,0.02880915896772819,0.3454709444330738,-0.48313317345381707,-0.38063256341961843,-0.48116525515843855,0.6579313721036497,0.19627428411466605,-0.291106693225588,-0.10006124929862402,0.29694222752338656,0.13755935725335464,0.037440763006534636,-0.5072754507024713,0.6211989374706175,-0.41539613996583213,0.4212504492276206,-0.4738251563424981,0.5603122022396408
