,Fusiform_R,SN_pc_L,Temporal_Sup_L,OFClat_L,OFCmed_L,Thal_MDm_R,Rolandic_Oper_L,Frontal_Sup_Medial_L,Frontal_Inf_Oper_R,Thal_VL_L,Thal_MGN_L,Cerebellum_9_L,ACC_pre_R,ParaHippocampal_R,Parietal_Inf_L,N_Acc_L,Temporal_Mid_R,Amygdala_R,N_Acc_R,Postcentral_R,Frontal_Mid_2_L,Parietal_Inf_R,Thal_PuI_L,Occipital_Inf_L,Cerebellum_Crus1_L,Rectus_L,Caudate_R,Cerebellum_Crus2_L,Cerebellum_10_R,Thal_LP_R,SN_pr_R,Temporal_Pole_Mid_L,Putamen_L,SupraMarginal_R,Precuneus_R,Thal_VPL_R,Cingulate_Post_R,Vermis_9,OFCpost_R,Lingual_L,Postcentral_L,Lingual_R,Occipital_Sup_R,Vermis_1_2,VTA_R,Thal_IL_R,Thal_LGN_L,Thal_VA_R,Cerebellum_8_R,Temporal_Inf_L,Cerebellum_8_L,Thal_VA_L,Thal_Re_L,Cuneus_R,LC_L,Occipital_Sup_L,Fusiform_L,Cerebellum_3_R,Vermis_3,Caudate_L
Fusiform_R,1.0,-0.05006765666555801,-0.18065059101717051,-0.25235759539169333,0.15212183126830586,0.34478021920324015,0.05964952972068964,-0.011249937758348547,0.16655506561628827,0.12218225377549753,0.03838679498269026,0.35373295985732467,0.1431627225352147,0.26999809104495565,-0.026447980940345495,0.021358817378614187,0.7332581026791202,0.5006462447194592,-0.06397290462593445,0.09026136432286787,-0.04805814459923576,-0.20389813955150166,-0.15840305626367995,0.08902648609414936,0.17930485877591096,0.031486420778643984,0.20630491698215578,0.3943808744326062,-0.15129901860442319,0.1805910772666087,-0.09179261870398034,0.07205855569016413,0.48499981832671296,-0.13157113908840584,0.18971257399825633,0.23246436205979337,0.19332888310425225,0.49726708652188073,-0.019081816628827363,0.5961930515228383,-0.12866693432482396,0.6394490574784217,0.2292893244384821,0.26730686941909676,0.10528459075804482,0.3655816215589885,-0.07945666111488475,0.39412932587263283,0.40880627285761195,-0.057987394417382376,0.17856189444241052,-0.13123050291819785,-0.040916312041610295,0.3000541089209227,-0.02391425641236408,0.15764910245489952,0.38657245193041,0.2847408996058238,0.526692387055227,-0.2011443681077553
SN_pc_L,-0.05006765666555801,1.0,0.004026436783548475,0.007203555442526527,-0.17042584372317957,0.18135763335096014,-0.003993060895989251,0.0701987782403114,0.21261873256145852,0.23583026340205343,-0.17840565873663392,-0.12533929888586293,0.08487245399213915,0.10167274836613156,0.19870571058316988,-0.21010669651076677,-0.043847021904179106,-0.03908846258957297,0.27859374921326807,0.0663009649511061,0.14892981069374664,-0.04245993883701899,-0.015184886557621494,-0.3384176787855898,-0.32458687889461213,0.03126213944789121,0.15262765567495795,-0.1541757937993941,0.27688574335308097,0.1617467215434037,0.09543019835275635,0.4054094282276138,-0.2963737090850662,0.02162362522852089,0.08552760798995064,0.28486691303476297,0.3466703248316244,-0.020148254824337124,0.09259113741904668,-0.3336886141521676,0.23589387208859242,-0.04191966797759509,-0.16076190818209352,0.12441725877912198,0.3593436229235301,0.27713571680380517,0.1455190247036597,-0.13427521079373117,0.03395630810677777,-0.22811607149700847,-0.18149615279239878,0.11362394871879233,0.01411200259083469,-0.14337891502484346,-0.08161089742578864,-0.22877141575233287,-0.3786623540866915,0.6513018582621655,0.39149640162892435,-0.018837834310337226
Temporal_Sup_L,-0.18065059101717051,0.004026436783548475,1.0,0.5655871329247951,-0.1085733076712074,-0.18479298256480395,0.10043857917042723,-0.3076091959083148,-0.11216818429095028,0.3700519829294325,0.1971968451613408,-0.10382169681161167,0.027099088226585914,0.2702938180281183,-0.0935701160690413,0.2899385328036333,-0.22873771631641507,0.28087392135112865,0.29727990456383196,-0.5252284728712625,-0.0914526073141263,-0.30219861612076593,0.3095559927297887,-0.16857926580950777,-0.2834819220129516,0.40701039657259896,0.35505032753317695,-0.42565043843491707,0.2541213066270315,0.5940053716271025,0.18638006521863124,-0.29469463305558646,0.18187486901640207,-0.2689794619820965,-0.19182464128930343,0.22285944908648808,0.09118719376960835,-0.4917245063190733,-0.23287926775890827,-0.09775259052578936,-0.0074991221229722,-0.2967303318882104,-0.3383308199657698,0.4257246957949299,-0.12451464624433776,0.13660916190949235,0.19882152609911363,0.006411278416009412,-0.6480635751966849,0.3165175752085246,-0.031315470208755386,0.49449722302639726,0.24767422804279532,-0.3406264225616273,0.3025388673513505,-0.22801071560623196,-0.01878269950662018,-0.0008448476737943976,-0.123747405455033,0.7368134544894156
OFClat_L,-0.25235759539169333,0.007203555442526527,0.5655871329247951,1.0,-0.4052883855599799,-0.27770711536585907,-0.03729815454188013,-0.241235437082607,-0.2961624455194251,-0.008784463342391708,0.06215771139767467,-0.07602703312410627,-0.09711659575670403,-0.03709965850151888,-0.32893388890906256,0.04828114264228352,-0.24050329374907037,0.09140353783877436,-0.025388936102169055,-0.3945756235111097,0.03258816275505571,-0.24190595036484872,0.08825845304536131,-0.11984545610681993,-0.10121386080898745,0.25539029031217325,0.17989010716603382,-0.2962410661418857,0.07926598207522836,0.33127069141126314,0.05528477921557545,-0.10643166669777883,-0.09200716270192337,-0.04023493700016391,-0.532833363137348,0.12070912936779081,-0.07605993622479809,-0.4490583181369177,-0.4812945627766251,-0.16870269866567014,-0.286116166532463,-0.3482100248203018,-0.3024841730484004,0.31608740720689366,-0.12792441755878023,0.013183418010544573,-0.022353702494619113,-0.15359772488889753,-0.4906213071772807,0.17695872029966112,-0.07463976443567985,0.19310379352099993,0.18492337578814527,-0.35008330904146134,0.17916585443213862,-0.2858009163656922,-0.11165650843946626,-0.042496469900908426,-0.12222849930273141,0.3859654487807049
OFCmed_L,0.15212183126830586,-0.17042584372317957,-0.1085733076712074,-0.4052883855599799,1.0,0.1692480792406894,-0.06144515720357016,0.2713131438640256,0.33564242962501684,0.14689120775589862,0.12195814060320337,-0.434338410792444,0.5318981786936563,0.34492261793442186,0.08375212043421149,0.3904559820031437,0.0769130636800775,0.06547886066524229,0.3380538297219317,0.24578783681490726,-0.22804305882749246,0.1799840039361991,0.17411165613265422,0.154782486549716,-0.05761801674810174,-0.2378176897597674,0.12043466977776347,-0.09594057974375256,-0.08634111946785905,-0.06582850584657872,0.24653619010633504,-0.19231849071165755,0.10754577320114726,-0.026047159420337786,0.2288246372878795,0.1188980247268423,0.08765245289465572,0.20970885710712706,0.4914456097466202,-0.044527102808223744,0.09228312581189412,0.09135478159159324,0.1490887259687935,-0.2741559640795572,0.1600327458659367,0.06513032076111402,0.0434961832709205,0.2049582844330257,0.12414777599536354,0.05535960132878688,-0.17551033856713785,0.07834660623032644,-0.03772998637869849,0.2018324816051739,-0.11657581757172826,0.14891416825651824,0.20243639202432592,-0.17012255312145824,-0.059752559324085526,-0.07929974374922713
Thal_MDm_R,0.34478021920324015,0.18135763335096014,-0.18479298256480395,-0.27770711536585907,0.1692480792406894,1.0,0.07895427523457028,0.40575949589289056,0.5178661577740848,0.5600578200481571,0.0007578782603472936,-0.11095499602337124,0.35899940033329647,0.3611573807572039,0.16645833783784728,0.35460641273462784,0.25859879020063914,0.06536915565690733,0.32857363314681765,0.19261181247989306,0.24615380622362934,-0.209198043726064,0.39305360107557724,-0.28493168300473437,-0.2087146689225659,-0.12456135602538111,0.16455553628746522,0.02522412738210781,0.39159563813385084,0.09120161483816124,0.3813852466770234,0.1618713504085667,0.3947188789051433,-0.2921963916554033,0.41581859990402953,0.6439848040438779,0.5136977292048337,0.4834346831445198,0.549652543166183,0.13930455321033314,0.1941762498271249,0.3251062996790718,-0.22796394697849184,-0.29289269475744784,0.25389967796797447,0.47230556045933625,0.3784211165366304,0.5004349811697324,0.418526008092535,-0.17797779057001442,-0.1649920144950534,0.23877872597564626,-0.16659121937340957,0.12950285689954563,-0.3707582423456597,-0.2184021279160761,0.12003571247999105,0.09065718875777226,0.46449080916349894,-0.21273423209123732
Rolandic_Oper_L,0.05964952972068964,-0.003993060895989251,0.10043857917042723,-0.03729815454188013,-0.06144515720357016,0.07895427523457028,1.0,-0.03792293981963845,-0.04351525262874366,0.36236259085144423,-0.0031190228547583027,0.23673443699247043,-0.2601897402371841,0.07658339818523856,0.24279465521500343,-0.17264791319681236,-0.11923559918093789,-0.16427551279595637,-0.029045190033328172,-0.23018336306945925,0.2745514033334369,-0.23817022206441796,0.04663248553549047,0.018013113585030723,0.11073612908053372,0.15282680129042556,-0.17473830621652228,0.11907752576741262,0.1440361160662984,0.1646947108664261,0.12749704439741316,0.08882755422715882,0.13519849529170583,-0.26482847354259753,0.1733875938675724,0.05802294981526069,0.09676473747790827,0.1070255997077166,0.1453661425834492,0.280198964317317,0.3134496834059862,0.16714235211075035,-0.10167906213260093,0.09000048338926303,0.1881722901022355,0.19918748113217363,0.03058906178007327,-0.0875857562311782,0.11479690645312954,0.029414441754851577,-0.0008177384684239584,0.2985749003636959,0.1758228409171754,0.026377231954625355,-0.012269913610743172,0.10895500230143824,0.17735973624172646,0.04317296978473609,0.14487746244415176,0.30278804706861245
Frontal_Sup_Medial_L,-0.011249937758348547,0.0701987782403114,-0.3076091959083148,-0.241235437082607,0.2713131438640256,0.40575949589289056,-0.03792293981963845,1.0,0.4019932855085369,0.1325263957257392,0.18164844602137897,-0.13744382958000945,0.3385488608553614,-0.1525169290105752,-0.010751286978006239,-0.029712000695944204,-0.12971286884680674,-0.454774039872485,0.09064467119319321,0.33336313893907193,0.5503282251696271,0.030233920128040503,0.27022976489909895,0.23752820947683467,0.34944470825107615,-0.4740212407061576,-0.44165991492202367,0.3903801303562974,-0.05423643172667797,-0.37739653865799744,0.13566401008197299,0.15925913141022857,-0.15644216209748454,0.028186335221810417,0.06115014205564406,0.07771627623675001,0.1876350902180665,0.557389809069546,0.5377670341031469,0.0769550139023038,0.14063487835597951,0.40361247892284746,-0.12026119199288896,-0.3536789756245744,0.24009020341327347,-0.0976034395274108,0.268446289723152,-0.09037013671603775,0.617499488858016,0.1422290116357407,0.09569002061130576,0.06812364141600274,-0.17668489475255597,0.004077025039604267,-0.4448411406350416,-0.03977663321558736,0.33861888583390165,-0.04723650120168244,0.1695820139033391,-0.5114327156629046
Frontal_Inf_Oper_R,0.16655506561628827,0.21261873256145852,-0.11216818429095028,-0.2961624455194251,0.33564242962501684,0.5178661577740848,-0.04351525262874366,0.4019932855085369,1.0,0.42914716516550155,0.12573067616933467,-0.3149022589817339,0.534461388182596,0.20390770113286316,-0.2290903677917788,0.22202984341013865,0.09143693539375546,0.03277475008515345,0.42757393619062806,0.2523770433389657,0.07323253243060635,-0.15573100557511718,0.3799372996204078,-0.05822457503452364,-0.07328469676412759,0.02560851290922897,0.2327734859824165,-0.015421326360400675,0.13394374173081738,0.0697419632349211,0.15957949773603403,0.08036035125011091,0.21174403967241548,-0.10452079883684172,0.08144969733299437,0.5024930969022551,0.5006718710362907,0.3340162290082718,0.3273340774622268,-0.06813027891146824,-0.09392582000951664,0.2257338217103403,-0.29450068636578663,-0.07565537254768002,0.3233044003245258,0.12192443520696979,0.21086099595352908,0.2803022647731152,0.20021181025415424,0.13015533234326196,-0.06037393886653605,0.2630957941101154,-0.07398485135894366,-0.17341594187247353,-0.163719371506391,-0.27051557274652366,0.09037995321056465,0.200515385714901,0.14453445461694112,-0.09246281421205035
Thal_VL_L,0.12218225377549753,0.23583026340205343,0.3700519829294325,-0.008784463342391708,0.14689120775589862,0.5600578200481571,0.36236259085144423,0.1325263957257392,0.42914716516550155,1.0,0.10469580905056054,-0.12778613433763192,0.4328358155980389,0.5786662266332276,0.0674285440798508,0.3067530740275721,0.0018729792327258465,0.17337034778463503,0.5784882976301504,-0.2434630750359888,0.059319830856818044,-0.42323900478316073,0.4341500451407405,-0.20602584022946532,-0.23067206428916204,0.2986332842997232,0.4243393403930314,-0.18786536204725102,0.4122274993375459,0.5091418691123283,0.21500146701637254,0.198056254033956,0.28977109389631006,-0.5128309593776941,0.20666207174982112,0.6853826511741316,0.5502173129337905,0.1628207723955736,0.38241137644824597,-0.029557076584259042,0.1207020030434206,0.08008905527228817,-0.39786279906487243,0.1169630467159662,0.3354098897765408,0.49097971004891516,0.37691478341353946,0.36832971578102774,0.045833036779609315,0.1446786851114911,-0.06968584927730252,0.61793356526897,0.2313871710607096,-0.14489433395986667,-0.04583642256652157,-0.23096237872983788,0.10824784848713777,0.24487671554449192,0.2520244308547933,0.46086177020077357
Thal_MGN_L,0.03838679498269026,-0.17840565873663392,0.1971968451613408,0.06215771139767467,0.12195814060320337,0.0007578782603472936,-0.0031190228547583027,0.18164844602137897,0.12573067616933467,0.10469580905056054,1.0,-0.1331112719184231,0.18161196338456148,-0.06806570306051234,-0.07815303391288538,0.04276216696875818,0.04993152357556042,-0.014893579628094884,0.06533692474836714,0.11673603893520812,0.05249381001054056,0.031651178396317946,0.20752082432285093,0.11406910800956933,0.06638512393933908,0.04970931132495389,0.0106251454952908,-0.045705250390273074,-0.15466569045311074,-0.043665765906555555,0.03287487563376683,-0.2303305501693635,0.19225141281805416,0.03223762544193517,0.052699766120589846,0.044393498107876725,0.10270307269198006,0.08204936148926595,0.037551969041775046,0.09622757605486777,0.0028788696460045793,0.11616755859671571,-0.02436204626896443,0.027560810838612535,0.0400787827699445,-0.03338519717502421,0.08418858014086153,0.09008377471989532,-0.011589536903176925,0.19241930448194614,0.06586228848269379,0.22200063201077758,-0.00802736798530065,-0.07887033148510757,-0.020380390342359233,-0.0005519652782528874,0.2032591375565384,-0.0861750911266524,-0.022376849044143422,-0.011662156321875125
Cerebellum_9_L,0.35373295985732467,-0.12533929888586293,-0.10382169681161167,-0.07602703312410627,-0.434338410792444,-0.11095499602337124,0.23673443699247043,-0.13744382958000945,-0.3149022589817339,-0.12778613433763192,-0.1331112719184231,1.0,-0.4899845215667398,-0.16027759681298306,0.02586606829615497,-0.44706157781857636,0.31354250531518435,0.18739220603199677,-0.42738806847905275,-0.34192482278129016,0.24663627985909115,-0.3605830637283896,-0.3340696455430507,0.18298325071614185,0.4732188760966025,0.05747080075034234,-0.24543712087759242,0.7022141710253799,-0.1147289799191608,0.018901602594067438,-0.3866654724455671,0.0958240356078581,0.015816620922860503,-0.25440549722950084,-0.0809382649802114,-0.2663232284359398,-0.12711410689954428,0.3155252592288692,-0.32170358384270087,0.5145442228460358,-0.04002338649096107,0.4291716189791374,0.0542125245096215,0.34540649389677497,-0.050123470959282726,-0.07219146232613577,-0.21110889729398175,-0.17000037674671278,0.3762987826492132,0.031289272182175414,0.6346311111236519,-0.14758095308870184,0.02981285493654413,0.04949082539438919,0.13811217540546905,0.159198961823092,0.19808111305482068,0.1483934401476359,0.22543943051683618,-0.022869994331417468
ACC_pre_R,0.1431627225352147,0.08487245399213915,0.027099088226585914,-0.09711659575670403,0.5318981786936563,0.35899940033329647,-0.2601897402371841,0.3385488608553614,0.534461388182596,0.4328358155980389,0.18161196338456148,-0.4899845215667398,1.0,0.4742439040330851,-0.18251890454945674,0.3843167557152034,0.2462774314264554,0.30415424570282207,0.5952521556468575,0.21125689210926188,-0.33994548025995336,-0.014428202706675641,0.23283739186973834,0.12395388156952125,-0.11706890648313029,0.03350855125952209,0.5411134772716545,-0.23273305387228624,-0.09570040270575023,0.13491278574949403,-0.039724881346151326,0.1697427263339274,0.15580929145929953,-0.09164141426812909,0.09617065748138609,0.44940002805253454,0.4132805331223478,0.23099887864582247,0.37615600581786424,-0.15343643326109996,-0.19348460618119717,0.09284002981841784,0.028160460876191052,-0.08920408257760702,0.30494385686963005,0.22434433785837837,0.1322946118394232,0.40500243730556956,0.13773239786760613,0.14561985437065955,-0.0894035746134477,0.19168693354982108,0.04204158480525699,0.040282079973106864,-0.2092126571960862,0.021570573537894766,0.11995943503296423,0.10626737836588748,0.12120856716280086,0.0023581031982390713
ParaHippocampal_R,0.26999809104495565,0.10167274836613156,0.2702938180281183,-0.03709965850151888,0.34492261793442186,0.3611573807572039,0.07658339818523856,-0.1525169290105752,0.20390770113286316,0.5786662266332276,-0.06806570306051234,-0.16027759681298306,0.4742439040330851,1.0,0.10115941105323252,0.6579313721036497,0.1382281240432174,0.5784412391764218,0.7726957101078203,-0.3772620050935951,-0.3157128199337665,-0.44107479395239224,0.3230393661907739,-0.2924312406977167,-0.42204207010229455,0.2889199884538331,0.6666860157597462,-0.33962585037074733,0.29345124915846554,0.6041723513446476,0.24954781913293264,0.19655790710716886,0.1970059402210767,-0.5739204836044358,0.06242097904250317,0.5846358931412359,0.2302279470811979,-0.02785152724784658,0.4475998917553826,-0.1639783785930943,0.003257362722992652,-0.15256010415031962,-0.23075527675164953,0.06911385487890682,0.26863588732467414,0.40567708210509806,0.17449841552745543,0.3848788895235248,-0.1329243088910957,-0.033066625762649106,-0.1935207675688288,0.42370171366334164,0.18140289161740672,-0.014510048639289091,0.006717485760097476,-0.17979891942704782,-0.0010835284814598386,0.10865885530173351,0.13742641621430707,0.4923972431171601
Parietal_Inf_L,-0.026447980940345495,0.19870571058316988,-0.0935701160690413,-0.32893388890906256,0.08375212043421149,0.16645833783784728,0.24279465521500343,-0.010751286978006239,-0.2290903677917788,0.0674285440798508,-0.07815303391288538,0.02586606829615497,-0.18251890454945674,0.10115941105323252,1.0,-0.02866796279788413,-0.007523864273937402,-0.14490004345756968,0.045602234255467555,0.034119688958953814,0.1906820224271109,0.14647478090028304,-0.05125661028730999,-0.27660511150848993,-0.35392687082390345,-0.12139141440273785,-0.1827792042435265,-0.12928858128027768,0.2571413467120818,-0.09791994185828204,0.27329295692026734,-0.10219393327396276,-0.06696815933336424,-0.22516154840877067,0.6906694288528359,-0.08525818231584645,-0.11464673227429852,0.0626608118032205,0.4366523791520328,-0.07799990255205974,0.9203077074632388,-0.015177111658566703,0.17976813263822425,-0.3550773130120815,0.07957150684743071,0.04609564733115471,0.1901682340661165,0.10765453185882538,0.16923322195344526,-0.5890005140556646,-0.27085979176122826,0.012656778733130817,-0.23414461469993014,0.3013200121445771,-0.32076283934085814,0.2337601231898405,-0.21042460553840528,0.015265136248201633,0.12821476306459814,-0.09761278445245271
N_Acc_L,0.021358817378614187,-0.21010669651076677,0.2899385328036333,0.04828114264228352,0.3904559820031437,0.35460641273462784,-0.17264791319681236,-0.029712000695944204,0.22202984341013865,0.3067530740275721,0.04276216696875818,-0.44706157781857636,0.3843167557152034,0.6579313721036497,-0.02866796279788413,1.0,-0.13217310521876918,0.31609963578567424,0.6338424417866192,-0.2097701684590491,-0.2163538237926631,-0.2022994093377086,0.6611506728067367,-0.4218934179822332,-0.5072754507024713,0.09752427192759615,0.4763703698895453,-0.4738251563424981,0.39701270810562844,0.30815530319386064,0.5603122022396408,-0.1796088952398261,0.3840712793883145,-0.3292225067238386,-0.03193446510067539,0.47251164514975497,-0.0021557337208952857,-0.23392142771938612,0.44316148269813976,-0.2596100589590558,-0.083588287665443,-0.35014518169399994,-0.3338579975376288,-0.2410717759200502,0.02880915896772819,0.1673476064192144,0.4349838197535476,0.49240573202843396,-0.29689133493336817,-0.02755808877415098,-0.48116525515843855,0.35092431013135666,0.03274578021311589,-0.07719946119605478,-0.04224117200923502,-0.3914942033576187,-0.020262085833031632,-0.341615470918194,-0.24315862428530127,0.29216473792970105
Temporal_Mid_R,0.7332581026791202,-0.043847021904179106,-0.22873771631641507,-0.24050329374907037,0.0769130636800775,0.25859879020063914,-0.11923559918093789,-0.12971286884680674,0.09143693539375546,0.0018729792327258465,0.04993152357556042,0.31354250531518435,0.2462774314264554,0.1382281240432174,-0.007523864273937402,-0.13217310521876918,1.0,0.5665857390718048,-0.17616718138765594,0.27146406858162603,-0.2515967178048627,-0.010351588255917997,-0.43110015108971284,0.21229597600850197,0.12858890892780134,0.014173343072397912,0.31318187638177525,0.2791863610528023,-0.2706732951389374,0.06708388308097109,-0.30666774744162406,-0.021159534517264583,0.42100436588970747,0.005692536127940559,0.31141639888061523,0.09463423991107019,0.2644162436746778,0.48136258654594255,-0.13556526226616064,0.5202073708863518,-0.10829649579345967,0.5420719588348059,0.47340572510034584,0.1957463605747907,0.004632040496685184,0.348924898697277,-0.24285526414717673,0.434273739180733,0.35263353426573135,-0.12180097387587843,0.3395684510062723,-0.3272057825670196,-0.11107563996648813,0.4247595081832796,-0.09757063665841864,0.41620821917466544,0.2009151046904543,0.26422005752968836,0.5058319640030678,-0.28779250835880205
Amygdala_R,0.5006462447194592,-0.03908846258957297,0.28087392135112865,0.09140353783877436,0.06547886066524229,0.06536915565690733,-0.16427551279595637,-0.454774039872485,0.03277475008515345,0.17337034778463503,-0.014893579628094884,0.18739220603199677,0.30415424570282207,0.5784412391764218,-0.14490004345756968,0.31609963578567424,0.5665857390718048,1.0,0.2916483801904521,-0.2988614430493129,-0.4380659472865621,-0.35762654150893813,-0.03671523008038339,-0.06379627796655553,-0.17638265071887027,0.35606575530144846,0.7082971117638767,-0.09822322688871414,-0.09201475771236779,0.5745513238017582,-0.13666839903003444,-0.03543503902057883,0.33980712933956125,-0.3053666667736695,-0.09011570263703501,0.30148116706697653,0.08674858793752419,-0.014847440756415477,-0.20424549061632857,0.15130241458766416,-0.27498645079841494,0.01644514568894788,0.060797654792533885,0.39039181121346217,0.12327158788021994,0.2928726335467103,-0.17833743620394013,0.4224251807667068,-0.18087148654185317,0.031117711315459578,0.15477744573900346,0.030695531998734697,0.09607081922208881,0.05172281069024057,0.18731360308352918,0.05426408629707124,0.03092684117416921,0.16823423400880277,0.26467221889897485,0.34917627696036196
N_Acc_R,-0.06397290462593445,0.27859374921326807,0.29727990456383196,-0.025388936102169055,0.3380538297219317,0.32857363314681765,-0.029045190033328172,0.09064467119319321,0.42757393619062806,0.5784882976301504,0.06533692474836714,-0.42738806847905275,0.5952521556468575,0.7726957101078203,0.045602234255467555,0.6338424417866192,-0.17616718138765594,0.2916483801904521,1.0,-0.26747447140500147,-0.1897335054869471,-0.3107284271919809,0.5731642876788574,-0.39192947324647653,-0.5120767024445414,0.3424158265588016,0.5882931759098862,-0.47837258952042694,0.3291064109392458,0.4030946247515006,0.30704657732539636,0.19948769156941792,0.05423732452169452,-0.4106161858885647,0.009541947156337454,0.601540741699211,0.30857473920284756,-0.12436690281489342,0.5827287628225517,-0.4719009007718898,0.03680510063777372,-0.3326222907401858,-0.39551830864540827,-0.0047338950335560435,0.37066119040101647,0.18108287535651246,0.3082984246778679,0.2889480225686854,-0.16694842277364563,-0.02487198735752002,-0.330876166886474,0.5617092360484843,0.1368228382260098,-0.3080907222593787,0.02116721199784456,-0.38263090909905184,-0.21898761215092072,0.12805387252018036,-0.07539610767190429,0.43390201238940873
Postcentral_R,0.09026136432286787,0.0663009649511061,-0.5252284728712625,-0.3945756235111097,0.24578783681490726,0.19261181247989306,-0.23018336306945925,0.33336313893907193,0.2523770433389657,-0.2434630750359888,0.11673603893520812,-0.34192482278129016,0.21125689210926188,-0.3772620050935951,0.034119688958953814,-0.2097701684590491,0.27146406858162603,-0.2988614430493129,-0.26747447140500147,1.0,-0.12412632523141676,0.7904216306724967,-0.3056579013797357,0.3583770042982486,0.1980831880533384,-0.5097613289617476,-0.2731564893037391,0.09205861468105768,-0.34478234338957725,-0.5292847570639437,0.01207610120189831,-0.016956169241318094,0.035505372066920136,0.7207187460419741,0.48215726873182824,-0.21137204631051643,0.11460275592352195,0.39643361088784923,0.1499766264494248,0.12950982012479512,0.06724477264145536,0.3363493691031558,0.6196934177257836,-0.40071109929969795,0.03948809641135954,0.009659355398628265,-0.09283432055803673,0.05658231213231151,0.3204965765153202,0.016813729420000458,-0.01753782747520591,-0.45908230818792034,-0.21967642090314177,0.5121196068436289,-0.277635378181042,0.41905487001457564,0.20526209252455022,0.005297259764545155,0.20934575924470167,-0.7036671602004194
Frontal_Mid_2_L,-0.04805814459923576,0.14892981069374664,-0.0914526073141263,0.03258816275505571,-0.22804305882749246,0.24615380622362934,0.2745514033334369,0.5503282251696271,0.07323253243060635,0.059319830856818044,0.05249381001054056,0.24663627985909115,-0.33994548025995336,-0.3157128199337665,0.1906820224271109,-0.2163538237926631,-0.2515967178048627,-0.4380659472865621,-0.1897335054869471,-0.12412632523141676,1.0,-0.3220806709198268,0.3054546011599264,-0.16474782802690566,0.16418538466849533,-0.17038719501994964,-0.5382501216129304,0.36999226232175597,0.2226274309590126,-0.1900569729844785,0.2343617199563368,0.003229706285702313,-0.10714532127840946,-0.20696633034662823,-0.056994372557472306,0.05042760846750217,0.029243196286396298,0.2649609920148886,0.172289687229458,0.055958691156751936,0.3595116183956453,0.20631188028621578,-0.42338919371904854,-0.0697204884077612,0.08578702111890445,-0.07684806908723446,0.26687128922635595,-0.1869519472365157,0.37596503261710523,-0.10791917594365501,0.03716027683941198,0.16493127691160908,-0.21783805936283704,-0.25079220342556496,-0.22561693556733267,-0.2970193732759316,0.04360598115500273,0.03245776184895298,0.1326451937827853,-0.25563385575266645
Parietal_Inf_R,-0.20389813955150166,-0.04245993883701899,-0.30219861612076593,-0.24190595036484872,0.1799840039361991,-0.209198043726064,-0.23817022206441796,0.030233920128040503,-0.15573100557511718,-0.42323900478316073,0.031651178396317946,-0.3605830637283896,-0.014428202706675641,-0.44107479395239224,0.14647478090028304,-0.2022994093377086,-0.010351588255917997,-0.35762654150893813,-0.3107284271919809,0.7904216306724967,-0.3220806709198268,1.0,-0.38974107117635753,0.33731649598654334,0.0975443014244301,-0.4135127972048903,-0.3102390071442727,-0.11354464198900148,-0.35327970476370996,-0.49263362599423327,0.024598202601744727,-0.12965361330940134,-0.10705700064873327,0.8408525313994815,0.4310286649666649,-0.47300152720862554,-0.14495168789797233,-0.04218136808551553,0.011098705813362562,-0.015227076415311031,0.10996627318746706,-0.007750005410678767,0.7296469108471677,-0.339237010337991,-0.1659830311901363,-0.1632188486381778,-0.1537922292739793,-0.14711378780348552,-0.043838631686577346,-0.009207258735464819,-0.11873125469558517,-0.45125154999248374,-0.09686470191484974,0.4761106659801704,-0.07301723267346857,0.48990478639673135,0.043295259160743726,-0.15884446311974293,-0.04261957752157629,-0.41357921862593683
Thal_PuI_L,-0.15840305626367995,-0.015184886557621494,0.3095559927297887,0.08825845304536131,0.17411165613265422,0.39305360107557724,0.04663248553549047,0.27022976489909895,0.3799372996204078,0.4341500451407405,0.20752082432285093,-0.3340696455430507,0.23283739186973834,0.3230393661907739,-0.05125661028730999,0.6611506728067367,-0.43110015108971284,-0.03671523008038339,0.5731642876788574,-0.3056579013797357,0.3054546011599264,-0.38974107117635753,1.0,-0.5494135285470603,-0.4092250387312346,0.22023327257732217,0.2145595179198356,-0.32109552017669635,0.5290331513438017,0.17397120975665056,0.5746274840531929,-0.15491648650586867,0.29397759053886263,-0.38877350472912237,-0.15701471055875366,0.5443522619441071,0.12543306399298296,-0.15159717872070083,0.45293368773261045,-0.3538103001022618,0.04254743672123541,-0.2960334576293199,-0.7089919456178891,-0.1019653822999597,0.22056603022358398,0.04184573093755047,0.6013335530618559,0.3296775569530941,-0.13277801928611735,-0.017184558707107618,-0.42874761665193645,0.6219048373356322,-0.028231523750743507,-0.5126887501649579,0.001132647693682132,-0.6811368030078762,-0.1422485857077192,-0.16873606136342012,-0.2686927100134833,0.25187158615104255
Occipital_Inf_L,0.08902648609414936,-0.3384176787855898,-0.16857926580950777,-0.11984545610681993,0.154782486549716,-0.28493168300473437,0.018013113585030723,0.23752820947683467,-0.05822457503452364,-0.20602584022946532,0.11406910800956933,0.18298325071614185,0.12395388156952125,-0.2924312406977167,-0.27660511150848993,-0.4218934179822332,0.21229597600850197,-0.06379627796655553,-0.39192947324647653,0.3583770042982486,-0.16474782802690566,0.33731649598654334,-0.5494135285470603,1.0,0.8325135239001213,-0.3773264911749915,-0.3609993656726736,0.5136557872692249,-0.7524539180677985,-0.180014570549551,-0.4506916627012748,0.04757212274029034,-0.18129634609554057,0.33935773875307623,0.014302334354633905,-0.4985927257936064,-0.036163339517713916,0.41178641290141316,-0.22515306369987115,0.5579523513783015,-0.23548243803601768,0.5362160960039986,0.559619073093288,-0.03999109992590605,-0.0856567820948083,-0.15307773558421536,-0.4366993425358479,-0.30436645444862265,0.26088329037329694,0.6239288794776126,0.6226716255959633,-0.3386704533658758,0.16374356239458393,0.506254179455185,-0.0757782280627479,0.7018277437963103,0.7130790852820975,-0.10493542459942638,0.18197222162179358,-0.21115080587729657
Cerebellum_Crus1_L,0.17930485877591096,-0.32458687889461213,-0.2834819220129516,-0.10121386080898745,-0.05761801674810174,-0.2087146689225659,0.11073612908053372,0.34944470825107615,-0.07328469676412759,-0.23067206428916204,0.06638512393933908,0.4732188760966025,-0.11706890648313029,-0.42204207010229455,-0.35392687082390345,-0.5072754507024713,0.12858890892780134,-0.17638265071887027,-0.5120767024445414,0.1980831880533384,0.16418538466849533,0.0975443014244301,-0.4092250387312346,0.8325135239001213,1.0,-0.32983845660781413,-0.5197984014533007,0.8057765356120603,-0.6286370627709896,-0.25186836879885044,-0.46250456977074705,0.17453482767349807,-0.18115621282964062,0.23944595363206114,-0.15637165565286945,-0.4520066358244371,-0.07717155976962004,0.5315559100320913,-0.28358702980316397,0.6171560839579261,-0.3302318238999876,0.6380763705829322,0.3315253264585756,0.044949788703574856,-0.028332746839912024,-0.23286056083063267,-0.35537137070516833,-0.3459599581613574,0.48801543689486265,0.594657761983106,0.6723056815259411,-0.28224703531366857,0.1425117211286391,0.32614699593662394,-0.042591342067070305,0.47295490581400434,0.716153122272972,-0.08272427790165812,0.18938983090818698,-0.30091078596613297
Rectus_L,0.031486420778643984,0.03126213944789121,0.40701039657259896,0.25539029031217325,-0.2378176897597674,-0.12456135602538111,0.15282680129042556,-0.4740212407061576,0.02560851290922897,0.2986332842997232,0.04970931132495389,0.05747080075034234,0.03350855125952209,0.2889199884538331,-0.12139141440273785,0.09752427192759615,0.014173343072397912,0.35606575530144846,0.3424158265588016,-0.5097613289617476,-0.17038719501994964,-0.4135127972048903,0.22023327257732217,-0.3773264911749915,-0.32983845660781413,1.0,0.5686992984258921,-0.3460533752662586,0.17735298882423858,0.39144305742674856,-0.1226755553290658,0.03169653635179276,0.1717152555562797,-0.28095436527148304,-0.15700049951061415,0.3116261619508037,0.16670269064546878,-0.352867490169198,-0.16608566162395355,-0.23245125607147757,-0.16862204740459133,-0.3307569998107751,-0.30508087322469885,0.5482571616238217,0.054100224520692214,0.02404484933378337,-0.04885590294412198,0.21661769981910473,-0.35872780253113346,-0.06667087609875252,-0.09964075265422093,0.35545366087723246,0.127424522811391,-0.4928315616906763,0.4036801969945744,-0.32095043860584715,-0.3707681795465343,0.2139265258622594,-0.1662533072076608,0.591837633960349
Caudate_R,0.20630491698215578,0.15262765567495795,0.35505032753317695,0.17989010716603382,0.12043466977776347,0.16455553628746522,-0.17473830621652228,-0.44165991492202367,0.2327734859824165,0.4243393403930314,0.0106251454952908,-0.24543712087759242,0.5411134772716545,0.6666860157597462,-0.1827792042435265,0.4763703698895453,0.31318187638177525,0.7082971117638767,0.5882931759098862,-0.2731564893037391,-0.5382501216129304,-0.3102390071442727,0.2145595179198356,-0.3609993656726736,-0.5197984014533007,0.5686992984258921,1.0,-0.5285611480147128,0.21670775258079075,0.5694922435145138,-0.02048842325575682,0.06546724015261854,0.364949643166828,-0.27548681940279324,-0.08946204264731328,0.5883998114545961,0.2851536436735305,-0.24746276930313954,-0.025554448948580052,-0.27130834800386133,-0.3060052695455028,-0.30388473370712404,-0.14469281247894378,0.32068952371353654,0.1709317305554097,0.3788633543376631,0.03669272132212903,0.49828314813337055,-0.3559875287268625,-0.1035606088648376,-0.22209709275678347,0.23935708497996566,0.09377582838006655,-0.20803190288999276,0.19397243825312233,-0.23031343336659937,-0.29209596879178784,0.20744724907095044,0.01501268498886096,0.5105797176307583
Cerebellum_Crus2_L,0.3943808744326062,-0.1541757937993941,-0.42565043843491707,-0.2962410661418857,-0.09594057974375256,0.02522412738210781,0.11907752576741262,0.3903801303562974,-0.015421326360400675,-0.18786536204725102,-0.045705250390273074,0.7022141710253799,-0.23273305387228624,-0.33962585037074733,-0.12928858128027768,-0.4738251563424981,0.2791863610528023,-0.09822322688871414,-0.47837258952042694,0.09205861468105768,0.36999226232175597,-0.11354464198900148,-0.32109552017669635,0.5136557872692249,0.8057765356120603,-0.3460533752662586,-0.5285611480147128,1.0,-0.3190267385694809,-0.2355563002766689,-0.36730892381176317,0.15671872575764081,-0.05060414471202138,0.002467806524774112,-0.0604397235634423,-0.31201948869233126,-0.05901455647845311,0.6366887478856204,-0.12681051737658086,0.6150043683966225,-0.1284267326116029,0.7055126306867038,0.1627226728494729,0.051541861251417076,0.03339121436428653,-0.17719094763241103,-0.1768878515915919,-0.242743332809777,0.7422815831043827,0.23113517036140535,0.6095391127161418,-0.2730706411180571,0.03263717765984306,0.2126032144827403,-0.14731771196919305,0.2665486117262724,0.5282384242532121,0.0018512703085505578,0.30661081450084393,-0.43661092182069083
Cerebellum_10_R,-0.15129901860442319,0.27688574335308097,0.2541213066270315,0.07926598207522836,-0.08634111946785905,0.39159563813385084,0.1440361160662984,-0.05423643172667797,0.13394374173081738,0.4122274993375459,-0.15466569045311074,-0.1147289799191608,-0.09570040270575023,0.29345124915846554,0.2571413467120818,0.39701270810562844,-0.2706732951389374,-0.09201475771236779,0.3291064109392458,-0.34478234338957725,0.2226274309590126,-0.35327970476370996,0.5290331513438017,-0.7524539180677985,-0.6286370627709896,0.17735298882423858,0.21670775258079075,-0.3190267385694809,1.0,0.23252920320388917,0.4827265617963243,-0.06615224511287716,0.22070703259001037,-0.41895377521465943,0.06001252278653399,0.4718059817951649,0.13391646535707724,-0.27942667992427644,0.31044828318313555,-0.366529284487684,0.2679564530310992,-0.35503817258116654,-0.5746306031183597,-0.05686398606960682,0.07668219465052276,0.24326789789207934,0.5090292687008233,0.18642221791582786,-0.14058321739397153,-0.3719653529372814,-0.4707971656451482,0.3861964631818145,-0.047662857045683266,-0.38289747299884025,-0.01455716084935968,-0.5835170746844086,-0.43635745277543087,0.009437748515051119,-0.1093151520387275,0.25784119899834
Thal_LP_R,0.1805910772666087,0.1617467215434037,0.5940053716271025,0.33127069141126314,-0.06582850584657872,0.09120161483816124,0.1646947108664261,-0.37739653865799744,0.0697419632349211,0.5091418691123283,-0.043665765906555555,0.018901602594067438,0.13491278574949403,0.6041723513446476,-0.09791994185828204,0.30815530319386064,0.06708388308097109,0.5745513238017582,0.4030946247515006,-0.5292847570639437,-0.1900569729844785,-0.49263362599423327,0.17397120975665056,-0.180014570549551,-0.25186836879885044,0.39144305742674856,0.5694922435145138,-0.2355563002766689,0.23252920320388917,1.0,0.12537288594921567,0.11985282258887153,0.2623159370699821,-0.45321103526842754,-0.1960538846285225,0.46940399208010897,0.1854685696432467,-0.25953676237834844,-0.15209568316053076,0.03685654752494728,-0.10428052717203536,-0.12250908073884366,-0.30791241352830895,0.3975479916806238,0.1396636081328025,0.33704148096188746,-0.006101111032215316,0.13071170664015375,-0.3825184644845855,0.18042367752974214,-0.046473989407459365,0.45525960157663065,0.3053240781740756,-0.12673903679176568,0.20219181927674584,-0.2223032925852898,0.07310013036394677,0.14649104675513616,0.28221860571575214,0.6768261967564084
SN_pr_R,-0.09179261870398034,0.09543019835275635,0.18638006521863124,0.05528477921557545,0.24653619010633504,0.3813852466770234,0.12749704439741316,0.13566401008197299,0.15957949773603403,0.21500146701637254,0.03287487563376683,-0.3866654724455671,-0.039724881346151326,0.24954781913293264,0.27329295692026734,0.5603122022396408,-0.30666774744162406,-0.13666839903003444,0.30704657732539636,0.01207610120189831,0.2343617199563368,0.024598202601744727,0.5746274840531929,-0.4506916627012748,-0.46250456977074705,-0.1226755553290658,-0.02048842325575682,-0.36730892381176317,0.4827265617963243,0.12537288594921567,1.0,-0.3025413485405552,0.19018170907687315,-0.07582397022784826,0.17478691588097559,0.3402129729309879,0.040834701102716295,-0.14030626964926965,0.45118016551249385,-0.19717796065029247,0.3525264596887612,-0.21154890828710482,-0.31252965721826964,-0.29842453662262197,0.1938692894465739,0.17764117347831654,0.4340801256194303,0.20818410984640487,-0.21620374077533203,-0.19246820573189474,-0.5537770619958499,0.3538493063466417,-0.07921268956075622,-0.054233669752090805,-0.10113699360925078,-0.3762409975374452,-0.07176260499094834,-0.15789513496814964,0.0034708129691232263,0.07068393623791269
Temporal_Pole_Mid_L,0.07205855569016413,0.4054094282276138,-0.29469463305558646,-0.10643166669777883,-0.19231849071165755,0.1618713504085667,0.08882755422715882,0.15925913141022857,0.08036035125011091,0.198056254033956,-0.2303305501693635,0.0958240356078581,0.1697427263339274,0.19655790710716886,-0.10219393327396276,-0.1796088952398261,-0.021159534517264583,-0.03543503902057883,0.19948769156941792,-0.016956169241318094,0.003229706285702313,-0.12965361330940134,-0.15491648650586867,0.04757212274029034,0.17453482767349807,0.03169653635179276,0.06546724015261854,0.15671872575764081,-0.06615224511287716,0.11985282258887153,-0.3025413485405552,1.0,-0.29311024082977644,-0.03811266171826071,-0.074839937145575,0.13939971002186197,0.17998351155968892,0.19005857452068337,0.1322203721638321,-0.06934219918869891,-0.17474121484064603,0.12970607787065386,-0.03084777811565894,0.04109651343674158,0.34634525199896754,0.14279666267073185,-0.06016894672882842,-0.17363086683823992,0.2827716902555155,0.07798910077637926,0.040101619657480936,0.03261799072617801,0.12833303246975133,0.0553552339191454,-0.04452677830008774,-0.05871376244642693,0.0417420716068637,0.36117314863570754,0.3142765151015875,-0.03014100872419121
