,Rectus_R,Occipital_Inf_L,ACC_pre_R,Thal_PuA_R,Temporal_Pole_Sup_R,Temporal_Mid_L,Vermis_1_2,Thal_Re_L,Frontal_Inf_Tri_L,Lingual_L,Cerebellum_3_L,Occipital_Mid_R,Thal_LP_R,Cerebellum_Crus1_R,Vermis_10,Thal_IL_R,Frontal_Sup_2_R,Frontal_Med_Orb_L,Thal_PuI_R,OFCmed_R,Vermis_9,Thal_LP_L,Rectus_L,Cerebellum_6_R,OFClat_L,Temporal_Inf_R,Angular_R,OFCpost_L,Frontal_Inf_Oper_R,Parietal_Inf_L,Insula_L,Thal_MDm_L,Temporal_Sup_R,Temporal_Sup_L,Pallidum_L,Frontal_Inf_Oper_L,Amygdala_R,Vermis_8,N_Acc_L,Cerebellum_Crus2_R,Thal_MGN_L,Angular_L,Cerebellum_10_L,Thal_VA_L,Putamen_R,Thal_AV_L,Frontal_Mid_2_R,Lingual_R,Cerebellum_7b_R,Red_N_L,OFCant_R,OFCant_L,Frontal_Mid_2_L,N_Acc_R,OFCpost_R,Caudate_R,Cerebellum_6_L,Frontal_Inf_Tri_R,ParaHippocampal_R,Calcarine_R
Rectus_R,1.0,-0.17734279098294825,0.5162382843166367,-0.05712775576353829,0.2827168869371944,-0.07238881446409981,0.25686673797414916,0.1513324806750887,0.4131813235032861,0.025617796239687667,0.3930867979784254,-0.11893144717278777,0.33290826823882547,0.08706293949107723,0.36184652572374576,0.4756687511895612,0.31921472506088433,0.32900155772639683,-0.06625666153274105,0.5861471523865652,-0.03195048664120569,0.08282237538102483,0.6832293294651012,0.022658554814538007,0.25226409890790336,0.30305761931947695,0.03436342550557065,0.4979704183882475,0.050387533817678104,0.305330377665138,0.16378765348804494,0.14280093862652848,0.089934830689405,0.15106084455565583,0.15602910235449974,0.41464716903553034,-0.17547019503448083,0.07806190316340096,0.0926868431325688,0.1448609805906586,0.06289358631096144,0.18138813415381452,0.1439562873979231,0.53053054122348,0.27191792254345126,0.3009998230389713,0.2947918527728398,0.06944658380841436,-0.01812656228663535,0.5001436939616062,0.5006026554389779,0.5448341298360198,0.23056697113513483,-0.17506446083506075,0.2607745486028693,0.2938683856021218,-0.1277645108886456,0.3653759311852554,0.41313017733084073,0.001244644384678741
Occipital_Inf_L,-0.17734279098294825,1.0,-0.253382669105305,0.450411085669028,0.0784984761261758,0.8404049101438201,0.31994642251056354,-0.4528776109145182,0.02177723217364526,0.8319589482634262,0.03274528676313361,0.5695233084316628,-0.18956433384253923,0.48213662203142393,-0.772151919042948,0.07381444201682424,-0.013222344194407142,0.08970660472915915,0.7862168241484236,-0.07645246411771883,0.8943209766821242,0.439250922545493,-0.2667290048229949,0.7743905256601138,-0.3611492218327092,0.20239890566792865,0.25342703023577884,0.11525085467782689,0.40345742799745177,-0.07955026881789191,0.38791736628177664,0.13512741543424128,0.48336310474343025,0.36948367132586457,-0.043208573457064935,0.07327053766361291,0.6568612378862189,0.8149832251144375,0.2108553377669652,0.3869793742960244,0.24184029839303237,0.10262689706898413,0.5131252705748612,-0.5730366632211402,0.08673893047381585,-0.13678684228141472,0.3681616827980139,0.8009607285190135,0.44492819695179064,0.029919421531241993,-0.5515830474169224,-0.2819643317869869,0.1917343786859532,0.008229050232594038,0.0496964959740521,0.06573153149179488,0.8550933056260933,0.18234414676451588,-0.1883760932044507,0.7473822501959108
ACC_pre_R,0.5162382843166367,-0.253382669105305,1.0,0.3845216547571171,0.31212687390131605,0.05440232288824723,0.4564285832095477,0.19701060912330998,0.7937840825550028,0.11711271453556026,0.6801394546685973,-0.04202424930081699,0.5415624747832498,0.17490206489603044,0.6170547589732126,0.4383030762799681,0.7820731111736948,0.08399130180433848,0.11916977081928104,0.3170177122826235,-0.07136740235664459,0.37928427465371084,0.611078840860741,-0.003140781756150643,0.41864702026667033,0.3730992589976912,0.26000792405346296,0.7231963509425926,0.4245934076694795,0.6219403981311071,0.5945541662768696,0.5174151913754607,0.31884114549501047,0.45450441157094135,0.5424117385294475,0.7383516237496182,-0.09749834138473741,-0.019311263238388193,0.39129768723367,0.20056727725485743,0.2898402206549825,0.32825333968792975,0.37974907421528714,0.4482269897905713,0.6555333788523963,0.4647659410973109,0.5596221765338127,0.15689550734455796,0.012946069909725265,0.5631101529989139,0.5946336739447988,0.6152891397585852,0.648343305789106,0.2556885009211984,0.5481466392942186,0.5461319906265518,-0.09856787304593288,0.6071417954237334,0.7925880973775528,0.22969025561499307
Thal_PuA_R,-0.05712775576353829,0.450411085669028,0.3845216547571171,1.0,0.3157505631802998,0.5473959779194353,0.4644346505176237,-0.20318565902916091,0.4616778292612659,0.6513732176794237,0.400404194277593,0.5157950141601816,0.3903351954747607,0.47157733118538336,-0.10818425109662744,0.33111897871685625,0.5106185183861705,0.01621204480331673,0.6550447689871477,-0.04045553351029782,0.5300964079479824,0.6187058400063098,0.1424075176035885,0.5504081538305768,-0.18517101033583172,0.47704903352673833,0.435328119379611,0.5165998480803151,0.6283060613496971,0.42253666877339097,0.7146741108763083,0.6157613558767165,0.6229746435274167,0.48348734960742573,0.48933016051091727,0.4951348900211489,0.49353595246398557,0.4608599953811735,0.39398132521466006,0.4391314431617535,0.3614345405556016,0.29379490315767964,0.5888314373997163,-0.23113536938492332,0.485545883768349,0.20618173294565317,0.5771745302085524,0.6536765194342115,0.39009062325175153,0.30220226412203355,-0.09984134085362957,0.08972158378426404,0.5773485366361891,0.408534517566675,0.4753290657487844,0.44543158898251756,0.5249058124192164,0.5164258940488151,0.44731021765606654,0.6761016448982908
Temporal_Pole_Sup_R,0.2827168869371944,0.0784984761261758,0.31212687390131605,0.3157505631802998,1.0,0.044272736795739634,0.19456259946003732,-0.2750070852216156,0.09213584148739855,0.4255446622301909,0.44264472007466427,0.4910036701225637,0.42226472465484655,0.7263808962278478,-0.14355378377678507,0.21587560205539674,0.5017543638681784,0.1555306505141772,0.41823508164218903,0.08053364669620851,0.38582598154788755,0.3258397832179296,0.3841833190912048,0.5970911101567734,-0.48801857616422634,0.8480279590610347,0.40907437190118784,0.5746645324310095,0.04971677300745139,0.5056979763340073,0.32539527477841057,0.4289325604876276,0.578527042088359,-0.007679007342109793,0.45360312338756226,0.3191811223614331,0.420797258503342,0.38795653240614386,0.009322499222811602,0.8188835860626629,0.26059603713531915,0.3759651738068331,0.33774382767513716,-0.01207564075429405,0.44918764967772273,0.003594887087957208,0.3462933130221436,0.46572923234081715,0.6992286532147333,0.0450305170605335,0.14408880837736782,0.2956918492220824,0.30150632288635976,0.29703898698125886,0.8143139341997244,0.5076379015978504,0.3467930978333487,0.42959758152182376,0.30726286520354446,0.40058576326186346
Temporal_Mid_L,-0.07238881446409981,0.8404049101438201,0.05440232288824723,0.5473959779194353,0.044272736795739634,1.0,0.5293526912536354,-0.3480371765848118,0.4267033775762353,0.8154327814332113,0.3035150592691334,0.5994893496205458,-0.07067098500268748,0.49236032744959674,-0.5086472609134044,0.21235427058442344,0.3276138622050965,-0.01365112572266826,0.8123005676051557,-0.06929385701571823,0.7865131967954234,0.48887826181764027,-0.04219376145571059,0.6990529901127157,-0.10459888950942187,0.24646266255806973,0.4824680180725569,0.3834101495889957,0.5419140896882999,0.25306332985528524,0.6440348039099074,0.35679675116838055,0.5934033612310394,0.7640212449568583,0.21670868167615012,0.39181325627377145,0.5655911881687877,0.691203347300063,0.35429315350578866,0.3472145368363438,0.5346203414850423,0.4238369440329522,0.5823874060909956,-0.4076602247686715,0.4511094130602692,0.19264985500967027,0.5858847367939253,0.7903250138970623,0.4175290508805327,0.27223517317813933,-0.36399765297776204,0.008989081692614646,0.5778899993944335,0.09304845109975499,0.21995567420902798,0.3014257764552269,0.8109007085758052,0.37784826891210055,0.11865399031653125,0.7705954796108057
Vermis_1_2,0.25686673797414916,0.31994642251056354,0.4564285832095477,0.4644346505176237,0.19456259946003732,0.5293526912536354,1.0,-0.010601334637321139,0.5198436808332356,0.5612804590828057,0.6920419921524061,0.3444543433735641,0.3337805920757034,0.26772580614058195,0.07766435587055244,0.40951135580106107,0.5414066634006177,0.04321420914207569,0.4734459719331197,0.12149774295778852,0.37214908438344774,0.37362138268025274,0.33028141538138867,0.4459583615768055,0.13472988405245998,0.46354002033060177,0.4556885607764807,0.5883453796747651,0.6867407675236686,0.44592974974984567,0.6137425531988812,0.541211218631777,0.7029671837014698,0.5931638589403364,0.5087837791844777,0.4698380300288507,0.17451659525758761,0.3387387517370806,0.16720128165251302,0.2009684991784874,0.5431977390622929,0.364621138335429,0.6292363234660412,0.1339573745906879,0.5648524083437174,0.619483681046058,0.7475797610155062,0.5702870186421034,0.1486254515795364,0.4757077866235125,0.07589604115835119,0.4420836924534444,0.6828838201570022,-0.007609624351689356,0.2742473454747261,0.6095112700955891,0.49820134249103776,0.6856859335082195,0.586670171788313,0.5573662733093601
Thal_Re_L,0.1513324806750887,-0.4528776109145182,0.19701060912330998,-0.20318565902916091,-0.2750070852216156,-0.3480371765848118,-0.010601334637321139,1.0,0.11283812014236472,-0.35439459558824765,0.1599849665907364,-0.522874714875384,0.2780689842650619,-0.370393237178809,0.5368052111966761,0.12551318322952695,-0.14565595047346103,-0.178022170785095,-0.43618655036301573,0.3079802668330661,-0.4330917358935617,-0.16047384854597935,0.2133703888223,-0.4213349048754012,0.48174653862660466,-0.1633366948937901,-0.3376509412476886,0.0087716055591013,0.013379601189043092,-0.09682330031445978,-0.1554817740977424,-0.05639557592498914,-0.1531892378245761,-0.08118102669748954,0.11929078846144624,0.021919558158179288,-0.513506746960417,-0.4939531902421038,-0.20012545539243193,-0.35243414995320294,0.0669598669567331,-0.28945306545986615,-0.09149083854052627,0.6006486650581673,0.06062282218379616,0.4480103079601013,-0.04269182210754561,-0.34101893591518473,-0.39355566284411464,0.1860550077387473,0.4913580743859824,0.32558572736462515,-0.11063182719477116,-0.04122069609849729,-0.260999055622187,0.09012852365005106,-0.37005660646095573,0.16589323018491944,0.2785506425375141,-0.43265142882090923
Frontal_Inf_Tri_L,0.4131813235032861,0.02177723217364526,0.7937840825550028,0.4616778292612659,0.09213584148739855,0.4267033775762353,0.5198436808332356,0.11283812014236472,1.0,0.27503988452269135,0.6199646819688563,0.12857777344033705,0.334380920777849,0.2279623012105004,0.43889751522735226,0.4699387683583308,0.7833823953839778,0.09719964158014596,0.2921347190132497,0.2563870073183688,0.09924770685528157,0.3584692981747674,0.48560116594625746,0.10113574172472087,0.4737092720783301,0.2359734856066824,0.42062951377150326,0.7341646549683923,0.5528068765149757,0.6931331684561467,0.7692790003295933,0.5234818507248318,0.390413678609564,0.7790729804088424,0.5615000571502616,0.8709946881989451,0.04817307507843199,0.14089398798057864,0.4797234277210023,0.17524561549993847,0.43371426707600036,0.49921502584533173,0.4353232314097333,0.24480263617277795,0.7041179964004273,0.48222678696301974,0.6817855214446001,0.3023459068574018,0.0028284666811408234,0.6617053185538307,0.37486366729675913,0.5607838038206356,0.8339093815169065,0.2166747621846275,0.45191434262952124,0.5638872901376349,0.07276258671741323,0.6453625087093066,0.7046490179818438,0.3389334241592787
Lingual_L,0.025617796239687667,0.8319589482634262,0.11711271453556026,0.6513732176794237,0.4255446622301909,0.8154327814332113,0.5612804590828057,-0.35439459558824765,0.27503988452269135,1.0,0.469415175617116,0.668843537429485,0.20021558777792303,0.7129404476790908,-0.5273342563560036,0.3403809993836216,0.3346130605106808,0.0831357435387085,0.8978931560636418,-0.03821775488825706,0.913445794065656,0.5641799951782267,0.06855498197080881,0.9261367005369627,-0.3967209628567693,0.6255738939486459,0.4408987109527792,0.4834469117559288,0.5614557575005106,0.26789822689230003,0.6399365015830915,0.4804845654698786,0.774660534226215,0.5051331794056122,0.3486656273983693,0.3972389245232725,0.6322958765657585,0.820901052209102,0.2430651697425254,0.6454703068706721,0.5175141273022843,0.28648430147122106,0.757400758216939,-0.3478355115023584,0.4782120902522477,0.13943977185281872,0.664201035701157,0.9722864615192865,0.6537726207128906,0.2767768366794014,-0.2987182490917992,0.04546727107651166,0.47415062161312593,0.1645330826379665,0.3909188760389767,0.45152529606775255,0.9087563090771297,0.5640891963564455,0.24075092117119065,0.8863817826379613
Cerebellum_3_L,0.3930867979784254,0.03274528676313361,0.6801394546685973,0.400404194277593,0.44264472007466427,0.3035150592691334,0.6920419921524061,0.1599849665907364,0.6199646819688563,0.469415175617116,1.0,0.14964379282819798,0.6119612360263901,0.40485719170996837,0.36954024687734793,0.35328344802255124,0.6630074287697901,-0.06248371571898966,0.41783111230850795,0.19701796905019614,0.26231651990947336,0.48594834039525686,0.5826327359599963,0.4072324769333428,0.18529145755952678,0.625030406495673,0.31315569236381025,0.7457968519510128,0.4575374740232577,0.5675490294215202,0.6089444757016905,0.6533158913502218,0.6168781836170333,0.5402507553995357,0.6538595909754616,0.6818071905700703,0.04366697438175326,0.20116565308824116,0.19349946904209225,0.42701877328325416,0.61824661083553,0.33788122425815076,0.6427258680799236,0.4292514926914701,0.7885064660769633,0.5998552401836367,0.7143155985147045,0.5151387730625542,0.25052707774370864,0.5506684195427056,0.46121125023936327,0.6853865388676973,0.645337918544939,0.28757557110164855,0.5412774316096073,0.7222243629850829,0.3435763902058882,0.8027594738724673,0.8579114451556579,0.4175311538383646
Occipital_Mid_R,-0.11893144717278777,0.5695233084316628,-0.04202424930081699,0.5157950141601816,0.4910036701225637,0.5994893496205458,0.3444543433735641,-0.522874714875384,0.12857777344033705,0.668843537429485,0.14964379282819798,1.0,-0.12389731457461993,0.7289059310481462,-0.5577405421833956,0.2481479329910288,0.4243185892053843,0.20267715691851523,0.6784945515683031,-0.3074565059410643,0.6751224519324577,0.3108730353070301,-0.04337306193871745,0.7331001477599426,-0.6315410482999874,0.5727357906038796,0.7940499844941411,0.3304792308360523,0.37279615602690536,0.5272779319700563,0.5364895163696983,0.3388992455058004,0.6659750140766036,0.3060403767567775,0.41249482199186094,0.28925223469045264,0.6356397618125174,0.645461337868397,0.21043662053114737,0.6434962595774033,0.35983666593811714,0.6281091332014355,0.43952358085313287,-0.567270528766562,0.31221218906208026,-0.07041067664639711,0.48460303592374715,0.6979873813451094,0.7410226135544491,-0.03201233635484821,-0.49026485094495564,-0.086209269210085,0.48099147782131857,0.14062693952549468,0.4400609938525613,0.3403926243866784,0.6316176273091919,0.29159570927491607,0.03935799135247587,0.7382099762961468
Thal_LP_R,0.33290826823882547,-0.18956433384253923,0.5415624747832498,0.3903351954747607,0.42226472465484655,-0.07067098500268748,0.3337805920757034,0.2780689842650619,0.334380920777849,0.20021558777792303,0.6119612360263901,-0.12389731457461993,1.0,0.2081115085718882,0.4285153528701605,0.24607101942364526,0.33752981211745947,-0.17111101576641047,0.14958542250567008,0.3418996477491436,0.015645867978164044,0.2341016843635411,0.5183730792117138,0.19226585158819554,0.18353915473559745,0.49319061040389384,0.0005708084742330513,0.5684022175256164,0.22427477881554317,0.24572241789168642,0.2794459727153801,0.5345094780317698,0.3848828650867187,0.1883346822819948,0.4437390328135797,0.3493692689782572,-0.116896386918065,0.01937335753848433,-0.020297642203043812,0.2649118275033666,0.4335343290022534,0.010722754637043327,0.35715245267380696,0.533849831929907,0.5585150671574278,0.5001856626242075,0.3460537252521735,0.2012654393774687,0.09229573908985322,0.40354392454144616,0.6160013024798727,0.5619995162619694,0.30839907526030863,0.38907768743314014,0.42098011035615923,0.5940644239837247,0.09998515023160585,0.5587974434461356,0.6237031476048075,0.04351331107892735
Cerebellum_Crus1_R,0.08706293949107723,0.48213662203142393,0.17490206489603044,0.47157733118538336,0.7263808962278478,0.49236032744959674,0.26772580614058195,-0.370393237178809,0.2279623012105004,0.7129404476790908,0.40485719170996837,0.7289059310481462,0.2081115085718882,1.0,-0.4256654332962791,0.18992016857658317,0.46136059951445296,0.1332165554862151,0.7197336798360415,-0.017292673463375145,0.7400929288181164,0.44031444966185823,0.21828481297216823,0.8465363729867462,-0.468779459945593,0.7498888634590337,0.5721321583874583,0.5457152916854286,0.18540074101210352,0.5213666857410431,0.5266481689934218,0.4715580699404065,0.648447124310785,0.32501626791863675,0.47466889255132816,0.45021178362275766,0.4998133562777922,0.738290426901911,0.20457737703762505,0.9321055263267165,0.4467314713491837,0.5261922550968795,0.5106475476291737,-0.2698597212841771,0.4989702384799823,-0.0333939828695588,0.4943471507628458,0.7603083163264905,0.8733402939128638,-0.001500554460800739,-0.07240657220657375,0.22869552003067165,0.41820346033183703,0.3755454341481313,0.6460576358561891,0.4716282596011026,0.6523095700858468,0.45931513457886824,0.20375120429740115,0.6704576009714593
Vermis_10,0.36184652572374576,-0.772151919042948,0.6170547589732126,-0.10818425109662744,-0.14355378377678507,-0.5086472609134044,0.07766435587055244,0.5368052111966761,0.43889751522735226,-0.5273342563560036,0.36954024687734793,-0.5577405421833956,0.4285153528701605,-0.4256654332962791,1.0,0.1554302565161006,0.3159006972156363,-0.05700087599199986,-0.5184280769989004,0.23754307066088134,-0.7180725980723369,-0.12771972924515373,0.42966661776760345,-0.6207792116694343,0.6541092629898428,-0.12305552260651503,-0.15647444599615556,0.22989301800269432,0.029554915228967943,0.2690054095842298,0.03208567128840922,0.21532773245683917,-0.22845434240721618,0.03250960165698642,0.2881313302412746,0.3221927116528829,-0.5951856010181719,-0.626590237498059,0.09140686575586345,-0.3544443623867148,-0.03426669174008891,-0.020765299052116284,-0.10236774093097653,0.7427224144057731,0.22150937624495254,0.4400814945408588,0.06726478697674627,-0.48632378008752175,-0.5716804806094739,0.37681876233848033,0.7096119176152,0.5596127984220419,0.1819193284327029,0.14674357405146554,0.04019782527658726,0.23005480619806684,-0.638974874805658,0.2222426954752481,0.6100286773879935,-0.4603016089284143
Thal_IL_R,0.4756687511895612,0.07381444201682424,0.4383030762799681,0.33111897871685625,0.21587560205539674,0.21235427058442344,0.40951135580106107,0.12551318322952695,0.4699387683583308,0.3403809993836216,0.35328344802255124,0.2481479329910288,0.24607101942364526,0.18992016857658317,0.1554302565161006,1.0,0.3852322371642559,0.36471822459408776,0.11123961506951684,0.06748583358209362,0.16883100214539518,0.07189445267672159,0.33353412987458086,0.1922413285029191,-0.0333950863427187,0.3973737564214269,0.36248218702766055,0.4211115734197504,0.4277328615667965,0.4086570041871708,0.42788304660749266,0.31302580416427983,0.38270864859796255,0.2786323370472029,0.4501626585486676,0.4552242043590353,0.16982423567341512,0.19211318802199925,0.2620018969900422,0.1580284380180365,0.2823462054032012,0.3000615160372656,0.2618400343796638,0.04040294929215425,0.30057693632103816,0.377989112316469,0.4421604308606997,0.29576404117350763,0.16210946511676078,0.650322267974876,-0.03974772191046641,0.17621746528224486,0.4139164808660628,-0.2496088475178463,0.25020838704768644,0.3166421160278978,0.0895176548421421,0.4522979728733067,0.3857455236596101,0.34375342816980575
Frontal_Sup_2_R,0.31921472506088433,-0.013222344194407142,0.7820731111736948,0.5106185183861705,0.5017543638681784,0.3276138622050965,0.5414066634006177,-0.14565595047346103,0.7833823953839778,0.3346130605106808,0.6630074287697901,0.4243185892053843,0.33752981211745947,0.46136059951445296,0.3159006972156363,0.3852322371642559,1.0,0.11462178400111715,0.4105379678325732,0.04902368709731844,0.16224900318368252,0.3987602672065579,0.46016714225817695,0.26833268392315507,0.09076470036170375,0.5419529264744257,0.6810770924542452,0.7492109509206776,0.4697999098062696,0.8887954826787469,0.7662307588203229,0.6675671142185474,0.5667798610911255,0.5808490563215587,0.6813116351755953,0.8027565320498484,0.23731756592629774,0.2042626687718708,0.4399572161030054,0.44568583834244296,0.4044175651866278,0.6796274803600514,0.4704453587014661,0.08989850497987775,0.7494001741636451,0.3599508714572583,0.7014426022635476,0.38980618800714023,0.31055161709877055,0.41535702703869964,0.2705138839044984,0.5068763308992107,0.8535968576187425,0.32171707230493873,0.7537645800275432,0.6462350240586987,0.17163967395044832,0.6236082531576184,0.7145745320619638,0.5081598499693943
Frontal_Med_Orb_L,0.32900155772639683,0.08970660472915915,0.08399130180433848,0.01621204480331673,0.1555306505141772,-0.01365112572266826,0.04321420914207569,-0.178022170785095,0.09719964158014596,0.0831357435387085,-0.06248371571898966,0.20267715691851523,-0.17111101576641047,0.1332165554862151,-0.05700087599199986,0.36471822459408776,0.11462178400111715,1.0,0.002803376195249685,-0.05403390689776389,0.10648246702335094,-0.051852657140539264,0.015207612849876253,0.08737730617704663,-0.19896251019373482,0.12726231679819017,0.16786963233284083,0.061284318245159196,0.12924014587404783,0.16923806629635843,0.10555474744587758,-0.143841270401842,0.04839970172448184,-0.11254604687812429,0.07209802563212107,0.15021134015948892,0.1716132559350969,0.20073677207208693,0.12832562321213098,0.15418432868271184,-0.21859610628622123,0.10104521134823748,0.07052989014509488,-0.1342260552529484,-0.11470480129062814,-0.19091899358963135,0.14001085038712016,0.10415565158114509,0.10566133483734817,0.1488991842306733,-0.22730626471610696,-0.03837735221804974,0.042956835670642006,-0.27563272813758516,0.03854442465615961,-0.022315993986159546,-0.04819516175273622,0.07137925876995786,-0.03901310191370526,0.18438590822762926
Thal_PuI_R,-0.06625666153274105,0.7862168241484236,0.11916977081928104,0.6550447689871477,0.41823508164218903,0.8123005676051557,0.4734459719331197,-0.43618655036301573,0.2921347190132497,0.8978931560636418,0.41783111230850795,0.6784945515683031,0.14958542250567008,0.7197336798360415,-0.5184280769989004,0.11123961506951684,0.4105379678325732,0.002803376195249685,1.0,-0.051830416973102006,0.858265214039425,0.5996680899906608,0.021003011710893138,0.8655208291977926,-0.3589695986536183,0.5476455482403615,0.47937221237078276,0.4515683785845616,0.4930809517704868,0.32022014578123087,0.6578749289175091,0.49227449468990014,0.7272220777739861,0.5389356163609862,0.3075332578782936,0.4035293422253193,0.6069830950775927,0.7848951908652427,0.34034954386290545,0.6401303981811846,0.5065485928806401,0.348644146983453,0.7073321452751732,-0.38946378277526994,0.5147343996209389,0.04975831347129298,0.616267671126064,0.9064022889136709,0.655118002926699,0.1471671665693489,-0.25011783712914765,0.04332160352928354,0.5131927234945457,0.336462744153075,0.45554898698734153,0.4246899046362527,0.8825258973663941,0.4864851729219977,0.2146287426954264,0.8429117880658069
OFCmed_R,0.5861471523865652,-0.07645246411771883,0.3170177122826235,-0.04045553351029782,0.08053364669620851,-0.06929385701571823,0.12149774295778852,0.3079802668330661,0.2563870073183688,-0.03821775488825706,0.19701796905019614,-0.3074565059410643,0.3418996477491436,-0.017292673463375145,0.23754307066088134,0.06748583358209362,0.04902368709731844,-0.05403390689776389,-0.051830416973102006,1.0,0.0028785750458819033,0.1646841137551666,0.5293729981435707,-0.0044515046638418645,0.40580990162246683,0.10982306329187119,-0.2701600249177583,0.3656585352576001,-0.021892138676503057,0.006764224475992234,0.004420914900589948,0.0821953877431918,-0.001984186727580594,0.07550374146108485,-0.09542394546457215,0.23169525080325723,-0.3114473340203073,0.07080652404012604,-0.07231369538260715,0.019808381182854117,0.006217460456815863,-0.12970968545996758,0.1531957547352922,0.5340843900851951,0.1351779884535964,0.3247697456402755,0.11556417299095968,0.00013202388951952693,-0.1276407727073221,0.23832381420575363,0.6579450645480178,0.4329162962699713,0.050489970769089246,-0.015663381434706625,0.0769700940060702,0.18313486077561608,-0.06853658063199851,0.22080338371442967,0.2792682364231247,-0.09992978314942004
Vermis_9,-0.03195048664120569,0.8943209766821242,-0.07136740235664459,0.5300964079479824,0.38582598154788755,0.7865131967954234,0.37214908438344774,-0.4330917358935617,0.09924770685528157,0.913445794065656,0.26231651990947336,0.6751224519324577,0.015645867978164044,0.7400929288181164,-0.7180725980723369,0.16883100214539518,0.16224900318368252,0.10648246702335094,0.858265214039425,0.0028785750458819033,1.0,0.5964687044314618,-0.03704226534567795,0.9343066509131166,-0.45756823597347474,0.5288528610554656,0.3688173196497276,0.3235687575059403,0.39183103223133253,0.15255402884141103,0.49483596052662404,0.3014483849975741,0.6385203109863379,0.38438461230768844,0.1618956073786988,0.2684183323460354,0.6633773034728264,0.9130723381383616,0.24202696030204018,0.668804558317402,0.4021220981467282,0.24505598451111754,0.6368795829606302,-0.46384023056413154,0.3025338189089965,-0.07299092035169606,0.5207789513168254,0.9176299225921747,0.7184434674450209,0.044575643440863524,-0.3641199356402541,-0.0951234473775396,0.3165681148200138,0.13667661995440572,0.29994824934582837,0.2579350889160588,0.8986325620234497,0.3888798450021065,0.005458056774819391,0.8139024998473333
Thal_LP_L,0.08282237538102483,0.439250922545493,0.37928427465371084,0.6187058400063098,0.3258397832179296,0.48887826181764027,0.37362138268025274,-0.16047384854597935,0.3584692981747674,0.5641799951782267,0.48594834039525686,0.3108730353070301,0.2341016843635411,0.44031444966185823,-0.12771972924515373,0.07189445267672159,0.3987602672065579,-0.051852657140539264,0.5996680899906608,0.1646841137551666,0.5964687044314618,1.0,0.26272851782485146,0.5420949063446331,-0.036674001897133955,0.44900559041438276,0.20929121999058226,0.49353320839121967,0.42657761558630986,0.2845456635092034,0.555808583065952,0.4599323745143705,0.46974720894298017,0.42442889242097087,0.24086401329957674,0.44649225494231903,0.4310501927449462,0.44215660623882697,0.446738749415539,0.4803637576733211,0.25109280248355953,0.15006624576094996,0.5669015013578123,-0.041298604886309834,0.41833738239253443,0.059624876441024315,0.5395662526775189,0.6091971059494342,0.3807916976725586,0.1044739050862688,0.09280212215555508,0.16622301430839567,0.47092337479838503,0.3277084401399285,0.40438666374827875,0.2983337412965401,0.5400848014719889,0.45338882450904383,0.4117790594811365,0.5359375666233586
Rectus_L,0.6832293294651012,-0.2667290048229949,0.611078840860741,0.1424075176035885,0.3841833190912048,-0.04219376145571059,0.33028141538138867,0.2133703888223,0.48560116594625746,0.06855498197080881,0.5826327359599963,-0.04337306193871745,0.5183730792117138,0.21828481297216823,0.42966661776760345,0.33353412987458086,0.46016714225817695,0.015207612849876253,0.021003011710893138,0.5293729981435707,-0.03704226534567795,0.26272851782485146,1.0,0.07200358814061572,0.24579614138570305,0.43989061180135025,0.13069132855913834,0.6930460010779521,0.09365751897326281,0.4088207014463142,0.2825714578474505,0.3276678375790342,0.22441858392944397,0.29488431850362734,0.2872956151363559,0.4774783766073394,-0.14433297738651188,-0.017970989437274713,0.019987526636234945,0.2621227334377936,0.3077236022944275,0.23415860864952412,0.2043650677909176,0.5685723622395408,0.4547253567502625,0.43801818578680823,0.33748454330799765,0.0977802584175293,0.10882490663588303,0.42700321215549625,0.5978468511789385,0.6742042864075055,0.39726983385274434,0.04503818241062472,0.4686303726761639,0.383618015780032,-0.07779969343604021,0.4632416153850118,0.6075268777923124,0.04617933056311087
Cerebellum_6_R,0.022658554814538007,0.7743905256601138,-0.003140781756150643,0.5504081538305768,0.5970911101567734,0.6990529901127157,0.4459583615768055,-0.4213349048754012,0.10113574172472087,0.9261367005369627,0.4072324769333428,0.7331001477599426,0.19226585158819554,0.8465363729867462,-0.6207792116694343,0.1922413285029191,0.26833268392315507,0.08737730617704663,0.8655208291977926,-0.0044515046638418645,0.9343066509131166,0.5420949063446331,0.07200358814061572,1.0,-0.5308000807285362,0.72157499924227,0.459095865011569,0.4510247345839838,0.36743425562319126,0.282128443487619,0.5125179811807117,0.4293560976963238,0.7621441628555706,0.355079696348768,0.33836978833992515,0.3019829906845546,0.6258315020769369,0.8636547465945797,0.1319732896602686,0.7957045360719635,0.48221285215478793,0.34125816339944853,0.6775061321057871,-0.3437711060575287,0.4245767129816329,0.036510981836840976,0.569009533282052,0.9393991575040387,0.7960907636579972,0.06874559306960266,-0.2637495580250989,0.06502814748771674,0.37691928979616357,0.2217951115080372,0.45179940239097505,0.4443723682502288,0.9038707582096682,0.491745484335407,0.13551821778371967,0.8044473289238369
OFClat_L,0.25226409890790336,-0.3611492218327092,0.41864702026667033,-0.18517101033583172,-0.48801857616422634,-0.10459888950942187,0.13472988405245998,0.48174653862660466,0.4737092720783301,-0.3967209628567693,0.18529145755952678,-0.6315410482999874,0.18353915473559745,-0.468779459945593,0.6541092629898428,-0.0333950863427187,0.09076470036170375,-0.19896251019373482,-0.3589695986536183,0.40580990162246683,-0.45756823597347474,-0.036674001897133955,0.24579614138570305,-0.5308000807285362,1.0,-0.4461148976537526,-0.27039782201355334,0.16454175955859854,0.08037780982326576,-0.018810168639238574,0.024501205582473387,0.053789976412841445,-0.27720589680453445,0.3308872182942525,0.015095215766521695,0.21357847492400364,-0.5209917202454553,-0.41165830636102874,0.14677311023898668,-0.49160523627718283,0.07089953869334405,-0.07818876395960245,-0.12940762827052382,0.5853318780860407,0.14671310427329753,0.4447754803130054,0.03195396922792022,-0.3817553446282371,-0.6674696316760665,0.2790499464922899,0.6009332425724164,0.47735587460969436,0.173181598306849,0.04519573670919138,-0.1931843336342301,0.08463820271615081,-0.3780572980599215,0.11547142828123802,0.3176563425457362,-0.40022964045978693
Temporal_Inf_R,0.30305761931947695,0.20239890566792865,0.3730992589976912,0.47704903352673833,0.8480279590610347,0.24646266255806973,0.46354002033060177,-0.1633366948937901,0.2359734856066824,0.6255738939486459,0.625030406495673,0.5727357906038796,0.49319061040389384,0.7498888634590337,-0.12305552260651503,0.3973737564214269,0.5419529264744257,0.12726231679819017,0.5476455482403615,0.10982306329187119,0.5288528610554656,0.44900559041438276,0.43989061180135025,0.72157499924227,-0.4461148976537526,1.0,0.4978170349761668,0.6382488114681024,0.33033025788335013,0.5856154390107794,0.5146303259134307,0.5506725689922325,0.7722508633423293,0.20658308931066613,0.5807179658707161,0.4893277484443949,0.33501509327208967,0.46209916026188325,0.017558897279099313,0.769235441948841,0.4631258148049836,0.40000664055576673,0.5774652653989907,0.058561070691985136,0.6178676783154451,0.2701140280201465,0.6142462558899071,0.6586550779385673,0.7401381943557303,0.20119355084002108,0.12535164909349758,0.3698478889715445,0.4656543930600449,0.17878162408861367,0.6988606222718807,0.6679329588885237,0.5242081539006123,0.6607924281967784,0.5063623408416209,0.5677437675594807
Angular_R,0.03436342550557065,0.25342703023577884,0.26000792405346296,0.435328119379611,0.40907437190118784,0.4824680180725569,0.4556885607764807,-0.3376509412476886,0.42062951377150326,0.4408987109527792,0.31315569236381025,0.7940499844941411,0.0005708084742330513,0.5721321583874583,-0.15647444599615556,0.36248218702766055,0.6810770924542452,0.16786963233284083,0.47937221237078276,-0.2701600249177583,0.3688173196497276,0.20929121999058226,0.13069132855913834,0.459095865011569,-0.27039782201355334,0.4978170349761668,1.0,0.4602764742209959,0.4445818726766649,0.7691935368318819,0.6451164801669208,0.47461331088620634,0.6578014778868837,0.525879553934178,0.6290906445845817,0.46752895952715595,0.40714852418252784,0.3788431859100647,0.3232940815437739,0.46996373922325546,0.3989994214797775,0.8661184992738583,0.29316941879126207,-0.2969369099020807,0.49478091380601247,0.18610125596548027,0.6033026883510945,0.4888335872326394,0.5015401364948907,0.14088159420585256,-0.22348278367886126,0.2120208719352384,0.7278912828786742,0.1947853249910964,0.529074193249706,0.5030037746128183,0.3642930739890762,0.42785660069497944,0.2687881829804584,0.5508044111812903
OFCpost_L,0.4979704183882475,0.11525085467782689,0.7231963509425926,0.5165998480803151,0.5746645324310095,0.3834101495889957,0.5883453796747651,0.0087716055591013,0.7341646549683923,0.4834469117559288,0.7457968519510128,0.3304792308360523,0.5684022175256164,0.5457152916854286,0.22989301800269432,0.4211115734197504,0.7492109509206776,0.061284318245159196,0.4515683785845616,0.3656585352576001,0.3235687575059403,0.49353320839121967,0.6930460010779521,0.4510247345839838,0.16454175955859854,0.6382488114681024,0.4602764742209959,1.0,0.4862629857695223,0.6760850762217535,0.7170730278484181,0.6748021201790493,0.6419300522476649,0.6062559643468969,0.6294250052135743,0.7242732142104457,0.2002396030194822,0.3336657077253636,0.26004912207178577,0.5564947794907363,0.5451211063895164,0.4912733383575101,0.5530488936930684,0.31332911001238023,0.76512965797107,0.5086514704497626,0.7059980666364267,0.5276895644874924,0.3291261903445249,0.49886664618289894,0.4296956391028581,0.7336929533164871,0.757055955634789,0.34213189092819923,0.7126723650481823,0.7594636067502818,0.3308260149381036,0.7694638338383609,0.7146276597604596,0.46407475606298854
Frontal_Inf_Oper_R,0.050387533817678104,0.40345742799745177,0.4245934076694795,0.6283060613496971,0.04971677300745139,0.5419140896882999,0.6867407675236686,0.013379601189043092,0.5528068765149757,0.5614557575005106,0.4575374740232577,0.37279615602690536,0.22427477881554317,0.18540074101210352,0.029554915228967943,0.4277328615667965,0.4697999098062696,0.12924014587404783,0.4930809517704868,-0.021892138676503057,0.39183103223133253,0.42657761558630986,0.09365751897326281,0.36743425562319126,0.08037780982326576,0.33033025788335013,0.4445818726766649,0.4862629857695223,1.0,0.42208219214607406,0.790710619077343,0.46576484970213816,0.7202894016666083,0.5444514060662958,0.5295055986492498,0.5506757019062342,0.23144066512971326,0.3275989422785468,0.3612781534776776,0.11720717230378201,0.3816176802071361,0.2261631809325195,0.6343760255953796,-0.04330785581545932,0.523219281393961,0.40317367503637125,0.8081993680872613,0.5890299811139399,0.08221816543885153,0.45684516292357125,-0.06780507803905858,0.23107239697342233,0.6739156083468917,0.13266151846871055,0.1977999598025348,0.5652829735052818,0.4231939794073491,0.7341986840804744,0.4991926018990005,0.5770084291712925
Parietal_Inf_L,0.305330377665138,-0.07955026881789191,0.6219403981311071,0.42253666877339097,0.5056979763340073,0.25306332985528524,0.44592974974984567,-0.09682330031445978,0.6931331684561467,0.26789822689230003,0.5675490294215202,0.5272779319700563,0.24572241789168642,0.5213666857410431,0.2690054095842298,0.4086570041871708,0.8887954826787469,0.16923806629635843,0.32022014578123087,0.006764224475992234,0.15255402884141103,0.2845456635092034,0.4088207014463142,0.282128443487619,-0.018810168639238574,0.5856154390107794,0.7691935368318819,0.6760850762217535,0.42208219214607406,1.0,0.7138712115264755,0.614993513973193,0.5555419364498195,0.4818247284182603,0.8013501936855554,0.7980788562341181,0.1737375739226621,0.20710940728365423,0.3595813184407771,0.4879633031540828,0.41447489975062807,0.8012681578872175,0.409921575465268,0.0884885829533355,0.7000587897642863,0.34615347041520217,0.695287975811045,0.3591744913567313,0.3896472445853526,0.3070330280568904,0.2064450288972606,0.5168545636514076,0.8057425043964844,0.2991729773625944,0.6561050067418462,0.6957077599173191,0.11141279694146927,0.631592063645184,0.6325013870720947,0.4115426311547242
Insula_L,0.16378765348804494,0.38791736628177664,0.5945541662768696,0.7146741108763083,0.32539527477841057,0.6440348039099074,0.6137425531988812,-0.1554817740977424,0.7692790003295933,0.6399365015830915,0.6089444757016905,0.5364895163696983,0.2794459727153801,0.5266481689934218,0.03208567128840922,0.42788304660749266,0.7662307588203229,0.10555474744587758,0.6578749289175091,0.004420914900589948,0.49483596052662404,0.555808583065952,0.2825714578474505,0.5125179811807117,0.024501205582473387,0.5146303259134307,0.6451164801669208,0.7170730278484181,0.790710619077343,0.7138712115264755,1.0,0.6316642979252489,0.7474857889733734,0.7424328119532825,0.6986977809344227,0.8248925901767807,0.3635117063602457,0.4674234324165516,0.5063615078561371,0.44386888387444956,0.5169040714669157,0.5509610492643003,0.6635885628642336,-0.05334889986586565,0.7778524067106513,0.33625999718915484,0.8632153181103154,0.6847708288844397,0.37019436898827357,0.48050832982227426,0.05358136916082644,0.38730595558172215,0.854733995078566,0.34204215561465356,0.5648489207835325,0.6931648759727581,0.46722077978503174,0.7725273588940539,0.6021657800346709,0.6767450464885163
Thal_MDm_L,0.14280093862652848,0.13512741543424128,0.5174151913754607,0.6157613558767165,0.4289325604876276,0.35679675116838055,0.541211218631777,-0.05639557592498914,0.5234818507248318,0.4804845654698786,0.6533158913502218,0.3388992455058004,0.5345094780317698,0.4715580699404065,0.21532773245683917,0.31302580416427983,0.6675671142185474,-0.143841270401842,0.49227449468990014,0.0821953877431918,0.3014483849975741,0.4599323745143705,0.3276678375790342,0.4293560976963238,0.053789976412841445,0.5506725689922325,0.47461331088620634,0.6748021201790493,0.46576484970213816,0.614993513973193,0.6316642979252489,1.0,0.5924656547748307,0.47967267631143035,0.6687725129940353,0.5721165544481939,0.18181811019072233,0.32985863497879,0.3600873046463588,0.45221306971430647,0.5096217123022757,0.446801959123257,0.5356836096363476,0.16860718167324645,0.6706755479349205,0.4989985472410892,0.6269983827480704,0.5094078726318622,0.2742615392239555,0.27758758928850846,0.2731701206254072,0.5405571010526431,0.65420589255815,0.5612526121567921,0.5720621666888358,0.6871778398542797,0.39545510715471066,0.6396775897238257,0.663198984415108,0.46512058790617894
Temporal_Sup_R,0.089934830689405,0.48336310474343025,0.31884114549501047,0.6229746435274167,0.578527042088359,0.5934033612310394,0.7029671837014698,-0.1531892378245761,0.390413678609564,0.774660534226215,0.6168781836170333,0.6659750140766036,0.3848828650867187,0.648447124310785,-0.22845434240721618,0.38270864859796255,0.5667798610911255,0.04839970172448184,0.7272220777739861,-0.001984186727580594,0.6385203109863379,0.46974720894298017,0.22441858392944397,0.7621441628555706,-0.27720589680453445,0.7722508633423293,0.6578014778868837,0.6419300522476649,0.7202894016666083,0.5555419364498195,0.7474857889733734,0.5924656547748307,1.0,0.5161094805119243,0.6368954670056997,0.5017649715647269,0.43014967757498185,0.5490092615845632,0.16599508969237992,0.6003017241264904,0.5960257960818167,0.45399102350957843,0.6777885166081355,-0.11014066140767456,0.6886423418376961,0.39387642291427666,0.8062779546493075,0.805492597260432,0.5690036831892583,0.310618435668404,-0.04413667601896977,0.32886916473396655,0.6865845267304446,0.23519028705801334,0.579915437930474,0.7288785758501083,0.7099727773831747,0.7763623353759497,0.47689466529206836,0.7064190250978221
