,SN_pc_R,OFCant_L,Vermis_10,Cerebellum_10_L,Calcarine_R,Fusiform_L,Olfactory_L,Lingual_L,Thal_Re_L,Temporal_Sup_R,Supp_Motor_Area_R,Frontal_Mid_2_R,Thal_IL_L,ACC_sup_L,ACC_sup_R,SN_pr_R,Thal_VL_L,Thal_PuA_R,Parietal_Sup_R,Frontal_Sup_Medial_L,Temporal_Pole_Sup_R,Temporal_Sup_L,Vermis_4_5,Cerebellum_6_R,Insula_L,Thal_LGN_R,OFClat_L,SupraMarginal_R,Thal_PuM_R,N_Acc_R,Angular_R,Cerebellum_7b_R,Thal_MGN_R,Thal_MDm_R,Thal_PuA_L,Cerebellum_Crus2_L,Parietal_Sup_L,Cingulate_Mid_L,Thal_LP_R,LC_R,Thal_VA_L,Vermis_8,Cingulate_Post_R,Thal_MDl_L,Thal_MDl_R
SN_pc_R,1.0,0.5252867303079518,0.16996767509348593,0.4695588269253125,0.4671665002283157,0.40638932529744026,0.47068835496127176,0.44252309094031106,-0.1396345437309379,0.5436723463789025,0.688861107447996,0.6196504669467829,0.27843594173731134,0.6092953302958873,0.6703235233407676,0.4483174458294012,0.6034904163632212,0.44085014754589813,0.05123691269678749,0.6431813493541326,0.5535147573846317,0.47898016026495877,0.6403439760940893,0.43365862383246606,0.6227256565076668,0.21816608443876198,-0.025647467391008746,0.353380340092462,0.6323292738875462,0.2709933494120188,0.5326911986120274,0.4524457952893785,0.21476663273530192,0.5094009795796763,0.6668922701001501,0.03647782565732144,0.44381963592999635,0.6657854296035218,0.46642314098109716,0.5259794798800396,0.15541968571622466,0.362908539878545,0.6651294414942976,0.6282329364822776,0.4186590530865704
OFCant_L,0.5252867303079518,1.0,0.5596127984220419,0.2703778080167237,-0.008052432500731326,0.17598566143291794,0.5562808769668628,0.04546727107651166,0.32558572736462515,0.32886916473396655,0.49943550923240837,0.4776949747485778,0.17573123289536488,0.47767875943711635,0.4411180612294177,0.7149627731619864,0.7601547506703299,0.08972158378426404,0.015133630820111524,0.522488606371803,0.2956918492220824,0.41930489228205264,0.4100938034969567,0.06502814748771674,0.38730595558172215,0.22275248518456872,0.47735587460969436,0.10604537541468352,0.23547741722197085,0.32502642271376886,0.2120208719352384,-0.04164217541391605,-0.07909925577879431,0.5340656963901448,0.4464940162016607,-0.31573268853960634,0.3283568184373565,0.6246715625839695,0.5619995162619694,0.36712150418488027,0.7114387786569236,-0.039663392244055344,0.6174323322989312,0.5211100928491179,0.643114253499922
Vermis_10,0.16996767509348593,0.5596127984220419,1.0,-0.10236774093097653,-0.4603016089284143,-0.26473174410022926,0.3745558514233092,-0.5273342563560036,0.5368052111966761,-0.22845434240721618,0.0546305772205413,0.06726478697674627,0.11685941914519303,0.2440794661554802,0.17793234154211457,0.49182685368967893,0.40402039772757903,-0.10818425109662744,0.46740779923726866,0.33823828062419103,-0.14355378377678507,0.03250960165698642,-0.04109773294872534,-0.6207792116694343,0.03208567128840922,-0.011759809726572552,0.6541092629898428,0.018512347295692056,-0.23384644573248256,0.14674357405146554,-0.15647444599615556,-0.5716804806094739,-0.18846576505450469,0.2187092532209788,-0.005499531050704771,-0.5225062340809744,0.4174269724860314,0.13192252408824046,0.4285153528701605,0.27465156934639234,0.7427224144057731,-0.626590237498059,0.16056360366941247,0.09295820568956006,0.6191613411238602
Cerebellum_10_L,0.4695588269253125,0.2703778080167237,-0.10236774093097653,1.0,0.7403956050606464,0.8051328756066642,0.380354934224639,0.757400758216939,-0.09149083854052627,0.6777885166081355,0.7455138355520405,0.7842552130013488,0.1761512806518933,0.6836286502759408,0.6584891288057305,0.41501209607847606,0.49934974704489077,0.5888314373997163,-0.24564142335038386,0.29860308907717054,0.33774382767513716,0.42019130369765084,0.7728934180192191,0.6775061321057871,0.6635885628642336,0.40704025188770177,-0.12940762827052382,0.5032932051196993,0.7331021071346566,0.21576347406661694,0.29316941879126207,0.3979388507144086,0.24454424854624685,0.46118395154793623,0.62618337825688,0.18880183953192378,-0.00017829740951686002,0.559495492603904,0.35715245267380696,0.24656520421681463,0.030101536713737293,0.6224196321101254,0.43207283779249456,0.6218998139897618,0.18819585636132002
Calcarine_R,0.4671665002283157,-0.008052432500731326,-0.4603016089284143,0.7403956050606464,1.0,0.832217975842001,0.19265583275607584,0.8863817826379613,-0.43265142882090923,0.7064190250978221,0.6894773246108429,0.6654129316516235,0.28011077798187095,0.5310534321276061,0.6184040363041678,0.16311546670795665,0.22814223409966627,0.6761016448982908,-0.12669132996780796,0.388362826350743,0.40058576326186346,0.4722094523828106,0.7842851196857232,0.8044473289238369,0.6767450464885163,0.22041427203134456,-0.40022964045978693,0.5406083813951166,0.8553156752257025,0.12573782534348146,0.5508044111812903,0.6245427263424205,0.2935292058386546,0.36722426852033957,0.5797412719877918,0.46909019126203017,0.08335720507984871,0.4944030106687456,0.04351331107892735,0.18314389037596904,-0.4434278878976006,0.7699786088007391,0.3440036598724911,0.5752383341516285,-0.05933911637559125
Fusiform_L,0.40638932529744026,0.17598566143291794,-0.26473174410022926,0.8051328756066642,0.832217975842001,1.0,0.38220983422305244,0.874314077344448,-0.156358908250832,0.7035428270898431,0.6885186620904307,0.7081029175973168,0.37801735031168276,0.5818150110899036,0.5613891667383428,0.38623324649722335,0.46856593952860665,0.6799877162610842,-0.2777566695880529,0.31994268454571134,0.1955756426986706,0.5970362300883517,0.8447668911295662,0.723996396386722,0.6623263161246878,0.3853833006156596,-0.08855816660393227,0.44315498293349925,0.7932089165264251,0.19306614805145356,0.33995432618365096,0.3601096230615486,0.3087562522021363,0.5492843916223803,0.5172699216322334,0.4021251059938209,-0.11795762156791972,0.5456464906446297,0.2528940835022497,0.13960109030609627,-0.14485516451533317,0.6200337447648461,0.34912942208286024,0.64582988035304,0.10523098683485595
Olfactory_L,0.47068835496127176,0.5562808769668628,0.3745558514233092,0.380354934224639,0.19265583275607584,0.38220983422305244,1.0,0.250451360290674,0.12374638971992652,0.3207051023543935,0.516143917553988,0.466861275737436,0.40801770872552057,0.5907152654953316,0.5406766809082334,0.4808112499876747,0.5861840473470882,0.4013350259453473,0.05167671041238864,0.42387457022998937,0.19897004286993464,0.44300614883488115,0.49162002414771755,0.15835403709442422,0.46759746741161184,0.2270921538982003,0.37779117836792325,0.22665706552032214,0.36414341095665076,0.30645566150072995,0.1184880234412542,-0.019677973262287107,0.10080012385388532,0.5004788677240484,0.44423422654849,0.027797254335965912,0.15269173343742815,0.40966013695664294,0.5563090083914862,0.316203094563178,0.41585677326504933,0.1743652849379047,0.4127524177858872,0.47882390819527837,0.39655710093835717
Lingual_L,0.44252309094031106,0.04546727107651166,-0.5273342563560036,0.757400758216939,0.8863817826379613,0.874314077344448,0.250451360290674,1.0,-0.35439459558824765,0.774660534226215,0.670842919207284,0.664201035701157,0.27020602463425253,0.5499720423761343,0.5824339031811617,0.1729202572201489,0.3482116255266725,0.6513732176794237,-0.4410546724321068,0.2464893326824916,0.4255446622301909,0.5051331794056122,0.7698705792066126,0.9261367005369627,0.6399365015830915,0.33411034495843384,-0.3967209628567693,0.4448254290120078,0.8585216002366256,0.1645330826379665,0.4408987109527792,0.6537726207128906,0.3931161346344064,0.46949191558734926,0.6145173624772784,0.4526114101011819,-0.1842855195190142,0.5265655834549741,0.20021558777792303,0.23064614503580058,-0.3478355115023584,0.820901052209102,0.4021183447625584,0.5950315876928616,-0.07082393330905688
Thal_Re_L,-0.1396345437309379,0.32558572736462515,0.5368052111966761,-0.09149083854052627,-0.43265142882090923,-0.156358908250832,0.12374638971992652,-0.35439459558824765,1.0,-0.1531892378245761,-0.14590527866937944,-0.04269182210754561,0.01882840732827322,0.07421453031837265,-0.08996018735732275,0.24275597788086536,0.2865370530122457,-0.20318565902916091,0.022968771084776882,-0.06717709527438841,-0.2750070852216156,-0.08118102669748954,-0.11462917538187882,-0.4213349048754012,-0.1554817740977424,-0.017417437006259334,0.48174653862660466,-0.11202095538442894,-0.2625980324242474,-0.04122069609849729,-0.3376509412476886,-0.39355566284411464,-0.10122236414977588,0.13243279850811154,-0.2279986058073207,-0.3174752234646411,-0.05585848556830307,0.019885838218095718,0.2780689842650619,0.11158795162575688,0.6006486650581673,-0.4939531902421038,0.08142927175763762,-0.0026439978256145875,0.48473411060678756
Temporal_Sup_R,0.5436723463789025,0.32886916473396655,-0.22845434240721618,0.6777885166081355,0.7064190250978221,0.7035428270898431,0.3207051023543935,0.774660534226215,-0.1531892378245761,1.0,0.7772736500259197,0.8062779546493075,0.18500850262858928,0.5253843270994362,0.6963590830007828,0.4399278537887968,0.5306114256847837,0.6229746435274167,-0.266392483025998,0.4861242553928663,0.578527042088359,0.5161094805119243,0.7519045402023652,0.7621441628555706,0.7474857889733734,0.3260655645508435,-0.27720589680453445,0.6653948936880857,0.7679263176862954,0.23519028705801334,0.6578014778868837,0.5690036831892583,0.27999596382505915,0.5336723686127918,0.6342772700100788,0.11213001354096519,0.16351631100123212,0.6979364022900065,0.3848828650867187,0.4344612855651775,-0.11014066140767456,0.5490092615845632,0.5316312634552753,0.7349265485242624,0.22125527077215562
Supp_Motor_Area_R,0.688861107447996,0.49943550923240837,0.0546305772205413,0.7455138355520405,0.6894773246108429,0.6885186620904307,0.516143917553988,0.670842919207284,-0.14590527866937944,0.7772736500259197,1.0,0.9223851976787738,0.37977030078095586,0.7916172229713766,0.8667899027551955,0.5327055065558883,0.6141187048969872,0.5895078314009238,-0.011979245941426717,0.7282102577337569,0.4553400563350822,0.6703704864381446,0.7557367698683634,0.5909321327416212,0.889438908505252,0.2931847575583723,0.043927316327592794,0.6842005235667838,0.7758668875354067,0.2298899082615692,0.5745859985699094,0.40393767011805465,0.12919065760020368,0.5642483481408241,0.7449009849193305,0.1178126090380402,0.30644193342214127,0.8061815404786598,0.33674569140120897,0.4432660150800801,0.08203469083758494,0.5232594832576569,0.5809125204970623,0.7780503320981109,0.3837905545848891
Frontal_Mid_2_R,0.6196504669467829,0.4776949747485778,0.06726478697674627,0.7842552130013488,0.6654129316516235,0.7081029175973168,0.466861275737436,0.664201035701157,-0.04269182210754561,0.8062779546493075,0.9223851976787738,1.0,0.36414726203356457,0.7735835208840356,0.8289415637611836,0.5493033888470803,0.6206694626629721,0.5771745302085524,-0.0354712526531242,0.650361633035772,0.3462933130221436,0.6399550461386649,0.7276490027813919,0.569009533282052,0.8632153181103154,0.3244311703552899,0.03195396922792022,0.7582988082945789,0.7233101272510551,0.20570761244253394,0.6033026883510945,0.34748046276891914,0.15119866595431258,0.5485616622866897,0.6574642184006587,0.060605637633692415,0.24887073164707968,0.8336668869019924,0.3460537252521735,0.38516889081931677,0.12323542830773361,0.5035882785691956,0.5985490629128711,0.7661409224195401,0.4213953244290941
Thal_IL_L,0.27843594173731134,0.17573123289536488,0.11685941914519303,0.1761512806518933,0.28011077798187095,0.37801735031168276,0.40801770872552057,0.27020602463425253,0.01882840732827322,0.18500850262858928,0.37977030078095586,0.36414726203356457,1.0,0.45277323539549547,0.3914408977555478,0.20486782403463039,0.22490188365357605,0.3783226668448303,0.27271106129122974,0.4700043296636772,-0.18028903549151482,0.5672747364138084,0.3110295050431906,0.06622348297974115,0.4962880611929081,-0.008878368994113527,0.30208110043343295,0.29454568755170035,0.3291037463517348,-0.021558245263189,0.25542646508263067,-0.10338844528669708,0.17113156751030445,0.36117710149760884,0.19038806571531927,0.269152498211756,0.13226628813728367,0.33566571653240146,0.0006544186712710689,-0.0026628189852074473,-0.02016231752385595,0.17130117034983078,0.2180049192153873,0.36150891685859776,0.29625441953461856
ACC_sup_L,0.6092953302958873,0.47767875943711635,0.2440794661554802,0.6836286502759408,0.5310534321276061,0.5818150110899036,0.5907152654953316,0.5499720423761343,0.07421453031837265,0.5253843270994362,0.7916172229713766,0.7735835208840356,0.45277323539549547,1.0,0.8829904619395571,0.41940021378130676,0.6190611103629076,0.6131219757781476,0.016520979481653753,0.5693853818124259,0.2836839983702378,0.5622409361753123,0.6527455392799469,0.4429434255368253,0.7495124133611563,0.39881930313760544,0.18436258807273098,0.5044559041100473,0.6769073404623418,0.32158080620588636,0.3087896904533463,0.28333456748965474,0.18482469878003913,0.5154364649363811,0.7272238471203464,0.10732144328381671,0.1571788331941078,0.6808570339498746,0.45485575950627055,0.4540687172537466,0.21504948961461154,0.45626548133421424,0.5637085610159343,0.6583291546790899,0.389392710197325
ACC_sup_R,0.6703235233407676,0.4411180612294177,0.17793234154211457,0.6584891288057305,0.6184040363041678,0.5613891667383428,0.5406766809082334,0.5824339031811617,-0.08996018735732275,0.6963590830007828,0.8667899027551955,0.8289415637611836,0.3914408977555478,0.8829904619395571,1.0,0.4172452632137888,0.5729454669366213,0.6904331366824272,0.11343101653259777,0.707290435572565,0.5241338239243155,0.5343709050551154,0.6955226068533316,0.49802452210734904,0.8392484573315635,0.2914264341522592,-0.019526162949692064,0.6960238733177638,0.7496508588759624,0.3253981241815882,0.5393189943842686,0.3868712369498401,0.2017956460926355,0.5086603801969848,0.7627116014148202,0.06779836981846321,0.3662736168421838,0.6833558679050237,0.42821051667416027,0.5177010881743828,0.07067745801334979,0.4393735982134325,0.5461310676345646,0.7321155416475554,0.3620040253312891
SN_pr_R,0.4483174458294012,0.7149627731619864,0.49182685368967893,0.41501209607847606,0.16311546670795665,0.38623324649722335,0.4808112499876747,0.1729202572201489,0.24275597788086536,0.4399278537887968,0.5327055065558883,0.5493033888470803,0.20486782403463039,0.41940021378130676,0.4172452632137888,1.0,0.7211058820089126,0.2822230936215322,0.061022063602987335,0.5559723409231417,0.19179677746705268,0.49022612450517705,0.588694438976991,0.10216529299538099,0.4716220463851226,0.34731059083447285,0.39624377378919307,0.23774801076979835,0.38589771100834913,0.36082063625254757,0.30591864857970624,-0.021133421404411875,0.09035113724664705,0.6653786490956402,0.44814270430569864,-0.17497838610238572,0.37656321067744647,0.6057678536464778,0.518903482314178,0.3508169373805558,0.4799292454960266,-0.07514499318663821,0.5169115677817259,0.613078067325981,0.5845609252830472
Thal_VL_L,0.6034904163632212,0.7601547506703299,0.40402039772757903,0.49934974704489077,0.22814223409966627,0.46856593952860665,0.5861840473470882,0.3482116255266725,0.2865370530122457,0.5306114256847837,0.6141187048969872,0.6206694626629721,0.22490188365357605,0.6190611103629076,0.5729454669366213,0.7211058820089126,1.0,0.39763096847906493,-0.18426277064170823,0.5066745106554895,0.4047114463850393,0.5285259679133958,0.633169753614383,0.31677601422937895,0.5352299790292113,0.4208197034438332,0.29567370120595765,0.21443098771821267,0.49200409161798303,0.41815618808373856,0.248677354148636,0.15628259902198705,0.21780318453720815,0.7022948052381042,0.5415870474563004,-0.13458601489647992,0.18224212364840484,0.6966204600123708,0.7579035643179453,0.5082289324204071,0.5745954903704885,0.1257322490026759,0.6899717435770798,0.7492844238510407,0.6264620201480446
Thal_PuA_R,0.44085014754589813,0.08972158378426404,-0.10818425109662744,0.5888314373997163,0.6761016448982908,0.6799877162610842,0.4013350259453473,0.6513732176794237,-0.20318565902916091,0.6229746435274167,0.5895078314009238,0.5771745302085524,0.3783226668448303,0.6131219757781476,0.6904331366824272,0.2822230936215322,0.39763096847906493,1.0,0.03798559194032536,0.47025590263025463,0.3157505631802998,0.48348734960742573,0.7100310596469933,0.5504081538305768,0.7146741108763083,0.46451301915250526,-0.18517101033583172,0.5210282042739096,0.7390958634265653,0.408534517566675,0.435328119379611,0.39009062325175153,0.4646758859527903,0.41845700360818366,0.574625518437755,0.40281747491469877,0.18065482369395242,0.44490061764843714,0.3903351954747607,0.2377577463291652,-0.23113536938492332,0.4608599953811735,0.33148681842982936,0.6285352922880952,0.03631395834570334
Parietal_Sup_R,0.05123691269678749,0.015133630820111524,0.46740779923726866,-0.24564142335038386,-0.12669132996780796,-0.2777566695880529,0.05167671041238864,-0.4410546724321068,0.022968771084776882,-0.266392483025998,-0.011979245941426717,-0.0354712526531242,0.27271106129122974,0.016520979481653753,0.11343101653259777,0.061022063602987335,-0.18426277064170823,0.03798559194032536,1.0,0.4911912964276171,-0.29731556718248375,0.10641268630629812,-0.10802714701906992,-0.5500033445067917,0.1312466569718328,-0.21385884563884155,0.3294330775750152,0.25981059516375093,-0.15909340422315296,0.04705386031195389,0.27660871682157256,-0.3881858792562359,-0.09528261520059836,-0.0656542944937508,-0.14299719331862454,-0.05188373619745701,0.7248158082372702,-0.026767746804758744,-0.22499491821269957,-0.10042562856387335,-0.06437141141156966,-0.339346730149589,-0.11515219852389443,-0.03696758866734399,0.08718933164754836
Frontal_Sup_Medial_L,0.6431813493541326,0.522488606371803,0.33823828062419103,0.29860308907717054,0.388362826350743,0.31994268454571134,0.42387457022998937,0.2464893326824916,-0.06717709527438841,0.4861242553928663,0.7282102577337569,0.650361633035772,0.4700043296636772,0.5693853818124259,0.707290435572565,0.5559723409231417,0.5066745106554895,0.47025590263025463,0.4911912964276171,1.0,0.2781411349323022,0.7220092390813886,0.5400805027619395,0.14440596817240678,0.791388977669206,0.1645719939270111,0.252698379789075,0.5458882905761373,0.5341414248805453,0.2820659777130298,0.7031329927145054,0.1615048384237895,0.09680201875551273,0.46012636487421127,0.5144092132717344,0.04470638732044332,0.7082607855220426,0.7259765398228866,0.22204199374386901,0.3698669460180805,0.07459457146934137,0.11249755763536592,0.5547420159334191,0.6827816704314494,0.4231051314237684
Temporal_Pole_Sup_R,0.5535147573846317,0.2956918492220824,-0.14355378377678507,0.33774382767513716,0.40058576326186346,0.1955756426986706,0.19897004286993464,0.4255446622301909,-0.2750070852216156,0.578527042088359,0.4553400563350822,0.3462933130221436,-0.18028903549151482,0.2836839983702378,0.5241338239243155,0.19179677746705268,0.4047114463850393,0.3157505631802998,-0.29731556718248375,0.2781411349323022,1.0,-0.007679007342109793,0.45241965640202364,0.5970911101567734,0.32539527477841057,0.10296102147975132,-0.48801857616422634,0.2532564343673655,0.5371115216668046,0.29703898698125886,0.40907437190118784,0.6992286532147333,0.18625799880792263,0.2771718225145728,0.5676717663075768,-0.05966410282648156,0.28523259682266205,0.3150706535022122,0.42226472465484655,0.509164527079752,-0.01207564075429405,0.38795653240614386,0.4063450867133448,0.42212760226032486,0.1276586975017326
Temporal_Sup_L,0.47898016026495877,0.41930489228205264,0.03250960165698642,0.42019130369765084,0.4722094523828106,0.5970362300883517,0.44300614883488115,0.5051331794056122,-0.08118102669748954,0.5161094805119243,0.6703704864381446,0.6399550461386649,0.5672747364138084,0.5622409361753123,0.5343709050551154,0.49022612450517705,0.5285259679133958,0.48348734960742573,0.10641268630629812,0.7220092390813886,-0.007679007342109793,1.0,0.5869954479857225,0.355079696348768,0.7424328119532825,0.39149439028641914,0.3308872182942525,0.3293933896173006,0.5797446031114574,0.19530521975059484,0.525879553934178,0.1608547995856689,0.17553389278470075,0.5215950052309334,0.501674813890365,0.2954763639315525,0.20746934255023777,0.7483089916504291,0.1883346822819948,0.24601177737649305,0.010560800613269354,0.3177976189976707,0.5410332787129242,0.6770677337417,0.2574619468750311
Vermis_4_5,0.6403439760940893,0.4100938034969567,-0.04109773294872534,0.7728934180192191,0.7842851196857232,0.8447668911295662,0.49162002414771755,0.7698705792066126,-0.11462917538187882,0.7519045402023652,0.7557367698683634,0.7276490027813919,0.3110295050431906,0.6527455392799469,0.6955226068533316,0.588694438976991,0.633169753614383,0.7100310596469933,-0.10802714701906992,0.5400805027619395,0.45241965640202364,0.5869954479857225,1.0,0.6725394915146621,0.7095722005544348,0.4023006922224536,-0.06935146896611663,0.44774943275627016,0.8699281825554173,0.3531655315693257,0.4893566177386263,0.4563442490236496,0.3654115901655349,0.7182542846053297,0.6766571692233194,0.26904689564147416,0.24951971821762686,0.654829303080556,0.48572368053358556,0.35890619226737547,-0.032792021401827846,0.5450441645293062,0.5666063953536886,0.8002700412737984,0.24805464490726226
Cerebellum_6_R,0.43365862383246606,0.06502814748771674,-0.6207792116694343,0.6775061321057871,0.8044473289238369,0.723996396386722,0.15835403709442422,0.9261367005369627,-0.4213349048754012,0.7621441628555706,0.5909321327416212,0.569009533282052,0.06622348297974115,0.4429434255368253,0.49802452210734904,0.10216529299538099,0.31677601422937895,0.5504081538305768,-0.5500033445067917,0.14440596817240678,0.5970911101567734,0.355079696348768,0.6725394915146621,1.0,0.5125179811807117,0.33560898865982625,-0.5308000807285362,0.3383928572725807,0.7979158031387794,0.2217951115080372,0.459095865011569,0.7960907636579972,0.32813077684009234,0.35370380212138613,0.6434659446559318,0.37940145269452596,-0.16332597015493833,0.49239978838764215,0.19226585158819554,0.24598663837993964,-0.3437711060575287,0.8636547465945797,0.4163910094906027,0.5116318035168986,-0.1370162884335842
Insula_L,0.6227256565076668,0.38730595558172215,0.03208567128840922,0.6635885628642336,0.6767450464885163,0.6623263161246878,0.46759746741161184,0.6399365015830915,-0.1554817740977424,0.7474857889733734,0.889438908505252,0.8632153181103154,0.4962880611929081,0.7495124133611563,0.8392484573315635,0.4716220463851226,0.5352299790292113,0.7146741108763083,0.1312466569718328,0.791388977669206,0.32539527477841057,0.7424328119532825,0.7095722005544348,0.5125179811807117,1.0,0.3766833471147242,0.024501205582473387,0.7054071558753358,0.747521426323314,0.34204215561465356,0.6451164801669208,0.37019436898827357,0.32211016757696703,0.49270481047278636,0.6546501460330892,0.2764706984483244,0.3629087378852647,0.7675516284406608,0.2794459727153801,0.3294489087770473,-0.05334889986586565,0.4674234324165516,0.569386658680939,0.7544595064213084,0.28123843849872276
Thal_LGN_R,0.21816608443876198,0.22275248518456872,-0.011759809726572552,0.40704025188770177,0.22041427203134456,0.3853833006156596,0.2270921538982003,0.33411034495843384,-0.017417437006259334,0.3260655645508435,0.2931847575583723,0.3244311703552899,-0.008878368994113527,0.39881930313760544,0.2914264341522592,0.34731059083447285,0.4208197034438332,0.46451301915250526,-0.21385884563884155,0.1645719939270111,0.10296102147975132,0.39149439028641914,0.4023006922224536,0.33560898865982625,0.3766833471147242,1.0,0.1094872426537717,-0.01714983202481389,0.33291095186476843,0.6690619432632374,0.11608444626122948,0.24019956015744462,0.3946639235480682,0.22107962659644528,0.4591564056431853,0.27942169526733424,-0.04948147086901321,0.3503534922244642,0.41078133154742735,0.09099240072309661,0.07670371204706523,0.2485580989652917,0.38821398532825424,0.3547824585521123,-0.15105816915102696
OFClat_L,-0.025647467391008746,0.47735587460969436,0.6541092629898428,-0.12940762827052382,-0.40022964045978693,-0.08855816660393227,0.37779117836792325,-0.3967209628567693,0.48174653862660466,-0.27720589680453445,0.043927316327592794,0.03195396922792022,0.30208110043343295,0.18436258807273098,-0.019526162949692064,0.39624377378919307,0.29567370120595765,-0.18517101033583172,0.3294330775750152,0.252698379789075,-0.48801857616422634,0.3308872182942525,-0.06935146896611663,-0.5308000807285362,0.024501205582473387,0.1094872426537717,1.0,-0.12202516127158547,-0.30473154383376405,0.04519573670919138,-0.27039782201355334,-0.6674696316760665,-0.21204680317154753,0.16474794562895229,-0.12635182206837092,-0.17877774517254783,0.06476810729748582,0.1343900106158377,0.18353915473559745,-0.04445150004952541,0.5853318780860407,-0.41165830636102874,0.09744239688580228,0.08780060053642366,0.37445284001917556
SupraMarginal_R,0.353380340092462,0.10604537541468352,0.018512347295692056,0.5032932051196993,0.5406083813951166,0.44315498293349925,0.22665706552032214,0.4448254290120078,-0.11202095538442894,0.6653948936880857,0.6842005235667838,0.7582988082945789,0.29454568755170035,0.5044559041100473,0.6960238733177638,0.23774801076979835,0.21443098771821267,0.5210282042739096,0.25981059516375093,0.5458882905761373,0.2532564343673655,0.3293933896173006,0.44774943275627016,0.3383928572725807,0.7054071558753358,-0.01714983202481389,-0.12202516127158547,1.0,0.5047616864695917,0.06318195665127631,0.6171576651935939,0.19404068539890648,0.1307743644676027,0.2876226700819318,0.3583955575603213,-0.003953484611486717,0.364530707315133,0.49952604048940674,0.09469478278176058,0.2721279893703963,-0.16354438828298937,0.3400360747295612,0.22175286296125302,0.4756019349345812,0.22011979901859904
Thal_PuM_R,0.6323292738875462,0.23547741722197085,-0.23384644573248256,0.7331021071346566,0.8553156752257025,0.7932089165264251,0.36414341095665076,0.8585216002366256,-0.2625980324242474,0.7679263176862954,0.7758668875354067,0.7233101272510551,0.3291037463517348,0.6769073404623418,0.7496508588759624,0.38589771100834913,0.49200409161798303,0.7390958634265653,-0.15909340422315296,0.5341414248805453,0.5371115216668046,0.5797446031114574,0.8699281825554173,0.7979158031387794,0.747521426323314,0.33291095186476843,-0.30473154383376405,0.5047616864695917,1.0,0.2954253785364008,0.6037626579476444,0.6519298870621276,0.40732569569241595,0.6078156459384723,0.7379281155572797,0.34800467300577825,0.21422157046944248,0.6643730280531654,0.29596380562491426,0.4097086787066938,-0.23127207410788167,0.6679427769463984,0.5528887545348988,0.7347173170715122,0.15687758463591606
N_Acc_R,0.2709933494120188,0.32502642271376886,0.14674357405146554,0.21576347406661694,0.12573782534348146,0.19306614805145356,0.30645566150072995,0.1645330826379665,-0.04122069609849729,0.23519028705801334,0.2298899082615692,0.20570761244253394,-0.021558245263189,0.32158080620588636,0.3253981241815882,0.36082063625254757,0.41815618808373856,0.408534517566675,0.04705386031195389,0.2820659777130298,0.29703898698125886,0.19530521975059484,0.3531655315693257,0.2217951115080372,0.34204215561465356,0.6690619432632374,0.04519573670919138,0.06318195665127631,0.2954253785364008,1.0,0.1947853249910964,0.1959232189307508,0.4549814700593537,0.24308580787215664,0.4342152406477407,0.2667182872335656,0.23085430181356312,0.24869264298772847,0.38907768743314014,0.054047743834910775,0.05889443643235337,0.17109461688196775,0.32488205115121993,0.27415506573392395,-0.14891698613655516
Angular_R,0.5326911986120274,0.2120208719352384,-0.15647444599615556,0.29316941879126207,0.5508044111812903,0.33995432618365096,0.1184880234412542,0.4408987109527792,-0.3376509412476886,0.6578014778868837,0.5745859985699094,0.6033026883510945,0.25542646508263067,0.3087896904533463,0.5393189943842686,0.30591864857970624,0.248677354148636,0.435328119379611,0.27660871682157256,0.7031329927145054,0.40907437190118784,0.525879553934178,0.4893566177386263,0.459095865011569,0.6451164801669208,0.11608444626122948,-0.27039782201355334,0.6171576651935939,0.6037626579476444,0.1947853249910964,1.0,0.5015401364948907,0.1867612626923352,0.33927940641622667,0.48509554197680477,0.12762299981834233,0.6230547429172772,0.6807035032294156,0.0005708084742330513,0.2619029831267003,-0.2969369099020807,0.3788431859100647,0.5125379067791554,0.5264739837592164,0.13577185663357413
Cerebellum_7b_R,0.4524457952893785,-0.04164217541391605,-0.5716804806094739,0.3979388507144086,0.6245427263424205,0.3601096230615486,-0.019677973262287107,0.6537726207128906,-0.39355566284411464,0.5690036831892583,0.40393767011805465,0.34748046276891914,-0.10338844528669708,0.28333456748965474,0.3868712369498401,-0.021133421404411875,0.15628259902198705,0.39009062325175153,-0.3881858792562359,0.1615048384237895,0.6992286532147333,0.1608547995856689,0.4563442490236496,0.7960907636579972,0.37019436898827357,0.24019956015744462,-0.6674696316760665,0.19404068539890648,0.6519298870621276,0.1959232189307508,0.5015401364948907,1.0,0.32631467815661713,0.1578384500485289,0.5429615750215365,0.3362460121580288,0.09788064948974007,0.34866862032760726,0.09229573908985322,0.30055821721725456,-0.3859924137068562,0.6313996788890125,0.3789333670058651,0.33322506003115865,-0.1338354721644999
Thal_MGN_R,0.21476663273530192,-0.07909925577879431,-0.18846576505450469,0.24454424854624685,0.2935292058386546,0.3087562522021363,0.10080012385388532,0.3931161346344064,-0.10122236414977588,0.27999596382505915,0.12919065760020368,0.15119866595431258,0.17113156751030445,0.18482469878003913,0.2017956460926355,0.09035113724664705,0.21780318453720815,0.4646758859527903,-0.09528261520059836,0.09680201875551273,0.18625799880792263,0.17553389278470075,0.3654115901655349,0.32813077684009234,0.32211016757696703,0.3946639235480682,-0.21204680317154753,0.1307743644676027,0.40732569569241595,0.4549814700593537,0.1867612626923352,0.32631467815661713,1.0,0.28394678470905566,0.12433776014525379,0.47280186443150446,0.02579939874589219,0.14892748438329645,0.2752053215105989,0.05395869596923256,-0.2550467823703239,0.29523667818339366,0.30199423503585415,0.2253666235115236,-0.1560862923485039
Thal_MDm_R,0.5094009795796763,0.5340656963901448,0.2187092532209788,0.46118395154793623,0.36722426852033957,0.5492843916223803,0.5004788677240484,0.46949191558734926,0.13243279850811154,0.5336723686127918,0.5642483481408241,0.5485616622866897,0.36117710149760884,0.5154364649363811,0.5086603801969848,0.6653786490956402,0.7022948052381042,0.41845700360818366,-0.0656542944937508,0.46012636487421127,0.2771718225145728,0.5215950052309334,0.7182542846053297,0.35370380212138613,0.49270481047278636,0.22107962659644528,0.16474794562895229,0.2876226700819318,0.6078156459384723,0.24308580787215664,0.33927940641622667,0.1578384500485289,0.28394678470905566,1.0,0.4870492910090243,0.0032134218300932348,0.20934700891953073,0.5854450042646074,0.5222928533172921,0.4193749393022814,0.2778929252701891,0.24445834045143242,0.4751751553089736,0.6997985687275329,0.4917996002406755
Thal_PuA_L,0.6668922701001501,0.4464940162016607,-0.005499531050704771,0.62618337825688,0.5797412719877918,0.5172699216322334,0.44423422654849,0.6145173624772784,-0.2279986058073207,0.6342772700100788,0.7449009849193305,0.6574642184006587,0.19038806571531927,0.7272238471203464,0.7627116014148202,0.44814270430569864,0.5415870474563004,0.574625518437755,-0.14299719331862454,0.5144092132717344,0.5676717663075768,0.501674813890365,0.6766571692233194,0.6434659446559318,0.6546501460330892,0.4591564056431853,-0.12635182206837092,0.3583955575603213,0.7379281155572797,0.4342152406477407,0.48509554197680477,0.5429615750215365,0.12433776014525379,0.4870492910090243,1.0,0.12899113849080485,0.2190033029475526,0.6566638216129336,0.4139026505295178,0.4964033298373785,0.06815086289135598,0.5106913640266378,0.5835819380161422,0.6227271247166161,0.20562453552609788
Cerebellum_Crus2_L,0.03647782565732144,-0.31573268853960634,-0.5225062340809744,0.18880183953192378,0.46909019126203017,0.4021251059938209,0.027797254335965912,0.4526114101011819,-0.3174752234646411,0.11213001354096519,0.1178126090380402,0.060605637633692415,0.269152498211756,0.10732144328381671,0.06779836981846321,-0.17497838610238572,-0.13458601489647992,0.40281747491469877,-0.05188373619745701,0.04470638732044332,-0.05966410282648156,0.2954763639315525,0.26904689564147416,0.37940145269452596,0.2764706984483244,0.27942169526733424,-0.17877774517254783,-0.003953484611486717,0.34800467300577825,0.2667182872335656,0.12762299981834233,0.3362460121580288,0.47280186443150446,0.0032134218300932348,0.12899113849080485,1.0,-0.15634084319320252,-0.0016554312530456955,-0.15965747534856,-0.30368981618298224,-0.5532184573891602,0.48274499073537536,-0.01153513479138611,0.10423233390591992,-0.47984680395860874
Parietal_Sup_L,0.44381963592999635,0.3283568184373565,0.4174269724860314,-0.00017829740951686002,0.08335720507984871,-0.11795762156791972,0.15269173343742815,-0.1842855195190142,-0.05585848556830307,0.16351631100123212,0.30644193342214127,0.24887073164707968,0.13226628813728367,0.1571788331941078,0.3662736168421838,0.37656321067744647,0.18224212364840484,0.18065482369395242,0.7248158082372702,0.7082607855220426,0.28523259682266205,0.20746934255023777,0.24951971821762686,-0.16332597015493833,0.3629087378852647,-0.04948147086901321,0.06476810729748582,0.364530707315133,0.21422157046944248,0.23085430181356312,0.6230547429172772,0.09788064948974007,0.02579939874589219,0.20934700891953073,0.2190033029475526,-0.15634084319320252,1.0,0.34598662600697677,0.06537908908075522,0.22984827271336306,0.033163305398978604,-0.16774716165033435,0.28850984579698896,0.28819626933760994,0.2904381256360903
Cingulate_Mid_L,0.6657854296035218,0.6246715625839695,0.13192252408824046,0.559495492603904,0.4944030106687456,0.5456464906446297,0.40966013695664294,0.5265655834549741,0.019885838218095718,0.6979364022900065,0.8061815404786598,0.8336668869019924,0.33566571653240146,0.6808570339498746,0.6833558679050237,0.6057678536464778,0.6966204600123708,0.44490061764843714,-0.026767746804758744,0.7259765398228866,0.3150706535022122,0.7483089916504291,0.654829303080556,0.49239978838764215,0.7675516284406608,0.3503534922244642,0.1343900106158377,0.49952604048940674,0.6643730280531654,0.24869264298772847,0.6807035032294156,0.34866862032760726,0.14892748438329645,0.5854450042646074,0.6566638216129336,-0.0016554312530456955,0.34598662600697677,1.0,0.3432626722792485,0.4365487578658362,0.2029061171863668,0.37318941876133965,0.8262639338975233,0.7437242832855446,0.50010332231417
Thal_LP_R,0.46642314098109716,0.5619995162619694,0.4285153528701605,0.35715245267380696,0.04351331107892735,0.2528940835022497,0.5563090083914862,0.20021558777792303,0.2780689842650619,0.3848828650867187,0.33674569140120897,0.3460537252521735,0.0006544186712710689,0.45485575950627055,0.42821051667416027,0.518903482314178,0.7579035643179453,0.3903351954747607,-0.22499491821269957,0.22204199374386901,0.42226472465484655,0.1883346822819948,0.48572368053358556,0.19226585158819554,0.2794459727153801,0.41078133154742735,0.18353915473559745,0.09469478278176058,0.29596380562491426,0.38907768743314014,0.0005708084742330513,0.09229573908985322,0.2752053215105989,0.5222928533172921,0.4139026505295178,-0.15965747534856,0.06537908908075522,0.3432626722792485,1.0,0.5338916152996858,0.533849831929907,0.01937335753848433,0.4856517488351855,0.49332858949555175,0.39189565879182986
LC_R,0.5259794798800396,0.36712150418488027,0.27465156934639234,0.24656520421681463,0.18314389037596904,0.13960109030609627,0.316203094563178,0.23064614503580058,0.11158795162575688,0.4344612855651775,0.4432660150800801,0.38516889081931677,-0.0026628189852074473,0.4540687172537466,0.5177010881743828,0.3508169373805558,0.5082289324204071,0.2377577463291652,-0.10042562856387335,0.3698669460180805,0.509164527079752,0.24601177737649305,0.35890619226737547,0.24598663837993964,0.3294489087770473,0.09099240072309661,-0.04445150004952541,0.2721279893703963,0.4097086787066938,0.054047743834910775,0.2619029831267003,0.30055821721725456,0.05395869596923256,0.4193749393022814,0.4964033298373785,-0.30368981618298224,0.22984827271336306,0.4365487578658362,0.5338916152996858,1.0,0.2798997942974819,0.05684721141358996,0.4275388010885005,0.4167059255660869,0.4493151198369992
Thal_VA_L,0.15541968571622466,0.7114387786569236,0.7427224144057731,0.030101536713737293,-0.4434278878976006,-0.14485516451533317,0.41585677326504933,-0.3478355115023584,0.6006486650581673,-0.11014066140767456,0.08203469083758494,0.12323542830773361,-0.02016231752385595,0.21504948961461154,0.07067745801334979,0.4799292454960266,0.5745954903704885,-0.23113536938492332,-0.06437141141156966,0.07459457146934137,-0.01207564075429405,0.010560800613269354,-0.032792021401827846,-0.3437711060575287,-0.05334889986586565,0.07670371204706523,0.5853318780860407,-0.16354438828298937,-0.23127207410788167,0.05889443643235337,-0.2969369099020807,-0.3859924137068562,-0.2550467823703239,0.2778929252701891,0.06815086289135598,-0.5532184573891602,0.033163305398978604,0.2029061171863668,0.533849831929907,0.2798997942974819,1.0,-0.4216864740737338,0.28213682168634385,0.0946718199869732,0.6857499725496681
Vermis_8,0.362908539878545,-0.039663392244055344,-0.626590237498059,0.6224196321101254,0.7699786088007391,0.6200337447648461,0.1743652849379047,0.820901052209102,-0.4939531902421038,0.5490092615845632,0.5232594832576569,0.5035882785691956,0.17130117034983078,0.45626548133421424,0.4393735982134325,-0.07514499318663821,0.1257322490026759,0.4608599953811735,-0.339346730149589,0.11249755763536592,0.38795653240614386,0.3177976189976707,0.5450441645293062,0.8636547465945797,0.4674234324165516,0.2485580989652917,-0.41165830636102874,0.3400360747295612,0.6679427769463984,0.17109461688196775,0.3788431859100647,0.6313996788890125,0.29523667818339366,0.24445834045143242,0.5106913640266378,0.48274499073537536,-0.16774716165033435,0.37318941876133965,0.01937335753848433,0.05684721141358996,-0.4216864740737338,1.0,0.31576745407510715,0.37078072856616284,-0.27016416268665316
Cingulate_Post_R,0.6651294414942976,0.6174323322989312,0.16056360366941247,0.43207283779249456,0.3440036598724911,0.34912942208286024,0.4127524177858872,0.4021183447625584,0.08142927175763762,0.5316312634552753,0.5809125204970623,0.5985490629128711,0.2180049192153873,0.5637085610159343,0.5461310676345646,0.5169115677817259,0.6899717435770798,0.33148681842982936,-0.11515219852389443,0.5547420159334191,0.4063450867133448,0.5410332787129242,0.5666063953536886,0.4163910094906027,0.569386658680939,0.38821398532825424,0.09744239688580228,0.22175286296125302,0.5528887545348988,0.32488205115121993,0.5125379067791554,0.3789333670058651,0.30199423503585415,0.4751751553089736,0.5835819380161422,-0.01153513479138611,0.28850984579698896,0.8262639338975233,0.4856517488351855,0.4275388010885005,0.28213682168634385,0.31576745407510715,1.0,0.6244278261373836,0.442445093301719
Thal_MDl_L,0.6282329364822776,0.5211100928491179,0.09295820568956006,0.6218998139897618,0.5752383341516285,0.64582988035304,0.47882390819527837,0.5950315876928616,-0.0026439978256145875,0.7349265485242624,0.7780503320981109,0.7661409224195401,0.36150891685859776,0.6583291546790899,0.7321155416475554,0.613078067325981,0.7492844238510407,0.6285352922880952,-0.03696758866734399,0.6827816704314494,0.42212760226032486,0.6770677337417,0.8002700412737984,0.5116318035168986,0.7544595064213084,0.3547824585521123,0.08780060053642366,0.4756019349345812,0.7347173170715122,0.27415506573392395,0.5264739837592164,0.33322506003115865,0.2253666235115236,0.6997985687275329,0.6227271247166161,0.10423233390591992,0.28819626933760994,0.7437242832855446,0.49332858949555175,0.4167059255660869,0.0946718199869732,0.37078072856616284,0.6244278261373836,1.0,0.43314112818481343
