,Raphe_D,Rectus_L,Vermis_9,OFCpost_R,Occipital_Mid_R,Calcarine_R,Temporal_Pole_Sup_L,OFCant_R,Cerebellum_9_L,Thal_VL_L,Postcentral_R,OFClat_R,Occipital_Sup_R,Thal_AV_R,Thal_IL_L,Temporal_Inf_L,Angular_L,Postcentral_L,Pallidum_L,Vermis_4_5,ParaHippocampal_L,VTA_R,Rectus_R,Heschl_R,Caudate_L,Thal_PuM_L,SN_pr_R,Temporal_Sup_L,Thal_PuI_L,Temporal_Pole_Mid_R,Cerebellum_4_5_R,Precentral_R,Occipital_Mid_L,SN_pc_L,Insula_L,Supp_Motor_Area_R,Thal_VL_R,OFCmed_L,Thal_MGN_R,Vermis_7,Vermis_1_2,ACC_sub_R,Olfactory_L,ACC_sub_L,Frontal_Sup_2_L,OFCmed_R,Cingulate_Mid_L,VTA_L,Supp_Motor_Area_L,Frontal_Med_Orb_R,Thal_PuI_R,Vermis_6,Frontal_Inf_Orb_2_R,ACC_sup_L,Vermis_3,Thal_VPL_R,Lingual_L,Cerebellum_8_R,Fusiform_R,Thal_MDl_R
Raphe_D,1.0,0.35972607466038664,0.37825689945484103,0.2275065429922921,0.3378415354081923,0.5505247913759759,0.32134456883637513,0.007665552521648846,0.5154704079948434,0.4543855300521412,0.3660699630541936,0.0062741595132784,0.4315333709648139,0.47553787469625297,0.29572592246918855,0.4694984887995786,0.33971170987727206,0.34062188604965343,0.42937309914904426,0.589104143907309,0.44982127664068966,0.19628540047748677,0.41650860216609487,0.5631040280448979,0.6432540906302859,0.4040655468408278,0.35048572262505606,0.48144039733109645,0.6326235970182225,0.18962011773061974,0.6595263731073423,0.5558131764725649,0.4025734528708805,0.5660947386144916,0.5668017834254888,0.6839903738270534,0.5214367192928527,0.305232238895309,0.00671843020760582,-0.1450176565922969,0.6683965709836542,-0.0031512805385321262,0.3790612666191112,0.2845616232294087,0.5157745182630312,0.18476568441326063,0.634281866152226,0.352070947479396,0.6101871727344177,-0.15385389707220978,0.4157010801432548,0.3516268381647704,0.20307763992213523,0.5732900818335284,0.730284783395235,0.6062891734803646,0.5453128975445989,0.44559175823274466,0.5540313818324318,0.44649719038207303
Rectus_L,0.35972607466038664,1.0,-0.03704226534567795,0.4686303726761639,-0.04337306193871745,0.04617933056311087,0.0675497175954215,0.5978468511789385,0.15946405807208985,0.5522869118836593,0.0714449680314609,0.05919349500377393,0.07165674623288452,0.4176431494672148,0.13154116305152036,-0.006992047888348517,0.23415860864952412,0.48131938483452,0.2872956151363559,0.28704715189450236,0.4922725312323629,0.27942351079368083,0.6832293294651012,0.3033958748708198,0.4975135442736991,0.16392688843847444,0.34584385193661743,0.29488431850362734,0.5084540697264687,-0.25820731316774104,0.341204623479441,0.11472549775691075,-0.10809306018902644,0.48392122597477477,0.2825714578474505,0.41950548338016297,0.4820741972285395,0.701671919583845,-0.17597395038421965,-0.009881985661984699,0.33028141538138867,0.6074177435411638,0.5681829401092723,0.6768251695460203,0.4512989777181647,0.5293729981435707,0.403505205004576,0.17952225580966993,0.332323367227172,0.2905762930850716,0.021003011710893138,-0.10623561714967308,0.48912953103263107,0.45349288803351506,0.3874127652702925,0.46135066758561094,0.06855498197080881,0.23357507885310333,0.3215219885664632,0.5388394852940339
Vermis_9,0.37825689945484103,-0.03704226534567795,1.0,0.29994824934582837,0.6751224519324577,0.8139024998473333,0.5966863409880768,-0.3641199356402541,0.9089504337402683,0.1501309147819433,-0.11068030492229124,0.1988476272604207,0.6457217893766684,0.30180376048942015,0.16180900594478695,0.6933459530804356,0.24505598451111754,-0.027018867649860175,0.1618956073786988,0.5799864840146928,-0.20793401353372976,0.10202027141120419,-0.03195048664120569,0.5444801854031565,0.37485161652242055,0.7517298118774948,-0.04391568839118615,0.38438461230768844,0.3488018469140513,0.6792988630065694,0.6287029240615756,0.1934438298295248,0.7920723354501317,0.23791151964824708,0.49483596052662404,0.5449824954662816,0.13589341067493854,0.12362481950469552,0.2972743598968354,-0.6303112836462587,0.37214908438344774,-0.498751089514465,0.1285006676943818,-0.4758230858550923,0.12703666125182625,0.0028785750458819033,0.40116107265918133,0.3103458339718374,0.3757617790222238,-0.4619936467935709,0.858265214039425,0.9163975082227371,0.15558297196142623,0.45270202322338365,0.4164199036352572,0.316464845546634,0.913445794065656,0.7841297641975912,0.7462003596725086,-0.2539230563417455
OFCpost_R,0.2275065429922921,0.4686303726761639,0.29994824934582837,1.0,0.4400609938525613,0.41545717715051594,0.32656840136607934,0.25731974352571935,0.3565382201230346,0.4863715698042611,0.012483884715275307,0.2878747575520787,0.5228362165875564,0.48568944101659295,0.12126537587551314,0.12457244861363417,0.5415735280707588,0.622903832232261,0.5240779039158467,0.5428603521817158,0.20552817296441092,0.10026144266355215,0.2607745486028693,0.6552899074702853,0.4840691253381251,0.6544734367538816,0.36746281901469097,0.36809193743763363,0.5129004776134723,-0.11037434253658425,0.5390225980177917,0.04421840221670435,0.39133698746655754,0.46798141708435786,0.5648489207835325,0.5917346366816907,0.4108334354943325,0.5527730430831208,0.26546259661611704,-0.13609729373865587,0.2742473454747261,0.3053742369824723,0.4124693009178788,0.23659149804888727,0.6350985109009506,0.0769700940060702,0.44869904068767297,0.08236488452240365,0.49662043038426956,0.2595739461384523,0.45554898698734153,0.29023194895641247,0.730091118363881,0.43254940573968353,0.4594070324032582,0.4044371924364919,0.3909188760389767,0.5990649095514415,0.6338147407349618,0.18764880085539878
Occipital_Mid_R,0.3378415354081923,-0.04337306193871745,0.6751224519324577,0.4400609938525613,1.0,0.7382099762961468,0.41092986222137956,-0.49026485094495564,0.5410989057536032,0.03772059083394943,0.09732393699059073,0.07673744637894613,0.9181549164091664,0.3381278101462038,0.10280531342540833,0.42458611528264645,0.6281091332014355,0.2830729291277773,0.41249482199186094,0.5042124412448985,-0.2496182803903256,0.13320375923869351,-0.11893144717278777,0.5643572164947015,0.24708416966833044,0.6579721278416245,0.044562389577624366,0.3060403767567775,0.34988104520861973,0.39102447824612785,0.5344070525281128,0.18855306169905608,0.8784496936310852,0.2468847148151958,0.5364895163696983,0.4878287209415702,0.09919651664921682,0.08255122475122408,0.2815279184379116,-0.33923938684616217,0.3444543433735641,-0.39125588926547805,-0.018642042667001764,-0.30874180359474995,0.36348958379727875,-0.3074565059410643,0.4569276599417694,0.27236832226254243,0.46195236091792813,-0.3478275332511261,0.6784945515683031,0.6447123548079268,0.17291556435406766,0.21823440776423547,0.32369768070004784,0.2282417899314223,0.668843537429485,0.6251377155725205,0.6849971166318708,-0.16863920793224327
Calcarine_R,0.5505247913759759,0.04617933056311087,0.8139024998473333,0.41545717715051594,0.7382099762961468,1.0,0.644154999161202,-0.36026212778837724,0.7750313567406316,0.22814223409966627,0.22420510184869902,0.09522572887599724,0.8213637821092095,0.37303183041514554,0.28011077798187095,0.7135485673229728,0.393897843236049,0.2370671283869381,0.36686795308851544,0.7842851196857232,0.046681440756123634,0.1782930370404309,0.001244644384678741,0.6813181393372156,0.5272538694985621,0.7819432858912462,0.16311546670795665,0.4722094523828106,0.5075880804041992,0.5488859863233162,0.8165132338384073,0.4343436046387404,0.8523375287118694,0.41212905982756365,0.6767450464885163,0.6894773246108429,0.28764801580991933,0.11605199771319934,0.2935292058386546,-0.4206894639842113,0.5573662733093601,-0.3644414365743441,0.19265583275607584,-0.2886414472762142,0.4559382385767723,-0.09992978314942004,0.4944030106687456,0.3793663948363614,0.5625567564857129,-0.30645845250719544,0.8429117880658069,0.7675255980691451,0.19670934320685118,0.5310534321276061,0.6138112038606043,0.41021501482861045,0.8863817826379613,0.701614849871055,0.8068831726391749,-0.05933911637559125
Temporal_Pole_Sup_L,0.32134456883637513,0.0675497175954215,0.5966863409880768,0.32656840136607934,0.41092986222137956,0.644154999161202,1.0,-0.2291387070331491,0.5592527386899986,0.18584216611436366,0.27054221557533326,0.032298592241069395,0.501332233489734,0.18407175791139582,0.5184771557738276,0.6715828267953542,0.3496485958757475,0.06760427833895817,0.05352052724126772,0.5050089786506265,0.12420666869839395,0.04386566990631314,0.002852267036532793,0.5308336177064755,0.6113238502578063,0.5445247511298994,0.1282709605197422,0.7106059465352222,0.29812187158231457,0.48346254314239984,0.4986256895256471,0.4540389353846859,0.6203819570981238,0.4005939720355461,0.579415513388606,0.5145599324112923,0.2489885782892483,0.025814899927963222,0.2316185568011453,-0.240069239937265,0.4188739894247209,-0.16938838855668437,0.3007508593806341,-0.2012328279825217,0.46022549092813636,0.017925494899176636,0.36515715421933903,0.30252453911745547,0.4633086257629815,0.04585207454640925,0.6514125006674918,0.5174002764066571,0.061184443388363596,0.38019347895561817,0.37846142669904975,0.27434991657809454,0.6256801572396856,0.2983029643505274,0.4219548642523481,-0.1322843414378225
OFCant_R,0.007665552521648846,0.5978468511789385,-0.3641199356402541,0.25731974352571935,-0.49026485094495564,-0.36026212778837724,-0.2291387070331491,1.0,-0.12482925220083523,0.5873613339267448,0.04338064889325312,0.05329328354618174,-0.3507646287880097,0.2657001325188562,-0.06071722797437005,-0.24297548776578967,-0.0359631878107151,0.41807016265401253,0.2042553055385098,0.0659372465177857,0.6099832101054543,0.0006956228214021094,0.5006026554389779,0.09176134454162435,0.26500844711795896,-0.0363112123516013,0.4851393974595833,0.10186099996835911,0.2456625521613108,-0.4411356802549107,0.08528184172179723,0.02780308082273577,-0.4670640962173329,0.21553765443429782,0.05358136916082644,0.17512528858121407,0.48548523880679784,0.5479044264291439,-0.12802677659057654,0.12397819755798084,0.07589604115835119,0.7341538390248755,0.5007606446189488,0.6118212792798724,0.2502440266023933,0.6579450645480178,0.21585152183668377,-0.20404247743353682,0.1573715809183952,0.5046645470082383,-0.25011783712914765,-0.3637650508061172,0.564679689110217,0.3436847161916576,0.1647674212304636,0.2609795119555475,-0.2987182490917992,-0.02629095849300836,0.011457741134958729,0.48232101428007823
Cerebellum_9_L,0.5154704079948434,0.15946405807208985,0.9089504337402683,0.3565382201230346,0.5410989057536032,0.7750313567406316,0.5592527386899986,-0.12482925220083523,1.0,0.41880858543204336,-0.07050582545485812,0.20663923187131455,0.5674822461973923,0.4510032303114175,0.23318698778944566,0.7840485817917549,0.18196810287446138,0.05937969977006242,0.2931153707986704,0.7003993323887057,0.0820963064583923,0.10095622988432311,0.10129897830755301,0.6381635969054333,0.5701218407697255,0.7731398967346162,0.2031173230667781,0.4995114179774534,0.526596437925188,0.5811950677673487,0.7771004070829983,0.2849893138825938,0.6499916164569063,0.41777230982667396,0.5984089855125452,0.676614856080819,0.4160641935572748,0.3018844634401004,0.2749790374274166,-0.5368676711927355,0.5454269895225532,-0.30396522388996833,0.3365359460264862,-0.28297496087371554,0.23574839984340035,0.1045181278444885,0.5377937453762361,0.2852948047025422,0.484470906620736,-0.35505117854769747,0.8572307234915585,0.8888674223807586,0.3309077012317167,0.6346239286483015,0.6165029312937156,0.5414506121182387,0.9338858021817905,0.8108634439097366,0.8335237190112516,-4.1796458860730646e-05
Thal_VL_L,0.4543855300521412,0.5522869118836593,0.1501309147819433,0.4863715698042611,0.03772059083394943,0.22814223409966627,0.18584216611436366,0.5873613339267448,0.41880858543204336,1.0,0.09049694748666202,0.24346449195835954,0.17727694738987695,0.7187020999415595,0.22490188365357605,0.3277570745765919,0.33016732479640826,0.5023617746669794,0.637796036128841,0.633169753614383,0.5985996341214627,-0.040663529790405835,0.42842689412398466,0.568917300426246,0.6983902069293918,0.4565808308827769,0.7211058820089126,0.5285259679133958,0.614296494273558,-0.07656820100693663,0.6350322111172676,0.2783831086266195,0.07621796996897397,0.6228674421447985,0.5352299790292113,0.6141187048969872,0.8367387289375088,0.6772988544024323,0.21780318453720815,-0.079082690450495,0.5515692161474679,0.41920411517624745,0.5861840473470882,0.4525346979544511,0.5586354279903082,0.3494130177703153,0.6966204600123708,-0.0496157339603633,0.5476966178564677,0.2537582488692959,0.3078258482384605,0.18672072631908496,0.7447070903024555,0.6190611103629076,0.7003792598547435,0.6828671220308754,0.3482116255266725,0.407087819423914,0.57881748924338,0.6264620201480446
Postcentral_R,0.3660699630541936,0.0714449680314609,-0.11068030492229124,0.012483884715275307,0.09732393699059073,0.22420510184869902,0.27054221557533326,0.04338064889325312,-0.07050582545485812,0.09049694748666202,1.0,-0.2661658502107157,0.25148575640353915,0.10339180704344601,0.45977583785614456,0.11008814990217249,0.28947346768032106,0.5265140960913653,0.3757770380706691,0.23119303339076794,0.5991512094927868,0.26439200547343233,0.0908934483597767,0.32607155713557384,0.3990293861343584,0.10729030282731312,0.2765239347412485,0.38237375157007586,0.2939380949789,0.0932403105026473,0.274153901315649,0.8933012381822112,0.18530203000709017,0.4203044715190044,0.5486582818252855,0.45100831286742515,0.37831672935274957,-0.09599611927111393,-0.021095204954305887,0.2695014963545127,0.3619492196172964,0.06575496310608617,0.25762759630807375,0.17846315473884594,0.6700469380921799,-0.03439112762269789,0.35207529443220076,0.33693050308863437,0.5648755719660405,0.1604918190751658,0.01700859898958032,-0.2264152826344028,0.010050665617955628,0.4452879065248041,0.28206901595953465,0.23479712266205882,-0.006931078238551125,-0.12341131599010109,0.007589566386699658,0.2542782720571201
OFClat_R,0.0062741595132784,0.05919349500377393,0.1988476272604207,0.2878747575520787,0.07673744637894613,0.09522572887599724,0.032298592241069395,0.05329328354618174,0.20663923187131455,0.24346449195835954,-0.2661658502107157,1.0,0.0051578950638924165,0.22081134098949606,-0.05334565995130346,-0.02410753490055394,0.031902455170981336,-0.003027587076362284,0.23521664422871083,0.1891796304926573,-0.14389609744692447,-0.20489380982379296,-0.0719762456922771,0.12624103165239817,0.11045099046350931,0.20089905166284483,0.09585557196238381,0.04395442211608098,0.010790102305689005,0.01740661130617364,0.10767481475747372,-0.15296151746576045,0.022322106758051356,0.08469508802030612,0.16309144931550784,0.07761174759322208,0.15580044950074176,0.23667266465853057,0.49045567886658575,-0.03687958519432957,0.020433249513975772,-0.056210067118777074,0.01606299675183281,-0.0010742542687370103,-0.0166085212039417,0.010398667674422664,0.12334733986898436,-0.18639408210828,-0.03385100831867478,-0.051247296773982494,0.14487586369912728,0.20193705219616614,0.461555717148158,0.062035776380218954,0.22592953173584607,0.2797887041432733,0.2559117000284314,0.20585466013734638,0.21154034514197112,0.06847238481798064
Occipital_Sup_R,0.4315333709648139,0.07165674623288452,0.6457217893766684,0.5228362165875564,0.9181549164091664,0.8213637821092095,0.501332233489734,-0.3507646287880097,0.5674822461973923,0.17727694738987695,0.25148575640353915,0.0051578950638924165,1.0,0.40124097061628017,0.1907934930498104,0.5232020861351511,0.6677835959622419,0.4275786036828477,0.47179498611069975,0.6648024631843119,-0.04171620642283778,0.16851684293194863,-0.032621410614651083,0.6808351428452792,0.4145736538817056,0.7303765286788075,0.2234551963911788,0.45753404959624383,0.4978695515192775,0.3520312141001758,0.6904299922548829,0.34463717611476996,0.9127200771669921,0.38639433569272924,0.6463041133963112,0.6321843429889612,0.2706520878949154,0.14465940996409726,0.24771909648677506,-0.3137563062922128,0.47340272242978176,-0.2728952298356445,0.1191594341352575,-0.23519072157492624,0.5392906601544524,-0.22685040189688074,0.5432166615878155,0.3145023579197928,0.6200976423443444,-0.21617329078746653,0.7469717916541786,0.6342357536084029,0.25994335212467395,0.34670925767171545,0.4538968517450535,0.2820363656062725,0.700129572199094,0.6325376725066008,0.764008366652633,-0.06922466600295404
Thal_AV_R,0.47553787469625297,0.4176431494672148,0.30180376048942015,0.48568944101659295,0.3381278101462038,0.37303183041514554,0.18407175791139582,0.2657001325188562,0.4510032303114175,0.7187020999415595,0.10339180704344601,0.22081134098949606,0.40124097061628017,1.0,0.2036762794213475,0.30315791518003554,0.5019072350222996,0.5555505148660241,0.6535255943519108,0.548016114024999,0.3279731933035447,0.1672158936419142,0.3807086144208707,0.6613519502744967,0.6088637004862497,0.4561425771661194,0.5682002101501584,0.5033357301580844,0.6060344265657315,0.055136431857788895,0.621190641987378,0.30155090020957737,0.2954253007304132,0.5464383894787157,0.6031238016423707,0.6874407691669198,0.6822004811447967,0.48464755395498654,0.12302360913073743,-0.21353662099301543,0.5444482538511635,0.25583598831665283,0.3437317723504965,0.31922627504915563,0.5754183388948704,0.1676011313478863,0.7536046179871977,0.203906539926317,0.6656181413345227,0.1225017340286107,0.38793916576794774,0.26937228642951344,0.5816063367366962,0.516077702107419,0.5799775198749262,0.5689018419020907,0.4215847474048228,0.4870442648448784,0.6327130952445793,0.6167996662663116
Thal_IL_L,0.29572592246918855,0.13154116305152036,0.16180900594478695,0.12126537587551314,0.10280531342540833,0.28011077798187095,0.5184771557738276,-0.06071722797437005,0.23318698778944566,0.22490188365357605,0.45977583785614456,-0.05334565995130346,0.1907934930498104,0.2036762794213475,1.0,0.34774155028540804,0.27597554741387803,0.2660000044774358,0.2731185188945408,0.3110295050431906,0.40371628444256563,0.2074649486941075,0.24715422604752477,0.38009074330720555,0.5576563685355228,0.14993775368833326,0.20486782403463039,0.5672747364138084,0.30206378155402897,0.22149365177880084,0.3058731460756276,0.5428456186158085,0.24517073919101584,0.41897626545054667,0.4962880611929081,0.37977030078095586,0.4127063337887305,0.05016482491019125,0.17113156751030445,0.1602502493639227,0.3126082356019035,0.03988313237554492,0.40801770872552057,0.14034838448228662,0.43455441180092746,0.003910918733822679,0.33566571653240146,0.39603452649089976,0.4062456904103794,0.13075440825138068,0.18411066463390538,0.08530198024752365,0.05762303300680925,0.45277323539549547,0.34286023049328923,0.49741976426976797,0.27020602463425253,0.034937045289500646,0.1298308459529459,0.29625441953461856
Temporal_Inf_L,0.4694984887995786,-0.006992047888348517,0.6933459530804356,0.12457244861363417,0.42458611528264645,0.7135485673229728,0.6715828267953542,-0.24297548776578967,0.7840485817917549,0.3277570745765919,0.11008814990217249,-0.02410753490055394,0.5232020861351511,0.30315791518003554,0.34774155028540804,1.0,0.16962007328665704,-0.07595393897306284,0.1732576433815322,0.6710783297367503,0.17616995909432848,0.09950138500575421,-0.07223665720118047,0.5575168390996814,0.5616056045180514,0.5569122515372501,0.3429514936472188,0.5911242531697323,0.39632050100804617,0.5191389593402695,0.718006480902057,0.431845047580436,0.6223789813772157,0.40522373475921714,0.5057579384394805,0.5628707806225259,0.33415501759211785,0.03283422669574796,0.09581277759188153,-0.32229433351876347,0.6397347088471288,-0.2144118205315387,0.2608330698638702,-0.2709381550271043,0.27155113492330996,0.0031282785757802945,0.44901774093489116,0.3437031274881053,0.4972340586444266,-0.2136115461494405,0.734877456486872,0.7365860124294018,0.06312307408308926,0.40126805422349376,0.5312204530326248,0.36223664377673376,0.769566280901274,0.4558263951914218,0.6435780007242504,0.0029423670078208633
Angular_L,0.33971170987727206,0.23415860864952412,0.24505598451111754,0.5415735280707588,0.6281091332014355,0.393897843236049,0.3496485958757475,-0.0359631878107151,0.18196810287446138,0.33016732479640826,0.28947346768032106,0.031902455170981336,0.6677835959622419,0.5019072350222996,0.27597554741387803,0.16962007328665704,1.0,0.6488471617749881,0.6142711258919709,0.4204193213281452,0.12300671622859746,0.22213371751181057,0.18138813415381452,0.5864709151355856,0.4654070502839806,0.4857706726564326,0.34638689091217345,0.5705721298750579,0.515464511777747,0.01671129562067908,0.43030046550603396,0.3039460200205503,0.5910361950163974,0.4182930522060828,0.5509610492643003,0.5205182016332012,0.40906577789545456,0.18689235118239353,0.14613451888323967,-0.12490001442594248,0.364621138335429,0.0726357928128429,0.16045952547892192,0.15462491517567675,0.6739561248543186,-0.12970968545996758,0.7301858758958243,0.2866759641788905,0.6275601006444932,0.08742888697304174,0.348644146983453,0.17478880832491242,0.40626790386589057,0.3086824995950064,0.3026265032848962,0.2776754005129711,0.28648430147122106,0.3167081519716781,0.47009024270183236,0.21121202678865633
Postcentral_L,0.34062188604965343,0.48131938483452,-0.027018867649860175,0.622903832232261,0.2830729291277773,0.2370671283869381,0.06760427833895817,0.41807016265401253,0.05937969977006242,0.5023617746669794,0.5265140960913653,-0.003027587076362284,0.4275786036828477,0.5555505148660241,0.2660000044774358,-0.07595393897306284,0.6488471617749881,1.0,0.7416306429056618,0.4515316731084932,0.5165399791954586,0.231497947594088,0.37045375261152036,0.5918897608315199,0.5456531006162545,0.39007628318282833,0.526301682298018,0.43099780330871984,0.6136535044136302,-0.25320649116458405,0.47615087941998047,0.46666490204162275,0.22568386760754158,0.5234682508119416,0.6577978770440956,0.6567724536605757,0.5964096671697638,0.43397370585893885,0.11691827392903219,0.1139948335342556,0.3173277702417799,0.40417397177265274,0.39188162581747893,0.4390919786320725,0.8415937578407522,0.11231528668819268,0.6404915742255185,0.18418721909297275,0.7225074973597453,0.3236675058456948,0.1610194318299459,-0.12155775327387934,0.6311438494334344,0.590427754792687,0.4271500063947723,0.4410922374470093,0.08872266380643651,0.2939094557956951,0.4174854134412992,0.4766924353087058
Pallidum_L,0.42937309914904426,0.2872956151363559,0.1618956073786988,0.5240779039158467,0.41249482199186094,0.36686795308851544,0.05352052724126772,0.2042553055385098,0.2931153707986704,0.637796036128841,0.3757770380706691,0.23521664422871083,0.47179498611069975,0.6535255943519108,0.2731185188945408,0.1732576433815322,0.6142711258919709,0.7416306429056618,1.0,0.6294267861504617,0.4193325942127097,0.14000074955909783,0.15602910235449974,0.6260224071066711,0.5131393605960212,0.506761281509048,0.6255254947427141,0.4172637435476531,0.5915188257875353,-0.03143437338569804,0.6410656928069819,0.4511109320678632,0.33160271400837776,0.5809501893104787,0.6986977809344227,0.6362535524941803,0.6921023700204612,0.4713287458942145,0.3588516133618384,0.022409409164549497,0.5087837791844777,0.14057873819528657,0.3340973942363487,0.29447253215983793,0.6949612972793722,-0.09542394546457215,0.7575313257489407,0.12958720331855061,0.665134170044411,0.06908039730807365,0.3075332578782936,0.13608655967567174,0.6885928194775899,0.5739009860120459,0.6257314844667303,0.610942723838405,0.3486656273983693,0.44107609474360593,0.6006472757534258,0.5001248597821963
Vermis_4_5,0.589104143907309,0.28704715189450236,0.5799864840146928,0.5428603521817158,0.5042124412448985,0.7842851196857232,0.5050089786506265,0.0659372465177857,0.7003993323887057,0.633169753614383,0.23119303339076794,0.1891796304926573,0.6648024631843119,0.548016114024999,0.3110295050431906,0.6710783297367503,0.4204193213281452,0.4515316731084932,0.6294267861504617,1.0,0.3667071375543472,0.010938729649424364,0.12251995620309197,0.7366282636236828,0.7177011956778067,0.772495526636081,0.588694438976991,0.5869954479857225,0.6962894879083655,0.23538811983341137,0.9334773541352461,0.4534896744109671,0.6190145240580198,0.6313906335512116,0.7095722005544348,0.7557367698683634,0.6413615314027535,0.43214030128145964,0.3654115901655349,-0.20147278106380984,0.7048317664741077,-0.004995558497637524,0.49162002414771755,0.04122526089889785,0.6112246235481835,0.07817416757319227,0.654829303080556,0.15392169740226094,0.648892799266111,-0.08026688369515261,0.7342599559177281,0.5767175679051515,0.5414170371615706,0.6527455392799469,0.8688922733029992,0.6223378489784037,0.7698705792066126,0.6327000420164185,0.8688846268713952,0.24805464490726226
ParaHippocampal_L,0.44982127664068966,0.4922725312323629,-0.20793401353372976,0.20552817296441092,-0.2496182803903256,0.046681440756123634,0.12420666869839395,0.6099832101054543,0.0820963064583923,0.5985996341214627,0.5991512094927868,-0.14389609744692447,-0.04171620642283778,0.3279731933035447,0.40371628444256563,0.17616995909432848,0.12300671622859746,0.5165399791954586,0.4193325942127097,0.3667071375543472,1.0,0.18200295418955612,0.4552696861231408,0.36906182537106713,0.6475691227444561,0.11125240198954771,0.5783025312757987,0.4383920959298151,0.46219323456991634,-0.15845690959733316,0.42116565289223645,0.6090268171613379,-0.1301730011179444,0.5853947794937718,0.4725543627585204,0.5103362231878096,0.7102465838638791,0.3315682366547348,-0.06574922959041891,0.27586163633458016,0.47344223094857874,0.5122387619523019,0.6821215731533682,0.5909683062325632,0.6104422706855204,0.4139778251567281,0.4380245328856022,0.17590411073270806,0.5075332786749257,0.3490699452353196,-0.010814558195893066,-0.22216437246591184,0.3689440998459846,0.6281445975347667,0.5118316246873506,0.5198146940303771,-0.007921785635264189,0.016509466542087417,0.1466973357211689,0.5902778768140043
VTA_R,0.19628540047748677,0.27942351079368083,0.10202027141120419,0.10026144266355215,0.13320375923869351,0.1782930370404309,0.04386566990631314,0.0006956228214021094,0.10095622988432311,-0.040663529790405835,0.26439200547343233,-0.20489380982379296,0.16851684293194863,0.1672158936419142,0.2074649486941075,0.09950138500575421,0.22213371751181057,0.231497947594088,0.14000074955909783,0.010938729649424364,0.18200295418955612,1.0,0.29822001732263825,0.13443473068638465,0.12678806148581337,0.063124864311677,-0.052948056806526055,0.041548330036026954,0.21091791640320112,0.12627130039915102,0.20543310418226482,0.2828119261782567,0.11214969661040904,0.3047381948804307,0.18019794675408105,0.283108563631972,0.14013272550373124,-0.007260643521398921,-0.38662218927352726,-0.14174884349780345,0.2637949293205111,0.12830030787020225,0.08773718878763523,0.18913933992394133,0.25288067060321767,0.07567308140362423,0.2362642364481206,0.8646350211976056,0.30565548293404604,-0.019253593912224434,-0.04129286889456384,-0.05798572634599349,-0.0689016429008128,0.27712836298948484,-0.01144042180627367,0.10085232195025726,0.03341863129299552,0.12317722790521442,0.1358171232802728,0.33056176672603416
Rectus_R,0.41650860216609487,0.6832293294651012,-0.03195048664120569,0.2607745486028693,-0.11893144717278777,0.001244644384678741,0.002852267036532793,0.5006026554389779,0.10129897830755301,0.42842689412398466,0.0908934483597767,-0.0719762456922771,-0.032621410614651083,0.3807086144208707,0.24715422604752477,-0.07223665720118047,0.18138813415381452,0.37045375261152036,0.15602910235449974,0.12251995620309197,0.4552696861231408,0.29822001732263825,1.0,0.21817700401928308,0.39955082071493436,0.05252914449595336,0.17262208067788815,0.15106084455565583,0.3842466771977999,-0.195495403396211,0.20478239809268758,0.12859315230856505,-0.09247373003858494,0.39295629949970073,0.16378765348804494,0.3704973943431154,0.3948123080422221,0.5041340435118452,-0.20640772299340215,-0.14418711750958663,0.25686673797414916,0.4777426808834223,0.5206749942874147,0.6445747684965623,0.31434169868341283,0.5861471523865652,0.3157512271436861,0.2542295145621555,0.28302396557319703,0.23067333272893648,-0.06625666153274105,-0.09922799982380723,0.26938910435851277,0.4167498893063041,0.3138030928011067,0.39345028437465296,0.025617796239687667,0.22022294107974524,0.1652227245161704,0.569330952606129
Heschl_R,0.5631040280448979,0.3033958748708198,0.5444801854031565,0.6552899074702853,0.5643572164947015,0.6813181393372156,0.5308336177064755,0.09176134454162435,0.6381635969054333,0.568917300426246,0.32607155713557384,0.12624103165239817,0.6808351428452792,0.6613519502744967,0.38009074330720555,0.5575168390996814,0.5864709151355856,0.5918897608315199,0.6260224071066711,0.7366282636236828,0.36906182537106713,0.13443473068638465,0.21817700401928308,1.0,0.7347541513011897,0.7351104071773708,0.49239799457993993,0.7240011566953541,0.6766434013613876,0.25846146223046146,0.8103210791633481,0.5227187937854784,0.6133958541160102,0.5920003850863371,0.8258415049903904,0.8569594419841737,0.6054538761564826,0.344111578529179,0.21480639768062676,-0.21182876775106285,0.6504839556784286,0.06065522597504577,0.4061543868568637,0.07302285845197777,0.7437864778625296,0.07239366450269527,0.759311835769837,0.2793420485873493,0.8087385387801846,0.04866508307414907,0.6897245007137088,0.5344015459014507,0.568027649704407,0.6603767536136235,0.6674252060743803,0.6064529843463882,0.668144205247232,0.6485867098763902,0.7700760675857291,0.26035838082426943
Caudate_L,0.6432540906302859,0.4975135442736991,0.37485161652242055,0.4840691253381251,0.24708416966833044,0.5272538694985621,0.6113238502578063,0.26500844711795896,0.5701218407697255,0.6983902069293918,0.3990293861343584,0.11045099046350931,0.4145736538817056,0.6088637004862497,0.5576563685355228,0.5616056045180514,0.4654070502839806,0.5456531006162545,0.5131393605960212,0.7177011956778067,0.6475691227444561,0.12678806148581337,0.39955082071493436,0.7347541513011897,1.0,0.5218466280716919,0.5847005087599558,0.8441493879750543,0.7494916384263551,0.10845002416062842,0.746235021372488,0.5992735331222182,0.37070943319670796,0.7505975783512704,0.7736255522907936,0.8138274180442451,0.7625590506088525,0.40497701321179375,0.18879043299903314,-0.04349163379597536,0.6741564598763263,0.25036832600172687,0.6300658233151201,0.33372903710726537,0.7520119705374182,0.2554608605832855,0.7527988254984311,0.31061515778694,0.7622551084994755,0.18348242754007663,0.5122361560919014,0.30831141562417425,0.48079471619594805,0.7505051499365367,0.7586016065327084,0.7344819421587646,0.5564820375757109,0.3823812165598242,0.596978419315891,0.47580678210400495
Thal_PuM_L,0.4040655468408278,0.16392688843847444,0.7517298118774948,0.6544734367538816,0.6579721278416245,0.7819432858912462,0.5445247511298994,-0.0363112123516013,0.7731398967346162,0.4565808308827769,0.10729030282731312,0.20089905166284483,0.7303765286788075,0.4561425771661194,0.14993775368833326,0.5569122515372501,0.4857706726564326,0.39007628318282833,0.506761281509048,0.772495526636081,0.11125240198954771,0.063124864311677,0.05252914449595336,0.7351104071773708,0.5218466280716919,1.0,0.32377567970997706,0.46692384349747545,0.5756288035919181,0.41910349939332386,0.7856181896185159,0.3062713478319458,0.7218630377227032,0.4282891679945479,0.6987621972770457,0.7305336990230594,0.44650111506196277,0.33055573111455844,0.3732478981682713,-0.46820152079900534,0.45997392988792263,-0.20878848397646704,0.33053310088114307,-0.2571010171087093,0.5149429181094796,-0.02725780563264385,0.585290364782817,0.17038660361242225,0.5925544707283469,-0.17026108122692613,0.8425984258302771,0.7395409848263016,0.5516966352988035,0.6374414926340547,0.5969618057790782,0.4277578810421513,0.7985058688839156,0.8202531083898711,0.8544037783197839,-0.06430578624343686
SN_pr_R,0.35048572262505606,0.34584385193661743,-0.04391568839118615,0.36746281901469097,0.044562389577624366,0.16311546670795665,0.1282709605197422,0.4851393974595833,0.2031173230667781,0.7211058820089126,0.2765239347412485,0.09585557196238381,0.2234551963911788,0.5682002101501584,0.20486782403463039,0.3429514936472188,0.34638689091217345,0.526301682298018,0.6255254947427141,0.588694438976991,0.5783025312757987,-0.052948056806526055,0.17262208067788815,0.49239799457993993,0.5847005087599558,0.32377567970997706,1.0,0.49022612450517705,0.5442340831211251,-0.239745440097255,0.5624970396921716,0.3924072260605317,0.07811979464155898,0.47502425081549243,0.4716220463851226,0.5327055065558883,0.7239236326338261,0.44674342220537056,0.09035113724664705,0.10483555722699422,0.5431240287497174,0.456830267654978,0.4808112499876747,0.3815909746945417,0.5945651531364563,0.13586756836653258,0.6057678536464778,-0.09240346428772075,0.6020756168027933,0.33848655415098594,0.19825858164016857,0.037572680226518475,0.6023742271210591,0.41940021378130676,0.580056682405096,0.4643285614022607,0.1729202572201489,0.14510607537942904,0.4538678907425948,0.5845609252830472
Temporal_Sup_L,0.48144039733109645,0.29488431850362734,0.38438461230768844,0.36809193743763363,0.3060403767567775,0.4722094523828106,0.7106059465352222,0.10186099996835911,0.4995114179774534,0.5285259679133958,0.38237375157007586,0.04395442211608098,0.45753404959624383,0.5033357301580844,0.5672747364138084,0.5911242531697323,0.5705721298750579,0.43099780330871984,0.4172637435476531,0.5869954479857225,0.4383920959298151,0.041548330036026954,0.15106084455565583,0.7240011566953541,0.8441493879750543,0.46692384349747545,0.49022612450517705,1.0,0.6485050929406264,0.1917322635886977,0.6015005415991944,0.5881496277797273,0.4480758747521715,0.5594983290181785,0.7424328119532825,0.6703704864381446,0.631018805842617,0.21272160153696218,0.17553389278470075,-0.03927550640325413,0.5931638589403364,0.10000217944119202,0.44300614883488115,0.11665500545636158,0.6837248447843526,0.07550374146108485,0.7483089916504291,0.2503883867323326,0.7193228630688039,0.18064215588091304,0.5389356163609862,0.3263369486264007,0.3908366757815374,0.5622409361753123,0.5261697099190624,0.5389463933621117,0.5051331794056122,0.2217665434069666,0.48932335356562656,0.2574619468750311
Thal_PuI_L,0.6326235970182225,0.5084540697264687,0.3488018469140513,0.5129004776134723,0.34988104520861973,0.5075880804041992,0.29812187158231457,0.2456625521613108,0.526596437925188,0.614296494273558,0.2939380949789,0.010790102305689005,0.4978695515192775,0.6060344265657315,0.30206378155402897,0.39632050100804617,0.515464511777747,0.6136535044136302,0.5915188257875353,0.6962894879083655,0.46219323456991634,0.21091791640320112,0.3842466771977999,0.6766434013613876,0.7494916384263551,0.5756288035919181,0.5442340831211251,0.6485050929406264,1.0,-0.00999405405877804,0.7449133998186785,0.4557935036901385,0.35900001257147773,0.5880763344122171,0.6692920525982289,0.7590305675254925,0.6875627475165837,0.4950052402645237,0.10828598240330865,-0.16194228913474742,0.6194558010431898,0.18428415746394855,0.48959657827643366,0.28261576805841115,0.6788233935467074,0.13895181202648388,0.7661211229970681,0.266586985068792,0.6973997766661406,0.08476477544063886,0.5228228330393503,0.3180950238846149,0.5599809785947714,0.6836925365274744,0.6885007325021579,0.666827741577148,0.5110877658022158,0.47244887087605136,0.6857550655744943,0.45735570417704596
Temporal_Pole_Mid_R,0.18962011773061974,-0.25820731316774104,0.6792988630065694,-0.11037434253658425,0.39102447824612785,0.5488859863233162,0.48346254314239984,-0.4411356802549107,0.5811950677673487,-0.07656820100693663,0.0932403105026473,0.01740661130617364,0.3520312141001758,0.055136431857788895,0.22149365177880084,0.5191389593402695,0.01671129562067908,-0.25320649116458405,-0.03143437338569804,0.23538811983341137,-0.15845690959733316,0.12627130039915102,-0.195495403396211,0.25846146223046146,0.10845002416062842,0.41910349939332386,-0.239745440097255,0.1917322635886977,-0.00999405405877804,1.0,0.3042589312939915,0.2901409220417164,0.5279213598981956,0.040644928955417464,0.2724484652021583,0.26208126576255913,-0.04742769494341349,-0.12854618886639588,0.11145247315758215,-0.5167843877017125,0.2174605589161841,-0.6299517981334797,-0.06846874754119846,-0.5584983834299523,-0.04543026522508667,-0.10220611766753727,0.1530079649361441,0.28960521991334104,0.17251250636824406,-0.5446400492032785,0.5148066260581333,0.6275136863113442,-0.2061529007657336,0.2600859304725449,0.14436774928852475,0.04232978737119012,0.5892524601568098,0.4186848062325162,0.3040611863661881,-0.33905934061356124
Cerebellum_4_5_R,0.6595263731073423,0.341204623479441,0.6287029240615756,0.5390225980177917,0.5344070525281128,0.8165132338384073,0.4986256895256471,0.08528184172179723,0.7771004070829983,0.6350322111172676,0.274153901315649,0.10767481475747372,0.6904299922548829,0.621190641987378,0.3058731460756276,0.718006480902057,0.43030046550603396,0.47615087941998047,0.6410656928069819,0.9334773541352461,0.42116565289223645,0.20543310418226482,0.20478239809268758,0.8103210791633481,0.746235021372488,0.7856181896185159,0.5624970396921716,0.6015005415991944,0.7449133998186785,0.3042589312939915,1.0,0.5285349875909918,0.6357962020408915,0.6569594781540854,0.7641274847093926,0.8511850591290137,0.673152920504741,0.4213228307883609,0.2419897611884503,-0.29591304808660235,0.768136620579303,0.007291184270401751,0.48265350926730466,0.05657748849304418,0.643032000805366,0.11632138858022341,0.7307300596544685,0.32507216689682666,0.7373984312703781,-0.0873122291083046,0.7485343320873586,0.6141008336080068,0.5264360641750156,0.7256272445208541,0.8410400526314928,0.6615776954434599,0.7963603635272807,0.709408393993436,0.9149749254784411,0.31838343977089106
Precentral_R,0.5558131764725649,0.11472549775691075,0.1934438298295248,0.04421840221670435,0.18855306169905608,0.4343436046387404,0.4540389353846859,0.02780308082273577,0.2849893138825938,0.2783831086266195,0.8933012381822112,-0.15296151746576045,0.34463717611476996,0.30155090020957737,0.5428456186158085,0.431845047580436,0.3039460200205503,0.46666490204162275,0.4511109320678632,0.4534896744109671,0.6090268171613379,0.2828119261782567,0.12859315230856505,0.5227187937854784,0.5992735331222182,0.3062713478319458,0.3924072260605317,0.5881496277797273,0.4557935036901385,0.2901409220417164,0.5285349875909918,1.0,0.3396457448498101,0.5317396840474207,0.7212133399535421,0.669087072648087,0.5434649813510306,0.0130736805970899,0.026074087394068437,0.05668156834346988,0.6013096160419401,-0.021512524108495187,0.3520956252527807,0.09259953849306522,0.6862398868414474,0.0343795033740198,0.5760241020304869,0.4266475053770399,0.7317572188070757,0.07258015681124806,0.2827098198060092,0.08386654187057738,0.12296427392763223,0.625348800350285,0.4826229403183243,0.4221632933760878,0.31072810121773686,0.1019521625984153,0.27225585153179893,0.31534914390488544
Occipital_Mid_L,0.4025734528708805,-0.10809306018902644,0.7920723354501317,0.39133698746655754,0.8784496936310852,0.8523375287118694,0.6203819570981238,-0.4670640962173329,0.6499916164569063,0.07621796996897397,0.18530203000709017,0.022322106758051356,0.9127200771669921,0.2954253007304132,0.24517073919101584,0.6223789813772157,0.5910361950163974,0.22568386760754158,0.33160271400837776,0.6190145240580198,-0.1301730011179444,0.11214969661040904,-0.09247373003858494,0.6133958541160102,0.37070943319670796,0.7218630377227032,0.07811979464155898,0.4480758747521715,0.35900001257147773,0.5279213598981956,0.6357962020408915,0.3396457448498101,1.0,0.2871324306681715,0.5889498370964011,0.5717986009484001,0.15871920371443113,0.013991908458605321,0.31587776443444915,-0.4224095756208634,0.41859253733723134,-0.4280931161508052,0.08115702212412164,-0.3976160237200297,0.3845043083339031,-0.15879854784818986,0.47067586849346277,0.33717981768734706,0.5341106597558151,-0.32027696150102647,0.801848470433228,0.7526305661018025,0.10920479872166075,0.31741379142387166,0.390629201625327,0.22741338621911827,0.7792316029656169,0.6406069351516505,0.7061740174317965,-0.23444049920981896
