,Precentral_L,Precentral_R,Frontal_Sup_2_L,Frontal_Sup_2_R,Frontal_Mid_2_L,Frontal_Mid_2_R,Frontal_Inf_Oper_L,Frontal_Inf_Oper_R,Frontal_Inf_Tri_L,Frontal_Inf_Tri_R,Frontal_Inf_Orb_2_L,Frontal_Inf_Orb_2_R,Rolandic_Oper_L,Rolandic_Oper_R,Olfactory_L,Olfactory_R,Frontal_Sup_Medial_L,Frontal_Sup_Medial_R,Frontal_Med_Orb_L,Frontal_Med_Orb_R,Rectus_L,Rectus_R,OFCmed_L,OFCmed_R,OFCant_L,OFCant_R,OFCpost_L,OFCpost_R,OFClat_L,OFClat_R,Insula_L,Insula_R,Cingulate_Mid_L,Cingulate_Mid_R,Cingulate_Post_L,Cingulate_Post_R,Hippocampus_L,Hippocampus_R,ParaHippocampal_L,ParaHippocampal_R,Amygdala_L,Amygdala_R,Calcarine_L,Calcarine_R,Cuneus_L,Cuneus_R,Lingual_L,Lingual_R,Occipital_Sup_L,Occipital_Sup_R,Occipital_Mid_L,Occipital_Mid_R,Occipital_Inf_L,Occipital_Inf_R,Fusiform_L,Fusiform_R,Postcentral_L,Postcentral_R,Parietal_Inf_L,Parietal_Inf_R,SupraMarginal_L,SupraMarginal_R,Angular_L,Angular_R,Precuneus_L,Precuneus_R,Caudate_L,Caudate_R,Putamen_L,Putamen_R,Pallidum_L,Pallidum_R,Heschl_L,Heschl_R,Temporal_Sup_L,Temporal_Sup_R,Temporal_Pole_Sup_L,Temporal_Pole_Sup_R,Temporal_Mid_L,Temporal_Mid_R,Temporal_Pole_Mid_L,Temporal_Pole_Mid_R,Temporal_Inf_L,Temporal_Inf_R,Cerebellum_Crus1_L,Cerebellum_Crus1_R,Cerebellum_Crus2_L,Cerebellum_Crus2_R,Cerebellum_3_L,Cerebellum_3_R,Cerebellum_4_5_L,Cerebellum_4_5_R,Cerebellum_6_L,Cerebellum_6_R,Cerebellum_8_L,Cerebellum_8_R,Cerebellum_9_L,Cerebellum_9_R,Vermis_1_2,Vermis_3,Vermis_4_5,Vermis_6,Vermis_7,Vermis_8,Vermis_9,Vermis_10,Thal_AV_R,Thal_LP_L,Thal_LP_R,Thal_VA_L,Thal_VA_R,Thal_VL_L,Thal_VL_R,Thal_VPL_L,Thal_VPL_R,Thal_IL_L,Thal_IL_R,Thal_MDm_L,Thal_MDm_R,Thal_MDl_L,Thal_MDl_R,Thal_LGN_L,Thal_LGN_R,Thal_MGN_L,Thal_PuI_L,Thal_PuI_R,Thal_PuM_L,Thal_PuM_R,Thal_PuA_L,Thal_PuA_R,Thal_PuL_L,Thal_PuL_R,ACC_sub_L,ACC_sub_R,ACC_pre_L,ACC_pre_R,ACC_sup_L,ACC_sup_R,N_Acc_L,N_Acc_R,VTA_L,SN_pc_L,SN_pc_R,SN_pr_L,SN_pr_R,Red_N_L,Red_N_R,Raphe_D
Precentral_L,1.0,0.9561284682547566,0.7917703655885375,0.7901438240741481,0.8874766899900625,0.8667449156217861,0.7178075506504299,0.7116913080506542,0.5804306076825001,0.6372264142627792,0.0713540526737579,0.3004633919713139,0.8260359858140762,0.7590357863714442,0.33948228019893945,0.38215608813661056,0.730996852007129,0.7403361031793922,0.18393460969646946,0.12369195709664706,0.311886307241855,0.2839649635727254,0.26427372033754665,0.3456371081522302,0.0939835783054646,0.13049413807143942,0.3077180858469235,0.1572002696061663,-0.03252499518792148,0.19752398854893657,0.6139149449949534,0.6012243264622207,0.7726087709387561,0.800543926378967,0.40900992899326194,0.22234880544013483,0.5381332618769544,0.6217202481345836,0.5884256777551493,0.5198929007288965,0.6851673248355373,0.6501475857537592,-0.017440310163046674,0.16612499216254947,-0.07755619418226761,0.18034818319001283,0.2010403012176229,0.18988158047406703,0.14151371780147115,-0.14594452507506056,-0.024855296229016288,0.1186339138827565,0.08135920898974773,0.0021348395423979962,0.38465534713907223,0.2428398231158551,0.6203603657758189,0.6337387118445661,0.23745483887232233,0.06635807590524559,0.2435489941475666,0.5180787309454105,0.05127326960343934,-0.044157255667634336,0.1326671650159612,0.13766878900950066,0.747992904224094,0.7224701487653876,0.6400430072638578,0.6516191618342534,0.6863746898178915,0.6946765169806406,0.6778528348719108,0.2033315451432333,0.48522147856417125,0.46716069730323195,0.36125911568817143,0.40712679338222113,0.3574231292226481,0.30614458486417734,-0.042604622149153136,-0.08458696099028296,0.16328480033492027,0.23018072737170914,-0.024963742258159585,0.025760082049944285,0.03518759736733032,-0.06776195384797544,0.1980792729080977,0.21049163348253638,0.17217560420209027,0.18243432310432442,0.07053315715370735,0.12128716542043019,0.18388492907504703,0.2453210667728265,0.20487893034086435,0.18476511988958189,0.19797872472663847,0.14486519867024847,0.25794488532861365,-0.05337195476708231,,-0.01656924720450587,0.06861872480665454,-0.009157115561644577,0.45108295686223104,0.4204825229590017,0.45632056550928773,0.6574932664306976,0.7239445564133711,0.5739538119261759,0.6904274410979406,0.6109243860123373,0.5610998867437414,0.660778518145284,0.6588119137588805,0.5863045079829258,0.6369675066612408,0.683061781267295,0.6335646070110577,0.47782200082881254,0.5077130784496143,0.16495990617265605,0.5079940373606102,0.14294651141456333,0.517766220933141,0.559225743145122,0.17049078778254487,0.4638081552103488,0.3688180585439099,0.3758641927791747,0.28980047770062195,0.26253435888727145,0.5247817081376457,0.5489469586034105,0.7821191541565178,0.7153904006053048,0.3627043224705032,0.35151900784492407,0.5159116413181744,0.5892404330921132,0.6747154200140142,0.6106297109964056,0.5004941716072262,0.48071456049176575,0.6040212637930437,0.5769651155071784
Precentral_R,0.9561284682547566,1.0,0.7446081764321022,0.7662651575465307,0.8202227240277589,0.8633892650775629,0.6450176547763682,0.7705547601800489,0.4644008288263055,0.6986244856323296,-0.030372685479841652,0.3228305683036433,0.7836109783844937,0.7862343340589806,0.4090478892463593,0.44281692524681865,0.6818636597631537,0.7163416330602835,0.22705088270254228,0.19162741927227897,0.3474005555447873,0.32417076441754866,0.2588197449219831,0.406328670673715,0.09683611311956415,0.18376258544383184,0.24394240877297677,0.18804050582865722,-0.034993623748207865,0.269233108320953,0.5721576522996029,0.6597879573143485,0.7469076323091192,0.7750014086170602,0.43006672364347487,0.17806534557419187,0.546343862576767,0.6671804925904266,0.5937593930321051,0.5993645474819681,0.7060808562841573,0.6719806035493124,0.026091076539898984,0.2511464775343297,-0.10797580100664536,0.29046243655927706,0.21116297692000296,0.22884629264498543,0.19926141743683834,-0.21202161084384116,0.00803984010200145,0.21311876157843226,0.05806553418123817,0.06541731359575485,0.39156890799202065,0.3394300983135408,0.5354204517328589,0.5800761530738039,0.1383706715284854,-0.053686480263624804,0.14809279417455964,0.5169876210033622,0.04996821763509505,-0.13119257612420046,0.0812172680406905,0.09914868131706447,0.7646886316851206,0.7780954587121363,0.6481320147681883,0.6993421468618659,0.7053944322337324,0.7092724145093522,0.6685966362592215,0.13714507778139254,0.4572762045032164,0.5722914739131231,0.34797387956304826,0.483253303995727,0.39478166980516366,0.4194329269787938,-0.02742827462301275,-0.036765699666481834,0.10443075981533707,0.2910286651081184,-0.04532793376059727,0.016653026862741994,0.005140772163162607,-0.15180111131267132,0.2862110627084093,0.2812586324450078,0.23729647853994532,0.2568196097200177,0.03507438539565565,0.021922041045909432,0.17800975782961168,0.2671931759325534,0.18236506436306868,0.10114196230082276,0.2308638854543728,0.1865752382174872,0.3321646765555141,-0.07857394777640075,,-0.057549913743011175,0.09931939700016007,-0.08307339455415866,0.44984941552446256,0.4399161772104525,0.4597651718880212,0.6904515160125133,0.7282774163662885,0.5654174271865144,0.7282767438022605,0.6515322558859576,0.5650544820671765,0.662496381888165,0.7089783679961611,0.5821073438815892,0.6467308888519511,0.6969430159521105,0.6648573220855069,0.47261881366862896,0.538932385165798,0.09376521963461476,0.5020183602619381,0.11562696713086747,0.496899235980047,0.5923640921765867,0.12883922037750375,0.4730238704867992,0.3855899671295434,0.3797448361609071,0.3416296103742138,0.27965467327682775,0.47345953871001795,0.5387589037391407,0.7794935718836189,0.7264624347951791,0.41571067942784934,0.389289228810317,0.4890367799103094,0.6514011379576119,0.674460521900609,0.633559981674798,0.5199538246995119,0.5004894806091513,0.6716945998819085,0.6426749205724064
Frontal_Sup_2_L,0.7917703655885375,0.7446081764321022,1.0,0.9068330571138806,0.886320124337961,0.8897630930392567,0.6534693660052041,0.6990250482504676,0.5680095084802722,0.5644461558110433,0.09953473369550263,0.4357932468044959,0.654629554706299,0.7076016819124683,0.3256378153273404,0.5079228257084744,0.9184706311129529,0.863180080031744,0.13107143032437774,-0.04607974728514188,0.5173940489258946,0.37452718947806474,0.4658762457226624,0.45665354746992076,0.3505732440126215,-0.07151310547514018,0.48267202458442376,0.28209886866850403,0.08667046973905616,0.23070169396887508,0.8173030444749326,0.7057393099600262,0.6130975874130966,0.6567480575175999,0.15811269101345377,0.026001089736749153,0.4956680133142074,0.46588854588125533,0.5016880163622884,0.32422093824578635,0.6543961226367762,0.6491422589574523,-0.37513868658296745,-0.18606005386672037,-0.23922598609476273,-0.027202741327389982,-0.11316346634396705,-0.15022752156281444,-0.04159036200393134,-0.1705803415400104,-0.053923694070559296,-0.04438788229554398,0.003024327656905739,-0.046007981999475166,0.2448046093862363,-0.0489349990004319,0.4145579531566446,0.4918132022602338,0.07148922480037262,-0.020179026721830536,-0.0022970335014779117,0.18668251773633526,-0.19553112344997997,0.13821718773274663,-0.0527942531578649,-0.08703616045322726,0.7416446159925039,0.6675977678299737,0.6999951050481555,0.5955279095227438,0.5963732122031333,0.6628386100546738,0.48644436681629566,0.18882045905709385,0.22851224229625322,0.17893436154770223,0.5986375899594767,0.5295040025880854,0.1664533234977491,0.10488475815476202,-0.1668554929173962,-0.16017660249193294,0.23218117598826515,0.10223772923192818,-0.17130304288601136,-0.18746556744128257,-0.011871153281403646,-0.12816609645304314,-0.014372850831235028,-0.023274034632283905,-0.11675559911260353,-0.12950313221538817,0.10765004898089253,0.24001406072681075,0.12362640111338696,-0.0025108435424231624,0.05910733371988867,0.19726692172054133,0.05360165625827545,-0.15425923342410475,-0.14301344549575895,0.025174383977553207,,0.031577461260545586,-0.2984669308819824,0.2546003057945905,0.4849902993965667,0.20376467095720516,0.15864891885444066,0.40559293056554613,0.6033186347525731,0.30797010553138154,0.5566743261175124,0.4220845543963372,0.3169384787568743,0.5076337645359932,0.48579655705359037,0.4359282258541885,0.5081565903237574,0.5330920853201763,0.6295130465870894,0.3365653991157417,0.2568368408642508,0.33127338282283847,0.45603022214979494,0.06803372080277505,0.42850628628856935,0.39264056325577407,0.095148408301478,0.2910876222467021,0.5123243661001607,0.2539923932633161,0.5080423176685975,0.4956076050450097,0.748348522864635,0.7900369282471682,0.7553768941219144,0.7174479825549033,0.49798398161018137,0.5473478094743092,0.6223584857698174,0.5647937367479576,0.6164263596571168,0.6924717641953557,0.5837367531939216,0.5314313245980274,0.47074886587553055,0.34031289999028985
Frontal_Sup_2_R,0.7901438240741481,0.7662651575465307,0.9068330571138806,1.0,0.8510525894527048,0.9015107639965689,0.47430685781474025,0.5987502722552717,0.43115435258252954,0.47178598949704637,0.02839524114851607,0.2784658568194098,0.5626229622992299,0.7433991431942246,0.34780415641205237,0.5269171055610997,0.8986735703205061,0.917728575005742,0.15298955404599798,0.1176737921989386,0.5601571156827854,0.4672179330106372,0.4101688425662887,0.47238407712382013,0.23944910887338433,0.04053422242828008,0.45842193713021223,0.33099118178385667,0.1285672291680463,0.09905842690919409,0.8137173204086553,0.6983495132243417,0.7061890539759174,0.7093978705011497,0.21802349767545712,0.13133463903350928,0.580251121915105,0.45351568364594197,0.46365922621059547,0.22696232671534278,0.6918373238200981,0.6719840576164055,-0.27006262435779904,-0.16853551513636647,-0.04686453919505514,-0.1204939543802044,-0.03812210521754195,-0.13781829399030612,-0.10760377535861491,0.011593513071974888,0.08293751512058578,-0.12460116802425034,0.030906545305208973,-0.036552087509372305,0.1842184240976105,-0.09544995675912171,0.5284902871528935,0.618599256764885,0.26421460527873675,0.0818811682145548,0.17852670675000765,0.27080423395137554,-0.15393949022222572,0.2523950834925938,0.1309143402960226,0.04465556292283613,0.6779185038044307,0.5901361339906731,0.6640193716575628,0.5943542455000661,0.704992636688756,0.7035086126609811,0.4690651826780522,0.2791258384382172,0.13400997681844962,0.12250345500325996,0.446079358123311,0.4974315897450117,0.11376196203577602,-0.0025442196047042137,-0.037561933172909595,-0.09291396275023786,0.2687633335717059,0.09083883045935191,-0.14222321322179834,-0.1687471265867377,-0.07909895110430451,-0.0601380334500878,-0.08884836584881008,-0.10823742812916942,-0.13495858316093623,-0.1764913931808393,0.21329242842913992,0.24253390592924126,0.23970847312878887,-0.00569748733555114,0.20378158822747966,0.2889138059543488,0.027839890393706886,-0.15401212535474662,-0.15491698229869544,0.10065872005502406,,0.15036943992926036,-0.29482196045023407,0.25257728530661633,0.532927736618669,0.05397333367281758,0.18370994564101523,0.42637232018987803,0.6670329573616712,0.2472253504774,0.5981603275755718,0.3480406235833301,0.18844008928015404,0.589374247423115,0.4640114012491049,0.4777976598052613,0.6334492534293542,0.4546313770281777,0.659631523077447,0.31074917695649473,0.22326046438720823,0.40957573459437335,0.48131366420299176,0.06554924455441745,0.4362889956323343,0.3393624623958694,0.22329740402402673,0.15349127287203335,0.5578905283967768,0.14790460593833174,0.326063513811906,0.3481095335018026,0.6593912278447694,0.7327392040343118,0.795059866547075,0.8097806646293287,0.4478248240250235,0.550161200037107,0.6519975055212741,0.49123075349774786,0.6927359255921737,0.7059315639811758,0.5791164975365559,0.5835544249890405,0.44468135387249563,0.3382819565958588
Frontal_Mid_2_L,0.8874766899900625,0.8202227240277589,0.886320124337961,0.8510525894527048,1.0,0.8997510414734963,0.7171197935109903,0.684326414238257,0.6371104783321327,0.609559409644255,0.15744931240794385,0.3286120809329015,0.7376818588009569,0.7446845046958022,0.23132008451532704,0.38630413665545404,0.805576898849329,0.7939009310341505,0.2451634249374487,0.04590684947399127,0.3195331420263561,0.23652520730237894,0.3452532387028399,0.27534646138482094,0.18578037933965455,0.11656594265114051,0.3998348597141276,0.16418708819830707,0.04690629623178353,0.11048909587904218,0.7219587204574974,0.6109577112593965,0.7037358648627084,0.7344105715603995,0.26283031663965156,0.15054821269355817,0.48425731558120666,0.4820499765320601,0.4819489866228098,0.3456282981682969,0.6200028841794445,0.623290416882905,-0.14690902646847986,-0.01157807606858973,-0.11237267978303934,-0.006590005402173682,0.11470937177241093,0.018239484657359504,0.06985731103702243,-0.06792409956324065,0.05849884752365751,0.009520222544153597,0.0007094030261620455,-0.06279441329813808,0.29073030936793104,0.047605796482746474,0.5633709907528233,0.6118398419351143,0.25441240769870294,0.13642826768204147,0.2369075756940024,0.41081408130284564,-0.02099771851890642,0.09921568123990969,0.10983428809525488,0.06602251551079989,0.7299352789965464,0.640416952747018,0.637496101124771,0.6130978498499463,0.6608131301269748,0.7121709074792805,0.5682517726557601,0.2937284137052911,0.33723219263974175,0.2554285411036824,0.4011227242957826,0.3700989948669185,0.250716141883541,0.12135296843736261,-0.11184979218501484,-0.07884593222236869,0.2039544864222158,0.14024871510001197,-0.041535558280959374,-0.02326774902567888,0.036234307345480055,-0.01535523744992178,0.022574127144811378,0.02596533850515718,0.0032691844791081894,-0.002409934665929373,0.1812025943492359,0.2979596756789389,0.2575685336574464,0.14871516148946679,0.21956355079570256,0.3066763080411028,0.08478869300760328,-0.02536007240983699,0.054110970357732505,0.0574579624059797,,0.05385230468426847,-0.07825176581916035,0.1162237156873043,0.5197065190629235,0.296195247758079,0.34364786807114456,0.5521576544359584,0.7006528538838168,0.49038603275892,0.6259923795517217,0.4812449074951857,0.4496835573688508,0.6504688267128509,0.5491280457308435,0.5727433203131181,0.6410299026745653,0.6460832278497751,0.6173776065492236,0.40201054744163217,0.35827910264022955,0.2857621905651089,0.5408782026997142,0.18943931446776818,0.5185854069157985,0.4703674916754306,0.24734723228980304,0.3753145627258392,0.4308927572356953,0.3166983193988189,0.2980784936319152,0.2660969862528616,0.6910312621170568,0.6531327068083018,0.7781106991031036,0.7075609572276672,0.3431156789889102,0.4025764711729879,0.5535880524880936,0.4706498049808406,0.65810258840008,0.5929987511057522,0.5151196576596024,0.4794564571820655,0.4696944737008239,0.393040663480117
Frontal_Mid_2_R,0.8667449156217861,0.8633892650775629,0.8897630930392567,0.9015107639965689,0.8997510414734963,1.0,0.6482112069791802,0.7517176638918289,0.5310234412379743,0.5990078851661093,-0.032145727473640896,0.2422544214587093,0.7381106320831362,0.8403588215259274,0.4082148965264255,0.5811493721733372,0.8425282265936438,0.8674378385541943,0.29202495463724104,0.14251902682960024,0.5302767341438652,0.40955027331418836,0.4645067703763248,0.4612635004011459,0.22650832102131857,0.170831972804175,0.4037210378281418,0.28108531208046034,0.011636023266810513,0.27051153015755997,0.8251858755270207,0.7661887414011814,0.7245932434310465,0.7527222667367072,0.2967695589548665,0.06939379587088237,0.6141554953800573,0.5950350463862624,0.6289087634705638,0.43714411146649657,0.7749516851499951,0.7564144107548396,-0.17565898987531925,-0.005439510885454611,-0.09707493623270481,0.12530257898568933,0.06088484434300351,-0.005848048591241342,0.03929751099183997,-0.10813817990721682,0.06319155746949218,-0.0036296118360285416,0.014882839105200557,0.04723492961060801,0.3314771164215643,0.07569132809999744,0.5064245960656426,0.5781136873378658,0.17148715073312198,-0.04795611425621017,0.1390204443848185,0.34693150749469553,-0.08566604025177388,0.06274548645699549,0.052031621656410565,0.023323158376302167,0.8119280172894828,0.7729064695933106,0.8073467029762821,0.755544990187418,0.758487695298299,0.7772042909719207,0.5460260403816483,0.19047862660975565,0.37541755517345826,0.33910652392092433,0.541770716714522,0.5521097203878308,0.333219987909,0.1688168070572918,-0.17338353491070713,-0.17716528535600062,0.23481712285595974,0.1602115159103476,-0.0985546884307462,-0.12958279231154815,-0.025284849060587453,-0.10673267972305948,0.10275928800756273,0.12329699270967492,0.03694905108572872,0.006376417521122906,0.16418628839125815,0.22592757027536955,0.27799015878469224,0.12169652931142677,0.19062494833554766,0.243026599184685,0.07435087774179311,-0.025285842059127286,0.05900866191346631,-0.004957541894289376,,-0.03397892872800297,-0.16520474345152214,0.09929606297062166,0.5481403986821249,0.2289030709749311,0.3192105299250181,0.5696677350394459,0.7447855253609312,0.3886459044374759,0.6846310950820212,0.5377500037664441,0.3831971641586599,0.6745605791295869,0.6975126086132805,0.5648261148830971,0.668839777675705,0.6145372755772556,0.6971187776096234,0.37696766045976865,0.3898188463114726,0.29965812144414256,0.5708603008058386,0.03820658713973318,0.47963304743154367,0.4472305372923442,0.1533372626044471,0.32693711993395747,0.5382720411683208,0.24840449072058013,0.40690444798827674,0.4141824764265618,0.6829211859708993,0.6729929727359734,0.8969339649199098,0.8024263229842887,0.5142212311569968,0.5861153185565585,0.5983887114546774,0.6446736919232661,0.6649090961109309,0.7632282991873706,0.5760524642101202,0.5890690430302018,0.5972887672898433,0.42203409659565055
Frontal_Inf_Oper_L,0.7178075506504299,0.6450176547763682,0.6534693660052041,0.47430685781474025,0.7171197935109903,0.6482112069791802,1.0,0.6534623015202916,0.8586615791148624,0.5632098764899941,0.39574149869549313,0.3488681192366083,0.8373877473809047,0.5668872191449066,0.1054993875247836,0.11806304309012816,0.5885328189874955,0.4845603289801141,0.06709497288972044,-0.11155174448397964,0.0802034693326333,-0.05284510916844966,0.2086298522329135,0.06656096570210912,0.15038849854900277,0.01633732065896272,0.383159042606221,-0.01222996730183489,-0.021566256760771865,0.283166256787556,0.5450548522884961,0.43147676921162786,0.49708648764878993,0.6156278663650705,0.20699085805731654,0.0005494622984757162,0.30465850688198287,0.49707899543113243,0.594463956938731,0.5261080867400599,0.5337716729725457,0.4320043964972571,-0.03587199147511027,0.12028423635232333,-0.2609677893960822,0.25166465239493785,0.19221411047265843,0.1655874348852732,0.20386887049654445,-0.339823656060171,-0.16848128572862167,0.12244555351368035,0.03629246040990095,-0.034480479966423096,0.6133951288749887,0.2603134570900165,0.3645959449703514,0.33238345598676744,0.033219327387727156,-0.025875692336898525,0.14173344568042992,0.31310624556819716,0.09093375127752007,-0.13501291645149893,-0.09821869158318727,-0.06711452857432446,0.6010812309953222,0.5748627710605128,0.5340205684177644,0.4614113935626005,0.4382724628175128,0.5579766814944548,0.5405741708845194,0.10007286042103086,0.7342745731879966,0.39232762420921724,0.5460876459856958,0.2764023780753772,0.5308150614382638,0.2915762467996361,-0.18605255714158353,-0.21328415107678989,0.25931979711361786,0.07840979138235016,0.0034207318593213985,-0.019365933047547645,0.08668896617894291,-0.15920675830140726,0.32135729326962725,0.33296264567656964,0.26106744432223544,0.26846131538341234,-0.12932803508044813,0.17972933117009562,0.10854765909855697,0.18416492536846485,0.0287144322445127,0.07560688115694206,0.20975507080119385,0.1940289229892026,0.27398116240837195,-0.15664573574517512,,-0.1631134181991581,0.1283907848605306,-0.15073661071240405,0.3954633420980774,0.5561275205468137,0.39207199032510726,0.5107401611500357,0.5695265998005143,0.5904543889521087,0.5024860185253499,0.5160808383154715,0.6155813081605578,0.5171776243524263,0.5123195732969836,0.4974935888394283,0.3929198612958661,0.6898053028510089,0.38716713884626824,0.3792708144523212,0.4030499701544842,0.07403069102977168,0.427885041069875,0.1471800168516932,0.45109456074954885,0.4946852472395925,-0.051831553973920294,0.5102657469974998,0.11300347455830256,0.4082018610569244,0.3906585170316811,0.31029083083807346,0.5219489097971104,0.41448286268087886,0.5707060972960286,0.3876839801902819,0.1920381970378373,0.14397799637330078,0.27516564996984727,0.5701305035963983,0.38980070818476864,0.4308163419222787,0.39622840126600656,0.33980388303300424,0.5532712367540193,0.43565887458230745
Frontal_Inf_Oper_R,0.7116913080506542,0.7705547601800489,0.6990250482504676,0.5987502722552717,0.684326414238257,0.7517176638918289,0.6534623015202916,1.0,0.3820859765450134,0.8087759305406574,-0.12325458887918729,0.46794976467880695,0.6946388625851937,0.7843638581960688,0.4072086214375889,0.5709495177287401,0.6101120186904899,0.5542371635503931,0.30843525677577566,0.23934948650208213,0.4640302832591004,0.32312722401923155,0.44338563136888215,0.4839046378513426,0.2467348244835951,0.008530783348165689,0.3447135108221808,0.31555545850740935,-0.01743190059429105,0.3819972959966258,0.5857787231924959,0.8165612843698243,0.5730668497471658,0.63392829601194,0.21656648547841822,-0.1707500697700984,0.4131259393699418,0.6718496623810097,0.6438475138118004,0.7672646181713806,0.6523706536946269,0.7282419409074536,-0.0807620448726799,0.3340353310035372,-0.39290452025839534,0.46907375373276383,0.1213864674935668,0.19365987051020167,0.24470556177330635,-0.42699335062472427,-0.06702395436608401,0.28740093613073425,-0.020297709699061448,0.14190485529175142,0.5606913588286117,0.5000277606909354,0.1976589332518377,0.29568377980370647,-0.19062041733225482,-0.2748273666790737,-0.1768956418849132,0.3598827372674376,-0.03478916602807446,-0.34968982838901436,-0.16970895683934892,-0.18711280302394434,0.7853444981720126,0.81382483820071,0.7204861589097802,0.7621153249390632,0.591185703987135,0.768066304864007,0.6401276279846839,0.003051549798663792,0.4224770832487613,0.664729069673126,0.5674547708630464,0.7564197627781516,0.37638880124327007,0.6484478797690696,-0.225056075048341,-0.08493325846170055,0.10729622905012605,0.4233235072255037,-0.153206303953267,-0.05222286822291401,-0.03137486409429397,-0.3165876717356977,0.49820355251439313,0.44164604451194533,0.3729836081198471,0.3907408253739799,-0.21477712275678537,-0.1115155612416201,0.003367893062848784,0.18704175166179532,-0.08751247558267863,-0.1639042549314352,0.4157950554572931,0.1679739619524904,0.37461724013970943,-0.18894250166911264,,-0.21244312575536295,0.018348506978109514,-0.2549274528423875,0.5318607823066646,0.5354980231482278,0.18802098086874958,0.4813192623223424,0.6651719093515831,0.5186537540900621,0.618898107596987,0.5960746582188836,0.5263945680925347,0.5578510126743743,0.6958172114539778,0.425666198462103,0.3729500791494943,0.6682666913667393,0.5294443627934337,0.40648110046751584,0.4752602620098354,0.0591593573128638,0.4582879524904457,0.1253652264861972,0.5222470732176138,0.6529027930404772,-0.20169243093050085,0.5527103562091408,0.1978142397986764,0.5300906145960714,0.5082270469880623,0.4370688082089961,0.5550184771766047,0.6179826979990372,0.6805040042391909,0.59403165718898,0.5904250455154395,0.5802725237994268,0.3098128047797169,0.811085983857975,0.4228860709805595,0.6119832034168723,0.6979423651692767,0.4975716971334559,0.7666307897070741,0.5564972450827511
Frontal_Inf_Tri_L,0.5804306076825001,0.4644008288263055,0.5680095084802722,0.43115435258252954,0.6371104783321327,0.5310234412379743,0.8586615791148624,0.3820859765450134,1.0,0.4553258918187419,0.6470624123418534,0.37703834805032765,0.5848682896740283,0.2955704453162494,-0.12291629778770573,-0.16265142214485157,0.6026723080681772,0.5091373190597911,-0.12746202655793737,-0.3167186401864059,-0.13159203197563452,-0.29750001265512976,0.0617257284622049,-0.17449650328434174,0.1794120784392986,-0.10455192300814561,0.25678215266381227,-0.2448027544981528,0.10866506469611029,0.26922409811215514,0.45249163205736487,0.12052068637194552,0.3022063313807868,0.4152904871317007,0.07980133163703756,0.08121486642063666,0.2171295698628509,0.20728282182735433,0.41468129657024383,0.22746347328108177,0.4491390046877793,0.16340691842091976,-0.005060640092652785,-0.04275510032812462,-0.13014685549378252,0.048805109886055756,0.135826477104364,0.043565744096148114,0.16526220106598122,-0.20463123831509775,-0.1628527188581362,0.008728009626585927,0.06979742772030366,-0.07744696968346361,0.47194854306972156,0.042560478704745025,0.2785061559308363,0.18478951281242528,0.1221436124573677,0.0008135672244003692,0.3141292433379547,0.11443098096757368,0.16071107624782283,0.037979395957292876,-0.09329896536520944,-0.055534434461304245,0.32902660863027,0.24754510788481013,0.30781250064206617,0.1657142520511922,0.24193651332361432,0.3225463174185509,0.2771118214990717,-0.009291610558474923,0.6526439900440953,0.09693266141805211,0.4351398122001771,-0.06133788088303143,0.5458971839243162,-0.010894741147228083,-0.13232659008871112,-0.11378820551618976,0.45079181934082174,-0.24717328082312937,0.022508237388664705,-0.009441689064367768,0.10515204955142314,-0.08762464117620397,0.12620971493148947,0.2175365656327636,0.13401694398880257,0.1551467519871483,0.042481995671794615,0.3929924600847702,0.23965515037898757,0.18983923651011228,0.14926547551568323,0.23660148753787053,-0.008106158252143234,0.13663079663392677,0.10181281524144038,-0.09878734220681512,,-0.012962137943357786,0.09150851144238263,-0.10380633923414244,0.10732940965433417,0.2982377632754967,0.2681832163775052,0.2868378359748649,0.3524015006450093,0.34359086245159426,0.2615581486624952,0.26964839582433675,0.4041427059659053,0.3275124694795654,0.3248754421726648,0.34613903876339225,0.321707809118286,0.39742005397314134,0.3125883805054806,0.13014866480648177,0.25646985649130977,0.1319505120760614,0.29825057320115833,-0.003528293749098459,0.23819233787434446,0.16855605769179716,0.06126697202893876,0.2568111767442044,0.16148023689897636,0.15627705179286333,0.3254744644887184,0.2563272516763448,0.5014995218170629,0.2840618129756667,0.42679027029752725,0.2828523135526259,-0.09957247611216555,-0.139252758050818,0.21580019608581474,0.31818987635764173,0.3535813111542557,0.2683716315556774,0.142519747164497,0.13097806363075365,0.31987295085667533,0.19245366095123345
Frontal_Inf_Tri_R,0.6372264142627792,0.6986244856323296,0.5644461558110433,0.47178598949704637,0.609559409644255,0.5990078851661093,0.5632098764899941,0.8087759305406574,0.4553258918187419,1.0,0.1075585166442379,0.7085949180894504,0.587146000051908,0.5569611463992966,0.29076634116761624,0.258252915540765,0.5269305097277693,0.4466529942193175,0.1446523894735317,0.13952683833485072,0.10033291265145161,0.029074718660949874,0.17474616399872503,0.2253171140062179,0.14380904888589163,-0.08891028237771355,0.09035393693859323,0.03392863728792395,0.09484292515926632,0.34173843032580903,0.3354703950958577,0.5421218093537966,0.5438486664845756,0.5932091369047593,0.4203528500046721,0.15116926833653072,0.4570564816431738,0.6465153278740081,0.5791481571035464,0.7471734614192004,0.5678876380307188,0.4923254118981614,0.2757906756532099,0.5167611594258225,-0.24940214780491884,0.38708434438516737,0.41813189507095255,0.47977218944534283,0.28958119094831686,-0.3168012019548927,-0.13130227062200303,0.31995521245410435,-0.03348548309716616,0.13949084872962755,0.498300058717723,0.6241490523931142,0.2608970041837856,0.2822501910226027,-0.019190502582731524,-0.12949238487317816,0.08802785887945648,0.4830003922188119,0.16423694119309054,-0.30251969180517246,0.05044629951624624,0.10913416968885985,0.5923806460090955,0.6083758224891905,0.49034816421324995,0.6090250026508154,0.511253867135423,0.6303313751495017,0.5881564552622643,-0.008748079477446685,0.4834539108357321,0.7361652623008913,0.25881891342797125,0.421072373199148,0.4035797311658596,0.6637418948089443,-0.07232015981589371,0.17272145924812285,0.1354232546588999,0.29769845920746074,-0.007756902479252676,0.07803571089948354,-0.015274615297297199,-0.3908049913441818,0.50202458586295,0.5773225546419419,0.5123876112941467,0.5849309797690535,-0.07862258688137502,-0.09448736968323154,0.08609124819078365,0.3024562625340015,0.13120366651272633,-0.09743622205864688,0.3898551004029058,0.41846712706181644,0.5465419458408173,-0.20605573207049913,,-0.058929083979989166,0.19751416788435724,-0.40540865623694705,0.30713700356502555,0.56625108546935,0.30305939968738976,0.5084404674686533,0.5903176224802548,0.581980453464971,0.5336081048078645,0.5593137164214891,0.5729190521628167,0.5337493197279038,0.6603191074691245,0.46219565552992514,0.45505403958435503,0.5283325704190142,0.4443976003603462,0.45821284654747724,0.6312442059484737,0.08008836965667208,0.33769415266469577,0.17101578588568764,0.4907318728010666,0.5627921183167587,-0.052667158470094774,0.5360694103354711,0.13548910990434335,0.44254414291099087,0.39981783653103586,0.2782114034532621,0.4136880815318138,0.38772931188957355,0.5277692296635138,0.4998151874406172,0.3306480848480994,0.2017957707559775,0.2586146960382056,0.6207119074232736,0.5269438782375163,0.40656762955280445,0.5051690784240879,0.40448771052461324,0.73430107952946,0.5474422918711431
Frontal_Inf_Orb_2_L,0.0713540526737579,-0.030372685479841652,0.09953473369550263,0.02839524114851607,0.15744931240794385,-0.032145727473640896,0.39574149869549313,-0.12325458887918729,0.6470624123418534,0.1075585166442379,1.0,0.3256754645371705,0.11813750659537386,-0.19608340661916204,-0.4089955385204969,-0.576973809040076,0.20900693361290912,0.08304967916980742,-0.4160206065849285,-0.3079266278031575,-0.48427377070364275,-0.5325275236231494,-0.2568013462943709,-0.508138354688021,-0.08047336007518248,-0.2890181778673522,0.12106545771632948,-0.34313979178008674,0.03618669948713494,-0.21248366633130755,-0.017363665634700463,-0.3519982577988905,-0.001437094578077527,0.06866811572380062,-0.04385249153636018,0.15026586770523506,-0.0650982023722372,-0.16866653010329008,-0.021251830239030167,-0.1403584329688102,-0.05515708270830927,-0.2799692748196412,0.16757812922140258,-0.06356224920195348,-0.021264561731130793,-0.23938474015782105,0.1922249782105776,0.08959387490609089,0.02719920183655184,-0.05749597119979887,-0.22957145313392166,-0.07461764290422947,0.05051324790229957,-0.07433136978675357,0.2586970511832421,-0.010973667218940856,0.13620380462427867,0.01665419355823676,0.20975798575669138,0.22997426736658494,0.410386617242023,-0.014460227403916729,0.2625861334725788,0.1417934404277461,0.09956731372147723,0.08155762599364216,-0.1141653539811137,-0.2677173415218423,-0.2934919560737469,-0.35768906935892686,-0.1423367264832556,-0.07458214443963354,0.015745886722448022,0.11227517240746354,0.3483716362805653,-0.18363009556094131,-0.045096709638767114,-0.4306463630938501,0.11979370650505078,-0.18913999362168202,0.00664557586323961,0.08084125824902354,0.3724291429049226,-0.29529383773173484,0.06114646571531577,0.19966681362448663,0.05700163772088705,0.12586567571384766,-0.0073164715247985655,0.013637569472509976,0.0923888192479534,0.12324202403563884,-0.03549257282384559,0.27585313427490926,0.03427385818959363,0.17600924258751524,0.05766850993048535,0.1643970725291523,0.01613010449579183,0.21213332237963184,-0.0030566231686337915,0.08538712658383998,,0.2803645428056204,0.11961998998136682,-0.04551483222053142,-0.12626886773862986,0.07307692084005922,0.03360198235847239,-0.04412232672634487,0.01667698861417419,0.1446757763577061,-0.053101606821573714,-0.2062689918353771,0.07428600980370906,0.043807228904895294,-0.18420443853399526,0.08870221999458455,0.07068671737834006,0.048949909115277364,0.020137998586695037,-0.01812637231650164,-0.05986251342523926,0.15790812214828473,-0.04527625622007563,0.1040648136565665,0.04191447480877498,-0.07167124690879709,0.07275147603512237,-0.023610493241146942,-0.2492480290531304,-0.05515051954027409,-0.025867047715534563,-0.10657693784236998,0.0812466719278932,0.0208131061461114,-0.07540600024885467,-0.07094190462181629,-0.4436492509241729,-0.5334440879660584,-0.048010512088663644,-0.1793306493852332,0.13173529483788785,-0.22351108945705214,-0.09755277679188652,-0.1324820248576931,-0.09570043339059377,-0.01956724332705979
Frontal_Inf_Orb_2_R,0.3004633919713139,0.3228305683036433,0.4357932468044959,0.2784658568194098,0.3286120809329015,0.2422544214587093,0.3488681192366083,0.46794976467880695,0.37703834805032765,0.7085949180894504,0.3256754645371705,1.0,0.23771450540788056,0.11331536856737881,0.06909597957323835,0.05261774677065687,0.4337237731835281,0.28154134724567575,-0.1606129454317813,-0.12777519089352654,0.02552466533709115,-0.10442209774247896,-0.09941627465653173,0.09853174896849509,0.3826830871006146,-0.3171397927604407,0.039810350899948416,-0.06916322225397652,0.28329609446817217,0.34240873490950136,0.14031955980666058,0.22866207652749246,0.1756084418522822,0.23708710063785934,0.1966636763060798,0.12405926153945077,0.1599115934459509,0.29661212495748285,0.29799564359866054,0.42968636551106,0.300412126774369,0.12566609756532446,0.1112995396846239,0.21201104702503126,-0.28299365460896847,0.10207948434184573,0.16372493634732518,0.2369060388048637,0.14418055633492827,-0.2728878603454944,-0.2780449772364813,0.224607380119788,-0.021548047254985585,-0.004457223335460623,0.3054909946472207,0.3569647922908616,0.043481182078234544,0.03738752733094425,-0.1363920097366593,-0.07707797970985926,-0.07429640023441435,0.1036700740270636,-0.0006606681973112536,-0.16569538125732475,-0.04847435141011767,0.0031186073482230574,0.23386409598979102,0.22262458035159136,0.1647907686021231,0.21742091510240966,0.1281016309484995,0.22571990868281738,0.29481759603402935,-0.17328806494442367,0.2236179938573449,0.37238727624643414,0.2753318221746305,0.16325526170805474,0.2128572769446294,0.43703171347715036,0.057562092407447286,0.28218613628408057,0.09932059099425358,0.058812417357420974,-0.11882557871156756,-0.03183023255677997,-0.1270612830878749,-0.3935439200762552,0.18226596502613457,0.3488840404534843,0.22869046458646172,0.3639769009326328,-0.09355020043093143,-0.0228608226363412,-0.014723673424924968,0.14241157862420492,0.07462901096667886,-0.11883385042789253,0.16766165499245167,0.2749830257563878,0.20482641361081474,-0.1737538270103831,,-0.02430113645287452,0.026979212134971235,-0.25822927798116874,-0.011273027343384043,0.39650661525846165,0.012994364400994171,0.10337911263193773,0.1811438480383242,0.24515721273709745,0.13750039058940142,0.2420577971327034,0.3018754860729815,0.1429968588980413,0.2667246063907108,0.11414603385086915,0.13022419254042325,0.15930258866895705,0.16237344138590257,0.23802749039101054,0.36460506274614113,0.00045943816011316253,0.033067650215921986,0.10263373042755444,0.16033804346096206,0.22478603970750247,-0.09902407857630029,0.32539125743773833,0.05725032664518944,0.244568595651452,0.49907175360529976,0.3158497317275528,0.38074164428770824,0.34913927877583867,0.13246389716139217,0.21644158284310613,0.08893352635765489,-0.005363130266562533,0.12939983720441273,0.3256144347720669,0.3784476911997832,0.17841318257177774,0.27816371955065083,0.10356971561748698,0.42241813786205334,0.36437682596833637
Rolandic_Oper_L,0.8260359858140762,0.7836109783844937,0.654629554706299,0.5626229622992299,0.7376818588009569,0.7381106320831362,0.8373877473809047,0.6946388625851937,0.5848682896740283,0.587146000051908,0.11813750659537386,0.23771450540788056,1.0,0.7634349293794545,0.3731524971979105,0.3575374831710674,0.5659886076214513,0.48649594730079915,0.17861196359551887,0.18226205104455165,0.259219607570554,0.24299792324354832,0.2891897440911012,0.2792269350541192,0.020294217545339763,0.13156915959622598,0.3992207988599578,0.18592655185210258,-0.08468789897730665,0.13461472591546833,0.6008148924334122,0.6235226327732023,0.7580929845623355,0.8116571765245878,0.5077991218024901,0.20929981307827927,0.5636286025405602,0.779695265001576,0.7460256808002418,0.6777088118971146,0.6034149404604753,0.641452605603794,0.06364963252881102,0.274472354191367,-0.19399896439907377,0.25976249579713634,0.3374889004427565,0.360112156537253,0.16114535143866188,-0.23136233504660889,-0.18548875572337703,0.11638269388810783,0.005929560906570724,-0.026455054487518587,0.5555286758236838,0.36506354405146496,0.6082434839147572,0.606378021172043,0.18065790804589918,0.12415874502107267,0.21946468302247357,0.5468049649151107,0.08694415684586346,-0.15256062258766823,0.1745199862660831,0.2069497651221139,0.8031972912624059,0.798661735388292,0.7220916531583341,0.7228027511280525,0.7129821594969714,0.7292324006364836,0.8017521854478051,0.3263346399197675,0.719380268822357,0.5876987673463612,0.4197251833350492,0.4384176917981746,0.3750158331905937,0.40813376760063874,-0.122648760809996,-0.2521500763191776,0.11409082579123499,0.31099865941511007,0.016706034503257677,-0.0183789502174888,0.022535824132449974,-0.11681537955917472,0.34224219631210534,0.3804020889482982,0.2943808614429431,0.31026101461413463,-0.12033316626410263,0.055145545119580024,0.033771688239515936,0.1582318394210562,0.09460628470595513,0.056773003382393966,0.2877738843258803,0.27688955774203766,0.36718449427201794,-0.12464522795053415,,-0.10249931788573861,0.08251161410031349,-0.1019389607337557,0.5609516379770398,0.6396028449701647,0.5514246129386304,0.7420531869952057,0.7719259119357129,0.7776761271888387,0.7396387351275933,0.6970045168075509,0.7207336551190303,0.7234812188233216,0.6886139071626116,0.6932487936938465,0.5824041371098769,0.8190791059581333,0.49143703406436096,0.6763369539456723,0.5978051019570444,0.211207255835348,0.526207534923485,0.3367411026476169,0.6767332897253749,0.7114058073201662,0.04051548015536327,0.6274032727819054,0.16364460158962582,0.519861080665583,0.2402866162269936,0.2673998241011194,0.41214264738176454,0.4304974541819243,0.7404495504656217,0.5696247699272028,0.4135496741664645,0.3521275568005177,0.43089108549916144,0.6556522878755401,0.5724352471691111,0.5992791147196381,0.5683483604821981,0.5743797409267253,0.7082190343025855,0.6124534287018366
Rolandic_Oper_R,0.7590357863714442,0.7862343340589806,0.7076016819124683,0.7433991431942246,0.7446845046958022,0.8403588215259274,0.5668872191449066,0.7843638581960688,0.2955704453162494,0.5569611463992966,-0.19608340661916204,0.11331536856737881,0.7634349293794545,1.0,0.4872416037315721,0.6324520295130043,0.64087351318638,0.6468266617053727,0.37984322584301833,0.3925343405639922,0.5426338893380998,0.5203586597026376,0.5058438306832027,0.5212739524338338,0.03907450045338845,0.18995995695695048,0.4945446085469445,0.46426061545794156,-0.03818506463115226,0.05009662379328721,0.7562896029850966,0.8859150219361092,0.7568756853831906,0.7776348231816014,0.3225707369055043,0.03704583850993284,0.6312066430572368,0.744002846791104,0.6285341616852593,0.5864577547350837,0.7004763985361405,0.8541712130485074,-0.09078788847089592,0.19185677997839884,-0.1866741079321759,0.21477874006711697,0.15990901438801447,0.1508023837640657,0.07567169389264435,-0.15631121074269566,0.04424400892291541,0.03233540336083878,0.01716712271108965,0.050618861812594826,0.37631794611660613,0.26705760100907944,0.47820975818605677,0.5892285746101458,0.12928979129171858,-0.005259338137943689,0.10607419578609686,0.4560481225484971,-0.045342253132139125,-0.07260121221397534,0.10571218685457578,0.05045897040164996,0.8274010883875432,0.8022780266816296,0.793918965965481,0.8436986633959181,0.8418966026110934,0.8924293702543371,0.7262946552632119,0.4384485271965994,0.3264750127036621,0.4966346487942166,0.4048198290380324,0.7202886759216878,0.19609748662234067,0.36686180210951874,-0.1394526471246264,-0.11436664189399885,0.09971063909394576,0.4636793853556462,-0.037664822353272676,-0.08257060444228426,-0.04437872724575301,-0.08527882583869349,0.27933916053692975,0.15088299870968003,0.17314490229424823,0.11516193488775237,-0.032591360277851984,0.01663029507852691,0.12808416396013597,0.12605602461191542,0.1253230115889371,0.130525062095606,0.2736008708816772,-0.003101258147631801,0.1868344964458992,-0.02141211285405052,,-0.013350150895564126,-0.027676295621911096,0.02777675304432606,0.7766954194537059,0.31234724902220046,0.31299299320318397,0.6214846747408126,0.8133057741400854,0.5540251827767438,0.7968027796254157,0.5792484821748283,0.45886172493478594,0.7777818499029204,0.6684092306923424,0.6523468711915716,0.6476120751953057,0.7291098982047448,0.5938282489081176,0.5354843063058192,0.4400730685138773,0.3574439237164931,0.5747847076230371,0.31433750796673043,0.6613035097873943,0.6869920861594747,0.11598922236517448,0.46628507519722573,0.32782936201978147,0.4586836394482276,0.21329526416745354,0.27532231469827956,0.5275976417761896,0.6207683395652843,0.7974618560246926,0.7611704390339785,0.6236519901986229,0.6606133326814747,0.5392839038576749,0.7136410146818509,0.5974081103137597,0.7231253895503825,0.7507558876227238,0.7515076939312536,0.6892300369397514,0.49884847499392415
Olfactory_L,0.33948228019893945,0.4090478892463593,0.3256378153273404,0.34780415641205237,0.23132008451532704,0.4082148965264255,0.1054993875247836,0.4072086214375889,-0.12291629778770573,0.29076634116761624,-0.4089955385204969,0.06909597957323835,0.3731524971979105,0.4872416037315721,1.0,0.7632836554005061,0.30831910480745867,0.3505604331728442,0.20260150206649732,0.20717796744522926,0.5423231558239734,0.7002252137455723,0.4554673921815693,0.7661211548481954,0.07988722911439858,0.001069755617343455,0.1409130490746418,0.5364016570312508,0.01687440875463767,0.12397731981203068,0.28751137876812016,0.5685115922536802,0.443827431266585,0.41815273096070676,0.45019558477882543,0.1846850824334491,0.5094234469635518,0.5870526847956026,0.3967513518944679,0.4875481776015815,0.4063702726607762,0.5612291617173265,0.11962637916556709,0.25856810487991344,0.07220726017856077,0.1814368274846534,0.1574735461366154,0.2656645583168975,-0.0028501701556402836,-0.02843176360014767,-0.025056739626222815,0.06060163729324491,0.004237960649280571,0.0113643173604666,0.05737685965750322,0.24352042664467308,0.26588772715954534,0.34869616159986894,0.06206229900238881,0.03294521011377185,-0.017207045015195346,0.3673347054244832,-0.009153360395430684,-0.07715399482438563,0.17323644011388542,0.23247960005684526,0.6160295271656693,0.6586200647422493,0.46160192216179596,0.5870730691764191,0.49364368761358657,0.4063103232278779,0.33430524873412054,0.14066614754897747,0.11856961963680848,0.4519429277178914,0.12879254019669117,0.4891567010957178,0.06409067364464247,0.36922852981351423,0.06428198694923563,-0.11093106265656104,-0.19046209968319208,0.3583617070890571,-0.05609756920285322,-0.15682906620396445,-0.04515496403165377,-0.20607418864436963,0.26040968061916125,0.1704471744931856,0.07938301388678844,0.12894649914746575,-0.21595303049471923,-0.24057517503266196,0.004793213980552484,-0.011327855355936663,0.12299504418409207,-0.034823129481150066,0.1746042158401899,0.06141419132410162,0.21401825833795582,-0.08116343440000812,,-0.2019102124403436,-0.0057538333071013355,-0.02552165480452819,0.3162268175933309,0.18216909415477434,0.27112797474408423,0.4245679130455588,0.37632142305128496,0.2782361003287446,0.5793582214192217,0.4323171471431019,0.2824011185359532,0.32460798007818265,0.41647792066697914,0.3612877829488668,0.36351896526939503,0.30086600975355976,0.41408796969286266,0.45250755279261273,0.37586882143423933,0.15211614686222555,0.34289885620778726,0.18726418368463285,0.35077675050176893,0.3694570633954326,-0.004933571971071863,0.208249119232955,0.19356138015689567,0.2317333238148699,0.24382133792760707,0.11803948223135026,0.02204965062807486,0.24364689754934687,0.4618592956611762,0.5488226341355096,0.6671500062539869,0.5705262041597768,0.315361181272577,0.43295267160267636,0.33077867049875587,0.42735951872315114,0.3785327899501844,0.5066229829974233,0.46328223851983724,0.4191265427713244
Olfactory_R,0.38215608813661056,0.44281692524681865,0.5079228257084744,0.5269171055610997,0.38630413665545404,0.5811493721733372,0.11806304309012816,0.5709495177287401,-0.16265142214485157,0.258252915540765,-0.576973809040076,0.05261774677065687,0.3575374831710674,0.6324520295130043,0.7632836554005061,1.0,0.4385016982745694,0.46495117433641847,0.4602136041651689,0.30345526697395575,0.8279369123768818,0.7932652716903172,0.6401299728565132,0.8225895922003165,0.27233960593022105,0.16713013654222147,0.30563293143499454,0.6480730431569484,0.0057857258015765085,0.2087821704598526,0.5809473902669555,0.8041899401625047,0.4284911459782493,0.39889623675263236,0.19665260408061833,-0.11368070771060278,0.45716535538359415,0.5298823775188386,0.4420677087046759,0.41993640746596317,0.5383252711204665,0.7363412395150558,-0.24512912438108048,0.03968961250268616,-0.08284948467178713,0.1966042884218062,-0.10654542499106594,-0.06039535513937455,-0.05873833427741174,-0.05201775670431615,0.0900026341708306,-0.021379836616722155,-0.039861539935675705,0.06629539564964428,0.10301358512530913,0.058420858381003436,0.17842645080848385,0.3397418723769212,-0.0793943961313203,-0.14192867561148864,-0.23903657279149734,0.1668006141542329,-0.2803422536322713,-0.020265246320003788,-0.012939775249557526,-0.047792410274146255,0.6926636535582393,0.7124559899468578,0.7157476644143512,0.7609556577228069,0.551288204700042,0.5622063622730387,0.3402226592531018,0.07875293456749656,-0.05149648246753,0.29956345110969884,0.458591398942634,0.7540667355186285,0.02734328784699643,0.2727479018885528,-0.12249548642337289,-0.12625483480931357,-0.15324630013837304,0.3499369386851758,-0.24221517997933445,-0.3113211793324763,-0.15637719335380218,-0.20347425255195387,0.1145167712699402,0.03847968735593954,-0.08172568381230587,-0.08038065071812829,-0.10006710910760165,-0.15724595620136586,0.06564245169136655,-0.0946497456076762,0.01363940154358112,-0.008470419095573486,0.1219941496109399,-0.19824525306368934,0.00013719766908543252,-0.02248574421446372,,-0.27022861795162323,-0.3205226064778791,0.12023672530930643,0.491245129150767,0.08175764099770469,0.03182553412683485,0.26004245753888483,0.41602652657624556,0.08165478499263443,0.4647271636377053,0.3888820686618561,0.1203978068887734,0.34647773954408206,0.48893938810117893,0.20621659042010387,0.29406418234971055,0.2925277282503049,0.4164505317815642,0.35014226180659913,0.2393180390919428,0.1501480653352904,0.4200788906757121,0.048384967742242414,0.2943311996313954,0.33998061355899123,-0.08421774201023896,0.1902684762751145,0.3450139213305038,0.18366678396193414,0.3970658056308825,0.3121194712442356,0.41162667129208447,0.5528257981903716,0.5685019064489255,0.6117981145569483,0.7953752955100549,0.9122352675644557,0.42980547292347887,0.5615763585136202,0.32529283051567687,0.6471464042750179,0.5583671212640176,0.5295795428374779,0.4694927564908377,0.3053632882774452
Frontal_Sup_Medial_L,0.730996852007129,0.6818636597631537,0.9184706311129529,0.8986735703205061,0.805576898849329,0.8425282265936438,0.5885328189874955,0.6101120186904899,0.6026723080681772,0.5269305097277693,0.20900693361290912,0.4337237731835281,0.5659886076214513,0.64087351318638,0.30831910480745867,0.4385016982745694,1.0,0.9338042643255936,0.017000514597154733,-0.04802945451874434,0.47666272507984825,0.318768296675343,0.46283290406115674,0.3941268547424098,0.30839154911733935,-0.14506645282136194,0.49911739931471816,0.29998741147140673,0.19930213059623672,0.19594222792364982,0.8244784530570681,0.6257071633858333,0.5648260793425659,0.616502447838276,0.08942052450750129,0.03629720541850638,0.5156508113599623,0.4146946183656585,0.49897187938873344,0.25928032609142704,0.698645283600598,0.5983493799576444,-0.3157595534603841,-0.21460733100800286,-0.1820430598175795,-0.0813789358985226,-0.09638366506112904,-0.16550068127370202,-0.07598398157084535,-0.1307804329294927,-0.07342502756967771,-0.15583786524331794,0.07752899207852225,-0.033893009682257974,0.26554138460547777,-0.07585211982628387,0.410810199610855,0.44484697571520504,0.13783394977118718,-0.020288651111230467,0.12309392059991213,0.09628156285624477,-0.13397815399668245,0.19989938196665696,-0.03708765729800259,-0.08656887471674232,0.6720533042675618,0.5515894689761122,0.6361793731137376,0.5308498412511018,0.5824367662840838,0.6294752344007655,0.4121566876786633,0.16939667663859878,0.24433492705550316,0.0955583577689633,0.5681823941479793,0.46158694451769333,0.18913474522344892,0.03069392547743631,-0.14421657963988913,-0.08524078406608274,0.3053989455018031,-0.0046994326718198575,-0.17484194002212183,-0.2654541078500444,-0.0484925546814834,-0.17045529302944534,-0.005416921526969605,-0.02462065461696025,-0.10963023954707052,-0.12127840101173759,0.07065464119399434,0.257908143471557,0.20720900930574404,-0.009170438544381512,0.15434267023934248,0.23574144184648377,0.015521857003108402,-0.16296576259132997,-0.17574846113154519,-0.011507721266191956,,0.1408958474465761,-0.320317460545117,0.20007196502873986,0.4014119384464802,0.05934973120257229,0.04145402348438312,0.3051103941512664,0.5546056342381366,0.1892031849994345,0.5050421315313149,0.2840591327143456,0.18251057558222478,0.4963666263202041,0.4324722680776728,0.3961962032062011,0.49886316511351847,0.418704476234068,0.6185061825945487,0.2589577422979064,0.19827885384899932,0.4159755409985566,0.4420164718730939,0.06245994686924944,0.3818014151389753,0.28046737985476305,0.10013878798007482,0.14392763743813886,0.4715799138173287,0.15225187294125442,0.45945922635331676,0.4427476248198019,0.7539784580885269,0.7381870378148033,0.7449506056866432,0.7847039973125479,0.43303387517563047,0.4769656798194876,0.5876881935697953,0.5241120051887543,0.6141672491219351,0.660689455656815,0.5506943965793546,0.5185005393220375,0.45539017774039214,0.26257908023378396
Frontal_Sup_Medial_R,0.7403361031793922,0.7163416330602835,0.863180080031744,0.917728575005742,0.7939009310341505,0.8674378385541943,0.4845603289801141,0.5542371635503931,0.5091373190597911,0.4466529942193175,0.08304967916980742,0.28154134724567575,0.48649594730079915,0.6468266617053727,0.3505604331728442,0.46495117433641847,0.9338042643255936,1.0,0.07822102256343283,-0.036777527813928665,0.4992819089228697,0.35535344845403544,0.4242056941119276,0.4089262824055955,0.29564856395443934,0.0008795274742914311,0.36064008538543274,0.25584680217284833,0.14274579173666804,0.25661484722654654,0.7924802631722774,0.5836037422992758,0.5410789862509464,0.5706845835544481,0.08156252422785149,0.0772477218206577,0.500003122797629,0.3436809357779982,0.41376365386785613,0.16930997796435002,0.7151494653915675,0.5923639587834201,-0.291110917323869,-0.22976624667167905,-0.03220591726564206,-0.07321496843630447,-0.12432022723327874,-0.21679070686276614,-0.06873812764326237,-0.048385069021674776,0.06328941274912343,-0.14926541427229875,0.11443696655617049,-0.03530364515393221,0.15108933261729715,-0.14524167676735603,0.3900828459650318,0.45036120983515404,0.16589434145646192,-0.06288649891251616,0.1377315804380871,0.11484700038038215,-0.09690210465664344,0.24537121317937804,-0.038207610467031194,-0.069386594172272,0.6200669519224095,0.5204258944828644,0.6128085984561041,0.499681209316503,0.5855102693177885,0.5861171455407943,0.3041837481848764,0.11341864625199798,0.16062897756986955,0.05342113703962773,0.5037440493461515,0.39076788510864974,0.2306500198432056,-0.06665207217401657,-0.10585191091268642,-0.11601119304667597,0.31502280350007617,-0.07036914439230278,-0.150510826555681,-0.20931476034643465,-0.006253962154377023,-0.08584328878028319,-0.1013679230520334,-0.06700305438863532,-0.18407290050782762,-0.17897496696963425,0.17261405880180533,0.3172627472457384,0.3269182314843622,0.05169357740081672,0.23369780558163036,0.3367373397084582,-0.07546486112447061,-0.2255525807554476,-0.19259377782385292,0.057867670730257295,,0.10311115099679732,-0.2698364529886184,0.21488346494822863,0.3422332089298758,-0.058898138671303446,0.12061753368499681,0.3497604653992528,0.5215268904148428,0.11549051927728693,0.5169411427190562,0.31388242370564234,0.150010514289343,0.48881490491904733,0.4481674832798591,0.40263444461180603,0.5730392535406306,0.3889461003323354,0.665284777066972,0.16087952382139092,0.18408208785821398,0.3665274471306403,0.4837592270180363,-0.05479315395327683,0.30234557715050464,0.19422125324361073,0.24254329560750015,0.07221917426493667,0.6167842511005374,0.06887878682175504,0.42736243648920547,0.38610824913996583,0.6784540051626513,0.6691944541810134,0.7612672323853491,0.8176515355202674,0.3984231096365127,0.461671165763988,0.5661822514349466,0.4521305091765015,0.6102482044285562,0.6537726565239748,0.427346984384123,0.4678390464679698,0.3734427781600777,0.218071083005182
Frontal_Med_Orb_L,0.18393460969646946,0.22705088270254228,0.13107143032437774,0.15298955404599798,0.2451634249374487,0.29202495463724104,0.06709497288972044,0.30843525677577566,-0.12746202655793737,0.1446523894735317,-0.4160206065849285,-0.1606129454317813,0.17861196359551887,0.37984322584301833,0.20260150206649732,0.4602136041651689,0.017000514597154733,0.07822102256343283,1.0,0.37338783178427803,0.2378462882320468,0.192559339128567,0.22671059009146455,0.13713436953880884,-0.029241502373937203,0.4815300080000667,-0.030455686248659703,0.173346969272381,-0.163221026512731,0.08885080535342513,0.17469425334165337,0.37567983888191203,0.12761667844558902,0.11432342903822855,0.04672878050515339,-0.2583031070220982,0.08537736993602248,0.2507961228724059,0.15469207303201313,0.24879870407773044,0.18175301749922676,0.32193961020205114,-0.03439021958701403,0.2015668511369399,-0.06694799412525307,0.26760781118926885,0.05028293345635492,0.043256639424884745,0.15226472624095713,-0.03298556957253481,0.1803704643396987,0.11197515001535126,-0.03671613480992806,0.089935270917373,0.09811507657671882,0.10882893588692436,-0.010052214453683369,0.0941423800440846,-0.12980422397010277,-0.14175813784511473,-0.15427908182945202,0.15868101855307434,0.03983953586098517,-0.175838005703048,-0.05730815373731139,-0.11509462106012358,0.28633080987625203,0.3090600989186868,0.3354874475778095,0.47290788870010364,0.23477490418083313,0.30656367812743657,0.16063780631383495,-0.028584825291026864,-0.02314297253863998,0.25423538038389903,0.09395834723584726,0.3315000570320367,0.11003636247340803,0.22797243608019238,-0.11913527537701543,0.17695403397062534,-0.31382922930530316,0.272128253023964,-0.10706451109998642,-0.03593394206713459,-0.012014761295814486,0.023380222934586806,0.11626790768738665,0.05227482316503045,0.045464991189950926,0.04367727571503765,-0.009155550654645201,-0.0630846200393029,0.11931155748305096,0.16780700746053506,0.06324511783671599,0.06620133287684239,0.10188369613425204,-0.16710893303552532,0.1705829009079892,0.03296575103114525,,-0.2055042122978887,0.15127540880910564,-0.02757038544056955,0.3517246031643336,0.08177907545729936,0.02646195375334897,0.16099774011273135,0.2532356657325419,0.07308307468161912,0.13136624272615893,0.23153202881683937,0.07236171129870579,0.19569928255996016,0.2880894553814477,0.036621323111128125,0.09325266861386612,0.20733201121498568,-0.0060587029456552225,0.13877696036101073,0.16823723883892047,-0.17111684002127128,0.2714633036006875,0.012974327970219208,0.08718241169055484,0.16480703566172272,-0.058693049378885816,0.11554360043073039,0.11604551460871834,0.12717090902312497,0.09613792512146319,-0.0059054077132022825,0.3164584342729586,0.10638340607721014,0.24905540838412094,0.15767513187671536,0.3141313765997067,0.4405503206110909,0.10669876775787358,0.24237971888126425,0.046126842190447936,0.23596794479636918,0.19439982460911734,0.14841289754697318,0.2077311580341924,0.11827789702859767
Frontal_Med_Orb_R,0.12369195709664706,0.19162741927227897,-0.04607974728514188,0.1176737921989386,0.04590684947399127,0.14251902682960024,-0.11155174448397964,0.23934948650208213,-0.3167186401864059,0.13952683833485072,-0.3079266278031575,-0.12777519089352654,0.18226205104455165,0.3925343405639922,0.20717796744522926,0.30345526697395575,-0.04802945451874434,-0.036777527813928665,0.37338783178427803,1.0,0.27070499586534985,0.33344108360096153,0.10793610056835297,0.21046994354089218,-0.2742217430416022,0.27579579798065473,0.19464091282606624,0.30510995791515855,-0.10768815108309979,-0.29382758555604943,0.1303949876233585,0.4009974845299183,0.4139504338506068,0.3757680454151617,0.31965203250023444,0.06981050527441811,0.36327156749674705,0.4591917971126164,0.32509730456192304,0.38255671027005594,0.21815681265406028,0.37309251273609206,0.33725914095308607,0.4873591412878431,0.034783745438378325,0.12115220907006725,0.42171138595545715,0.41394805228597825,0.1747075814671287,0.10925248849856298,0.2369382648577929,0.14025111988489525,-0.13455386875565695,0.05658310902321886,0.2921338704622903,0.4584217924700491,0.2651334148073816,0.3160837239748275,0.16726659911673816,0.14703659014616594,0.1965586476208355,0.4236193167713823,0.1466493156652047,-0.2747905896628159,0.3753289667303297,0.2650777746370463,0.2671479497406705,0.26032068020265375,0.23804600538416645,0.4415691951881573,0.45417770447923617,0.456267844350136,0.4541983051907691,0.31626652433023017,0.11817364492423237,0.41887582308480314,-0.10156839708453634,0.39859159120097987,-0.02676166552811797,0.40179906861813836,0.05444105309213399,0.2080470638648522,-0.12032252823942012,0.5753011060550566,0.00048525528389230797,0.15986897330215594,-0.12054040357480543,0.12284795581271865,0.3226929395073762,0.21560772976258114,0.33713540156645183,0.3610723425030473,-0.1028147271712211,-0.1747150267949066,-0.0031832039999802088,0.2357584235365624,0.11279129090463628,-0.03689122216079484,0.35982500568313885,0.26965471652458806,0.3769150699771057,0.06297652837691065,,0.06836275546850235,0.2079827095959088,-0.260702873711403,0.4346035615019688,0.0882384707078328,0.03412809814512633,0.20623151559822936,0.445623156026235,0.2777601759057975,0.34720730502685443,0.13323903161943815,0.05071032519817768,0.4412290334693725,0.25346731931417765,0.28698334657670677,0.2528938451958848,0.21654142425729403,0.03807808180886333,0.3697410402526428,0.2588927688613576,0.1879440785006873,0.09286359527871324,0.3724008785721894,0.35198899247446963,0.37809366452233784,-0.0416710176505055,0.1328177302722435,-0.2109513207564678,0.16783744736852002,-0.29101615815980325,-0.13781311918120467,-0.02904934911208899,0.07742104049120953,0.2921489849744205,0.28795851980603127,0.2590743748223489,0.3343657321357876,0.0475706906688935,0.2919366547260612,0.20633181893729716,0.22956858496344473,0.45079416144595613,0.4154561170679018,0.4249226862136839,0.33868790956371847
Rectus_L,0.311886307241855,0.3474005555447873,0.5173940489258946,0.5601571156827854,0.3195331420263561,0.5302767341438652,0.0802034693326333,0.4640302832591004,-0.13159203197563452,0.10033291265145161,-0.48427377070364275,0.02552466533709115,0.259219607570554,0.5426338893380998,0.5423231558239734,0.8279369123768818,0.47666272507984825,0.4992819089228697,0.2378462882320468,0.27070499586534985,1.0,0.8679832290414037,0.5555106032807118,0.8143698554342511,0.32079385427262697,0.07402547596541166,0.438564166212617,0.6395332625395002,0.025984192001000415,0.172740652836054,0.6709079596980594,0.7665184680489605,0.358415782881229,0.3417909741154124,-0.004567425062978146,-0.16603309682371595,0.34832087345862567,0.3727405920988832,0.4001458372430754,0.2605329264506341,0.5091754276317546,0.710691999677128,-0.3938081970301598,-0.15273493564099583,-0.08978321258516446,0.04352311056908896,-0.2833580394438287,-0.25897751827260945,-0.17225220551641268,0.015636528587633012,0.10958381830590791,-0.12984598410731385,-0.02218168330032269,0.08987493322301279,0.1468601482398483,-0.08854047540154425,0.15281145766405047,0.3160690112215249,-0.046214762268712024,-0.12924609254528133,-0.2324917930063036,0.011854295271878503,-0.41390811726243815,0.0976969433174557,-0.050791035535343136,-0.1550170890533435,0.5229078828486559,0.5193736528567712,0.6945811014870807,0.5972716209524082,0.4915577993751856,0.5117996965735129,0.2214591712686123,0.0717602380826558,-0.09221843273975495,0.08153897649518908,0.5622154917991957,0.7544215119523617,-0.04064258434179587,0.08227278267345167,-0.03649095712687828,-0.2716641527670664,0.031163397285617605,0.26770661106883614,-0.21446341274730282,-0.3236101341601603,-0.17650664812542555,-0.1554033667957128,-0.08410154240855937,-0.06926292564397483,-0.18319520552548352,-0.2008739084799459,-0.10069387037335248,-0.04842227616396824,0.006133850297625732,-0.219417774794542,-0.09810101462878601,-0.0213923460433448,0.1086917345568056,-0.2509539821298208,-0.24796950497022782,-0.014912075107497603,,-0.1826941139395072,-0.49958877597661056,0.18347302230592605,0.4157615440820017,-0.06544467766736776,-0.11407232072876933,0.06313454579962961,0.36378641193227773,-0.07068248587497374,0.3270113208112296,0.19910143964553784,-0.07928134274049829,0.28492186164794775,0.3122672162405463,0.08210440814277928,0.15661358902172845,0.16439911539061872,0.2892493745438739,0.17728361289134406,0.0020601756662071064,0.2813258221055059,0.29775830096931943,-0.03020129412462833,0.26908639149497954,0.23802128143243673,-0.12585625291465602,0.043000883239868275,0.330892641765547,0.12408588959965527,0.3398770013909074,0.4303564100967653,0.3681210964847946,0.6568989418034438,0.5328370290925504,0.5529284078019442,0.7325082516770637,0.8854226933176482,0.42079703416553166,0.5321305772042211,0.27876391437610243,0.6662747212286347,0.6018927038979469,0.4918146304225377,0.3920979452913898,0.25457920067612694
Rectus_R,0.2839649635727254,0.32417076441754866,0.37452718947806474,0.4672179330106372,0.23652520730237894,0.40955027331418836,-0.05284510916844966,0.32312722401923155,-0.29750001265512976,0.029074718660949874,-0.5325275236231494,-0.10442209774247896,0.24299792324354832,0.5203586597026376,0.7002252137455723,0.7932652716903172,0.318768296675343,0.35535344845403544,0.192559339128567,0.33344108360096153,0.8679832290414037,1.0,0.47287806229928364,0.9079499404139132,0.14346278130037055,0.05074673523314697,0.3485811430276399,0.6670099269970664,-0.021814186729397427,-0.07520810654487832,0.47169640916377253,0.6732955521716457,0.4383329439045117,0.39143693735174256,0.190901942335612,0.05345840409688845,0.4325132090699473,0.4319527173530361,0.29454435118382627,0.25552282452497804,0.37260699114723617,0.6848735833539443,-0.20137382042889734,-0.02270925536056922,0.03254582883858669,-0.04056510281844572,-0.11609244694401549,-0.06491386416568182,-0.20808980987321962,0.13215710631817368,0.1536823740321047,-0.09120651983074088,0.009242411588760633,0.03908975301087997,-0.021802945283175564,-0.014962874532213597,0.30693983238556594,0.45116541658163745,0.14565647337698762,0.10071759450426497,-0.07022204529902681,0.22587433894450987,-0.32903966343255336,0.11799923823861294,0.18468446735669464,0.10108783498088164,0.5254654820813686,0.5263684976790574,0.5431691578362569,0.5440488664354153,0.5144214937798488,0.47735405590149427,0.2832270852277073,0.29472556619459706,-0.1732450810780666,0.14675606078182984,0.22631243235081436,0.6529353395609295,-0.22769400618926713,0.1236988697197184,0.1636715448864069,-0.18145835167731245,-0.0850321062161624,0.42919540172221116,-0.1192100438863409,-0.1655613038399324,-0.1555517277641545,-0.022492694069629022,-0.059930343447602334,-0.15493237107857738,-0.1411706784836664,-0.18328004740500423,-0.06392012880183376,-0.150734410342243,-0.019655747369431452,-0.16544305923194222,0.016522464286915294,0.018791410163380644,0.17727140953203516,-0.1377256141372678,-0.1532903485274427,0.03082415152423898,,-0.09424834411707508,-0.3361330050778315,0.22261800095456455,0.4748614220647455,-0.0353918808099804,0.04052887510569001,0.1911173619746496,0.3994259309620237,0.07065464196607206,0.475050579555284,0.19686907982280008,-0.027162511805727155,0.31035128812100465,0.2494961433900599,0.212251069640596,0.27963025633827554,0.17543972321752943,0.3629818009274006,0.31315897838348095,0.042354090303204896,0.34498652836555993,0.25735961775545446,0.16235965534081157,0.3389842683210686,0.29862290059086793,-0.0305729041248244,0.04508765847503868,0.22803455080522994,0.15073163423780456,0.0740389051826726,0.22296798780954544,0.11237037413501219,0.5426105411202431,0.47973700181150725,0.5283642582781171,0.6868271711537446,0.7710031996853673,0.4062097461045567,0.3940233175004321,0.32720201949656663,0.5261888845774948,0.5584231105834192,0.5526120661914878,0.36103966398947646,0.36337565159082974
OFCmed_L,0.26427372033754665,0.2588197449219831,0.4658762457226624,0.4101688425662887,0.3452532387028399,0.4645067703763248,0.2086298522329135,0.44338563136888215,0.0617257284622049,0.17474616399872503,-0.2568013462943709,-0.09941627465653173,0.2891897440911012,0.5058438306832027,0.4554673921815693,0.6401299728565132,0.46283290406115674,0.4242056941119276,0.22671059009146455,0.10793610056835297,0.5555106032807118,0.47287806229928364,1.0,0.49741629956183225,0.09759242880997406,-0.046903894197319544,0.4708937626268428,0.5421797977068218,-0.0017418387717855876,0.0451073107782638,0.6135791200231546,0.5939692770024901,0.2899460353354081,0.29415338685143694,-0.143851964708346,-0.2777106347164965,0.37102514379675294,0.2880482943900978,0.3461147439679342,0.19395017222340302,0.4194913426140783,0.588174548491688,-0.3912093025643147,-0.1458592682394861,-0.18725764439330245,0.07021228923150566,-0.20657790036885437,-0.22272726163036777,-0.15740464933053255,-0.05975578221056809,0.041114441293674364,-0.18883534816354292,0.007186768801137094,-0.030171765966763842,0.10339791902329934,-0.0667049311412887,0.1039573490000804,0.20499453967320383,-0.05494712921863547,-0.12949663743957965,-0.1266057193649149,0.00038885943214476883,-0.1597491578609491,0.09511448145057054,-0.14216635289802831,-0.20403568651571877,0.5495394027198377,0.4925782484416334,0.5345539968995932,0.4986719122529405,0.42783910672901715,0.4669226020632912,0.17103519618427235,0.14950910074937523,0.024281736113616104,0.054070236416470394,0.44532852528329736,0.5900057658687421,-0.05055448535472321,0.05449516288749779,-0.37260298994270136,-0.2635465562783854,-0.02234382220527168,0.16162905375863176,-0.13943133026238766,-0.3415127326742337,-0.04766539207421894,-0.08449942609422964,0.15370726743642105,-0.050288163230705174,-0.14498696622884555,-0.16464603668096509,-0.19871727099254904,-0.0354934522747871,-0.06590827686120099,-0.1876914008722864,-0.17072564208922117,0.002810447764446487,0.09614772257954803,-0.3442508924580842,-0.16844492168461084,0.043788523971445156,,-0.021806462805095427,-0.4546150233057783,0.22234639312913518,0.40705189683248016,-0.1270884045307901,-0.1652638940487539,0.10952750816667119,0.3028521779708238,0.0017283546787103892,0.3250965244261384,0.10801389345185079,-0.02588819564073066,0.2734648872886621,0.28412425878888403,0.13994825811959577,0.1381030442843402,0.2667665139513445,0.36672206694724996,0.17213867442790312,-0.025789053805416625,0.2996475640711061,0.3116453839834825,0.003980322147179263,0.28937945711538005,0.2338262503822551,-0.13214460109793186,0.017027366836112376,0.19850544629640154,0.09210454042944775,0.2906381994409963,0.26534233962957365,0.39594809418183824,0.4267659601356988,0.4548602913660961,0.4835754611263999,0.6662388706327623,0.7086826728928306,0.39588206141760257,0.3982896806610883,0.13246682711917654,0.5265467442076093,0.48807828978267737,0.4768317093050108,0.23919914675407453,-0.00797126432413856
OFCmed_R,0.3456371081522302,0.406328670673715,0.45665354746992076,0.47238407712382013,0.27534646138482094,0.4612635004011459,0.06656096570210912,0.4839046378513426,-0.17449650328434174,0.2253171140062179,-0.508138354688021,0.09853174896849509,0.2792269350541192,0.5212739524338338,0.7661211548481954,0.8225895922003165,0.3941268547424098,0.4089262824055955,0.13713436953880884,0.21046994354089218,0.8143698554342511,0.9079499404139132,0.49741629956183225,1.0,0.27327859661833453,-0.06082822537826501,0.3201619769659751,0.6063457059743275,0.037623015403309014,0.17774872226508492,0.46222236359423124,0.6976508388576836,0.3869423251322207,0.36289739085106876,0.20555667281838497,-0.01594609271961106,0.46016711381644393,0.4788569972143841,0.37276356852482273,0.39822368389055174,0.4584478123580093,0.6850269143880224,-0.1816666097490809,0.05324973180500725,-0.043747945912217534,0.1299167629995173,-0.11492317029999372,-0.026603438462644628,-0.10918371995479463,0.003943463026330186,0.099316012847261,0.015446682568112876,0.017850068614883516,0.03948056939421583,0.056901618043590875,0.09351942120589501,0.19671838487134966,0.32895263574509603,-0.01718609991879823,-0.06771920255829711,-0.18444591193241688,0.18183724516850755,-0.3163752709647307,-0.015242483570150962,0.038431181505868196,0.014485860875061663,0.5971443820998555,0.6330613818659095,0.5736677475000642,0.5717205938125913,0.47057297487857214,0.46008664273715133,0.2909869530973116,0.09588494471806336,-0.0788639031032251,0.2796375014968109,0.3647740998988688,0.6863397515267747,-0.03833650655691151,0.2799956818887545,0.0585538229429037,-0.13168001439684796,-0.011874126448224194,0.38389726707645594,-0.17291308798517843,-0.21144133622917496,-0.11775465974795325,-0.19061577791939502,0.12186902823815478,0.028306102479765234,-0.045174899429741955,-0.05349811305769429,-0.07483989136486498,-0.16314383324999915,-0.00834322241130512,-0.12527647942506817,-0.007886255699956572,-0.06171252788161233,0.16935500321029523,-0.04152015319272252,-0.035581298654896884,-0.08192106384930031,,-0.20261006852516955,-0.2654197737537939,0.10396783202968632,0.39045325337384884,0.07921136120955559,0.044212650119527644,0.2284299885672485,0.36406602873913596,0.08378678628609688,0.5004342894158456,0.3204959671775414,0.09637502418090738,0.2818210770400391,0.3794795025342174,0.21738390582319286,0.28067963483197766,0.208467824726196,0.5024834968252775,0.299680688311631,0.16044688037058422,0.24061312584692424,0.2828556742610451,0.06502472628066891,0.27689306484969844,0.30700038836136245,-0.12059474003257831,0.14629743839541987,0.28846788833368914,0.19303959537916848,0.30042001729129264,0.31444896878466205,0.1945262440360265,0.5634610036622156,0.5013435595552908,0.5573783369770515,0.6642854794791687,0.7382928113759376,0.4126038867505654,0.5015434633995386,0.3152755030895989,0.5584980250703064,0.5334536452820067,0.4900792591905056,0.45544885210619457,0.3933910750591571
OFCant_L,0.0939835783054646,0.09683611311956415,0.3505732440126215,0.23944910887338433,0.18578037933965455,0.22650832102131857,0.15038849854900277,0.2467348244835951,0.1794120784392986,0.14380904888589163,-0.08047336007518248,0.3826830871006146,0.020294217545339763,0.03907450045338845,0.07988722911439858,0.27233960593022105,0.30839154911733935,0.29564856395443934,-0.029241502373937203,-0.2742217430416022,0.32079385427262697,0.14346278130037055,0.09759242880997406,0.27327859661833453,1.0,-0.179558073118248,-0.025940140179634363,0.004552294385727537,0.43412182304813846,0.49024854650413585,0.28840371302600176,0.1880532199070466,-0.10950176556715108,-0.050144753109777875,-0.1995654061526688,-0.2158146946948272,-0.06453955104197588,-0.010984598767117318,0.10250611692847442,0.03323501868373965,0.18711663968418096,0.09477359468390369,-0.2712429274923707,-0.21514811470797893,-0.24841025297771466,-0.028430614593219848,-0.30913284678692526,-0.29981437072298306,0.060126226111212586,-0.09986668180340454,0.0976103710424856,0.030995952517635334,-0.0009096945377413207,-0.08457678972175309,0.006085415921149092,-0.1937954786134159,-0.22816647301653212,-0.17059207213777286,-0.323961618102897,-0.3011005384052128,-0.30117710620410526,-0.3111013686760807,-0.3916789938119008,-0.06483309243579065,-0.33777124683707654,-0.3028426181947719,0.15262827224120484,0.16754477709572196,0.25216451669334494,0.15264034617414574,0.0227022374235102,0.013295874309998828,-0.052246794930669575,-0.30744304900289726,-0.02767080969806191,-0.07561198007475146,0.49042432818732656,0.17988840241787982,0.2879978246254658,-0.017932261183417675,0.14477447148321615,-0.12793323554957817,0.23078242704946292,-0.16775254815024723,-0.38698737561530844,-0.29681838939991706,-0.1910139124392385,-0.2784306865104489,-0.06537073356968684,0.01656324568388506,-0.09554676871405876,-0.1452612282642536,-0.008424807738035424,0.24860339561236436,0.19213695392403896,-0.1274046040167808,0.05681900560430548,-0.004342144388990823,-0.20524390652442268,-0.1260313249850299,-0.2070528020321777,-0.15845203378851874,,-0.32410314073019375,-0.18201047700213152,-0.028423334935644265,-0.09467180917651773,0.0017866122467285292,-0.20430824184718988,-0.13022587115995893,-0.08105657600536605,-0.20438043414868484,-0.031988873763826975,0.028758803684703294,-0.008829483566997358,-0.13028124849649686,0.14762305461166775,-0.11154221111120902,-0.04116868637733173,-0.0787771418287249,0.21955304004127754,-0.15579925307987422,0.00044464307774099256,-0.15233287742441096,-0.0847822653626268,-0.1807985515856756,-0.15812064535517728,-0.10185291052220383,-0.14813786850420285,0.030105321116737586,0.296671831796557,0.047933897972043414,0.6079729243775313,0.523808725609849,0.3250681363159124,0.38507963737244966,0.08865749130166847,0.10040706548251103,0.18181623495378674,0.2528863731958027,0.11784740333265259,0.1820142203118106,0.05626210066537635,0.18065871929119853,0.06510612667792295,-0.07770397010940472,0.10817410335414565,0.0008211411642825364
OFCant_R,0.13049413807143942,0.18376258544383184,-0.07151310547514018,0.04053422242828008,0.11656594265114051,0.170831972804175,0.01633732065896272,0.008530783348165689,-0.10455192300814561,-0.08891028237771355,-0.2890181778673522,-0.3171397927604407,0.13156915959622598,0.18995995695695048,0.001069755617343455,0.16713013654222147,-0.14506645282136194,0.0008795274742914311,0.4815300080000667,0.27579579798065473,0.07402547596541166,0.05074673523314697,-0.046903894197319544,-0.06082822537826501,-0.179558073118248,1.0,-0.16492901832627263,-0.1537651809631857,-0.1976829916899181,0.09394705470872515,0.06322557660386664,0.06795909868408137,0.10531951535619938,0.07411885232312841,0.1343535256430329,0.05434938300201661,0.07011382524972044,0.12868317817537445,0.10403951748785542,0.037916014069779264,0.16336374690052574,0.12136865613933556,0.1406099620481259,0.13664770718733693,0.19445916760982676,0.18130670607149482,0.1451293758081258,0.0694554717771863,0.1741322947565718,0.07104974928444963,0.24628552989620067,0.07710912107933861,-0.07331955201641752,0.08723207790235843,0.07046407689618278,0.00901826323759619,0.07835540845674929,0.11463762781156774,0.023132241623951433,-0.06135960808576671,0.0639152726710446,0.14043418094400623,0.041960946684129044,-0.11809195345602819,0.06214431204288497,0.08702589670198882,0.055047641596573674,0.1352720481475471,0.1847704375973799,0.2482911078477126,0.17383144962989122,0.09931602211398849,0.032364198797007616,-0.014662270590464547,0.11068613760106819,0.09946684997628631,-0.01736322766769457,-0.04850620436616941,0.23665514149872244,-0.06595046128699548,-0.06455562128172032,0.010366339277239147,-0.10511948883412943,-0.0015151994701225022,0.06586123759317718,0.1209142037393358,-0.011522757344385725,0.1856811362601033,-0.09010726000233825,0.10108358328414352,-0.00048740348101424484,0.051696570224669204,0.22659984438005012,0.18038980402022578,0.2371528829543567,0.26294825763406715,0.21672137750926151,0.251857405741597,-0.11326147939246421,0.010894692428918044,0.16364902388545577,0.16463719430204388,,-0.15913200016564338,0.16001754591708664,-0.051081190811530605,0.09244237762900634,0.018431084226805707,0.22180524472748045,0.24532108753396983,0.1342540760666242,0.05952121091028105,0.06129317411240048,0.23543271799799378,0.12098001862328263,0.22062566714813897,0.22864894224580345,0.1020811832056679,0.16774614016984213,0.17963143200648182,-0.029380507457996054,0.0895201413121158,0.18589023646687816,-0.19307052181756243,0.2137646598614211,-0.05486952566140048,0.03811201524729068,0.05637216781914444,0.21463904598192554,0.09138287908687132,0.1871255224644988,-0.10115972987809159,-0.1283550453672429,-0.07777370055182108,0.05872338127945794,-0.09110325793145957,0.14905767278029058,0.031958676835222743,-0.008759477425846226,0.12543314884579357,0.03210511711310056,0.011013180739764454,0.05867669859522037,0.14145928900571927,-0.08693843949221662,0.019624564076605965,0.05279164309462153,0.06567871320391389
OFCpost_L,0.3077180858469235,0.24394240877297677,0.48267202458442376,0.45842193713021223,0.3998348597141276,0.4037210378281418,0.383159042606221,0.3447135108221808,0.25678215266381227,0.09035393693859323,0.12106545771632948,0.039810350899948416,0.3992207988599578,0.4945446085469445,0.1409130490746418,0.30563293143499454,0.49911739931471816,0.36064008538543274,-0.030455686248659703,0.19464091282606624,0.438564166212617,0.3485811430276399,0.4708937626268428,0.3201619769659751,-0.025940140179634363,-0.16492901832627263,1.0,0.6092777465331665,0.12006472459127226,-0.282872081189644,0.5998284359285391,0.5347349527313633,0.4261277087034243,0.43562023051586174,-0.014764309387566997,-0.13295714533523553,0.31517036747951455,0.2919960761758401,0.3701039789634992,0.15821679738306635,0.2771645411887148,0.4723270299836455,-0.2993029339836861,-0.1828949615779325,-0.13280184007914858,-0.17852441773658997,-0.07815825760027485,-0.14678184069874142,-0.20954529763692825,0.06695095792319143,-0.07558199361325424,-0.20857512075850773,-0.009896917046258474,-0.0344699080977049,0.3332532395858577,-0.04876101689538841,0.3839280233993486,0.43543854838025986,0.2084390441258777,0.2631619993842175,0.1259259073935096,0.12217926524050533,-0.23999711751379604,0.16224386695468088,0.15783098600493023,-0.03581800834346883,0.4316656340676103,0.33590405222645053,0.4181504622184616,0.3504110663547166,0.4351427204841808,0.49425399240548884,0.36876590283033794,0.4316655857773155,0.1507245675115521,-0.037936737014384596,0.37674949011936965,0.5136108351512932,-0.13763074049265508,0.025753374335488407,-0.29524478383547187,-0.19799263876371245,0.09337835606656715,0.2742553848660245,-0.061520697577535824,-0.2516014887921017,-0.12607007215079763,0.009321569137735153,0.12478107251384267,-0.14619832022813248,-0.07038831504054413,-0.15989261855026715,-0.13358186783424145,0.030119106966779746,-0.10290566876892394,-0.27875991452017707,-0.11424595304214137,0.029880764162378323,0.19246344705154164,-0.14313454915132645,-0.19717980691394493,0.05875529163624163,,0.19102252399727776,-0.3942870665123346,0.18828244982395767,0.5638308411685973,0.048928697074415016,-0.12930075197939897,0.08709756882258263,0.4596685091017573,0.17135380755775528,0.3376854975892587,-0.0254386761242602,0.010210223064378151,0.4082461844306553,0.0912460999030667,0.2850586774134275,0.19065008611275436,0.3220571899800836,0.2572150917965312,0.3010734083248979,-0.11130046580197944,0.4638727190070065,0.23015976588095904,0.33992891565982747,0.4150218791662085,0.3551907896021749,-0.08095414675544438,0.08976120779533893,-0.0450139844291726,0.22215566953730856,0.03316088137495134,0.09324666872570686,0.3986372245693544,0.464307315898617,0.42776236410859264,0.4181881315031401,0.3751053182241185,0.49302539886219626,0.3819129297442688,0.32481943321220036,0.22302845718332273,0.43256660846030376,0.6409775826421008,0.5025929864937719,0.26609908863097076,0.05782670831204839
OFCpost_R,0.1572002696061663,0.18804050582865722,0.28209886866850403,0.33099118178385667,0.16418708819830707,0.28108531208046034,-0.01222996730183489,0.31555545850740935,-0.2448027544981528,0.03392863728792395,-0.34313979178008674,-0.06916322225397652,0.18592655185210258,0.46426061545794156,0.5364016570312508,0.6480730431569484,0.29998741147140673,0.25584680217284833,0.173346969272381,0.30510995791515855,0.6395332625395002,0.6670099269970664,0.5421797977068218,0.6063457059743275,0.004552294385727537,-0.1537651809631857,0.6092777465331665,1.0,0.08417287166191892,-0.24403937759801156,0.40858639395904645,0.6205029423395776,0.36561914202694545,0.3183776188776721,0.060120780878069914,-0.1312858997465063,0.26635566892603807,0.33033253188123257,0.19303560631174077,0.21487621747056035,0.20737892811415415,0.5228876383439073,-0.24648055462753063,-0.03767091880923924,-0.06056904458368224,-0.09473163455420001,-0.147629724582536,-0.08054376989340456,-0.25161798315210476,0.11471596702485454,0.03964017528344701,-0.18181906691923327,-0.012890303438399931,0.00250641249550935,0.04026190443552329,0.0067668994025616,0.27898959086517144,0.40503083713033755,0.1325842495112579,0.18479371277331244,-0.06800907210733172,0.16973471725513667,-0.2720767205965466,0.12671199212584194,0.18180973766512176,0.025771871858991643,0.4682258425138708,0.40491946464065376,0.35841238421600574,0.44539221713468596,0.41090526191013155,0.41436133684802057,0.29817178499842373,0.3407819154918797,-0.15662277243539088,0.11305807069756571,0.18724202052965788,0.6768552898679708,-0.3147162961567574,0.20093142213253612,-0.10168407385691587,-0.11316957261028687,-0.28143630739320963,0.4372783360381761,-0.09984659116699782,-0.2811585646285039,-0.2995276709897249,-0.08814523804411738,0.15769071703359255,-0.18977082083737826,-0.11384628454115749,-0.16605691868780667,-0.3302054905490706,-0.30667620475039375,-0.120417617961058,-0.28536201388012145,-0.10050868217476813,-0.08807768058922202,0.23541148813190357,-0.24553651316339412,-0.12367881100575823,0.03013006622858198,,0.023131901998018043,-0.3649573059716682,0.18571875156476006,0.5175594417685065,-0.06848295807346064,-0.17442040569858447,0.04625137911333303,0.31466761457769005,0.02895437851361519,0.35340350492752287,0.042869312449132675,-0.08447399068809842,0.30663561833268005,0.09506281815201356,0.13822792952774268,0.12029901468828663,0.17811587165997364,0.2107210646370507,0.30915137344151633,-0.05778764477069446,0.34210998537570503,0.2448224312568581,0.2973956417764359,0.3422615455811791,0.3176751056651848,-0.0966422839351236,0.018211528630267083,-0.027041708542514226,0.20861041287311696,0.11743826707563912,0.026554598773520715,0.21626212416100093,0.3557100894886453,0.31426088529202645,0.494813233362054,0.6561744664493986,0.7126911004132583,0.3018239478006951,0.3039882205697518,0.15975138817653328,0.3894201037881109,0.6149648005522101,0.4999175807572411,0.24352893816885773,0.1460018560347699
OFClat_L,-0.03252499518792148,-0.034993623748207865,0.08667046973905616,0.1285672291680463,0.04690629623178353,0.011636023266810513,-0.021566256760771865,-0.01743190059429105,0.10866506469611029,0.09484292515926632,0.03618669948713494,0.28329609446817217,-0.08468789897730665,-0.03818506463115226,0.01687440875463767,0.0057857258015765085,0.19930213059623672,0.14274579173666804,-0.163221026512731,-0.10768815108309979,0.025984192001000415,-0.021814186729397427,-0.0017418387717855876,0.037623015403309014,0.43412182304813846,-0.1976829916899181,0.12006472459127226,0.08417287166191892,1.0,0.03045857295437899,0.16226785153115567,0.0333151993014493,-0.03050693490402356,0.0006421549821865668,-0.10148048163158391,0.03570611798912085,0.058747629161515706,-0.03305477060391678,-0.039220717409905355,-0.11592201119305147,0.02156757906165315,-0.09016351366774482,-0.011058371834218093,-0.17723957536517224,-0.04518782715181572,-0.35432467735472356,-0.06853459984362295,-0.15428487942659672,-0.10127701353468938,0.1850064368409605,0.08097908434711813,-0.20562516423463595,0.05767007993397119,-0.15956720317998002,-0.1354352598672101,-0.21771842723567789,0.02616368342018166,0.008455048777928484,0.057149265931268116,0.07868970308682191,0.11028820760114132,-0.1839702977213648,-0.14617831464975112,0.07372647199630067,0.009936531771762932,-0.03757567625497108,-0.05207429949551905,-0.10635448736042442,0.009616583054498955,0.03781157070811715,0.12406428694407436,-0.026789912908279357,-0.023041026297797945,0.049747041038296275,-0.09543594816745074,-0.17566275034135584,0.06165203210318774,-0.017908495657580917,0.062076836148933306,-0.11855369534901133,0.2408076857290199,0.13201166687021415,0.01886542935524854,-0.2042561063870844,-0.09110248714318064,-0.4734692984242298,-0.36049525237325436,-0.3968767648298594,-0.07230197189409313,-0.1203377872278082,-0.11298218923036188,-0.16669281940986447,-0.0167472231647458,0.11990524298517827,0.1463867257754074,-0.39868607248369164,0.21021034239775746,-0.023102405572280195,-0.20770660620348666,-0.1291396447402797,-0.20437791899415622,-0.16695291786180175,,0.12399139990535925,-0.14596807523128905,-0.05491297858788583,-0.043307775340809235,-0.10004864625797305,-0.1691125536754311,-0.07971662280979783,-0.09863135240640179,-0.11872361099344074,-0.03895438499774787,-0.1277980392499012,-0.05094399353196277,-0.01194274102320882,-0.08487531704565826,0.02413885607232374,0.04610008291488103,-0.10721290368132803,0.016380254863082186,0.03074813200828035,-0.024149043628837533,0.06729035037347103,-0.07244300107146165,0.16052776297279167,0.005964815324515153,-0.05373759661127361,0.06328319164202974,-0.04287416119733087,0.09517278997768565,-0.007056227694255739,0.18765340345337012,0.014495267204534354,0.12809208847882939,0.007096787283715201,-0.08587366902175857,0.07873418738291026,-0.01579645403591535,0.028469896612053187,0.09757631804007179,-0.10062301710659112,0.10912635324762678,-0.03374748244126995,0.0779680426803731,0.051147471464218545,0.017128671454857802,-0.11437409659667272
OFClat_R,0.19752398854893657,0.269233108320953,0.23070169396887508,0.09905842690919409,0.11048909587904218,0.27051153015755997,0.283166256787556,0.3819972959966258,0.26922409811215514,0.34173843032580903,-0.21248366633130755,0.34240873490950136,0.13461472591546833,0.05009662379328721,0.12397731981203068,0.2087821704598526,0.19594222792364982,0.25661484722654654,0.08885080535342513,-0.29382758555604943,0.172740652836054,-0.07520810654487832,0.0451073107782638,0.17774872226508492,0.49024854650413585,0.09394705470872515,-0.282872081189644,-0.24403937759801156,0.03045857295437899,1.0,0.14932139276164935,0.13532032776952355,-0.17452466998122276,-0.09549266052830904,-0.07881031413651636,-0.2412480292178768,0.008042889746981596,0.10036847531108585,0.3103628911459973,0.29728866382173563,0.4181971731024633,0.0903052448344599,-0.136181717313475,0.008238756003855405,-0.15489485565671696,0.5138679495209748,-0.19421532188750865,-0.1318376387416834,0.19786379357330186,-0.37442577810365574,-0.06285364242303401,0.2587794103454716,0.11299841085641849,0.01431315583931386,0.20507175475802275,0.07051567026094448,-0.3401459778276853,-0.33069086973453865,-0.48472142697336756,-0.6275695609455665,-0.4388564992229426,-0.22419850668170163,-0.07490175712868764,-0.2190857123694383,-0.5496756735429943,-0.369122722367945,0.12416631138916474,0.2787854607448984,0.3483171001689529,0.19681667702831132,-0.025673123203314448,-0.018181864131032836,-0.1310719466530476,-0.739107893020236,0.2958355099409073,0.2691680135560704,0.6049314732105515,0.1212325502488381,0.6399974346291449,0.18509361117905504,-0.1329108725105743,-0.1772433587748021,0.18792915911207472,-0.3602605099099438,-0.21272234277091168,-0.24089866321241302,0.11951709590333154,-0.3980311074743481,0.1017159271756457,0.4541080339583543,0.03521469123518592,0.17613640119266033,0.025606268348763662,0.14567013938961615,0.23342606243519526,0.12687953617814873,0.008445084964165543,-0.054564250527464345,-0.20392213726022415,0.06752272232251931,0.1169830848076469,-0.2986191357073406,,-0.48867815741553916,0.025366724360642117,-0.25690315794055607,-0.267573486151994,0.1644574640316727,0.08760160085271974,0.11130464325217777,-0.08926533033494659,-0.1137993628945454,-0.05619084240733337,0.3993554845504749,0.2184519020117358,-0.08487273724185743,0.4502628734786082,-0.09766959005212261,-0.042991433088391186,0.055018905178022874,0.14649792959662472,-0.20938585835774048,0.2638634872824176,-0.3886784012946755,0.14444158472454893,-0.5760962719609674,-0.2720699109887745,-0.1334148681073978,-0.15158150570479084,0.15700891537992667,0.45724219859331294,-0.018129874547492677,0.7104059667588313,0.5107592685641362,0.28711022942978676,0.07074957402983809,0.18520022921522689,0.07090877637678383,0.053155637519170074,0.08476130503590729,0.02874183643004178,0.40619477863891645,-0.040662343811621496,0.33408048648116395,-0.17590343714163958,-0.1695186345730894,0.28426578884062476,0.10270104013157821
Insula_L,0.6139149449949534,0.5721576522996029,0.8173030444749326,0.8137173204086553,0.7219587204574974,0.8251858755270207,0.5450548522884961,0.5857787231924959,0.45249163205736487,0.3354703950958577,-0.017363665634700463,0.14031955980666058,0.6008148924334122,0.7562896029850966,0.28751137876812016,0.5809473902669555,0.8244784530570681,0.7924802631722774,0.17469425334165337,0.1303949876233585,0.6709079596980594,0.47169640916377253,0.6135791200231546,0.46222236359423124,0.28840371302600176,0.06322557660386664,0.5998284359285391,0.40858639395904645,0.16226785153115567,0.14932139276164935,1.0,0.7681946105816755,0.5664571259132096,0.607583402401877,0.013270910706957304,-0.04219741191455338,0.5724491855981155,0.46361404440431153,0.5886600609902776,0.2487685305409263,0.7276084062019356,0.7194416751565799,-0.40357770833519147,-0.2605249785209685,-0.17761675780253444,-0.0621401393480866,-0.14447626540217784,-0.2507083471014207,-0.12297887889046241,-0.02909729656384223,0.0301879732825603,-0.24116355421991134,0.047064373830697316,-0.03364643279978083,0.32161013396226684,-0.1514498704600145,0.38708262257188497,0.46727044013692665,0.12855128669252355,-0.04967266902933697,0.08538187315650204,0.049804814282148835,-0.22826244313521862,0.2237256695329729,-0.046188676340387924,-0.11577089023133527,0.6896274634432439,0.5875391194200201,0.825363335991936,0.6580760049563763,0.7111537989934182,0.7298132668859422,0.43260094434058793,0.2832597077637349,0.25051411622551395,0.02968977631239116,0.6967162162661903,0.5923567441355351,0.18455607648139166,-0.0655039557549708,-0.20235438175049,-0.2646763209756202,0.31971936066485146,0.04975727386016428,-0.13170039808136033,-0.34561022593850554,-0.07301969620007728,-0.10453058086957581,-0.05586282280918834,-0.030923901483681515,-0.17883461481792387,-0.20275580733609022,0.03247176561317828,0.28363560109391733,0.20139694489797944,-0.13805869540731577,0.08160711555114804,0.24221965142666824,0.0006340474301452276,-0.2515924728688063,-0.2558827857489432,0.01729161088261077,,0.035764960648735515,-0.4517496739594783,0.21579494982255093,0.574838425975472,-0.02169179815404187,0.048975016786005285,0.3198922376095754,0.6093055517731463,0.16556056311550002,0.536231621105408,0.3104018918580412,0.15463029880979362,0.5878092039565128,0.493555302162956,0.44011828871642666,0.5069998887161107,0.4772608654163053,0.5447548604378115,0.29923838362091615,0.15095362298771606,0.5018036046822112,0.5113942637832394,0.09025042582392889,0.4549109520554759,0.3393059217238767,0.09592878342015357,0.17955611851845402,0.47634386787161276,0.15026204213456854,0.39728607881715877,0.45856038881383687,0.7143063471535629,0.7288020142993636,0.7674203500175475,0.7305469048148827,0.5510992204129096,0.6878973456196177,0.6180838359674907,0.5776469599757177,0.5384483113156228,0.7807899326081076,0.6441668925343533,0.6312666821541062,0.4794144184032142,0.20145915637402945
Insula_R,0.6012243264622207,0.6597879573143485,0.7057393099600262,0.6983495132243417,0.6109577112593965,0.7661887414011814,0.43147676921162786,0.8165612843698243,0.12052068637194552,0.5421218093537966,-0.3519982577988905,0.22866207652749246,0.6235226327732023,0.8859150219361092,0.5685115922536802,0.8041899401625047,0.6257071633858333,0.5836037422992758,0.37567983888191203,0.4009974845299183,0.7665184680489605,0.6732955521716457,0.5939692770024901,0.6976508388576836,0.1880532199070466,0.06795909868408137,0.5347349527313633,0.6205029423395776,0.0333151993014493,0.13532032776952355,0.7681946105816755,1.0,0.6624689012768811,0.6788043261865669,0.25746277483698493,-0.10152300817275922,0.5933115884928434,0.7288660642237035,0.6508502498434288,0.6260177198807074,0.6845514270896735,0.8779715627430349,-0.21525934168068894,0.13932721480320565,-0.26668024461358497,0.2290442258964983,0.02978609277548697,0.0639468642628675,0.004965209734526532,-0.16333633537488026,0.0036395243362829675,0.03718099062392334,-0.033077306856067856,0.1282097210945452,0.3855280755921485,0.27096191223097826,0.33554071483700654,0.48622444928615755,-0.020100925638945777,-0.09690093555208674,-0.13238622094447544,0.3292387192770331,-0.20027136704571985,-0.09751940356317715,0.023601394485963878,-0.05595922379997178,0.8152485900721879,0.8113112571139453,0.8488142883331188,0.8808898480422319,0.766978991114511,0.8591320667578515,0.631637217055125,0.27771187436596323,0.185908623626579,0.48227843744524207,0.5379977589808329,0.9076339451111834,0.09216835002342598,0.4539763561849866,-0.1677024275809437,-0.1290873762595109,-0.0005677027303975771,0.5355834895339462,-0.10207260860708968,-0.23437019877360635,-0.1134790702802397,-0.24532114175284334,0.28834945288853375,0.15592876447615678,0.143001512156685,0.0896781204804926,-0.13681744363824128,-0.13014542975132942,0.002819110493175298,-0.06155039575642802,-0.040141309393658474,-0.08037912939405091,0.34070534956572973,-0.06523789303039358,0.11348718804949104,-0.09339755059451492,,-0.11468411364379331,-0.245709445506221,0.02905626195864978,0.7346948699020021,0.28150019297371986,0.1194999297912585,0.42932994501283755,0.728043844537406,0.3734426638692262,0.6742643311416914,0.49007338568064285,0.29995639070805036,0.620718762874746,0.6231911144883505,0.45473236787548404,0.46623470037339343,0.5619910065376581,0.4979522324788972,0.49543111374253995,0.33373136665881264,0.32676681150673614,0.4839429955879639,0.2297676676922641,0.5745359853086962,0.6218713666282604,-0.12002197458332763,0.3870240034433855,0.28268903505938475,0.4043060737007052,0.36470762527017103,0.38885810632699697,0.5520621735486079,0.6949315667191964,0.7365617872761281,0.7214765025149042,0.7927891865068621,0.856899664705032,0.5334536736683494,0.7911944648435565,0.5310567871054572,0.7653866288572887,0.8460127377706301,0.754501691538078,0.7280616270647718,0.4917747892586733
Cingulate_Mid_L,0.7726087709387561,0.7469076323091192,0.6130975874130966,0.7061890539759174,0.7037358648627084,0.7245932434310465,0.49708648764878993,0.5730668497471658,0.3022063313807868,0.5438486664845756,-0.001437094578077527,0.1756084418522822,0.7580929845623355,0.7568756853831906,0.443827431266585,0.4284911459782493,0.5648260793425659,0.5410789862509464,0.12761667844558902,0.4139504338506068,0.358415782881229,0.4383329439045117,0.2899460353354081,0.3869423251322207,-0.10950176556715108,0.10531951535619938,0.4261277087034243,0.36561914202694545,-0.03050693490402356,-0.17452466998122276,0.5664571259132096,0.6624689012768811,1.0,0.9698256538456207,0.6824348693946671,0.4714639549708087,0.7209487470943241,0.7578898704337571,0.6245184420109534,0.5326926903745881,0.5881906931488196,0.6876375331359075,0.2052015661472515,0.30876761405469266,0.0905108994817103,-0.012222669112659502,0.47347105317952565,0.43667162451618696,0.03848195658831849,0.12403538283217258,-0.0021407608056479405,0.042199447617888214,-0.03492648689325279,-0.006758554772125433,0.37487362580915956,0.3521124326689032,0.8258342309706589,0.8463779860536913,0.5495807296682481,0.4131139172209758,0.4723801174116059,0.7661920471376007,0.04981520001522556,0.039934177368432126,0.5668396384041319,0.5231946209034588,0.7483271296262795,0.7027607833401164,0.6079549437475998,0.7079673387671905,0.8377671344025309,0.7999031817653925,0.7874559667487492,0.5296498632061603,0.43202346376421463,0.5108530812616545,0.13816612543730958,0.46543216834790885,0.08270457564792913,0.33882698051271326,0.02795790073968872,-0.07083586430054069,0.07736152773397084,0.459254628734399,0.09649336624863063,0.0965662568235513,-0.09082005618647652,0.024193000508330727,0.24759990774535504,0.18424511320862688,0.2532868648600475,0.2216913677085051,0.0671799378825729,-0.03511592813989876,0.057287689978129046,0.11355785130534377,0.2177715409095541,0.1312340543002358,0.32729568319473956,0.2728044368055937,0.3303056559540338,0.035198919658727054,,0.07416521887364937,-0.009552567354009566,-0.04050467345717564,0.6427305521886497,0.4098811087770137,0.5349702633135324,0.7149075894955379,0.8590562387887031,0.6942345274087348,0.820799974786809,0.5311578326346598,0.5119618310954417,0.7939357701428957,0.6086231597931614,0.750105751043055,0.7519888461980501,0.630578394335586,0.5636702056529693,0.7072805466009094,0.5397181297704222,0.4543397073051742,0.4970184827001896,0.4244757709225909,0.7372841147763358,0.6804213720215562,0.2318610584886344,0.4514165848719367,0.1709906702528851,0.3567527562765102,-0.017004916109250905,0.0726589840770828,0.2880970714500783,0.42139769478118383,0.771807398972216,0.7275799901812273,0.46121210886885283,0.4229313528176777,0.5004416170930014,0.5343322156075457,0.7207361447278344,0.5658231412857505,0.6560122976156063,0.7187512214831259,0.6382883932334915,0.5769639229307858
Cingulate_Mid_R,0.800543926378967,0.7750014086170602,0.6567480575175999,0.7093978705011497,0.7344105715603995,0.7527222667367072,0.6156278663650705,0.63392829601194,0.4152904871317007,0.5932091369047593,0.06866811572380062,0.23708710063785934,0.8116571765245878,0.7776348231816014,0.41815273096070676,0.39889623675263236,0.616502447838276,0.5706845835544481,0.11432342903822855,0.3757680454151617,0.3417909741154124,0.39143693735174256,0.29415338685143694,0.36289739085106876,-0.050144753109777875,0.07411885232312841,0.43562023051586174,0.3183776188776721,0.0006421549821865668,-0.09549266052830904,0.607583402401877,0.6788043261865669,0.9698256538456207,1.0,0.6255983725587321,0.39416795460467957,0.7285649901650124,0.7871904767069504,0.6897480531139156,0.5869264175703021,0.6399299125036316,0.7011992539215789,0.17122326793835088,0.3027688276155264,-0.015282257665537594,0.039667437664088645,0.4468532772446121,0.40972646036219657,0.08408531941232687,0.02800584864876376,-0.020863825292029375,0.05668044951253064,-0.020921093033405665,0.0007038649964074049,0.4535386484535482,0.37973773854669585,0.7931426706559059,0.800143968287749,0.4842510974698521,0.35983709217330523,0.43482135523432003,0.7330446715522928,0.059099644094479285,-0.01664816800721184,0.45898816136849135,0.42158902590974423,0.7802164858283164,0.7374668630653767,0.6399099154980231,0.7281790828827536,0.839578489401359,0.8306061728886733,0.7888404229001283,0.48712030875369694,0.521111257009258,0.5436050192583248,0.23970949266304292,0.48694704430310926,0.1666081617751987,0.3831420318423973,0.01944740024781,-0.09084129088471375,0.12120563086327904,0.4388893977109085,0.06965515005174386,0.06296806751362603,-0.07186539246777095,-0.011049159849015366,0.3038877404195769,0.21806042518972968,0.2908286336124851,0.2550182587188022,0.024386897571606867,0.008270853638431221,0.08684296108845978,0.1480037601171861,0.21046260631708913,0.12417502913452166,0.3285172045077908,0.2655008444179714,0.3381334626940604,-0.025218830782955438,,0.05559292121719827,0.028329847035181575,-0.06348241542642297,0.656872232628098,0.43662916861799017,0.526149698829592,0.7196263965462529,0.8733220934316628,0.7163738109177918,0.8342287157963622,0.5194082081928012,0.5362948857627124,0.7980190134360782,0.6490926580172857,0.7595635099977364,0.7496960249456482,0.6696380165197818,0.5684419732688943,0.6735115784964687,0.5228927013068612,0.4214049365905585,0.4824670593150567,0.4002780623158585,0.688947108526223,0.6708337360798432,0.1560947416390409,0.45880982360495376,0.15925335266493953,0.37575755098374586,0.07307682407861583,0.14872260124187786,0.3496687906521115,0.45676003196343035,0.7942758415695665,0.7361678879097173,0.44686760043758167,0.39993476770573194,0.5110051615124069,0.6164790945104363,0.7310065350512639,0.6185795114410491,0.6829643577987152,0.7491228626829246,0.7112703129646932,0.6231308256622633
Cingulate_Post_L,0.40900992899326194,0.43006672364347487,0.15811269101345377,0.21802349767545712,0.26283031663965156,0.2967695589548665,0.20699085805731654,0.21656648547841822,0.07980133163703756,0.4203528500046721,-0.04385249153636018,0.1966636763060798,0.5077991218024901,0.3225707369055043,0.45019558477882543,0.19665260408061833,0.08942052450750129,0.08156252422785149,0.04672878050515339,0.31965203250023444,-0.004567425062978146,0.190901942335612,-0.143851964708346,0.20555667281838497,-0.1995654061526688,0.1343535256430329,-0.014764309387566997,0.060120780878069914,-0.10148048163158391,-0.07881031413651636,0.013270910706957304,0.25746277483698493,0.6824348693946671,0.6255983725587321,1.0,0.7129803435107809,0.5928900549766044,0.6875707236770958,0.47914585096584816,0.5424235663020183,0.3074056560728913,0.2969092630597981,0.614283655059692,0.5732017396284683,0.26305790334997275,0.1091792218220882,0.7244058854789103,0.7780743707924778,0.17380346840949096,0.1710613155381729,-0.09439860345465524,0.2595566164180538,-0.05486791257063298,0.03206702645803787,0.2192264798447876,0.5097955648497597,0.6079086091649951,0.5743333665003884,0.430132523108732,0.4205538647523108,0.4369511891613786,0.762683570081393,0.20661868006694079,-0.1323830433547385,0.6878931271569966,0.7866458331156673,0.42562471334517915,0.488244903940342,0.27458106959565354,0.4690877809428853,0.5083818206860674,0.3794925096375133,0.6021447947546819,0.3069412549197095,0.43989542906397955,0.6292124493785657,-0.20768037497773167,0.06426041000231528,0.15010722888399938,0.4330223125124685,0.15784286352398733,0.08459886808295655,-0.08705620938916604,0.39178651377566426,0.2132218762219448,0.27146038038860076,-0.025994019083272125,0.01920700976069997,0.3059926324974917,0.4085975568995343,0.4127691243568993,0.4516224656947534,0.1506035760540782,-0.10463792098564346,0.03067898393222356,0.24394899232533962,0.3417534963067638,0.07719843279448627,0.20284758781191423,0.5728901409687651,0.6040037658620399,-0.007202475215532812,,-0.08338021805939026,0.3173841253860593,-0.22906261241371137,0.24078714292657627,0.5461593168514344,0.7052330072010562,0.6769231313709099,0.537152104610411,0.6678938302358537,0.5870831169802218,0.5920474714057815,0.5774649000985838,0.4948511490277567,0.5104693148991182,0.6319945803991507,0.5927382116745601,0.3523563517536802,0.28495972211976367,0.7267391775211042,0.7032150947556483,0.2136537042674686,0.30312207315999146,0.38356626993426807,0.4969662089147698,0.4959024813410094,0.2338885007481748,0.444006505894217,0.03173869223291093,0.25112189365308557,-0.15500738473811596,-0.11943569106286187,-0.12446763882493236,-0.05792265929922078,0.4034127896373535,0.3551379497227536,0.15375616940741077,0.025696157405786478,0.24600724850988215,0.2983504830634606,0.5522047142315633,0.23466826830680365,0.22914115567955326,0.4298977828461745,0.5220712030193885,0.5467817967134078
Cingulate_Post_R,0.22234880544013483,0.17806534557419187,0.026001089736749153,0.13133463903350928,0.15054821269355817,0.06939379587088237,0.0005494622984757162,-0.1707500697700984,0.08121486642063666,0.15116926833653072,0.15026586770523506,0.12405926153945077,0.20929981307827927,0.03704583850993284,0.1846850824334491,-0.11368070771060278,0.03629720541850638,0.0772477218206577,-0.2583031070220982,0.06981050527441811,-0.16603309682371595,0.05345840409688845,-0.2777106347164965,-0.01594609271961106,-0.2158146946948272,0.05434938300201661,-0.13295714533523553,-0.1312858997465063,0.03570611798912085,-0.2412480292178768,-0.04219741191455338,-0.10152300817275922,0.4714639549708087,0.39416795460467957,0.7129803435107809,1.0,0.4006667314781295,0.27782561948712015,0.08236143891506041,0.052968953824207764,0.11161128228206851,0.008038588802832631,0.5226139534750143,0.25474010550919685,0.41126067463957017,-0.28186483717913025,0.5242977041406047,0.5154164596083585,0.012391444728587308,0.3849610092022427,-0.032287125584032114,-0.006804933011431733,-0.04958555735568614,-0.14701598885065717,-0.10952757924771217,0.12439574469080106,0.5892947716909667,0.49528461827321824,0.6502766884191286,0.5539304016897247,0.65526339279056,0.5259575959557492,0.12176803337596502,0.22737313244778323,0.6945012683653008,0.8348395638070975,0.05336420752673136,0.030900204399718526,-0.02109096156254408,0.03599313421111018,0.28974950652683695,0.09190950413935679,0.31196316251125994,0.41295776382956556,0.1682354605779095,0.14357914095363794,-0.390769322569673,-0.33976278852515324,-0.053137980244981065,-0.05818139446870271,0.3760875357189462,0.13558433500220002,0.06133473484448834,0.03403074571679259,0.24064842737616315,0.2826405479862859,-0.01475277175467777,0.18478804572213736,-0.15633377958902223,0.08609892553479007,0.013236115201222733,0.13937903206653088,0.30704935817030526,0.09925397396528562,0.16832880573826672,0.166143610073564,0.4808470029241554,0.36790030795871576,-0.09406144043178176,0.3649376372547971,0.2107717053508012,0.15185696388719272,,0.15098552958310843,0.1557208372460943,-0.04782170860859778,0.010976558372621986,0.17603773376468976,0.6313094408813684,0.4551277739817223,0.2562647132449165,0.4256648919055736,0.3681624622970833,0.3064104772205782,0.3815280394280043,0.3423750614644707,0.1414239852824981,0.543014038745686,0.5339218024711049,0.13469017414608575,0.17114322692060815,0.4521995277560243,0.478695326317873,0.35637051410485815,0.1478247487766563,0.3658163318605176,0.3349016431293611,0.21375680737562103,0.5759713255074781,0.23739962984710786,0.11401655844721746,0.025645262952760126,-0.32785897808854186,-0.2534263621813078,-0.24082952366261595,-0.133920474587594,0.1591840902563552,0.20205434356389773,-0.14789932815865162,-0.25866866160012164,0.12650467366423865,-0.14754304062443313,0.46652889374611084,-0.01997166904169976,-0.05497831861165442,0.20940290551194488,0.10949056935093386,0.22092393367041485
Hippocampus_L,0.5381332618769544,0.546343862576767,0.4956680133142074,0.580251121915105,0.48425731558120666,0.6141554953800573,0.30465850688198287,0.4131259393699418,0.2171295698628509,0.4570564816431738,-0.0650982023722372,0.1599115934459509,0.5636286025405602,0.6312066430572368,0.5094234469635518,0.45716535538359415,0.5156508113599623,0.500003122797629,0.08537736993602248,0.36327156749674705,0.34832087345862567,0.4325132090699473,0.37102514379675294,0.46016711381644393,-0.06453955104197588,0.07011382524972044,0.31517036747951455,0.26635566892603807,0.058747629161515706,0.008042889746981596,0.5724491855981155,0.5933115884928434,0.7209487470943241,0.7285649901650124,0.5928900549766044,0.4006667314781295,1.0,0.7693131559570403,0.7321134647257846,0.4899388045551414,0.7311518929131662,0.6561524929626944,0.20436257852479675,0.26207914588679726,0.08824068478055191,0.030135817622614875,0.4502549631830757,0.3725420938772372,-0.06193969003834358,0.15518589482096648,0.016225815947609582,-0.05592892172119927,0.05934242309416189,-0.0324330258021301,0.2717396527168555,0.2857156723362382,0.6282676476913701,0.6379633958493653,0.40752636578092927,0.2751134532378364,0.39016243407799045,0.514692114478452,0.06917080365266427,0.06657855689659638,0.4470706520791865,0.48384719245357366,0.6410084580298333,0.6099612169730179,0.630712553514528,0.6838550977019563,0.8126086734053626,0.7035938747285158,0.5270856956841269,0.3820903134920153,0.37315290914470384,0.4322519615523853,0.19136892183281376,0.37490513627749716,0.14285797783188045,0.23651555223643958,-0.036503593479852894,0.02984047482025894,0.17502883566466987,0.279510415054489,0.08124984178138658,-0.06900673208954015,-0.0017080326444251692,0.030463553367110173,0.22627292477436609,0.2641406687861816,0.19980388747977246,0.19132262554834914,0.17958794150080482,0.15681421132628348,0.2538045435802691,0.16421883402063056,0.3924641682382229,0.2722023754042366,0.1383900865010943,0.24127764389507594,0.22388140201510195,-0.0025370552201307035,,0.10225344781648983,-0.03954532167105742,0.024404761114443802,0.4884868400666285,0.10715704037972619,0.3677040337849162,0.597908422464605,0.6970467377115307,0.42039294859506865,0.7137196018421119,0.4206079687691849,0.3061803230065613,0.6946776373680761,0.665209171352032,0.6744094205940568,0.7666791433162087,0.40264258260467745,0.5763198122900778,0.6006777017036438,0.4814798072669456,0.5585786375527154,0.46570270112436746,0.2418601802254368,0.4811721192076866,0.3790511232702261,0.1749345902214939,0.2253341296786948,0.3067113120362136,0.11806885242277262,0.06162415567418011,0.13060448649628195,0.29706316481357875,0.3333911383806893,0.7073970141700239,0.7336664453756668,0.3701156238073334,0.37565412110298774,0.6079955690952549,0.5490357515588178,0.7267873536671353,0.6938338830905958,0.543662819478436,0.7949787437955053,0.6606699689754139,0.43018887135282946
Hippocampus_R,0.6217202481345836,0.6671804925904266,0.46588854588125533,0.45351568364594197,0.4820499765320601,0.5950350463862624,0.49707899543113243,0.6718496623810097,0.20728282182735433,0.6465153278740081,-0.16866653010329008,0.29661212495748285,0.779695265001576,0.744002846791104,0.5870526847956026,0.5298823775188386,0.4146946183656585,0.3436809357779982,0.2507961228724059,0.4591917971126164,0.3727405920988832,0.4319527173530361,0.2880482943900978,0.4788569972143841,-0.010984598767117318,0.12868317817537445,0.2919960761758401,0.33033253188123257,-0.03305477060391678,0.10036847531108585,0.46361404440431153,0.7288660642237035,0.7578898704337571,0.7871904767069504,0.6875707236770958,0.27782561948712015,0.7693131559570403,1.0,0.8376443390890288,0.8723671666309917,0.6610393176260724,0.7218793526658636,0.2892887691405156,0.5700028953933992,-0.1666391700822656,0.3363232338619154,0.5341034594712403,0.6177184960092768,0.20761074638518448,-0.17108142358693565,-0.13959411727659282,0.15977012328680149,-0.014768794384451675,0.08485894380360234,0.5317239949725303,0.626454901343441,0.5234924991950579,0.5569010479288333,0.1362833733109475,0.11531355358901657,0.16077313872177817,0.6229412760645193,0.1007134075628998,-0.31150301788892093,0.31281948958996464,0.3690796633068342,0.7506476602565189,0.7979583895546359,0.7027425180074283,0.8553263787446072,0.7751676936051218,0.7860019194973104,0.790310259482187,0.31241430865220543,0.5671745699796561,0.797558632761612,0.2602760346410999,0.5982458364406072,0.292046570693396,0.66518434140175,-0.015204157360450065,-0.0005714013438963201,-0.01726597334300633,0.5711602135413726,0.018557628351008784,0.0003214755374264828,-0.06930043406762564,-0.19936194150521996,0.5375439780380203,0.5368666900684246,0.5177183378427224,0.5023479276627286,-0.13217013448430268,-0.11553699819062513,0.019582369598475532,0.22669863336940052,0.19069652850520308,-0.04982738485476958,0.4321946089668517,0.4156862301916964,0.5499147871480592,-0.1875514571594539,,-0.12490247211292597,0.17349658350565952,-0.24488049413029092,0.5780191757741892,0.550590614387366,0.43460755924866995,0.6673421765098914,0.7716448801760013,0.6815064667369523,0.7585807949446,0.6545058464683764,0.603392011387139,0.7209304415278183,0.7671104714659683,0.6481157817781643,0.5977678777297156,0.6080999497550827,0.427031942774581,0.7831973820008963,0.7157952248820431,0.2785294200679288,0.4251205754358088,0.42269935151842164,0.6476097345827317,0.734213411454458,-0.05873324144059915,0.5862252018546295,0.08199095253920036,0.5001068641421402,0.1675107974122521,0.24498231502794252,0.25352844907573213,0.35972873209048667,0.6709213000057717,0.6124640805788886,0.5489432622197745,0.45931089053933616,0.4557294591085173,0.7640220406495343,0.6378713410324752,0.6391813990175383,0.6960455176844924,0.7523188321884327,0.8886289481975523,0.7115615597536159
ParaHippocampal_L,0.5884256777551493,0.5937593930321051,0.5016880163622884,0.46365922621059547,0.4819489866228098,0.6289087634705638,0.594463956938731,0.6438475138118004,0.41468129657024383,0.5791481571035464,-0.021251830239030167,0.29799564359866054,0.7460256808002418,0.6285341616852593,0.3967513518944679,0.4420677087046759,0.49897187938873344,0.41376365386785613,0.15469207303201313,0.32509730456192304,0.4001458372430754,0.29454435118382627,0.3461147439679342,0.37276356852482273,0.10250611692847442,0.10403951748785542,0.3701039789634992,0.19303560631174077,-0.039220717409905355,0.3103628911459973,0.5886600609902776,0.6508502498434288,0.6245184420109534,0.6897480531139156,0.47914585096584816,0.08236143891506041,0.7321134647257846,0.8376443390890288,1.0,0.7689085913238757,0.782780282773582,0.6804264293944642,0.17111764401718033,0.37067850388041396,-0.1083420778214792,0.3564506693796637,0.4325852460056487,0.4106588317679605,0.1419535550714537,-0.13082971057556214,-0.12409615719736074,0.08978318407669632,0.06817240531062532,0.059445620065849865,0.7113459238139636,0.5103213480882811,0.4303903171917711,0.43984528721127447,0.08840315489602432,-0.003984473432434892,0.15406543407187195,0.43111367988903454,0.08792518656394324,-0.19945135131218647,0.17494396103354595,0.20115701557677623,0.6715556314480731,0.7093428120553449,0.7776487940373218,0.7815472907699222,0.710507356835109,0.7167541970795569,0.5911956874756294,0.06304807073818192,0.7343026181090974,0.628044045831509,0.545100524086366,0.5296557239032479,0.4813402936625836,0.4765408096706447,-0.20047591239591991,-0.18839015299453418,0.22287062338200947,0.28502782510054314,-0.011342406091973527,-0.10386642087615358,0.010896923633464896,-0.21116275336575982,0.4848813871651593,0.621300149855368,0.47481676203700107,0.47561429151025597,-0.0778786902939723,0.08949797368828327,0.1428308017787622,0.19867678819199994,0.17815517137962616,0.006908430365718968,0.33443029689264053,0.38653973035774297,0.43087816695676073,-0.20565260991267323,,-0.15652781350138092,0.01442076394323176,-0.2970888520270139,0.41130006192456675,0.4079079272486807,0.2956451744135813,0.5177172740719255,0.691798793797405,0.4802593373034672,0.564301302856844,0.5133676478395112,0.4319945528253306,0.6156276793121788,0.7895968118188376,0.49357203503959013,0.4873607106506599,0.46521929723594435,0.3833579811901534,0.5433910914885545,0.5413329346803234,0.23376069417699513,0.3885974439657197,0.10711290626447989,0.46077179220827436,0.48231974575911907,-0.17878800221350594,0.41305352709726006,0.11649545851200677,0.29797425415258744,0.3037180087442666,0.4233723895030108,0.3898381853201329,0.36163750309891646,0.6950284811913409,0.5579927111984083,0.4481003791784152,0.42723448590513374,0.4492227574832751,0.7969654444224349,0.5286752670844674,0.7272288034412341,0.5888891603626062,0.6332660192578045,0.8457582857072783,0.5238888251171988
ParaHippocampal_R,0.5198929007288965,0.5993645474819681,0.32422093824578635,0.22696232671534278,0.3456282981682969,0.43714411146649657,0.5261080867400599,0.7672646181713806,0.22746347328108177,0.7471734614192004,-0.1403584329688102,0.42968636551106,0.6777088118971146,0.5864577547350837,0.4875481776015815,0.41993640746596317,0.25928032609142704,0.16930997796435002,0.24879870407773044,0.38255671027005594,0.2605329264506341,0.25552282452497804,0.19395017222340302,0.39822368389055174,0.03323501868373965,0.037916014069779264,0.15821679738306635,0.21487621747056035,-0.11592201119305147,0.29728866382173563,0.2487685305409263,0.6260177198807074,0.5326926903745881,0.5869264175703021,0.5424235663020183,0.052968953824207764,0.4899388045551414,0.8723671666309917,0.7689085913238757,1.0,0.564810738248623,0.6041101299559529,0.3487084317290724,0.7166542847881531,-0.2861615111116092,0.6029061285215362,0.5006162698328149,0.6592342937730427,0.3814438269353896,-0.3745654445957376,-0.21493107471077252,0.40764932583111596,-0.013798844393602305,0.1557364475763726,0.6899692196449138,0.834879467495857,0.22576753073131045,0.25458802984665785,-0.14441103619506002,-0.142440235108748,-0.04734285223032406,0.5375605540838004,0.1822118123667306,-0.5537568839432145,0.06802848684705676,0.13621406455287968,0.6333065467576818,0.7297183394898392,0.5725415658630039,0.7384148795585376,0.5247965843963129,0.6439396323133284,0.6931368597072047,-0.004185333470566735,0.6319109667818795,0.9216831675275545,0.30669593712490256,0.59465436352202,0.4482800304692791,0.8852429435657202,-0.07627686639313959,0.04289812683645692,-0.03453375190807357,0.5872182312786116,-0.002988980969584357,0.08651009081314452,0.011316428390699056,-0.3435783356206902,0.7447589939903614,0.7476472847010321,0.7050749196971771,0.7452983162065072,-0.3370390756391101,-0.286301480961906,-0.0831973739595442,0.3217093814790781,0.0019206411439304536,-0.29113447311479734,0.5762298410064394,0.5295978867051734,0.7387552761533808,-0.28906484172705316,,-0.29298555159570105,0.3121840119445749,-0.5131602819320437,0.3835590509722657,0.696196677099612,0.3280667875999578,0.5160149237917451,0.6102147112305494,0.648666160257554,0.5705264875801944,0.6477274120361894,0.6247852660607388,0.5176192622497446,0.7223665756204821,0.4227359564713024,0.312837345416402,0.5410375997327602,0.28448710110327574,0.6219060135833566,0.7009309485076087,-0.00920429919642745,0.3202771260751381,0.2804384187560281,0.5272950076510516,0.7056777397681784,-0.309609095291645,0.6333053561481139,-0.1042266671437323,0.5728834171143273,0.2847380307463835,0.2720069766374334,0.17924302001900877,0.27130855816949595,0.49537514788850334,0.4016813593890065,0.4882053207092903,0.34828031436564716,0.18980674888182064,0.8108159838065544,0.4005591090287572,0.4720838883097505,0.5974982066409686,0.48264829389012903,0.8939507706767975,0.72592051401725
Amygdala_L,0.6851673248355373,0.7060808562841573,0.6543961226367762,0.6918373238200981,0.6200028841794445,0.7749516851499951,0.5337716729725457,0.6523706536946269,0.4491390046877793,0.5678876380307188,-0.05515708270830927,0.300412126774369,0.6034149404604753,0.7004763985361405,0.4063702726607762,0.5383252711204665,0.698645283600598,0.7151494653915675,0.18175301749922676,0.21815681265406028,0.5091754276317546,0.37260699114723617,0.4194913426140783,0.4584478123580093,0.18711663968418096,0.16336374690052574,0.2771645411887148,0.20737892811415415,0.02156757906165315,0.4181971731024633,0.7276084062019356,0.6845514270896735,0.5881906931488196,0.6399299125036316,0.3074056560728913,0.11161128228206851,0.7311518929131662,0.6610393176260724,0.782780282773582,0.564810738248623,1.0,0.7355660343887475,0.014372207916475038,0.16130949475889264,-0.041317818694831566,0.2784037274777934,0.1894741014463063,0.13404301059553791,0.0950958445818316,-0.12394534449449518,-0.011996914872118503,0.03220668954999158,0.1840888609954212,-0.0031736738432360852,0.5012331092299803,0.2657285171226816,0.3640736855244097,0.4019447539812552,0.0921329220347765,-0.14777985281668016,0.15090572002664748,0.28606418694494384,0.047129634418365665,-0.014872057100549462,0.0229625871782132,0.056207268221808944,0.6457558764601471,0.6403955753100629,0.7747110873028479,0.7298159336630616,0.7315239102477704,0.7267377372885445,0.45564576785208083,0.011587675564554117,0.47768697540860805,0.43138535815075124,0.5823111358019595,0.49694960057429793,0.4827193298546359,0.2623531529870282,-0.12048649164419602,-0.07376925185977508,0.3227159280651056,0.09454813287803132,-0.08205759417998508,-0.15042078734574252,0.05159858869973312,-0.16486479909868304,0.2181015605384248,0.3743908667441742,0.19642655280853943,0.23933420301649935,0.05523570046825157,0.19064766387442786,0.357537671947293,0.2680309878434018,0.28848587036014745,0.22325762503919372,0.14285122079935889,0.12064961769774629,0.2066280612964965,-0.08131553685266986,,-0.11982458807233766,-0.06389576801477972,-0.12207202797722672,0.3877485867491591,0.15122350859428493,0.2432147237967355,0.49292429045849073,0.6334644626039384,0.2748740473118207,0.5795816209797374,0.5075908190333127,0.31630108492689835,0.615134399917852,0.753400376714132,0.4694232677120734,0.6066119869220398,0.4189618411467753,0.5557029396153134,0.35854077533779155,0.45428910266138745,0.28233719701454696,0.5257390545855896,-0.07140855979378419,0.34606318657394664,0.32363632456494273,0.05771065771557461,0.2670845930938066,0.43928239045370826,0.13106797149448543,0.389040730936569,0.3835650638862422,0.5602000554399333,0.5149258666934393,0.7699626435545,0.7567279499525407,0.42297475278949304,0.47556349220995153,0.5441511768738869,0.760768896016426,0.6534583848589585,0.8041153874091139,0.518913151971943,0.6113739752649727,0.7351079124718353,0.46639685763802846
Amygdala_R,0.6501475857537592,0.6719806035493124,0.6491422589574523,0.6719840576164055,0.623290416882905,0.7564144107548396,0.4320043964972571,0.7282419409074536,0.16340691842091976,0.4923254118981614,-0.2799692748196412,0.12566609756532446,0.641452605603794,0.8541712130485074,0.5612291617173265,0.7363412395150558,0.5983493799576444,0.5923639587834201,0.32193961020205114,0.37309251273609206,0.710691999677128,0.6848735833539443,0.588174548491688,0.6850269143880224,0.09477359468390369,0.12136865613933556,0.4723270299836455,0.5228876383439073,-0.09016351366774482,0.0903052448344599,0.7194416751565799,0.8779715627430349,0.6876375331359075,0.7011992539215789,0.2969092630597981,0.008038588802832631,0.6561524929626944,0.7218793526658636,0.6804264293944642,0.6041101299559529,0.7355660343887475,1.0,-0.10492642349146646,0.17418719040890893,-0.09721558848996084,0.21910730255488772,0.11392516431318588,0.1289061173023783,-0.030051169634963192,-0.07826438075543758,0.026065444443381398,-0.03035951516912903,0.010567563203968292,0.10538128450714848,0.3705722916030578,0.3002856425712183,0.4432467666840252,0.554895389191478,0.14251516246229462,0.0011223824420592454,0.06508038032547296,0.427457075407056,-0.09185975515151579,-0.036336839837719515,0.14012306117495493,0.06282550157336292,0.803295465864789,0.7755928840469758,0.8300672231330162,0.8508716597880498,0.7807600891654823,0.8468017768552429,0.5997214840571222,0.32363122593175414,0.25632489604386743,0.46093682177259204,0.45372602259604994,0.7742170109679974,0.11518373037903701,0.37221855079290717,-0.177770902566018,-0.14255553844176788,0.07842739691751309,0.49924178671556607,-0.02188911339532171,-0.09356182825134703,-0.038772168742831535,-0.072280256557825,0.26432535500906357,0.1884033644109859,0.16893459306706732,0.12739022887368576,-0.047919703127427236,-0.05379167167951831,0.10101784408248389,0.1322617476336314,0.09594857538139731,0.09620699814141959,0.33450466646842436,0.004162616296817669,0.16259450899641645,-0.022014430268279015,,-0.05826533063548523,-0.17483929325640063,0.03528175557806571,0.6594342558890017,0.2203973539794626,0.1942361555507348,0.4598957970579637,0.7403830693122153,0.39448809108968164,0.6781333581058968,0.45941797219842145,0.28558259723347923,0.6641484262479699,0.6613962870643145,0.47496739502609914,0.5361175650650537,0.5061687095920298,0.5311356426908405,0.47500154921148835,0.3255433704290751,0.3635290057089879,0.5219241501450925,0.19154114373451786,0.5728351753942639,0.557795973417622,-0.048851739310385674,0.3282240121741109,0.2695352010863136,0.3528500785588413,0.21484418124936056,0.3213983635389084,0.4792057251656803,0.6645733312398211,0.7670912230697517,0.7507989742952282,0.7366968667637676,0.7642782991028763,0.5537882018600847,0.7496340545913609,0.562644297342248,0.776847217123525,0.7805616190125325,0.7421752003227431,0.6785254895190135,0.4613111598175941
Calcarine_L,-0.017440310163046674,0.026091076539898984,-0.37513868658296745,-0.27006262435779904,-0.14690902646847986,-0.17565898987531925,-0.03587199147511027,-0.0807620448726799,-0.005060640092652785,0.2757906756532099,0.16757812922140258,0.1112995396846239,0.06364963252881102,-0.09078788847089592,0.11962637916556709,-0.24512912438108048,-0.3157595534603841,-0.291110917323869,-0.03439021958701403,0.33725914095308607,-0.3938081970301598,-0.20137382042889734,-0.3912093025643147,-0.1816666097490809,-0.2712429274923707,0.1406099620481259,-0.2993029339836861,-0.24648055462753063,-0.011058371834218093,-0.136181717313475,-0.40357770833519147,-0.21525934168068894,0.2052015661472515,0.17122326793835088,0.614283655059692,0.5226139534750143,0.20436257852479675,0.2892887691405156,0.17111764401718033,0.3487084317290724,0.014372207916475038,-0.10492642349146646,1.0,0.7838848581157911,0.36277084345437566,0.1716916666229806,0.8572596033151269,0.8463784052883386,0.34512957075306866,0.2152823162214796,0.03323468609671448,0.32047267988169825,-0.004670133426420803,0.042202491555387356,0.2837926636896715,0.6312917553951684,0.19984094354300536,0.10456081773483174,0.3079548048778809,0.270262357394557,0.5679673691836196,0.5597084272070424,0.4990772729007942,-0.29229099064246106,0.5520897828572991,0.6265790977237864,-0.06972675334497536,-0.04437388768906158,-0.21720070918824252,0.0415369616507193,0.13287568807110972,0.03262277847258304,0.2000636817262006,0.08363682377307233,0.42829603283645307,0.48925728190965245,-0.502065754490897,-0.3163237724372952,0.30912383115804903,0.3634428331168574,0.30923715026134524,0.32465252999003613,0.029397461084763463,0.1925353837396483,0.29339247618388997,0.42443287028772725,-0.017729807913816606,-0.01759169019391257,0.41811797951553,0.5515182399841013,0.6313285329579016,0.7287284670815956,-0.027572184295800866,-0.1195507814113274,0.13085028215223002,0.4334616289910112,0.4232174349237739,0.049268923901589684,0.23202088567770726,0.7513372634711818,0.7498919697963919,-0.013971319483180929,,-0.040229365630113055,0.6856820284992018,-0.6585595037651858,-0.12003259065410835,0.31370629719612503,0.38797794186348566,0.29499865234913686,0.16167215422853867,0.40741803418546013,0.18753430465313045,0.17785903030768385,0.28904270077711547,0.22159835645607676,0.17478530238020143,0.2942846027867821,0.2527648279771882,0.006056039519271576,-0.06583923666151882,0.3210329952197058,0.4995748885855759,-0.041664974325093654,-0.004050908289435055,0.30833398053100297,0.23404761642149366,0.1788528622051258,0.11654850760356819,0.16941415570250482,-0.37203867095019155,0.09175697866844025,-0.3531731380222983,-0.39161595652464276,-0.465863942470759,-0.436330563392972,-0.04844955770107841,-0.049430580338346,-0.24623817087002092,-0.4018942210979888,-0.24294338076503855,-0.05224231691653111,0.14490085389918206,-0.28318502011694163,-0.12495998929385523,-0.010130137619473711,0.261865308197567,0.29464158768028337
Calcarine_R,0.16612499216254947,0.2511464775343297,-0.18606005386672037,-0.16853551513636647,-0.01157807606858973,-0.005439510885454611,0.12028423635232333,0.3340353310035372,-0.04275510032812462,0.5167611594258225,-0.06356224920195348,0.21201104702503126,0.274472354191367,0.19185677997839884,0.25856810487991344,0.03968961250268616,-0.21460733100800286,-0.22976624667167905,0.2015668511369399,0.4873591412878431,-0.15273493564099583,-0.02270925536056922,-0.1458592682394861,0.05324973180500725,-0.21514811470797893,0.13664770718733693,-0.1828949615779325,-0.03767091880923924,-0.17723957536517224,0.008238756003855405,-0.2605249785209685,0.13932721480320565,0.30876761405469266,0.3027688276155264,0.5732017396284683,0.25474010550919685,0.26207914588679726,0.5700028953933992,0.37067850388041396,0.7166542847881531,0.16130949475889264,0.17418719040890893,0.7838848581157911,1.0,-0.010718509246048896,0.5208776818634463,0.7547582465189333,0.8880881848055031,0.5069101348665819,-0.12298491094140936,-0.044834952939904034,0.4779298365876488,-0.09470160062006787,0.1631397869393385,0.49193033394263497,0.8773334158717843,0.107280948858974,0.08675779456477,0.00412965094724902,0.02874386764650687,0.22307314465167555,0.6006493726332809,0.41264741952818434,-0.5992682466333258,0.30802018898421396,0.39381007420733494,0.20612041137474482,0.2849065032828728,0.05167616789583628,0.33683805156736474,0.23640644416234413,0.3075918578786951,0.4480854648782863,0.006507804469581595,0.47024201219425005,0.805052519253153,-0.25398759678816746,0.12576766880925616,0.34634103956071166,0.7595743632371621,0.16094683512401864,0.32772369942666063,-0.061937050996642116,0.5124623411034172,0.16381392468160916,0.4315831402467915,-0.02883296792915521,-0.11016374009224733,0.7028221666086091,0.7288809463726701,0.8034472259609727,0.8877765387521052,-0.24418246758730022,-0.31894054977562974,-0.07290912834027344,0.49234123775987654,0.1413547268536729,-0.2092805987724827,0.5333842430007142,0.7258511563510884,0.8958858182812712,-0.15315104661668555,,-0.20713631609718985,0.6620338224257363,-0.6940448346003879,0.1076802254737865,0.5484263197162355,0.3322670277484414,0.3606669055285836,0.3363731067447194,0.5503216493795081,0.3422126775925721,0.4081293078746392,0.48425052104237104,0.34068178340124916,0.4019382687457084,0.3008111199416749,0.18579106748730742,0.2699279219160249,0.022797862729624654,0.46114659567466665,0.6572130355138937,-0.10207796378158847,0.10285774574100401,0.3442471805679527,0.3792424686155948,0.49996649511679475,-0.1510807875589445,0.4559866838561338,-0.37501187056530927,0.4166462473198787,-0.15382760610413174,-0.1903612468530403,-0.28906942510766526,-0.17455396813075727,0.1292717700548624,0.08199527651940919,0.06954845128918512,-0.0841427232424452,-0.18885449371558968,0.3262574640652359,0.16008499171547713,-0.037609592628908235,0.22192164081646473,0.14698194095391307,0.5574420609059685,0.5502949828636112
Cuneus_L,-0.07755619418226761,-0.10797580100664536,-0.23922598609476273,-0.04686453919505514,-0.11237267978303934,-0.09707493623270481,-0.2609677893960822,-0.39290452025839534,-0.13014685549378252,-0.24940214780491884,-0.021264561731130793,-0.28299365460896847,-0.19399896439907377,-0.1866741079321759,0.07220726017856077,-0.08284948467178713,-0.1820430598175795,-0.03220591726564206,-0.06694799412525307,0.034783745438378325,-0.08978321258516446,0.03254582883858669,-0.18725764439330245,-0.043747945912217534,-0.24841025297771466,0.19445916760982676,-0.13280184007914858,-0.06056904458368224,-0.04518782715181572,-0.15489485565671696,-0.17761675780253444,-0.26668024461358497,0.0905108994817103,-0.015282257665537594,0.26305790334997275,0.41126067463957017,0.08824068478055191,-0.1666391700822656,-0.1083420778214792,-0.2861615111116092,-0.041317818694831566,-0.09721558848996084,0.36277084345437566,-0.010718509246048896,1.0,-0.25125221615793025,0.298803629081894,0.12132051094563669,-0.24335282932553529,0.6840116436010456,0.2102013657998465,-0.16455591858996005,0.10322941708281118,-0.0780656678345768,-0.17877418913574616,-0.13473640068341525,0.3195586395798071,0.2839266746348621,0.5741838796285688,0.40691321766497657,0.5414105804430221,0.2907649318359478,0.090599335424121,0.4288961698201961,0.5590930718315285,0.5419993211369349,-0.1917971091399493,-0.2156640888338822,-0.18024103378800777,-0.15193701143944782,0.0006847673960887201,-0.17302254045461973,-0.2549738645245444,0.042134666722523584,-0.053164277908884,-0.19267164747117269,-0.3304949984695725,-0.40262503301689084,-0.06650622789338866,-0.33595721799436246,0.11872631509264917,0.02999057415800282,-0.008465544812836177,-0.17995153550609616,0.29754201121989127,0.08554450896168268,0.048217956417528914,0.23672343240418242,-0.24316729287022112,-0.08170405446291022,-0.12521844842688304,-0.10017864462710119,0.3881292340917738,0.08777904441498091,0.3342234690412921,0.020401115792100667,0.42881700054965854,0.36838975538845087,-0.23648487433530982,0.07521299093971341,0.03016544811277914,0.3204106762318722,,0.0808782574088209,0.06875546895364551,-0.05968876916987332,-0.2232983083506477,-0.28550840279311207,0.25126983380504075,0.0468638726437066,-0.0612395738840348,-0.12913264954675607,-0.030426729040130305,-0.05750012898663434,-0.18264070338175356,0.04298426288387573,-0.059780746468400314,0.0746152247324539,0.23963989804028968,-0.25695991578271143,0.022807828930720267,-0.03427272949870001,-0.04037006593782696,0.08458485154610722,0.07497603798036764,-0.0683409051037253,-0.0898642748533758,-0.27496939010232424,0.44701497444269117,-0.30721170761087735,0.04399768007521922,-0.4267805506101223,-0.3655635247198531,-0.3550407273637886,-0.26174554914068393,-0.30539022336692057,-0.01546106201693633,0.04698900174455556,-0.19723203960044997,-0.18009803060526436,0.02939661183097106,-0.33795605644121124,0.03686657229044192,-0.17931474717992057,-0.3845998021734318,-0.10281698677229065,-0.2537605735538056,-0.2322537984527264
Cuneus_R,0.18034818319001283,0.29046243655927706,-0.027202741327389982,-0.1204939543802044,-0.006590005402173682,0.12530257898568933,0.25166465239493785,0.46907375373276383,0.048805109886055756,0.38708434438516737,-0.23938474015782105,0.10207948434184573,0.25976249579713634,0.21477874006711697,0.1814368274846534,0.1966042884218062,-0.0813789358985226,-0.07321496843630447,0.26760781118926885,0.12115220907006725,0.04352311056908896,-0.04056510281844572,0.07021228923150566,0.1299167629995173,-0.028430614593219848,0.18130670607149482,-0.17852441773658997,-0.09473163455420001,-0.35432467735472356,0.5138679495209748,-0.0621401393480866,0.2290442258964983,-0.012222669112659502,0.039667437664088645,0.1091792218220882,-0.28186483717913025,0.030135817622614875,0.3363232338619154,0.3564506693796637,0.6029061285215362,0.2784037274777934,0.21910730255488772,0.1716916666229806,0.5208776818634463,-0.25125221615793025,1.0,0.14219523122635086,0.2942584669277382,0.49205676980068,-0.5326273507337007,-0.20839183435219139,0.4453455445713119,0.0918764879444436,0.24710812005813715,0.4693177268686792,0.5444263098906599,-0.30920547450668245,-0.3020811670489488,-0.4997323737374456,-0.6046113265529476,-0.34306653730019215,0.09313638040758361,0.20964358219536944,-0.5552556828856957,-0.3952653020691827,-0.2695224702462331,0.23134070894992734,0.39395998385679304,0.2535736393695287,0.3250348037770116,0.028469096639505986,0.19020737100890384,0.17499048430149133,-0.4658340620391817,0.40123363927791433,0.6221980455529508,0.2581565336724553,0.30523934805034564,0.532981316406266,0.5956582314377395,-0.22264996658677513,0.06146181558408741,0.011669596604114985,0.17282804983330746,0.017128314291792658,0.05612149508835005,0.20861514751556348,-0.3424774375495206,0.5579498032507647,0.6386391485558376,0.5072713457408008,0.5846190382167037,-0.3136333281320494,-0.3203011396440505,-0.1588292277191887,0.2957065522966482,-0.2498931057018193,-0.40031419699264653,0.3493780088837206,0.33427695511975186,0.5705867275439969,-0.3123016738422886,,-0.3694774979296976,0.35001010159710516,-0.4789998749347657,0.010873507924099211,0.4427074173441499,0.14493069237536424,0.22608624437862998,0.13433491655108637,0.21886580566261513,0.1261897621691423,0.443475967581346,0.3436306760881211,0.07406613038593633,0.4673574682990696,-0.019865447007814733,-0.0932632298516302,0.2662201487326896,0.05623062640264828,0.008229151222648183,0.39796116145667393,-0.4432608233372583,0.15343962118953391,-0.20742315553588525,0.01903434397804248,0.26375978187259325,-0.38925701446652017,0.35642938960770526,-0.0823426392158479,0.2597304190425538,0.25463920576500104,0.17457257674149085,-0.015002344212567631,-0.015228099410239903,0.16645379271104915,0.022714995177728643,0.15437441301130309,0.10290778241702242,-0.17005688114764875,0.5447373006589631,-0.08102366027260637,0.19067578592688067,0.0820850596512571,-0.04438922879862073,0.45810405099373547,0.38635031622506827
Lingual_L,0.2010403012176229,0.21116297692000296,-0.11316346634396705,-0.03812210521754195,0.11470937177241093,0.06088484434300351,0.19221411047265843,0.1213864674935668,0.135826477104364,0.41813189507095255,0.1922249782105776,0.16372493634732518,0.3374889004427565,0.15990901438801447,0.1574735461366154,-0.10654542499106594,-0.09638366506112904,-0.12432022723327874,0.05028293345635492,0.42171138595545715,-0.2833580394438287,-0.11609244694401549,-0.20657790036885437,-0.11492317029999372,-0.30913284678692526,0.1451293758081258,-0.07815825760027485,-0.147629724582536,-0.06853459984362295,-0.19421532188750865,-0.14447626540217784,0.02978609277548697,0.47347105317952565,0.4468532772446121,0.7244058854789103,0.5242977041406047,0.4502549631830757,0.5341034594712403,0.4325852460056487,0.5006162698328149,0.1894741014463063,0.11392516431318588,0.8572596033151269,0.7547582465189333,0.298803629081894,0.14219523122635086,1.0,0.8975338732813215,0.22341910028981316,0.2198144801288368,0.009765768392934308,0.23574419861846166,-0.0018719845881833737,0.041862928638809804,0.4349388099047237,0.6809679958763882,0.4394263078047858,0.38001791034542814,0.4173964500807581,0.40282694981507255,0.5911852627296166,0.7185814422902986,0.46664319263489795,-0.23281795070598724,0.6550774600205328,0.7101179405582365,0.18028061779072094,0.17995460202684135,0.031325136506450954,0.27567536706660545,0.3597995892064341,0.30389611017807827,0.42408935687397836,0.25189017588349855,0.5408187154408718,0.5774150261990115,-0.3400535776987335,-0.12626407606386486,0.2707723959999392,0.4262378140836928,0.12816873554700411,0.25313396055831705,0.01996537184739065,0.3218523890511343,0.3414167670821027,0.3735031620760075,0.026099341004790267,0.03052628507441367,0.4579377457204841,0.5761215820837264,0.6688781301266159,0.7115288331638353,0.015665470662802602,-0.04008891958065695,0.16852799560688417,0.39433210822277515,0.4376871390983456,0.09953369922045933,0.344298452199213,0.7366100282811597,0.7615350669973417,0.059016951052720715,,-0.010219633637977735,0.5731580281621044,-0.5811832113815023,0.13172638296368686,0.412478858192859,0.47931473321746837,0.4546096216825925,0.43077878698141037,0.5901201585148573,0.3850788644058601,0.31843038212882235,0.41247549980170456,0.4447534150811725,0.3570737431356949,0.48188423421176085,0.4447173308041149,0.2303341328418801,0.08446577136400206,0.5698149289142247,0.5883458496098107,0.1630157133517953,0.18274748799499907,0.42395995405866604,0.4319000248477391,0.37283995482611015,0.13256807952191904,0.314227117712238,-0.31734326333169854,0.20382225500756038,-0.33059510285551497,-0.2873118829045063,-0.21727927563798394,-0.2253831602731554,0.18791459082948678,0.14199518941472822,-0.10641346881393941,-0.2304895984658907,0.009354965196680068,0.16226511051836895,0.3489959655294766,-0.05353999024043608,0.10943903651656343,0.26059899684588717,0.44910900074862475,0.3959057012433058
Lingual_R,0.18988158047406703,0.22884629264498543,-0.15022752156281444,-0.13781829399030612,0.018239484657359504,-0.005848048591241342,0.1655874348852732,0.19365987051020167,0.043565744096148114,0.47977218944534283,0.08959387490609089,0.2369060388048637,0.360112156537253,0.1508023837640657,0.2656645583168975,-0.06039535513937455,-0.16550068127370202,-0.21679070686276614,0.043256639424884745,0.41394805228597825,-0.25897751827260945,-0.06491386416568182,-0.22272726163036777,-0.026603438462644628,-0.29981437072298306,0.0694554717771863,-0.14678184069874142,-0.08054376989340456,-0.15428487942659672,-0.1318376387416834,-0.2507083471014207,0.0639468642628675,0.43667162451618696,0.40972646036219657,0.7780743707924778,0.5154164596083585,0.3725420938772372,0.6177184960092768,0.4106588317679605,0.6592342937730427,0.13404301059553791,0.1289061173023783,0.8463784052883386,0.8880881848055031,0.12132051094563669,0.2942584669277382,0.8975338732813215,1.0,0.36259011048062334,0.0074769050736503495,-0.12274397177711564,0.37734962655861104,-0.07648277899196822,0.09642158763001182,0.43252502222705413,0.8226377472155761,0.32666695829528636,0.260361454339557,0.22760487822471606,0.26820089901890626,0.41436171970926805,0.6975142843087108,0.42793105336634174,-0.4304587068423666,0.541973406802661,0.6524099256123036,0.21053513431138832,0.26730191225990857,0.02202731002564431,0.3027156532635566,0.28393298673082706,0.27283846459589106,0.5127912204696294,0.18982363127018642,0.5387632646320775,0.7464472341343347,-0.35062791227430606,-0.019254229719566054,0.2513820244131179,0.6500015113666009,0.1669558107656024,0.26729812111828344,-0.08158439930931331,0.47547124401340973,0.24691942075544177,0.4464351997534959,-0.006146099470396293,-0.038527913985466976,0.5942760410591316,0.6682900103680527,0.7535418236947883,0.8150009516062598,-0.1357208714259459,-0.23886427959061965,-0.06259129687141314,0.44586337827097877,0.2608515735001671,-0.0951971172611448,0.4646280835142688,0.7759551947558839,0.8625493182120979,-0.07261259153031073,,-0.09779737777843714,0.619635755703019,-0.5858723876459624,0.09526295431199092,0.5740329578477784,0.4787709538336813,0.4588444891718878,0.3795854371041172,0.6523253748671525,0.3978299203767772,0.42307244532280514,0.5286062131732194,0.3757721408964911,0.37618319603589967,0.4361730584196417,0.3181409571590553,0.27752189586455567,0.04475412066339869,0.6197362142446828,0.7037066239012137,0.05381224844250915,0.11123880171526093,0.4645768054289498,0.4702499273249715,0.5058686045905418,-0.0029250950032473984,0.45314809551033336,-0.3680289372026467,0.35703080694584494,-0.2610275251318006,-0.21048785627086034,-0.31330840188441383,-0.2310709758120647,0.14017424334132125,0.09290350108120442,0.016043104047116154,-0.1963590643962088,-0.0762544702832438,0.2418130473890974,0.29070228594777614,-0.06943128541932271,0.17163687402154534,0.2360233829484824,0.522071799830237,0.5203573748204722
Occipital_Sup_L,0.14151371780147115,0.19926141743683834,-0.04159036200393134,-0.10760377535861491,0.06985731103702243,0.03929751099183997,0.20386887049654445,0.24470556177330635,0.16526220106598122,0.28958119094831686,0.02719920183655184,0.14418055633492827,0.16114535143866188,0.07567169389264435,-0.0028501701556402836,-0.05873833427741174,-0.07598398157084535,-0.06873812764326237,0.15226472624095713,0.1747075814671287,-0.17225220551641268,-0.20808980987321962,-0.15740464933053255,-0.10918371995479463,0.060126226111212586,0.1741322947565718,-0.20954529763692825,-0.25161798315210476,-0.10127701353468938,0.19786379357330186,-0.12297887889046241,0.004965209734526532,0.03848195658831849,0.08408531941232687,0.17380346840949096,0.012391444728587308,-0.06193969003834358,0.20761074638518448,0.1419535550714537,0.3814438269353896,0.0950958445818316,-0.030051169634963192,0.34512957075306866,0.5069101348665819,-0.24335282932553529,0.49205676980068,0.22341910028981316,0.36259011048062334,1.0,-0.34198734715060114,-0.010571569395525199,0.43574583870241246,-0.12294851450484286,0.06408297470245798,0.3318168336359106,0.44410577062930984,-0.2170469814438758,-0.26061203924194165,-0.3267315724401423,-0.3212862307555605,-0.04918269149193686,0.09043894230029952,0.23557025080181312,-0.5967324249294387,-0.21111520801058245,-0.10856172017017869,0.07416259546654311,0.16849345178649125,0.007454622311345309,0.13231710283944884,-0.003420151846710682,0.09354871974114264,0.22207554155632242,-0.2021570750867837,0.3362392212260604,0.39932910676656114,-0.006651135883696,0.012375292100895597,0.5139416996836849,0.4251830942124294,0.0688752635748221,0.19851387307376173,0.03819698211191735,0.15237311315446211,-0.1450780309480133,0.25008173454177546,0.0394293427733173,-0.15480786825473647,0.4210771380482175,0.4278598099652746,0.4664702047602875,0.5196399953152839,-0.17378480905301943,0.010793688869954778,-0.12450259078518786,0.4250834720762171,-0.0521614060090598,-0.1647396166304906,0.1468874320735676,0.30431139381265365,0.5060964197034783,-0.2035854492896052,,-0.26971603846362624,0.4822871136348654,-0.4083705137064348,-0.012962373531593196,0.3804611231730882,0.1580110729058034,0.17810170296506897,0.07874384526016275,0.2876215422070367,0.09666413679225841,0.25854608901188897,0.4095908206629193,0.024486224981087597,0.19961801085627917,0.06212782617604467,-0.04291306679854662,0.20606215134646705,-0.027987804089192655,0.022011822548933968,0.4107439459447369,-0.36666466883424764,-0.05146525725504232,0.0795477093121813,0.0770082687881714,0.2470057962385949,-0.1779088860854013,0.3629125478902532,-0.16155191423471454,0.2669822241999306,0.05579254614633768,-0.006363139915553357,-0.09403712997826379,-0.08465070077730179,0.07230609836118887,-0.045950659792851116,-0.03702820753309856,-0.11484541298970195,-0.27374084150962086,0.24301449752241144,0.0060237617880205836,-0.06333217316910203,0.03477595813039808,-0.10608747208267731,0.26519898497658917,0.3097583974527458
Occipital_Sup_R,-0.14594452507506056,-0.21202161084384116,-0.1705803415400104,0.011593513071974888,-0.06792409956324065,-0.10813817990721682,-0.339823656060171,-0.42699335062472427,-0.20463123831509775,-0.3168012019548927,-0.05749597119979887,-0.2728878603454944,-0.23136233504660889,-0.15631121074269566,-0.02843176360014767,-0.05201775670431615,-0.1307804329294927,-0.048385069021674776,-0.03298556957253481,0.10925248849856298,0.015636528587633012,0.13215710631817368,-0.05975578221056809,0.003943463026330186,-0.09986668180340454,0.07104974928444963,0.06695095792319143,0.11471596702485454,0.1850064368409605,-0.37442577810365574,-0.02909729656384223,-0.16333633537488026,0.12403538283217258,0.02800584864876376,0.1710613155381729,0.3849610092022427,0.15518589482096648,-0.17108142358693565,-0.13082971057556214,-0.3745654445957376,-0.12394534449449518,-0.07826438075543758,0.2152823162214796,-0.12298491094140936,0.6840116436010456,-0.5326273507337007,0.2198144801288368,0.0074769050736503495,-0.34198734715060114,1.0,0.2981004830986433,-0.2928077952344242,-0.0082336534972571,-0.18156104079725605,-0.27191098273787456,-0.26079584017698476,0.41446708378164904,0.4047472562922728,0.6634944307385474,0.6264449475509841,0.5511018409603985,0.23750275322457634,-0.05091213363460767,0.47138507094685195,0.6525000643569342,0.5589747467882653,-0.18270131434077339,-0.26810907554721086,-0.13188869907704856,-0.11045918906356873,0.10740975610702655,-0.10240036880641584,-0.17642505877541062,0.2807112055205447,-0.20139281808386433,-0.33251455790787676,-0.3228553274072384,-0.2945599735253312,-0.2989160498426826,-0.3921683770713124,0.198618937437053,0.03440845315896364,-0.05962350077802913,-0.033873699250362224,0.2194864566515945,-0.007369009131429529,-0.11136254420383429,0.31989116732364936,-0.2915455679350589,-0.26991008482211915,-0.24196098132259536,-0.26070788088649416,0.4156795744154539,0.1976613372642673,0.2930979439838287,-0.20918534617038267,0.4266987296902881,0.3921278603885012,-0.2769870208412162,-0.05077634773451452,-0.17318432880468845,0.31086447750592067,,0.1267061307384029,-0.1480293931668509,0.07705689629049692,-0.08604847252424157,-0.4128165615940235,0.05094294017216286,-0.06678879392425728,-0.010147897090294124,-0.14424988658987242,-0.045649077049360075,-0.21421136304770863,-0.28763069425084703,0.0833646122319833,-0.16602652491939174,0.0913171313259671,0.21680445114931482,-0.30370918619243453,-0.024164572945638032,0.03602694661104943,-0.1585315252732913,0.317457461142638,-0.008582957078418009,0.12114799307995357,-0.03656182669483432,-0.24569150690808353,0.38685014596614764,-0.3262464594434169,-0.014795796631262171,-0.34637375775973117,-0.36648789661313447,-0.36561222318867054,-0.15401853237408672,-0.20763520796245702,-0.04204972255890767,0.048710061171853655,-0.14171775583570154,-0.042825495115283864,0.13327773837797263,-0.3995566352461994,0.08345398732831022,-0.13201987130803194,-0.16005717930317512,-0.0004124840140973103,-0.2843151371931519,-0.2836643049510515
Occipital_Mid_L,-0.024855296229016288,0.00803984010200145,-0.053923694070559296,0.08293751512058578,0.05849884752365751,0.06319155746949218,-0.16848128572862167,-0.06702395436608401,-0.1628527188581362,-0.13130227062200303,-0.22957145313392166,-0.2780449772364813,-0.18548875572337703,0.04424400892291541,-0.025056739626222815,0.0900026341708306,-0.07342502756967771,0.06328941274912343,0.1803704643396987,0.2369382648577929,0.10958381830590791,0.1536823740321047,0.041114441293674364,0.099316012847261,0.0976103710424856,0.24628552989620067,-0.07558199361325424,0.03964017528344701,0.08097908434711813,-0.06285364242303401,0.0301879732825603,0.0036395243362829675,-0.0021407608056479405,-0.020863825292029375,-0.09439860345465524,-0.032287125584032114,0.016225815947609582,-0.13959411727659282,-0.12409615719736074,-0.21493107471077252,-0.011996914872118503,0.026065444443381398,0.03323468609671448,-0.044834952939904034,0.2102013657998465,-0.20839183435219139,0.009765768392934308,-0.12274397177711564,-0.010571569395525199,0.2981004830986433,1.0,-0.07240589074504054,-0.11640134858174321,-0.0877678592343489,-0.20199807634182007,-0.13099371063133186,0.03631102217587264,0.10575371644146818,0.15501565933083747,0.06729949951893854,0.09690556067857713,0.06572129648942977,-0.17742750134706897,0.0450942092123617,0.10740055562173764,0.04792242942544128,-0.0611549356061392,-0.06989680334982687,-0.050584275092881686,-0.0064112004914371155,0.11151867833878676,0.017934885004826106,-0.17105951929482732,0.04657027969337045,-0.18842146975244922,-0.13558370985361407,-0.11528131743918438,-0.0360699356757362,-0.007936827381334397,-0.18699431429534857,0.183928966023955,0.05571429495421192,-0.033052235998575395,0.01576008653708271,-0.07807082369822124,0.12523278144914804,-0.13276494673962813,0.24117187910289728,-0.15264892463254037,-0.2189979618964945,-0.10743667647397073,-0.15393425955737394,0.2837000389722223,0.22570271485369792,0.3343237270902621,0.12272013810597322,0.26211903442581946,0.2965940235454731,-0.14798721650741006,-0.07429782130375284,-0.07539284397489306,0.1210943774717726,,-0.11157252601851657,0.047741525874374226,0.032220914825053,0.0477829409708103,-0.3006521576843222,-0.021254913813588072,-0.016653819507787774,0.01715410584793958,-0.16060558976237468,0.04080444655983273,-0.10937626823431297,-0.15584041620769046,0.05605781436699627,-0.04809779592042859,0.056334123748156606,0.14922991137736585,-0.04509533341515691,0.11708177390896289,-0.1677397069101176,-0.15654924206186593,0.015969075517332048,-0.06079376987577234,-0.0858347744046095,-0.10572528337760803,-0.14684171854120606,0.25629577077861926,-0.1956037770614197,0.12250441557521428,-0.1860220820242256,-0.10710131214855634,-0.13747789954860307,0.0116279789058822,0.013505269083157426,0.05581184608592518,0.088658767489077,-0.06060127993296567,0.06799008559754931,0.014061792563318715,-0.17015561972110774,0.011013416519553544,-0.015496210855918381,-0.048087988522148045,0.027833397778913183,-0.10756123904537544,-0.10297544870928424
Occipital_Mid_R,0.1186339138827565,0.21311876157843226,-0.04438788229554398,-0.12460116802425034,0.009520222544153597,-0.0036296118360285416,0.12244555351368035,0.28740093613073425,0.008728009626585927,0.31995521245410435,-0.07461764290422947,0.224607380119788,0.11638269388810783,0.03233540336083878,0.06060163729324491,-0.021379836616722155,-0.15583786524331794,-0.14926541427229875,0.11197515001535126,0.14025111988489525,-0.12984598410731385,-0.09120651983074088,-0.18883534816354292,0.015446682568112876,0.030995952517635334,0.07710912107933861,-0.20857512075850773,-0.18181906691923327,-0.20562516423463595,0.2587794103454716,-0.24116355421991134,0.03718099062392334,0.042199447617888214,0.05668044951253064,0.2595566164180538,-0.006804933011431733,-0.05592892172119927,0.15977012328680149,0.08978318407669632,0.40764932583111596,0.03220668954999158,-0.03035951516912903,0.32047267988169825,0.4779298365876488,-0.16455591858996005,0.4453455445713119,0.23574419861846166,0.37734962655861104,0.43574583870241246,-0.2928077952344242,-0.07240589074504054,1.0,-0.06280098842758225,0.12523701176754104,0.26859280815217845,0.49316039194419636,-0.17149216054406688,-0.1689604719273718,-0.29090461181028165,-0.2257242022583958,-0.18225516477171094,0.19922940256427657,0.17003476517879973,-0.4617385192853383,-0.09868717949434565,-0.020809718774155578,0.0875679808129812,0.20981148419241075,-0.018207728302351324,0.09520704667174837,-0.038052097574042265,0.039697610430846124,0.18590179535104545,-0.22138714665611967,0.2371715926361,0.4781623904612704,-0.021969784948425348,0.06760422573945406,0.2730842486921993,0.5021991381555428,0.12005941991341766,0.09833106851382192,-0.02575037288112419,0.25610403813180216,-0.02679078406173648,0.3472259019684809,0.12072720442678386,-0.06156210239916472,0.37895037566290607,0.4354477374670723,0.4142999990638682,0.4881976639408869,-0.16437539990845765,-0.21284335214573757,-0.15022876202576027,0.3260912977042688,-0.13582469059611801,-0.22046677993658736,0.24782426153679588,0.42244814775796774,0.4857348275059946,-0.16997577076452267,,-0.27963472401875966,0.4252353138488641,-0.352356737335026,-0.04119280752840997,0.45414917433916796,0.2072232346002234,0.21008211762899684,0.08532834807560583,0.30943134318696025,0.10964178238573632,0.344408180489416,0.34645044181793294,0.0187895549242671,0.2001544806494965,0.09956789025053178,-0.07154430109572837,0.2039821903027709,0.027184398206758498,0.14552582594863359,0.3409003967981214,-0.302121050713903,0.045177382153231534,0.028257513758567082,0.1104278827677881,0.2930334221583969,-0.15663053813981578,0.34473199477917693,-0.13667263267805488,0.29411893499086456,0.11717240890641296,0.07659282974898676,-0.16055520768645454,-0.0838654690847269,0.015433491784482712,-0.09905110578918139,-0.01746721255033867,-0.0843451046586089,-0.22148180498661563,0.20739769637530384,-0.06822075489702784,-0.06611220499162042,-0.014660273263138223,-0.1512953527410267,0.2345101730373333,0.27765793101671926
Occipital_Inf_L,0.08135920898974773,0.05806553418123817,0.003024327656905739,0.030906545305208973,0.0007094030261620455,0.014882839105200557,0.03629246040990095,-0.020297709699061448,0.06979742772030366,-0.03348548309716616,0.05051324790229957,-0.021548047254985585,0.005929560906570724,0.01716712271108965,0.004237960649280571,-0.039861539935675705,0.07752899207852225,0.11443696655617049,-0.03671613480992806,-0.13455386875565695,-0.02218168330032269,0.009242411588760633,0.007186768801137094,0.017850068614883516,-0.0009096945377413207,-0.07331955201641752,-0.009896917046258474,-0.012890303438399931,0.05767007993397119,0.11299841085641849,0.047064373830697316,-0.033077306856067856,-0.03492648689325279,-0.020921093033405665,-0.05486791257063298,-0.04958555735568614,0.05934242309416189,-0.014768794384451675,0.06817240531062532,-0.013798844393602305,0.1840888609954212,0.010567563203968292,-0.004670133426420803,-0.09470160062006787,0.10322941708281118,0.0918764879444436,-0.0018719845881833737,-0.07648277899196822,-0.12294851450484286,-0.0082336534972571,-0.11640134858174321,-0.06280098842758225,1.0,0.006908607014891715,0.04149836392234502,-0.04650213486176444,-0.03131763293186626,-0.06064310065282959,-0.02296620909734661,-0.11595368261914436,0.029536693462584314,-0.06659541253234753,0.19515724817264182,0.12391620475423155,-0.11177612318816384,-0.09554780500448554,-0.021541010771182936,-0.015548653894295173,-0.004770085633650357,-0.03087701079042602,0.02587707492808774,-0.0469987347926212,-0.05754081228888223,-0.11954157830639163,0.052967208686779,-0.04504072075624634,0.04130560368573663,-0.0456775733518558,0.10609527497560411,-0.07196360645730486,-0.0348135827165443,0.0642296968893789,0.0786641479069561,-0.15020101029509167,0.1715581053221776,-0.20438970259427444,0.18423968116281142,-0.12068446884843466,-0.037126685018696974,0.032909804381987956,0.001367586013788186,-0.0006242712841447431,-0.10685650264136896,0.01220545588989158,0.05231395799112842,-0.08411409043639585,0.0489343333510649,-0.04284679385506238,-0.007789164118834109,-0.012734160870666778,-0.011393262403416024,-0.08025314863489627,,0.1319094772921698,0.0738977720457997,-0.09719347046523434,-0.06249506969419871,-0.08073260236587812,-0.02526574305772066,0.04156412826786154,-0.015512730039443458,-0.09264181335483815,0.0031420916760626595,0.0034905100878752657,-0.07459565832531496,-0.05247305805544827,0.03959601387016904,-0.053027341878897134,0.028047853997888124,-0.06675198640938829,0.08011480414054699,-0.00420719355051059,-0.08762331255697291,-0.012361789947948124,0.10041404646749294,-0.15597408442678498,-0.08255246539165752,-0.10109220919978272,-0.038445854659771184,-0.10981560193448967,0.03547268390234475,-0.07181958528093459,0.05474943139779263,-0.06224035727669063,-0.0029128500011919405,-0.033062458660438464,0.023408496016077016,0.03401950840120249,-0.09170211206004238,-0.07265416977670064,0.08185472654983401,0.0775001808137148,0.06851755577434097,0.024063502666268673,-0.11133523595690144,-0.01682384075366311,0.058915502792274865,0.04384448337660918
Occipital_Inf_R,0.0021348395423979962,0.06541731359575485,-0.046007981999475166,-0.036552087509372305,-0.06279441329813808,0.04723492961060801,-0.034480479966423096,0.14190485529175142,-0.07744696968346361,0.13949084872962755,-0.07433136978675357,-0.004457223335460623,-0.026455054487518587,0.050618861812594826,0.0113643173604666,0.06629539564964428,-0.033893009682257974,-0.03530364515393221,0.089935270917373,0.05658310902321886,0.08987493322301279,0.03908975301087997,-0.030171765966763842,0.03948056939421583,-0.08457678972175309,0.08723207790235843,-0.0344699080977049,0.00250641249550935,-0.15956720317998002,0.01431315583931386,-0.03364643279978083,0.1282097210945452,-0.006758554772125433,0.0007038649964074049,0.03206702645803787,-0.14701598885065717,-0.0324330258021301,0.08485894380360234,0.059445620065849865,0.1557364475763726,-0.0031736738432360852,0.10538128450714848,0.042202491555387356,0.1631397869393385,-0.0780656678345768,0.24710812005813715,0.041862928638809804,0.09642158763001182,0.06408297470245798,-0.18156104079725605,-0.0877678592343489,0.12523701176754104,0.006908607014891715,1.0,0.1075477603903801,0.20140850478694275,-0.14671912319983685,-0.10953823177964803,-0.15413666663991954,-0.23755163383217842,-0.11734508099086459,-0.010562943206322629,0.04241812189637153,-0.14368655257084664,-0.08060745217571626,-0.09151981620013057,0.07746314989703104,0.11350193719184024,0.07791487696589328,0.10731833293201772,-0.05588268640721101,0.08619399393044068,0.023890501183831823,-0.08249022212571822,-0.0172330115577384,0.14324511331543158,-0.02922947167817143,0.20436881384866418,0.019414014156944357,0.1906248008813444,-0.14251182739226353,0.04684905483189886,0.04582069362300653,0.24933740308954486,0.1288356186206388,0.1398058427874933,0.022845868784941548,-0.06068176135284274,0.16096921906753012,0.1412554282460669,0.26313882110036607,0.1646329559302323,-0.019895346216800048,-0.14860363551011138,-0.08268704814099068,0.052434067994135504,-0.16676224121069586,-0.21602349721402336,0.22610523137178729,0.10966293225429967,0.17799479552607206,-0.15557618283005042,,-0.012767969361919887,-0.008696934611151643,-0.10816048903138888,0.03627799399677274,0.12894086766272048,-0.03684182942530836,-0.06590793805878141,0.08611930916878864,-0.021333461414544553,-0.0014707135477416706,-0.015805046914294456,-0.04086864302099639,-0.08012251320645361,0.10486199605847285,-0.07864867454776436,-0.07483349059325717,-0.06784074806976957,0.003381786021876452,-0.03180223079731793,-0.05464902789123179,-0.08577823814648255,-0.05865779110044931,-0.08331140715333422,0.02383631216144837,0.08025582791032404,-0.2605909407246503,0.0386951982719987,-0.12570966521487234,0.023166659621858085,0.022183540457088466,0.05947302170588138,-0.011674147747985746,0.07053398679094987,0.015078134126786494,-0.014881491787298744,0.1745617076123321,0.12194588560085448,-0.10322025555915615,0.1530394800600615,-0.015186405001875321,0.011506438285991849,0.13380967284938644,0.07071883139800007,0.14995320483510902,0.05441967524809885
Fusiform_L,0.38465534713907223,0.39156890799202065,0.2448046093862363,0.1842184240976105,0.29073030936793104,0.3314771164215643,0.6133951288749887,0.5606913588286117,0.47194854306972156,0.498300058717723,0.2586970511832421,0.3054909946472207,0.5555286758236838,0.37631794611660613,0.05737685965750322,0.10301358512530913,0.26554138460547777,0.15108933261729715,0.09811507657671882,0.2921338704622903,0.1468601482398483,-0.021802945283175564,0.10339791902329934,0.056901618043590875,0.006085415921149092,0.07046407689618278,0.3332532395858577,0.04026190443552329,-0.1354352598672101,0.20507175475802275,0.32161013396226684,0.3855280755921485,0.37487362580915956,0.4535386484535482,0.2192264798447876,-0.10952757924771217,0.2717396527168555,0.5317239949725303,0.7113459238139636,0.6899692196449138,0.5012331092299803,0.3705722916030578,0.2837926636896715,0.49193033394263497,-0.17877418913574616,0.4693177268686792,0.4349388099047237,0.43252502222705413,0.3318168336359106,-0.27191098273787456,-0.20199807634182007,0.26859280815217845,0.04149836392234502,0.1075477603903801,1.0,0.6329532090273032,0.14139294549374887,0.12641076232185955,-0.0878717041430456,-0.14408894169191774,0.11883159548903079,0.3134731910245706,0.2513711286530096,-0.3627264208939429,0.010120540915131452,-0.02266080372550343,0.3818835603874131,0.40902534275347724,0.425221008461194,0.4428534165570133,0.3592474013160465,0.5235109775224697,0.4620593972466029,-0.10342464612368586,0.7699177391435117,0.5491092712359951,0.46134132597875616,0.3703090706881942,0.5669368388157429,0.5186094714645317,-0.18005224584167134,-0.06628142807334518,0.30538391513996826,0.23876115571592074,0.08925141666717544,0.12079631360446655,0.08718894016542833,-0.22959354400474535,0.6123206713524633,0.7023722247413341,0.6538711569019645,0.6948874230945243,-0.3558578199302005,-0.09716349210214584,-0.0074033706187220626,0.2543940392650705,-0.05519303579697883,-0.19782701626155014,0.5322336624555838,0.5341145040074272,0.5692102434194368,-0.12677331024012012,,-0.14615104762735884,0.22493902223506915,-0.6215712754618554,0.26894967616731097,0.46913868111008156,0.11131398021145854,0.26759144565001747,0.5252915358455612,0.410765832871816,0.30251468528959835,0.3152330617933356,0.33799917570045257,0.42427909958161386,0.47633004819424724,0.2361246559731221,0.1389195020419141,0.38481070357394914,0.13821157637922485,0.35004825346271534,0.3873167518870432,0.01764976670251102,0.21393186615554988,0.09129213966323879,0.36436578746231374,0.44527844170732195,-0.3848896319191725,0.3691342917027365,-0.29987967010166644,0.30529114350429826,0.17478227982946623,0.22066435272325668,0.22620409251041165,0.24317128200679775,0.41860657391224665,0.23738028632327263,0.1508585234227294,0.15129908697804936,0.021862433645074973,0.637446186579937,0.18906942056367423,0.3150413395541071,0.4522963527802533,0.24664219375796864,0.6791603636304702,0.4856344004273533
Fusiform_R,0.2428398231158551,0.3394300983135408,-0.0489349990004319,-0.09544995675912171,0.047605796482746474,0.07569132809999744,0.2603134570900165,0.5000277606909354,0.042560478704745025,0.6241490523931142,-0.010973667218940856,0.3569647922908616,0.36506354405146496,0.26705760100907944,0.24352042664467308,0.058420858381003436,-0.07585211982628387,-0.14524167676735603,0.10882893588692436,0.4584217924700491,-0.08854047540154425,-0.014962874532213597,-0.0667049311412887,0.09351942120589501,-0.1937954786134159,0.00901826323759619,-0.04876101689538841,0.0067668994025616,-0.21771842723567789,0.07051567026094448,-0.1514498704600145,0.27096191223097826,0.3521124326689032,0.37973773854669585,0.5097955648497597,0.12439574469080106,0.2857156723362382,0.626454901343441,0.5103213480882811,0.834879467495857,0.2657285171226816,0.3002856425712183,0.6312917553951684,0.8773334158717843,-0.13473640068341525,0.5444263098906599,0.6809679958763882,0.8226377472155761,0.44410577062930984,-0.26079584017698476,-0.13099371063133186,0.49316039194419636,-0.04650213486176444,0.20140850478694275,0.6329532090273032,1.0,0.10669311136186713,0.09498380810644744,-0.08744013111118787,-0.055226362940813796,0.08941637688047682,0.571603791215742,0.3776847314691867,-0.6222835395961072,0.1988039195502726,0.2500253694412424,0.2968148615127556,0.38637331088357096,0.14702979126451637,0.4010331715608751,0.26605355185597546,0.39100742861955445,0.518879751235166,-0.012533689806505053,0.5394127691706886,0.862849365391087,-0.07477989670587819,0.2997317021967213,0.3380915787680445,0.8855229946909198,-0.01941627199410047,0.23939671018242728,-0.0696481945096597,0.6196087234448296,0.1587237964921632,0.41317234919990053,0.06426982241785643,-0.14069123144250328,0.8010288590759091,0.7757324292678296,0.8651197778804277,0.9215958003519404,-0.3202674185869086,-0.3758072589526153,-0.13369369844967974,0.5023891265458166,0.033834884215277965,-0.3037790449500773,0.6548341501555974,0.7102372507325411,0.8858969827536815,-0.16590313788793581,,-0.19253313317836346,0.5496676960611493,-0.6981594999519979,0.16508581955122686,0.5915731913415948,0.2427276951506577,0.34938553785346793,0.41673538014251277,0.5791187567028061,0.36421505876761073,0.390984054504147,0.45871455000044353,0.3297682694265641,0.4499277229291802,0.28245007805837724,0.15545745891430068,0.32009543257070594,0.07564799626968396,0.4622728162336955,0.573503356565274,-0.10668263224311618,0.07443192551489056,0.3002384987959828,0.3954943441536711,0.5528215384529716,-0.31812890051828846,0.46634643648200924,-0.4196717838292395,0.4304073394784797,-0.03475795452410799,-0.009673739015054774,-0.1448702734198603,-0.02698395570724452,0.17952869193997031,0.12123457505311526,0.20340005224463784,-0.005357170602133619,-0.13921029317135858,0.5107920587518064,0.18436721715081714,0.06860390284232708,0.3671841279155089,0.2577623948641292,0.670633053303314,0.5909328376568226
Postcentral_L,0.6203603657758189,0.5354204517328589,0.4145579531566446,0.5284902871528935,0.5633709907528233,0.5064245960656426,0.3645959449703514,0.1976589332518377,0.2785061559308363,0.2608970041837856,0.13620380462427867,0.043481182078234544,0.6082434839147572,0.47820975818605677,0.26588772715954534,0.17842645080848385,0.410810199610855,0.3900828459650318,-0.010052214453683369,0.2651334148073816,0.15281145766405047,0.30693983238556594,0.1039573490000804,0.19671838487134966,-0.22816647301653212,0.07835540845674929,0.3839280233993486,0.27898959086517144,0.02616368342018166,-0.3401459778276853,0.38708262257188497,0.33554071483700654,0.8258342309706589,0.7931426706559059,0.6079086091649951,0.5892947716909667,0.6282676476913701,0.5234924991950579,0.4303903171917711,0.22576753073131045,0.3640736855244097,0.4432467666840252,0.19984094354300536,0.107280948858974,0.3195586395798071,-0.30920547450668245,0.4394263078047858,0.32666695829528636,-0.2170469814438758,0.41446708378164904,0.03631102217587264,-0.17149216054406688,-0.03131763293186626,-0.14671912319983685,0.14139294549374887,0.10669311136186713,1.0,0.9521718017110699,0.835092005892029,0.7413527909702857,0.6853512078108264,0.735562448167449,-0.00922732690344294,0.30655920204473347,0.7638781012906054,0.6966009586202954,0.5059361178957289,0.4114954829049171,0.38029232016829023,0.44491500432143166,0.6805255178718395,0.5364236194558678,0.5706539973868618,0.6089453117611924,0.33981116732828087,0.24018834110591628,-0.06208597441270136,0.12373623014029744,-0.11080359760034834,0.047428052044096,0.10793088282611234,-0.08437994048268116,-0.0037261143131735856,0.27655672580056984,0.16045525470916708,0.05118898666426071,-0.13659442413862727,0.20250363551445544,-0.001544085388457524,-0.0425088083966097,0.043203150089453614,0.00201961227131316,0.2415787102739569,0.11648068218137322,0.21397431528250033,0.04090027006015959,0.40226632313561006,0.3432146149327085,0.10201592320766838,0.20538588129673374,0.132226591035951,0.14579087910585664,,0.2269652320957005,-0.06557245905449975,0.13548934113006267,0.45771050381108347,0.20921384198823959,0.5140089636806134,0.5887825060931451,0.6624293993359528,0.5535614157204342,0.6206848990415281,0.2921839605983731,0.3200532532721473,0.6916516236638931,0.38245455822207347,0.663942987978366,0.7112917827230747,0.43394543271601355,0.40667255718518586,0.6084863539677956,0.3201052245508074,0.5079733215190748,0.35404844272527475,0.41422907921617963,0.5181491259003487,0.3940027668426294,0.40718645479272564,0.2108420186575335,0.11122017847703446,0.14370962517385868,-0.20840495555958108,-0.11312762025061741,0.18660413978408485,0.21940060286801308,0.5749883053680017,0.57314409665734,0.18293869503855587,0.17086687576681597,0.49480308801445166,0.18236072273875903,0.6403847806715595,0.390638322446937,0.3983992202249676,0.5618580248526313,0.351466324739132,0.36894210165935576
Postcentral_R,0.6337387118445661,0.5800761530738039,0.4918132022602338,0.618599256764885,0.6118398419351143,0.5781136873378658,0.33238345598676744,0.29568377980370647,0.18478951281242528,0.2822501910226027,0.01665419355823676,0.03738752733094425,0.606378021172043,0.5892285746101458,0.34869616159986894,0.3397418723769212,0.44484697571520504,0.45036120983515404,0.0941423800440846,0.3160837239748275,0.3160690112215249,0.45116541658163745,0.20499453967320383,0.32895263574509603,-0.17059207213777286,0.11463762781156774,0.43543854838025986,0.40503083713033755,0.008455048777928484,-0.33069086973453865,0.46727044013692665,0.48622444928615755,0.8463779860536913,0.800143968287749,0.5743333665003884,0.49528461827321824,0.6379633958493653,0.5569010479288333,0.43984528721127447,0.25458802984665785,0.4019447539812552,0.554895389191478,0.10456081773483174,0.08675779456477,0.2839266746348621,-0.3020811670489488,0.38001791034542814,0.260361454339557,-0.26061203924194165,0.4047472562922728,0.10575371644146818,-0.1689604719273718,-0.06064310065282959,-0.10953823177964803,0.12641076232185955,0.09498380810644744,0.9521718017110699,1.0,0.7572365756672336,0.7053787192320817,0.55727166856686,0.7456490840325447,-0.06684097604409427,0.3298306844916964,0.7341958168310528,0.633874509164176,0.5815223035895485,0.48885452620099457,0.46959261601873237,0.537548985934046,0.743063455922744,0.6230655970147259,0.5876385155179267,0.6303185924724526,0.23731167307729198,0.25476494673441974,0.0017904341021479622,0.28431610207959684,-0.16320303649102721,0.07099031348289322,0.08430134397248847,-0.13562953686422988,-0.03532304360883819,0.3566011690131652,0.13433925064643268,0.03462701123367693,-0.1610347282502564,0.20485406437028703,-0.012427438670791834,-0.0868059256877734,0.00976115476689853,-0.04519366872650517,0.227658780030583,0.11579023419965337,0.2232651877295045,0.009318269947465452,0.3734364639050719,0.3494888938769477,0.13740629102391155,0.12404365666218806,0.08748594621393421,0.22365167757356272,,0.17105245432013133,-0.1417960443992977,0.17008109752243397,0.5579423623062514,0.19391588066805177,0.4757180548802979,0.5837868368541295,0.7069387884819439,0.5305085107964607,0.664325318807093,0.3283239011031512,0.3041880390586291,0.7233821366127053,0.4034882271000171,0.6561842445688459,0.7217916314606029,0.46782197769797995,0.4517030596977847,0.6294190106508559,0.29300369710703356,0.5340419743450154,0.4237893497855996,0.4101804239500487,0.561973090457389,0.4487975416203897,0.39068958891519684,0.23388286838886999,0.18621126998495618,0.20140852430201933,-0.1360919247672785,-0.04811227699018446,0.2523424643389925,0.3440807730853653,0.6123408490646172,0.6398615981379812,0.3310696535175371,0.34712086935312414,0.5586949043146721,0.24548830190226748,0.6510095524603038,0.4695680294396774,0.5036749408960823,0.6439583208080509,0.3856255875319902,0.3816100286306479
Parietal_Inf_L,0.23745483887232233,0.1383706715284854,0.07148922480037262,0.26421460527873675,0.25441240769870294,0.17148715073312198,0.033219327387727156,-0.19062041733225482,0.1221436124573677,-0.019190502582731524,0.20975798575669138,-0.1363920097366593,0.18065790804589918,0.12928979129171858,0.06206229900238881,-0.0793943961313203,0.13783394977118718,0.16589434145646192,-0.12980422397010277,0.16726659911673816,-0.046214762268712024,0.14565647337698762,-0.05494712921863547,-0.01718609991879823,-0.323961618102897,0.023132241623951433,0.2084390441258777,0.1325842495112579,0.057149265931268116,-0.48472142697336756,0.12855128669252355,-0.020100925638945777,0.5495807296682481,0.4842510974698521,0.430132523108732,0.6502766884191286,0.40752636578092927,0.1362833733109475,0.08840315489602432,-0.14441103619506002,0.0921329220347765,0.14251516246229462,0.3079548048778809,0.00412965094724902,0.5741838796285688,-0.4997323737374456,0.4173964500807581,0.22760487822471606,-0.3267315724401423,0.6634944307385474,0.15501565933083747,-0.29090461181028165,-0.02296620909734661,-0.15413666663991954,-0.0878717041430456,-0.08744013111118787,0.835092005892029,0.7572365756672336,1.0,0.827347315160103,0.8486690725815639,0.5989293699997812,0.030833062516346876,0.5068080204247902,0.8402481535360478,0.7592323394542109,0.1027256654020577,-0.025705263033328863,0.040208369584652084,0.06904813909074442,0.4021881348662654,0.22759291763060385,0.1914795673576742,0.5582667606032952,0.09783240478729506,-0.08459873789410072,-0.329940663938488,-0.20734545280293895,-0.26232286981460345,-0.25688616746110315,0.21365998859107116,0.025838019986967473,0.04688672447555428,0.06087525463115969,0.25270682223529656,0.11479854226268925,-0.13104466114630114,0.32644919764680025,-0.20604098852909344,-0.22711022946352255,-0.09857044360307056,-0.12781196337439496,0.3532599622866173,0.15982591091762757,0.3204806769114699,-0.008196161720398358,0.4822687166560688,0.4616836734434243,-0.08573875969410698,0.13473639517619537,-0.017991050123415966,0.26166958482089586,,0.31447906473942117,-0.06943674376539724,0.12259493298885954,0.21405161291999955,-0.10173109236493033,0.40101774395411577,0.3049580317687864,0.36811218457434486,0.26849969329867873,0.3234675437551876,-0.041469380897863804,0.016114661262858043,0.4343949642897521,0.06431007934129579,0.4560428518311257,0.5555776221728788,0.060433724291821644,0.17884268507734719,0.30685804627696867,0.06612408274789726,0.5259637242426447,0.1958023034462418,0.28933776777839176,0.290217300779104,0.03274746706701585,0.5397491436973041,-0.10150024283585439,0.020435630802650262,-0.151698916144333,-0.4539538783093016,-0.35532409935799675,-0.05609235539256364,-0.05089139005545188,0.2688903806682015,0.3169943703187105,-0.1029647444081872,-0.09146853389763006,0.24796594344691728,-0.19709832233779903,0.39723403986473266,0.06009518887041147,0.08603933760450172,0.30515688806755475,-0.002442740337602665,0.029342924972247386
Parietal_Inf_R,0.06635807590524559,-0.053686480263624804,-0.020179026721830536,0.0818811682145548,0.13642826768204147,-0.04795611425621017,-0.025875692336898525,-0.2748273666790737,0.0008135672244003692,-0.12949238487317816,0.22997426736658494,-0.07707797970985926,0.12415874502107267,-0.005259338137943689,0.03294521011377185,-0.14192867561148864,-0.020288651111230467,-0.06288649891251616,-0.14175813784511473,0.14703659014616594,-0.12924609254528133,0.10071759450426497,-0.12949663743957965,-0.06771920255829711,-0.3011005384052128,-0.06135960808576671,0.2631619993842175,0.18479371277331244,0.07868970308682191,-0.6275695609455665,-0.04967266902933697,-0.09690093555208674,0.4131139172209758,0.35983709217330523,0.4205538647523108,0.5539304016897247,0.2751134532378364,0.11531355358901657,-0.003984473432434892,-0.142440235108748,-0.14777985281668016,0.0011223824420592454,0.270262357394557,0.02874386764650687,0.40691321766497657,-0.6046113265529476,0.40282694981507255,0.26820089901890626,-0.3212862307555605,0.6264449475509841,0.06729949951893854,-0.2257242022583958,-0.11595368261914436,-0.23755163383217842,-0.14408894169191774,-0.055226362940813796,0.7413527909702857,0.7053787192320817,0.827347315160103,1.0,0.6610776772306378,0.5720823330153588,0.03613124117468644,0.3878521119811862,0.8418775482876312,0.7384375357008278,0.04294568363334964,-0.08721684676608372,-0.11864637659092962,-0.015872595559207024,0.2536662680574023,0.10181469520990578,0.21291860570302837,0.6354390986242775,0.011280197400124889,-0.09405705412756231,-0.41517091874240947,-0.22685370837343996,-0.4334976474156681,-0.16472983184122003,0.2138597308802043,0.002803076186633174,-0.12804641214593504,0.20056904055796906,0.2156301506953014,0.1539243076705174,-0.14427178379750613,0.411009538971235,-0.16341061770460774,-0.28498347302789584,-0.08130927193234952,-0.12392783753761127,0.23412756225260126,0.17320211077591663,0.13331614807445238,-0.04679204485573003,0.39645404757199093,0.38264796665941947,-0.017266972322726826,0.10972652882118239,-0.03198271973302451,0.3112259979130729,,0.2703618050966526,-0.006251675703871286,0.18359331262806564,0.20993471027569338,-0.004829095462026818,0.2700462239136791,0.19206188674490232,0.2352731628142783,0.31376078774459754,0.219062464063237,-0.12515700779041145,0.02869981818193983,0.31293946065269224,-0.1249093947039873,0.3617372522076551,0.3563097597680559,0.03396549172740929,-0.01394371942750264,0.38558386985192755,-0.006136116010351586,0.48512508807580007,0.051550045406722526,0.5051543837360253,0.27114624308628327,0.07427686455689884,0.39294987985759566,-0.062111974858675395,-0.17346797144838735,0.0014969152563531942,-0.4808513104228682,-0.38798809907167553,-0.13667635166726838,-0.11922112351135995,0.04900262017573342,0.14370615800349548,-0.10834857179986246,-0.12760214038089174,0.20614271159911,-0.2935050114425067,0.27205316599995943,-0.07399692666387879,0.10144794165203855,0.2656241571570876,-0.08536503171901824,0.018603637362263784
SupraMarginal_L,0.2435489941475666,0.14809279417455964,-0.0022970335014779117,0.17852670675000765,0.2369075756940024,0.1390204443848185,0.14173344568042992,-0.1768956418849132,0.3141292433379547,0.08802785887945648,0.410386617242023,-0.07429640023441435,0.21946468302247357,0.10607419578609686,-0.017207045015195346,-0.23903657279149734,0.12309392059991213,0.1377315804380871,-0.15427908182945202,0.1965586476208355,-0.2324917930063036,-0.07022204529902681,-0.1266057193649149,-0.18444591193241688,-0.30117710620410526,0.0639152726710446,0.1259259073935096,-0.06800907210733172,0.11028820760114132,-0.4388564992229426,0.08538187315650204,-0.13238622094447544,0.4723801174116059,0.43482135523432003,0.4369511891613786,0.65526339279056,0.39016243407799045,0.16077313872177817,0.15406543407187195,-0.04734285223032406,0.15090572002664748,0.06508038032547296,0.5679673691836196,0.22307314465167555,0.5414105804430221,-0.34306653730019215,0.5911852627296166,0.41436171970926805,-0.04918269149193686,0.5511018409603985,0.09690556067857713,-0.18225516477171094,0.029536693462584314,-0.11734508099086459,0.11883159548903079,0.08941637688047682,0.6853512078108264,0.55727166856686,0.8486690725815639,0.6610776772306378,1.0,0.5419778643815518,0.2726542955246451,0.29144595183359595,0.7527780384616382,0.7160352523647886,0.0605167362613994,-0.07330177305686332,-0.03200828030044269,0.041108042872558447,0.3631277320788838,0.20332489085156538,0.22373798613101864,0.4920637925957043,0.33051417996785876,-0.007833490047651562,-0.3588018166263213,-0.35212815782454626,0.04491591142986217,-0.18509754686072102,0.23190772184686403,0.14886142903080216,0.22084167563930548,-0.013015198174736167,0.26729041580866636,0.23249785196867678,-0.09907794347673891,0.2781158577240006,-0.017884736293978645,0.023824852542006787,0.14438171089646967,0.1534237076674843,0.2622495090760872,0.23821153758952737,0.3458161230642944,0.2181400257635619,0.5700212399550978,0.48362429364266657,-0.03213954026143768,0.3110576150428384,0.2017054354277486,0.2172261617671918,,0.3356956231954736,0.22378983685326057,-0.14021122905803532,0.09715225321490076,-0.030835510585764312,0.36738425869027563,0.3038021524083855,0.33939095011107323,0.3225840833001607,0.30036838391762344,-0.023900286798114217,0.09368263244016904,0.44530851178823755,0.0949946461059331,0.46510598437914874,0.5353350508489936,0.07972861303661187,0.1650123491424368,0.28807891769729416,0.20560100183383043,0.4215961841551479,0.15970480562821765,0.34226900720017495,0.3265707900023922,0.04941839874281074,0.451798775073651,-0.07711720372110516,-0.11118105161868552,-0.11743926648969374,-0.4603141517332966,-0.37492104208517923,-0.10917565410619007,-0.1346910323679008,0.24132122354497776,0.2716876600966903,-0.2301397106116079,-0.26905981105632104,0.11437807604061584,-0.17500999320877858,0.38345139602950146,-0.03946268523134989,0.018999230113259578,0.22387022445057955,0.0795450565804992,0.057815853231591725
SupraMarginal_R,0.5180787309454105,0.5169876210033622,0.18668251773633526,0.27080423395137554,0.41081408130284564,0.34693150749469553,0.31310624556819716,0.3598827372674376,0.11443098096757368,0.4830003922188119,-0.014460227403916729,0.1036700740270636,0.5468049649151107,0.4560481225484971,0.3673347054244832,0.1668006141542329,0.09628156285624477,0.11484700038038215,0.15868101855307434,0.4236193167713823,0.011854295271878503,0.22587433894450987,0.00038885943214476883,0.18183724516850755,-0.3111013686760807,0.14043418094400623,0.12217926524050533,0.16973471725513667,-0.1839702977213648,-0.22419850668170163,0.049804814282148835,0.3292387192770331,0.7661920471376007,0.7330446715522928,0.762683570081393,0.5259575959557492,0.514692114478452,0.6229412760645193,0.43111367988903454,0.5375605540838004,0.28606418694494384,0.427457075407056,0.5597084272070424,0.6006493726332809,0.2907649318359478,0.09313638040758361,0.7185814422902986,0.6975142843087108,0.09043894230029952,0.23750275322457634,0.06572129648942977,0.19922940256427657,-0.06659541253234753,-0.010562943206322629,0.3134731910245706,0.571603791215742,0.735562448167449,0.7456490840325447,0.5989293699997812,0.5720823330153588,0.5419778643815518,1.0,0.24503184745637446,-0.06818493816754967,0.7176048864527805,0.6933664636759629,0.475685195572614,0.47834647677827724,0.2671902096463657,0.48794170650288543,0.5892417834694321,0.543350597524932,0.5932219460525662,0.40257544467970385,0.4232689115232816,0.6498231053347453,-0.23823492824080447,0.17622277270936257,0.046404196051266805,0.47416120043240967,0.13091831257246136,0.033445256667220626,-0.10871613667201883,0.525983435282128,0.2846858135443682,0.35652942280696975,-0.014742563361789172,0.14162153937857844,0.3675879726333461,0.3038146101537358,0.4467729619871853,0.4691770392414145,0.08028345559646606,-0.12444056017706198,0.10576452264185428,0.3022300186291934,0.33125097037980916,0.12679807993583417,0.37895786067651205,0.5016147057984336,0.6181281494635027,0.10701575085735383,,-0.02049972252627305,0.34363664736661265,-0.29538263768406425,0.4092047748600002,0.48783036431135707,0.6367585993466928,0.6732720040817975,0.6743705703610827,0.7394964563814524,0.6431646882991722,0.4511102224378919,0.5023413480989204,0.6367550173937425,0.47865131675791994,0.632122476890062,0.6106574759419019,0.46813319984417906,0.3090652880068522,0.6295692342454154,0.5299326733821282,0.23619858909482083,0.3306631447420486,0.42372809010111945,0.5529950874858053,0.5329061477837442,0.21980943058733765,0.36670684267243875,-0.0910490821872043,0.32162249272587606,-0.2501038483898599,-0.2239876273427618,-0.07308808045236966,0.022682660160761033,0.4474030186732587,0.41862534032077164,0.1944370449147657,0.07973669613860637,0.2180676653301252,0.30096299619359457,0.4877537796963093,0.21780498373933882,0.354861201962817,0.4710324777913821,0.5123348462139498,0.5517360007342252
Angular_L,0.05127326960343934,0.04996821763509505,-0.19553112344997997,-0.15393949022222572,-0.02099771851890642,-0.08566604025177388,0.09093375127752007,-0.03478916602807446,0.16071107624782283,0.16423694119309054,0.2625861334725788,-0.0006606681973112536,0.08694415684586346,-0.045342253132139125,-0.009153360395430684,-0.2803422536322713,-0.13397815399668245,-0.09690210465664344,0.03983953586098517,0.1466493156652047,-0.41390811726243815,-0.32903966343255336,-0.1597491578609491,-0.3163752709647307,-0.3916789938119008,0.041960946684129044,-0.23999711751379604,-0.2720767205965466,-0.14617831464975112,-0.07490175712868764,-0.22826244313521862,-0.20027136704571985,0.04981520001522556,0.059099644094479285,0.20661868006694079,0.12176803337596502,0.06917080365266427,0.1007134075628998,0.08792518656394324,0.1822118123667306,0.047129634418365665,-0.09185975515151579,0.4990772729007942,0.41264741952818434,0.090599335424121,0.20964358219536944,0.46664319263489795,0.42793105336634174,0.23557025080181312,-0.05091213363460767,-0.17742750134706897,0.17003476517879973,0.19515724817264182,0.04241812189637153,0.2513711286530096,0.3776847314691867,-0.00922732690344294,-0.06684097604409427,0.030833062516346876,0.03613124117468644,0.2726542955246451,0.24503184745637446,1.0,-0.16624062461813308,0.10271059578717803,0.13972437015723824,-0.04254539852502614,-0.05296880502744756,-0.16696153557783505,-0.039234200858459745,0.012240752374291354,0.01960719251247925,0.08709434166309352,-0.013531939990149967,0.3236264989686724,0.24393740686851337,-0.2871333637275593,-0.2541926820035327,0.23624238537531297,0.17385555006553244,-0.04265695673490416,0.16292894342404043,0.015113696526102137,-0.003224499710176314,0.37159930048130896,0.25670787148362173,0.29495447922081597,0.0154830908916983,0.2941705597784923,0.3465669769838483,0.38453317369778967,0.4879111851562789,-0.15845830830270605,-0.08379951452041648,0.006955027953205834,0.316250988702091,0.11642695887005033,0.0063242052744251695,0.23211948941382826,0.2884485831691855,0.45966492076391113,-0.0014327205544166785,,0.13486204795570741,0.5457590674452326,-0.3871356920037124,-0.07594149950730604,0.1507656588995774,0.1379067143738967,0.15290247823486575,0.08649989830844211,0.23621120880241792,0.06995008088927746,0.10509074227078968,0.17251576992875334,0.08243675436266772,0.06675277678173216,0.0966622923234293,0.07381639232794432,0.05576278567316543,-0.09073815614191479,0.1290204813558075,0.2407222899000684,-0.08159673287430447,0.0862058733583409,0.08747553416427407,0.09701688265021198,0.057130984631849895,-0.045199447641999485,0.06188014680155355,-0.2767423853553565,0.07539720630269177,-0.19492395748893088,-0.2999454815439723,-0.2011865334934735,-0.34657532400301955,-0.031817670231117944,-0.0618354390363253,-0.20927478981566228,-0.3446080682450932,-0.18501147801944784,-0.005463752135470329,0.043967074077021995,-0.2120696589172579,-0.1413051982992496,-0.06726296846773322,0.0886181182284028,0.1389001198409919
Angular_R,-0.044157255667634336,-0.13119257612420046,0.13821718773274663,0.2523950834925938,0.09921568123990969,0.06274548645699549,-0.13501291645149893,-0.34968982838901436,0.037979395957292876,-0.30251969180517246,0.1417934404277461,-0.16569538125732475,-0.15256062258766823,-0.07260121221397534,-0.07715399482438563,-0.020265246320003788,0.19989938196665696,0.24537121317937804,-0.175838005703048,-0.2747905896628159,0.0976969433174557,0.11799923823861294,0.09511448145057054,-0.015242483570150962,-0.06483309243579065,-0.11809195345602819,0.16224386695468088,0.12671199212584194,0.07372647199630067,-0.2190857123694383,0.2237256695329729,-0.09751940356317715,0.039934177368432126,-0.01664816800721184,-0.1323830433547385,0.22737313244778323,0.06657855689659638,-0.31150301788892093,-0.19945135131218647,-0.5537568839432145,-0.014872057100549462,-0.036336839837719515,-0.29229099064246106,-0.5992682466333258,0.4288961698201961,-0.5552556828856957,-0.23281795070598724,-0.4304587068423666,-0.5967324249294387,0.47138507094685195,0.0450942092123617,-0.4617385192853383,0.12391620475423155,-0.14368655257084664,-0.3627264208939429,-0.6222835395961072,0.30655920204473347,0.3298306844916964,0.5068080204247902,0.3878521119811862,0.29144595183359595,-0.06818493816754967,-0.16624062461813308,1.0,0.2832660334411898,0.2057276393131244,-0.11904263769121666,-0.24729251053483473,-0.02069699750702806,-0.20586904201798895,0.047991881888821676,-0.0638412870700094,-0.2792581723460614,0.2602946276048515,-0.31823129231538266,-0.5723173844923473,-0.027795765213549702,-0.18976768809510197,-0.3927925294514606,-0.68686896510431,-0.01834829516414578,-0.1819715601168674,0.11359218807150412,-0.39756282199388887,0.15770863019082748,-0.2448081038983179,0.024187197352810753,0.1460423067295521,-0.5961440272659418,-0.5351652066152917,-0.59925886582004,-0.6192770980187485,0.3763074401406372,0.23517510139369757,0.2624881265754383,-0.3801286308373578,0.22140288101147082,0.439646766750291,-0.3722182766427693,-0.3676680109159306,-0.5839978539124114,0.22711065115450388,,0.3567305852796652,-0.504918682452385,0.46582333254015396,0.0373796631252078,-0.45300187668244596,-0.00012543192616580406,-0.11107254519562643,-0.05111161917051508,-0.2821700607157907,-0.08152311339892816,-0.26644875723089056,-0.35604409152499195,0.002794635429409562,-0.24513748408711042,0.020482700638102615,0.17916675510883615,-0.23619012901025593,0.056205179629299946,-0.14979550288922838,-0.37738548958396034,0.4223352901515185,0.07356092356428241,-0.17036923499953574,-0.10750046069062626,-0.3251915208214519,0.40263837240417805,-0.360602456802833,0.26517272316562207,-0.3451559591879447,-0.08316463514227185,-0.05273591632787191,0.14356532468920452,0.08980409959405465,0.01353899287043762,0.10885725993881343,-0.07396590410068603,0.0332005254107656,0.22219102416059536,-0.34543815267853173,0.055877701571479664,0.04119525630650783,-0.14776132860388144,0.07075376712302554,-0.38952080290791735,-0.42069875406008805
Precuneus_L,0.1326671650159612,0.0812172680406905,-0.0527942531578649,0.1309143402960226,0.10983428809525488,0.052031621656410565,-0.09821869158318727,-0.16970895683934892,-0.09329896536520944,0.05044629951624624,0.09956731372147723,-0.04847435141011767,0.1745199862660831,0.10571218685457578,0.17323644011388542,-0.012939775249557526,-0.03708765729800259,-0.038207610467031194,-0.05730815373731139,0.3753289667303297,-0.050791035535343136,0.18468446735669464,-0.14216635289802831,0.038431181505868196,-0.33777124683707654,0.06214431204288497,0.15783098600493023,0.18180973766512176,0.009936531771762932,-0.5496756735429943,-0.046188676340387924,0.023601394485963878,0.5668396384041319,0.45898816136849135,0.6878931271569966,0.6945012683653008,0.4470706520791865,0.31281948958996464,0.17494396103354595,0.06802848684705676,0.0229625871782132,0.14012306117495493,0.5520897828572991,0.30802018898421396,0.5590930718315285,-0.3952653020691827,0.6550774600205328,0.541973406802661,-0.21111520801058245,0.6525000643569342,0.10740055562173764,-0.09868717949434565,-0.11177612318816384,-0.08060745217571626,0.010120540915131452,0.1988039195502726,0.7638781012906054,0.7341958168310528,0.8402481535360478,0.8418775482876312,0.7527780384616382,0.7176048864527805,0.10271059578717803,0.2832660334411898,1.0,0.9206398833897325,0.12649129681445667,0.04482417355170363,0.0013306422340724942,0.164598508530614,0.40935522737027974,0.23189977102329407,0.33192410647562387,0.575658768768684,0.1358165195282081,0.16085518793784473,-0.4539241169814869,-0.1352673755926389,-0.2609363145208447,0.007678563312787235,0.2216549874551132,0.10305217103241009,-0.058106055427393444,0.30040268503688283,0.28849933770954117,0.27220933509740725,-0.16815079825426335,0.31149360879670906,0.006612494787927591,0.008590161014368098,0.16158372031375678,0.13907525757638475,0.2767934077386519,0.022483800187249516,0.15265302364900313,0.07699692227003423,0.46303680600833813,0.31257361896869273,0.10670104380295979,0.38874680282028334,0.2505720196942171,0.2741062092023589,,0.22198777677784348,0.08961164379155809,-0.05783362132528746,0.207154065346268,0.09695003486794601,0.408280568127289,0.3421339917049319,0.38671334400420215,0.3879596412632259,0.34601559707874596,0.07696861370163366,0.11132174830566752,0.44373334411733745,0.09655115060199439,0.47102263819083046,0.49543852278412054,0.055022785474732515,0.10068660991910708,0.5275066801113792,0.2549621689666256,0.47460889223963626,0.1365574739138443,0.45747119170408174,0.40660639285821987,0.21003556437123683,0.40896926186852584,0.04515317275003592,-0.16042855635032632,0.0001570964572540337,-0.5088746641876238,-0.376433467564944,-0.20981907885958528,-0.1317455475912404,0.18212623892142585,0.2488122520995405,-0.020149733830192577,-0.05537190520866502,0.19754104349552687,-0.14946538642686116,0.3804158700715057,-0.010630048398493729,0.15368927335734686,0.33293647390329023,0.1168568081306212,0.1501276941276963
Precuneus_R,0.13766878900950066,0.09914868131706447,-0.08703616045322726,0.04465556292283613,0.06602251551079989,0.023323158376302167,-0.06711452857432446,-0.18711280302394434,-0.055534434461304245,0.10913416968885985,0.08155762599364216,0.0031186073482230574,0.2069497651221139,0.05045897040164996,0.23247960005684526,-0.047792410274146255,-0.08656887471674232,-0.069386594172272,-0.11509462106012358,0.2650777746370463,-0.1550170890533435,0.10108783498088164,-0.20403568651571877,0.014485860875061663,-0.3028426181947719,0.08702589670198882,-0.03581800834346883,0.025771871858991643,-0.03757567625497108,-0.369122722367945,-0.11577089023133527,-0.05595922379997178,0.5231946209034588,0.42158902590974423,0.7866458331156673,0.8348395638070975,0.48384719245357366,0.3690796633068342,0.20115701557677623,0.13621406455287968,0.056207268221808944,0.06282550157336292,0.6265790977237864,0.39381007420733494,0.5419993211369349,-0.2695224702462331,0.7101179405582365,0.6524099256123036,-0.10856172017017869,0.5589747467882653,0.04792242942544128,-0.020809718774155578,-0.09554780500448554,-0.09151981620013057,-0.02266080372550343,0.2500253694412424,0.6966009586202954,0.633874509164176,0.7592323394542109,0.7384375357008278,0.7160352523647886,0.6933664636759629,0.13972437015723824,0.2057276393131244,0.9206398833897325,1.0,0.11091725773063785,0.08033427470720017,-0.007587826961573559,0.14210516793362554,0.35013801589103494,0.1440109195734004,0.3226089495906941,0.45544329460948996,0.22260500548289536,0.24927673016562482,-0.4564063619425974,-0.246075697434455,-0.12669522813756495,0.057658628000647194,0.25220806475011426,0.13188152720794355,-0.039888131368724246,0.21882822402540128,0.28981914042793655,0.3009981292251538,-0.09345116234684923,0.2670162759377236,0.03743009973079998,0.15501475060516748,0.18712258161550904,0.2250794556154507,0.28434884181349196,0.05180644772508212,0.18110215541903502,0.16884929031606977,0.5208054139428546,0.32862195229052404,0.03428468901223203,0.4757771845263352,0.3461416943328758,0.20035783742185378,,0.095773323342165,0.19662964268170696,-0.11595408958515599,0.07231987419186504,0.1697595024458061,0.546538935778376,0.4424169581870346,0.3121395105054942,0.43656636039996766,0.3654773869089789,0.2449275351099623,0.2859336639188982,0.411839586166902,0.19208799677930966,0.5283698287437442,0.5298118152957835,0.08902275072470626,0.1305654018128031,0.5496439916971849,0.4415937003246545,0.39056606600260707,0.15962054720108032,0.40640844200748855,0.362887217970019,0.21762287373312386,0.46619731045857155,0.17212100664823396,-0.07336274249907469,0.009161706170064569,-0.4155642802350436,-0.3244832236930282,-0.2776317085811454,-0.2183993006219858,0.15984111941813847,0.2098169764913809,-0.07201751128343455,-0.17417563681446832,0.16455113117608258,-0.128791087536893,0.39339273282930937,-0.030950064463837464,0.014870825284957258,0.27666561660583705,0.15472963943109622,0.19329180724460018
Caudate_L,0.747992904224094,0.7646886316851206,0.7416446159925039,0.6779185038044307,0.7299352789965464,0.8119280172894828,0.6010812309953222,0.7853444981720126,0.32902660863027,0.5923806460090955,-0.1141653539811137,0.23386409598979102,0.8031972912624059,0.8274010883875432,0.6160295271656693,0.6926636535582393,0.6720533042675618,0.6200669519224095,0.28633080987625203,0.2671479497406705,0.5229078828486559,0.5254654820813686,0.5495394027198377,0.5971443820998555,0.15262827224120484,0.055047641596573674,0.4316656340676103,0.4682258425138708,-0.05207429949551905,0.12416631138916474,0.6896274634432439,0.8152485900721879,0.7483271296262795,0.7802164858283164,0.42562471334517915,0.05336420752673136,0.6410084580298333,0.7506476602565189,0.6715556314480731,0.6333065467576818,0.6457558764601471,0.803295465864789,-0.06972675334497536,0.20612041137474482,-0.1917971091399493,0.23134070894992734,0.18028061779072094,0.21053513431138832,0.07416259546654311,-0.18270131434077339,-0.0611549356061392,0.0875679808129812,-0.021541010771182936,0.07746314989703104,0.3818835603874131,0.2968148615127556,0.5059361178957289,0.5815223035895485,0.1027256654020577,0.04294568363334964,0.0605167362613994,0.475685195572614,-0.04254539852502614,-0.11904263769121666,0.12649129681445667,0.11091725773063785,1.0,0.940795927198816,0.7883469129763077,0.8428143421038277,0.7552493088301115,0.8041505390630299,0.704066674599842,0.29915608491401924,0.4117897909070755,0.5368678768644912,0.45257128370489624,0.676050872859327,0.19277575521714252,0.43713846562899333,-0.16393935517173316,-0.1861010084936916,0.039725955600795636,0.4233483743294062,-0.07394638283162068,-0.09720680128991868,-0.04386825281351795,-0.10568833623095282,0.34316626052816457,0.21597333354500556,0.16571363498669822,0.16841094567215234,-0.13609620643754286,-0.030508267593757805,0.05243947212191774,0.11043477385184791,0.07124516485687347,0.04716872795546638,0.2850342042408798,0.08326500510521227,0.24305326929962554,-0.06502877652552425,,-0.14895507944473274,-0.09083391374299768,0.011258624955595828,0.6249680010362219,0.41960280340259754,0.32806549521530126,0.6351275405320654,0.7591210331212412,0.5685052379304744,0.8315598555112299,0.588568324145307,0.5054156869250701,0.6672847194763761,0.7243467522144514,0.6259749305817178,0.6149237530156294,0.7141807355869011,0.7120749699321552,0.604391922431019,0.4574880976610885,0.31353141623218905,0.5567141658646505,0.3065391167316699,0.6114591194324457,0.6358464840581115,-0.023396410720450105,0.4379471518086478,0.26196746766634377,0.4056034483202084,0.3573053977403831,0.33632482224855426,0.521241468188709,0.6155400942492222,0.8292892347172047,0.7832817930226749,0.6832028373605757,0.6620380333629906,0.523476182918029,0.7088668170528086,0.6002615982611409,0.7034741557945848,0.6884223721006482,0.680522595700997,0.7016197884241449,0.5434154920205321
Caudate_R,0.7224701487653876,0.7780954587121363,0.6675977678299737,0.5901361339906731,0.640416952747018,0.7729064695933106,0.5748627710605128,0.81382483820071,0.24754510788481013,0.6083758224891905,-0.2677173415218423,0.22262458035159136,0.798661735388292,0.8022780266816296,0.6586200647422493,0.7124559899468578,0.5515894689761122,0.5204258944828644,0.3090600989186868,0.26032068020265375,0.5193736528567712,0.5263684976790574,0.4925782484416334,0.6330613818659095,0.16754477709572196,0.1352720481475471,0.33590405222645053,0.40491946464065376,-0.10635448736042442,0.2787854607448984,0.5875391194200201,0.8113112571139453,0.7027607833401164,0.7374668630653767,0.488244903940342,0.030900204399718526,0.6099612169730179,0.7979583895546359,0.7093428120553449,0.7297183394898392,0.6403955753100629,0.7755928840469758,-0.04437388768906158,0.2849065032828728,-0.2156640888338822,0.39395998385679304,0.17995460202684135,0.26730191225990857,0.16849345178649125,-0.26810907554721086,-0.06989680334982687,0.20981148419241075,-0.015548653894295173,0.11350193719184024,0.40902534275347724,0.38637331088357096,0.4114954829049171,0.48885452620099457,-0.025705263033328863,-0.08721684676608372,-0.07330177305686332,0.47834647677827724,-0.05296880502744756,-0.24729251053483473,0.04482417355170363,0.08033427470720017,0.940795927198816,1.0,0.7942785486041112,0.8636767182099016,0.7085171432750486,0.7428608014993878,0.6816563201797404,0.15397814072859792,0.45264595811376823,0.6604572445264774,0.4715301284648285,0.6974159399775937,0.2892585951004144,0.5490657288871409,-0.17834557066151696,-0.2338294577853396,-0.01631178891656175,0.4493522994629944,-0.08709495469833363,-0.09093033789264786,-0.002254174997078276,-0.19216607562989652,0.4247823050922101,0.34305286959039455,0.25702775297369934,0.2502559838110831,-0.11928125293344756,-0.09396999107284831,-0.010370251829691434,0.11285604265783131,0.0014760680287257957,-0.07876145907822511,0.29141150807131794,0.15760362088148844,0.34845298969445976,-0.13602771230493185,,-0.23610966485497756,-0.021850952159761128,-0.06425592531134375,0.5636954821107334,0.5297600082138122,0.3997160059296143,0.6928834259097556,0.7232277824245806,0.5871791503212646,0.7992016009783535,0.6880246368154829,0.5804920407807114,0.6028222753986126,0.7870242998608651,0.586100078869256,0.5476001420171751,0.7112932018820131,0.6745681477878692,0.5964464567927563,0.5353080927714498,0.1296959972493642,0.5004015107213982,0.19273550795794123,0.5375513817046327,0.6613376460424223,-0.10096081403859088,0.5217713976755489,0.2823330949471387,0.4332392526733545,0.3955195541244114,0.3856135333585147,0.4121295017732598,0.5259375092584363,0.7978624692486326,0.6856729903719966,0.6732684129539731,0.649177318381827,0.4705262707112562,0.7731678530358967,0.5275962201584059,0.7061122827575986,0.6268943064918879,0.6321136020656171,0.7518587823231191,0.6115611988821744
Putamen_L,0.6400430072638578,0.6481320147681883,0.6999951050481555,0.6640193716575628,0.637496101124771,0.8073467029762821,0.5340205684177644,0.7204861589097802,0.30781250064206617,0.49034816421324995,-0.2934919560737469,0.1647907686021231,0.7220916531583341,0.793918965965481,0.46160192216179596,0.7157476644143512,0.6361793731137376,0.6128085984561041,0.3354874475778095,0.23804600538416645,0.6945811014870807,0.5431691578362569,0.5345539968995932,0.5736677475000642,0.25216451669334494,0.1847704375973799,0.4181504622184616,0.35841238421600574,0.009616583054498955,0.3483171001689529,0.825363335991936,0.8488142883331188,0.6079549437475998,0.6399099154980231,0.27458106959565354,-0.02109096156254408,0.630712553514528,0.7027425180074283,0.7776487940373218,0.5725415658630039,0.7747110873028479,0.8300672231330162,-0.21720070918824252,0.05167616789583628,-0.18024103378800777,0.2535736393695287,0.031325136506450954,0.02202731002564431,0.007454622311345309,-0.13188869907704856,-0.050584275092881686,-0.018207728302351324,-0.004770085633650357,0.07791487696589328,0.425221008461194,0.14702979126451637,0.38029232016829023,0.46959261601873237,0.040208369584652084,-0.11864637659092962,-0.03200828030044269,0.2671902096463657,-0.16696153557783505,-0.02069699750702806,0.0013306422340724942,-0.007587826961573559,0.7883469129763077,0.7942785486041112,1.0,0.8831276007018692,0.7613435755164629,0.7884057373702951,0.5490081122163956,0.13277419835207047,0.39218831117123665,0.4062095214329631,0.675106271281095,0.7059117313469824,0.2846055134358631,0.26178668655318416,-0.2195796148116009,-0.31074405154232226,0.18715879882911945,0.24908452290699523,-0.08168021719205544,-0.27337592581899406,-0.03039101032204511,-0.21626607239559217,0.16099391105640698,0.2787124851118539,0.08697570395285255,0.07033255633014944,0.023524475188637747,0.09879142333661002,0.1761752885210763,-0.022407729928252546,0.08862150081261938,0.0897173507902982,0.14388387805615713,-0.013208334993572246,0.07845556792507871,-0.1351057859502065,,-0.21027750120369312,-0.2970904500359864,0.01244832818687845,0.5682341321183387,0.29470540185522065,0.24123470792103668,0.4974498694076308,0.6943589532241938,0.357686713178193,0.591995552935707,0.5880605476546782,0.365115842220747,0.6181817444829333,0.7610166450671686,0.4796714380044042,0.5049947732819283,0.5431394498325138,0.4848268419589659,0.4599199644485023,0.4054528086182665,0.32467540328823663,0.5537422622077196,0.05340907609361272,0.4886172180507303,0.46420601870764033,-0.028786976157562955,0.3844533561406766,0.44652103618235545,0.2962741211018042,0.40811398699210333,0.49574070690401595,0.594270214644499,0.6132732061735807,0.8029779550085653,0.6597362357539392,0.6596298734657888,0.7427758206895526,0.5409335460283757,0.762967005403105,0.5170427459953223,0.8366394810447942,0.653991001311262,0.6451754097293776,0.7047566039533788,0.3887364597911433
Putamen_R,0.6516191618342534,0.6993421468618659,0.5955279095227438,0.5943542455000661,0.6130978498499463,0.755544990187418,0.4614113935626005,0.7621153249390632,0.1657142520511922,0.6090250026508154,-0.35768906935892686,0.21742091510240966,0.7228027511280525,0.8436986633959181,0.5870730691764191,0.7609556577228069,0.5308498412511018,0.499681209316503,0.47290788870010364,0.4415691951881573,0.5972716209524082,0.5440488664354153,0.4986719122529405,0.5717205938125913,0.15264034617414574,0.2482911078477126,0.3504110663547166,0.44539221713468596,0.03781157070811715,0.19681667702831132,0.6580760049563763,0.8808898480422319,0.7079673387671905,0.7281790828827536,0.4690877809428853,0.03599313421111018,0.6838550977019563,0.8553263787446072,0.7815472907699222,0.7384148795585376,0.7298159336630616,0.8508716597880498,0.0415369616507193,0.33683805156736474,-0.15193701143944782,0.3250348037770116,0.27567536706660545,0.3027156532635566,0.13231710283944884,-0.11045918906356873,-0.0064112004914371155,0.09520704667174837,-0.03087701079042602,0.10731833293201772,0.4428534165570133,0.4010331715608751,0.44491500432143166,0.537548985934046,0.06904813909074442,-0.015872595559207024,0.041108042872558447,0.48794170650288543,-0.039234200858459745,-0.20586904201798895,0.164598508530614,0.14210516793362554,0.8428143421038277,0.8636767182099016,0.8831276007018692,1.0,0.8286356138163955,0.8469179522882077,0.68546123561332,0.22868938172194433,0.3971794102713187,0.643456849145264,0.43446672553483623,0.7411621806686902,0.2661065471564415,0.5258666154269367,-0.13866180593196767,-0.08176028276331393,-0.04855014598585037,0.5025257830897315,-0.05897142771675437,-0.18271944010623356,-0.10777785185201712,-0.24385376949865326,0.38640174829528134,0.3575972926216942,0.31775756670306077,0.2746197335372166,-0.06465660376295604,-0.061968450381888134,0.12701557872247995,0.11078394946531496,0.17147071076928222,0.006997527391799609,0.29789659936238616,0.11332592453786408,0.34986058906172324,-0.12899694607931247,,-0.19222196814858297,-0.04592944523584741,-0.12143603591496673,0.6333274166771764,0.40123281002278327,0.2683928854144406,0.5796222728259637,0.7541686736110732,0.49877851967085524,0.6847542443482043,0.6063827167161275,0.43650342396232095,0.6851977909452681,0.8068372704455335,0.5269033525311819,0.5557270677293832,0.5801575102872858,0.46320486118294824,0.6141487629041069,0.5476572556468672,0.23432033528878676,0.516007749549134,0.2608123826096537,0.5638675678550589,0.6133385868871617,-0.05976843456117714,0.44672476541509826,0.264722016812911,0.40455211848508443,0.2968207540706503,0.33126602889468465,0.4915928348860818,0.5096470935688494,0.7600892364606394,0.7079243845339401,0.7176059271546096,0.7394004741648244,0.5258839486745814,0.7851462400878909,0.5830599932558043,0.7550355821042788,0.718332679670477,0.7116389848848224,0.801489225121867,0.5439924487095608
Pallidum_L,0.6863746898178915,0.7053944322337324,0.5963732122031333,0.704992636688756,0.6608131301269748,0.758487695298299,0.4382724628175128,0.591185703987135,0.24193651332361432,0.511253867135423,-0.1423367264832556,0.1281016309484995,0.7129821594969714,0.8418966026110934,0.49364368761358657,0.551288204700042,0.5824367662840838,0.5855102693177885,0.23477490418083313,0.45417770447923617,0.4915577993751856,0.5144214937798488,0.42783910672901715,0.47057297487857214,0.0227022374235102,0.17383144962989122,0.4351427204841808,0.41090526191013155,0.12406428694407436,-0.025673123203314448,0.7111537989934182,0.766978991114511,0.8377671344025309,0.839578489401359,0.5083818206860674,0.28974950652683695,0.8126086734053626,0.7751676936051218,0.710507356835109,0.5247965843963129,0.7315239102477704,0.7807600891654823,0.13287568807110972,0.23640644416234413,0.0006847673960887201,0.028469096639505986,0.3597995892064341,0.28393298673082706,-0.003420151846710682,0.10740975610702655,0.11151867833878676,-0.038052097574042265,0.02587707492808774,-0.05588268640721101,0.3592474013160465,0.26605355185597546,0.6805255178718395,0.743063455922744,0.4021881348662654,0.2536662680574023,0.3631277320788838,0.5892417834694321,0.012240752374291354,0.047991881888821676,0.40935522737027974,0.35013801589103494,0.7552493088301115,0.7085171432750486,0.7613435755164629,0.8286356138163955,1.0,0.8756661420115631,0.6977958324476722,0.4904644105039109,0.40628231726752745,0.47392266988854936,0.2673688095224024,0.5482028906027147,0.17843852484922082,0.26453196640690135,0.03701241089345044,-0.1140214204571344,0.12688336551266813,0.36432182506828603,0.049701131093805646,-0.10124004689874956,-0.12882966452679048,-0.0608794071817097,0.20361760672004228,0.19356875140113303,0.19706435608570327,0.16447036353331185,0.055457747349035205,0.0946995263145652,0.2525337920167252,0.08662329513536816,0.3429903829968933,0.23211971834413392,0.185799410716305,0.17673482923562903,0.2162741131259934,-0.017782252642483336,,0.063147620986326,-0.05662656953949548,-0.04072818695068811,0.6856422873545498,0.2413641988658015,0.41880273099338466,0.7042987476247335,0.8551201219754867,0.5606934445737856,0.8134868845483711,0.49038078373048827,0.3875377992600469,0.8418201215389103,0.6955130519008059,0.7478325214748619,0.7841818793436633,0.6111533405826929,0.5656385211620674,0.6158265698574864,0.4783570818513017,0.4966565539199404,0.5120499764086031,0.3260124117430972,0.657238800328294,0.5718136024631987,0.21864029992593823,0.3430174459460163,0.30551041119589034,0.28272327128049995,0.09930144267348666,0.14122447726157444,0.3832120962680214,0.4631476187109769,0.7966627334185223,0.7891626444566276,0.518249781155187,0.5532859839113152,0.5996904058797748,0.6017094724042966,0.7116907867047493,0.7210521199961771,0.6858143604313823,0.7964071138626594,0.7040768860847799,0.4958761559305959
Pallidum_R,0.6946765169806406,0.7092724145093522,0.6628386100546738,0.7035086126609811,0.7121709074792805,0.7772042909719207,0.5579766814944548,0.768066304864007,0.3225463174185509,0.6303313751495017,-0.07458214443963354,0.22571990868281738,0.7292324006364836,0.8924293702543371,0.4063103232278779,0.5622063622730387,0.6294752344007655,0.5861171455407943,0.30656367812743657,0.456267844350136,0.5117996965735129,0.47735405590149427,0.4669226020632912,0.46008664273715133,0.013295874309998828,0.09931602211398849,0.49425399240548884,0.41436133684802057,-0.026789912908279357,-0.018181864131032836,0.7298132668859422,0.8591320667578515,0.7999031817653925,0.8306061728886733,0.3794925096375133,0.09190950413935679,0.7035938747285158,0.7860019194973104,0.7167541970795569,0.6439396323133284,0.7267377372885445,0.8468017768552429,0.03262277847258304,0.3075918578786951,-0.17302254045461973,0.19020737100890384,0.30389611017807827,0.27283846459589106,0.09354871974114264,-0.10240036880641584,0.017934885004826106,0.039697610430846124,-0.0469987347926212,0.08619399393044068,0.5235109775224697,0.39100742861955445,0.5364236194558678,0.6230655970147259,0.22759291763060385,0.10181469520990578,0.20332489085156538,0.543350597524932,0.01960719251247925,-0.0638412870700094,0.23189977102329407,0.1440109195734004,0.8041505390630299,0.7428608014993878,0.7884057373702951,0.8469179522882077,0.8756661420115631,1.0,0.7351768248560927,0.4288853935189215,0.39760203997629245,0.5447581868642382,0.38586628555668384,0.7114103898849448,0.17764240237771842,0.4295649687818605,-0.08559135310908854,-0.054652779891684794,0.18035152179520525,0.5048150105659142,0.04844416900105494,-0.018015346201241886,-0.03998491407703758,-0.10426567990385516,0.33672081922690217,0.24685774607179012,0.3186584752753192,0.25628358575762406,-0.04878102812359054,-0.01812281184179338,0.11578238985650784,0.1375486616456493,0.12219009330330464,0.0602691978932475,0.42518623330068683,0.15133117864659718,0.28497336773805604,-0.05620344050376516,,0.01174603017085608,-0.05144910742920651,-0.08971931301958654,0.7923376764465375,0.3298117470078771,0.2798275554150252,0.5716704256765659,0.9033080334212235,0.564183972723814,0.7916759978720623,0.48007179269523875,0.3980866742030813,0.8230473676027373,0.7083386262826458,0.6580214388678881,0.6770561591849884,0.6456134229163364,0.5498674991050047,0.5695509857842883,0.43432013311407175,0.45805932003260635,0.5169585296231336,0.3475022749272996,0.6845877734450733,0.6747461876735491,0.017780172662662304,0.42400190197584003,0.18878642396011797,0.4118782500845809,0.1484136825315243,0.23339973151333834,0.5123575013044929,0.6155768593391149,0.8128867118858085,0.7571343673298335,0.5799642960732305,0.611608942308171,0.49015816248817096,0.7369324296283661,0.6570642235619868,0.7017626450889826,0.8327866075148137,0.7893931852176651,0.7796460209910302,0.5568600051525568
Heschl_L,0.6778528348719108,0.6685966362592215,0.48644436681629566,0.4690651826780522,0.5682517726557601,0.5460260403816483,0.5405741708845194,0.6401276279846839,0.2771118214990717,0.5881564552622643,0.015745886722448022,0.29481759603402935,0.8017521854478051,0.7262946552632119,0.33430524873412054,0.3402226592531018,0.4121566876786633,0.3041837481848764,0.16063780631383495,0.4541983051907691,0.2214591712686123,0.2832270852277073,0.17103519618427235,0.2909869530973116,-0.052246794930669575,0.032364198797007616,0.36876590283033794,0.29817178499842373,-0.023041026297797945,-0.1310719466530476,0.43260094434058793,0.631637217055125,0.7874559667487492,0.7888404229001283,0.6021447947546819,0.31196316251125994,0.5270856956841269,0.790310259482187,0.5911956874756294,0.6931368597072047,0.45564576785208083,0.5997214840571222,0.2000636817262006,0.4480854648782863,-0.2549738645245444,0.17499048430149133,0.42408935687397836,0.5127912204696294,0.22207554155632242,-0.17642505877541062,-0.17105951929482732,0.18590179535104545,-0.05754081228888223,0.023890501183831823,0.4620593972466029,0.518879751235166,0.5706539973868618,0.5876385155179267,0.1914795673576742,0.21291860570302837,0.22373798613101864,0.5932219460525662,0.08709434166309352,-0.2792581723460614,0.33192410647562387,0.3226089495906941,0.704066674599842,0.6816563201797404,0.5490081122163956,0.68546123561332,0.6977958324476722,0.7351768248560927,1.0,0.5032014552857326,0.4909052189289555,0.6527804099780546,0.15998700928126627,0.5131002244059891,0.1527559033862822,0.57980412113423,0.020958054365655943,0.012188496281363087,0.014294445863257397,0.5893562627170541,0.019857663914733845,0.1049801714107699,-0.07165347525896593,-0.08556648951295653,0.4400667055077286,0.33787820409980296,0.3975404045343376,0.4016924741940732,-0.18720234085055265,-0.15214400047867438,-0.12574018789106917,0.18430925940824497,0.060974791773004966,-0.07103216358046956,0.44698764043466394,0.3498190815839416,0.46963069027657744,-0.1128524021789412,,-0.010389807056235613,0.16868017985909253,-0.15732912898990542,0.6457095460221839,0.6178077754558212,0.4177917222539582,0.6308226164527181,0.7607905146775154,0.7948194956694804,0.7279096339782903,0.5937628259021422,0.6546355038390728,0.7030330382841863,0.574693879259427,0.6680031303904044,0.5341481485362397,0.6929806163916109,0.38392693158473806,0.7613056021149214,0.6295639826036354,0.2861846597814549,0.38091230355175754,0.5789759634754373,0.7412120225674576,0.8256852750886748,0.0057622156142553985,0.6743727273077464,-0.03908012705513018,0.5903571790578691,0.045144415803669694,0.07935597619624166,0.2797562034925055,0.392758962571706,0.5761484692952755,0.525158750273027,0.42791318522284183,0.3500129930740894,0.3394991644369883,0.594034111265563,0.5796517178516647,0.45893016423316435,0.7012613120297453,0.6013271695214593,0.7109735309884359,0.6555978953621021
Heschl_R,0.2033315451432333,0.13714507778139254,0.18882045905709385,0.2791258384382172,0.2937284137052911,0.19047862660975565,0.10007286042103086,0.003051549798663792,-0.009291610558474923,-0.008748079477446685,0.11227517240746354,-0.17328806494442367,0.3263346399197675,0.4384485271965994,0.14066614754897747,0.07875293456749656,0.16939667663859878,0.11341864625199798,-0.028584825291026864,0.31626652433023017,0.0717602380826558,0.29472556619459706,0.14950910074937523,0.09588494471806336,-0.30744304900289726,-0.014662270590464547,0.4316655857773155,0.3407819154918797,0.049747041038296275,-0.739107893020236,0.2832597077637349,0.27771187436596323,0.5296498632061603,0.48712030875369694,0.3069412549197095,0.41295776382956556,0.3820903134920153,0.31241430865220543,0.06304807073818192,-0.004185333470566735,0.011587675564554117,0.32363122593175414,0.08363682377307233,0.006507804469581595,0.042134666722523584,-0.4658340620391817,0.25189017588349855,0.18982363127018642,-0.2021570750867837,0.2807112055205447,0.04657027969337045,-0.22138714665611967,-0.11954157830639163,-0.08249022212571822,-0.10342464612368586,-0.012533689806505053,0.6089453117611924,0.6303185924724526,0.5582667606032952,0.6354390986242775,0.4920637925957043,0.40257544467970385,-0.013531939990149967,0.2602946276048515,0.575658768768684,0.45544329460948996,0.29915608491401924,0.15397814072859792,0.13277419835207047,0.22868938172194433,0.4904644105039109,0.4288853935189215,0.5032014552857326,1.0,-0.03968578081750596,-0.01946266027993578,-0.29253968602021563,0.1394238358382688,-0.42712832803683526,-0.08092940954268903,0.13100877370830977,-0.006935014131825817,-0.04570426235932034,0.42225533134885185,0.1379823287188784,0.11701672504376151,-0.12451628248511833,0.3068142045121069,-0.0842046574071141,-0.3302313966184976,-0.05740961337913811,-0.17697743248963205,0.07862132592102052,0.048000806816522745,-0.016981632321924008,-0.04444293208752387,0.1926547312545291,0.2793741638011151,0.1704858620402428,-0.031926398457453264,-0.09051441341968612,0.2464338053286953,,0.419118524653332,-0.04863324896611281,0.3251776468755611,0.6188933875478311,0.04813949637454141,0.23005340742609,0.31767772643337705,0.455109024474611,0.45918114062753795,0.4971408953565264,0.027343783372041543,0.1599440376701626,0.5171325403803556,-0.025960843039990418,0.5649397720854902,0.47456541244273337,0.35779544806434366,0.18350236286045524,0.51905925502921,0.07465056061565062,0.6142251511559187,0.17708570503082352,0.695238987292223,0.6022911889187434,0.454859225929884,0.37969808496754,0.1846343454814048,-0.11493285266467308,0.26609622553993256,-0.44273274650639377,-0.22260893031624465,0.02014985580486722,0.22394240359213466,0.2342099843831728,0.3037373150985732,0.21175020269649059,0.17656284979403286,0.2976738206481078,-0.050397709225799066,0.3883578909955445,0.11545009123562128,0.4601331630479016,0.5788077318475866,0.08833977982083956,0.107669016260045
Temporal_Sup_L,0.48522147856417125,0.4572762045032164,0.22851224229625322,0.13400997681844962,0.33723219263974175,0.37541755517345826,0.7342745731879966,0.4224770832487613,0.6526439900440953,0.4834539108357321,0.3483716362805653,0.2236179938573449,0.719380268822357,0.3264750127036621,0.11856961963680848,-0.05149648246753,0.24433492705550316,0.16062897756986955,-0.02314297253863998,0.11817364492423237,-0.09221843273975495,-0.1732450810780666,0.024281736113616104,-0.0788639031032251,-0.02767080969806191,0.11068613760106819,0.1507245675115521,-0.15662277243539088,-0.09543594816745074,0.2958355099409073,0.25051411622551395,0.185908623626579,0.43202346376421463,0.521111257009258,0.43989542906397955,0.1682354605779095,0.37315290914470384,0.5671745699796561,0.7343026181090974,0.6319109667818795,0.47768697540860805,0.25632489604386743,0.42829603283645307,0.47024201219425005,-0.053164277908884,0.40123363927791433,0.5408187154408718,0.5387632646320775,0.3362392212260604,-0.20139281808386433,-0.18842146975244922,0.2371715926361,0.052967208686779,-0.0172330115577384,0.7699177391435117,0.5394127691706886,0.33981116732828087,0.23731167307729198,0.09783240478729506,0.011280197400124889,0.33051417996785876,0.4232689115232816,0.3236264989686724,-0.31823129231538266,0.1358165195282081,0.22260500548289536,0.4117897909070755,0.45264595811376823,0.39218831117123665,0.3971794102713187,0.40628231726752745,0.39760203997629245,0.4909052189289555,-0.03968578081750596,1.0,0.5842355091712044,0.34334812024275885,0.06756672836905538,0.7030268578013936,0.39817739556066234,-0.09410846253136693,-0.22014095753253313,0.2904460990984089,0.04098486473946446,0.10180388277776747,0.11694444789535284,0.0796221250153563,-0.15181553910430887,0.5379941344579722,0.7218137822463527,0.566089846809782,0.6481450262607561,-0.21542066102300803,0.11465823701555192,0.089892271047205,0.332545183094772,0.13507149340382235,-0.011669941717763525,0.27815254513057946,0.6036680756882687,0.6007821660184233,-0.19161220505707055,,-0.20262694692843872,0.35477412469930714,-0.5222824536680432,0.11460702939805222,0.5580945400889702,0.4470748568644424,0.5284250735077098,0.4799305908943155,0.5983996804819767,0.4084123902966867,0.4863188482978321,0.5887430047230445,0.4865845742395969,0.5770158937562581,0.46693419323350677,0.3175211751023979,0.49663361744688045,0.2024706696805187,0.4209245353675982,0.5694540606653052,-0.003613161160456493,0.26123522568919083,0.11821840255802046,0.38371282032364223,0.42167460338117924,-0.10961461319559031,0.4595547931100703,-0.13088914028742887,0.30177312393923245,0.181083099655297,0.20327676280875523,0.105700159744305,-0.011887966875387812,0.4501883542281227,0.23213770853500526,0.03313312194426751,-0.08366498044177301,0.07491745902263137,0.5089396230247196,0.2637392321044099,0.30229561705105207,0.20302563739401328,0.2253643122393214,0.6196297808241287,0.46432536822929416
Temporal_Sup_R,0.46716069730323195,0.5722914739131231,0.17893436154770223,0.12250345500325996,0.2554285411036824,0.33910652392092433,0.39232762420921724,0.664729069673126,0.09693266141805211,0.7361652623008913,-0.18363009556094131,0.37238727624643414,0.5876987673463612,0.4966346487942166,0.4519429277178914,0.29956345110969884,0.0955583577689633,0.05342113703962773,0.25423538038389903,0.41887582308480314,0.08153897649518908,0.14675606078182984,0.054070236416470394,0.2796375014968109,-0.07561198007475146,0.09946684997628631,-0.037936737014384596,0.11305807069756571,-0.17566275034135584,0.2691680135560704,0.02968977631239116,0.48227843744524207,0.5108530812616545,0.5436050192583248,0.6292124493785657,0.14357914095363794,0.4322519615523853,0.797558632761612,0.628044045831509,0.9216831675275545,0.43138535815075124,0.46093682177259204,0.48925728190965245,0.805052519253153,-0.19267164747117269,0.6221980455529508,0.5774150261990115,0.7464472341343347,0.39932910676656114,-0.33251455790787676,-0.13558370985361407,0.4781623904612704,-0.04504072075624634,0.14324511331543158,0.5491092712359951,0.862849365391087,0.24018834110591628,0.25476494673441974,-0.08459873789410072,-0.09405705412756231,-0.007833490047651562,0.6498231053347453,0.24393740686851337,-0.5723173844923473,0.16085518793784473,0.24927673016562482,0.5368678768644912,0.6604572445264774,0.4062095214329631,0.643456849145264,0.47392266988854936,0.5447581868642382,0.6527804099780546,-0.01946266027993578,0.5842355091712044,1.0,0.087876433652942,0.455300699587225,0.3947947759898514,0.9026849986423063,-0.005388299739805557,0.09409736162771278,-0.1143326270910636,0.5649355155899818,0.05573814202608955,0.2015127179154468,0.012160550686571908,-0.29049140881041585,0.7293008146554077,0.7369996603796918,0.7272938178640866,0.7806755156978733,-0.25458829783055303,-0.3418120962058494,-0.08973570160873971,0.3834510735468192,0.03673974646893708,-0.30153578452999436,0.5408473985478679,0.6160143288997283,0.8315020542821816,-0.28019952385257224,,-0.2764389215871648,0.4599705046290145,-0.5325913914163614,0.3083758121512569,0.6998858334021573,0.43364270002131217,0.6023465221239735,0.5606608615641145,0.688348785523496,0.5594644408610768,0.6534111735560635,0.647015253544699,0.5023142005215012,0.6948342117045342,0.4469366259167877,0.34234486117372503,0.5270215387220313,0.2544721379001148,0.5722989125306717,0.7323373707163942,-0.11017166977810372,0.2570439617009863,0.24285936233830177,0.4538251377357281,0.6586328668722224,-0.20090386070826802,0.6149997153979995,-0.11028203302782497,0.5226197441542226,0.1705464109042353,0.11926128178015988,0.012990514781078811,0.07401786079064622,0.4088612770632719,0.3244543593556151,0.3486545610385023,0.1836421589038412,0.09395733529563159,0.6644338862739029,0.3507895481068546,0.3345480797415655,0.43202329582283516,0.39011863265344815,0.7975949828014757,0.727763980778437
Temporal_Pole_Sup_L,0.36125911568817143,0.34797387956304826,0.5986375899594767,0.446079358123311,0.4011227242957826,0.541770716714522,0.5460876459856958,0.5674547708630464,0.4351398122001771,0.25881891342797125,-0.045096709638767114,0.2753318221746305,0.4197251833350492,0.4048198290380324,0.12879254019669117,0.458591398942634,0.5681823941479793,0.5037440493461515,0.09395834723584726,-0.10156839708453634,0.5622154917991957,0.22631243235081436,0.44532852528329736,0.3647740998988688,0.49042432818732656,-0.01736322766769457,0.37674949011936965,0.18724202052965788,0.06165203210318774,0.6049314732105515,0.6967162162661903,0.5379977589808329,0.13816612543730958,0.23970949266304292,-0.20768037497773167,-0.390769322569673,0.19136892183281376,0.2602760346410999,0.545100524086366,0.30669593712490256,0.5823111358019595,0.45372602259604994,-0.502065754490897,-0.25398759678816746,-0.3304949984695725,0.2581565336724553,-0.3400535776987335,-0.35062791227430606,-0.006651135883696,-0.3228553274072384,-0.11528131743918438,-0.021969784948425348,0.04130560368573663,-0.02922947167817143,0.46134132597875616,-0.07477989670587819,-0.06208597441270136,0.0017904341021479622,-0.329940663938488,-0.41517091874240947,-0.3588018166263213,-0.23823492824080447,-0.2871333637275593,-0.027795765213549702,-0.4539241169814869,-0.4564063619425974,0.45257128370489624,0.4715301284648285,0.675106271281095,0.43446672553483623,0.2673688095224024,0.38586628555668384,0.15998700928126627,-0.29253968602021563,0.34334812024275885,0.087876433652942,1.0,0.527046687677282,0.4280450754828254,0.07776500635993774,-0.3461353662182713,-0.38792864622818596,0.34508803588090514,-0.1429331706285286,-0.28428725165780644,-0.3786611363467456,0.0061873601880638625,-0.28119370439002583,0.0804850955111962,0.22421076359123224,-0.09536209282440569,-0.05639308255031068,-0.10305836039786569,0.20219007825735055,0.07188757281369938,-0.12461538378046035,-0.20203272802623493,-0.056982223792676694,-0.022141311900345417,-0.16242584867670992,-0.1668373270245752,-0.17268169576585812,,-0.290719227790122,-0.3849319451359619,0.0017217829053257788,0.2108558191900713,0.10193593776163536,-0.10069044758415371,0.0690431068578133,0.24587341368376928,-0.04208750421229804,0.15988259450615033,0.28879443734171556,0.12783594751651164,0.21001305671350476,0.4444785088837452,0.05308242159834632,0.052896497039092674,0.2710852877075269,0.29369422152089414,0.01607671513211577,0.07283220329951884,0.035881798356262394,0.2874541619793319,-0.2883756716733647,0.034794657177649055,0.12165137254812478,-0.2599086147998321,0.20313598717587256,0.3563063444690516,0.09833280636977969,0.6890096549223674,0.6755569350213863,0.6311790446426708,0.553997564420124,0.48327835840005245,0.35289133327008493,0.36356428764993787,0.516676684673319,0.2929471031744386,0.6155502224346003,0.1244933493033712,0.6417209501936139,0.3577519188709998,0.21702630591640015,0.41445803300362793,0.12837561856224194
Temporal_Pole_Sup_R,0.40712679338222113,0.483253303995727,0.5295040025880854,0.4974315897450117,0.3700989948669185,0.5521097203878308,0.2764023780753772,0.7564197627781516,-0.06133788088303143,0.421072373199148,-0.4306463630938501,0.16325526170805474,0.4384176917981746,0.7202886759216878,0.4891567010957178,0.7540667355186285,0.46158694451769333,0.39076788510864974,0.3315000570320367,0.39859159120097987,0.7544215119523617,0.6529353395609295,0.5900057658687421,0.6863397515267747,0.17988840241787982,-0.04850620436616941,0.5136108351512932,0.6768552898679708,-0.017908495657580917,0.1212325502488381,0.5923567441355351,0.9076339451111834,0.46543216834790885,0.48694704430310926,0.06426041000231528,-0.33976278852515324,0.37490513627749716,0.5982458364406072,0.5296557239032479,0.59465436352202,0.49694960057429793,0.7742170109679974,-0.3163237724372952,0.12576766880925616,-0.40262503301689084,0.30523934805034564,-0.12626407606386486,-0.019254229719566054,0.012375292100895597,-0.2945599735253312,-0.0360699356757362,0.06760422573945406,-0.0456775733518558,0.20436881384866418,0.3703090706881942,0.2997317021967213,0.12373623014029744,0.28431610207959684,-0.20734545280293895,-0.22685370837343996,-0.35212815782454626,0.17622277270936257,-0.2541926820035327,-0.18976768809510197,-0.1352673755926389,-0.246075697434455,0.676050872859327,0.6974159399775937,0.7059117313469824,0.7411621806686902,0.5482028906027147,0.7114103898849448,0.5131002244059891,0.1394238358382688,0.06756672836905538,0.455300699587225,0.527046687677282,1.0,-0.0027800243196055645,0.5244411068114709,-0.22087249759218627,-0.14184612322114387,-0.07022580323471801,0.5799226417612061,-0.18132154426173896,-0.23928857355293992,-0.14995187802531093,-0.3023122577967806,0.39245554704252994,0.14743999087886447,0.19318892228394863,0.0992559108693676,-0.2990073277875166,-0.3171205700788853,-0.16218249634892742,-0.12398473956311555,-0.2543979553917648,-0.29791664185179867,0.4465330590908242,-0.09412585210623352,0.09524284216762394,-0.19387407894404948,,-0.1468974288010103,-0.2882244074704571,0.005652995596588452,0.6429202765247801,0.2322369738241625,-0.12450478425869609,0.18932283595744764,0.5390161504103175,0.2038232659299081,0.46998525712729916,0.3098449989409038,0.14190367739390045,0.4016818529181167,0.46886409120100275,0.18906328057797522,0.16237243608889787,0.39293173921123176,0.3337309317499533,0.3338686935147345,0.16620528667686324,0.18269023816673116,0.2784756894291518,0.13644946279542128,0.42425460170389634,0.5448108766594705,-0.369032419873986,0.31160475171339025,0.09394312384731256,0.40538360442726934,0.36762886685683605,0.41835510323709046,0.443259246749859,0.6326461958848933,0.5331693489961994,0.5250719041905894,0.8141759097529108,0.8610702607342413,0.34345830133486205,0.752922368373075,0.25840374030049773,0.6342560906232622,0.830059897699476,0.6162199211349558,0.6306313437941043,0.3964940766961966
Temporal_Mid_L,0.3574231292226481,0.39478166980516366,0.1664533234977491,0.11376196203577602,0.250716141883541,0.333219987909,0.5308150614382638,0.37638880124327007,0.5458971839243162,0.4035797311658596,0.11979370650505078,0.2128572769446294,0.3750158331905937,0.19609748662234067,0.06409067364464247,0.02734328784699643,0.18913474522344892,0.2306500198432056,0.11003636247340803,-0.02676166552811797,-0.04064258434179587,-0.22769400618926713,-0.05055448535472321,-0.03833650655691151,0.2879978246254658,0.23665514149872244,-0.13763074049265508,-0.3147162961567574,0.062076836148933306,0.6399974346291449,0.18455607648139166,0.09216835002342598,0.08270457564792913,0.1666081617751987,0.15010722888399938,-0.053137980244981065,0.14285797783188045,0.292046570693396,0.4813402936625836,0.4482800304692791,0.4827193298546359,0.11518373037903701,0.30912383115804903,0.34634103956071166,-0.06650622789338866,0.532981316406266,0.2707723959999392,0.2513820244131179,0.5139416996836849,-0.2989160498426826,-0.007936827381334397,0.2730842486921993,0.10609527497560411,0.019414014156944357,0.5669368388157429,0.3380915787680445,-0.11080359760034834,-0.16320303649102721,-0.26232286981460345,-0.4334976474156681,0.04491591142986217,0.046404196051266805,0.23624238537531297,-0.3927925294514606,-0.2609363145208447,-0.12669522813756495,0.19277575521714252,0.2892585951004144,0.2846055134358631,0.2661065471564415,0.17843852484922082,0.17764240237771842,0.1527559033862822,-0.42712832803683526,0.7030268578013936,0.3947947759898514,0.4280450754828254,-0.0027800243196055645,1.0,0.2593793705098217,-0.041236061811926086,-0.04963411657801889,0.3872006537268566,-0.21507685280394756,-0.058371395427951785,0.014912508751428435,0.08321140477959886,-0.30007265942517564,0.4081679570550358,0.6588881373117089,0.42589310699132743,0.5175649494146707,-0.08912399725795876,0.21106416855901353,0.2767233209834555,0.35861233693230354,0.17865886964763653,0.011074865606449963,0.04350438156459122,0.3987315260925923,0.472152636047696,-0.23959749148320242,,-0.3748664606781977,0.40556593995704543,-0.5725261642662622,-0.11042385376725153,0.31931907120129954,0.24533822343382283,0.29441719763448,0.16398180981935412,0.20261091807740722,0.1565818627027404,0.4261573426646696,0.41969632173771443,0.18858875845604914,0.5024755214932254,0.1650383945514533,0.15240917324605818,0.24564964893014227,0.183351101033605,0.03833589756650126,0.49129986292660593,-0.3152287261986049,0.1965177201643961,-0.21259365594225013,0.030832569417361524,0.13263316955078,-0.11027057466858355,0.31073856830573127,0.13493052064175529,0.14000835684407356,0.40960968211637877,0.28768665212504896,0.15385402153850963,-0.020258581573800855,0.28563082096308573,0.1423927995630749,-0.06816857671437852,-0.08316129778241786,-0.0626208851150758,0.4267193253517383,0.09149653668384006,0.22060379957277995,-0.05720114935395727,-0.07089079937934645,0.4539232146322984,0.27418545383200255
Temporal_Mid_R,0.30614458486417734,0.4194329269787938,0.10488475815476202,-0.0025442196047042137,0.12135296843736261,0.1688168070572918,0.2915762467996361,0.6484478797690696,-0.010894741147228083,0.6637418948089443,-0.18913999362168202,0.43703171347715036,0.40813376760063874,0.36686180210951874,0.36922852981351423,0.2727479018885528,0.03069392547743631,-0.06665207217401657,0.22797243608019238,0.40179906861813836,0.08227278267345167,0.1236988697197184,0.05449516288749779,0.2799956818887545,-0.017932261183417675,-0.06595046128699548,0.025753374335488407,0.20093142213253612,-0.11855369534901133,0.18509361117905504,-0.0655039557549708,0.4539763561849866,0.33882698051271326,0.3831420318423973,0.4330223125124685,-0.05818139446870271,0.23651555223643958,0.66518434140175,0.4765408096706447,0.8852429435657202,0.2623531529870282,0.37221855079290717,0.3634428331168574,0.7595743632371621,-0.33595721799436246,0.5956582314377395,0.4262378140836928,0.6500015113666009,0.4251830942124294,-0.3921683770713124,-0.18699431429534857,0.5021991381555428,-0.07196360645730486,0.1906248008813444,0.5186094714645317,0.8855229946909198,0.047428052044096,0.07099031348289322,-0.25688616746110315,-0.16472983184122003,-0.18509754686072102,0.47416120043240967,0.17385555006553244,-0.68686896510431,0.007678563312787235,0.057658628000647194,0.43713846562899333,0.5490657288871409,0.26178668655318416,0.5258666154269367,0.26453196640690135,0.4295649687818605,0.57980412113423,-0.08092940954268903,0.39817739556066234,0.9026849986423063,0.07776500635993774,0.5244411068114709,0.2593793705098217,1.0,-0.03727520974163327,0.2213022305454599,-0.2309524910670875,0.7013789864657675,-0.014505793812050994,0.1733760167443992,-0.01623107884873278,-0.3133876467874385,0.8002595348891791,0.6420021904237692,0.7269125250074395,0.7517386570646473,-0.4090749281969492,-0.4805755559620434,-0.26178982238912724,0.3087365178804666,-0.14542926941687365,-0.4833184799057747,0.6285671931367705,0.49045135041280546,0.7675864985280452,-0.30384793989913694,,-0.2965143383925701,0.414265368493313,-0.5257142179477635,0.26432027445400214,0.6461978071930874,0.1545454435053541,0.32923928020061,0.40260941826789604,0.5392947210856665,0.39294471256107977,0.457988135510716,0.48750213751032245,0.2910398035577743,0.4941751665108851,0.21813517968901996,0.09398087069636941,0.38372791464967665,0.12814300532715872,0.46379595264637713,0.5510445344911669,-0.1918765607876579,0.10801333624843201,0.30511615528128766,0.3529195849154829,0.6115759756254072,-0.4225479472505223,0.5285383195369086,-0.29776226739094613,0.5255570692040409,0.1947996763972853,0.10395485940967222,0.017902872633568708,0.1107823129640097,0.22909709551225985,0.1949814648429391,0.3834316686565169,0.208813928495432,-0.030298628421482527,0.6295221382486141,0.20403361916701332,0.19728981042786986,0.4867674034869361,0.28516657301021336,0.7158854707196259,0.6609358875976257
Temporal_Pole_Mid_L,-0.042604622149153136,-0.02742827462301275,-0.1668554929173962,-0.037561933172909595,-0.11184979218501484,-0.17338353491070713,-0.18605255714158353,-0.225056075048341,-0.13232659008871112,-0.07232015981589371,0.00664557586323961,0.057562092407447286,-0.122648760809996,-0.1394526471246264,0.06428198694923563,-0.12249548642337289,-0.14421657963988913,-0.10585191091268642,-0.11913527537701543,0.05444105309213399,-0.03649095712687828,0.1636715448864069,-0.37260298994270136,0.0585538229429037,0.14477447148321615,-0.06455562128172032,-0.29524478383547187,-0.10168407385691587,0.2408076857290199,-0.1329108725105743,-0.20235438175049,-0.1677024275809437,0.02795790073968872,0.01944740024781,0.15784286352398733,0.3760875357189462,-0.036503593479852894,-0.015204157360450065,-0.20047591239591991,-0.07627686639313959,-0.12048649164419602,-0.177770902566018,0.30923715026134524,0.16094683512401864,0.11872631509264917,-0.22264996658677513,0.12816873554700411,0.1669558107656024,0.0688752635748221,0.198618937437053,0.183928966023955,0.12005941991341766,-0.0348135827165443,-0.14251182739226353,-0.18005224584167134,-0.01941627199410047,0.10793088282611234,0.08430134397248847,0.21365998859107116,0.2138597308802043,0.23190772184686403,0.13091831257246136,-0.04265695673490416,-0.01834829516414578,0.2216549874551132,0.25220806475011426,-0.16393935517173316,-0.17834557066151696,-0.2195796148116009,-0.13866180593196767,0.03701241089345044,-0.08559135310908854,0.020958054365655943,0.13100877370830977,-0.09410846253136693,-0.005388299739805557,-0.3461353662182713,-0.22087249759218627,-0.041236061811926086,-0.03727520974163327,1.0,0.16650230729747673,-0.03819278138914031,0.0188327699326313,-0.07228655991123896,0.13580277762812926,-0.17961878078104576,-0.002610285891923371,-0.18978912579141616,-0.1232074068385481,-0.015788640299355675,0.013136094691889833,-0.008410251271324042,-0.008765224038176417,0.12690294914102346,0.05702749413902265,0.23919021244197394,0.09169215075045407,-0.02205424820855476,0.16457212366228324,0.006820815958506157,-0.09285376109438996,,-0.05569105174838029,0.24442676265028349,-0.09084952013848854,-0.07377631889268602,-0.008696958610961814,0.16356663148707465,0.03546476317845617,-0.028200455061629586,0.05012784884163737,0.08718847348260333,-0.05787080731934813,0.024840205498908828,-0.007434106929250363,-0.14222429741258388,0.08721431246074587,0.11251086765771341,-0.11102370676479745,-0.0586533917564475,0.03687509737214896,0.11672236976101755,-0.0034088845485983825,-0.21080464809298127,0.22869811043723323,0.03670133154227737,0.00501502079718101,0.20610939906701703,-0.01673389058051879,-0.03075105025230788,0.06917238901398412,-0.1352551507334252,-0.11744468702329117,-0.29188680437425757,-0.07493016286841031,-0.1243789976795874,-0.0460011084642069,-0.13081621458962822,-0.1986447909563466,-0.061776787094281006,-0.2031846076543981,0.13408182642841343,-0.19521817775256445,-0.09304591347404911,-0.06602190217003928,-0.003712746096960489,0.26012774746078593
Temporal_Pole_Mid_R,-0.08458696099028296,-0.036765699666481834,-0.16017660249193294,-0.09291396275023786,-0.07884593222236869,-0.17716528535600062,-0.21328415107678989,-0.08493325846170055,-0.11378820551618976,0.17272145924812285,0.08084125824902354,0.28218613628408057,-0.2521500763191776,-0.11436664189399885,-0.11093106265656104,-0.12625483480931357,-0.08524078406608274,-0.11601119304667597,0.17695403397062534,0.2080470638648522,-0.2716641527670664,-0.18145835167731245,-0.2635465562783854,-0.13168001439684796,-0.12793323554957817,0.010366339277239147,-0.19799263876371245,-0.11316957261028687,0.13201166687021415,-0.1772433587748021,-0.2646763209756202,-0.1290873762595109,-0.07083586430054069,-0.09084129088471375,0.08459886808295655,0.13558433500220002,0.02984047482025894,-0.0005714013438963201,-0.18839015299453418,0.04289812683645692,-0.07376925185977508,-0.14255553844176788,0.32465252999003613,0.32772369942666063,0.02999057415800282,0.06146181558408741,0.25313396055831705,0.26729812111828344,0.19851387307376173,0.03440845315896364,0.05571429495421192,0.09833106851382192,0.0642296968893789,0.04684905483189886,-0.06628142807334518,0.23939671018242728,-0.08437994048268116,-0.13562953686422988,0.025838019986967473,0.002803076186633174,0.14886142903080216,0.033445256667220626,0.16292894342404043,-0.1819715601168674,0.10305217103241009,0.13188152720794355,-0.1861010084936916,-0.2338294577853396,-0.31074405154232226,-0.08176028276331393,-0.1140214204571344,-0.054652779891684794,0.012188496281363087,-0.006935014131825817,-0.22014095753253313,0.09409736162771278,-0.38792864622818596,-0.14184612322114387,-0.04963411657801889,0.2213022305454599,0.16650230729747673,1.0,-0.17727999259811072,0.18536023982508743,0.04839681501790568,0.1094175053342725,-0.05248671379680077,-0.04816852059880125,0.12138682970851832,0.0145472379966303,0.16616534050035883,0.21748903480481824,0.023442006622476044,-0.22074778671793535,0.08647785193952758,0.2914064364481235,0.24742238040991807,0.009222034134052152,0.10422090874576886,0.10472301701383435,0.2157660817605373,0.02332901332438957,,0.14782470084709518,0.3349132468395302,-0.16975314619659623,-0.0459951045742252,-0.07095336344193312,-0.1373979410340632,-0.1637345753969543,-0.09087478082117122,-0.08046057806944662,-0.11114963780999529,-0.12984609536433084,-0.1033111608766314,-0.037930169485426324,-0.1251492372200246,-0.13064375163783265,0.008984805750351033,-0.18456702384041818,-0.13235002882967395,0.00198212617250041,0.1269304750005576,-0.050244398451341224,-0.08979448331128387,0.1940575397100008,-0.06961141889234662,-0.05874741269898629,0.036908275229735416,-0.07473922331155496,-0.16560099952052268,-0.0853460618520941,-0.19920886360323461,-0.35603244811735507,0.036554628340443665,-0.05629980317833251,-0.20150397278531768,-0.01257517421631381,-0.22758664568524686,-0.22101613960271563,-0.15328898805143076,-0.10891639745852884,0.10470559010159775,-0.22288568301827755,-0.016936409273423447,-0.09890435367160483,0.013197687136025413,0.09396447804220116
Temporal_Inf_L,0.16328480033492027,0.10443075981533707,0.23218117598826515,0.2687633335717059,0.2039544864222158,0.23481712285595974,0.25931979711361786,0.10729622905012605,0.45079181934082174,0.1354232546588999,0.3724291429049226,0.09932059099425358,0.11409082579123499,0.09971063909394576,-0.19046209968319208,-0.15324630013837304,0.3053989455018031,0.31502280350007617,-0.31382922930530316,-0.12032252823942012,0.031163397285617605,-0.0850321062161624,-0.02234382220527168,-0.011874126448224194,0.23078242704946292,-0.10511948883412943,0.09337835606656715,-0.28143630739320963,0.01886542935524854,0.18792915911207472,0.31971936066485146,-0.0005677027303975771,0.07736152773397084,0.12120563086327904,-0.08705620938916604,0.06133473484448834,0.17502883566466987,-0.01726597334300633,0.22287062338200947,-0.03453375190807357,0.3227159280651056,0.07842739691751309,0.029397461084763463,-0.061937050996642116,-0.008465544812836177,0.011669596604114985,0.01996537184739065,-0.08158439930931331,0.03819698211191735,-0.05962350077802913,-0.033052235998575395,-0.02575037288112419,0.0786641479069561,0.04582069362300653,0.30538391513996826,-0.0696481945096597,-0.0037261143131735856,-0.03532304360883819,0.04688672447555428,-0.12804641214593504,0.22084167563930548,-0.10871613667201883,0.015113696526102137,0.11359218807150412,-0.058106055427393444,-0.039888131368724246,0.039725955600795636,-0.01631178891656175,0.18715879882911945,-0.04855014598585037,0.12688336551266813,0.18035152179520525,0.014294445863257397,-0.04570426235932034,0.2904460990984089,-0.1143326270910636,0.34508803588090514,-0.07022580323471801,0.3872006537268566,-0.2309524910670875,-0.03819278138914031,-0.17727999259811072,1.0,-0.3178855372833917,-0.024773784764182065,0.18076771287754576,0.20611687077248528,0.056094564926661705,-0.029154832508491216,0.18735716784385062,0.09895664128106348,0.09429702317323421,0.20991679865191215,0.40510800915278616,0.1813445709024504,0.13386514919448994,0.06992698659670725,0.20000447531783916,-0.04482572683496084,0.23394806037486435,-0.06485960641318751,-0.002201889143511852,,0.10772854827577968,-0.03651183250812368,-0.1360890570318298,-0.0007126019794392607,-0.06985660791502754,0.029244837626728762,0.0575564802383732,0.1757769301120914,0.011498584578281885,0.1231581662402902,0.050317229458369375,0.054331260446031114,0.1929063174405079,0.17631939671021044,0.19404754334541843,0.22664028286763716,0.056192985232377576,0.32654861521156175,-0.12409322591414264,0.06315299668409964,0.2645525164477834,0.10470018358988081,-0.18539223827570084,0.0438090434783908,-0.06550807054500771,0.0746524800632383,0.02627688160562942,0.1976817836116085,-0.09152158236340809,0.13302622379246978,0.2875617873014851,0.12525429598405421,0.2680219637741505,0.24976310487984277,0.12836823271534997,-0.22552080627967996,-0.1396485879027879,0.09654328259870872,0.13719214469712207,0.1360408137128574,0.17600690314138773,0.03551395646240918,0.0006800151801444962,0.1525639569769839,0.0033628287589124004
Temporal_Inf_R,0.23018072737170914,0.2910286651081184,0.10223772923192818,0.09083883045935191,0.14024871510001197,0.1602115159103476,0.07840979138235016,0.4233235072255037,-0.24717328082312937,0.29769845920746074,-0.29529383773173484,0.058812417357420974,0.31099865941511007,0.4636793853556462,0.3583617070890571,0.3499369386851758,-0.0046994326718198575,-0.07036914439230278,0.272128253023964,0.5753011060550566,0.26770661106883614,0.42919540172221116,0.16162905375863176,0.38389726707645594,-0.16775254815024723,-0.0015151994701225022,0.2742553848660245,0.4372783360381761,-0.2042561063870844,-0.3602605099099438,0.04975727386016428,0.5355834895339462,0.459254628734399,0.4388893977109085,0.39178651377566426,0.03403074571679259,0.279510415054489,0.5711602135413726,0.28502782510054314,0.5872182312786116,0.09454813287803132,0.49924178671556607,0.1925353837396483,0.5124623411034172,-0.17995153550609616,0.17282804983330746,0.3218523890511343,0.47547124401340973,0.15237311315446211,-0.033873699250362224,0.01576008653708271,0.25610403813180216,-0.15020101029509167,0.24933740308954486,0.23876115571592074,0.6196087234448296,0.27655672580056984,0.3566011690131652,0.06087525463115969,0.20056904055796906,-0.013015198174736167,0.525983435282128,-0.003224499710176314,-0.39756282199388887,0.30040268503688283,0.21882822402540128,0.4233483743294062,0.4493522994629944,0.24908452290699523,0.5025257830897315,0.36432182506828603,0.5048150105659142,0.5893562627170541,0.42225533134885185,0.04098486473946446,0.5649355155899818,-0.1429331706285286,0.5799226417612061,-0.21507685280394756,0.7013789864657675,0.0188327699326313,0.18536023982508743,-0.3178855372833917,1.0,0.11644075097008551,0.25784245088813007,-0.052524109081631,0.08582557460791085,0.5252117298649929,0.15053145514461225,0.4834544596236124,0.3575168818113959,-0.2038926636560526,-0.4145501316893009,-0.2636875226151565,0.16683572516193282,-0.09880857818307574,-0.27342743432414124,0.6011067836139306,0.21405648158762935,0.4477057914552079,-0.03308186134386217,,-0.08800358387887215,0.19314793559044321,-0.13872197164282707,0.5289122139150914,0.38132414319525487,0.0776951094460853,0.2167837195021651,0.49744152943652953,0.4595173341203092,0.45368354424499635,0.22492449367850362,0.23485331931677805,0.34015224370171115,0.2677068712411009,0.2828754665791039,0.18318499149740522,0.3088038226200263,0.12358439487577935,0.49763766796532555,0.24843721989104628,0.15230519525560265,0.06618160038310485,0.5597651012629089,0.47656100214794495,0.6208770419104456,-0.2532045190526304,0.34795996756785286,-0.3241966339803171,0.4582722702809166,-0.19707091790537354,-0.050990851330939134,-0.023418511237945364,0.25442209354867357,0.23589931402025946,0.23725846580805546,0.5123284587041208,0.4057967421004668,0.0884034747610857,0.426320550898213,0.26231461267447975,0.16697298562956228,0.6396916369305529,0.4792692583061301,0.49025997935345955,0.49795279669726755
Cerebellum_Crus1_L,-0.024963742258159585,-0.04532793376059727,-0.17130304288601136,-0.14222321322179834,-0.041535558280959374,-0.0985546884307462,0.0034207318593213985,-0.153206303953267,0.022508237388664705,-0.007756902479252676,0.06114646571531577,-0.11882557871156756,0.016706034503257677,-0.037664822353272676,-0.05609756920285322,-0.24221517997933445,-0.17484194002212183,-0.150510826555681,-0.10706451109998642,0.00048525528389230797,-0.21446341274730282,-0.1192100438863409,-0.13943133026238766,-0.17291308798517843,-0.38698737561530844,0.06586123759317718,-0.061520697577535824,-0.09984659116699782,-0.09110248714318064,-0.21272234277091168,-0.13170039808136033,-0.10207260860708968,0.09649336624863063,0.06965515005174386,0.2132218762219448,0.24064842737616315,0.08124984178138658,0.018557628351008784,-0.011342406091973527,-0.002988980969584357,-0.08205759417998508,-0.02188911339532171,0.29339247618388997,0.16381392468160916,0.29754201121989127,0.017128314291792658,0.3414167670821027,0.24691942075544177,-0.1450780309480133,0.2194864566515945,-0.07807082369822124,-0.02679078406173648,0.1715581053221776,0.1288356186206388,0.08925141666717544,0.1587237964921632,0.16045525470916708,0.13433925064643268,0.25270682223529656,0.2156301506953014,0.26729041580866636,0.2846858135443682,0.37159930048130896,0.15770863019082748,0.28849933770954117,0.28981914042793655,-0.07394638283162068,-0.08709495469833363,-0.08168021719205544,-0.05897142771675437,0.049701131093805646,0.04844416900105494,0.019857663914733845,0.1379823287188784,0.10180388277776747,0.05573814202608955,-0.28428725165780644,-0.18132154426173896,-0.058371395427951785,-0.014505793812050994,-0.07228655991123896,0.04839681501790568,-0.024773784764182065,0.11644075097008551,1.0,0.19602843436245632,0.3482599206144348,0.0725394743518496,0.08224572653279026,0.10492769959644735,0.18658194199622719,0.18692018179670103,0.04125313541554859,-0.1954158148276692,-0.029452741207222383,-0.0912258552634144,0.09112704805110224,-0.0034412077924564186,0.14046188362526266,0.21408419857152708,0.2145384786891838,0.03639974968566853,,0.10244523810481337,0.20454170159967253,-0.2282436638799104,0.026462982810624428,0.03212014408532805,0.21479218239184208,0.16463084722909604,0.16907002953404648,0.15072990499000677,0.08677397264039972,0.11140062627316559,0.06038672207140339,0.14109462769707132,0.0038924031314304685,0.1856909535870519,0.13654795056435384,-0.003793370540583305,-0.05103549503997879,0.16033490694555252,0.05642931860005392,0.19932395640323622,0.12945555306420062,0.1186254008960652,0.17451487946037508,0.09680950942585195,0.05946999319211149,0.058118778522606475,-0.19035820080299737,0.04103485871483852,-0.33621699107198916,-0.3121515698213899,-0.19644139382309503,-0.2547954753369457,-0.05863215931107474,-0.0788823570900391,-0.12948951142070708,-0.2188676201386392,-0.08436238346913637,-0.08967900740356549,0.03888588625743302,-0.2085177194133762,-0.07583785423506761,0.035339295794727346,-0.026020859133423748,0.03443473894708775
Cerebellum_Crus1_R,0.025760082049944285,0.016653026862741994,-0.18746556744128257,-0.1687471265867377,-0.02326774902567888,-0.12958279231154815,-0.019365933047547645,-0.05222286822291401,-0.009441689064367768,0.07803571089948354,0.19966681362448663,-0.03183023255677997,-0.0183789502174888,-0.08257060444228426,-0.15682906620396445,-0.3113211793324763,-0.2654541078500444,-0.20931476034643465,-0.03593394206713459,0.15986897330215594,-0.3236101341601603,-0.1655613038399324,-0.3415127326742337,-0.21144133622917496,-0.29681838939991706,0.1209142037393358,-0.2516014887921017,-0.2811585646285039,-0.4734692984242298,-0.24089866321241302,-0.34561022593850554,-0.23437019877360635,0.0965662568235513,0.06296806751362603,0.27146038038860076,0.2826405479862859,-0.06900673208954015,0.0003214755374264828,-0.10386642087615358,0.08651009081314452,-0.15042078734574252,-0.09356182825134703,0.42443287028772725,0.4315831402467915,0.08554450896168268,0.05612149508835005,0.3735031620760075,0.4464351997534959,0.25008173454177546,-0.007369009131429529,0.12523278144914804,0.3472259019684809,-0.20438970259427444,0.1398058427874933,0.12079631360446655,0.41317234919990053,0.05118898666426071,0.03462701123367693,0.11479854226268925,0.1539243076705174,0.23249785196867678,0.35652942280696975,0.25670787148362173,-0.2448081038983179,0.27220933509740725,0.3009981292251538,-0.09720680128991868,-0.09093033789264786,-0.27337592581899406,-0.18271944010623356,-0.10124004689874956,-0.018015346201241886,0.1049801714107699,0.11701672504376151,0.11694444789535284,0.2015127179154468,-0.3786611363467456,-0.23928857355293992,0.014912508751428435,0.1733760167443992,0.13580277762812926,0.1094175053342725,0.18076771287754576,0.25784245088813007,0.19602843436245632,1.0,0.13373617982114597,0.5794112445840823,0.13417877347949966,0.1884275345290673,0.3536199060895029,0.3963188989771722,0.15763126246577136,0.005211288270166708,-0.021046787277850604,0.6363399780333536,0.09226317662493418,0.18778577549112974,0.2742137460667097,0.4539686724841332,0.3934403128639731,0.21146572816916862,,-0.06406335609363405,0.4648280761353344,-0.20789777432287146,-0.0754090416980331,0.1591314965615768,0.26619762492590643,0.13228451008572853,0.10319420069102095,0.2877413652969511,0.09049821880432957,0.08460315180212974,0.18828405065924222,0.06713232381129065,-0.04047538894021971,0.16903147988851983,0.09101191052081455,0.09420261980642512,0.025109648954403846,0.071860264513399,0.1700194343218149,0.003953088749124393,-0.049757800551512875,0.12743315138522335,0.13611401606565926,0.12980225098758263,0.1176158322133991,0.1449964608064015,-0.21931029666369362,0.05934118187850435,-0.3794605207676069,-0.1922628920947549,-0.2797619269409428,-0.10317277559424753,-0.07033366109970474,-0.14699772069051145,-0.24770822920150737,-0.35729276123386544,-0.24165640239450376,-0.15232976505309742,-0.002300504170498035,-0.28437285608975027,-0.08977288044715577,-0.11239442978782026,-0.01534607801705127,0.17642661834421616
Cerebellum_Crus2_L,0.03518759736733032,0.005140772163162607,-0.011871153281403646,-0.07909895110430451,0.036234307345480055,-0.025284849060587453,0.08668896617894291,-0.03137486409429397,0.10515204955142314,-0.015274615297297199,0.05700163772088705,-0.1270612830878749,0.022535824132449974,-0.04437872724575301,-0.04515496403165377,-0.15637719335380218,-0.0484925546814834,-0.006253962154377023,-0.012014761295814486,-0.12054040357480543,-0.17650664812542555,-0.1555517277641545,-0.04766539207421894,-0.11775465974795325,-0.1910139124392385,-0.011522757344385725,-0.12607007215079763,-0.2995276709897249,-0.36049525237325436,0.11951709590333154,-0.07301969620007728,-0.1134790702802397,-0.09082005618647652,-0.07186539246777095,-0.025994019083272125,-0.01475277175467777,-0.0017080326444251692,-0.06930043406762564,0.010896923633464896,0.011316428390699056,0.05159858869973312,-0.038772168742831535,-0.017729807913816606,-0.02883296792915521,0.048217956417528914,0.20861514751556348,0.026099341004790267,-0.006146099470396293,0.0394293427733173,-0.11136254420383429,-0.13276494673962813,0.12072720442678386,0.18423968116281142,0.022845868784941548,0.08718894016542833,0.06426982241785643,-0.13659442413862727,-0.1610347282502564,-0.13104466114630114,-0.14427178379750613,-0.09907794347673891,-0.014742563361789172,0.29495447922081597,0.024187197352810753,-0.16815079825426335,-0.09345116234684923,-0.04386825281351795,-0.002254174997078276,-0.03039101032204511,-0.10777785185201712,-0.12882966452679048,-0.03998491407703758,-0.07165347525896593,-0.12451628248511833,0.0796221250153563,0.012160550686571908,0.0061873601880638625,-0.14995187802531093,0.08321140477959886,-0.01623107884873278,-0.17961878078104576,-0.05248671379680077,0.20611687077248528,-0.052524109081631,0.3482599206144348,0.13373617982114597,1.0,0.1170262763929633,0.015152233556928544,0.09675594628851049,0.03953826037022143,0.09294614721484257,0.0443551615389536,0.0718235594284856,-0.07249207564608981,0.08373856603619877,-0.15755782088336848,-0.03373632387673355,0.060478088029875594,0.0864639667281934,0.08512759005728998,0.003138759967324258,,0.02436019862506185,0.15665327735845302,-0.04268320483883719,-0.0646084095100499,-0.02006452649111474,0.0743240219928216,0.08355824618578811,0.04608553518060611,0.04212227382627725,-0.0060259725770121534,0.09521410425279081,0.05407682075273487,-0.06427803304190581,0.046147079828529176,0.03141306534342529,0.015710522079328028,0.0328933919789416,0.05426913981490042,-0.07668718857533137,-0.013209326497414636,-0.05799407123867438,0.13780646663894597,-0.13385478554213912,-0.09031535401142322,-0.04911234697815208,-0.06904956771410316,-0.004976259235911089,0.02737842084025686,-0.05132198496702395,-0.054687352531851745,-0.027338971740114418,-0.04623237492561323,-0.08108188638075838,0.02251074882039268,-0.09194991365666164,-0.148686737225057,-0.19227779989671093,-0.06056516600177167,0.0702927643275189,-0.058027420915266636,-0.012259114949970746,-0.1805093846962532,-0.1247464983903124,-0.025186412860307882,0.02247700591217355
Cerebellum_Crus2_R,-0.06776195384797544,-0.15180111131267132,-0.12816609645304314,-0.0601380334500878,-0.01535523744992178,-0.10673267972305948,-0.15920675830140726,-0.3165876717356977,-0.08762464117620397,-0.3908049913441818,0.12586567571384766,-0.3935439200762552,-0.11681537955917472,-0.08527882583869349,-0.20607418864436963,-0.20347425255195387,-0.17045529302944534,-0.08584328878028319,0.023380222934586806,0.12284795581271865,-0.1554033667957128,-0.022492694069629022,-0.08449942609422964,-0.19061577791939502,-0.2784306865104489,0.1856811362601033,0.009321569137735153,-0.08814523804411738,-0.3968767648298594,-0.3980311074743481,-0.10453058086957581,-0.24532114175284334,0.024193000508330727,-0.011049159849015366,0.01920700976069997,0.18478804572213736,0.030463553367110173,-0.19936194150521996,-0.21116275336575982,-0.3435783356206902,-0.16486479909868304,-0.072280256557825,-0.01759169019391257,-0.11016374009224733,0.23672343240418242,-0.3424774375495206,0.03052628507441367,-0.038527913985466976,-0.15480786825473647,0.31989116732364936,0.24117187910289728,-0.06156210239916472,-0.12068446884843466,-0.06068176135284274,-0.22959354400474535,-0.14069123144250328,0.20250363551445544,0.20485406437028703,0.32644919764680025,0.411009538971235,0.2781158577240006,0.14162153937857844,0.0154830908916983,0.1460423067295521,0.31149360879670906,0.2670162759377236,-0.10568833623095282,-0.19216607562989652,-0.21626607239559217,-0.24385376949865326,-0.0608794071817097,-0.10426567990385516,-0.08556648951295653,0.3068142045121069,-0.15181553910430887,-0.29049140881041585,-0.28119370439002583,-0.3023122577967806,-0.30007265942517564,-0.3133876467874385,-0.002610285891923371,-0.04816852059880125,0.056094564926661705,0.08582557460791085,0.0725394743518496,0.5794112445840823,0.1170262763929633,1.0,-0.2743245052676818,-0.32419993760619853,-0.2211924623301649,-0.20925618325522533,0.3458390625109896,0.34534565584156385,0.14951396536817585,0.41000801398534237,0.2025434124106674,0.5656060356430859,-0.15988463415469178,-0.08202369808149196,-0.14970785891174188,0.4308698168053609,,0.045051224679094865,0.058726326827681634,0.30724343867924214,-0.02953239900349531,-0.30568854862391326,0.08536736816211793,-0.009483404871144411,-0.0151108228837301,-0.02206760476548064,0.008498572626382737,-0.19897472291859716,-0.14552751649005624,0.028842713101664603,-0.2059912171721368,0.11973014795608279,0.1179923585199383,-0.037389074567715536,0.029432845852262066,-0.04645508556492353,-0.2139200832068703,0.25181686180758994,0.034432998434008245,0.10035364521267996,-0.051520992021117464,-0.17115687251401035,0.30179249089472115,-0.21544595324886284,-0.02158053066361095,-0.24834337390725178,-0.43532585274731966,-0.24143363136026774,-0.08010457463453081,-0.08174418217262694,-0.026816841267187506,-0.013670650469195645,-0.22316096782131958,-0.18299072608011108,0.00585870837608994,-0.32011087361473933,-0.03874037294670423,-0.10081659865400867,-0.15081185692946264,0.00868023916349338,-0.30051521032065925,-0.20582067588223474
Cerebellum_3_L,0.1980792729080977,0.2862110627084093,-0.014372850831235028,-0.08884836584881008,0.022574127144811378,0.10275928800756273,0.32135729326962725,0.49820355251439313,0.12620971493148947,0.50202458586295,-0.0073164715247985655,0.18226596502613457,0.34224219631210534,0.27933916053692975,0.26040968061916125,0.1145167712699402,-0.005416921526969605,-0.1013679230520334,0.11626790768738665,0.3226929395073762,-0.08410154240855937,-0.059930343447602334,0.15370726743642105,0.12186902823815478,-0.06537073356968684,-0.09010726000233825,0.12478107251384267,0.15769071703359255,-0.07230197189409313,0.1017159271756457,-0.05586282280918834,0.28834945288853375,0.24759990774535504,0.3038877404195769,0.3059926324974917,-0.15633377958902223,0.22627292477436609,0.5375439780380203,0.4848813871651593,0.7447589939903614,0.2181015605384248,0.26432535500906357,0.41811797951553,0.7028221666086091,-0.24316729287022112,0.5579498032507647,0.4579377457204841,0.5942760410591316,0.4210771380482175,-0.2915455679350589,-0.15264892463254037,0.37895037566290607,-0.037126685018696974,0.16096921906753012,0.6123206713524633,0.8010288590759091,-0.001544085388457524,-0.012427438670791834,-0.20604098852909344,-0.16341061770460774,-0.017884736293978645,0.3675879726333461,0.2941705597784923,-0.5961440272659418,0.006612494787927591,0.03743009973079998,0.34316626052816457,0.4247823050922101,0.16099391105640698,0.38640174829528134,0.20361760672004228,0.33672081922690217,0.4400667055077286,-0.0842046574071141,0.5379941344579722,0.7293008146554077,0.0804850955111962,0.39245554704252994,0.4081679570550358,0.8002595348891791,-0.18978912579141616,0.12138682970851832,-0.029154832508491216,0.5252117298649929,0.08224572653279026,0.13417877347949966,0.015152233556928544,-0.2743245052676818,1.0,0.6796593326045524,0.80466507400689,0.7572619020041104,-0.42957343311739365,-0.37488081093701525,-0.16025845861678573,0.27035840688116786,-0.08626626172151163,-0.3900042373720495,0.5634944575296639,0.5020688515984613,0.7657600583253992,-0.2859699157962945,,-0.21710976089123382,0.43412409592042833,-0.603966982225464,0.1769604011852985,0.48272777517409093,0.04055540045024964,0.23488066549723965,0.3102385855810795,0.4151911648052251,0.2978990549008648,0.28917146583946174,0.37458012837274746,0.24290759635441483,0.4197094216785112,0.18069773942364056,0.031639725080638594,0.26834358354365784,0.14433265976558363,0.3442211626490832,0.4397728366364595,-0.14094038281424653,0.07734168698692852,0.22561626160385376,0.2837658963892456,0.48314643478961533,-0.48533681975962323,0.39112512890587364,-0.42219851019912996,0.4229807955553513,0.12712600791012588,0.06627052203281068,-0.07151500218912815,-0.05540695815080394,0.16674277256826717,0.11889156416088674,0.26006765102676843,0.09429239740035467,-0.10535459284612451,0.5186080019469883,0.016112798028102615,0.09010165858494139,0.3726844776077724,0.21379874948158464,0.5827035479604405,0.3979350771825612
Cerebellum_3_R,0.21049163348253638,0.2812586324450078,-0.023274034632283905,-0.10823742812916942,0.02596533850515718,0.12329699270967492,0.33296264567656964,0.44164604451194533,0.2175365656327636,0.5773225546419419,0.013637569472509976,0.3488840404534843,0.3804020889482982,0.15088299870968003,0.1704471744931856,0.03847968735593954,-0.02462065461696025,-0.06700305438863532,0.05227482316503045,0.21560772976258114,-0.06926292564397483,-0.15493237107857738,-0.050288163230705174,0.028306102479765234,0.01656324568388506,0.10108358328414352,-0.14619832022813248,-0.18977082083737826,-0.1203377872278082,0.4541080339583543,-0.030923901483681515,0.15592876447615678,0.18424511320862688,0.21806042518972968,0.4085975568995343,0.08609892553479007,0.2641406687861816,0.5368666900684246,0.621300149855368,0.7476472847010321,0.3743908667441742,0.1884033644109859,0.5515182399841013,0.7288809463726701,-0.08170405446291022,0.6386391485558376,0.5761215820837264,0.6682900103680527,0.4278598099652746,-0.26991008482211915,-0.2189979618964945,0.4354477374670723,0.032909804381987956,0.1412554282460669,0.7023722247413341,0.7757324292678296,-0.0425088083966097,-0.0868059256877734,-0.22711022946352255,-0.28498347302789584,0.023824852542006787,0.3038146101537358,0.3465669769838483,-0.5351652066152917,0.008590161014368098,0.15501475060516748,0.21597333354500556,0.34305286959039455,0.2787124851118539,0.3575972926216942,0.19356875140113303,0.24685774607179012,0.33787820409980296,-0.3302313966184976,0.7218137822463527,0.7369996603796918,0.22421076359123224,0.14743999087886447,0.6588881373117089,0.6420021904237692,-0.1232074068385481,0.0145472379966303,0.18735716784385062,0.15053145514461225,0.10492769959644735,0.1884275345290673,0.09675594628851049,-0.32419993760619853,0.6796593326045524,1.0,0.7499597316381211,0.8791651424406621,-0.2445567968071715,-0.15204015405388427,-0.006361671698090234,0.3686856695226182,0.054993554560715106,-0.2442975730299675,0.40082284049335204,0.7293993416783737,0.7775899114765003,-0.2643619458608042,,-0.30697887767667464,0.42411673406626355,-0.7748504060576276,-0.09125851919736783,0.523101923572161,0.24075186648582755,0.3278767456681994,0.2581085858221804,0.40523451598762783,0.19239341721648853,0.512427860925858,0.4901121694775672,0.27379240014535483,0.5549782556745527,0.210645258208649,0.07785342933179124,0.2523840740253797,0.06089770510767634,0.3542851135856867,0.6637816003089138,-0.1735653234806652,0.15928963276281413,-0.0067552036091107345,0.2527882473306174,0.37842554917233673,-0.2742778448998315,0.48941363210753397,-0.20351977495804408,0.3228669508002512,0.2262778457448491,0.20664207556224853,-0.07692793374674813,-0.10247497735922226,0.2040115480965841,0.056930314304085225,0.0834569257592309,-0.05247156115259226,-0.1399751900080645,0.48819734735261344,0.06708966312823998,0.1442856212802182,0.1290911034096312,0.04672669344408111,0.6012793359322444,0.39550343866011084
Cerebellum_4_5_L,0.17217560420209027,0.23729647853994532,-0.11675559911260353,-0.13495858316093623,0.0032691844791081894,0.03694905108572872,0.26106744432223544,0.3729836081198471,0.13401694398880257,0.5123876112941467,0.0923888192479534,0.22869046458646172,0.2943808614429431,0.17314490229424823,0.07938301388678844,-0.08172568381230587,-0.10963023954707052,-0.18407290050782762,0.045464991189950926,0.33713540156645183,-0.18319520552548352,-0.1411706784836664,-0.14498696622884555,-0.045174899429741955,-0.09554676871405876,-0.00048740348101424484,-0.07038831504054413,-0.11384628454115749,-0.11298218923036188,0.03521469123518592,-0.17883461481792387,0.143001512156685,0.2532868648600475,0.2908286336124851,0.4127691243568993,0.013236115201222733,0.19980388747977246,0.5177183378427224,0.47481676203700107,0.7050749196971771,0.19642655280853943,0.16893459306706732,0.6313285329579016,0.8034472259609727,-0.12521844842688304,0.5072713457408008,0.6688781301266159,0.7535418236947883,0.4664702047602875,-0.24196098132259536,-0.10743667647397073,0.4142999990638682,0.001367586013788186,0.26313882110036607,0.6538711569019645,0.8651197778804277,0.043203150089453614,0.00976115476689853,-0.09857044360307056,-0.08130927193234952,0.14438171089646967,0.4467729619871853,0.38453317369778967,-0.59925886582004,0.16158372031375678,0.18712258161550904,0.16571363498669822,0.25702775297369934,0.08697570395285255,0.31775756670306077,0.19706435608570327,0.3186584752753192,0.3975404045343376,-0.05740961337913811,0.566089846809782,0.7272938178640866,-0.09536209282440569,0.19318892228394863,0.42589310699132743,0.7269125250074395,-0.015788640299355675,0.16616534050035883,0.09895664128106348,0.4834544596236124,0.18658194199622719,0.3536199060895029,0.03953826037022143,-0.2211924623301649,0.80466507400689,0.7499597316381211,1.0,0.8695437393384428,-0.2549630769008975,-0.2510133244337351,-0.061381689427700045,0.4160451308228466,0.05231341310594466,-0.3330855243119231,0.6065536050704989,0.7305749763377648,0.8502788884003816,-0.22990116361406848,,-0.1466520931499501,0.5882791102126432,-0.706390958409685,0.10709853110360257,0.5348673366357735,0.14511038889702635,0.24584640451782275,0.35024668685742305,0.45776432672762785,0.2291225979539667,0.25819929226276,0.3515399994464165,0.24332401893417724,0.4035607675356672,0.1852733018100567,0.0903071731933558,0.19251629153211836,0.03150241122110541,0.32640045175426835,0.4767853926528545,-0.1372164626444333,-0.01720666500924394,0.20120858878614586,0.2919625886714993,0.42818931232913987,-0.38226131816645825,0.3742579734420426,-0.46466996467943084,0.3755030066797141,-0.09707220949560273,0.018514623893061688,-0.20007028963439658,-0.07850330151817407,0.11830302456496362,0.0037037164614107648,0.05954199286992053,-0.110196396940574,-0.16633246950271588,0.4188299851312849,0.11193430118702015,-0.04844681190988261,0.27130576733662504,0.15875324338128358,0.5801241325997436,0.4800322086606948
Cerebellum_4_5_R,0.18243432310432442,0.2568196097200177,-0.12950313221538817,-0.1764913931808393,-0.002409934665929373,0.006376417521122906,0.26846131538341234,0.3907408253739799,0.1551467519871483,0.5849309797690535,0.12324202403563884,0.3639769009326328,0.31026101461413463,0.11516193488775237,0.12894649914746575,-0.08038065071812829,-0.12127840101173759,-0.17897496696963425,0.04367727571503765,0.3610723425030473,-0.2008739084799459,-0.18328004740500423,-0.16464603668096509,-0.05349811305769429,-0.1452612282642536,0.051696570224669204,-0.15989261855026715,-0.16605691868780667,-0.16669281940986447,0.17613640119266033,-0.20275580733609022,0.0896781204804926,0.2216913677085051,0.2550182587188022,0.4516224656947534,0.13937903206653088,0.19132262554834914,0.5023479276627286,0.47561429151025597,0.7452983162065072,0.23933420301649935,0.12739022887368576,0.7287284670815956,0.8877765387521052,-0.10017864462710119,0.5846190382167037,0.7115288331638353,0.8150009516062598,0.5196399953152839,-0.26070788088649416,-0.15393425955737394,0.4881976639408869,-0.0006242712841447431,0.1646329559302323,0.6948874230945243,0.9215958003519404,0.00201961227131316,-0.04519366872650517,-0.12781196337439496,-0.12392783753761127,0.1534237076674843,0.4691770392414145,0.4879111851562789,-0.6192770980187485,0.13907525757638475,0.2250794556154507,0.16841094567215234,0.2502559838110831,0.07033255633014944,0.2746197335372166,0.16447036353331185,0.25628358575762406,0.4016924741940732,-0.17697743248963205,0.6481450262607561,0.7806755156978733,-0.05639308255031068,0.0992559108693676,0.5175649494146707,0.7517386570646473,0.013136094691889833,0.21748903480481824,0.09429702317323421,0.3575168818113959,0.18692018179670103,0.3963188989771722,0.09294614721484257,-0.20925618325522533,0.7572619020041104,0.8791651424406621,0.8695437393384428,1.0,-0.3389790200739109,-0.26041996284265195,-0.0781439328117451,0.5079854808341576,0.07133404730141439,-0.26648948121207683,0.5553445912118478,0.7959984736868688,0.9068677764295482,-0.19667361883738868,,-0.20997191184593186,0.609045130555646,-0.8312966406292555,-0.029296876197115473,0.5657576951277749,0.22734170987051247,0.29061157392839576,0.29455201713842555,0.499838845991554,0.22436136762461564,0.36734642982698745,0.4475031812890661,0.25653437488463277,0.4104020951993113,0.20446306488103647,0.07623904555348282,0.23426343750516054,-0.004813369941218952,0.36100937334326844,0.6041542568687838,-0.1754418770740003,0.058024421992915395,0.19167467800583607,0.3048643274658631,0.4118796361971936,-0.3049305869775694,0.41810565371556396,-0.4249237905447405,0.3463422392286868,0.0032742636460125754,-0.02805550888623659,-0.19897168883673577,-0.1510393819742884,0.10551552261429786,0.022890247118347834,0.011000349227259029,-0.16947074872666007,-0.24207834229411976,0.40592921240316193,0.10352518294328278,-0.0251205496133886,0.18686933294734026,0.05580124306918,0.5948268103295472,0.5244845454712158
Cerebellum_6_L,0.07053315715370735,0.03507438539565565,0.10765004898089253,0.21329242842913992,0.1812025943492359,0.16418628839125815,-0.12932803508044813,-0.21477712275678537,0.042481995671794615,-0.07862258688137502,-0.03549257282384559,-0.09355020043093143,-0.12033316626410263,-0.032591360277851984,-0.21595303049471923,-0.10006710910760165,0.07065464119399434,0.17261405880180533,-0.009155550654645201,-0.1028147271712211,-0.10069387037335248,-0.06392012880183376,-0.19871727099254904,-0.07483989136486498,-0.008424807738035424,0.22659984438005012,-0.13358186783424145,-0.3302054905490706,-0.0167472231647458,0.025606268348763662,0.03247176561317828,-0.13681744363824128,0.0671799378825729,0.024386897571606867,0.1506035760540782,0.30704935817030526,0.17958794150080482,-0.13217013448430268,-0.0778786902939723,-0.3370390756391101,0.05523570046825157,-0.047919703127427236,-0.027572184295800866,-0.24418246758730022,0.3881292340917738,-0.3136333281320494,0.015665470662802602,-0.1357208714259459,-0.17378480905301943,0.4156795744154539,0.2837000389722223,-0.16437539990845765,-0.10685650264136896,-0.019895346216800048,-0.3558578199302005,-0.3202674185869086,0.2415787102739569,0.227658780030583,0.3532599622866173,0.23412756225260126,0.2622495090760872,0.08028345559646606,-0.15845830830270605,0.3763074401406372,0.2767934077386519,0.28434884181349196,-0.13609620643754286,-0.11928125293344756,0.023524475188637747,-0.06465660376295604,0.055457747349035205,-0.04878102812359054,-0.18720234085055265,0.07862132592102052,-0.21542066102300803,-0.25458829783055303,-0.10305836039786569,-0.2990073277875166,-0.08912399725795876,-0.4090749281969492,-0.008410251271324042,0.023442006622476044,0.20991679865191215,-0.2038926636560526,0.04125313541554859,0.15763126246577136,0.0443551615389536,0.3458390625109896,-0.42957343311739365,-0.2445567968071715,-0.2549630769008975,-0.3389790200739109,1.0,0.4784735667425283,0.39785871679986984,0.08303590354548919,0.4088435776610561,0.5168664961522272,-0.4898408669175942,-0.06077713279208559,-0.2191262102073822,0.2009364008431102,,0.13925019588501936,-0.09634168687534124,0.3075316553801589,-0.05730636820091333,-0.2268141721955342,0.228222166188842,0.10076655051103506,0.029178830570168898,-0.11293922598116002,-0.02275002682634921,-0.0040248894176804625,-0.08659576981211026,0.04261738379660233,0.06646477261852368,0.14992972679675692,0.3524398499429971,-0.14704830381376888,0.20067981820574965,-0.1294835606399051,-0.021488527405228455,0.159541700088414,0.032639941604444646,-0.1951812538116644,-0.21027974722697002,-0.2889547432141804,0.444854252689287,-0.1480320148191057,0.47252193469844395,-0.34077808068951587,-0.15357530989913276,0.018328201732564723,0.15590367226728938,0.02020757259279184,0.12914756805797434,0.046833795024422344,-0.314759444950605,-0.15065720612714995,0.23912015733932337,-0.24739448820433363,0.1990317038778229,0.07209414095414413,-0.259236138446874,0.008994142655489723,-0.20158260554288293,-0.24810537701564322
Cerebellum_6_R,0.12128716542043019,0.021922041045909432,0.24001406072681075,0.24253390592924126,0.2979596756789389,0.22592757027536955,0.17972933117009562,-0.1115155612416201,0.3929924600847702,-0.09448736968323154,0.27585313427490926,-0.0228608226363412,0.055145545119580024,0.01663029507852691,-0.24057517503266196,-0.15724595620136586,0.257908143471557,0.3172627472457384,-0.0630846200393029,-0.1747150267949066,-0.04842227616396824,-0.150734410342243,-0.0354934522747871,-0.16314383324999915,0.24860339561236436,0.18038980402022578,0.030119106966779746,-0.30667620475039375,0.11990524298517827,0.14567013938961615,0.28363560109391733,-0.13014542975132942,-0.03511592813989876,0.008270853638431221,-0.10463792098564346,0.09925397396528562,0.15681421132628348,-0.11553699819062513,0.08949797368828327,-0.286301480961906,0.19064766387442786,-0.05379167167951831,-0.1195507814113274,-0.31894054977562974,0.08777904441498091,-0.3203011396440505,-0.04008891958065695,-0.23886427959061965,0.010793688869954778,0.1976613372642673,0.22570271485369792,-0.21284335214573757,0.01220545588989158,-0.14860363551011138,-0.09716349210214584,-0.3758072589526153,0.11648068218137322,0.11579023419965337,0.15982591091762757,0.17320211077591663,0.23821153758952737,-0.12444056017706198,-0.08379951452041648,0.23517510139369757,0.022483800187249516,0.05180644772508212,-0.030508267593757805,-0.09396999107284831,0.09879142333661002,-0.061968450381888134,0.0946995263145652,-0.01812281184179338,-0.15214400047867438,0.048000806816522745,0.11465823701555192,-0.3418120962058494,0.20219007825735055,-0.3171205700788853,0.21106416855901353,-0.4805755559620434,-0.008765224038176417,-0.22074778671793535,0.40510800915278616,-0.4145501316893009,-0.1954158148276692,0.005211288270166708,0.0718235594284856,0.34534565584156385,-0.37488081093701525,-0.15204015405388427,-0.2510133244337351,-0.26041996284265195,0.4784735667425283,1.0,0.48433281761526875,0.2035930112158461,0.4260973260151237,0.6387218512686896,-0.5101775983852594,-0.12504841988700865,-0.30793941450144924,0.21954263379980118,,0.04248010634811082,-0.04205719124850398,0.20906730594790815,-0.11252020463636012,-0.2496561500355529,0.04466280868369319,0.053131702051681544,0.005611229765301255,-0.09696790137085592,-0.008210110823920409,-0.06788611678202353,-0.02618913293651027,0.09922904857928569,0.06653815492702143,0.17112655155658849,0.26577217042381923,-0.013422148194226786,0.1789186313018784,-0.15046762102940886,-0.0647395467872318,0.2146161956936597,0.09365388148689784,-0.10211018919010978,-0.12491363047625599,-0.28648835335761347,0.3569942719754596,-0.14097503274435635,0.41013200216338197,-0.202924441802458,0.0664941290851455,0.2059520811087914,0.28981464461582807,0.11759608574317124,0.16965536645305715,0.1377469733411889,-0.28212488818540093,-0.14427635875750913,0.23999450762437868,-0.13109164318998892,0.16217757932641075,0.18673865469145345,-0.16895223251191183,0.03344328855272824,-0.10488289884100122,-0.2339725954818527
Cerebellum_8_L,0.18388492907504703,0.17800975782961168,0.12362640111338696,0.23970847312878887,0.2575685336574464,0.27799015878469224,0.10854765909855697,0.003367893062848784,0.23965515037898757,0.08609124819078365,0.03427385818959363,-0.014723673424924968,0.033771688239515936,0.12808416396013597,0.004793213980552484,0.06564245169136655,0.20720900930574404,0.3269182314843622,0.11931155748305096,-0.0031832039999802088,0.006133850297625732,-0.019655747369431452,-0.06590827686120099,-0.00834322241130512,0.19213695392403896,0.2371528829543567,-0.10290566876892394,-0.120417617961058,0.1463867257754074,0.23342606243519526,0.20139694489797944,0.002819110493175298,0.057287689978129046,0.08684296108845978,0.03067898393222356,0.16832880573826672,0.2538045435802691,0.019582369598475532,0.1428308017787622,-0.0831973739595442,0.357537671947293,0.10101784408248389,0.13085028215223002,-0.07290912834027344,0.3342234690412921,-0.1588292277191887,0.16852799560688417,-0.06259129687141314,-0.12450259078518786,0.2930979439838287,0.3343237270902621,-0.15022876202576027,0.05231395799112842,-0.08268704814099068,-0.0074033706187220626,-0.13369369844967974,0.21397431528250033,0.2232651877295045,0.3204806769114699,0.13331614807445238,0.3458161230642944,0.10576452264185428,0.006955027953205834,0.2624881265754383,0.15265302364900313,0.18110215541903502,0.05243947212191774,-0.010370251829691434,0.1761752885210763,0.12701557872247995,0.2525337920167252,0.11578238985650784,-0.12574018789106917,-0.016981632321924008,0.089892271047205,-0.08973570160873971,0.07188757281369938,-0.16218249634892742,0.2767233209834555,-0.26178982238912724,0.12690294914102346,0.08647785193952758,0.1813445709024504,-0.2636875226151565,-0.029452741207222383,-0.021046787277850604,-0.07249207564608981,0.14951396536817585,-0.16025845861678573,-0.006361671698090234,-0.061381689427700045,-0.0781439328117451,0.39785871679986984,0.48433281761526875,1.0,0.34416122300359475,0.8038648808574897,0.6971530284756335,-0.34086453071570305,0.001939544580099354,-0.029680137742550648,0.1832010765167955,,-0.05860417549634457,0.11244951187100852,-0.09590921444216786,-0.014731961543468031,-0.24861968110047306,0.16714990078768371,0.12299311990085961,0.09259472740883042,-0.09585841279122038,0.09281446191346383,0.04508419289862206,-0.06640430754631657,0.20906256691480335,0.25384152447704994,0.19890792478426705,0.42548670442201014,-0.03850368454922493,0.20753217937001242,-0.11222867133284783,0.04975833524139857,0.1353753910346402,0.13224047847487913,-0.17605771824304955,-0.158232099304115,-0.2869786183389844,0.39693929416915896,-0.18206785158760752,0.3341558100106115,-0.25817307355677477,0.06772264395400461,0.013245785526663159,0.3104931640066636,0.08766889024698231,0.19909875699152105,0.2811989118712229,-0.15871812137907806,-0.03846604800573678,0.15220478386722341,-0.034335032845024246,0.2120715718395774,0.17517442838718733,-0.15617410511582072,0.11238723637193757,0.07394915411591617,-0.14441626176356062
Cerebellum_8_R,0.2453210667728265,0.2671931759325534,-0.0025108435424231624,-0.00569748733555114,0.14871516148946679,0.12169652931142677,0.18416492536846485,0.18704175166179532,0.18983923651011228,0.3024562625340015,0.17600924258751524,0.14241157862420492,0.1582318394210562,0.12605602461191542,-0.011327855355936663,-0.0946497456076762,-0.009170438544381512,0.05169357740081672,0.16780700746053506,0.2357584235365624,-0.219417774794542,-0.16544305923194222,-0.1876914008722864,-0.12527647942506817,-0.1274046040167808,0.26294825763406715,-0.27875991452017707,-0.28536201388012145,-0.39868607248369164,0.12687953617814873,-0.13805869540731577,-0.06155039575642802,0.11355785130534377,0.1480037601171861,0.24394899232533962,0.166143610073564,0.16421883402063056,0.22669863336940052,0.19867678819199994,0.3217093814790781,0.2680309878434018,0.1322617476336314,0.4334616289910112,0.49234123775987654,0.020401115792100667,0.2957065522966482,0.39433210822277515,0.44586337827097877,0.4250834720762171,-0.20918534617038267,0.12272013810597322,0.3260912977042688,-0.08411409043639585,0.052434067994135504,0.2543940392650705,0.5023891265458166,0.04090027006015959,0.009318269947465452,-0.008196161720398358,-0.04679204485573003,0.2181400257635619,0.3022300186291934,0.316250988702091,-0.3801286308373578,0.07699692227003423,0.16884929031606977,0.11043477385184791,0.11285604265783131,-0.022407729928252546,0.11078394946531496,0.08662329513536816,0.1375486616456493,0.18430925940824497,-0.04444293208752387,0.332545183094772,0.3834510735468192,-0.12461538378046035,-0.12398473956311555,0.35861233693230354,0.3087365178804666,0.05702749413902265,0.2914064364481235,0.13386514919448994,0.16683572516193282,-0.0912258552634144,0.6363399780333536,0.08373856603619877,0.41000801398534237,0.27035840688116786,0.3686856695226182,0.4160451308228466,0.5079854808341576,0.08303590354548919,0.2035930112158461,0.34416122300359475,1.0,0.4131709305708263,0.4032748826938093,0.1691855231332809,0.3629667768358869,0.48778409565885017,0.13982627445598092,,-0.1349034397588537,0.5852871846886415,-0.2687617654317478,-0.0548514644059229,0.16234787076970225,0.21910071803890957,0.20613558207429633,0.13597448730886946,0.25618220667156943,0.15485018450775517,0.1912668547234029,0.2465579662194239,0.19951697461904364,0.2813010984787252,0.16819117324641422,0.2192546085316557,0.15448635056644971,0.09873305078791972,0.046143043441375896,0.3537744196935602,-0.10680924559272773,0.04646747202743536,0.02906359220710324,0.03999260627624125,0.07057565683552927,0.10226570875265223,0.13800190966195028,-0.040178009693291605,0.048532264719412486,-0.08596003740573809,0.001959289050276405,0.04587528168789468,0.014599429466322323,0.1342535207763375,0.15792644286592222,-0.12347084462972412,-0.21948461791285834,-0.10687613631228338,0.15366513264530632,0.15105225613736514,0.02787971584988855,-0.030198249605286547,0.048395602304526913,0.26462249132710075,0.24604332782136698
Cerebellum_9_L,0.20487893034086435,0.18236506436306868,0.05910733371988867,0.20378158822747966,0.21956355079570256,0.19062494833554766,0.0287144322445127,-0.08751247558267863,0.14926547551568323,0.13120366651272633,0.05766850993048535,0.07462901096667886,0.09460628470595513,0.1253230115889371,0.12299504418409207,0.01363940154358112,0.15434267023934248,0.23369780558163036,0.06324511783671599,0.11279129090463628,-0.09810101462878601,0.016522464286915294,-0.17072564208922117,-0.007886255699956572,0.05681900560430548,0.21672137750926151,-0.11424595304214137,-0.10050868217476813,0.21021034239775746,0.008445084964165543,0.08160711555114804,-0.040141309393658474,0.2177715409095541,0.21046260631708913,0.3417534963067638,0.4808470029241554,0.3924641682382229,0.19069652850520308,0.17815517137962616,0.0019206411439304536,0.28848587036014745,0.09594857538139731,0.4232174349237739,0.1413547268536729,0.42881700054965854,-0.2498931057018193,0.4376871390983456,0.2608515735001671,-0.0521614060090598,0.4266987296902881,0.26211903442581946,-0.13582469059611801,0.0489343333510649,-0.16676224121069586,-0.05519303579697883,0.033834884215277965,0.40226632313561006,0.3734364639050719,0.4822687166560688,0.39645404757199093,0.5700212399550978,0.33125097037980916,0.11642695887005033,0.22140288101147082,0.46303680600833813,0.5208054139428546,0.07124516485687347,0.0014760680287257957,0.08862150081261938,0.17147071076928222,0.3429903829968933,0.12219009330330464,0.060974791773004966,0.1926547312545291,0.13507149340382235,0.03673974646893708,-0.20203272802623493,-0.2543979553917648,0.17865886964763653,-0.14542926941687365,0.23919021244197394,0.24742238040991807,0.06992698659670725,-0.09880857818307574,0.09112704805110224,0.09226317662493418,-0.15755782088336848,0.2025434124106674,-0.08626626172151163,0.054993554560715106,0.05231341310594466,0.07133404730141439,0.4088435776610561,0.4260973260151237,0.8038648808574897,0.4131709305708263,1.0,0.746164423506796,-0.3030096414457937,0.16666820707982202,0.13144179574096984,0.21755407333951418,,0.023713561423372772,0.295418348383739,-0.15081116796196162,-0.0018873959255030976,-0.12681164483541663,0.2700869323541167,0.2707715405769808,0.14907502837676734,0.1041345718071828,0.20740781122480573,0.11502718127339562,0.0556746553240974,0.2898983475949987,0.2301026130939085,0.34487836516697024,0.5192494812847703,-0.013734521683422691,0.16715801865922122,0.13794040357020174,0.2687940274320547,0.22197099264299866,0.12539626128454287,0.1308163141675388,0.03490105428082035,-0.14046288884463085,0.4795428131662428,-0.10561560615419048,0.2142478740954783,-0.17803603212879912,-0.12110676734067068,-0.12448347247831312,0.12176173924561218,-0.03909198524338767,0.16405233222618482,0.3063882866932261,-0.14904684110113595,-0.12851442711208316,0.20209627795654453,-0.09795698554047534,0.3410445908369592,0.06676334648880988,-0.12680596542397266,0.20866127638740906,0.1266693217981373,-0.02686140194595269
Cerebellum_9_R,0.18476511988958189,0.10114196230082276,0.19726692172054133,0.2889138059543488,0.3066763080411028,0.243026599184685,0.07560688115694206,-0.1639042549314352,0.23660148753787053,-0.09743622205864688,0.1643970725291523,-0.11883385042789253,0.056773003382393966,0.130525062095606,-0.034823129481150066,-0.008470419095573486,0.23574144184648377,0.3367373397084582,0.06620133287684239,-0.03689122216079484,-0.0213923460433448,0.018791410163380644,0.002810447764446487,-0.06171252788161233,-0.004342144388990823,0.251857405741597,0.029880764162378323,-0.08807768058922202,-0.023102405572280195,-0.054564250527464345,0.24221965142666824,-0.08037912939405091,0.1312340543002358,0.12417502913452166,0.07719843279448627,0.36790030795871576,0.2722023754042366,-0.04982738485476958,0.006908430365718968,-0.29113447311479734,0.22325762503919372,0.09620699814141959,0.049268923901589684,-0.2092805987724827,0.36838975538845087,-0.40031419699264653,0.09953369922045933,-0.0951971172611448,-0.1647396166304906,0.3921278603885012,0.2965940235454731,-0.22046677993658736,-0.04284679385506238,-0.21602349721402336,-0.19782701626155014,-0.3037790449500773,0.3432146149327085,0.3494888938769477,0.4616836734434243,0.38264796665941947,0.48362429364266657,0.12679807993583417,0.0063242052744251695,0.439646766750291,0.31257361896869273,0.32862195229052404,0.04716872795546638,-0.07876145907822511,0.0897173507902982,0.006997527391799609,0.23211971834413392,0.0602691978932475,-0.07103216358046956,0.2793741638011151,-0.011669941717763525,-0.30153578452999436,-0.056982223792676694,-0.29791664185179867,0.011074865606449963,-0.4833184799057747,0.09169215075045407,0.009222034134052152,0.20000447531783916,-0.27342743432414124,-0.0034412077924564186,0.18778577549112974,-0.03373632387673355,0.5656060356430859,-0.3900042373720495,-0.2442975730299675,-0.3330855243119231,-0.26648948121207683,0.5168664961522272,0.6387218512686896,0.6971530284756335,0.4032748826938093,0.746164423506796,1.0,-0.4745091029755184,-0.1366783956413631,-0.23542259421290984,0.40027205629402024,,0.08387290071138769,0.035709427545547075,0.24780917793067003,0.03126109712351961,-0.3400369700813457,0.1842965222010417,0.13747389477280977,0.07516215550399774,-0.0314118352492737,0.1063963902250346,-0.005544557787658146,-0.054454075345884326,0.23994194428160986,0.028645886263755575,0.2813028807858833,0.41797124835347627,0.015336843601426493,0.17330111122247197,-0.0056361373632567826,0.0169602891655211,0.36831667871305773,0.23632149471307917,0.019968308461855537,-0.007981331541115478,-0.2495920302228257,0.5843155166191701,-0.19533886321558822,0.3651849258743682,-0.2637614454514142,-0.10458358205506932,-0.06732475515347519,0.27852219609337747,0.09889998488445202,0.18817234102828231,0.28331923771942186,-0.16111260817770157,-0.06044682937587144,0.2717033810244679,-0.21723282230230806,0.20967384155471755,0.1470713929221261,-0.15146482950056064,0.15840580081705088,-0.14358136639030936,-0.2742707513304122
Vermis_1_2,0.19797872472663847,0.2308638854543728,0.05360165625827545,0.027839890393706886,0.08478869300760328,0.07435087774179311,0.20975507080119385,0.4157950554572931,-0.008106158252143234,0.3898551004029058,0.01613010449579183,0.16766165499245167,0.2877738843258803,0.2736008708816772,0.1746042158401899,0.1219941496109399,0.015521857003108402,-0.07546486112447061,0.10188369613425204,0.35982500568313885,0.1086917345568056,0.17727140953203516,0.09614772257954803,0.16935500321029523,-0.20524390652442268,-0.11326147939246421,0.19246344705154164,0.23541148813190357,-0.20770660620348666,-0.20392213726022415,0.0006340474301452276,0.34070534956572973,0.32729568319473956,0.3285172045077908,0.20284758781191423,-0.09406144043178176,0.1383900865010943,0.4321946089668517,0.33443029689264053,0.5762298410064394,0.14285122079935889,0.33450466646842436,0.23202088567770726,0.5333842430007142,-0.23648487433530982,0.3493780088837206,0.344298452199213,0.4646280835142688,0.1468874320735676,-0.2769870208412162,-0.14798721650741006,0.24782426153679588,-0.007789164118834109,0.22610523137178729,0.5322336624555838,0.6548341501555974,0.10201592320766838,0.13740629102391155,-0.08573875969410698,-0.017266972322726826,-0.03213954026143768,0.37895786067651205,0.23211948941382826,-0.3722182766427693,0.10670104380295979,0.03428468901223203,0.2850342042408798,0.29141150807131794,0.14388387805615713,0.29789659936238616,0.185799410716305,0.42518623330068683,0.44698764043466394,0.1704858620402428,0.27815254513057946,0.5408473985478679,-0.022141311900345417,0.4465330590908242,0.04350438156459122,0.6285671931367705,-0.02205424820855476,0.10422090874576886,-0.04482572683496084,0.6011067836139306,0.14046188362526266,0.2742137460667097,0.060478088029875594,-0.15988463415469178,0.5634944575296639,0.40082284049335204,0.6065536050704989,0.5553445912118478,-0.4898408669175942,-0.5101775983852594,-0.34086453071570305,0.1691855231332809,-0.3030096414457937,-0.4745091029755184,1.0,0.3707548760555955,0.5203549942886867,-0.14951210693817818,,-0.006530754461619163,0.2076112557965262,-0.3739045437118634,0.35615136855086266,0.39914966737801105,-0.03540238325486262,0.10538084688870322,0.3884843175250219,0.37454627724498196,0.2768167907603705,0.1311888150012523,0.19482408486075867,0.2680513780777335,0.20238579344468643,0.1001406484283345,0.0023017438614861777,0.25372109298509643,0.03503225986009352,0.35604854667588404,0.21880953819826837,0.04543750961689547,0.026088788923888186,0.3095618482627881,0.41489397930646577,0.5340688801165507,-0.3999825881947247,0.31130144703045887,-0.49406592415757405,0.4284070287580552,-0.09985638161749985,0.008118389671736552,-0.059491385713402116,0.18732694258282942,0.15060106996147582,0.09876370587251589,0.33552812081573935,0.18539558803393597,-0.10254386542834869,0.39812600089137357,0.12982021842388855,0.057586134250190886,0.5299673000833001,0.27238726044981315,0.4808447614237842,0.4929073374174139
Vermis_3,0.14486519867024847,0.1865752382174872,-0.15425923342410475,-0.15401212535474662,-0.02536007240983699,-0.025285842059127286,0.1940289229892026,0.1679739619524904,0.13663079663392677,0.41846712706181644,0.21213332237963184,0.2749830257563878,0.27688955774203766,-0.003101258147631801,0.06141419132410162,-0.19824525306368934,-0.16296576259132997,-0.2255525807554476,-0.16710893303552532,0.26965471652458806,-0.2509539821298208,-0.1377256141372678,-0.3442508924580842,-0.04152015319272252,-0.1260313249850299,0.010894692428918044,-0.14313454915132645,-0.24553651316339412,-0.1291396447402797,0.06752272232251931,-0.2515924728688063,-0.06523789303039358,0.2728044368055937,0.2655008444179714,0.5728901409687651,0.3649376372547971,0.24127764389507594,0.4156862301916964,0.38653973035774297,0.5295978867051734,0.12064961769774629,0.004162616296817669,0.7513372634711818,0.7258511563510884,0.07521299093971341,0.33427695511975186,0.7366100282811597,0.7759551947558839,0.30431139381265365,-0.05077634773451452,-0.07429782130375284,0.42244814775796774,-0.012734160870666778,0.10966293225429967,0.5341145040074272,0.7102372507325411,0.20538588129673374,0.12404365666218806,0.13473639517619537,0.10972652882118239,0.3110576150428384,0.5016147057984336,0.2884485831691855,-0.3676680109159306,0.38874680282028334,0.4757771845263352,0.08326500510521227,0.15760362088148844,-0.013208334993572246,0.11332592453786408,0.17673482923562903,0.15133117864659718,0.3498190815839416,-0.031926398457453264,0.6036680756882687,0.6160143288997283,-0.16242584867670992,-0.09412585210623352,0.3987315260925923,0.49045135041280546,0.16457212366228324,0.10472301701383435,0.23394806037486435,0.21405648158762935,0.21408419857152708,0.4539686724841332,0.0864639667281934,-0.08202369808149196,0.5020688515984613,0.7293993416783737,0.7305749763377648,0.7959984736868688,-0.06077713279208559,-0.12504841988700865,0.001939544580099354,0.3629667768358869,0.16666820707982202,-0.1366783956413631,0.3707548760555955,1.0,0.7454055637370594,-0.11795050041317433,,-0.12767949197624007,0.5030334373380714,-0.6836368363229952,-0.04020202055627531,0.5204037817282932,0.39031249573619553,0.38098892873912776,0.30676532735708917,0.5039026650351477,0.2593351874977541,0.3197619369686231,0.416649724797233,0.28149012160148995,0.33426664360580705,0.34222022547452813,0.21555704216345595,0.1863911393525435,0.10563568281504469,0.38632861038619537,0.5416977691891638,-0.04134458097974598,0.0034640176911200455,0.16285276863507797,0.28726218995262703,0.33542635292736256,-0.08747344704115599,0.3901991614244143,-0.3447302292431736,0.2149428302268742,-0.12412180423953555,-0.0653528665869614,-0.321503446601263,-0.16316581451702653,0.11129811309491451,-0.04993079054160712,-0.20309518158272355,-0.3116555201213923,-0.18104802774365425,0.18878125800136028,0.14204378002777016,-0.08953264160231039,0.05041185030707044,0.02674331929022357,0.4554203780846499,0.4721960001731632
Vermis_4_5,0.25794488532861365,0.3321646765555141,-0.14301344549575895,-0.15491698229869544,0.054110970357732505,0.05900866191346631,0.27398116240837195,0.37461724013970943,0.10181281524144038,0.5465419458408173,-0.0030566231686337915,0.20482641361081474,0.36718449427201794,0.1868344964458992,0.21401825833795582,0.00013719766908543252,-0.17574846113154519,-0.19259377782385292,0.1705829009079892,0.3769150699771057,-0.24796950497022782,-0.1532903485274427,-0.16844492168461084,-0.035581298654896884,-0.2070528020321777,0.16364902388545577,-0.19717980691394493,-0.12367881100575823,-0.20437791899415622,0.1169830848076469,-0.2558827857489432,0.11348718804949104,0.3303056559540338,0.3381334626940604,0.6040037658620399,0.2107717053508012,0.22388140201510195,0.5499147871480592,0.43087816695676073,0.7387552761533808,0.2066280612964965,0.16259450899641645,0.7498919697963919,0.8958858182812712,0.03016544811277914,0.5705867275439969,0.7615350669973417,0.8625493182120979,0.5060964197034783,-0.17318432880468845,-0.07539284397489306,0.4857348275059946,-0.011393262403416024,0.17799479552607206,0.5692102434194368,0.8858969827536815,0.132226591035951,0.08748594621393421,-0.017991050123415966,-0.03198271973302451,0.2017054354277486,0.6181281494635027,0.45966492076391113,-0.5839978539124114,0.2505720196942171,0.3461416943328758,0.24305326929962554,0.34845298969445976,0.07845556792507871,0.34986058906172324,0.2162741131259934,0.28497336773805604,0.46963069027657744,-0.09051441341968612,0.6007821660184233,0.8315020542821816,-0.1668373270245752,0.09524284216762394,0.472152636047696,0.7675864985280452,0.006820815958506157,0.2157660817605373,-0.06485960641318751,0.4477057914552079,0.2145384786891838,0.3934403128639731,0.08512759005728998,-0.14970785891174188,0.7657600583253992,0.7775899114765003,0.8502788884003816,0.9068677764295482,-0.2191262102073822,-0.30793941450144924,-0.029680137742550648,0.48778409565885017,0.13144179574096984,-0.23542259421290984,0.5203549942886867,0.7454055637370594,1.0,-0.1937132384904444,,-0.2729750528968343,0.6678011558904888,-0.7383919772850461,0.06932300822351443,0.6262340210578791,0.39224973320419326,0.4312546053471778,0.3612607038954054,0.5810821984025757,0.32619950144144433,0.46677200899440063,0.5344835393153167,0.2992799506928353,0.4812385255788924,0.30986731670071727,0.2014091677271519,0.2936591371520483,0.0768649818796154,0.44811280265809267,0.6627823949912166,-0.23874817554497824,0.14045657977400042,0.22874002982048758,0.32059320792462914,0.47193597828318373,-0.2023764852554492,0.47093414326598415,-0.3740557541621022,0.33601794224798487,-0.06463586351707777,-0.155907483025599,-0.19988880183577157,-0.22309720674306574,0.1573197950287553,0.058033498461100966,0.03747648350579208,-0.13801627109961587,-0.1771919462120306,0.38909826388844504,0.15886077369885995,-0.02984690725313575,0.14362780799267155,0.1025430464765566,0.5736453379046331,0.5328088860504854
Vermis_6,-0.05337195476708231,-0.07857394777640075,0.025174383977553207,0.10065872005502406,0.0574579624059797,-0.004957541894289376,-0.15664573574517512,-0.18894250166911264,-0.09878734220681512,-0.20605573207049913,0.08538712658383998,-0.1737538270103831,-0.12464522795053415,-0.02141211285405052,-0.08116343440000812,-0.02248574421446372,-0.011507721266191956,0.057867670730257295,0.03296575103114525,0.06297652837691065,-0.014912075107497603,0.03082415152423898,0.043788523971445156,-0.08192106384930031,-0.15845203378851874,0.16463719430204388,0.05875529163624163,0.03013006622858198,-0.16695291786180175,-0.2986191357073406,0.01729161088261077,-0.09339755059451492,0.035198919658727054,-0.025218830782955438,-0.007202475215532812,0.15185696388719272,-0.0025370552201307035,-0.1875514571594539,-0.20565260991267323,-0.28906484172705316,-0.08131553685266986,-0.022014430268279015,-0.013971319483180929,-0.15315104661668555,0.3204106762318722,-0.3123016738422886,0.059016951052720715,-0.07261259153031073,-0.2035854492896052,0.31086447750592067,0.1210943774717726,-0.16997577076452267,-0.08025314863489627,-0.15557618283005042,-0.12677331024012012,-0.16590313788793581,0.14579087910585664,0.22365167757356272,0.26166958482089586,0.3112259979130729,0.2172261617671918,0.10701575085735383,-0.0014327205544166785,0.22711065115450388,0.2741062092023589,0.20035783742185378,-0.06502877652552425,-0.13602771230493185,-0.1351057859502065,-0.12899694607931247,-0.017782252642483336,-0.05620344050376516,-0.1128524021789412,0.2464338053286953,-0.19161220505707055,-0.28019952385257224,-0.17268169576585812,-0.19387407894404948,-0.23959749148320242,-0.30384793989913694,-0.09285376109438996,0.02332901332438957,-0.002201889143511852,-0.03308186134386217,0.03639974968566853,0.21146572816916862,0.003138759967324258,0.4308698168053609,-0.2859699157962945,-0.2643619458608042,-0.22990116361406848,-0.19667361883738868,0.2009364008431102,0.21954263379980118,0.1832010765167955,0.13982627445598092,0.21755407333951418,0.40027205629402024,-0.14951210693817818,-0.11795050041317433,-0.1937132384904444,1.0,,0.19343413368579135,-0.057332852206423326,0.19543617942788294,0.011261010490968068,-0.25568584140935,-0.03343111226710801,-0.03828279091447899,-0.030172822757316007,-0.08963467966270944,-0.0145689643174593,-0.14016005193734946,-0.20047671056022165,0.022237824703139557,-0.21728362517284866,-0.0007911252452843235,0.09553005598381342,-0.04351372797980958,0.07549202559334783,0.022620673789540996,-0.14905550496020162,0.1814779430585493,0.10278979352132296,0.04978992975251801,-0.023138140298734382,-0.14067748150122944,0.33116704507356726,-0.24111148564111287,0.060087910878360754,-0.21313242932044388,-0.270801825623141,-0.1787120583773451,0.026634638287686252,0.06495806491647596,0.0232071821843347,0.0730706103116297,-0.12573215595532278,-0.028286705499242126,0.09746949498929924,-0.24987664125534265,0.0374338062413234,-0.10108888866184425,-0.1233579312537966,-0.014514740296394869,-0.25984428510801755,-0.1855344177638425
Vermis_7,,,,,,,,,,,,,,,,,,,,,,,,,,,,,,,,,,,,,,,,,,,,,,,,,,,,,,,,,,,,,,,,,,,,,,,,,,,,,,,,,,,,,,,,,,,,,,,,,,,,,,,,,,,,,,,,,,,,,,,,,,,,,,,,,,,,,,,,,,,,,,,,,,,,
Vermis_8,-0.01656924720450587,-0.057549913743011175,0.031577461260545586,0.15036943992926036,0.05385230468426847,-0.03397892872800297,-0.1631134181991581,-0.21244312575536295,-0.012962137943357786,-0.058929083979989166,0.2803645428056204,-0.02430113645287452,-0.10249931788573861,-0.013350150895564126,-0.2019102124403436,-0.27022861795162323,0.1408958474465761,0.10311115099679732,-0.2055042122978887,0.06836275546850235,-0.1826941139395072,-0.09424834411707508,-0.021806462805095427,-0.20261006852516955,-0.32410314073019375,-0.15913200016564338,0.19102252399727776,0.023131901998018043,0.12399139990535925,-0.48867815741553916,0.035764960648735515,-0.11468411364379331,0.07416521887364937,0.05559292121719827,-0.08338021805939026,0.15098552958310843,0.10225344781648983,-0.12490247211292597,-0.15652781350138092,-0.29298555159570105,-0.11982458807233766,-0.05826533063548523,-0.040229365630113055,-0.20713631609718985,0.0808782574088209,-0.3694774979296976,-0.010219633637977735,-0.09779737777843714,-0.26971603846362624,0.1267061307384029,-0.11157252601851657,-0.27963472401875966,0.1319094772921698,-0.012767969361919887,-0.14615104762735884,-0.19253313317836346,0.2269652320957005,0.17105245432013133,0.31447906473942117,0.2703618050966526,0.3356956231954736,-0.02049972252627305,0.13486204795570741,0.3567305852796652,0.22198777677784348,0.095773323342165,-0.14895507944473274,-0.23610966485497756,-0.21027750120369312,-0.19222196814858297,0.063147620986326,0.01174603017085608,-0.010389807056235613,0.419118524653332,-0.20262694692843872,-0.2764389215871648,-0.290719227790122,-0.1468974288010103,-0.3748664606781977,-0.2965143383925701,-0.05569105174838029,0.14782470084709518,0.10772854827577968,-0.08800358387887215,0.10244523810481337,-0.06406335609363405,0.02436019862506185,0.045051224679094865,-0.21710976089123382,-0.30697887767667464,-0.1466520931499501,-0.20997191184593186,0.13925019588501936,0.04248010634811082,-0.05860417549634457,-0.1349034397588537,0.023713561423372772,0.08387290071138769,-0.006530754461619163,-0.12767949197624007,-0.2729750528968343,0.19343413368579135,,1.0,-0.13072111581937784,0.29074610087210323,0.10499640650376177,-0.25216132947445336,-0.12057404727847411,-0.0411844417829233,0.06627650754209131,-0.03716436113212685,-0.02517907800611965,-0.3551785008940715,-0.2763780687194399,0.09733535367148813,-0.25908209568615126,0.03523004611999437,0.11065275789643438,-0.09160927621429263,0.01660548255995029,-0.012371940659425986,-0.2627690383553458,0.27600195285653184,-0.19207815910592638,0.12373117599227723,0.05093721211247615,-0.07501069251233243,0.14140331626363556,-0.26226963749572096,-0.08037404330198807,-0.13222446544731528,-0.3510215561778208,-0.18608919641624663,-0.028989726026855202,0.03911100810412529,-0.021112790805489792,0.08892594682378585,-0.19769855365935865,-0.167109363263194,0.11170535692849748,-0.25747009866542986,0.14809256156539202,-0.07333388262687492,0.07517313428169468,0.13511556831974697,-0.19686805179072117,-0.1693936344414677
Vermis_9,0.06861872480665454,0.09931939700016007,-0.2984669308819824,-0.29482196045023407,-0.07825176581916035,-0.16520474345152214,0.1283907848605306,0.018348506978109514,0.09150851144238263,0.19751416788435724,0.11961998998136682,0.026979212134971235,0.08251161410031349,-0.027676295621911096,-0.0057538333071013355,-0.3205226064778791,-0.320317460545117,-0.2698364529886184,0.15127540880910564,0.2079827095959088,-0.49958877597661056,-0.3361330050778315,-0.4546150233057783,-0.2654197737537939,-0.18201047700213152,0.16001754591708664,-0.3942870665123346,-0.3649573059716682,-0.14596807523128905,0.025366724360642117,-0.4517496739594783,-0.245709445506221,-0.009552567354009566,0.028329847035181575,0.3173841253860593,0.1557208372460943,-0.03954532167105742,0.17349658350565952,0.01442076394323176,0.3121840119445749,-0.06389576801477972,-0.17483929325640063,0.6856820284992018,0.6620338224257363,0.06875546895364551,0.35001010159710516,0.5731580281621044,0.619635755703019,0.4822871136348654,-0.1480293931668509,0.047741525874374226,0.4252353138488641,0.0738977720457997,-0.008696934611151643,0.22493902223506915,0.5496676960611493,-0.06557245905449975,-0.1417960443992977,-0.06943674376539724,-0.006251675703871286,0.22378983685326057,0.34363664736661265,0.5457590674452326,-0.504918682452385,0.08961164379155809,0.19662964268170696,-0.09083391374299768,-0.021850952159761128,-0.2970904500359864,-0.04592944523584741,-0.05662656953949548,-0.05144910742920651,0.16868017985909253,-0.04863324896611281,0.35477412469930714,0.4599705046290145,-0.3849319451359619,-0.2882244074704571,0.40556593995704543,0.414265368493313,0.24442676265028349,0.3349132468395302,-0.03651183250812368,0.19314793559044321,0.20454170159967253,0.4648280761353344,0.15665327735845302,0.058726326827681634,0.43412409592042833,0.42411673406626355,0.5882791102126432,0.609045130555646,-0.09634168687534124,-0.04205719124850398,0.11244951187100852,0.5852871846886415,0.295418348383739,0.035709427545547075,0.2076112557965262,0.5030334373380714,0.6678011558904888,-0.057332852206423326,,-0.13072111581937784,1.0,-0.5159734697285437,-0.09040876568425535,0.31736500101841497,0.2838604230035977,0.25961577870425634,0.05155571469414055,0.3535792858774901,0.12845705557963494,0.21613508542252555,0.3415710004583285,0.07437952359975797,0.11736567027428474,0.16825784923702666,0.10200912975695584,0.13368449188267678,-0.08105055280837149,0.11001521783774189,0.3976192540709123,-0.31883466548302436,-0.039293894673216576,0.20514504623230048,0.020161547992103714,0.15027109758319632,0.0006039794614507039,0.20939650549077155,-0.3176897331307133,0.2091729384931128,-0.22363827906492964,-0.2860615068538201,-0.3306106948816311,-0.36083612423325206,-0.1104348739169595,-0.15534943443392332,-0.339312785457552,-0.47142300148528044,-0.2942956962577203,0.008271137641008428,-0.010084138380862041,-0.336689854963483,-0.22384382674845119,-0.14464830418290525,0.17635382228970242,0.30577399730877236
Vermis_10,-0.009157115561644577,-0.08307339455415866,0.2546003057945905,0.25257728530661633,0.1162237156873043,0.09929606297062166,-0.15073661071240405,-0.2549274528423875,-0.10380633923414244,-0.40540865623694705,-0.04551483222053142,-0.25822927798116874,-0.1019389607337557,0.02777675304432606,-0.02552165480452819,0.12023672530930643,0.20007196502873986,0.21488346494822863,-0.02757038544056955,-0.260702873711403,0.18347302230592605,0.22261800095456455,0.22234639312913518,0.10396783202968632,-0.028423334935644265,-0.051081190811530605,0.18828244982395767,0.18571875156476006,-0.05491297858788583,-0.25690315794055607,0.21579494982255093,0.02905626195864978,-0.04050467345717564,-0.06348241542642297,-0.22906261241371137,-0.04782170860859778,0.024404761114443802,-0.24488049413029092,-0.2970888520270139,-0.5131602819320437,-0.12207202797722672,0.03528175557806571,-0.6585595037651858,-0.6940448346003879,-0.05968876916987332,-0.4789998749347657,-0.5811832113815023,-0.5858723876459624,-0.4083705137064348,0.07705689629049692,0.032220914825053,-0.352356737335026,-0.09719347046523434,-0.10816048903138888,-0.6215712754618554,-0.6981594999519979,0.13548934113006267,0.17008109752243397,0.12259493298885954,0.18359331262806564,-0.14021122905803532,-0.29538263768406425,-0.3871356920037124,0.46582333254015396,-0.05783362132528746,-0.11595408958515599,0.011258624955595828,-0.06425592531134375,0.01244832818687845,-0.12143603591496673,-0.04072818695068811,-0.08971931301958654,-0.15732912898990542,0.3251776468755611,-0.5222824536680432,-0.5325913914163614,0.0017217829053257788,0.005652995596588452,-0.5725261642662622,-0.5257142179477635,-0.09084952013848854,-0.16975314619659623,-0.1360890570318298,-0.13872197164282707,-0.2282436638799104,-0.20789777432287146,-0.04268320483883719,0.30724343867924214,-0.603966982225464,-0.7748504060576276,-0.706390958409685,-0.8312966406292555,0.3075316553801589,0.20906730594790815,-0.09590921444216786,-0.2687617654317478,-0.15081116796196162,0.24780917793067003,-0.3739045437118634,-0.6836368363229952,-0.7383919772850461,0.19543617942788294,,0.29074610087210323,-0.5159734697285437,1.0,0.1523849330182207,-0.3661576514380471,-0.1197723465777256,-0.12916850116045525,-0.1299109833980109,-0.2586911631922218,-0.06417441434596703,-0.2309395995531546,-0.27229389132386106,-0.11062981486831124,-0.28475690504941936,-0.07406128237571655,0.02662377671658695,-0.057471691510330616,0.06474777859509125,-0.14106913862860754,-0.42679902413448145,0.2503355218036547,0.015532093966908238,-0.0631110070139332,-0.12544236846604936,-0.2113709802552065,0.2567896979642216,-0.25999315493003583,0.40398015572790813,-0.18127837715532955,-0.04582576454604297,0.05226102731829333,0.2186257701336815,0.23851923028428432,0.01742832628439806,0.10617513830846896,0.095569277964307,0.1924107913672464,0.3911672568249033,-0.23927331951515335,0.09306666522367497,0.18291539102993554,0.00723931350632763,0.14789640339277035,-0.41089165251276855,-0.2943145837121458
Thal_AV_R,0.45108295686223104,0.44984941552446256,0.4849902993965667,0.532927736618669,0.5197065190629235,0.5481403986821249,0.3954633420980774,0.5318607823066646,0.10732940965433417,0.30713700356502555,-0.12626886773862986,-0.011273027343384043,0.5609516379770398,0.7766954194537059,0.3162268175933309,0.491245129150767,0.4014119384464802,0.3422332089298758,0.3517246031643336,0.4346035615019688,0.4157615440820017,0.4748614220647455,0.40705189683248016,0.39045325337384884,-0.09467180917651773,0.09244237762900634,0.5638308411685973,0.5175594417685065,-0.043307775340809235,-0.267573486151994,0.574838425975472,0.7346948699020021,0.6427305521886497,0.656872232628098,0.24078714292657627,0.010976558372621986,0.4884868400666285,0.5780191757741892,0.41130006192456675,0.3835590509722657,0.3877485867491591,0.6594342558890017,-0.12003259065410835,0.1076802254737865,-0.2232983083506477,0.010873507924099211,0.13172638296368686,0.09526295431199092,-0.012962373531593196,-0.08604847252424157,0.0477829409708103,-0.04119280752840997,-0.06249506969419871,0.03627799399677274,0.26894967616731097,0.16508581955122686,0.45771050381108347,0.5579423623062514,0.21405161291999955,0.20993471027569338,0.09715225321490076,0.4092047748600002,-0.07594149950730604,0.0373796631252078,0.207154065346268,0.07231987419186504,0.6249680010362219,0.5636954821107334,0.5682341321183387,0.6333274166771764,0.6856422873545498,0.7923376764465375,0.6457095460221839,0.6188933875478311,0.11460702939805222,0.3083758121512569,0.2108558191900713,0.6429202765247801,-0.11042385376725153,0.26432027445400214,-0.07377631889268602,-0.0459951045742252,-0.0007126019794392607,0.5289122139150914,0.026462982810624428,-0.0754090416980331,-0.0646084095100499,-0.02953239900349531,0.1769604011852985,-0.09125851919736783,0.10709853110360257,-0.029296876197115473,-0.05730636820091333,-0.11252020463636012,-0.014731961543468031,-0.0548514644059229,-0.0018873959255030976,0.03126109712351961,0.35615136855086266,-0.04020202055627531,0.06932300822351443,0.011261010490968068,,0.10499640650376177,-0.09040876568425535,0.1523849330182207,1.0,0.23965703894497084,0.2004276912307493,0.4248379418553564,0.7543403195352595,0.4794449256689334,0.657419636573401,0.27370521125343605,0.2654271799995816,0.6415246011306613,0.37155339482698996,0.5464388068001209,0.5115633566611929,0.5687378510690014,0.3670831615184517,0.471104916974351,0.18816034656526656,0.4124033554351657,0.3801021166025834,0.4366096619236658,0.5741431986607008,0.580673380625941,0.011822444412583046,0.32305495081789304,0.07347918300751081,0.3816722563630263,-0.020878376187510993,0.04388095632951617,0.3852091899644042,0.5104652781052768,0.5667651037403142,0.4921006624657375,0.48739177083091983,0.5717156964500117,0.3944287055029868,0.4893035497545134,0.4557266336267302,0.5164014794705316,0.7477318066255709,0.732164655088967,0.5058779096165301,0.3930628745274341
Thal_LP_L,0.4204825229590017,0.4399161772104525,0.20376467095720516,0.05397333367281758,0.296195247758079,0.2289030709749311,0.5561275205468137,0.5354980231482278,0.2982377632754967,0.56625108546935,0.07307692084005922,0.39650661525846165,0.6396028449701647,0.31234724902220046,0.18216909415477434,0.08175764099770469,0.05934973120257229,-0.058898138671303446,0.08177907545729936,0.0882384707078328,-0.06544467766736776,-0.0353918808099804,-0.1270884045307901,0.07921136120955559,0.0017866122467285292,0.018431084226805707,0.048928697074415016,-0.06848295807346064,-0.10004864625797305,0.1644574640316727,-0.02169179815404187,0.28150019297371986,0.4098811087770137,0.43662916861799017,0.5461593168514344,0.17603773376468976,0.10715704037972619,0.550590614387366,0.4079079272486807,0.696196677099612,0.15122350859428493,0.2203973539794626,0.31370629719612503,0.5484263197162355,-0.28550840279311207,0.4427074173441499,0.412478858192859,0.5740329578477784,0.3804611231730882,-0.4128165615940235,-0.3006521576843222,0.45414917433916796,-0.08073260236587812,0.12894086766272048,0.46913868111008156,0.5915731913415948,0.20921384198823959,0.19391588066805177,-0.10173109236493033,-0.004829095462026818,-0.030835510585764312,0.48783036431135707,0.1507656588995774,-0.45300187668244596,0.09695003486794601,0.1697595024458061,0.41960280340259754,0.5297600082138122,0.29470540185522065,0.40123281002278327,0.2413641988658015,0.3298117470078771,0.6178077754558212,0.04813949637454141,0.5580945400889702,0.6998858334021573,0.10193593776163536,0.2322369738241625,0.31931907120129954,0.6461978071930874,-0.008696958610961814,-0.07095336344193312,-0.06985660791502754,0.38132414319525487,0.03212014408532805,0.1591314965615768,-0.02006452649111474,-0.30568854862391326,0.48272777517409093,0.523101923572161,0.5348673366357735,0.5657576951277749,-0.2268141721955342,-0.2496561500355529,-0.24861968110047306,0.16234787076970225,-0.12681164483541663,-0.3400369700813457,0.39914966737801105,0.5204037817282932,0.6262340210578791,-0.25568584140935,,-0.25216132947445336,0.31736500101841497,-0.3661576514380471,0.23965703894497084,1.0,0.5359284369851578,0.5496403274702854,0.4015632463712775,0.7832731159484481,0.40806374666025064,0.6499741950074825,0.7758403164283869,0.3039607552962999,0.4284393663997408,0.4023175300020017,0.1602563167674436,0.5917479296065103,0.11787706585669669,0.5516569029446167,0.6084825526753417,-0.18010603662170035,0.2129618297876415,0.31150998885013265,0.5128896031362785,0.6738559598867465,-0.14135538316120774,0.7314436878237949,-0.1378010157379852,0.6221772010982074,0.13510578369012002,0.1208775362821432,-0.007346936113837902,0.08096734151788768,0.23496341713089924,0.05013651955440987,0.15406644932518498,0.021886808329990935,-0.04063037793361439,0.4194945376788058,0.20496403648419273,0.10070897995506732,0.28850657021795695,0.1517700711640202,0.5511226023276704,0.5834422179922247
Thal_LP_R,0.45632056550928773,0.4597651718880212,0.15864891885444066,0.18370994564101523,0.34364786807114456,0.3192105299250181,0.39207199032510726,0.18802098086874958,0.2681832163775052,0.30305939968738976,0.03360198235847239,0.012994364400994171,0.5514246129386304,0.31299299320318397,0.27112797474408423,0.03182553412683485,0.04145402348438312,0.12061753368499681,0.02646195375334897,0.03412809814512633,-0.11407232072876933,0.04052887510569001,-0.1652638940487539,0.044212650119527644,-0.20430824184718988,0.22180524472748045,-0.12930075197939897,-0.17442040569858447,-0.1691125536754311,0.08760160085271974,0.048975016786005285,0.1194999297912585,0.5349702633135324,0.526149698829592,0.7052330072010562,0.6313094408813684,0.3677040337849162,0.43460755924866995,0.2956451744135813,0.3280667875999578,0.2432147237967355,0.1942361555507348,0.38797794186348566,0.3322670277484414,0.25126983380504075,0.14493069237536424,0.47931473321746837,0.4787709538336813,0.1580110729058034,0.05094294017216286,-0.021254913813588072,0.2072232346002234,-0.02526574305772066,-0.03684182942530836,0.11131398021145854,0.2427276951506577,0.5140089636806134,0.4757180548802979,0.40101774395411577,0.2700462239136791,0.36738425869027563,0.6367585993466928,0.1379067143738967,-0.00012543192616580406,0.408280568127289,0.546538935778376,0.32806549521530126,0.3997160059296143,0.24123470792103668,0.2683928854144406,0.41880273099338466,0.2798275554150252,0.4177917222539582,0.23005340742609,0.4470748568644424,0.43364270002131217,-0.10069044758415371,-0.12450478425869609,0.24533822343382283,0.1545454435053541,0.16356663148707465,-0.1373979410340632,0.029244837626728762,0.0776951094460853,0.21479218239184208,0.26619762492590643,0.0743240219928216,0.08536736816211793,0.04055540045024964,0.24075186648582755,0.14511038889702635,0.22734170987051247,0.228222166188842,0.04466280868369319,0.16714990078768371,0.21910071803890957,0.2700869323541167,0.1842965222010417,-0.03540238325486262,0.39031249573619553,0.39224973320419326,-0.03343111226710801,,-0.12057404727847411,0.2838604230035977,-0.1197723465777256,0.2004276912307493,0.5359284369851578,1.0,0.7799537139344752,0.45236713117322347,0.69507164012338,0.5785544562508693,0.6374926357864509,0.6963647321746639,0.4457796088859367,0.46075594081865184,0.6883939345577472,0.614109852217326,0.5355933196682579,0.30956391803374184,0.45074137746256593,0.5566640566057623,0.06845208025264464,0.34682839434474644,0.14676154761862864,0.391090348711149,0.40475528047615195,0.4346539719790077,0.4910225144574277,0.2609388907924214,0.20970494087992475,-0.10169292942086892,-0.11227738270778265,-0.14580011919420832,-0.09102995667860198,0.37066331280003134,0.23879406861685487,-0.03975991337760966,-0.13490699693659125,0.1784269773693789,0.17306608990903236,0.422762783558795,0.1795062863198551,-0.01572146196161158,0.264301989993966,0.3284370813760502,0.42471058359788777
Thal_VA_L,0.6574932664306976,0.6904515160125133,0.40559293056554613,0.42637232018987803,0.5521576544359584,0.5696677350394459,0.5107401611500357,0.4813192623223424,0.2868378359748649,0.5084404674686533,-0.04412232672634487,0.10337911263193773,0.7420531869952057,0.6214846747408126,0.4245679130455588,0.26004245753888483,0.3051103941512664,0.3497604653992528,0.16099774011273135,0.20623151559822936,0.06313454579962961,0.1911173619746496,0.10952750816667119,0.2284299885672485,-0.13022587115995893,0.24532108753396983,0.08709756882258263,0.04625137911333303,-0.07971662280979783,0.11130464325217777,0.3198922376095754,0.42932994501283755,0.7149075894955379,0.7196263965462529,0.6769231313709099,0.4551277739817223,0.597908422464605,0.6673421765098914,0.5177172740719255,0.5160149237917451,0.49292429045849073,0.4598957970579637,0.29499865234913686,0.3606669055285836,0.0468638726437066,0.22608624437862998,0.4546096216825925,0.4588444891718878,0.17810170296506897,-0.06678879392425728,-0.016653819507787774,0.21008211762899684,0.04156412826786154,-0.06590793805878141,0.26759144565001747,0.34938553785346793,0.5887825060931451,0.5837868368541295,0.3049580317687864,0.19206188674490232,0.3038021524083855,0.6732720040817975,0.15290247823486575,-0.11107254519562643,0.3421339917049319,0.4424169581870346,0.6351275405320654,0.6928834259097556,0.4974498694076308,0.5796222728259637,0.7042987476247335,0.5716704256765659,0.6308226164527181,0.31767772643337705,0.5284250735077098,0.6023465221239735,0.0690431068578133,0.18932283595744764,0.29441719763448,0.32923928020061,0.03546476317845617,-0.1637345753969543,0.0575564802383732,0.2167837195021651,0.16463084722909604,0.13228451008572853,0.08355824618578811,-0.009483404871144411,0.23488066549723965,0.3278767456681994,0.24584640451782275,0.29061157392839576,0.10076655051103506,0.053131702051681544,0.12299311990085961,0.20613558207429633,0.2707715405769808,0.13747389477280977,0.10538084688870322,0.38098892873912776,0.4312546053471778,-0.03828279091447899,,-0.0411844417829233,0.25961577870425634,-0.12916850116045525,0.4248379418553564,0.5496403274702854,0.7799537139344752,1.0,0.701424693060099,0.790228191164899,0.8098989229604984,0.7509199119175621,0.7417196617117093,0.7071823329497691,0.6674109736354941,0.838174439323244,0.7532271474756288,0.7699366335429455,0.5722277404304548,0.6325202861607524,0.6538995696848818,0.15825607303606407,0.5048216481256481,0.23942803022547612,0.5703443581805957,0.6001802238438994,0.34972869174497173,0.5647496370835706,0.28510389045452805,0.33557240398587646,0.0573345539493744,0.013101130175167107,0.09436952242635441,0.14521179592848282,0.631159621087491,0.5202542971577663,0.20190703622049014,0.13047268379313234,0.37832116438056856,0.42480757473876496,0.5642556858392345,0.42620816011851775,0.2775275602589251,0.5082809848352965,0.5531640999377281,0.5664532344078946
Thal_VA_R,0.7239445564133711,0.7282774163662885,0.6033186347525731,0.6670329573616712,0.7006528538838168,0.7447855253609312,0.5695265998005143,0.6651719093515831,0.3524015006450093,0.5903176224802548,0.01667698861417419,0.1811438480383242,0.7719259119357129,0.8133057741400854,0.37632142305128496,0.41602652657624556,0.5546056342381366,0.5215268904148428,0.2532356657325419,0.445623156026235,0.36378641193227773,0.3994259309620237,0.3028521779708238,0.36406602873913596,-0.08105657600536605,0.1342540760666242,0.4596685091017573,0.31466761457769005,-0.09863135240640179,-0.08926533033494659,0.6093055517731463,0.728043844537406,0.8590562387887031,0.8733220934316628,0.537152104610411,0.2562647132449165,0.6970467377115307,0.7716448801760013,0.691798793797405,0.6102147112305494,0.6334644626039384,0.7403830693122153,0.16167215422853867,0.3363731067447194,-0.0612395738840348,0.13433491655108637,0.43077878698141037,0.3795854371041172,0.07874384526016275,-0.010147897090294124,0.01715410584793958,0.08532834807560583,-0.015512730039443458,0.08611930916878864,0.5252915358455612,0.41673538014251277,0.6624293993359528,0.7069387884819439,0.36811218457434486,0.2352731628142783,0.33939095011107323,0.6743705703610827,0.08649989830844211,-0.05111161917051508,0.38671334400420215,0.3121395105054942,0.7591210331212412,0.7232277824245806,0.6943589532241938,0.7541686736110732,0.8551201219754867,0.9033080334212235,0.7607905146775154,0.455109024474611,0.4799305908943155,0.5606608615641145,0.24587341368376928,0.5390161504103175,0.16398180981935412,0.40260941826789604,-0.028200455061629586,-0.09087478082117122,0.1757769301120914,0.49744152943652953,0.16907002953404648,0.10319420069102095,0.04608553518060611,-0.0151108228837301,0.3102385855810795,0.2581085858221804,0.35024668685742305,0.29455201713842555,0.029178830570168898,0.005611229765301255,0.09259472740883042,0.13597448730886946,0.14907502837676734,0.07516215550399774,0.3884843175250219,0.30676532735708917,0.3612607038954054,-0.030172822757316007,,0.06627650754209131,0.05155571469414055,-0.1299109833980109,0.7543403195352595,0.4015632463712775,0.45236713117322347,0.701424693060099,1.0,0.6684841621429697,0.8331417927774671,0.5004710254351331,0.46131096157587065,0.832933832297116,0.6744113130699769,0.751597637765736,0.7467995968076009,0.6681175556470239,0.5914753630034941,0.6320844373552951,0.457751204005126,0.42651441267806345,0.4838246114994866,0.3605611618398143,0.6843418158986267,0.665037006874084,0.06669209675751737,0.4307049510146061,0.1393248829943802,0.38140028876561094,0.020653269985008375,0.10393289475220836,0.3806075645554657,0.502758863530749,0.821650838599686,0.6791648928631044,0.4289493859952698,0.4378705206048729,0.47575684745811275,0.6476632998288918,0.7082252657636475,0.6259588511476033,0.7236913235435689,0.7340063000176028,0.7386351786165934,0.6270496432965139
Thal_VL_L,0.5739538119261759,0.5654174271865144,0.30797010553138154,0.2472253504774,0.49038603275892,0.3886459044374759,0.5904543889521087,0.5186537540900621,0.34359086245159426,0.581980453464971,0.1446757763577061,0.24515721273709745,0.7776761271888387,0.5540251827767438,0.2782361003287446,0.08165478499263443,0.1892031849994345,0.11549051927728693,0.07308307468161912,0.2777601759057975,-0.07068248587497374,0.07065464196607206,0.0017283546787103892,0.08378678628609688,-0.20438043414868484,0.05952121091028105,0.17135380755775528,0.02895437851361519,-0.11872361099344074,-0.1137993628945454,0.16556056311550002,0.3734426638692262,0.6942345274087348,0.7163738109177918,0.6678938302358537,0.4256648919055736,0.42039294859506865,0.6815064667369523,0.4802593373034672,0.648666160257554,0.2748740473118207,0.39448809108968164,0.40741803418546013,0.5503216493795081,-0.12913264954675607,0.21886580566261513,0.5901201585148573,0.6523253748671525,0.2876215422070367,-0.14424988658987242,-0.16060558976237468,0.30943134318696025,-0.09264181335483815,-0.021333461414544553,0.410765832871816,0.5791187567028061,0.5535614157204342,0.5305085107964607,0.26849969329867873,0.31376078774459754,0.3225840833001607,0.7394964563814524,0.23621120880241792,-0.2821700607157907,0.3879596412632259,0.43656636039996766,0.5685052379304744,0.5871791503212646,0.357686713178193,0.49877851967085524,0.5606934445737856,0.564183972723814,0.7948194956694804,0.45918114062753795,0.5983996804819767,0.688348785523496,-0.04208750421229804,0.2038232659299081,0.20261091807740722,0.5392947210856665,0.05012784884163737,-0.08046057806944662,0.011498584578281885,0.4595173341203092,0.15072990499000677,0.2877413652969511,0.04212227382627725,-0.02206760476548064,0.4151911648052251,0.40523451598762783,0.45776432672762785,0.499838845991554,-0.11293922598116002,-0.09696790137085592,-0.09585841279122038,0.25618220667156943,0.1041345718071828,-0.0314118352492737,0.37454627724498196,0.5039026650351477,0.5810821984025757,-0.08963467966270944,,-0.03716436113212685,0.3535792858774901,-0.2586911631922218,0.4794449256689334,0.7832731159484481,0.69507164012338,0.790228191164899,0.6684841621429697,1.0,0.7072613930933045,0.6634712638050858,0.8287211814401314,0.6463878374716532,0.5013430755126829,0.7612986031871307,0.5316311994183953,0.786680874557959,0.3050419190640989,0.7127750244824186,0.6519321121678247,0.17175011422159642,0.37917852600101243,0.5382428673028239,0.7283549993923716,0.7829121894500713,0.15703939003156028,0.7193527337650867,-0.09279968561526901,0.6067638799907364,-0.08049808166193449,-0.03835512050127312,0.006616247339987249,0.13307596819302592,0.4390937224048403,0.3110930871305164,0.1944968801766002,0.03277719137291543,0.17713515759066809,0.41127967483618916,0.4524003821388942,0.23966147273436553,0.42119896254962974,0.4516410076513292,0.584743422113529,0.6214913695183111
Thal_VL_R,0.6904274410979406,0.7282767438022605,0.5566743261175124,0.5981603275755718,0.6259923795517217,0.6846310950820212,0.5024860185253499,0.618898107596987,0.2615581486624952,0.5336081048078645,-0.053101606821573714,0.13750039058940142,0.7396387351275933,0.7968027796254157,0.5793582214192217,0.4647271636377053,0.5050421315313149,0.5169411427190562,0.13136624272615893,0.34720730502685443,0.3270113208112296,0.475050579555284,0.3250965244261384,0.5004342894158456,-0.031988873763826975,0.06129317411240048,0.3376854975892587,0.35340350492752287,-0.03895438499774787,-0.05619084240733337,0.536231621105408,0.6742643311416914,0.820799974786809,0.8342287157963622,0.5870831169802218,0.3681624622970833,0.7137196018421119,0.7585807949446,0.564301302856844,0.5705264875801944,0.5795816209797374,0.6781333581058968,0.18753430465313045,0.3422126775925721,-0.030426729040130305,0.1261897621691423,0.3850788644058601,0.3978299203767772,0.09666413679225841,-0.045649077049360075,0.04080444655983273,0.10964178238573632,0.0031420916760626595,-0.0014707135477416706,0.30251468528959835,0.36421505876761073,0.6206848990415281,0.664325318807093,0.3234675437551876,0.219062464063237,0.30036838391762344,0.6431646882991722,0.06995008088927746,-0.08152311339892816,0.34601559707874596,0.3654773869089789,0.8315598555112299,0.7992016009783535,0.591995552935707,0.6847542443482043,0.8134868845483711,0.7916759978720623,0.7279096339782903,0.4971408953565264,0.4084123902966867,0.5594644408610768,0.15988259450615033,0.46998525712729916,0.1565818627027404,0.39294471256107977,0.08718847348260333,-0.11114963780999529,0.1231581662402902,0.45368354424499635,0.08677397264039972,0.09049821880432957,-0.0060259725770121534,0.008498572626382737,0.2978990549008648,0.19239341721648853,0.2291225979539667,0.22436136762461564,-0.02275002682634921,-0.008210110823920409,0.09281446191346383,0.15485018450775517,0.20740781122480573,0.1063963902250346,0.2768167907603705,0.2593351874977541,0.32619950144144433,-0.0145689643174593,,-0.02517907800611965,0.12845705557963494,-0.06417441434596703,0.657419636573401,0.40806374666025064,0.5785544562508693,0.8098989229604984,0.8331417927774671,0.7072613930933045,1.0,0.6055408120799696,0.5962034571210953,0.7764648176405166,0.6734572458842112,0.8699513281978897,0.8290937969859193,0.7630548139881059,0.7652734220911744,0.6585014728241241,0.5380878327456109,0.41480689935031584,0.5010311724805158,0.43866006834601334,0.6825723605224921,0.6992775427394684,0.237295020594469,0.48377308914027434,0.23457880954856555,0.400061299649861,0.07509313822285496,0.10916973953395652,0.2262554753997863,0.4318520785388861,0.7725875637986251,0.7329183678721388,0.4485992908438637,0.3919582791574107,0.46566650465094483,0.561122018378676,0.6928599539325019,0.545474561004195,0.5946707157525387,0.7304400657468951,0.6805428012088818,0.6328440157306093
Thal_VPL_L,0.6109243860123373,0.6515322558859576,0.4220845543963372,0.3480406235833301,0.4812449074951857,0.5377500037664441,0.5160808383154715,0.5960746582188836,0.26964839582433675,0.5593137164214891,-0.2062689918353771,0.2420577971327034,0.6970045168075509,0.5792484821748283,0.4323171471431019,0.3888820686618561,0.2840591327143456,0.31388242370564234,0.23153202881683937,0.13323903161943815,0.19910143964553784,0.19686907982280008,0.10801389345185079,0.3204959671775414,0.028758803684703294,0.23543271799799378,-0.0254386761242602,0.042869312449132675,-0.1277980392499012,0.3993554845504749,0.3104018918580412,0.49007338568064285,0.5311578326346598,0.5194082081928012,0.5920474714057815,0.3064104772205782,0.4206079687691849,0.6545058464683764,0.5133676478395112,0.6477274120361894,0.5075908190333127,0.45941797219842145,0.17785903030768385,0.4081293078746392,-0.05750012898663434,0.443475967581346,0.31843038212882235,0.42307244532280514,0.25854608901188897,-0.21421136304770863,-0.10937626823431297,0.344408180489416,0.0034905100878752657,-0.015805046914294456,0.3152330617933356,0.390984054504147,0.2921839605983731,0.3283239011031512,-0.041469380897863804,-0.12515700779041145,-0.023900286798114217,0.4511102224378919,0.10509074227078968,-0.26644875723089056,0.07696861370163366,0.2449275351099623,0.588568324145307,0.6880246368154829,0.5880605476546782,0.6063827167161275,0.49038078373048827,0.48007179269523875,0.5937628259021422,0.027343783372041543,0.4863188482978321,0.6534111735560635,0.28879443734171556,0.3098449989409038,0.4261573426646696,0.457988135510716,-0.05787080731934813,-0.12984609536433084,0.050317229458369375,0.22492449367850362,0.11140062627316559,0.08460315180212974,0.09521410425279081,-0.19897472291859716,0.28917146583946174,0.512427860925858,0.25819929226276,0.36734642982698745,-0.0040248894176804625,-0.06788611678202353,0.04508419289862206,0.1912668547234029,0.11502718127339562,-0.005544557787658146,0.1311888150012523,0.3197619369686231,0.46677200899440063,-0.14016005193734946,,-0.3551785008940715,0.21613508542252555,-0.2309395995531546,0.27370521125343605,0.6499741950074825,0.6374926357864509,0.7509199119175621,0.5004710254351331,0.6634712638050858,0.6055408120799696,1.0,0.8352145407938221,0.5545296140322075,0.6862949882750764,0.6257882502149683,0.4772411349068492,0.7128490407056847,0.40317053925123475,0.6158740983851577,0.7951999283772118,0.033204950688884176,0.5966934751900032,0.1547012338495043,0.5441030437880889,0.6601472119856503,0.23790667245690195,0.7605766686026603,0.3435050745171022,0.5025439750557148,0.30222563829773624,0.2164894907780323,0.20497661097125036,0.20644789670634683,0.5159269799561985,0.4002012278820556,0.31477503088066294,0.2453379852914122,0.2671264249988995,0.535524459812215,0.4207178531957329,0.41145578464942256,0.25261848464311526,0.30126224802178336,0.5719564464483999,0.539307712346211
Thal_VPL_R,0.5610998867437414,0.5650544820671765,0.3169384787568743,0.18844008928015404,0.4496835573688508,0.3831971641586599,0.6155813081605578,0.5263945680925347,0.4041427059659053,0.5729190521628167,0.07428600980370906,0.3018754860729815,0.7207336551190303,0.45886172493478594,0.2824011185359532,0.1203978068887734,0.18251057558222478,0.150010514289343,0.07236171129870579,0.05071032519817768,-0.07928134274049829,-0.027162511805727155,-0.02588819564073066,0.09637502418090738,-0.008829483566997358,0.12098001862328263,0.010210223064378151,-0.08447399068809842,-0.05094399353196277,0.2184519020117358,0.15463029880979362,0.29995639070805036,0.5119618310954417,0.5362948857627124,0.5774649000985838,0.3815280394280043,0.3061803230065613,0.603392011387139,0.4319945528253306,0.6247852660607388,0.31630108492689835,0.28558259723347923,0.28904270077711547,0.48425052104237104,-0.18264070338175356,0.3436306760881211,0.41247549980170456,0.5286062131732194,0.4095908206629193,-0.28763069425084703,-0.15584041620769046,0.34645044181793294,-0.07459565832531496,-0.04086864302099639,0.33799917570045257,0.45871455000044353,0.3200532532721473,0.3041880390586291,0.016114661262858043,0.02869981818193983,0.09368263244016904,0.5023413480989204,0.17251576992875334,-0.35604409152499195,0.11132174830566752,0.2859336639188982,0.5054156869250701,0.5804920407807114,0.365115842220747,0.43650342396232095,0.3875377992600469,0.3980866742030813,0.6546355038390728,0.1599440376701626,0.5887430047230445,0.647015253544699,0.12783594751651164,0.14190367739390045,0.41969632173771443,0.48750213751032245,0.024840205498908828,-0.1033111608766314,0.054331260446031114,0.23485331931677805,0.06038672207140339,0.18828405065924222,0.05407682075273487,-0.14552751649005624,0.37458012837274746,0.4901121694775672,0.3515399994464165,0.4475031812890661,-0.08659576981211026,-0.02618913293651027,-0.06640430754631657,0.2465579662194239,0.0556746553240974,-0.054454075345884326,0.19482408486075867,0.416649724797233,0.5344835393153167,-0.20047671056022165,,-0.2763780687194399,0.3415710004583285,-0.27229389132386106,0.2654271799995816,0.7758403164283869,0.6963647321746639,0.7417196617117093,0.46131096157587065,0.8287211814401314,0.5962034571210953,0.8352145407938221,1.0,0.5100675470389716,0.5508424816166374,0.6680754128089066,0.4229475987480864,0.7604740442934437,0.3341247795327736,0.621020978570471,0.7853155525977336,-0.011541508197695336,0.44204224480309895,0.3343870514961997,0.5684888644114633,0.7390391075938894,0.2086340457858068,0.8884661549205212,0.11594284408257029,0.6492765127872079,0.20550509682027038,0.11022947891521497,0.07511961085168116,0.09055066932522869,0.3712012506928617,0.24404154681986476,0.15328791962863453,0.007587848949107667,0.1307717262871934,0.40558081736551355,0.36243368417385174,0.21627389571380504,0.23438491452970694,0.24948226488988956,0.5108784902393511,0.5386807611035738
Thal_IL_L,0.660778518145284,0.662496381888165,0.5076337645359932,0.589374247423115,0.6504688267128509,0.6745605791295869,0.5171776243524263,0.5578510126743743,0.3275124694795654,0.5337493197279038,0.043807228904895294,0.1429968588980413,0.7234812188233216,0.7777818499029204,0.32460798007818265,0.34647773954408206,0.4963666263202041,0.48881490491904733,0.19569928255996016,0.4412290334693725,0.28492186164794775,0.31035128812100465,0.2734648872886621,0.2818210770400391,-0.13028124849649686,0.22062566714813897,0.4082461844306553,0.30663561833268005,-0.01194274102320882,-0.08487273724185743,0.5878092039565128,0.620718762874746,0.7939357701428957,0.7980190134360782,0.4948511490277567,0.3423750614644707,0.6946776373680761,0.7209304415278183,0.6156276793121788,0.5176192622497446,0.615134399917852,0.6641484262479699,0.22159835645607676,0.34068178340124916,0.04298426288387573,0.07406613038593633,0.4447534150811725,0.3757721408964911,0.024486224981087597,0.0833646122319833,0.05605781436699627,0.0187895549242671,-0.05247305805544827,-0.08012251320645361,0.42427909958161386,0.3297682694265641,0.6916516236638931,0.7233821366127053,0.4343949642897521,0.31293946065269224,0.44530851178823755,0.6367550173937425,0.08243675436266772,0.002794635429409562,0.44373334411733745,0.411839586166902,0.6672847194763761,0.6028222753986126,0.6181817444829333,0.6851977909452681,0.8418201215389103,0.8230473676027373,0.7030330382841863,0.5171325403803556,0.4865845742395969,0.5023142005215012,0.21001305671350476,0.4016818529181167,0.18858875845604914,0.2910398035577743,-0.007434106929250363,-0.037930169485426324,0.1929063174405079,0.34015224370171115,0.14109462769707132,0.06713232381129065,-0.06427803304190581,0.028842713101664603,0.24290759635441483,0.27379240014535483,0.24332401893417724,0.25653437488463277,0.04261738379660233,0.09922904857928569,0.20906256691480335,0.19951697461904364,0.2898983475949987,0.23994194428160986,0.2680513780777335,0.28149012160148995,0.2992799506928353,0.022237824703139557,,0.09733535367148813,0.07437952359975797,-0.11062981486831124,0.6415246011306613,0.3039607552962999,0.4457796088859367,0.7071823329497691,0.832933832297116,0.6463878374716532,0.7764648176405166,0.5545296140322075,0.5100675470389716,1.0,0.6425770999001559,0.8034345056305943,0.7715533059036382,0.7022802702530797,0.5226283651489309,0.6453504021113362,0.5252033813043326,0.5109947843815087,0.5739243755037469,0.4268410428213931,0.7054391288255463,0.6578085895512966,0.33751671122294,0.4763898659420966,0.20029994661909056,0.3923960578472586,0.0056358964068179244,0.05973295057887574,0.35462938049468107,0.39724721912020816,0.7248988170624932,0.7063656252741409,0.3165735374977047,0.34818647422292787,0.4809661522650301,0.48626263856702384,0.6386834593176901,0.5799416351210872,0.6159416128883796,0.661468307426271,0.6257201863178274,0.502529708094958
Thal_IL_R,0.6588119137588805,0.7089783679961611,0.48579655705359037,0.4640114012491049,0.5491280457308435,0.6975126086132805,0.5123195732969836,0.6958172114539778,0.3248754421726648,0.6603191074691245,-0.18420443853399526,0.2667246063907108,0.6886139071626116,0.6684092306923424,0.41647792066697914,0.48893938810117893,0.4324722680776728,0.4481674832798591,0.2880894553814477,0.25346731931417765,0.3122672162405463,0.2494961433900599,0.28412425878888403,0.3794795025342174,0.14762305461166775,0.22864894224580345,0.0912460999030667,0.09506281815201356,-0.08487531704565826,0.4502628734786082,0.493555302162956,0.6231911144883505,0.6086231597931614,0.6490926580172857,0.5104693148991182,0.1414239852824981,0.665209171352032,0.7671104714659683,0.7895968118188376,0.7223665756204821,0.753400376714132,0.6613962870643145,0.17478530238020143,0.4019382687457084,-0.059780746468400314,0.4673574682990696,0.3570737431356949,0.37618319603589967,0.19961801085627917,-0.16602652491939174,-0.04809779592042859,0.2001544806494965,0.03959601387016904,0.10486199605847285,0.47633004819424724,0.4499277229291802,0.38245455822207347,0.4034882271000171,0.06431007934129579,-0.1249093947039873,0.0949946461059331,0.47865131675791994,0.06675277678173216,-0.24513748408711042,0.09655115060199439,0.19208799677930966,0.7243467522144514,0.7870242998608651,0.7610166450671686,0.8068372704455335,0.6955130519008059,0.7083386262826458,0.574693879259427,-0.025960843039990418,0.5770158937562581,0.6948342117045342,0.4444785088837452,0.46886409120100275,0.5024755214932254,0.4941751665108851,-0.14222429741258388,-0.1251492372200246,0.17631939671021044,0.2677068712411009,0.0038924031314304685,-0.04047538894021971,0.046147079828529176,-0.2059912171721368,0.4197094216785112,0.5549782556745527,0.4035607675356672,0.4104020951993113,0.06646477261852368,0.06653815492702143,0.25384152447704994,0.2813010984787252,0.2301026130939085,0.028645886263755575,0.20238579344468643,0.33426664360580705,0.4812385255788924,-0.21728362517284866,,-0.25908209568615126,0.11736567027428474,-0.28475690504941936,0.37155339482698996,0.4284393663997408,0.46075594081865184,0.6674109736354941,0.6744113130699769,0.5013430755126829,0.6734572458842112,0.6862949882750764,0.5508424816166374,0.6425770999001559,1.0,0.5884300050899227,0.6549377868903337,0.5460184455246507,0.5865727423937859,0.4629151355537922,0.6482452471738376,0.10785658908881551,0.4707809968588814,0.008435428980569069,0.36534358687152146,0.4728284534610416,0.012574075991710896,0.4838505468503857,0.3441276435822785,0.26086683277256245,0.34857585640102356,0.3622951538446095,0.371238657163104,0.3121764362923088,0.7264452198705511,0.6018987077125638,0.4005122150807611,0.38947858772032534,0.4110227149078561,0.7360072587387582,0.5718610251564912,0.675205425907907,0.43117089944895487,0.5115156159287343,0.7874590755834056,0.5306811153810993
Thal_MDm_L,0.5863045079829258,0.5821073438815892,0.4359282258541885,0.4777976598052613,0.5727433203131181,0.5648261148830971,0.4974935888394283,0.425666198462103,0.34613903876339225,0.46219565552992514,0.08870221999458455,0.11414603385086915,0.6932487936938465,0.6523468711915716,0.3612877829488668,0.20621659042010387,0.3961962032062011,0.40263444461180603,0.036621323111128125,0.28698334657670677,0.08210440814277928,0.212251069640596,0.13994825811959577,0.21738390582319286,-0.11154221111120902,0.1020811832056679,0.2850586774134275,0.13822792952774268,0.02413885607232374,-0.09766959005212261,0.44011828871642666,0.45473236787548404,0.750105751043055,0.7595635099977364,0.6319945803991507,0.543014038745686,0.6744094205940568,0.6481157817781643,0.49357203503959013,0.4227359564713024,0.4694232677120734,0.47496739502609914,0.2942846027867821,0.3008111199416749,0.0746152247324539,-0.019865447007814733,0.48188423421176085,0.4361730584196417,0.06212782617604467,0.0913171313259671,0.056334123748156606,0.09956789025053178,-0.053027341878897134,-0.07864867454776436,0.2361246559731221,0.28245007805837724,0.663942987978366,0.6561842445688459,0.4560428518311257,0.3617372522076551,0.46510598437914874,0.632122476890062,0.0966622923234293,0.020482700638102615,0.47102263819083046,0.5283698287437442,0.6259749305817178,0.586100078869256,0.4796714380044042,0.5269033525311819,0.7478325214748619,0.6580214388678881,0.6680031303904044,0.5649397720854902,0.46693419323350677,0.4469366259167877,0.05308242159834632,0.18906328057797522,0.1650383945514533,0.21813517968901996,0.08721431246074587,-0.13064375163783265,0.19404754334541843,0.2828754665791039,0.1856909535870519,0.16903147988851983,0.03141306534342529,0.11973014795608279,0.18069773942364056,0.210645258208649,0.1852733018100567,0.20446306488103647,0.14992972679675692,0.17112655155658849,0.19890792478426705,0.16819117324641422,0.34487836516697024,0.2813028807858833,0.1001406484283345,0.34222022547452813,0.30986731670071727,-0.0007911252452843235,,0.03523004611999437,0.16825784923702666,-0.07406128237571655,0.5464388068001209,0.4023175300020017,0.6883939345577472,0.838174439323244,0.751597637765736,0.7612986031871307,0.8699513281978897,0.6257882502149683,0.6680754128089066,0.8034345056305943,0.5884300050899227,1.0,0.8464410767033569,0.7434441657130763,0.6069267904469963,0.65830527556105,0.5742865746935194,0.48090318781069447,0.5255884563955797,0.45268669712587367,0.6823524591750094,0.6382179729495149,0.47780688784804703,0.5387483760084092,0.24563557829951002,0.3637495039213507,-0.0379761683216831,0.01610429717139923,0.1720554289000284,0.22680025493807657,0.6387875089617167,0.5813514165659573,0.1968684454113244,0.14172052828209478,0.3904542840623894,0.3463148994320461,0.626214185247245,0.4110100194044473,0.4155605619294065,0.6255840413997422,0.5351521144763909,0.4386182784333951
Thal_MDm_R,0.6369675066612408,0.6467308888519511,0.5081565903237574,0.6334492534293542,0.6410299026745653,0.668839777675705,0.3929198612958661,0.3729500791494943,0.321707809118286,0.45505403958435503,0.07068671737834006,0.13022419254042325,0.5824041371098769,0.6476120751953057,0.36351896526939503,0.29406418234971055,0.49886316511351847,0.5730392535406306,0.09325266861386612,0.2528938451958848,0.15661358902172845,0.27963025633827554,0.1381030442843402,0.28067963483197766,-0.04116868637733173,0.16774614016984213,0.19065008611275436,0.12029901468828663,0.04610008291488103,-0.042991433088391186,0.5069998887161107,0.46623470037339343,0.7519888461980501,0.7496960249456482,0.5927382116745601,0.5339218024711049,0.7666791433162087,0.5977678777297156,0.4873607106506599,0.312837345416402,0.6066119869220398,0.5361175650650537,0.2527648279771882,0.18579106748730742,0.23963989804028968,-0.0932632298516302,0.4447173308041149,0.3181409571590553,-0.04291306679854662,0.21680445114931482,0.14922991137736585,-0.07154430109572837,0.028047853997888124,-0.07483349059325717,0.1389195020419141,0.15545745891430068,0.7112917827230747,0.7217916314606029,0.5555776221728788,0.3563097597680559,0.5353350508489936,0.6106574759419019,0.07381639232794432,0.17916675510883615,0.49543852278412054,0.5298118152957835,0.6149237530156294,0.5476001420171751,0.5049947732819283,0.5557270677293832,0.7841818793436633,0.6770561591849884,0.5341481485362397,0.47456541244273337,0.3175211751023979,0.34234486117372503,0.052896497039092674,0.16237243608889787,0.15240917324605818,0.09398087069636941,0.11251086765771341,0.008984805750351033,0.22664028286763716,0.18318499149740522,0.13654795056435384,0.09101191052081455,0.015710522079328028,0.1179923585199383,0.031639725080638594,0.07785342933179124,0.0903071731933558,0.07623904555348282,0.3524398499429971,0.26577217042381923,0.42548670442201014,0.2192546085316557,0.5192494812847703,0.41797124835347627,0.0023017438614861777,0.21555704216345595,0.2014091677271519,0.09553005598381342,,0.11065275789643438,0.10200912975695584,0.02662377671658695,0.5115633566611929,0.1602563167674436,0.614109852217326,0.7532271474756288,0.7467995968076009,0.5316311994183953,0.8290937969859193,0.4772411349068492,0.4229475987480864,0.7715533059036382,0.6549377868903337,0.8464410767033569,1.0,0.5423336734629873,0.7168799048170483,0.5147359246088975,0.4581277415072919,0.4740820707688765,0.4964133149194737,0.281163652465789,0.4780779424195729,0.38363834740778224,0.4979267551281409,0.2616514901319536,0.42628399855834115,0.08191930869459917,-0.009682019800114105,-0.009870149232235994,0.2922028100536444,0.3274400448890752,0.710573696457143,0.717240999325547,0.16618765203807553,0.17600124418656612,0.5499200170232845,0.3337424532395296,0.7998682093102022,0.5156090907283831,0.37270644410361803,0.653247712881221,0.5157057367500255,0.43612908957923713
Thal_MDl_L,0.683061781267295,0.6969430159521105,0.5330920853201763,0.4546313770281777,0.6460832278497751,0.6145372755772556,0.6898053028510089,0.6682666913667393,0.39742005397314134,0.5283325704190142,0.048949909115277364,0.15930258866895705,0.8190791059581333,0.7291098982047448,0.30086600975355976,0.2925277282503049,0.418704476234068,0.3889461003323354,0.20733201121498568,0.21654142425729403,0.16439911539061872,0.17543972321752943,0.2667665139513445,0.208467824726196,-0.0787771418287249,0.17963143200648182,0.3220571899800836,0.17811587165997364,-0.10721290368132803,0.055018905178022874,0.4772608654163053,0.5619910065376581,0.630578394335586,0.6696380165197818,0.3523563517536802,0.13469017414608575,0.40264258260467745,0.6080999497550827,0.46521929723594435,0.5410375997327602,0.4189618411467753,0.5061687095920298,0.006056039519271576,0.2699279219160249,-0.25695991578271143,0.2662201487326896,0.2303341328418801,0.27752189586455567,0.20606215134646705,-0.30370918619243453,-0.04509533341515691,0.2039821903027709,-0.06675198640938829,-0.06784074806976957,0.38481070357394914,0.32009543257070594,0.43394543271601355,0.46782197769797995,0.060433724291821644,0.03396549172740929,0.07972861303661187,0.46813319984417906,0.05576278567316543,-0.23619012901025593,0.055022785474732515,0.08902275072470626,0.7141807355869011,0.7112932018820131,0.5431394498325138,0.5801575102872858,0.6111533405826929,0.6456134229163364,0.6929806163916109,0.35779544806434366,0.49663361744688045,0.5270215387220313,0.2710852877075269,0.39293173921123176,0.24564964893014227,0.38372791464967665,-0.11102370676479745,-0.18456702384041818,0.056192985232377576,0.3088038226200263,-0.003793370540583305,0.09420261980642512,0.0328933919789416,-0.037389074567715536,0.26834358354365784,0.2523840740253797,0.19251629153211836,0.23426343750516054,-0.14704830381376888,-0.013422148194226786,-0.03850368454922493,0.15448635056644971,-0.013734521683422691,0.015336843601426493,0.25372109298509643,0.1863911393525435,0.2936591371520483,-0.04351372797980958,,-0.09160927621429263,0.13368449188267678,-0.057471691510330616,0.5687378510690014,0.5917479296065103,0.5355933196682579,0.7699366335429455,0.6681175556470239,0.786680874557959,0.7630548139881059,0.7128490407056847,0.7604740442934437,0.7022802702530797,0.5460184455246507,0.7434441657130763,0.5423336734629873,1.0,0.5085147313147077,0.5907296181007319,0.5372965862081351,0.18388912184107148,0.5501233573038744,0.38081166801295274,0.6784878192107834,0.7534178990300369,0.20604166399946747,0.6556796981845261,0.18952976734340346,0.55671315254798,0.15926842628790572,0.13829950900302337,0.3021740985862222,0.3780432506588635,0.6063146480196278,0.4813509432932846,0.3231465015748096,0.2877934229305554,0.32139365014510035,0.49506381498634877,0.4452922722472927,0.4295006717620412,0.4776510877297222,0.4756752794248955,0.5358273244252755,0.5404854082577593
Thal_MDl_R,0.6335646070110577,0.6648573220855069,0.6295130465870894,0.659631523077447,0.6173776065492236,0.6971187776096234,0.38716713884626824,0.5294443627934337,0.3125883805054806,0.4443976003603462,0.020137998586695037,0.16237344138590257,0.49143703406436096,0.5938282489081176,0.41408796969286266,0.4164505317815642,0.6185061825945487,0.665284777066972,-0.0060587029456552225,0.03807808180886333,0.2892493745438739,0.3629818009274006,0.36672206694724996,0.5024834968252775,0.21955304004127754,-0.029380507457996054,0.2572150917965312,0.2107210646370507,0.016380254863082186,0.14649792959662472,0.5447548604378115,0.4979522324788972,0.5636702056529693,0.5684419732688943,0.28495972211976367,0.17114322692060815,0.5763198122900778,0.427031942774581,0.3833579811901534,0.28448710110327574,0.5557029396153134,0.5311356426908405,-0.06583923666151882,0.022797862729624654,0.022807828930720267,0.05623062640264828,0.08446577136400206,0.04475412066339869,-0.027987804089192655,-0.024164572945638032,0.11708177390896289,0.027184398206758498,0.08011480414054699,0.003381786021876452,0.13821157637922485,0.07564799626968396,0.40667255718518586,0.4517030596977847,0.17884268507734719,-0.01394371942750264,0.1650123491424368,0.3090652880068522,-0.09073815614191479,0.056205179629299946,0.10068660991910708,0.1305654018128031,0.7120749699321552,0.6745681477878692,0.4848268419589659,0.46320486118294824,0.5656385211620674,0.5498674991050047,0.38392693158473806,0.18350236286045524,0.2024706696805187,0.2544721379001148,0.29369422152089414,0.3337309317499533,0.183351101033605,0.12814300532715872,-0.0586533917564475,-0.13235002882967395,0.32654861521156175,0.12358439487577935,-0.05103549503997879,0.025109648954403846,0.05426913981490042,0.029432845852262066,0.14433265976558363,0.06089770510767634,0.03150241122110541,-0.004813369941218952,0.20067981820574965,0.1789186313018784,0.20753217937001242,0.09873305078791972,0.16715801865922122,0.17330111122247197,0.03503225986009352,0.10563568281504469,0.0768649818796154,0.07549202559334783,,0.01660548255995029,-0.08105055280837149,0.06474777859509125,0.3670831615184517,0.11787706585669669,0.30956391803374184,0.5722277404304548,0.5914753630034941,0.3050419190640989,0.7652734220911744,0.40317053925123475,0.3341247795327736,0.5226283651489309,0.5865727423937859,0.6069267904469963,0.7168799048170483,0.5085147313147077,1.0,0.3251283782790168,0.30768804704069413,0.310489520932483,0.43257009667073776,0.06900115853055373,0.3337026000968469,0.34383457741576906,0.2038239092113366,0.21677297154913436,0.45445029054699343,0.09829699099971086,0.2671495935311545,0.25757194391419114,0.37417207031268385,0.5400460561946175,0.7281187671674746,0.700647204399811,0.2835289185080504,0.32582058950789133,0.5008219747730092,0.4084775906271066,0.5905661115835387,0.5036997375214323,0.3557999542993539,0.45468501552127893,0.42940888691277923,0.3573698038164355
Thal_LGN_L,0.47782200082881254,0.47261881366862896,0.3365653991157417,0.31074917695649473,0.40201054744163217,0.37696766045976865,0.3792708144523212,0.40648110046751584,0.13014866480648177,0.45821284654747724,-0.01812637231650164,0.23802749039101054,0.6763369539456723,0.5354843063058192,0.45250755279261273,0.35014226180659913,0.2589577422979064,0.16087952382139092,0.13877696036101073,0.3697410402526428,0.17728361289134406,0.31315897838348095,0.17213867442790312,0.299680688311631,-0.15579925307987422,0.0895201413121158,0.3010734083248979,0.30915137344151633,0.03074813200828035,-0.20938585835774048,0.29923838362091615,0.49543111374253995,0.7072805466009094,0.6735115784964687,0.7267391775211042,0.4521995277560243,0.6006777017036438,0.7831973820008963,0.5433910914885545,0.6219060135833566,0.35854077533779155,0.47500154921148835,0.3210329952197058,0.46114659567466665,-0.03427272949870001,0.008229151222648183,0.5698149289142247,0.6197362142446828,0.022011822548933968,0.03602694661104943,-0.1677397069101176,0.14552582594863359,-0.00420719355051059,-0.03180223079731793,0.35004825346271534,0.4622728162336955,0.6084863539677956,0.6294190106508559,0.30685804627696867,0.38558386985192755,0.28807891769729416,0.6295692342454154,0.1290204813558075,-0.14979550288922838,0.5275066801113792,0.5496439916971849,0.604391922431019,0.5964464567927563,0.4599199644485023,0.6141487629041069,0.6158265698574864,0.5695509857842883,0.7613056021149214,0.51905925502921,0.4209245353675982,0.5722989125306717,0.01607671513211577,0.3338686935147345,0.03833589756650126,0.46379595264637713,0.03687509737214896,0.00198212617250041,-0.12409322591414264,0.49763766796532555,0.16033490694555252,0.071860264513399,-0.07668718857533137,-0.04645508556492353,0.3442211626490832,0.3542851135856867,0.32640045175426835,0.36100937334326844,-0.1294835606399051,-0.15046762102940886,-0.11222867133284783,0.046143043441375896,0.13794040357020174,-0.0056361373632567826,0.35604854667588404,0.38632861038619537,0.44811280265809267,0.022620673789540996,,-0.012371940659425986,0.11001521783774189,-0.14106913862860754,0.471104916974351,0.5516569029446167,0.45074137746256593,0.6325202861607524,0.6320844373552951,0.7127750244824186,0.6585014728241241,0.6158740983851577,0.621020978570471,0.6453504021113362,0.4629151355537922,0.65830527556105,0.5147359246088975,0.5907296181007319,0.3251283782790168,1.0,0.6689917507714817,0.3926784453476326,0.47362106812593874,0.6037630003690122,0.7442418600806906,0.7578216131765046,0.15650817931708688,0.6146136831257175,-0.05978702087503787,0.49572574645483747,-0.023678270786611808,-0.025912993580367354,0.12121098565655193,0.22347335213079506,0.4590934982185931,0.4393181750408059,0.38288022348709366,0.29324498037372093,0.39566432055774264,0.4018503520054985,0.5461054303416883,0.3473248460574168,0.536323471776559,0.5715538610778674,0.5818940987621944,0.5534840103285159
Thal_LGN_R,0.5077130784496143,0.538932385165798,0.2568368408642508,0.22326046438720823,0.35827910264022955,0.3898188463114726,0.4030499701544842,0.4752602620098354,0.25646985649130977,0.6312442059484737,-0.05986251342523926,0.36460506274614113,0.5978051019570444,0.4400730685138773,0.37586882143423933,0.2393180390919428,0.19827885384899932,0.18408208785821398,0.16823723883892047,0.2588927688613576,0.0020601756662071064,0.042354090303204896,-0.025789053805416625,0.16044688037058422,0.00044464307774099256,0.18589023646687816,-0.11130046580197944,-0.05778764477069446,-0.024149043628837533,0.2638634872824176,0.15095362298771606,0.33373136665881264,0.5397181297704222,0.5228927013068612,0.7032150947556483,0.478695326317873,0.4814798072669456,0.7157952248820431,0.5413329346803234,0.7009309485076087,0.45428910266138745,0.3255433704290751,0.4995748885855759,0.6572130355138937,-0.04037006593782696,0.39796116145667393,0.5883458496098107,0.7037066239012137,0.4107439459447369,-0.1585315252732913,-0.15654924206186593,0.3409003967981214,-0.08762331255697291,-0.05464902789123179,0.3873167518870432,0.573503356565274,0.3201052245508074,0.29300369710703356,0.06612408274789726,-0.006136116010351586,0.20560100183383043,0.5299326733821282,0.2407222899000684,-0.37738548958396034,0.2549621689666256,0.4415937003246545,0.4574880976610885,0.5353080927714498,0.4054528086182665,0.5476572556468672,0.4783570818513017,0.43432013311407175,0.6295639826036354,0.07465056061565062,0.5694540606653052,0.7323373707163942,0.07283220329951884,0.16620528667686324,0.49129986292660593,0.5510445344911669,0.11672236976101755,0.1269304750005576,0.06315299668409964,0.24843721989104628,0.05642931860005392,0.1700194343218149,-0.013209326497414636,-0.2139200832068703,0.4397728366364595,0.6637816003089138,0.4767853926528545,0.6041542568687838,-0.021488527405228455,-0.0647395467872318,0.04975833524139857,0.3537744196935602,0.2687940274320547,0.0169602891655211,0.21880953819826837,0.5416977691891638,0.6627823949912166,-0.14905550496020162,,-0.2627690383553458,0.3976192540709123,-0.42679902413448145,0.18816034656526656,0.6084825526753417,0.5566640566057623,0.6538995696848818,0.457751204005126,0.6519321121678247,0.5380878327456109,0.7951999283772118,0.7853155525977336,0.5252033813043326,0.6482452471738376,0.5742865746935194,0.4581277415072919,0.5372965862081351,0.30768804704069413,0.6689917507714817,1.0,0.04023434371017764,0.41404467227637565,0.30225561544560026,0.5204976649885118,0.6165040638914637,0.17595829919399603,0.7195076093959402,0.1161579869460737,0.4542639919004304,0.18541981791146142,0.11508790243729804,0.08924601032530366,0.054544258707930976,0.41568114608487056,0.3425923325053042,0.19767712293478715,0.07392483540997327,0.17122790301083896,0.45893093526324374,0.43959662176847747,0.26873794249190214,0.22664704644230402,0.2676319652526523,0.6178861688061681,0.537408222576714
Thal_MGN_L,0.16495990617265605,0.09376521963461476,0.33127338282283847,0.40957573459437335,0.2857621905651089,0.29965812144414256,0.07403069102977168,0.0591593573128638,0.1319505120760614,0.08008836965667208,0.15790812214828473,0.00045943816011316253,0.211207255835348,0.3574439237164931,0.15211614686222555,0.1501480653352904,0.4159755409985566,0.3665274471306403,-0.17111684002127128,0.1879440785006873,0.2813258221055059,0.34498652836555993,0.2996475640711061,0.24061312584692424,-0.15233287742441096,-0.19307052181756243,0.4638727190070065,0.34210998537570503,0.06729035037347103,-0.3886784012946755,0.5018036046822112,0.32676681150673614,0.4543397073051742,0.4214049365905585,0.2136537042674686,0.35637051410485815,0.5585786375527154,0.2785294200679288,0.23376069417699513,-0.00920429919642745,0.28233719701454696,0.3635290057089879,-0.041664974325093654,-0.10207796378158847,0.08458485154610722,-0.4432608233372583,0.1630157133517953,0.05381224844250915,-0.36666466883424764,0.317457461142638,0.015969075517332048,-0.302121050713903,-0.012361789947948124,-0.08577823814648255,0.01764976670251102,-0.10668263224311618,0.5079733215190748,0.5340419743450154,0.5259637242426447,0.48512508807580007,0.4215961841551479,0.23619858909482083,-0.08159673287430447,0.4223352901515185,0.47460889223963626,0.39056606600260707,0.31353141623218905,0.1296959972493642,0.32467540328823663,0.23432033528878676,0.4966565539199404,0.45805932003260635,0.2861846597814549,0.6142251511559187,-0.003613161160456493,-0.11017166977810372,0.035881798356262394,0.18269023816673116,-0.3152287261986049,-0.1918765607876579,-0.0034088845485983825,-0.050244398451341224,0.2645525164477834,0.15230519525560265,0.19932395640323622,0.003953088749124393,-0.05799407123867438,0.25181686180758994,-0.14094038281424653,-0.1735653234806652,-0.1372164626444333,-0.1754418770740003,0.159541700088414,0.2146161956936597,0.1353753910346402,-0.10680924559272773,0.22197099264299866,0.36831667871305773,0.04543750961689547,-0.04134458097974598,-0.23874817554497824,0.1814779430585493,,0.27600195285653184,-0.31883466548302436,0.2503355218036547,0.4124033554351657,-0.18010603662170035,0.06845208025264464,0.15825607303606407,0.42651441267806345,0.17175011422159642,0.41480689935031584,0.033204950688884176,-0.011541508197695336,0.5109947843815087,0.10785658908881551,0.48090318781069447,0.4740820707688765,0.18388912184107148,0.310489520932483,0.3926784453476326,0.04023434371017764,1.0,0.3645035503880435,0.39532242152086167,0.4843787067595681,0.21039412624343257,0.37486986616041673,0.006720931545870855,0.16342888910042222,0.09103591704933685,-0.2075980111726881,0.028658421785359323,0.2274643136376843,0.34457533698186416,0.39534452061757086,0.49077690130479557,0.1986294293882119,0.23478773882044393,0.41527490555948343,0.0903709909370059,0.4139352788101542,0.3338089409974564,0.45095416304683,0.5516985664596431,0.1858387480860846,0.011670900322466019
Thal_PuI_L,0.5079940373606102,0.5020183602619381,0.45603022214979494,0.48131366420299176,0.5408782026997142,0.5708603008058386,0.427885041069875,0.4582879524904457,0.29825057320115833,0.33769415266469577,-0.04527625622007563,0.033067650215921986,0.526207534923485,0.5747847076230371,0.34289885620778726,0.4200788906757121,0.4420164718730939,0.4837592270180363,0.2714633036006875,0.09286359527871324,0.29775830096931943,0.25735961775545446,0.3116453839834825,0.2828556742610451,-0.0847822653626268,0.2137646598614211,0.23015976588095904,0.2448224312568581,-0.07244300107146165,0.14444158472454893,0.5113942637832394,0.4839429955879639,0.4970184827001896,0.4824670593150567,0.30312207315999146,0.1478247487766563,0.46570270112436746,0.4251205754358088,0.3885974439657197,0.3202771260751381,0.5257390545855896,0.5219241501450925,-0.004050908289435055,0.10285774574100401,0.07497603798036764,0.15343962118953391,0.18274748799499907,0.11123880171526093,-0.05146525725504232,-0.008582957078418009,-0.06079376987577234,0.045177382153231534,0.10041404646749294,-0.05865779110044931,0.21393186615554988,0.07443192551489056,0.35404844272527475,0.4237893497855996,0.1958023034462418,0.051550045406722526,0.15970480562821765,0.3306631447420486,0.0862058733583409,0.07356092356428241,0.1365574739138443,0.15962054720108032,0.5567141658646505,0.5004015107213982,0.5537422622077196,0.516007749549134,0.5120499764086031,0.5169585296231336,0.38091230355175754,0.17708570503082352,0.26123522568919083,0.2570439617009863,0.2874541619793319,0.2784756894291518,0.1965177201643961,0.10801333624843201,-0.21080464809298127,-0.08979448331128387,0.10470018358988081,0.06618160038310485,0.12945555306420062,-0.049757800551512875,0.13780646663894597,0.034432998434008245,0.07734168698692852,0.15928963276281413,-0.01720666500924394,0.058024421992915395,0.032639941604444646,0.09365388148689784,0.13224047847487913,0.04646747202743536,0.12539626128454287,0.23632149471307917,0.026088788923888186,0.0034640176911200455,0.14045657977400042,0.10278979352132296,,-0.19207815910592638,-0.039293894673216576,0.015532093966908238,0.3801021166025834,0.2129618297876415,0.34682839434474644,0.5048216481256481,0.4838246114994866,0.37917852600101243,0.5010311724805158,0.5966934751900032,0.44204224480309895,0.5739243755037469,0.4707809968588814,0.5255884563955797,0.4964133149194737,0.5501233573038744,0.43257009667073776,0.47362106812593874,0.41404467227637565,0.3645035503880435,1.0,0.13728373211753117,0.5181849286806274,0.3856613695165683,0.29511898248075963,0.35240100208467895,0.4052036733069691,0.22974142184377108,0.18446935583476334,0.03563774097554177,0.4000226456447031,0.30725565824377676,0.5804952691283998,0.5515823631699407,0.29222798922961,0.3515692899826575,0.38755370895104163,0.3641135448294508,0.4064282135616664,0.4775167074453953,0.3129324362542237,0.35592200529680573,0.36450951027243267,0.24851866612834408
Thal_PuI_R,0.14294651141456333,0.11562696713086747,0.06803372080277505,0.06554924455441745,0.18943931446776818,0.03820658713973318,0.1471800168516932,0.1253652264861972,-0.003528293749098459,0.17101578588568764,0.1040648136565665,0.10263373042755444,0.3367411026476169,0.31433750796673043,0.18726418368463285,0.048384967742242414,0.06245994686924944,-0.05479315395327683,0.012974327970219208,0.3724008785721894,-0.03020129412462833,0.16235965534081157,0.003980322147179263,0.06502472628066891,-0.1807985515856756,-0.05486952566140048,0.33992891565982747,0.2973956417764359,0.16052776297279167,-0.5760962719609674,0.09025042582392889,0.2297676676922641,0.4244757709225909,0.4002780623158585,0.38356626993426807,0.3658163318605176,0.2418601802254368,0.42269935151842164,0.10711290626447989,0.2804384187560281,-0.07140855979378419,0.19154114373451786,0.30833398053100297,0.3442471805679527,-0.0683409051037253,-0.20742315553588525,0.42395995405866604,0.4645768054289498,0.0795477093121813,0.12114799307995357,-0.0858347744046095,0.028257513758567082,-0.15597408442678498,-0.08331140715333422,0.09129213966323879,0.3002384987959828,0.41422907921617963,0.4101804239500487,0.28933776777839176,0.5051543837360253,0.34226900720017495,0.42372809010111945,0.08747553416427407,-0.17036923499953574,0.45747119170408174,0.40640844200748855,0.3065391167316699,0.19273550795794123,0.05340907609361272,0.2608123826096537,0.3260124117430972,0.3475022749272996,0.5789759634754373,0.695238987292223,0.11821840255802046,0.24285936233830177,-0.2883756716733647,0.13644946279542128,-0.21259365594225013,0.30511615528128766,0.22869811043723323,0.1940575397100008,-0.18539223827570084,0.5597651012629089,0.1186254008960652,0.12743315138522335,-0.13385478554213912,0.10035364521267996,0.22561626160385376,-0.0067552036091107345,0.20120858878614586,0.19167467800583607,-0.1951812538116644,-0.10211018919010978,-0.17605771824304955,0.02906359220710324,0.1308163141675388,0.019968308461855537,0.3095618482627881,0.16285276863507797,0.22874002982048758,0.04978992975251801,,0.12373117599227723,0.20514504623230048,-0.0631110070139332,0.4366096619236658,0.31150998885013265,0.14676154761862864,0.23942803022547612,0.3605611618398143,0.5382428673028239,0.43866006834601334,0.1547012338495043,0.3343870514961997,0.4268410428213931,0.008435428980569069,0.45268669712587367,0.281163652465789,0.38081166801295274,0.06900115853055373,0.6037630003690122,0.30225561544560026,0.39532242152086167,0.13728373211753117,1.0,0.6107928666854576,0.5873109799989552,0.16086236405410373,0.3447928272234121,-0.29490897314468917,0.45688108342353945,-0.3256952890755263,-0.20898936657233208,-0.04263707427561514,0.10337180544786423,0.10960384944803955,0.1934044564620147,0.2034233801768513,0.0898811792788554,0.11851045544272075,0.0492323311900507,0.31781252692090556,-0.028838266216347063,0.4416078943030089,0.3795904584710122,0.2574545388024896,0.3022352735506704
Thal_PuM_L,0.517766220933141,0.496899235980047,0.42850628628856935,0.4362889956323343,0.5185854069157985,0.47963304743154367,0.45109456074954885,0.5222470732176138,0.23819233787434446,0.4907318728010666,0.04191447480877498,0.16033804346096206,0.6767332897253749,0.6613035097873943,0.35077675050176893,0.2943311996313954,0.3818014151389753,0.30234557715050464,0.08718241169055484,0.35198899247446963,0.26908639149497954,0.3389842683210686,0.28937945711538005,0.27689306484969844,-0.15812064535517728,0.03811201524729068,0.4150218791662085,0.3422615455811791,0.005964815324515153,-0.2720699109887745,0.4549109520554759,0.5745359853086962,0.7372841147763358,0.688947108526223,0.4969662089147698,0.3349016431293611,0.4811721192076866,0.6476097345827317,0.46077179220827436,0.5272950076510516,0.34606318657394664,0.5728351753942639,0.23404761642149366,0.3792424686155948,-0.0898642748533758,0.01903434397804248,0.4319000248477391,0.4702499273249715,0.0770082687881714,-0.03656182669483432,-0.10572528337760803,0.1104278827677881,-0.08255246539165752,0.02383631216144837,0.36436578746231374,0.3954943441536711,0.5181491259003487,0.561973090457389,0.290217300779104,0.27114624308628327,0.3265707900023922,0.5529950874858053,0.09701688265021198,-0.10750046069062626,0.40660639285821987,0.362887217970019,0.6114591194324457,0.5375513817046327,0.4886172180507303,0.5638675678550589,0.657238800328294,0.6845877734450733,0.7412120225674576,0.6022911889187434,0.38371282032364223,0.4538251377357281,0.034794657177649055,0.42425460170389634,0.030832569417361524,0.3529195849154829,0.03670133154227737,-0.06961141889234662,0.0438090434783908,0.47656100214794495,0.17451487946037508,0.13611401606565926,-0.09031535401142322,-0.051520992021117464,0.2837658963892456,0.2527882473306174,0.2919625886714993,0.3048643274658631,-0.21027974722697002,-0.12491363047625599,-0.158232099304115,0.03999260627624125,0.03490105428082035,-0.007981331541115478,0.41489397930646577,0.28726218995262703,0.32059320792462914,-0.023138140298734382,,0.05093721211247615,0.020161547992103714,-0.12544236846604936,0.5741431986607008,0.5128896031362785,0.391090348711149,0.5703443581805957,0.6843418158986267,0.7283549993923716,0.6825723605224921,0.5441030437880889,0.5684888644114633,0.7054391288255463,0.36534358687152146,0.6823524591750094,0.4780779424195729,0.6784878192107834,0.3337026000968469,0.7442418600806906,0.5204976649885118,0.4843787067595681,0.5181849286806274,0.6107928666854576,1.0,0.8124652690483459,0.19284989005328618,0.5713835766096707,0.005389873354830733,0.586335192079059,-0.09994822031220543,0.0374706170167187,0.15423946084317777,0.3563620230447868,0.5226515636007177,0.4840034404158326,0.48253232246459055,0.36834140032746127,0.26429005529576616,0.39613611425066525,0.46213294576559716,0.32113977233830476,0.6506229019612388,0.5867756618510721,0.5199462785276942,0.4494109212881446
Thal_PuM_R,0.559225743145122,0.5923640921765867,0.39264056325577407,0.3393624623958694,0.4703674916754306,0.4472305372923442,0.4946852472395925,0.6529027930404772,0.16855605769179716,0.5627921183167587,-0.07167124690879709,0.22478603970750247,0.7114058073201662,0.6869920861594747,0.3694570633954326,0.33998061355899123,0.28046737985476305,0.19422125324361073,0.16480703566172272,0.37809366452233784,0.23802128143243673,0.29862290059086793,0.2338262503822551,0.30700038836136245,-0.10185291052220383,0.05637216781914444,0.3551907896021749,0.3176751056651848,-0.05373759661127361,-0.1334148681073978,0.3393059217238767,0.6218713666282604,0.6804213720215562,0.6708337360798432,0.4959024813410094,0.21375680737562103,0.3790511232702261,0.734213411454458,0.48231974575911907,0.7056777397681784,0.32363632456494273,0.557795973417622,0.1788528622051258,0.49996649511679475,-0.27496939010232424,0.26375978187259325,0.37283995482611015,0.5058686045905418,0.2470057962385949,-0.24569150690808353,-0.14684171854120606,0.2930334221583969,-0.10109220919978272,0.08025582791032404,0.44527844170732195,0.5528215384529716,0.3940027668426294,0.4487975416203897,0.03274746706701585,0.07427686455689884,0.04941839874281074,0.5329061477837442,0.057130984631849895,-0.3251915208214519,0.21003556437123683,0.21762287373312386,0.6358464840581115,0.6613376460424223,0.46420601870764033,0.6133385868871617,0.5718136024631987,0.6747461876735491,0.8256852750886748,0.454859225929884,0.42167460338117924,0.6586328668722224,0.12165137254812478,0.5448108766594705,0.13263316955078,0.6115759756254072,0.00501502079718101,-0.05874741269898629,-0.06550807054500771,0.6208770419104456,0.09680950942585195,0.12980225098758263,-0.04911234697815208,-0.17115687251401035,0.48314643478961533,0.37842554917233673,0.42818931232913987,0.4118796361971936,-0.2889547432141804,-0.28648835335761347,-0.2869786183389844,0.07057565683552927,-0.14046288884463085,-0.2495920302228257,0.5340688801165507,0.33542635292736256,0.47193597828318373,-0.14067748150122944,,-0.07501069251233243,0.15027109758319632,-0.2113709802552065,0.580673380625941,0.6738559598867465,0.40475528047615195,0.6001802238438994,0.665037006874084,0.7829121894500713,0.6992775427394684,0.6601472119856503,0.7390391075938894,0.6578085895512966,0.4728284534610416,0.6382179729495149,0.38363834740778224,0.7534178990300369,0.34383457741576906,0.7578216131765046,0.6165040638914637,0.21039412624343257,0.3856613695165683,0.5873109799989552,0.8124652690483459,1.0,0.028411976951680743,0.8237003980688176,-0.10233634550237652,0.7737057768913804,0.05457722386084818,0.1286560991523514,0.12932500768666746,0.3525707265157448,0.4666598165213374,0.39837023076143563,0.4911788252540008,0.375237867497199,0.2301810651126483,0.5365782305373344,0.40918444027743234,0.31849731651486096,0.6631485420980376,0.5172089583116501,0.6201663139829094,0.6060569900990718
Thal_PuA_L,0.17049078778254487,0.12883922037750375,0.095148408301478,0.22329740402402673,0.24734723228980304,0.1533372626044471,-0.051831553973920294,-0.20169243093050085,0.06126697202893876,-0.052667158470094774,0.07275147603512237,-0.09902407857630029,0.04051548015536327,0.11598922236517448,-0.004933571971071863,-0.08421774201023896,0.10013878798007482,0.24254329560750015,-0.058693049378885816,-0.0416710176505055,-0.12585625291465602,-0.0305729041248244,-0.13214460109793186,-0.12059474003257831,-0.14813786850420285,0.21463904598192554,-0.08095414675544438,-0.0966422839351236,0.06328319164202974,-0.15158150570479084,0.09592878342015357,-0.12002197458332763,0.2318610584886344,0.1560947416390409,0.2338885007481748,0.5759713255074781,0.1749345902214939,-0.05873324144059915,-0.17878800221350594,-0.309609095291645,0.05771065771557461,-0.048851739310385674,0.11654850760356819,-0.1510807875589445,0.44701497444269117,-0.38925701446652017,0.13256807952191904,-0.0029250950032473984,-0.1779088860854013,0.38685014596614764,0.25629577077861926,-0.15663053813981578,-0.038445854659771184,-0.2605909407246503,-0.3848896319191725,-0.31812890051828846,0.40718645479272564,0.39068958891519684,0.5397491436973041,0.39294987985759566,0.451798775073651,0.21980943058733765,-0.045199447641999485,0.40263837240417805,0.40896926186852584,0.46619731045857155,-0.023396410720450105,-0.10096081403859088,-0.028786976157562955,-0.05976843456117714,0.21864029992593823,0.017780172662662304,0.0057622156142553985,0.37969808496754,-0.10961461319559031,-0.20090386070826802,-0.2599086147998321,-0.369032419873986,-0.11027057466858355,-0.4225479472505223,0.20610939906701703,0.036908275229735416,0.0746524800632383,-0.2532045190526304,0.05946999319211149,0.1176158322133991,-0.06904956771410316,0.30179249089472115,-0.48533681975962323,-0.2742778448998315,-0.38226131816645825,-0.3049305869775694,0.444854252689287,0.3569942719754596,0.39693929416915896,0.10226570875265223,0.4795428131662428,0.5843155166191701,-0.3999825881947247,-0.08747344704115599,-0.2023764852554492,0.33116704507356726,,0.14140331626363556,0.0006039794614507039,0.2567896979642216,0.011822444412583046,-0.14135538316120774,0.4346539719790077,0.34972869174497173,0.06669209675751737,0.15703939003156028,0.237295020594469,0.23790667245690195,0.2086340457858068,0.33751671122294,0.012574075991710896,0.47780688784804703,0.4979267551281409,0.20604166399946747,0.2038239092113366,0.15650817931708688,0.17595829919399603,0.37486986616041673,0.29511898248075963,0.16086236405410373,0.19284989005328618,0.028411976951680743,1.0,0.09334841750471469,0.4376562199165078,-0.09877876081464985,-0.21226184780765614,-0.17254046803118422,0.025542088331978522,-0.04814130844649352,0.12257784158301917,0.2430637854167351,-0.21348756167173338,-0.18221819810434076,0.23685193097548768,-0.3304659038775817,0.2898368191007594,0.0017899202393429636,-0.21507632855157677,0.06934838067365512,-0.21589675369967132,-0.14628617510018524
Thal_PuA_R,0.4638081552103488,0.4730238704867992,0.2910876222467021,0.15349127287203335,0.3753145627258392,0.32693711993395747,0.5102657469974998,0.5527103562091408,0.2568111767442044,0.5360694103354711,-0.023610493241146942,0.32539125743773833,0.6274032727819054,0.46628507519722573,0.208249119232955,0.1902684762751145,0.14392763743813886,0.07221917426493667,0.11554360043073039,0.1328177302722435,0.043000883239868275,0.04508765847503868,0.017027366836112376,0.14629743839541987,0.030105321116737586,0.09138287908687132,0.08976120779533893,0.018211528630267083,-0.04287416119733087,0.15700891537992667,0.17955611851845402,0.3870240034433855,0.4514165848719367,0.45880982360495376,0.444006505894217,0.23739962984710786,0.2253341296786948,0.5862252018546295,0.41305352709726006,0.6333053561481139,0.2670845930938066,0.3282240121741109,0.16941415570250482,0.4559866838561338,-0.30721170761087735,0.35642938960770526,0.314227117712238,0.45314809551033336,0.3629125478902532,-0.3262464594434169,-0.1956037770614197,0.34473199477917693,-0.10981560193448967,0.0386951982719987,0.3691342917027365,0.46634643648200924,0.2108420186575335,0.23388286838886999,-0.10150024283585439,-0.062111974858675395,-0.07711720372110516,0.36670684267243875,0.06188014680155355,-0.360602456802833,0.04515317275003592,0.17212100664823396,0.4379471518086478,0.5217713976755489,0.3844533561406766,0.44672476541509826,0.3430174459460163,0.42400190197584003,0.6743727273077464,0.1846343454814048,0.4595547931100703,0.6149997153979995,0.20313598717587256,0.31160475171339025,0.31073856830573127,0.5285383195369086,-0.01673389058051879,-0.07473922331155496,0.02627688160562942,0.34795996756785286,0.058118778522606475,0.1449964608064015,-0.004976259235911089,-0.21544595324886284,0.39112512890587364,0.48941363210753397,0.3742579734420426,0.41810565371556396,-0.1480320148191057,-0.14097503274435635,-0.18206785158760752,0.13800190966195028,-0.10561560615419048,-0.19533886321558822,0.31130144703045887,0.3901991614244143,0.47093414326598415,-0.24111148564111287,,-0.26226963749572096,0.20939650549077155,-0.25999315493003583,0.32305495081789304,0.7314436878237949,0.4910225144574277,0.5647496370835706,0.4307049510146061,0.7193527337650867,0.48377308914027434,0.7605766686026603,0.8884661549205212,0.4763898659420966,0.4838505468503857,0.5387483760084092,0.2616514901319536,0.6556796981845261,0.21677297154913436,0.6146136831257175,0.7195076093959402,0.006720931545870855,0.35240100208467895,0.3447928272234121,0.5713835766096707,0.8237003980688176,0.09334841750471469,1.0,-0.0015620470938285758,0.7518558642016817,0.22047554796318297,0.19900298657423038,0.1242942127431643,0.19085330705302217,0.2856422872303545,0.16042821026463341,0.25012788904388966,0.1517932674878207,0.09413584778956026,0.42871954978120647,0.2610419309915988,0.2014497256896716,0.36549742898836746,0.2393847110416786,0.49865354191953476,0.4793220625313086
Thal_PuL_L,0.3688180585439099,0.3855899671295434,0.5123243661001607,0.5578905283967768,0.4308927572356953,0.5382720411683208,0.11300347455830256,0.1978142397986764,0.16148023689897636,0.13548910990434335,-0.2492480290531304,0.05725032664518944,0.16364460158962582,0.32782936201978147,0.19356138015689567,0.3450139213305038,0.4715799138173287,0.6167842511005374,0.11604551460871834,-0.2109513207564678,0.330892641765547,0.22803455080522994,0.19850544629640154,0.28846788833368914,0.296671831796557,0.1871255224644988,-0.0450139844291726,-0.027041708542514226,0.09517278997768565,0.45724219859331294,0.47634386787161276,0.28268903505938475,0.1709906702528851,0.15925335266493953,0.03173869223291093,0.11401655844721746,0.3067113120362136,0.08199095253920036,0.11649545851200677,-0.1042266671437323,0.43928239045370826,0.2695352010863136,-0.37203867095019155,-0.37501187056530927,0.04399768007521922,-0.0823426392158479,-0.31734326333169854,-0.3680289372026467,-0.16155191423471454,-0.014795796631262171,0.12250441557521428,-0.13667263267805488,0.03547268390234475,-0.12570966521487234,-0.29987967010166644,-0.4196717838292395,0.11122017847703446,0.18621126998495618,0.020435630802650262,-0.17346797144838735,-0.11118105161868552,-0.0910490821872043,-0.2767423853553565,0.26517272316562207,-0.16042855635032632,-0.07336274249907469,0.26196746766634377,0.2823330949471387,0.44652103618235545,0.264722016812911,0.30551041119589034,0.18878642396011797,-0.03908012705513018,-0.11493285266467308,-0.13088914028742887,-0.11028203302782497,0.3563063444690516,0.09394312384731256,0.13493052064175529,-0.29776226739094613,-0.03075105025230788,-0.16560099952052268,0.1976817836116085,-0.3241966339803171,-0.19035820080299737,-0.21931029666369362,0.02737842084025686,-0.02158053066361095,-0.42219851019912996,-0.20351977495804408,-0.46466996467943084,-0.4249237905447405,0.47252193469844395,0.41013200216338197,0.3341558100106115,-0.040178009693291605,0.2142478740954783,0.3651849258743682,-0.49406592415757405,-0.3447302292431736,-0.3740557541621022,0.060087910878360754,,-0.08037404330198807,-0.3176897331307133,0.40398015572790813,0.07347918300751081,-0.1378010157379852,0.2609388907924214,0.28510389045452805,0.1393248829943802,-0.09279968561526901,0.23457880954856555,0.3435050745171022,0.11594284408257029,0.20029994661909056,0.3441276435822785,0.24563557829951002,0.42628399855834115,0.18952976734340346,0.45445029054699343,-0.05978702087503787,0.1161579869460737,0.16342888910042222,0.4052036733069691,-0.29490897314468917,0.005389873354830733,-0.10233634550237652,0.4376562199165078,-0.0015620470938285758,1.0,-0.11196811951514807,0.3446181936029502,0.35023421081022243,0.4146346140370037,0.310241584545096,0.4161017378098144,0.4468863811960412,0.14268027064235714,0.2639090783640774,0.48384968259274014,0.14230939643992288,0.3610218204977998,0.5084286718522517,-0.02449806245358656,0.1807492220249218,0.06823238072557535,-0.017797547085258218
Thal_PuL_R,0.3758641927791747,0.3797448361609071,0.2539923932633161,0.14790460593833174,0.3166983193988189,0.24840449072058013,0.4082018610569244,0.5300906145960714,0.15627705179286333,0.44254414291099087,-0.05515051954027409,0.244568595651452,0.519861080665583,0.4586836394482276,0.2317333238148699,0.18366678396193414,0.15225187294125442,0.06887878682175504,0.12717090902312497,0.16783744736852002,0.12408588959965527,0.15073163423780456,0.09210454042944775,0.19303959537916848,0.047933897972043414,-0.10115972987809159,0.22215566953730856,0.20861041287311696,-0.007056227694255739,-0.018129874547492677,0.15026204213456854,0.4043060737007052,0.3567527562765102,0.37575755098374586,0.25112189365308557,0.025645262952760126,0.11806885242277262,0.5001068641421402,0.29797425415258744,0.5728834171143273,0.13106797149448543,0.3528500785588413,0.09175697866844025,0.4166462473198787,-0.4267805506101223,0.2597304190425538,0.20382225500756038,0.35703080694584494,0.2669822241999306,-0.34637375775973117,-0.1860220820242256,0.29411893499086456,-0.07181958528093459,0.023166659621858085,0.30529114350429826,0.4304073394784797,0.14370962517385868,0.20140852430201933,-0.151698916144333,0.0014969152563531942,-0.11743926648969374,0.32162249272587606,0.07539720630269177,-0.3451559591879447,0.0001570964572540337,0.009161706170064569,0.4056034483202084,0.4332392526733545,0.2962741211018042,0.40455211848508443,0.28272327128049995,0.4118782500845809,0.5903571790578691,0.26609622553993256,0.30177312393923245,0.5226197441542226,0.09833280636977969,0.40538360442726934,0.14000835684407356,0.5255570692040409,0.06917238901398412,-0.0853460618520941,-0.09152158236340809,0.4582722702809166,0.04103485871483852,0.05934118187850435,-0.05132198496702395,-0.24834337390725178,0.4229807955553513,0.3228669508002512,0.3755030066797141,0.3463422392286868,-0.34077808068951587,-0.202924441802458,-0.25817307355677477,0.048532264719412486,-0.17803603212879912,-0.2637614454514142,0.4284070287580552,0.2149428302268742,0.33601794224798487,-0.21313242932044388,,-0.13222446544731528,0.2091729384931128,-0.18127837715532955,0.3816722563630263,0.6221772010982074,0.20970494087992475,0.33557240398587646,0.38140028876561094,0.6067638799907364,0.400061299649861,0.5025439750557148,0.6492765127872079,0.3923960578472586,0.26086683277256245,0.3637495039213507,0.08191930869459917,0.55671315254798,0.09829699099971086,0.49572574645483747,0.4542639919004304,0.09103591704933685,0.22974142184377108,0.45688108342353945,0.586335192079059,0.7737057768913804,-0.09877876081464985,0.7518558642016817,-0.11196811951514807,1.0,0.1154919014698496,0.16773666847478338,0.06988298181039931,0.2235808508875713,0.19892294043456904,0.16292282709146166,0.3573048422880938,0.23091026556114277,0.04853368406517597,0.37503854591354313,0.14677985560505324,0.13125153611804738,0.4711910279109809,0.2587574555390233,0.4075070736145057,0.4249636701284639
ACC_sub_L,0.28980047770062195,0.3416296103742138,0.5080423176685975,0.326063513811906,0.2980784936319152,0.40690444798827674,0.3906585170316811,0.5082270469880623,0.3254744644887184,0.39981783653103586,-0.025867047715534563,0.49907175360529976,0.2402866162269936,0.21329526416745354,0.24382133792760707,0.3970658056308825,0.45945922635331676,0.42736243648920547,0.09613792512146319,-0.29101615815980325,0.3398770013909074,0.0740389051826726,0.2906381994409963,0.30042001729129264,0.6079729243775313,-0.1283550453672429,0.03316088137495134,0.11743826707563912,0.18765340345337012,0.7104059667588313,0.39728607881715877,0.36470762527017103,-0.017004916109250905,0.07307682407861583,-0.15500738473811596,-0.32785897808854186,0.06162415567418011,0.1675107974122521,0.3037180087442666,0.2847380307463835,0.389040730936569,0.21484418124936056,-0.3531731380222983,-0.15382760610413174,-0.3655635247198531,0.25463920576500104,-0.33059510285551497,-0.2610275251318006,0.05579254614633768,-0.36648789661313447,-0.10710131214855634,0.11717240890641296,0.05474943139779263,0.022183540457088466,0.17478227982946623,-0.03475795452410799,-0.20840495555958108,-0.1360919247672785,-0.4539538783093016,-0.4808513104228682,-0.4603141517332966,-0.2501038483898599,-0.19492395748893088,-0.08316463514227185,-0.5088746641876238,-0.4155642802350436,0.3573053977403831,0.3955195541244114,0.40811398699210333,0.2968207540706503,0.09930144267348666,0.1484136825315243,0.045144415803669694,-0.44273274650639377,0.181083099655297,0.1705464109042353,0.6890096549223674,0.36762886685683605,0.40960968211637877,0.1947996763972853,-0.1352551507334252,-0.19920886360323461,0.13302622379246978,-0.19707091790537354,-0.33621699107198916,-0.3794605207676069,-0.054687352531851745,-0.43532585274731966,0.12712600791012588,0.2262778457448491,-0.09707220949560273,0.0032742636460125754,-0.15357530989913276,0.0664941290851455,0.06772264395400461,-0.08596003740573809,-0.12110676734067068,-0.10458358205506932,-0.09985638161749985,-0.12412180423953555,-0.06463586351707777,-0.270801825623141,,-0.3510215561778208,-0.22363827906492964,-0.04582576454604297,-0.020878376187510993,0.13510578369012002,-0.10169292942086892,0.0573345539493744,0.020653269985008375,-0.08049808166193449,0.07509313822285496,0.30222563829773624,0.20550509682027038,0.0056358964068179244,0.34857585640102356,-0.0379761683216831,-0.009682019800114105,0.15926842628790572,0.2671495935311545,-0.023678270786611808,0.18541981791146142,-0.2075980111726881,0.18446935583476334,-0.3256952890755263,-0.09994822031220543,0.05457722386084818,-0.21226184780765614,0.22047554796318297,0.3446181936029502,0.1154919014698496,1.0,0.6033928438949644,0.523369936935666,0.3735533904172011,0.23558081417678015,0.24541137859995865,0.3498827793791092,0.34877307250547135,0.22849571757263415,0.4309998780897464,0.10654276550101327,0.40755931869461604,0.154487403670155,0.04124943367330108,0.29291806707234425,0.1041002551972262
ACC_sub_R,0.26253435888727145,0.27965467327682775,0.4956076050450097,0.3481095335018026,0.2660969862528616,0.4141824764265618,0.31029083083807346,0.4370688082089961,0.2563272516763448,0.2782114034532621,-0.10657693784236998,0.3158497317275528,0.2673998241011194,0.27532231469827956,0.11803948223135026,0.3121194712442356,0.4427476248198019,0.38610824913996583,-0.0059054077132022825,-0.13781311918120467,0.4303564100967653,0.22296798780954544,0.26534233962957365,0.31444896878466205,0.523808725609849,-0.07777370055182108,0.09324666872570686,0.026554598773520715,0.014495267204534354,0.5107592685641362,0.45856038881383687,0.38885810632699697,0.0726589840770828,0.14872260124187786,-0.11943569106286187,-0.2534263621813078,0.13060448649628195,0.24498231502794252,0.4233723895030108,0.2720069766374334,0.3835650638862422,0.3213983635389084,-0.39161595652464276,-0.1903612468530403,-0.3550407273637886,0.17457257674149085,-0.2873118829045063,-0.21048785627086034,-0.006363139915553357,-0.36561222318867054,-0.13747789954860307,0.07659282974898676,-0.06224035727669063,0.05947302170588138,0.22066435272325668,-0.009673739015054774,-0.11312762025061741,-0.04811227699018446,-0.35532409935799675,-0.38798809907167553,-0.37492104208517923,-0.2239876273427618,-0.2999454815439723,-0.05273591632787191,-0.376433467564944,-0.3244832236930282,0.33632482224855426,0.3856135333585147,0.49574070690401595,0.33126602889468465,0.14122447726157444,0.23339973151333834,0.07935597619624166,-0.22260893031624465,0.20327676280875523,0.11926128178015988,0.6755569350213863,0.41835510323709046,0.28768665212504896,0.10395485940967222,-0.11744468702329117,-0.35603244811735507,0.2875617873014851,-0.050990851330939134,-0.3121515698213899,-0.1922628920947549,-0.027338971740114418,-0.24143363136026774,0.06627052203281068,0.20664207556224853,0.018514623893061688,-0.02805550888623659,0.018328201732564723,0.2059520811087914,0.013245785526663159,0.001959289050276405,-0.12448347247831312,-0.06732475515347519,0.008118389671736552,-0.0653528665869614,-0.155907483025599,-0.1787120583773451,,-0.18608919641624663,-0.2860615068538201,0.05226102731829333,0.04388095632951617,0.1208775362821432,-0.11227738270778265,0.013101130175167107,0.10393289475220836,-0.03835512050127312,0.10916973953395652,0.2164894907780323,0.11022947891521497,0.05973295057887574,0.3622951538446095,0.01610429717139923,-0.009870149232235994,0.13829950900302337,0.25757194391419114,-0.025912993580367354,0.11508790243729804,0.028658421785359323,0.03563774097554177,-0.20898936657233208,0.0374706170167187,0.1286560991523514,-0.17254046803118422,0.19900298657423038,0.35023421081022243,0.16773666847478338,0.6033928438949644,1.0,0.41882494118903313,0.48031905692301496,0.3084969663759289,0.20133660821074884,0.38234721457171006,0.3782364288861338,0.2445740964978194,0.4758633946644018,0.0992618710136753,0.4607217363385041,0.25975588390516635,0.1922103000797446,0.3312174044424251,0.09573391690806171
ACC_pre_L,0.5247817081376457,0.47345953871001795,0.748348522864635,0.6593912278447694,0.6910312621170568,0.6829211859708993,0.5219489097971104,0.5550184771766047,0.5014995218170629,0.4136880815318138,0.0812466719278932,0.38074164428770824,0.41214264738176454,0.5275976417761896,0.02204965062807486,0.41162667129208447,0.7539784580885269,0.6784540051626513,0.3164584342729586,-0.02904934911208899,0.3681210964847946,0.11237037413501219,0.39594809418183824,0.1945262440360265,0.3250681363159124,0.05872338127945794,0.3986372245693544,0.21626212416100093,0.12809208847882939,0.28711022942978676,0.7143063471535629,0.5520621735486079,0.2880970714500783,0.3496687906521115,-0.12446763882493236,-0.24082952366261595,0.29706316481357875,0.25352844907573213,0.3898381853201329,0.17924302001900877,0.5602000554399333,0.4792057251656803,-0.465863942470759,-0.28906942510766526,-0.26174554914068393,-0.015002344212567631,-0.21727927563798394,-0.31330840188441383,-0.09403712997826379,-0.15401853237408672,0.0116279789058822,-0.16055520768645454,-0.0029128500011919405,-0.011674147747985746,0.22620409251041165,-0.1448702734198603,0.18660413978408485,0.2523424643389925,-0.05609235539256364,-0.13667635166726838,-0.10917565410619007,-0.07308808045236966,-0.2011865334934735,0.14356532468920452,-0.20981907885958528,-0.2776317085811454,0.521241468188709,0.4121295017732598,0.594270214644499,0.4915928348860818,0.3832120962680214,0.5123575013044929,0.2797562034925055,0.02014985580486722,0.105700159744305,0.012990514781078811,0.6311790446426708,0.443259246749859,0.15385402153850963,0.017902872633568708,-0.29188680437425757,0.036554628340443665,0.12525429598405421,-0.023418511237945364,-0.19644139382309503,-0.2797619269409428,-0.04623237492561323,-0.08010457463453081,-0.07151500218912815,-0.07692793374674813,-0.20007028963439658,-0.19897168883673577,0.15590367226728938,0.28981464461582807,0.3104931640066636,0.04587528168789468,0.12176173924561218,0.27852219609337747,-0.059491385713402116,-0.321503446601263,-0.19988880183577157,0.026634638287686252,,-0.028989726026855202,-0.3306106948816311,0.2186257701336815,0.3852091899644042,-0.007346936113837902,-0.14580011919420832,0.09436952242635441,0.3806075645554657,0.006616247339987249,0.2262554753997863,0.20497661097125036,0.07511961085168116,0.35462938049468107,0.371238657163104,0.1720554289000284,0.2922028100536444,0.3021740985862222,0.37417207031268385,0.12121098565655193,0.08924601032530366,0.2274643136376843,0.4000226456447031,-0.04263707427561514,0.15423946084317777,0.12932500768666746,0.025542088331978522,0.1242942127431643,0.4146346140370037,0.06988298181039931,0.523369936935666,0.41882494118903313,1.0,0.6579500537835169,0.5308896857441264,0.5370506649374291,0.3125823579740145,0.477659386067758,0.463126409964953,0.44608957657082327,0.3925617441395071,0.5933523516099589,0.4487540500032727,0.34449694071117964,0.3278197658134539,0.05758970690072598
ACC_pre_R,0.5489469586034105,0.5387589037391407,0.7900369282471682,0.7327392040343118,0.6531327068083018,0.6729929727359734,0.41448286268087886,0.6179826979990372,0.2840618129756667,0.38772931188957355,0.0208131061461114,0.34913927877583867,0.4304974541819243,0.6207683395652843,0.24364689754934687,0.5528257981903716,0.7381870378148033,0.6691944541810134,0.10638340607721014,0.07742104049120953,0.6568989418034438,0.5426105411202431,0.4267659601356988,0.5634610036622156,0.38507963737244966,-0.09110325793145957,0.464307315898617,0.3557100894886453,0.007096787283715201,0.07074957402983809,0.7288020142993636,0.6949315667191964,0.42139769478118383,0.45676003196343035,-0.05792265929922078,-0.133920474587594,0.3333911383806893,0.35972873209048667,0.36163750309891646,0.27130855816949595,0.5149258666934393,0.6645733312398211,-0.436330563392972,-0.17455396813075727,-0.30539022336692057,-0.015228099410239903,-0.2253831602731554,-0.2310709758120647,-0.08465070077730179,-0.20763520796245702,0.013505269083157426,-0.0838654690847269,-0.033062458660438464,0.07053398679094987,0.24317128200679775,-0.02698395570724452,0.21940060286801308,0.3440807730853653,-0.05089139005545188,-0.11922112351135995,-0.1346910323679008,0.022682660160761033,-0.34657532400301955,0.08980409959405465,-0.1317455475912404,-0.2183993006219858,0.6155400942492222,0.5259375092584363,0.6132732061735807,0.5096470935688494,0.4631476187109769,0.6155768593391149,0.392758962571706,0.22394240359213466,-0.011887966875387812,0.07401786079064622,0.553997564420124,0.6326461958848933,-0.020258581573800855,0.1107823129640097,-0.07493016286841031,-0.05629980317833251,0.2680219637741505,0.25442209354867357,-0.2547954753369457,-0.10317277559424753,-0.08108188638075838,-0.08174418217262694,-0.05540695815080394,-0.10247497735922226,-0.07850330151817407,-0.1510393819742884,0.02020757259279184,0.11759608574317124,0.08766889024698231,0.014599429466322323,-0.03909198524338767,0.09889998488445202,0.18732694258282942,-0.16316581451702653,-0.22309720674306574,0.06495806491647596,,0.03911100810412529,-0.36083612423325206,0.23851923028428432,0.5104652781052768,0.08096734151788768,-0.09102995667860198,0.14521179592848282,0.502758863530749,0.13307596819302592,0.4318520785388861,0.20644789670634683,0.09055066932522869,0.39724721912020816,0.3121764362923088,0.22680025493807657,0.3274400448890752,0.3780432506588635,0.5400460561946175,0.22347335213079506,0.054544258707930976,0.34457533698186416,0.30725565824377676,0.10337180544786423,0.3563620230447868,0.3525707265157448,-0.04814130844649352,0.19085330705302217,0.310241584545096,0.2235808508875713,0.3735533904172011,0.48031905692301496,0.6579500537835169,1.0,0.5944505955812868,0.5904201134462687,0.5202340402187497,0.6310536115042906,0.48652338546270846,0.5163253686983231,0.47292068260231435,0.5893126228022485,0.660808969357333,0.48323654760016277,0.41112096555709393,0.3331653823687941
ACC_sup_L,0.7821191541565178,0.7794935718836189,0.7553768941219144,0.795059866547075,0.7781106991031036,0.8969339649199098,0.5707060972960286,0.6805040042391909,0.42679027029752725,0.5277692296635138,-0.07540600024885467,0.13246389716139217,0.7404495504656217,0.7974618560246926,0.4618592956611762,0.5685019064489255,0.7449506056866432,0.7612672323853491,0.24905540838412094,0.2921489849744205,0.5328370290925504,0.47973700181150725,0.4548602913660961,0.5013435595552908,0.08865749130166847,0.14905767278029058,0.42776236410859264,0.31426088529202645,-0.08587366902175857,0.18520022921522689,0.7674203500175475,0.7365617872761281,0.771807398972216,0.7942758415695665,0.4034127896373535,0.1591840902563552,0.7073970141700239,0.6709213000057717,0.6950284811913409,0.49537514788850334,0.7699626435545,0.7670912230697517,-0.04844955770107841,0.1292717700548624,-0.01546106201693633,0.16645379271104915,0.18791459082948678,0.14017424334132125,0.07230609836118887,-0.04204972255890767,0.05581184608592518,0.015433491784482712,0.023408496016077016,0.015078134126786494,0.41860657391224665,0.17952869193997031,0.5749883053680017,0.6123408490646172,0.2688903806682015,0.04900262017573342,0.24132122354497776,0.4474030186732587,-0.031817670231117944,0.01353899287043762,0.18212623892142585,0.15984111941813847,0.8292892347172047,0.7978624692486326,0.8029779550085653,0.7600892364606394,0.7966627334185223,0.8128867118858085,0.5761484692952755,0.2342099843831728,0.4501883542281227,0.4088612770632719,0.48327835840005245,0.5331693489961994,0.28563082096308573,0.22909709551225985,-0.1243789976795874,-0.20150397278531768,0.24976310487984277,0.23589931402025946,-0.05863215931107474,-0.07033366109970474,0.02251074882039268,-0.026816841267187506,0.16674277256826717,0.2040115480965841,0.11830302456496362,0.10551552261429786,0.12914756805797434,0.16965536645305715,0.19909875699152105,0.1342535207763375,0.16405233222618482,0.18817234102828231,0.15060106996147582,0.11129811309491451,0.1573197950287553,0.0232071821843347,,-0.021112790805489792,-0.1104348739169595,0.01742832628439806,0.5667651037403142,0.23496341713089924,0.37066331280003134,0.631159621087491,0.821650838599686,0.4390937224048403,0.7725875637986251,0.5159269799561985,0.3712012506928617,0.7248988170624932,0.7264452198705511,0.6387875089617167,0.710573696457143,0.6063146480196278,0.7281187671674746,0.4590934982185931,0.41568114608487056,0.39534452061757086,0.5804952691283998,0.10960384944803955,0.5226515636007177,0.4666598165213374,0.12257784158301917,0.2856422872303545,0.4161017378098144,0.19892294043456904,0.23558081417678015,0.3084969663759289,0.5308896857441264,0.5944505955812868,1.0,0.8320198454998258,0.466131605665183,0.5522310181683148,0.5594765295758087,0.6771763330778221,0.6740469355861581,0.7693715695666923,0.5853036472428318,0.6495237985113047,0.6744589583149533,0.500835824981991
ACC_sup_R,0.7153904006053048,0.7264624347951791,0.7174479825549033,0.8097806646293287,0.7075609572276672,0.8024263229842887,0.3876839801902819,0.59403165718898,0.2828523135526259,0.4998151874406172,-0.07094190462181629,0.21644158284310613,0.5696247699272028,0.7611704390339785,0.5488226341355096,0.6117981145569483,0.7847039973125479,0.8176515355202674,0.15767513187671536,0.28795851980603127,0.5529284078019442,0.5283642582781171,0.4835754611263999,0.5573783369770515,0.10040706548251103,0.031958676835222743,0.4181881315031401,0.494813233362054,0.07873418738291026,0.07090877637678383,0.7305469048148827,0.7214765025149042,0.7275799901812273,0.7361678879097173,0.3551379497227536,0.20205434356389773,0.7336664453756668,0.6124640805788886,0.5579927111984083,0.4016813593890065,0.7567279499525407,0.7507989742952282,-0.049430580338346,0.08199527651940919,0.04698900174455556,0.022714995177728643,0.14199518941472822,0.09290350108120442,-0.045950659792851116,0.048710061171853655,0.088658767489077,-0.09905110578918139,0.03401950840120249,-0.014881491787298744,0.23738028632327263,0.12123457505311526,0.57314409665734,0.6398615981379812,0.3169943703187105,0.14370615800349548,0.2716876600966903,0.41862534032077164,-0.0618354390363253,0.10885725993881343,0.2488122520995405,0.2098169764913809,0.7832817930226749,0.6856729903719966,0.6597362357539392,0.7079243845339401,0.7891626444566276,0.7571343673298335,0.525158750273027,0.3037373150985732,0.23213770853500526,0.3244543593556151,0.35289133327008493,0.5250719041905894,0.1423927995630749,0.1949814648429391,-0.0460011084642069,-0.01257517421631381,0.12836823271534997,0.23725846580805546,-0.0788823570900391,-0.14699772069051145,-0.09194991365666164,-0.013670650469195645,0.11889156416088674,0.056930314304085225,0.0037037164614107648,0.022890247118347834,0.046833795024422344,0.1377469733411889,0.2811989118712229,0.15792644286592222,0.3063882866932261,0.28331923771942186,0.09876370587251589,-0.04993079054160712,0.058033498461100966,0.0730706103116297,,0.08892594682378585,-0.15534943443392332,0.10617513830846896,0.4921006624657375,0.05013651955440987,0.23879406861685487,0.5202542971577663,0.6791648928631044,0.3110930871305164,0.7329183678721388,0.4002012278820556,0.24404154681986476,0.7063656252741409,0.6018987077125638,0.5813514165659573,0.717240999325547,0.4813509432932846,0.700647204399811,0.4393181750408059,0.3425923325053042,0.49077690130479557,0.5515823631699407,0.1934044564620147,0.4840034404158326,0.39837023076143563,0.2430637854167351,0.16042821026463341,0.4468863811960412,0.16292282709146166,0.24541137859995865,0.20133660821074884,0.5370506649374291,0.5904201134462687,0.8320198454998258,1.0,0.5225395912811701,0.56337879990181,0.6194561694185351,0.5684980551235186,0.6996788474242888,0.7267476793357528,0.6069110119812382,0.6884361374830928,0.580951674428681,0.4078144612465128
N_Acc_L,0.3627043224705032,0.41571067942784934,0.49798398161018137,0.4478248240250235,0.3431156789889102,0.5142212311569968,0.1920381970378373,0.5904250455154395,-0.09957247611216555,0.3306480848480994,-0.4436492509241729,0.08893352635765489,0.4135496741664645,0.6236519901986229,0.6671500062539869,0.7953752955100549,0.43303387517563047,0.3984231096365127,0.3141313765997067,0.2590743748223489,0.7325082516770637,0.6868271711537446,0.6662388706327623,0.6642854794791687,0.18181623495378674,-0.008759477425846226,0.3751053182241185,0.6561744664493986,-0.01579645403591535,0.053155637519170074,0.5510992204129096,0.7927891865068621,0.46121210886885283,0.44686760043758167,0.15375616940741077,-0.14789932815865162,0.3701156238073334,0.5489432622197745,0.4481003791784152,0.4882053207092903,0.42297475278949304,0.7366968667637676,-0.24623817087002092,0.06954845128918512,-0.19723203960044997,0.15437441301130309,-0.10641346881393941,0.016043104047116154,-0.03702820753309856,-0.14171775583570154,-0.06060127993296567,-0.01746721255033867,-0.09170211206004238,0.1745617076123321,0.1508585234227294,0.20340005224463784,0.18293869503855587,0.3310696535175371,-0.1029647444081872,-0.10834857179986246,-0.2301397106116079,0.1944370449147657,-0.20927478981566228,-0.07396590410068603,-0.020149733830192577,-0.07201751128343455,0.6832028373605757,0.6732684129539731,0.6596298734657888,0.7176059271546096,0.518249781155187,0.5799642960732305,0.42791318522284183,0.21175020269649059,0.03313312194426751,0.3486545610385023,0.36356428764993787,0.8141759097529108,-0.06816857671437852,0.3834316686565169,-0.13081621458962822,-0.22758664568524686,-0.22552080627967996,0.5123284587041208,-0.12948951142070708,-0.24770822920150737,-0.148686737225057,-0.22316096782131958,0.26006765102676843,0.0834569257592309,0.05954199286992053,0.011000349227259029,-0.314759444950605,-0.28212488818540093,-0.15871812137907806,-0.12347084462972412,-0.14904684110113595,-0.16111260817770157,0.33552812081573935,-0.20309518158272355,0.03747648350579208,-0.12573215595532278,,-0.19769855365935865,-0.339312785457552,0.095569277964307,0.48739177083091983,0.15406644932518498,-0.03975991337760966,0.20190703622049014,0.4289493859952698,0.1944968801766002,0.4485992908438637,0.31477503088066294,0.15328791962863453,0.3165735374977047,0.4005122150807611,0.1968684454113244,0.16618765203807553,0.3231465015748096,0.2835289185080504,0.38288022348709366,0.19767712293478715,0.1986294293882119,0.29222798922961,0.2034233801768513,0.48253232246459055,0.4911788252540008,-0.21348756167173338,0.25012788904388966,0.14268027064235714,0.3573048422880938,0.3498827793791092,0.38234721457171006,0.3125823579740145,0.5202340402187497,0.466131605665183,0.5225395912811701,1.0,0.8719163013329853,0.36314626451863646,0.5883149116601812,0.26632124098126225,0.54529893305494,0.6826107644390358,0.5918652195372228,0.4681520138908644,0.2661870089633202
N_Acc_R,0.35151900784492407,0.389289228810317,0.5473478094743092,0.550161200037107,0.4025764711729879,0.5861153185565585,0.14397799637330078,0.5802725237994268,-0.139252758050818,0.2017957707559775,-0.5334440879660584,-0.005363130266562533,0.3521275568005177,0.6606133326814747,0.5705262041597768,0.9122352675644557,0.4769656798194876,0.461671165763988,0.4405503206110909,0.3343657321357876,0.8854226933176482,0.7710031996853673,0.7086826728928306,0.7382928113759376,0.2528863731958027,0.12543314884579357,0.49302539886219626,0.7126911004132583,0.028469896612053187,0.08476130503590729,0.6878973456196177,0.856899664705032,0.4229313528176777,0.39993476770573194,0.025696157405786478,-0.25866866160012164,0.37565412110298774,0.45931089053933616,0.42723448590513374,0.34828031436564716,0.47556349220995153,0.7642782991028763,-0.4018942210979888,-0.0841427232424452,-0.18009803060526436,0.10290778241702242,-0.2304895984658907,-0.1963590643962088,-0.11484541298970195,-0.042825495115283864,0.06799008559754931,-0.0843451046586089,-0.07265416977670064,0.12194588560085448,0.15129908697804936,-0.005357170602133619,0.17086687576681597,0.34712086935312414,-0.09146853389763006,-0.12760214038089174,-0.26905981105632104,0.07973669613860637,-0.3446080682450932,0.0332005254107656,-0.05537190520866502,-0.17417563681446832,0.6620380333629906,0.649177318381827,0.7427758206895526,0.7394004741648244,0.5532859839113152,0.611608942308171,0.3500129930740894,0.17656284979403286,-0.08366498044177301,0.1836421589038412,0.516676684673319,0.8610702607342413,-0.08316129778241786,0.208813928495432,-0.1986447909563466,-0.22101613960271563,-0.1396485879027879,0.4057967421004668,-0.2188676201386392,-0.35729276123386544,-0.19227779989671093,-0.18299072608011108,0.09429239740035467,-0.05247156115259226,-0.110196396940574,-0.16947074872666007,-0.15065720612714995,-0.14427635875750913,-0.03846604800573678,-0.21948461791285834,-0.12851442711208316,-0.06044682937587144,0.18539558803393597,-0.3116555201213923,-0.13801627109961587,-0.028286705499242126,,-0.167109363263194,-0.47142300148528044,0.1924107913672464,0.5717156964500117,0.021886808329990935,-0.13490699693659125,0.13047268379313234,0.4378705206048729,0.03277719137291543,0.3919582791574107,0.2453379852914122,0.007587848949107667,0.34818647422292787,0.38947858772032534,0.14172052828209478,0.17600124418656612,0.2877934229305554,0.32582058950789133,0.29324498037372093,0.07392483540997327,0.23478773882044393,0.3515692899826575,0.0898811792788554,0.36834140032746127,0.375237867497199,-0.18221819810434076,0.1517932674878207,0.2639090783640774,0.23091026556114277,0.34877307250547135,0.3782364288861338,0.477659386067758,0.6310536115042906,0.5522310181683148,0.56337879990181,0.8719163013329853,1.0,0.4220672907974398,0.5636595620780565,0.2429642821894027,0.6512432548115012,0.6862838409835255,0.5593926734274406,0.4111182130676695,0.1868015339240708
VTA_L,0.5159116413181744,0.4890367799103094,0.6223584857698174,0.6519975055212741,0.5535880524880936,0.5983887114546774,0.27516564996984727,0.3098128047797169,0.21580019608581474,0.2586146960382056,-0.048010512088663644,0.12939983720441273,0.43089108549916144,0.5392839038576749,0.315361181272577,0.42980547292347887,0.5876881935697953,0.5661822514349466,0.10669876775787358,0.0475706906688935,0.42079703416553166,0.4062097461045567,0.39588206141760257,0.4126038867505654,0.11784740333265259,0.03210511711310056,0.3819129297442688,0.3018239478006951,0.09757631804007179,0.02874183643004178,0.6180838359674907,0.5334536736683494,0.5004416170930014,0.5110051615124069,0.24600724850988215,0.12650467366423865,0.6079955690952549,0.4557294591085173,0.4492227574832751,0.18980674888182064,0.5441511768738869,0.5537882018600847,-0.24294338076503855,-0.18885449371558968,0.02939661183097106,-0.17005688114764875,0.009354965196680068,-0.0762544702832438,-0.27374084150962086,0.13327773837797263,0.014061792563318715,-0.22148180498661563,0.08185472654983401,-0.10322025555915615,0.021862433645074973,-0.13921029317135858,0.49480308801445166,0.5586949043146721,0.24796594344691728,0.20614271159911,0.11437807604061584,0.2180676653301252,-0.18501147801944784,0.22219102416059536,0.19754104349552687,0.16455113117608258,0.523476182918029,0.4705262707112562,0.5409335460283757,0.5258839486745814,0.5996904058797748,0.49015816248817096,0.3394991644369883,0.2976738206481078,0.07491745902263137,0.09395733529563159,0.2929471031744386,0.34345830133486205,-0.0626208851150758,-0.030298628421482527,-0.061776787094281006,-0.15328898805143076,0.09654328259870872,0.0884034747610857,-0.08436238346913637,-0.24165640239450376,-0.06056516600177167,0.00585870837608994,-0.10535459284612451,-0.1399751900080645,-0.16633246950271588,-0.24207834229411976,0.23912015733932337,0.23999450762437868,0.15220478386722341,-0.10687613631228338,0.20209627795654453,0.2717033810244679,-0.10254386542834869,-0.18104802774365425,-0.1771919462120306,0.09746949498929924,,0.11170535692849748,-0.2942956962577203,0.3911672568249033,0.3944287055029868,-0.04063037793361439,0.1784269773693789,0.37832116438056856,0.47575684745811275,0.17713515759066809,0.46566650465094483,0.2671264249988995,0.1307717262871934,0.4809661522650301,0.4110227149078561,0.3904542840623894,0.5499200170232845,0.32139365014510035,0.5008219747730092,0.39566432055774264,0.17122790301083896,0.41527490555948343,0.38755370895104163,0.11851045544272075,0.26429005529576616,0.2301810651126483,0.23685193097548768,0.09413584778956026,0.48384968259274014,0.04853368406517597,0.22849571757263415,0.2445740964978194,0.463126409964953,0.48652338546270846,0.5594765295758087,0.6194561694185351,0.36314626451863646,0.4220672907974398,1.0,0.40456895167304974,0.6846588103790492,0.6744963146079276,0.4099055197226411,0.5715102104109009,0.34817461748204565,0.272475842662154
SN_pc_L,0.5892404330921132,0.6514011379576119,0.5647937367479576,0.49123075349774786,0.4706498049808406,0.6446736919232661,0.5701305035963983,0.811085983857975,0.31818987635764173,0.6207119074232736,-0.1793306493852332,0.3256144347720669,0.6556522878755401,0.7136410146818509,0.43295267160267636,0.5615763585136202,0.5241120051887543,0.4521305091765015,0.24237971888126425,0.2919366547260612,0.5321305772042211,0.3940233175004321,0.3982896806610883,0.5015434633995386,0.1820142203118106,0.011013180739764454,0.32481943321220036,0.3039882205697518,-0.10062301710659112,0.40619477863891645,0.5776469599757177,0.7911944648435565,0.5343322156075457,0.6164790945104363,0.2983504830634606,-0.14754304062443313,0.5490357515588178,0.7640220406495343,0.7969654444224349,0.8108159838065544,0.760768896016426,0.7496340545913609,-0.05224231691653111,0.3262574640652359,-0.33795605644121124,0.5447373006589631,0.16226511051836895,0.2418130473890974,0.24301449752241144,-0.3995566352461994,-0.17015561972110774,0.20739769637530384,0.0775001808137148,0.1530394800600615,0.637446186579937,0.5107920587518064,0.18236072273875903,0.24548830190226748,-0.19709832233779903,-0.2935050114425067,-0.17500999320877858,0.30096299619359457,-0.005463752135470329,-0.34543815267853173,-0.14946538642686116,-0.128791087536893,0.7088668170528086,0.7731678530358967,0.762967005403105,0.7851462400878909,0.6017094724042966,0.7369324296283661,0.594034111265563,-0.050397709225799066,0.5089396230247196,0.6644338862739029,0.6155502224346003,0.752922368373075,0.4267193253517383,0.6295221382486141,-0.2031846076543981,-0.10891639745852884,0.13719214469712207,0.426320550898213,-0.08967900740356549,-0.15232976505309742,0.0702927643275189,-0.32011087361473933,0.5186080019469883,0.48819734735261344,0.4188299851312849,0.40592921240316193,-0.24739448820433363,-0.13109164318998892,-0.034335032845024246,0.15366513264530632,-0.09795698554047534,-0.21723282230230806,0.39812600089137357,0.18878125800136028,0.38909826388844504,-0.24987664125534265,,-0.25747009866542986,0.008271137641008428,-0.23927331951515335,0.4893035497545134,0.4194945376788058,0.17306608990903236,0.42480757473876496,0.6476632998288918,0.41127967483618916,0.561122018378676,0.535524459812215,0.40558081736551355,0.48626263856702384,0.7360072587387582,0.3463148994320461,0.3337424532395296,0.49506381498634877,0.4084775906271066,0.4018503520054985,0.45893093526324374,0.0903709909370059,0.3641135448294508,0.0492323311900507,0.39613611425066525,0.5365782305373344,-0.3304659038775817,0.42871954978120647,0.14230939643992288,0.37503854591354313,0.4309998780897464,0.4758633946644018,0.44608957657082327,0.5163253686983231,0.6771763330778221,0.5684980551235186,0.5883149116601812,0.5636595620780565,0.40456895167304974,1.0,0.4720725021947402,0.7505297024098961,0.6773847699285862,0.5932887527437241,0.8573715536117316,0.6265479931492228
SN_pc_R,0.6747154200140142,0.674460521900609,0.6164263596571168,0.6927359255921737,0.65810258840008,0.6649090961109309,0.38980070818476864,0.4228860709805595,0.3535813111542557,0.5269438782375163,0.13173529483788785,0.3784476911997832,0.5724352471691111,0.5974081103137597,0.33077867049875587,0.32529283051567687,0.6141672491219351,0.6102482044285562,0.046126842190447936,0.20633181893729716,0.27876391437610243,0.32720201949656663,0.13246682711917654,0.3152755030895989,0.05626210066537635,0.05867669859522037,0.22302845718332273,0.15975138817653328,0.10912635324762678,-0.040662343811621496,0.5384483113156228,0.5310567871054572,0.7207361447278344,0.7310065350512639,0.5522047142315633,0.46652889374611084,0.7267873536671353,0.6378713410324752,0.5286752670844674,0.4005591090287572,0.6534583848589585,0.562644297342248,0.14490085389918206,0.16008499171547713,0.03686657229044192,-0.08102366027260637,0.3489959655294766,0.29070228594777614,0.0060237617880205836,0.08345398732831022,0.011013416519553544,-0.06822075489702784,0.06851755577434097,-0.015186405001875321,0.18906942056367423,0.18436721715081714,0.6403847806715595,0.6510095524603038,0.39723403986473266,0.27205316599995943,0.38345139602950146,0.4877537796963093,0.043967074077021995,0.055877701571479664,0.3804158700715057,0.39339273282930937,0.6002615982611409,0.5275962201584059,0.5170427459953223,0.5830599932558043,0.7116907867047493,0.6570642235619868,0.5796517178516647,0.3883578909955445,0.2637392321044099,0.3507895481068546,0.1244933493033712,0.25840374030049773,0.09149653668384006,0.20403361916701332,0.13408182642841343,0.10470559010159775,0.1360408137128574,0.26231461267447975,0.03888588625743302,-0.002300504170498035,-0.058027420915266636,-0.03874037294670423,0.016112798028102615,0.06708966312823998,0.11193430118702015,0.10352518294328278,0.1990317038778229,0.16217757932641075,0.2120715718395774,0.15105225613736514,0.3410445908369592,0.20967384155471755,0.12982021842388855,0.14204378002777016,0.15886077369885995,0.0374338062413234,,0.14809256156539202,-0.010084138380862041,0.09306666522367497,0.4557266336267302,0.20496403648419273,0.422762783558795,0.5642556858392345,0.7082252657636475,0.4524003821388942,0.6928599539325019,0.4207178531957329,0.36243368417385174,0.6386834593176901,0.5718610251564912,0.626214185247245,0.7998682093102022,0.4452922722472927,0.5905661115835387,0.5461054303416883,0.43959662176847747,0.4139352788101542,0.4064282135616664,0.31781252692090556,0.46213294576559716,0.40918444027743234,0.2898368191007594,0.2610419309915988,0.3610218204977998,0.14677985560505324,0.10654276550101327,0.0992618710136753,0.3925617441395071,0.47292068260231435,0.6740469355861581,0.6996788474242888,0.26632124098126225,0.2429642821894027,0.6846588103790492,0.4720725021947402,1.0,0.6047305451265736,0.5151801175292736,0.6506850897790925,0.5926301635640865,0.6027232747292282
SN_pr_L,0.6106297109964056,0.633559981674798,0.6924717641953557,0.7059315639811758,0.5929987511057522,0.7632282991873706,0.4308163419222787,0.6119832034168723,0.2683716315556774,0.40656762955280445,-0.22351108945705214,0.17841318257177774,0.5992791147196381,0.7231253895503825,0.42735951872315114,0.6471464042750179,0.660689455656815,0.6537726565239748,0.23596794479636918,0.22956858496344473,0.6662747212286347,0.5261888845774948,0.5265467442076093,0.5584980250703064,0.18065871929119853,0.14145928900571927,0.43256660846030376,0.3894201037881109,-0.03374748244126995,0.33408048648116395,0.7807899326081076,0.7653866288572887,0.5658231412857505,0.6185795114410491,0.23466826830680365,-0.01997166904169976,0.6938338830905958,0.6391813990175383,0.7272288034412341,0.4720838883097505,0.8041153874091139,0.776847217123525,-0.28318502011694163,-0.037609592628908235,-0.17931474717992057,0.19067578592688067,-0.05353999024043608,-0.06943128541932271,-0.06333217316910203,-0.13201987130803194,-0.015496210855918381,-0.06611220499162042,0.024063502666268673,0.011506438285991849,0.3150413395541071,0.06860390284232708,0.390638322446937,0.4695680294396774,0.06009518887041147,-0.07399692666387879,-0.03946268523134989,0.21780498373933882,-0.2120696589172579,0.04119525630650783,-0.010630048398493729,-0.030950064463837464,0.7034741557945848,0.7061122827575986,0.8366394810447942,0.7550355821042788,0.7210521199961771,0.7017626450889826,0.45893016423316435,0.11545009123562128,0.30229561705105207,0.3345480797415655,0.6417209501936139,0.6342560906232622,0.22060379957277995,0.19728981042786986,-0.19521817775256445,-0.22288568301827755,0.17600690314138773,0.16697298562956228,-0.2085177194133762,-0.28437285608975027,-0.012259114949970746,-0.10081659865400867,0.09010165858494139,0.1442856212802182,-0.04844681190988261,-0.0251205496133886,0.07209414095414413,0.18673865469145345,0.17517442838718733,0.02787971584988855,0.06676334648880988,0.1470713929221261,0.057586134250190886,-0.08953264160231039,-0.02984690725313575,-0.10108888866184425,,-0.07333388262687492,-0.336689854963483,0.18291539102993554,0.5164014794705316,0.10070897995506732,0.1795062863198551,0.42620816011851775,0.6259588511476033,0.23966147273436553,0.545474561004195,0.41145578464942256,0.21627389571380504,0.5799416351210872,0.675205425907907,0.4110100194044473,0.5156090907283831,0.4295006717620412,0.5036997375214323,0.3473248460574168,0.26873794249190214,0.3338089409974564,0.4775167074453953,-0.028838266216347063,0.32113977233830476,0.31849731651486096,0.0017899202393429636,0.2014497256896716,0.5084286718522517,0.13125153611804738,0.40755931869461604,0.4607217363385041,0.5933523516099589,0.5893126228022485,0.7693715695666923,0.7267476793357528,0.54529893305494,0.6512432548115012,0.6744963146079276,0.7505297024098961,0.6047305451265736,1.0,0.6313657032616032,0.6877925210623503,0.6492045161703064,0.4183790036821705
SN_pr_R,0.5004941716072262,0.5199538246995119,0.5837367531939216,0.5791164975365559,0.5151196576596024,0.5760524642101202,0.39622840126600656,0.6979423651692767,0.142519747164497,0.5051690784240879,-0.09755277679188652,0.27816371955065083,0.5683483604821981,0.7507558876227238,0.3785327899501844,0.5583671212640176,0.5506943965793546,0.427346984384123,0.19439982460911734,0.45079416144595613,0.6018927038979469,0.5584231105834192,0.48807828978267737,0.5334536452820067,0.06510612667792295,-0.08693843949221662,0.6409775826421008,0.6149648005522101,0.0779680426803731,-0.17590343714163958,0.6441668925343533,0.8460127377706301,0.6560122976156063,0.6829643577987152,0.22914115567955326,-0.05497831861165442,0.543662819478436,0.6960455176844924,0.5888891603626062,0.5974982066409686,0.518913151971943,0.7805616190125325,-0.12495998929385523,0.22192164081646473,-0.3845998021734318,0.0820850596512571,0.10943903651656343,0.17163687402154534,0.03477595813039808,-0.16005717930317512,-0.048087988522148045,-0.014660273263138223,-0.11133523595690144,0.13380967284938644,0.4522963527802533,0.3671841279155089,0.3983992202249676,0.5036749408960823,0.08603933760450172,0.10144794165203855,0.018999230113259578,0.354861201962817,-0.1413051982992496,-0.14776132860388144,0.15368927335734686,0.014870825284957258,0.6884223721006482,0.6268943064918879,0.653991001311262,0.718332679670477,0.6858143604313823,0.8327866075148137,0.7012613120297453,0.4601331630479016,0.20302563739401328,0.43202329582283516,0.3577519188709998,0.830059897699476,-0.05720114935395727,0.4867674034869361,-0.09304591347404911,-0.016936409273423447,0.03551395646240918,0.6396916369305529,-0.07583785423506761,-0.08977288044715577,-0.1805093846962532,-0.15081185692946264,0.3726844776077724,0.1290911034096312,0.27130576733662504,0.18686933294734026,-0.259236138446874,-0.16895223251191183,-0.15617410511582072,-0.030198249605286547,-0.12680596542397266,-0.15146482950056064,0.5299673000833001,0.05041185030707044,0.14362780799267155,-0.1233579312537966,,0.07517313428169468,-0.22384382674845119,0.00723931350632763,0.7477318066255709,0.28850657021795695,-0.01572146196161158,0.2775275602589251,0.7236913235435689,0.42119896254962974,0.5946707157525387,0.25261848464311526,0.23438491452970694,0.6159416128883796,0.43117089944895487,0.4155605619294065,0.37270644410361803,0.4776510877297222,0.3557999542993539,0.536323471776559,0.22664704644230402,0.45095416304683,0.3129324362542237,0.4416078943030089,0.6506229019612388,0.6631485420980376,-0.21507632855157677,0.36549742898836746,-0.02449806245358656,0.4711910279109809,0.154487403670155,0.25975588390516635,0.4487540500032727,0.660808969357333,0.5853036472428318,0.6069110119812382,0.6826107644390358,0.6862838409835255,0.4099055197226411,0.6773847699285862,0.5151801175292736,0.6313657032616032,1.0,0.7692203916226169,0.6904318833468334,0.5093892992658936
Red_N_L,0.48071456049176575,0.5004894806091513,0.5314313245980274,0.5835544249890405,0.4794564571820655,0.5890690430302018,0.33980388303300424,0.4975716971334559,0.13097806363075365,0.40448771052461324,-0.1324820248576931,0.10356971561748698,0.5743797409267253,0.7515076939312536,0.5066229829974233,0.5295795428374779,0.5185005393220375,0.4678390464679698,0.14841289754697318,0.4154561170679018,0.4918146304225377,0.5526120661914878,0.4768317093050108,0.4900792591905056,-0.07770397010940472,0.019624564076605965,0.5025929864937719,0.4999175807572411,0.051147471464218545,-0.1695186345730894,0.6312666821541062,0.754501691538078,0.7187512214831259,0.7491228626829246,0.4298977828461745,0.20940290551194488,0.7949787437955053,0.7523188321884327,0.6332660192578045,0.48264829389012903,0.6113739752649727,0.7421752003227431,-0.010130137619473711,0.14698194095391307,-0.10281698677229065,-0.04438922879862073,0.26059899684588717,0.2360233829484824,-0.10608747208267731,-0.0004124840140973103,0.027833397778913183,-0.1512953527410267,-0.01682384075366311,0.07071883139800007,0.24664219375796864,0.2577623948641292,0.5618580248526313,0.6439583208080509,0.30515688806755475,0.2656241571570876,0.22387022445057955,0.4710324777913821,-0.06726296846773322,0.07075376712302554,0.33293647390329023,0.27666561660583705,0.680522595700997,0.6321136020656171,0.6451754097293776,0.7116389848848224,0.7964071138626594,0.7893931852176651,0.6013271695214593,0.5788077318475866,0.2253643122393214,0.39011863265344815,0.21702630591640015,0.6162199211349558,-0.07089079937934645,0.28516657301021336,-0.06602190217003928,-0.09890435367160483,0.0006800151801444962,0.4792692583061301,0.035339295794727346,-0.11239442978782026,-0.1247464983903124,0.00868023916349338,0.21379874948158464,0.04672669344408111,0.15875324338128358,0.05580124306918,0.008994142655489723,0.03344328855272824,0.11238723637193757,0.048395602304526913,0.20866127638740906,0.15840580081705088,0.27238726044981315,0.02674331929022357,0.1025430464765566,-0.014514740296394869,,0.13511556831974697,-0.14464830418290525,0.14789640339277035,0.732164655088967,0.1517700711640202,0.264301989993966,0.5082809848352965,0.7340063000176028,0.4516410076513292,0.7304400657468951,0.30126224802178336,0.24948226488988956,0.661468307426271,0.5115156159287343,0.6255840413997422,0.653247712881221,0.4756752794248955,0.45468501552127893,0.5715538610778674,0.2676319652526523,0.5516985664596431,0.35592200529680573,0.3795904584710122,0.5867756618510721,0.5172089583116501,0.06934838067365512,0.2393847110416786,0.1807492220249218,0.2587574555390233,0.04124943367330108,0.1922103000797446,0.34449694071117964,0.48323654760016277,0.6495237985113047,0.6884361374830928,0.5918652195372228,0.5593926734274406,0.5715102104109009,0.5932887527437241,0.6506850897790925,0.6877925210623503,0.7692203916226169,1.0,0.6549661946255936,0.42781995584986166
Red_N_R,0.6040212637930437,0.6716945998819085,0.47074886587553055,0.44468135387249563,0.4696944737008239,0.5972887672898433,0.5532712367540193,0.7666307897070741,0.31987295085667533,0.73430107952946,-0.09570043339059377,0.42241813786205334,0.7082190343025855,0.6892300369397514,0.46328223851983724,0.4694927564908377,0.45539017774039214,0.3734427781600777,0.2077311580341924,0.4249226862136839,0.3920979452913898,0.36103966398947646,0.23919914675407453,0.45544885210619457,0.10817410335414565,0.05279164309462153,0.26609908863097076,0.24352893816885773,0.017128671454857802,0.28426578884062476,0.4794144184032142,0.7280616270647718,0.6382883932334915,0.7112703129646932,0.5220712030193885,0.10949056935093386,0.6606699689754139,0.8886289481975523,0.8457582857072783,0.8939507706767975,0.7351079124718353,0.6785254895190135,0.261865308197567,0.5574420609059685,-0.2537605735538056,0.45810405099373547,0.44910900074862475,0.522071799830237,0.26519898497658917,-0.2843151371931519,-0.10756123904537544,0.2345101730373333,0.058915502792274865,0.14995320483510902,0.6791603636304702,0.670633053303314,0.351466324739132,0.3856255875319902,-0.002442740337602665,-0.08536503171901824,0.0795450565804992,0.5123348462139498,0.0886181182284028,-0.38952080290791735,0.1168568081306212,0.15472963943109622,0.7016197884241449,0.7518587823231191,0.7047566039533788,0.801489225121867,0.7040768860847799,0.7796460209910302,0.7109735309884359,0.08833977982083956,0.6196297808241287,0.7975949828014757,0.41445803300362793,0.6306313437941043,0.4539232146322984,0.7158854707196259,-0.003712746096960489,0.013197687136025413,0.1525639569769839,0.49025997935345955,-0.026020859133423748,-0.01534607801705127,-0.025186412860307882,-0.30051521032065925,0.5827035479604405,0.6012793359322444,0.5801241325997436,0.5948268103295472,-0.20158260554288293,-0.10488289884100122,0.07394915411591617,0.26462249132710075,0.1266693217981373,-0.14358136639030936,0.4808447614237842,0.4554203780846499,0.5736453379046331,-0.25984428510801755,,-0.19686805179072117,0.17635382228970242,-0.41089165251276855,0.5058779096165301,0.5511226023276704,0.3284370813760502,0.5531640999377281,0.7386351786165934,0.584743422113529,0.6805428012088818,0.5719564464483999,0.5108784902393511,0.6257201863178274,0.7874590755834056,0.5351521144763909,0.5157057367500255,0.5358273244252755,0.42940888691277923,0.5818940987621944,0.6178861688061681,0.1858387480860846,0.36450951027243267,0.2574545388024896,0.5199462785276942,0.6201663139829094,-0.21589675369967132,0.49865354191953476,0.06823238072557535,0.4075070736145057,0.29291806707234425,0.3312174044424251,0.3278197658134539,0.41112096555709393,0.6744589583149533,0.580951674428681,0.4681520138908644,0.4111182130676695,0.34817461748204565,0.8573715536117316,0.5926301635640865,0.6492045161703064,0.6904318833468334,0.6549661946255936,1.0,0.7553347810788699
Raphe_D,0.5769651155071784,0.6426749205724064,0.34031289999028985,0.3382819565958588,0.393040663480117,0.42203409659565055,0.43565887458230745,0.5564972450827511,0.19245366095123345,0.5474422918711431,-0.01956724332705979,0.36437682596833637,0.6124534287018366,0.49884847499392415,0.4191265427713244,0.3053632882774452,0.26257908023378396,0.218071083005182,0.11827789702859767,0.33868790956371847,0.25457920067612694,0.36337565159082974,-0.00797126432413856,0.3933910750591571,0.0008211411642825364,0.06567871320391389,0.05782670831204839,0.1460018560347699,-0.11437409659667272,0.10270104013157821,0.20145915637402945,0.4917747892586733,0.5769639229307858,0.6231308256622633,0.5467817967134078,0.22092393367041485,0.43018887135282946,0.7115615597536159,0.5238888251171988,0.72592051401725,0.46639685763802846,0.4613111598175941,0.29464158768028337,0.5502949828636112,-0.2322537984527264,0.38635031622506827,0.3959057012433058,0.5203573748204722,0.3097583974527458,-0.2836643049510515,-0.10297544870928424,0.27765793101671926,0.04384448337660918,0.05441967524809885,0.4856344004273533,0.5909328376568226,0.36894210165935576,0.3816100286306479,0.029342924972247386,0.018603637362263784,0.057815853231591725,0.5517360007342252,0.1389001198409919,-0.42069875406008805,0.1501276941276963,0.19329180724460018,0.5434154920205321,0.6115611988821744,0.3887364597911433,0.5439924487095608,0.4958761559305959,0.5568600051525568,0.6555978953621021,0.107669016260045,0.46432536822929416,0.727763980778437,0.12837561856224194,0.3964940766961966,0.27418545383200255,0.6609358875976257,0.26012774746078593,0.09396447804220116,0.0033628287589124004,0.49795279669726755,0.03443473894708775,0.17642661834421616,0.02247700591217355,-0.20582067588223474,0.3979350771825612,0.39550343866011084,0.4800322086606948,0.5244845454712158,-0.24810537701564322,-0.2339725954818527,-0.14441626176356062,0.24604332782136698,-0.02686140194595269,-0.2742707513304122,0.4929073374174139,0.4721960001731632,0.5328088860504854,-0.1855344177638425,,-0.1693936344414677,0.30577399730877236,-0.2943145837121458,0.3930628745274341,0.5834422179922247,0.42471058359788777,0.5664532344078946,0.6270496432965139,0.6214913695183111,0.6328440157306093,0.539307712346211,0.5386807611035738,0.502529708094958,0.5306811153810993,0.4386182784333951,0.43612908957923713,0.5404854082577593,0.3573698038164355,0.5534840103285159,0.537408222576714,0.011670900322466019,0.24851866612834408,0.3022352735506704,0.4494109212881446,0.6060569900990718,-0.14628617510018524,0.4793220625313086,-0.017797547085258218,0.4249636701284639,0.1041002551972262,0.09573391690806171,0.05758970690072598,0.3331653823687941,0.500835824981991,0.4078144612465128,0.2661870089633202,0.1868015339240708,0.272475842662154,0.6265479931492228,0.6027232747292282,0.4183790036821705,0.5093892992658936,0.42781995584986166,0.7553347810788699,1.0
