,SN_pr_L,Thal_MDl_R,OFCpost_R,Temporal_Sup_R,OFClat_L,Heschl_R,Cuneus_L,Occipital_Inf_R,Temporal_Inf_R,Red_N_R,Vermis_8,Thal_AV_L,Thal_MGN_L,Paracentral_Lobule_R,Vermis_9,Amygdala_R,Temporal_Sup_L,N_Acc_L,Thal_MDm_L,Precentral_L,Raphe_D,Frontal_Inf_Orb_2_R,Insula_L,Postcentral_L,Vermis_7,Hippocampus_R,Cerebellum_10_R,Parietal_Sup_L,Precuneus_L,SupraMarginal_R
SN_pr_L,1.0,0.23704771784423428,0.006890897986525831,0.10679646626042957,-0.2935827629282147,0.12166978629412475,-0.18174117021417968,-0.08690828207747889,-0.3089655098609709,0.8105263012304772,-0.3810071502545546,0.01335619029910531,0.2751518728575769,0.20417930697261408,-0.35349245710708854,-0.3437158659871971,0.3194548389578195,-0.0505049609836273,0.5764501952908352,0.4220303784749187,0.07031041561842713,0.3204983668421024,0.04159557586880499,0.3799468798820831,0.28794989478315625,0.749451425988595,0.18534281341566097,0.28426512501405216,0.3151903217988739,0.18310079281593156
Thal_MDl_R,0.23704771784423428,1.0,-0.4297395177476783,0.1497751193628974,-0.22969194133023071,0.18969565900285268,-0.10938952816694383,-0.19847447098636095,-0.33330501540504454,0.1554464824031839,-0.1662072180980337,0.0326324858982209,0.70006768058094,0.36703359213707465,-0.06256813286322298,-0.4060979622240742,0.2641608725539017,0.1456540784887614,0.0656413740500142,0.4061345796148856,0.6035747334046164,0.10298872265452741,0.10336515463581393,0.36264529597250755,-0.09080666582233146,0.3732493486977044,0.21179385222497576,0.3212817748917043,0.33832700026187623,0.36125886303610677
OFCpost_R,0.006890897986525831,-0.4297395177476783,1.0,-0.11353265634491475,0.1580039621289722,-0.037068679267851644,0.03469549670138803,0.4333912076031363,0.437625521555387,0.21022584981254713,0.054592409696551,0.20864753193457658,-0.4106456859448258,-0.13054833599824403,0.056511205807747426,0.16112338577348995,0.098631180476134,0.22773776340136442,0.10127660910331511,-0.04624963848849617,-0.5480435937828747,0.130636652051329,0.09807096215662439,-0.02499591239571354,0.1675816058788685,-0.023083804757803448,-0.1292650538717024,-0.02506947075337814,-0.04508270112309894,-0.2414247325598619
Temporal_Sup_R,0.10679646626042957,0.1497751193628974,-0.11353265634491475,1.0,-0.020068502187550435,0.6625143086213927,0.261585107312127,-0.08999540963843786,-0.0261557893455413,0.022927960598505576,0.21263862108077053,0.004666623415600535,0.21663708427833975,0.43137905965015005,0.14610536186655076,0.09210274469060067,-0.15420173117227604,-0.17589848127783098,0.1282871793573079,0.3624547582598856,0.29410161898988046,0.5061980999711531,-0.14259752813172052,0.38452683429386353,0.15195831269705198,0.35977815067951674,0.37855282522717554,0.36867585380646734,0.39298895466231765,0.7409166293401318
OFClat_L,-0.2935827629282147,-0.22969194133023071,0.1580039621289722,-0.020068502187550435,1.0,-0.17420425961499356,0.30278916269364303,0.462598353261491,0.5155513243893001,-0.40702492265650975,0.5688496410441137,-0.11112718645512762,-0.20507381369894034,0.15348475399277575,0.509229805822318,0.5005536493615015,0.03155890911566612,0.191249289514978,-0.046683781859432935,-0.11890377690691556,-0.07387740390759358,-0.11186278032780343,0.27701741472083347,-0.04948321795193427,0.024875521749610763,-0.36794803850145097,0.10144152115748427,0.11647889268945083,0.09783267952318761,0.08550120282072883
Heschl_R,0.12166978629412475,0.18969565900285268,-0.037068679267851644,0.6625143086213927,-0.17420425961499356,1.0,-0.09253206739211349,-0.23344088703224755,-0.24310344249774193,0.14527077732923302,-0.038328659497339906,0.2138748407575627,0.2795629967664852,0.18120157155724043,-0.05602668331759867,-0.06047989732518528,-0.1549861823846673,-0.17726507229585964,0.046523640927766945,0.20294687155072003,0.19126577615294668,0.492664971149125,-0.21220049632266508,0.193646466975816,0.11360913709582274,0.32948584528468144,0.21785182315064305,0.10622889859092483,0.1547664930401213,0.3881776776697419
Cuneus_L,-0.18174117021417968,-0.10938952816694383,0.03469549670138803,0.261585107312127,0.30278916269364303,-0.09253206739211349,1.0,0.18083998056117034,0.22566628980169523,-0.36065135265921877,0.5004576471659161,-0.24118264844715329,0.02052257564123156,0.31584365534470177,0.5468447495647663,0.5217847858860187,0.28332087196566175,-0.029931565962000865,0.1971651757394101,0.4255687887518317,0.23029607250316278,-0.1402441940710079,0.46215666458016746,0.4500475724499805,-0.06445901190439123,-0.050737404699179395,0.08569672394656228,0.48240022320979514,0.4820249548862354,0.2878283221054735
Occipital_Inf_R,-0.08690828207747889,-0.19847447098636095,0.4333912076031363,-0.08999540963843786,0.462598353261491,-0.23344088703224755,0.18083998056117034,1.0,0.5610954268396516,-0.06191048038285839,0.29554199796866415,-0.22488805281961963,-0.2784204390603844,0.03723086819076824,0.38507422753973614,0.3955730266268625,0.08408565456548382,0.3546429636024648,0.17172820388581522,-0.14194590765121398,-0.1771727386711494,-0.13823422701811833,0.3252663616531749,-0.1095802978250228,0.10164507164033573,-0.21448820888525205,0.016525344120724234,0.009037373999190353,0.013440327267205893,-0.016062266917667885
Temporal_Inf_R,-0.3089655098609709,-0.33330501540504454,0.437625521555387,-0.0261557893455413,0.5155513243893001,-0.24310344249774193,0.22566628980169523,0.5610954268396516,1.0,-0.23898926931135286,0.5478818578962144,0.007121326441899775,-0.38493193705530265,0.1381059407949454,0.5193496038047591,0.38374466746934305,0.00869869790506835,0.07635646023782557,-0.08994394185958586,-0.1784654648839286,-0.3684316633334338,-0.16908232441638207,0.26138131154393146,-0.08156902421872737,0.05164345475335984,-0.38264021820657407,0.22166616856591911,0.07224239222089487,0.04947612534709059,0.01641730802061799
Red_N_R,0.8105263012304772,0.1554464824031839,0.21022584981254713,0.022927960598505576,-0.40702492265650975,0.14527077732923302,-0.36065135265921877,-0.06191048038285839,-0.23898926931135286,1.0,-0.5397191750036927,0.18450751911391558,0.24111565961529874,0.05330938582876384,-0.4995193212494311,-0.5083295393044073,0.20140683849351482,-0.015861512092265367,0.46593894565961985,0.307979256018399,-0.16775269994630287,0.3720874835588492,-0.09928845558287953,0.263920140702029,0.2833853714009857,0.776086366765204,0.10275656636820077,0.1252534060931921,0.17568987317157392,0.00022807841318574757
Vermis_8,-0.3810071502545546,-0.1662072180980337,0.054592409696551,0.21263862108077053,0.5688496410441137,-0.038328659497339906,0.5004576471659161,0.29554199796866415,0.5478818578962144,-0.5397191750036927,1.0,-0.10126687317387317,-0.1356378835100714,0.48955490060217477,0.8766278808733496,0.5028817371614946,0.28941872924945944,0.03948431800119525,-0.03910167441527127,0.10551794406420707,0.12498375158082493,-0.03163117875805405,0.5265546145332339,0.24238173473487648,0.16222721649764726,-0.43525488456096545,0.381619113900966,0.4656735679068294,0.41487167167175,0.38424686025206345
Thal_AV_L,0.01335619029910531,0.0326324858982209,0.20864753193457658,0.004666623415600535,-0.11112718645512762,0.2138748407575627,-0.24118264844715329,-0.22488805281961963,0.007121326441899775,0.18450751911391558,-0.10126687317387317,1.0,0.1083309600785157,0.05702209399041718,-0.12087794451542161,-0.30027453138334426,0.1108168354416869,-0.020168194557548143,-0.16948302741710058,0.16906014250398887,-0.13722551285746468,0.2569832145907825,-0.1302529611729459,0.15925162362762962,0.10442016361117124,0.18513821943530245,0.010616287248367587,0.10846352933375186,0.07648182642467147,-0.0662582204237295
Thal_MGN_L,0.2751518728575769,0.70006768058094,-0.4106456859448258,0.21663708427833975,-0.20507381369894034,0.2795629967664852,0.02052257564123156,-0.2784204390603844,-0.38493193705530265,0.24111565961529874,-0.1356378835100714,0.1083309600785157,1.0,0.48251774237669764,0.020746247431655325,-0.3113575072241068,0.39271760641258385,-0.011982906725317924,0.16483877093437524,0.5894762153228224,0.6177018954366315,0.13469022048064888,0.21023371768275398,0.546614128633829,-0.08213662362078124,0.455829157104254,0.25561103364741256,0.45258788773534636,0.4751471241957466,0.3725658395887992
Paracentral_Lobule_R,0.20417930697261408,0.36703359213707465,-0.13054833599824403,0.43137905965015005,0.15348475399277575,0.18120157155724043,0.31584365534470177,0.03723086819076824,0.1381059407949454,0.05330938582876384,0.48955490060217477,0.05702209399041718,0.48251774237669764,1.0,0.6174824469370247,0.023810459771651526,0.6009684377580856,-0.09086926206248418,0.4327605226141625,0.7276176148653112,0.40845563955318837,0.19227062801092187,0.6422694875947721,0.7992982005404932,0.21130946635688058,0.30814099142727785,0.5924467513537831,0.8858525196961207,0.9024357170203067,0.8227372741009772
Vermis_9,-0.35349245710708854,-0.06256813286322298,0.056511205807747426,0.14610536186655076,0.509229805822318,-0.05602668331759867,0.5468447495647663,0.38507422753973614,0.5193496038047591,-0.4995193212494311,0.8766278808733496,-0.12087794451542161,0.020746247431655325,0.6174824469370247,1.0,0.5122163711728474,0.4338703972416949,0.061231524657659214,0.11571170448819557,0.2427754812774225,0.18811958694983277,-0.1739321502309627,0.7371286750373063,0.3563600385010321,-0.007283952243112905,-0.4105548285437608,0.3540766574008882,0.5306442436753765,0.5054490864261779,0.40886855364901
Amygdala_R,-0.3437158659871971,-0.4060979622240742,0.16112338577348995,0.09210274469060067,0.5005536493615015,-0.06047989732518528,0.5217847858860187,0.3955730266268625,0.38374466746934305,-0.5083295393044073,0.5028817371614946,-0.30027453138334426,-0.3113575072241068,0.023810459771651526,0.5122163711728474,1.0,-0.004638792162711129,0.11345451028678177,0.023823767881213907,-0.11963335561587764,-0.09865882402580435,-0.14709096312638067,0.28548296564480685,-0.07686915292261308,-0.05794178637197948,-0.4534073982514252,0.004619458340641831,0.02385394919816484,0.023990072723886376,0.04138093494326055
Temporal_Sup_L,0.3194548389578195,0.2641608725539017,0.098631180476134,-0.15420173117227604,0.03155890911566612,-0.1549861823846673,0.28332087196566175,0.08408565456548382,0.00869869790506835,0.20140683849351482,0.28941872924945944,0.1108168354416869,0.39271760641258385,0.6009684377580856,0.4338703972416949,-0.004638792162711129,1.0,0.032794005506175054,0.5113431043667216,0.6768096409454935,0.2243374258965444,0.033432514749483104,0.801248617174197,0.7235492751876066,0.13522889227883905,0.23939696428958354,0.3071791112775892,0.7330030845696784,0.7084663485739803,0.23728920398257541
N_Acc_L,-0.0505049609836273,0.1456540784887614,0.22773776340136442,-0.17589848127783098,0.191249289514978,-0.17726507229585964,-0.029931565962000865,0.3546429636024648,0.07635646023782557,-0.015861512092265367,0.03948431800119525,-0.020168194557548143,-0.011982906725317924,-0.09086926206248418,0.061231524657659214,0.11345451028678177,0.032794005506175054,1.0,-0.18321829903856285,-0.09636043259208821,0.08439737857343838,0.0193273104548048,0.05542647213693828,-0.10647430691024758,-0.026010954876847625,-0.13046835579889296,-0.14348280617769604,-0.042658550023144164,-0.0847494257828384,-0.14984083122061334
Thal_MDm_L,0.5764501952908352,0.0656413740500142,0.10127660910331511,0.1282871793573079,-0.046683781859432935,0.046523640927766945,0.1971651757394101,0.17172820388581522,-0.08994394185958586,0.46593894565961985,-0.03910167441527127,-0.16948302741710058,0.16483877093437524,0.4327605226141625,0.11571170448819557,0.023823767881213907,0.5113431043667216,-0.18321829903856285,1.0,0.5284678979589884,0.008237545416935579,0.2004649534933986,0.5385220812473368,0.5177549006587129,0.16114617711501167,0.5365074016517156,0.2941286473072776,0.4408564534511665,0.5141056402002252,0.34219848109447415
Precentral_L,0.4220303784749187,0.4061345796148856,-0.04624963848849617,0.3624547582598856,-0.11890377690691556,0.20294687155072003,0.4255687887518317,-0.14194590765121398,-0.1784654648839286,0.307979256018399,0.10551794406420707,0.16906014250398887,0.5894762153228224,0.7276176148653112,0.2427754812774225,-0.11963335561587764,0.6768096409454935,-0.09636043259208821,0.5284678979589884,1.0,0.4635815192920739,0.3154098597017089,0.5029524961647064,0.9769022339433525,0.13798433754236264,0.6416820001589371,0.31157663345047,0.8713050660957846,0.8854795032918238,0.5372078543971436
Raphe_D,0.07031041561842713,0.6035747334046164,-0.5480435937828747,0.29410161898988046,-0.07387740390759358,0.19126577615294668,0.23029607250316278,-0.1771727386711494,-0.3684316633334338,-0.16775269994630287,0.12498375158082493,-0.13722551285746468,0.6177018954366315,0.40845563955318837,0.18811958694983277,-0.09865882402580435,0.2243374258965444,0.08439737857343838,0.008237545416935579,0.4635815192920739,1.0,0.04271410870265204,0.19043345380804758,0.4260490426639122,-0.15254075353764548,0.17360844028207845,0.22203711229357334,0.4183300378158923,0.4022104250669743,0.4278264735744435
Frontal_Inf_Orb_2_R,0.3204983668421024,0.10298872265452741,0.130636652051329,0.5061980999711531,-0.11186278032780343,0.492664971149125,-0.1402441940710079,-0.13823422701811833,-0.16908232441638207,0.3720874835588492,-0.03163117875805405,0.2569832145907825,0.13469022048064888,0.19227062801092187,-0.1739321502309627,-0.14709096312638067,0.033432514749483104,0.0193273104548048,0.2004649534933986,0.3154098597017089,0.04271410870265204,1.0,-0.11402961105046186,0.31768387059076586,0.357322932242087,0.5435400776263317,0.3093115180256228,0.3083797247939988,0.291644160157858,0.3119133306476778
Insula_L,0.04159557586880499,0.10336515463581393,0.09807096215662439,-0.14259752813172052,0.27701741472083347,-0.21220049632266508,0.46215666458016746,0.3252663616531749,0.26138131154393146,-0.09928845558287953,0.5265546145332339,-0.1302529611729459,0.21023371768275398,0.6422694875947721,0.7371286750373063,0.28548296564480685,0.801248617174197,0.05542647213693828,0.5385220812473368,0.5029524961647064,0.19043345380804758,-0.11402961105046186,1.0,0.5728540862691813,0.018376553061690344,-0.044966208213233216,0.32851818082677575,0.6479234331277651,0.6501141345598389,0.3049093357077485
Postcentral_L,0.3799468798820831,0.36264529597250755,-0.02499591239571354,0.38452683429386353,-0.04948321795193427,0.193646466975816,0.4500475724499805,-0.1095802978250228,-0.08156902421872737,0.263920140702029,0.24238173473487648,0.15925162362762962,0.546614128633829,0.7992982005404932,0.3563600385010321,-0.07686915292261308,0.7235492751876066,-0.10647430691024758,0.5177549006587129,0.9769022339433525,0.4260490426639122,0.31768387059076586,0.5728540862691813,1.0,0.17868341787578118,0.5895034078395198,0.3900201908939046,0.9260682325551315,0.9318754286084968,0.5907270556644659
Vermis_7,0.28794989478315625,-0.09080666582233146,0.1675816058788685,0.15195831269705198,0.024875521749610763,0.11360913709582274,-0.06445901190439123,0.10164507164033573,0.05164345475335984,0.2833853714009857,0.16222721649764726,0.10442016361117124,-0.08213662362078124,0.21130946635688058,-0.007283952243112905,-0.05794178637197948,0.13522889227883905,-0.026010954876847625,0.16114617711501167,0.13798433754236264,-0.15254075353764548,0.357322932242087,0.018376553061690344,0.17868341787578118,1.0,0.26908268718231054,0.17437325606043017,0.26220641257900856,0.2773979944715724,0.22101721761399173
Hippocampus_R,0.749451425988595,0.3732493486977044,-0.023083804757803448,0.35977815067951674,-0.36794803850145097,0.32948584528468144,-0.050737404699179395,-0.21448820888525205,-0.38264021820657407,0.776086366765204,-0.43525488456096545,0.18513821943530245,0.455829157104254,0.30814099142727785,-0.4105548285437608,-0.4534073982514252,0.23939696428958354,-0.13046835579889296,0.5365074016517156,0.6416820001589371,0.17360844028207845,0.5435400776263317,-0.044966208213233216,0.5895034078395198,0.26908268718231054,1.0,0.20143232820318102,0.42102421805730855,0.48532392858477374,0.3362709753265051
Cerebellum_10_R,0.18534281341566097,0.21179385222497576,-0.1292650538717024,0.37855282522717554,0.10144152115748427,0.21785182315064305,0.08569672394656228,0.016525344120724234,0.22166616856591911,0.10275656636820077,0.381619113900966,0.010616287248367587,0.25561103364741256,0.5924467513537831,0.3540766574008882,0.004619458340641831,0.3071791112775892,-0.14348280617769604,0.2941286473072776,0.31157663345047,0.22203711229357334,0.3093115180256228,0.32851818082677575,0.3900201908939046,0.17437325606043017,0.20143232820318102,1.0,0.5093099778912352,0.48722578277242884,0.54374705054353
Parietal_Sup_L,0.28426512501405216,0.3212817748917043,-0.02506947075337814,0.36867585380646734,0.11647889268945083,0.10622889859092483,0.48240022320979514,0.009037373999190353,0.07224239222089487,0.1252534060931921,0.4656735679068294,0.10846352933375186,0.45258788773534636,0.8858525196961207,0.5306442436753765,0.02385394919816484,0.7330030845696784,-0.042658550023144164,0.4408564534511665,0.8713050660957846,0.4183300378158923,0.3083797247939988,0.6479234331277651,0.9260682325551315,0.26220641257900856,0.42102421805730855,0.5093099778912352,1.0,0.9691771710755013,0.6680128034561407
Precuneus_L,0.3151903217988739,0.33832700026187623,-0.04508270112309894,0.39298895466231765,0.09783267952318761,0.1547664930401213,0.4820249548862354,0.013440327267205893,0.04947612534709059,0.17568987317157392,0.41487167167175,0.07648182642467147,0.4751471241957466,0.9024357170203067,0.5054490864261779,0.023990072723886376,0.7084663485739803,-0.0847494257828384,0.5141056402002252,0.8854795032918238,0.4022104250669743,0.291644160157858,0.6501141345598389,0.9318754286084968,0.2773979944715724,0.48532392858477374,0.48722578277242884,0.9691771710755013,1.0,0.7131797799242232
SupraMarginal_R,0.18310079281593156,0.36125886303610677,-0.2414247325598619,0.7409166293401318,0.08550120282072883,0.3881776776697419,0.2878283221054735,-0.016062266917667885,0.01641730802061799,0.00022807841318574757,0.38424686025206345,-0.0662582204237295,0.3725658395887992,0.8227372741009772,0.40886855364901,0.04138093494326055,0.23728920398257541,-0.14984083122061334,0.34219848109447415,0.5372078543971436,0.4278264735744435,0.3119133306476778,0.3049093357077485,0.5907270556644659,0.22101721761399173,0.3362709753265051,0.54374705054353,0.6680128034561407,0.7131797799242232,1.0
