,Amygdala_L,LC_R,Putamen_R,Cerebellum_3_R,ACC_pre_R,Thal_PuI_R,OFCmed_L,Cingulate_Post_R,Cerebellum_9_R,Frontal_Sup_Medial_R,Vermis_10,Fusiform_L,Thal_AV_R,Vermis_7,Occipital_Sup_R,Vermis_1_2,Thal_MDl_L,Amygdala_R,Thal_PuL_L,OFCant_R,Cerebellum_10_R,Rectus_R,Insula_R,Raphe_D,Temporal_Sup_R,Precentral_L,Temporal_Sup_L,Frontal_Mid_2_L,Thal_MDm_R,Cerebellum_6_L,Paracentral_Lobule_R,Pallidum_R,Cerebellum_3_L,Cerebellum_8_L,Heschl_L,Frontal_Sup_2_R,Precentral_R,Thal_PuM_L,OFCant_L,Occipital_Inf_L,VTA_L,Frontal_Inf_Tri_R,VTA_R,Caudate_L,Occipital_Sup_L,ParaHippocampal_L,Thal_PuA_L,Frontal_Inf_Orb_2_L,Thal_IL_R,Raphe_M,N_Acc_R,Thal_VL_L,Temporal_Pole_Sup_L,Calcarine_L,Fusiform_R,Thal_MDm_L,Lingual_R,Occipital_Mid_L,Frontal_Inf_Tri_L,SN_pc_R,Rectus_L,Vermis_8,Lingual_L,Rolandic_Oper_R,ACC_sup_L,Thal_LGN_R,Thal_PuA_R,Vermis_9,Vermis_3,Cuneus_L,Thal_VL_R,Thal_VA_L,Frontal_Mid_2_R,Temporal_Pole_Mid_R,Thal_IL_L,Thal_LP_L,Parietal_Sup_R,Paracentral_Lobule_L,Frontal_Med_Orb_R,Thal_AV_L,Cerebellum_8_R,Thal_LP_R,Cingulate_Post_L,Frontal_Sup_2_L,LC_L,Occipital_Mid_R,Pallidum_L,Cerebellum_Crus1_L,Cerebellum_4_5_L,ACC_sup_R,Thal_LGN_L,Rolandic_Oper_L,OFClat_L,Cerebellum_4_5_R,Angular_L,ParaHippocampal_R,Thal_VA_R,OFCpost_L,Precuneus_R,Frontal_Inf_Oper_R
Amygdala_L,1.0,-0.10169593900903759,0.3237994670868871,-0.019304812576813674,0.25693085483313166,0.21611820263266554,0.21360099067530047,0.1120931237013541,-0.261573629797528,0.19978197368750497,0.3808817898522634,-0.07075517372561295,0.11029780034499113,-0.1459546426111697,-0.17784590104962017,0.083308403264091,0.43591708913469207,-0.340893504670773,0.10521701997179952,0.18788989602355158,0.07834014474288058,0.19386727073024676,-0.09899251327210129,0.45631650371162,0.06876629782343763,0.31523431499915716,0.15003732393828442,0.2749557013838876,0.29639246677970865,-0.2596410938545286,0.10260081346777794,0.06310274446917775,0.3969129670597062,0.14620432219486112,0.23257764762847205,0.04392476085101278,0.033899284123229255,0.07368917500882192,0.22996415868169728,-0.1792242684647055,0.10673338951269522,0.15385849127908918,0.30451229929436,0.2240046495169142,-0.047209677790694314,-0.044953047340905265,0.056297551569083525,0.03321575242367041,0.4714132376923339,0.33650433476922237,0.06489669322906344,0.02815426539544979,-0.078299755782227,-0.13548352338461453,0.07526780883973581,0.17067446908051553,-0.09449185099503211,-0.008091480673903325,0.2761538742344023,0.33749436046497244,0.2093083291670514,-0.3501104513467267,-0.17279524169328697,-0.0881885842979961,0.17924202108991058,0.3431136346198559,0.15163055893636967,-0.2639019670559722,0.22973417176511413,-0.11023106441507736,0.30765100061404266,0.37950859939245285,0.058645993502111034,-0.38891351467819985,0.3900258023621009,-0.1132434531545414,0.027497587876479768,0.22027305907420963,0.23075907743327936,-0.14734497549311226,-0.2179051705628616,0.5011375045205765,0.13048217884930507,0.20154524550234693,0.3698548678142879,-0.13474699977169458,0.4241487841390732,-0.36672891033761057,0.10122058821598966,0.06982609406219768,0.36242855917203326,0.10461694335405361,-0.2972445192594715,0.36224738216570057,-0.15359482254679477,0.11239751831546857,-0.1170232680785424,0.08689425738359256,0.1202525641837367,0.1567530428219294
LC_R,-0.10169593900903759,1.0,0.06701774355946367,0.16152913237922342,-0.18548068974043538,0.3801888172057531,-0.18052226097161533,0.5248384687225524,0.1705378959425856,0.2533030862708235,0.13973494987912102,0.43781660007354434,0.11329796676611364,0.2252823270975635,0.3045085766369603,0.31957162530858996,0.2998009737684393,0.10943401975637555,0.18333990260306887,-0.115317330507772,0.14685129519245327,-0.13892516864266877,0.26235669413719515,-0.01236330074243832,0.09839223548317873,0.32590931218843044,0.46394033029429127,0.32178659141705085,0.37401738107332116,0.3366146045936466,0.4551809861585428,0.3163808661282536,0.35092630760019383,0.25420894696592894,0.3947953242956688,0.42136794493834906,0.5276310876880111,0.5334269070387301,-0.2188871202435002,0.10470288988991139,0.26590072287010663,0.2845386540381443,0.14238792089039404,0.1174284701715967,0.26580806694449294,0.4492391303680204,0.07934779873423208,0.06507696563043686,0.34527983973215165,0.14347243225406864,-0.05236998481064636,0.5416256282119066,0.037814015985559876,0.48708337448070244,0.25280218377342073,0.4873339572136463,0.4814243171279293,0.1904527624676193,0.39587172075127885,0.08779155968663166,-0.11664578445134142,0.29695323104689575,0.33436341051642443,0.24836170946568917,0.4275180841789986,0.2321967529519904,0.438859624294398,0.36778068544078174,0.4341564347600679,0.27355623049644817,0.44453624783387,0.3581208053899639,0.5243743733072239,0.40570651343758174,0.22473147584967082,0.5430597442737972,0.4899596270658417,0.3677967495405842,-0.09410008250936959,-0.18164914754265818,0.3802984833189635,0.3319627855728565,0.46133448972021984,0.21620171387556691,0.05224213683092735,0.1697991639785281,0.15966628473657424,0.07969728742767047,0.5287048123730812,-0.07423244354827005,0.08962373216599184,0.33274806802285617,0.17480691547003435,0.249018050895238,0.40084119174260174,0.05858133220300501,0.21692134125191567,-0.102734889232616,0.4969177895251158,0.32915971885323947
Putamen_R,0.3237994670868871,0.06701774355946367,1.0,0.6118478120231637,0.5147184966393538,0.367370230955903,0.45217970312505434,0.40421621304172434,0.0974356852460137,0.5888114109361635,0.7320116638153722,-0.1839011317106943,0.5439129299876407,0.220356472316338,-0.09297260557085285,0.36491147597376256,0.6651320462946791,-0.3359552513130938,0.5941161705575285,0.23758039988812152,0.1919325724228456,0.32186379043444885,0.3110928037652309,0.2251436337405672,0.5149572808819501,0.6367160682770772,0.1773721633270582,0.6928615485808813,0.5417967633989796,-0.43564188957088584,0.2713127150462222,0.6063053143343669,0.5911944373211,0.29676911855674937,0.38926066942512155,0.3013921816286221,0.2646430838463942,0.2697236983536041,0.4319368387462857,-0.40335381883932986,0.2931517429555005,0.7379620376997147,0.38341202808148395,0.7831268442876309,0.08287650262932147,0.12517286159352223,0.28257619203044165,0.39185302889836354,0.517041361971986,0.020408043395471833,0.1359226909755654,0.375564346159732,0.31104558738725085,-0.046464282799577206,0.3163029858293696,0.4023947243963203,0.014417995190634691,-0.07632238175160494,0.4487823825288515,0.4417915216214362,0.3529503069733384,-0.3056773827665366,-0.06510706998115412,0.3385236028610202,0.3378830820291532,0.6814546934528739,0.31398228706134035,-0.2992432403601134,0.5175259465663546,0.049088262685393305,0.5502384911734574,0.6247459295718566,0.1816526599688221,-0.06269468159494788,0.5732115553299962,0.3250895623539075,0.20872228430943743,0.38955948339813734,0.3097410823205411,0.24540542561095421,-0.5819049080682601,0.5097834803398691,0.430077550260134,0.5647898623612881,0.4098215105470725,0.053241071088135146,0.5601260209806972,-0.45479650623036005,0.2690296476936372,0.5480151143071939,0.35151612447680497,0.45171174258185043,-0.32023201371790067,0.8283688814704888,-0.09814246607341849,0.7659848673093345,0.27991049656644534,0.5821399334736341,0.3023475952747707,0.6088928274803816
Cerebellum_3_R,-0.019304812576813674,0.16152913237922342,0.6118478120231637,1.0,0.08873835813344329,0.33336704287836394,0.12844614293695575,0.44464381458154456,0.25180447922068155,0.41873316303217184,0.7134241317310123,0.07578137912872193,0.40385510346566966,0.24697352731141323,0.08660902533834441,0.660661129334213,0.36664354575143915,-0.344585983301968,0.44211579297957077,-0.01251587882289132,0.13985227635535755,0.04059310776593997,0.24421125247141917,-0.11398477846576932,0.3360701990849136,0.5187294649330488,0.11885202581496203,0.5374444875409138,0.26445159235090904,-0.17459276678313504,0.3884581109899177,0.34850502664755967,0.5118129832295901,0.3986764591148798,0.2805504391688794,0.29744372967947524,0.4605246302670205,0.2902292887714633,0.12313238679965084,-0.2931488124826654,0.20084697611466545,0.5728456173006236,0.2774269278050002,0.6090479376936445,0.09779629958959687,0.3762672779234399,0.47482919717706723,0.13267156589040222,0.18887965598020345,-0.08872758604628699,-0.05029963447460266,0.3456294026750348,0.30457783852106335,0.15920513205667639,0.3415374261227487,0.23378394011828396,0.14827008555147256,-0.13057779726101135,0.33846600455771075,0.3065413510864807,0.05162419047072317,-0.11887986549509555,0.1799402511658861,0.17867568386222576,0.2075858217901723,0.6174941840477766,0.38866865701565084,-0.10225500269061062,0.624414964849679,0.10329433194516868,0.3776941360047148,0.2822675255516005,0.26160825967410334,0.06915182955676526,0.3121100896157632,0.3500965378439758,0.3457784375656004,0.45534444551978337,0.02992951348969538,0.32967875362902027,-0.32038459789304935,0.29811166691383617,0.5049411628562364,0.4187004262000887,0.32042990676160027,0.04873546196666634,0.29110807582500914,-0.16614967216580104,0.45252891377262483,0.48180991780353244,0.3008360939552507,0.2788359981220191,-0.16519835274869846,0.6513856036486194,0.07924862211926828,0.7118695028474197,0.29960392646645667,0.34921195077150413,0.3514890069646597,0.48062812311426556
ACC_pre_R,0.25693085483313166,-0.18548068974043538,0.5147184966393538,0.08873835813344329,1.0,-0.06236046641693103,0.799764144446307,-0.03641759542352941,-0.15600883232843388,0.3825589575720119,0.3011012772884803,-0.1737370570113192,0.2006785378655251,0.0013099335139013766,-0.3091351765843504,0.12624657924143282,0.2789579493235995,-0.1191592005982628,0.23845457426247504,0.5410718152043074,-0.10277405580381237,0.6866118972842344,-0.056716725712095795,0.2496853763149982,0.07132069380265096,0.3871276975871766,0.1896809510661562,0.3989471350982011,0.16841705202924304,-0.41025404134215265,-0.09787113519567223,0.1853184651029993,0.19597458997448738,0.054003350312192375,0.32527856540157235,-0.014636273475045813,-0.2853778879180894,-0.04329133025730267,0.7810747492039728,-0.05182577526618582,-0.028072375701620696,0.1998514869837199,0.0824608186590918,0.4484839619749518,0.0817032041243536,-0.06844889213918288,0.13046702012024464,0.4853278187273441,0.14739242851374948,-0.11591589589525143,0.2527796456679816,0.006969875338465137,0.08411113735000544,-0.28833514900995927,-0.023361756204336472,0.03888171220165736,-0.25759631589490206,0.3057827478763148,0.2410580963480739,0.20525816538376887,0.7150236795321863,-0.3053115797637987,-0.1964171025051614,-0.020867406530271276,0.06612929976105907,0.181885464785076,-0.16891534155416174,-0.34129036867951495,0.09865165318632987,0.020452640320744266,0.10426351036195454,0.2349171656829963,-0.2088378523501784,-0.2569994899848099,0.3146846683537015,0.005389704776478664,-0.2000502487571016,0.05292893081393449,0.7194631566626706,0.20357272014076994,-0.45541925219040696,0.16096594184766314,0.012819814640993504,0.4251707141521766,0.32070656416478266,0.018074108151086555,0.37836931233826904,-0.20348667196492384,0.0017733616963385357,0.22402555536579563,0.17460003022234716,0.47218196772683385,-0.1637326992808903,0.37952464778542716,-0.14700491768601667,0.34253257227983,-0.002052582804921048,0.4464931152594083,-0.10170148634843335,0.04731879692528485
Thal_PuI_R,0.21611820263266554,0.3801888172057531,0.367370230955903,0.33336704287836394,-0.06236046641693103,1.0,-0.166326726477187,0.629750818069305,0.35209844949123426,0.6443601827141421,0.6356493579176964,0.4611873825851959,0.09940996629405767,0.25900438001903453,0.37641102948032434,0.4982585721211322,0.34431766829044075,-0.12997228874453978,0.18733603471585425,-0.11192343883652633,0.45848611918038723,-0.18718985876883365,0.500584707163275,0.48542466526412137,0.41284099311518724,0.6140321255677879,0.3993756084813963,0.6363637628667421,0.1491121133705819,0.2557598238032576,0.7760302957957365,0.3504974466493015,0.6677870527713033,0.44200020009944835,0.443209675151546,0.7271062062543485,0.7115016540119629,0.5818134058204377,-0.17644606614636613,-0.10284717222567906,0.209947720546758,0.4768528560361758,0.20162992345321534,0.3380282529546554,0.3161552910898777,0.6182554488681555,0.4968074149206488,0.24434170226040877,0.33609025573868595,0.5399289072787258,-0.04923133776841963,0.25589536419254505,0.2065024463558974,0.45335570681514126,0.5681795099753265,0.2325407737934267,0.5695363566690345,0.10022994562994585,0.5584390294797716,0.16705260241358183,-0.12147687554394067,0.26737889463941134,0.3462520811830769,0.4797854589718942,0.6512424117709887,0.5817583540641726,0.44053221990594843,0.3568803614892236,0.68796343046798,0.1698906527781869,0.3606138897600406,0.3341096116086739,0.6916225605902308,0.3043250375893975,0.6600989731517328,0.28854363820652834,0.7532201655947364,0.7482535123387292,-0.1143990464848688,0.0105975996532381,0.24300064532108334,0.43803166265238913,0.7109602983099887,0.5741056079939817,0.41405391836645833,0.19571198808092907,0.36616441322041793,-0.17498493163039955,0.6293243492531647,0.29169848233253626,0.6318401336325015,0.4132157523297088,0.030317119735962184,0.5610278476353188,0.44217987467704684,0.5055558027225927,0.34160274167853405,-0.08431386915725768,0.789193591563764,0.6054791938599271
OFCmed_L,0.21360099067530047,-0.18052226097161533,0.45217970312505434,0.12844614293695575,0.799764144446307,-0.166326726477187,1.0,-0.1466377718861311,-0.0997893567377815,0.20511271580418683,0.24591786096120063,-0.23149034430524582,0.1995208002364076,0.046594357505722286,-0.33152284894481865,0.10216701715947371,0.1433740171446685,-0.0369560385575378,0.2834949905173187,0.7894696792636582,-0.3153372838691267,0.9253158540403705,-0.18088800312409625,0.021712692536371755,-0.05309348724224054,0.30185066367732566,0.13592168863254434,0.2490790547980752,0.09106876252342634,-0.399769498273198,-0.2685452726955329,0.15608422231833494,0.08614630452423204,0.05010213941451767,0.25889335591380314,-0.22687236174806408,-0.41610174461327254,-0.15511633787798634,0.9350723535447185,0.12029041520258389,-0.09099221338582125,0.03885127523014394,0.10977483745500423,0.3569570034545527,0.1439806823542846,-0.17266683719935771,0.10541917585588467,0.3472743703338035,0.06190921041877456,-0.2480690208641056,0.4402575181483074,-0.030497954940312363,0.24199270085414806,-0.3148219844297646,-0.18717561398806776,0.00127375125129798,-0.34663192046400726,0.42372014000415875,0.16838703090501553,0.1976525131865872,0.9327219743230795,-0.3499450627658857,-0.17304512514758796,-0.1677882378374218,-0.12790975707787489,0.08150496025291724,-0.13730399717148262,-0.3797069371697903,0.007883530795400079,0.07352890466209935,0.040750837501331884,0.10707167944724587,-0.38569030227228274,-0.30639957705435966,0.12642423613378873,-0.06568515490841899,-0.3198488575224013,-0.009587325605767682,0.9135802685870618,0.2592873429131874,-0.5117326045541888,0.03714513267901018,-0.07364506926465744,0.3433336070690838,0.2687430145250045,0.058021964237338707,0.2685127415727109,0.016224078264063142,-0.059041054093763784,0.13135452091556027,0.023036779865341563,0.39367230593754554,-0.14867573621079594,0.24468139820296197,-0.14152509297577318,0.25668636912147497,0.008379555231596105,0.6065127941080423,-0.26233180323955413,-0.12920902424184566
Cingulate_Post_R,0.1120931237013541,0.5248384687225524,0.40421621304172434,0.44464381458154456,-0.03641759542352941,0.629750818069305,-0.1466377718861311,1.0,0.45682684277990127,0.7434424336702862,0.6143091181222821,0.5481018069709561,0.1378312094846851,0.24394047388690202,0.5643565481976023,0.5750359311493414,0.5579468692013213,0.09218935287814152,0.3284611796489303,-0.14412230346875818,0.5372741649687134,-0.19749787864264445,0.6587602932595034,0.28544689108072474,0.4658484275034848,0.7720522695182305,0.5873378622894574,0.7848319929315274,0.47851754744050295,0.4120864279897478,0.853479129704416,0.5629979775475367,0.7558484584662539,0.5185849576394631,0.6022778816760997,0.815296648541903,0.8593774914257886,0.8615683035092675,-0.1344477506751677,0.03558225392623525,0.16083241234546988,0.7005598431234422,0.08743800727972871,0.5084924657879226,0.5410191050081775,0.5861841870007549,0.33182161904733903,0.28778892123473987,0.652115536991815,0.47300764626225317,-0.2176323988154135,0.706029435176848,0.18871589283948728,0.7407925469170795,0.7326826698536943,0.6596878979021876,0.7711133475093928,0.2721342893247708,0.7381697989261223,0.03902725358124082,-0.1469966436336131,0.42871321711899124,0.6233587397404413,0.5281034782833837,0.7093715153141552,0.5672782254545886,0.7522912757069731,0.5047254101540761,0.8210374665377667,0.5042090189139538,0.7164769558356381,0.642503181447641,0.7930189741264047,0.3401944035993543,0.5729167246148528,0.6506746010255137,0.867269373167963,0.7598586722066083,-0.11381876133206718,-0.04975210386585134,0.2807729765781042,0.727446395700905,0.9241975452130132,0.6652861851620148,0.2839018912000917,0.36132681524368354,0.3255567483303794,-0.061693704492070164,0.8530169468267961,0.3585892962193868,0.5150218148925503,0.5393081182315627,0.11510813257723826,0.6721217258062567,0.6051615375492791,0.44745003883643236,0.48023332566697824,-0.07388881714439588,0.9006650940698303,0.7828183710854383
Cerebellum_9_R,-0.261573629797528,0.1705378959425856,0.0974356852460137,0.25180447922068155,-0.15600883232843388,0.35209844949123426,-0.0997893567377815,0.45682684277990127,1.0,0.38698292045349475,0.296143250289722,0.3743868951540394,-0.18462526282412312,-0.015035714817986597,0.5641430403205409,0.2511582222406436,-0.07648740307524053,0.4503957856378053,0.024695616053335128,-0.008043882614709966,0.2565532080744962,-0.03295805933758602,0.7533662791798073,0.13383549472663872,0.46665012619513513,0.33911660495671003,0.15962043964038838,0.3177470735831269,-0.19389103718823283,0.6401927006483756,0.4888776056976042,0.20199797626748311,0.363641799731697,0.2375948753720262,0.20489970888207076,0.4069760082970603,0.38892869191612256,0.4216489316380916,-0.05681931115387761,0.46243175845950707,-0.3804687348041847,0.21582678782387338,-0.43815232790723546,0.017991894745116158,0.6396109364594068,0.15278702563599647,0.3965893821687546,0.05145993124535803,0.019438829756784237,0.3123235965596136,0.05336713554174668,0.12757501986265382,0.4529621577503413,0.6775522448591453,0.4643529242117299,0.016074176857751407,0.6771933309135808,0.405632004211312,0.2614577059920802,-0.4246272127393113,0.0015334667484145292,0.6473482277218339,0.7250179164088512,0.5627523548142973,0.16043201213333189,0.023286911062674207,0.37101163079114036,0.7530531274873157,0.3878118800770716,0.5703569821604781,0.10860341358393802,0.05679235085590513,0.23959847878986637,0.3898435321031694,0.13063605373641843,0.12887363805130722,0.5736811302668621,0.4341872192530924,-0.047966980460373836,0.08668445526883858,0.2883642811524292,0.08493228017011716,0.4884741408930061,0.3269098787021891,0.19909490356130738,0.5541785668312496,-0.17414566278423832,0.5035106938510437,0.4843681861040264,0.13447245157979795,0.24271624418849388,0.3381462978338189,0.36638560449187346,0.13815873110130855,0.5963673628056833,0.2868972954810092,0.3622439915663219,-0.08366053279545406,0.4476975493800246,0.41230210060118266
Frontal_Sup_Medial_R,0.19978197368750497,0.2533030862708235,0.5888114109361635,0.41873316303217184,0.3825589575720119,0.6443601827141421,0.20511271580418683,0.7434424336702862,0.38698292045349475,1.0,0.7256238674410181,0.4565291991186453,0.24710132294746753,0.2845720603396789,0.26524993166414707,0.5915971384017665,0.5229878763622787,-0.01824229663171583,0.35320800759622567,0.09091752010401422,0.5043964442533108,0.12714328584270443,0.617731545863937,0.46189358489013627,0.4696732156997659,0.845407460175176,0.6074321246236586,0.9280884207856929,0.3228853749054908,0.15020209306127935,0.7802814768992583,0.561630178288939,0.740112069951794,0.4877913713191507,0.6709705514975118,0.84880372290901,0.627098451747572,0.6631097933797606,0.20198495157760263,-0.01897922645377085,0.09986613108170625,0.695081324349924,0.14425567240045034,0.6796179950427336,0.4056059810957489,0.5720848359628993,0.5568149213241401,0.6404567786915513,0.48859546095802886,0.3788921868735449,-0.06247980208600934,0.44761404298413027,0.23658085841397727,0.4370314750246768,0.6100719813222739,0.43779581313309107,0.5182841796489849,0.3045535697214468,0.7518254282157681,0.102078484352351,0.1763148310975468,0.2924181470254175,0.3794192537722584,0.5576809430697892,0.7279181153477727,0.553929050548986,0.4984837572477441,0.33993377045912404,0.7583494436626904,0.2739024129115749,0.5199473173143954,0.525008177432538,0.6269028918515759,0.24619393195202122,0.720578762315582,0.4168502852043376,0.7264208817542239,0.7586797956724127,0.2067072500998601,0.19298841738500447,0.07631169627481138,0.5775556930408886,0.8044011803067755,0.8655649465331292,0.4718513895141883,0.23916796199512125,0.49024425674428146,-0.1738526682595851,0.7124076777010877,0.5991163212819693,0.6199328628219241,0.7279127567108208,0.021222332942233458,0.7508090935798786,0.4257365916160442,0.6757126217943724,0.5073559951531074,0.11587834563537296,0.7812065731402539,0.7178780954258086
Vermis_10,0.3808817898522634,0.13973494987912102,0.7320116638153722,0.7134241317310123,0.3011012772884803,0.6356493579176964,0.24591786096120063,0.6143091181222821,0.296143250289722,0.7256238674410181,1.0,0.15901409716324708,0.36639961376031466,0.187150238757349,0.10714385114008823,0.6709211023742683,0.5579328091800081,-0.29750715028465496,0.4100126116349371,0.10800808808148903,0.2743171003895626,0.14256026731229574,0.3777898129719642,0.39457121840591647,0.44621285933768434,0.8364525205667398,0.34072725753858896,0.8175393537943765,0.3173402441387489,-0.10952696669066792,0.625213615801395,0.4391561495585739,0.8077047151456951,0.5196175826919985,0.516982814814998,0.5222141100594464,0.5530870103086836,0.4898978469067109,0.27092031318614207,-0.243826161138568,0.11504388187394686,0.645957828236539,0.22678352796864393,0.6837937986383599,0.2906383409878334,0.3617108605903128,0.554491874650114,0.28321623357140685,0.4828220160185543,0.3285880637280586,0.02846194643789741,0.35679581883966055,0.2702164627317999,0.23769972885474497,0.4532624760412752,0.3495084837852921,0.2650044588549675,0.07188959975761172,0.6351958238191925,0.3120338225494579,0.21786064764142657,-0.11858159861335815,0.22112860809913334,0.29798147210276577,0.45565563953644184,0.708742518923101,0.48252249744240255,0.007670337946652193,0.8064442681564745,0.1913427747103677,0.525452003303714,0.525501664673512,0.4184337803880256,-0.10725900865861396,0.6654898313344263,0.31636860269554934,0.5399758703955861,0.7534569343197796,0.19369919482308642,0.2392289878559577,-0.2503764489495665,0.5622687008944225,0.7107619780693736,0.6999285215429031,0.5671950476652077,0.09068204135135405,0.5176930627298348,-0.24327899560279068,0.6318665912130552,0.5041406776673846,0.6170164376181599,0.5104877674100425,-0.22817490986602404,0.8149045222092338,0.18992080243012516,0.7119607494415904,0.39658669882673775,0.3020692478567375,0.591322103270787,0.6362893436421837
Fusiform_L,-0.07075517372561295,0.43781660007354434,-0.1839011317106943,0.07578137912872193,-0.1737370570113192,0.4611873825851959,-0.23149034430524582,0.5481018069709561,0.3743868951540394,0.4565291991186453,0.15901409716324708,1.0,-0.040099782190290346,0.07930346658992837,0.4355248931031519,0.5269151815573092,-0.036562299105600785,0.1461231108965238,0.02540927212809594,-0.09498241833592945,0.4555249154291242,-0.17478906857789084,0.30706600446873694,0.11352839246023852,-0.10923182793252885,0.42387531456816835,0.75082822489209,0.36285588131755975,0.03255620525144897,0.7476580531862289,0.6943855301071011,0.26425025061098106,0.3698662759038675,0.4340320812729267,0.5849213610291889,0.6803914652672635,0.6300635803181668,0.5823565999134521,-0.25792760530910064,0.45043282557694503,-0.033902787611957697,0.009889287246954233,0.010601048530919557,0.006302925498364551,0.443062329719714,0.7783687392119579,0.44769239964762675,0.33198411088745616,0.09708206799935522,0.32049252491427904,-0.2020140870935704,0.30111307783239555,-0.1419904772510767,0.7296582558928932,0.4682419827178348,0.2321007294095972,0.7144047285969921,0.4969756317172593,0.6084702008779002,0.031950329085547034,-0.15094612987487688,0.6096824267877471,0.6416134125936044,0.12897097402986216,0.5549202436049941,0.22638900543865095,0.35134020025995316,0.7232793650960233,0.5259894329047559,0.30783369453160186,0.19457503562856696,0.01631971965512606,0.6750843331154389,0.4919757240972291,0.3687045198962082,0.29801213650182795,0.7419378802311434,0.6277750572619153,-0.11827657992620631,0.059876536046185994,0.7580605800605125,0.20437693948606933,0.6296922566653023,0.4554593586274889,0.15476618719741544,0.14269522535206924,0.2879782850168239,0.39020469632887733,0.7544561595213162,0.040974362603303505,0.4548837140607103,0.49949979025853364,0.29490921925692476,0.15735943993151047,0.7199365111554796,0.14719471212534788,0.5320571248442839,-0.4875250400886473,0.689579431890642,0.16296395851100548
Thal_AV_R,0.11029780034499113,0.11329796676611364,0.5439129299876407,0.40385510346566966,0.2006785378655251,0.09940996629405767,0.1995208002364076,0.1378312094846851,-0.18462526282412312,0.24710132294746753,0.36639961376031466,-0.040099782190290346,1.0,0.13641659734918102,-0.44825689523261636,0.2875989177926034,0.42246901845337315,-0.4215336789034984,0.42125828880564675,0.11097415196023395,0.14128581415176597,0.16301004742744465,-0.08229287008285174,-0.13424807306195893,0.06951810366933946,0.2758788950193059,0.16505984943423405,0.3242118863842292,0.5035093485868012,-0.3779295779990933,0.10006338998431125,0.49708527224891635,0.18227080776879973,0.38315720590329855,0.21966234949630262,0.16923150163495168,0.19084621774287522,0.03178142257565118,0.16843805935631262,-0.3931835044770834,0.4309379065230808,0.3839884424684541,0.5645927708603512,0.4472807146897412,-0.3583297003886509,0.22189102093513458,0.12928655302026928,0.2513585401213728,0.2489075774673268,-0.288957787131897,0.12329144621081937,0.3006289218940722,-0.001518194878162097,-0.19319834964556284,0.013218579113041626,0.39276516489242885,-0.21344247784091816,-0.3268856093327245,0.29220522060838555,0.6174444454245077,0.17246364836470934,-0.4376678119056619,-0.34517887754321636,-0.014302215116133403,0.26063681454471327,0.534348217461705,0.03730660352306184,-0.35182369046529527,0.2806396636595429,-0.4176906321834487,0.3482823316615245,0.330517039453255,0.21208121829430934,0.06345309901558858,0.33551875971751083,0.26505131213444183,0.03711280502555483,0.18332460084181398,0.1466760333648092,0.32968687583061496,-0.28543997738608823,0.14212432114790635,0.2244763967225376,0.27937715992302686,0.026311878771946757,-0.45925030482743967,0.5497147504764945,-0.27920059587084955,0.090182520640096,0.32382481398960006,0.12381190781089081,0.2473501850818332,-0.3331041919876618,0.4666707508116824,-0.34984150162034267,0.45192014982195583,0.3353255687033647,0.38910899014381994,0.11376969702117469,0.19279070756408237
Vermis_7,-0.1459546426111697,0.2252823270975635,0.220356472316338,0.24697352731141323,0.0013099335139013766,0.25900438001903453,0.046594357505722286,0.24394047388690202,-0.015035714817986597,0.2845720603396789,0.187150238757349,0.07930346658992837,0.13641659734918102,1.0,0.08056163011528149,0.23088214914318717,0.11864920661113003,-0.05794178637197948,0.3081761955647501,0.0112485387602047,0.17437325606043017,-0.029075049555084817,0.1096359318780466,-0.15254075353764548,0.15195831269705198,0.13798433754236264,0.13522889227883905,0.23579641540474608,0.07813438458555767,-0.10122238751243234,0.21130946635688058,0.21260880500881296,0.15697581687608364,0.17315759908251982,0.18751408103076705,0.27345097976785354,0.22839852725227497,0.15586390359546157,-0.005978912656098468,-0.21554738713174787,0.29584709329418307,0.3436755456414696,0.2717943774310214,0.3127809321548925,0.005483767751726381,0.286938311486083,0.17058587603784706,0.2053221179907298,0.06874908594964758,-0.07915001590990652,0.027690749910552752,0.18810335301598047,0.26839452509439,0.04308408378374992,0.18243468384015965,0.16114617711501167,0.11360890036860367,-0.08701081157957996,0.1004778960975438,0.08423906366073683,-0.028256345710472818,0.16222721649764726,-0.04348737172114747,0.19704791791006288,0.1693788438630678,0.16035214170916806,0.18894973448428223,-0.007283952243112905,0.23309858054775923,-0.06445901190439123,0.16041105745289894,0.09706184482517392,0.23024870059929767,0.22967435641613387,0.13721163390244653,0.22621666104357813,0.23564569942973676,0.21015475224607896,-0.02077409655226066,0.10442016361117124,-0.025337195458025392,0.09751074293526872,0.30601003757316414,0.2392890320706288,0.11114396378702195,0.05978095632553279,0.10445877801566229,-0.23344449184360014,0.14023628982803438,0.35282254495894144,-0.04180605947975795,0.15900173791177005,0.024875521749610763,0.26403806683451175,0.11434097110135029,0.2824677787484942,0.2417758264912261,0.2973774890105189,0.24177700224949555,0.20819381053318028
Occipital_Sup_R,-0.17784590104962017,0.3045085766369603,-0.09297260557085285,0.08660902533834441,-0.3091351765843504,0.37641102948032434,-0.33152284894481865,0.5643565481976023,0.5641430403205409,0.26524993166414707,0.10714385114008823,0.4355248931031519,-0.44825689523261636,0.08056163011528149,1.0,0.14635383914710162,-0.020265074759313207,0.42647658481877504,-0.0854666247614945,-0.15890259390420955,0.312471411497196,-0.33017317966309817,0.6073466867513434,0.26051588920382934,0.3975851548609783,0.27577881995518094,0.19196188481431825,0.2539068873494533,-0.11995575982840978,0.6331305335909078,0.5236096249981201,0.023779422639530423,0.32684730813416835,0.1349035457837913,0.15232726401039212,0.44138803547743566,0.5538534450243741,0.5437391370361039,-0.2926383238640378,0.342188141204724,-0.18905562321127203,0.2310271760283361,-0.31391057288462704,-0.019175189326924177,0.7482576304007079,0.28582297841851634,0.1620662816395133,-0.06090136500808366,0.15416696283478187,0.5145803643702768,-0.21880092242347193,0.23720731320230176,0.22378173837955817,0.731332659482498,0.6365806791772014,0.07851173783879174,0.7940575863911427,0.4134941102638012,0.22729829460108475,-0.41947663708663957,-0.3014603264964148,0.6931075773408276,0.7701900384692166,0.4554128370439503,0.2660422492136535,0.03659070617738655,0.4555769005576115,0.6480110232253854,0.34472194608242535,0.7630581009370738,0.1709965011193161,0.1677806784395638,0.40459515665841916,0.3320282291851405,0.14047654697130862,0.2813384495731607,0.6225720435782893,0.38161703444262385,-0.28172749279242737,-0.20875398171595774,0.40569641150099933,0.27832202690366187,0.44332622499553426,0.18368569772146529,0.09882899748185914,0.8118514611821365,-0.2484522931240426,0.2172724569973492,0.5070288534838787,-0.08310144788889708,0.2739223186591827,0.15960402473761626,0.42472018044324095,0.11356426459227036,0.739996626657216,0.02237597110253041,0.09945761448355207,-0.31265792056801045,0.5750653514489594,0.4526946039766565
Vermis_1_2,0.083308403264091,0.31957162530858996,0.36491147597376256,0.660661129334213,0.12624657924143282,0.4982585721211322,0.10216701715947371,0.5750359311493414,0.2511582222406436,0.5915971384017665,0.6709211023742683,0.5269151815573092,0.2875989177926034,0.23088214914318717,0.14635383914710162,1.0,0.31343349832935125,-0.25248168916653874,0.27388925705899086,-0.05210676204464194,0.3006247658377991,0.02525309119509926,0.20740230459371387,0.04194256264251717,0.1573413153519173,0.6651838187740035,0.5313851112304682,0.6369956193266252,0.18017344188615914,0.11148875759835933,0.6315298490695891,0.32474142233885117,0.6085377982862605,0.4689989534051634,0.6050698384971861,0.5421810616326702,0.596107303824117,0.4278574985367759,0.09634440687768962,-0.08867889984770393,0.17233492819211335,0.40684272988087083,0.287665138958391,0.515150487056579,0.2566361351469285,0.6432643628932918,0.6864831587269599,0.27162990032467277,0.16115047155301082,0.08924992105394669,-0.14896753034597246,0.3298388807284399,0.11835021789460627,0.35325333144861326,0.3567459853772066,0.2827823863977852,0.3547991521529444,0.1714371804957562,0.5738041715730455,0.30182281277758694,0.07573622240134616,0.15565788721820595,0.3119742544784948,0.13827979683732855,0.4334887155486206,0.5544083359920262,0.40209271181966794,0.2054541272747641,0.7700320208161869,0.12742598151388038,0.32862830930592574,0.20761310045940082,0.4610921273701714,0.14689992998844978,0.46111735371141666,0.3241630697934531,0.5636273565493654,0.704603740195978,0.07812401527561208,0.2955025132851667,0.08658951638806422,0.3206170045507579,0.703077347891272,0.5809875221971554,0.45236278171141386,0.02058052139951453,0.44175681402099415,-0.05321010673883305,0.6930656248189604,0.45506831673546877,0.45878916506398826,0.5168012880233906,-0.1148197651312322,0.5809463463651632,0.31294675787218645,0.6077793168714924,0.5117435872320368,0.09631561771095683,0.5743736142638372,0.3759536031893741
Thal_MDl_L,0.43591708913469207,0.2998009737684393,0.6651320462946791,0.36664354575143915,0.2789579493235995,0.34431766829044075,0.1433740171446685,0.5579468692013213,-0.07648740307524053,0.5229878763622787,0.5579328091800081,-0.036562299105600785,0.42246901845337315,0.11864920661113003,-0.020265074759313207,0.31343349832935125,1.0,-0.23533423292420308,0.3702739418322659,0.030448993267516995,0.28376123065346515,0.09272557134482991,0.29694303404544187,0.3099492394002747,0.3979028100369275,0.5685334730812867,0.2983643110747078,0.6326010184530934,0.7917765000722583,-0.2615769599536845,0.39004653959122854,0.5419405082752141,0.5587795444602024,0.40847208154732817,0.3981619062486772,0.41391945813063563,0.4023577318137376,0.526481702671779,0.13559729942868604,-0.37997893304119135,0.45134021576399597,0.7133698136948007,0.40107868918790857,0.5697630348085364,0.045559082203754125,0.18670314426676332,0.09450413509806671,0.21846617811117955,0.7653338413845917,0.22845494260280438,0.02834234948257362,0.6446544458849967,0.06955591893334295,0.11178851684629186,0.34714561042410674,0.6888960107680643,0.1551140704912573,-0.12328332075921915,0.501539806348118,0.40051924827094626,0.10592786544636046,-0.23285652635191606,-0.038013729234037216,0.3361057400970082,0.585872608035757,0.6049563740727163,0.45326448228251515,-0.15022702262591273,0.5216618786103929,0.08478349471319607,0.8350154157664516,0.8673314800266305,0.4083735867187835,-0.050980189371643704,0.5314749938351577,0.6118053647589958,0.32257974104136733,0.34153515681156155,0.1200845706923859,-0.12620545852158727,-0.22340545580216972,0.7939724900152264,0.45827387779177126,0.4162649329446984,0.3539862586377111,-0.016577427800671275,0.5303437298445046,-0.4494911729641108,0.3604853843283533,0.32366924318731943,0.31518368469860925,0.33905710553077517,-0.26721255456043996,0.7161477496016485,-0.04756322892647856,0.4225507389432194,0.12921961008860505,0.3034709813779149,0.43468368783472805,0.6632783672438636
Amygdala_R,-0.340893504670773,0.10943401975637555,-0.3359552513130938,-0.344585983301968,-0.1191592005982628,-0.12997228874453978,-0.0369560385575378,0.09218935287814152,0.4503957856378053,-0.01824229663171583,-0.29750715028465496,0.1461231108965238,-0.4215336789034984,-0.05794178637197948,0.42647658481877504,-0.25248168916653874,-0.23533423292420308,1.0,-0.15799073581381667,0.1286223103944098,0.004619458340641831,0.04800524078377386,0.388282648997847,-0.09865882402580435,0.09210274469060067,-0.11963335561587764,-0.004638792162711129,-0.13718181658365372,-0.17574814644704914,0.5169178842954185,0.023810459771651526,-0.07955210648180792,-0.12366706370161733,-0.10447782032781808,-0.10574383033393896,0.032680767560961485,-0.05683698799667252,0.16736595607450003,5.7800455214297025e-05,0.5371361341034621,-0.36504562997914625,-0.11233077100757233,-0.5151708567186234,-0.2844505868952665,0.46299204616175027,-0.18732240141998327,-0.2100644271543387,0.0035439472727843264,-0.02894634581786334,0.10208048318528183,0.09148041173333453,0.0941407153847859,0.17136792394118439,0.4013014848047235,0.13532425856255806,0.023823767881213907,0.368738150786081,0.42319361650831727,-0.0703566691041909,-0.5739676176082777,0.039508732192586625,0.5028817371614946,0.4397799091234527,0.2723057068839103,-0.09744722558052073,-0.43449731675902686,0.13511497397790784,0.5122163711728474,-0.11384385622189987,0.5217847858860187,-0.03971145302915504,-0.016712826597933956,-0.035415848092215305,0.23204896356707236,-0.3078406529271853,0.05757491231994523,0.11925653463047876,-0.12332048265803124,0.039460670538515534,-0.30027453138334426,0.3247808440846979,-0.04882498376164234,-0.003865562714778037,-0.05323605062830545,-0.2744576296533706,0.48220825490295594,-0.430862756551033,0.5157589454188949,0.08667993805805974,-0.22423748865139131,-0.22760260544603786,0.06190133528978627,0.5005536493615015,-0.293811613688199,0.3976049488692616,-0.36445330034724277,-0.03889020618278467,-0.1319279477680098,0.03073849793252031,0.012154296979044752
Thal_PuL_L,0.10521701997179952,0.18333990260306887,0.5941161705575285,0.44211579297957077,0.23845457426247504,0.18733603471585425,0.2834949905173187,0.3284611796489303,0.024695616053335128,0.35320800759622567,0.4100126116349371,0.02540927212809594,0.42125828880564675,0.3081761955647501,-0.0854666247614945,0.27388925705899086,0.3702739418322659,-0.15799073581381667,1.0,0.2022886946663777,0.10155097762511198,0.21394243240046298,0.12309530233474307,-0.07335016419390133,0.15836604276229369,0.4282451488374562,0.3057768847668845,0.4268268937687878,0.5089418806255697,-0.21903146977979956,0.16811505424434403,0.5113191369010336,0.40595072949330374,0.28379178899064444,0.4310161402434722,0.219515450233217,0.24289926089299785,0.3393735538786165,0.26381858207270403,-0.18971061139295564,0.3472344408723747,0.45620382585127267,0.3921407577840027,0.5743318365993414,0.11342130342846775,0.21631745164495964,0.030787254336084074,0.3338582425130568,0.4369726127807416,-0.0978882578604214,0.01617890362179704,0.5037255511469931,0.14671228078309848,0.04461689681153034,0.14434028043401245,0.527753142159742,0.03803024898922387,0.007142616352367506,0.427665847878696,0.3978489754764785,0.21392225149002259,-0.18469501891443446,0.016597581445460523,0.06924706207399685,0.20009782411635765,0.48567953366369715,0.39996261485453194,-0.17483658253907686,0.3882173295594663,0.04536496897044323,0.5015599407924409,0.4341748187574188,0.19240333313989044,0.04478565145018773,0.3368499597975848,0.31016485631550006,0.17633930525705993,0.2734819220835858,0.18708330811644122,0.20585844996485442,-0.2562133986236486,0.3506683361581524,0.34948200816104463,0.4113091364537239,0.11884663853812208,-0.07383433116492498,0.4339393634751102,-0.1776522422714478,0.2893273851983751,0.3445208074725285,0.11454112405105606,0.3963084594893834,-0.25143639373558613,0.5283608747636274,0.03521844182934596,0.3902397780065708,0.35679981147021855,0.3495595341772323,0.23500861430363876,0.3470201749947456
