,OFCpost_L,ACC_pre_R,Temporal_Inf_L,Thal_VPL_R,ACC_sub_R,Supp_Motor_Area_L,Temporal_Pole_Mid_L,Frontal_Inf_Tri_L,Cuneus_L,Thal_PuI_R,OFCant_L,OFCpost_R,Thal_IL_L,Pallidum_R,Temporal_Sup_L,Precuneus_L,Cingulate_Post_R,Angular_R,Cerebellum_3_R,Insula_L,Thal_MDl_L,Frontal_Inf_Orb_2_L,ACC_sup_L,Thal_PuI_L,VTA_R,Thal_IL_R,SN_pr_R,Thal_MGN_R,Fusiform_L,Cerebellum_3_L,Lingual_L,Caudate_R,Cingulate_Mid_L,Thal_MDm_R,Cerebellum_6_L,Paracentral_Lobule_R,Angular_L,Calcarine_R,Thal_LP_R,Hippocampus_R,Temporal_Inf_R,Cerebellum_7b_L,Putamen_R,SN_pc_L,ACC_pre_L,Temporal_Sup_R,Vermis_1_2,Frontal_Mid_2_L,Precentral_L,SupraMarginal_L,Cerebellum_6_R,Vermis_3,Vermis_4_5,OFCant_R,Rolandic_Oper_R,Cerebellum_10_R,Occipital_Mid_L,Precuneus_R,LC_R,Cerebellum_8_L,Thal_MDl_R,Heschl_R,Thal_PuA_R,Calcarine_L,Fusiform_R,Paracentral_Lobule_L,Caudate_L,Postcentral_L,Occipital_Mid_R,Hippocampus_L,VTA_L,OFCmed_L,Cerebellum_9_R,SN_pc_R,Postcentral_R,Frontal_Sup_2_R,N_Acc_L,Parietal_Sup_L,Temporal_Mid_R,Putamen_L,Amygdala_R,Frontal_Med_Orb_L,Amygdala_L,Temporal_Pole_Sup_R,Parietal_Inf_L,Cerebellum_8_R,Frontal_Sup_Medial_R,OFClat_R,Vermis_7,Olfactory_L,Temporal_Pole_Mid_R,Rectus_L,Cerebellum_4_5_R,Thal_VA_L,Thal_MDm_L,Cingulate_Mid_R,Frontal_Inf_Tri_R,Precentral_R,Thal_AV_R,ParaHippocampal_R,Occipital_Inf_R,Insula_R,OFCmed_R,Pallidum_L,Rolandic_Oper_L
OFCpost_L,1.0,0.4464931152594083,-0.6241009435815554,0.01979781714990092,0.4687731737360594,-0.06180343075234169,0.46781408369397165,-0.09151712221849473,-0.11997949375690177,-0.08431386915725768,0.5868313877402782,0.2663522711392862,0.0475567502527345,0.1709578445905774,-0.18488941037509812,-0.043723476703285434,-0.07388881714439588,0.08500215083095629,0.34921195077150413,-0.44402944739851646,0.3034709813779149,0.09705871693528788,-0.22454852438230563,-0.3013026140592878,0.29593273262396685,0.11502546509663121,0.05569183479485092,-0.05035967091658552,-0.4875250400886473,0.08112663487472078,-0.349536819962034,-0.10674331279712164,-0.06313472387467498,0.20974344927083205,-0.5768130823168568,-0.2464775871439717,-0.3806251112823339,-0.2241690878882227,0.0815741342179643,0.5420545312092712,-0.18630159596304346,-0.15013115792127568,0.5821399334736341,0.45866321265503895,0.43020811424078204,0.2770067416105092,0.09631561771095683,0.22002261230141723,0.14344569496405962,-0.2048209143073035,-0.4422778954960352,0.03744579864884977,-0.2438520857991854,0.4335802395127102,0.08755365012587385,-0.12096345376794461,-0.1083600476838862,-0.2248811012091169,-0.102734889232616,0.06427678485004695,-0.06785725140982236,0.35149459400138644,-0.011373372430429744,-0.3556921878024321,-0.09664909391256493,-0.08412853225615304,0.461720848914981,0.08240865838440678,0.03922127202498582,0.11178318933330064,0.14745578587984104,0.6065127941080423,-0.08366053279545406,0.26613118886285153,-0.14950511588266516,-0.2073012010312088,0.10787649693591232,-0.07699552455960994,-0.11687024654941554,0.34495337651967006,-0.1319279477680098,0.6086269704679712,0.08689425738359256,-0.28769912048293933,-0.03608780222263854,-0.6603132016648405,0.11587834563537296,0.23143888708811003,0.2973774890105189,0.27470253833939995,-0.13040394393154842,0.5476608619427702,0.3533783393751569,0.24730648045989154,0.11121958688101435,-0.13664397927840038,0.3716933573180672,-0.21961535074974342,0.38910899014381994,0.40401633516179014,-0.023129110950872684,-0.029159020485325576,0.6139094410456901,0.15304819782014942,0.12762839914294508
ACC_pre_R,0.4464931152594083,1.0,-0.48198309035936904,0.06095244555024813,0.3319154594038751,0.049821465880543196,0.21915464794695252,0.2410580963480739,0.020452640320744266,-0.06236046641693103,0.7810747492039728,0.02633379046474995,0.3146846683537015,0.1853184651029993,0.1896809510661562,0.11254498087773916,-0.03641759542352941,0.03296082179130128,0.08873835813344329,-0.10538118203572869,0.2789579493235995,0.4853278187273441,0.06612929976105907,-0.0645080509802478,0.0824608186590918,0.14739242851374948,-0.1832438349977967,0.08641665271343049,-0.1737370570113192,0.19597458997448738,-0.1964171025051614,-0.04387748983210309,-0.016250638771038276,0.16841705202924304,-0.41025404134215265,-0.09787113519567223,-0.14700491768601667,-0.17180106717173244,0.16096594184766314,0.38223732889802453,-0.4133563366289519,0.12777110903924224,0.5147184966393538,0.3278516675552901,0.7372725625150046,0.07132069380265096,0.12624657924143282,0.3989471350982011,0.3871276975871766,0.08437953569216552,-0.3305074470221547,0.09865165318632987,-0.04871797706487278,0.5410718152043074,-0.020867406530271276,-0.10277405580381237,0.3057827478763148,-0.10170148634843335,-0.18548068974043538,0.054003350312192375,0.23968046929370146,0.25926984564204947,-0.16891534155416174,-0.28833514900995927,-0.023361756204336472,0.05292893081393449,0.4484839619749518,0.29971362183154476,0.018074108151086555,0.25212679936167515,-0.028072375701620696,0.799764144446307,-0.15600883232843388,0.20525816538376887,-0.2366207042237498,-0.014636273475045813,0.20463523994017474,0.14702064654758595,-0.34281514725335144,0.4610004081697232,-0.1191592005982628,0.8299788150486702,0.25693085483313166,-0.4622742015859082,0.2552568429690193,-0.45541925219040696,0.3825589575720119,0.5420224240866605,0.0013099335139013766,0.32821685865562844,-0.2569994899848099,0.7150236795321863,0.37952464778542716,0.2349171656829963,0.03888171220165736,-0.10313546683845916,0.1998514869837199,-0.2853778879180894,0.2006785378655251,0.34253257227983,-0.26964385953098136,-0.056716725712095795,0.7493426510509845,0.37836931233826904,0.47218196772683385
Temporal_Inf_L,-0.6241009435815554,-0.48198309035936904,1.0,-0.016237875676967883,-0.1793776983727858,0.1783281200947119,-0.17424025284784112,0.23615232210855547,0.26686750599223125,0.1362022046175837,-0.4625034857281389,0.16634380099949236,-0.06339505739825527,-0.023056196102364614,0.4216147951793415,0.18348358598911899,0.18161170746265637,-0.15200003285806177,-0.29278373466749585,0.6942204652945916,-0.36821076506645706,-0.017802794218701574,0.21495666845639824,0.32879495474369597,-0.2819005344238858,-0.13013307578056635,0.14762119376751215,0.1284429749502045,0.75076913010394,-0.07129708070060992,0.5659221367730641,0.17540673940347057,0.30252308962855,-0.18820798492992646,0.8817241411248191,0.3417984632962357,0.6173101289645628,0.3705905712135271,-0.1516850873014729,-0.5685417117695004,0.5901866565506589,0.3357045982672592,-0.6270513357223982,-0.4392262496423434,-0.43453256073928825,-0.34669003496177625,0.04497914859033684,-0.15278296984965012,-0.05086746462171277,0.454695778462467,0.667776018357208,0.0533936656229036,0.39775192321841146,-0.10447705731006149,-0.06801918352253329,0.1890231623443609,0.42690971436750286,0.3387245848741082,0.28334773880610936,0.2294297915595519,-0.11666563905613943,-0.39400370928476647,0.14737352263736958,0.6653884828827634,0.12384246135379226,0.2535413765324928,-0.5308441140324873,0.041580839759772704,0.08320594741026834,-0.02502346049714049,-0.2361565824961963,-0.4357496668427526,0.37271299101842076,-0.20145842872101594,0.22629778504852455,0.31370578957453404,0.16370465851171118,0.21856443761200411,0.28436590800652417,-0.29843124694507045,0.39328772154979325,-0.5396530898904542,-0.28786925072276265,0.6671246781222006,0.18841635893756328,0.9025522980523221,-0.03007556424147364,-0.21530703381177357,-0.10693491784199739,-0.0779231408442201,0.42917451760840614,-0.2707186358880508,-0.4049373435752675,-0.23540767080905226,0.03887326936034148,0.3688402543333309,-0.41201696985589104,0.3256076703840372,-0.2750166923680852,-0.35721800222852323,0.5075100151039433,0.15139493700540196,-0.3912164687814826,-0.09053533756583924,0.127952631011132
Thal_VPL_R,0.01979781714990092,0.06095244555024813,-0.016237875676967883,1.0,-0.07146836914454902,0.7178866732988862,0.02283443682057821,0.6713570334451399,0.3012126367384962,0.5906994301423317,-0.02219724186812703,-0.07461189622783947,0.6522993842112617,0.5186995835925488,0.4661578540589466,0.7158797243891428,0.7155808518270063,0.42822111053599965,0.49055213769536804,0.4482462759616496,0.7049480032938716,0.22402818516480816,0.6592598005197967,0.4423419577192361,0.24969131631491592,0.6887500076600022,0.03256056531509255,0.374467789468758,0.3424070608313856,0.6980166023102831,0.35247322765962635,0.6431881580896801,0.5668375435893841,0.6208616671122484,0.11828330175637339,0.6649161062402257,0.3336308730737308,0.46909000337850576,0.693725280167963,0.5724215393419547,-0.0940842374314306,0.35644650724309634,0.5363788052212934,0.4011765009652815,0.32819833768772305,0.3860971953418422,0.5128595665891446,0.7085049875272879,0.7171465123911317,0.5292939109496657,0.3480632788519244,0.7230953580144083,0.6125977765102883,-0.017350756821535647,0.41639302878377665,0.34486254187387333,0.1038348983499472,0.7001365257148334,0.3954100244527635,0.5486005559135262,0.4503440870539601,0.21770612083903704,0.685365037263852,0.46660048210011584,0.5172697620372405,0.6099674893580651,0.4919411230316793,0.7141811549305773,0.13605025435605198,0.6640940886762773,0.27470943129078146,-0.012283680945053973,0.25289556076563907,0.2403782055382931,0.6360554640483416,0.6296860122860136,-0.11313914178067526,0.6660063197260024,0.1458908171141021,0.6652926843500074,-0.14685728901182218,0.004711179864353321,0.2746876715956819,0.13334847215204773,0.5887109734798731,0.08996183476311717,0.627420631541352,0.027497148351181035,0.06141331234126313,-0.06990721120926206,0.19338689052318123,-0.03768324536884168,0.6722732155999847,0.7041097467715398,0.6253593692057494,0.5358011854734714,0.6624921567926917,0.6840098421529859,0.2848808920800428,0.4771826629175889,-0.020588808011107216,0.4881671928350196,-0.03502192922155971,0.4517070215810569,0.4278418682628902
ACC_sub_R,0.4687731737360594,0.3319154594038751,-0.1793776983727858,-0.07146836914454902,1.0,-0.16281473696908633,0.3498574346336659,-0.13549854298180425,-0.06097367892886499,-0.11388544601148737,0.43335187215883886,0.35308725846865896,-0.0969898874548419,-0.004370459278332923,-0.15980035615856975,-0.1270540368170935,-0.19202105639971265,-0.028155061438432747,0.09470466380758984,-0.21622489065172254,0.0037693936313718686,0.04712052109666243,-0.14506556926074113,-0.2220775240549587,0.06701907349328033,-0.13825573294021962,0.08638821626178012,-0.16761598023287191,-0.20956158296191327,-0.11607096176593572,-0.13062073044677922,-0.15576468851663772,-0.07995242711814309,-0.06854657344977935,-0.20454561669268845,-0.21004145883395892,-0.14860422802759346,-0.1101715632529664,-0.08465102184290166,0.09450150767091274,-0.021876005646001576,-0.08137356599869976,0.16307865397072502,0.07133983009868779,0.29400314409594747,0.06852267020058297,-0.0597385573783308,0.01690045286159205,-0.04660341615468063,-0.1336079870761367,-0.2080787355943857,-0.10132003687709763,-0.1805253632226026,0.5454803385380581,0.09840795274281829,-0.2591775281216927,0.10475272005580868,-0.2180494414262798,-0.12361233537029204,0.0984750835166004,-0.0635992733646283,0.13308388506476365,-0.11332359605181284,-0.18633253631839886,-0.1545943583282761,-0.1524904245024439,0.07770421902338842,-0.07693678903132083,0.12594801850553417,-0.09926705679226332,-0.04932174091186302,0.5191573076881719,0.06667503860393718,0.026863787969172555,-0.19801117364124762,-0.14991076718080462,0.5302464022164037,-0.11489451351599415,-0.08289067487275895,0.05867440138821531,0.10020574788854665,0.4131944238507603,-0.07957094710745706,0.10775166854947604,-0.07747849771561388,-0.2300204708933398,0.022705251457433757,0.2523004869770703,0.12073382084188117,0.5592989074469238,0.06148078516979687,0.5793040046336929,-0.001805165455426185,-0.027363658288996652,-0.1084878166572322,-0.10255041772895429,0.014254765198216803,-0.2617710699782817,0.09198812565778938,0.1639692302788381,0.20987090506466033,0.046987828013563326,0.5895018383823907,-0.050186687041787595,0.059366865502307395
Supp_Motor_Area_L,-0.06180343075234169,0.049821465880543196,0.1783281200947119,0.7178866732988862,-0.16281473696908633,1.0,0.04149660708520617,0.8176588266517217,0.3724532927662858,0.7798169789775102,-0.0857273451234502,-0.11370122716868987,0.7455106310094916,0.5054946573629561,0.6416074655599532,0.9509397464408228,0.8649946889282664,0.5005737857325797,0.4957423746547477,0.6170042273633629,0.48696826747698047,0.34351532940792123,0.7359544121104196,0.7048515615543173,0.16852829106659414,0.5684150741553875,0.02673132024820517,0.5244021799129578,0.5708695874665676,0.8290618349587482,0.5283336266702794,0.6331212073240949,0.8339306325952286,0.3702856373073241,0.34286187300901333,0.9099210410287357,0.6013307430184086,0.6306475345342518,0.6120405881875993,0.5109472996973634,0.029976736632040066,0.4623466945974705,0.45595351200649753,0.32804212147510464,0.13248913030334472,0.3705742038534689,0.6654400736162963,0.8547824857473806,0.8680243462729433,0.7769918443700841,0.5450547338348788,0.8871011377508514,0.8944161541042948,-0.059645763671383446,0.42971710240959393,0.5090813441291591,0.28270360897763913,0.9323735078101124,0.44025883305469116,0.6001913919412485,0.3986411249583477,0.14369128273982262,0.6823155501592798,0.6607800627453738,0.6319881751212505,0.9242594839582405,0.5134125467028728,0.9035527461881944,0.2553691422379718,0.7342207054293982,0.1493835356387718,-0.07334673369719538,0.42928128206371513,0.18403088731750614,0.8306159963322914,0.8525848227707793,-0.09638039900154362,0.9213626700500722,0.2218119626892679,0.5764533970893532,-0.0745962736138866,-0.06609637848756088,0.1906966462290655,0.17949701349698788,0.8674422555734655,0.2813921941869941,0.8330603145737985,0.05048212554722694,0.2681949165701854,-0.06470728118370601,0.28474518900035733,-0.06816988880144044,0.6965097261816686,0.5479014752636445,0.5186112819034,0.8327220446668444,0.6257918696930311,0.8697132688690619,0.1888703352017073,0.5353969972152538,0.017297661579831623,0.5612777259718089,-0.1218151924221416,0.45743512489008337,0.6199784702893468
Temporal_Pole_Mid_L,0.46781408369397165,0.21915464794695252,-0.17424025284784112,0.02283443682057821,0.3498574346336659,0.04149660708520617,1.0,0.05927893107970554,-0.07749256135502308,0.04864710469733399,0.31989909751857,0.5029329567274108,-0.005378051440416978,0.25431615293540744,0.06865146153865573,0.12568286324872885,0.012888685363161794,0.08107416039907268,0.5052562459502572,-0.1025918224201932,-0.07180656049179462,0.3171959200700725,-0.07613919524524335,-0.19037317139658425,0.27765637209710475,-0.22763091793602347,0.45120265265028253,-0.03692898317253997,0.10310035100947779,0.05960558993082428,0.010959185220020876,0.02243306004626532,0.3373449162236595,-0.036578006986380314,-0.13201453507125477,0.002318571475506295,0.006729501537289522,-0.03112803356629934,-0.13019178197702636,0.2608999254595033,0.25199092120985894,0.00840040158328903,0.36544892968796844,0.3015134053804675,0.06648602451161746,0.14688496414237978,0.38687415811817055,0.18263454092834122,0.12005072289809507,0.10979458199518861,-0.008538691757302902,0.14784617512562567,0.0911139236357058,0.2319041983125415,0.13103431778093821,0.06769884589184315,0.035388097481511914,-0.027305024919737884,0.030845612470841763,0.10621185240352488,-0.22896322961231366,0.2288535466325873,-0.01883890440739719,-0.05573778293861809,0.100623512456029,0.07566060291810435,0.3686319923855806,0.15980062658256466,0.004355374000639982,0.2077792433828368,0.110825610515009,0.3622045221597862,0.22879886609131822,0.15903210567741766,0.016302136157995115,0.07437992287485466,0.08406548684400961,0.16430342225264524,-0.06565622451016168,0.24382929214248458,-0.08619801777265841,0.32627048182218554,-0.27067850807646987,0.28069967816409336,0.13947408107391526,-0.24840064955665422,0.22551577564653677,0.2821365559224133,0.2938509065925803,0.15238980866484755,0.390499262643415,0.3077577209432005,0.2761411759739139,-0.16198354001933926,-0.03882262753246444,0.2856167766437793,0.22279591535597942,-0.01914559900291436,0.34250113962860707,0.5557443333229368,-0.0005634664794108437,0.08698253509218172,0.3308840377485549,0.07501186915561092,0.30373242340368034
Frontal_Inf_Tri_L,-0.09151712221849473,0.2410580963480739,0.23615232210855547,0.6713570334451399,-0.13549854298180425,0.8176588266517217,0.05927893107970554,1.0,0.37643439462798944,0.5584390294797716,0.1417256616037809,0.007762283605448179,0.7021867904313552,0.6402929058256573,0.8417474844439391,0.8347108645169706,0.7381697989261223,0.2229522702220093,0.33846600455771075,0.7591955775585364,0.501539806348118,0.5649168120711898,0.786110974003319,0.5726974728973578,0.2029600647999398,0.6145782360049573,0.05990087735431289,0.45611519134402057,0.6084702008779002,0.715264346469633,0.5027051570270307,0.7285155820066821,0.6675509084705519,0.5251712045432088,0.33145085420241677,0.6935207791705128,0.5743925839141356,0.44771276646693375,0.603222179338279,0.5066246861450484,-0.09548182009129644,0.5490047435060234,0.4487823825288515,0.37325031598964137,0.3718791653098923,0.04955968486703033,0.5738041715730455,0.7676488811656432,0.8706555001074859,0.8519402070687216,0.4444196852378562,0.7459205614979336,0.7346349067898411,0.17088076836228872,0.14545634631685594,0.3276868089757695,0.471713683044759,0.7555891271037444,0.39587172075127885,0.5998627153719371,0.39672279132730975,0.008288426748778492,0.538588589767877,0.5643633925981173,0.4662944204910618,0.8268654793176278,0.453526631205032,0.8750145073286509,0.0335376808658194,0.7655951132207298,0.16123056323183865,0.16838703090501553,0.2614577059920802,0.31351853483344655,0.508432835929195,0.7162975092606079,-0.028040369993170153,0.8236065977559016,-0.10491099813306703,0.6602076060437927,-0.0703566691041909,0.16957413205224547,0.2761538742344023,0.15276670497447675,0.8414898840356346,0.2300130563624928,0.7518254282157681,0.1812582372625191,0.1004778960975438,0.0037633174854426266,0.14888997687820985,0.17361775688734107,0.625338151008489,0.5564775066602767,0.6352524986492013,0.6486001554242418,0.4101934806254877,0.6496077942076705,0.29220522060838555,0.4077288045562492,0.015715049407941502,0.3442372554091648,0.11778498497502018,0.6188800363991979,0.7856929606066428
Cuneus_L,-0.11997949375690177,0.020452640320744266,0.26686750599223125,0.3012126367384962,-0.06097367892886499,0.3724532927662858,-0.07749256135502308,0.37643439462798944,1.0,0.1698906527781869,0.12795605269377158,0.03469549670138803,0.10378339475292603,0.12583868701312517,0.28332087196566175,0.4820249548862354,0.5042090189139538,0.6334621168555805,0.10329433194516868,0.46215666458016746,0.08478349471319607,0.03581008062556211,0.17776539171177833,0.2847419707147663,-0.4288278526332052,0.3026692155710605,-0.25550715343300423,-0.08406649039670912,0.30783369453160186,0.34772807389282184,0.8073048920796461,0.03782799317827605,0.35023863355882334,0.04701441416277804,0.5690347229941733,0.31584365534470177,0.7301027455075126,0.8012497218168244,0.3342384767069936,-0.050737404699179395,0.22566628980169523,0.5354566366904678,0.049088262685393305,-0.3394213054372485,0.09211634458091816,0.261585107312127,0.12742598151388038,0.3046804824736228,0.4255687887518317,0.5667051315304451,0.5017468369417983,0.3258136977740879,0.5090248090034922,0.11012947520487969,0.2865783811068524,0.08569672394656228,0.6770234483151418,0.37793543206142455,0.27355623049644817,0.1614762367647589,-0.10938952816694383,-0.09253206739211349,0.44336156184986164,0.6858358816833249,0.5041232957411278,0.3245340293498498,0.030147919723469727,0.4500475724499805,0.7465792244937896,0.02036667577750097,-0.32865590379589027,0.07352890466209935,0.5703569821604781,-0.4244369570315001,0.28270609907221744,0.23958321113901085,-0.029931565962000865,0.48240022320979514,0.5358228904886994,0.1694111979084192,0.5217847858860187,0.04854175249777843,-0.11023106441507736,0.03285999800901968,0.5747325374939015,0.18106419891053893,0.2739024129115749,0.1242696172732465,-0.06445901190439123,-0.22684901252129736,0.11797744334188819,0.0824280472098536,0.16466522328303443,0.29742617862742315,0.1971651757394101,0.3281032416222012,0.17099793001708385,0.2994703787418923,-0.4176906321834487,-0.022654775559267436,0.18083998056117034,0.5201428908025747,0.08411371605779665,-0.18731827257008657,0.3515293554538912
Thal_PuI_R,-0.08431386915725768,-0.06236046641693103,0.1362022046175837,0.5906994301423317,-0.11388544601148737,0.7798169789775102,0.04864710469733399,0.5584390294797716,0.1698906527781869,1.0,-0.17644606614636613,-0.2274759955355978,0.6600989731517328,0.3504974466493015,0.3993756084813963,0.7367625151927764,0.629750818069305,0.42835133825770394,0.33336704287836394,0.38546275449182066,0.34431766829044075,0.24434170226040877,0.6512424117709887,0.6797456626569595,0.20162992345321534,0.33609025573868595,0.06710914764565544,0.5727290006261012,0.4611873825851959,0.6677870527713033,0.3462520811830769,0.4472584993242265,0.6302410884369236,0.1491121133705819,0.2557598238032576,0.7760302957957365,0.44217987467704684,0.48962725806879764,0.43803166265238913,0.40483975413820483,0.015587263319258644,0.2935708537165304,0.367370230955903,0.22518808489656655,0.010660011357478462,0.41284099311518724,0.4982585721211322,0.6363637628667421,0.6140321255677879,0.5290058656712507,0.4151691318697653,0.68796343046798,0.7478074368679658,-0.11192343883652633,0.4797854589718942,0.45848611918038723,0.10022994562994585,0.789193591563764,0.3801888172057531,0.44200020009944835,0.5209057570402928,0.22339854225944275,0.44053221990594843,0.45335570681514126,0.5681795099753265,0.7482535123387292,0.3380282529546554,0.6527289629003975,0.19571198808092907,0.5533538369106858,0.209947720546758,-0.166326726477187,0.35209844949123426,0.16705260241358183,0.7744462773594354,0.7271062062543485,0.010873266409613943,0.7189725999970314,0.23005329027924246,0.34140678003741787,-0.12997228874453978,-0.17141514010766484,0.21611820263266554,0.2143476060892,0.6418769922470225,0.24300064532108334,0.6443601827141421,0.03055715929006513,0.25900438001903453,0.0940758113227122,0.3043250375893975,-0.12147687554394067,0.5610278476353188,0.3341096116086739,0.2325407737934267,0.6530132560967264,0.4768528560361758,0.7115016540119629,0.09940996629405767,0.5055558027225927,0.01875762122474748,0.500584707163275,-0.19037703208313847,0.36616441322041793,0.4132157523297088
OFCant_L,0.5868313877402782,0.7810747492039728,-0.4625034857281389,-0.02219724186812703,0.43335187215883886,-0.0857273451234502,0.31989909751857,0.1417256616037809,0.12795605269377158,-0.17644606614636613,1.0,0.2353593279982896,0.10763291876269089,0.06172965385028418,0.09407973398006797,0.008515692143700505,-0.1344477506751677,0.07284656406777919,0.12313238679965084,-0.21979394376354855,0.13559729942868604,0.289446931352044,-0.17162805667180278,-0.15125628560081786,0.019162814041248855,0.06487024153628422,-0.1761962226650907,-0.08204376653906206,-0.25792760530910064,0.11549007579930459,-0.1411229238696817,-0.21910284362316204,-0.08057851961001763,0.043546625305181934,-0.39202561146891585,-0.26113977536764515,-0.1574419855319839,-0.16143123070828022,0.05398223801333968,0.34522621121582037,-0.3202131135046933,0.2055570302431982,0.4319368387462857,0.2334471538340736,0.6450999706556858,0.06043985275343079,0.09634440687768962,0.2635290165405319,0.3246456740747611,0.02167874931641805,-0.4129700880701949,0.016029647504181958,-0.16684112544602375,0.7469860918272582,-0.10009682566967738,-0.3179651573289856,0.4117744378956086,-0.2658155321515129,-0.2188871202435002,0.029975634104455976,-0.01669689829790331,0.12907123111418134,-0.16923976720959388,-0.32263933770349246,-0.13059554479538626,-0.022166821346085264,0.3710856338292008,0.2292205905279338,0.11691753292038559,0.06343923245221475,-0.1604995319296885,0.9350723535447185,-0.05681931115387761,0.09878286131219054,-0.37471066274037074,-0.24153320612421572,0.2520306373943899,0.05283261179958456,-0.3053593123139919,0.3375537139091227,5.7800455214297025e-05,0.9516434975464977,0.22996415868169728,-0.4148080941721687,0.1902047049207778,-0.5477980235229138,0.20198495157760263,0.5029165824421387,-0.005978912656098468,0.3806526910278893,-0.3739876092567543,0.8738290990752974,0.2657805943441336,0.11275287240114044,-0.025239152812261214,-0.17804587682074594,0.07211593337591916,-0.4039597070308196,0.16843805935631262,0.26138346131634854,-0.13624917624127367,-0.12570297119591814,0.9311213326388516,0.21892512939049305,0.3835148485629459
OFCpost_R,0.2663522711392862,0.02633379046474995,0.16634380099949236,-0.07461189622783947,0.35308725846865896,-0.11370122716868987,0.5029329567274108,0.007762283605448179,0.03469549670138803,-0.2274759955355978,0.2353593279982896,1.0,-0.2504113796489579,0.18858275564100802,0.098631180476134,-0.04508270112309894,-0.05873387883579366,-0.1336496989696015,0.18936907931038616,0.09807096215662439,-0.2079924952547465,0.12636187371754778,-0.13439272627864227,-0.3500515756801665,-0.006123016777777815,-0.18709075513353257,0.35597100779967783,-0.1132060744931028,0.09818930913694597,-0.18702191171313248,0.07684064757583754,0.0641412802408811,0.12921159528512421,0.03394262080602201,0.07478214400739272,-0.13054833599824403,0.06415915592147484,-0.04726373861615735,-0.27194024419943585,-0.023083804757803448,0.437625521555387,0.12931214751139744,0.006532030064328527,0.051833889029800066,-0.007722068732911986,-0.11353265634491475,0.08827782754288174,-0.08766711614236762,-0.04624963848849617,0.07211642703107167,-0.0003159253954023939,-0.0538682353004454,-0.07642976783602563,0.41070717699941783,-0.0736706067283035,-0.1292650538717024,0.21010910846613637,-0.1318607545134165,0.11406299219356726,0.16485568263288092,-0.4297395177476783,-0.037068679267851644,-0.019182295659441122,0.07940029257012159,-0.14961512650378841,-0.07029844159788685,0.01991297072350944,-0.02499591239571354,0.036873016379116705,-0.012333230048126564,-0.008449592122038852,0.2994633112760688,0.16171147353664553,0.04509333662976313,-0.15228216563510888,-0.07515100588827046,0.22773776340136442,-0.02506947075337814,-0.008932513211902377,0.02574270610248977,0.16112338577348995,0.19263717030126634,-0.4246437563767126,0.33406629511603136,-0.03037951367056433,0.03113147435338246,-0.05957360264529431,0.15924426281115311,0.1675816058788685,0.021619368008927,0.2917932186224381,0.3335857941341969,-0.12067705968187263,-0.1500309085935749,0.10127660910331511,0.08607282594612255,-0.052658362463717856,-0.08555104352330496,0.2136467752063525,0.09029529375322727,0.4333912076031363,-0.014868625934870866,0.324409939461788,-0.010764533513576816,0.10577659372922797
Thal_IL_L,0.0475567502527345,0.3146846683537015,-0.06339505739825527,0.6522993842112617,-0.0969898874548419,0.7455106310094916,-0.005378051440416978,0.7021867904313552,0.10378339475292603,0.6600989731517328,0.10763291876269089,-0.2504113796489579,1.0,0.4308681581522881,0.5699511099291411,0.7156626463449237,0.5729167246148528,0.3508568912219762,0.3121100896157632,0.3666920634375645,0.5314749938351577,0.40529447578643113,0.6448213266514762,0.6113800532167472,0.3598432098888934,0.5267266909884245,-0.09617521989835116,0.5893188131332627,0.3687045198962082,0.7157081838974101,0.1468719967470796,0.5191566773602969,0.533881521805343,0.3882925174138308,0.03349751593761087,0.6699749940340063,0.2987108389763728,0.28905985283807245,0.532425165875912,0.5802622427514726,-0.28542461817926473,0.26721308083375234,0.5732115553299962,0.5244935808548044,0.37673052805325163,0.323753758630187,0.46111735371141666,0.7603345631922221,0.7562801303075658,0.5331068106110679,0.25713094220414906,0.6728713041971724,0.612743641615796,0.06733214181860699,0.298822145907164,0.4257386067081777,0.20166847319289188,0.698449479127587,0.22473147584967082,0.520513550863732,0.6501307379425896,0.27967499196079804,0.3743911379552057,0.29500852515427806,0.4811349998898305,0.7019796852198827,0.5359757211205481,0.7448204132629892,0.0662447968111556,0.7551810731679686,0.2177016190867454,0.12642423613378873,0.13063605373641843,0.4260361603702501,0.5889869148631851,0.6459712041798567,-0.016202949336343295,0.7052894452911748,-0.030565889999504377,0.6439509569336009,-0.3078406529271853,0.1585163001563951,0.3900258023621009,-0.038392265916250966,0.678199313918877,0.06393298550581807,0.720578762315582,0.1315593080078832,0.13721163390244653,0.08117344213107319,0.09671200228462842,0.1167508445450404,0.6856882044199334,0.5227300330662019,0.3591351613485115,0.499869878287046,0.5035224884850767,0.5698671577605994,0.33551875971751083,0.5731678819243364,-0.20385560917605466,0.33208434110835955,0.07330082421914459,0.6906461200081664,0.5705378831257866
Pallidum_R,0.1709578445905774,0.1853184651029993,-0.023056196102364614,0.5186995835925488,-0.004370459278332923,0.5054946573629561,0.25431615293540744,0.6402929058256573,0.12583868701312517,0.3504974466493015,0.06172965385028418,0.18858275564100802,0.4308681581522881,1.0,0.4999703220514538,0.5524889041344085,0.5629979775475367,0.13716779314366256,0.34850502664755967,0.4833963108038067,0.5419405082752141,0.5632670175003317,0.5893339893550562,0.18146880660469694,0.3220796397759901,0.5380659253465914,0.22802401665447974,0.2549709778341085,0.26425025061098106,0.4522472795993123,0.22156544481579282,0.6628966285237301,0.4846215135724698,0.6152731088123182,0.05653884570533824,0.43477725634035064,0.24214398112972135,0.2182755647772147,0.4721280763482575,0.5488808647133251,-0.04864596223954538,0.1796686109170826,0.6063053143343669,0.4847241722478398,0.3867283271622544,0.18688334573721455,0.32474142233885117,0.5514286405609504,0.5319300377675908,0.4845929103195784,0.2129763039770344,0.47217068623599534,0.4098339668615274,0.10780199259888251,0.2918142436089428,0.2891649692346142,0.10186499394844709,0.49189294063563593,0.3163808661282536,0.3695035051753109,0.20851649256151755,0.3236290297111532,0.4410639653898047,0.33883332673772537,0.30458953795469396,0.4538310494732886,0.4631640179628878,0.5454894484029293,-0.06707656360650514,0.6290343282200558,0.2806249425443628,0.15608422231833494,0.20199797626748311,0.392071778481765,0.38273631320553914,0.5291077082844275,-0.03754352359489909,0.48249283215035593,-0.059418581894625545,0.6915411032849526,-0.07955210648180792,0.11585000072871954,0.06310274446917775,0.16899198002777274,0.4667846495219172,-0.0014490802504276456,0.561630178288939,0.1751800764521004,0.21260880500881296,0.0734729132117194,0.2270363628839868,0.1471321568518507,0.5529495395200332,0.5763467229248274,0.6474311656986591,0.46290797918407656,0.5217950688797858,0.4467612191667992,0.49708527224891635,0.46685550863175995,0.07871115370410019,0.3930877035158124,0.09402713836681224,0.5630806467491121,0.5452111205430478
Temporal_Sup_L,-0.18488941037509812,0.1896809510661562,0.4216147951793415,0.4661578540589466,-0.15980035615856975,0.6416074655599532,0.06865146153865573,0.8417474844439391,0.28332087196566175,0.3993756084813963,0.09407973398006797,0.098631180476134,0.5699511099291411,0.4999703220514538,1.0,0.7084663485739803,0.5873378622894574,0.08251132314806871,0.11885202581496203,0.801248617174197,0.2983643110747078,0.5815928180754192,0.6561580527926962,0.47888420341000987,0.17308934357568792,0.43179545841657735,0.17485889034950547,0.3894627929841189,0.75082822489209,0.5183258230567008,0.42786326345645154,0.6411640800456241,0.6159407428603703,0.396103743432276,0.40591401180705033,0.6009684377580856,0.5975559491656934,0.3359391870535439,0.3918968339805476,0.23939696428958354,0.00869869790506835,0.4773017117763937,0.1773721633270582,0.3082065770271987,0.2546031464475142,-0.15420173117227604,0.5313851112304682,0.5939664640913825,0.6768096409454935,0.8373370596166394,0.4636125650654015,0.5828007692016178,0.6244873179863276,0.1447553987500758,0.0313034878611821,0.3071791112775892,0.5680315717699204,0.6538717314714385,0.46394033029429127,0.46172613563676534,0.2641608725539017,-0.1549861823846673,0.3856619904731204,0.531654461231061,0.2832766999332646,0.7071145295933714,0.30865441653774556,0.7235492751876066,-0.005835140770988581,0.7245943512005837,0.08477043514621531,0.13592168863254434,0.15962043964038838,0.2846544143781981,0.3847583393362683,0.6391587052388246,0.032794005506175054,0.7330030845696784,-0.1796871325157582,0.5548324914586135,-0.004638792162711129,0.12522881088847412,0.15003732393828442,0.2683700866217222,0.7406741396857127,0.43978829324197605,0.6074321246236586,0.11491000523715227,0.13522889227883905,0.00366051870247875,0.20570738883969883,0.15502988010635893,0.40026041689216374,0.3486382848947,0.5113431043667216,0.590668461041841,0.18221461148490348,0.5491173334277026,0.16505984943423405,0.24767399994739125,0.08408565456548382,0.17333758846373884,0.08877707124366153,0.6101852644862334,0.7563006180695636
Precuneus_L,-0.043723476703285434,0.11254498087773916,0.18348358598911899,0.7158797243891428,-0.1270540368170935,0.9509397464408228,0.12568286324872885,0.8347108645169706,0.4820249548862354,0.7367625151927764,0.008515692143700505,-0.04508270112309894,0.7156626463449237,0.5524889041344085,0.7084663485739803,1.0,0.9010292427169855,0.5855478492177877,0.48576817970562636,0.6501141345598389,0.47588611274021053,0.43293562830072324,0.7349308374328715,0.6626089682661472,0.13349882352651782,0.5580629721327669,0.054517218038987486,0.445614605703351,0.6216593370121302,0.8116445201158987,0.6034810957378273,0.6144931061709528,0.8827490214456958,0.35816050594713206,0.3873295814624324,0.9024357170203067,0.6943615331185241,0.6920471093114414,0.6288054110800071,0.48532392858477374,0.04947612534709059,0.489737549985156,0.4686694203175457,0.2914051335506831,0.171692647886649,0.39298895466231765,0.6789543841154673,0.8684119821613118,0.8854795032918238,0.851716978774535,0.5884614143313999,0.8716213907297987,0.9093899911772623,0.006351602436920913,0.4869215804111491,0.48722578277242884,0.40589898048783957,0.9360553545726691,0.4686835054126848,0.5652273637512332,0.33832700026187623,0.1547664930401213,0.6787071455951332,0.6894877262827962,0.6821547096795686,0.907233253208571,0.5461307221264755,0.9318754286084968,0.34175822854092003,0.7293667227538334,0.09555074301055508,0.009380097851558722,0.472977410487721,0.1254715096488617,0.8028191167614359,0.844610939475444,-0.0847494257828384,0.9691771710755013,0.24120361013646488,0.627431782315606,0.023990072723886376,0.00957548753809842,0.1525352711749329,0.18922709119615547,0.9360271339592483,0.2738639612221079,0.8525334001599626,0.11338618770252012,0.2773979944715724,-0.04570691591066185,0.3249609547848135,0.006501594577233952,0.710764118010205,0.5405526347360434,0.5141056402002252,0.8615799531123504,0.6333900340502026,0.8363110559759661,0.1391131966925436,0.5608079424345387,0.013440327267205893,0.6037400094698581,-0.03753779722481828,0.4461660957208764,0.7073482876949879
Cingulate_Post_R,-0.07388881714439588,-0.03641759542352941,0.18161170746265637,0.7155808518270063,-0.19202105639971265,0.8649946889282664,0.012888685363161794,0.7381697989261223,0.5042090189139538,0.629750818069305,-0.1344477506751677,-0.05873387883579366,0.5729167246148528,0.5629979775475367,0.5873378622894574,0.9010292427169855,1.0,0.563337625384919,0.44464381458154456,0.6296370129310229,0.5579468692013213,0.28778892123473987,0.7093715153141552,0.5811267844215522,0.08743800727972871,0.652115536991815,0.008183128895600968,0.32425388364271923,0.5481018069709561,0.7558484584662539,0.6233587397404413,0.6636537845425688,0.7896108562690771,0.47851754744050295,0.4120864279897478,0.853479129704416,0.6051615375492791,0.7312278500664388,0.727446395700905,0.4604115049898268,0.1022154773067917,0.42928144542755725,0.40421621304172434,0.22799476858224643,0.11852236754822082,0.4658484275034848,0.5750359311493414,0.7848319929315274,0.7720522695182305,0.724184286782272,0.6358758956502144,0.8210374665377667,0.8458903953794544,-0.14412230346875818,0.5281034782833837,0.5372741649687134,0.2721342893247708,0.9006650940698303,0.5248384687225524,0.5185849576394631,0.21670025234712295,0.1689401175237224,0.7522912757069731,0.7407925469170795,0.7326826698536943,0.7598586722066083,0.5084924657879226,0.8344388892843895,0.36132681524368354,0.651772987903781,0.16083241234546988,-0.1466377718861311,0.45682684277990127,0.03902725358124082,0.8205370417109162,0.815296648541903,-0.20289865968411566,0.8621056276942114,0.38295510978750136,0.5758313847119055,0.09218935287814152,-0.13474602408579905,0.1120931237013541,0.19028386947472326,0.7817555569811583,0.2807729765781042,0.7434424336702862,0.03722053725033584,0.24394047388690202,-0.21394297539599685,0.3401944035993543,-0.1469966436336131,0.6721217258062567,0.642503181447641,0.6596878979021876,0.7816014994885371,0.7005598431234422,0.8593774914257886,0.1378312094846851,0.44745003883643236,0.04877326645258165,0.6587602932595034,-0.1804908541742267,0.3255567483303794,0.5393081182315627
Angular_R,0.08500215083095629,0.03296082179130128,-0.15200003285806177,0.42822111053599965,-0.028155061438432747,0.5005737857325797,0.08107416039907268,0.2229522702220093,0.6334621168555805,0.42835133825770394,0.07284656406777919,-0.1336496989696015,0.3508568912219762,0.13716779314366256,0.08251132314806871,0.5855478492177877,0.563337625384919,1.0,0.38937869310623247,0.0876824032950862,0.24288502071817075,0.045847232064232524,0.1954527725233076,0.4101105053191742,-0.16981888495016037,0.2672569612098302,-0.25501633171809296,0.027736847216370174,0.11748119425528247,0.5457468218116843,0.5202756152702587,-0.0019329069111800633,0.511594247343553,-0.026510579182929275,0.18119792635031717,0.5255165287248396,0.4743668467635321,0.7447866810218021,0.41166661999292226,0.2619108029097059,0.0019508400723398833,0.2573744696244123,0.38726597640055715,-0.046053610470559496,0.014387965646811168,0.7541259413473618,0.2758253963468671,0.520438886390978,0.4852698975545108,0.3195169017156994,0.3461566856988966,0.4807114485142832,0.5515518121906589,-0.06690627987119031,0.6454305141252258,0.2539899324267923,0.2545890286881542,0.5160046208133096,0.18136046275469958,0.08954209639389958,0.09488075352536436,0.29620811362208666,0.46211034176061877,0.4298188535321666,0.6569999570048712,0.3965972778886087,0.41620127745631,0.5197415152315099,0.7887731920847922,0.18715698652026455,-0.15039407501709454,-0.015868120574938194,0.5357094289150736,-0.28532787041039215,0.6039027483117355,0.3970655213001417,-0.15672755452573403,0.5827520249444392,0.5926975447098969,0.36446338961552915,0.20469236212193298,0.008368230383792329,-0.003295984138498746,-0.09507116585970646,0.5642428229451223,-0.0758289190565058,0.47391760412207284,0.16521451596736839,0.17308898920701474,-0.1449430132659857,0.11194296033991671,-0.07516168257687146,0.47886491112812085,0.3490497532240512,0.08538805966645133,0.4707851767253152,0.5648675720211364,0.4693658662860283,-0.20739780125931784,0.42103122282131195,-0.08976626255384049,0.6725825364534423,-0.019382487630652413,-0.04212410940934993,0.24385904819000984
