,Vermis_9,Putamen_L,Lingual_L,Paracentral_Lobule_R,Temporal_Inf_R,ACC_sup_R,Thal_IL_L,Amygdala_R,Thal_PuL_L,Cerebellum_4_5_R,Temporal_Mid_L,VTA_L,Occipital_Inf_R,Rectus_R,Raphe_D,Red_N_R,Cerebellum_9_L,Cerebellum_8_L,Cerebellum_Crus2_L,LC_L,Vermis_3,VTA_R,Thal_IL_R,Occipital_Sup_R,SN_pc_R,ACC_pre_R,Thal_VA_R,Thal_MDl_R,Calcarine_R,Cerebellum_6_L,Frontal_Mid_2_L,Thal_VPL_R,Thal_LGN_L,Cuneus_R,Frontal_Inf_Orb_2_R,Thal_MDm_L,Postcentral_R,Insula_L,Vermis_4_5,Cerebellum_6_R,Thal_MGN_R,Rolandic_Oper_R,Frontal_Med_Orb_R,N_Acc_L,Precuneus_L,Temporal_Pole_Sup_R,Occipital_Sup_L,ParaHippocampal_R,ParaHippocampal_L,Vermis_10,Supp_Motor_Area_R,Heschl_L,Thal_VA_L,Caudate_R,Cerebellum_10_R,Parietal_Inf_R,Thal_PuI_R,Temporal_Sup_L,Rectus_L,Paracentral_Lobule_L,Angular_R,Thal_LP_R,Thal_MDm_R,Thal_PuI_L,Vermis_8,OFClat_L,Putamen_R,Frontal_Inf_Oper_R,Cerebellum_3_L,Cerebellum_Crus2_R,OFCmed_R,Fusiform_L,Precentral_L,N_Acc_R,Thal_PuM_L,Temporal_Inf_L,Temporal_Mid_R,Frontal_Sup_Medial_L,LC_R,Raphe_M,Angular_L,Frontal_Mid_2_R,Vermis_6,Vermis_1_2,Calcarine_L,Cingulate_Post_L,Temporal_Pole_Mid_L,OFCant_R,OFCpost_R,Insula_R,Hippocampus_R,Frontal_Inf_Tri_R,Red_N_L,Frontal_Med_Orb_L,Thal_AV_R
Vermis_9,1.0,-0.03635218998035366,0.799563977407745,0.6174824469370247,0.5193496038047591,-0.07380045459804753,0.1372566415145149,0.5122163711728474,-0.17483658253907686,-0.09453914398484206,0.8269963382652176,-0.3418861956614561,0.38507422753973614,-0.27779626139247915,0.18811958694983277,-0.4995193212494311,0.9295617312487449,0.235001534190524,0.48260721270430224,0.08066118523569632,0.3314269857560515,-0.4132026172968236,0.05471881195280902,0.6480110232253854,-0.4342721076711047,-0.34129036867951495,0.41943775092227753,-0.06256813286322298,0.7397964280567115,0.9245884858199639,0.20134709371690127,0.2266603953385155,0.23530262478675792,0.2718494034544708,-0.1739321502309627,0.11571170448819557,0.5686937121322398,0.7371286750373063,0.7006647414836075,0.7678674824567437,0.17068339194618587,0.41735176059080936,-0.23629765184292226,0.061231524657659214,0.5054490864261779,0.5344386650878494,0.6316067828670884,-0.0442242318899067,0.38684174656851605,0.007670337946652193,0.5068708898131531,0.31182093570347114,0.004729745968275354,0.15843264485121203,0.3540766574008882,0.6024755827578391,0.3568803614892236,0.4338703972416949,-0.2508486362763089,0.4597208832429071,0.31898185060153444,0.1039988732952222,-0.15494461278975194,0.5118394097341628,0.8766278808733496,0.509229805822318,-0.2992432403601134,0.2522923032752124,0.24421165605386272,0.2629500689916384,-0.36128469624684406,0.7232793650960233,0.2427754812774225,-0.13491519226015533,0.567692767937204,0.7773505468147304,0.5819881522123497,0.4887268219170546,0.36778068544078174,0.46750995535547335,0.7994264289007074,0.5002825950048393,0.7136967223687922,0.2054541272747641,0.858164100022534,0.5031870689259987,-0.048828139154382055,-0.18253878401222592,0.056511205807747426,0.6211880415512391,-0.4105548285437608,0.0009332127298026092,-0.4829419656679374,-0.4755804803596772,-0.35182369046529527
Putamen_L,-0.03635218998035366,1.0,0.12556076813244893,0.4764617681302689,-0.31317573131056625,0.5076897897575832,0.6439509569336009,-0.182853901387819,0.6258035433935505,0.7667052730818762,0.034405217370409906,0.24492762685552524,-0.18506617232821224,0.28204615763956814,0.21944475134485922,0.5557183231156202,0.07813117033002258,0.40344751557370223,-0.5409646022944165,0.32510812171527304,0.6271921049496237,0.33858098638774364,0.6697893058677725,0.011936939597708323,0.42213667123884585,0.4610004081697232,0.4244693797637646,0.32092715622490764,0.20632646799676474,-0.18135629685957982,0.780918768064093,0.6652926843500074,0.4539640529187438,0.19001857503136294,0.4239191051508872,0.6470604932475051,0.38839348901706333,0.3378411929279921,0.4085567578101657,0.08719948278377343,0.30318444715653947,0.31212364038099455,0.2741185525148592,-0.10956644838756967,0.627431782315606,-0.13587556602574558,0.23887559326627997,0.6098766858665736,0.3526304254830151,0.6361341014939053,0.4745550241814444,0.6317209337260877,0.7412028583834095,0.5585921756134179,0.27300277283534524,0.24385259907945422,0.34140678003741787,0.5548324914586135,0.30124005280361976,0.4961403784165724,0.36446338961552915,0.6236901693780779,0.6958863971059115,0.23628962951712107,-0.13327467244317223,-0.2148067406353363,0.7831484288659003,0.6193448972711243,0.6682010546064336,-0.18384967093675184,0.3259856357692443,0.17812156161809264,0.7417184756286356,0.01285203136924685,0.5451393803520683,-0.29843124694507045,-0.1395618235005057,0.6217243204838765,0.28212260739027545,0.09827600110843414,0.13306123660701688,0.37924912829466323,-0.12637033798637887,0.4755060983124353,0.19631923448227237,0.583105949326073,0.24382929214248458,0.17680932089331652,0.02574270610248977,0.3626253516750791,0.7320935343744632,0.6803931721180276,0.6687789635083918,0.4048989015122215,0.46113124354848123
Lingual_L,0.799563977407745,0.12556076813244893,1.0,0.5676685100759625,0.4185260067484573,-0.0804786853054664,0.1468719967470796,0.4397799091234527,0.016597581445460523,0.14453894566396844,0.7411930418756567,-0.33584119340832597,0.2593193050236061,-0.14751178244297383,0.1927554670487958,-0.3983760914128948,0.8060810243701553,0.3064268637755649,0.4245783216697477,0.18828172532147724,0.46129410431158613,-0.41137110157500933,0.19047127618212947,0.7701900384692166,-0.3829843437452125,-0.1964171025051614,0.35956881021786397,-0.08432148100574904,0.8906359610512676,0.8260919651772013,0.35334824801428594,0.35247322765962635,0.3471328355257344,0.6158628606469682,-0.14802942353363932,0.19728312743584395,0.5202535592411653,0.67552223152529,0.7474355246434543,0.7341094282190725,0.09182915225441719,0.34322844391382484,-0.08085189442952567,-0.018254855804178273,0.6034810957378273,0.3657912127910288,0.8155104395277801,0.0728807437887844,0.36635415037537233,0.22112860809913334,0.47429910727900904,0.3805724068027469,0.15137501851334367,0.20076822108304948,0.2635255340840133,0.5618745659030135,0.3462520811830769,0.42786326345645154,-0.11649549323959593,0.5381220675115449,0.5202756152702587,0.2970288031250881,-0.04852030957036643,0.5079265167784954,0.7258026679513049,0.38670974174027317,-0.06510706998115412,0.3584538289285868,0.40893524378023166,0.26137902906723876,-0.16140972904140122,0.6416134125936044,0.45505844020487296,-0.17149560364479347,0.6510558324740247,0.5659221367730641,0.5416431351846489,0.5142254198847556,0.33436341051642443,0.47187189968948734,0.8456056980518184,0.4563818851645297,0.7873976021010107,0.3119742544784948,0.8726999140487605,0.5620536027205024,0.010959185220020876,-0.042705986308028215,0.07684064757583754,0.62620425895184,-0.1543606951326352,0.13419867233811067,-0.3824929581665279,-0.22565083852396375,-0.34517887754321636
Paracentral_Lobule_R,0.6174824469370247,0.4764617681302689,0.5676685100759625,1.0,0.1381059407949454,0.3879072023401147,0.6699749940340063,0.023810459771651526,0.16811505424434403,0.5575632119730014,0.5177362030604516,0.07024331081796913,0.03723086819076824,-0.27376086090946494,0.40845563955318837,0.05330938582876384,0.6039556436180681,0.5331789703263118,-0.016166657836176677,0.3363892621684021,0.8169842956702743,0.06574615443324971,0.4484393837315925,0.5236096249981201,0.06862178469092739,-0.09787113519567223,0.5339746484016217,0.36703359213707465,0.6749834767148345,0.4799905631909415,0.7527675076492233,0.6649161062402257,0.6539975060141416,0.24028556523903433,0.19227062801092187,0.4327605226141625,0.9140882269207048,0.6422694875947721,0.9202652994830195,0.6761041984054237,0.5010793435383617,0.5513119644100488,-0.20096417009960696,-0.09086926206248418,0.9024357170203067,0.312149963118286,0.4469540212160448,0.4764849714418109,0.7258729605522594,0.625213615801395,0.9593135006447682,0.5787946646001892,0.4406974024226473,0.571766704980185,0.5924467513537831,0.8507343641418995,0.7760302957957365,0.6009684377580856,-0.22598726443228337,0.8428760790003731,0.5255165287248396,0.5581620331723466,0.24271325727233173,0.7494864575910397,0.48955490060217477,0.15348475399277575,0.2713127150462222,0.7107726441031732,0.7337710597475223,-0.11744666787818532,-0.2933709644345912,0.6943855301071011,0.7276176148653112,-0.1988639238875122,0.7832101223823048,0.3417984632962357,0.3653261071725071,0.8208631830402785,0.4551809861585428,0.5658632626229679,0.6160396056019489,0.8345485209261502,0.3707029429504116,0.6315298490695891,0.7171065532573756,0.9097151218293655,0.002318571475506295,-0.20235580628284897,-0.13054833599824403,0.6513325515944709,0.30814099142727785,0.560362697563348,0.08252060143770085,-0.27351521287769404,0.10006338998431125
Temporal_Inf_R,0.5193496038047591,-0.31317573131056625,0.4185260067484573,0.1381059407949454,1.0,-0.2012927766281126,-0.28542461817926473,0.38374466746934305,-0.12560794592518917,-0.2675080587060258,0.43766801790679316,-0.08210405561570605,0.5610954268396516,-0.20774065963595928,-0.3684316633334338,-0.23898926931135286,0.43904467867412095,0.14229576598345636,0.5618011763145855,-0.24908147436415706,-0.041103246834902414,-0.175331328820669,-0.31232018574015297,0.34781334632873034,-0.1967784638720004,-0.4133563366289519,0.1687315886213213,-0.33330501540504454,0.32119916611583543,0.5935745125706587,-0.2077156254013751,-0.0940842374314306,-0.18292822528200842,0.04863797200145099,-0.16908232441638207,-0.08994394185958586,0.160747756774176,0.26138131154393146,0.2413176241716456,0.5192632852558784,-0.027466605731720436,0.06888422811234073,-0.18990082487665413,0.07635646023782557,0.04947612534709059,0.5546578916077829,0.21678431876882046,-0.11413166102907853,0.2186645512532285,-0.2345338792494762,0.04296543093948361,-0.10654034847105175,-0.2998863163544815,-0.003659858315695742,0.22166616856591911,0.22304176123442432,0.015587263319258644,0.00869869790506835,-0.20830157968537988,0.0389420707831541,0.0019508400723398833,-0.2592252474174565,-0.23838264810604948,-0.00024468687561170004,0.5478818578962144,0.5155513243893001,-0.3775493256119822,-0.09654803225000727,-0.19409720320086132,0.5103168841739897,-0.25784518789494437,0.41665176501191137,-0.1784654648839286,-0.06871777771788329,0.1075535452832378,0.5901866565506589,0.5639692840005005,0.007584166729635179,0.24898925991449866,-0.04493595152255958,0.39386081402601875,0.1589181954884375,0.5837927772109116,0.06681042138317975,0.494954460910405,0.1001761775934662,0.25199092120985894,-0.029346896349994194,0.437625521555387,0.16542947122948165,-0.38264021820657407,-0.169287873872304,-0.36920457313715094,-0.38269558436829376,-0.13834214443414203
ACC_sup_R,-0.07380045459804753,0.5076897897575832,-0.0804786853054664,0.3879072023401147,-0.2012927766281126,1.0,0.34014925900003484,-0.22423748865139131,0.3445208074725285,0.5587292924124272,-0.2977460169289238,0.1738017470234386,-0.3437859306343478,0.018332152471880327,-0.014410576301126592,0.36391427952794336,-0.08317879510479213,0.11533479618208474,-0.39532585140229654,0.22629432575805158,0.40616750089791115,0.24318494980244273,0.19242937535770904,-0.08310144788889708,0.07960044390491552,0.22402555536579563,0.33056580791306256,0.014135639693153047,0.05378849299389765,-0.29416273075036625,0.5595070439554414,0.32169697805173014,0.21257555449479376,0.06957711449047468,0.6838854202972163,0.2155540058879032,0.41873687320829706,-0.06919263276599506,0.27812883254234777,0.004330414037404571,0.09647296151608244,0.47889832603453564,0.020421670946527946,-0.22788861763226514,0.3972010557089815,-0.038289921049325895,-0.13623327464256418,0.7000157552852588,0.2886077103548091,0.5041406776673846,0.3409372850861159,0.21185611872015786,0.22937005619631964,0.24209305347665747,0.357198479732072,0.17894201115979938,0.29169848233253626,0.12211861646679806,0.028403626928810568,0.30232930173631845,0.31050793145400923,0.337719350230092,0.16256873961746582,0.15331889021228565,0.03718271717831488,-0.09935961507621678,0.5480151143071939,0.5132965211292109,0.36087182628200043,-0.17556751606795193,0.06579448620995229,0.040974362603303505,0.3821837639200081,-0.11401512076669144,0.13873982768441526,-0.3904107317535265,-0.03791876930461682,0.5656493698732463,-0.07423244354827005,-0.05655368338846719,-0.09779600765192455,0.20977316538864976,0.025634223735760905,0.45506831673546877,-0.05651395485022622,0.4630201506230314,0.477237726755227,-0.07560573987588734,0.022557909963173087,0.33525081747599006,0.5051184437502031,0.6635394911456043,0.36723961205387984,0.18476416801275347,0.32382481398960006
Thal_IL_L,0.1372566415145149,0.6439509569336009,0.1468719967470796,0.6699749940340063,-0.28542461817926473,0.34014925900003484,1.0,-0.3078406529271853,0.3368499597975848,0.6856882044199334,0.2049587495066993,0.2177016190867454,-0.20385560917605466,0.055984671430673,0.5833049462275688,0.3431126765231892,0.25441584780942117,0.520513550863732,-0.3603986212607324,0.4536569931349977,0.6728713041971724,0.3598432098888934,0.5267266909884245,0.14047654697130862,0.4260361603702501,0.3146846683537015,0.38848975525313395,0.6501307379425896,0.28905985283807245,0.03349751593761087,0.7603345631922221,0.6522993842112617,0.7055923057803071,0.11836001174043331,0.2933099746014164,0.3591351613485115,0.5889869148631851,0.3666920634375645,0.612743641615796,0.25713094220414906,0.5893188131332627,0.298822145907164,0.09219230611336796,-0.016202949336343295,0.7156626463449237,-0.038392265916250966,0.2843419765351035,0.5731678819243364,0.5259891097722414,0.6654898313344263,0.7480501539562003,0.6494594822817981,0.5227300330662019,0.5191566773602969,0.4257386067081777,0.4784730042591597,0.6600989731517328,0.5699511099291411,0.1167508445450404,0.7019796852198827,0.3508568912219762,0.532425165875912,0.3882925174138308,0.6113800532167472,0.021335521090649002,-0.1636400006099311,0.5732115553299962,0.5744098807935591,0.7157081838974101,-0.2227795168194696,0.07330082421914459,0.3687045198962082,0.7562801303075658,-0.04215712243652665,0.5585771296050649,-0.06339505739825527,-0.030565889999504377,0.6592953764925534,0.22473147584967082,0.4258276919203379,0.2987108389763728,0.5756905463049472,-0.03600997078072017,0.46111735371141666,0.29500852515427806,0.6635709856966551,-0.005378051440416978,0.06733214181860699,-0.2504113796489579,0.33208434110835955,0.5802622427514726,0.5035224884850767,0.3932364494401001,0.1585163001563951,0.33551875971751083
Amygdala_R,0.5122163711728474,-0.182853901387819,0.4397799091234527,0.023810459771651526,0.38374466746934305,-0.22423748865139131,-0.3078406529271853,1.0,-0.15799073581381667,-0.293811613688199,0.37333790819970525,-0.36504562997914625,0.3955730266268625,0.04800524078377386,-0.09865882402580435,-0.5083295393044073,0.4679761714713048,-0.10447782032781808,0.46502646441768586,-0.2744576296533706,-0.11384385622189987,-0.5151708567186234,-0.02894634581786334,0.42647658481877504,-0.5739676176082777,-0.1191592005982628,-0.03889020618278467,-0.4060979622240742,0.4206600462767798,0.5169178842954185,-0.13718181658365372,-0.14685728901182218,-0.22760260544603786,0.3074202059389864,-0.14709096312638067,0.023823767881213907,0.012256552118937497,0.28548296564480685,0.11114239921783874,0.3601545919779366,-0.2830046952313333,0.2723057068839103,0.039460670538515534,0.11345451028678177,0.023990072723886376,0.16842457281150777,0.46299204616175027,-0.36445330034724277,-0.18732240141998327,-0.29750715028465496,-0.09151534117179409,-0.10574383033393896,-0.016712826597933956,-0.17287700771262146,0.004619458340641831,0.12998313076156542,-0.12997228874453978,-0.004638792162711129,0.039508732192586625,-0.12332048265803124,0.20469236212193298,-0.04882498376164234,-0.17574814644704914,-0.04913870057771135,0.5028817371614946,0.5005536493615015,-0.3359552513130938,0.012154296979044752,-0.12366706370161733,0.47672877201374525,0.016346952625281127,0.1461231108965238,-0.11963335561587764,0.09148041173333453,0.16736595607450003,0.39328772154979325,0.4671790594303512,0.041284369582366864,0.10943401975637555,0.10208048318528183,0.3976049488692616,-0.035415848092215305,0.47128663003261884,-0.25248168916653874,0.4013014848047235,-0.003865562714778037,-0.08619801777265841,0.1286223103944098,0.16112338577348995,0.388282648997847,-0.4534073982514252,-0.11233077100757233,-0.4526144624087437,-0.1344638420261919,-0.4215336789034984
Thal_PuL_L,-0.17483658253907686,0.6258035433935505,0.016597581445460523,0.16811505424434403,-0.12560794592518917,0.3445208074725285,0.3368499597975848,-0.15799073581381667,1.0,0.5283608747636274,-0.06194783831977181,0.3472344408723747,-0.015109589111119806,0.21394243240046298,-0.07335016419390133,0.5777147815656377,-0.057257634877810555,0.28379178899064444,-0.4243966424175629,0.11884663853812208,0.3882173295594663,0.3921407577840027,0.4369726127807416,-0.0854666247614945,0.3978489754764785,0.23845457426247504,0.35679981147021855,-0.010402970764034835,0.03493358868571364,-0.21903146977979956,0.4268268937687878,0.3524547451764779,0.11454112405105606,0.0974912799349629,0.33298389980991455,0.527753142159742,0.17589927734869767,0.14381744915681713,0.16816360464039048,0.035822991754220795,0.04568474226147966,0.06924706207399685,0.18708330811644122,-0.1751574127851487,0.3538735308503097,-0.02906211394891123,0.11342130342846775,0.3902397780065708,0.21631745164495964,0.4100126116349371,0.20612456399245874,0.4310161402434722,0.4341748187574188,0.4153551996956114,0.10155097762511198,0.04196633363969905,0.18733603471585425,0.3057768847668845,0.21392225149002259,0.2734819220835858,0.15571160030060668,0.3506683361581524,0.5089418806255697,0.02392612695618375,-0.18469501891443446,-0.25143639373558613,0.5941161705575285,0.3470201749947456,0.40595072949330374,-0.022611829207326434,0.26968695279760274,0.02540927212809594,0.4282451488374562,0.01617890362179704,0.3393735538786165,-0.26764277478378085,-0.17014046867628774,0.3113981230697057,0.18333990260306887,-0.0978882578604214,0.03521844182934596,0.19240333313989044,-0.14346117642046527,0.27388925705899086,0.04461689681153034,0.34948200816104463,0.40989299794024425,0.2022886946663777,0.1572824719751891,0.12309530233474307,0.6285461435606389,0.45620382585127267,0.6129306245777556,0.30717326055485333,0.42125828880564675
Cerebellum_4_5_R,-0.09453914398484206,0.7667052730818762,0.14453894566396844,0.5575632119730014,-0.2675080587060258,0.5587292924124272,0.6856882044199334,-0.293811613688199,0.5283608747636274,1.0,-0.0972499139633208,0.30822294318800575,-0.27850832227271705,0.10597198122973431,0.354407188885384,0.5155807303048356,0.050752328472627006,0.4611568141790837,-0.5001921253382746,0.4702986298058376,0.7806825135726312,0.39053712855539896,0.605272877329655,0.11356426459227036,0.37505730722990993,0.37952464778542716,0.33876676719254956,0.42387795517379456,0.3198700056144836,-0.20117092585646534,0.854483255290346,0.6722732155999847,0.5591510059062373,0.28120813917930043,0.5873460797165112,0.4939884046147543,0.5611003773385288,0.15562192462730726,0.5584687380563783,0.15636854175601853,0.381145272182228,0.39828868022526137,0.1503162070723312,-0.16491909900298538,0.710764118010205,-0.17196837642178006,0.19254413209124718,0.7778814536986096,0.44290043964425013,0.8149045222092338,0.6028319250505317,0.5566134424201297,0.6445656577898499,0.549182423793686,0.4336806913940816,0.3355434785182242,0.5610278476353188,0.40026041689216374,0.14509164038316813,0.6199540243158101,0.47886491112812085,0.6938354334956414,0.5361481080408603,0.39003665501906226,-0.09480977254093194,-0.28578690954834335,0.8283688814704888,0.7379680973821069,0.7911182116909995,-0.1823959097807247,0.19850117638447684,0.15735943993151047,0.7927948601032775,-0.08284894046299238,0.5171945624197409,-0.4049373435752675,0.0008962227674625602,0.6492475912886191,0.249018050895238,0.22880408543070777,0.14202128433993788,0.4776298771631167,0.008816684311482515,0.5809463463651632,0.19228358915797278,0.6995297906257549,0.2761411759739139,0.05541431908924825,-0.12067705968187263,0.39464490930560275,0.8540170064169889,0.8203057576168525,0.5612465637751699,0.3309107032540146,0.4666707508116824
Temporal_Mid_L,0.8269963382652176,0.034405217370409906,0.7411930418756567,0.5177362030604516,0.43766801790679316,-0.2977460169289238,0.2049587495066993,0.37333790819970525,-0.06194783831977181,-0.0972499139633208,1.0,-0.21134611237106324,0.38512406343702715,-0.14280810874575675,0.15344260876825627,-0.3140011994369692,0.7633207949769428,0.3472450575472961,0.4130482320408395,0.07816277422024315,0.31998951727000324,-0.2039274921053873,0.1324361367737911,0.5150197943138388,-0.1296499925074502,-0.2594350055621404,0.44651692592405007,0.015001645869923776,0.577175122426712,0.8844970792237444,0.16797365520225238,0.22045552801644738,0.31661303566642296,0.1274420291685892,-0.38760063456879984,0.21142219369053306,0.36218245190769194,0.8603862085174131,0.6222170628021148,0.7330360245551836,0.228594021348009,0.031957218287923604,-0.09206803614454655,0.1012456771279302,0.49629290994880143,0.5394158867041327,0.6283605322413648,-0.18023352773325094,0.5111838100182116,-0.04171384489697145,0.4623170647935373,0.5048216583634156,0.010280413376509562,0.3215332584208303,0.2519771260463435,0.5320878411125567,0.28922523996642385,0.7082230953786323,-0.12286465119520142,0.5126607529303203,0.0876490149355005,0.11317864306296625,-0.003335829392700019,0.48728482618971813,0.6665678482512509,0.3642837704917559,-0.3598672695158318,0.029359892460901583,0.2347998180928277,0.17608407566187712,-0.2288606835758745,0.8524881183497837,0.30615121171397397,-0.1362252555365072,0.5970975856866706,0.8678889137420077,0.2499896409907255,0.402472336341909,0.4322059176417542,0.41662399926537763,0.8328109486545687,0.5284222374453351,0.4520639118220769,0.24022971410641572,0.7998271368751957,0.4563738239085566,-0.1327743766819362,-0.02338203795817036,0.09766443401400793,0.2780290524531818,-0.3395461737827028,-0.20491827046683514,-0.30881459111770115,-0.3153580610195525,-0.276690270228533
VTA_L,-0.3418861956614561,0.24492762685552524,-0.33584119340832597,0.07024331081796913,-0.08210405561570605,0.1738017470234386,0.2177016190867454,-0.36504562997914625,0.3472344408723747,0.30822294318800575,-0.21134611237106324,1.0,-0.028258575771600108,-0.1473208422833791,-0.15527958583432933,0.5469866417484367,-0.3447850956482806,0.1939190990936413,-0.28135100956759673,-0.014411653488123727,0.12740127041370541,0.7386109877813383,0.22699503280553845,-0.18905562321127203,0.5288262593949548,-0.028072375701620696,0.003566553944813829,0.27780410894289254,-0.23263487099201607,-0.3346712390863131,0.16116719434441223,0.27470943129078146,0.022122282977622778,-0.313337375746641,0.22528694949556594,0.3887145114383861,0.1151471341002808,-0.04633672791501587,-0.03606764668134065,-0.08571851900205102,0.18493353600815077,-0.003424277505441324,-0.12508855678403888,-0.14232599222871523,0.09555074301055508,0.04331543529048839,-0.30120254427276133,0.2265522187684803,0.30362871225884397,0.11504388187394686,0.1514676664863574,0.11373892306895199,0.28660890486225515,0.49855666068264903,0.14060708056020332,0.07393081278316511,0.209947720546758,0.08477043514621531,-0.1537076544225567,0.06623643024077773,-0.15039407501709454,0.21896382914990578,0.4730314242331225,-0.07180398936316808,-0.262362192394139,-0.16527497333443048,0.2931517429555005,0.20894917666379237,0.08558198918967544,-0.2761299956674984,-0.1258203650582795,-0.033902787611957697,0.0869559171439698,-0.08550141113170683,0.11685589696427402,-0.2361565824961963,-0.20466172308708183,0.03485063990615634,0.26590072287010663,-0.14980315279483417,-0.21409592421056944,0.330521676953169,-0.43060020694076423,0.17233492819211335,-0.13593878576517618,0.12203282750698588,0.110825610515009,-0.08930517181030213,-0.008449592122038852,-0.1604872037050314,0.47952100162178135,0.32176105387262643,0.5007985554527978,-0.049355201279197916,0.4309379065230808
Occipital_Inf_R,0.38507422753973614,-0.18506617232821224,0.2593193050236061,0.03723086819076824,0.5610954268396516,-0.3437859306343478,-0.20385560917605466,0.3955730266268625,-0.015109589111119806,-0.27850832227271705,0.38512406343702715,-0.028258575771600108,1.0,0.07270913617868437,-0.1771727386711494,-0.06191048038285839,0.32926950183865894,0.19887468720011514,0.5707478602773667,-0.29801484418222585,-0.10082772345640585,-0.1028393980450287,0.04393242228289669,0.2645311043368419,-0.08833487194915737,-0.26964385953098136,0.14712819720003836,-0.19847447098636095,0.2093053162815664,0.45805341049381965,-0.19297642707014018,-0.020588808011107216,-0.14121962354181491,-0.06351384292827604,-0.13823422701811833,0.17172820388581522,0.055191802117748164,0.3252663616531749,0.060631141457333726,0.35446390213982637,-0.10822948612996355,0.042578095416108644,0.07993198473825758,0.3546429636024648,0.013440327267205893,0.45371546179545374,0.21147533052420064,-0.2563647261117899,0.048380296527317714,-0.25117677830511587,0.016985047715231124,0.002325721577900878,-0.0055041485140898015,0.11167514121968083,0.016525344120724234,0.15301540200831718,0.01875762122474748,0.08408565456548382,0.06699136601573645,0.006018078104190786,-0.08976626255384049,-0.03824247384993249,0.043422313739834954,-0.013816888166215398,0.29554199796866415,0.462598353261491,-0.2542735499313092,-0.09201702335499094,-0.10408048237098706,0.5824552395002711,0.012539854774041957,0.21932020753891857,-0.14194590765121398,0.3458121347188111,0.19805138848107895,0.5075100151039433,0.35148896805026164,-0.04167225921085403,0.2462439875868398,0.17415932409247942,0.317227617787868,0.17620787164540536,0.23131834244207736,-0.2050873025364985,0.402104400568146,0.02597638648719989,-0.0005634664794108437,0.3852905483982263,0.4333912076031363,0.1449576438223581,-0.21448820888525205,-0.1537979619346701,-0.10660098106518588,-0.22270675685765554,-0.11996530259660404
Rectus_R,-0.27779626139247915,0.28204615763956814,-0.14751178244297383,-0.27376086090946494,-0.20774065963595928,0.018332152471880327,0.055984671430673,0.04800524078377386,0.21394243240046298,0.10597198122973431,-0.14280810874575675,-0.1473208422833791,0.07270913617868437,1.0,-0.03379523953565408,0.2768216737130224,-0.13200188742447902,0.0759323939544252,-0.07816360061334127,0.18525741485803598,-0.04109018527970453,0.052508000714281404,0.03755428044766396,-0.33017317966309817,0.1564287198970949,0.6866118972842344,-0.0008784199465309474,-0.009927922912723413,-0.20631575962382473,-0.27888316401061203,0.1453504489547073,-0.03857187351245377,-0.00729047712445362,0.07645306871384729,0.21734248109964202,0.0009256376286358874,-0.4159143043139867,-0.09114874725260316,-0.1953046624259932,-0.36219633945489393,-0.10752553592773675,-0.14640104378271487,0.9277502761391574,0.5506880846677009,-0.04810684486078721,-0.18608706784794607,0.13346670892977272,0.14442419105889404,-0.18200866425624526,0.14256026731229574,-0.2756319616746998,0.20554853326841938,0.07203220422239184,-0.15303949410263404,-0.35395158311366925,-0.43314235981704086,-0.18718985876883365,0.13836080888822552,0.9507704374043076,-0.04307713806689205,-0.0985342325262101,-0.008838517601830213,0.06670480986350112,-0.21600862195664863,-0.307474606652332,-0.07568460931605883,0.32186379043444885,-0.18801030011521927,0.02290262370238337,0.43848039626425894,0.9452867201551476,-0.17478906857789084,0.20523478505063567,0.6030984247469565,-0.1514009108157953,-0.26828550749308233,-0.3441439691506655,0.07295350584774776,-0.13892516864266877,-0.2411782882371584,-0.10967187914912128,-0.37884047800683207,-0.13221717376499764,0.02525309119509926,-0.25807486860723783,-0.11790140698813638,0.2947240155215868,0.8303219669519825,0.3677209816386164,-0.1573362427482892,0.23414303412945414,-0.06676752542279975,0.2681286703036667,0.8510106954374929,0.16301004742744465
Raphe_D,0.18811958694983277,0.21944475134485922,0.1927554670487958,0.40845563955318837,-0.3684316633334338,-0.014410576301126592,0.5833049462275688,-0.09865882402580435,-0.07335016419390133,0.354407188885384,0.15344260876825627,-0.15527958583432933,-0.1771727386711494,-0.03379523953565408,1.0,-0.16775269994630287,0.3205576855923093,0.1854085120975199,-0.06467042731040386,0.45416600916698485,0.29150125876217947,-0.042338652226837394,0.34679792565058165,0.26051588920382934,0.0034351739066596,0.2496853763149982,0.015601755743665145,0.6035747334046164,0.3118078598476336,0.10647087750842896,0.4578673441721712,0.29922028105992654,0.5923430691174713,0.25695839042586954,0.04271410870265204,0.008237545416935579,0.38068109132589856,0.19043345380804758,0.4011634732919195,0.1536494524444921,0.33828886655737006,0.24591129954401397,0.06223967415357319,0.08439737857343838,0.4022104250669743,-0.2063025909478921,0.33175411639233776,0.14310853237869328,0.13497849377717502,0.39457121840591647,0.5044819314907498,0.29480683617607073,0.31573248414474914,0.07675355689595731,0.22203711229357334,0.3528601468332107,0.48542466526412137,0.2243374258965444,0.04194765698116162,0.44661508232818553,0.3510042803135488,0.3938892876118177,0.016178659118754716,0.5726452494160221,0.12498375158082493,-0.07387740390759358,0.2251436337405672,0.37305648976357997,0.4794521711925777,-0.2133147012169031,0.012306849219420837,0.11352839246023852,0.4635815192920739,-0.013815368993211155,0.34859326525516426,-0.056206343445575874,0.0829066508209957,0.359328146219735,-0.01236330074243832,0.7091416075249322,0.26159117530652437,0.2724495066968651,0.04821253553090552,0.04194256264251717,0.17361189285420317,0.28454131522002946,-0.34702247491230265,-0.001591536311959857,-0.5480435937828747,0.3070484386761383,0.17360844028207845,0.18661595413840754,-0.057724145663063935,0.054474205246928024,-0.13424807306195893
Red_N_R,-0.4995193212494311,0.5557183231156202,-0.3983760914128948,0.05330938582876384,-0.23898926931135286,0.36391427952794336,0.3431126765231892,-0.5083295393044073,0.5777147815656377,0.5155807303048356,-0.3140011994369692,0.5469866417484367,-0.06191048038285839,0.2768216737130224,-0.16775269994630287,1.0,-0.43363845069430795,0.3260978513653281,-0.5090674668594525,0.09727426706194893,0.28585735747560914,0.7521103082419696,0.3937999072421299,-0.41608854792174843,0.8385630086215154,0.2572112701032648,0.32771226176418994,0.1554464824031839,-0.3529273122011305,-0.512870250567244,0.312313414139141,0.2817668013901478,0.1160256028003294,-0.2934212815980149,0.3720874835588492,0.46593894565961985,0.03552573352176,-0.09928845558287953,-0.07020455686077817,-0.25784596780597363,0.2055635942095018,-0.16049456608065016,0.2721435763883515,-0.015861512092265367,0.17568987317157392,-0.12612089351583156,-0.2907236557502028,0.47293974612604484,0.2044817061732681,0.42320217556158274,0.11478283416942028,0.287740803891211,0.4077217445705256,0.4636731200275318,0.10275656636820077,-0.12181289245723616,0.12219224563275695,0.20140683849351482,0.2818292479549094,0.20276316872307604,-0.14093824543126837,0.2828006638071125,0.6060450053736661,-0.08243104820533743,-0.5397191750036927,-0.40702492265650975,0.6353500074720779,0.15134400396979492,0.27421834169915665,-0.17175708410231058,0.3064242052987636,-0.1191073666328477,0.307979256018399,0.1799554956062942,0.03319910729896764,-0.4089282089039788,-0.4047792986886073,0.13059299265314397,0.0726217586716899,-0.2281401790068211,-0.3260085751598326,0.12405245875645977,-0.4575272485189582,0.3414399122002925,-0.22021309896852911,0.23381987817834307,0.3332465155669425,0.26170281758489716,0.21022584981254713,-0.2388653954630758,0.776086366765204,0.3739418525789099,0.9170209517248342,0.3767406015882665,0.7009305273548948
Cerebellum_9_L,0.9295617312487449,0.07813117033002258,0.8060810243701553,0.6039556436180681,0.43904467867412095,-0.08317879510479213,0.25441584780942117,0.4679761714713048,-0.057257634877810555,0.050752328472627006,0.7633207949769428,-0.3447850956482806,0.32926950183865894,-0.13200188742447902,0.3205576855923093,-0.43363845069430795,1.0,0.29430715707895005,0.395870166518631,0.22921635367906787,0.38360186952466263,-0.3855546039449668,0.10288590161237403,0.6280825610077999,-0.358278199193776,-0.1619777534229071,0.4266883552629833,0.04224767524405848,0.7491742929927427,0.8619875503932709,0.3059446139395148,0.2660887859188821,0.31829619831055905,0.3733317365193475,-0.06832434832025976,0.11434875421406558,0.5551419305691981,0.69658869334722,0.7334466433728335,0.7152010223987464,0.20511140298154057,0.43286355202894006,-0.09383188359595222,0.11735066685058454,0.5524658884990434,0.42665817058343997,0.7223838090717439,0.08399150256572695,0.3408851669910311,0.1484196376189098,0.507493170153831,0.38104629592130806,0.0735212951321748,0.15196985339612257,0.36053314838010025,0.5502327154359146,0.40478707026286437,0.4427250982132138,-0.08954764767397395,0.5119898679098758,0.4046325421508924,0.15245960119092516,-0.11877862898668044,0.5352127215149324,0.8054382037454791,0.40406810893356365,-0.10391040395861204,0.29868783569668306,0.35116769631936046,0.31179749612317315,-0.19247513269419808,0.658599375113955,0.3622570306975504,-0.0728203619873317,0.5684719798195431,0.6499992354318316,0.5494280228415239,0.5493456218095827,0.3242353692600028,0.4671132670240573,0.7994239283101134,0.4531371262187911,0.7579854948695252,0.2193657817227297,0.8229421115354844,0.5267226826140337,0.014942022444908767,-0.05394865863324749,0.03798503927627601,0.6512987460493992,-0.26938288850749414,0.052238905622263215,-0.41344446576355254,-0.29857312238218564,-0.2764216286938418
Cerebellum_8_L,0.235001534190524,0.40344751557370223,0.3064268637755649,0.5331789703263118,0.14229576598345636,0.11533479618208474,0.520513550863732,-0.10447782032781808,0.28379178899064444,0.4611568141790837,0.3472450575472961,0.1939190990936413,0.19887468720011514,0.0759323939544252,0.1854085120975199,0.3260978513653281,0.29430715707895005,1.0,-0.07346867817341883,0.2539894221630234,0.5786627059065461,0.26644835504287867,0.3994817745967413,0.1349035457837913,0.36850448791310075,0.054003350312192375,0.4605054265428779,0.2940071145205609,0.2697414802936504,0.24508203764387215,0.5416830776226599,0.5486005559135262,0.46422415358300545,-0.022031659108748422,0.05783871927104726,0.4396501752945107,0.4738006342157455,0.4186403219685841,0.5420811877147729,0.3955246127872611,0.4610384255273456,0.14879583265768845,0.11347809672351239,0.10143271171388962,0.5652273637512332,0.2524565553917634,0.2717654471735518,0.35915260048035463,0.45777677490447094,0.5196175826919985,0.549882607049924,0.4687570947942688,0.39869469152642656,0.5310359000315632,0.39505587218283195,0.3419910662471857,0.44200020009944835,0.46172613563676534,0.13522163542211882,0.6101380842271223,0.08954209639389958,0.38839240115084916,0.3829112516270701,0.4317797023429771,0.08509682185597413,0.0002607492680566762,0.29676911855674937,0.37299505173741887,0.48694428404345463,0.05291649850985282,0.08513240837030878,0.4340320812729267,0.5696937977382694,0.10478526728647887,0.5454664546577713,0.2294297915595519,0.03276898786743032,0.5096015155717601,0.25420894696592894,0.23884551686404068,0.3033775212452858,0.5187415199403498,0.12565326338164584,0.4689989534051634,0.44753735212542584,0.5771242159907986,0.10621185240352488,0.18469582464931528,0.16485568263288092,0.26453701797302,0.4153740566138974,0.33174251462630144,0.31868247732409766,0.029983193215010143,0.38315720590329855
Cerebellum_Crus2_L,0.48260721270430224,-0.5409646022944165,0.4245783216697477,-0.016166657836176677,0.5618011763145855,-0.39532585140229654,-0.3603986212607324,0.46502646441768586,-0.4243966424175629,-0.5001921253382746,0.4130482320408395,-0.28135100956759673,0.5707478602773667,-0.07816360061334127,-0.06467042731040386,-0.5090674668594525,0.395870166518631,-0.07346867817341883,1.0,-0.2812490007543286,-0.2926740832597952,-0.3653625342755332,-0.27972949997166896,0.4367334666455661,-0.40453491964615734,-0.32475240271510586,-0.05689460458829159,-0.23120507482843367,0.30150143827234016,0.6063374897239078,-0.34094133137631244,-0.2253910823293604,-0.16502523998520044,0.12107457631055217,-0.23979651438287194,-0.20644853691312998,-0.03487021537561669,0.24287299299556345,0.061584090417155984,0.39702020401306265,-0.22510363932069735,0.023827121428367334,-0.029934788715301534,0.3922141529134568,-0.09009886652715003,0.4082172252073175,0.26357705810144694,-0.4019628569315842,0.02023252029795857,-0.4393487026032269,-0.07364346540236952,-0.19884423764582992,-0.3508991164802182,-0.1304046664575261,-0.007598151877073245,0.16949960289826588,-0.07218809378248058,-0.06069106897302396,-0.10075432970721743,-0.056281005839349404,-0.031688061297571894,-0.20410812550407523,-0.38000170113372206,0.05272637679750096,0.5407872284533247,0.5999230866829203,-0.5591157914622955,-0.23368685147161625,-0.3449726759503403,0.5250603792934642,-0.17266685193398118,0.27691173583693796,-0.29923041317544835,0.1320709699990914,0.013460774779328031,0.5978830503472827,0.4046580890001732,-0.0928783493764547,0.04388636889154551,0.224243757033669,0.4264027341432721,0.0776744590504396,0.4972151300545013,-0.2596384889628617,0.3692770145030775,-0.12940627579851108,-0.11164102535997839,0.15494898383615593,0.20768435209160271,0.11135416852395054,-0.5751079387608028,-0.3741315929230141,-0.6083486836013781,-0.34739664066768544,-0.40385119447804274
LC_L,0.08066118523569632,0.32510812171527304,0.18828172532147724,0.3363892621684021,-0.24908147436415706,0.22629432575805158,0.4536569931349977,-0.2744576296533706,0.11884663853812208,0.4702986298058376,0.07816277422024315,-0.014411653488123727,-0.29801484418222585,0.18525741485803598,0.45416600916698485,0.09727426706194893,0.22921635367906787,0.2539894221630234,-0.2812490007543286,1.0,0.4291951560910935,0.10502001951089157,0.07282558722035073,0.09882899748185914,0.1328387121511778,0.32070656416478266,0.1787433788605733,0.5208918900564937,0.21258096108369226,-0.026170161521030917,0.5060032437668504,0.32738132031327866,0.4610979890149439,0.28245176758354773,0.24512549046024223,-0.07737457018406042,0.2796111982568175,0.06253277239298567,0.4157755213010823,0.0001851707845223312,0.38489911400863946,0.20616083536491603,0.24072779944758202,0.01930827053271399,0.4451388749075055,-0.17988319189181942,0.3147258784238297,0.49242396708442665,0.20696293948005562,0.5671950476652077,0.3517515961638763,0.44002899429400427,0.15386671151495934,0.03631695522311214,0.11625958859995857,0.1872204238387998,0.41405391836645833,0.2981300376227484,0.22668671553909328,0.4859872464998959,0.35561413191109237,0.28183674995933394,-0.050818170679372596,0.49212753518188845,0.0992463698637886,-0.24225224527029313,0.4098215105470725,0.27106268517532406,0.44453004200822815,-0.07109672861682986,0.233265984307829,0.15476618719741544,0.5257004162258693,0.0009519688515833681,0.18189520262707526,-0.1947143563910596,-0.060154687100265926,0.42174902590339447,0.05224213683092735,0.1886787857597962,0.2083071054435722,0.11100013980401786,0.12920972586981755,0.45236278171141386,0.07640917689007748,0.38530085756361804,0.08557973931865953,0.06803815864527683,-0.2570595819447156,0.19379222041271343,0.3387355161986495,0.21910584589428228,0.1060603028762598,0.3328916505864739,0.026311878771946757
