,Rectus_R,Frontal_Inf_Oper_R,Thal_LGN_R,Thal_VPL_R,Precentral_R,Thal_IL_R,Frontal_Med_Orb_L,Insula_L,Thal_AV_L,LC_L,Cuneus_L,Temporal_Pole_Mid_L,Raphe_M,Cerebellum_Crus1_R,Temporal_Mid_R,Occipital_Mid_R,Putamen_R,Cerebellum_8_L,Cerebellum_8_R,Vermis_7,Cerebellum_Crus1_L,OFCmed_L,Lingual_R,Vermis_6,SN_pc_R,Precuneus_R,SN_pc_L,Vermis_8,Paracentral_Lobule_R,Thal_LGN_L,Thal_MDm_R,Cerebellum_6_L,Hippocampus_R,Postcentral_L,OFCmed_R,Thal_PuA_L,Heschl_R,OFCant_R,N_Acc_R,Raphe_D,Thal_LP_L,ACC_sup_L,Amygdala_R,Postcentral_R,ParaHippocampal_L,OFClat_R,Hippocampus_L,Calcarine_R,Thal_VA_R,Thal_PuM_R,Thal_MDl_L,Vermis_1_2,Vermis_4_5,Fusiform_L,Temporal_Pole_Sup_L,Precuneus_L,Caudate_R,Pallidum_R,Frontal_Sup_Medial_R,Frontal_Med_Orb_R,Paracentral_Lobule_L,Thal_VPL_L,Supp_Motor_Area_L,Cerebellum_3_L,Cerebellum_7b_L,Fusiform_R,Rolandic_Oper_R,Thal_PuL_L,SN_pr_L,Cerebellum_9_R,Temporal_Sup_L,Frontal_Inf_Tri_R,Cerebellum_Crus2_L,Parietal_Inf_R,Vermis_10,Cuneus_R,Thal_PuI_R,ACC_sub_L,Thal_PuL_R,Temporal_Pole_Mid_R,Thal_VA_L,Temporal_Inf_R,OFClat_L,Cerebellum_4_5_L,Cingulate_Mid_L,Red_N_R,Cerebellum_10_L,Temporal_Inf_L,Frontal_Inf_Orb_2_L,Frontal_Inf_Tri_L,ACC_pre_L,Frontal_Inf_Oper_L,Thal_IL_L,Supp_Motor_Area_R,Thal_VL_R,Occipital_Sup_L,ParaHippocampal_R,Thal_LP_R,Cingulate_Post_L,Thal_PuM_L,Thal_AV_R,Vermis_9,Cerebellum_Crus2_R,Frontal_Inf_Orb_2_R,Lingual_L
Rectus_R,1.0,0.02639813636497621,0.127097863487462,0.19474302081144437,-0.15079863854199055,0.1974340128766942,0.31892516330984216,0.17187036085710103,-0.391484575752041,-0.22445982008390114,0.11156754796420165,0.5861031384524917,0.17378986639510874,-0.31139060390026774,0.0356830451489728,-0.09197089099250536,0.27074403422665577,-0.30552622487833,-0.010992078335154459,-0.1776512688739572,0.16500267075244984,0.6373363834939064,-0.20472696991443298,-0.297146222054687,0.3943871100135501,-0.31361741255636516,0.02611494820410367,-0.009671721875316657,-0.37647744927401927,0.03768385123045651,0.09154666574498295,-0.318706394966571,0.2617875767720648,-0.1679657216627366,0.7000599758067868,-0.01826300915825965,0.05101164582687353,0.5855360585053159,0.3679951381914351,0.030121459048084574,0.22063269886533082,0.12027421162666262,0.3167429021515245,-0.2780432484073459,0.3716666091973594,0.4595462540170279,0.2731719093219297,-0.43113260626983685,0.42516703812292145,0.1255242321803738,-0.04102863138740648,0.22412401917815336,-0.2692841241520295,-0.047607540781386105,0.13758653065538276,-0.343885735235975,0.5033484073469624,0.15946484820469037,0.33800384024531777,0.4893503482541621,-0.21706081533949217,0.16409678219888316,-0.13068647084023585,0.05629225009582154,0.11402161372864097,0.3387788405026991,-0.028577777905344545,-0.034537096916680006,-0.08251195177891157,0.208027898427668,-0.07373669348191135,0.037865919859204254,-0.27248487604636135,-0.04006370901536901,0.25232310921740797,-0.02760676816069054,-0.027222006921652574,0.5628939960095096,-0.14621862723047155,0.5909603962067771,-0.17699256823709125,0.3132501487226664,0.21855025917934792,-0.012460808736708382,-0.2857283794086009,0.1487775099517321,-0.2746489003445889,0.2626686390218298,0.17811990587093995,0.015922639258647713,0.31418432991040235,-0.18225994216296101,0.16247405033673154,-0.09829591727999937,0.304518274994736,-0.1311086002263685,0.31315663047870645,-0.27394742888173235,-0.3819465446144989,0.2704415200175934,0.26950300514355413,-0.30399436056333584,-0.027221247885971488,0.15224522842826582,-0.2827140221470903
Frontal_Inf_Oper_R,0.02639813636497621,1.0,0.0339065727505214,-0.0858382740362247,0.17428477475795498,0.029323970259570682,0.18721157787453999,0.529743665182493,-0.15232294415195247,0.06808162500121089,-0.0466915712743811,0.04344546058164753,0.14365189120499947,0.07586478828181924,0.1772393512188461,-0.20965086263196034,0.2707784997271061,-0.05562047638159774,-0.07098536544062606,0.10781704193997164,-0.00858731564594264,0.20623249898315468,-0.0666494240525859,-0.07525116528077094,0.22035744501263252,-0.11438808511302623,0.20623523966970791,-0.09027930715792302,0.12214450186436093,0.23459416273652356,0.17713970522782643,-0.09132944006725732,0.333496243915787,0.21411671572082047,0.00038501573085160965,0.2517708303648411,0.3832805324437605,-0.007496907434118382,0.19131922658114298,0.0822111403545986,0.3881299313432142,0.25763008203381615,0.44241981746955333,-0.0713666267560315,0.4074321666602553,-0.029938778248316714,0.3826242530588477,-0.19060301555051667,0.06150507482710448,0.12229115666383089,0.012276846587583604,0.18155778079341506,0.012017302203039449,0.353729973686266,-0.08413638275797924,-0.07595883837300883,0.2757787507906453,0.12212067030708569,0.43003789378242036,0.15574076528141023,-0.08974183280837186,0.12258231585070768,0.09119631942163903,0.06260308328348842,0.0025334113942627324,0.27793964594910714,0.5577314623597336,0.11429321374177258,0.34410599081115173,-0.03832006075931896,-0.017048258614824577,0.7819425604465055,0.04150243445337702,0.1770661350868897,-0.10480161937644507,0.09071822704485395,0.1156681493235159,0.1809418249888139,0.08622862712533257,0.23734561297470783,0.16704625980581644,0.24746869538271565,-0.07844414016230902,0.16274946820770914,0.2821417781677219,0.231984796771001,-0.17234605812321924,0.2504848054901455,0.13648770220839782,0.5480255048604677,0.2108372486131467,0.6087308288646462,0.27423889315103406,-0.011547282839757872,0.06352221299153556,0.1084217589461548,0.38036931170147537,0.18960179621083967,0.04092405239012419,0.5047852913487878,0.09530387072006538,-0.023088724272340284,0.11152300692238007,0.16472073774818194,-0.017174486525776984
Thal_LGN_R,0.127097863487462,0.0339065727505214,1.0,0.48998288560492825,-0.07781009519902941,0.1210538490627061,0.14416072113067618,0.28706271585385557,0.011488345727447316,-0.034307662564846964,0.07618516266345267,0.017455979100660535,0.20552692290404778,-0.11514392401040734,0.312580838028944,-0.054553774664384526,0.26484328410753816,-0.12424109179112033,0.04338922453342541,0.04485187213577235,-0.09443967317235592,0.11586046460305142,0.21179654590809488,-0.1905627615238374,0.20309264459325066,0.1077086350906523,0.48888689725173706,-0.10879097352677738,0.2122456386965494,0.19491658061364572,0.1998664644834732,-0.0654968604201453,0.39326691406958114,0.03880075545243221,0.11760696685038512,0.05375831450495731,0.5193668579795284,0.08873342750606049,0.13301061887096502,-0.019922522665768706,0.3378839346571938,0.0832659936893932,0.4609476731109979,0.0460405089446573,0.4210130408893958,0.12384108569884031,0.4931206389880653,-0.06877933525490457,0.14794403162250505,0.38410879894680694,-0.10203888096900478,0.24512184668054787,0.21560775685687303,0.1909630023003331,-0.09191571474654038,0.21197093265246342,0.45102860321891397,-0.00021120926942495445,0.18272366898486964,0.17708603629255676,0.05313160954997923,0.022770368430477934,0.10238148649037954,-0.029641481086566106,-0.15752721980680487,0.2327311560064727,0.25297611015448823,0.13197970639430825,0.3275565845319694,-0.04554784478462123,0.011466754281423786,0.2502401237204219,-0.041682736902975914,0.03660313919887728,0.12831339012979326,0.11687690146266141,0.3738716223434969,-0.058020263669548086,0.4347769215373055,0.09299365013049024,0.19037680943386778,0.2841134941833675,-0.05805346978532103,0.16628862111283554,0.061191442393895325,0.3058175503051231,0.07288385186899903,0.3347592817679082,0.1907073866393437,0.04662859625264535,0.15578284989229277,0.03399174076256583,0.24613719887387664,0.12031906332450075,0.19562688042266949,0.036395372909415934,0.3908177182346809,0.07591708280277404,0.1983362230215594,0.33874405816629327,0.10597816882499266,-0.2774372443083851,-0.17127409354245685,0.2810975985683393,0.33663081223325075
Thal_VPL_R,0.19474302081144437,-0.0858382740362247,0.48998288560492825,1.0,-0.14271743226361977,0.6738919833501521,0.21255958481385734,0.26625835731786246,0.0958672120066965,-0.054936208189567175,0.003667941468302977,0.0009986233831018748,-0.04107232184513184,-0.10256243857710066,0.2600499371013602,0.026286973965558392,0.3168323328115166,-0.01682081880357836,0.14278335294528482,-0.029686982988092688,0.0057488344340642095,0.2030418866060972,0.2601264748738619,-0.10989406036004372,0.2168748283688742,0.2631094803292545,0.30382782870152664,0.14776624148451106,0.12028350117334341,0.06511156527221902,0.6529623577452185,0.07889470557630962,0.24783835222829634,-0.11011449168885575,0.3177580662382302,0.10978487401468448,0.06636988722861015,0.12250226517429326,0.19704553815246575,0.04148718519196275,-0.09354613821718577,-0.02765588106999164,0.15416423802934562,-0.030874035978053556,0.094684631931572,0.13178675499466574,0.08095924791786055,0.11359568596449633,0.5321773219377828,0.8018545826282175,0.07496243747747454,0.08363018064599884,0.2430095381254505,-0.07649542094050159,0.08464231519202228,0.14734982933950197,0.49695411690619945,0.10131936179121771,0.15458408272053825,0.29484566013590513,-0.013573063335082607,0.38655939358637675,-0.17165165839311416,0.09569956218203572,-0.08328707609298555,0.2648067699912056,-0.029182436472745696,0.39209660956484255,0.15681622424915537,0.10681083309285197,0.24271256282038556,0.07010806973800847,0.028130956902659567,-0.09670442681086382,0.25980075615987064,-0.009217729654289984,0.625253199963026,-0.017075960708030528,0.581605079676705,0.1517057545542748,0.17843507335381792,0.1201093776124742,0.23894964265987043,0.20898718314009804,-0.18079640227585042,0.2392447422565692,0.24910588251587587,0.13760026471469652,0.34336774135560055,-0.10537735372469108,0.22677268857942154,-0.22099321289521087,0.030934618195040547,0.040292970634241095,0.8180431409819723,-0.10777318215788549,0.28531739820071367,0.2140473066125909,-0.05787932824428089,0.053066191714189026,0.5050416027224038,-0.12689932233988158,-0.30658190730350976,0.3505328756103798,0.03337575468283745
Precentral_R,-0.15079863854199055,0.17428477475795498,-0.07781009519902941,-0.14271743226361977,1.0,-0.019660318868944215,-0.09608702881098084,0.013673319653687113,0.11226919516659575,0.07569472741558002,-0.07864790361406344,0.08130927975908361,0.11611526432469618,-0.34820044122752797,-0.0109642819352068,0.18760081814420634,-0.27784381777120465,-0.024346471380565074,-0.024007335652719897,-0.023741538581829053,-0.010934707043525648,-0.0433831454315356,0.09326139515089933,-0.21677292523771746,0.28974661087342524,0.2715779135249214,-0.06250979956581836,0.15419379707287495,0.15902938950500695,-0.1757512111210675,-0.2788676139641442,-0.05744815927402254,-0.17809036803558523,-0.24859346351995185,-0.13074692644784713,-0.1075685842605038,0.007273886549524175,-0.290360590808899,0.11783758455870984,0.3054181756861019,0.08305479400886756,-0.16908675131932005,0.0144524943660514,0.692807068520159,-0.037980519732829336,-0.19376568191262158,-0.06907414047330304,0.14541834956260952,-0.04923585747651812,-0.25179934854983493,-0.09822316961154684,-0.04226561465437495,0.0064545792005689185,-0.005692704995319126,-0.2630392179186798,0.11753569922309154,-0.08874276696983863,-0.1137545212506289,0.02413958761770941,-0.2817406993482118,0.30418808105096207,-0.12198332439824518,0.44038440252915056,0.038276635846151603,0.16286274189408623,-0.12901983324801522,0.09396701918564368,-0.2020430801815713,0.0875245643017397,0.05077551701947776,-0.13603940825606078,0.08626903008944707,0.05447112936828477,-0.11535108193129699,-0.2278762041803785,-0.12212547975663328,0.17822891914972602,-0.015660631473453413,-0.0067032030685783145,-0.05869926790749313,0.008996751570395728,0.097392707029069,-0.13662297154363418,-0.05167763826158569,0.4616508190469509,-0.2310619080489828,0.22400229220837445,0.02261866981950623,-0.17428787309947885,-0.01364764011996739,-0.3046670106317098,-0.12345817026455526,-0.20503074169158,0.6701216574400859,-0.13763493386814332,-0.2336440876718824,-0.07066527741840767,-0.0028147969327102463,0.3131615706069025,-0.08743308839547242,-0.1622005751789864,-0.22892452514528583,-0.18430835036374338,-0.08857828262835431,0.004187924036966635
Thal_IL_R,0.1974340128766942,0.029323970259570682,0.1210538490627061,0.6738919833501521,-0.019660318868944215,1.0,0.20876702243467593,0.007275613041641197,0.12495508685562903,-0.11856370474025239,-0.16898944043494182,-0.03778256839372554,-0.14436117399911658,0.06280655450395818,0.022854418856776387,-0.06391079322139723,0.1601496719145859,-0.1135720398345935,0.06975830721950388,0.18107333020385355,0.08242868993318178,0.1773976663751221,-0.023458998840929304,0.09627875546512227,0.24025029095297445,-0.02430346103169783,0.05917243543354499,0.2663976272314296,-0.04942091799469176,0.06995544749109384,0.6196612558630056,0.059088936260098965,0.019915650543306494,0.11984169266218171,0.31415600628181317,0.15084676368505118,-0.2436052833149361,0.0020786561428549765,0.15929456156259697,0.18727070709688226,-0.2054059717114474,-0.1460947715531691,0.07355384458633746,-0.15107578193609558,-0.06859055448950288,0.023620914757984647,-0.1546142011161587,0.05063887863155705,0.5449465882782164,0.7590704816526239,0.10363902179507113,-0.14385365771369826,0.04176557241314996,-0.2780385267137669,-0.0028639312113622013,-0.03605751994861072,0.30187970962454663,0.1512811038344199,0.11042835108057103,0.16017874904958418,0.005806393536490351,0.3855846926699363,-0.13852523166693734,0.171531411192236,0.11078561011367861,0.16096400744054715,-0.2791059434712911,0.15176252217983685,0.017307621975934242,-0.06062244929458786,0.04543981380260652,-0.07947326709323521,0.07870627910649154,0.09809068238582465,0.07240241570292066,0.1251459070362526,0.4076001270504543,0.05388610452388747,0.36361053147085326,0.11520118992236159,0.0419414555738449,0.016604279579451042,0.09529084414823116,0.03709649689510087,-0.196042975898086,0.36747864125220076,0.323749076643061,-0.07076170193194822,0.24903362741826157,-0.058545725414778156,0.18456657215621178,-0.04782281940197988,0.18593812561453255,-0.06643287067522632,0.8238877102300306,0.01755832260132814,0.06832928719386323,0.2184426166850597,-0.09247306497984918,-0.07071454977078799,0.3457033974525468,-0.06122143531889348,-0.011273568267869084,0.09219623167389265,-0.15585121714373482
Frontal_Med_Orb_L,0.31892516330984216,0.18721157787453999,0.14416072113067618,0.21255958481385734,-0.09608702881098084,0.20876702243467593,1.0,0.21481003702475757,-0.40167045577601973,-0.07370716140330208,0.06840892849827274,0.3148348376359792,-0.033033201772899604,-0.21702536107822284,-0.035794301375565,0.001937218934030166,0.15929175365996462,-0.264206748785557,-0.00745707737959599,-0.027452346956263692,-0.08226339503331138,0.4146860898177388,-0.1337933045004574,-0.22714677192171168,0.30054933493966957,-0.2149880809939531,0.26374710956901426,0.04527918981186791,-0.15133420507050432,0.07067597330763503,0.020436413786348407,-0.30038363258796186,0.18163998225421768,-0.05237599314643831,0.3559915629196582,-0.1275109554547122,-0.0040851258236511276,0.13349291975964678,0.048518052021003,-0.10651304985645621,0.12873649694653855,0.03816690645508347,0.1494121409972367,-0.30082321720846655,0.1620309631330211,-0.09393554490236256,0.09657229257762329,-0.41048063669731316,0.22961350314523987,0.20337590703924843,-0.22044168388378815,0.1038574566595608,-0.150145806046953,-0.11446790637347229,0.027230731118216465,-0.364679770333399,0.19536883182431486,-0.17745324207418375,0.571439001536934,0.5651104946099267,-0.29513140125001686,0.13895788433185427,-0.18599679389124232,-0.19784693017261684,0.13641769461828634,0.021713615148364156,-0.014904503945898573,0.03771409079584273,0.07420005052385467,-0.0816121712039864,-0.024177286324065298,0.25073991745549673,-0.22652199625495475,-0.019531028565915126,-0.013753234121281176,0.1876697604860313,-0.03442921775913708,0.19591798241117792,0.05566790840664652,0.38405878045966324,-0.11745564397304419,0.0819300887382571,0.17679980116835325,-0.16399621781136278,-0.1856229887005576,0.21420179240407194,-0.2555326691321149,0.22257094581594658,0.07675681799877804,0.15763301307922184,0.2024379971043657,0.00503850603444357,0.09463863803989085,-0.132607968958264,0.24632281466447944,-0.08157196359392516,0.13832051846461096,-0.1784233656150229,-0.2695088173828577,0.18642155361419355,0.10129129283322655,-0.19733566971204353,0.03939654766874601,0.2615402443103138,-0.2439035526531623
Insula_L,0.17187036085710103,0.529743665182493,0.28706271585385557,0.26625835731786246,0.013673319653687113,0.007275613041641197,0.21481003702475757,1.0,-0.043554874310293035,0.08166732710105794,0.13776186264627657,0.10542496103351363,0.28778199275529404,-0.047753625068978636,0.4215669861945867,-0.05031126007496929,0.4315174905227695,0.008665094160661148,0.1047657725302466,0.04103293500579378,-0.049757254235891876,0.22327592929546558,0.22121266985428578,-0.17460079991797225,0.3226464038693329,0.1643173491085649,0.5244546898198245,-0.05132923881364433,0.22432756746060667,0.3194086453318462,0.27715455755665713,-0.06163652129980653,0.5621981565687969,0.01829532852760718,0.15953678163240598,0.2412744016567091,0.5225889694942651,0.20700447524236143,0.3243321857806379,0.09161791438674625,0.3743379379841605,0.3426049601384187,0.44820886418321865,0.07267119632546004,0.5502573241379974,0.2673857191585259,0.6412036002448325,-0.0776525688634031,0.1136218190984973,0.16297421773955797,0.0719479290508094,0.3033277741239666,0.23917736069111656,0.37247313231910717,0.04927395471566654,0.09508749708589938,0.4845428060142582,0.13406288728122406,0.35505571112171447,0.3455959587327351,-0.06569839314142507,0.31017813026442126,-0.01298889613331655,0.1532604846283418,-0.15587753136921348,0.5075869195393935,0.5263502994768525,0.31472934548905224,0.495512287079646,0.09059611197740586,0.3227675175414173,0.720986525222434,0.009579713048852039,-0.0024271472391607777,0.1909430405071423,-0.06954004040874708,0.3284669563497406,0.16370341867987956,0.2707098958912417,0.28129321446844524,0.23432275257175403,0.34979223268702575,0.20960849857429426,0.3538444221890121,0.09834779560387585,0.269473398340022,-0.17867442029890232,0.3637767798688561,0.48415599547328664,0.43934907595589245,0.22225124252106226,0.2450110377128572,0.12551799054523563,0.07206679367876657,0.18162440150115955,0.006262320949300759,0.6783046424767981,0.30255121512267846,-0.026659016051844914,0.53203839992548,0.29987249924968945,-0.11552337859124664,-0.21420243826472674,0.709872053328564,0.12528352400316445
Thal_AV_L,-0.391484575752041,-0.15232294415195247,0.011488345727447316,0.0958672120066965,0.11226919516659575,0.12495508685562903,-0.40167045577601973,-0.043554874310293035,1.0,0.006936690382363328,-0.2997672650371403,-0.5286391020482232,0.07604782736861891,0.4088370684812023,0.14341908146870325,0.054555371092298924,0.2078351290157841,0.3651225485394097,0.04186009158193176,0.4420220851405623,-0.09766347646332452,-0.5694823166609952,0.4172062756561716,0.3245197782336243,-0.252198748301092,0.4018227913630308,-0.0719066758539932,0.14693292133344574,0.3464834220521768,0.0811037543188066,0.15165160265125635,0.40329031686678046,-0.12685694215931795,0.38481797552132707,-0.27148362012136684,0.2677227386469969,-0.06494584977268442,-0.16630487668604935,0.0121464036412302,0.3922819558680315,-0.31247200810349335,-0.015469978654019423,-0.20820139410198987,0.45318528714922196,-0.265670493051846,0.13072429650789372,-0.11315076634101112,0.6584078842143458,-0.1839533112936187,0.15690316820095895,0.5672180664281582,-0.3241618894092075,0.38473354036269525,-0.008131527144333956,-0.19095649474301551,0.527915661386208,0.018297494377342335,0.3414587623892144,-0.3542215176496958,-0.4472653251285394,0.5185550890861488,0.013165364729187693,0.25571721241865486,0.45497467442669465,0.0990043152497913,0.10644251334871768,-0.18422519489825043,0.02755304853193229,0.2104843838511334,-0.2094240631527676,0.16079637932147814,-0.16865239052369957,0.3832738967889007,0.35104725756392263,-0.20268852481607288,0.09517724239384066,0.3143061368637268,-0.39257036066045903,0.29928901141760506,-0.6501213912129501,0.23824318118963742,-0.08234441686451932,-0.17546664408600832,0.17419088779223763,0.2377229570174494,-0.006792455162252025,0.6690132129835747,-0.28547965543577236,0.10091386197616757,-0.23034669729574964,-0.06720803988570996,0.04053945008198114,0.15394336784888327,0.20222740207168527,-0.06302068036225307,0.38676425398389874,0.022565107019633865,0.4761440954181894,0.2691030248755113,-0.2579780998011782,-0.30073407182934286,0.3245323493203257,0.07083879451044518,0.035546182031473424,0.4088890584088135
LC_L,-0.22445982008390114,0.06808162500121089,-0.034307662564846964,-0.054936208189567175,0.07569472741558002,-0.11856370474025239,-0.07370716140330208,0.08166732710105794,0.006936690382363328,1.0,0.19951137019202866,0.1319174637945669,-0.01566621962771522,-0.05446131915350977,0.2083537932417492,0.12333322759352396,-0.07199255575920303,0.30574122959145233,0.28341149706041496,-0.10908998753730627,0.10716419502017435,0.14624953082496836,0.1508476242065025,0.09726263914491243,-0.07259267675711997,0.18881635345674044,-0.013880578232273599,0.3588696853477602,0.013308611724716009,-0.23113244054314086,-0.10202299993163423,0.3354745516252724,0.06417705006289857,-0.16961383680369363,-0.052068728683602704,-0.0454783845932666,0.08537505579419893,-0.13982595636265882,-0.03412487335355746,0.005003167401420346,0.035546372700524166,-0.044010669222029564,-0.08546357535122111,0.1066369881507448,0.09892963171323543,-0.20104194972123865,0.1235111109401917,0.20097156394709498,-0.044820688167142846,-0.06561612665672271,-0.11674190331918555,0.20514346478941123,0.13802507475798556,0.39896631509596225,0.3716433888793642,0.222560419422774,-0.12919533341943834,0.0037857824110161635,-0.1258265849532427,0.029519504318241716,-0.13056221614960986,0.2581190316294283,-0.23258935358776783,0.0456076623492203,0.11608061402587633,0.046594879680871525,0.20801551989330808,0.1983324399053315,-0.06715318709845505,-0.01702268746562068,0.21194696645522446,0.05326507190914031,-0.12855851681173527,-0.14955040559617763,0.22035616338294658,-0.12607751114738705,0.0288217814831845,-0.15936218498591118,-0.07382243602466863,-0.03360547584510203,0.02554043226323012,0.05698758981163169,0.18146731052160994,0.3131004465405093,0.1529596686243381,-0.14464971098029283,-0.020100495950185718,0.1115454791345418,-0.0349379741220191,0.07696347526618283,-0.0012062854912731956,-0.11839915962135453,-0.23179614525421452,-0.0849149942053167,-0.10050342026189038,-0.03776962069419542,0.02189132431718862,-0.027720616641877957,0.24517560809726277,0.13200777991217413,-0.0063169897798225315,0.06393568012617813,-0.01649675077226622,0.00780627994523807,0.2787254158326298
Cuneus_L,0.11156754796420165,-0.0466915712743811,0.07618516266345267,0.003667941468302977,-0.07864790361406344,-0.16898944043494182,0.06840892849827274,0.13776186264627657,-0.2997672650371403,0.19951137019202866,1.0,0.2121968174439232,-0.0841331370745783,-0.36347466708740594,0.07860740407254192,0.22448385930411474,-0.10645985031773564,0.12006214187712126,0.15012702653929963,-0.4045525567085381,0.3018299677832786,0.2944478373013838,0.12715473794977136,-0.2340454446909468,0.05549462765807811,0.17118807463546062,0.036815443780221835,0.09833172658691364,-0.03842466862879477,-0.11444282178196029,-0.0957850267728619,0.03913302113956733,0.06633880970826499,-0.361027619509845,0.11769089853327365,-0.1407834933007211,0.1012480233076678,0.09188257192211821,0.1450539961625837,-0.09309702620000065,0.15380129218541147,0.27738079487342826,0.03313789483963861,-0.08170174272376957,0.21908580560965552,-0.09681688077822234,0.2597074781583834,0.007270793070558163,0.05285399531996032,-0.13845992917441305,-0.11284354599658442,0.23673823153145288,0.10752521057960066,0.25741132464233224,0.3509254688807222,0.13830067391391684,0.08192760468935598,0.044461135383170314,0.018367457538394236,0.14358242101810606,-0.054510755089407385,0.05909534857929719,-0.007994227400390987,-0.11459730009835205,-0.027897651524339158,0.06922551643939542,0.15788492141290744,0.18072751704483989,-0.005386412174601853,0.2103463777046514,0.24234195637551217,0.07045276613613065,-0.10617501017558074,-0.24251742099744972,0.41092730500659014,-0.26889701349147954,-0.16605739303367079,0.15522569146039078,-0.23248415681972517,0.25816350191307774,0.11624558006895287,0.023438038747306374,0.21739339236500702,0.2286140133489006,0.11379263649945479,-0.13825822321351391,-0.1610463248884095,0.28345263255987196,0.030918333834745872,0.10714801620506753,0.2091519698291539,-0.14353661816856053,-0.34684541533858454,0.07821094031023697,-0.05436150226200612,-0.14249654530372483,0.11337065542561017,-0.1603130198203139,0.19993621518261812,0.18715103950698211,0.221873061527018,-0.12659493846643577,-0.2607051111396874,0.10715933613867161,0.17486422181666655
Temporal_Pole_Mid_L,0.5861031384524917,0.04344546058164753,0.017455979100660535,0.0009986233831018748,0.08130927975908361,-0.03778256839372554,0.3148348376359792,0.10542496103351363,-0.5286391020482232,0.1319174637945669,0.2121968174439232,1.0,0.024814959826171847,-0.5798916052164559,-0.08820997430141933,0.05966651531324799,-0.06488299883075986,-0.445292475112395,0.01329824878586067,-0.21487718734923472,0.04621098312614572,0.64625158197176,-0.24124989842144895,-0.4342144837395515,0.4249960072370412,-0.13660234376698638,0.03492889334595318,0.11025334170834697,-0.2794158202380079,-0.24794136672076386,-0.14427289760802545,-0.28626863226612226,0.10554367403552214,-0.3824287775444672,0.4335736114091316,-0.2187181920101607,0.05938940109883031,0.1515233483925384,0.037669275428384656,0.08453482096336354,0.3040742835790811,0.0021544905469563554,0.18424888224961006,-0.10465906689948705,0.30179899949568656,-0.01895196738849652,0.1891684023150742,-0.3625168416200704,0.32418334768869195,-0.15171887551631408,-0.31770537379279895,0.3489263158594759,-0.3612744071491705,0.07270328520702116,0.21106975476578863,-0.2689794958161703,0.15069964023282456,-0.0012400852249923788,0.3344887678718249,0.39360109771832036,-0.22253584151322134,0.195455666673487,-0.10968413085792326,0.053392737518896005,-0.06649264478510385,0.0762191444356359,0.1904044937337134,-0.07325854830265212,-0.10742856026630235,0.22556882338028084,0.08348885538136688,0.12681633483076035,-0.3154656492048307,-0.2461018846511546,0.1851198463569072,-0.16133421773657183,-0.09975192524912016,0.49253757682111016,-0.31496673522417257,0.6683129031539412,-0.07071058901016508,0.11760170283651397,0.2465220252547153,-0.041165175205646554,-0.07429359977403571,0.05053809666720869,-0.41521785657733135,0.36181777893561123,0.1935390756070708,0.20646094280194038,0.08725813837077696,-0.19550918350324878,-0.11589548036792753,0.03462852422935535,0.08720967333472869,-0.3080104327482248,0.11803094794111128,-0.4674300849303207,-0.2088785973717996,0.294030499936867,0.267426782646278,-0.4748535939839223,-0.20192252275120712,0.07319875029426244,-0.28343911887995377
Raphe_M,0.17378986639510874,0.14365189120499947,0.20552692290404778,-0.04107232184513184,0.11611526432469618,-0.14436117399911658,-0.033033201772899604,0.28778199275529404,0.07604782736861891,-0.01566621962771522,-0.0841331370745783,0.024814959826171847,1.0,0.062765945584895,0.3527382550697748,-0.10870568554916746,0.16445295468737717,-0.13951895111186186,-0.1174913018394143,0.06001221169718715,-0.03799094428746373,-0.004409115499915404,0.29274988779412203,-0.03721935553813918,0.2750644521938874,0.07865365265825512,0.2543516476567795,-0.08977461332000009,-0.030747960925012092,0.11718008860160949,0.035822329264096585,-0.06984871081849943,0.5049440441751272,0.07602027799085023,-0.0089270506576364,0.029478675144038968,0.3783205438123749,0.24900482864092172,0.23179921441681275,0.17464395589583004,0.2974566742490576,-0.05705965647908883,0.4331061979687312,0.13269301324730906,0.40082224241949904,0.384849849935932,0.42829731821207534,0.004664946730427705,-0.05004239951650905,-0.07966711618991218,0.06477479805224395,0.48013607436023886,0.2583614181255893,0.2293561101779471,-0.07274085599099414,0.06459810410836261,0.29124151589316966,0.04166386610795519,-0.03419396699589815,-0.003927499592281632,0.04508968153410164,-0.07992066679378286,0.15767599557756679,0.11457132976983837,-0.1043937824254974,0.35377603991752155,0.206079774193366,-0.12545598586318296,0.37429713967809414,0.09403023872600813,-0.13847335457425358,0.2033732475166966,0.0341478646060008,0.09132293311455923,0.16800244385468008,-0.003426932826107875,0.1616351118875125,0.14047845080186808,-0.04909950362281005,-0.005660026910880504,-0.07018971208554282,0.3726079685669087,-0.039691219507416074,0.23073405482743306,0.1610728561545213,0.22067771785687057,-0.003207319964816183,0.19709799121751026,0.049976977887684376,-0.07226682839509666,-0.03348071423257152,-0.010177051686158518,0.24445720346775088,0.11647536096174643,-0.13529715357088135,-0.0738106961062059,0.4764837985650448,0.11783025823785236,0.09357941355121281,0.22916698344423583,-0.027275666236731645,-0.07118647095131017,0.050755779485291606,0.189058044069825,0.1510750689424438
Cerebellum_Crus1_R,-0.31139060390026774,0.07586478828181924,-0.11514392401040734,-0.10256243857710066,-0.34820044122752797,0.06280655450395818,-0.21702536107822284,-0.047753625068978636,0.4088370684812023,-0.05446131915350977,-0.36347466708740594,-0.5798916052164559,0.062765945584895,1.0,0.25434449778704854,-0.2821217890110091,0.19151092690558863,0.2672299050226356,0.01577572276560554,0.34731901062100595,-0.07407486839246648,-0.3555855438089367,0.09866380336468455,0.7003528525490825,-0.32068947043917356,-0.07411218461959776,-0.09318301194830282,-0.03178676940145483,0.015007686690578262,0.2652872817302417,0.22168616635695687,0.42246938875172285,0.05040928322950312,0.5577706809743661,-0.2934453356782617,0.17692819543690944,-0.03604965735831205,-0.016453306849572722,-0.07757581926093081,0.009642313541615417,-0.185538252721733,-0.05935920693495548,-0.017276185200813254,-0.15435832750399356,-0.1236818400787352,0.1580389111217537,-0.09661278147991641,0.25033935006664654,-0.15767063314275243,0.22423101539052825,0.3717088336207639,-0.22210066659593086,0.26627174133124576,0.10721660172554272,0.007637320382133472,0.15137533778395365,-0.06460832487110588,0.22371259780633623,-0.24100534296173798,-0.25767331209848915,-0.02559838081642327,0.006563644545852089,-0.21905556089648937,0.15865811539589264,-0.03476030507599645,0.1996823366881966,-0.11557208784118253,0.08499703742367914,0.04495347395909834,-0.22219096345581002,-0.1266056763174001,-0.04930451568826436,0.2288168337428923,0.40658099698237726,-0.02545973095526544,0.3259021010927664,-0.01314355129126567,-0.31980546274838706,0.16983507947378185,-0.47443014977715386,-0.16606734352269256,0.08795869191258687,-0.1281036427348037,0.18069734394799541,-0.06593878285256549,0.17330806132552545,0.2506673918047201,-0.33033807230579076,-0.1354418029191164,-0.18379275078460672,-0.04496775420907724,0.2510876231513179,0.39484472626641215,-0.4179106294732438,-0.03869165953376066,0.5046309326649868,-0.001318454424653134,0.3698524484164838,-0.030517455557648867,-0.09833904681288919,-0.22804611588338458,0.5863536459586016,0.5593061528638988,-0.09608230769464031,0.1748718139242287
Temporal_Mid_R,0.0356830451489728,0.1772393512188461,0.312580838028944,0.2600499371013602,-0.0109642819352068,0.022854418856776387,-0.035794301375565,0.4215669861945867,0.14341908146870325,0.2083537932417492,0.07860740407254192,-0.08820997430141933,0.3527382550697748,0.25434449778704854,1.0,0.0003308504338613202,0.14447442342551134,0.21319599780965262,0.2907084024793743,0.032537740156348895,0.06196089619417018,0.11435239845125604,0.46479997737495893,0.19077365098971524,0.2825005117234973,0.316156901284483,0.29518984791049085,0.1593197562877994,0.06622743037271757,0.05668580097682926,0.11619521410968287,0.2798508788901239,0.48850029107838555,0.010563931031140374,0.07726298474309741,0.09769440837862205,0.4075502848016851,0.1298527590502148,0.12596415985658568,0.23066121572755113,0.20638357229074675,-0.12108269170254476,0.39119957761367896,0.16251246306379333,0.39013590172326273,0.2865649149111778,0.521380614819347,0.3067838102271677,0.09431494927438955,0.2237705000930444,0.015604949874415132,0.2985942590163696,0.504102280551277,0.4385091242132116,0.053280486489362365,0.36094314688733753,0.2091249760084593,0.08321876264477496,-0.08503194349229419,0.0840866580100618,-0.04923649455492377,0.16046854029346003,-0.1241459242042567,0.17559125893459207,-0.07297820280776014,0.5444866362238998,0.38712807556139467,0.214229913886047,0.229076807632723,-0.07598691295334915,0.06336236890046915,0.37226843482675775,-0.04174187394374071,0.09493321626346203,0.4462057797383057,-0.0024509677910286376,0.28393891561043294,-0.014601822405646283,0.23530174735481177,0.04902966871665555,-0.11071574660852171,0.7068809964229822,0.02442799676609272,0.4820446095034013,0.14655605661157498,0.18761106093215038,0.2480443392204834,0.2698595337491014,0.09572280100406376,-0.08143232975306598,-0.016352405734340297,-0.11958441439010901,0.04445536644667879,0.044065253595986016,0.09248205406763156,0.07612669381867133,0.4837740533660412,0.2801005191414402,0.2279622604666133,0.17540434449343428,-0.003947789985299336,0.06292425624481594,-0.033364406684272076,0.3305544743143615,0.39283962099163966
Occipital_Mid_R,-0.09197089099250536,-0.20965086263196034,-0.054553774664384526,0.026286973965558392,0.18760081814420634,-0.06391079322139723,0.001937218934030166,-0.05031126007496929,0.054555371092298924,0.12333322759352396,0.22448385930411474,0.05966651531324799,-0.10870568554916746,-0.2821217890110091,0.0003308504338613202,1.0,-0.23461301503335857,0.15214090960582205,0.1549027376029221,-0.20041043372783662,0.19608296280886778,0.03390375803668366,0.3266172970330509,-0.21919889878037138,0.034444824194758875,0.43024583730268573,-0.044934661039546325,0.2399284850883615,0.0693142822701373,-0.2521455900879674,-0.12354507186310953,0.13508834178047893,-0.04186154974739038,-0.35651733794211177,0.06313081893743527,-0.17180028550573218,-0.034825568087379466,-0.10577925244278392,0.0829852383710563,0.21478622206799328,-0.09295077964174076,-0.01314609939975007,-0.12997882233870525,0.22307443631469426,-0.036006797505819255,-0.13801077635707315,-0.0405819379441286,0.38736060603250794,0.00480737143484433,-0.19650696457976732,-0.14102045493644955,0.09220261060316157,0.24820379691957095,-0.019818732435467962,0.039171306329308056,0.38074756526491527,-0.15764930680110573,0.07034610161138594,-0.1045906644179138,-0.07400103671892273,0.304629947484356,0.013586935738627563,0.20519458311524066,0.18707030137698996,0.13644252425973732,0.05344944248546361,-0.04641184075261373,-0.0731191365622629,0.04592643159244404,0.1820573202737786,0.2602595113580547,-0.11066933873171912,0.0009798630339537418,-0.14202428921176566,0.07753637970314854,-0.20995419592848494,0.05212680215555069,-0.03376044009904676,-0.10489632224134292,0.004870669276170764,0.13926682260439036,-0.06562096765446132,0.13440115371893427,0.20496510816756053,0.2751773552049627,-0.21273162100464535,0.1050738176079579,0.04114532129602016,0.035712609037761044,-0.010615541067877954,-0.06569264579580258,-0.16275786860543112,-0.4608549991454739,0.2950689338987453,-0.06468893322470447,-0.33810757714768974,0.02448667211106427,-0.0850227487370004,0.3091078169206085,-0.20050354315560684,-0.03378779091882169,-0.09753920328361093,-0.28539490758493014,0.04744772127238861,0.20929067067879767
Putamen_R,0.27074403422665577,0.2707784997271061,0.26484328410753816,0.3168323328115166,-0.27784381777120465,0.1601496719145859,0.15929175365996462,0.4315174905227695,0.2078351290157841,-0.07199255575920303,-0.10645985031773564,-0.06488299883075986,0.16445295468737717,0.19151092690558863,0.14447442342551134,-0.23461301503335857,1.0,0.07276768610793306,0.04246723641893353,0.08276112510579098,-0.06894897864267412,0.053312863240489373,0.08198486826498103,0.04145757291771439,0.0905794143320517,-0.1611503946977002,0.2791123320726991,-0.13812942747313953,0.011610294075806393,0.2742366922101524,0.30100507788549036,0.008463466202312678,0.45035310345432605,0.29058939950558743,0.26177358498901987,0.19046267454130353,0.13211919122814178,0.506200985463597,0.1902498144814844,-0.05135281752789395,-0.02819111342522765,0.3230706669582829,0.14629093606922444,-0.22970752690646812,0.16098632525633283,0.48709533331507443,0.27760042579207284,-0.16540409009560514,0.08382712028096734,0.3644040202170718,0.3681094570138756,-0.004612661425508017,0.018621228733990768,0.10991544332762852,0.1782216935748116,-0.08228453965428438,0.5279067001837155,0.3400661874718188,0.20465394980841853,0.40351573623324183,-0.1949598862686936,0.25157954056294124,-0.18914556015055659,0.08469746818248217,-0.02949002100656101,0.27315057935594844,0.035615580489413295,0.15413281742207807,0.24388738753851824,-0.0987670630746633,0.10574714788736528,0.24000352538284134,0.060036088320162356,0.18252783302914213,0.027423542957736913,0.2547542860798864,0.1318981996455669,-0.02838375519262174,0.2346344271522784,0.0731083140933983,0.1291981140418487,0.12587306843288357,0.29416539454560836,0.12463748796227246,-0.1942268901854215,0.3240294375907167,-0.06406548747781902,0.05417217120848866,0.33095839431474383,0.11214815696633082,0.31288470398871365,0.13866064752645205,0.2965019284868864,-0.29872465023262507,0.23536006006275845,0.25489377517061,0.38559723198509765,0.26405425891066053,-0.2726293473681129,0.2749734169189746,0.04052690090166838,0.1643729568925662,0.026415809704921803,0.337226444693744,0.027048419820734002
Cerebellum_8_L,-0.30552622487833,-0.05562047638159774,-0.12424109179112033,-0.01682081880357836,-0.024346471380565074,-0.1135720398345935,-0.264206748785557,0.008665094160661148,0.3651225485394097,0.30574122959145233,0.12006214187712126,-0.445292475112395,-0.13951895111186186,0.2672299050226356,0.21319599780965262,0.15214090960582205,0.07276768610793306,1.0,0.3452615174859079,-0.10372218235396653,0.1365648839871806,-0.14223109758252575,0.3542401324117527,0.2725935542304555,-0.3748135193576326,0.3586236019118426,-0.08392087946235353,0.2277571054664222,0.03165113061745035,-0.042467838008595424,-0.04147144231326494,0.567310542825479,-0.055061085466160044,0.021490901943181862,-0.24764472366465853,-0.08047465931226078,0.025907065059577516,-0.05726105594100485,0.062489209654561,-0.046579514415724166,-0.36772717317284365,0.07978715169915125,-0.2559265529789618,0.22258839196654662,-0.12919333450440326,-0.04211756066715967,-0.09794686073445542,0.49912824107696646,-0.11035990577530339,0.021155579677059274,0.21494313946407778,-0.06760820967606049,0.4668071152553185,0.26791882773812153,0.29249414532381796,0.4945124992752893,-0.019709230246367074,0.2851645751351642,-0.36713621670702584,-0.23283056594059356,0.2049370103062671,0.057642360869596995,-0.03815429422301948,0.10820914578484413,0.24479682230251426,0.08802147770247741,0.015410814696801015,0.25891837005824275,0.08589593055218693,-0.10003477418667059,0.33930679404278313,-0.0909986601745308,0.0981074536139324,0.0440667391213974,0.14323650738943164,-0.06521730128310474,0.09870599380201404,-0.4036920096006059,0.1784898574941744,-0.4418346464129682,0.1311341767325506,-0.11287128210421402,0.17361073814871356,0.3977448715054321,0.18448206271393686,-0.3225068371503042,0.29143370895934784,-0.17112148981446318,-0.14159470235136623,-0.11341123396508414,0.14285807545618295,-0.054786778052731806,-0.26516126787236083,-0.01580183435112766,-0.11743768899881993,0.0883423439968482,0.0320909700328198,0.3768591196284888,0.28000153834795777,-0.251645459104627,-0.21527562204492778,0.4840644819145821,0.02475804017175266,-0.047311460807388656,0.46624415192724994
