,Raphe_M,Cingulate_Mid_R,Cingulate_Mid_L,SN_pr_L,Lingual_R,Occipital_Sup_R,Postcentral_L,Vermis_9,ACC_sub_L,Frontal_Inf_Tri_R,Thal_PuL_L,Thal_PuM_R,SN_pc_L,OFCmed_R,Occipital_Mid_R,Lingual_L,Olfactory_R,Frontal_Inf_Oper_R,Frontal_Sup_2_L,Occipital_Sup_L,Occipital_Inf_L,ACC_sub_R,Hippocampus_L,Thal_PuA_L,Calcarine_R,Frontal_Sup_2_R,Insula_R,Pallidum_L,Heschl_L,Cerebellum_3_L,Frontal_Inf_Tri_L,Cingulate_Post_R,Occipital_Inf_R,Caudate_R,Supp_Motor_Area_L,Frontal_Inf_Oper_L,Angular_L,Cerebellum_10_L,Vermis_10,Cerebellum_9_L,Temporal_Pole_Sup_R,N_Acc_L,Cerebellum_6_L,Temporal_Sup_L,Thal_LP_R,Temporal_Pole_Sup_L,Putamen_R,Hippocampus_R,ACC_pre_L,Precentral_L,Amygdala_L,Thal_PuI_L,ACC_sup_L,Thal_PuL_R,Frontal_Mid_2_L
Raphe_M,1.0,0.14508496219470943,0.1610728561545213,0.37429713967809414,0.29274988779412203,0.04974013885926101,0.07602027799085023,-0.07118647095131017,0.14047845080186808,0.2033732475166966,-0.12545598586318296,-0.07966711618991218,0.2543516476567795,-0.0089270506576364,-0.10870568554916746,0.1510750689424438,0.30270950184375417,0.14365189120499947,0.210722563785101,-0.0738106961062059,0.02344518196536165,-0.012444255949333436,0.42829731821207534,0.029478675144038968,0.004664946730427705,0.15085771700962122,0.12674263762150742,0.07426425987871729,0.008696952374195642,0.11457132976983837,-0.07226682839509666,0.31230934666952825,-0.19398843636381127,0.29124151589316966,0.15767599557756679,-0.010177051686158518,0.12480279524499974,-0.003207319964816183,0.16800244385468008,0.043364980817419976,0.21476835273791733,0.26281872178748117,-0.06984871081849943,-0.13847335457425358,0.11783025823785236,-0.07274085599099414,0.16445295468737717,0.5049440441751272,-0.03348071423257152,0.04569171311364052,0.27297483727891486,0.12882509678919338,-0.05705965647908883,-0.04909950362281005,0.19010051540717884
Cingulate_Mid_R,0.14508496219470943,1.0,0.8230481449595819,0.26544341199747384,0.34910991463811225,-0.22563335518160252,-0.10500548558257256,-0.17235758516108107,0.07094007322553636,0.16562008842578527,-0.0241850532950645,-0.14204924767257834,-0.0006532404863407071,-0.09960083174287472,0.28453106179724624,0.35367986209357916,-0.05269597982159543,0.2506058564162848,0.18943371504129847,-0.04009820697924287,-0.00879185496466075,0.1887953836331873,0.22548133748549268,0.0810043843594544,0.4748066677900961,0.5035533199000919,0.0574055945365342,0.14562160079627978,0.11252604121615264,0.36467982974626734,0.06445168074045175,0.3522644503018158,0.09163799117371786,0.06343201862850542,0.6548411636239965,0.13192533625760014,-0.10521704856996085,0.4159451344010017,-0.08673421430553092,-0.15496130713205458,-0.09958990700083253,0.051910985082821555,0.1300873200451767,0.09206630169971332,0.1245798011428555,-0.22596914699132697,-0.21861384308154325,-0.08162630857252251,0.10804894211288425,0.46641363496387994,0.21667153141111253,0.016877728434615245,0.1935723846990963,0.030235447752252675,0.26592272418997126
Cingulate_Mid_L,0.1610728561545213,0.8230481449595819,1.0,0.3320473666765499,0.5041803791111751,-0.26787372853981256,-0.06912833052750188,-0.2503840791583168,-0.09809633700067082,0.3064574945433178,-0.10960174644988849,-0.21390173021120099,0.09077088934789022,-0.16250047400699516,0.2751773552049627,0.5672820336366395,-0.1905568402717258,0.2821417781677219,0.22675155949271314,0.03019585595434066,0.042273642135460116,0.30720103974410184,0.3424364967905817,0.02638067395489462,0.5098155241459833,0.5425704812695481,0.10932991779605021,0.0066742477013615395,0.1504821658087417,0.2772321401370642,0.0774743612759822,0.37606962227469626,0.16191507081732842,0.027654550980206943,0.6998053114499226,0.23024054964320353,-0.14166915893048476,0.3412351118036517,-0.05815853572291431,-0.32046437822328266,-0.12849802610479227,0.07656967601458195,0.23903955413191094,0.10669932295081841,0.2076311038828268,-0.18420469513777815,-0.1942268901854215,0.02152069955451453,0.08176375234564252,0.5382683345683077,0.36530099130682636,-0.03386338036351191,0.29093796447106646,0.017301032571645808,0.4027341337395929
SN_pr_L,0.37429713967809414,0.26544341199747384,0.3320473666765499,1.0,0.40506038574410663,0.013735008352512701,0.2912117330600743,-0.19922800320069045,-0.07646144273740645,0.4932643335147346,-0.02195972767628256,0.07314869730218887,0.6065501340068816,-0.11526210179598913,0.04592643159244404,0.33294507844425086,0.2897063625676781,0.34410599081115173,0.3844274616379328,0.06370984591780496,-0.0021969096926617885,0.11360502879946675,0.4860659137864986,0.22197036344361226,0.15888744258139764,0.46248051338292057,0.5139567998204472,0.04471099096755383,0.12504288914492567,0.21642151255407222,0.24281891945643552,0.29066917766360395,-0.07636860449153385,0.27771258578119823,0.3665676978203423,0.3968129615780886,0.08521224251963827,0.0386359407276058,-0.05627732747177565,-0.34747769142534124,0.0932310434258236,0.28874445048828384,-0.09921713196372424,0.2003556006989078,0.3344085547486116,-0.25409789461506654,0.24388738753851824,0.5257690370374332,0.0716525352529729,0.43399229970752784,0.3409552933002015,0.13194249001113206,0.20050547263272256,0.2860144050225827,0.22457802588673453
Lingual_R,0.29274988779412203,0.34910991463811225,0.5041803791111751,0.40506038574410663,1.0,-0.3485064518935379,-0.0945872571741711,0.012130055895250055,-0.35198923542733246,0.1974983288930507,0.005615370562923507,0.11285865412012856,0.33943662790248785,0.028658771154342073,0.3266172970330509,0.7300608500260972,-0.05006365845795844,-0.0666494240525859,0.21249112623133307,-0.0892889611991509,-0.04550006803882447,0.5524754546259427,0.31578749903565095,-0.07471989142324025,0.728952135726218,0.27443919056819566,0.23132776829558913,-0.012405803027733597,0.22925098379765488,0.2659102626604476,-0.06994179822938221,0.33310211277772045,0.17420554255944498,0.1578771902207526,0.33588428993688196,-0.0748760296545783,-0.27072550857647726,0.49845245398207266,0.3508087413236186,-0.1155616023393427,0.07845699408977158,0.4129398810117032,0.5284690518661048,0.44859571645742813,0.3675976531152399,0.09403376417815827,0.08198486826498103,0.4140917808853947,0.03424618403312077,0.15132618359246808,0.31613332542031125,0.10657710000162132,0.07274582911779313,0.1654751557315955,0.15685034296348999
Occipital_Sup_R,0.04974013885926101,-0.22563335518160252,-0.26787372853981256,0.013735008352512701,-0.3485064518935379,1.0,0.6160984436818856,0.28106243169285855,0.027969903587154798,0.023741066778234156,-0.01421829023642387,0.10849187713540996,-0.07112116370010067,-0.10650438198483159,-0.39233796259296155,-0.24752265160445575,0.03271928830357309,0.18617184593051342,-0.023315995962220944,0.49678940937871374,-0.05712142403331699,-0.20305804039906233,-0.08342138066342293,0.2071810954387335,-0.2761489862139042,-0.04894863987438241,0.065093064847503,-0.13571938065558609,-0.05685743949658368,0.02266788783266882,0.02194583108274257,-0.36189459624622317,-0.21557642426965407,0.03159456754802351,-0.12651148028675774,0.38220144675236606,0.3967311900979437,-0.10584167774214095,-0.35125836407537203,0.06889734601441887,0.06168643569287012,-0.08435679308368972,-0.1414490174111938,-0.2814152488040613,0.07891044592703343,-0.2139512971249455,0.29973020055728866,-0.051743225616515,0.028867273557085307,0.21361369682699666,-0.34855709550255554,0.0612670193609958,0.06016495962610893,0.08548332388292451,-0.13632477790908654
Postcentral_L,0.07602027799085023,-0.10500548558257256,-0.06912833052750188,0.2912117330600743,-0.0945872571741711,0.6160984436818856,1.0,0.2661149659317284,-0.16833400823599903,0.06196683375458352,-0.06324198479367697,0.19322133991586685,0.010407586636819864,-0.2339490057609434,-0.35651733794211177,0.03904741894250941,-0.0654443612980772,0.21411671572082047,-0.03954614805364,0.5847237724549078,0.0016565064055400725,0.07482117148249072,0.001633128573702857,0.38383549581792953,0.025618559333285437,-0.014763224291259022,0.066343273744877,-0.19440960369661567,-0.02940338278663621,0.17434883991386635,0.018690094357605477,-0.2725042451580652,-0.1192081998142156,0.02875485240781869,0.07531873272653115,0.5037866553655947,0.4409989520023905,0.10702305072349098,-0.4520814449152167,-0.1031673982542843,-0.06234555864553313,0.012269667877736267,0.022132848928671563,-0.1441489543342527,0.343030888627741,-0.322956578964595,0.29058939950558743,0.005357718388931633,-0.052117711257974715,0.44946099570949344,-0.31922736768149623,0.05529879006525291,0.012887331140463157,0.2292836790810288,-0.19031496463031683
Vermis_9,-0.07118647095131017,-0.17235758516108107,-0.2503840791583168,-0.19922800320069045,0.012130055895250055,0.28106243169285855,0.2661149659317284,1.0,-0.34288521647311193,-0.22609920450521784,0.2580341768753609,0.11533893813239882,-0.1610813824819122,-0.2686714707473281,-0.09753920328361093,0.01864763731594049,-0.373001290000079,-0.023088724272340284,-0.4225978540414099,0.2651762141134092,-0.09436236701787662,0.28822712592023014,-0.36426312110378245,-0.04023160344133447,0.2293522882427858,-0.39859056468315396,-0.07998112474173899,-0.1532284739939073,-0.026994131569519342,-0.12549309151096608,-0.07002689397783626,-0.4346315291687783,0.12749702521560533,-0.21995753047249514,-0.3633913352462726,0.007914834495680739,0.01782347259358967,0.0977002677627003,-0.013206018728984172,0.2593507920124742,-0.12007117213616773,-0.12544360099188331,0.42886754732117915,0.11342882213543212,0.26914816508944184,0.3345285496217198,0.1643729568925662,-0.026841842941006975,-0.050433186528635085,-0.1887879644305165,-0.4840961198918471,0.05152772834256279,-0.12825342220722458,-0.012213175790442224,-0.3971874503013714
ACC_sub_L,0.14047845080186808,0.07094007322553636,-0.09809633700067082,-0.07646144273740645,-0.35198923542733246,0.027969903587154798,-0.16833400823599903,-0.34288521647311193,1.0,0.09677158077799096,0.03372485307228721,-0.07042833802749673,-0.06673660276293494,0.3295498206626794,-0.03376044009904676,-0.3356303667935546,0.47196552161562855,0.1809418249888139,0.2229445708168409,-0.08332786463743665,0.08250808822930339,-0.3042819612852133,0.23571763188218098,0.11092835524395896,-0.3916001607611429,0.157194702576821,0.15734746964924817,0.33462989434662094,-0.10858777225147498,0.08991721633744353,0.06875085871303462,-0.07075757913171252,-0.06517837403098872,0.28601926926880905,-0.07732735302071071,-0.03775180299671266,0.09319044452852353,-0.31133975842919775,0.16096210950537626,0.2146596174719324,0.2907642083397235,0.08993592311218183,-0.35068145449030125,-0.1544160754327326,-0.23088722379309073,0.007567534729861426,-0.02838375519262174,0.03234744265546889,0.2339683361640011,-0.08243137833079246,0.3104124510301512,0.09019565638338982,0.10665609306302477,-0.23182983926253864,0.09442377295279013
Frontal_Inf_Tri_R,0.2033732475166966,0.16562008842578527,0.3064574945433178,0.4932643335147346,0.1974983288930507,0.023741066778234156,0.06196683375458352,-0.22609920450521784,0.09677158077799096,1.0,0.12673131394743983,0.06874389349603358,0.4491357649623223,0.07673661791247306,-0.11066933873171912,0.17074414469276533,0.27416372331762945,0.7819425604465055,0.5059394997323158,0.001806301940527931,0.03176069729821692,-0.04942674930955185,0.5755265506878985,0.17736188190699562,-0.11229361246059383,0.5649495849941526,0.6835284175479341,0.23232530411311753,0.08560531170213506,0.011146964833081696,0.617513719185585,0.21856246830986845,0.01833696724804426,0.3284250298191857,0.17755107946496243,0.5247693408289313,-0.00883675770618491,-0.14882102863807659,0.0359265628628208,-0.20336645071454218,0.5137720365687859,0.13534570351083755,-0.11189151009401171,0.13777097117743403,0.1421387818319487,-0.12387254817877658,0.24000352538284134,0.5250048075512619,0.1272003039171315,0.3020508222755557,0.4506021429272729,-8.914463415022042e-06,0.24940195990812397,0.17470919950418662,0.39137396039815653
Thal_PuL_L,-0.12545598586318296,-0.0241850532950645,-0.10960174644988849,-0.02195972767628256,0.005615370562923507,-0.01421829023642387,-0.06324198479367697,0.2580341768753609,0.03372485307228721,0.12673131394743983,1.0,0.37055762139684534,0.07560948399713294,-0.08031709175416758,-0.0731191365622629,-0.02853858247576374,-0.02066198583394172,0.11429321374177258,-0.01408943856495828,0.049182754194324385,-0.09304367718654763,0.002679698979029396,0.06860586856268684,0.14912111454279287,0.09738135899003364,0.08916162799267127,0.2967337447989967,0.10602359976061024,0.49785203427942404,-0.005521986260804545,0.02957493834270585,0.10696016486696047,0.006657333357928436,0.1804532846902418,-0.3052077192270894,-0.09914125732069999,-0.055715755326041685,-0.035838251033232335,0.17738092726598598,0.15321944658417327,0.28083642193289465,-0.21229316462115638,0.15476827211998428,0.18766804801680512,0.16974395782432639,0.22267525240425678,0.15413281742207807,0.09331222449726669,0.252022402120785,-0.21922594388128405,0.009002771894308165,0.042439810903228556,0.11277058386790821,0.31337858804243574,-0.26564582975699436
Thal_PuM_R,-0.07966711618991218,-0.14204924767257834,-0.21390173021120099,0.07314869730218887,0.11285865412012856,0.10849187713540996,0.19322133991586685,0.11533893813239882,-0.07042833802749673,0.06874389349603358,0.37055762139684534,1.0,0.15619278305989218,0.25172894386407246,-0.19650696457976732,0.02238761190657215,0.1726813154879879,0.12229115666383089,0.08346059391594778,0.15486578630348843,-0.13518663331122285,0.07638602323154527,0.03380241486552046,0.21032791323618544,0.06807236564189326,0.005486805838051072,0.3675111431565606,0.172215746359236,0.26623901984440707,0.09471072041295721,-0.0652099435420044,-0.0425637733026993,0.005621248898082847,0.41835969732742306,-0.2702808776363418,0.00794567606199089,0.18367945813811334,0.2812816889004954,0.10321648858278401,0.16249056483518043,0.3257473583454543,0.09639005377558647,0.19010358139173028,0.13103219029281646,0.3559882801473939,0.13208132606531311,0.3644040202170718,0.17320337949096706,0.23734007571312757,-0.10855839495855843,-0.05964809661649467,0.2603696595947153,-0.03777666633284911,0.5800794657251833,-0.3740933731675486
SN_pc_L,0.2543516476567795,-0.0006532404863407071,0.09077088934789022,0.6065501340068816,0.33943662790248785,-0.07112116370010067,0.010407586636819864,-0.1610813824819122,-0.06673660276293494,0.4491357649623223,0.07560948399713294,0.15619278305989218,1.0,0.11110042727543087,-0.044934661039546325,0.18110684594445906,0.2718463209665795,0.20623523966970791,0.44876505151224294,-0.06447598666519146,0.007838580257509975,0.036320399703441725,0.4585370611497674,0.06632316054241702,-0.030353160708974876,0.21846603671996262,0.4775734721007317,0.08527278003560705,0.11455762658369344,-0.12771216773741312,0.3403347601131476,0.31698844810635923,-0.047062905605593175,0.20880689038668876,0.08932387914599191,0.1831437767146096,-0.07573146549807376,-0.023116488143179976,0.20676818666794217,-0.10965479619962962,0.2673128954160507,0.32178337997004164,-0.07021251452125297,0.28688965939523253,0.1653047740338989,-0.004101878552688501,0.2791123320726991,0.6779439443601648,0.0157940006153567,0.07040345092863728,0.34841578173571536,0.07355385948793092,0.1223009724792376,0.2434472548513817,0.24661735441920907
OFCmed_R,-0.0089270506576364,-0.09960083174287472,-0.16250047400699516,-0.11526210179598913,0.028658771154342073,-0.10650438198483159,-0.2339490057609434,-0.2686714707473281,0.3295498206626794,0.07673661791247306,-0.08031709175416758,0.25172894386407246,0.11110042727543087,1.0,0.06313081893743527,-0.08925617540110443,0.5550116443496361,0.00038501573085160965,0.42513121971035117,-0.18628449275562275,0.03396414230468386,-0.020983016268184024,0.295216819301735,0.013207934304089865,-0.2040577846893259,0.02844970596843076,0.26650535944233256,0.4079788461696052,-0.19890309755629343,0.08644351022551905,0.10401246588344706,-0.050279930834834834,0.06784619428620735,0.28775811632769244,-0.13056517877241197,-0.19985618949236073,-0.053178677437659236,-0.027092408763531545,0.3502420813610768,0.3007684022608711,0.42877838620760605,0.542595750756606,-0.10614734960740727,0.13095730160452743,-0.20343492376552688,0.2212668830635993,0.26177358498901987,0.29082876954056053,0.24678728537159703,-0.1894916705541755,0.43894928972416813,0.1126066476600526,0.17760922882321137,-0.15934139367501432,0.17230811980067415
Occipital_Mid_R,-0.10870568554916746,0.28453106179724624,0.2751773552049627,0.04592643159244404,0.3266172970330509,-0.39233796259296155,-0.35651733794211177,-0.09753920328361093,-0.03376044009904676,-0.11066933873171912,-0.0731191365622629,-0.19650696457976732,-0.044934661039546325,0.06313081893743527,1.0,0.20929067067879767,-0.004514752168170396,-0.20965086263196034,0.04073990173090567,-0.33810757714768974,-0.03788820866812766,0.1880307494373881,-0.0405819379441286,-0.17180028550573218,0.38736060603250794,0.043525251031301684,-0.10428266075281205,0.11098727757086713,0.024422457221301097,0.18707030137698996,-0.010615541067877954,0.1281267544156767,0.35710624035207844,-0.15764930680110573,0.20519458311524066,-0.16275786860543112,-0.28706280514166826,0.1050738176079579,0.07753637970314854,-0.07046510032768184,-0.11463584856950502,0.15854766285141328,0.13508834178047893,0.2602595113580547,-0.0850227487370004,0.039171306329308056,-0.23461301503335857,-0.04186154974739038,-0.06569264579580258,0.05502634842529859,0.15256861825925386,-0.08913367850249077,-0.01314609939975007,-0.10489632224134292,0.08792784039198284
Lingual_L,0.1510750689424438,0.35367986209357916,0.5672820336366395,0.33294507844425086,0.7300608500260972,-0.24752265160445575,0.03904741894250941,0.01864763731594049,-0.3356303667935546,0.17074414469276533,-0.02853858247576374,0.02238761190657215,0.18110684594445906,-0.08925617540110443,0.20929067067879767,1.0,-0.16226472246187917,-0.017174486525776984,0.11565023683901117,0.11543665045262616,-0.001800939585979146,0.5570964509071368,0.4442222433208822,0.019939897384455542,0.6455185164626124,0.3040254647028871,0.23953518591185008,-0.06662416012185211,0.15223411379191965,0.2777944215883125,-0.035143840126719006,0.24187287570435087,0.19757613490535533,0.06994499561466003,0.2950507230190424,0.06502064643830144,-0.1453219860079076,0.427235119736119,0.26315413947244265,-0.14804014527503803,0.027633932529470412,0.3084816144587339,0.6022227637577926,0.37197569071216374,0.3599004316395931,0.1591620241786023,0.027048419820734002,0.2381856349765795,0.1804512177839256,0.2833872770868409,0.3718720028843537,0.02970454313690604,0.24258519625685798,0.10558942848009625,0.15414602008612632
Olfactory_R,0.30270950184375417,-0.05269597982159543,-0.1905568402717258,0.2897063625676781,-0.05006365845795844,0.03271928830357309,-0.0654443612980772,-0.373001290000079,0.47196552161562855,0.27416372331762945,-0.02066198583394172,0.1726813154879879,0.2718463209665795,0.5550116443496361,-0.004514752168170396,-0.16226472246187917,1.0,0.20912223720329484,0.550014317767987,-0.15174375406209425,-0.030990727222277536,-0.14909992825030785,0.46153014799794595,0.10131212806844887,-0.3741818585499945,0.2568159846193358,0.4594680350459046,0.4746878108648474,-0.10631807557053989,0.013414099293576039,0.18835168194873875,0.13410162078517734,-0.013442947936650422,0.5583624411998495,0.0071358510343652775,0.017495538057535925,0.05839177886061894,-0.3076270615251473,0.17695065149496503,0.07785711801666716,0.42253275413406427,0.5700327353056245,-0.4000831257194458,0.02364205225676639,-0.09647642125861564,0.03772569103943056,0.41168992539765165,0.5135215078568482,0.3529951447913459,-0.006686832985804876,0.5357379830937266,0.28059196364099664,0.21018098671975674,-0.005469220174176194,0.28545340477862424
Frontal_Inf_Oper_R,0.14365189120499947,0.2506058564162848,0.2821417781677219,0.34410599081115173,-0.0666494240525859,0.18617184593051342,0.21411671572082047,-0.023088724272340284,0.1809418249888139,0.7819425604465055,0.11429321374177258,0.12229115666383089,0.20623523966970791,0.00038501573085160965,-0.20965086263196034,-0.017174486525776984,0.20912223720329484,1.0,0.30779257870552157,0.1084217589461548,-0.06890038116837392,-0.0935737488119559,0.3826242530588477,0.2517708303648411,-0.19060301555051667,0.4422744088556411,0.5809643147255188,0.23835876777604095,-0.061859942802205775,0.06260308328348842,0.5480255048604677,-0.04078568590774538,-0.009968914196182092,0.2757787507906453,0.09119631942163903,0.6087308288646462,0.07544254545067129,-0.17234605812321924,-0.10480161937644507,-0.05280727057321317,0.3640484313249426,-0.011908608490217215,-0.09132944006725732,-0.017048258614824577,0.18960179621083967,-0.08413638275797924,0.2707784997271061,0.333496243915787,0.2108372486131467,0.328974229553651,0.23852949910356935,0.026949767927708188,0.25763008203381615,0.08622862712533257,0.28691018772136945
Frontal_Sup_2_L,0.210722563785101,0.18943371504129847,0.22675155949271314,0.3844274616379328,0.21249112623133307,-0.023315995962220944,-0.03954614805364,-0.4225978540414099,0.2229445708168409,0.5059394997323158,-0.01408943856495828,0.08346059391594778,0.44876505151224294,0.42513121971035117,0.04073990173090567,0.11565023683901117,0.550014317767987,0.30779257870552157,1.0,-0.08782328935463259,0.06873042388687779,-0.0682719206371419,0.6008125749749883,0.16093323281264046,-0.15762352549035782,0.47342912443945534,0.5407116983094242,0.3459464763581892,0.12840048548853664,0.06002257286682842,0.49032359054062064,0.2545117060643981,-0.0398692477853413,0.29876657372064713,0.3638800333797477,0.36338058061260003,0.027332627189080676,-0.08218469072579276,0.030927128774969104,-0.12864877677175926,0.3992172846345052,0.4439046276434404,-0.2961376251019655,0.18257187570298752,-0.029134988805987933,-0.16061161140382735,0.21125068437935268,0.5005908599239755,0.23138119470255483,0.3641788891031431,0.5740620918670826,0.0854970785685529,0.32373228222444284,0.051052012653240705,0.6679856625277689
Occipital_Sup_L,-0.0738106961062059,-0.04009820697924287,0.03019585595434066,0.06370984591780496,-0.0892889611991509,0.49678940937871374,0.5847237724549078,0.2651762141134092,-0.08332786463743665,0.001806301940527931,0.049182754194324385,0.15486578630348843,-0.06447598666519146,-0.18628449275562275,-0.33810757714768974,0.11543665045262616,-0.15174375406209425,0.1084217589461548,-0.08782328935463259,1.0,-0.017072095697796073,0.14521343856918886,0.048690121162897726,0.2961884918328128,0.08437879479186283,0.03297260280243345,0.11175202400070275,-0.05668683284182456,0.12139844534515333,0.07717816949269511,-0.09089388976396394,-0.24805855996608303,-0.08010072232340984,0.062312289670048635,0.0012320119082548252,0.30683164237522315,0.38105616562154615,0.13082837297096342,-0.2600966192239942,-0.11068369762805033,-0.004627603753932523,0.015387903652910333,0.11123801553359874,-0.12240548271214034,0.3222443670442893,-0.09973731910026283,0.25489377517061,-0.08292442757803925,0.047024974336574425,0.28976200809334507,-0.20950117168643606,0.07344465585444344,0.1251223064690626,0.22291638367687913,-0.21496748354078576
Occipital_Inf_L,0.02344518196536165,-0.00879185496466075,0.042273642135460116,-0.0021969096926617885,-0.04550006803882447,-0.05712142403331699,0.0016565064055400725,-0.09436236701787662,0.08250808822930339,0.03176069729821692,-0.09304367718654763,-0.13518663331122285,0.007838580257509975,0.03396414230468386,-0.03788820866812766,-0.001800939585979146,-0.030990727222277536,-0.06890038116837392,0.06873042388687779,-0.017072095697796073,1.0,-0.05739036761183255,0.04827950379546806,-0.00020239846944718974,-0.05185297258444416,-0.04220008905083604,-0.06292667709449551,-0.030197117712749227,-0.01710331467255926,-0.0823439260863499,0.011714867967997067,0.02565535973630327,-0.02696374474864962,-0.007979962243994007,0.07509114161364548,0.01626586997858329,0.016874804400244792,0.08749424807188338,-0.0024918976193323405,-0.11546170564056302,-0.021758657396285522,-0.011832750185600883,-0.12836224144582495,-0.10068578712438929,-0.006785710588316229,-0.03780781261815388,-0.09041356518334925,-0.05391955090018763,-0.02025349168757291,0.053951657504179074,0.06864933944670243,-0.06294283169643668,0.009177791672683646,-0.04971633371880204,0.10539201103041851
ACC_sub_R,-0.012444255949333436,0.1887953836331873,0.30720103974410184,0.11360502879946675,0.5524754546259427,-0.20305804039906233,0.07482117148249072,0.28822712592023014,-0.3042819612852133,-0.04942674930955185,0.002679698979029396,0.07638602323154527,0.036320399703441725,-0.020983016268184024,0.1880307494373881,0.5570964509071368,-0.14909992825030785,-0.0935737488119559,-0.0682719206371419,0.14521343856918886,-0.05739036761183255,1.0,0.06765931565347968,-0.10126832310148694,0.5768104865275185,-0.017712606785690074,0.079096447796382,-0.03693524010685343,0.06532529118550388,0.018559560463876836,-0.040753884453002556,-0.05465320631962852,0.2768694670975121,-0.08761591971695132,0.10181554678545891,-0.04691051639709873,-0.22672918398699132,0.30809679352359254,0.10198902317820349,-0.12441959276612327,-0.10751338376393042,0.34156655208767084,0.5104658755953715,0.3676392805277687,0.4112855110895786,0.3205657397694416,0.1333425958309939,0.1863139842729515,0.0741359768062428,0.06549484128708119,0.15058056785024396,0.10599577508009964,0.15539091388239626,0.02574183636270433,0.006708323927138723
Hippocampus_L,0.42829731821207534,0.22548133748549268,0.3424364967905817,0.4860659137864986,0.31578749903565095,-0.08342138066342293,0.001633128573702857,-0.36426312110378245,0.23571763188218098,0.5755265506878985,0.06860586856268684,0.03380241486552046,0.4585370611497674,0.295216819301735,-0.0405819379441286,0.4442222433208822,0.46153014799794595,0.3826242530588477,0.6008125749749883,0.048690121162897726,0.04827950379546806,0.06765931565347968,1.0,0.28226317014131624,-0.033650843478732304,0.44394487684111844,0.6158854884323093,0.2993203886502026,0.14424833566970957,0.15823370760755076,0.22894235381685288,0.406350882983464,-0.06337515479714957,0.39574540884170456,0.16015609314622295,0.16206036367174737,-0.013224957255872319,-0.10248332151097639,0.32330056829712933,-0.04645902769037403,0.5774052143891487,0.4349233425941054,-0.03824802392895045,0.10510758617285819,0.16957753473582501,0.05161391642607653,0.27760042579207284,0.6262194304920651,0.2830762956237258,0.21551423816603035,0.756710878189717,0.14825149988214847,0.42511895600779914,0.04194516179415581,0.4169658735307997
Thal_PuA_L,0.029478675144038968,0.0810043843594544,0.02638067395489462,0.22197036344361226,-0.07471989142324025,0.2071810954387335,0.38383549581792953,-0.04023160344133447,0.11092835524395896,0.17736188190699562,0.14912111454279287,0.21032791323618544,0.06632316054241702,0.013207934304089865,-0.17180028550573218,0.019939897384455542,0.10131212806844887,0.2517708303648411,0.16093323281264046,0.2961884918328128,-0.00020239846944718974,-0.10126832310148694,0.28226317014131624,1.0,0.004433504492416471,0.16663236306708912,0.293303774270458,0.11756721867205357,0.061947081941699685,0.26917700263182986,0.07128362289023704,-0.027252857912842893,-0.2177173681722051,0.10852311186077604,0.0745763466005009,0.2655101044982393,0.19304559066847826,0.12623703022629462,-0.1421244253674576,-0.11201179751009598,0.1759088564542157,0.05625534722305593,-0.06516244935721278,-0.041827930181347964,0.25596204496171526,-0.29577383100982174,0.19046267454130353,0.055352575387999356,0.07765183564007849,0.28784064654601255,0.013686870610374336,0.011077341880708892,0.2327748957994277,0.2075706963368944,-0.13105972450678885
Calcarine_R,0.004664946730427705,0.4748066677900961,0.5098155241459833,0.15888744258139764,0.728952135726218,-0.2761489862139042,0.025618559333285437,0.2293522882427858,-0.3916001607611429,-0.11229361246059383,0.09738135899003364,0.06807236564189326,-0.030353160708974876,-0.2040577846893259,0.38736060603250794,0.6455185164626124,-0.3741818585499945,-0.19060301555051667,-0.15762352549035782,0.08437879479186283,-0.05185297258444416,0.5768104865275185,-0.033650843478732304,0.004433504492416471,1.0,0.09876708581512471,-0.05155247236837144,-0.07506522754701495,0.18311420644931725,0.4506410299954339,-0.17710495628260056,0.09083700387955071,0.23311382325207433,-0.12833687883762912,0.30609285049396373,-0.09647300272935508,-0.2228105744271194,0.6582012682540092,0.15900396066677533,-0.035498023798569034,-0.15911712460352337,0.06245121118704072,0.6763415919846696,0.4278940034221562,0.4037455372754565,0.032517007500407605,-0.16540409009560514,-0.04393019129318233,-0.05007866291832079,0.21771109738308245,-0.012702176714752583,-0.08700563308841322,-0.02281657883252395,0.16930749658047684,-0.14464890273368722
Frontal_Sup_2_R,0.15085771700962122,0.5035533199000919,0.5425704812695481,0.46248051338292057,0.27443919056819566,-0.04894863987438241,-0.014763224291259022,-0.39859056468315396,0.157194702576821,0.5649495849941526,0.08916162799267127,0.005486805838051072,0.21846603671996262,0.02844970596843076,0.043525251031301684,0.3040254647028871,0.2568159846193358,0.4422744088556411,0.47342912443945534,0.03297260280243345,-0.04220008905083604,-0.017712606785690074,0.44394487684111844,0.16663236306708912,0.09876708581512471,1.0,0.42238265113170026,0.21805819071273894,0.29306247820442205,0.2518782593274575,0.1993289390012675,0.4431072350171176,0.11579546792266372,0.42831960823397136,0.508587542010674,0.27593116747894786,0.05148139540740698,0.07427656111921356,-0.07958128273522157,-0.2579564244826369,0.2288422512942468,0.15505444886551975,-0.04767602434439531,0.08776357398711404,0.14009222759952664,-0.3235018187723594,0.08532202707583192,0.18331270424803264,0.2676789513214263,0.4173354111994338,0.44896606017979335,0.036245095613398226,0.3053748523155192,0.24635508872701897,0.32231152919646544
Insula_R,0.12674263762150742,0.0574055945365342,0.10932991779605021,0.5139567998204472,0.23132776829558913,0.065093064847503,0.066343273744877,-0.07998112474173899,0.15734746964924817,0.6835284175479341,0.2967337447989967,0.3675111431565606,0.4775734721007317,0.26650535944233256,-0.10428266075281205,0.23953518591185008,0.4594680350459046,0.5809643147255188,0.5407116983094242,0.11175202400070275,-0.06292667709449551,0.079096447796382,0.6158854884323093,0.293303774270458,-0.05155247236837144,0.42238265113170026,1.0,0.45344937645201855,0.1267378662492078,0.1019082046205862,0.4591422578990563,0.05936721721268322,-0.04217578452948373,0.5042884376761084,-0.0282028396231478,0.4098708003014327,-0.047368583804187625,-0.09709620632906184,0.2024126690267433,-0.08532032514763405,0.5237992605982479,0.35750382658915314,0.01737784454704186,0.36211231857229637,0.32383539616703,0.2036194701713387,0.5408590791664121,0.6095051642277749,0.45995957955536326,0.15909220616370096,0.5509120758252021,0.26711129533416583,0.4940100910590389,0.26058227634698267,0.2607050329569546
Pallidum_L,0.07426425987871729,0.14562160079627978,0.0066742477013615395,0.04471099096755383,-0.012405803027733597,-0.13571938065558609,-0.19440960369661567,-0.1532284739939073,0.33462989434662094,0.23232530411311753,0.10602359976061024,0.172215746359236,0.08527278003560705,0.4079788461696052,0.11098727757086713,-0.06662416012185211,0.4746878108648474,0.23835876777604095,0.3459464763581892,-0.05668683284182456,-0.030197117712749227,-0.03693524010685343,0.2993203886502026,0.11756721867205357,-0.07506522754701495,0.21805819071273894,0.45344937645201855,1.0,0.02702567865164242,0.22001753352908743,0.2920854620154006,0.03602706214633089,0.0812503160015846,0.4163215655777954,0.02688973148957943,0.01688546625091601,-0.10957112111697909,0.007485297421113456,0.18046423311802676,0.20276257101653522,0.3672630973479763,0.27144025071340205,-0.06586522574729518,0.2571448405044157,-0.031046737550528652,0.1456511905833358,0.3091013023577823,0.2491976886078422,0.373996283513882,-0.02923776076386403,0.41982466613700903,0.24623707948823256,0.26698054311933,0.04961629829105125,0.11136277212708476
Heschl_L,0.008696952374195642,0.11252604121615264,0.1504821658087417,0.12504288914492567,0.22925098379765488,-0.05685743949658368,-0.02940338278663621,-0.026994131569519342,-0.10858777225147498,0.08560531170213506,0.49785203427942404,0.26623901984440707,0.11455762658369344,-0.19890309755629343,0.024422457221301097,0.15223411379191965,-0.10631807557053989,-0.061859942802205775,0.12840048548853664,0.12139844534515333,-0.01710331467255926,0.06532529118550388,0.14424833566970957,0.061947081941699685,0.18311420644931725,0.29306247820442205,0.1267378662492078,0.02702567865164242,1.0,0.049726837927585824,-0.12269506436393142,0.4271866565442699,0.03557810083534469,0.19865510584189333,0.08752514801486257,-0.10379638442001275,0.0583289673599403,0.17521628217681062,-0.065248141766241,-0.17841733832884374,0.07853256959757461,-0.12524287652100935,0.06321118342854572,0.18361453780733997,0.2771053521115626,-0.04360436906077166,0.08774955022686803,-0.048894759580682595,0.030985933570637548,-0.020855930884721544,0.07968214360615122,0.08137290339911195,0.028162008257050033,0.48058167235618593,-0.08066909894267163
Cerebellum_3_L,0.11457132976983837,0.36467982974626734,0.2772321401370642,0.21642151255407222,0.2659102626604476,0.02266788783266882,0.17434883991386635,-0.12549309151096608,0.08991721633744353,0.011146964833081696,-0.005521986260804545,0.09471072041295721,-0.12771216773741312,0.08644351022551905,0.18707030137698996,0.2777944215883125,0.013414099293576039,0.06260308328348842,0.06002257286682842,0.07717816949269511,-0.0823439260863499,0.018559560463876836,0.15823370760755076,0.26917700263182986,0.4506410299954339,0.2518782593274575,0.1019082046205862,0.22001753352908743,0.049726837927585824,1.0,-0.041697181012258284,0.010534911955859608,-0.007674697761529556,0.1845785979593834,0.19254730302370895,0.04845612202254784,0.01075828382115387,0.3689918592169964,0.05417825441292702,0.13699720153941425,0.06836622368951611,0.04385150337520969,0.30521377901842955,0.26127068929155106,0.17066429162704055,-0.1337400340434985,0.08469746818248217,-0.05679555376844679,0.17457984979038288,0.2388570107612872,0.07163807784055393,-0.0388444880605612,0.09537925634672342,0.02884216760963604,-0.12808362187796365
Frontal_Inf_Tri_L,-0.07226682839509666,0.06445168074045175,0.0774743612759822,0.24281891945643552,-0.06994179822938221,0.02194583108274257,0.018690094357605477,-0.07002689397783626,0.06875085871303462,0.617513719185585,0.02957493834270585,-0.0652099435420044,0.3403347601131476,0.10401246588344706,-0.010615541067877954,-0.035143840126719006,0.18835168194873875,0.5480255048604677,0.49032359054062064,-0.09089388976396394,0.011714867967997067,-0.040753884453002556,0.22894235381685288,0.07128362289023704,-0.17710495628260056,0.1993289390012675,0.4591422578990563,0.2920854620154006,-0.12269506436393142,-0.041697181012258284,1.0,-0.07355811692427641,-0.019945476746422663,0.016265117641047808,0.1823909920964164,0.6477578682541877,-0.14156394843703565,-0.21887406738502704,-0.09108158568468017,-0.039493428907884105,0.19200357965121828,0.049777566617604005,-0.12476641494045376,0.3705862681690761,-0.08017233778935244,-0.0025081199581230527,0.11214815696633082,0.32465863884626894,0.11405584162842103,0.33218962066637586,0.26037834224241396,-0.09779001805035187,0.2102875366923231,-0.008699374361747825,0.5099359461047085
Cingulate_Post_R,0.31230934666952825,0.3522644503018158,0.37606962227469626,0.29066917766360395,0.33310211277772045,-0.36189459624622317,-0.2725042451580652,-0.4346315291687783,-0.07075757913171252,0.21856246830986845,0.10696016486696047,-0.0425637733026993,0.31698844810635923,-0.050279930834834834,0.1281267544156767,0.24187287570435087,0.13410162078517734,-0.04078568590774538,0.2545117060643981,-0.24805855996608303,0.02565535973630327,-0.05465320631962852,0.406350882983464,-0.027252857912842893,0.09083700387955071,0.4431072350171176,0.05936721721268322,0.03602706214633089,0.4271866565442699,0.010534911955859608,-0.07355811692427641,1.0,-0.05800611972764881,0.3309957063422133,0.376395962028841,-0.21230401948048494,-0.15952179466965896,0.1340208378171517,0.06625463807057641,-0.3054293230587487,0.11829779811902393,0.10180562319237454,-0.1505655162376688,-0.014159444859300447,-0.021440000184402338,-0.25098008363838925,-0.00825651445616013,0.15195478556266112,-0.034992763261115015,0.03977740115113517,0.35084395453317113,-0.03643260119178904,0.06189466095291302,0.3508418697493929,0.204405080555185
Occipital_Inf_R,-0.19398843636381127,0.09163799117371786,0.16191507081732842,-0.07636860449153385,0.17420554255944498,-0.21557642426965407,-0.1192081998142156,0.12749702521560533,-0.06517837403098872,0.01833696724804426,0.006657333357928436,0.005621248898082847,-0.047062905605593175,0.06784619428620735,0.35710624035207844,0.19757613490535533,-0.013442947936650422,-0.009968914196182092,-0.0398692477853413,-0.08010072232340984,-0.02696374474864962,0.2768694670975121,-0.06337515479714957,-0.2177173681722051,0.23311382325207433,0.11579546792266372,-0.04217578452948373,0.0812503160015846,0.03557810083534469,-0.007674697761529556,-0.019945476746422663,-0.05800611972764881,1.0,-0.01350383859733965,0.05162070627949374,-0.15792726309203603,-0.09623752369525979,0.09567469385118885,0.022021998190039287,-0.008594336544272208,-0.00788093946348873,0.14617699535234874,0.20189128472088233,0.15826132171700363,0.02140419952628072,0.1798395248802321,-0.016765629733810725,0.0017179212591676167,-0.007195488809828806,-0.07872795216301921,0.11102976097400676,0.04995922487125333,-0.052407976082119126,-0.044302075732712255,-0.09631950497044124
Caudate_R,0.29124151589316966,0.06343201862850542,0.027654550980206943,0.27771258578119823,0.1578771902207526,0.03159456754802351,0.02875485240781869,-0.21995753047249514,0.28601926926880905,0.3284250298191857,0.1804532846902418,0.41835969732742306,0.20880689038668876,0.28775811632769244,-0.15764930680110573,0.06994499561466003,0.5583624411998495,0.2757787507906453,0.29876657372064713,0.062312289670048635,-0.007979962243994007,-0.08761591971695132,0.39574540884170456,0.10852311186077604,-0.12833687883762912,0.42831960823397136,0.5042884376761084,0.4163215655777954,0.19865510584189333,0.1845785979593834,0.016265117641047808,0.3309957063422133,-0.01350383859733965,1.0,0.027264483466332295,0.039397629935766065,0.04165399453017029,-0.0019263376270232486,0.23368416245084614,0.045567592291845586,0.38026393187221863,0.33664131448257634,-0.03444560827442461,0.04604762722112813,0.18467129009445007,0.038272961773803245,0.5279067001837155,0.3529429827009297,0.48924424451074616,0.028806997417631403,0.39208477005621173,0.31672230005339075,0.28281712067256626,0.3895511348733041,0.07055217589810003
Supp_Motor_Area_L,0.15767599557756679,0.6548411636239965,0.6998053114499226,0.3665676978203423,0.33588428993688196,-0.12651148028675774,0.07531873272653115,-0.3633913352462726,-0.07732735302071071,0.17755107946496243,-0.3052077192270894,-0.2702808776363418,0.08932387914599191,-0.13056517877241197,0.20519458311524066,0.2950507230190424,0.0071358510343652775,0.09119631942163903,0.3638800333797477,0.0012320119082548252,0.07509114161364548,0.10181554678545891,0.16015609314622295,0.0745763466005009,0.30609285049396373,0.508587542010674,-0.0282028396231478,0.02688973148957943,0.08752514801486257,0.19254730302370895,0.1823909920964164,0.376395962028841,0.05162070627949374,0.027264483466332295,1.0,0.33547251148879653,0.011335048225878535,0.321006298009787,-0.33418803590934154,-0.5134887830976215,-0.30922425828377775,0.1925355095527124,-0.13444219737467344,0.01157627678870598,0.042304214508260024,-0.5837388977957008,-0.18914556015055659,-0.08020660446355769,-0.06311980511695511,0.7668973858930529,0.2188192826713952,-0.06700453819589007,0.1320847771149526,0.04828807561422025,0.4885487261478873
