,Frontal_Inf_Orb_2_R,Raphe_D,Insula_L,Frontal_Mid_2_R,Temporal_Mid_L,Precentral_L,Fusiform_L,Thal_PuL_R,Precuneus_R,Thal_MGN_R,Raphe_M,Vermis_6,ACC_pre_L,Parietal_Inf_L,Heschl_L,Thal_MDl_R,Cuneus_L,Insula_R,Thal_VPL_L,Frontal_Sup_2_L,Cerebellum_9_L,Lingual_L,Temporal_Inf_L,Putamen_R,Thal_LP_L,Thal_PuA_R,Frontal_Med_Orb_L,Cerebellum_Crus2_R,Thal_MGN_L,Temporal_Sup_L,SN_pr_L,Rolandic_Oper_L,Calcarine_L,Lingual_R,Thal_LGN_L,SN_pc_L,Temporal_Mid_R,Thal_LGN_R,Thal_PuA_L,Precuneus_L,SupraMarginal_L,SN_pr_R,N_Acc_L,Cuneus_R,Occipital_Inf_L,Cingulate_Mid_L,Temporal_Pole_Sup_L,Fusiform_R,Heschl_R,ACC_pre_R,Supp_Motor_Area_R,Cingulate_Post_R,Thal_AV_L,Thal_VPL_R,OFCmed_L,Cerebellum_Crus1_R,Hippocampus_L,Thal_VA_L,Thal_PuM_L,VTA_R,Postcentral_L,Thal_MDm_R,Olfactory_R,LC_R,OFCant_L,Vermis_4_5,Parietal_Sup_L,OFClat_R,OFCmed_R,Frontal_Sup_Medial_L,Temporal_Pole_Mid_R,Parietal_Inf_R,Cingulate_Post_L,ACC_sub_L,Frontal_Inf_Tri_R,Temporal_Sup_R,LC_L,SupraMarginal_R,VTA_L,Frontal_Inf_Oper_L,Cerebellum_9_R,Frontal_Inf_Oper_R,OFClat_L,Caudate_R,N_Acc_R
Frontal_Inf_Orb_2_R,1.0,0.09103746984679288,0.709872053328564,0.41388516468846287,-0.07182688755982641,-0.045164917727683926,0.15113923348377326,0.22632503982230492,0.25552768116551294,0.3006641662033319,0.189058044069825,-0.16648988352417401,0.1202171949442797,-0.0947629988763436,0.08547555525392636,0.08803231069157927,0.10715933613867161,0.5988869376170223,0.28884279032027327,0.5383053318656643,-0.05213025748431624,0.20765852542438792,0.3326305390884672,0.337226444693744,0.2856471491131732,0.10991292149962728,0.2615402443103138,-0.3712581577617358,0.08884172047953834,0.403863684810625,0.406328542498699,0.13011879803845852,0.04117245171339505,0.3682368745579579,0.21120537724846775,0.5359944497412745,0.3305544743143615,0.2810975985683393,0.16541028264495886,0.21159468821491267,0.01741466667047138,0.046387783353961085,0.43533192098272094,-0.15191084464494028,0.049523475811694806,-0.04321701473334864,0.052860541244469976,0.41705384376222665,0.2934121953778758,0.22320108649015308,0.10421467747194528,0.24613767861936112,0.035546182031473424,0.3505328756103798,0.03775867522836934,-0.09608230769464031,0.45866168562034404,0.24977427163157084,0.2933372843562201,0.40304454107841364,-0.07188599454951787,0.1280558944537541,0.41477043526699187,0.22264744365326422,0.22019430425389178,0.30032091721425,-0.0640958767192668,0.28815764619817413,0.31967994079528045,0.10813096017621764,0.2348895167437914,-0.08253644988044155,0.02114889002103085,0.06370131583814909,0.5159856993424938,0.32013693256175474,0.00780627994523807,0.1303522379017379,0.20784682361510487,0.0768077991675381,0.11546225686444513,0.16472073774818194,0.24247996787447818,0.2953725791486663,0.10020110056079137
Raphe_D,0.09103746984679288,1.0,0.09161791438674625,0.260434133618795,-0.12633769486183188,0.3626101281836702,0.0027331931075509903,0.1459359730684659,0.24917709739679147,-0.0213233228474753,0.17464395589583004,-0.16409936374550105,-0.11080051211273409,0.1277296108141997,0.0373769370140823,0.14164953623962073,-0.09309702620000065,-0.015898825412527455,-0.0061653207727358226,0.13646422367290698,-0.14969262917348014,0.18265160999150568,0.09069806985327312,-0.05135281752789395,0.12193029935229253,-0.12317115682657534,-0.10651304985645621,-0.034733232860787736,0.15720558391575667,0.06316148672908085,0.27604081316720747,0.3225427289316432,0.365970373027854,0.24963115312057818,-0.010656534089588107,-0.0865167390088655,0.23066121572755113,-0.019922522665768706,0.2146756185085074,0.3442645924265267,0.3278257756471167,0.17626861434710273,0.06334715736094254,-0.13134859767530294,0.12390909303241916,0.3637356783062696,-0.40956844805029075,0.3533795083020278,0.15478573516719338,0.2940757128639973,0.4323436306595943,0.17087555363961632,0.3922819558680315,0.04148718519196275,-0.08161090710168875,0.009642313541615417,0.16399246820691382,0.22796274683388384,-0.04021115288617467,-0.12907229823846594,0.09488331594200922,0.07434807375015097,0.0516045707710766,0.15515532322548695,-0.20315749999778332,0.26941046190164836,0.000622557451900277,0.08792986329139067,0.08658549384529768,-0.0998180815579019,-0.02820332470578609,0.2714051133990176,0.32086670241362797,0.05625040713004606,0.09492451921220897,0.24331652990193875,0.005003167401420346,0.38991061320386194,-0.1515247637098204,0.07052086093649401,0.007105083268427164,0.0822111403545986,-0.301053349224986,0.1180830690679628,0.21817434724503085
Insula_L,0.709872053328564,0.09161791438674625,1.0,0.6224942725334695,-0.06110038404964617,0.055889218545082,0.37247313231910717,0.2707098958912417,0.1643173491085649,0.35539075827326455,0.28778199275529404,-0.17460079991797225,0.22225124252106226,-0.10631702872956938,0.2481575583042189,0.15928738797052372,0.13776186264627657,0.723048791703559,0.31017813026442126,0.5041728526946274,-0.04515650994621926,0.12528352400316445,0.3637767798688561,0.4315174905227695,0.3743379379841605,0.046102019700993736,0.21481003702475757,-0.21420243826472674,0.15915087608838016,0.3227675175414173,0.495512287079646,0.1919478558483825,-0.034240048983396804,0.22121266985428578,0.3194086453318462,0.5244546898198245,0.4215669861945867,0.28706271585385557,0.2412744016567091,0.09508749708589938,0.0793276628033922,0.12593307563627198,0.2638440974328376,-0.06954004040874708,-6.991370359469523e-05,0.09834779560387585,0.04927395471566654,0.5075869195393935,0.5225889694942651,0.1552053608665407,0.07206679367876657,0.3338582211080713,-0.043554874310293035,0.26625835731786246,0.22327592929546558,-0.047753625068978636,0.6412036002448325,0.23432275257175403,0.53203839992548,0.42866673544753103,0.01829532852760718,0.27715455755665713,0.4334969782466938,0.362774793915215,0.1668033795007667,0.23917736069111656,-0.12353772992295965,0.2673857191585259,0.15953678163240598,0.33372578333380837,0.28129321446844524,-0.0024271472391607777,-0.026659016051844914,0.16370341867987956,0.720986525222434,0.4223497687656664,0.08166732710105794,0.1771420925810771,0.27854981854998784,0.2450110377128572,0.09059611197740586,0.529743665182493,0.20960849857429426,0.4845428060142582,0.3243321857806379
Frontal_Mid_2_R,0.41388516468846287,0.260434133618795,0.6224942725334695,1.0,-0.10650010164486998,0.22528020740352767,0.5043509940816892,0.17708600138656622,0.2874819838499472,0.192186525771413,0.3126748846497609,-0.32137698104234025,0.17198948210850282,-0.16605079141930756,0.15709347697793813,-0.16336724425283375,0.13460706500978895,0.45283562032114294,-0.008123272067804077,0.4022655613595959,-0.16597212207342438,0.34169632355923196,0.5093525204343652,0.11086201110257762,0.6069829292084185,-0.26534490588736775,0.1180403366662501,-0.1737562495204933,0.09455871583593357,0.13499480381018233,0.5007307888927214,0.46782548218017156,0.10451847622013645,0.28714248621466076,0.09045574924605024,0.36226574235809306,0.4284317411808057,0.35392756681312976,0.06600432552889124,0.27983639679395345,0.059465665074277106,0.25689756505349165,0.13198412877295457,-0.06704320935528679,-0.02580696534799371,0.4744893751749654,-0.1683695323155346,0.4572733311708176,0.7879289009926532,0.18788926513613502,0.4044426960537968,0.5567392453068676,-0.08496955290024405,-0.013752825957682869,0.18954747154133827,-0.22950724633330635,0.6370723804020707,0.2396296657326779,0.4927297686581578,0.18659445552855114,-0.058851458223473783,-0.04767740618123606,0.2847987444532066,0.16837763655901433,-0.11865847044204449,0.3219256547843316,-0.1210361305493291,0.05186357494895821,-0.014791181645234684,0.28442714645856204,0.22494324789139394,-0.050543111150741026,0.3393073666537543,0.1441831493669333,0.6691096280172344,0.37726840044615545,0.17126442496665686,0.5271289158294961,0.18847629325411355,0.23044392979099376,0.06054090434688856,0.519376273175875,-0.05702332071747578,0.39260065532896127,0.3087299003791534
Temporal_Mid_L,-0.07182688755982641,-0.12633769486183188,-0.06110038404964617,-0.10650010164486998,1.0,-0.4028328316944763,0.36010873920536934,-0.26640414640697113,0.29614073082217535,0.0337476410517079,-0.07519843858308052,0.22500725524161327,0.30196124914809247,-0.30997869317172794,-0.09387486071125703,-0.005590241141548726,0.20967276400400459,0.05598982732680585,0.2725434880119294,-0.26434667138400253,0.3478606506786732,0.2534424338696302,0.029753094166514015,0.08021288708547536,-0.23716343029655768,-0.07160975035554995,-0.17064675088858994,-0.11267565958351751,0.05304773025337197,0.415162326125085,-0.24549726358129503,-0.15803878561852172,0.15503477566564827,0.21663825609910795,-0.31149764387341145,-0.15277781947482952,-0.021367387820347715,-0.22152727208868994,-0.26502505527187104,0.29646029658140516,-0.09139347238527823,0.07648871902306723,0.05380756437217451,-0.19878297173300555,-0.11745728874678768,0.06888408394211204,0.7740391919290345,0.035713632211452066,-0.23754544106843128,-0.19544031960099562,-0.23711792201943654,-0.16950055237577127,0.06386955993204799,-0.016416077632716873,0.16762961015490335,0.04716495264328095,-0.07135120817657999,-0.010420677073405814,-0.03808397666192156,-0.05077423656227389,-0.3020550883024147,0.07597487571706925,-0.15381137494961789,-0.14191925345337117,0.06035804149060014,0.1256260219365096,0.005989636679708164,-0.05725253516383037,0.07452981340581366,0.4061669612191195,-0.12839343406345657,-0.34428961366819877,0.1258210076758144,-0.14189328031367035,-0.2072768646659995,-0.07836355724695489,0.35409828125739456,-0.06149805416550676,-0.03203137885600499,-0.26347844726362746,0.30227739300451656,-0.11935721873513158,0.5340499089660732,-0.05275092190819693,0.00945968810499218
Precentral_L,-0.045164917727683926,0.3626101281836702,0.055889218545082,0.22528020740352767,-0.4028328316944763,1.0,0.05748329025521905,0.14275315606519903,0.09576134306356218,-0.2018838528638987,0.04569171311364052,-0.15480381665155596,0.04122413344773191,0.32304495067457534,-0.020855930884721544,-0.09066118388378923,-0.1173826751536691,0.15909220616370096,-0.4545064882103275,0.3641788891031431,-0.4404649719485791,0.2833872770868409,0.18009247325331593,-0.05625313950185828,0.24363495900702453,-0.18710509901528752,-0.17979464213325586,0.042991331300159696,-0.10758405210228485,0.006132591577124766,0.43399229970752784,0.7508822388798413,0.4242882291051859,0.15132618359246808,0.2687245099888874,0.07040345092863728,-0.07632152640908796,0.09597867832614478,0.28784064654601255,0.27321598980600487,0.436994426513325,0.21723172588665696,0.10089918110407826,0.028808500750318444,0.053951657504179074,0.5382683345683077,-0.5829530417864385,0.12380356352802856,0.3263693578469037,0.18012883624203607,0.41358973945853283,0.03977740115113517,0.26127062662809514,-0.2248131388718425,-0.35128403427866317,0.12735307948013092,0.21551423816603035,0.4660428977030794,0.05928828476691761,0.06659469629485984,0.44946099570949344,0.03512023114904423,-0.006686832985804876,0.07601081548738622,-0.19410051526764988,0.2083143686281537,0.1863476073883021,-0.05985466271697637,-0.1894916705541755,-0.0708691305672685,-0.17023474883207193,0.4165833836378399,0.4542149985213113,-0.08243137833079246,0.3020508222755557,-0.040798216994574976,-0.23772221929155835,0.08014348318673203,0.2250114247774985,0.7357994763031164,-0.1347721070234545,0.328974229553651,-0.5469707056322637,0.028806997417631403,0.02220265767516216
Fusiform_L,0.15113923348377326,0.0027331931075509903,0.37247313231910717,0.5043509940816892,0.36010873920536934,0.05748329025521905,1.0,-0.04494636198764845,0.36157189396714373,0.16801806823567023,0.2293561101779471,0.10902725722815229,0.28504332949945416,-0.165222624700848,0.11539391017673979,-0.034025407153860834,0.25741132464233224,0.4610288504050441,0.10642009599204572,0.14288847944269767,0.06137665419134542,0.641680585314411,0.5319849961420782,0.10991544332762852,0.39951457281950997,-0.09559131679080862,-0.11446790637347229,-0.05838037703369531,-0.07040649155474134,0.2734523690697431,0.2796416844703856,0.3412976546817082,0.269661689110556,0.45040112069315347,0.015104944612950368,0.2282570207539165,0.4385091242132116,0.1909630023003331,0.016415343042131936,0.45414298311096957,0.04396878772749598,0.41070526109403643,0.1376301065552801,-0.05972233324167462,-0.02429114303000333,0.49932947987208737,0.41468919128389425,0.4746211388095752,0.4803147773841633,-0.10416998272804273,0.03092059949810955,0.17240216765623181,-0.008131527144333956,-0.07649542094050159,0.20403330524205723,0.10721660172554272,0.6388415787386855,0.10440282934881173,0.43521759224411655,0.17596725245177355,-0.0889624602619261,0.08748924883168806,-0.009106958711393559,0.1687723125283974,0.0966450626068132,0.41461554783837506,0.009163251106541367,0.05585314895969726,-0.0044673248560993225,0.4547342356189084,-0.08406091766256439,0.018947559194379314,0.5214003431737083,0.0141275438969226,0.42243920903640725,0.07487627580759386,0.39896631509596225,0.1766845496037239,0.393390429932355,0.13403038752787927,0.09480433084387194,0.353729973686266,0.12884930421973453,0.20387964371775646,0.09869789489723454
Thal_PuL_R,0.22632503982230492,0.1459359730684659,0.2707098958912417,0.17708600138656622,-0.26640414640697113,0.14275315606519903,-0.04494636198764845,1.0,0.19374862105867244,0.4893027087521839,-0.04909950362281005,0.007313555337547854,0.00504399591862681,0.17030302870219832,0.48058167235618593,0.3322301354308592,-0.23248415681972517,0.26058227634698267,0.13488881842549216,0.051052012653240705,-0.2923033952008497,0.10558942848009625,-0.07215416054411493,0.2346344271522784,-0.05870580341347775,0.36695234402749427,0.05566790840664652,-0.03503325089266824,-0.1605470441024275,0.06553902019213405,0.2860144050225827,0.1672173976844231,0.2336447498021443,0.1654751557315955,0.28040244926955477,0.2434472548513817,0.23530174735481177,0.4347769215373055,0.2075706963368944,0.20818906798726955,0.11477387511402067,0.3499186512266451,-0.10007073809627264,0.17047196459486147,-0.04971633371880204,0.017301032571645808,-0.2420871783128024,0.13374459525347054,0.2858591736350975,-0.034957938323170595,0.11192612232527943,0.3508418697493929,0.29928901141760506,0.581605079676705,-0.12440951555731809,0.16983507947378185,0.04194516179415581,0.2179093038896678,0.014551969205755756,0.13645204342139627,0.2292836790810288,0.4075055392366102,-0.005469220174176194,0.20066225515341793,-0.10384590414022833,0.3275225181645821,-0.03450136892820619,-0.019210872243302486,-0.15934139367501432,-0.06750557095989797,-0.18919960950996778,0.17738906882010652,0.11230155406893666,-0.23182983926253864,0.17470919950418662,0.5737089977793678,-0.07382243602466863,0.1960253673941325,0.2217766166267721,0.12027123099443719,-0.1935912999645131,0.08622862712533257,-0.19514227776044718,0.3895511348733041,0.12847489647398133
Precuneus_R,0.25552768116551294,0.24917709739679147,0.1643173491085649,0.2874819838499472,0.29614073082217535,0.09576134306356218,0.36157189396714373,0.19374862105867244,1.0,0.2509151812785701,0.07865365265825512,-0.035642930397057584,-0.009291978283709592,-0.22194232395392738,0.29809958209913945,0.03779873997210937,0.17118807463546062,0.1077364180195522,0.04388577400845934,0.08683201531621638,-0.11253346511036234,0.6159350422964034,0.29824875721570043,-0.1611503946977002,0.007358878995833212,-0.16018122913549362,-0.2149880809939531,-0.39082597993340706,-0.14210937901895615,0.4917054191494211,0.25404196234225235,0.4132489651491794,0.48643059038826136,0.7923958434448148,-0.3201738518689225,0.19466118840703253,0.316156901284483,0.1077086350906523,-0.0952595370560707,0.7853823984550208,0.19211082899864745,0.5488292825796512,0.11866519597498705,-0.3600189268912814,-0.0729270509462001,0.5760652448921565,0.07201798733924934,0.23780683945100922,0.19425183376611993,-0.19010340529998998,0.5663707893441808,0.44792934141452373,0.4018227913630308,0.2631094803292545,-0.22926697593497855,-0.07411218461959776,0.1442341504979811,0.3741525207241871,-0.13709958528324184,0.16544969482183894,-0.27777997600401283,0.10805429956526882,-0.21132018027237087,0.07877402033637093,-0.10882890216620428,0.6651916584354911,0.07535090271057954,-0.11066513898479784,-0.1236452396556224,0.024964691713666,-0.273803728157751,-0.16708734878641687,0.6719000406739608,-0.32739063677472546,0.11436624782734621,0.47107650074659835,0.18881635345674044,0.5488023081893544,0.20838926012439746,-0.1523173451758949,0.2287377783536896,-0.11438808511302623,0.06543989115875287,0.04750094735308728,0.04318330463688153
Thal_MGN_R,0.3006641662033319,-0.0213233228474753,0.35539075827326455,0.192186525771413,0.0337476410517079,-0.2018838528638987,0.16801806823567023,0.4893027087521839,0.2509151812785701,1.0,0.021306550085723616,-0.0010802797183421997,0.24877638923777592,-0.24749285487430203,0.3130797489717812,0.49508756991967867,0.029728470354797292,0.409575157826944,0.3157433817681997,0.1648453226941608,0.0957495973814532,0.1387240718331244,0.2759443076217315,0.26430802062112807,0.04117182585802709,0.4741346486299789,0.18536649230312616,-0.23632917358495598,0.031466754256022335,0.20157659372781633,0.13226243661557366,-0.13219382573128147,-0.00879208673521451,0.27731916656318806,0.021831048901517085,0.28413652684388846,0.29870961131396506,0.5336064263424034,0.001569864451773405,0.14484383333060277,-0.15565770573540139,0.31577102790491507,0.20885642164393511,0.03299734769998013,-0.2083104313017391,-0.06344628281632891,0.13645424916312904,0.2853305221155018,0.2344397156731226,0.03029168550277531,0.018921444038647373,0.3088626412284457,-0.0011429339901884222,0.775191145451719,0.28327149209293273,-0.07830751780170253,0.19557696198166682,0.07038817390307381,0.14034434529038609,0.1114588894939424,-0.11808991228615255,0.5553180775946316,0.3128370180196241,0.08279673252289516,0.09098867713026618,0.2755474038857004,-0.07991750228377595,0.09385002996721707,0.2480209684107508,0.1531042221675229,0.073310813197446,-0.09201799511976726,-0.014879737178706711,0.002301137479896732,0.22496613155134035,0.34766697926787443,0.08169251598560974,-0.01685646063794771,0.17231338215651995,-0.12728308213969344,0.04687402676345539,0.09195480114030426,0.15947789957068376,0.5484628718467698,0.2948286289796287
Raphe_M,0.189058044069825,0.17464395589583004,0.28778199275529404,0.3126748846497609,-0.07519843858308052,0.04569171311364052,0.2293561101779471,-0.04909950362281005,0.07865365265825512,0.021306550085723616,1.0,-0.03721935553813918,-0.03348071423257152,0.11401386645285007,0.008696952374195642,-0.04940299318682068,-0.0841331370745783,0.12674263762150742,-0.07992066679378286,0.210722563785101,0.043364980817419976,0.1510750689424438,0.19709799121751026,0.16445295468737717,0.2974566742490576,-0.10275689308125545,-0.033033201772899604,0.050755779485291606,-0.09485962929325849,-0.13847335457425358,0.37429713967809414,0.02502238433891999,0.11838779336674168,0.29274988779412203,0.11718008860160949,0.2543516476567795,0.3527382550697748,0.20552692290404778,0.029478675144038968,0.06459810410836261,0.026531233524575714,0.026432215620970968,0.26281872178748117,-0.003426932826107875,0.02344518196536165,0.1610728561545213,-0.07274085599099414,0.35377603991752155,0.3783205438123749,0.026292849844527618,0.11647536096174643,0.31230934666952825,0.07604782736861891,-0.04107232184513184,-0.004409115499915404,0.062765945584895,0.42829731821207534,-0.07018971208554282,0.22916698344423583,0.3044124108971883,0.07602027799085023,0.035822329264096585,0.30270950184375417,0.3885456789468271,0.23092115821222112,0.2583614181255893,0.11335319778827481,0.384849849935932,-0.0089270506576364,0.10115464381794897,-0.005660026910880504,0.09132293311455923,0.09357941355121281,0.14047845080186808,0.2033732475166966,0.24763864204584876,-0.01566621962771522,0.17230364928157824,0.34882755281275857,-0.010177051686158518,0.09403023872600813,0.14365189120499947,-0.039691219507416074,0.29124151589316966,0.23179921441681275
Vermis_6,-0.16648988352417401,-0.16409936374550105,-0.17460079991797225,-0.32137698104234025,0.22500725524161327,-0.15480381665155596,0.10902725722815229,0.007313555337547854,-0.035642930397057584,-0.0010802797183421997,-0.03721935553813918,1.0,-0.09335078792844194,0.3078117387795485,-0.10939635819479951,-0.06594049355239595,-0.2340454446909468,-0.18641209553678384,0.13396534570698868,-0.4388519593707182,0.44423643301495475,0.1568998686092498,-0.33215902965832644,0.04145757291771439,-0.34187134457117374,0.13202878581433639,-0.22714677192171168,0.4468284364236771,-0.24940108565791916,0.024393065322372974,-0.20440267789932062,-0.2405364313975111,0.31683978316736183,0.10505038711047672,-0.026092212542548805,-0.12752335466220066,0.19077365098971524,-0.1905627615238374,-0.04335906691392004,0.0964405599363391,-0.2749780262560905,-0.046366582606721767,-0.07693191514642403,0.30943558586878916,-0.13249342335637074,-0.14940232206559162,0.23462002074945945,-0.03293003951301772,-0.26690430699725637,-0.12238112029396311,-0.4723176049467494,-0.3761694671903289,0.3245197782336243,-0.10989406036004372,-0.3305913642636456,0.7003528525490825,-0.23619564546368066,-0.38419339880934755,-0.2438876043996421,0.04782716938692748,0.365721718775772,0.0876289723206942,-0.3840707299761493,-0.19118939958882597,0.13293825155601335,0.2160182575763042,-0.01740768368609404,0.11913504507007183,-0.18328507729418808,-0.028908445949103915,-0.512338178371812,0.26125445898044364,-0.08377103235759097,-0.33593731963604456,-0.2229017455516161,-0.03595327000401561,0.09726263914491243,-0.20506030930539504,0.24500443838026595,-0.02660604555402688,-0.2125088208759366,-0.07525116528077094,0.06376554755318457,-0.16066400610033008,-0.11518236883637917
ACC_pre_L,0.1202171949442797,-0.11080051211273409,0.22225124252106226,0.17198948210850282,0.30196124914809247,0.04122413344773191,0.28504332949945416,0.00504399591862681,-0.009291978283709592,0.24877638923777592,-0.03348071423257152,-0.09335078792844194,1.0,-0.20055103739102,0.030985933570637548,0.296989981577288,0.2091519698291539,0.45995957955536326,0.12428146026817538,0.23138119470255483,0.12494988155372488,0.1804512177839256,0.1993970095994,0.31288470398871365,0.12156753348120414,0.1644407767134901,0.2024379971043657,0.0366987754591667,0.26590369561042954,0.17490737161173506,0.0716525352529729,0.03149492633870894,0.08403272283200415,0.03424618403312077,0.1655968732496619,0.0157940006153567,-0.016352405734340297,0.15578284989229277,0.07765183564007849,0.05978224796654274,0.05431052320088696,0.2586812933224065,0.22521103776097934,0.024237024121996707,-0.02025349168757291,0.08176375234564252,0.3309851168198452,0.41535123295678855,0.20970719925732942,0.1239936563326299,-0.14544549620948932,-0.034992763261115015,-0.06720803988570996,0.22677268857942154,0.3590728977896428,-0.04496775420907724,0.2830762956237258,0.21048569904506567,0.36703407531292687,-0.05794257706339399,-0.052117711257974715,0.40672253347155485,0.3529951447913459,0.07476366880742237,0.10072640318591854,0.1344873348561732,0.035668998894850486,0.11988162833254906,0.24678728537159703,0.6095172002542945,0.18780403496031953,-0.08675987176816975,0.005489410494960223,0.2339683361640011,0.1272003039171315,-0.04853911148203996,-0.0012062854912731956,-0.2510144997939845,0.13732694387256056,0.12864934560379665,0.2372092388510445,0.2108372486131467,0.28332819876145937,0.48924424451074616,0.38018737975833966
Parietal_Inf_L,-0.0947629988763436,0.1277296108141997,-0.10631702872956938,-0.16605079141930756,-0.30997869317172794,0.32304495067457534,-0.165222624700848,0.17030302870219832,-0.22194232395392738,-0.24749285487430203,0.11401386645285007,0.3078117387795485,-0.20055103739102,1.0,0.07296743726064497,-0.16581236107854191,-0.4409074664852078,-0.0860455047172304,-0.2355354558720038,-0.09705731518987339,-0.2141134181513973,0.033147635093995056,-0.2996683146903144,0.24878305535477574,-0.18408399297871458,0.016276287049263174,-0.07198629357141499,0.41185008430299586,-0.2145949275395601,-0.2369268105267584,0.206665187742325,0.0664904661822873,0.35969892266831904,-0.02696560256772643,0.294555397240153,-0.03858968470477282,-0.022917274100054015,-0.012364093609844523,0.19124160302352275,-0.027256409818058915,0.12959361863994626,-0.10343146939896325,0.0016557270382685449,0.3431323433384513,0.00024855688482267247,-0.046441756075528105,-0.3485783078674759,0.002975617085336217,-0.03733983051502627,0.14512077686493044,-0.1307357168321324,-0.19979807692936258,0.45818018900599206,-0.1938681517667533,-0.4549304039110598,0.5465944236096583,-0.12013787610943383,-0.07904413397668124,-0.18383384801169467,0.09474025459996133,0.6348410748961923,-0.0661621777253294,-0.17827374604773955,0.08602179605437896,0.14797592299955728,0.023376645107083704,-0.05844159694660134,0.23491857328591967,-0.23323129005037022,-0.09459628736462695,-0.3902330978001231,0.5858617525635906,-0.11551907160294989,-0.2344942476366809,-0.06368126530638736,0.05194278457581747,-0.2449554687829878,-0.05514006935542624,0.3168593444207345,0.2821816703112333,-0.39423680105164477,0.013466984203088915,-0.3559356800195584,-0.03506425940141033,-0.07028214592738942
Heschl_L,0.08547555525392636,0.0373769370140823,0.2481575583042189,0.15709347697793813,-0.09387486071125703,-0.020855930884721544,0.11539391017673979,0.48058167235618593,0.29809958209913945,0.3130797489717812,0.008696952374195642,-0.10939635819479951,0.030985933570637548,0.07296743726064497,1.0,0.1348816472247766,0.07430244948469387,0.1267378662492078,0.17193399316729904,0.12840048548853664,-0.17841733832884374,0.15223411379191965,0.02543965236967637,0.08774955022686803,0.0072812783522039366,0.11480893088531696,0.10755705464052039,-0.10667111765042718,-0.04593861408633423,0.18361453780733997,0.12504288914492567,0.24031485562489893,0.10553343785369584,0.22925098379765488,0.062333431411988965,0.11455762658369344,0.1401554967454017,0.29115185878289834,0.061947081941699685,0.16473895225178264,0.13436406906288592,0.29235649304018513,-0.12524287652100935,0.05847696555435287,-0.01710331467255926,0.1504821658087417,-0.04360436906077166,0.12492950650163245,0.2655311637165545,-0.03580646558597935,0.16778119011074563,0.4271866565442699,0.19901192583735686,0.35687660171723906,-0.03686985880035564,-0.06304543194185634,0.14424833566970957,0.18157783116323906,0.042871311703639524,0.08239132184098609,-0.02940338278663621,0.18210191925597488,-0.10631807557053989,0.21488266900126465,-0.19284717932213072,0.25279548030786103,-0.04695042065598736,-0.20078582677865106,-0.19890309755629343,0.18153131755793284,-0.12189341341195938,0.11752768035667296,0.1203215396521159,-0.10858777225147498,0.08560531170213506,0.4598745583994102,0.04054796909099291,0.22514863333110896,0.12539500392312358,-0.10379638442001275,-0.031940379015965144,-0.061859942802205775,0.01654921086837688,0.19865510584189333,0.08835748758756677
Thal_MDl_R,0.08803231069157927,0.14164953623962073,0.15928738797052372,-0.16336724425283375,-0.005590241141548726,-0.09066118388378923,-0.034025407153860834,0.3322301354308592,0.03779873997210937,0.49508756991967867,-0.04940299318682068,-0.06594049355239595,0.296989981577288,-0.16581236107854191,0.1348816472247766,1.0,-0.05176010364858542,0.3280971043435828,0.35952800049986083,0.1912721662863826,0.18334310192507194,-0.13644380605865777,0.01698026690473483,0.18629752561947505,-0.03955273621061901,0.6221222074774216,0.1845699863505982,-0.03883467011222062,0.3058610771069179,0.007840865784589689,0.021675538246309908,-0.2558154944713721,-0.0324145173422243,-0.011843419074035069,0.16239246749684633,0.026684588068130236,0.11214258168567634,0.15246018099637676,0.26805527452969735,-0.022591192731608332,0.13085017359859327,0.20332369567310887,0.06865882394917207,0.0082235276947996,-0.017299680821419066,-0.11236130610226659,0.06218695261959369,0.2976721110698225,-0.05957630986011692,0.11428227003010212,-0.03349115158814608,0.002229696254627978,0.03169676472474978,0.6736714548592375,0.2894415940376024,0.060331761731100185,0.0678356365242307,0.07559393133945808,0.12281975051437408,-0.018216543241115327,-0.02491233989591858,0.7746550919922793,0.23312351843121018,0.2812435479455317,-0.023446799908197043,0.01945060526597286,0.09088426687555688,0.06658651557107559,0.3132653855417865,0.18337327916167626,0.1761443932606249,-0.02524359803541198,-0.07199133290447755,0.19566384804972622,-0.008283109746886789,0.19428995694180917,-0.09918158735952037,-0.2558773386147364,-0.1069241061869679,-0.0598030682191558,0.1370434294846137,0.09364656193601788,0.11602200975714064,0.39206349726301515,0.2495598348907667
Cuneus_L,0.10715933613867161,-0.09309702620000065,0.13776186264627657,0.13460706500978895,0.20967276400400459,-0.1173826751536691,0.25741132464233224,-0.23248415681972517,0.17118807463546062,0.029728470354797292,-0.0841331370745783,-0.2340454446909468,0.2091519698291539,-0.4409074664852078,0.07430244948469387,-0.05176010364858542,1.0,0.14002958214197658,0.05909534857929719,0.12574760298736204,0.07694363363227238,0.17486422181666655,0.28345263255987196,-0.10645985031773564,0.15380129218541147,-0.04589388700352834,0.06840892849827274,-0.2607051111396874,0.15176307488336493,0.24234195637551217,-0.005386412174601853,0.14223153735790425,-0.15238273483163287,0.12715473794977136,-0.11444282178196029,0.036815443780221835,0.07860740407254192,0.07618516266345267,-0.1407834933007211,0.13830067391391684,0.04356563629664521,0.2199201419303236,0.1317752454931601,-0.26889701349147954,-0.055154777654028916,0.11379263649945479,0.3509254688807222,0.06922551643939542,0.1012480233076678,-0.0880755616378353,0.07821094031023697,0.1515692348815262,-0.2997672650371403,0.003667941468302977,0.2944478373013838,-0.36347466708740594,0.2597074781583834,0.11624558006895287,0.18715103950698211,-0.04867748396543705,-0.361027619509845,-0.0957850267728619,0.10464375992608013,0.07482150664420494,-0.007474067785891113,0.10752521057960066,0.06469886477896607,-0.09681688077822234,0.11769089853327365,0.25957693325337616,0.25816350191307774,-0.24251742099744972,0.19993621518261812,0.15522569146039078,0.07045276613613065,-0.09235921007050833,0.19951137019202866,0.05249715689354052,-0.06542175628315569,-0.14353661816856053,0.2103463777046514,-0.0466915712743811,0.21739339236500702,0.08192760468935598,0.1450539961625837
Insula_R,0.5988869376170223,-0.015898825412527455,0.723048791703559,0.45283562032114294,0.05598982732680585,0.15909220616370096,0.4610288504050441,0.26058227634698267,0.1077364180195522,0.409575157826944,0.12674263762150742,-0.18641209553678384,0.45995957955536326,-0.0860455047172304,0.1267378662492078,0.3280971043435828,0.14002958214197658,1.0,0.27695879377987137,0.5407116983094242,-0.08532032514763405,0.23953518591185008,0.4159693484549114,0.5408590791664121,0.33890513149133045,0.27359894853164773,0.16631201240825863,-0.22882689266402167,0.1562511785133536,0.36211231857229637,0.5139567998204472,0.20515619066608046,0.07003428837395298,0.23132776829558913,0.36611940269597804,0.4775734721007317,0.2797417213846715,0.332240212892158,0.293303774270458,0.17579821575852492,0.11622834837379308,0.19122696283253976,0.35750382658915314,0.014367684783048954,-0.06292667709449551,0.10932991779605021,0.2036194701713387,0.5318197113273333,0.4582507755274985,0.1331299387643188,-0.056681303546325064,0.05936721721268322,-0.041961319436509444,0.3497767288895077,0.24123974776186408,0.02774746262445225,0.6158854884323093,0.4216692431916524,0.5760725346283396,0.4251519012331103,0.066343273744877,0.45870241607424783,0.4594680350459046,0.3348475762463802,0.2364498907742923,0.22783121591167474,0.026580160404578352,0.23574856155899848,0.26650535944233256,0.44203390440604146,0.2798751744402389,0.04411215017629182,0.06900389283349016,0.15734746964924817,0.6835284175479341,0.2606215934697915,0.035087244992001505,-0.11660622476986478,0.3580054094681321,0.4098708003014327,0.09101295648401282,0.5809643147255188,0.21649450807032802,0.5042884376761084,0.1922320008471423
Thal_VPL_L,0.28884279032027327,-0.0061653207727358226,0.31017813026442126,-0.008123272067804077,0.2725434880119294,-0.4545064882103275,0.10642009599204572,0.13488881842549216,0.04388577400845934,0.3157433817681997,-0.07992066679378286,0.13396534570698868,0.12428146026817538,-0.2355354558720038,0.17193399316729904,0.35952800049986083,0.05909534857929719,0.27695879377987137,1.0,-0.014832633469296648,0.38811768687221965,-0.1026107713223373,-0.08837968458520888,0.25157954056294124,-0.06368516687666192,0.2810712591578495,0.13895788433185427,-0.03352453372268913,0.29542869762651314,0.30541874385552237,-0.051599270278302106,-0.2555959247757882,-0.1696936290360424,0.005068387074544095,-0.058285050584635414,0.13422601688381078,0.16046854029346003,0.022770368430477934,0.15987365866473421,-0.020068495806143716,-0.16163453494804222,-0.10989937960895071,-0.05316892090178778,-0.031776738968740885,-0.07198270966124509,-0.2482430286501189,0.3838647620474865,0.2517761849456622,-0.04666729381599662,0.028863147199028712,-0.2802348279469862,-0.08023043210321283,0.013165364729187693,0.38655939358637675,0.2840677536295217,0.006563644545852089,0.06357306537897495,0.03980796834944543,0.26758340570374334,-0.0018977598978252436,-0.10680873592575597,0.3385027574336702,0.13764882254914856,0.14031538556277245,0.04686555889729416,0.05670022854994495,-0.23243794774867885,-0.004965990562983033,0.21902656552328872,0.1859216701629139,0.2597395967691225,-0.12367537265737624,-0.1881563323613554,0.10426031684343859,0.12225664367350542,0.16464308987396964,0.2581190316294283,-0.05018763678996274,-0.09416598221845665,-0.19335281472520904,0.04365439108451958,0.12258231585070768,0.45320497476277277,0.2273037256336979,0.08601724931639004
Frontal_Sup_2_L,0.5383053318656643,0.13646422367290698,0.5041728526946274,0.4022655613595959,-0.26434667138400253,0.3641788891031431,0.14288847944269767,0.051052012653240705,0.08683201531621638,0.1648453226941608,0.210722563785101,-0.4388519593707182,0.23138119470255483,-0.09705731518987339,0.12840048548853664,0.1912721662863826,0.12574760298736204,0.5407116983094242,-0.014832633469296648,1.0,-0.12864877677175926,0.11565023683901117,0.5528648776572045,0.21125068437935268,0.5286804776877371,0.12416124611289307,0.31440661885199395,-0.30512574803473896,0.21061301899836773,0.18257187570298752,0.3844274616379328,0.29798642259129965,-0.09356958450284256,0.21249112623133307,0.1586340874859694,0.44876505151224294,0.09988721310818831,0.3209307063446864,0.16093323281264046,0.01824192365311377,0.17210422908130335,-0.0785794498379606,0.4439046276434404,-0.09850579161452842,0.06873042388687779,0.22675155949271314,-0.16061161140382735,0.3541457746062476,0.38418130048383337,0.4612031818431835,0.2794081869954276,0.2545117060643981,-0.19492964013461034,0.16239106702075387,0.10869219981635009,-0.2512352426917299,0.6008125749749883,0.3207733924351557,0.4050467440085036,0.35641716880964236,-0.03954614805364,0.12994420580253696,0.550014317767987,0.16707564485099888,0.1496392888946896,0.06631930715836404,0.1370751320453694,0.18919961116269404,0.42513121971035117,0.2946127868773364,0.4384971275610283,0.044403806123261655,0.1957780928632493,0.2229445708168409,0.5059394997323158,-0.05618579606448794,-0.19579507261909002,-0.11887843320275943,0.12181912084082036,0.36338058061260003,0.20476324317207908,0.30779257870552157,-0.013205039864656367,0.29876657372064713,0.15136974413687318
Cerebellum_9_L,-0.05213025748431624,-0.14969262917348014,-0.04515650994621926,-0.16597212207342438,0.3478606506786732,-0.4404649719485791,0.06137665419134542,-0.2923033952008497,-0.11253346511036234,0.0957495973814532,0.043364980817419976,0.44423643301495475,0.12494988155372488,-0.2141134181513973,-0.17841733832884374,0.18334310192507194,0.07694363363227238,-0.08532032514763405,0.38811768687221965,-0.12864877677175926,1.0,-0.14804014527503803,-0.060091490067609804,-0.039352575139468486,-0.04859405457352078,0.21989138366128758,0.16488135549246813,0.2908995535912829,0.3286045734103319,0.11246271719850102,-0.34747769142534124,-0.43079906638247173,-0.18117164049133905,-0.1155616023393427,-0.1954528147855994,-0.10965479619962962,0.1679540226317656,-0.14496054358473326,-0.11201179751009598,-0.11856953760687569,-0.3249910970547018,-0.2490081402098541,-0.024349192536358134,0.11585526995630137,-0.11546170564056302,-0.32046437822328266,0.4401051524533131,0.14254290187803964,-0.1827603615035224,0.23852039426405028,-0.43899826518332113,-0.3054293230587487,-0.18372038047914696,0.042308301187952736,0.336045184374341,0.17880753166493552,-0.04645902769037403,-0.3970732391767652,0.010220912862988592,-0.1485282009520478,-0.1031673982542843,0.10232230020212439,0.07785711801666716,-0.16990002856401124,0.013066174039889732,-0.07112695226420138,-0.11906738103304687,0.058676801671681704,0.3007684022608711,0.21576122407699636,0.18882529573233292,-0.12963234156431813,-0.2616439441277642,0.2146596174719324,-0.20336645071454218,-0.20318674632927183,0.16638751976319435,-0.24043527238149057,-0.23527971431819827,-0.24379518159121882,0.13325255878479977,-0.05280727057321317,0.42968982756775254,0.045567592291845586,0.12915901325981594
Lingual_L,0.20765852542438792,0.18265160999150568,0.12528352400316445,0.34169632355923196,0.2534424338696302,0.2833872770868409,0.641680585314411,0.10558942848009625,0.6159350422964034,0.1387240718331244,0.1510750689424438,0.1568998686092498,0.1804512177839256,0.033147635093995056,0.15223411379191965,-0.13644380605865777,0.17486422181666655,0.23953518591185008,-0.1026107713223373,0.11565023683901117,-0.14804014527503803,1.0,0.37402385250017595,0.027048419820734002,0.15899990660785487,-0.08539747221247454,-0.2439035526531623,-0.1498216176802313,-0.3224988644574914,0.37197569071216374,0.33294507844425086,0.5444783960243085,0.646383046063488,0.7300608500260972,-0.03460442181328157,0.18110684594445906,0.39283962099163966,0.33663081223325075,0.019939897384455542,0.8137667728964827,0.12751590326441187,0.6109049930046566,0.3084816144587339,-0.056078734695926384,-0.001800939585979146,0.5672820336366395,0.1591620241786023,0.41200168035656165,0.359372765149887,-0.06699340615787214,0.2823352381164631,0.24187287570435087,0.4088890584088135,0.03337575468283745,-0.21150038389703302,0.1748718139242287,0.4442222433208822,0.2732112613091575,0.04933305853881556,0.10632902521629695,0.03904741894250941,-0.007527185881139778,-0.16226472246187917,0.11019469983834278,0.06310326036412156,0.66268633575129,0.08811256198606109,0.041217472579681905,-0.08925617540110443,0.1553249733370541,-0.4218300304470008,0.08504493989167726,0.7505631202049157,-0.3356303667935546,0.17074414469276533,0.19260380865075977,0.2787254158326298,0.32551303020711986,0.45960655554611074,0.06502064643830144,0.009435822416463995,-0.017174486525776984,-0.0562568135601403,0.06994499561466003,0.0620370314983633
