,Thal_PuA_R,Thal_IL_L,Cerebellum_9_L,Cingulate_Post_R,Frontal_Sup_Medial_R,Putamen_R,Vermis_6,Thal_VA_L,SupraMarginal_L,Caudate_R,Parietal_Inf_R,Thal_AV_R,Insula_R,Thal_VA_R,Thal_MDl_R,Lingual_R,Raphe_D,Thal_VL_R,Cerebellum_4_5_L,Hippocampus_L,Cerebellum_10_R,Occipital_Inf_R,Occipital_Mid_L,Frontal_Sup_2_L,Thal_IL_R,Thal_PuL_R,Cingulate_Post_L,Frontal_Med_Orb_L,Rectus_L,ACC_sup_R,Frontal_Mid_2_L,Vermis_7,Thal_Re_L,Amygdala_L,Cerebellum_4_5_R,Pallidum_L,Rolandic_Oper_L,Temporal_Mid_R,Amygdala_R,Red_N_R,OFCant_L,Vermis_1_2,SN_pc_L,Frontal_Inf_Tri_L,SN_pr_R,Olfactory_R,Thal_PuM_L,Heschl_R,Thal_LP_R,SN_pc_R,OFCpost_L,Parietal_Sup_R,VTA_L,Cerebellum_Crus1_L,Vermis_4_5,Thal_PuM_R,Cerebellum_8_L,Caudate_L,Cingulate_Mid_R,ACC_sup_L,Thal_PuA_L,Thal_MDm_R,SN_pr_L,Cerebellum_6_R,Thal_AV_L,Raphe_M,Temporal_Pole_Sup_R,Pallidum_R,OFCpost_R,Postcentral_L,Temporal_Sup_L,OFCant_R,Cerebellum_Crus2_R,Cerebellum_7b_L,Precentral_R
Thal_PuA_R,1.0,0.41164717943272744,0.31446712209619726,0.6544493863395373,0.2743830565597787,0.09388131320358971,0.4057476828452277,0.16857366421558065,0.2942232660827498,0.4298530217815709,-0.18894147536176295,-0.0018012676712242989,0.587895023473736,0.10127488193143179,-0.002666876326009026,0.3537686691187323,0.6153252000477526,0.4262348192300344,0.4400299199264057,0.5802346813061419,0.26025528247319885,0.2578346376326773,0.2782665463410609,0.22815179243521952,0.3539386352147611,0.4351324749895312,0.4050789886797345,0.2227446272081378,0.139056230137591,0.5915393850570431,0.1894336393170882,0.30020053535985103,0.2564136748198561,0.0064581567682889295,0.5091662361339858,-0.07900039567233191,0.5278908012970059,0.44305586943085884,0.3223286679635078,0.6268935574655307,0.037999400595245814,0.568143881874789,0.44026635779436407,0.41889536467526567,0.5478114035525433,0.18051822906047602,0.7544206230144176,0.35268567355665464,0.615816270646156,0.3812870939424351,0.12604715569170793,-0.23617385116535852,0.15033992252132233,0.3721615994144729,0.33171371491307544,0.7969042494858816,0.3568383896100514,0.49224024420089457,0.3961604630684953,0.582809837684537,0.8568719315924571,0.6501972703598171,0.26215499245500523,0.479650698593682,0.3854150327154202,0.3631019661673192,0.15672319728018372,-0.17936023222326342,0.09943079483928802,0.044330002476810446,0.38504484850317094,-0.023865926141565207,0.2934451959499189,0.1450021480659433,-0.026535324426049122
Thal_IL_L,0.41164717943272744,1.0,0.2798696027544978,0.6487217032499419,0.3887458288135989,0.5610457007666343,0.37916796711220824,-0.25646481837603535,0.43278548228524616,0.17405278472885527,0.35975975205565786,0.3256855767376214,0.47954527686951054,-0.2849196644380501,0.370349759347406,0.6261220942864187,0.1815610800693367,-0.09373828737278661,0.620433067531898,0.40868490849557254,0.18882802376412386,0.23231768416144932,0.6537940775050075,0.2019082329692042,0.6437189146556878,0.40423450855466014,0.1483176403769983,-0.17609237220071106,-0.16062961711110094,0.40075461592048056,0.20429877059879176,0.2166699743009204,-0.1476385947470678,-0.1872909518081882,0.3107146034345263,0.3000541701887126,0.5561415596106264,0.24693622074788754,-0.15386799171456692,0.26950445177222243,-0.08872064849215566,0.38245181581866156,0.2803174617687113,0.3405490583082723,0.11956300648943248,-0.2763381396407427,0.44285987897603973,0.20902996170078222,0.20292009508657083,0.3320090097485435,0.08255827440770369,0.2036258222599391,0.36688463013762407,0.26866315877947383,0.36516919965715317,0.33420992400390914,0.3048642268389031,0.40841710221344196,0.6474014863582492,0.44473632758881193,0.44588216285321236,0.6626228770089126,0.14772044783121668,0.25737031787365944,0.22698175242040952,0.04588590292257217,-0.21118282540377958,0.44642417994339695,-0.16830041355819017,0.24147241876954076,0.4544711648208357,-0.18919688047268332,0.09239954316156683,0.4028038764491516,0.41173792750707155
Cerebellum_9_L,0.31446712209619726,0.2798696027544978,1.0,0.39633257769367075,-0.30279900441083774,-0.06256720228207857,0.8603114413949177,-0.4271234844708254,-0.17317122057985837,-0.20931077793884034,-0.4735704242222819,0.06750384989423633,0.18771711609890598,-0.3692307185690994,-0.3717605440351152,0.7519807695029543,0.5107961690519612,-0.16896614266380583,0.19712165343867274,0.07119147144748555,-0.41864521639098856,0.9176516072789348,0.5702101811229063,-0.12276041228559344,0.16224607118013606,-0.011598769655510922,-0.13370565400101803,0.42602036380283026,0.5444584090551885,-0.01649957204879513,-0.21985286053676303,0.9253414679609989,-0.4428883356547307,-0.8109887290780418,-0.2190629861254662,-0.31099799935808076,0.04320375014520555,0.6290744710489422,0.33635584732528,0.3863230190326116,-0.29247800126386375,0.18118921962195272,0.27227123881605825,0.12167868183181188,-0.107043677942848,-0.5959133169788318,0.36225831080346155,-0.13925805388899928,0.18109941214465675,0.2045685545444878,-0.5714113265857741,-0.7054559945305537,0.6165912409515089,0.8925732096432638,-0.11772610844367785,0.20743866419936832,0.9675419632886175,-0.09592424825391413,0.09972111735979186,-0.02815911320663904,0.3258232498579766,0.28927024610655894,-0.47713905818290303,0.898481162375059,-0.22268105358731827,0.2721415182498434,-0.252955242503515,-0.37083638840944116,-0.4905240960949185,-0.4453250292988605,-0.039654763246956756,-0.6125604709952643,0.7613526808173837,0.36152333789717217,-0.3772263598163485
Cingulate_Post_R,0.6544493863395373,0.6487217032499419,0.39633257769367075,1.0,0.2410922312948521,0.3260057520528502,0.42474223891004126,-0.06157761672096504,0.44037513696054625,0.28016239941231946,0.004815488037508533,0.3319976574477615,0.4792380541260602,-0.13871607094576674,0.16052132303420807,0.5367258810961935,0.4506843522979123,0.15098984683872757,0.5322735225637543,0.5729445086794211,0.24046848679398708,0.35770683195065084,0.4539118354074763,0.30768283080314074,0.5172410234898055,0.580706912703802,0.46692012483510753,0.10145979172161432,0.010524039119949296,0.49027038844489074,0.2561660336483423,0.33578132968153607,-0.05495647868568093,-0.17050585574952587,0.45239742812869443,0.1925782576635891,0.6555364373422661,0.5245094359712422,0.016588248059009374,0.4634610972085054,-0.15361995853273172,0.5941225842481999,0.2093055894170282,0.40194141397038957,0.1458929892466774,-0.22539743523407257,0.7561222702941737,0.3682696965894054,0.48706798738496865,0.3810776284578513,-0.020460381018286608,-0.08968942579709786,0.2795653169410136,0.41884234243115026,0.3830006096473666,0.6292017419565527,0.44989447691273166,0.403382543113241,0.6964051809282976,0.5085104973595787,0.5715527254972478,0.7172778209082042,0.0767690059602181,0.5240029695321482,0.19266283585398986,0.2284783209851164,-0.02160605333981144,0.15256829717288553,-0.23708444305370507,0.22412485547893105,0.4161471461230151,-0.2700719665859843,0.39374029833687274,0.1699636986424609,0.1250994561854496
Frontal_Sup_Medial_R,0.2743830565597787,0.3887458288135989,-0.30279900441083774,0.2410922312948521,1.0,0.2355559528081912,-0.07843589727952763,0.4741691925713418,0.5433849810814462,0.711168384259879,0.4609262516512955,0.13334746425889948,0.6277618263215262,0.5057406756120238,0.47918236579330575,0.09120323552204904,0.1198873560060312,0.5372521011246628,0.5924851509747405,0.507061012211846,0.6143414547569552,-0.34646575516304506,0.09366295127128434,0.6376727593526145,0.5126235370890874,0.504912163315156,0.41509324823161303,-0.1433007201620142,-0.12288716540754227,0.6924966774780481,0.7357463394232496,-0.39725205084611975,0.39556929549118336,0.4069118263612933,0.5934198524842286,0.0997681251461921,0.5750133081934908,0.052775910697329745,0.18133128928285092,0.12228903283429626,0.6152814805550522,0.4715211047743934,0.0995859649758893,0.6002042876215613,0.37633547251838695,0.4480676879218147,0.3942600615402584,0.5698810914629164,0.5095687532866111,0.34580383271645204,0.6525130145777053,0.49634701399913317,-0.09941559251039873,-0.3482166822813243,0.6391983603383681,0.38114002188506857,-0.237104384737993,0.6285243501119571,0.41969190774820997,0.7619590442345692,0.2304930163042188,0.4590253790967167,0.5533495650333065,-0.24777103135597958,0.6271333187610967,0.13761771634038472,0.4892544013536259,0.20154052843907524,0.5844120940922896,0.5761933130090108,0.42717574727093366,0.5516697147787777,-0.38411181578595033,0.22179419498738348,0.41580040335818835
Putamen_R,0.09388131320358971,0.5610457007666343,-0.06256720228207857,0.3260057520528502,0.2355559528081912,1.0,0.0776381144271776,-0.16920558792066587,0.32279784722478655,0.060897545044968825,0.5528194529406011,0.19372127518425467,0.15899629050737643,-0.14425350367906525,0.3865518765485,0.30175731435943487,-0.036297010177053717,-0.15105559354417844,0.48501553818778365,0.34636211360631874,0.297597953395774,-0.06917983355288146,0.3038955875207096,0.08540507535474744,0.4381469547460774,0.35574635851537517,0.1701023309764749,-0.2598377121128452,-0.45327004235071644,0.27903831932861195,0.14895689029233736,0.017897093402280597,0.06207289874921802,0.16810929602711755,0.35446265488657486,0.13444921942923777,0.48261825101053707,-0.2633162804035812,-0.4995527804068309,-0.11979860246195709,-0.1730709070598163,0.34758009203922935,0.16399613435190394,0.3061129615021948,0.11214868230675828,-0.1719432148967693,0.22965515432861966,0.20699758752813666,0.1122469593237393,0.013360993561042965,0.020331478188282095,0.3195982792594353,0.2126335043869168,0.10675949577840016,0.35370385815285166,0.17805210004859062,-0.0007735632765595491,0.379248974698442,0.6706057746937523,0.3061323283856385,0.00019981917722088934,0.31836790875740834,0.07332244472160056,-0.04840126927577552,0.3346775705934597,-0.09005763564517344,-0.41559026502031293,0.6388788893751324,-0.24603938707004552,0.23112071577578194,0.5471859959158887,-0.14853802703694266,-0.22828256900079377,0.345976414148394,0.6062002532406042
Vermis_6,0.4057476828452277,0.37916796711220824,0.8603114413949177,0.42474223891004126,-0.07843589727952763,0.0776381144271776,1.0,-0.2855129107067095,-0.05059194077251999,0.01654680023488751,-0.3043810985853036,0.01448595209419654,0.3810113974128164,-0.20620563126433966,-0.21012910051180891,0.8609599704379997,0.4767532158199798,-0.0201564069789269,0.4950431636060089,0.1780863398249267,-0.2592236927529744,0.809849396189126,0.6517597511899662,-0.06253887874121349,0.3118185779661989,0.11839999260982498,0.06618914450671559,0.4557027609784761,0.48226938669707514,0.12468287380677268,-0.1469531379834016,0.8747002328002789,-0.2610572655343057,-0.6119329321217624,0.05861189549603738,-0.31967279431521867,0.2352179959013854,0.5499343362390621,0.3380073508274663,0.35602753997187314,-0.1827699154176588,0.38156956666566244,0.4540494989027988,0.21768347362665938,0.11880186611818101,-0.4282456995972282,0.40561599534757176,0.050199520091533376,0.27145467908621873,0.24423906675506976,-0.45956897633746724,-0.5930174058349313,0.6800877587002907,0.8252571835338073,0.19516586421349397,0.30387634756810716,0.8107188981073011,0.08900305684403624,0.21794279092591862,0.14427926560359858,0.3090504677189674,0.40745780094858924,-0.33888713251504454,0.8470181559505929,0.04338784281342442,0.3128337964454233,-0.2668228851132348,-0.27161940490518605,-0.3249353017283892,-0.3096262308866379,0.13580105878389526,-0.545274005047244,0.6393669192304228,0.5547383599137641,-0.10998175913507856
Thal_VA_L,0.16857366421558065,-0.25646481837603535,-0.4271234844708254,-0.06157761672096504,0.4741691925713418,-0.16920558792066587,-0.2855129107067095,1.0,0.24752280643103158,0.7091479607685849,-0.07879877492048218,-0.16681661776096252,0.26214414104511,0.8710185017636635,0.30758127187261697,-0.42598427490191887,0.15838409923561778,0.8580444042338854,0.14512294021216696,0.48337575380044623,0.6549496179976112,-0.532676780253136,-0.5779334637899088,0.47918195219321363,0.0038307937089526083,0.135778625825303,0.5578941725457167,-0.0681251801533346,-0.05439357911066938,0.5070485823254749,0.5438295636837074,-0.45974616001488483,0.6722190400289855,0.6809986620014153,0.6326576527482219,0.07546762916178756,0.37816533575132766,0.0060863112356925675,0.307034916918477,0.10670924003513146,0.46072757563591155,0.3999248441636909,-0.06226656134199529,0.5127269495728832,0.5261716207460012,0.7885753028941669,0.2485131316271921,0.5532584593493705,0.44236995802431134,0.16140815746154583,0.5056723472376936,0.10080436526234413,-0.5366690509865871,-0.3703657178236444,0.5016927569054594,0.3070884163966776,-0.33288586809109,0.5261089886982608,0.018329206686316202,0.4889154007083255,0.09363956867453321,0.1722638153674494,0.5860358059076289,-0.22289830442953898,0.6340919065179307,0.2839751606038291,0.7172222374133082,-0.07384209912256556,0.6290073845513758,0.31169124615193283,0.2802318028123465,0.6598628705573603,-0.2286381914247309,-0.3315991494589013,-0.02306748809957316
SupraMarginal_L,0.2942232660827498,0.43278548228524616,-0.17317122057985837,0.44037513696054625,0.5433849810814462,0.32279784722478655,-0.05059194077251999,0.24752280643103158,1.0,0.43398023888217063,0.3155944280108963,0.16498482291577532,0.3439822622032138,0.199291796664322,0.3801813442064601,0.14211853485379092,0.026373739226790434,0.25949285246253384,0.5621076144808241,0.38803111035356563,0.5654615109371744,-0.17740465787327794,0.23852239414847368,0.6402701011014841,0.43179020384276373,0.4562534832628971,0.4629099685239556,-0.21296518333634323,-0.17319894277583195,0.5207749821818225,0.546746761710264,-0.30706419745703695,0.3494850695176878,0.29105121029050773,0.4861569187877626,0.22386956931277385,0.607824141771951,0.20096835972856616,-0.08683416542253784,0.06180825562896836,0.1871207368477032,0.4651799667676006,0.05649982306850005,0.56575740992875,0.1649476784091784,0.2098066574102475,0.3045023982523472,0.34250663300404643,0.32733694914388084,0.18728254786903584,0.3284654105082391,0.39831564256007734,-0.128369089165477,-0.2783430271460756,0.5593631001853907,0.33367016944448946,-0.09737981774671815,0.5341761500525183,0.6509571977028524,0.4700732616226086,0.28386081360066695,0.3832140632341593,0.26900787119218234,-0.0676846331836704,0.40804297106898046,0.09661022510560782,0.38543770401496735,0.30439274774961433,0.2949510962632785,0.7959639530355178,0.33501663030435724,0.3250050861705105,-0.09898340903253025,0.06156941512335985,0.21108189867576435
Caudate_R,0.4298530217815709,0.17405278472885527,-0.20931077793884034,0.28016239941231946,0.711168384259879,0.060897545044968825,0.01654680023488751,0.7091479607685849,0.43398023888217063,1.0,0.02105301762747561,0.12225415343998582,0.6451352365025185,0.7678276237925525,0.4973237859058987,-0.0003423371422750974,0.2981919774763517,0.8593198061394811,0.5071395528566017,0.6751972598365132,0.686077754101089,-0.2548941339478625,-0.1887110758888794,0.5552873789702202,0.4275470473921242,0.4181933895928277,0.6169799765384687,-0.0427163502245786,-0.027874851361065857,0.7597693689048949,0.5596323969060977,-0.24962902417922175,0.4689823102295166,0.48842788684047744,0.7770938553970412,0.15508717088348767,0.6678966023895795,0.2967739092179965,0.3678312040502513,0.23981787327905166,0.4639028426335024,0.6298738121068644,0.08680521870858908,0.628908953882303,0.540055931529961,0.6327352134671741,0.5643933237156875,0.7872947359890818,0.6841023099334558,0.44473759394388845,0.5335200841046353,0.08467298567926772,-0.21399798310599213,-0.19909763590204,0.6771982800272632,0.5285930013055652,-0.15486922669339442,0.739393611451381,0.37264532147448975,0.7830653067243524,0.34247119537322324,0.506342470555688,0.5607166170517938,0.03417319173609083,0.7179230145967738,0.3501758291387189,0.6541328300137745,0.07460104166179832,0.6123327448584771,0.4331847833655637,0.38423712840369584,0.45680584608838964,-0.05678785955187281,-0.029533103852112504,0.16149873703591297
Parietal_Inf_R,-0.18894147536176295,0.35975975205565786,-0.4735704242222819,0.004815488037508533,0.4609262516512955,0.5528194529406011,-0.3043810985853036,-0.07879877492048218,0.3155944280108963,0.02105301762747561,1.0,0.2538495878067677,-0.0904212454070951,-0.19465652209549886,0.5205725271455925,0.03527627879434715,-0.5216862106854088,-0.2607729225851754,0.3601201791967813,-0.04446898719412335,0.24888205068953814,-0.4331808133029263,0.24645039515400943,0.2853333692036188,0.35656698332883835,0.3659555548650374,0.11420519204204177,-0.37007739473016765,-0.47457307802176063,0.028663567992598598,0.38503586552646346,-0.4812100859901202,0.07632734506020926,0.3018666930050734,0.12857942418161888,0.32839419682268095,0.16394032107287082,-0.4502463485424008,-0.6706963247016033,-0.39736015623859045,0.23453887002500592,0.002181756073040409,-0.00033873670531601747,0.03778728370272315,-0.11299269678492,-0.060903951598835424,-0.18207176148851534,-0.10682787059069963,-0.22789661271175746,-0.08595104813213648,0.4018097570754466,0.8891619986422312,-0.07033722853293652,-0.4630110468331505,0.3091577956205326,-0.16464810809973474,-0.4344719452033179,0.03482089402918598,0.3836899851180443,0.16242672003208639,-0.16045371171231348,-0.05948912155037213,0.19798985944251632,-0.5920997834337977,0.064158510451014,-0.32878917952925896,-0.19704315475528272,0.6889304174452393,-0.016809515217746335,0.5746717743385432,0.1855280951043247,0.1169108516686019,-0.627836575755765,0.3049267488613174,0.8552681680902532
Thal_AV_R,-0.0018012676712242989,0.3256855767376214,0.06750384989423633,0.3319976574477615,0.13334746425889948,0.19372127518425467,0.01448595209419654,-0.16681661776096252,0.16498482291577532,0.12225415343998582,0.2538495878067677,1.0,-0.019535888354391708,-0.21236973489218317,0.45259687319980035,0.21596933998557016,-0.12271889245205637,-0.12600015222757766,0.13388810546134067,0.09369597070949466,0.09936313693743304,0.16843208763987685,0.20843825649981015,0.1784109468483073,0.4555512738668361,0.30470343449609955,-0.017605320219136245,-0.12204286235639582,-0.10599145262780738,-0.01998558338869575,0.1393718302611164,-0.015593603640064327,-0.3763459841388229,-0.15231945008739567,0.04130995442426718,0.4832374772386233,0.1022174243303706,0.3904067067553115,-0.2897467284750715,-0.00565082962536503,-0.11094608092826289,0.12105108967473731,-0.3142564887074578,-0.02827566191030805,-0.28921074159022503,-0.3664785710607521,0.16350992925142055,-0.0023159860357688648,-0.042364991593725226,0.3356322303009944,-0.07284053051386412,0.2664945877338232,0.054898406539056525,-0.0523674326212189,0.08674272947870286,-0.11035390248116174,0.09424010601087571,-0.1341450362579313,0.422361681333826,0.12175425334253412,0.08724022779496825,0.21475009446996343,-0.07529566800787467,0.11022995941428407,-0.30261382569094336,-0.0025272687199112205,0.014073086259049135,0.37062617590590347,-0.34231682038372924,0.28047067243949414,-0.2750505704558498,-0.31842450126126426,0.09778089746406855,-0.0384376427651203,0.2518652448016432
Insula_R,0.587895023473736,0.47954527686951054,0.18771711609890598,0.4792380541260602,0.6277618263215262,0.15899629050737643,0.3810113974128164,0.26214414104511,0.3439822622032138,0.6451352365025185,-0.0904212454070951,-0.019535888354391708,1.0,0.40079523408286993,0.1453667525517918,0.3958687034061954,0.5300670302622912,0.5323942630509764,0.5843488321428859,0.6267831126946196,0.3186244651929352,0.14275345387042193,0.26978750831638915,0.22757608544477934,0.4032807754179122,0.37337476038948125,0.31291752027223474,0.1617693212314073,0.12522635815726793,0.7917952442720326,0.23853628130514026,0.17195586351719191,0.269271793789097,0.07299193179492244,0.565022432710735,-0.10572941397554128,0.6714981983192839,0.3651647018223083,0.5829202271540938,0.5083828644989252,0.2612638107157697,0.5635575749506055,0.4190380235852252,0.5257368540605953,0.534806731403305,0.3452333692303435,0.6520797935434135,0.6961603208770971,0.6641243280004895,0.4358987765542859,0.3392850617944637,-0.13724577728086798,0.20314588850350382,0.1959117720930231,0.4861668618731334,0.6369632609482287,0.17709800564211475,0.6439444471010335,0.3885284735881065,0.7802519772215625,0.45343929358876994,0.7056787332192578,0.3416792344467496,0.3344200545156238,0.6353004095853059,0.2939163473227577,0.2313075973307764,-0.11449178824231256,0.4683488799288317,0.11198117254347092,0.5404819081272206,0.2534239263728538,0.10583626636527056,0.23334253772979052,0.09256239629684122
Thal_VA_R,0.10127488193143179,-0.2849196644380501,-0.3692307185690994,-0.13871607094576674,0.5057406756120238,-0.14425350367906525,-0.20620563126433966,0.8710185017636635,0.199291796664322,0.7678276237925525,-0.19465652209549886,-0.21236973489218317,0.40079523408286993,1.0,0.21014410458630667,-0.36115389374272816,0.2571596551860081,0.8885430365414135,0.1538119021940146,0.5026710717009291,0.583532220103507,-0.44446642266699865,-0.5676543476986152,0.403523453821752,0.01746857240101442,0.04637620098816699,0.47233437334831435,-0.02202286600026538,0.01830652475018415,0.5727615321040337,0.4581982507753024,-0.36772947472654305,0.6166291512824029,0.604891360611553,0.6009009574605539,-0.1315136146791021,0.3596526705541376,0.010006828835840824,0.5127279580796851,0.047478022685353005,0.506184039427327,0.3924305390489475,-0.03703343755112052,0.521869211439563,0.5252415145031876,0.8162609047358884,0.2765331730550842,0.6878078027063435,0.575014428481017,0.19867556033623288,0.498582094974313,-0.03892413788903593,-0.38554086690691286,-0.3024990914056157,0.4689196945242557,0.32994026498939333,-0.3133424629013181,0.5975548194330822,-0.04234071564194616,0.5271678783683522,0.006954274056404562,0.19085386329447235,0.541299340937033,-0.15188001775643806,0.7159915745047263,0.29564765960685685,0.694647587953512,-0.18242687715882136,0.7471214191279745,0.21679590601103718,0.3040252587319265,0.6879236645191508,-0.17867824432364962,-0.260114194790894,-0.1082795335134411
Thal_MDl_R,-0.002666876326009026,0.370349759347406,-0.3717605440351152,0.16052132303420807,0.47918236579330575,0.3865518765485,-0.21012910051180891,0.30758127187261697,0.3801813442064601,0.4973237859058987,0.5205725271455925,0.45259687319980035,0.1453667525517918,0.21014410458630667,1.0,-0.0012020146345426092,-0.3716687182229011,0.25304997913715155,0.3786071073319631,0.24032852635069948,0.5266478924594248,-0.3221910738224007,-0.02216569378620253,0.41632887902096605,0.5846773519335658,0.4266320135109985,0.2816642616411355,-0.41684657544417547,-0.35337567024123206,0.261248463892526,0.4020982789253811,-0.42113222418566143,0.06652926724087023,0.3770261994631805,0.4346606398242742,0.6987323886226198,0.4228309637568987,0.03622095071386223,-0.3304523845789969,-0.15933695884250124,0.20161688214509216,0.33965893899126864,-0.3028136729942609,0.29916257502602667,0.09329402924866116,0.17767824341979843,0.09217362498004279,0.2809132637952497,0.008193381313541645,0.35673786291013315,0.2932042133861784,0.5338331623660414,-0.16546760173460429,-0.4207770994861304,0.42874320603908417,-0.049914401683237845,-0.3308846802820012,0.3259510617430307,0.4887498687744997,0.35251104025338803,-0.06490814088874455,0.2665254485067083,0.4221646322407554,-0.26990315971604245,0.26564931508288553,-0.050868147135275016,0.27968022598762127,0.6773600081668667,0.13695257447696574,0.5615891653708371,0.10239385984335331,0.16855015556884137,-0.2491685024947402,-0.06301016080159605,0.5047314364765344
Lingual_R,0.3537686691187323,0.6261220942864187,0.7519807695029543,0.5367258810961935,0.09120323552204904,0.30175731435943487,0.8609599704379997,-0.42598427490191887,0.14211853485379092,-0.0003423371422750974,0.03527627879434715,0.21596933998557016,0.3958687034061954,-0.36115389374272816,-0.0012020146345426092,1.0,0.281723504588752,-0.1907070960568922,0.6524334774904327,0.1641817279619783,-0.1825578927988249,0.7635696671742216,0.8481180000001176,0.10197061706691972,0.4833777477829679,0.2801169343842736,0.05503026590071854,0.28402312479158426,0.34550225130681966,0.178643497979524,-0.0032335566794214946,0.7307325670418514,-0.3727150119917331,-0.6084385179256123,0.053117646080629605,-0.14179598431145765,0.3412142714371901,0.50977699078394,0.09513967314642234,0.27420328374395736,-0.12746126587407428,0.358225356674962,0.3559449938061216,0.2668513154980196,-0.0521289365470195,-0.5462979719489691,0.38338538822199986,0.019623751216827842,0.1826823653158078,0.2852394828650833,-0.36235035357844425,-0.2776097557734985,0.6994818226854967,0.6595622575508019,0.26050604286013435,0.23852700792245263,0.7004696672628098,0.10495480193556954,0.4608940940622942,0.2316674395784652,0.324831918325501,0.4170221534685277,-0.33256208000399257,0.7036204709316611,-0.004590798097974568,0.16000050112550257,-0.3263099571375095,-0.01698269936334647,-0.3682304991872526,-0.016147597131624256,0.17708390106105254,-0.5457286351197252,0.4944803678295123,0.585037514536633,0.12151516885188628
Raphe_D,0.6153252000477526,0.1815610800693367,0.5107961690519612,0.4506843522979123,0.1198873560060312,-0.036297010177053717,0.4767532158199798,0.15838409923561778,0.026373739226790434,0.2981919774763517,-0.5216862106854088,-0.12271889245205637,0.5300670302622912,0.2571596551860081,-0.3716687182229011,0.281723504588752,1.0,0.44801118648156973,0.20719180254129432,0.6277764686031784,0.07015202025877494,0.35726988018059086,0.060780151377559224,0.09213366398681866,0.1076134185168106,0.06796483932076296,0.2521959256437617,0.2973359205023475,0.3068059211710854,0.5029776733770671,0.11966217294756,0.4921750098277563,0.1944295567640312,-0.1185182752008335,0.35320674664031093,-0.45724570091779343,0.3499985929178885,0.4483338565871218,0.5783281925636545,0.6416543569757133,-0.03160162189259633,0.42091962977376723,0.3950457319480413,0.4518346753207867,0.5104569217292775,0.11511107797140462,0.7171164215081004,0.47146248660780554,0.7122686591221329,0.30572591053133585,-0.04596437916333439,-0.5692936383697094,0.20045436396171926,0.6025527636750956,0.20827092332183625,0.7056454439835862,0.5421449719943092,0.42863623117827754,0.13918546084487093,0.4427850108019092,0.5790939213759786,0.5256033027187766,0.13314187683965975,0.6288065886815484,0.3879431542268901,0.5011726279536731,0.12089124310662129,-0.47376581359256625,0.0501240917560447,-0.28732763252394716,0.39299939024093555,-0.032121508860015184,0.45529710921157873,0.05407817156210199,-0.3311233280055376
Thal_VL_R,0.4262348192300344,-0.09373828737278661,-0.16896614266380583,0.15098984683872757,0.5372521011246628,-0.15105559354417844,-0.0201564069789269,0.8580444042338854,0.25949285246253384,0.8593198061394811,-0.2607729225851754,-0.12600015222757766,0.5323942630509764,0.8885430365414135,0.25304997913715155,-0.1907070960568922,0.44801118648156973,1.0,0.29131452344499165,0.672065194374561,0.6536432921081586,-0.28050110530194833,-0.4254300633589905,0.4777134297951908,0.22194365428738527,0.23882823605045733,0.5930967879198883,0.07103443612312198,0.08098758862901267,0.6859775489053334,0.5169856827995597,-0.21414989587019048,0.5726759654191194,0.4947741005288978,0.7147492475092072,-0.042590889590752315,0.5167694984661809,0.26037672296751213,0.5650337421573357,0.2889446323487337,0.47673442429232055,0.5805775799895715,0.01611508462991197,0.6189405309181324,0.6272129569573535,0.7450725062915257,0.5463523648869956,0.7538439529944332,0.7236439038511749,0.3963789357388215,0.4570361000580676,-0.13370996390566817,-0.27953912514692636,-0.123622372349605,0.5434856849043492,0.551544967389021,-0.08940133453686164,0.6928045270472785,0.09626143604492625,0.6569066709423126,0.31132396215586644,0.437846659441986,0.5853914025901358,0.07376142001010468,0.7194130749571414,0.39378105052828555,0.7544359551028563,-0.21430183053875185,0.652690628437463,0.2129609941501792,0.3484216993998015,0.5735116864135069,-0.0016666668043153238,-0.2010197776456621,-0.12493238213557402
Cerebellum_4_5_L,0.4400299199264057,0.620433067531898,0.19712165343867274,0.5322735225637543,0.5924851509747405,0.48501553818778365,0.4950431636060089,0.14512294021216696,0.5621076144808241,0.5071395528566017,0.3601201791967813,0.13388810546134067,0.5843488321428859,0.1538119021940146,0.3786071073319631,0.6524334774904327,0.20719180254129432,0.29131452344499165,1.0,0.5116179845335541,0.47483867263522167,0.15135263182636405,0.538383766315693,0.46028800122325253,0.6382546826033889,0.5391917399534288,0.5423824672940166,0.09761758282430456,0.03055013937148038,0.5763928792665574,0.42551502443275646,0.17272342544500008,0.2136993761557331,0.09008966558346608,0.631186690896806,-0.017182535251684634,0.7160754828146142,0.23863136035255295,0.031413525635315596,0.13003358595658082,0.2221960595773688,0.7199824290042316,0.3941207816384062,0.5932721911506642,0.3492436670093853,0.049408568036131535,0.504952458499867,0.4459852452991993,0.4415091934738511,0.32196767563804385,0.15410746603168238,0.15063253351659833,0.37101275531842565,0.18770332730200584,0.7639555991507907,0.4629034031959294,0.22445080371905496,0.5608680769757981,0.6645471806001568,0.6261013405291662,0.33398612330955446,0.5600899537645406,0.20028189761350265,0.2709958515530514,0.5240897743959028,0.2135663076443802,0.06697095240043908,0.237121472323229,0.12947985990135058,0.4550295630089549,0.5126382632738388,0.008425308102258087,0.027060515125206283,0.5682499010548224,0.47415293998344077
Hippocampus_L,0.5802346813061419,0.40868490849557254,0.07119147144748555,0.5729445086794211,0.507061012211846,0.34636211360631874,0.1780863398249267,0.48337575380044623,0.38803111035356563,0.6751972598365132,-0.04446898719412335,0.09369597070949466,0.6267831126946196,0.5026710717009291,0.24032852635069948,0.1641817279619783,0.6277764686031784,0.672065194374561,0.5116179845335541,1.0,0.6011905180589265,-0.07875086698990513,-0.08914577285014252,0.4242691419253044,0.40660607797723064,0.36938093332231675,0.6301753855142216,-0.07939083214867174,-0.13836176011572623,0.8070787934709406,0.5065504744521008,0.03678844896814806,0.40967102299435554,0.30102403355506246,0.8215211930832915,0.0067681141344038106,0.7892430570774617,0.2856090864375732,0.2817685057139872,0.45980170202521975,0.19717221036137067,0.7626003279558599,0.2363196363659517,0.7110438615040321,0.6318932022862399,0.3735371449084867,0.8259512499926894,0.7587474582048933,0.7609375245642724,0.4481930067964738,0.34632532191692494,-0.07898612988812793,-0.057572152737184405,0.20910175499516068,0.6262813354032134,0.736404612458822,0.16966026745635465,0.7748222646679316,0.5310630501855976,0.7959055196779444,0.4929298052706383,0.7112752705858565,0.5072274272888093,0.28910887848696404,0.7044085266559278,0.452854021407981,0.3192668938028351,0.08871219326669555,0.22486494879346017,0.17088695276481755,0.7220870720891339,0.24865548126678608,0.11469910340044412,-0.034404721225842205,0.13466470063763308
Cerebellum_10_R,0.26025528247319885,0.18882802376412386,-0.41864521639098856,0.24046848679398708,0.6143414547569552,0.297597953395774,-0.2592236927529744,0.6549496179976112,0.5654615109371744,0.686077754101089,0.24888205068953814,0.09936313693743304,0.3186244651929352,0.583532220103507,0.5266478924594248,-0.1825578927988249,0.07015202025877494,0.6536432921081586,0.47483867263522167,0.6011905180589265,1.0,-0.4997229630673654,-0.23815945309968883,0.5565612476810161,0.3825042855979486,0.4224118032893725,0.5849967671925235,-0.20708633538205798,-0.31554704413591167,0.5842552465875723,0.6141421404423683,-0.4992064649408106,0.5319390754874863,0.6248273441034584,0.7402544469710404,0.2622940662704428,0.558478477027118,0.020181083527639854,-0.007002404849372484,0.10470911384004315,0.3506752410480322,0.566057436096317,-0.05071150579823738,0.5608151436605164,0.45979750545917214,0.5504677892118377,0.3922491696375273,0.59223581150561,0.4678112988650602,0.30867967892489584,0.5257236621014257,0.36077803819317256,-0.32697016789228944,-0.3823834652510451,0.650727694590277,0.3591356961891932,-0.2768320953685857,0.661174571154502,0.38838521327459175,0.5889794793700466,0.17833709017990063,0.3916752350797404,0.6202498493461667,-0.24780112227147064,0.6036604541855672,0.2114446903760717,0.5684987527103108,0.2911338801316569,0.4560235649127817,0.5494665451654032,0.4148360434815286,0.5494682786308221,-0.31526609149920737,-0.08657089424305116,0.24638255175824614
Occipital_Inf_R,0.2578346376326773,0.23231768416144932,0.9176516072789348,0.35770683195065084,-0.34646575516304506,-0.06917983355288146,0.809849396189126,-0.532676780253136,-0.17740465787327794,-0.2548941339478625,-0.4331808133029263,0.16843208763987685,0.14275345387042193,-0.44446642266699865,-0.3221910738224007,0.7635696671742216,0.35726988018059086,-0.28050110530194833,0.15135263182636405,-0.07875086698990513,-0.4997229630673654,1.0,0.6091218065630185,-0.18629851961487323,0.17176808723193557,-0.019371611522406906,-0.20794136694080967,0.41779851568599025,0.5788200307875258,-0.13201674922790882,-0.3302332570569118,0.907518706410784,-0.5437130508732195,-0.8338292044234349,-0.32111844757506747,-0.2440752382836583,-0.03005977471451479,0.6692946496385629,0.25593047227301186,0.2973429645196486,-0.36856299356442285,0.08570285688888354,0.17192276473869467,-0.02519367463021693,-0.2571459621115366,-0.6482698577793948,0.27399177892963833,-0.2131000208639939,0.06084146274068202,0.1953873221394564,-0.6514745365863023,-0.6615708266362476,0.6491622826880246,0.8033942964658747,-0.216218173853417,0.07395086485997444,0.8419452088255187,-0.2421545315161072,0.14894082357528812,-0.12254863691529465,0.278853980814018,0.179109592622992,-0.5833947282472643,0.8775085859514965,-0.3491678503029724,0.2553951115326809,-0.32286156251838083,-0.32959810399444406,-0.5287097230003402,-0.39115492319492673,-0.21702432545950137,-0.7240191929278345,0.7699850053713793,0.30597089771235536,-0.3497225815119255
Occipital_Mid_L,0.2782665463410609,0.6537940775050075,0.5702101811229063,0.4539118354074763,0.09366295127128434,0.3038955875207096,0.6517597511899662,-0.5779334637899088,0.23852239414847368,-0.1887110758888794,0.24645039515400943,0.20843825649981015,0.26978750831638915,-0.5676543476986152,-0.02216569378620253,0.8481180000001176,0.060780151377559224,-0.4254300633589905,0.538383766315693,-0.08914577285014252,-0.23815945309968883,0.6091218065630185,1.0,0.03340097251579844,0.44248457796097557,0.26997675186602443,-0.12583466518575875,0.23161151495511073,0.23734658916186235,0.018136491292327483,-0.052321912820433664,0.5234521637579389,-0.3649181490390868,-0.560533432666467,-0.12832592562260536,-0.07686753703590689,0.1576429351071889,0.3154660593932208,-0.08280686336361354,0.15216501694045617,-0.11049515765905873,0.12579978329771274,0.3709340878678003,0.07242546308092232,-0.1638344376987439,-0.5682658083395442,0.14275197815069413,-0.21316871818525002,-0.05529379621588419,0.14384048189542742,-0.2574852877005933,0.013030524505741627,0.6327124509823607,0.46877948498263344,0.10515710417993263,0.06507408919616098,0.5304426815035387,-0.02054647286121078,0.3819727574105305,0.06445375656810066,0.2523402983208595,0.3197963448593392,-0.3295215254564528,0.4305364865750724,-0.1445828687462631,-0.0704357426140677,-0.4110174695086796,0.07123190462268311,-0.3231828175483816,0.08733840088135794,0.06359365201469772,-0.4652069026866807,0.2592123063401387,0.6562340291213793,0.2236703971094888
Frontal_Sup_2_L,0.22815179243521952,0.2019082329692042,-0.12276041228559344,0.30768283080314074,0.6376727593526145,0.08540507535474744,-0.06253887874121349,0.47918195219321363,0.6402701011014841,0.5552873789702202,0.2853333692036188,0.1784109468483073,0.22757608544477934,0.403523453821752,0.41632887902096605,0.10197061706691972,0.09213366398681866,0.4777134297951908,0.46028800122325253,0.4242691419253044,0.5565612476810161,-0.18629851961487323,0.03340097251579844,1.0,0.5183392902393795,0.3824186535776792,0.5379427313457744,-0.18491519293727768,-0.007513225033103199,0.506493329430778,0.9254991134614963,-0.32992161416573107,0.28477066576581855,0.23352013646887626,0.4487150029790451,0.1767523274028054,0.4898667482120664,0.25285098502825987,0.020077760261346746,0.09394597828436956,0.5280297249851368,0.40295923266229283,-0.15192320522216382,0.7305761418545704,0.1960534467053954,0.241318479286135,0.3105521788722892,0.35773712980654504,0.4126499761264677,0.41710410770525547,0.4164126622026905,0.3540542331724671,-0.20819800834120158,-0.28325100324536295,0.5238262840738285,0.26235896358545857,-0.02017895936132997,0.5266148752623185,0.43500844018977314,0.5269600145559206,0.25211191224531876,0.2657436947827523,0.41993938185714363,-0.0772950023455939,0.39742888584664654,0.1202552490252721,0.6088183711856034,0.1614516487703453,0.31604291319361066,0.7482197045718229,0.20394349341521747,0.38660837945605253,-0.06657888060145518,-0.06679855992598661,0.07958872413767273
Thal_IL_R,0.3539386352147611,0.6437189146556878,0.16224607118013606,0.5172410234898055,0.5126235370890874,0.4381469547460774,0.3118185779661989,0.0038307937089526083,0.43179020384276373,0.4275470473921242,0.35656698332883835,0.4555512738668361,0.4032807754179122,0.01746857240101442,0.5846773519335658,0.4833777477829679,0.1076134185168106,0.22194365428738527,0.6382546826033889,0.40660607797723064,0.3825042855979486,0.17176808723193557,0.44248457796097557,0.5183392902393795,1.0,0.44211656828675394,0.2850266731982449,-0.03977211174429947,-0.04174064041626596,0.36292290698836505,0.48305895000040094,0.03715919379086939,-0.06758742914621768,-0.09538465492294068,0.3565156796053439,0.2925651835653848,0.491425304641911,0.36483516911869374,-0.06699085359767479,0.09600270635093772,0.25822532199654946,0.4744711398774319,-0.03420385944049502,0.44818962041313415,0.1940378765992482,-0.09706926162937445,0.42954892209912493,0.3452391855546701,0.312863992790905,0.6570473280531527,0.16039804130179536,0.261076462103836,0.36125166531627473,0.06091246098460277,0.3897892152827068,0.21667401988557064,0.20060474633604447,0.4234027408056669,0.5949025794450638,0.4501815784602479,0.33223989115274033,0.6021198550014037,0.29724308452590176,0.18960688744758555,0.2578174540765392,0.06874917556420249,0.14255454063779344,0.40022421818719206,-0.0033501914830697693,0.44816115973595966,0.17413607535487385,-0.07368844179617808,0.08564287103963673,0.3039389950846682,0.3618571246090463
Thal_PuL_R,0.4351324749895312,0.40423450855466014,-0.011598769655510922,0.580706912703802,0.504912163315156,0.35574635851537517,0.11839999260982498,0.135778625825303,0.4562534832628971,0.4181933895928277,0.3659555548650374,0.30470343449609955,0.37337476038948125,0.04637620098816699,0.4266320135109985,0.2801169343842736,0.06796483932076296,0.23882823605045733,0.5391917399534288,0.36938093332231675,0.4224118032893725,-0.019371611522406906,0.26997675186602443,0.3824186535776792,0.44211656828675394,1.0,0.45930618779149734,-0.02097742625592708,-0.2170240868779388,0.5051419496874298,0.4115216255370548,-0.055444908446727205,0.08993010102913784,0.1593324078746879,0.49921576654537686,0.2307030759173268,0.5873196597882471,0.23071817719053728,-0.15929411241029393,0.10532060488491993,0.09117522187393971,0.5857072011219615,0.0653088688278176,0.37921082185044513,0.04980061298470465,-0.00356519502221163,0.5852523870133952,0.3319018752340346,0.5008158508948621,0.19449672561843692,0.23597734363454137,0.30369098315084714,0.1378236267589913,-0.008672975466975033,0.5801341340879261,0.5767870801453967,0.06714717097784156,0.38573235289047575,0.6073607676835914,0.579523124102888,0.2387756577322619,0.41642918887917235,0.2292521729587681,0.08565907158461955,0.23420195563459548,0.09476593478286718,0.14682941125747545,0.2987698218346236,0.011461128140588502,0.38573214268820327,0.3216819674584398,0.0014688260506390838,-0.023480274237206795,0.23173984253114302,0.44340495688501147
