,Temporal_Mid_R,Fusiform_L,Cingulate_Mid_R,Fusiform_R,SN_pc_L,Precentral_L,Thal_LP_R,Cerebellum_9_L,Supp_Motor_Area_R,Calcarine_L,Cerebellum_9_R,Frontal_Inf_Orb_2_R,Thal_PuM_R,Heschl_L,Thal_VA_R,Cingulate_Post_L,OFCant_R,ACC_pre_R,ACC_sup_L,Thal_PuI_L,Hippocampus_R,Cuneus_L,Supp_Motor_Area_L,Rolandic_Oper_R,Frontal_Mid_2_L,Cuneus_R,Thal_PuL_R,Cerebellum_6_R,Raphe_M,Calcarine_R,Pallidum_R,OFCmed_L,Thal_PuI_R,Cerebellum_3_R,Temporal_Pole_Mid_L,Thal_MDl_L,Temporal_Inf_L,Cerebellum_4_5_L,Cerebellum_8_R,Temporal_Sup_R,Red_N_L,Thal_AV_R,Pallidum_L,VTA_R,Rectus_R,Thal_LGN_L,Thal_PuL_L,Olfactory_R,Cerebellum_Crus1_L,OFCant_L,Frontal_Med_Orb_R,Cerebellum_8_L,Occipital_Mid_L,SupraMarginal_R,Occipital_Sup_R,Vermis_8,Putamen_L,Caudate_L,Rectus_L,Vermis_6,Temporal_Pole_Mid_R,Cingulate_Post_R,Frontal_Sup_2_L,Thal_VA_L,Paracentral_Lobule_L
Temporal_Mid_R,1.0,0.2788880567301835,0.30234238711530886,0.8617804617676292,-0.021411788247089992,0.17778551594189507,0.3702386536907472,0.6290744710489422,0.24822943103163467,0.5130542404436317,0.5041767598390077,0.2195803836635916,0.29871645173258016,-0.15711715568616172,0.010006828835840824,0.17638928977257826,-0.3250059545699535,-0.22705427431122152,0.2424132017437299,0.12725608296197244,0.16663922215436391,0.0954329692122888,0.03744347177068072,0.06929874763587354,0.09543840609651254,0.31197640357533823,0.23071817719053728,0.7619790033766602,0.4369853254354378,0.5791803231557124,-0.251018190740328,0.04549547407115934,0.02491112387288746,0.3906840512513495,0.4184946789017441,0.26339304707778255,-0.20748798247022396,0.23863136035255295,0.6016611759482027,0.6096289596602599,0.2111463187075238,0.3904067067553115,0.11631258430639418,-0.13661871873926093,-0.28634305411787947,0.33609579291014074,0.2531691480429163,-0.2434576039527245,0.4293399746007628,-0.1007966796699403,0.26225621995114823,0.6313263496113843,0.3154660593932208,-0.15371623174364019,-0.0037073504073858493,0.5183518419612447,0.299389472837132,0.09254854459084864,0.4943307930139488,0.5499343362390621,0.560358497128249,0.5245094359712422,0.25285098502825987,0.0060863112356925675,-0.4053320583476191
Fusiform_L,0.2788880567301835,1.0,0.45910561015777485,0.5970220126695384,0.5340952997342869,-0.10898077788967259,0.6293869184523032,0.5366314275617315,0.3937433523162112,0.6606765838456967,0.5865629443270353,-0.14476963588813418,0.725789062201805,0.6525911843359561,0.09572770844488793,0.4195405412849761,-0.20224545265947916,0.008741079988661,0.5682738576184708,0.5282937337778525,0.22651209006755474,0.06286047635162403,0.35985490496932027,0.4034556254136231,0.14522730692959746,0.38520377241810105,0.38856093423905314,0.628543356794829,0.3638090298045134,0.7218774405415397,-0.055936150899294754,-0.08389238601747469,0.43765569428565226,0.4186843028499788,0.38399741896032674,0.565247236023894,0.7451126659503948,0.6546593198094821,0.5287214846199296,0.3580291504680275,0.5232331399271618,-0.022206528332954886,-0.2798954599336001,0.2475099638659004,-0.07108735769690852,0.5471059863183662,0.5497636438559368,-0.08564486707572595,0.6940827234022988,-0.10488663927771424,0.04040204692148833,0.57998641116159,0.37423151305752694,0.2997316340395069,-0.06552179352109018,0.6681955441744982,-0.16764215220530634,0.5461875391005324,0.05842968406456021,0.6761987251585452,0.19768073574180575,0.6188287280402588,0.08669455782606841,0.035678340605555775,-0.2794373734225242
Cingulate_Mid_R,0.30234238711530886,0.45910561015777485,1.0,0.3299791544849314,0.07883770912245841,0.6137743635943637,0.3454934105995322,0.09972111735979186,0.7802050295392234,0.5614780858624605,0.09093744751109543,0.07352273457070195,0.4103620564386297,0.4543019658308837,-0.04234071564194616,0.4806085104043712,-0.1892880972310695,-0.17202397612434076,0.5750267336502979,0.37488213096925244,0.3778198332684633,0.41871307509103295,0.7007587059329744,0.6923048665510201,0.3747165169202146,0.6038388283662975,0.6073607676835914,0.24408763315223758,0.17965820128448,0.5093502806303919,0.5177958959411124,0.3121271509521506,0.5486618752586541,0.4844619847097761,0.041412383578413134,0.4085651517147331,0.10488614367604776,0.6645471806001568,0.16007313976215592,0.6422111832311225,0.3140074221957598,0.422361681333826,0.307888672914101,0.06757496300417123,-0.2551117524476003,0.22803112555696656,0.6542682503859408,-0.12522272964659759,0.11378335852143481,-0.1201185912453145,-0.012573489714871197,0.14909692419877615,0.3819727574105305,0.6029873314454459,0.4403051324282946,0.1072858194504824,0.45394686804227624,0.42106767242020093,-0.21679642795892545,0.21794279092591862,0.04301410093095566,0.6964051809282976,0.43500844018977314,0.018329206686316202,0.32347291807689854
Fusiform_R,0.8617804617676292,0.5970220126695384,0.3299791544849314,1.0,0.1421857694647824,-0.01946177977490896,0.5368622450280562,0.7485020677329215,0.22512162368849756,0.5464870561769536,0.686122094092914,0.07334931503395081,0.5008651393447857,0.08679151577224002,0.0841827585323588,0.2574527484095694,-0.3763117847364219,-0.23357469752014184,0.30886726543700727,0.28115362929834475,0.18324904867179906,-0.09972584609445806,0.005332374285642976,0.08677582214782024,0.0284251461112151,0.21837519753530163,0.1841611823039191,0.9306237327163481,0.519063710499375,0.6918324832905797,-0.3480161400638567,0.01028482279723864,0.1369017445018726,0.4268217359635793,0.5248956093498035,0.3905567741915755,0.17024810495166431,0.3232017138670903,0.7677474539810671,0.512304367179729,0.38934923066138394,0.19513094284975652,-0.13995799319719163,0.022547827040709872,-0.23998091731372462,0.5440607789015072,0.34254743462649834,-0.18923008512925468,0.7002475916676865,-0.18588195010667388,0.22633263201392273,0.7532719693309805,0.2800683095775273,-0.1613882671805234,-0.23873719269415306,0.7802411851945337,0.10181093476173603,0.26001605042780834,0.47500474847564483,0.7066073108691954,0.5641192217392706,0.5879115077481566,0.15909233407081202,0.026696102056670442,-0.6221818540482109
SN_pc_L,-0.021411788247089992,0.5340952997342869,0.07883770912245841,0.1421857694647824,1.0,-0.24474981894274883,0.2637890411347017,0.27227123881605825,0.04334082727462761,0.27941590682324424,0.3821717341927677,-0.31874838659840593,0.4518212387625343,0.41411937979388896,-0.03703343755112052,0.17220357495091856,-0.0586283040413705,0.20066858214452077,0.2682458567020957,0.37322086866664317,0.01645883165377705,0.09854902106470305,0.18004174902931142,0.1306025578099414,-0.12522999654354425,0.23810607036203532,0.0653088688278176,0.27276620291479503,0.2453876885417469,0.3662648655924504,-0.13122824194738772,-0.08883755235747495,0.1686174182107679,0.1634503664150752,0.24503442096708763,0.20615250360064336,0.5389406709980094,0.3941207816384062,0.28986506930518807,-0.024360646046267618,0.33657152683216823,-0.3142564887074578,-0.36525617316655606,0.17642536691669886,0.11338731570692856,0.10889282263230955,0.20377442072820856,0.04308302211457023,0.4077127837436954,-0.0924335338216696,0.07789106057929973,0.25031934954469004,0.3709340878678003,0.19589317422062272,0.0016115558222550442,0.3000189304902132,-0.47278037134111234,0.2650871242288709,0.10507304540451998,0.4540494989027988,0.16797629229431416,0.2093055894170282,-0.15192320522216382,-0.06226656134199529,-0.14318483169900184
Precentral_L,0.17778551594189507,-0.10898077788967259,0.6137743635943637,-0.01946177977490896,-0.24474981894274883,1.0,0.1410731199172993,-0.33933584458971827,0.7425152289240149,0.1442988549424581,-0.4454655967061555,0.5648646899052723,0.09083694339673125,0.13956541273291495,0.18152110204197688,0.43734588088782345,0.28971324916652597,0.14461805197030667,0.35619756745794495,0.23223421299613495,0.5185190746338263,0.4763390308049782,0.6218012436782773,0.4689079512946154,0.6322938038583283,0.5287111301282873,0.4310982506502206,-0.23394143314882382,-0.03428012066568906,-0.018574107272668623,0.4514424858855979,0.2608337448892161,0.4515008785152749,0.5281437917014106,-0.3468053239716656,0.13774152327470385,-0.3780425193005082,0.40714440447220007,-0.3800288757620185,0.4569590130480109,0.11340643202581357,0.394833281219123,0.480678501388457,0.17282662972056428,0.03576892646465436,-0.07108811188361726,0.39462974743730417,0.15745955146515464,-0.5009877069491968,0.23441447239248084,0.13663415832203174,-0.2647096305629117,0.07462035023065709,0.30845899424106077,0.5161688234351404,-0.4787755966329365,0.6661418216742349,0.3295172485172723,-0.2347481056759186,-0.27458919620330585,-0.17462231694684735,0.32210503758609277,0.7499608616110115,0.2963941496467726,0.5940423267148921
Thal_LP_R,0.3702386536907472,0.6293869184523032,0.3454934105995322,0.5368622450280562,0.2637890411347017,0.1410731199172993,1.0,0.18109941214465675,0.4101212051980705,0.23404481936944177,0.14635998936563213,0.3978340593303547,0.8651526429473452,0.6330718740186637,0.575014428481017,0.5676242079630102,0.27372030569682115,0.3676861923914629,0.7733847174410743,0.5482632410853725,0.6325918086090329,-0.1302176395632556,0.3454746843312458,0.40779378528803206,0.4442806953144802,0.20089401297250928,0.5008158508948621,0.36791733216285005,0.4742574133075424,0.3133880427567253,-0.2129306587717403,0.22678622621530567,0.5829748321890722,0.5237292153322405,0.08039654707405036,0.4842543099981985,0.39559801463223754,0.4415091934738511,0.1736145206069417,0.5181244149639963,0.6321982665226853,-0.042364991593725226,-0.2754164677341864,0.5391215024726699,0.2663751870391239,0.5854831877251954,0.7414092045257333,0.3868936347617959,0.2444752779830221,0.2346388263764623,0.23275659240521285,0.25731214647125344,-0.05529379621588419,0.09915992638753977,-0.1904706141913504,0.2866267665999602,-0.00867929093894776,0.7231282418118372,0.0785708775175254,0.27145467908621873,0.17701066066782892,0.48706798738496865,0.4126499761264677,0.44236995802431134,-0.24454453313114521
Cerebellum_9_L,0.6290744710489422,0.5366314275617315,0.09972111735979186,0.7485020677329215,0.27227123881605825,-0.33933584458971827,0.18109941214465675,1.0,-0.0688838148851738,0.5903559861955497,0.9456974348805003,-0.32126901791244955,0.20743866419936832,-0.13985091036770345,-0.3692307185690994,-0.13370565400101803,-0.6125604709952643,-0.3417287856025621,-0.02815911320663904,0.041156803142731166,-0.39869679838935623,-0.008510282136354432,-0.24061767208280382,-0.20702373487644332,-0.21985286053676303,0.1649683703578348,-0.011598769655510922,0.898481162375059,0.2721415182498434,0.7477358214719084,-0.37083638840944116,-0.4019819957655632,-0.27947052644125714,0.09294159582206352,0.7500136598565926,0.08775784837147778,0.1640017384546274,0.19712165343867274,0.9078936462800565,0.03873204355928405,0.09783858812518322,0.06750384989423633,-0.31099799935808076,-0.3944777604798286,-0.42880658808422684,0.20709162319593635,-0.006231246046796322,-0.5959133169788318,0.8925732096432638,-0.29247800126386375,0.2039975046409606,0.9675419632886175,0.5702101811229063,-0.17657830471887614,-0.16117356860256157,0.8634592001589644,-0.251756550656994,-0.09592424825391413,0.5444584090551885,0.8603114413949177,0.6519203557615927,0.39633257769367075,-0.12276041228559344,-0.4271234844708254,-0.6871520801403582
Supp_Motor_Area_R,0.24822943103163467,0.3937433523162112,0.7802050295392234,0.22512162368849756,0.04334082727462761,0.7425152289240149,0.4101212051980705,-0.0688838148851738,1.0,0.43169814118811706,-0.1177291698915181,0.33802836737019815,0.40616693350631694,0.4855506030238285,0.20325383455476262,0.6235746531649837,0.11984970567224368,0.0726982952551512,0.6154837584862092,0.3890801287062357,0.5204023917403742,0.46592771577466374,0.8486481965046008,0.6629554497182994,0.6050288233690061,0.6262098710734144,0.5798144653274641,0.0656736309146012,0.1287299350129795,0.336633437721859,0.45033440138762143,0.2533680403641749,0.6142618403556593,0.6413012355928374,-0.09560527649128436,0.45511402257428474,0.12080550333501533,0.6411214999796372,-0.07500525881336238,0.6245695114132624,0.4068751351326818,0.3415477348701001,0.32530311448574933,0.25231861664508476,-0.06781690788815058,0.27611132039946035,0.6236991251875279,0.110448020335482,-0.07356251204309547,0.1692422006116204,0.0392556711857251,0.02894983756903654,0.21392708330227506,0.5373249202645114,0.43653402907391453,-0.083405815300352,0.5068427416064915,0.5350936284234336,-0.2169354024838577,0.08315334956596643,-0.1446886461991553,0.57130407356339,0.6322579586653997,0.3146754273354214,0.42413153332060033
Calcarine_L,0.5130542404436317,0.6606765838456967,0.5614780858624605,0.5464870561769536,0.27941590682324424,0.1442988549424581,0.23404481936944177,0.5903559861955497,0.43169814118811706,1.0,0.6111163248238124,-0.20026494468634076,0.3090775391665923,0.2766331895936965,-0.2410013781489197,0.2301017284415687,-0.4308414527185838,-0.19395571209901638,0.3449383676154612,0.21265638782592258,-0.03737708551709545,0.48324279388678865,0.3577281482592265,0.45492969622539225,0.06184668090791602,0.620290150944412,0.3730699985696872,0.6166356356957106,0.17013506727916664,0.8853961565165251,0.15179966542535295,-0.13341230501345644,0.19475921124787512,0.35789990438386754,0.45161490517927244,0.40535827084523685,0.21029758487830083,0.6818732220647981,0.5917300830333827,0.45741262989733544,0.15708642793429123,0.28346413212432287,0.0599058354234091,-0.178654845030728,-0.3439025494539143,0.16560852040826546,0.32142926135120836,-0.4269620803329238,0.5377846039509878,-0.16835797896993224,-0.014825759633272309,0.5618473891292993,0.7100555185642343,0.3949600337415896,0.341528126259179,0.5161199019521472,0.04976839958963276,0.2364117804555287,0.16853943529073226,0.7076859001439166,0.4068312629900306,0.6173212767547273,0.1289021999584696,-0.27468966145101725,-0.03174425988229782
Cerebellum_9_R,0.5041767598390077,0.5865629443270353,0.09093744751109543,0.686122094092914,0.3821717341927677,-0.4454655967061555,0.14635998936563213,0.9456974348805003,-0.1177291698915181,0.6111163248238124,1.0,-0.4829230962624832,0.2090397986177455,-0.053595390082256084,-0.3604374405476973,-0.12338482706612075,-0.6604147514041235,-0.33959231043087246,-0.03289182742544388,0.02020755237056898,-0.4399265815596993,-0.02582319716468164,-0.21252874045617257,-0.13225439693646368,-0.3603685889660389,0.1030229122763489,-0.04178128033099566,0.8849255522282546,0.2594213830084141,0.7749659448239035,-0.37922164269032776,-0.3585338263116423,-0.23046500064483047,0.014984722258356094,0.725177618603298,0.09219072257905883,0.26530377821888323,0.24782627063528082,0.9589449122195097,0.01612252920085673,0.09142922053554489,-0.021234892074122727,-0.38350085496087744,-0.3681073207913636,-0.41034363201008084,0.16447021888460803,-0.014793099484776612,-0.5531515687472904,0.9182379561388647,-0.34354469834773294,0.1579135136318941,0.8721555632461568,0.5806647795889684,-0.06553677263414062,-0.1872898631273269,0.8958983948615657,-0.3561948532075066,-0.12504945502265252,0.5419410746270479,0.9075369806182788,0.6470013251824922,0.34002702985001537,-0.2782395067175752,-0.4591686619130766,-0.6551917302783814
Frontal_Inf_Orb_2_R,0.2195803836635916,-0.14476963588813418,0.07352273457070195,0.07334931503395081,-0.31874838659840593,0.5648646899052723,0.3978340593303547,-0.32126901791244955,0.33802836737019815,-0.20026494468634076,-0.4829230962624832,1.0,0.17359316865005595,0.12482396477715914,0.6413709289810572,0.35067997605603823,0.6768067539293987,0.5783902821303709,0.42666223554694,0.23919278787300036,0.6744093602323843,0.021068665819238528,0.23664485809283653,0.23146684123814643,0.7420442115630567,0.11611932596500858,0.22101147598612195,-0.23615805713064608,0.18597338007338365,-0.26888942900268226,-0.058519646732762734,0.2016387199038605,0.3602469693802454,0.5622279857112173,-0.3173509411264803,0.20112094176416337,-0.2784883260948074,0.1619898404019588,-0.4255142738688078,0.3300028973121934,0.282068330548188,0.11322013166508117,0.16935442831605346,0.43492754447905047,0.38488601790478416,0.23886042496392043,0.3650360477945615,0.5341406805933729,-0.47459127380448346,0.6170317133682168,0.362238401206895,-0.210729562136809,-0.31498103326284577,-0.0962951244650834,0.06440958508654489,-0.420494497553494,0.4191043588765475,0.47529152194159924,0.02951405471171964,-0.3177805675497898,-0.11353041385324407,0.034495007034691216,0.7484027071979916,0.6762931627878679,0.14917216496282823
Thal_PuM_R,0.29871645173258016,0.725789062201805,0.4103620564386297,0.5008651393447857,0.4518212387625343,0.09083694339673125,0.8651526429473452,0.20743866419936832,0.40616693350631694,0.3090775391665923,0.2090397986177455,0.17359316865005595,1.0,0.6912394955550805,0.32994026498939333,0.5872814093939398,0.1303933079253186,0.21562311275852825,0.7121334040722109,0.5309629896825363,0.579113492317553,-0.06279095806767794,0.3779087480189919,0.36465645021248316,0.30583684104061115,0.26914825221939076,0.5767870801453967,0.39823099019980535,0.4120519993310733,0.3912766382191104,-0.14592579273005268,0.22465839983102667,0.6761086966861873,0.416724984243798,0.12126621323201585,0.5336887204467238,0.5668422138772616,0.4629034031959294,0.209596926789399,0.4589534394560071,0.6747576391294599,-0.11035390248116174,-0.21055129913650447,0.4804187229738201,0.20249524647056336,0.5906696837083619,0.7831641726341599,0.2926794413219978,0.3400232683900841,0.06226428566175342,0.17945193430373735,0.271765323272089,0.06507408919616098,0.1472066843761358,-0.16348963927837556,0.3615594533331832,-0.023884048420939104,0.6433925792785541,-0.014805534754863795,0.30387634756810716,0.08764720906707481,0.6292017419565527,0.26235896358545857,0.3070884163966776,-0.19173201020462696
Heschl_L,-0.15711715568616172,0.6525911843359561,0.4543019658308837,0.08679151577224002,0.41411937979388896,0.13956541273291495,0.6330718740186637,-0.13985091036770345,0.4855506030238285,0.2766331895936965,-0.053595390082256084,0.12482396477715914,0.6912394955550805,1.0,0.46563599814295853,0.6259749654038193,0.3147805391831523,0.41221233736906804,0.7331856786341899,0.5812960776112833,0.563557254948843,0.002710095481184486,0.5572306918990526,0.6857088368171474,0.40377582282436425,0.2399849222096794,0.3986099209079872,0.008991915982354328,0.19104013080742374,0.23232962943552568,0.2207548813543212,0.29793141792841477,0.664410373456658,0.40614924639146455,-0.17238359942938447,0.5854911220861523,0.6789717627780891,0.5689152169622952,-0.09644437410326666,0.413120541130412,0.5608742738629767,-0.17986017812765248,-0.09561786875177078,0.5998838318520844,0.30509639993627546,0.4805830584302814,0.665175970810189,0.42538300451839944,0.08113935691532108,0.2450317020510354,-0.09845903735552046,-0.09326212169772308,-0.054505413815466995,0.45478246443228804,-0.005718108992762137,0.06435554828805168,-0.01726349999656819,0.7521512217227185,-0.2996713061704099,0.09103320244402822,-0.1979027483253304,0.4065277933697316,0.27825341424927136,0.41873439909228305,0.14319536433379662
Thal_VA_R,0.010006828835840824,0.09572770844488793,-0.04234071564194616,0.0841827585323588,-0.03703343755112052,0.18152110204197688,0.575014428481017,-0.3692307185690994,0.20325383455476262,-0.2410013781489197,-0.3604374405476973,0.6413709289810572,0.32994026498939333,0.46563599814295853,1.0,0.47233437334831435,0.6879236645191508,0.6706894156983492,0.5271678783683522,0.3290167261379324,0.7541268181552752,-0.34329250816679135,0.2615993910721431,0.36190296304477415,0.4581982507753024,-0.19253385938866038,0.04637620098816699,-0.15188001775643806,0.29564765960685685,-0.2618341630598955,-0.18242687715882136,0.3925296690448559,0.46991095700767,0.37971597011096686,-0.39232215865205655,0.33100024816996904,0.16322722521581093,0.1538119021940146,-0.32618793078907254,0.368786179590005,0.40130076306268736,-0.21236973489218317,-0.1315136146791021,0.7111145011006823,0.6294299930526058,0.45832796152790295,0.3685406401147769,0.8162609047358884,-0.3024990914056157,0.506184039427327,0.18299078440465413,-0.3133424629013181,-0.5676543476986152,-0.03479146924463326,-0.3246355180871025,-0.17848590523041516,0.12371113825018917,0.5975548194330822,0.01830652475018415,-0.20620563126433966,-0.1804304860389091,-0.13871607094576674,0.403523453821752,0.8710185017636635,-0.02673178386176563
Cingulate_Post_L,0.17638928977257826,0.4195405412849761,0.4806085104043712,0.2574527484095694,0.17220357495091856,0.43734588088782345,0.5676242079630102,-0.13370565400101803,0.6235746531649837,0.2301017284415687,-0.12338482706612075,0.35067997605603823,0.5872814093939398,0.6259749654038193,0.47233437334831435,1.0,0.2329483877158543,0.24695974783003605,0.5708940124896978,0.46653647562195194,0.6453312206321693,0.016867047290167823,0.6380187724291602,0.5231205105224966,0.5416801143959437,0.2979950130633404,0.45930618779149734,0.0973240213530486,0.31338523648899513,0.22875961428809055,0.13734109621010576,0.38058724330160926,0.7117347076119753,0.5310669155015489,-0.15134494165569107,0.41087067098636487,0.34865626632200536,0.5423824672940166,-0.08462180657592573,0.5654613269946314,0.49980819847769187,-0.017605320219136245,0.06467535086383644,0.500945022996061,0.1971977180149452,0.4729667407144571,0.6199956543091635,0.3804613695502539,-0.02493313076906684,0.18909090912496082,0.06984283494726135,-0.04393778343734581,-0.12583466518575875,0.35161253212682964,-0.011797943892829323,0.021615623196227316,0.31749899706705814,0.5733975730299979,-0.13371259419189183,0.06618914450671559,-0.11770732102957851,0.46692012483510753,0.5379427313457744,0.5578941725457167,0.17403007486981306
OFCant_R,-0.3250059545699535,-0.20224545265947916,-0.1892880972310695,-0.3763117847364219,-0.0586283040413705,0.28971324916652597,0.27372030569682115,-0.6125604709952643,0.11984970567224368,-0.4308414527185838,-0.6604147514041235,0.6768067539293987,0.1303933079253186,0.3147805391831523,0.6879236645191508,0.2329483877158543,1.0,0.8157195789173081,0.3665886205831154,0.21343405922976916,0.6098929900185999,-0.043859082554188425,0.1935917772455335,0.1587987298627117,0.48602653950303787,-0.10040962929715562,0.0014688260506390838,-0.5839332044651954,-0.04801793090779188,-0.5494191693753837,-0.05915268533365884,0.21585459781185917,0.2991609763424428,0.23349812221050595,-0.5102307726011787,0.19350119165572838,-0.018553859337868735,0.008425308102258087,-0.6959283190702925,-0.008128159450869725,0.26675122313170907,-0.31842450126126426,-0.03052316589227272,0.6245686875163674,0.7985255145070594,0.11660685682230287,0.177007855467934,0.8111992266238562,-0.6338905809043452,0.6467786553461207,0.183280714631273,-0.5430420391841543,-0.4652069026866807,-0.11502551631753791,-0.04431559481820069,-0.6015072247228574,0.04655630470718691,0.49305785433764016,-0.2086542318211881,-0.545274005047244,-0.40860359093585935,-0.2700719665859843,0.38660837945605253,0.6598628705573603,0.2721339088697734
ACC_pre_R,-0.22705427431122152,0.008741079988661,-0.17202397612434076,-0.23357469752014184,0.20066858214452077,0.14461805197030667,0.3676861923914629,-0.3417287856025621,0.0726982952551512,-0.19395571209901638,-0.33959231043087246,0.5783902821303709,0.21562311275852825,0.41221233736906804,0.6706894156983492,0.24695974783003605,0.8157195789173081,1.0,0.47088604097306613,0.2843305598247358,0.4706026047250167,-0.0013734357894138313,0.17304891904410938,0.2548528178891657,0.4944323720197623,-3.738172597913937e-05,0.011743162115505062,-0.36423729387197623,0.05077064872834725,-0.25475462844472674,-0.19726871417067302,0.03826227205273601,0.2904942266748093,0.31578815651873765,-0.27561103128942865,0.1659513125432194,0.06780557756305096,0.25993763842165873,-0.39525809335421974,-0.007674289653676119,0.3156194886361859,-0.4250266623556683,-0.27778960397651975,0.5349834655113951,0.7430981827416774,0.10902381132888055,0.27163689619225373,0.6653805013196189,-0.38551218443017865,0.6950412044127443,0.35527956647933445,-0.31031131958641306,-0.20150950221643066,0.02919171969641558,0.006886948319095166,-0.40205958720336843,-0.21037624777074573,0.5213753378527922,0.060162218505581955,-0.19089664920273053,-0.09636599982593953,-0.22113906003493353,0.424698488030914,0.5758605895303223,0.11115125385218666
ACC_sup_L,0.2424132017437299,0.5682738576184708,0.5750267336502979,0.30886726543700727,0.2682458567020957,0.35619756745794495,0.7733847174410743,-0.02815911320663904,0.6154837584862092,0.3449383676154612,-0.03289182742544388,0.42666223554694,0.7121334040722109,0.7331856786341899,0.5271678783683522,0.5708940124896978,0.3665886205831154,0.47088604097306613,1.0,0.5745603177846216,0.7112225976105316,0.19045852054862594,0.6274050466222304,0.6813449485826615,0.5834320822899197,0.3939516434340683,0.579523124102888,0.13213970073508968,0.3024762527839904,0.29889765618743946,0.0987614335085618,0.38182990150117757,0.7058880223929538,0.5882684221342399,-0.04640702530968339,0.6259062153809366,0.31454432616838357,0.6261013405291662,-0.034198964886189905,0.6480331393785191,0.5959158539069208,0.12175425334253412,0.03307573166576847,0.45981522483412296,0.2735890347005398,0.49371353916010624,0.8139978585293243,0.43690952346771256,0.002637611794111215,0.36867218801963203,0.18048779126970707,0.035381557794649965,0.06445375656810066,0.42257254777647,0.1384697315809744,0.032541287068026184,0.2102919267805861,0.7642313492485012,-0.0795258377127031,0.14427926560359858,0.019857680560433577,0.5085104973595787,0.5269600145559206,0.4889154007083255,0.12391531093748588
Thal_PuI_L,0.12725608296197244,0.5282937337778525,0.37488213096925244,0.28115362929834475,0.37322086866664317,0.23223421299613495,0.5482632410853725,0.041156803142731166,0.3890801287062357,0.21265638782592258,0.02020755237056898,0.23919278787300036,0.5309629896825363,0.5812960776112833,0.3290167261379324,0.46653647562195194,0.21343405922976916,0.2843305598247358,0.5745603177846216,1.0,0.4924496022642434,0.017142868711393772,0.3222494676203442,0.39655955789741226,0.3371711689841221,0.26983936578366885,0.1812824610619289,0.1648384932701278,0.24134520553455535,0.2322389365437779,0.0843903374434605,0.16227782982222694,0.32897070251405147,0.5668034335259483,0.040759085623099225,0.4488121465824774,0.35857998139159825,0.47798952157327435,0.0046981465526604255,0.3210581234359537,0.3978140969298942,0.06990743224823,-0.12043854178027201,0.429373695658283,0.12269976500496822,0.35022869899887854,0.5053614800528528,0.23531291418181896,0.1042980194452264,0.12487193470018423,0.03812366244657968,0.11667659901580564,-0.002757017035099753,0.20438798995733687,0.008894165483690882,0.10336714614009578,0.015432478907917673,0.5924795115663236,-0.0914810438822303,0.15322807306234335,0.05784316836033476,0.3968178876605536,0.31513696424017573,0.2534082980877187,-0.029110524235935756
Hippocampus_R,0.16663922215436391,0.22651209006755474,0.3778198332684633,0.18324904867179906,0.01645883165377705,0.5185190746338263,0.6325918086090329,-0.39869679838935623,0.5204023917403742,-0.03737708551709545,-0.4399265815596993,0.6744093602323843,0.579113492317553,0.563557254948843,0.7541268181552752,0.6453312206321693,0.6098929900185999,0.4706026047250167,0.7112225976105316,0.4924496022642434,1.0,-0.06107896555532439,0.5346984445488564,0.5370516208999305,0.5572744930703497,0.15377124841932782,0.37663966571703156,-0.11459656826888914,0.357317974009278,-0.14085366257791143,0.09118184801856513,0.5261535355688642,0.736514619238863,0.5525976593065823,-0.38765360506128127,0.5334118789840149,0.17247371319286467,0.3528823164144708,-0.3865649191546039,0.6431946084817236,0.5896692762900816,0.04577750469956601,0.17716382108941467,0.7116265194072987,0.48552538486162283,0.5430337460567105,0.6568565364389648,0.7320615122505962,-0.3460689989532347,0.3433065173611831,0.15165589923438702,-0.3029412282495786,-0.3948040976082164,0.14283599015339565,-0.06118302844898488,-0.2304029567288009,0.41831544883579047,0.6933827563255599,-0.21245901952696122,-0.264028897848054,-0.27406340180698985,0.2697092705315261,0.5224784416778901,0.7842448944115654,0.21232926202307317
Cuneus_L,0.0954329692122888,0.06286047635162403,0.41871307509103295,-0.09972584609445806,0.09854902106470305,0.4763390308049782,-0.1302176395632556,-0.008510282136354432,0.46592771577466374,0.48324279388678865,-0.02582319716468164,0.021068665819238528,-0.06279095806767794,0.002710095481184486,-0.34329250816679135,0.016867047290167823,-0.043859082554188425,-0.0013734357894138313,0.19045852054862594,0.017142868711393772,-0.06107896555532439,1.0,0.4927841521761789,0.34823905779171144,0.24402193781193643,0.7796650856368019,0.4032139815308057,-0.10286159623048527,-0.25558158592530617,0.3505578651609963,0.36628187942699447,-0.06654958560013205,0.11896008129307412,0.33357732425443165,0.025554349245561617,0.10153686329960676,-0.24499035345331624,0.5352272467019155,-0.05187359811880821,0.19069697878778852,0.016152118511471636,0.36495537041247933,0.260663534158308,-0.18563335841996467,-0.19720332177515,-0.39820655813188616,0.11361422415322318,-0.22178069343590154,-0.14341439962966798,0.20636070589333236,0.11033170577744038,-0.0132367835174233,0.7259158988360489,0.526986349731849,0.8860608596187436,-0.2601342160178645,0.1484587576422802,0.057504169541716006,-0.059557178505485774,0.13299099537680317,0.0718579503134161,0.3181953919650119,0.2781847014967118,-0.2758427587614463,0.598553474022873
Supp_Motor_Area_L,0.03744347177068072,0.35985490496932027,0.7007587059329744,0.005332374285642976,0.18004174902931142,0.6218012436782773,0.3454746843312458,-0.24061767208280382,0.8486481965046008,0.3577281482592265,-0.21252874045617257,0.23664485809283653,0.3779087480189919,0.5572306918990526,0.2615993910721431,0.6380187724291602,0.1935917772455335,0.17304891904410938,0.6274050466222304,0.3222494676203442,0.5346984445488564,0.4927841521761789,1.0,0.7579204125856396,0.5440281121707167,0.5630826169611665,0.5930964518928588,-0.12001062620780886,0.08024455246125747,0.24111104055589466,0.49848397286642676,0.3523496075994696,0.6713978096223747,0.5752571336344284,-0.24096640229889787,0.43226933235826254,0.19273969354905007,0.6964066877200132,-0.21294876155852463,0.609395044067551,0.39233049306895096,0.24641679846662531,0.30447135899971883,0.3230768235040526,0.05907232712577903,0.13461227088633593,0.5864411581687409,0.2500835691040177,-0.1789571397701772,0.20707922741802723,0.04205508558622551,-0.1584882940168966,0.19283768911029217,0.7098726232940444,0.47434134660744603,-0.19699591850219209,0.4154294207708305,0.5143122587984956,-0.31752986292230495,0.016501399483362537,-0.2165441338017002,0.4088104985441388,0.4915350063425542,0.3738184853341096,0.6098690678112347
Rolandic_Oper_R,0.06929874763587354,0.4034556254136231,0.6923048665510201,0.08677582214782024,0.1306025578099414,0.4689079512946154,0.40779378528803206,-0.20702373487644332,0.6629554497182994,0.45492969622539225,-0.13225439693646368,0.23146684123814643,0.36465645021248316,0.6857088368171474,0.36190296304477415,0.5231205105224966,0.1587987298627117,0.2548528178891657,0.6813449485826615,0.39655955789741226,0.5370516208999305,0.34823905779171144,0.7579204125856396,1.0,0.4614555611625561,0.4824950730968503,0.5131649191383594,-0.03147940933393828,0.1319594476721368,0.32780232178013874,0.4884786493402715,0.36951364344255594,0.6262872366098546,0.5351863280000905,-0.24208433232907903,0.5019942028338862,0.2099877174606863,0.714679250802499,-0.0863767438895407,0.7157201530676641,0.31543313334055495,0.22521392010933694,0.24647907529148533,0.39614642346253937,0.07063858601622516,0.21120579395775085,0.5991384735607473,0.25085914441000456,-0.13142703663791463,0.2300246060443834,-0.11262630703614522,-0.18496682818839155,0.13392123463477623,0.7500436453422783,0.39307727573770895,-0.13264773190384113,0.29751676626163787,0.5742547368817823,-0.28269305687541985,0.07116187705272109,-0.09084068434668728,0.3455235868724481,0.4206818978182892,0.3137613820837177,0.4659565198770196
Frontal_Mid_2_L,0.09543840609651254,0.14522730692959746,0.3747165169202146,0.0284251461112151,-0.12522999654354425,0.6322938038583283,0.4442806953144802,-0.21985286053676303,0.6050288233690061,0.06184668090791602,-0.3603685889660389,0.7420442115630567,0.30583684104061115,0.40377582282436425,0.4581982507753024,0.5416801143959437,0.48602653950303787,0.4944323720197623,0.5834320822899197,0.3371711689841221,0.5572744930703497,0.24402193781193643,0.5440281121707167,0.4614555611625561,1.0,0.4124146926995188,0.4115216255370548,-0.20496187109681308,0.10950611188348254,0.0056408039488289805,0.18323466279090087,0.08146853778009733,0.5117940009612011,0.6269390805844041,-0.20485579563951328,0.21775709958931683,-0.009193891638698066,0.42551502443275646,-0.3415755360586508,0.3626551143028082,0.39376458924637125,0.1393718302611164,0.11665758750723994,0.37773284757758185,0.1851688623775988,0.2620552879819963,0.5787684135921739,0.30614772251282724,-0.29964920024672675,0.6149450537768512,0.2770421187881488,-0.09112310280419936,-0.052321912820433664,0.30572844514181163,0.32130116712424606,-0.3262858041338295,0.34438755753587136,0.5577289034606749,-0.12084237374118104,-0.1469531379834016,-0.11155085769035451,0.2561660336483423,0.9254991134614963,0.5438295636837074,0.311561482461234
Cuneus_R,0.31197640357533823,0.38520377241810105,0.6038388283662975,0.21837519753530163,0.23810607036203532,0.5287111301282873,0.20089401297250928,0.1649683703578348,0.6262098710734144,0.620290150944412,0.1030229122763489,0.11611932596500858,0.26914825221939076,0.2399849222096794,-0.19253385938866038,0.2979950130633404,-0.10040962929715562,-3.738172597913937e-05,0.3939516434340683,0.26983936578366885,0.15377124841932782,0.7796650856368019,0.5630826169611665,0.4824950730968503,0.4124146926995188,1.0,0.5406097960850249,0.17719681896341052,-0.008112359471980178,0.5850396945742062,0.3705019383071905,-0.03295025713346355,0.3470566957599981,0.5023446495345242,0.11927333646044883,0.2849583208781788,0.04365420101906295,0.6455977931019767,0.09838339189832424,0.4115411032818934,0.21626190079483387,0.37732858250623164,0.2174644663829893,-0.008867423440075198,-0.21015627983323995,-0.006451057141889579,0.3595266921950413,-0.2387476691129477,0.09440522726909321,0.07107725173690488,0.04751643586673651,0.20967423886791864,0.6690319788688825,0.5296813376139287,0.7513959457810199,-0.007698123279282981,0.20185155448092423,0.2902924364336209,-0.11453278814119626,0.3029963110969004,0.11290680667463439,0.5494381441150715,0.44713450644483665,-0.13080007240933889,0.41446531669661557
Thal_PuL_R,0.23071817719053728,0.38856093423905314,0.6073607676835914,0.1841611823039191,0.0653088688278176,0.4310982506502206,0.5008158508948621,-0.011598769655510922,0.5798144653274641,0.3730699985696872,-0.04178128033099566,0.22101147598612195,0.5767870801453967,0.3986099209079872,0.04637620098816699,0.45930618779149734,0.0014688260506390838,0.011743162115505062,0.579523124102888,0.1812824610619289,0.37663966571703156,0.4032139815308057,0.5930964518928588,0.5131649191383594,0.4115216255370548,0.5406097960850249,1.0,0.08565907158461955,0.09476593478286718,0.333673238708751,0.2987698218346236,0.2234815570295556,0.6606104603497243,0.3927152300079772,-0.06373968601502235,0.3432486460983851,0.10162329027569117,0.5391917399534288,-0.014421153833464161,0.535785391823428,0.27117914148461936,0.30470343449609955,0.2307030759173268,0.11866593833120127,-0.07405988415814578,0.13665944642541214,0.6199759486421514,-0.00356519502221163,-0.008672975466975033,0.09117522187393971,0.10638538301174122,0.06714717097784156,0.26997675186602443,0.5251752909899252,0.398075760098134,-0.041295613062563186,0.3631714386171574,0.38573235289047575,-0.2170240868779388,0.11839999260982498,-0.10266144301789265,0.580706912703802,0.3824186535776792,0.135778625825303,0.34782241918750956
Cerebellum_6_R,0.7619790033766602,0.628543356794829,0.24408763315223758,0.9306237327163481,0.27276620291479503,-0.23394143314882382,0.36791733216285005,0.898481162375059,0.0656736309146012,0.6166356356957106,0.8849255522282546,-0.23615805713064608,0.39823099019980535,0.008991915982354328,-0.15188001775643806,0.0973240213530486,-0.5839332044651954,-0.36423729387197623,0.13213970073508968,0.1648384932701278,-0.11459656826888914,-0.10286159623048527,-0.12001062620780886,-0.03147940933393828,-0.20496187109681308,0.17719681896341052,0.08565907158461955,1.0,0.4324945394975229,0.7898375057351738,-0.37085443049271355,-0.15105554945312055,-0.0289085688990305,0.21043344939315092,0.6547475286361052,0.2701845980153722,0.24640290729972136,0.2709958515530514,0.9224976257471762,0.3122143711287089,0.24331265485380135,0.11022995941428407,-0.24471488559160537,-0.173333403180093,-0.3553008962265492,0.41862554244068506,0.1721294088109749,-0.4057651246713285,0.8737790140542916,-0.36226584813321816,0.1462942531802133,0.8660152449534054,0.4305364865750724,-0.15556867981231237,-0.2612452320773428,0.9135507184938901,-0.10019321217302908,0.073340455319985,0.5141281395021348,0.8470181559505929,0.6212783999527538,0.5240029695321482,-0.0772950023455939,-0.22289830442953898,-0.6943750549903928
Raphe_M,0.4369853254354378,0.3638090298045134,0.17965820128448,0.519063710499375,0.2453876885417469,-0.03428012066568906,0.4742574133075424,0.2721415182498434,0.1287299350129795,0.17013506727916664,0.2594213830084141,0.18597338007338365,0.4120519993310733,0.19104013080742374,0.29564765960685685,0.31338523648899513,-0.04801793090779188,0.05077064872834725,0.3024762527839904,0.24134520553455535,0.357317974009278,-0.25558158592530617,0.08024455246125747,0.1319594476721368,0.10950611188348254,-0.008112359471980178,0.09476593478286718,0.4324945394975229,1.0,0.2455359927347701,-0.2216124113511671,0.15061691296990296,0.23265619951052996,0.3108204675918647,0.26300810686901055,0.23565255948031638,0.20401537789541024,0.2135663076443802,0.32285537989952356,0.37451288266938987,0.4023991938317365,-0.0025272687199112205,-0.17187857964367162,0.22056430821058942,0.056576963170404705,0.49436287804895584,0.34405231340458825,0.16019037530774136,0.3101792574925809,-0.06447256404093772,0.14940975884698066,0.30992132643110554,-0.0704357426140677,-0.02874234687798416,-0.27667423434595806,0.37708676313961986,-0.03239549561378459,0.2421984331116803,0.24667183786650843,0.3128337964454233,0.2347171738765333,0.2284783209851164,0.1202552490252721,0.2839751606038291,-0.34384393563466326
Calcarine_R,0.5791803231557124,0.7218774405415397,0.5093502806303919,0.6918324832905797,0.3662648655924504,-0.018574107272668623,0.3133880427567253,0.7477358214719084,0.336633437721859,0.8853961565165251,0.7749659448239035,-0.26888942900268226,0.3912766382191104,0.23232962943552568,-0.2618341630598955,0.22875961428809055,-0.5494191693753837,-0.25475462844472674,0.29889765618743946,0.2322389365437779,-0.14085366257791143,0.3505578651609963,0.24111104055589466,0.32780232178013874,0.0056408039488289805,0.5850396945742062,0.333673238708751,0.7898375057351738,0.2455359927347701,1.0,-0.028391185006968522,-0.15636115119575703,0.14540219213782218,0.3399852238649745,0.5862979947398899,0.33639688065634415,0.27677941359454467,0.6318120343385867,0.7823431249107565,0.3899554555628712,0.2123958218085472,0.2132918910924454,-0.13703786776900617,-0.18818136139458272,-0.38441372706580645,0.2267735315064502,0.30540449495764777,-0.47590739744279004,0.7364103281074766,-0.212659211800958,0.047669964410840295,0.7218134233045217,0.7433284025052947,0.30805353610498953,0.21617576682985234,0.691505050519981,-0.09208288491603935,0.19111935323190862,0.28755726527992964,0.8675824226339774,0.546677275864832,0.6381671885138567,0.08578345832004859,-0.31876838933124707,-0.25696729638299637
