,Thal_PuM_R,Thal_PuI_L,Rolandic_Oper_L,Frontal_Mid_2_L,Cerebellum_10_R,Thal_VL_R,Thal_IL_L,Vermis_9,Thal_PuM_L,Cerebellum_9_R,Cerebellum_4_5_R,Postcentral_L,Thal_MDl_R,Occipital_Inf_L,Rolandic_Oper_R,Olfactory_L,Pallidum_L,Putamen_R,Vermis_4_5,Thal_LGN_R,Thal_MDm_R,N_Acc_L,Precentral_R,Fusiform_R,Frontal_Sup_Medial_L,Thal_VPL_L,Vermis_6,Caudate_L,Thal_LGN_L,Pallidum_R,Lingual_R,Hippocampus_L,Cerebellum_9_L,Vermis_7,Temporal_Pole_Sup_L,ACC_sup_L,VTA_L,Calcarine_L,Temporal_Pole_Mid_R,Frontal_Inf_Tri_L,Cerebellum_6_L,Frontal_Inf_Oper_L,Thal_LP_R,OFCpost_R,Cerebellum_Crus1_L,Thal_PuL_L,Frontal_Sup_Medial_R,Thal_VL_L,Thal_PuL_R,Raphe_D,Cuneus_R,Vermis_10,SN_pr_R,Paracentral_Lobule_R,Thal_VPL_R,Olfactory_R,Rectus_R,Temporal_Pole_Mid_L,Thal_MGN_L,OFCant_L
Thal_PuM_R,1.0,0.13911783561291874,0.5639085071019039,-0.15789975035332834,0.45732432121046673,0.10042786540926357,-0.18553379778504228,0.6072843489680886,0.6554216524035065,0.4859831338859281,0.5972588716532143,-0.3812944796818261,-0.41930489785705105,0.046620639173520495,0.3648899570797641,0.5467540281847634,0.6559774284332955,0.5027426300303928,0.6243361826785656,-0.13362666637264406,0.07061342240364214,0.6004704145940912,-0.2458607413419753,0.4863127914922043,0.2903438204252366,0.11811607574071922,0.3353968026099758,0.42932510839801497,-0.10355976313279239,0.4845477572119221,0.294080216148336,0.4420768955820604,0.6084105790756018,0.24656633295425862,0.511605415412818,0.5836781688901348,0.4029042258986588,0.14152116963964312,0.44250410216426544,0.45536143016066033,0.5323533442969837,0.258818154307222,0.3775387522052414,0.387694796317881,0.20682408922220116,0.08536101161419632,0.16835474047123503,0.04053148008757212,0.08940579959625657,0.1994821018448345,-0.20915548054136404,0.21397817606441397,0.6538050443779502,-0.28427783472014073,-0.01670966674805803,0.5317520241590951,0.43937281266014283,0.5604370229510278,-0.0889126598714722,0.4405745499640638
Thal_PuI_L,0.13911783561291874,1.0,0.17658374092791093,0.26625650419923763,0.1087390964681898,0.26127313245984524,0.4858473398969512,0.07411025146444196,0.21042402596066231,0.16378201273223042,0.31528938810532003,0.13853272755613044,0.37800661001873637,0.44541394927354155,0.2852358573210181,0.19984604631507025,0.009599088531016698,0.15779753412787492,0.2872716590958089,0.4496811271717358,0.3056753715836278,0.224117067597674,0.2570372307690425,0.32647315966700036,0.2410190751299131,0.36400494455860105,0.5574357886560117,0.24652909678569068,0.48438258916551435,-0.03405825324969326,0.4471660291416921,0.32890400826874683,0.2371825316209845,0.44411326958737624,0.2293982065636724,0.18962130723043938,-0.06353412150264151,0.17628518026097387,0.04933086116100503,0.279717193016352,0.4503805927594469,0.11880041123741494,-0.06738636212310783,0.322857988641063,0.3769130286583726,0.1813087695480523,0.2715143217969529,0.385350633845319,0.13009886478887808,0.45138446681240696,0.1087994687507449,0.35383911677509094,-0.12558960062294794,0.39780920654431046,0.32392349377105545,0.1591418484821153,-0.11340579281135932,0.20130481908817524,0.5571052030467446,0.15726452853844547
Rolandic_Oper_L,0.5639085071019039,0.17658374092791093,1.0,0.16568239705626217,0.35543746069476667,0.41776152262091243,0.11344020378817334,0.7608967022397928,0.5774191907320587,0.40304692012984517,0.7264136186249937,0.1567127820106653,-0.136151065931175,0.13050059167313866,0.683287399989507,0.7088481956475814,0.587105065735265,0.6589698016084696,0.7991815775679071,0.12993296942648994,0.4127225144914692,0.5878450589669156,0.06297943550336448,0.6404322515144973,0.6137185714159565,0.33327049851742263,0.5126067014851148,0.7304518159432701,0.2641750336228988,0.5122400057322974,0.46447678561496447,0.6976536932800885,0.5669946505544576,0.321709553839528,0.7833213344025475,0.7812594449307456,0.2618665116492811,0.351434320120886,0.4282044536838454,0.7048308650004014,0.7384859506778886,0.7919408169539537,0.41360363920392546,0.6268473739251008,0.1541313688082509,0.3558097211073676,0.49227859449141526,0.4457697536412825,0.0935467147104997,0.11307606237421707,-0.0357505003692472,0.4684964661268481,0.5157442380583988,-0.030874632722038133,0.2160037884427192,0.5853554410592694,0.3467968316205083,0.3048000691268669,0.2810030887704972,0.6910357737478637
Frontal_Mid_2_L,-0.15789975035332834,0.26625650419923763,0.16568239705626217,1.0,0.08223631585565701,0.4887504939515279,0.4856953007299007,0.11692008654078394,0.0032180872936745236,0.11796127578036102,0.23776026403682146,0.6479345584414834,0.6247006556979777,0.16485082097399445,0.33165000214714985,-0.06702550265215484,-0.27788254383697836,0.08860070675100165,0.17873562833283824,0.32564521531797946,0.39550205725390253,-0.11534068461541577,0.4019665864395618,0.21269409495067462,0.7189213783993069,0.40538520254723776,0.22213832203995398,0.28350916876324406,0.38955945205659137,-0.0348252047673273,0.18810948897923496,0.32089495675632534,0.05092980884053359,0.3115777041340152,-0.0259614438702907,0.2025658498768531,-0.27897085334000804,0.2062875798216615,-0.2679540965888944,0.5668721555915976,0.3040047515416222,0.4449930920078589,-0.1445149926054347,0.42510753176157073,0.3070263397528683,0.23966505958269946,0.7279386436286067,0.5180198317518823,0.1896814522002225,0.19331559091566586,0.11896012994835298,0.3359140962619207,-0.23918226469915171,0.33972336666382735,0.4568287221407242,-0.22334789431604937,-0.6049177799550296,-0.399537718279614,0.36667078362305355,-0.09433671197853119
Cerebellum_10_R,0.45732432121046673,0.1087390964681898,0.35543746069476667,0.08223631585565701,1.0,0.22660471842645508,0.14024778540157676,0.5377309888762666,0.3594905502275993,0.7367252535102883,0.6351253523646585,0.03904028097475935,-0.11664381497330531,0.22102173543601078,0.3376961485898579,0.38658499373076594,0.4431399184525018,0.3147660708543184,0.6754731489041128,-0.08612238465732476,0.38602554258460514,0.619582353348251,-0.09686227895804435,0.6709987977337099,0.36771312648421145,0.20872151598810168,0.4323306629878583,0.23390982555783751,-0.1470124502131647,0.5546799927194688,0.6149378655018068,0.24742925413615646,0.7563580765879244,0.48415024065122764,0.41732753822561863,0.47947811202174384,0.6317482906166033,0.6734636624526064,0.534564485235677,0.411539381480051,0.4799664139998817,0.24386999456924602,0.42274052553151364,0.4566012814271178,0.25923483771661415,0.2549870903449252,0.19885269671612935,0.17242480909963254,0.399799697443203,-0.1463990520484365,0.23776523109663797,0.47158351145113125,0.5044273678902889,-0.14841296183025016,0.21952637509601597,0.4720689625205794,0.29243292541753,0.3447987423534857,0.02890915956096828,0.3419508961467207
Thal_VL_R,0.10042786540926357,0.26127313245984524,0.41776152262091243,0.4887504939515279,0.22660471842645508,1.0,0.5928005657478647,0.33307016910274817,0.012097251236458596,0.13124572451104613,0.4438491456119231,0.616932644563728,0.5667454015939445,0.28590302177726673,0.7318692528331258,0.3095497753635939,-0.16933237686155,0.5614968762399842,0.41419815061058296,0.6816099666417267,0.7175628405602869,0.03260756799397079,0.566343500324778,0.5538023298325396,0.5657764469145855,0.809481177839197,0.31160821233240804,0.6884341948519108,0.6011752701276823,0.22605944135360703,0.529131437349474,0.7210505225602827,0.22304116416146264,0.30853194535400646,0.22800881475117235,0.49968454121325906,0.01257354811408332,0.5254496146818348,-0.18706451503822713,0.48160550919491496,0.4352446708630113,0.5336658229662088,-0.10612983019746917,0.6627821574052906,0.023376898396642202,0.42149938577911594,0.5969487484346653,0.9281360774461153,0.26641553971388804,0.07637751515819592,0.47075171739251587,0.7104961630938141,-0.014356256223076397,0.3694452182674453,0.9116189784739076,-0.013379583269448096,-0.3464308179812083,-0.31511601608700923,0.5327696858896492,0.2466052458641106
Thal_IL_L,-0.18553379778504228,0.4858473398969512,0.11344020378817334,0.4856953007299007,0.14024778540157676,0.5928005657478647,1.0,0.12006533901963423,-0.21624499499787275,0.025358055277405457,0.18094026719696252,0.5970044343814153,0.639159194604636,0.3955592026394785,0.34868630337016915,-0.0445457178945674,-0.3724509253508512,0.1279457013032632,0.15694188515245075,0.5279837699305611,0.6125550992229256,-0.003832447939986697,0.5914342072474906,0.2794870369519753,0.2566346758416756,0.6872361196861388,0.39231513312881056,0.2101563811435041,0.4394721700482759,0.045663917351377106,0.4622661205003268,0.31294386087478004,0.0741381543450857,0.3377277199967756,0.06025653723545957,0.05144358171884086,-0.027586760696913272,0.4324127082433137,-0.21603785822108118,0.18015325470725255,0.2606633389315616,0.24539208631791426,-0.16804021654432327,0.42385527580292354,0.1943500080836451,0.39802316154436257,0.44093520733673774,0.6623748862974671,0.18915174229060247,0.1229336599539358,0.4332178136380066,0.4265770109083879,-0.3030133149089703,0.5995185061277707,0.66476796446655,-0.11458481141429736,-0.4462198623639696,-0.3343634264541357,0.5200901623685743,0.024441064555051448
Vermis_9,0.6072843489680886,0.07411025146444196,0.7608967022397928,0.11692008654078394,0.5377309888762666,0.33307016910274817,0.12006533901963423,1.0,0.505727017095183,0.43538843856302906,0.6391978520640067,0.11359313686446451,-0.15078701672999112,-0.034280444658279494,0.615528061904258,0.6381251646536173,0.5582823761732377,0.6115252134013527,0.7951733477694556,0.04355740819009685,0.40468115876977473,0.5661133126775256,0.021798243443279817,0.6850702904418075,0.5493760726676412,0.2369086601391345,0.5934558767543795,0.552949646321334,0.12081311296928521,0.6387866866632802,0.5270790298982058,0.5615298994616992,0.6214682861529736,0.2960319021093025,0.6023613799875267,0.7302464291826501,0.5467558584271598,0.46548329817227857,0.4172919108437533,0.5580886383372472,0.6327903023832704,0.611827515039224,0.5170689498099519,0.6011386781023594,0.044374598763733356,0.33619752584712576,0.42063787317368284,0.2989649926742239,0.174809918912172,-0.002482643830422466,0.136058132400004,0.4248513341373706,0.6554033111651038,0.016196703835308926,0.15191788171287074,0.5693673875719525,0.33440044540710473,0.23702966905179698,0.13757942353581418,0.5378954599185901
Thal_PuM_L,0.6554216524035065,0.21042402596066231,0.5774191907320587,0.0032180872936745236,0.3594905502275993,0.012097251236458596,-0.21624499499787275,0.505727017095183,1.0,0.5175617164740248,0.5417297724832107,-0.2645034911729142,-0.28517294049772335,0.008008655777484055,0.22252825445334562,0.5771942561106932,0.7697104871093748,0.43347099481812257,0.6303178659410563,-0.17689720829368097,0.07211142920776836,0.5524072226949044,-0.29190262256507704,0.41099975766739194,0.4399876979015225,-0.05581634002842513,0.2873316312188287,0.45480965950942775,0.0518087234076276,0.4215964082738812,0.175479043362516,0.3829462915108964,0.5492497639209302,0.24967256949966204,0.6270008409987392,0.6162193046160837,0.2591697921283796,0.014802235514243423,0.39969865028237134,0.6115971793514687,0.5412352234554665,0.4015823919008016,0.4441880521590376,0.3964454748832796,0.2705753721091914,0.16334476946925894,0.17394740084326435,0.019062403266855887,0.13884539870829962,0.2011867768383061,-0.3682840182554569,0.12146402663332237,0.6200052805284981,-0.28600908732169456,-0.1530205957655649,0.5644527623390024,0.46826403061604527,0.5676400804234745,0.014222898347408043,0.49597586415049477
Cerebellum_9_R,0.4859831338859281,0.16378201273223042,0.40304692012984517,0.11796127578036102,0.7367252535102883,0.13124572451104613,0.025358055277405457,0.43538843856302906,0.5175617164740248,1.0,0.6055380924375099,-0.16608025923494,-0.1608504320602264,0.2696956570565295,0.3101191502226731,0.3945821629037223,0.5223829863778557,0.2710516578873443,0.6153776723538013,-0.1295240781855492,0.14692543025744817,0.607462083843518,-0.04114300108558215,0.5708094769042986,0.38764093565561886,0.11342370862065906,0.45642957776016235,0.24691452252733076,-0.1068964596831925,0.40546756262694794,0.44114583736992036,0.2187749419144462,0.8599091375216724,0.6331464580838481,0.46412024917934197,0.46635853158851565,0.45389803148843383,0.39724533536734663,0.4714344246448054,0.4503068065231441,0.597618594026472,0.42350094914516667,0.5255378424494731,0.3786726157100196,0.5104305381307361,0.06277147007590093,0.23170072685028864,0.07341602187810285,0.23651902012459222,-0.0968843393938066,-0.06775785671483232,0.3271523469029715,0.4270036273420444,-0.2268577056876731,0.10221391754959123,0.46088675637987403,0.29136138606545336,0.42675560759968434,-0.008915567638104478,0.4017175817549598
Cerebellum_4_5_R,0.5972588716532143,0.31528938810532003,0.7264136186249937,0.23776026403682146,0.6351253523646585,0.4438491456119231,0.18094026719696252,0.6391978520640067,0.5417297724832107,0.6055380924375099,1.0,0.07014451638738674,-0.028591967834276037,0.2673308698686326,0.6185332393707333,0.641761247990537,0.5441617331725576,0.533675772993279,0.8479683877085693,0.10770798188840237,0.41099108262875217,0.5941548550380056,-0.06697630760932649,0.8436143015672668,0.6604341266271936,0.337492078506574,0.6359089854542309,0.633084941503388,0.18283349948348393,0.45940906860353087,0.6446169887370305,0.533514718281324,0.6887586083925459,0.606152562998604,0.6637262194040069,0.7428376493643959,0.21017892582019007,0.5210380714585894,0.5622534603092633,0.7198844812139351,0.7941481278617984,0.5263919268947322,0.40039513685962885,0.6292311158227595,0.3836951384402809,0.32604905145445257,0.41683415474109137,0.40697869147566296,0.2389860971556374,0.2248037851406485,0.10650495274434574,0.6298712365261285,0.47307691651585515,-0.15382748937093585,0.30911576576604693,0.5870564440458587,0.3147476122373735,0.46229043654261853,0.3000016319439399,0.5291080752259834
Postcentral_L,-0.3812944796818261,0.13853272755613044,0.1567127820106653,0.6479345584414834,0.03904028097475935,0.616932644563728,0.5970044343814153,0.11359313686446451,-0.2645034911729142,-0.16608025923494,0.07014451638738674,1.0,0.7122146414187942,0.20223824294490272,0.38982396380270795,-0.01623418740515661,-0.41865729414334124,0.1856814565798025,0.12168308331116684,0.5284271775082532,0.6549116653006669,-0.20153562323341867,0.5421811531423378,0.24749637375511427,0.41746259519155665,0.5266635812261419,0.19769296594658697,0.2716829304311161,0.5747487377481052,0.04520118092276015,0.3908204639627091,0.37813673192910313,-0.18901330273717037,0.09947117248750614,-0.026876271780019546,0.1384570562166865,-0.15203414447065475,0.504607704906908,-0.29589925923598,0.2795853211254148,0.12264576593208842,0.39369484463339344,-0.2132957550965725,0.37896360836925247,-0.19334500019244247,0.4694511287196849,0.47209674811641733,0.7021619393765636,0.28727600256868063,0.018197025348621547,0.5861975808623,0.43398041024701184,-0.3046699737856868,0.5250031932019305,0.6434122955539778,-0.17285532318133429,-0.45844749342620167,-0.6173188962227023,0.5581073001580463,-0.021698248672688582
Thal_MDl_R,-0.41930489785705105,0.37800661001873637,-0.136151065931175,0.6247006556979777,-0.11664381497330531,0.5667454015939445,0.639159194604636,-0.15078701672999112,-0.28517294049772335,-0.1608504320602264,-0.028591967834276037,0.7122146414187942,1.0,0.18908781211731102,0.33434431235219886,-0.12448856462192676,-0.4880645706134971,0.12255643034812991,-0.05364494222645476,0.714026891326506,0.5180034580692287,-0.3553148982147317,0.6130240401410072,0.17439193077645465,0.32547063358250633,0.42742321668555966,0.20973107450283704,0.19714107162320668,0.6832070028462623,-0.12905676833848395,0.3303476566559385,0.2530085969922853,-0.24895968996024864,0.15226051044843206,-0.18507099848557912,-0.021119034791185015,-0.3499762138176891,0.30389980973544506,-0.4493481244761341,0.17339483477987194,0.04032330509824109,0.16993952060902756,-0.32654110012618764,0.29802714461404023,-0.06138266320948531,0.29932618590822535,0.3905828244811623,0.6368528193040589,0.20127627872405246,0.21841454379702227,0.5393491434820182,0.38217143827582295,-0.4443890985705161,0.6534693588765227,0.6343075805320998,-0.2888862956769991,-0.5808908449728616,-0.5409480549839423,0.6634891267743549,-0.18362477470238056
Occipital_Inf_L,0.046620639173520495,0.44541394927354155,0.13050059167313866,0.16485082097399445,0.22102173543601078,0.28590302177726673,0.3955592026394785,-0.034280444658279494,0.008008655777484055,0.2696956570565295,0.2673308698686326,0.20223824294490272,0.18908781211731102,1.0,0.1631652593702239,0.06316650273306462,-0.11661408862415176,0.04148230906231612,0.22067382845498074,0.19692634628250558,0.38085863279617654,0.2819633040957901,0.20042443669451684,0.2284958550959513,0.11936192758654224,0.5297523098422676,0.3785322918934061,0.12978244903876648,0.1865962669484588,-0.07891643662313176,0.4928161661707382,0.21140030919865702,0.3402553229832931,0.5816452590805243,0.16525751525961993,0.13160179116785373,0.016242352078045173,0.33619927483628326,0.09743674996262548,0.19405938271954037,0.44839592191927274,0.1340270019723125,-0.13521633815486522,0.18138906136847707,0.5335505301103985,0.09644350340523777,0.16312375981847818,0.3630868464885522,0.10223994742130565,0.008310262682524125,0.13340185879391947,0.4765189392742906,-0.3215766362977527,0.1341961783351721,0.4807087370919871,-0.01807738089583255,-0.20065084668570782,0.22651345916393495,0.296587606084962,0.11284422300665804
Rolandic_Oper_R,0.3648899570797641,0.2852358573210181,0.683287399989507,0.33165000214714985,0.3376961485898579,0.7318692528331258,0.34868630337016915,0.615528061904258,0.22252825445334562,0.3101191502226731,0.6185332393707333,0.38982396380270795,0.33434431235219886,0.1631652593702239,1.0,0.6284161890356229,0.239026350192385,0.7862083516300907,0.6235495158272931,0.6351157743126599,0.649216146557946,0.3317465048501719,0.4635940278509703,0.7822522191709264,0.6748402841026405,0.47872826034561056,0.5621742823789797,0.7738678778441874,0.5172500490444499,0.5143253115497929,0.6858792015674673,0.727097568164148,0.41113091368583055,0.3112980122817077,0.539651054979927,0.7206869511984315,0.1374155232157694,0.5909749826473444,0.2306160307677102,0.5876421925169887,0.5662263054548561,0.683711406679423,0.24952774595704988,0.7472031700856094,-0.06581860381567355,0.36363418477281007,0.6517544959003755,0.7239403787530848,0.10314447357232051,0.08793302448174593,0.5129097121868786,0.7117489187024486,0.34716973353055186,0.39408920495087696,0.5807179851807976,0.46736407122607265,0.08388565644002656,-0.009877553916386828,0.605586973132263,0.5512047792788096
Olfactory_L,0.5467540281847634,0.19984604631507025,0.7088481956475814,-0.06702550265215484,0.38658499373076594,0.3095497753635939,-0.0445457178945674,0.6381251646536173,0.5771942561106932,0.3945821629037223,0.641761247990537,-0.01623418740515661,-0.12448856462192676,0.06316650273306462,0.6284161890356229,1.0,0.6588936100242169,0.6692281299654324,0.6425813963759814,0.18604274082752242,0.3570794044839534,0.6054422449220889,-0.0689321312081642,0.6774674304218022,0.5035150216051035,0.09160449963976258,0.4329224137045802,0.756057212979294,0.25676058696034215,0.5828169133908182,0.5259473941615963,0.5153959157399963,0.4859261962528433,0.28526210501785343,0.6418849490226773,0.8134166730533341,0.2936566813616277,0.31543736341395123,0.5204723729867059,0.5882188539891361,0.5326098043624063,0.5424183188169851,0.47265518594688855,0.5035665463208661,-0.035715035957363375,0.2552405961355792,0.2909867262444649,0.3314751102700924,0.04264394973516092,0.13852141013802907,0.15154346620635548,0.47369317641404834,0.6356334543690316,0.015349650016889904,0.11266395398599575,0.8264412327021462,0.533217876856428,0.4242532094682065,0.326013230647496,0.7486543003864894
Pallidum_L,0.6559774284332955,0.009599088531016698,0.587105065735265,-0.27788254383697836,0.4431399184525018,-0.16933237686155,-0.3724509253508512,0.5582823761732377,0.7697104871093748,0.5223829863778557,0.5441617331725576,-0.41865729414334124,-0.4880645706134971,-0.11661408862415176,0.239026350192385,0.6588936100242169,1.0,0.45506899645879506,0.6059409545394501,-0.2933596932563252,-0.03219170692458743,0.6553920401019635,-0.4773537225467588,0.4197641178872135,0.3003141097325381,-0.28546702399534285,0.3066840086880098,0.40407135997191407,-0.09553016453729841,0.5937076523524951,0.21730461898815548,0.2738322587910311,0.542853990798775,0.14860426968085755,0.7021599487602137,0.6308026971245619,0.40520947073283686,0.07953684889910194,0.6624864692868602,0.4875631014166185,0.4454321734861682,0.33248602709601216,0.57362588334472,0.3243620583798009,0.06577691616628165,0.05695723560426049,-0.02897690339171627,-0.17302926686891812,0.02676522947354167,0.07131809143813242,-0.2815369502836135,0.1095112122437397,0.7936237861344936,-0.34640547979599706,-0.34767183404912877,0.7792796832660833,0.7702200930659177,0.7036080037930026,-0.09191976744592524,0.6160460924086633
Putamen_R,0.5027426300303928,0.15779753412787492,0.6589698016084696,0.08860070675100165,0.3147660708543184,0.5614968762399842,0.1279457013032632,0.6115252134013527,0.43347099481812257,0.2710516578873443,0.533675772993279,0.1856814565798025,0.12255643034812991,0.04148230906231612,0.7862083516300907,0.6692281299654324,0.45506899645879506,1.0,0.616225416426127,0.3744334587061028,0.5655598014466033,0.4022329944613998,0.25170637316555555,0.6248911137342746,0.5755416364850541,0.35511943664619455,0.43292515504457774,0.8067420221167111,0.38168433010904596,0.58517927611489,0.5006363536492667,0.7286905672036852,0.3849841190454606,0.142302350396147,0.5777303168413408,0.7468236585911667,0.22336709221401327,0.44806360770317577,0.2027788275863427,0.5792839253495458,0.49601159205705536,0.6127545611697586,0.2516268701814189,0.7722357120187151,-0.13870532709524305,0.3664260189438832,0.461103980581063,0.5610297425200609,0.056494383134543906,0.04789351608876015,0.3159585716281469,0.5049438456810649,0.5297256780913298,0.21917588505168634,0.3803357251741556,0.5269657347336292,0.23545849664597351,0.11992371594137806,0.397128359339254,0.6214061729224561
Vermis_4_5,0.6243361826785656,0.2872716590958089,0.7991815775679071,0.17873562833283824,0.6754731489041128,0.41419815061058296,0.15694188515245075,0.7951733477694556,0.6303178659410563,0.6153776723538013,0.8479683877085693,0.12168308331116684,-0.05364494222645476,0.22067382845498074,0.6235495158272931,0.6425813963759814,0.6059409545394501,0.616225416426127,1.0,0.12560036825796722,0.4830387582178314,0.6549899720958546,0.01855812048293541,0.8205646435542191,0.6182085963191744,0.34248614726309223,0.6994190565291981,0.5972956760495158,0.24813877331974551,0.5761093851036156,0.7057172519572089,0.6740262969708369,0.7548491975334267,0.510228852655891,0.6958950214233985,0.7428761647771098,0.4507334381626381,0.5938578450447192,0.4780848103279792,0.6887091790574752,0.8300846416168598,0.6154311191644879,0.44491715616834665,0.6576807077440687,0.2618327008761658,0.40192805481689214,0.4155810477504216,0.3939133754270038,0.2780927318799479,0.12204728170390021,0.11598681206381585,0.589134363085193,0.5739698456566888,-0.03518154522356067,0.28596067898084615,0.5778633061005872,0.32772527977105825,0.37027409396773303,0.29222616385095446,0.5683827301074112
Thal_LGN_R,-0.13362666637264406,0.4496811271717358,0.12993296942648994,0.32564521531797946,-0.08612238465732476,0.6816099666417267,0.5279837699305611,0.04355740819009685,-0.17689720829368097,-0.1295240781855492,0.10770798188840237,0.5284271775082532,0.714026891326506,0.19692634628250558,0.6351157743126599,0.18604274082752242,-0.2933596932563252,0.3744334587061028,0.12560036825796722,1.0,0.54130680254427,-0.21038866159508862,0.6307978675926119,0.37966675236556924,0.2879090367571401,0.4797028282253674,0.29412803428491663,0.42023313080819147,0.8030115460345808,0.05998794530166808,0.47557644776174046,0.492314948803967,-0.08437599477850291,0.08269596483008834,0.10302563881911751,0.20373943666851313,-0.18970605685084252,0.3479664705231824,-0.181308658306114,0.20105804934145374,0.1578995395219076,0.29249309055676637,-0.16840065486528427,0.3718032339302488,-0.2397917339374202,0.2806797431435281,0.40701733593942113,0.7395117516508141,0.11482192606554342,0.17858718602427037,0.566452784338672,0.5663942018668611,-0.18047970879269903,0.6601735420682532,0.6731982984400378,0.02355587658908804,-0.22315598646328597,-0.3413166097535079,0.800944354088886,0.18561177703128454
Thal_MDm_R,0.07061342240364214,0.3056753715836278,0.4127225144914692,0.39550205725390253,0.38602554258460514,0.7175628405602869,0.6125550992229256,0.40468115876977473,0.07211142920776836,0.14692543025744817,0.41099108262875217,0.6549116653006669,0.5180034580692287,0.38085863279617654,0.649216146557946,0.3570794044839534,-0.03219170692458743,0.5655598014466033,0.4830387582178314,0.54130680254427,1.0,0.23046539818244882,0.46982150592064736,0.596857246238197,0.5285923988546957,0.6228944325250927,0.430650190442477,0.5701517628847621,0.48985497451845605,0.44212648983859854,0.6570972141925592,0.5861530506327474,0.2512218721797024,0.2852111331333546,0.371876089810575,0.47679202175983426,0.11481890593189084,0.6806286533887895,0.00017120951939459422,0.43641215787614085,0.4213773198148086,0.478525805797907,0.006238693444814276,0.7082620092242298,-0.020398265342551042,0.5214709603977609,0.5474018526151467,0.816446157388988,0.34300433545529374,-0.033627251982834665,0.5820983505182571,0.65852655304359,0.09077770606413992,0.434318493484333,0.6811150759114825,0.2141353653660586,-0.17294576225219221,-0.23973089229950562,0.6728858754076893,0.3187641494019278
N_Acc_L,0.6004704145940912,0.224117067597674,0.5878450589669156,-0.11534068461541577,0.619582353348251,0.03260756799397079,-0.003832447939986697,0.5661133126775256,0.5524072226949044,0.607462083843518,0.5941548550380056,-0.20153562323341867,-0.3553148982147317,0.2819633040957901,0.3317465048501719,0.6054422449220889,0.6553920401019635,0.4022329944613998,0.6549899720958546,-0.21038866159508862,0.23046539818244882,1.0,-0.17725476855312025,0.5033921677541929,0.2797257496293727,0.12496857370192348,0.46147452604021655,0.33408596868594786,-0.16412454248744135,0.5737194752849066,0.46684178932321224,0.3372919418623649,0.685525321035529,0.40997909130479004,0.5482942869152726,0.5604795754850658,0.4429195301483504,0.3086994818755095,0.577567940706556,0.4522140737550483,0.6023035996277067,0.36124925959972376,0.4546030235428346,0.4127786334715478,0.3295557012929596,0.1360034510472719,0.1333035702366394,0.06631318917197124,0.1049241130236968,0.011787530483915093,-0.04647946700124209,0.26538215741971194,0.557102228159838,-0.10134754001622659,-0.023280908668586106,0.6657769135522682,0.47564285556765556,0.5887771059152662,0.03124971624343722,0.5742349449079817
Precentral_R,-0.2458607413419753,0.2570372307690425,0.06297943550336448,0.4019665864395618,-0.09686227895804435,0.566343500324778,0.5914342072474906,0.021798243443279817,-0.29190262256507704,-0.04114300108558215,-0.06697630760932649,0.5421811531423378,0.6130240401410072,0.20042443669451684,0.4635940278509703,-0.0689321312081642,-0.4773537225467588,0.25170637316555555,0.01855812048293541,0.6307978675926119,0.46982150592064736,-0.17725476855312025,1.0,0.1758222921765517,0.20348661160138629,0.4880940590398253,0.17588618287400867,0.1900527132450119,0.42132163517843013,-0.05105892009578426,0.26598812734557514,0.3138463961551719,-0.013405412102937529,0.12178732840916265,-0.05397528319630792,-0.03255610019296946,-0.08395429204503893,0.3627426689274162,-0.4607861952904243,-0.003755870341102305,0.08184082106141298,0.36068824571065494,-0.1844121294599022,0.3353359515323943,-0.00010491261762117057,0.19494917324885952,0.5355434266521663,0.6044895946567246,0.10149574560346868,-0.08572385498761761,0.4930267156330017,0.2293442823161765,-0.3233659671511426,0.6644475262881541,0.595139087083335,-0.20574836629582907,-0.5178320773122361,-0.5499298047925589,0.4693288336256604,-0.05718115092447728
Fusiform_R,0.4863127914922043,0.32647315966700036,0.6404322515144973,0.21269409495067462,0.6709987977337099,0.5538023298325396,0.2794870369519753,0.6850702904418075,0.41099975766739194,0.5708094769042986,0.8436143015672668,0.24749637375511427,0.17439193077645465,0.2284958550959513,0.7822522191709264,0.6774674304218022,0.4197641178872135,0.6248911137342746,0.8205646435542191,0.37966675236556924,0.596857246238197,0.5033921677541929,0.1758222921765517,1.0,0.6198880423039761,0.3554165338727636,0.7263953761106168,0.6192126919687605,0.35587267280417845,0.5725896367364587,0.8330993854644391,0.5891989980868028,0.6415767109155619,0.5286286128670841,0.6224420322795391,0.7444128348766003,0.3004642306474711,0.7360197367461357,0.4992602976255529,0.5978019367235192,0.688117314618873,0.5507515291605479,0.4312841251282374,0.674673116127659,0.11804944242893864,0.4035283998971291,0.4553513775116181,0.534560298701567,0.2912134718156731,0.1292338055216693,0.4670601225438376,0.7124093720467615,0.49403015594964583,0.09591073959953465,0.4338233238808452,0.6097184517797293,0.2794716238301328,0.24154266114504064,0.5226681247559956,0.5077476290096058
Frontal_Sup_Medial_L,0.2903438204252366,0.2410190751299131,0.6137185714159565,0.7189213783993069,0.36771312648421145,0.5657764469145855,0.2566346758416756,0.5493760726676412,0.4399876979015225,0.38764093565561886,0.6604341266271936,0.41746259519155665,0.32547063358250633,0.11936192758654224,0.6748402841026405,0.5035150216051035,0.3003141097325381,0.5755416364850541,0.6182085963191744,0.2879090367571401,0.5285923988546957,0.2797257496293727,0.20348661160138629,0.6198880423039761,1.0,0.3409045773998056,0.42095091730970535,0.7338369527813756,0.38215173194548835,0.3919217092530371,0.42079707007523987,0.5900635183532419,0.41735912995367697,0.3639829769162865,0.46025988332565726,0.7462141628412482,0.015269583492665391,0.3777614458995387,0.17250311581655045,0.8700904311200799,0.5873187266822955,0.7162251176745236,0.23728850737695575,0.7187342341813726,0.2298105697370426,0.3387577364227211,0.8089164997047706,0.5669941938344139,0.21055019557872182,0.14326155411909447,0.12921778441581158,0.5290100648537703,0.30844755751185815,0.13732243501202407,0.38200152841734364,0.3393935516185759,-0.08326645479464462,0.01276924609004252,0.39539765571257734,0.41532587065960536
Thal_VPL_L,0.11811607574071922,0.36400494455860105,0.33327049851742263,0.40538520254723776,0.20872151598810168,0.809481177839197,0.6872361196861388,0.2369086601391345,-0.05581634002842513,0.11342370862065906,0.337492078506574,0.5266635812261419,0.42742321668555966,0.5297523098422676,0.47872826034561056,0.09160449963976258,-0.28546702399534285,0.35511943664619455,0.34248614726309223,0.4797028282253674,0.6228944325250927,0.12496857370192348,0.4880940590398253,0.3554165338727636,0.3409045773998056,1.0,0.3549496845548523,0.45012603537197987,0.42113584679002125,0.006828210642870039,0.49048220489380623,0.6298912079935458,0.2568320914400889,0.4012730723310106,0.13873590958116214,0.2959038370790593,0.07777234782117806,0.4703627475411544,-0.19035929929663054,0.3529407995603759,0.48637998746400474,0.3692526226730404,-0.26195928971232735,0.5150006492188194,0.24140724076137385,0.39920598680671987,0.4338491201626397,0.8065733201490393,0.197651531809707,0.05450647041353449,0.30738943499314436,0.5886169985021916,-0.21299293366607666,0.3359767205054184,0.8773727484001348,-0.17024224547561492,-0.42047478885250095,-0.1892614072336422,0.3725670065263177,0.13990918328423732
Vermis_6,0.3353968026099758,0.5574357886560117,0.5126067014851148,0.22213832203995398,0.4323306629878583,0.31160821233240804,0.39231513312881056,0.5934558767543795,0.2873316312188287,0.45642957776016235,0.6359089854542309,0.19769296594658697,0.20973107450283704,0.3785322918934061,0.5621742823789797,0.4329224137045802,0.3066840086880098,0.43292515504457774,0.6994190565291981,0.29412803428491663,0.430650190442477,0.46147452604021655,0.17588618287400867,0.7263953761106168,0.42095091730970535,0.3549496845548523,1.0,0.35616676781999296,0.35191584716555135,0.3451187553638265,0.7965594479529554,0.4775620996778796,0.5638583756254962,0.6489130719406522,0.48538745842706116,0.47222206690593466,0.23437810724917804,0.5507163169151219,0.357697435264617,0.42562814924801123,0.7829053045220432,0.4310207016199181,0.287507441191391,0.5189837292632032,0.31398386938868306,0.326370443671402,0.31122039529635026,0.37310576607765444,0.1554140360323132,0.19237578052960191,0.3000264045974964,0.5610962057001885,0.22797875018366456,0.25109128343783893,0.3235399904178484,0.407525993918042,0.1240940504447906,0.2820519044758411,0.4874400436858594,0.34714245781862346
Caudate_L,0.42932510839801497,0.24652909678569068,0.7304518159432701,0.28350916876324406,0.23390982555783751,0.6884341948519108,0.2101563811435041,0.552949646321334,0.45480965950942775,0.24691452252733076,0.633084941503388,0.2716829304311161,0.19714107162320668,0.12978244903876648,0.7738678778441874,0.756057212979294,0.40407135997191407,0.8067420221167111,0.5972956760495158,0.42023313080819147,0.5701517628847621,0.33408596868594786,0.1900527132450119,0.6192126919687605,0.7338369527813756,0.45012603537197987,0.35616676781999296,1.0,0.5030856704633062,0.4417888394454848,0.45073849014356493,0.7622528427545092,0.35989672456320915,0.21118604185638137,0.6101328078222015,0.8601636613456831,0.052799777142041864,0.33160122992433977,0.186399817490698,0.7546836533949668,0.5511134492150015,0.6883345181715426,0.20747976714990418,0.7489433253079929,-0.012484668303665073,0.3671010291488735,0.573009572147726,0.6921927491213541,0.08576921199588654,0.15559264904683778,0.16614633847065985,0.5985521711923656,0.39318010525881386,0.1496892976812059,0.47193202147612723,0.4835108096876423,0.1313001784307164,0.1336962236363345,0.45958328920878866,0.644702938667323
Thal_LGN_L,-0.10355976313279239,0.48438258916551435,0.2641750336228988,0.38955945205659137,-0.1470124502131647,0.6011752701276823,0.4394721700482759,0.12081311296928521,0.0518087234076276,-0.1068964596831925,0.18283349948348393,0.5747487377481052,0.6832070028462623,0.1865962669484588,0.5172500490444499,0.25676058696034215,-0.09553016453729841,0.38168433010904596,0.24813877331974551,0.8030115460345808,0.48985497451845605,-0.16412454248744135,0.42132163517843013,0.35587267280417845,0.38215173194548835,0.42113584679002125,0.35191584716555135,0.5030856704633062,1.0,0.0505009278922801,0.45034651752456845,0.6160246359340112,-0.08906504613414575,0.1690301890132417,0.19792428224873024,0.3182264729703598,-0.23160524872110705,0.26899833901054604,-0.16216599028809692,0.37366259279230196,0.290078381231041,0.40426635103917796,-0.13184361346492168,0.3859786896809504,-0.18462692113278592,0.3556501454199162,0.3618504255578127,0.6966451554247802,0.05826623682061698,0.33549294306339844,0.3826523828275976,0.5232975793600603,-0.11555991774295217,0.5581426372168862,0.5499391581199646,0.06015532671594953,-0.1715126609173129,-0.2693471447772083,0.8018931331769842,0.20716346029714203
Pallidum_R,0.4845477572119221,-0.03405825324969326,0.5122400057322974,-0.0348252047673273,0.5546799927194688,0.22605944135360703,0.045663917351377106,0.6387866866632802,0.4215964082738812,0.40546756262694794,0.45940906860353087,0.04520118092276015,-0.12905676833848395,-0.07891643662313176,0.5143253115497929,0.5828169133908182,0.5937076523524951,0.58517927611489,0.5761093851036156,0.05998794530166808,0.44212648983859854,0.5737194752849066,-0.05105892009578426,0.5725896367364587,0.3919217092530371,0.006828210642870039,0.3451187553638265,0.4417888394454848,0.0505009278922801,1.0,0.46000442934464586,0.4128942635573732,0.4311640170275871,0.11531212363194708,0.5146613272830252,0.5936362099677109,0.43208998280072375,0.4605371224465437,0.4273360909505362,0.4051973587415481,0.36324990759231207,0.403257740183082,0.5013761873195982,0.5238092878099045,-0.1632601048943206,0.28313935142071067,0.29861263688598794,0.23489586805897014,0.16618476428236956,-0.053619021768570765,0.2542426453239728,0.3246743914538851,0.6952580481428657,0.04197477753893941,0.055079041820523846,0.655581455947133,0.4276013337880442,0.173851206294391,0.2081015647808914,0.4909911324353604
Lingual_R,0.294080216148336,0.4471660291416921,0.46447678561496447,0.18810948897923496,0.6149378655018068,0.529131437349474,0.4622661205003268,0.5270790298982058,0.175479043362516,0.44114583736992036,0.6446169887370305,0.3908204639627091,0.3303476566559385,0.4928161661707382,0.6858792015674673,0.5259473941615963,0.21730461898815548,0.5006363536492667,0.7057172519572089,0.47557644776174046,0.6570972141925592,0.46684178932321224,0.26598812734557514,0.8330993854644391,0.42079707007523987,0.49048220489380623,0.7965594479529554,0.45073849014356493,0.45034651752456845,0.46000442934464586,1.0,0.5433357837037339,0.5315133109905296,0.6006751671758986,0.44150406233252054,0.5352969148296397,0.3223147283842937,0.8147852108368858,0.3914673531800288,0.44108669798081807,0.6422527857760904,0.38765161841450035,0.21706133097596297,0.5716715944231382,0.11186557552128325,0.43786372403727913,0.3161566441361199,0.5603393506997882,0.24301411407719914,0.07537580020817282,0.6315541879793847,0.7955472202298995,0.20981722851359397,0.35971987151324547,0.5809280617961697,0.4573751093628163,0.13506238104089852,0.19151219438422917,0.5927458247745091,0.4244368802936129
Hippocampus_L,0.4420768955820604,0.32890400826874683,0.6976536932800885,0.32089495675632534,0.24742925413615646,0.7210505225602827,0.31294386087478004,0.5615298994616992,0.3829462915108964,0.2187749419144462,0.533514718281324,0.37813673192910313,0.2530085969922853,0.21140030919865702,0.727097568164148,0.5153959157399963,0.2738322587910311,0.7286905672036852,0.6740262969708369,0.492314948803967,0.5861530506327474,0.3372919418623649,0.3138463961551719,0.5891989980868028,0.5900635183532419,0.6298912079935458,0.4775620996778796,0.7622528427545092,0.6160246359340112,0.4128942635573732,0.5433357837037339,1.0,0.37380305666744906,0.25006411900213077,0.5246090743845964,0.6917600475056782,0.13231506052326777,0.42964728512432343,0.02443018040331911,0.6523993086433147,0.6581487024982327,0.6423609892164879,0.007399901758122329,0.727710871139273,-0.017932686937670042,0.42963066183268595,0.5327293782907105,0.7314505584638179,0.13299887276577924,0.21248485601905437,0.1976159190760384,0.5691869045670502,0.3347087080206866,0.27435509578994416,0.5887115383483342,0.2698653533890634,-0.011722412761442529,-0.023369460704811544,0.49499112910727,0.45484635607117624
Cerebellum_9_L,0.6084105790756018,0.2371825316209845,0.5669946505544576,0.05092980884053359,0.7563580765879244,0.22304116416146264,0.0741381543450857,0.6214682861529736,0.5492497639209302,0.8599091375216724,0.6887586083925459,-0.18901330273717037,-0.24895968996024864,0.3402553229832931,0.41113091368583055,0.4859261962528433,0.542853990798775,0.3849841190454606,0.7548491975334267,-0.08437599477850291,0.2512218721797024,0.685525321035529,-0.013405412102937529,0.6415767109155619,0.41735912995367697,0.2568320914400889,0.5638583756254962,0.35989672456320915,-0.08906504613414575,0.4311640170275871,0.5315133109905296,0.37380305666744906,1.0,0.6690362236783431,0.5743313845308013,0.5650593536515396,0.5993959869072488,0.4385673773273914,0.5341163607739057,0.47029853256558424,0.7201742544074038,0.4609646455014394,0.4783267096181768,0.4670516411480524,0.5616359111492515,0.1171556250784356,0.31449937508567766,0.16442364611543933,0.24377904368482056,-0.09670971406972524,-0.0891725132690887,0.423006742065772,0.4737226225261815,-0.2030489815574863,0.1684427052566437,0.46375838892866567,0.30818525904781213,0.5199345069913259,0.012178635287311767,0.45753958897492425
