,SN_pr_R,Thal_MDl_R,OFCpost_R,Temporal_Sup_R,OFClat_L,Heschl_R,Cuneus_L,Occipital_Inf_R,Temporal_Inf_R,Red_N_L,Vermis_8,Thal_AV_R,Thal_MGN_L,Paracentral_Lobule_R,Vermis_9,Amygdala_R,Temporal_Sup_L,ACC_sup_L,Thal_MDm_L,Precentral_L,LC_R,Frontal_Inf_Orb_2_R,Insula_L,Postcentral_L,Vermis_7,Hippocampus_R,Cerebellum_10_R,Parietal_Sup_L,Precuneus_L,SupraMarginal_R,Vermis_6,Thal_PuL_L,Occipital_Sup_R,ParaHippocampal_L,Supp_Motor_Area_L,Cerebellum_3_L,OFCant_R,Cerebellum_Crus1_R,Thal_LP_L,Amygdala_L,Frontal_Mid_2_R,Frontal_Sup_2_L,Thal_VA_R,Temporal_Inf_L,Vermis_1_2,Rolandic_Oper_R,Occipital_Sup_L,Thal_LP_R,Caudate_L,Parietal_Inf_R,Thal_VPL_R,Vermis_10,Frontal_Sup_Medial_L,SN_pc_L,Frontal_Med_Orb_R,Pallidum_L,Rectus_L,Cerebellum_6_R,SN_pc_R,Postcentral_R,Cerebellum_8_L,Lingual_L,Raphe_D,N_Acc_L,LC_L,Rectus_R,Frontal_Inf_Oper_R,Fusiform_L,Thal_PuI_R,Olfactory_L
SN_pr_R,1.0,-0.4443890985705161,0.35342472281181003,0.475173475926129,0.5742889012620259,0.49889042676237816,0.08915987344049815,0.1318661494338933,0.49912772923520704,-0.31698705251302534,0.27787344904607414,-0.21230661222763458,-0.07198482054363647,-0.26147759749155175,0.6554033111651038,0.5654912632564466,0.33065831650863486,0.5897530495207889,0.3526213203730334,-0.38060340075324933,-0.04445451998550368,0.6596633799437662,0.36111983428780814,-0.3046699737856868,0.03142194978483447,0.6552139578003036,0.5044273678902889,0.17174189033664636,0.22495890308525718,-0.3649350549964068,0.22797875018366456,0.11521877958293396,0.13061929715672613,0.618117892625266,-0.19127097893070316,0.5045701534231208,0.6148169847219777,-0.02167589802024787,0.08813002151873643,0.3807429649099301,-0.195732120567944,-0.14306165120149172,0.1911025455349226,0.4936495452341563,0.645461259536819,0.34716973353055186,0.13877884771630994,0.5419009670500057,0.39318010525881386,0.2621606685642735,-0.24058802199277604,0.09971768470359499,0.30844755751185815,0.5487472825768108,0.6080238984564182,0.7936237861344936,0.6633227890619023,0.4098171319404723,0.3770197528172374,-0.20231140766178568,0.13111576886647125,0.15548150738461705,-0.00010714965586122202,0.557102228159838,0.457636597303082,0.650946457311584,0.26615241123934547,0.501797186954474,0.17929317777766904,0.6356334543690316
Thal_MDl_R,-0.4443890985705161,1.0,0.29802714461404023,0.11871466534771913,-0.1282233662150991,0.06315900648790415,0.4277481912923197,0.20029303442092214,-0.10194326312593485,0.5301261953078474,0.06323947769980512,0.60329723829822,0.6634891267743549,0.6534693588765227,-0.15078701672999112,-0.2296419926674887,0.21256600957723454,-0.021119034791185015,0.33380004905603583,0.7108393162479022,0.12244151433202105,-0.06782473206839316,0.14654218963710955,0.7122146414187942,0.15226051044843206,0.03721616918354871,-0.11664381497330531,0.2599754873993448,0.3643595066397462,0.7077700566333552,0.20973107450283704,0.29932618590822535,0.30949851369211495,-0.26515382971753954,0.618881578364235,-0.038320876633984265,-0.3540459389378094,0.06620598257556609,0.2619046055061043,0.013750099042872804,0.5443740219333729,0.5611260009168334,0.41897368384694367,-0.3735210693748039,-0.3671234262637301,0.33434431235219886,0.3175546448019322,-0.32654110012618764,0.19714107162320668,-0.11084942942343438,0.6343075805320998,0.38217143827582295,0.32547063358250633,-0.5042756103916766,-0.4006124671825619,-0.4880645706134971,-0.47791511458244673,0.20396235584426145,0.21991879816912385,0.6409050316584785,-0.27184962766347986,0.2946209456470987,0.21841454379702227,-0.3553148982147317,-0.6130069890373729,-0.5808908449728616,0.3491104662654587,-0.100624960567903,-0.1813483863548859,-0.12448856462192676
OFCpost_R,0.35342472281181003,0.29802714461404023,1.0,0.7216558785690198,0.7172175018073543,0.6518055836802019,0.33328961460689954,0.04142954049876119,0.34197706389781307,0.33071397513211637,0.5295331814292502,0.4236576064397324,0.4531660124894796,0.29847822130915697,0.6011386781023594,0.48870188194945496,0.7663595389123009,0.7229429941311034,0.7382919239236307,0.3495497010912816,0.1259164937754685,0.6229138847221595,0.6680111633538276,0.37896360836925247,0.31173270122413455,0.7386847667542069,0.4566012814271178,0.15821413787840202,0.5848720511705544,0.2539107879001437,0.5189837292632032,0.40402970528587784,0.1313016246115595,0.5983779388529242,0.44517507233860093,0.5673289296684032,0.3373866394973652,0.0695719355966215,0.4111027360657638,0.5577830431792083,0.4723157707770711,0.48091881805110676,0.7638309033980579,0.41170755509793583,0.3447009371398638,0.7472031700856094,0.14654242142868756,0.19856566159062478,0.7489433253079929,0.0262031966173341,0.529401672452994,0.5709350372982208,0.7187342341813726,0.06426727913543558,0.2654670305153439,0.3243620583798009,0.05098017078806343,0.6594357206212399,0.5307482974079396,0.29721985864707684,0.2021244475200811,0.5744208878999106,0.07925501522133716,0.4127786334715478,0.18082291980569895,0.018587295698164488,0.7531473269398136,0.645257846505485,0.19724396442037578,0.5035665463208661
Temporal_Sup_R,0.475173475926129,0.11871466534771913,0.7216558785690198,1.0,0.6458939894236764,0.7552630881847098,0.4674446553710086,0.16831174830809037,0.6611096579425587,0.37932703458215855,0.5218517563833492,0.31514750173814815,0.47892790669785523,0.23313643167575634,0.720606361998514,0.5084836864001372,0.7485846365121742,0.7062370135093496,0.618084757090068,0.16833130824511605,0.3431856319543051,0.7934183719096293,0.6405922015684964,0.27053959109328574,0.39180931537440394,0.8410818946964722,0.6268135071808943,0.20811203061140168,0.7969239079083101,0.25018488784750037,0.6135365774267953,0.41366973918989614,0.28306530809140673,0.5905923426560309,0.39139936606187503,0.6037099752131484,0.4824997724154918,0.08649940508069584,0.334575860025727,0.5424962434986642,0.25559776685297353,0.19473427311894445,0.6599318261551418,0.3560377528943596,0.4094509733402291,0.8381369675317867,0.277616282664896,0.3785034409620856,0.6377282538544049,0.10347432270295248,0.5069851849132794,0.6727322234949364,0.5281631295427475,0.23383360903276323,0.4322405776019982,0.3347958331529393,0.2740952991574599,0.8172346420070624,0.5622447015768822,0.29124226832327854,0.1393462853454696,0.7015923990413999,0.03386443891301452,0.5147002365698062,0.15531304854913178,0.2382178967544365,0.8364299916807377,0.6588543710017162,0.2011628366634585,0.6339385918199792
OFClat_L,0.5742889012620259,-0.1282233662150991,0.7172175018073543,0.6458939894236764,1.0,0.6421832145449906,0.12519978412199606,-0.08250136206646974,0.37741119021355113,-0.055902585191129735,0.41820911979949454,0.11659302402774961,0.1741787403457194,0.03855308650920193,0.6868620764786241,0.5989912925276875,0.6450346826407588,0.776507202898916,0.566033884714852,0.0028117076742380045,0.10345365973468569,0.7031728165945881,0.5755528369938728,0.04953634949205206,0.10160153728672582,0.7693991876176179,0.46385511866207796,0.11038109996526829,0.43597133458553516,-0.04354374774488548,0.32541498865887997,0.2545256048818806,0.016174856974223255,0.6386197666401777,0.10453613534666747,0.5987342545324721,0.5880771961090374,-0.10373229854106344,0.3258415090586248,0.5435833190293602,0.13960344762159874,0.20610245062320412,0.5564406357826224,0.4829300456859356,0.5970422990526111,0.5762206651804421,0.052375525721343595,0.3596644229443832,0.6931366328531223,0.16055786244782352,0.17878341990762897,0.4292303381383522,0.5808761627151813,0.23825256374580128,0.5285598148291274,0.6135144496129677,0.38899223478899453,0.5375047818429949,0.3699331854102921,0.036303230803934446,0.12468854301253003,0.4156812688037074,0.019302937835745212,0.515145918823766,0.34431464881870166,0.3418934812327819,0.5295024213911995,0.5992030328182467,0.22421609343115145,0.6434858644105808
Heschl_R,0.49889042676237816,0.06315900648790415,0.6518055836802019,0.7552630881847098,0.6421832145449906,1.0,0.305603657601836,0.17495312865028473,0.48046671111832545,0.2272357633939165,0.48972233291665745,0.30833194155835136,0.2144910541307812,-0.02943932478268813,0.67573783226974,0.4549266615958099,0.6300398139654453,0.7652356469244903,0.5475614608501116,0.06567919286826618,0.3063296116768147,0.5669018669459492,0.4529314598483462,0.17819133829113865,0.38478661745199855,0.7979570948523671,0.57031698343193,0.3014220154676789,0.5158163996323472,0.13429487148444585,0.4909211354814083,0.3458225895648175,0.29612329240926477,0.5176314441241628,0.1376953455086014,0.6508738674609845,0.4062990745666884,0.07101277477064992,0.4945099563686676,0.48945178320777194,0.21253478386845967,0.24141101795952222,0.6980194427019747,0.44508383481859076,0.470640009090941,0.726522148428166,0.3201540876242489,0.24659254578736076,0.683282897958843,0.1688640423644655,0.49391859850400893,0.6279799553022817,0.5819493479945939,0.21929994868229422,0.34484887078508975,0.413361997295351,0.21966791844171749,0.7706909886995448,0.363182813753237,0.26917508368720877,0.1589430739243058,0.5477895374419652,0.07698597638343775,0.46002074920412417,0.25781609120363796,0.15626286990458094,0.6341470345515613,0.5872685817675289,0.2254811537207646,0.6139827629910602
Cuneus_L,0.08915987344049815,0.4277481912923197,0.33328961460689954,0.4674446553710086,0.12519978412199606,0.305603657601836,1.0,0.7431562469088516,0.48602495798939327,0.2744844056746215,0.09534259521270425,0.41303934529436,0.41756786729919904,0.3565043477246983,0.18798335731054946,0.09764206885824528,0.18046707535340267,0.08344052836682188,0.24680748445996603,0.2947072268183552,0.07831082574705499,0.4455891364689176,0.2793490480437416,0.4813132207744035,0.08217978135755769,0.3897857129905302,0.37117800263014117,0.6450224936738608,0.6055141402705354,0.4778826699517486,0.2706772180550452,0.2734908544851835,0.8788820827712934,-0.1573884843757452,0.3528625040518851,0.2564863445169162,0.0808014820499773,0.1962234463223179,0.07188371318787543,0.1179249843617049,0.1370292222196213,0.11596049055193408,0.2505209873699883,-0.2973763053832466,0.1348541175309878,0.40191988986408766,0.8711902307876622,0.09233109843742542,0.06374257737689061,0.23105029066363636,0.32281931905947453,0.3464500842315513,0.20324208008239328,-0.1593808987301527,-0.04134939675617583,-0.162605885488782,-0.08868011539764346,0.4159412369633084,0.2483406275809199,0.5385991169183794,-0.3376515636604376,0.3270681324350876,-0.033404044970009907,-0.016054614296005507,-0.4667816663058338,-0.07244538201064976,0.45312258426052576,-0.04249753987219138,-0.2011931219572938,0.05599375939935678
Occipital_Inf_R,0.1318661494338933,0.20029303442092214,0.04142954049876119,0.16831174830809037,-0.08250136206646974,0.17495312865028473,0.7431562469088516,1.0,0.6019634722832768,0.1391224527859934,0.18343100964570933,0.12415543023875177,0.07948933971029526,-0.04269207399434509,0.09137722203800706,-0.15727806655899262,-0.1051482718057827,-0.03940459072549498,-0.055268169881958325,0.0550667373418977,-0.035050335984202576,0.2545045125527205,0.11777715313299057,0.18618867799194488,0.10968199188882755,0.1550370208621757,0.4093911351955433,0.5470599987836123,0.16864329302196598,0.09209646440892397,0.1361194995454902,0.09278709354484388,0.8185013383974505,-0.25503612973395856,0.04540683923083677,0.10441810414004739,0.03042855594380434,0.5647089796684348,-0.15911106652018572,-0.029171002777440336,0.05375867879002515,0.13404129336678175,-0.06143842141980702,-0.2564589324880747,0.12192716688327591,0.07242994421252456,0.80012965800133,0.2877328377753265,-0.17019963060824042,0.194810370656415,-0.03292830315533686,0.09158172798850074,0.16933280658282251,0.09785598835778801,-0.10017827572658361,-0.07219450652388905,-0.11623959513215464,0.30854720512468375,0.1857342599916368,0.19350572660235005,-0.12829104937351185,0.018728793827935186,-0.08711441800987224,-0.054873595342374355,-0.30644466503086,-0.0092219808492386,0.10919234557492911,-0.18786510810123097,-0.37850294828440284,-0.0440419127237301
Temporal_Inf_R,0.49912772923520704,-0.10194326312593485,0.34197706389781307,0.6611096579425587,0.37741119021355113,0.48046671111832545,0.48602495798939327,0.6019634722832768,1.0,0.2628556630886586,0.5853385478947944,-0.03932841109317027,0.22318129325765018,-0.17935129706799077,0.5412345017871887,0.15530542438356476,0.4231491284564929,0.4833314329680669,0.3085786112024507,-0.08761787254776356,0.2161937058409075,0.7022892749762425,0.5116727742983623,0.06569394160801516,0.40725032531264266,0.6070927655383168,0.7764936249982581,0.23849417326908154,0.42562698747565314,-0.1134157722524403,0.4956729836573325,0.27162281601032456,0.4167532137263272,0.36283129158405225,0.030843532771205412,0.4635366778992674,0.5158315719560412,0.5634951283231033,0.043321738519811546,0.30482868329651286,-0.0065301658108119455,0.14042590852810805,0.19035006087875933,0.2913076686794721,0.38694642895694786,0.38897117271333265,0.41258216338712406,0.5865580156264836,0.2340267167836878,0.221890919594752,0.04714661614659768,0.4318310041871547,0.4180768670051202,0.5252904532908924,0.4249320532223523,0.40358810985725074,0.28834663852387943,0.7217561170781511,0.5069578171556469,0.008376969660048944,0.23401785200828112,0.4566264281040775,-0.025674084378171987,0.4781692082149615,0.17678037469243807,0.40236672289866315,0.40591490169541133,0.4225771514724994,-0.13914216376403737,0.45922678841157055
Red_N_L,-0.31698705251302534,0.5301261953078474,0.33071397513211637,0.37932703458215855,-0.055902585191129735,0.2272357633939165,0.2744844056746215,0.1391224527859934,0.2628556630886586,1.0,0.4246751841546603,0.43693551473004805,0.4808672198194592,0.35970156829085537,0.03612689517123357,-0.14532277712509428,0.3713406640013089,0.15314555072195243,0.3518640207284234,0.41024812159332935,0.4287460824621163,0.09261763982010442,0.26090651689567645,0.47607399732750366,0.5606796058477357,0.14707437541094195,0.3188831184750439,0.007077580126919566,0.4018941633788456,0.4781329272496602,0.44492297116236734,0.2767175858390413,0.10528244263389228,-0.01628137781527215,0.4023114923436078,0.1920509562308908,-0.05654538277637276,0.3414519053608439,0.21020368266747017,0.20813925180315174,0.37958454747943426,0.3481948081367875,0.3983978079956755,0.03825085816783541,-0.24539505809379455,0.3482969340435953,0.11517744748314596,-0.09079769238015,0.27026880005287973,-0.20433022871512505,0.6847835678744304,0.6055793079282934,0.27028562069564993,0.02558516375046356,-0.12803986712850163,-0.2862432780643401,-0.3231174362859067,0.4859028039198275,0.4017571613533558,0.38970254558294753,0.18665106530006653,0.5816020625845633,-0.0027551941260995946,0.16322175430240002,-0.18129445575120234,-0.3414421935671298,0.43050153870489366,0.19407509625167552,-0.07289927167249827,0.12764144232534683
Vermis_8,0.27787344904607414,0.06323947769980512,0.5295331814292502,0.5218517563833492,0.41820911979949454,0.48972233291665745,0.09534259521270425,0.18343100964570933,0.5853385478947944,0.4246751841546603,1.0,0.09942721310266331,0.2627085450649889,-0.0460752934993259,0.5366376587770497,0.0899126084376514,0.504300675279506,0.5351327089636047,0.36260507216041454,0.0919203032612314,0.34384710906501825,0.43112564063742825,0.40701273357620527,0.03943949872516058,0.7455835250510512,0.5658926861609268,0.5407195699269202,-0.03325168029342123,0.19501017755956515,-0.1130788194200769,0.6775523516145802,0.1903434336418746,-0.03985845650330236,0.5337795074156357,0.18400568554849156,0.4270826229949436,0.26551091367706764,0.6624069698700124,0.1536785972928939,0.23527621011447067,0.4034190661865624,0.5231591463224131,0.33316146423555726,0.5044572946885051,0.285453381146731,0.4275018751843219,0.013806327561659226,0.3631541789005457,0.41109709302313113,-0.0818794021438662,0.21902512571575172,0.5163830319739718,0.6311505816262091,0.5425111153911708,0.24262347967197095,0.3858163726568639,0.02202331764815807,0.7854193702125072,0.6142730487961662,0.00488555105413943,0.618085234776473,0.5577112642485146,0.23698355086514614,0.5585283647036339,0.39630578844367176,0.05363308183250151,0.39810888652950405,0.6474909906182872,0.07384834226433545,0.4497604675044709
Thal_AV_R,-0.21230661222763458,0.60329723829822,0.4236576064397324,0.31514750173814815,0.11659302402774961,0.30833194155835136,0.41303934529436,0.12415543023875177,-0.03932841109317027,0.43693551473004805,0.09942721310266331,1.0,0.35439020129262544,0.43975862501077984,0.13581894604124126,0.09038258630359454,0.3574911662964837,0.1207935091547107,0.3489872230711747,0.6948406843123376,0.13868105251352766,0.02429811882118926,0.4335083869471016,0.7022414417191344,0.06450146971247916,0.13735773329886924,0.04288428968436718,0.24866922936960598,0.47879420687844293,0.6259316409463123,0.1273948392281755,0.4001219673490404,0.27436845386782416,-0.08097419786985546,0.6525578435617805,0.24269237966690343,-0.36788343214141433,-0.002516803090112789,0.16115463849940698,0.34980125223586483,0.5436997926936309,0.4352477444654881,0.6337823886846646,-0.2339797596942912,-0.05174293417236274,0.4076391937722959,0.23432454365519745,-0.2936630091714043,0.31992361357628224,-0.06877565513816106,0.7200829664157721,0.3902590791394183,0.3700495853488086,-0.4717923518087076,-0.3923963077711198,-0.44032846195608066,-0.4939481919212413,0.2168468441088217,0.11398433939679418,0.4844864833783102,-0.1848137161613321,0.3096228103834185,0.04559772094189963,-0.20791937935959953,-0.38975863325655696,-0.6024693767701269,0.5577093636814636,0.07553701435280806,-0.05247058983067976,-0.05646223915390704
Thal_MGN_L,-0.07198482054363647,0.6634891267743549,0.4531660124894796,0.47892790669785523,0.1741787403457194,0.2144910541307812,0.41756786729919904,0.07948933971029526,0.22318129325765018,0.4808672198194592,0.2627085450649889,0.35439020129262544,1.0,0.5793905105021938,0.13757942353581418,0.0546319431807837,0.47726012257762707,0.3077352360566047,0.559322755710772,0.5209738678767413,0.18014467336946438,0.32393484660094657,0.32921438464567343,0.5581073001580463,0.24044298812809406,0.42907849359223166,0.02890915956096828,0.20912724818791278,0.5793997090553766,0.49204131365794307,0.4874400436858594,0.3945220804628027,0.2545556052445986,0.1339154846680829,0.5063595081466267,0.15507187100200745,0.153591406059557,-0.05674660303117239,0.320162216600034,0.15542702915850842,0.30307729831767605,0.3889034280674001,0.5000992093319305,-0.11759680181589388,-0.19892738370850596,0.605586973132263,0.2650470628967541,-0.04085695417878575,0.45958328920878866,-0.021840144646592136,0.49878840194193075,0.5851761183923228,0.39539765571257734,-0.25122410935551487,0.12254502143888925,-0.09191976744592524,-0.03906887325719682,0.4678627992125169,0.4979662142026406,0.4967218504512558,-0.20102556649719572,0.595124135647162,0.3133595948893344,0.03124971624343722,-0.38360059212843883,-0.0970138441357079,0.5096934729803074,0.2978866504689681,-0.036651214308913334,0.326013230647496
Paracentral_Lobule_R,-0.26147759749155175,0.6534693588765227,0.29847822130915697,0.23313643167575634,0.03855308650920193,-0.02943932478268813,0.3565043477246983,-0.04269207399434509,-0.17935129706799077,0.35970156829085537,-0.0460752934993259,0.43975862501077984,0.5793905105021938,1.0,0.016196703835308926,0.03629235574642667,0.19460669370327116,-0.02295597194395449,0.2966271787271631,0.6192882634796798,0.10625109625056522,0.1123141061200348,0.10545960166400382,0.5250031932019305,0.004733431744124439,0.08634982686346318,-0.14841296183025016,0.18365184492420863,0.5209717563911861,0.6922658658246443,0.25109128343783893,0.18349580312586447,0.17049561715873707,-0.13873562496843972,0.7092745930903547,-0.05487418320612536,-0.13730950822327911,-0.22698816148451312,0.12753258727431172,0.08632958204509796,0.4267092440540271,0.3294762971395061,0.27378663222515964,-0.37173731259045695,-0.21825750209602227,0.39408920495087696,0.1980195760294216,-0.20083861678116144,0.1496892976812059,-0.09438550344778496,0.4222667189849313,0.24911722710029846,0.13732243501202407,-0.3819652892753251,-0.15028671935039245,-0.34640547979599706,-0.22291995618036203,0.11139101044201075,0.26404031744614126,0.604296603477882,-0.33966974975544717,0.35558995989985864,0.1266824109940739,-0.10134754001622659,-0.4968518543618125,-0.34132657376909864,0.39738132314234054,-0.05456866423212152,-0.04744219736778008,0.015349650016889904
Vermis_9,0.6554033111651038,-0.15078701672999112,0.6011386781023594,0.720606361998514,0.6868620764786241,0.67573783226974,0.18798335731054946,0.09137722203800706,0.5412345017871887,0.03612689517123357,0.5366376587770497,0.13581894604124126,0.13757942353581418,0.016196703835308926,1.0,0.5692367361955708,0.653807157526445,0.7302464291826501,0.506699973090602,0.08028477896744964,0.22450332665798012,0.650505667739293,0.6147854779928474,0.11359313686446451,0.2960319021093025,0.7329583635630077,0.5377309888762666,0.07909902200590715,0.5448744956414856,-0.10426154556335525,0.5934558767543795,0.33619752584712576,0.07247293055645714,0.6562305509271253,0.2271410810074158,0.6331018950862104,0.47388509870602785,0.07968674543528134,0.21166731597530658,0.5159259715649906,0.1373605251210026,0.1761567895449711,0.4580442655947672,0.5026494156567262,0.7206146450585906,0.615528061904258,0.06459717234032775,0.5170689498099519,0.552949646321334,0.13031998714313595,0.15191788171287074,0.4248513341373706,0.5493760726676412,0.39911367073106385,0.4606401299048186,0.5582823761732377,0.3981962621467665,0.6617312551050246,0.46899391181308975,-0.0748665605314244,0.24212313673667352,0.5173538204971393,-0.002482643830422466,0.5661133126775256,0.4021332754924866,0.33440044540710473,0.5923152125247766,0.7146658215501418,0.259417725809032,0.6381251646536173
Amygdala_R,0.5654912632564466,-0.2296419926674887,0.48870188194945496,0.5084836864001372,0.5989912925276875,0.4549266615958099,0.09764206885824528,-0.15727806655899262,0.15530542438356476,-0.14532277712509428,0.0899126084376514,0.09038258630359454,0.0546319431807837,0.03629235574642667,0.5692367361955708,1.0,0.3975961881492013,0.5645335192939942,0.38392423954894195,0.016441495592025672,-0.10493241568921828,0.47632296303064187,0.3099738652759627,-0.030051926540188307,-0.06980545404609056,0.5277341476902032,0.18773881371100393,0.028154799061604504,0.4142282922333351,-0.13465924527265263,0.13216213652689496,0.0819963645784178,0.04622732311756811,0.5515555990019103,0.09686804902571702,0.3764150403180175,0.48138778429335216,-0.3787923296963591,0.26013975600187467,0.47450178458198805,0.03891680861332764,-0.07200158608196826,0.4687215423413556,0.34552523689358217,0.4556474240113961,0.5608713962137761,0.022302216387151227,0.33505557726631335,0.558988287602598,-0.036385436354770546,0.09705286171904275,0.23925576630849962,0.3099118654078341,0.03675020282936512,0.46697758615257073,0.4398898213554562,0.41706651742232087,0.2580274969668714,0.11257503417540299,-0.10984998399538758,-0.005456583460433219,0.1697363302012174,-0.2229611256254179,0.3420306812204052,0.3266906495659584,0.34631467191464116,0.4996715784238729,0.44978463354221954,0.30899398567924063,0.554789137060144
Temporal_Sup_L,0.33065831650863486,0.21256600957723454,0.7663595389123009,0.7485846365121742,0.6450346826407588,0.6300398139654453,0.18046707535340267,-0.1051482718057827,0.4231491284564929,0.3713406640013089,0.504300675279506,0.3574911662964837,0.47726012257762707,0.19460669370327116,0.653807157526445,0.3975961881492013,1.0,0.7415198630338122,0.7137790872464588,0.3937367539117408,0.33286330363368055,0.5691267838845736,0.7770605105732882,0.5163689847650428,0.39863630388991333,0.70026531593501,0.501868713422605,0.01653146709241744,0.6910880429982131,0.18847771516449613,0.5338625770553109,0.5628208376560307,-0.07004736331582483,0.6196538761435282,0.379543770819868,0.5700896608041167,0.36818666907096476,0.03792146287205308,0.417529628018644,0.595517865401307,0.2424020184983467,0.3890738618857287,0.7214979528019,0.5168555388326713,0.41897948943222524,0.6624230307885159,-0.0731854880488882,0.23108632472045212,0.6975681912638986,0.08989987267430996,0.5366212587722637,0.6250370588472612,0.6347802104826109,0.13643209994503228,0.35760120829580083,0.3525475988331601,0.17339210122778018,0.6923732557341551,0.5034989079780904,0.10897250809883276,0.20666144512727294,0.7089832393005648,0.07619534920708537,0.4783000620744533,0.21327244796977712,0.12783619649551742,0.6747044390329185,0.774891015706623,0.1774685715383816,0.5723236754176049
ACC_sup_L,0.5897530495207889,-0.021119034791185015,0.7229429941311034,0.7062370135093496,0.776507202898916,0.7652356469244903,0.08344052836682188,-0.03940459072549498,0.4833314329680669,0.15314555072195243,0.5351327089636047,0.1207935091547107,0.3077352360566047,-0.02295597194395449,0.7302464291826501,0.5645335192939942,0.7415198630338122,1.0,0.6641224410148402,0.07455100000156405,0.17965621354834674,0.6615951959092548,0.6011464970186045,0.1384570562166865,0.2909799031699981,0.8114185268474374,0.47947811202174384,0.07236967779724783,0.45283742029605145,-0.05959789768444753,0.47222206690593466,0.3237397985313266,0.020037002723237926,0.6982653025797666,0.10543853982657127,0.6034921056649777,0.6297702638458292,-0.012876996900486956,0.4769534064449706,0.5264708290817152,0.17358457162664315,0.3223791584089913,0.6982059406886008,0.57119945575173,0.45615611968126235,0.7206869511984315,0.04903642152961681,0.4149133562546946,0.8601636613456831,0.1087057746568859,0.29182761437309895,0.5809097909471795,0.7462141628412482,0.29929606166285555,0.59436001094448,0.6308026971245619,0.39896265206505793,0.6958501372625598,0.4806599187087909,0.025330061970023014,0.21163392476030551,0.5069228857905553,0.08770152492810838,0.5604795754850658,0.3857250247127073,0.3575896837334002,0.6145866850584097,0.7157562975031118,0.20573424115433991,0.8134166730533341
Thal_MDm_L,0.3526213203730334,0.33380004905603583,0.7382919239236307,0.618084757090068,0.566033884714852,0.5475614608501116,0.24680748445996603,-0.055268169881958325,0.3085786112024507,0.3518640207284234,0.36260507216041454,0.3489872230711747,0.559322755710772,0.2966271787271631,0.506699973090602,0.38392423954894195,0.7137790872464588,0.6641224410148402,1.0,0.295963849045571,0.12260521463476733,0.4877590137698009,0.5882176096712944,0.3973544377410141,0.29516797497238234,0.6400007983519896,0.42609119197825,0.10283512747624526,0.6294887057468138,0.28886850281068166,0.4561705053115753,0.4389568628479052,0.07713765040316772,0.5106816635734285,0.40672812819516696,0.5010826950368666,0.3134846930641422,-0.08739599500370132,0.49093216317740274,0.5885478315196846,0.2899734330734836,0.3081168548709242,0.6631003214695621,0.4230886134468803,0.29703689514410103,0.6365592359995114,0.07486269243875932,0.12629328343253962,0.6944598591831782,0.02215795941181734,0.5019934573790722,0.5836747733729837,0.587343779708089,0.04544220104644132,0.27041908145821353,0.324815675615554,0.15012840449051884,0.5799798251367067,0.4814387171209836,0.2931382065975349,0.11517966895723204,0.6271460774012302,0.021256825162416462,0.39608111749892183,0.0887684942552251,0.05405832367937951,0.6724593409061598,0.6100779817086823,0.2490755136100248,0.5374761180792109
Precentral_L,-0.38060340075324933,0.7108393162479022,0.3495497010912816,0.16833130824511605,0.0028117076742380045,0.06567919286826618,0.2947072268183552,0.0550667373418977,-0.08761787254776356,0.41024812159332935,0.0919203032612314,0.6948406843123376,0.5209738678767413,0.6192882634796798,0.08028477896744964,0.016441495592025672,0.3937367539117408,0.07455100000156405,0.295963849045571,1.0,0.07888778841269775,-0.08411731185353628,0.3854245239482379,0.8801727847251617,0.09085154661031017,0.004672905809712503,-0.1551463448980091,0.1134020506372216,0.4403423058939703,0.5427533368428409,0.17417247934371435,0.33853727868963357,0.12317621711487986,-0.12431163263477388,0.7840012521565566,0.003887822470013396,-0.3526253288814017,0.024927304985068347,0.17346373249673874,0.24151233642499348,0.6486632397854386,0.7073268227009963,0.5103626702874745,-0.32368567364441697,-0.19763702820814535,0.40020283253998734,0.08747320021965582,-0.23699027409722423,0.2620147179833741,-0.16899831976526178,0.5739867033423466,0.3353811290922857,0.48037150343009977,-0.5731743875058107,-0.3610775490774122,-0.497778169538385,-0.5562633947420931,0.13026688542583995,0.12182715606660621,0.38342564704398985,-0.21678740932397067,0.2868625986682043,0.05834359095161628,-0.24962561868946542,-0.4148477700281819,-0.6116509373826946,0.4582468828171463,0.032069684516007474,-0.16635194157798902,-0.09072361661660898
LC_R,-0.04445451998550368,0.12244151433202105,0.1259164937754685,0.3431856319543051,0.10345365973468569,0.3063296116768147,0.07831082574705499,-0.035050335984202576,0.2161937058409075,0.4287460824621163,0.34384710906501825,0.13868105251352766,0.18014467336946438,0.10625109625056522,0.22450332665798012,-0.10493241568921828,0.33286330363368055,0.17965621354834674,0.12260521463476733,0.07888778841269775,1.0,0.25609805180251927,0.21952460228537565,0.18714413102052638,0.4843800370179478,0.2294962869409511,0.3650881979339705,0.04805500985822268,0.30751242733149237,0.23839429234263007,0.2906570101803037,0.1850841734375782,-0.029611257546293113,0.013788724691396474,0.12718998835234296,0.30999694303550995,0.11972362299342157,0.19871701866416033,0.1855636507099463,0.19223313810046722,0.11000620100798966,0.1370395899423501,0.21350910115968363,0.12673920511612163,0.2114748552175655,0.2557008222642675,0.013932545594236364,0.04011823314768017,0.18215371154543464,0.05710117619591819,0.3936625419221493,0.5602842968118701,0.1404071576729528,0.3090818418816813,0.1313002633631075,0.01675905151925621,0.1191316916317209,0.4381546051421424,0.2518527814142897,0.18503497082968234,0.14778536656721739,0.5107909085530562,0.1595629978951537,0.21470595857642372,-0.011718371095074977,0.008424507518897801,0.26002144728716575,0.18808197261806958,-0.0030469705923514916,0.23859931666307246
Frontal_Inf_Orb_2_R,0.6596633799437662,-0.06782473206839316,0.6229138847221595,0.7934183719096293,0.7031728165945881,0.5669018669459492,0.4455891364689176,0.2545045125527205,0.7022892749762425,0.09261763982010442,0.43112564063742825,0.02429811882118926,0.32393484660094657,0.1123141061200348,0.650505667739293,0.47632296303064187,0.5691267838845736,0.6615951959092548,0.4877590137698009,-0.08411731185353628,0.25609805180251927,1.0,0.5815462058559374,0.053582932291786636,0.20181737040191478,0.8227443504897002,0.6553482288044373,0.2756718159927849,0.5864900551852653,0.030167264335368055,0.460883961698308,0.335494157149786,0.3252272457466387,0.5014058686925492,0.09708010155454955,0.6028166792605709,0.737376589368589,0.07472082371687988,0.233152921990441,0.42250697076498817,0.031106955742132313,0.08688101295356167,0.4091160914814195,0.3212397443909894,0.5228278336550585,0.6147713496565022,0.3525882275093881,0.55272680525694,0.5169060091550634,0.22611204108720265,0.1296496370835749,0.4791728372389735,0.45120033426247613,0.40359536325488254,0.6904930993485845,0.5898421971811992,0.5536725120473183,0.6814429968192242,0.5449516363403288,0.14179825396354004,-0.0008838647883825255,0.5439591083929092,0.06923919580914686,0.5345861443073635,0.16707626666445047,0.5541679915830913,0.5662781201014784,0.5113668833772669,0.0486473651659504,0.6610415681189233
Insula_L,0.36111983428780814,0.14654218963710955,0.6680111633538276,0.6405922015684964,0.5755528369938728,0.4529314598483462,0.2793490480437416,0.11777715313299057,0.5116727742983623,0.26090651689567645,0.40701273357620527,0.4335083869471016,0.32921438464567343,0.10545960166400382,0.6147854779928474,0.3099738652759627,0.7770605105732882,0.6011464970186045,0.5882176096712944,0.3854245239482379,0.21952460228537565,0.5815462058559374,1.0,0.5234789252623453,0.1896235144477861,0.5439859498026801,0.5127329414216124,0.07680263159805685,0.5782616449036126,0.17381903233304577,0.3178646081412245,0.5071942419449624,0.06097884025996548,0.46569413039000285,0.4097776901433513,0.5419374118844266,0.24737796427220451,0.17401492127140147,0.16644911010322666,0.6443596101478108,0.27959500672996124,0.37154091113346743,0.6284816778840695,0.29651695917740345,0.43546642420631176,0.5400915510726603,0.023299378166511977,0.35221321464052274,0.5426048061820734,0.11705392160262862,0.4046998631990841,0.4632272836675007,0.6016693027775402,0.08132633207715857,0.2127599930903145,0.2460317254920133,0.08160134636795945,0.5124718482274311,0.4229518555389583,0.0515352431506453,0.08854432765902966,0.4704453167607028,-0.018756681360387144,0.3243132302695832,0.0581770221629942,0.07569793999526074,0.6499477658134056,0.5591487390778958,-0.09265914669433213,0.41177395938969397
Postcentral_L,-0.3046699737856868,0.7122146414187942,0.37896360836925247,0.27053959109328574,0.04953634949205206,0.17819133829113865,0.4813132207744035,0.18618867799194488,0.06569394160801516,0.47607399732750366,0.03943949872516058,0.7022414417191344,0.5581073001580463,0.5250031932019305,0.11359313686446451,-0.030051926540188307,0.5163689847650428,0.1384570562166865,0.3973544377410141,0.8801727847251617,0.18714413102052638,0.053582932291786636,0.5234789252623453,1.0,0.09947117248750614,0.12124028373744597,0.03904028097475935,0.25315522528701384,0.5986376497103938,0.6460455922289763,0.19769296594658697,0.4694511287196849,0.300363133437686,-0.1609986218700223,0.656276845093386,0.14824178573105398,-0.22126044241616016,0.010286559762689029,0.23819186770957712,0.2947796684868474,0.4140291093663455,0.5340589396173204,0.5354918958635811,-0.2633273609422222,-0.07535130218376755,0.38982396380270795,0.26251681007951194,-0.2132957550965725,0.2716829304311161,0.0055222089345514985,0.6434122955539778,0.43398041024701184,0.41746259519155665,-0.520496243783596,-0.2573862010065587,-0.41865729414334124,-0.4032181046600255,0.23635737618050245,0.15103416251980858,0.4677488670500249,-0.3241592816906874,0.4175902774272982,0.018197025348621547,-0.20153562323341867,-0.5144605069571095,-0.45844749342620167,0.45918058917506915,0.07621160378464845,-0.20942284870217515,-0.01623418740515661
Vermis_7,0.03142194978483447,0.15226051044843206,0.31173270122413455,0.39180931537440394,0.10160153728672582,0.38478661745199855,0.08217978135755769,0.10968199188882755,0.40725032531264266,0.5606796058477357,0.7455835250510512,0.06450146971247916,0.24044298812809406,0.004733431744124439,0.2960319021093025,-0.06980545404609056,0.39863630388991333,0.2909799031699981,0.29516797497238234,0.09085154661031017,0.4843800370179478,0.20181737040191478,0.1896235144477861,0.09947117248750614,1.0,0.3155232667039988,0.48415024065122764,-0.09721555704034546,0.25207455104972815,0.07265722699276683,0.6489130719406522,0.14901597167438652,-0.0650675267635929,0.32329992684410824,0.20005344014225968,0.24225555358028586,0.08732813087441478,0.5668824981697521,0.20967282702024106,0.17479868391317605,0.33155913969692924,0.35890889536142034,0.2356300649551578,0.4879325517003163,0.1056832138810887,0.3112980122817077,-0.0404894583231898,0.18151118613436068,0.21118604185638137,-0.1596372598189053,0.3838815462916597,0.5117608276335226,0.3639829769162865,0.4521042644808,0.07496665964691068,0.14860426968085755,-0.052463749762302836,0.6944547076269149,0.4289425625037216,0.08487467194611997,0.6247384530790667,0.5770248999719068,0.11893480101256326,0.40997909130479004,0.24381895808635323,-0.05588893387755042,0.3298226080388185,0.528573288491213,0.08479670533631846,0.28526210501785343
Hippocampus_R,0.6552139578003036,0.03721616918354871,0.7386847667542069,0.8410818946964722,0.7693991876176179,0.7979570948523671,0.3897857129905302,0.1550370208621757,0.6070927655383168,0.14707437541094195,0.5658926861609268,0.13735773329886924,0.42907849359223166,0.08634982686346318,0.7329583635630077,0.5277341476902032,0.70026531593501,0.8114185268474374,0.6400007983519896,0.004672905809712503,0.2294962869409511,0.8227443504897002,0.5439859498026801,0.12124028373744597,0.3155232667039988,1.0,0.5833830743791941,0.2885531431339819,0.6128915480070426,0.051211493446013216,0.6155268007782067,0.360511581462122,0.2784624362481798,0.6615588669493189,0.13982228842186759,0.6842258493799542,0.632554982400121,0.04229378902903919,0.41903284085781356,0.41068786838611737,0.12928061313878586,0.20826287020582668,0.5942198053178068,0.48308151717517367,0.544541496673957,0.7640934919392687,0.324139640857164,0.4053165589940305,0.7066820319644539,0.22366429930467052,0.28045465260035074,0.5878655260617898,0.6071805343067885,0.3592659571007216,0.5953623958434628,0.6297900883074333,0.4578606962848229,0.8169759254314908,0.597705686951108,0.24284822386244714,0.12797363215546864,0.6365143949587697,0.21705955231352156,0.5847422940531279,0.2904939645606889,0.4152849779422494,0.655730516621443,0.7133646911283582,0.26329939445359946,0.7420802186810238
Cerebellum_10_R,0.5044273678902889,-0.11664381497330531,0.4566012814271178,0.6268135071808943,0.46385511866207796,0.57031698343193,0.37117800263014117,0.4093911351955433,0.7764936249982581,0.3188831184750439,0.5407195699269202,0.04288428968436718,0.02890915956096828,-0.14841296183025016,0.5377309888762666,0.18773881371100393,0.501868713422605,0.47947811202174384,0.42609119197825,-0.1551463448980091,0.3650881979339705,0.6553482288044373,0.5127329414216124,0.03904028097475935,0.48415024065122764,0.5833830743791941,1.0,0.1872743442899416,0.4509298514454985,0.007687397465642958,0.4323306629878583,0.2549870903449252,0.2669705691491827,0.3942035667333262,0.03935334179906787,0.5989616236504047,0.4340221462102368,0.46022947189779473,0.13642265830988384,0.46477229891634836,0.07700438243148756,0.10711059350192419,0.2505181470706491,0.5073331118517465,0.5501846777280641,0.3376961485898579,0.27104530294694834,0.42274052553151364,0.23390982555783751,0.198827236570591,0.21952637509601597,0.47158351145113125,0.36771312648421145,0.5994902495724586,0.33136500124326196,0.4431399184525018,0.23810415106052696,0.7094584491019491,0.4760226001790779,0.0600679889259865,0.36084075924890574,0.5347424759879202,-0.1463990520484365,0.619582353348251,0.2808113512773848,0.29243292541753,0.43008375712848124,0.4856654177089319,0.0435730638500725,0.38658499373076594
Parietal_Sup_L,0.17174189033664636,0.2599754873993448,0.15821413787840202,0.20811203061140168,0.11038109996526829,0.3014220154676789,0.6450224936738608,0.5470599987836123,0.23849417326908154,0.007077580126919566,-0.03325168029342123,0.24866922936960598,0.20912724818791278,0.18365184492420863,0.07909902200590715,0.028154799061604504,0.01653146709241744,0.07236967779724783,0.10283512747624526,0.1134020506372216,0.04805500985822268,0.2756718159927849,0.07680263159805685,0.25315522528701384,-0.09721555704034546,0.2885531431339819,0.1872743442899416,1.0,0.26670522270151437,0.2975643027478801,0.043155966019187704,0.08406701694266895,0.6896222547615353,-0.16971601671809186,0.13960059117355808,0.19330418127364105,0.0748278501807364,0.05603918454484428,0.1129229667585534,-0.010285918773522695,0.043520826442033755,0.0768850036086729,0.1814017284472994,-0.2774984575335189,0.051555200105568216,0.24050795199341915,0.7235894257028784,-0.048351351407892304,0.07166583261724982,0.2939305565974504,0.16581905627513305,0.1924552562914899,0.14781764279493126,-0.13979262434010176,-0.028775576880005323,-0.05155796157508236,-0.004234431470020808,0.23868494435699317,0.09365400061134936,0.45648850891301873,-0.36278272041837456,0.08021006949927391,0.17497432791940232,-0.09131205289569301,-0.37171647497659505,-0.011301312810608822,0.20880467450318949,-0.13584667184081903,-0.09221156196931064,0.05120618702239909
